t_phase,flux,flux_err
-0.4999188148191006,5.00679e-5,0.0015105795
-0.49989490966340566,-0.00011563301,0.0015092794
-0.49986732167414516,-0.00011456013,0.0015102653
-0.49973901878333715,-0.0024248958,0.0015053556
-0.49972836231869744,-0.000505507,0.0015100022
-0.4996880271097661,0.00036168098,0.001511531
-0.49962842466107704,-0.003088653,0.0015068699
-0.4995357055213635,-0.001629293,0.0015047309
-0.4994774359777884,-0.0023739934,0.0015086274
-0.4993991402635153,0.00018012524,0.0015118462
-0.4993317629227174,-0.0016020536,0.0015122448
-0.4992856740337529,-0.0012601614,0.0015091687
-0.4992451685417083,-0.0009932518,0.001508323
-0.4991127116694627,-0.00071561337,0.0015091659
-0.4991107971875285,-0.0026738644,0.0015080763
-0.49909357099053686,-0.0035424829,0.0015088218
-0.49899434253713415,0.0008033514,0.0015061586
-0.49889557848556076,-0.0024798512,0.0015049503
-0.49887649283628377,-0.0008959174,0.0015077611
-0.4988151671990606,-0.002392888,0.001506853
-0.498786471375286,-0.0001628995,0.001508554
-0.4987474538803046,-0.0023276806,0.0015131489
-0.4986785164056903,0.00019860268,0.001510328
-0.4986251674306975,-0.0010483861,0.0015083904
-0.4985014331064037,-0.0013912916,0.0015099996
-0.49849922919423806,0.00018656254,0.0015086003
-0.498484553998905,-0.00059241056,0.001505068
-0.49836221459396435,-0.0006645322,0.0015059428
-0.49833911099896777,0.0016363859,0.0015122131
-0.49827765663032386,-2.5212765e-5,0.0015106741
-0.49825750993707874,0.00049841404,0.0015051025
-0.4981765170800012,-0.0005968213,0.0015162851
-0.49817097567802604,-0.0009947419,0.0015048074
-0.49807342399193333,-0.0020852685,0.0015089057
-0.49800743274125914,-0.0023552775,0.0015086862
-0.4979117480433969,0.001644969,0.0015116446
-0.49788788662838357,-0.00096029043,0.0015098304
-0.49786032488300636,-0.0023151636,0.001508749
-0.4977320341049114,-0.0027564168,0.0015069256
-0.49772135274125984,-0.002460003,0.001505479
-0.49768097446588966,-0.0023187995,0.0015136676
-0.4976214514227646,-0.002613902,0.0015049874
-0.4975287450683641,-0.0018796325,0.0015085713
-0.49747039679346783,-0.0019701123,0.0015118262
-0.4973921253036353,-0.0015688539,0.0015101986
-0.49732469076358554,0.00032424927,0.0015109243
-0.4972786476334311,-0.0022429824,0.0015086966
-0.4972381677120127,-0.0028814077,0.0015097869
-0.4971056973825112,-0.0017235875,0.001506983
-0.49710380847087454,-0.0019615293,0.001506944
-0.49708651363484657,-0.00018465519,0.0015077201
-0.49698736593286474,-0.0012959838,0.0015066342
-0.4968886133223904,-0.00241673,0.0015041429
-0.4968694489404779,-0.0027862191,0.0015100517
-0.49680821414728904,-0.0022110343,0.0015032756
-0.49677945103197785,4.529953e-5,0.0015092716
-0.49674037633675905,-0.00025868416,0.0015132781
-0.49667148596845456,-0.0008010268,0.0015071393
-0.4966181625644166,-0.00021332502,0.0015094868
-0.49649437104021377,-0.002282083,0.0015123019
-0.496492210869387,0.0003466606,0.0015063562
-0.49647756124468,-1.9788742e-5,0.001509041
-0.49635523395310976,0.0016351938,0.0015090802
-0.49633210545975825,-0.00013524294,0.0015085718
-0.49627060869563255,-0.0024656653,0.0015102118
-0.49625054140795144,-0.0014467239,0.0015045166
-0.4961694913522794,-0.00029212236,0.0015168645
-0.4961640192616119,-0.00051909685,0.0015123328
-0.4960663888428838,-0.0019716024,0.0015091994
-0.49600042316546433,-0.0034664273,0.0015091657
-0.49590468126736453,0.0006170273,0.0015120773
-0.4958808642649757,-0.0013682842,0.0015081686
-0.49585332809219607,-0.0024606586,0.0015079367
-0.4957250494268143,-0.0016442537,0.0015063166
-0.4957143431648079,0.00054979324,0.0015090377
-0.4956739224949417,-0.0016866922,0.001510923
-0.49561447818445203,-0.0020434856,0.0015062066
-0.49552178461536467,0.0007760525,0.001507763
-0.49546335760717575,0.00016665459,0.0015081721
-0.4953851096708267,-0.0013112426,0.0015093517
-0.49531761860412526,-0.0016044378,0.0015138261
-0.4952716205614951,-0.00015544891,0.0015100775
-0.4952311668829742,0.0016663074,0.0015066782
-0.4950986830942453,0.0005104542,0.0015071011
-0.49509681975487774,-0.0011550188,0.0015072902
-0.49507945695339906,-0.0007774234,0.0015135112
-0.4949803893292526,-0.0028244853,0.0015055891
-0.49488164883214847,-0.0021760464,0.0015041982
-0.4948624057169434,-0.002950251,0.0015108138
-0.4948012604229175,-0.0023203492,0.0015053127
-0.49477243001475557,-0.0005067587,0.0015104025
-0.49473329879452776,-0.0002977848,0.001512117
-0.4946644548569761,-0.002436161,0.0015101351
-0.4946111570255356,-0.0010299683,0.0015071486
-0.49448730964728105,5.030632e-5,0.0015106065
-0.4944851925438787,-0.00033700466,0.001507467
-0.494470568490455,-0.00023251772,0.0015068412
-0.49434825331356935,-0.0003734827,0.0015076926
-0.4943250992479489,-0.0007687211,0.0015092172
-0.4942635607629128,-0.0012868643,0.0015095803
-0.49424357220622417,-0.000114798546,0.0015062274
-0.49416246562455746,-0.00095045567,0.0015171636
-0.4941570628465122,-0.0011906624,0.0015061015
-0.49405935369514853,-0.0015382767,0.0015080064
-0.49399341291542676,4.529953e-5,0.0015100335
-0.4938976151645893,-0.00042676926,0.0015115095
-0.4938738412299536,0.0007849932,0.001507271
-0.4938463313013858,-0.002707839,0.0015086948
-0.4937180640748029,-0.0019840598,0.0015042645
-0.49370733291509883,-0.0007289052,0.0015082306
-0.49366687052267944,-0.0026276708,0.0015096149
-0.4936075056177537,-0.0008239746,0.001507001
-0.49351482348910813,-0.0011008978,0.0015048333
-0.49345631842055515,-0.0018299222,0.0015105613
-0.49337809470963245,6.353855e-5,0.0015110512
-0.4933105464449935,-0.0017547011,0.0015119262
-0.49326459348890195,-0.0012590289,0.0015087469
-0.49322416605525,-0.0013449788,0.0015083445
-0.4930916688072938,9.071827e-5,0.0015118894
-0.4930898310385524,9.775162e-6,0.0015075326
-0.49307240027195154,0.00044369698,0.0015120254
-0.49297341205304035,-0.0009837747,0.0015058577
-0.49287468366766374,-0.0004236102,0.0015029464
-0.492855361820809,-0.0015987754,0.001512135
-0.4927943073721317,9.441376e-5,0.0015050622
-0.4927654096711189,0.0015296936,0.0015114638
-0.4927262219252251,-0.0004898906,0.0015111098
-0.4926574237468119,-0.0019309521,0.0015090083
-0.49260415148566905,-0.0014265776,0.0015092586
-0.49248024825631964,-0.0010707974,0.0015106861
-0.49247817421804185,-0.00092703104,0.0015082302
-0.492463575737873,-0.00069361925,0.0015096151
-0.4923412719988004,-0.0017787218,0.0015097528
-0.492318093709068,-0.0010026693,0.0015084433
-0.49225651350246447,0.00052559376,0.0015109797
-0.49223660367939703,-0.0007067919,0.0015073732
-0.4921554398978214,-0.0018225908,0.0015137511
-0.4921501064314123,-0.00077819824,0.0015042855
-0.4920523185480704,-0.0005978942,0.0015123448
-0.4919864026647319,-0.0011319518,0.0015095448
-0.4918905483888857,-0.00060784817,0.0015112853
-0.49186681886786,-0.00011783838,0.0015086706
-0.4918393345092611,-0.001788497,0.0015086157
-0.49171107939637715,-0.0015852451,0.0015066104
-0.49170032333831826,0.0009537935,0.00150889
-0.491659817878803,-0.0009083748,0.0015124147
-0.4916005323787841,-0.002955556,0.0015052909
-0.4915078630361087,-0.0031679869,0.0015056066
-0.49144927856232035,-0.0011352897,0.0015070145
-0.49137107974975236,-0.0017074347,0.0015086551
-0.49130347428586163,-0.00091177225,0.0015135397
-0.4912575664149945,-0.000154078,0.0015125495
-0.49121716455394016,-0.0018928051,0.0015104483
-0.4910846551932708,-0.00023549795,0.0015086563
-0.4910828429954841,-0.0012969971,0.0015071617
-0.49106534359116116,-0.0021035075,0.0015099163
-0.49096643544909957,-0.00089752674,0.0015070888
-0.4908677191774219,-0.0035929084,0.0015059393
-0.49084831859760303,-0.00064206123,0.0015083115
-0.4907873543210173,0.0011402369,0.0015044728
-0.4907583886548823,-0.001008451,0.0015097279
-0.4907191443829938,-0.00042158365,0.0015129773
-0.4906503926373048,0.0010175705,0.0015128781
-0.49059714594645953,-0.000833869,0.0015079607
-0.4904731868643726,-0.0022950172,0.0015099918
-0.4904711558935193,-0.0018119216,0.0015081901
-0.4904565829846337,-0.002286613,0.0015069962
-0.49033429135728857,-0.00015377998,0.0015079706
-0.490311088170187,-6.03199e-5,0.0015085809
-0.4902494655681018,-0.0002707243,0.001511332
-0.49022963447734125,-0.00032776594,0.001509343
-0.49014841416977095,-1.1920929e-6,0.0015157111
-0.4901431500149982,-0.0010800362,0.0015046976
-0.4900452833993494,-0.0034247637,0.0015071111
-0.48997939241600863,-0.00014227629,0.0015075416
-0.48988348161285333,-0.0022790432,0.0015086448
-0.48985979583250927,-0.0006607175,0.0015072945
-0.48983233839072216,-3.7670135e-5,0.0015102227
-0.48970409471828,-0.0020186305,0.0015068426
-0.48969331376120917,-0.0007867813,0.0015081097
-0.48965276590851214,-0.0013290048,0.0015092118
-0.4895935598130715,-0.0014676452,0.0015050216
-0.4895009025844236,-0.0028460622,0.0015047665
-0.48944223937701403,-0.00074362755,0.0015109684
-0.4893640641169439,-0.0018156171,0.0015101631
-0.489296402799987,0.0007454157,0.0015144902
-0.48925054001532986,-0.000754416,0.0015089558
-0.48921016372424453,0.0003774166,0.0015103804
-0.48907764090500505,-0.0014058948,0.0015074116
-0.4890758542794874,-0.000991404,0.0015055289
-0.4890582869087279,0.0016447306,0.0015117613
-0.48895945817321607,-0.0020754933,0.0015059639
-0.48886075401425144,-0.0009474158,0.0015055555
-0.48884127470179717,-0.00070369244,0.0015124916
-0.4887804012702315,0.00030231476,0.0015053191
-0.4887513683115743,-0.00014412403,0.0015111841
-0.4887120668407625,-0.00016838312,0.00151033
-0.48864336152615484,-0.002399683,0.0015087008
-0.4885901404069215,-0.0016921759,0.0015066357
-0.4884661254720969,2.861023e-5,0.0015123438
-0.4884641375696539,0.00011765957,0.0015083726
-0.4884495902304088,-0.0004336834,0.0015084067
-0.48832731071643387,0.00052440166,0.0015067268
-0.4883040819570633,-0.002724588,0.0015069485
-0.4882424176337391,-0.00046545267,0.0015105293
-0.488222665275614,-0.00066256523,0.0015048741
-0.4881413884430348,-0.0014505982,0.0015163645
-0.48813619359858407,0.00024843216,0.0015050714
-0.48803824825062847,0.0017331839,0.0015079788
-0.4879723828395567,-0.0017088652,0.0015104738
-0.48787641483747823,-0.00051647425,0.0015124033
-0.4878527734694299,-0.00084388256,0.0015084574
-0.4878253416005691,-0.0016040802,0.0015079417
-0.48769711003919713,0.001087904,0.0015074859
-0.4876863041844287,0.00076949596,0.0015070135
-0.48764571393690703,7.522106e-5,0.0015110665
-0.4875865865744303,0.0003836155,0.0015058793
-0.4874939414575099,-0.0001475811,0.0015060018
-0.4874352001917077,-0.00023651123,0.0015094765
-0.4873570491570639,-1.8715858e-5,0.0015107491
-0.4872893306405266,-0.001405716,0.0015131071
-0.4872435129427366,-0.00094664097,0.0015081059
-0.4872031628948774,0.0005517006,0.001511365
-0.48707062661805345,-0.0010883808,0.0015109349
-0.4870688655638191,-6.54459e-5,0.001506373
-0.4870512302262946,-0.0007606745,0.0015138407
-0.4869524815699324,0.00082814693,0.0015058325
-0.4868537895226952,0.00033986568,0.001506078
-0.48683423147793414,0.0003733635,0.0015113812
-0.48677344821944557,4.529953e-5,0.0015069151
-0.48674434729533766,4.529953e-5,0.0015078606
-0.48670498929721695,6.8068504e-5,0.0015130024
-0.486636330415005,-0.0012290478,0.001509208
-0.4865831355396548,-0.0006926656,0.0015115176
-0.4864590634068928,0.000113248825,0.0015112176
-0.4864571192444741,-0.0010668635,0.0015090869
-0.48644259747684093,-0.000888288,0.0015090308
-0.48632033007525066,0.0017220974,0.0015065839
-0.48629707641818243,-0.00019037724,0.0015075853
-0.4862353697003622,0.00063729286,0.0015104883
-0.48621569674878684,-0.00072586536,0.0015066183
-0.4861343633892271,-0.00011134148,0.0015169991
-0.4861292371834842,-0.0015871525,0.0015033637
-0.48603121310355035,2.9802322e-6,0.0015099769
-0.4859653725891906,-0.0022460818,0.001508557
-0.485869348734703,-0.001689136,0.001510128
-0.4858457504330935,-0.0010499358,0.0015108112
-0.48581834480844444,0.0006479025,0.0015091405
-0.4856901253607714,-0.0013967156,0.0015048349
-0.48567929393471965,-0.0004095435,0.0015110838
-0.4856386612917163,-0.0010970235,0.0015107553
-0.4855796140083892,-0.0011612177,0.0015051772
-0.48548698100418186,-0.0009049177,0.0015060067
-0.4854281610050871,-0.000105679035,0.0015098868
-0.4853500341968553,-0.0018948913,0.0015082193
-0.48528225848040907,0.0006991625,0.0015122686
-0.48523648587014345,-0.00032043457,0.0015122353
-0.48519616206616745,-0.0011548996,0.0015081888
-0.48506361300403056,-0.0025498867,0.001507381
-0.48506187684815094,-0.0032314062,0.0015085164
-0.48504417354550433,-3.325939e-5,0.0015124328
-0.4849455049666488,-0.0016865134,0.0015034049
-0.4848468243585391,-0.00037515163,0.0015060657
-0.4848271875811425,-0.0003553033,0.0015111562
-0.4847664951689883,-0.0020310879,0.0015014908
-0.48473732695071525,-0.0008571744,0.0015101968
-0.48469791175498567,-0.00069105625,0.0015113037
-0.4846292993054979,6.258488e-5,0.0015080607
-0.48457613000143107,-0.0024722219,0.0015087683
-0.4844520020142885,-0.0017095804,0.0015121268
-0.4844501002457088,-0.0011365414,0.0015074549
-0.4844356053965302,-0.00080502033,0.0015072201
-0.4843133494347246,-0.0010633469,0.0015089138
-0.48429007087930154,-0.0030696988,0.0015089163
-0.4842283217676425,-0.001413703,0.001510615
-0.48420872754673105,0.0005990267,0.001511627
-0.48412733766249094,-0.001832366,0.0015162664
-0.4841222807683845,-0.0021662116,0.0015056478
-0.4840241779558151,-0.0003811717,0.0015102766
-0.4839583623388244,-0.0014599562,0.001509992
-0.4838387280723142,-0.0029172897,0.0015066982
-0.483811348016977,0.00088608265,0.0015107903
-0.48368314068267426,-0.0013636947,0.0015061947
-0.48367228435761056,-0.0016458035,0.0015105691
-0.4836316093207683,-0.00016921759,0.0015121008
-0.48357264076974815,-0.0028504133,0.0015055123
-0.48348002055118244,0.00011205673,0.0015055427
-0.4834211218197808,-0.0008442402,0.0015118013
-0.48334301923598955,-0.0006027818,0.0015109694
-0.4832751863222631,0.0003578663,0.0015136003
-0.4832294594691645,0.0012327433,0.0015093908
-0.4831891612377861,0.00044453144,0.001508542
-0.48305659871707896,-0.0008314252,0.0015078825
-0.4830548881311685,-0.0035392046,0.0015053755
-0.4830371168640568,-0.00035339594,0.0015123829
-0.4829385276907653,4.529953e-5,0.0015068643
-0.4828398598679686,-0.0009980202,0.0015045813
-0.4828201443589223,-0.00046253204,0.0015110004
-0.482759542118531,0.0008983612,0.0015066632
-0.48273030660740723,-0.0007998347,0.0015090806
-0.4826908348856829,0.0016298294,0.0015109449
-0.4826222681953337,-0.0011602044,0.0015105935
-0.4825691244625502,-0.0017689466,0.0015085726
-0.48244494062234144,0.0013381243,0.0015118798
-0.4824430819218434,0.0005096197,0.0015084216
-0.4824286126423052,-0.0008393526,0.001505925
-0.4823063681209414,-0.0005455613,0.0015069962
-0.48228306466617776,9.226799e-5,0.0015116817
-0.4822212745071941,-0.00036740303,0.0015102933
-0.4822017590182609,-0.00023508072,0.0015071455
-0.48212031193542626,4.529953e-5,0.0015156856
-0.482115324352299,0.0012333393,0.0015039368
-0.48201714280709407,0.0021252632,0.0015109772
-0.48195135208944384,-0.0008357167,0.0015106357
-0.48185521518493846,-0.00082314014,0.0015107112
-0.481831705709892,0.0005978346,0.0015118489
-0.48180435122682386,-0.0010687709,0.0015092262
-0.48167615600392,0.0013554096,0.0015080115
-0.48166527478083,-0.00052797794,0.0015145603
-0.48162455734982035,0.0012580156,0.0015110566
-0.48156566820534985,0.0011334419,0.0015073369
-0.4814730600975259,-0.0003298521,0.0015063927
-0.48141408196220314,0.00013780594,0.0015100737
-0.48133600360318096,-0.0009966493,0.001510903
-0.4812681141634598,-0.0009070039,0.0015126151
-0.4812224323952571,-0.00044214725,0.001509334
-0.4811821597358191,-0.00048953295,0.0015081614
-0.48104958443012746,-0.0017309189,0.0015080685
-0.4810478994155003,-0.00011354685,0.0015058519
-0.4810300601812949,-0.000110685825,0.0015123584
-0.480931551087153,0.0014184713,0.0015068735
-0.48083289470611246,-0.00012260675,0.001504637
-0.4808131004631164,0.0002926588,0.0015100102
-0.48075258906675944,-0.0015076399,0.0015048344
-0.4807232855911706,-0.0017572045,0.0015103528
-0.4806837573434516,5.030632e-5,0.0015115284
-0.4806152377567836,-0.00029069185,0.0015122207
-0.48056211892301204,0.00021958351,0.0015073463
-0.48043787923006587,0.0005990267,0.0015107077
-0.48043606359732083,0.0004723072,0.0015080594
-0.4804216198880802,0.0020780563,0.0015107174
-0.4802993874794296,-0.0029383898,0.0015074875
-0.4802760591272969,-3.4928322e-5,0.0015093533
-0.4802142265725028,0.00054347515,0.0015104708
-0.4801947898171909,0.00095415115,0.0015074563
-0.4801132862077043,-0.0005156398,0.0015139006
-0.4801083679368705,0.00016188622,0.0015049739
-0.48001010765837304,-0.000397861,0.001510949
-0.4799443425126634,4.6491623e-6,0.0015096013
-0.47984814840824896,-0.0009796023,0.0015118468
-0.47982468267388423,0.0010898113,0.0015086182
-0.47979735443601357,-0.0004557371,0.0015093436
-0.47966917199842274,4.529953e-5,0.0015089704
-0.4796582652040494,0.0006150007,0.001509474
-0.47961750470561537,-0.0006520748,0.0015110227
-0.479558694965723,0.00057172775,0.0015075961
-0.4794660989719265,0.00012862682,0.0015065017
-0.4794070427762397,-0.00086796284,0.001510354
-0.4793289886419867,0.0016669035,0.0015096492
-0.4792610420046567,-0.00014537573,0.0015106606
-0.4792154053239782,-0.0012856126,0.0015103007
-0.47917515890710927,0.0013910532,0.0015076596
-0.4790425708147902,0.0011361837,0.0015103078
-0.47904091069917487,0.0001693964,0.0015066817
-0.47902300349919025,0.0003399849,0.0015103808
-0.4789245744838694,0.00066137314,0.0015049013
-0.47882593021455633,0.00010728836,0.0015056712
-0.4788060572392533,-0.00026071072,0.0015093556
-0.47874563601630216,0.00076568127,0.0015052069
-0.4787162652465482,0.0010714531,0.0015109876
-0.4786766798008918,8.070469e-5,0.0015099907
-0.47860820664596226,-0.00044333935,0.0015085782
-0.4785551140567311,0.00015819073,0.0015085177
-0.47843081783713304,-0.0014848709,0.0015107944
-0.47842904527214114,-0.00037795305,0.0015116755
-0.47841462713484095,-0.0010945201,0.0015086164
-0.4782924068389034,-4.6372414e-5,0.0015064476
-0.478269053588416,8.225441e-6,0.0015091759
-0.4782071786391259,-1.8656254e-5,0.0015094053
-0.47818782128904935,-0.00080126524,0.0015096434
-0.47810626048096827,-0.00057435036,0.0015159122
-0.47810141152308505,-7.1406364e-5,0.0015074238
-0.4780030725106378,-0.0005965233,0.0015093876
-0.4779373322622972,4.529953e-5,0.0015119016
-0.4778410823044881,-0.0011074543,0.0015154368
-0.4778176603117906,-0.0012103319,0.0015087529
-0.477790357643889,-0.0009416342,0.0015060124
-0.477662187319997,0.00040602684,0.0015102676
-0.47765125562694033,-0.00075238943,0.0015118645
-0.47761045273368163,-0.0012823939,0.0015087218
-0.4775517223993533,-0.0021193624,0.001504684
-0.4774591385189271,0.0016294718,0.0015068457
-0.477400003589619,-0.00015372038,0.0015105773
-0.4773219736807923,0.0009535551,0.0015100839
-0.47725397051878193,-0.00085526705,0.0015139991
-0.47720837892431356,-0.0002374649,0.001509553
-0.4771681580797136,-0.00031995773,0.0015099462
-0.4770355565278387,-0.0018219352,0.0015088548
-0.4770339226551209,-0.0022224188,0.0015065084
-0.4770159468174142,-0.00060904026,0.0015100413
-0.47691759720765725,-0.00097185373,0.0015055157
-0.4768189650500716,-0.00013256073,0.0015055052
-0.4767990140160474,-0.0015233755,0.0015098251
-0.4767386829648592,-0.001419425,0.0015052691
-0.4767092449032402,0.00078713894,0.0015092568
-0.47666960225767474,-8.7082386e-5,0.0015112505
-0.47660117553579806,-0.0015330911,0.0015072393
-0.4765481085175216,-0.0015467405,0.0015081525
-0.476423756445186,-0.0006982684,0.0015116215
-0.4764220269463042,-0.0017932653,0.0015078192
-0.47640763505518735,0.00020730495,0.0015098094
-0.4762854261980488,4.529953e-5,0.0015078967
-0.47626204737562083,-0.00038653612,0.0015064222
-0.47620013070574907,-0.0005720854,0.001510494
-0.47618085208830785,-0.0003042817,0.0015070615
-0.4760992347539035,-0.00071281195,0.0015132715
-0.4760944551066709,0.0006867647,0.0015064295
-0.4759960373635598,-0.000408113,0.0015075941
-0.47593032201291674,0.00044345856,0.0015118789
-0.47583401552911286,-0.00088250637,0.0015121371
-0.4758106372764399,0.0016688108,0.0015108665
-0.47578336085242157,0.002276659,0.001509892
-0.4756552026412427,-0.00060242414,0.0015084301
-0.4756442460504884,-0.00085669756,0.0015087088
-0.47560340076273366,0.0012005568,0.001511095
-0.4755447491607122,4.8160553e-5,0.0015086948
-0.4754521780652705,-0.0005918741,0.001507871
-0.47539296440431267,-0.0011638999,0.0015098432
-0.4753149587222266,0.00013172626,0.0015089994
-0.4752468983586644,-0.00012660027,0.0015092683
-0.47520135185040613,0.0008330345,0.0015079885
-0.47516115725001795,-0.0024710894,0.0015089663
-0.4750285429138157,0.0005362034,0.0015080266
-0.47502693394010986,-0.0013419986,0.00150664
-0.47500889013695236,2.3126602e-5,0.0015112982
-0.4749106206040451,-0.0030602813,0.0015053161
-0.4748120005611439,-0.00019603968,0.0015057375
-0.47479197012024155,5.030632e-5,0.0015109578
-0.4747317292404877,0.00014638901,0.0015094066
-0.47470222388700356,0.0006786585,0.0015121911
-0.47466252538837206,0.00089120865,0.001511581
-0.474594144426291,0.0011370182,0.0015110464
-0.4745411029786407,-0.0031961203,0.0015087442
-0.4744166950529103,-9.596348e-6,0.0015138746
-0.47441500862178165,-0.00097197294,0.0015096093
-0.47440064230096246,-0.0020933151,0.0015090388
-0.4742784455571941,-0.0012985468,0.0015070894
-0.4742550418364113,-0.0008171201,0.0015103143
-0.47419308344530064,0.00088107586,0.0015118375
-0.4741738835595092,0.0009725094,0.0015063771
-0.47409220902618165,0.001016736,0.0015162654
-0.4740874986902568,-0.0010454655,0.0015055068
-0.4739890022145101,-0.00018417835,0.0015120696
-0.47392331243712194,4.529953e-5,0.0015111872
-0.47382694942666626,-0.0009482503,0.0015105057
-0.4738036149140177,-0.00059461594,0.001508731
-0.47377636473421114,0.0010223389,0.0015102612
-0.473648217962817,0.00052022934,0.0015106968
-0.4736372364737079,-0.0015283823,0.0015076376
-0.47359634879244283,-0.0006571412,0.0015094801
-0.4735377765946711,-0.0005258322,0.0015058608
-0.4734452176125996,0.0008070469,0.0015055913
-0.47338592521900646,0.0014113188,0.001511431
-0.473307943762018,-1.770258e-5,0.0015087379
-0.47323982619986127,7.724762e-5,0.0015139122
-0.47319432545074147,-0.0006505847,0.0015080598
-0.47315415642065084,0.00051271915,0.0015112826
-0.4730215286255499,0.0017309189,0.0015109864
-0.4730199452244417,0.0040239096,0.0015094597
-0.47300183345419056,-0.00036370754,0.0015111687
-0.47290364400076146,-0.0020272732,0.0015109442
-0.4728050360695878,-6.878376e-5,0.0015074116
-0.4727849268973642,0.0010749102,0.0015098355
-0.47272477619068765,-0.0014509559,0.0015041756
-0.47269520354238115,-8.165836e-5,0.0015095355
-0.47265544784581215,-0.0013580918,0.0015115993
-0.4725871133148125,0.00057065487,0.0015129973
-0.47253409811170255,0.0008819103,0.0015104876
-0.4724096336606346,0.0014420748,0.001513323
-0.47240799029791625,0.0011454821,0.0015110798
-0.47239364954673746,-0.0006298423,0.001508666
-0.4722714649160108,-0.0013825893,0.001508289
-0.4722480362975304,0.0014262199,0.0015101362
-0.47218603551060934,-0.00070494413,0.0015087576
-0.47216691435843916,0.0010660887,0.0015101137
-0.472085183972374,0.00029480457,0.0015154219
-0.47208054227515694,-0.00029844046,0.0015070033
-0.4719819670661177,-0.001879096,0.0015103968
-0.47191630218675573,-0.0003528595,0.0015132622
-0.47181988265129116,0.0016726255,0.0015120415
-0.47179659255126694,-0.001328826,0.0015089937
-0.4717693679430722,-0.00027525425,0.0015110305
-0.4716412332843912,-0.0013691783,0.0015076627
-0.47163022622399886,5.030632e-5,0.0015095642
-0.4715892961475807,-1.7881393e-7,0.0015107829
-0.47153080402928704,4.2438507e-5,0.0015082237
-0.4714382571596002,-0.0017149448,0.0015074784
-0.4713788860333715,0.0008586645,0.0015115646
-0.47130092880115226,9.5009804e-5,0.0015098897
-0.471232754041058,2.3245811e-5,0.0015127795
-0.4711872983781483,-0.0011323094,0.0015084253
-0.471147155591941,0.0005902052,0.0015092362
-0.4710145143385983,-0.00076562166,0.001508251
-0.47101295650778774,-0.0017423034,0.0015045529
-0.4709947767720859,0.0014417171,0.0015139881
-0.4708966673974778,0.00025773048,0.0015063458
-0.47079807090510306,4.529953e-5,0.001508023
-0.4707778836744868,0.0002976656,0.0015112915
-0.4707178231395732,0.00060236454,0.00150638
-0.470688183199073,2.3961067e-5,0.001507367
-0.4706483703025952,-0.0007907152,0.0015137572
-0.47058008287691966,-0.00072449446,0.0015092096
-0.470527092571836,0.0012987852,0.0015103051
-0.47040257226868754,0.0003476143,0.0015114393
-0.47040097197240804,-0.0014457107,0.0015078186
-0.47038665679415537,0.00088250637,0.0015082377
-0.47026448427417045,0.0013312101,0.0015062913
-0.47024103075864954,-0.0006686449,0.0015088976
-0.4701789875765753,-0.0011678934,0.0015116276
-0.47015994583062626,4.529953e-5,0.0015069891
-0.4700781582456378,-0.00018793344,0.0015147481
-0.47007358653199993,0.0011347532,0.0015071513
-0.4699749319190396,0.0005657673,0.0015101846
-0.46990929193638953,-0.0012613535,0.0015099596
-0.46981281587460166,-0.00048321486,0.0015137341
-0.46978956951493056,-0.0013710856,0.001507172
-0.4697623711516048,0.00028204918,0.0015080816
-0.4696342486062941,0.001270771,0.0015080464
-0.4696232166475469,-0.001075983,0.0015080074
-0.469582244175647,-0.0006194711,0.0015136673
-0.46952383079064597,-0.0004811287,0.0015071396
-0.46943129670594363,-0.00045472383,0.0015046436
-0.46937184684707944,-0.00076144934,0.0015112353
-0.4692939131683438,-0.0009883046,0.0015099029
-0.469225682553869,0.0017251968,0.001514444
-0.46918027130522655,0.00081539154,0.0015092425
-0.4691401547629025,0.00035381317,0.0015093951
-0.4690075007245753,-0.0009934902,0.0015109032
-0.4690059684647194,-0.0024847388,0.0015050888
-0.4689877200912955,-0.0002925992,0.0015124326
-0.46888969012093706,0.0017967224,0.0015075308
-0.4687911064148611,4.529953e-5,0.0015036186
-0.46877083977736667,0.0004452467,0.0015121988
-0.46871087008780155,-0.000992775,0.0015035893
-0.4686811621828365,-0.0001232624,0.0015110369
-0.4686412927603639,-0.00068843365,0.0015145808
-0.46857305176642683,-0.00096160173,0.001510796
-0.46852008703361225,-0.0002696514,0.0015115638
-0.4683955108757547,0.00144732,0.001514167
-0.46839395364689973,5.030632e-5,0.0015132094
-0.46837966471285886,0.00041353703,0.0015079755
-0.4682575036343015,0.0020439625,0.0015088518
-0.4682340245455259,0.0001386404,0.0015092798
-0.4681719403167841,-0.00023841858,0.001510837
-0.468152976628899,-0.00056374073,0.0015074927
-0.46807113251758736,0.001704812,0.0015131546
-0.46806663011657157,0.0017691851,0.001508155
-0.46796789677130435,5.030632e-5,0.0015140536
-0.4679022823599376,0.0006263256,0.0015128074
-0.46780574977215506,-9.10759e-5,0.0015147413
-0.4677825471534941,0.0005928278,0.0015091295
-0.467755374360466,4.529953e-5,0.0015114237
-0.4676272639272112,0.0022569895,0.0015084934
-0.4676162070701092,0.0015860796,0.0015115398
-0.467575192204699,-6.687641e-5,0.0015119042
-0.46751685822427624,-0.00021767616,0.0015066817
-0.46742433557902996,0.0008071661,0.0015080927
-0.46736480766177313,0.00068295,0.0015096407
-0.4672868982081352,-0.00063699484,0.0015102267
-0.46721861039506585,-0.0012097359,0.0015124248
-0.4671732449045761,-0.0007325411,0.001510453
-0.4671331539341925,0.0015693903,0.0015107491
-0.4670004864376238,-4.4107437e-6,0.0015094442
-0.46699897974905125,-0.0004529357,0.0015120212
-0.466980663409848,0.0007426739,0.0015114436
-0.4668827135176534,-0.0004156232,0.00150689
-0.466784141250705,4.529953e-5,0.0015049967
-0.4667637965544893,-0.0007875562,0.0015110393
-0.4667039170380015,-1.1622906e-5,0.0015050999
-0.4666741418395284,0.000172019,0.0015100207
-0.4666342158907325,6.401539e-5,0.0015115347
-0.4665660206559341,-0.0011669397,0.0015086421
-0.4665130821666741,-0.00090420246,0.0015122492
-0.46638844881055064,-0.0013446808,0.0015118598
-0.4663869353230343,7.760525e-5,0.001506986
-0.46637267195863386,-0.0012516379,0.001508472
-0.4662505229931182,0.0006227493,0.0015070348
-0.46622701900598784,0.00085127354,0.0015110971
-0.4661648923834072,5.030632e-5,0.0015100025
-0.46614600810075746,0.0006593466,0.0015056467
-0.4660641067908512,-0.0008804798,0.0015148951
-0.4660596737014717,0.0022696257,0.0015085437
-0.4659608616222548,0.00076425076,0.0015106377
-0.4658952721102285,4.529953e-5,0.0015107337
-0.4657986829977656,0.0016243458,0.0015137565
-0.4657755247914005,0.0022207499,0.0015117322
-0.46574837757064136,-0.002070427,0.001506571
-0.4656202792481283,-0.00042968988,0.0015092766
-0.46560919749332874,0.0015354156,0.0015076863
-0.4655681402334225,-0.00088375807,0.0015115197
-0.4655098849859637,0.0016419888,0.0015076916
-0.46541737512635906,-0.00021648407,0.0015055421
-0.46535776780419547,0.0005155802,0.0015106929
-0.46527988324726943,-0.0009940863,0.0015078008
-0.4652115382362626,6.771088e-5,0.0015143061
-0.4651662178306687,0.0009921789,0.0015090061
-0.46512615310548266,0.00011265278,0.0015100865
-0.4649934728232723,0.00089514256,0.0015092418
-0.4649919910323973,0.0018130541,0.0015088338
-0.4649736067284005,-0.00069111586,0.0015098668
-0.4648757369143698,0.000667572,0.0015094058
-0.4647771767601345,0.0012073517,0.0015063302
-0.4647567533316119,0.0001270771,0.0015112286
-0.4646969639868871,0.0013412237,0.0015074565
-0.46466712149490597,-0.00074481964,0.0015134378
-0.4646271383481727,0.0010584593,0.0015146701
-0.4645589895457699,5.030632e-5,0.0015097306
-0.46450607662680743,-0.0011303425,0.0015100201
-0.46438138741860346,-0.0012330413,0.0015101065
-0.464379916997526,-0.0020911098,0.0015076904
-0.4643656792053946,0.001057744,0.001508295
-0.46424354235127785,-0.0005183816,0.0015086367
-0.4642200134677641,0.00028681755,0.0015073445
-0.4641578444487159,0.00062823296,0.0015124906
-0.4641390388993588,-0.0011052489,0.0015062139
-0.46405708173704363,0.0014722347,0.001514567
-0.4640527172853862,-0.0008376837,0.0015045058
-0.4639538264735338,0.0027170181,0.0015093909
-0.46388826253344806,-0.00053578615,0.0015101427
-0.4637916168949905,0.00022888184,0.001514747
-0.46376850175572126,0.0017819405,0.0015119992
-0.4637413814514453,-0.00033032894,0.0015120292
-0.46361329457068834,-0.0015302896,0.001506576
-0.4636021879168768,-0.001993537,0.0015076539
-0.4635610882634602,0.0016583204,0.0015117583
-0.4635029124202511,-0.00019848347,0.0015070633
-0.4634104146746739,-0.0003437996,0.0015099825
-0.46335072861888926,0.0011063814,0.001511936
-0.46327286828607517,4.529953e-5,0.0015095696
-0.46320446675038796,0.00042963028,0.0015130726
-0.4631591914323183,5.030632e-5,0.0015101489
-0.4631191522771013,-0.0019475222,0.0015095429
-0.46298645853533504,-0.0017936826,0.001509595
-0.46298500231574347,-0.001165092,0.0015083888
-0.4629665500456387,0.0018966198,0.0015122639
-0.46286876031075763,-0.00057703257,0.0015075875
-0.46277021226989257,0.00016784668,0.0015046119
-0.46274970943580607,-0.0010484457,0.0015093749
-0.4626900109351155,-0.0022432804,0.001504723
-0.4626601011509408,-0.0011113286,0.0015108157
-0.4626200614801843,-0.00012987852,0.0015125308
-0.4625519591075484,5.030632e-5,0.0015099857
-0.46249907176151217,0.0008289814,0.0015104556
-0.4623743260266564,-0.0005071163,0.0015113963
-0.4623728986720177,0.0010709763,0.0015136312
-0.46235868712475536,0.0011789799,0.0015082862
-0.46223656171173744,-0.000654161,0.0015089634
-0.4622130072559546,-0.00041425228,0.0015095718
-0.46215079718826757,0.00023293495,0.0015122972
-0.46213207037023163,0.0014531612,0.0015057934
-0.46205005600997884,-0.0005438924,0.0015172767
-0.46204576086995786,-0.0016649961,0.0015036983
-0.4619467919983985,0.0011644363,0.0015117436
-0.46188125228341037,0.00030493736,0.001513522
-0.46178455011895814,0.000103116035,0.001513926
-0.46176147939329903,-0.0018245578,0.0015090494
-0.46173438465997785,-0.0009250045,0.0015098068
-0.4616063098919341,-0.0019421577,0.0015098751
-0.4615951783394391,-6.0260296e-5,0.0015106552
-0.46155403629119796,5.030632e-5,0.0015111007
-0.4614959398545385,3.4332275e-5,0.0015085965
-0.46140345422101736,0.0010470152,0.0015062535
-0.46134368943226856,-0.00018620491,0.0015090295
-0.4612658533261951,0.0019186735,0.0015117879
-0.46119739459224185,0.0009782314,0.0015138867
-0.46115216435939654,0.0013366938,0.0015090344
-0.46111215144872,-0.0004918575,0.0015082321
-0.46097944492131204,0.00082945824,0.0015101811
-0.4609780142730038,0.0011304617,0.0015081416
-0.4609594933628768,-0.00064212084,0.0015107277
-0.46086178303355974,0.00088989735,0.0015070613
-0.460763247106065,0.0006798506,0.0015091959
-0.4607426662129287,-0.00024455786,0.001510026
-0.46068305788465824,0.0012493134,0.0015057487
-0.4606530801353613,-0.0009148717,0.0015080112
-0.46061298393663863,-0.00032502413,0.0015140246
-0.4605449279970557,0.0001655817,0.001511126
-0.4604920662226313,0.0003015995,0.0015103958
-0.46036726530763783,0.00080394745,0.0015125456
-0.46036588034749515,0.00013387203,0.0015086789
-0.4603516943711875,-0.0013124347,0.0015079676
-0.46022958107088274,-0.00067704916,0.0015081209
-0.4602060017157594,0.00019645691,0.0015094029
-0.46014374925489065,0.0030460358,0.0015117835
-0.46012510184307576,0.0013713837,0.001506443
-0.460043030282257,-0.0010414124,0.0015160154
-0.460038804454858,-0.0025407672,0.0015061854
-0.4599397568519775,5.030632e-5,0.0015107219
-0.4598742427066299,0.0010111332,0.0015106943
-0.45977748401519725,-0.0022506118,0.0015125738
-0.4597544570308768,-0.0002502799,0.0015080186
-0.45972738786883893,7.331371e-5,0.0015110857
-0.45959932588545105,-0.0011689067,0.0015069566
-0.4595881687626585,1.2993813e-5,0.0015094336
-0.4595469836463357,6.556511e-5,0.0015120583
-0.45948896661556893,-0.0011110306,0.001506242
-0.4593964937670322,-0.002217412,0.0015082143
-0.4593366502463051,5.2928925e-5,0.0015113218
-0.45925883836730086,4.529953e-5,0.0015106413
-0.45919032310538144,-0.0008483529,0.00151231
-0.45914513795874623,-0.00057661533,0.0015098489
-0.45910515061935286,0.0013403893,0.0015103566
-0.4589724306340319,-8.571148e-5,0.001509479
-0.45897102555799263,-0.00014829636,0.0015093043
-0.45895243668274366,-0.0004710555,0.0015120114
-0.4588548064306047,0.000344038,0.0015098396
-0.4587562826154945,0.0007121563,0.0015074213
-0.45873562298873705,0.0006620884,0.0015114589
-0.45867610483420096,4.529953e-5,0.0015056208
-0.4586460597907389,0.0019505024,0.0015112249
-0.4586059063934217,-0.00018972158,0.0015131
-0.4585378968882058,0.0015562773,0.0015115376
-0.45848506068276473,0.001229167,0.0015114415
-0.4583602039143765,0.00089275837,0.0015130591
-0.4583588620229726,0.0006155968,0.0015091953
-0.45834470161729113,-0.00038003922,0.0015078728
-0.45822260042969953,4.529953e-5,0.0015099386
-0.45819899617687854,-0.0013280511,0.0015101744
-0.45813670132151374,0.0007650852,0.0015115538
-0.45811813264233436,0.0005146265,0.0015055742
-0.45803600455420657,0.00072312355,0.0015169852
-0.45803184803975827,-0.00019800663,0.0015086452
-0.457932721702928,-0.0020886064,0.0015125182
-0.45786723245692085,4.529953e-5,0.001513544
-0.45777041723982204,-0.00020474195,0.0015131601
-0.4577474346687832,-4.8577785e-5,0.0015106369
-0.4577203917499715,0.000647068,0.0015127803
-0.45759234120801107,0.0011847019,0.0015091916
-0.45758115918620657,-0.0011153221,0.0015114973
-0.4575399316763735,3.4928322e-5,0.0015130668
-0.4574819940488706,-0.00028067827,0.0015089415
-0.45738953331534704,0.00057816505,0.0015063342
-0.45732961106067027,-0.0021290183,0.001511671
-0.4572518234064351,0.00056767464,0.0015109195
-0.45718325094559253,0.0011644363,0.0015166157
-0.4571381108861531,-0.0017617941,0.0015083967
-0.4570981497906429,4.529953e-5,0.0015107939
-0.45696541701902327,-0.0006314516,0.0015086238
-0.4569640368413388,-9.930134e-5,0.0015085276
-0.4569453800009675,-0.0014970899,0.0015122233
-0.4568478298276496,0.00027036667,0.0015104441
-0.45674931812492403,0.00024282932,0.0015058165
-0.4567285797658597,0.0017139912,0.0015104662
-0.4566691517837437,-0.0008699894,0.0015053273
-0.45663903944677375,0.0018355846,0.0015127147
-0.45659882952510467,-0.00017625093,0.0015148196
-0.4565308664496558,5.030632e-5,0.0015117752
-0.45647805581582657,0.0003722906,0.0015100967
-0.4563531425224294,-0.00115484,0.0015123129
-0.45635184369812154,-0.0009698272,0.0015076048
-0.45633770953665176,-0.0010246634,0.0015082812
-0.4562156197878591,0.0010230541,0.0015097866
-0.45619199063799765,0.0015325546,0.0015095738
-0.45612965405975103,-0.0010739565,0.0015129984
-0.4561111641138642,0.002003789,0.0015086225
-0.45602897950138466,4.529953e-5,0.0015150126
-0.45602489162367266,0.002020955,0.0015053911
-0.45592568655420695,-0.003182292,0.0015102888
-0.45586022287981176,-0.0002143979,0.0015128313
-0.45576335113803257,0.0027797222,0.0015126433
-0.45574041163277534,-0.0009856224,0.0015076273
-0.4557133949591612,-0.0015982985,0.001508098
-0.4555853565292568,-0.00065517426,0.0015097554
-0.4555741496097546,-0.00027024746,0.0015123821
-0.45553287970542555,5.030632e-5,0.0015101418
-0.45547502148414376,0.0004503727,0.0015080643
-0.4553825728616905,0.00044846535,0.0015086285
-0.4553225718763497,-0.00041508675,0.0015091059
-0.45524480844524073,-8.1181526e-5,0.0015116392
-0.4551761787867893,0.001950264,0.001513943
-0.4551310844861598,-0.0005043745,0.0015077584
-0.4550911489616044,-0.0018606782,0.0015101229
-0.45495840273207167,0.00010883808,0.0015090959
-0.45495704879761334,8.08239e-5,0.0015071251
-0.4549383239914627,7.998943e-5,0.0015164232
-0.4548408532233803,-0.0017338991,0.0015079861
-0.4547423529617536,-0.001314342,0.001506456
-0.4547215358700538,-0.00068485737,0.0015113753
-0.4546621987319721,-0.00056761503,0.0015073054
-0.45463201910412276,0.0020433664,0.0015128036
-0.4545917519828734,0.0019608736,0.0015129768
-0.4545238353381772,-0.0003553629,0.0015093326
-0.4544710502769457,-0.0001398325,0.0015103597
-0.454346081131468,-2.270937e-5,0.001513489
-0.4543448253726132,-0.0005992651,0.0015091927
-0.454330716783084,0.0013006926,0.0015080059
-0.454208639147333,-0.0026249886,0.0015075089
-0.45418498509911676,-0.00022435188,0.0015114099
-0.4541226061250597,0.0010346174,0.0015146611
-0.4541041949127942,-0.0004236102,0.0015064346
-0.45402195377432,-0.0018461943,0.0015125013
-0.45401793588051564,0.00018525124,0.0015095705
-0.45391865140745746,-0.00029331446,0.0015092096
-0.4538532126304313,0.0010583401,0.0015105313
-0.4537562843616717,0.0009022951,0.0015134973
-0.4537333892696961,5.030632e-5,0.0015104644
-0.4537063981680223,-0.00058454275,0.0015095501
-0.4535783718498453,-0.000833869,0.0015092347
-0.4535671400333027,-1.2457371e-5,0.0015112001
-0.4535258277331633,-0.0017485023,0.0015132452
-0.45346804824517406,-0.00017285347,0.0015113598
-0.4533756124077053,-0.0005328655,0.0015080586
-0.453315532689729,0.002002716,0.0015156493
-0.4532377934863465,-0.00035065413,0.0015115527
-0.45316910730091453,0.00076425076,0.0015132432
-0.45312405741323813,0.0014107227,0.001513423
-0.4530841481319088,-0.0003772974,0.0015094148
-0.4529513891180488,0.001568079,0.0015106562
-0.4529500600826023,9.775162e-6,0.0015072448
-0.4529312673100152,2.0503998e-5,0.0015110925
-0.4528338766204252,-0.00025343895,0.0015072902
-0.45273538847052597,0.0009151697,0.0015071738
-0.45271449264586217,5.030632e-5,0.001510529
-0.45265524568151483,-0.00041121244,0.001503327
-0.45262499876081475,-0.0010213852,0.0015114036
-0.4525846744393278,5.030632e-5,0.0015123138
-0.4525168042293273,-0.00014388561,0.0015121967
-0.45246404541066465,0.00017130375,0.0015119944
-0.4523390197385353,0.00030243397,0.0015152905
-0.45233780772101917,5.030632e-5,0.0015106861
-0.4523237247021161,0.0008509159,0.0015107235
-0.45220165850680694,4.529953e-5,0.0015082982
-0.452177978885993,5.030632e-5,0.0015090916
-0.4521155588659257,-0.0024039745,0.0015098567
-0.45209722638465266,-0.002054274,0.0015069692
-0.45201492804692667,0.00046765804,0.001514787
-0.45201097946607305,-0.0008158684,0.0015048523
-0.4519116162597222,0.0013443232,0.0015114465
-0.45184620305365075,0.00030994415,0.001513401
-0.4517492182582393,-0.0006324053,0.0015130872
-0.4517263669082596,0.0010775328,0.001510782
-0.45169940137688336,0.0006351471,0.0015095391
-0.45157138717174816,0.00033819675,0.0015088322
-0.45156013045553645,0.002370596,0.0015108222
-0.45151877576122956,5.030632e-5,0.0015133764
-0.4514610756784757,-0.00028789043,0.0015093705
-0.4513686519550345,0.00011694431,0.001505433
-0.45130849350343705,-0.00021761656,0.0015138491
-0.4512307785261379,-0.0011979938,0.0015117755
-0.45116203514178277,-0.0005918741,0.0015183222
-0.4511170310129162,0.00012099743,0.0015092453
-0.4510771473041846,0.00044071674,0.0015090584
-0.4509443748297829,0.00087189674,0.0015097837
-0.45094307136594836,-0.0015476942,0.0015072564
-0.4509242106285677,0.00079607964,0.0015128794
-0.4508269000181273,-0.00017982721,0.001508049
-0.45072842397929835,-0.0007304549,0.0015064402
-0.4507074494229848,0.0007390976,0.001512681
-0.45064829263105755,0.00023269653,0.0015071282
-0.45061797774326384,-0.0011015534,0.0015111607
-0.45057759756871074,-0.0018603206,0.0015152333
-0.4505097737920917,-0.00083214045,0.0015097153
-0.4504570398707981,-0.001375854,0.0015096278
-0.45033195834527384,-0.000710845,0.0015117783
-0.45033078939715376,0.0008352995,0.0015096698
-0.4503167319488768,-0.00090152025,0.0015086348
-0.4501946778649665,0.0012142658,0.0015095838
-0.4501709733461263,-0.0022996068,0.001508833
-0.4501085109325488,0.00014531612,0.0015116864
-0.4500902578561825,-0.0017845631,0.0015059882
-0.4500079023201905,-9.286404e-5,0.0015162603
-0.45000402304998743,-0.00036650896,0.0015070868
-0.44990458178360115,-0.00019931793,0.001512414
-0.44983919280328455,0.0019974709,0.0015164935
-0.44974215148352137,-0.0008018613,0.0015146036
-0.449719344546166,-0.00077086687,0.0015111471
-0.44969240525900167,0.0013777018,0.0015108689
-0.44956440316657953,0.0015034676,0.0015104822
-0.4495531208790845,0.0018728971,0.00151033
-0.4495117237899531,0.0015131235,0.0015135269
-0.4494541031140775,0.0011613369,0.001508059
-0.4493616915010493,0.0001282692,0.0015055772
-0.4493014543191165,8.606911e-5,0.0015127345
-0.4492237635656007,-7.2181225e-5,0.0015130051
-0.44915496365492236,5.030632e-5,0.0015129917
-0.4491100039390088,-2.0444393e-5,0.001512086
-0.44907014647580323,0.00019204617,0.0015087773
-0.4489373612157599,-0.0014372468,0.0015105453
-0.4489360833222229,-0.0008112788,0.0015081043
-0.44891715394679166,-0.00085800886,0.0015104256
-0.44881992274158666,0.0008043051,0.0015101376
-0.44872145948971365,4.529953e-5,0.0015056217
-0.4487004062001074,-0.002313614,0.0015118073
-0.448641339579286,-8.612871e-5,0.0015056351
-0.4486109573999557,-0.0024955273,0.0015108255
-0.44857052002647946,0.0006004572,0.0015128738
-0.4485027426806131,0.0005105734,0.0015078442
-0.4484500350048457,0.0005275011,0.0015125091
-0.4483248969533268,0.0019853115,0.0015143374
-0.44832377107131693,-0.00051885843,0.0015109347
-0.44830973919530903,-0.0011274815,0.0015091787
-0.4481876972244404,0.000101566315,0.001509338
-0.4481639678082312,0.002552867,0.0015103715
-0.44810146367078607,0.00081288815,0.0015113906
-0.4480832886541267,-0.001362443,0.0015070143
-0.4480008772660543,0.000336051,0.0015177102
-0.44799706663390193,0.0008792877,0.001508471
-0.4478975466345516,0.00053191185,0.0015105996
-0.4478321832268326,0.00052416325,0.0015122873
-0.44773508538107476,-0.0016176105,0.0015129999
-0.44771232150982954,-0.0012820959,0.0015107582
-0.4476854084672056,4.529953e-5,0.0015107415
-0.4475574184881538,-0.001085639,0.0015061052
-0.4475461113016468,-7.802248e-5,0.0015136974
-0.4475046718203194,5.030632e-5,0.0015123799
-0.4474471305477078,0.000616312,0.0015065895
-0.4473547310483784,-0.00040882826,0.0015066125
-0.4472944151338102,1.4424324e-5,0.0015114987
-0.4472167486044064,-0.00011318922,0.00151337
-0.4471478914961192,-0.0005440712,0.0015131762
-0.4471029775400013,-0.00088858604,0.0015104078
-0.4470631456464361,-0.0017172694,0.0015121128
-0.4469303476017369,0.00065648556,0.0015094321
-0.4469290946065547,-0.0008794069,0.0015060696
-0.4469100972643584,-0.00010454655,0.0015129413
-0.44681294613731726,0.0010406971,0.0015088165
-0.44671449432555743,-0.0012298226,0.0015053013
-0.44669336230397305,0.00089776516,0.0015104251
-0.4466343865288287,-0.0005261302,0.0015075712
-0.4466039370566477,3.2305717e-5,0.0015137172
-0.44656344315849095,5.030632e-5,0.0015142264
-0.4464957115691346,5.030632e-5,0.0015097149
-0.44644302946662195,-0.0010253191,0.0015138082
-0.4463178355613797,0.00042903423,0.0015149129
-0.44631675274613714,0.00024950504,0.0015116046
-0.4463027471140125,0.0011347532,0.00150998
-0.4461807165839142,-0.0006904006,0.0015087939
-0.44615696226803603,5.030632e-5,0.0015094621
-0.44609441573740916,-0.00028842688,0.0015130749
-0.4460763201263138,-0.000636518,0.0015073603
-0.4459938515383324,0.0007610321,0.0015132388
-0.4459901102194592,-0.0018786788,0.0015070299
-0.44589051148681635,0.0007017851,0.0015110819
-0.44582517297712354,-0.0013994575,0.0015112262
-0.4457280186047139,-0.00020062923,0.0015148666
-0.44570529914773593,5.030632e-5,0.001509911
-0.4456784116760667,0.0010219812,0.0015107656
-0.4455504338090709,-0.0006840229,0.0015095442
-0.4455391017242091,-0.0007587671,0.0015107488
-0.44549761984805714,5.030632e-5,0.001511812
-0.44544015730808095,9.047985e-5,0.0015097699
-0.4453477705957075,8.332729e-5,0.0015073225
-0.4452873759471895,0.00027358532,0.0015118947
-0.44520973364452643,0.00045883656,0.0015114235
-0.4451408200109016,-0.00042176247,0.0015145021
-0.44509595046740813,5.030632e-5,0.0015102368
-0.44505614481772626,0.00076174736,0.0015076308
-0.44492333331445677,0.00011026859,0.0015105752
-0.44492210588957226,-3.8802624e-5,0.0015086024
-0.44490304125452507,0.0004349947,0.0015113802
-0.4448059695350194,-0.0007993579,0.0015078689
-0.4447075298343298,0.00114429,0.0015085468
-0.44468631908076706,5.030632e-5,0.0015136399
-0.44462743347705713,0.00041234493,0.0015057381
-0.44459691671333956,0.0013464689,0.0015116078
-0.44455636561593115,0.00062298775,0.0015138104
-0.4444886811318989,0.00080657005,0.0015119258
-0.4444360245993553,0.00093972683,0.0015093213
-0.44431077416943265,0.00012409687,0.0015123414
-0.4443097344212861,0.001090169,0.0015116078
-0.4442957543607733,-0.00040346384,0.0015085532
-0.4441737359420739,-0.0005043745,0.001510187
-0.44414995672816937,0.0011332035,0.0015115192
-0.44408736847696073,5.030632e-5,0.0015116427
-0.4440693515985009,9.417534e-6,0.0015088593
-0.4439868258102819,4.529953e-5,0.0015173372
-0.4439831544763022,0.0008893013,0.0015060443
-0.4438834763403954,0.00014436245,0.0015102387
-0.44381816339968594,-0.00083345175,0.0015133222
-0.4437209525012815,5.030632e-5,0.0015129099
-0.44369827678564233,-0.0005543232,0.0015097515
-0.44367141555752776,-0.0010883212,0.0015115965
-0.44354344913097377,4.529953e-5,0.0015102013
-0.44353209214841427,-0.0011520982,0.0015096299
-0.4434905678757949,-0.00071543455,0.0015103149
-0.4434331847426969,0.0007100105,0.0015077294
-0.4433408101430367,-5.120039e-5,0.0015080045
-0.443280337433826,-0.0019337535,0.0015132071
-0.44320271868464634,4.529953e-5,0.0015120129
-0.44313374785209847,-0.0015048981,0.0015143319
-0.44308892406708633,-0.00037133694,0.0015094692
-0.4430491439893449,0.001268506,0.0015113006
-0.4429163196994481,-0.00042396784,0.0015135452
-0.4429151178468326,0.0007830858,0.0015100182
-0.4428959845740633,-0.00033450127,0.0015099804
-0.4427989929314071,-0.0007137656,0.0015077791
-0.4427005653447451,-0.00021755695,0.0015065727
-0.44267927585723255,-0.00054222345,0.0015097532
-0.4426204804256141,0.0012056828,0.0015058034
-0.44258989636871715,0.000620842,0.0015143618
-0.4425492887456427,4.2557716e-5,0.0015137093
-0.44248165002272044,-0.0005493164,0.0015084923
-0.44242901905981713,0.0021396875,0.0015113198
-0.4423037127761713,0.0017179251,0.0015130953
-0.4423027160964349,-0.00028532743,0.0015089137
-0.4422887622801339,0.002963543,0.0015092747
-0.4421667553015478,0.0010709763,0.0015089102
-0.44214295119027414,0.0005810261,0.0015096964
-0.4420803205432552,-0.0017043948,0.001510151
-0.4420623830693736,0.00012302399,0.0015081648
-0.44197980075647425,0.0016509295,0.0015138538
-0.4419761980602167,0.00033140182,0.0015095985
-0.4418764418642743,-0.00048714876,0.0015116641
-0.4418111531503055,-8.8989735e-5,0.0015117048
-0.4417138863988349,0.00050365925,0.0015120136
-0.44169125442354873,0.0006750822,0.0015109092
-0.4416644187654032,-0.0011262298,0.0015084455
-0.44153646512580513,0.0011488199,0.0015103495
-0.4415250825719623,0.0014324188,0.0015117297
-0.4414835159061612,5.030632e-5,0.0015123964
-0.4414262121773129,-0.0016391873,0.0015079306
-0.4413338496903658,4.529953e-5,0.0015062066
-0.44127329824819106,0.001667738,0.0015126514
-0.44119570372345207,0.0007880926,0.0015105733
-0.44112667636490943,0.0005440712,0.001512807
-0.44108189766709316,0.0012025833,0.0015105052
-0.44104214316030643,0.00063455105,0.0015138882
-0.44090930541118223,0.0019247532,0.0015120023
-0.4409081291311643,-0.0013905168,0.0015066973
-0.4408889278922872,-0.00050127506,0.0015124228
-0.4407920163271378,-0.00093382597,0.0015076018
-0.440693600853846,0.00036478043,0.001508155
-0.4406722326343552,-0.00020480156,0.0015105609
-0.44061352737614257,0.0011851788,0.0015064206
-0.44058287602442336,-0.00034451485,0.0015122462
-0.440542211202097,9.536743e-5,0.0015116814
-0.44047461958449896,0.0025020838,0.0015116322
-0.44042201419386473,-0.0007647872,0.0015102875
-0.44029665205715274,-0.00040245056,0.0015128116
-0.44029569777191235,-2.9325485e-5,0.0015129963
-0.44028176952590903,0.00025975704,0.0015109767
-0.44015977466102163,0.0002757311,0.0015109732
-0.44013594497846475,4.9352646e-5,0.0015141714
-0.44007327328247825,0.0018749237,0.0015120048
-0.4400554138686321,-3.248453e-5,0.0015063975
-0.43997277503039534,-0.0017217398,0.0015166481
-0.43996924164511686,-0.001310885,0.0015086452
-0.4398694067152248,-0.0008792281,0.0015117192
-0.43980414357352493,4.529953e-5,0.0015125232
-0.43970681962411684,0.0006403923,0.0015151029
-0.43968423206014084,-0.00097233057,0.001510742
-0.43965742264817853,-0.00016975403,0.0015102142
-0.4395294804463937,-0.00057446957,0.0015109541
-0.4395180736671246,5.030632e-5,0.0015115873
-0.4394764639348847,0.002206087,0.0015151539
-0.43941923961192897,0.0022668839,0.0015096082
-0.43932688923638064,0.0022773743,0.0015092293
-0.43926625906419914,0.0014785528,0.0015124277
-0.439188688763572,0.00043153763,0.0015114124
-0.43911960420512053,-0.0010969043,0.0015157139
-0.4390748705941714,0.0012098551,0.0015125821
-0.4390351423306107,-0.0015019774,0.0015088873
-0.438902291798145,0.00040352345,0.0015111421
-0.4389011410884246,0.0016242266,0.0015083619
-0.4388818712101825,0.00280118,0.0015125676
-0.4387850397241827,0.0005990267,0.001508971
-0.4386866356893613,-0.00027424097,0.0015101727
-0.4386651894111493,7.6293945e-5,0.0015117693
-0.438606574324371,-0.0014020801,0.0015068391
-0.438575855682101,0.001503706,0.0015102014
-0.43853513433279434,5.1259995e-6,0.0015150171
-0.4384675884730205,-0.000706017,0.0015125966
-0.43841500865366956,0.0040090084,0.001512876
-0.4382895906658628,-0.002667427,0.0015119349
-0.43828868011966116,-0.0009896159,0.0015090834
-0.4382747774455983,-0.0017726421,0.0015099213
-0.4381527940191813,-0.00057411194,0.0015075338
-0.4381289394382696,0.0022034645,0.0015093759
-0.4380662253484442,0.002651453,0.0015134317
-0.43804844534147636,0.00019550323,0.001507134
-0.437965749303002,4.529953e-5,0.0015157948
-0.4379622859016312,-0.00028687716,0.0015097227
-0.4378623715688038,0.00083470345,0.0015113369
-0.43779713399674436,0.0004823208,0.0015122629
-0.43769975352167023,-0.000703156,0.0015130438
-0.4376772096973901,-0.0005745888,0.0015102129
-0.43765042585736824,-0.000115573406,0.0015081255
-0.4375224957682965,0.0015803576,0.0015102632
-0.43751106409067264,-0.00019973516,0.0015087199
-0.43746941196295097,-0.00058960915,0.0015138348
-0.4374122663723021,0.0013877153,0.0015092052
-0.43731992878370984,4.529953e-5,0.0015054275
-0.43725921987757854,0.0006546974,0.0015120073
-0.43718167380434914,-0.0017811656,0.0015106917
-0.43711253271891715,0.0020264387,0.0015144234
-0.4370678441945067,-0.0011020303,0.0015129724
-0.43702814150222946,0.0014230013,0.0015103071
-0.4368952781837935,-0.0018196106,0.0015085901
-0.4368941523724279,4.529953e-6,0.001508395
-0.4368748152016635,-5.7816505e-5,0.0015122418
-0.4367780631199134,0.0032986403,0.001508798
-0.4366796711991193,4.529953e-5,0.0015070774
-0.43665814618728616,2.4199486e-5,0.0015124809
-0.43659962127292806,-3.4809113e-5,0.0015054847
-0.4365688353374786,-0.0014945865,0.0015143895
-0.4365280567912202,0.00023293495,0.0015116261
-0.43646055803578476,5.030632e-5,0.0015114248
-0.43640800378771716,-0.000856936,0.001511132
-0.43628252927391575,-0.0009224415,0.001511664
-0.43628166179481,0.0008687973,0.0015116365
-0.4362677846920304,-0.0011751056,0.0015086863
-0.4361458133786551,0.00035750866,0.0015100014
-0.4361219338984029,-0.0022848248,0.0015133043
-0.43605917808766725,9.381771e-5,0.0015119512
-0.4360414768130062,-0.00010496378,0.0015087485
-0.43595872424788007,0.0010869503,0.0015174136
-0.4359553294865315,4.529953e-5,0.001506501
-0.4358553364207399,5.030632e-5,0.0015114725
-0.4357901237467068,-0.00038689375,0.0015119128
-0.43569268674498085,-0.0005399585,0.001513578
-0.43567018666302515,5.030632e-5,0.0015111935
-0.4356434290659008,-0.00017273426,0.001510854
-0.43551551109019937,-0.00078088045,0.0015094042
-0.4355040545142207,-0.0013327003,0.0015112965
-0.4354623599906887,-1.937151e-5,0.0015125871
-0.43540529380691806,-0.0015669465,0.001507806
-0.43531296832972466,0.0005223751,0.001504455
-0.43525218069095784,-0.0013404489,0.0015105936
-0.4351746595167405,0.00010538101,0.0015120835
-0.4351054605614283,0.0002515316,0.001515916
-0.4350608177938563,-0.0009416938,0.0015119213
-0.43502114067450526,4.529953e-5,0.0015093246
-0.43488826389618473,-4.386902e-5,0.0015129494
-0.43488716365577396,-0.00030624866,0.0015078804
-0.43486775851988746,-8.5532665e-5,0.0015119747
-0.4347710865169583,-0.0004826188,0.0015090171
-0.4346727067088775,4.529953e-5,0.0015101982
-0.4346511029644089,5.030632e-5,0.0015169501
-0.43459266822345655,4.529953e-5,0.0015063478
-0.4345618149931848,-0.0002527237,0.0015124534
-0.43452097992126026,-0.00013244152,0.0015143935
-0.43445352692562056,0.0004963875,0.0015128821
-0.43440099892176476,-0.0005272627,0.001511052
-0.4342754678809829,-0.00046253204,0.0015140206
-0.4342746434712732,0.0029814243,0.0015089617
-0.43426079261139106,0.0005464554,0.0015092666
-0.43413883273812903,-0.00072544813,0.0015088805
-0.4341149283591934,0.00042438507,0.0015090149
-0.4340521301539617,-0.00051027536,0.0015138657
-0.4340345076109504,0.0021044016,0.0015093583
-0.43395169852180104,-0.00010818243,0.0015148935
-0.43394837307143164,4.529953e-5,0.0015070682
-0.4338483019449475,0.0004235506,0.0015122038
-0.43378311416894055,-0.0021764636,0.0015129397
-0.43368562064253413,0.00079238415,0.0015154236
-0.43366316429961727,0.0015288591,0.0015111915
-0.4336364329476904,0.00036549568,0.0015140062
-0.43350852708371646,-0.0010582805,0.0015086536
-0.43349704493776875,-0.0010583401,0.001510718
-0.43345530801974075,0.0024803877,0.0015146754
-0.4333983212415341,0.000344038,0.0015084243
-0.4333060078763966,0.00095427036,0.0015089861
-0.4332451415069659,-0.0013607144,0.0015147662
-0.4331676445555461,0.001077652,0.001511663
-0.43309838907423925,0.0019629002,0.0015175422
-0.4330537907202774,0.00031256676,0.0015110972
-0.43301414051806664,0.00086808205,0.0015121218
-0.43288125028216173,0.0018384457,0.0015126982
-0.43288017561303427,-0.0006402731,0.0015083345
-0.4328607018381113,5.030632e-5,0.0015126172
-0.43276410991400327,-0.002132237,0.0015074537
-0.432665742218307,-0.0010339022,0.001507078
-0.4326440590682744,5.030632e-5,0.0015122226
-0.43258571517299926,4.529953e-5,0.0015063448
-0.43255479464954816,0.0014243126,0.0015115516
-0.4325139030506432,5.030632e-5,0.0015120795
-0.43244649581545636,-0.00027900934,0.0015110297
-0.43239399338255524,-0.0016211271,0.0015088054
-0.4322684064880501,0.0021315813,0.001514526
-0.4322676251454364,0.0006130934,0.001510695
-0.4322537998574947,4.529953e-5,0.0015091657
-0.4321318520962887,0.0013692379,0.0015106307
-0.4321079228216269,-0.0010211468,0.0015118733
-0.4320450828935133,-0.0011903644,0.0015113344
-0.4320275390831375,0.0018237829,0.0015078734
-0.4319446734679935,-0.0012717843,0.0015144885
-0.4319414166563319,-0.0002822876,0.0015080743
-0.43184126679589796,-0.0020282269,0.0015112864
-0.4317761039205458,0.0011636019,0.0015126773
-0.4316785545400875,-0.0010598302,0.001514503
-0.4316561419368665,0.0016747713,0.0015122208
-0.4316294361565516,0.0020600557,0.0015115645
-0.43150154240561933,-5.108118e-5,0.0015125723
-0.4314900353600025,2.1219254e-5,0.0015122341
-0.43144825604977854,-0.0020932555,0.0015141196
-0.43139134867483575,-0.0006070733,0.0015078641
-0.43129904742438296,-4.2915344e-6,0.0015053161
-0.431238102321331,0.00035130978,0.0015101904
-0.43116062959566614,4.529953e-5,0.0015138255
-0.4310913175870503,-0.0004951358,0.0015127962
-0.43104676432127,1.5258789e-5,0.0015112094
-0.4310071396886995,0.0008665323,0.0015095676
-0.4308742366678102,-0.0013566613,0.0015117701
-0.4308731868960517,0.00041258335,0.0015095195
-0.4308536451566638,9.75132e-5,0.0015146857
-0.43075713331104826,0.00018060207,0.0015088174
-0.4306587777270794,8.738041e-5,0.0015044819
-0.4306370158450685,0.00017166138,0.0015099116
-0.4305787621212277,0.0007212162,0.0015066211
-0.43054777430624014,-0.0001321435,0.0015118588
-0.43050682550906905,-0.0010650754,0.001515371
-0.43043946537690636,-0.0012503862,0.0015105968
-0.4303869885162743,0.002127409,0.0015129673
-0.4302613457690315,5.030632e-5,0.0015126027
-0.43026060749285655,0.0004991293,0.0015099662
-0.43024680777586966,-8.004904e-5,0.0015084039
-0.4301248721286911,4.529953e-5,0.0015086356
-0.4301009172814316,5.030632e-5,0.0015088664
-0.4300380349601364,-0.0009855032,0.0015130637
-0.4300205705540102,-0.0002180934,0.001510238
-0.42993764774027154,-2.6106834e-5,0.0015144135
-0.42993446091383203,0.00048661232,0.0015082398
-0.4298342316481627,0.0005174875,0.0015132459
-0.42976909434310806,4.529953e-5,0.0015105858
-0.4296714884376409,0.0009166002,0.0015127655
-0.42964911957543006,-0.0014283061,0.0015103334
-0.42962244003801264,0.0005763769,0.0015124461
-0.4294945577275221,0.0006663799,0.0015109715
-0.42948302578289344,5.030632e-5,0.001512287
-0.42944120407850195,-0.00076174736,0.0015142986
-0.4293843761094518,4.529953e-5,0.0015098549
-0.4292920869703978,-0.00043177605,0.001506134
-0.429231063135039,0.0008517504,0.0015115456
-0.4291536146344719,0.0018165112,0.0015107858
-0.42908424542956136,-0.001437664,0.0015118695
-0.4290397379216053,-5.00679e-5,0.0015115258
-0.42900013886097543,4.529953e-5,0.0015108867
-0.4288672223805301,0.0010795593,0.0015134055
-0.4288661988519977,-0.00012946129,0.0015094893
-0.428846589147159,0.0001847744,0.0015153344
-0.42875015670677885,-9.000301e-5,0.0015097139
-0.42865181323683743,3.2186508e-6,0.0015064058
-0.42862997262219116,5.030632e-5,0.0015144721
-0.42857180906978465,-0.0011461377,0.0015098284
-0.428540753962932,0.000867486,0.0015119413
-0.42849974863976636,0.000528574,0.0015156337
-0.42843243426674216,0.0012515783,0.0015124351
-0.4283799829767363,-0.0010303259,0.0015124425
-0.4282542843777416,-0.0011218786,0.0015140963
-0.4282535891680054,-0.000844717,0.0015101772
-0.4282398150236162,-6.377697e-5,0.0015086058
-0.4281178914881649,-0.001702249,0.0015104614
-0.42809391174123645,0.00043928623,0.0015150751
-0.4280309876987023,0.0007081032,0.0015134193
-0.4280136020261973,-0.0006774068,0.0015095419
-0.4279306220125497,-0.0008428693,0.0015149058
-0.4279275044977464,4.529953e-5,0.0015077111
-0.4278271971740131,0.0007735491,0.0015109908
-0.42776208476534183,0.0008895397,0.0015128811
-0.4276644216609514,0.0010994673,0.001514826
-0.42764209721333646,-0.0007084608,0.0015098928
-0.42761544324588796,-0.00048583746,0.0015101824
-0.4274875737210392,0.0026090145,0.0015129898
-0.42747601620709863,0.0019692183,0.0015118462
-0.42743415210689684,-0.00080037117,0.0015148777
-0.42737740286982495,-0.00036489964,0.0015076111
-0.42728512651706974,-0.0018106103,0.0015090414
-0.4272240239484183,0.00087070465,0.0015133079
-0.4271465996745918,4.529953e-5,0.0015103214
-0.4270771739436867,-0.00026148558,0.0015141816
-0.4270327108476978,0.0012407303,0.0015129732
-0.4269931380316083,-0.0032869577,0.0015105243
-0.42686020876584996,0.001144886,0.0015092216
-0.42685921013764383,-0.0007645488,0.0015079663
-0.426839532465383,-0.0025464892,0.0015108986
-0.42674318010283807,9.226799e-5,0.0015086537
-0.42664484874626696,0.00029873848,0.0015089476
-0.426622929398328,-7.1167946e-5,0.0015112751
-0.42656485601899885,-0.0005790591,0.0015075441
-0.4265337336186382,-0.0028108954,0.0015129376
-0.4264926710975351,0.0006889105,0.0015128637
-0.4264254038301636,-0.00025349855,0.0015146297
-0.42637297811045527,0.0006041527,0.0015116511
-0.42624722298480877,0.0007582903,0.0015135565
-0.42624657084348283,-0.0006181598,0.0015086974
-0.4262328229423197,-0.00022149086,0.0015096938
-0.42611091084763886,0.0013520718,0.0015079393
-0.42608690620366985,-0.0003387928,0.0015140682
-0.42602393976499675,4.673004e-5,0.0015142243
-0.4260066334983843,0.00024104118,0.0015088532
-0.42592359695874205,0.0015664101,0.0015156561
-0.4259205480826467,0.0021227598,0.0015060203
-0.4258201620256207,0.0013538599,0.0015139646
-0.42575507518987565,0.0004261732,0.0015121382
-0.42565735555751905,-0.0012645125,0.0015144664
-0.42563507484992846,-0.00051677227,0.0015099291
-0.4256084471280063,-0.0009472966,0.0015104468
-0.42548058904294206,-0.0006764531,0.0015100504
-0.4254690073035752,-0.0005645752,0.0015124105
-0.42542710013562035,0.0008494854,0.0015158359
-0.42537043030378374,-0.0010718107,0.001508765
-0.4252781660650561,-0.0011903644,0.0015092992
-0.4252169854360406,-0.0016565323,0.0015123509
-0.4251395847147118,4.529953e-5,0.0015103053
-0.42507010245748345,0.00023186207,0.0015159645
-0.4250256844480331,-0.00068199635,0.0015137715
-0.4249861372022412,-0.00011897087,0.0015118751
-0.4248531951505127,-0.0017379522,0.0015154753
-0.4248522220945756,0.00024724007,0.0015087515
-0.42483247578393546,0.0031154156,0.0015142845
-0.4247362035008687,4.529953e-5,0.0015098355
-0.42463788358211085,-0.00020813942,0.0015075906
-0.42461588617512214,0.00019991398,0.0015133765
-0.42455790296854157,0.0019809008,0.001511123
-0.4245267132750016,0.0018321276,0.0015127667
-0.4244855942282323,0.0030144453,0.0015137952
-0.42441837271934224,5.030632e-5,0.0015119681
-0.4243659732435172,-0.0014753342,0.001512563
-0.42424016159187594,-0.0013257265,0.0015131244
-0.4242395525189603,0.00016129017,0.001510826
-0.42422583018776616,-0.001161933,0.0015101248
-0.4241039302057984,0.0018122196,0.0015102796
-0.42407990066446033,-0.002747953,0.0015108454
-0.4240168925045483,-0.0009164214,0.0015141274
-0.4239996642963285,-0.0006209016,0.0015108617
-0.4239165712320059,-0.0009217262,0.0015162879
-0.42391359233916104,4.7683716e-6,0.0015083037
-0.42381312687657113,-0.001064539,0.0015106109
-0.4237480649401666,4.529953e-5,0.0015108204
-0.4236502894560582,0.00092577934,0.0015153956
-0.4236280524871777,0.00047647953,0.001511247
-0.4236014503378531,-0.00050646067,0.0015102084
-0.42347360436484494,0.0020730495,0.0015131122
-0.42346199772580895,5.030632e-5,0.0015108155
-0.42342004816434375,0.00012409687,0.0015137336
-0.4233634577390569,0.0008380413,0.0015090569
-0.4232712056113995,0.00039100647,0.0015102003
-0.4232099462517199,-0.00050348043,0.0015123468
-0.4231325704277603,4.851818e-5,0.0015118023
-0.42306303029769454,-0.0010904074,0.0015167235
-0.42301865804836847,-0.00011605024,0.0015098378
-0.42297913704678836,0.00089251995,0.0015128136
-0.4228461815371468,-0.0014593005,0.0015101178
-0.4228452333779217,4.529953e-5,0.0015090542
-0.42282541977541643,0.00062966347,0.0015108675
-0.4227292268965994,-0.0005142689,0.0015103539
-0.4226309190918689,4.529953e-5,0.0015087792
-0.42260884295224477,-9.936094e-5,0.0015102864
-0.4225509499170985,0.002052188,0.0015074397
-0.42251969293300773,0.0010149479,0.0015129203
-0.4224785173576152,0.0014070272,0.001513594
-0.42241134228079213,0.0012998581,0.0015154716
-0.42235896770332193,4.529953e-5,0.0015110861
-0.4222331008735146,-0.00035071373,0.0015153359
-0.42223253486605195,-0.00029319525,0.0015117808
-0.4222188381084411,0.0006535053,0.0015119791
-0.42209694956395805,4.529953e-5,0.0015103668
-0.4220728951245938,0.0010260344,0.0015099805
-0.42200984524311425,-0.001678586,0.0015149236
-0.4219926957685156,-7.7843666e-5,0.0015091752
-0.4219095461768839,0.000207901,0.0015129372
-0.4219066359227469,0.00084733963,0.0015074823
-0.42180609240275,-0.0011373758,0.0015155026
-0.4217410553630575,0.0013672113,0.001513478
-0.4216432233536116,-0.0013159513,0.0015171628
-0.4216210301247556,0.0005248785,0.0015116913
-0.42159445421898556,0.00091552734,0.0015131911
-0.4214666203583619,-0.0011819601,0.0015077359
-0.421454988149357,0.0011918545,0.0015129152
-0.4214129961933959,0.0012607574,0.0015156803
-0.42135648517367297,-6.699562e-5,0.0015087802
-0.42126424583067135,0.000797987,0.0015079182
-0.42120290706542796,-0.0005005002,0.0015132179
-0.42112555546788033,4.196167e-5,0.0015148693
-0.4210559588105055,-0.00085681677,0.0015148168
-0.4210116309757753,-0.00014913082,0.0015119021
-0.420972136218407,0.002082944,0.00151228
-0.4208391672501953,-0.0006967187,0.001514031
-0.420838245335182,0.001722455,0.0015108327
-0.4208183630939689,5.030632e-5,0.001513399
-0.42072225029265864,4.529953e-5,0.0015112128
-0.42062395460031266,0.0014944077,0.0015108195
-0.42060179972871026,0.00059211254,0.0015136626
-0.4205439968663127,0.0015766621,0.0015085932
-0.4205126725883854,-0.0001911521,0.0015146508
-0.42047143981538393,-0.0011259913,0.0015179289
-0.4204043118442137,-0.00023365021,0.001511607
-0.4203519628386839,-0.0006122589,0.0015119679
-0.42022603948156745,5.030632e-5,0.0015144051
-0.4202255165415294,5.030632e-5,0.0015119701
-0.4202118453548733,0.00017261505,0.001511568
-0.42008996892474626,0.00072562695,0.0015106256
-0.4200658895843985,0.0010209084,0.0015112099
-0.4200027973094087,0.0009908676,0.0015136113
-0.4199857272407026,0.0023553371,0.0015073034
-0.41990252045014786,0.0001424551,0.0015169677
-0.41989968018188994,-0.0007568002,0.0015077657
-0.41979905725468625,0.0015050173,0.0015132468
-0.4197340457852913,0.0022580624,0.0015146375
-0.41963615657790787,3.695488e-5,0.0015129601
-0.41961400776364766,0.00272429,0.0015114008
-0.4195874574271895,4.529953e-5,0.0015128759
-0.419459635679279,-0.00186795,0.0015109328
-0.41944797857290506,0.0015029907,0.0015111096
-0.41940594489439065,-0.00050485134,0.001512884
-0.4193495126069746,-0.00018012524,0.0015097206
-0.41925728537800055,0.00085771084,0.0015092595
-0.41919586787880725,0.0018589497,0.0015150899
-0.41911854050668595,-0.0011177063,0.0015113362
-0.4190488873256165,0.0011569262,0.0015153179
-0.4190046045747964,0.000600934,0.0015100357
-0.41896513538969715,0.0008659363,0.0015127698
-0.41883215363518655,0.0002257824,0.0015107428
-0.4188312566195138,0.0026786327,0.0015096366
-0.4188113070841356,5.030632e-5,0.0015147813
-0.4187152736906893,0.0010172129,0.0015102774
-0.4186169901087564,0.0003838539,0.0015080959
-0.41859475650550426,0.0005352497,0.0015138022
-0.41853704381585544,4.529953e-5,0.0015080669
-0.4185056529166915,0.0010092258,0.0015147962
-0.41846436294608125,0.0005966425,0.0015147113
-0.41839728073404947,0.0013759136,0.0015157682
-0.4183449579724029,0.001026392,0.0015142767
-0.4182189780883061,0.0025322437,0.0015143428
-0.41821849821832113,0.00085246563,0.0015129626
-0.41820485327390544,-0.0011378527,0.001510284
-0.4180829889558343,4.529953e-5,0.0015140724
-0.4180588840455176,-0.00086438656,0.0015086391
-0.4179957500489604,0.0006968975,0.0015155487
-0.4179787587128897,-0.00076282024,0.0015098483
-0.41789549539699733,0.002128601,0.001516076
-0.4178927237654758,0.00026345253,0.0015067398
-0.41779202277922234,-4.3272972e-5,0.0015111592
-0.41772703553591073,-0.002410829,0.0015145133
-0.41762909047513264,0.0005618334,0.0015147453
-0.41760698540023977,-0.0010479093,0.001510121
-0.41758046130996496,0.0015734434,0.0015114057
-0.41745265167378187,-0.0011464357,0.0015115531
-0.4174409696693816,5.030632e-5,0.0015098534
-0.4173988929224569,5.030632e-5,0.0015128237
-0.41734254004159066,-7.95722e-5,0.0015096053
-0.41725032492500114,0.000113248825,0.0015074193
-0.4171888293674152,0.003121376,0.0015133667
-0.417111525546806,0.00043809414,0.001513701
-0.41704181583941324,-0.0004810691,0.0015163681
-0.4169975781744746,4.529953e-5,0.0015137678
-0.41695813456033004,-0.0016328692,0.0015099157
-0.41682514002083504,2.861023e-5,0.0015111099
-0.41682426857545973,-0.0005235672,0.0015094309
-0.4168042504026881,0.0005289316,0.0015153936
-0.4167082970864199,4.529953e-5,0.0015099504
-0.41661002561982885,-0.00053334236,0.0015064281
-0.4165877132822984,0.00031292439,0.0015143445
-0.4165300907644124,0.0005568266,0.001507148
-0.41649863257469777,0.0003401041,0.0015111071
-0.4164572860754642,0.00078988075,0.0015157462
-0.4163902502961566,-0.0010562539,0.0015133051
-0.41633795243253624,-9.602308e-5,0.0015129556
-0.4162119173686304,0.0006827116,0.0015159181
-0.4162114805654128,0.0009909868,0.0015103383
-0.4161978611922803,0.00025725365,0.0015073025
-0.41607600831432245,-0.00035375357,0.0015099071
-0.4160518785066367,-8.767843e-5,0.0015138981
-0.41598870278851197,5.030632e-5,0.0015149377
-0.4159717901837624,-0.0012911558,0.0015085877
-0.4158884696692755,-0.00021463633,0.0015163161
-0.4158857673493902,0.0001026392,0.0015087636
-0.4157849876301728,-0.0005148053,0.0015124285
-0.4157200259594588,0.0015622377,0.0015140936
-0.4156220243720289,0.00019967556,0.0015129758
-0.4155999630371604,-5.1140785e-5,0.001511762
-0.4155734645184974,0.0009493828,0.0015127395
-0.41544566699699903,-0.00018465519,0.0015107949
-0.41543396009161526,-0.0010867715,0.0015118052
-0.4153918409521662,0.00014150143,0.0015135243
-0.4153355674762066,-4.9114227e-5,0.0015109602
-0.4152433644720017,-0.0009976625,0.0015071987
-0.41518179018178036,0.0008933544,0.0015146056
-0.4151045112598545,-0.0021187067,0.0015147692
-0.41503474367995286,0.0003606081,0.0015183317
-0.41499055177546706,-0.0008254647,0.0015123121
-0.4149511344048772,0.000557065,0.0015107371
-0.41481812640681204,0.00080895424,0.0015129255
-0.41481728053140576,4.529953e-5,0.0015081648
-0.4147971937212406,0.00063061714,0.0015138453
-0.4147013204828077,0.0015097857,0.001507861
-0.414603061129587,4.529953e-5,0.0015095073
-0.414580670059421,-0.0004915595,0.0015124166
-0.4145231377136266,-0.0013403893,0.0015084929
-0.41449161223007536,-0.0010147691,0.0015129729
-0.4144502085332329,-0.0016899705,0.0015147987
-0.414383219184678,-0.0020667315,0.0015115053
-0.41433094756658384,0.00094509125,0.0015123779
-0.4142048559763547,0.002177,0.0015148304
-0.41420446223957597,-0.002915442,0.0015093511
-0.41419086843904107,0.0012456179,0.0015105733
-0.41406902767478215,-0.0013874173,0.0015109166
-0.41404487229351306,5.030632e-5,0.0015098916
-0.41398165485513505,-0.0008292794,0.0015129619
-0.41396482165496373,0.00019299984,0.001506921
-0.41388144461448206,0.0014356375,0.0015165838
-0.4138788116082047,0.0004107952,0.0015081964
-0.41377795248243754,0.00048983097,0.0015117725
-0.41371301638169256,0.0006068945,0.0015126285
-0.41361495826958217,-0.0010539293,0.0015147456
-0.41359294067605257,0.0004864931,0.0015129229
-0.41356646839930133,-0.0008454323,0.0015122048
-0.413438682990516,-0.00038528442,0.0015097873
-0.41342695051417766,0.0004771948,0.0015118246
-0.4133847889812182,-0.00025963783,0.0015147602
-0.41332859490950835,0.0005877018,0.0015102228
-0.4132364040186737,-0.00027936697,0.0015106901
-0.4131747509958169,-0.0012135506,0.0015120611
-0.4130974962986601,0.00014555454,0.001514054
-0.4130276721940782,0.0015377998,0.0015145602
-0.4129835247028739,0.0013846159,0.0015153039
-0.4129441335761673,-0.0009018779,0.001514708
-0.41281111279278904,0.0016709566,0.0015130851
-0.4128102918157376,-0.0008601546,0.0015101808
-0.41279013771140727,-0.0006363392,0.0015133172
-0.41269434388050985,-0.001532197,0.001508681
-0.41259609663803076,-0.0005108714,0.001507691
-0.41257362683654364,-0.00021243095,0.0015132276
-0.41251618466251216,-0.0006239414,0.001508101
-0.41248459188545294,-0.002420783,0.0015115411
-0.4124431316639301,0.0014512539,0.0015187511
-0.4123761887474423,0.0005686283,0.0015120844
-0.4123239427003029,-0.0008479357,0.001513604
-0.4121977945853934,0.0011725426,0.0015143785
-0.4121974439150534,-0.0007519722,0.0015110389
-0.41218387635873033,0.0013076067,0.0015115087
-0.4120620470329417,-0.0011877418,0.0015106631
-0.41203786675463205,0.0011168718,0.0015117215
-0.41197460759337234,0.0007274151,0.0015152649
-0.411957852455208,-0.000102460384,0.0015081292
-0.4118744188877459,-0.0012642145,0.0015136853
-0.4118718551917906,-0.00016391277,0.0015088333
-0.4117709180082879,0.002590537,0.0015162034
-0.4117060068052406,-0.0020039082,0.0015132902
-0.41160789216680704,0.0016926527,0.00151601
-0.41158591831395896,0.00080764294,0.0015115702
-0.41155947160849105,-0.00017368793,0.0015141543
-0.4114316983111046,0.00088238716,0.001511994
-0.41141994093871137,-0.00050890446,0.0015136264
-0.4113777370092845,-4.094839e-5,0.0015137469
-0.4113216223431385,-0.0009739995,0.0015102901
-0.41122944356567426,0.00014436245,0.0015087388
-0.4111677118091963,-0.0010625124,0.0015142179
-0.4110904813387801,0.0008107424,0.0015126601
-0.41102060070787494,-0.0009688735,0.0015138561
-0.410976498301895,0.001947999,0.0015174061
-0.4109371327468002,-0.0007266402,0.0015115847
-0.4108040985048518,0.00042700768,0.0015150041
-0.41080330377398366,0.002247572,0.0015106736
-0.41078308102995975,6.389618e-5,0.001516016
-0.4106873672775547,0.00015175343,0.0015108746
-0.4105891321477888,4.529953e-5,0.0015069996
-0.410566583612352,0.0005506277,0.00151353
-0.4105092316107406,-0.00056654215,0.0015071636
-0.4104775715421449,-0.0013077855,0.0015109729
-0.4104360547946273,5.030632e-5,0.0015133667
-0.41036915763793536,0.0010644197,0.0015110511
-0.41031693783336476,0.00011110306,0.0015122896
-0.41019073386637483,-0.0013326406,0.0015141021
-0.41019042626345936,0.0013896227,0.0015111103
-0.4101768842771053,0.00051760674,0.0015097603
-0.41005506706435835,0.0012668371,0.0015091631
-0.41003086121673693,5.030632e-5,0.0015111502
-0.4099675603329239,5.030632e-5,0.0015125758
-0.4099508839260807,4.529953e-5,0.0015102377
-0.40986739383393833,0.0017845631,0.0015169362
-0.4098648994486336,0.00057291985,0.0015095074
-0.4097638828595669,0.0012270212,0.0015134274
-0.4096989972294458,-1.7225742e-5,0.0015130854
-0.40960082606337467,0.0005283356,0.0015148419
-0.4095788959505511,0.00044190884,0.0015110301
-0.40955247549060925,0.0005966425,0.0015116333
-0.40942471363432176,0.0012031794,0.0015113184
-0.40941293203387363,0.00046646595,0.0015114122
-0.409370685038008,-0.0009614229,0.0015123984
-0.40931464977742604,0.001349926,0.0015118109
-0.40922248378560333,0.0006862879,0.0015069207
-0.4091606732968185,0.0020757914,0.0015121795
-0.40908346705182863,0.00068604946,0.0015162653
-0.40901352922167167,0.000797987,0.0015158879
-0.4089694719022303,0.002169609,0.0015176239
-0.40893013191841887,0.0017704964,0.0015133057
-0.408797084889843,0.00085651875,0.0015132944
-0.4087963150573297,0.0016593933,0.0015127101
-0.4087760250214407,0.00012218952,0.0015138868
-0.40868039067328543,0.0010677576,0.0015116605
-0.40858216765754696,0.00050246716,0.0015102172
-0.4085595403894746,0.0021249056,0.0015116102
-0.4085022785612691,0.0008778572,0.0015082656
-0.4084705511988368,0.0004749298,0.0015124436
-0.40842897725305327,-0.0012357831,0.0015147908
-0.4083621271997139,6.234646e-5,0.0015124711
-0.4083099322931696,-0.001678884,0.0015093641
-0.4081836724731135,5.030632e-5,0.0015136402
-0.4081834079389368,0.0011764765,0.0015118656
-0.40816989152386607,-0.00093996525,0.0015089127
-0.40804808642350376,-0.000236094,0.0015126892
-0.4080238556768703,0.0007172823,0.0015138108
-0.407960512399547,0.00032377243,0.0015143353
-0.40794391539728203,-0.0021600127,0.0015096854
-0.40786036810687354,-4.7445297e-5,0.0015178074
-0.4078579430332051,-0.00237149,0.0015081458
-0.40775684838377446,0.00071132183,0.0015114406
-0.4076919869794082,0.001414299,0.0015131922
-0.40759375928799946,0.00030875206,0.0015127702
-0.4075718735871431,-0.0006777644,0.0015118809
-0.40754547869947044,0.0009702444,0.0015115681
-0.40741772962783884,0.0013072491,0.0015127023
-0.4074059224564359,0.0013067722,0.001512837
-0.4073636337399885,0.00055134296,0.0015164774
-0.407307677212042,0.00041103363,0.0015120369
-0.4072155233322753,0.0016964674,0.0015068755
-0.4071536341121693,-0.0011934042,0.0015134566
-0.40707645209063426,0.002294302,0.0015113398
-0.4070064570628684,8.177757e-5,0.0015146137
-0.40696244550256566,0.0011065006,0.001513253
-0.4069231317626375,-0.0001373887,0.0015104564
-0.40679007127647715,0.0007452965,0.0015100235
-0.40678932701327564,0.0014548302,0.0015091853
-0.4067689683399932,-0.0011358857,0.0015152716
-0.40667341406934465,-0.00017088652,0.0015093742
-0.4065752031659907,-0.0002784729,0.0015076415
-0.40655249716659725,-0.00045013428,0.001513045
-0.4064953255104832,0.0016385317,0.0015120971
-0.40646353152845727,-5.596876e-5,0.0015134526
-0.40642190038309334,0.001183033,0.0015149056
-0.4063550967614924,0.00024557114,0.0015121773
-0.4063029274272172,4.529953e-5,0.0015125809
-0.4061766117540949,0.0011535883,0.0015149314
-0.4061763896130999,0.00021612644,0.0015115062
-0.4061628994435553,-0.0006868243,0.0015119435
-0.4060411057829776,0.00052666664,0.0015119753
-0.4060168501366751,5.030632e-5,0.0015114106
-0.4059534651377843,-0.0013446212,0.00151552
-0.4059369468704549,0.001149416,0.0015090939
-0.4058533430520802,0.0007917881,0.0015157309
-0.40585098729103386,0.00049316883,0.0015089037
-0.40574981323669634,-0.00029420853,0.001512974
-0.405684977401642,-0.0007349849,0.001512469
-0.4055648512250495,5.030632e-5,0.001510748
-0.4055384825806029,-0.00034445524,0.0015120114
-0.4054107449484273,0.0006849766,0.0015109392
-0.40539891288096974,-0.00057053566,0.0015110156
-0.40535658176904055,5.9843063e-5,0.0015127447
-0.4053007046460009,0.0003669262,0.001509871
-0.40520856287927587,0.0005528927,0.0015097124
-0.40514659492620586,-0.00022113323,0.0015117669
-0.4050694371307543,0.002303958,0.0015160787
-0.404999385576008,0.0011441708,0.0015169309
-0.404955419102901,-0.00069987774,0.0015122038
-0.4049161309332704,-0.0008997321,0.0015141399
-0.4047830576614685,0.001467824,0.0015130069
-0.4047823389715217,-0.00074929,0.0015105866
-0.4047619123321313,-0.0005301237,0.0015130545
-0.404666437466061,0.001781106,0.0015108564
-0.4045682386744345,-2.9683113e-5,0.0015074215
-0.4045454539437199,0.0010089874,0.0015123963
-0.40448837245936875,0.0006585121,0.0015088426
-0.40445651118383485,0.0005611181,0.0015133908
-0.40441482351247626,-0.00011366606,0.0015157947
-0.40434806565198533,0.0010900497,0.0015112477
-0.4042959225619219,-0.00051414967,0.0015138496
-0.40416955036214786,-6.610155e-5,0.0015171993
-0.4041693719615058,0.0009380579,0.0015117716
-0.4041559073619303,-0.00042504072,0.0015118506
-0.40403412581538,0.00020730495,0.0015090004
-0.4040098452707227,5.888939e-5,0.0015118717
-0.4039464178773359,0.0008403063,0.0015149321
-0.4039299783413276,0.00045990944,0.0015103339
-0.40384631732534404,-6.3180923e-6,0.0015151901
-0.403844030875934,4.529953e-5,0.0015070743
-0.4037427787618896,-0.0013110638,0.0015111696
-0.40367796782519005,-0.00089871883,0.0015141842
-0.4035796270824491,7.9512596e-5,0.0015143777
-0.4035578288642703,-0.00038206577,0.0015118605
-0.4035314864627211,0.00044882298,0.0015148948
-0.4034037609432587,0.00033450127,0.0015141143
-0.4033919039774463,-0.0012946725,0.0015125173
-0.4033495297967783,4.0650368e-5,0.0015136056
-0.4032937314073597,-0.0008686185,0.0015084562
-0.4032016024256193,-0.000510633,0.0015068776
-0.40313955573958526,0.0005328655,0.0015127416
-0.4030624228438028,0.0023196936,0.0015146609
-0.40299231408980474,0.00038039684,0.0015159247
-0.4029483920289936,-0.00036424398,0.001513312
-0.40290913010488905,-0.00081944466,0.0015127732
-0.4027760440464597,-0.000949502,0.0015120795
-0.40277535025486777,0.0019519329,0.0015091558
-0.40275485564969804,0.00089776516,0.0015190992
-0.402659460863106,0.0006402731,0.0015106167
-0.40256127418419263,0.0021759272,0.001508452
-0.4025384107208426,-0.0014182329,0.0015120828
-0.40248141940858295,-0.0017193556,0.0015074926
-0.4024494908405267,0.0014659166,0.0015133555
-0.40240774664317347,-5.2690506e-5,0.0015137228
-0.40234103521474973,0.00035357475,0.0015128747
-0.4022889176953124,-0.00028127432,0.0015117143
-0.4021624896431293,-0.0001398921,0.0015129744
-0.40216235363698327,-0.00039118528,0.0015133187
-0.40214891460869107,0.00057148933,0.001511821
-0.40202714517353966,-0.0010206103,0.0015123658
-0.4020028397318418,0.0007703304,0.0015149653
-0.40193936994395896,0.0011478662,0.0015120609
-0.40192300981252893,-5.310774e-5,0.0015074688
-0.40183929227120785,0.00029706955,0.0015178374
-0.4018370751324484,0.0008276701,0.0015086986
-0.40173574361316855,-0.0006456971,0.0015127508
-0.401670958248738,-0.0014802814,0.0015138863
-0.4015725609800025,0.0010495186,0.0015151043
-0.4015508065008623,-0.0003452301,0.0015119588
-0.40152448967158216,-0.0010421276,0.0015131802
-0.40139677626516157,-0.0005944371,0.0015123833
-0.40138489439968006,-0.00103724,0.0015126222
-0.4013424778251732,0.0013046265,0.0015149086
-0.4012867588429615,0.0010094643,0.0015118006
-0.4011946426445626,0.0016038418,0.0015086571
-0.4011325172278646,-0.00045895576,0.0015151118
-0.4010554078839227,-0.00010699034,0.0015125901
-0.40098524260393,0.0021486282,0.001517359
-0.40094136562834315,0.00010895729,0.001512578
-0.4009021299494362,0.0005824566,0.0015125397
-0.40076903043309386,0.000197649,0.0015125759
-0.4007683622108138,0.00029027462,0.0015101687
-0.40074779964019336,0.0006890297,0.0015129229
-0.4006524849320937,0.00076055527,0.0015122216
-0.40055430969395067,-0.0009891391,0.001509542
-0.40053136749665086,0.00065791607,0.0015137955
-0.40047446635779704,0.00027096272,0.0015095646
-0.40044247116916143,0.00030338764,0.0015114329
-0.4004006697738707,0.00288105,0.0015166432
-0.4003340047761996,5.030632e-5,0.0015128319
-0.4002819128280457,0.0020747185,0.0015155917
-0.40015542824986783,-0.00057816505,0.0015146313
-0.40015533598407493,0.00218606,0.0015119836
-0.4001419225283803,0.0024300814,0.0015104164
-0.4000201645330135,-0.0010417104,0.0015104463
-0.3999958341929609,0.0017565489,0.0015096806
-0.39993232268351053,0.0018059015,0.0015108199
-0.399832266543486,0.00058448315,0.0015158002
-0.39983011871734864,0.0014600754,0.0015088221
-0.3997287091373761,0.00094914436,0.0015128105
-0.39966394867195754,0.001511097,0.0015122555
-0.3995654948765701,-0.00020819902,0.0015137583
-0.3995437841374544,0.0016405582,0.0015125569
-0.3995174935527147,0.001532793,0.0015112157
-0.39938979225999294,0.0009880066,0.001509166
-0.39937788482191383,0.0014054775,0.0015126421
-0.39933542652781084,0.0009396076,0.0015136148
-0.39927978694919164,0.0010240078,0.0015102176
-0.3991876821932061,0.0016827583,0.0015070504
-0.39912547804255827,0.00018417835,0.0015181326
-0.3990483935956569,-0.00052654743,0.0015138341
-0.39897817111805534,-0.0015160441,0.0015152376
-0.39893433922966426,-8.46386e-6,0.0015127392
-0.39889512911974057,0.0011208057,0.0015143375
-0.39876201681907086,-0.0011037588,0.0015113687
-0.3987613741680741,-0.0014777184,0.0015091628
-0.39874074295874584,-0.0007972121,0.0015144031
-0.39864550832881007,-0.00036352873,0.0015110306
-0.39854734520272306,0.0010335445,0.0015084554
-0.3985243249467021,-0.000908494,0.0015138438
-0.3984675133066826,-0.00019693375,0.0015089297
-0.39843545082486764,-0.00037765503,0.0015157697
-0.3983935922313109,0.001760006,0.0015149246
-0.3983269736653783,0.0015389919,0.0015137524
-0.39827490729015047,-0.0008545518,0.0015104706
-0.3981483668566065,0.0015656948,0.0015141158
-0.3981483176595524,-0.00024938583,0.0015121687
-0.3981349304467552,0.0016946793,0.0015096458
-0.3980131845654159,0.00069618225,0.0015094175
-0.39798882865276564,5.030632e-5,0.0015141795
-0.39792527542371936,0.002418995,0.0015162155
-0.3979090727565744,-7.456541e-5,0.0015092068
-0.39782524148967835,0.00047075748,0.0015163714
-0.3978231629751773,-0.0008957982,0.001507545
-0.39772167398964087,0.00017416477,0.0015114764
-0.3976569390945198,0.0014162064,0.00151231
-0.3975584287737949,-4.4584274e-5,0.001515919
-0.3975367617766751,0.00016605854,0.0015126668
-0.3975104974348329,0.001193285,0.0015115814
-0.3973828075805814,-0.0009830594,0.0015144364
-0.3973708759183904,-9.918213e-5,0.0015104669
-0.3973283745568629,-0.001866579,0.001512914
-0.3972728143828219,0.00014793873,0.0015086748
-0.3971807217402066,-0.0012593865,0.001507707
-0.3971184388562663,0.0009664297,0.0015119967
-0.39704137863446254,-0.00082051754,0.0015136496
-0.3969710996321807,-0.0011152029,0.0015167176
-0.3969273128299996,0.0006866455,0.00151265
-0.3968881289642877,0.00034415722,0.0015137898
-0.3967550025308051,0.00018167496,0.0015122853
-0.39675438545240593,-0.00025582314,0.0015110577
-0.3967336869502268,0.00095772743,0.0015130602
-0.39663853172585495,7.557869e-5,0.0015108039
-0.3965403807121526,4.529953e-5,0.0015099412
-0.39651728172448186,0.0016167164,0.0015118017
-0.39646056092783954,0.0020047426,0.0015079712
-0.39642843048221676,0.0026723146,0.0015139914
-0.3963865153610223,-0.00033134222,0.0015162609
-0.39631994322814257,0.0004595518,0.0015131539
-0.39626790242386956,0.0006302595,0.0015145341
-0.3961413061389022,-0.0018737316,0.0015139474
-0.39614130000795833,0.00022542477,0.0015120141
-0.39612793769351595,0.0017507076,0.0015125334
-0.39600620392390407,0.0007907152,0.0015117022
-0.39598182311388475,-0.0022494197,0.0015109614
-0.39591822816228517,-0.0008827448,0.0015129269
-0.3959021042287615,-0.00020486116,0.0015096574
-0.3958162065590918,0.0009188652,0.0015083326
-0.39571463951549124,0.0017911196,0.0015129844
-0.3956499295180679,0.0016440153,0.0015142211
-0.39555136267134827,-1.3232231e-5,0.0015146654
-0.39552974008718145,3.5762787e-6,0.0015115552
-0.3955035006440226,-0.00094521046,0.0015102581
-0.3953758235754128,-0.0012558103,0.0015087369
-0.3953638663432527,0.00049066544,0.0015105021
-0.3953213225859149,0.0017025471,0.0015135203
-0.39526584181710933,0.00014543533,0.0015087802
-0.3951737619594785,-0.000854671,0.0015097519
-0.3951114003429027,0.00055623055,0.0015141482
-0.39503436367589684,4.529953e-5,0.0015131974
-0.39496402814499165,0.00080132484,0.0015154018
-0.39492028642902066,0.0010063648,0.0015109918
-0.39488112813590637,-0.0005198717,0.0015136688
-0.39474798891612495,0.00079762936,0.0015097967
-0.39474739740966625,-0.00014150143,0.001509755
-0.3947266302684507,0.0014795065,0.0015179098
-0.3946315551222428,0.00066387653,0.001511053
-0.394533416223225,0.0002220869,0.0015089891
-0.39451023850094735,-0.00041151047,0.0015122821
-0.3944536078773824,0.0017067194,0.0015063792
-0.39442141013890863,0.0007750988,0.0015126177
-0.39437943849171964,-0.0005674362,0.0015162824
-0.3943129127915641,-0.0021975636,0.0015151013
-0.39426089755726,-0.0001373291,0.0015134896
-0.3941342816821215,0.0006402731,0.0015119414
-0.3941342447466266,-0.0005978942,0.0015150178
-0.3941209456132052,-0.00037878752,0.0015094635
-0.39399922328304937,-5.120039e-5,0.0015138868
-0.393974817575661,-0.0008494854,0.0015136085
-0.3939111809008511,0.0025390387,0.0015142612
-0.3938951356999628,0.00016117096,0.0015116828
-0.3938111907078202,-0.00066137314,0.0015161191
-0.3938092508165919,0.0019378662,0.0015090817
-0.3937076043664417,0.00032043457,0.0015147205
-0.39364291994161593,0.0002682209,0.0015131792
-0.39354429656890166,0.0014157295,0.0015151505
-0.3935227177241021,0.0010154247,0.0015139543
-0.39349650452482654,0.0011110306,0.0015136695
-0.39336883889731566,-0.00104177,0.0015098987
-0.3933568567654865,5.030632e-5,0.0015114067
-0.39331427061496693,0.00028967857,0.0015144144
-0.39325886925106823,0.002218008,0.0015102207
-0.3931668015068077,0.00058448315,0.0015069192
-0.3931043611575964,-0.0007303953,0.00151308
-0.39302734938763106,0.0012885332,0.0015144357
-0.3929569566591169,0.000666976,0.0015166757
-0.392913260029356,-0.00070238113,0.0015137744
-0.3928741273071964,0.0014457703,0.001511634
-0.39274097530210195,5.030632e-5,0.0015132896
-0.39274040936561216,-0.0015193224,0.0015128101
-0.392719574258946,0.00087964535,0.0015139697
-0.39262457851895916,7.009506e-5,0.0015090203
-0.3925264517316688,0.0012171268,0.0015065373
-0.3925031952767557,5.1259995e-5,0.0015138893
-0.3924466548269251,0.0028448105,0.0015075624
-0.3924143904672147,0.0006297827,0.0015115013
-0.392372361623074,-0.0019022226,0.0015128865
-0.3923058816800855,0.00068211555,0.0015124986
-0.392253892690979,4.529953e-5,0.0015134509
-0.39212726403052744,-0.0011729002,0.0015104844
-0.3921271840266223,0.0011233091,0.0015153998
-0.3921139535315802,0.0011714697,0.0015102335
-0.39199224331479465,-0.00028938055,0.0015126934
-0.39196781203612296,0.00023698807,0.0015114475
-0.3919041329674742,0.00017106533,0.0015111415
-0.3918881671718212,0.0003838539,0.0015120414
-0.39180416565401266,-0.0006143451,0.0015159585
-0.3918022944008349,0.00012242794,0.0015074641
-0.3917005698909778,-0.001517415,0.0015140171
-0.3916359103638497,-6.109476e-5,0.0015152013
-0.39153723046645494,0.00082457066,0.0015169658
-0.3915156953606942,0.0015847683,0.0015110109
-0.39148950840694474,9.572506e-5,0.0015128274
-0.39136185489083275,0.0026862621,0.0015121461
-0.39134984786064875,0.001996398,0.0015123455
-0.39130721931563317,0.00036144257,0.0015150348
-0.39125189668535565,0.00046861172,0.0015097213
-0.3911598410538083,0.00025868416,0.0015106663
-0.3910973226458758,-0.000982523,0.001511898
-0.3910203344264368,0.0018004179,0.0015119932
-0.39094988517324225,-1.7046928e-5,0.0015164805
-0.39090623362969135,-0.00025457144,0.0015111099
-0.3908671271507579,-0.0004918575,0.0015150732
-0.3907339616887361,0.00082302094,0.001510619
-0.390733420649944,0.0010118484,0.00151048
-0.39071251825042697,0.00068604946,0.0015148623
-0.390617602588604,-0.0014439821,0.0015087588
-0.39051948724011254,-0.0007160306,0.0015080556
-0.39049615205387833,0.00068211555,0.0015129053
-0.3904397017751535,0.0038523674,0.0015090803
-0.3904073701239067,-0.000372231,0.001513866
-0.3903652847537712,0.0012840033,0.001517407
-0.39029885124219266,0.00037157536,0.0015146772
-0.3902468878246981,0.0018277168,0.0015135929
-0.3901202457060049,-0.0010416508,0.0015113786
-0.3901201233076037,0.0016802549,0.0015180522
-0.39010696145126944,0.00048279762,0.0015117391
-0.3899852626729543,-0.00034338236,0.0015104637
-0.3899608064959278,0.000259161,0.0015100862
-0.38989708570702575,0.0006400347,0.0015138434
-0.3898811986440083,0.0009999275,0.0015083384
-0.38979713992694787,-0.00078475475,0.0015151299
-0.3897953386573493,-0.0009989738,0.0015086347
-0.38969353474389967,5.030632e-5,0.001514239
-0.38962890078739776,0.0009750128,0.0015129347
-0.38953016436269405,0.0014134645,0.0015137774
-0.3895086729986006,-0.0013215542,0.0015113618
-0.38948251161613445,-0.0006003976,0.0015116675
-0.3893548708856641,0.0001155138,0.0015106631
-0.3893428382855111,-0.00064253807,0.0015119386
-0.3893001673446853,0.001962781,0.0015126711
-0.38924492411964307,-0.0005521178,0.001509193
-0.3891528812730801,0.00022828579,0.0015092294
-0.38909028345958374,-0.00021910667,0.0015146092
-0.3890133201407996,-0.001309514,0.0015126575
-0.3889428136860532,0.0021713972,0.0015179536
-0.3888992072287123,-0.0011794567,0.0015110052
-0.38886012632106226,-0.00027227402,0.0015149402
-0.3887269480733988,-0.0016447306,0.0015130077
-0.3887264326072043,-0.00033211708,0.0015125677
-0.3887054615696366,-0.00058853626,0.0015151739
-0.38861062598499185,0.0019841194,0.001512145
-0.38851252342411347,0.00119102,0.0015110286
-0.38848910883100096,0.0008569956,0.0015145236
-0.38843274872469624,0.00015866756,0.0015084429
-0.38840035045352705,-0.00079482794,0.0015137699
-0.3883582078831541,0.0002487898,0.001515107
-0.3882918208056141,0.0021028519,0.0015140335
-0.38823988295808853,0.00042390823,0.0015129735
-0.38811322805441084,0.0004298687,0.0015125218
-0.38811306191565664,-0.00088870525,0.0015140198
-0.3880999686980302,-0.00039225817,0.0015103078
-0.38797828203308526,4.529953e-5,0.001509539
-0.3879538009570469,-0.00013023615,0.0015122751
-0.3878900384462487,0.0021730661,0.0015148553
-0.3878742301152096,-0.00037133694,0.0015069202
-0.3877901148728117,0.0012345314,0.0015161817
-0.3877883822429067,0.0014673471,0.0015082947
-0.3876865002690929,-0.00056761503,0.0015127946
-0.3876218912109458,-0.00036472082,0.0015144538
-0.38752309826024744,-0.0014861822,0.0015147476
-0.38750165063716413,-0.0015267134,0.0015120909
-0.38747551549693837,-0.0014799833,0.0015101009
-0.3873478862065812,0.00084614754,0.0015106046
-0.387335829381659,0.0013208389,0.0015129035
-0.38729311537373734,0.00057697296,0.001515272
-0.38723795155360186,0.0012005568,0.0015123382
-0.38714592081909505,-0.0006495118,0.0015064302
-0.38708324427329166,0.002158165,0.0015174911
-0.387006305180591,-0.0017337799,0.0015130709
-0.38693574220017857,3.671646e-5,0.0015149498
-0.38689218082773336,-0.00025427341,0.0015110128
-0.3868531261665952,0.0030236244,0.001514148
-0.38671993445871866,-0.00035518408,0.0015113318
-0.3867194445631503,0.00067281723,0.0015111276
-0.3866984055598033,0.00030994415,0.0015168211
-0.3866036493817082,0.0021679401,0.001512632
-0.3865055589325572,0.0011869669,0.0015091192
-0.3864820656077951,6.842613e-5,0.0015142323
-0.38642579567423896,-0.00051921606,0.0015098059
-0.38639333011021904,-0.0014423728,0.0015135367
-0.3863511303402657,-0.0034809113,0.0015144739
-0.3862847903683785,0.0011415482,0.0015133928
-0.38623287809082185,4.529953e-5,0.001511694
-0.3861062097298883,7.522106e-5,0.0015106341
-0.38610600119630945,0.00082552433,0.0015132814
-0.38609297661771946,-0.0022108555,0.0015098805
-0.3859713020654877,4.529953e-5,0.001511688
-0.3859467954168516,0.0012204647,0.0015129816
-0.3858829911848146,-0.00061023235,0.0015124738
-0.3858672615870681,0.00061786175,0.0015116439
-0.385783089819004,-0.00053316355,0.0015131434
-0.3857814265000782,-0.0002899766,0.0015091518
-0.38567946579297185,0.0016493797,0.0015139015
-0.3856148816331795,0.001965642,0.0015141345
-0.3855160321587865,-0.0002757311,0.0015144674
-0.3854946282744134,0.00025594234,0.0015139801
-0.3854685193790566,-0.0017994046,0.0015104861
-0.3853409022004268,0.0016795397,0.0015101451
-0.3853288198042214,-0.0012390614,0.0015084426
-0.3852860640744036,-0.0003695488,0.001514554
-0.3852309789882179,0.00015354156,0.001509507
-0.38513896036642414,6.198883e-5,0.0015124729
-0.3850762057615711,-0.0012515187,0.0015131498
-0.3849992908926537,-0.0006133318,0.0015147987
-0.3849286707143038,-0.00064742565,0.0015155155
-0.3848851537551402,-0.0011208057,0.0015131155
-0.38484612533722806,0.0014253855,0.0015145255
-0.3847129208453528,-0.0013320446,0.0015104951
-0.38471245584748215,0.00076413155,0.0015112143
-0.3846913488776986,-0.0021189451,0.0015132081
-0.3845966727784246,0.0013753176,0.0015129498
-0.384498594441001,-0.0004579425,0.0015087466
-0.38447502305686043,0.0003259182,0.0015135454
-0.3844188426224674,-0.0014664531,0.0015052188
-0.3843863097669109,0.00066804886,0.0015127303
-0.3843440534706344,-0.00062322617,0.0015150976
-0.3842777592568999,0.0026503801,0.0015145591
-0.38422587322486945,0.001004219,0.0015122303
-0.38409919207697996,-0.0016699433,0.0015094994
-0.38409893980403387,-4.1127205e-5,0.0015184908
-0.38408598453609444,0.000101566315,0.0015082852
-0.38396432142397585,-0.00037652254,0.0015111458
-0.3839397898779707,0.00032138824,0.0015123255
-0.3838759439243662,0.0011304617,0.0015127882
-0.3838602930585979,-0.00021833181,0.0015067975
-0.3837760640916108,2.861023e-6,0.0015166065
-0.38377447075659266,-0.00052678585,0.0015095834
-0.38367243064457945,-0.0011620522,0.0015172785
-0.38360787205672753,-0.0005736947,0.0015146693
-0.3835089660553541,-0.0010692477,0.0015136937
-0.383487606583934,-6.67572e-6,0.0015121187
-0.3834615225882463,0.00070154667,0.0015126943
-0.38333391752298684,0.0011116266,0.001512853
-0.38332181089938366,0.0002783537,0.00151258
-0.3832790121034556,0.00052011013,0.0015136768
-0.3832240064225053,-0.00029426813,0.0015082841
-0.38313200058668184,0.00050342083,0.00150826
-0.3830691665762648,-0.0021894574,0.0015128556
-0.38299227660438795,-0.0016280413,0.0015138143
-0.38292159922842917,0.00036978722,0.0015148016
-0.38287812735678983,-0.00083863735,0.0015122961
-0.3828391251804609,-0.0008763075,0.0015114216
-0.3827059072313298,-0.0013250709,0.0015117866
-0.3827054678034282,0.00020360947,0.0015113287
-0.382684292868851,-0.00070512295,0.0015119553
-0.3825896961748123,-0.0009774566,0.0015108122
-0.38249162995075914,0.001262784,0.0015073944
-0.38246797983398306,-0.0005791187,0.0015140512
-0.3824118895720101,-0.0017284751,0.0015065374
-0.3823792900952171,0.0016522408,0.0015150502
-0.38233697660231736,0.00030064583,0.0015168393
-0.3822707288186785,-0.0009649992,0.0015131244
-0.3822188683595742,-0.0015663505,0.0015146241
-0.3820921737524574,-0.00043922663,0.0015152496
-0.38209187908435815,0.0020326376,0.0015160246
-0.3820789924547979,0.00017213821,0.001511355
-0.38195734145604976,0.0003798008,0.0015145786
-0.38193278433908984,-0.0009495616,0.0015115307
-0.3818688966645749,-0.0006144643,0.001513576
-0.38185332452947063,0.0012458563,0.0015091861
-0.3817690390374745,0.0034012794,0.0015157278
-0.38176751434214995,0.0019155741,0.0015074748
-0.38166539616944417,-0.00035738945,0.0015133539
-0.3816008624802756,0.001967311,0.0015158765
-0.3815018999515932,-0.0003925562,0.0015153472
-0.38148058422282616,-0.00017559528,0.0015127085
-0.38145452647003586,0.0003529787,0.0015127985
-0.3813269335178182,0.00020623207,0.0015114975
-0.3813148013229316,8.356571e-5,0.0015137256
-0.3812719608054361,0.0010225773,0.0015162997
-0.38121703385679273,0.0011384487,0.0015080257
-0.38112504013269666,4.529953e-5,0.0015079278
-0.38106212806257267,3.3020973e-5,0.0015137667
-0.38098526164450786,0.00045084953,0.0015147579
-0.38091452774321166,0.0004787445,0.0015151899
-0.3808711009558109,-0.0002757311,0.0015123277
-0.38083212435339386,-0.0017208457,0.0015139644
-0.3806988936159924,0.0006067753,0.0015118059
-0.38069847976003124,-0.00044882298,0.0015109312
-0.38067723686000343,0.0003323555,0.0015131403
-0.3805827202444573,0.0025321245,0.0015100727
-0.3804846654595315,0.0006490946,0.0015081094
-0.38046093661176295,0.00090539455,0.0015145956
-0.38040493652155283,-0.0017985106,0.0015087461
-0.38037226975190896,0.0015975237,0.0015142475
-0.3803298997317003,-0.00045102835,0.0015164312
-0.3802636983811142,-0.0015149713,0.0015156069
-0.380211863492636,-0.00077825785,0.001515703
-0.38008515610086335,0.00027036667,0.001514764
-0.38008481769208247,0.0007942915,0.0015147349
-0.38007200037547295,-0.0011283159,0.0015155693
-0.3799503608155236,0.0003784895,0.0015109933
-0.37992577947313744,-0.000610888,0.0015116398
-0.3798618494028122,-0.0005762577,0.0015136132
-0.37984635600231487,-0.00019353628,0.0015095095
-0.37976201398268117,0.00026667118,0.0015156604
-0.3797605585999787,-0.0020677447,0.0015075632
-0.37965836102269457,0.00030827522,0.0015136065
-0.37959385290250935,0.0004181862,0.0015140384
-0.3794948338491466,-0.0005674958,0.0015140672
-0.37947356186040393,0.0002669096,0.0015120687
-0.3794475303511684,4.529953e-5,0.0015103194
-0.3793199495116638,1.2636185e-5,0.001513723
-0.3793077924200654,0.0009971857,0.0015132332
-0.37926490883448816,-0.00032675266,0.0015150498
-0.3792100612907515,-0.0011841059,0.0015105389
-0.37911808035295425,0.00092351437,0.0015088083
-0.3790550888766092,-0.00028461218,0.0015134233
-0.37897824735854213,0.0009717941,0.0015178004
-0.37890745625635114,0.00013875961,0.0015165278
-0.37886407455483195,-0.0013802052,0.0015113901
-0.3788251241976125,0.0016723871,0.0015118873
-0.37869188000098375,0.00030946732,0.0015129622
-0.3786914917179488,-0.0015064478,0.0015080563
-0.3786701801785559,0.0019514561,0.0015142543
-0.37857574364117363,-0.00094366074,0.0015102015
-0.37847770096896105,-0.0011683106,0.0015077499
-0.3784538933878998,-0.0010792017,0.0015130198
-0.37839798346978126,0.0009961128,0.0015091008
-0.37836525008021515,0.0011583567,0.0015151147
-0.37832282286141183,0.0010024309,0.0015160436
-0.37825666794519286,0.0008906126,0.0015149758
-0.37820485862569797,0.0007277727,0.0015172277
-0.3780781377750264,0.00014829636,0.001511147
-0.37807775697273527,-0.0024800897,0.0015166717
-0.3780650082938479,-0.00032514334,0.0015118083
-0.37794338084726886,0.0016168356,0.0015119502
-0.37791877393425655,0.0018550158,0.001511993
-0.37785480146877815,0.00054848194,0.0015152413
-0.3778393874738448,0.0021966696,0.0015129901
-0.3777549889275592,-0.0016448498,0.0015160912
-0.3777536021838931,4.529953e-5,0.0015108075
-0.3776513265465735,-0.00077426434,0.0015141647
-0.3775868433260574,0.0009918213,0.0015134373
-0.3774877684196285,0.0013519526,0.0015132732
-0.3774665394976532,0.00010752678,0.0015118256
-0.3774405342319723,0.00026619434,0.0015128223
-0.37731296483323806,0.0001565218,0.0015117399
-0.3773007828429563,0.00013411045,0.0015121895
-0.37725785686321167,-5.0663948e-5,0.0015125405
-0.3772030887240533,0.0007035732,0.0015113298
-0.37711111990028345,0.0010714531,0.0015100386
-0.37704805036390276,0.00072705746,0.0015140066
-0.3769712323976764,0.00050854683,0.0015128617
-0.3769003847694907,0.0008928776,0.0015164696
-0.3768570481564816,0.0020090342,0.0015143077
-0.3768181233682454,0.0006581545,0.0015142715
-0.3766848663866321,5.030632e-5,0.0015106341
-0.3766845036752091,0.0017906427,0.0015108637
-0.37666312416937975,-0.00086319447,0.0015136367
-0.3765687670382185,-0.0014301538,0.001510162
-0.3764707364787191,0.0006364584,0.0015088175
-0.3764468508369653,-0.00035464764,0.0015124975
-0.376391030419324,-0.00056552887,0.001508667
-0.3763582297362499,-0.00028127432,0.0015141538
-0.3763157459930948,-0.00021833181,0.0015171394
-0.37624963750664275,-0.0025148392,0.0015120625
-0.37619785375974557,0.00044751167,0.0015156167
-0.37607112012343236,0.00049865246,0.0015129227
-0.3760706962537167,0.0014855862,0.0015157089
-0.3760580155396229,4.529953e-5,0.0015090174
-0.3759364002054284,0.0007199049,0.0015115873
-0.3759117683940614,0.0017758608,0.0015128709
-0.3758477542080012,-0.00010615587,0.0015145614
-0.37583241894471753,-0.00085383654,0.0015112532
-0.3757479632018088,-0.0010963082,0.0015163892
-0.3757466464407361,0.0013281107,0.001509268
-0.3756442920707811,0.0011006594,0.0015125734
-0.37557983374960546,-0.0003426075,0.0015179035
-0.3754807023178389,0.0014975071,0.0015166806
-0.3754595171342453,-0.00032567978,0.0015115102
-0.3754335381154048,0.00043988228,0.001509324
-0.37530598082806943,0.0014686584,0.0015132976
-0.37529377393811847,4.8995018e-5,0.0015100427
-0.3752508055642064,-0.0007158518,0.0015153062
-0.37519611683225484,0.0007067919,0.0015127411
-0.37510415944629827,-3.8981438e-5,0.00150691
-0.3750410111795822,0.00021278858,0.0015139296
-0.3749642181094105,-0.00035756826,0.001512734
-0.3748933132836161,-0.00093466043,0.0015172474
-0.3748500217564884,-1.9848347e-5,0.0015139212
-0.37481112321147825,-0.000487566,0.0015106952
-0.3746778527739235,-0.00038409233,0.0015125514
-0.37467751495822654,-0.0033020973,0.0015082789
-0.3746560681605322,-0.0005992055,0.0015144832
-0.37456179110720633,-0.00025582314,0.0015099577
-0.3744637726607486,-0.00042527914,0.0015085844
-0.3744398076140879,-0.00041300058,0.001515133
-0.3743840773688667,0.0016288757,0.0015116021
-0.3743512100665275,-9.196997e-5,0.0015129396
-0.374308669123792,0.001932621,0.0015151921
-0.3742426063954929,0.0008331537,0.0015140723
-0.3741908488924789,-0.00095152855,0.0015108901
-0.3740641024718384,-0.00080925226,0.0015132537
-0.37406363486176963,0.0003849268,0.0015161451
-0.37405102346029795,-0.0014767051,0.0015131508
-0.3739294202378308,0.0010738373,0.0015116268
-0.3739047628551805,0.0024739504,0.0015122816
-0.37384070694722416,0.0001988411,0.0015146577
-0.37382545109049026,0.0012782812,0.0015103285
-0.3737409381476726,-0.00035756826,0.0015161495
-0.37373969069856483,-0.00012266636,0.0015093844
-0.3736372569240315,-3.618002e-5,0.001516784
-0.3735728241731535,-0.00014042854,0.001514558
-0.37347363621473517,-2.7120113e-5,0.0015175503
-0.3734524954450802,-8.8751316e-5,0.0015118835
-0.37342654132328024,-0.0012305379,0.0015108658
-0.37329899682191503,-0.0010556579,0.0015120946
-0.3732867643626523,-0.0008146167,0.00151148
-0.37324375359325845,-0.0021002293,0.0015164308
-0.37318914426621375,-0.0013219118,0.0015119242
-0.37309719966655586,-0.001069665,0.0015099559
-0.3730339726672044,-0.0008470416,0.0015124145
-0.3729572031505163,0.0011080503,0.0015133928
-0.3728862417977413,-0.00088590384,0.0015155606
-0.372842995355838,5.030632e-5,0.0015108954
-0.3728041223830969,0.0006763935,0.0015144425
-0.3726708391585861,0.00054192543,0.001510826
-0.37267052691548685,0.0005598068,0.0015097309
-0.37264901215299895,0.001111269,0.0015149716
-0.37255481450326544,4.684925e-5,0.0015104822
-0.37245680816919235,0.00019085407,0.0015107936
-0.3724327643908819,0.0012073517,0.0015134533
-0.3723771249900236,0.0014793873,0.0015086214
-0.37234418972321937,0.00094020367,0.0015133753
-0.3723015922544892,1.1920929e-5,0.001517653
-0.37223557595924284,-0.0010163784,0.0015126202
-0.3721838440265265,0.0013713837,0.0015141926
-0.37205708414731575,0.00075161457,0.0015112915
-0.3720565741414368,0.0015462637,0.0015162004
-0.3720440313799872,0.0010492802,0.0015106595
-0.3718977573162996,0.00012469292,0.0015108882
-0.37183365968677584,-0.0018302202,0.0015116909
-0.37181848256267724,0.0032668114,0.0015118966
-0.3717339130932078,0.0017822981,0.0015169332
-0.371732734283465,0.0012335777,0.0015097862
-0.37163022244922483,-0.0014770627,0.0015141774
-0.3715658145953873,-0.0005390644,0.0015150614
-0.3714665701109743,-0.0011559725,0.0015145234
-0.37144547308364373,-0.0005822778,0.0015131893
-0.37141954520408405,0.00016379356,0.0015118337
-0.37129201214283214,0.0009049177,0.0015098428
-0.3712797554581432,0.0011367798,0.0015130648
-0.37123670229491046,0.00054085255,0.0015175353
-0.3711821716995154,-0.00040751696,0.0015090589
-0.37109023921388506,0.0010014772,0.0015093576
-0.3710269334805838,0.0021121502,0.0015146629
-0.370950188862579,-0.0017098188,0.0015136627
-0.37087917031153805,-0.00093996525,0.001514744
-0.37083596895485904,0.0005854368,0.0015127809
-0.37079712222764405,-0.0004720688,0.0015125289
-0.37066382621617733,2.9921532e-5,0.0015119874
-0.37066353887274717,-0.000859797,0.0015116005
-0.3706419554715513,-0.00085419416,0.0015138744
-0.37054783790096757,-0.00024098158,0.0015094905
-0.3704498436789504,-0.00021225214,0.0015094584
-0.370425721167676,0.0012001991,0.0015159035
-0.37037017193956634,-0.0029001832,0.0015082423
-0.37033717005152544,-0.00025093555,0.001516045
-0.37029451538387215,0.0011806488,0.0015168366
-0.37022854552200724,0.0013737679,0.0015126901
-0.3701768391605741,0.00014925003,0.0015141709
-0.3700500664953932,0.00014293194,0.0015142545
-0.3700495134224182,0.00011253357,0.0015128794
-0.3700370392983622,0.0020045042,0.0015100901
-0.36991545962937855,7.498264e-5,0.0015111547
-0.3698907517761043,0.0010941029,0.0015126221
-0.3698266124256703,0.0019156933,0.0015177387
-0.3698115140342072,-0.0010012388,0.0015088506
-0.36972688736647163,4.529953e-5,0.0015159013
-0.36972577853997934,0.002222538,0.00151258
-0.3696231879731037,0.00059068203,0.0015157055
-0.36955880501762095,-0.0005893707,0.0015137236
-0.3694595040091848,0.0009865761,0.0015160226
-0.36943845072056436,3.552437e-5,0.0015152582
-0.36941254908751664,-0.00010561943,0.0015108315
-0.3692850281376635,0.0007274151,0.0015124769
-0.36927274588037684,-0.0018933415,0.001511466
-0.3692296503229767,0.00059235096,0.00151415
-0.3691751991347886,-0.0028009415,0.001509861
-0.36908327943282837,-0.0005531907,0.0015067885
-0.369019894968206,0.00025224686,0.0015136444
-0.36894317457431325,0.0010721684,0.0015138501
-0.36887209882467764,5.030632e-5,0.0015179637
-0.3688289425551944,-0.0001296997,0.0015137561
-0.3687901213979484,4.529953e-5,0.0015124386
-0.3686568126034687,0.00028896332,0.0015111741
-0.3686565508286932,0.00089013577,0.0015095029
-0.368634899461718,-0.00026875734,0.0015130626
-0.3685408612973554,0.000426054,0.0015077924
-0.3684428791893657,-0.0018104911,0.0015088164
-0.36841867861707,0.00011694431,0.0015139236
-0.36836321888910906,6.842613e-5,0.001508304
-0.36833014970723166,-0.0016611218,0.0015130498
-0.36828743851325507,-0.00070774555,0.001515347
-0.36822151508345713,-0.0001232028,0.0015111541
-0.3681698342946217,-0.0005787611,0.0015145573
-0.36804304816988487,0.0010336637,0.0015130928
-0.36804245203047115,-0.0014473796,0.0015140373
-0.36803004721673704,0.002613902,0.001513407
-0.3679084789878667,-6.681681e-5,0.001510213
-0.3678837462372234,-0.00028914213,0.0015150722
-0.3678195651648932,0.00053596497,0.0015145822
-0.3678045455050799,-0.0012379885,0.0015073471
-0.36771986231233544,0.00010859966,0.0015170568
-0.3677188227978081,0.0018578768,0.0015089153
-0.3676161534969826,-0.0007073879,0.0015124121
-0.3675517954424834,-0.0018724203,0.0015123226
-0.3674524379067381,0.0007996559,0.0015150942
-0.3674314290304136,-7.003546e-5,0.0015127411
-0.36740555296832056,-0.00017559528,0.0015119461
-0.367278044133152,-0.00029343367,0.0015105123
-0.3672657369768534,-0.00070273876,0.0015160438
-0.36722259902495724,-0.00066173077,0.0015170228
-0.36716822656874737,0.0020012856,0.0015121892
-0.3670763189801576,0.0027599335,0.0015096648
-0.36701285578289966,-0.00013703108,0.0015129712
-0.36693615961443315,-0.002152741,0.0015139716
-0.366865027338803,-4.0233135e-5,0.001516201
-0.36682191682911536,0.0017397404,0.0015136781
-0.36678312124249557,-6.520748e-5,0.0015106744
-0.3666497989894457,0.0012891293,0.0015127448
-0.36664956278529637,0.0015068054,0.0015098867
-0.3666278434518847,-0.000623703,0.0015119364
-0.3665338853660145,0.001624465,0.0015103009
-0.36643591537106657,-0.00019717216,0.0015085203
-0.36641163539419264,-0.00032901764,0.0015122787
-0.3663562658373375,-0.0004554987,0.0015086374
-0.3663231300365235,0.0024067163,0.0015187955
-0.36628036164526667,-0.00014954805,0.0015151035
-0.36621448464490713,0.00092053413,0.0015143217
-0.36616282942834066,0.00091958046,0.001514706
-0.3660360305182908,-0.00021231174,0.0015126287
-0.3660353913104668,-0.0006672144,0.0015165627
-0.3660230551364263,0.0024092197,0.0015131242
-0.3659014990209263,-5.5611134e-5,0.0015128421
-0.365876741371271,0.0010104179,0.0015130457
-0.36581251790543057,-0.0016646981,0.0015147517
-0.3657975769772669,0.0023860931,0.0015103888
-0.36571283725819925,0.00045228004,0.0015148334
-0.36571186705563674,-0.0006262064,0.0015092104
-0.36560911834924736,-0.0010092258,0.0015140236
-0.36554478586471706,-0.0027412176,0.0015135127
-0.3654453724762343,-0.0001000762,0.0015151536
-0.36542440666897713,0.0003862381,0.00151138
-0.36539855684912437,-0.00095385313,0.0015109811
-0.3652710594537406,-0.00060397387,0.0015101422
-0.36525872740040144,0.0005630255,0.0015108102
-0.36521554705368076,0.0005352497,0.0015132091
-0.36516125400204913,-0.0010752082,0.0015119619
-0.36506935920041517,0.00012540817,0.0015098237
-0.36500581727052195,-0.0006265044,0.0015151137
-0.36492914532748166,5.841255e-6,0.0015143853
-0.3648579558535854,-0.0018596649,0.0015171067
-0.36481489042879356,0.001175046,0.0015126258
-0.36477612041477137,-0.00021409988,0.0015115903
-0.3646427853741083,0.0008484125,0.0015140148
-0.36464257406929956,-0.00049966574,0.0015102923
-0.3646207874433657,-0.0013619661,0.0015137983
-0.3645269087630595,0.001920104,0.0015106882
-0.36442895087983895,-0.000921607,0.0015078621
-0.3644045921719724,-0.0012151599,0.0015135914
-0.36434931278622307,-0.0007387996,0.001510611
-0.36431611036745826,-0.0008496046,0.0015147798
-0.36427328477563536,-0.00065231323,0.0015154242
-0.3642074542076714,0.0005515814,0.0015147228
-0.3641558245614026,-0.000895977,0.0015120659
-0.36402901286669676,5.3167343e-5,0.001511804
-0.3640283305911197,-0.0005527735,0.001514598
-0.36401606305611556,4.529953e-5,0.0015134213
-0.36389451837941444,-0.0009689331,0.0015091824
-0.3638697358320616,-0.00027543306,0.0015117603
-0.36380547064366786,0.00015604496,0.0015144966
-0.363790608449454,1.5258789e-5,0.0015084413
-0.36370581220373444,-0.0015202761,0.0015144292
-0.3637049106392226,-0.000936687,0.0015091661
-0.363602083875755,2.5749207e-5,0.0015158529
-0.36353777628695083,0.00022053719,0.0015145965
-0.36343830637280194,4.1365623e-5,0.0015165656
-0.36341738430688353,0.0015063286,0.0015170295
-0.3633915600583141,0.0011433363,0.0015133388
-0.36326407544791484,-0.00023525953,0.0015115339
-0.363251718496878,-0.0011613369,0.0015131198
-0.36320849575533276,-0.0017038584,0.001514826
-0.36315428210959366,0.0028965473,0.0015125024
-0.36306239874643,-0.0028369427,0.0015085601
-0.36299877808390124,-0.00014674664,0.0015149702
-0.36292213104053017,-0.0013310909,0.0015140265
-0.3628508850406392,0.000104904175,0.0015157595
-0.3628078640278146,0.00060772896,0.0015139978
-0.36276912025866137,-0.0013349056,0.0015136403
-0.36263577175877104,0.0001475811,0.0015100372
-0.36263558602754564,0.00080645084,0.0015130709
-0.36261373076323256,-0.00044435263,0.0015158814
-0.3625199328317187,-0.0013028979,0.0015094258
-0.36242198639025414,0.00035703182,0.0015103938
-0.36239754962070925,-0.0018616319,0.0015132444
-0.36234235973543727,4.529953e-5,0.0015080601
-0.36230909002283584,-0.0021369457,0.0015163578
-0.3622662079053468,-0.001126349,0.0015164827
-0.3622004237717501,-0.00049573183,0.0015122683
-0.3621488196954502,4.529953e-5,0.0015107204
-0.3620219945408599,-0.0009072423,0.0015107753
-0.36202126919917266,-7.420778e-5,0.0015136524
-0.36200907097481916,-0.0014091134,0.0015110236
-0.3618875384108312,6.1035156e-5,0.0015118399
-0.3618627302928521,-0.00026208162,0.0015114133
-0.3617984233822338,-0.00029820204,0.0015158143
-0.3617836399203267,0.00055360794,0.0015101479
-0.3616987871486125,-0.0016046166,0.0015171197
-0.36169795489705137,-0.0015284419,0.0015088973
-0.36159504939963394,0.0005681515,0.0015133615
-0.36153076738474166,3.5881996e-5,0.0015149293
-0.3614312402703552,-0.00071650743,0.0015148215
-0.36141036261673265,0.00027024746,0.0015121873
-0.3613845639404324,0.0014533997,0.001511149
-0.36125709144340334,-0.001583457,0.001511287
-0.36124470891911176,0.0015178919,0.001517893
-0.3611473095442096,0.0013488531,0.0015100472
-0.3610554389666877,-0.001106143,0.001509588
-0.36099173957020914,0.00086808205,0.0015128729
-0.3609151160793359,-0.00057536364,0.0015132208
-0.3608438135534502,-4.4107437e-6,0.001516909
-0.36080083762913573,0.0022679567,0.0015137699
-0.36076212010189423,0.0007710457,0.0015118372
-0.36062875814474804,-0.0010703206,0.0015134101
-0.36062859798349156,-0.0009473562,0.0015091265
-0.36060667475339925,5.030632e-5,0.0015140128
-0.36051295622876356,-0.0012898445,0.0015134282
-0.3604150218990265,6.508827e-5,0.0015104378
-0.36039050639717474,5.030632e-5,0.0015154728
-0.36033540668465147,0.0010652542,0.0015098448
-0.36030207035147055,0.00035703182,0.001513175
-0.3602591310360441,-0.0016830564,0.0015157292
-0.3601933933332001,9.906292e-5,0.0015127982
-0.3601418148291692,-7.6413155e-5,0.0015151785
-0.36001497688926587,0.0006223917,0.0015113781
-0.3600142084801541,-0.0004773736,0.0015164257
-0.3600020788941798,0.00084769726,0.0015107234
-0.35988055777030503,0.0004618168,0.0015102495
-0.35985572475331407,0.0012985468,0.0015120095
-0.35979137612145673,-0.0023790598,0.0015154181
-0.3597766720654423,0.0010566711,0.0015108234
-0.35969176142253345,4.529953e-5,0.0015146079
-0.3596909991535657,-0.00039434433,0.001507556
-0.3595880149235129,0.00071644783,0.0015123949
-0.3595237578079612,-0.0003207922,0.0015126545
-0.35942417416856576,0.0018718243,0.0015180218
-0.3594033402536533,0.00017857552,0.0015134433
-0.3593775678225506,7.236004e-5,0.001509493
-0.35925010743724894,0.0016820431,0.0015093132
-0.3592377000155883,-0.0016590357,0.0015115537
-0.3591943924863653,-0.001026392,0.0015135418
-0.35914033697882564,-0.00016397238,0.001509725
-0.3590484785140168,-0.0013905764,0.0015078206
-0.3589847010591457,-8.881092e-6,0.0015140215
-0.3589081017923843,0.0011371374,0.0015137754
-0.3588367420669184,0.000749588,0.0015173829
-0.35879381122914245,0.0005657673,0.0015134682
-0.3587551192735129,0.00094127655,0.0015166245
-0.35862174453072504,0.0022944212,0.0015126915
-0.3586216099397662,0.0013633966,0.0015125495
-0.35859961874356583,0.0024369955,0.00151567
-0.35850597962580855,-0.0007404685,0.0015118583
-0.3584080580807274,-0.00063973665,0.0015108892
-0.35838346317396885,0.00031745434,0.0015149934
-0.35832845363353705,-0.0010003448,0.0015078032
-0.3582950500091482,-0.00085538626,0.0015156796
-0.3582520548393412,0.00094389915,0.0015161703
-0.35818636289465,0.0017082691,0.00151827
-0.3581348099622311,0.00063216686,0.0015147461
-0.3580079592376718,0.0013548136,0.0015142694
-0.35800714776179265,-0.0016185641,0.0015132546
-0.35799508681518344,0.00026524067,0.0015124759
-0.3578735778013932,0.0007097721,0.0015093328
-0.35784871988736167,-0.0005261302,0.0015117102
-0.3577843288610083,-0.00062155724,0.0015160064
-0.35776970353762927,0.0003954172,0.0015118794
-0.35768473636806875,0.0011488199,0.0015159531
-0.3576840434104087,0.00016701221,0.001509121
-0.3575809797770919,0.00031232834,0.0015146158
-0.357417108738062,0.00023651123,0.0015159335
-0.3573963178915597,0.00039577484,0.0015143474
-0.3573705717033544,-0.0011330843,0.0015130437
-0.35724312275816605,0.0035905838,0.0015141874
-0.3572306911127221,0.00044202805,0.0015120568
-0.3571873405144316,0.00044560432,0.0015168886
-0.3571333644121273,4.529953e-5,0.0015088159
-0.3570415187332887,4.529953e-5,0.0015086889
-0.35697766187351077,0.0018292665,0.0015119297
-0.3569010875054328,0.0027230978,0.0015134973
-0.35682967058071513,0.0013654232,0.0015155603
-0.35678678482882065,-0.0011172891,0.001512242
-0.35674811911806004,-0.00045090914,0.0015152849
-0.35661473091538776,-0.00046169758,0.0015136504
-0.3566146218980122,0.0015928745,0.0015130732
-0.3565925627363612,0.001147151,0.0015147001
-0.356499003695782,-0.0022328496,0.0015108995
-0.3564010935911427,-0.00093746185,0.0015084316
-0.35637642062369146,-0.0010997057,0.0015130107
-0.35632150058275114,-0.0013266802,0.001506356
-0.3562880303374544,-3.1352043e-5,0.001514066
-0.3562449779697099,-0.00015878677,0.0015184759
-0.3561793317858002,0.0018498898,0.001513748
-0.3561278050962787,-0.0009940267,0.0015125007
-0.35600094158574924,-4.6551228e-5,0.0015119707
-0.35600008704211694,5.030632e-5,0.0015147489
-0.3559880947335583,-0.0013291836,0.001512041
-0.3558665971608671,-0.0008815527,0.0015075835
-0.3558417143471664,0.00062537193,0.0015131832
-0.35577728160056,0.002084136,0.0015136107
-0.3557627350085021,-0.0009197593,0.0015135338
-0.3556777113129468,0.0005992651,0.0015190337
-0.35567708699629463,0.0010135174,0.0015092026
-0.3555739453019565,-0.0014989376,0.0015153623
-0.35550973865275726,0.00050616264,0.0015148559
-0.3554100426346296,0.0018270016,0.0015146242
-0.3553892962030518,-0.00035321712,0.0015112538
-0.3553635755854727,-0.0013422966,0.0015119464
-0.3552361387529974,-0.00019007921,0.0015111981
-0.3552236815356129,0.002020955,0.0015133105
-0.3551802892160836,0.0004924536,0.0015178199
-0.3551263925196718,0.0008494854,0.0015100152
-0.35503455827963215,0.00045526028,0.0015085927
-0.3549706233601473,0.001219511,0.0015129243
-0.35489407321716704,4.529953e-5,0.0015128738
-0.35482259976875463,5.030632e-5,0.0015161461
-0.3547797584278417,-0.0009833574,0.0015134739
-0.3547411189626072,0.0018799305,0.0015149778
-0.35460771797429325,0.0036252737,0.0015140524
-0.3546076338539582,-0.0011667609,0.0015090506
-0.35458550672751354,-0.0008664727,0.0015136654
-0.3544920270928269,0.0007222891,0.001510191
-0.3543941291002436,0.000330925,0.0015108481
-0.3543693774008141,0.0014364719,0.0015165491
-0.35431454820489383,0.0017211437,0.0015090568
-0.3542810106660891,-0.0015069842,0.0015133509
-0.3542379011004071,0.00089275837,0.0015173572
-0.35417230134823585,0.00021100044,0.0015180154
-0.3541208002303263,-0.0016632676,0.0015125176
-0.35399392326089807,0.0001399517,0.0015098419
-0.3539930263217841,0.00035750866,0.0015163166
-0.3539811026519333,-0.0007789731,0.0015107751
-0.3538596171932694,-0.0001219511,0.0015080826
-0.3538347088069712,-0.0007211566,0.0015106538
-0.3537702343391258,0.00039422512,0.0015131808
-0.35375576648068907,0.0014119148,0.0015111107
-0.35367068625979625,-0.00028562546,0.0015139985
-0.3536701312541233,-0.0020633936,0.0015086816
-0.3535669108261641,0.0004917383,0.0015127499
-0.3535027290763053,-0.0005784035,0.0015180416
-0.35340297653284014,0.0022457838,0.0015190042
-0.3533822738396438,-0.0014371872,0.0015117552
-0.3533565794675909,0.0005776882,0.0015146686
-0.3532291547465145,-0.0021592975,0.001510994
-0.35321667263077516,0.0015307665,0.0015143006
-0.3531732372451356,9.393692e-5,0.001517304
-0.35311941995428775,0.00082206726,0.0015111645
-0.35302759849988985,-2.7060509e-5,0.0015120473
-0.35296358417484097,2.9563904e-5,0.0015173621
-0.35288705825728706,6.6161156e-5,0.0015156212
-0.3528155282815656,0.0011076927,0.0015179112
-0.35277273202817705,-0.001493752,0.0015115347
-0.35273411813291156,7.5101852e-6,0.0015134857
-0.3526007043615845,-0.0009236336,0.0015115625
-0.3526006458105614,0.00011873245,0.0015120365
-0.35257845004508037,0.001136899,0.0015148913
-0.3524850511614861,-0.00024938583,0.0015113481
-0.35238716528161584,0.0007237196,0.0015089185
-0.35236233417695095,0.001627326,0.001516861
-0.3523075951537794,0.00023889542,0.0015095833
-0.3522739903237667,0.0012180805,0.0015134749
-0.35223082423044727,-7.224083e-5,0.0015148892
-0.3521652709100145,-0.00058716536,0.0015150087
-0.35211379536305953,0.00074636936,0.0015133423
-0.35198690560864687,-0.00022828579,0.0015112445
-0.351985964929837,0.00062680244,0.0015148964
-0.35197411057162253,2.7894974e-5,0.0015111536
-0.35185263722567184,-0.00053828955,0.001511126
-0.3518277032694046,-0.001301527,0.0015129249
-0.35176318707834886,0.0017684698,0.0015164408
-0.35174879862580466,0.00032389164,0.0015089712
-0.3516636612059887,0.00030136108,0.0015159408
-0.35166317551063775,0.000672698,0.0015092818
-0.35155987635004304,0.00033962727,0.0015158239
-0.3514957201737676,-0.00025880337,0.0015131071
-0.351395911103322,-0.0014134049,0.001517573
-0.3513752514768931,0.0022870302,0.0015133488
-0.3513495833483947,-0.00058859587,0.0015140658
-0.3512221707413459,-0.0017892718,0.001511203
-0.3512096637272517,0.0016570091,0.0015124666
-0.3511661859471161,5.030632e-5,0.001515484
-0.3511124473875895,0.00038802624,0.0015129943
-0.3510206387198189,0.0009100437,0.0015113221
-0.35095654566246315,-0.00084120035,0.0015171723
-0.35088004397033556,0.0012608767,0.0015156349
-0.3508084567947052,0.0001449585,0.0015148761
-0.35076570562916953,0.0013958216,0.0015136709
-0.3507271179774587,-0.00021392107,0.0015154554
-0.35059369074624724,0.001778841,0.0015117094
-0.35059365776749307,-0.0016015768,0.0015098968
-0.35057139403524706,0.00045514107,0.0015124814
-0.3504780745585311,0.0014560223,0.0015136893
-0.350380200791374,0.0013668537,0.001508687
-0.35035529162667356,0.00020503998,0.0015155067
-0.3503006421029935,-0.0012459159,0.0015098453
-0.3502669706533871,0.0019577742,0.0015150165
-0.35022374736081585,-2.4497509e-5,0.0015165361
-0.3501582404714644,-0.0020747185,0.0015127131
-0.35010679049710725,0.0006711483,0.0015141604
-0.3499798879567243,0.0017346144,0.0015137595
-0.34997890421081845,-0.00030845404,0.001516966
-0.34996711849032613,0.00046777725,0.0015124604
-0.34984565658481726,0.0010302067,0.0015125315
-0.3498206984031237,-0.002101779,0.0015110859
-0.3497561398192147,0.0012617111,0.0015125079
-0.34974183009667736,-0.00020754337,0.0015106912
-0.34965663615119524,-0.0016967058,0.0015164916
-0.3496562197684664,-0.00034046173,0.0015101018
-0.3495528412023078,-0.00046759844,0.0015121475
-0.3494887105963299,-3.8146973e-5,0.0015172465
-0.3493888450008753,0.00031912327,0.0015165503
-0.3493682297883852,0.00052189827,0.0015108349
-0.34934258723051304,0.0024573803,0.0015144058
-0.34921518606324864,-0.0016153455,0.0015108389
-0.34920265415079976,0.00041735172,0.0015108418
-0.3491591339748539,0.0012911558,0.0015163855
-0.34910547549513393,-0.00038647652,0.0015106178
-0.34901367826616225,0.00087726116,0.0015103902
-0.3489495071497568,-7.516146e-5,0.0015143506
-0.3488730296820697,-0.0002065897,0.0015138515
-0.3488013853098162,-0.0012786984,0.0015153677
-0.3487586799014477,0.00048422813,0.0015127994
-0.34872011782200585,0.0005443096,0.0015135418
-0.34858667713090996,0.0005002022,0.0015124063
-0.34858666972442487,-5.8710575e-5,0.001513871
-0.34856433802672804,0.0016542673,0.0015152863
-0.34847109795557596,3.0755997e-5,0.0015108908
-0.34837323630113204,0.0003193617,0.0015091937
-0.34834824840511047,0.00097489357,0.001513585
-0.3482936890522077,-0.00053334236,0.0015077075
-0.34825995098169327,0.0006996393,0.0015135669
-0.34821667049118454,0.0012133121,0.0015165381
-0.3481512100342288,-0.0014642477,0.0015130602
-0.34809978630408334,-0.00061392784,0.0015139979
-0.3479728703041445,-0.0009240508,0.0015102315
-0.3479718434917999,0.0017465353,0.0015151406
-0.34796012640968677,0.0012773275,0.0015113683
-0.3478386766162339,0.0022872686,0.00151246
-0.34781369286325703,0.0016089678,0.0015133418
-0.3477490925584378,-0.001498878,0.0015136005
-0.34773486156886446,0.00048732758,0.0015100559
-0.3476496104234734,0.00078463554,0.0015160034
-0.34764926335336666,-0.0016179085,0.0015086936
-0.34754580672815816,0.00064849854,0.0015129457
-0.3474817010185637,0.0017900467,0.0015141495
-0.3473817788971144,0.0006005764,0.001515762
-0.3473612074262916,0.0001821518,0.0015127799
-0.34733559111263124,0.00039303303,0.0015132449
-0.3472082020577515,0.00037395954,0.0015125922
-0.3471956452469478,0.00063455105,0.0015134858
-0.3471520826768344,-0.0004989505,0.0015144292
-0.34709850292975,-0.0017268062,0.0015094248
-0.34700671848641995,0.0019624233,0.0015090752
-0.34694246796346473,0.0010485649,0.0015143489
-0.3468660153951182,4.529953e-5,0.001513517
-0.34679431449687004,-0.0008455515,0.001514774
-0.3467516535007973,0.00078487396,0.0015147817
-0.3467131169923102,-0.0025673509,0.0015123911
-0.3465796816816852,-0.00022566319,0.001513844
-0.34657966351688696,-0.00038605928,0.0015116527
-0.34655728201886615,-0.00018048286,0.001516587
-0.34646412202423515,-0.0013710856,0.001510092
-0.34636627248349006,0.0006707907,0.0015100739
-0.3463412058551617,0.0018326044,0.0015150318
-0.3462867360010933,-0.00033694506,0.001511022
-0.34625293130999935,4.529953e-5,0.001514647
-0.34620959362188175,0.00011587143,0.0015152538
-0.3461441795976502,-8.98242e-5,0.0015137899
-0.34609278143681665,-0.00043141842,0.0015123824
-0.34596585197830765,-0.0006712079,0.0015091182
-0.3459647827714669,-0.00090652704,0.001514551
-0.345953134329376,-0.0013516545,0.0015131222
-0.34583169597570773,-0.00017535686,0.0015119138
-0.34580668732437614,-0.0005506277,0.0015133611
-0.3457420459699321,1.1920929e-5,0.0015151536
-0.34572789304105145,-0.0003244877,0.0015094349
-0.34564258536966574,-0.0011588335,0.001515631
-0.345642307609881,0.0016100407,0.0015113024
-0.34553877225269425,-0.0005913377,0.0015125204
-0.3454746914430974,-0.0005887151,0.0015156586
-0.34537471346661053,0.00053822994,0.0015149175
-0.3453541857358121,0.00058436394,0.0015114772
-0.34532859499343516,0.00081801414,0.0015135225
-0.34520121805225423,0.00090134144,0.001513902
-0.34518863634243857,-4.553795e-5,0.0015119318
-0.3450915303630516,0.0009827614,0.0015121523
-0.3449997580344062,-0.0018917918,0.0015086042
-0.3449354294497726,0.0018085241,0.0015144082
-0.3448590011081667,0.0009354353,0.0015136761
-0.3447872430109954,-0.00012350082,0.0015169525
-0.34474462710178977,0.00024724007,0.0015132764
-0.34470611683685737,-0.0021457076,0.0015145335
-0.3445726936379597,0.0008661747,0.0015116731
-0.34457265057579245,-0.0012881756,0.0015141176
-0.3445502260103471,0.0016640425,0.0015143291
-0.34445714542128003,4.529953e-5,0.0015097572
-0.34435930799226244,-0.001656115,0.0015093213
-0.34433416263096994,0.00030875206,0.0015137373
-0.344279782950636,0.0016257763,0.0015099988
-0.3442459109666913,0.0010129213,0.001513849
-0.34420251742550756,-0.00010043383,0.0015162757
-0.34413714915975735,-0.0024247766,0.0015121176
-0.34408577656954986,9.9897385e-5,0.0015123759
-0.3439588343280279,5.030632e-5,0.0015098852
-0.34395772205244834,0.000441432,0.001515321
-0.3439461422490653,0.0015952587,0.0015107989
-0.34382471600679587,0.00053322315,0.0015104902
-0.3437996817851666,0.00060141087,0.0015133537
-0.34373499870816937,-0.0020020008,0.0015146262
-0.34372092518485275,0.00014829636,0.0015108751
-0.3436355603165153,-0.0003066063,0.0015152367
-0.343635351866724,0.00031638145,0.0015095795
-0.3435317377765732,6.508827e-5,0.0015132071
-0.3434676825385883,8.59499e-5,0.0015140587
-0.3433676473651497,0.002443552,0.0015152788
-0.34334716337306137,-2.3663044e-5,0.0015119626
-0.34332159887555336,9.202957e-5,0.0015105305
-0.34319423404642846,0.0002965927,0.0015104238
-0.3431816267659866,0.00022685528,0.001512675
-0.34313797940786706,0.00047588348,0.0015156545
-0.34308455847059616,0.0005682707,0.0015097756
-0.3429927982533496,0.00020039082,0.0015105135
-0.34292839093838057,-0.00022339821,0.0015151716
-0.3428519868212152,0.0009790659,0.0015143257
-0.34278017152380635,-1.9669533e-6,0.0015166163
-0.3427376007021251,0.0010789633,0.0015131576
-0.3426991166814045,0.0015125275,0.0015155248
-0.3425657055948914,0.00017619133,0.0015120512
-0.34256563696176945,-0.000929296,0.0015124279
-0.34254317000084245,-0.00090402365,0.0015144917
-0.3424501694899392,0.00042188168,0.0015122943
-0.3423523435020206,-0.00037115812,0.0015084497
-0.3423271200797068,0.0006644726,0.0015144898
-0.3422728298998502,-0.0010606647,0.0015074435
-0.3422388912963117,-0.00061935186,0.0015167544
-0.34213011872120735,0.00046002865,0.0015127243
-0.34207877170359746,0.00025987625,0.0015150212
-0.3419518166761053,-0.0007889271,0.0015110879
-0.341950661334087,-0.0015985966,0.0015139083
-0.34193915016875454,-0.0015248656,0.0015124187
-0.341817736037884,0.0007585287,0.0015114297
-0.3417926769188857,-0.0011418462,0.0015111844
-0.34172795144772095,-0.00035601854,0.0015137177
-0.34171395665703974,-0.0011242032,0.0015098434
-0.3416285352617219,-0.00021183491,0.0015153043
-0.34162839612422413,-0.00025874376,0.0015074351
-0.3415247033027522,0.00025093555,0.0015173153
-0.34146067296082194,6.0915947e-5,0.0015148384
-0.3413605812627031,0.0010069609,0.0015169979
-0.34134014168356774,0.00066435337,0.001514592
-0.34131460275767156,-0.0005117059,0.0015138291
-0.3411872500412598,0.0017455816,0.0015143342
-0.3411746178631204,0.0008801222,0.0015146134
-0.3411309281085333,-0.00043469667,0.0015147456
-0.3410775859052122,0.00053703785,0.0015097503
-0.34098583847295005,-0.0006713271,0.0015094017
-0.34092135175274574,-0.0005285144,0.0015168044
-0.3408449718613351,0.0016970634,0.0015146773
-0.3407731007095458,8.404255e-5,0.0015183012
-0.3407305743014748,1.4305115e-6,0.0015126121
-0.3406921165246374,0.00020170212,0.0015124425
-0.3405587175521517,0.002054453,0.001514247
-0.34055862334643217,-0.00013160706,0.0015125923
-0.3405361139919948,-0.000110924244,0.0015159415
-0.34044319288599845,0.00142169,0.0015110857
-0.34034537968339285,-0.0008084774,0.0015082108
-0.3403200768568295,-2.9206276e-5,0.0015139816
-0.34026587684840714,0.0009019375,0.001508781
-0.3402318716249464,-0.00091558695,0.0015153004
-0.3401883636855877,0.00081026554,0.001516742
-0.3401230882846288,-0.0014175773,0.0015123049
-0.34007176683895946,0.0015821457,0.0015150227
-0.3399447990235255,0.0018624067,0.0015144103
-0.3399436006140827,-0.0014259815,0.0015137001
-0.3399321580871295,0.00031542778,0.0015140874
-0.3398107553986722,-0.00024968386,0.0015101992
-0.3397856713793477,0.0022568703,0.0015115596
-0.3397209041879298,5.030632e-5,0.0015148718
-0.33970698812922684,-0.0004991889,0.0015109642
-0.33962151020692855,4.2557716e-5,0.0015168496
-0.3396214403820528,-0.0016487837,0.0015082903
-0.3395176688276168,4.36306e-5,0.0015121187
-0.33945366338437,-0.0006272197,0.0015150573
-0.33935351583187057,-0.0002578497,0.0015202626
-0.3393331193211455,0.0010021925,0.0015124544
-0.3393076066384755,-0.00025504827,0.0015107363
-0.3391802660347768,0.0006355047,0.0015143255
-0.3391676089586112,0.0023031235,0.0015169362
-0.3391238768105138,-5.030632e-5,0.0015166543
-0.33907061333851385,-0.00062817335,0.0015134531
-0.33897887801995064,0.0018457174,0.0015089865
-0.3389143132397108,-0.0014279485,0.0015146548
-0.33883795757306934,-0.0009326935,0.0015136611
-0.33876602922498544,-0.0014890432,0.0015163667
-0.33872354857375286,-0.0004905462,0.001514346
-0.33868511569625603,-0.0016435981,0.0015111188
-0.3385517295084264,-0.0008752346,0.0015094212
-0.33855161040533766,0.0012938976,0.0015137276
-0.33852905798347577,0.00013720989,0.0015131059
-0.3384362169569576,-0.001542151,0.0015115232
-0.3383384151918366,-0.0002259016,0.0015096783
-0.3383130343078664,0.00021719933,0.0015161448
-0.33825892447087835,-0.0026681423,0.0015082672
-0.33822485195423824,-0.0009508729,0.0015142112
-0.3381812868162849,-0.0007983446,0.0015163734
-0.33811605852032156,0.0013935566,0.0015128709
-0.33806476264462126,5.2332878e-5,0.0015139373
-0.3379377813719314,-0.0015336275,0.0015112727
-0.33793653922114986,-0.0006237626,0.0015171422
-0.33792516600681877,-0.00039732456,0.0015120063
-0.33780377543107454,-0.00034159422,0.0015117814
-0.3377786658391524,0.0007352829,0.0015140604
-0.3377138569268242,0.0008430481,0.0015144229
-0.33770002027302803,-0.0009492636,0.0015081831
-0.337614485153778,0.0025070906,0.00151746
-0.33761448463889576,-0.0004374981,0.0015091507
-0.33751063435281015,0.0003553629,0.0015155472
-0.33744665448084654,0.0011868477,0.0015173581
-0.33734644972942396,5.030632e-5,0.0015187302
-0.33732609763132326,-0.0017077327,0.001513694
-0.3373006105205937,0.0007380247,0.0015138208
-0.3371732820282939,0.00073218346,0.0015117466
-0.337160600054102,0.0018464327,0.0015130698
-0.33711682483956584,-0.00020956993,0.0015130109
-0.3370636414460584,0.0010128021,0.0015112138
-0.33697191823922257,0.001134038,0.0015088794
-0.3369072747270043,0.002611637,0.0015136811
-0.33683094328611785,-0.0007933378,0.001516007
-0.33675895841171066,0.0015704632,0.0015181159
-0.3367165221740882,-0.0003925562,0.0015133457
-0.3366781155408033,0.0015212297,0.0015159817
-0.33654474146535807,-0.00086426735,0.001510554
-0.3365445967919718,0.000513196,0.0015155802
-0.33652200197495674,0.00027883053,0.0015149403
-0.33642924035400257,0.0003504753,0.001512933
-0.33633145137583753,0.0013854504,0.0015105914
-0.3363059910840033,-0.00020557642,0.0015158053
-0.33625197142009255,0.0007442236,0.0015127456
-0.3362178316109302,-0.0023028255,0.0015119556
-0.3361742106199107,-0.0010361075,0.0015181449
-0.3361090280824287,-0.00027543306,0.0015143452
-0.33605775777735447,-0.002013266,0.0015141905
-0.33593076304708025,0.0024402142,0.001512238
-0.3359294785021313,5.030632e-5,0.0015151742
-0.33591817392552226,-0.0015376806,0.0015089645
-0.3357967954621627,-0.0013238788,0.0015091868
-0.33577166097418576,-5.90086e-6,0.001513005
-0.3357068096650615,-0.001078546,0.0015156732
-0.33569305174422936,-0.0005341172,0.0015094359
-0.3356075288963959,-9.971857e-5,0.001511291
-0.3356074600989847,0.00037240982,0.0015166758
-0.3355035998770176,-0.0003569126,0.0015139634
-0.3354396449043946,0.00040137768,0.0015183128
-0.33533938429990584,-0.0015344024,0.0015163033
-0.33531907526890115,-0.001431942,0.0015119864
-0.3352936144027119,-9.4652176e-5,0.001513893
-0.33516629735151104,-0.0003325343,0.0015115768
-0.33515359047765003,-0.0014217496,0.0015123667
-0.33510977354154636,0.0009858608,0.0015166712
-0.3350566688806743,-0.0028938055,0.0015101493
-0.33496495845948016,-0.0002990365,0.0015067068
-0.334900236214298,-0.0012230873,0.0015138356
-0.33482392899785207,0.0032651424,0.0015161167
-0.33475188692485025,0.0014054775,0.0015145568
-0.3347094957750807,-0.0006362796,0.0015161606
-0.33467111538403604,0.00045704842,0.0015141018
-0.33453775342196124,0.00061893463,0.0015089525
-0.33453758317729165,-0.0006502867,0.0015126813
-0.33451494596545206,-3.671646e-5,0.0015137204
-0.33442226442266176,-0.00081688166,0.0015125371
-0.3343244868842813,0.0012841225,0.0015097269
-0.3342989485327401,-0.0003284216,0.0015163155
-0.3342450183686495,0.00036776066,0.001510652
-0.3342108119395649,-0.00027436018,0.0015149604
-0.3341671337506079,0.00078606606,0.0015143986
-0.3341019976438787,-0.0004386902,0.0015136745
-0.33405075291271646,0.00015115738,0.0015131203
-0.3339237453951577,-0.00036406517,0.0015117639
-0.3339224177831127,-0.0003632903,0.001515335
-0.33391118184422586,-0.00042396784,0.0015108162
-0.3337898154945651,-0.0020135045,0.0015110397
-0.33376465543497624,-0.0005300045,0.0015125758
-0.33369976240559884,0.0004862547,0.0015145609
-0.33368608321608784,0.0022097826,0.0015107718
-0.3336005731555389,-0.000567317,0.0015097783
-0.33360043504419135,0.00090539455,0.001518057
-0.3334965654012252,0.000620842,0.0015145618
-0.33343263532662837,4.529953e-5,0.0015152851
-0.33333231819745923,0.0017650127,0.0015183515
-0.3333120535807218,0.0011161566,0.0015152365
-0.3332866182848301,0.0002539158,0.0015136853
-0.3331593133460138,0.0017586946,0.0015133756
-0.3331465815728123,0.00029730797,0.0015145914
-0.3331027222422126,-0.00050884485,0.0015155287
-0.3330496963139761,-0.0014621615,0.0015090735
-0.3330472098276953,7.2956085e-5,-6.889374e-5
-0.33295799800680936,0.0016590357,0.0015099312
-0.33289319702899167,0.001470685,0.0015148076
-0.3328169147099148,-0.0009704232,0.0015129824
-0.3327448154389756,0.00218153,0.0015185515
-0.33270246937410175,-0.0012765527,0.0015141778
-0.3326641152285833,-0.0002681613,0.0015135468
-0.33253076537790727,-0.0006220341,0.0015099074
-0.33253057023488286,-0.00052791834,0.0015116164
-0.33250788995594727,-0.00028944016,0.0015156467
-0.33241528781839236,0.0020486116,0.0015127609
-0.33231752306565365,0.0013287067,0.0015109525
-0.3322919053108485,-0.00032365322,0.0015156626
-0.33223806531687794,0.0012010336,0.0015101528
-0.33220379226885677,0.00020158291,0.0015149991
-0.33216005687999084,-0.000991404,0.0015166849
-0.332094967206643,0.00049865246,0.0015139347
-0.33204366674267427,9.3102455e-5,-6.889374e-5
-0.3319167277429065,7.593632e-5,0.0015141311
-0.3319153570647513,-0.00024229288,0.0015152976
-0.33190418976457225,0.0007529259,0.0015124968
-0.33178283485403903,0.0001399517,0.0015105759
-0.3317576498954382,0.00034582615,0.001513321
-0.3316927158177503,0.0006568432,0.0015132325
-0.3316791153625177,0.0006735325,0.0015105793
-0.3315936167391248,-3.46303e-5,0.0015092248
-0.33159340999038367,-0.000718832,0.0015169043
-0.33148953025414707,0.0009983778,0.001511391
-0.3314256264231049,-0.0010563731,0.0015146834
-0.3313252527676125,-0.0009138584,0.001514552
-0.3313050312173138,-9.739399e-5,0.0015108858
-0.331279622165634,0.00016701221,0.0015122843
-0.3311523293398595,4.3034554e-5,0.0015128326
-0.33113957266928884,-0.0015137196,0.0015100582
-0.33109567027126463,0.00042831898,0.0015156391
-0.33104272442053484,0.0012384653,0.0015112541
-0.3310401236576531,0.00010573864,-6.889374e-5
-0.33095103822575267,-0.0016863942,0.0015091073
-0.3308861585156282,0.0003941059,0.0015132648
-0.330809900423949,-0.00084489584,0.0015151722
-0.3307377446257008,0.0022808313,0.0015157231
-0.33069544364670844,-0.0017796755,0.0015160709
-0.33065711440020196,-0.0003131628,0.0015130397
-0.33052377733615323,-0.0012038946,0.0015087124
-0.33052355662085986,0.002375126,0.0015128938
-0.3305008339480855,0.0011003017,0.0015175479
-0.33040831188836584,3.4451485e-5,0.0015115909
-0.330310558576726,-2.682209e-6,0.0015091173
-0.3302848627605711,-8.881092e-5,0.0015157333
-0.33023111226642077,-0.00043147802,0.0015110928
-0.33019677259847713,-0.00041794777,0.0015123904
-0.33015298068361654,0.0002681017,0.00151713
-0.3300879367700644,-5.2928925e-5,0.0015131193
-0.3300365805726321,0.000116705894,-6.889374e-5
-0.32990971008999814,0.00016319752,0.0015103403
-0.32990829634441843,0.0011115074,0.0015158947
-0.32989719768327574,0.0009725094,0.0015102574
-0.32977585488512706,0.0019421577,0.0015123441
-0.3297506450291573,5.030632e-5,0.0015128385
-0.3296856685566447,-0.0005303025,0.001514326
-0.3296721468333904,-0.0019497275,0.0015098846
-0.3295866609959678,0.00032389164,0.0015101981
-0.3295863849362475,-0.00040066242,0.0015159926
-0.3294824957793403,0.00022029877,0.0015139198
-0.32941861684665297,-0.00040757656,0.0015147043
-0.3293181866641801,-0.0015503168,0.0015144164
-0.32929800952716304,-0.0006865263,0.0015142969
-0.32927262604709506,-0.000975132,0.0015139419
-0.3292275691813996,-0.0004310012,-6.889374e-5
-0.32914534533469086,0.0017555952,0.0015128462
-0.3291325637657654,0.00065660477,0.0015131533
-0.3290886189739024,0.0022323132,0.0015177222
-0.32903575185482226,-0.0003478527,0.0015098215
-0.3290330374876109,0.00014054775,-6.889374e-5
-0.32894407844601037,4.529953e-5,0.0015113454
-0.3288791200022646,0.0016230345,0.0015156036
-0.3288028861369975,0.0013285875,0.0015153462
-0.32873067313949755,-0.00026774406,0.0015188508
-0.3286884172477009,0.0014734268,0.0015129388
-0.3286501142447491,0.001190424,0.0015121088
-0.32851678929308503,0.00024282932,0.0015107929
-0.32851654300683686,0.0014952421,0.0015102674
-0.32849377793956647,0.0005992651,0.0015165647
-0.3284013352854107,-0.0006324649,0.0015085944
-0.3283035947594126,0.00032281876,0.0015106235
-0.3282778195370366,0.00050735474,0.0015145531
-0.3282240260963786,-0.0004310012,-6.889374e-5
-0.3281897529280976,-0.00030863285,0.0015155461
-0.328145903814971,-0.001159966,0.0015159688
-0.32808090633184306,0.00019335747,0.0015135352
-0.3280294944025899,0.00014054775,-6.889374e-5
-0.3279026924390612,0.0007824898,0.0015105592
-0.3279012356247427,-0.0007253289,0.0015150525
-0.32789020560197935,0.0003169775,0.0015119636
-0.3277688749162152,0.002228856,0.0015103719
-0.3277436394899478,5.030632e-5,0.001509977
-0.327678621294882,-0.0019055009,0.0015128324
-0.32766517830459174,0.0021098852,0.0015111042
-0.3275797052534678,0.0018783808,0.0015104668
-0.3275793598821113,0.0005184412,0.0015158765
-0.32747546130354777,-0.0015638471,0.0015117675
-0.32741160794181523,0.00010371208,0.001513678
-0.327311121234662,-0.00059622526,0.0015152625
-0.3272909871647408,0.0004068613,0.001510716
-0.3272656299298704,0.0012961626,0.0015130484
-0.3272204830113574,-0.00037246943,-6.889374e-5
-0.3271383613291936,0.0018116236,0.0015142707
-0.3271255548619134,-0.00024008751,0.0015136066
-0.3270815676758829,0.0019745827,0.0015159341
-0.32702877996368107,0.001329422,0.0015121544
-0.32702595131756873,0.00014054775,-6.889374e-5
-0.32693711866626796,0.002425909,0.0015122726
-0.3268720814905439,-0.00024855137,0.0015141026
-0.3267958718487317,0.0002297163,0.0015165949
-0.3267236023265513,-0.0009995103,0.0015139485
-0.32668139084803627,0.00078332424,0.0015121176
-0.32664311408798197,0.00087058544,0.0015134402
-0.3265098012496882,-0.0006774068,0.0015101727
-0.32650953006574235,0.0012102127,0.0015129733
-0.32648672192973316,0.0015442371,0.0015174254
-0.32639435935439853,9.36985e-5,0.0015137087
-0.3262966302678564,-0.00043678284,0.0015091693
-0.32627077698577345,0.0012618303,0.0015150212
-0.3262169399263364,-0.00033581257,-6.889374e-5
-0.32618273325771796,0.0002759695,0.0015145513
-0.32613882694501106,5.030632e-5,0.0015162979
-0.3260738758936216,0.00045478344,0.0015146375
-0.3260224082325477,0.00016438961,-6.889374e-5
-0.32589567478746717,0.0006453991,0.0015128662
-0.3258941749063813,5.030632e-5,0.0015132744
-0.32588321419525423,0.00040018559,0.0015120726
-0.32576189427568913,0.0005990267,0.0015119978
-0.3257366339510669,-0.00047647953,0.0015142785
-0.3256715740344337,-0.0012171268,0.0015138042
-0.325658210450693,-0.0015669465,0.0015086334
-0.3255727495106394,4.529953e-5,0.0015107071
-0.32557233482764647,-0.0012782812,0.001517858
-0.3254684268284125,0.00104177,0.0015148139
-0.3254045983653633,0.0012793541,0.0015162118
-0.32530405513188676,-0.0002989769,0.0015152849
-0.3252839654755757,0.0033546686,0.001515042
-0.3252586338106743,0.00083744526,0.0015139374
-0.3252133968413152,-0.00039303303,-6.889374e-5
-0.3251313773230392,-0.0010430217,0.0015116252
-0.32511854528513284,-0.002021432,0.0015113998
-0.3250745163768778,0.001804471,0.0015156377
-0.3250218073969827,-3.3795834e-5,0.0015099415
-0.32493015821326854,0.00047767162,0.0015087734
-0.3248650423052377,4.7922134e-5,0.0015128272
-0.3247888575617802,-0.0014886856,0.0015176161
-0.3247165308396909,0.00056397915,0.0015166939
-0.3246743651199858,0.0024597645,0.0015183979
-0.32463611393121483,0.0006005764,0.001516945
-0.3245028132066199,-0.00024557114,0.0015092259
-0.32450251645040507,0.001670599,0.0015127993
-0.32447966592121413,0.00032794476,0.0015144283
-0.3243873834240434,-0.0017300844,0.0015138015
-0.324289666450543,0.0012973547,0.0015139158
-0.3242637337628961,-0.000451684,0.0015153018
-0.3242098537562942,-0.0003709793,-6.889374e-5
-0.32417571358602415,0.0005443096,0.0015166355
-0.3241317507473225,0.0010117292,0.0015166946
-0.324066845457043,0.0008506775,0.0015152381
-0.32388865713488735,0.0013500452,0.0015135902
-0.3238871141873627,0.002361536,0.001515731
-0.3238762221149435,0.0010724068,0.0015129732
-0.32375491430809145,0.0022199154,0.0015122202
-0.3237296290841287,-0.0009966493,0.0015123624
-0.3236645274475709,0.0008518696,0.0015147501
-0.3236512419215658,-0.00037288666,0.0015107796
-0.32356579376813954,0.0012722015,0.0015082203
-0.3235653097738388,0.003002882,0.0015157335
-0.3234613923536057,0.0009471178,0.001513294
-0.32339758878891134,0.0013041496,0.001515412
-0.3232969897020401,0.002081275,0.0015170163
-0.3232769431134821,-0.0009686947,0.0015124922
-0.3232516376921354,-0.00016337633,0.0015115013
-0.32320631067127303,-0.00031495094,-6.889374e-5
-0.3231243933165563,-0.00034290552,0.0015113933
-0.32311153638095225,-0.0011615753,0.0015119666
-0.32306746440494405,4.7802925e-5,0.0015160016
-0.32301483550321297,-0.0003401637,0.001511287
-0.32292319843254047,-0.00039809942,0.0015122895
-0.3228580037918741,0.0013524294,0.001516568
-0.3227818432748286,-0.00039714575,0.0015142713
-0.3227094600264161,-0.001247108,0.0015169411
-0.322667338719664,0.001907587,0.0015144884
-0.32262911377707626,-0.0006968379,0.0015143995
-0.3224958251635517,4.529953e-5,0.001512835
-0.32249550283638206,-0.0020713806,0.0015109209
-0.3224726099126951,0.0015929937,0.0015168954
-0.32238040682240265,0.0018320084,0.0015116605
-0.32228270196030107,0.0027365685,0.0015109514
-0.32225669121360434,-0.0016492009,0.0015122775
-0.322202767586252,-0.00028932095,-6.889374e-5
-0.3221686939156445,-0.00088632107,0.0015124935
-0.3221246738780198,0.00066399574,0.0015139816
-0.3220598150198073,-0.0001219511,0.0015166647
-0.3218816394829648,-0.0013583899,0.0015126743
-0.32188005346702986,-0.0007607341,0.0015167954
-0.321869230033647,-0.00047296286,0.0015111004
-0.3217479343391796,0.0010130405,0.0015102617
-0.32172262354426207,0.00027811527,0.0015129306
-0.3216574801861368,0.00090515614,0.0015155502
-0.3216442740656956,0.0020840168,0.0015079975
-0.32155883802563967,-0.00014799833,0.0015110667
-0.32155828472068837,-0.0007391572,0.0015145343
-0.32145435787879895,0.0012134314,0.0015143597
-0.3213905798840736,0.0006374121,0.0015131289
-0.3212899235995935,-0.002411127,0.0015162411
-0.32126992142333133,-0.0014203191,0.0015114807
-0.3212446415749107,0.00095307827,0.0015143962
-0.32111740931138766,-0.00070381165,0.0015114082
-0.3211045274774289,-0.0022904873,0.0015127597
-0.32106041310692457,-0.0009140372,0.0015130893
-0.3210078629391433,0.0019723177,0.0015125432
-0.3209162386514838,-0.0007477999,0.0015090894
-0.3208509652791678,-0.00015980005,0.0015128197
-0.32077482898656284,0.0007889271,0.0015152827
-0.32070238854054145,-0.00079381466,0.0015153944
-0.32066031231967085,0.0013451576,0.0015116818
-0.3206221136203091,0.0008813143,0.0015128438
-0.32048883712015475,4.529953e-5,0.0015114363
-0.3204884898959447,-0.0005635023,0.0015132282
-0.3204655539041761,5.030632e-5,0.001513562
-0.32037343089106174,0.0006120205,0.0015103631
-0.3202757381416734,0.0018788576,0.0015080965
-0.3202496486629983,-0.0003117919,0.0015119085
-0.320161674245265,0.0013760328,0.0015145803
-0.320117597008717,-0.0017464161,0.0015164727
-0.3200527852545144,-0.000114798546,0.0015127478
-0.3198746218313707,0.00040185452,0.0015118604
-0.31987299274702563,0.0016038418,0.0015178032
-0.3198622379523506,0.0009795427,0.0015112022
-0.319740954371582,0.00036978722,0.0015108958
-0.3197156180060383,-0.0026670098,0.0015165719
-0.31965043292470263,-0.00028145313,0.001515721
-0.3196373055375541,0.0005824566,0.0015116615
-0.3195518822828112,0.0001103878,0.0015098514
-0.3195512596655664,0.0004479885,0.0015160862
-0.3194473234026779,0.00089776516,0.0015136255
-0.31938357030762166,-0.0011066794,0.0015152153
-0.31928285816941815,-0.0016679168,0.0015173202
-0.3192628997338376,0.00032269955,0.0015115691
-0.3192376461299574,0.00049865246,0.0015158858
-0.31911042530687617,0.0005582571,0.0015108534
-0.3190975185735768,0.0008608103,0.0015120502
-0.31905336180956234,0.00024020672,0.0015161185
-0.31900089104537344,0.0007852316,0.0015104483
-0.31890927887305576,0.0005044937,0.0015085058
-0.31884392676678996,-0.0021651387,0.0015136224
-0.3187678146986256,0.0002169609,0.0015147048
-0.3186953177275953,0.0017348528,0.001517652
-0.31865328659392045,-0.001411736,0.001511145
-0.318615113463542,-0.00065368414,0.0015143467
-0.3184818490761008,-0.00043863058,0.0015110535
-0.31848147628093604,-0.0012447834,0.001513597
-0.3184584978943428,0.0012271404,0.0015207203
-0.31836645428679244,-0.00032275915,0.0015099385
-0.3182687736501172,0.00048935413,0.0015098721
-0.31824260543880667,-0.00079512596,0.0015165228
-0.31815465457357106,0.00022649765,0.0015167878
-0.31811052081299984,0.0014761686,0.0015182394
-0.3179947159999399,0.000330925,0.0015119722
-0.31786760417977666,0.0014176369,0.0015170436
-0.31786593202767843,0.0008237362,0.0015155139
-0.31785524587203984,-0.00025248528,0.0015111552
-0.3177339744052987,-0.0014405847,0.001512309
-0.31770861313910026,0.000813365,0.001512565
-0.31764338566491135,0.0021556616,0.0015166487
-0.31763033768201243,0.0017524958,0.0015111157
-0.3175449265403113,-0.0015992522,0.0015087685
-0.3175442346111016,0.0012199879,0.0015162576
-0.317440288927214,-3.2365322e-5,0.0015136276
-0.3173765614040982,0.0008033514,0.001516549
-0.317275792066643,-0.0020056963,0.0015185153
-0.3172558773730584,5.030632e-5,0.0015133016
-0.31723065001076134,0.0019835234,0.0015131254
-0.3171034413010504,-0.00064510107,0.0015115971
-0.3170905096690677,0.0010919571,0.0015130014
-0.3170463105105571,0.0012990236,0.0015154507
-0.3169939184790037,-0.00072580576,0.0015118491
-0.31690231909199906,-0.00020062923,0.0015117462
-0.31683688825441214,-0.00032401085,0.0015150127
-0.3167608004113456,-0.00083589554,0.0015134003
-0.31668824691464903,-0.00024056435,0.001518603
-0.3166462601929414,-0.0008845329,0.0015144867
-0.3166081126364749,-0.00078451633,0.0015128856
-0.3164748617062896,0.00062191486,0.0015116333
-0.31647446333885576,0.0018801689,0.0015122101
-0.3164514418851666,-0.0027698874,0.0015155436
-0.3163594783580802,0.0027492046,0.0015114199
-0.3162618098328037,-0.00068986416,0.0015095212
-0.31623556288951504,5.030632e-5,0.0015157794
-0.31614763490319153,0.00041365623,0.00151229
-0.3161034439427114,0.0012099743,0.0015182937
-0.3160387243790572,0.001188755,0.0015133371
-0.3159877111326732,0.0013655424,0.0015139485
-0.31586058652719684,0.0011305809,0.0015163033
-0.31585887130997414,-0.00020319223,0.0015162233
-0.31584825446432896,-0.0006108284,0.0015116414
-0.31572699376345825,-0.000682354,0.0015126887
-0.3157016075992336,0.00064718723,0.0015126109
-0.3156363390773915,0.00062918663,0.0015143552
-0.3156233691538709,-0.0013059378,0.0015097342
-0.31553797079781143,0.00017762184,0.0015098816
-0.3155372095569654,-0.00067436695,0.001518623
-0.31543325445306447,0.002580285,0.001514972
-0.315369551826332,-0.0007432103,0.0015155922
-0.3152687266367963,-0.00037884712,0.0015155402
-0.3152488556825789,0.0009497404,0.0015105853
-0.3152236538918939,0.0001553297,0.0015126525
-0.31509645729456737,-0.00016713142,0.0015124744
-0.31508350076554426,0.0014923811,0.001515539
-0.31503925921155196,0.0011299849,0.0015138786
-0.3149869465862196,-9.137392e-5,0.0015099881
-0.314895358638014,-0.00047820807,0.0015109146
-0.31482984974072004,-0.0005019307,0.0015141284
-0.31475378612570837,-4.172325e-5,0.0015155217
-0.3146811754274601,6.914139e-5,0.0015169126
-0.3146392337922911,-0.0007764697,0.001513228
-0.31460111248102207,-0.0001437664,0.0015136879
-0.31446787366420703,-0.0007133484,0.001511172
-0.31446744972483276,-0.0007420182,0.0015119466
-0.3144443858773047,0.00021624565,0.0015157324
-0.3143525024267393,0.002417326,0.0015104926
-0.3142548453425619,-0.0012176037,0.0015093517
-0.3142285196666377,-0.00023382902,0.0015164935
-0.31417548853174815,0.00047183037,0.0015135853
-0.314140615232812,-2.2113323e-5,0.0015153794
-0.31409636774535143,6.592274e-5,0.0015153588
-0.31403169394247876,-8.940697e-5,0.0015151199
-0.3139807069396493,-0.00017982721,0.0015124793
-0.31385356887461713,0.00040221214,0.0015125147
-0.3138518112625698,0.001475215,0.0015170444
-0.31384126238303256,-3.1888485e-5,0.0015111474
-0.3137200137945464,-0.0007470846,0.0015115413
-0.31369460273393834,-0.0020464659,0.0015134785
-0.31362929181595733,-0.00032263994,0.0015168007
-0.31361640129865787,0.0017573833,0.0015095153
-0.31353101505498293,0.0014351606,0.0015114184
-0.31353018450217207,0.00095903873,0.0015162132
-0.3134262199782577,0.0002193451,0.0015120881
-0.3133625429228085,0.0021692514,0.0015152141
-0.313261661206621,0.00080883503,0.0015172142
-0.313241833319171,0.0016099215,0.0015128934
-0.31321665777368346,0.0010313988,0.0015132637
-0.3130894732903845,-0.00025355816,0.0015132192
-0.3130764918616922,1.9073486e-5,0.0015139654
-0.31303220724126113,-7.158518e-5,0.0015151178
-0.3129799740201785,-0.0005694628,0.0015093465
-0.31288839885958586,0.0016795397,0.001510477
-0.3128228105547566,-0.0013769269,0.0015128602
-0.3127467718374425,0.0026298761,0.0015160704
-0.31267410461451384,-0.00046354532,0.0015175039
-0.3126322080665407,0.0013924837,0.0015137627
-0.31259411232425494,-7.0512295e-5,0.0015136964
-0.3124608856208102,0.0017040968,0.0015146956
-0.31246043678242397,-0.0013446808,0.0015120476
-0.3124373298687857,0.0003515482,0.0015170856
-0.31234552582247,0.0011957884,0.0015118454
-0.31224788152426275,-0.00095176697,0.0015102229
-0.312221477115703,0.0012420416,0.0015141706
-0.31216853615421936,4.529953e-5,0.001512587
-0.3121335955611181,1.835823e-5,0.0015148417
-0.3120892908767058,-0.00076681376,0.0015138985
-0.31202466350392877,-0.0027256608,0.0015127764
-0.3119737020736969,0.0008225441,0.0015147503
-0.3118465512236802,-0.0018982291,0.0015113459
-0.31184475054256555,0.0018312931,0.001517423
-0.3118342703027218,-0.0019625425,0.001511079
-0.3117130338269488,0.0015556812,0.001512264
-0.31168759719505745,0.0008363724,0.0015147107
-0.31162224455452325,-2.8908253e-5,0.0015160542
-0.31160943277084496,0.0016735792,0.0015102032
-0.3115240593114974,-0.0013943315,0.0015090323
-0.3115231601212929,-0.0009660125,0.0015176068
-0.31141918550213665,-4.2557716e-5,0.0015117436
-0.31135553334635657,-7.95722e-5,0.0015157174
-0.3112545951038458,0.00019443035,0.0015152914
-0.3112348116300059,-0.00022220612,0.0015123278
-0.31120966165580166,-0.0006405711,0.0015135338
-0.3110824892842301,0.0008251667,0.0015113587
-0.3110694829578402,0.0004081726,0.001512083
-0.31102515594324165,0.0003964901,0.0015160252
-0.3109730021273944,-0.0009043813,0.0015100081
-0.3108814390785293,-0.00067299604,0.0015103488
-0.3108157720430359,0.000923872,0.0015155949
-0.3107397575491767,-0.002249837,0.0015118399
-0.3106670331286392,0.00021624565,0.0015172729
-0.310625181666876,-0.0014328957,0.0015164372
-0.3105871121674878,-0.0014181733,0.0015117741
-0.31045389757675623,-0.00086534023,0.0015143859
-0.31045342316840097,0.0013650656,0.0015135801
-0.3104302738602668,0.0012252331,0.0015142617
-0.31033854989244336,-0.000651896,0.0015108117
-0.3102409170336923,-0.0012175441,0.001507949
-0.3102144345647685,0.0012680292,0.0015150908
-0.3101615831037621,0.0014946461,0.0015133326
-0.31012657589073855,0.001711607,0.001515397
-0.310082214007403,0.00052309036,0.0015167875
-0.3100176337389644,0.00041520596,0.001512163
-0.3099666972064302,0.0006198883,0.0015136297
-0.30983953357208616,0.0011199713,0.0015128361
-0.30983768982453264,0.0007107258,0.001515052
-0.3098272782230682,-0.00030970573,0.0015128088
-0.30970605385836547,0.00040614605,0.0015120808
-0.3096805916551908,0.0015443563,0.0015138115
-0.3096151979670033,0.0011234283,0.0015163912
-0.30960246424303195,-0.0015533566,0.0015097632
-0.30951710356932605,-0.0009303093,0.0015091937
-0.3095161350671567,0.00042819977,0.0015173217
-0.3094121517002584,0.0029337406,0.0015153158
-0.3093485244428331,0.00059890747,0.0015141189
-0.30924752967399904,0.002237916,0.001517388
-0.30922778994084077,5.030632e-5,0.0015126956
-0.3092026655372627,0.0015038252,0.0015149654
-0.3090755052777472,-0.00080251694,0.0015115514
-0.30906247338138826,-0.0020908713,0.0015108981
-0.3090181046439079,0.00086545944,0.0015147015
-0.30896602956168184,-0.0018179417,0.0015118405
-0.3088744792974726,-0.0019686818,0.0015125799
-0.3088087335306582,0.00033140182,0.0015151415
-0.3087327432635395,0.0006687641,0.00151224
-0.30865996231569304,0.00034081936,0.0015171414
-0.3086181559388256,0.0015653372,0.0015150608
-0.30858011201203495,-0.00034707785,0.001514946
-0.3084469095346737,-0.00016283989,0.001510849
-0.30844640955437796,-0.0014052987,0.001511793
-0.3084232185243476,-0.0016949177,0.001512548
-0.3083315739617597,-0.0004107356,0.0015114235
-0.30823395321572167,-0.0005130172,0.0015109066
-0.3082073913418911,-0.0004093647,0.0015128856
-0.3081546300519905,0.00086963177,0.0015135764
-0.3081195562203589,0.0010224581,0.0015172428
-0.3080751378110288,-0.00047713518,0.001516811
-0.30801060330238583,-0.0002875328,0.001516928
-0.3079596930134063,0.00084733963,0.0015157437
-0.3078325159191778,-0.0005598664,0.0015121605
-0.30783062910551406,0.0039077997,0.00151728
-0.3078202861417717,0.00082695484,0.0015133282
-0.30769907389043927,-0.0012065768,0.0015105013
-0.30767358678825274,0.0007301569,0.0015138513
-0.30760815070721204,0.00016570091,0.0015170738
-0.30759549638716177,0.00036346912,0.0015126487
-0.30751014782781194,0.0006093979,0.0015094841
-0.3075091100130205,-0.00065106153,0.0015160912
-0.3074051172254516,-0.00070017576,0.0015147153
-0.3073415148650669,0.0018496513,0.0015162918
-0.3072404642444809,-9.9658966e-5,0.0015159573
-0.30722076757874717,0.001476407,0.001512613
-0.3071956700919809,0.0001398325,0.0015131691
-0.30706852127257855,-0.0009356737,0.0015112308
-0.30705546447687904,0.0019174814,0.0015153692
-0.30701105334523127,0.0014111996,0.0015168244
-0.3069590576692264,-0.0016153455,0.001511946
-0.3068675195177303,-3.6239624e-5,0.0015084508
-0.3068016950169661,0.0016063452,0.001515736
-0.306725729649188,-0.00063610077,0.0015169268
-0.30665289150274677,0.002653122,0.001516342
-0.3066111295378465,0.0002963543,0.0015142948
-0.3065731118565821,0.002068758,0.0015147931
-0.30643992149127686,0.002034068,0.0015140617
-0.30643939661328345,-0.00052410364,0.0015124658
-0.30641616251484294,0.00061035156,0.0015162798
-0.30632459735847606,0.0015102625,0.0015123512
-0.30622698939709403,0.00040376186,0.0015099881
-0.3062003487925994,0.00079858303,0.0015157822
-0.3061476770015332,-0.00045090914,0.0015135546
-0.3061125365499794,-0.0002681017,0.0015177228
-0.3060680609404117,0.00092864037,0.0015165244
-0.3060035728651501,0.00035881996,0.0015148273
-0.3059526881474539,-4.6133995e-5,0.0015136899
-0.30582549826758376,0.0004339218,0.0015140546
-0.305823568386167,0.0019395351,0.0015165033
-0.3058132947334038,-0.00090414286,0.0015101831
-0.3056920939228417,0.0008685589,0.0015117491
-0.30566658124937185,0.0010792017,0.0015139729
-0.3056011034467637,-0.00088477135,0.0015153261
-0.30558852853194884,0.00048732758,0.0015112429
-0.30550319208498344,0.00016820431,0.0015074845
-0.3055020849592128,0.00075912476,0.0015188608
-0.30539808275064484,-0.00074595213,0.0015142673
-0.30533450596055767,-0.00062578917,0.0015136423
-0.3052333981433486,-0.0010317564,0.0015155696
-0.3052137458882678,-0.0008929372,0.0015137128
-0.30518867397508487,-0.0014016032,0.001514448
-0.30506153726609553,-0.0007802844,0.0015119506
-0.30504845557302707,0.0018367767,0.0015161693
-0.3050040020472119,0.0013722181,0.0015133511
-0.3049520851038423,-0.0014666319,0.0015086764
-0.3048605597370022,0.0008033514,0.0015111562
-0.30479465650458826,-0.000564456,0.0015142291
-0.3047187153612507,-0.000910759,0.0015148191
-0.30464582001555784,-0.00030362606,0.0015184192
-0.30460410381111047,0.0016624928,0.0015155156
-0.30456611169981496,0.00038051605,0.0015124007
-0.3044329341201514,0.0015414953,0.0015111553
-0.30443238299893194,0.0014176369,0.0015139643
-0.3044091065063239,-0.0019853115,0.0015141335
-0.3043176214281209,-6.490946e-5,0.0015103592
-0.3042200249075092,-7.987022e-6,0.0015086782
-0.30419330624166485,0.0010219812,0.0015162325
-0.30414072395107605,-0.001871109,0.0015144404
-0.30410551687959975,0.000797987,0.0015150346
-0.30406098474305177,0.00094020367,0.0015165366
-0.3039965424266001,0.0018171072,0.0015165391
-0.3039456839531157,-0.00014913082,0.0015128218
-0.3038184806159897,-0.00024461746,0.0015126733
-0.30381650766616264,0.00026357174,0.0015163359
-0.30380630265309305,-0.0014843345,0.0015135765
-0.30368511395425835,-0.00073331594,0.0015107323
-0.3036595763840766,-0.0005273819,0.0015166363
-0.3035940568579295,5.0902367e-5,0.0015175587
-0.3035815600034787,-0.00083845854,0.0015093783
-0.3034962363414978,0.000115036964,0.0015153682
-0.303495059904748,0.00015616417,0.001516722
-0.3033910482745238,0.00080657005,0.0015145486
-0.30332749705802,0.0023620129,0.0015153369
-0.3032263327125162,-0.0008172393,0.0015162999
-0.30320672419910266,0.0022472143,0.0015132411
-0.3031816778558887,0.0004762411,0.0015160815
-0.3030545532609269,-0.000117242336,0.0015103585
-0.3030414466695036,-0.00036126375,0.0015132207
-0.30299695074984956,-4.8995018e-5,0.0015145501
-0.30294511321007256,0.0038884878,0.0015137264
-0.3028535999569313,0.0015355349,0.0015099895
-0.30278761799221043,0.001168251,0.0015125074
-0.30271170107298484,0.0014923811,0.0015141139
-0.3026387492026116,-0.0015597343,0.0015150484
-0.3025970774127601,0.00093340874,0.0015136464
-0.3025591115443621,0.00018167496,0.0015131187
-0.3024259460774117,0.0006303787,0.0015117452
-0.30242537005685166,0.00029933453,0.0015129377
-0.3024020504978049,-0.001193285,0.0015189314
-0.3023106454980944,0.0015980005,0.0015115298
-0.30221306109019586,-0.0011078715,0.0015091649
-0.3021862630178017,-0.0004991889,0.0015152834
-0.3021337708993045,0.0039055347,0.0015132801
-0.30209849720790594,0.00032413006,0.0015133357
-0.30205390787473474,0.00021600723,0.0015176052
-0.30198951266130714,-0.0011663437,0.0015144725
-0.3019386790871633,-0.00093120337,0.0015138607
-0.30181146296439565,0.0007981062,0.0015150735
-0.3018094469458298,-9.894371e-6,0.0015172989
-0.301799310571468,0.0019017458,0.0015134575
-0.30167813398633225,0.0010060072,0.0015107775
-0.3016525708438813,-0.0009837747,0.0015139098
-0.3015870095974811,0.00073862076,0.0015162544
-0.3015745921472799,0.0015753508,0.0015116665
-0.3014892812729122,0.0007972717,0.0015092586
-0.3014880348506118,-0.000308156,0.0015175894
-0.30138401379873136,5.030632e-5,0.0015127942
-0.30132048748156803,-0.0014113784,0.0015143285
-0.3012192672816838,0.00017940998,0.0015170018
-0.3011997025109233,0.00034964085,0.0015132219
-0.3011746817370212,-8.881092e-6,0.0015161826
-0.30104756925575826,-0.0007790327,0.0015113287
-0.3010344377649944,0.0013977289,0.0015158412
-0.3009898994505158,-0.0011906624,0.0015152247
-0.3009381406446885,0.0001553297,0.0015114953
-0.3008466395042604,-0.00062584877,0.0015123283
-0.3007805794798326,-0.0005505085,0.0015147262
-0.30070468678603335,0.0011968613,0.0015138448
-0.30063167839032257,0.0005248785,0.0015168929
-0.30059005101178116,0.0007917881,0.0015158667
-0.30055211139022364,0.00055897236,0.0015121228
-0.300418958034672,0.003097415,0.0015105299
-0.30041835711575726,-0.0011097789,0.0015098626
-0.3003949944879716,0.0024079084,0.0015163472
-0.30030366956806787,0.0002849102,0.0015112614
-0.30020609727189673,-0.00018066168,0.0015097862
-0.3001792204685101,-0.0020233989,0.001516912
-0.30012681784819006,-0.0008587241,0.0015154224
-0.3000914775375263,0.0018274784,0.0015148458
-0.30004683167836044,0.0018948317,0.0015178883
-0.2999824822237429,0.0011928082,0.0015156156
-0.2999316748941394,-0.0003245473,0.0015155391
-0.2998044453114873,-0.00034290552,0.0015114672
-0.2998023869010541,0.0010219812,0.0015166046
-0.2997923191640858,0.000574708,0.0015125386
-0.2996711533458061,0.0012454987,0.001511139
-0.29964556597727177,-0.00017952919,0.001511544
-0.29957996300996115,5.6743622e-5,0.0015161381
-0.2995676236201241,0.00043702126,0.0015113818
-0.2994823255300838,0.0006556511,0.0015113378
-0.29948100979647563,0.0005863905,0.0015159643
-0.29937697932491025,-0.0012726188,0.0015148446
-0.2993134785767303,0.0015971661,0.0015175954
-0.2992122011792372,0.001790762,0.0015158706
-0.29919268014784406,-0.0009971261,0.0015123656
-0.2991676856188108,0.0017948151,0.0015132368
-0.29904058525058963,-0.00044488907,0.0015091827
-0.2990274288611424,-0.00039321184,0.0015140661
-0.2989828481518392,-0.0004324913,0.0015142236
-0.2989311687515759,0.00047838688,0.0015086398
-0.2988396797245181,0.0016459227,0.0015087653
-0.2987735409661405,-2.0325184e-5,0.0015175634
-0.29869767249908186,-0.0011307001,0.0015152871
-0.29862460690379067,0.0021823645,0.0015164105
-0.2985830252837307,-0.0014114976,0.0015136179
-0.2985451112334565,-0.0018405914,0.0015142071
-0.2984119699916037,0.0033025742,0.0015153687
-0.29841134350140563,0.0009866953,0.0015132935
-0.29838793915238104,-0.00037389994,0.0015144994
-0.29829669296379846,-0.0009776354,0.0015110024
-0.29819913278132626,0.0010695457,0.0015100474
-0.2981721779185612,-0.0009702444,0.001516526
-0.29811986547066127,4.529953e-5,0.0015145451
-0.2980844578658325,0.0005840063,0.0015118424
-0.29803975480774336,0.001522541,0.0015187952
-0.2979754517878215,-0.0008100867,0.0015141706
-0.2979246700281871,0.00023496151,0.0015153873
-0.2977974276592361,0.0022547245,0.0015153405
-0.2977953261817069,0.0002924204,0.0015167082
-0.29778532708377503,0.002297163,0.0015133009
-0.2976641733782085,6.759167e-5,0.0015130127
-0.297638560439048,0.0011217594,0.001514569
-0.2975729157495127,0.00023853779,0.001513754
-0.29756065576458257,0.00047159195,0.0015105555
-0.29747536978659816,-0.00088977814,0.0015086975
-0.2974739854149393,-6.5624714e-5,0.001516843
-0.2973699448501036,0.0013436079,0.0015148456
-0.29730646900027835,-0.001188755,0.0015179625
-0.2972051357497191,-0.00054216385,0.0015158248
-0.29718565845736455,-7.748604e-5,0.001513881
-0.29716069017320046,-0.00096035004,0.0015111904
-0.297033601245421,0.0019874573,0.0015141317
-0.29702041995761896,-0.00020188093,0.0015134754
-0.29697579685447684,-0.0020798445,0.0015135237
-0.296924196857806,-0.00016200542,0.0015128335
-0.29683271994477567,0.0010817051,0.0015126483
-0.296766502452777,0.0017445087,0.0015151567
-0.2966906588837446,0.00094115734,0.0015149201
-0.29661753608953023,0.00044548512,0.0015168232
-0.29657599888538033,-0.00024551153,0.0015163943
-0.29653811107668937,0.0008201599,0.0015163756
-0.29640498262080683,0.00017023087,0.0015130385
-0.29640433055932536,0.00049102306,0.0015148134
-0.296380883143862,0.00086426735,0.0015154087
-0.29628971703377194,0.00052416325,0.0015136545
-0.2961921689640128,-2.2828579e-5,0.0015089298
-0.29616513536729805,0.0021851063,0.0015150746
-0.29611291242086113,0.0017477274,0.001516502
-0.2960774381947957,-0.0010757446,0.0015128804
-0.29603267861136906,-0.00042414665,0.0015156749
-0.2959684213492715,0.00021243095,0.0015166507
-0.2959176658351632,-0.00039851665,0.0015116138
-0.2957904100082992,0.00038599968,0.0015127589
-0.29578826546170256,-0.0009889007,0.0015170162
-0.29577833500313566,0.0007004738,0.0015128518
-0.29565719340962526,0.0007327795,0.0015117587
-0.29563155557309573,0.00029742718,0.0015181577
-0.29556586848775,-0.0016012788,0.0015169887
-0.2955536872354553,0.0017499924,0.0015121405
-0.2954684140444268,0.0012475252,0.0015086659
-0.2954669603608031,-0.00037109852,0.0015173777
-0.29536291037398255,0.000967741,0.0015147242
-0.2952994600967549,-0.00019919872,0.0015171864
-0.29519807032020096,0.0009958744,0.001516905
-0.29517863676819955,5.8174133e-5,0.0015161644
-0.29515369405499003,0.0008337498,0.001513126
-0.2950266179118666,-0.0011194348,0.0015100584
-0.29501341105343837,0.00010228157,0.0015132222
-0.29496874488352887,0.0024424791,0.0015155906
-0.2949172242930792,0.001585722,0.0015087756
-0.294825760163719,-0.0009331107,0.001511482
-0.29475946394138497,0.0010848045,0.0015172076
-0.2946836445967931,0.00017023087,0.0015167445
-0.2946104652765841,0.00057792664,0.0015172801
-0.29456897315831565,1.8000603e-5,0.001513796
-0.2945311109212365,-0.0005120039,0.0015135746
-0.29439799457806715,-0.0007272959,0.0015105127
-0.29439731694530247,0.0016608238,0.0015125222
-0.2943738271350145,-0.00017988682,0.00151253
-0.29428274110275965,-0.00094640255,0.0015109567
-0.29418520514571367,0.00053071976,0.0015123512
-0.29415809214376354,0.0013079643,0.0015155884
-0.29410595936908956,0.0015443563,0.0015139884
-0.2940704191980018,0.00072336197,0.0015161586
-0.29402560241499487,0.0017806292,0.0015172097
-0.2939613915839786,-0.00038915873,0.0015136991
-0.29391066096789653,0.0013517141,0.0015170027
-0.29378339235670514,-0.0017835498,0.0015144653
-0.293781204742684,0.0015187263,0.0015177923
-0.2937713435954249,0.0004914999,0.0015110566
-0.2936502134410419,0.0019097328,0.0015129168
-0.29362455003290044,0.002678752,0.0015132444
-0.2935588218992444,0.001548171,0.0015157312
-0.293546719381228,-0.0009198785,0.0015125668
-0.2934614583009413,0.0015066862,0.0015093115
-0.2934599353066669,-0.001223743,0.0015178729
-0.29335587657210427,0.000346303,0.0015139927
-0.29329245119191716,0.001163125,0.0015203214
-0.29319100488936845,9.23872e-5,0.001517378
-0.29317161507903444,0.00034594536,0.0015139831
-0.2931466979367797,-0.0009769797,0.0015132019
-0.29301963390669794,0.0012390614,0.0015127391
-0.2930064021495864,0.0026619434,0.001513679
-0.2929616935841951,0.0020701885,0.0015171468
-0.2929102523999666,0.0021464825,0.0015108536
-0.2928188003839767,4.529953e-5,0.0015088043
-0.29275242542900715,0.0011949539,0.0015146941
-0.29267663031082725,0.0016924143,0.0015182872
-0.2926033944636378,0.00038850307,0.0015169422
-0.2925619467576652,0.001160264,0.0015146175
-0.2925241107647979,0.00071036816,0.0015141956
-0.29239100653532746,-0.0003656149,0.0015112322
-0.29239030400420796,-0.0004569888,0.0015131155
-0.29236677112616694,0.0005955696,0.0015165667
-0.29227576517174736,0.002424121,0.0015104725
-0.2921782406551432,0.0017027855,0.0015123074
-0.29215104959348615,0.00044596195,0.0015164567
-0.29209900631797514,-0.000849843,0.0015149621
-0.2920633995276223,4.529953e-5,0.0015129069
-0.2920185255456921,0.00013232231,0.0015177679
-0.29195436114772866,0.0021381378,0.0015143497
-0.2919036567748726,0.0034137964,0.0015131192
-0.2917763747037968,-0.00030434132,0.0015124782
-0.2917741440233369,0.0014054775,0.0015177325
-0.291764351514457,0.0019726753,0.001512726
-0.2916432334741015,-0.0026251078,0.0015126321
-0.2916175451662909,0.0003503561,0.0015146754
-0.29155177463978177,0.0027148724,0.0015142496
-0.2915397515263435,-0.00046914816,0.0015093426
-0.2914545025587699,0.0015796423,0.0015113496
-0.2914529102522021,0.0014122725,0.001518065
-0.2913488420972975,0.00031495094,0.0015143465
-0.2912854416141508,-8.946657e-5,0.0015161551
-0.29118393878692184,0.0007003546,0.0015160496
-0.29116459271694084,-0.0007042885,0.0015128038
-0.2911397024918264,0.0010706186,0.0015127151
-0.291012649900215,-0.0006814003,0.0015124284
-0.2909993932457343,-0.0021395683,0.0015119907
-0.29095464228518997,-0.0016080141,0.00151504
-0.29090328050619674,0.0021660328,0.0015129081
-0.2908118406032486,-0.0002462864,0.0015096876
-0.29074538691531504,-8.380413e-5,0.0015146823
-0.29066961602289,0.0011748075,0.0015175443
-0.2905963229784203,0.00044870377,0.0015188878
-0.2905549210296148,-0.00078612566,0.001512616
-0.2905171106090165,0.0017225742,0.0015139644
-0.29038401916420187,0.0011997223,0.0015117801
-0.29038329038985633,0.0013051033,0.0015148415
-0.29035971578991926,0.00062441826,0.0015129608
-0.2902687885694495,0.00021588802,0.0015106249
-0.29017127683782984,0.0014054775,0.0015099284
-0.29014400704452303,0.0017251968,0.0015165553
-0.290092053268175,0.0010578632,0.0015169975
-0.29005637985592836,-1.758337e-5,0.0015190751
-0.29001144934898926,0.0010882616,0.0015164647
-0.28994733071049295,-0.00041252375,0.0015150751
-0.2898966519089202,0.0016486645,0.001516551
-0.28976935705220275,5.030632e-5,0.0015108295
-0.2897670839769183,-0.0018449426,0.0015167411
-0.28975735943381764,0.0008597374,0.0015136019
-0.28963625350551814,-0.0014618635,0.001510555
-0.2896105396270814,0.00077188015,0.0015131799
-0.28954472805226183,-0.0012944341,0.0015139531
-0.28953278299787344,-0.0014945269,0.0015113951
-0.2894475468165987,0.00022280216,0.0015141517
-0.2894458858709944,0.0001026392,0.0015158907
-0.28934180762249073,0.0023856163,0.0015140796
-0.28927843271062736,0.000980258,0.0015156673
-0.28917687335806086,-5.531311e-5,0.0015168411
-0.28915757102646145,0.0008186102,0.001515496
-0.2891327063739446,-0.00040519238,0.0015121187
-0.28900566589438914,-0.0014163852,0.0015119372
-0.28899238434221086,-0.00053709745,0.0015124527
-0.288947590986842,-0.00014424324,0.0015143836
-0.2888963079414699,0.0025817156,0.0015114512
-0.28880488082252054,0.0006104708,0.0015109668
-0.2887383484029372,-0.0023784637,0.0015137566
-0.2886626024075527,-0.00011765957,0.0015183929
-0.2885892521644884,0.0008326769,0.0015194804
-0.2885478953028786,0.00021791458,0.0015130659
-0.2885101104535637,0.000880599,0.0015140133
-0.2883770311214622,-0.0003401041,0.0015119731
-0.2883762774484333,-0.00013297796,0.0015133795
-0.2883526597810716,0.0022109747,0.0015147788
-0.2882618126387658,-0.00019431114,0.0015114647
-0.28816431301985923,7.069111e-5,0.0015119646
-0.2881369644932599,0.0040068626,0.0015161703
-0.28808510021640343,0.0015028715,0.0015162664
-0.28804936018554883,-0.00027811527,0.001513878
-0.2880043724787008,0.00030708313,0.0015141264
-0.28794030094487144,0.00030183792,0.0015140737
-0.28788964771458203,0.00049364567,0.0015141204
-0.2877623400735372,5.364418e-5,0.0015130516
-0.2877600232572425,-0.001689136,0.0015153247
-0.28775036802544973,0.00067424774,0.001513594
-0.2876292735369348,-0.0006378889,0.0015097846
-0.28760353476080047,0.00038826466,0.0015123
-0.28753768079049913,0.00017595291,0.0015133813
-0.28752581514167463,-0.0027629733,0.0015099681
-0.28744059107311304,0.0015542507,0.001511319
-0.2874388608168582,-0.0005722046,0.0015158536
-0.2873347731463697,-0.0024710894,0.0015117823
-0.2872714238084183,4.529953e-5,0.0015143215
-0.28716980792854274,-0.0017008781,0.00151499
-0.28715054933729633,-0.0015553832,0.0015135295
-0.28712571025507705,4.529953e-5,0.0015118781
-0.28699868188987765,7.4863434e-5,0.0015118679
-0.28698537543770175,0.0034873486,0.0015137481
-0.2869405396901368,0.0024000406,0.0015157794
-0.28688933604901445,0.0007183552,0.001511799
-0.28679792104343527,0.002776146,0.0015113745
-0.2867313098905594,0.0012370348,0.0015127106
-0.2866555881206012,0.0015479326,0.0015154349
-0.28658218135055646,0.0012588501,0.0015187721
-0.2865408689041997,-0.00019592047,0.001513264
-0.2865031102981108,0.0022435188,0.0015144227
-0.2863700430774082,0.00075149536,0.0015116562
-0.28636926450668165,7.8082085e-5,0.0015115925
-0.28634560377222407,0.0004491806,0.0015195825
-0.2862548367074249,-0.0005803108,0.0015094541
-0.2861573492012316,-0.0001872778,0.001508438
-0.28612992194265385,-0.0005046725,0.0015150994
-0.2860781478382175,-7.611513e-5,0.0015165008
-0.2860423405151692,-0.0010831952,0.001514761
-0.2859972962823265,-0.001024425,0.0015183495
-0.28593327050632134,0.0012040138,0.0015128003
-0.2858826435215581,0.0017470121,0.0015158387
-0.28575532242062884,-0.000903368,0.0015136081
-0.2857529625369096,0.0009950399,0.001516616
-0.2857433759438247,0.00094258785,0.0015111716
-0.28562229356999436,0.0008676052,0.0015123023
-0.28559652922126244,9.894371e-5,0.0015126958
-0.2855306342029792,0.0012681484,0.0015165264
-0.28551884661386173,-0.0017293692,0.0015119492
-0.2854336360038703,0.0021848679,0.0015120568
-0.28543183576305053,0.0014901161,0.0015187057
-0.28532773867024863,0.0012983084,0.0015131878
-0.2852644142306521,0.0013426542,0.0015182678
-0.2851627424983675,0.0014183521,0.0015170028
-0.28514352764878836,0.0020530224,0.0015135896
-0.2851187148097952,-0.00031381845,0.001513025
-0.284991697884709,0.0021003485,0.0015114419
-0.284978367206121,0.0008943081,0.0015128508
-0.2849334883921173,-0.0012450218,0.0015170034
-0.2848823641555732,4.529953e-5,0.0015120124
-0.2847909612627072,0.00083613396,0.0015110623
-0.2847242713781817,-7.003546e-5,0.0015155176
-0.28464857383233544,-0.0002773404,0.0015134199
-0.28457511053826745,-0.0010517836,0.0015169656
-0.2845338431764778,1.3709068e-5,0.0015135984
-0.28449611081558657,0.00026583672,0.0015133806
-0.28436305503368275,-0.0010576248,0.0015126922
-0.28436225089233,0.0003376007,0.0015114469
-0.28433854843663353,0.0010051727,0.0015159277
-0.2842478607780555,-0.00048977137,0.0015110613
-0.28415038471098963,-0.00033265352,0.001509118
-0.2841228787204336,0.0015687943,0.0015170161
-0.2840711947874317,0.0032458305,0.0015182889
-0.28403532151640387,0.00060379505,0.0015164464
-0.2839902200856237,0.0007162094,0.0015163575
-0.2839262407420142,0.00031614304,0.0015129229
-0.2838756386556057,0.0012915134,0.0015144593
-0.28374830476804913,0.0012345314,0.0015121634
-0.2837459024914768,-0.0010143518,0.0015162134
-0.28373638453775674,0.0018818378,0.0015129242
-0.2836153136023968,0.0014271736,0.00151086
-0.2835895243549814,-0.00046879053,0.0015120707
-0.2835235869425309,-0.00034677982,0.0015153277
-0.2835118787589772,-0.00039678812,0.0015147375
-0.2834266802616989,4.529953e-5,0.001510849
-0.2834248107085857,0.0010739565,0.0015181099
-0.28332070486968475,0.001511097,0.0015152012
-0.2832574053258142,0.0007147789,0.0015150679
-0.2831556770675351,-0.00018578768,0.0015155033
-0.2831365059589661,5.030632e-5,0.001514499
-0.2831117186912563,-0.0004299879,0.0015138958
-0.2829847145511546,6.377697e-5,0.0015117301
-0.2829713583032547,-0.00028210878,0.0015139875
-0.28292643709278353,0.0022859573,0.0015176153
-0.2828753915892035,0.0008728504,0.0015101961
-0.28278400148197913,0.00049602985,0.0015105291
-0.2827172328644896,0.000492692,0.0015144959
-0.28264155954538384,0.00070369244,0.0015194429
-0.2825680397253212,0.0017889738,0.0015192347
-0.28252681677549885,0.0001629591,0.0015141465
-0.2824891106588193,0.00093495846,0.0015127161
-0.2823560676648573,0.0018255711,0.0015110113
-0.282355237950907,-0.0012077689,0.0015113486
-0.2823314924281145,-0.0008955598,0.0015141733
-0.282240884848029,0.0013813972,0.0015135139
-0.2821434208943334,0.0028027296,0.0015099309
-0.28211583617048486,0.0015015602,0.0015145654
-0.28206424173598865,0.00035250187,0.0015178289
-0.2820283018453671,0.00045907497,0.0015155622
-0.2819831432159924,5.030632e-5,0.0015175092
-0.2819192103060928,0.0016936064,0.0015118284
-0.28186863446126753,0.0019618273,0.0015164935
-0.28174128711612645,-0.00039732456,0.0015149947
-0.2817388417724582,0.000721097,0.001516062
-0.2817293924571175,0.0003105402,0.0015130934
-0.2816083336334848,0.0022138357,0.0015132296
-0.2815825188170863,0.0019741058,0.0015137792
-0.28151654035501095,0.001085639,0.0015171504
-0.2815049109027785,-0.00041484833,0.0015111956
-0.2814197245195277,0.002449274,0.0015118574
-0.28141778632639236,0.0010052919,0.0015180279
-0.28131367039454935,0.0018122196,0.001513805
-0.28125039642360516,-0.00057178736,0.0015143021
-0.28114861163801685,0.0009998083,0.0015160674
-0.2811294835955582,0.00016975403,0.0015128056
-0.2811047225720602,-0.00074344873,0.0015156269
-0.28097773054598596,-0.00085538626,0.001512294
-0.28096434939973136,0.0009599924,0.0015140558
-0.28091938579476416,-0.0014466643,0.0015133126
-0.2808684196967479,-0.0003414154,0.0015098914
-0.28077704170289397,-0.00040084124,0.001510982
-0.28071019435079736,-0.0007622242,0.0015145069
-0.28063454593136095,0.0013549328,0.0015162249
-0.28056096891106075,-0.0015512109,0.001514796
-0.28051979104974845,-0.00016015768,0.0015147057
-0.2804821105033666,0.0008029938,0.0015134868
-0.28034907962211764,0.0018182993,0.0015110195
-0.28034822500915535,0.00032126904,0.0015152792
-0.2803244364186098,-0.00061541796,0.0015151154
-0.2802339089170167,0.0015501976,0.0015101131
-0.2801364570760343,0.0008839369,0.0015116205
-0.280108793620536,0.00016236305,0.0015161233
-0.28005728868553137,8.4757805e-5,0.0015175607
-0.28002128217465894,-0.0022866726,0.001513249
-0.2799760670196181,-0.0011208057,0.001515881
-0.2799121798675428,0.0003248453,0.0015179953
-0.27986162959432936,0.0012323856,0.0015150692
-0.2797342694658468,0.0012292862,0.0015117021
-0.27973178105343965,9.918213e-5,0.0015165911
-0.27972240037582097,-0.0012174845,0.0015121609
-0.2796013536652301,0.00015747547,0.0015099987
-0.2795755139498196,-0.00076144934,0.001512984
-0.27950949309324824,0.0011657476,0.0015160311
-0.2794979423749655,0.0009135008,0.0015126343
-0.27941276877604204,0.0008444786,0.0015095501
-0.2794107612732418,0.00076401234,0.0015171942
-0.27930663591875693,-0.00030076504,0.0015157769
-0.2792433875187674,-0.0015552044,0.0015162934
-0.2791415455362274,0.0006170273,0.0015173826
-0.2791224619063931,-0.0012023449,0.0015133894
-0.27909772712776404,0.0013399124,0.0015140822
-0.2789707465408173,-0.00023984909,0.0015120684
-0.2789573404948935,0.0021371841,0.0015137075
-0.2789123351696732,-0.0015731454,0.001513784
-0.27886144780429245,-0.00077700615,0.0015087876
-0.27877008192315167,-0.00092315674,0.0015112398
-0.27870315583973393,0.0031764507,0.0015172646
-0.27862753164440934,-3.8802624e-5,0.0015141867
-0.27855389742452885,-0.0005786419,0.0015168407
-0.2785127646497553,-0.00017738342,0.0015149561
-0.27847511034659933,-0.00010460615,0.0015139148
-0.27834209225099216,-0.00027740002,0.0015106952
-0.2783412113948037,0.001633048,0.0015132753
-0.2783173810826908,-0.0015439391,0.0015161042
-0.27822693231307594,0.0002914667,0.0015107989
-0.27812949325773517,0.0002835989,0.0015100769
-0.2781017510692728,0.00021278858,0.0015145302
-0.2780503356350742,0.0017396212,0.0015188812
-0.27801426317819367,0.00030350685,0.0015148284
-0.27796899082258664,-0.00013244152,0.0015189337
-0.2779051501019213,0.0007855892,0.0015139258
-0.27785462540097694,-0.0014945269,0.0015122609
-0.27772725248586694,0.00013554096,0.0015112706
-0.2777247210073496,0.00087857246,0.0015179118
-0.2777154089684387,-0.0020110607,0.0015118266
-0.277594373697304,0.0009702444,0.0015152488
-0.27756850841028147,-0.002610147,0.001511963
-0.277502446504414,-0.000636816,0.0015160529
-0.2774909745200811,0.00014913082,0.0015123155
-0.2774058137058135,-0.0007992983,0.0015099819
-0.27740373621943426,0.0007324219,0.0015204498
-0.27729960144395016,-8.583069e-6,0.0015115105
-0.2772363779410011,0.0011332035,0.0015147054
-0.2771344801057236,7.033348e-5,0.0015155287
-0.277115440217228,0.002354145,0.0015147885
-0.27709073100988224,-0.0015202761,0.0015111271
-0.2769637625343344,0.00061643124,0.0015128171
-0.27695033159137017,0.0015177727,0.0015136695
-0.2769052838713252,-0.00071805716,0.0015164166
-0.2768544752375941,-0.0012751818,0.0015126904
-0.276763122142095,0.001642704,0.0015113285
-0.2766961173270276,0.00012278557,0.0015146986
-0.27662051735745785,-0.00277251,0.0015154642
-0.27654682661125407,0.00066804886,0.00151819
-0.27650573892236197,-0.0003079772,0.0015126247
-0.27646811019048934,0.0023094416,0.0015147328
-0.27633510420825247,5.9604645e-5,0.0015128821
-0.2763341984533807,0.00022339821,0.0015131753
-0.27631032507548603,0.00013458729,0.0015183706
-0.2762199563830494,0.0028287172,0.0015105769
-0.2761225287674932,0.00065624714,0.0015099829
-0.27609470851800966,0.0014050007,0.0015170426
-0.2760433825833025,0.001933217,0.0015177821
-0.27600724350649974,0.0014997721,0.0015167119
-0.2759619146258838,-0.00033438206,0.0015160233
-0.27589811966599986,0.0018949509,0.0015141438
-0.2758476212092674,0.0006107092,0.0015140179
-0.2757202348332871,-0.0026156306,0.0015092754
-0.2757176602870167,0.0010812283,0.0015160384
-0.2755873937293778,0.00048482418,0.0015138414
-0.27556150354400055,0.0019325018,0.0015160491
-0.2754953992452799,0.0003209114,0.0015194534
-0.2754840066638824,9.262562e-5,0.0015097065
-0.27539885796462793,0.0017344952,0.0015112504
-0.2753967118375693,1.001358e-5,0.0015159847
-0.27529256764174337,0.0019801855,0.0015149094
-0.27522936903747763,0.0021176338,0.0015134623
-0.27512741467521973,0.001516223,0.0015183721
-0.2751084185277344,-0.0005954504,0.0015145058
-0.2750837348910148,0.0018441677,0.001514319
-0.27495677852818,-0.0007237792,0.0015140367
-0.2749433226878467,-0.001523912,0.001513394
-0.27489823257231993,0.00058853626,0.0015145877
-0.27484750334513863,0.002584815,0.001510038
-0.2747561623616954,0.000703454,0.0015096507
-0.27468907881432114,0.0012520552,0.0015141718
-0.27461350374212057,0.0007790327,0.0015137849
-0.2745397557992937,8.368492e-5,0.0015175715
-0.2744987131943114,0.0005931854,0.0015149845
-0.27446111003569373,-0.0010691881,0.0015134183
-0.2743281161655128,-0.00021374226,0.0015115072
-0.2743271855122862,0.0011045933,0.0015125108
-0.2743032690656527,0.001740098,0.0015169212
-0.27421298045269427,0.0029261112,0.0015138874
-0.2741155649488656,0.00015342236,0.0015081166
-0.27408766596937506,-0.00069803,0.0015184996
-0.27403642953284535,0.0005495548,0.0015166893
-0.27400022383513445,0.00021278858,0.0015141675
-0.2739548377562525,0.00035476685,0.0015156298
-0.2738910899013641,0.00020265579,0.0015125558
-0.27384061634200063,0.0014153719,0.0015138777
-0.2737132171826788,7.1406364e-5,0.0015131974
-0.27371059956799815,-0.0015726686,0.0015160022
-0.27370142547943144,-0.00032013655,0.0015116126
-0.2735804137611231,0.0003707409,0.0015148927
-0.27355449800479104,-0.00043207407,0.0015135753
-0.27348835265743143,0.0009816885,0.0015151082
-0.2734770388089979,0.0013049841,0.0015105095
-0.2733919022211423,-0.00023669004,0.0015100901
-0.2733896867834331,0.0008999109,0.0015184797
-0.273285533166608,-0.00085157156,0.0015123156
-0.2732223601339543,0.0023077726,0.0015152141
-0.27312034924635875,0.0009649992,0.0015183002
-0.2731013968375835,0.0019755363,0.0015144934
-0.27307673944573296,0.0042248964,0.0015140378
-0.27294979519561124,0.00025558472,0.001511932
-0.27293631378432326,0.0010735989,0.0015135912
-0.27289118127298617,0.0013741255,0.0015163264
-0.27284053145268317,0.0020401478,0.0015131719
-0.2727492025819531,-0.002162993,0.0015092937
-0.2726820409748719,-0.0008406043,0.0015148803
-0.2726064894551691,0.0003658533,0.0015128349
-0.27253268498503314,-0.0009291768,0.0015167065
-0.27249168679464686,-0.0011467934,0.0015163115
-0.2724541098802409,0.00149858,0.0015135037
-0.2723211287943873,-7.772446e-5,0.0015107985
-0.2723201718982632,0.0031409264,0.0015129861
-0.2722962137287479,-0.0032888055,0.0015131488
-0.272206004521682,-0.0013743043,0.0015115915
-0.2721086011315521,0.0007882118,0.0015102657
-0.27208062341909767,0.0006685257,0.0015147538
-0.27202947715531656,0.00033819675,0.0015185256
-0.2719932048386692,-0.00024038553,0.0015162801
-0.2719477615598783,0.0006840229,0.0015180031
-0.27188405946314265,-0.00031214952,0.0015138091
-0.27183361214766244,-0.00154984,0.001513379
-0.27170619953108477,-0.00055611134,0.0015122496
-0.27170353952289383,-0.001765132,0.001515587
-0.2716944333978064,-1.2636185e-5,0.0015105909
-0.2715734337935254,-0.00016480684,0.0015111632
-0.27154749313883864,-0.0008175373,0.0015135175
-0.27148130606892584,-0.00078707933,0.0015142972
-0.27147007028118497,0.0003684759,0.0015109514
-0.2713849464779853,-0.001447916,0.0015126251
-0.27138266172962544,0.003549695,0.00151907
-0.27127849869114407,-0.00058710575,0.0015165986
-0.27121535123043083,0.0006661415,0.001514965
-0.27111328381684063,1.8119812e-5,0.0015154514
-0.2710943751484184,-0.0005890131,0.0015160734
-0.27106974332785116,4.4465065e-5,0.0015122838
-0.2709428111904426,0.0011820793,0.001513354
-0.2709293048794855,0.00093245506,0.0015129964
-0.27088412997595246,0.00017082691,0.0015163673
-0.2708335595589133,-0.0002105236,0.0015106552
-0.2707422434748107,-0.0013475418,0.0015115923
-0.27067500246183696,0.0014371872,0.0015162156
-0.2705994758398318,-0.0002836585,0.0015155372
-0.2705256141711012,-0.0003632903,0.0015153656
-0.27048466106856783,0.0014508963,0.0015120055
-0.27044711039640223,0.00059866905,0.0015128497
-0.270313158956183,0.0010567904,0.0015135432
-0.2702891577202289,-0.00088590384,0.0015155512
-0.27019902859165545,0.0016467571,0.0015133535
-0.27010163731423875,0.0008457899,0.0015104923
-0.27007358086816313,0.0013126135,0.0015167476
-0.27002252410453076,-0.0011262894,0.0015192826
-0.26998618516828954,0.00051760674,0.0015127405
-0.269940685363504,0.00014615059,0.0015156686
-0.26987702969752114,-0.00073230267,0.001513225
-0.2698266079559529,-0.0009134412,0.0015144052
-0.2696991825511049,0.0038132668,0.0015138738
-0.2696964788028895,0.0010839701,0.0015158111
-0.26968744199042416,-0.00037246943,0.0015115523
-0.2695664538255993,-0.0011683702,0.0015119957
-0.2695404882719006,0.0025818348,0.0015120528
-0.2694742588084774,-5.8352947e-5,0.0015137676
-0.26946310242498617,0.00011587143,0.0015161994
-0.2693779914097283,0.001004219,0.0015106937
-0.2693756373477606,0.000101685524,0.0015164131
-0.2692714648879515,-0.0009990335,0.001514044
-0.2692083416526645,-0.00019484758,0.0015153851
-0.26910621838600823,8.106232e-6,0.0015149664
-0.2690873534599105,-9.4652176e-5,0.0015119461
-0.2690627478822407,0.00151968,0.0015144867
-0.26893582718461684,0.00035309792,0.0015117293
-0.2689222966482334,0.00084757805,0.0015151509
-0.26887707867760446,-0.00093227625,0.0015157324
-0.26882658766645784,0.0011930466,0.0015109163
-0.2687352836940826,0.00297606,0.0015114791
-0.2686679639491305,-0.00020903349,0.0015128248
-0.26859246155222305,0.00036096573,0.001517089
-0.2685185433591408,0.00024080276,0.0015167729
-0.2684776353408459,0.0014214516,0.0015151682
-0.2684401102409494,1.0371208e-5,0.001515534
-0.26830715338052213,-0.00047177076,0.001509796
-0.2683061460147599,-0.0011946559,0.001511717
-0.26828210238463834,0.0008225441,0.0015155083
-0.26819205266162893,-0.0028123856,0.0015097919
-0.268094673495611,-0.0017058849,0.0015074641
-0.26806653831821425,0.0015901327,0.0015159539
-0.2680155710530877,0.0012196302,0.0015188145
-0.26797916549659573,-0.00029921532,0.001516198
-0.26793360916581543,5.030632e-5,0.0015151021
-0.26786999926028554,-3.8087368e-5,0.0015133357
-0.26781960308868624,0.0008838177,0.0015154212
-0.26769216489951086,0.0005142689,0.0015128668
-0.26768941875548513,7.414818e-5,0.0015159553
-0.26768044991077056,0.00026094913,0.0015126977
-0.26755947452994444,0.00080406666,0.0015148403
-0.26753348273269106,-0.0003991127,0.0015122667
-0.26746721222062897,-0.0008805394,0.0015133282
-0.26745613457010176,-0.0003464818,0.0015116057
-0.26737103566624265,0.0017359257,0.001511197
-0.26736861229296727,0.0015622377,0.0015157582
-0.2672644304141305,0.0006135702,0.0015196659
-0.26720133274914115,0.0015416145,0.0015151197
-0.26709915295583286,-0.0007148385,0.0015139539
-0.26708033176975965,0.0002758503,0.0015143264
-0.26705575176304464,0.001991868,0.0015125864
-0.2669288438520482,4.529953e-5,0.0015127503
-0.2669152877453671,-0.0010086298,0.0015121528
-0.26687002737892784,0.002525568,0.0015136775
-0.2668196151010739,0.00026071072,0.001511415
-0.2667283239143402,7.331371e-5,0.0015094633
-0.26666092543642417,0.0012840033,0.001512814
-0.2665854479388573,-0.001262784,0.0015133731
-0.26651147254619456,0.00077295303,0.0015167048
-0.2664706089401956,0.0020048618,0.0015159001
-0.2664331100854965,-9.10759e-5,0.0015151815
-0.26630016533909673,0.0014168024,0.0015110016
-0.26629913307300823,0.0020477772,0.0015162758
-0.2662750463761193,-0.0011730194,0.0015152084
-0.26618507673028813,0.002427578,0.0015114658
-0.26608770967829765,0.0016442537,0.0015087766
-0.2660594950953369,0.00064587593,0.0015137218
-0.26600861800131614,-0.0020049214,0.0015211531
-0.2659721464978303,4.529953e-5,0.0015140654
-0.26592653229651264,-5.9962273e-5,0.0015160732
-0.26586296949663546,0.001609683,0.0015150832
-0.26581259889467657,0.00049602985,0.0015145569
-0.2656851472479168,-8.225441e-6,0.0015139363
-0.26568235803646656,-0.0002167821,0.0015170637
-0.26567345850273116,0.00014793873,0.0015119044
-0.26555249456234686,-0.00053852797,0.0015114981
-0.26552647786805295,0.0001502037,0.0015107107
-0.2654601649598519,0.0011572838,0.0015150692
-0.26544916671521734,0.00092053413,0.0015130271
-0.26536407992341415,0.004256487,0.001510454
-0.2653615879120881,0.0011110306,0.0015189996
-0.2652573959389952,-0.00063574314,0.001514257
-0.2651943238456177,0.001045227,0.0015168599
-0.26509208752631475,-0.00012546778,0.0015168515
-0.26507331007960877,8.690357e-5,0.0015138697
-0.2650487563180913,0.0011723042,0.0015143108
-0.2649218598478652,0.003208518,0.001510773
-0.26490827884184365,0.0012960434,0.001512111
-0.26486297608090836,0.00018370152,0.0015184925
-0.264812643207304,-0.0011255145,0.0015089583
-0.2647213641342693,0.0017414093,0.0015100028
-0.2646538869233892,0.000284791,0.001516074
-0.2645784336519057,0.00021255016,0.0015165531
-0.2645044017332484,-0.0008225441,0.0015172039
-0.26446358321411656,0.00011539459,0.0015132057
-0.2644261099287294,0.003922224,0.0015146452
-0.26429317729504276,-0.0014294386,0.00151461
-0.26429211945767095,-0.00035834312,0.001512147
-0.2642679910392145,0.0006734133,0.0015197998
-0.2641781008002615,4.529953e-5,0.0015111755
-0.2640807451880557,-0.001868248,0.0015095988
-0.2640524525450595,-0.0010916591,0.0015142731
-0.26400166495184463,9.1433525e-5,0.0015246547
-0.26396512682745077,0.0012470484,0.0015162689
-0.26391945610145273,-0.0002757311,0.0015161161
-0.2638559390587426,0.0015766621,0.0015158366
-0.2638055947026384,0.0019147396,0.0015147796
-0.26367812959632275,9.429455e-5,0.0015109471
-0.263675297317448,-0.0013136864,0.0015170893
-0.26366646642110614,0.0011049509,0.0015115174
-0.26354551459442066,0.00023317337,0.0015113532
-0.2635194723278578,0.002265215,0.0015158252
-0.26345311837167495,-7.247925e-5,0.001514563
-0.26344219818609005,0.0017409325,0.0015115462
-0.2633571241809143,0.001311183,0.0015094776
-0.26335456285893766,-0.0010833144,0.0015164523
-0.2632503621364598,5.030632e-5,0.0015155985
-0.26318731494077996,-0.0010781288,0.001513773
-0.2630850220974539,0.0030009747,0.001516265
-0.26306628839044377,0.0016058683,0.001514467
-0.26304176020086667,0.0017294884,0.0015163174
-0.2629148758413823,0.000931859,0.0015121391
-0.2629012699370059,0.0019258261,0.0015137842
-0.26285592478256037,-0.00080245733,0.0015133857
-0.26280567131484855,4.529953e-5,0.0015109391
-0.2627144043535412,-0.000856936,0.0015083664
-0.26264684841068286,-0.0015479922,0.0015161091
-0.2625714193636399,-0.00057828426,0.0015144252
-0.26249733091898786,0.0018311739,0.0015163443
-0.2624565574873804,0.0017780066,0.0015168395
-0.2624191104455479,-0.0007249117,0.0015138705
-0.2622861899239173,-0.00041246414,0.0015140384
-0.2622851065172336,-0.0006927252,0.0015121744
-0.2622609350306956,-0.001183629,0.0015199428
-0.262171124870235,-4.351139e-5,0.001508868
-0.26207378137074233,-6.830692e-5,0.0015073078
-0.26204540999412484,0.0018556118,0.0015167248
-0.2619947119004016,-0.00012552738,0.0015201392
-0.2619581078299996,0.00058054924,0.0015138107
-0.26191237990376415,-0.0019934177,0.0015156937
-0.2618489092931211,0.00114429,0.0015137019
-0.2617985905096145,0.001164794,0.0015150307
-0.2616711126163429,0.0014121532,0.0015119711
-0.2616682372713579,6.03199e-5,0.0015150238
-0.26165947501470965,-0.0009900928,0.001511109
-0.2615385346258373,0.0010508299,0.00151222
-0.2615124674605911,-0.0015536547,0.001512166
-0.26144607178284074,0.0018062592,0.0015142519
-0.26143523033120564,0.0025142431,0.0015114874
-0.26135016911068576,0.00029957294,0.001508666
-0.2613475378041443,-0.0026507974,0.0015162269
-0.2612433276613245,-0.0018351674,0.001512501
-0.2611803060372565,0.0011632442,0.0015151028
-0.26107795666793565,0.00011754036,0.0015165346
-0.26105926670095003,-0.00020891428,0.0015135303
-0.2610347647549277,0.0013887882,0.0015159851
-0.2609078918352279,0.00028538704,0.001514212
-0.26089426103348246,0.00092220306,0.0015120622
-0.26084887415714086,0.0002464056,0.0015161476
-0.2607986994223931,0.0025376081,0.0015114475
-0.2607074445737989,0.00022816658,0.0015100989
-0.260639810570905,-0.0010200739,0.0015155514
-0.2605644057496169,-0.0025871396,0.0015129223
-0.2604902601047274,0.00018584728,0.0015163734
-0.2604495310867301,-0.0017362237,0.0015141113
-0.2604121102897665,0.0015450716,0.0015119516
-0.2602792018824919,-0.0001604557,0.0015144215
-0.2602780935761392,-0.0006301403,0.0015134972
-0.2602538790231623,0.0018707514,0.0015143469
-0.26016414893889417,-0.0010486841,0.0015126294
-0.26006681755310035,-0.0008946657,0.0015108526
-0.260055723615929,-4.1902065e-5,-6.888875e-5
-0.2600383674428617,0.0008289814,0.0015136908
-0.2599877595215585,0.0027284622,0.0015247264
-0.2599510881586343,0.00070118904,0.0015153773
-0.25990530370607556,0.00032687187,0.0015163075
-0.25984187885687116,0.0024883747,0.0015127988
-0.25979158564234783,0.0005569458,0.0015126927
-0.25966409496343457,0.00064074993,0.0015111788
-0.25966117655102505,0.00018548965,0.0015172755
-0.25965248293341314,-0.0013629794,0.0015126489
-0.25953155465823974,0.00053703785,0.0015116364
-0.2595054625946387,-0.0006685853,0.0015140391
-0.2594390245233781,0.0019515753,0.0015150342
-0.2594282624763211,4.529953e-5,0.0015116426
-0.2593432133685145,-0.0005187988,0.0015080957
-0.2593405134222794,0.0016378164,0.0015158054
-0.2592362931861891,-0.000690043,0.0015115942
-0.25917329713373305,0.0022325516,0.0015146615
-0.25907089123710325,0.00025594234,0.0015187722
-0.25905218053090784,0.00012385845,-6.888875e-5
-0.25902776863606014,-0.00018620491,0.0015125984
-0.25890090850265923,0.0019880533,0.0015123365
-0.2588872528028876,4.9114227e-5,0.0015116943
-0.25884182285846424,-7.0273876e-5,0.0015171606
-0.2587917275286232,0.0009442568,0.0015114751
-0.2587004847927422,-0.0013931394,0.0015105479
-0.2586327720585272,0.0005414486,0.0015130118
-0.25855739146266543,0.00014710426,0.001514389
-0.25848318929309555,7.736683e-5,0.0015181592
-0.25844250535900815,-0.0014449358,0.0015132381
-0.25840511013529943,-0.0009536147,0.0015160718
-0.2582722145113664,4.529953e-5,0.0015127426
-0.2582710806340589,5.0902367e-5,0.0015166564
-0.258246823686586,-0.00065255165,0.0015113107
-0.25815717300886765,-0.0007995367,0.001510877
-0.2580598537348012,0.001363039,0.0015093345
-0.2580486374458868,0.0002821684,-6.888875e-5
-0.2580313248938986,0.0014176369,0.0015196261
-0.2579808064724156,0.0010082722,0.001523199
-0.25794406916085477,0.0011013746,0.0015189077
-0.25789822750970137,-0.0011736751,0.0015172097
-0.2578348490922353,-0.00075030327,0.001513588
-0.25778458144800964,0.002998948,0.0015153841
-0.2576570773131548,-7.56979e-5,0.0015118539
-0.25765411650493497,4.374981e-5,0.0015153215
-0.2576454915247166,0.0010279417,0.0015145184
-0.25752457469031365,0.0002952814,0.0015129538
-0.25749845705477203,0.00033855438,0.0015157468
-0.2574319779355295,0.0012850761,0.0015162826
-0.2574212946201224,0.00047910213,0.0015099038
-0.25733625762601464,4.529953e-5,0.0015098887
-0.25733348836912895,0.0013389587,0.001516454
-0.25722925938431085,0.0008690357,0.001515388
-0.2571662882288953,0.00012218952,0.0015167604
-0.25706382580758513,0.0013250113,0.0015178041
-0.25704509436086564,0.00052547455,-6.888875e-5
-0.257020773191764,-0.0014627576,0.0015114555
-0.25689392449683346,0.0004413128,0.0015141148
-0.25688024389804975,0.0008637905,0.0015125102
-0.2568347715591305,-0.00035065413,0.0015171957
-0.25678475496323927,-0.000428617,0.0015085491
-0.2566935256846141,0.00036168098,0.0015119731
-0.25662573354614937,0.00061547756,0.0015145908
-0.25655037784864243,7.331371e-5,0.0015145006
-0.25647611847982077,-0.00047409534,0.0015180326
-0.256435479632272,0.00014126301,0.0015134861
-0.2563981099785323,0.0014848709,0.0015145028
-0.2562652264673124,0.0009344816,0.0015116695
-0.2562640676926359,-0.0006160736,0.0015137519
-0.2562397676767527,-0.00017994642,0.0015182412
-0.256150197078841,0.00063586235,0.0015098103
-0.25605288991748787,-0.0010470748,0.0015080121
-0.2560415512758446,0.0006839037,-6.888875e-5
-0.2560242823436212,0.00040256977,0.0015161379
-0.25597385342064394,0.0012402534,0.0015199239
-0.2559370494917894,-0.0009861588,0.0015110561
-0.25589115131332707,-0.002538979,0.0015151108
-0.25582781865434245,0.00097095966,0.0015141881
-0.25577757725498573,-0.0013714433,0.001513029
-0.2556500603341607,0.00017642975,0.0015124632
-0.2556470557859164,0.00019216537,0.0015160078
-0.25563849944440586,0.00083982944,0.0015120307
-0.2555175947217303,0.0013022423,0.0015134183
-0.2554914521884911,-0.00017178059,0.0015132612
-0.2554249313480097,0.0033103228,0.0015152278
-0.25541432676425224,-0.0007327795,0.0015114923
-0.25532930255644326,-0.0005761385,0.0015113614
-0.2553264639872641,0.0006967783,0.0015189709
-0.2552222249085184,0.0011386871,0.0015134406
-0.25515927932537186,-9.161234e-5,0.0015136685
-0.255056760378067,0.0005391836,0.0015183258
-0.25503800819082345,0.00084233284,-6.888875e-5
-0.2550137770728965,1.7881393e-5,0.0015145364
-0.2548869404916647,0.0014653206,0.0015131732
-0.25487323499386916,0.00040066242,0.0015144591
-0.25482772026176814,0.0012387037,0.0015142243
-0.2547777830707838,0.00087332726,0.0015105816
-0.2546865659061861,-0.00090777874,0.0015113739
-0.25461869503245727,0.00030004978,0.0015130861
-0.25454336423330515,0.0013328791,0.0015155498
-0.25446904766588885,0.0007362366,0.0015174026
-0.25442845390619306,0.0016387701,0.0015159582
-0.2543911104953508,0.0009893179,0.0015130984
-0.2542582390975012,0.0013893843,0.0015109039
-0.25425705475154137,0.00038051605,0.0015137139
-0.2542327123411622,0.0004389286,0.0015157498
-0.2541432211475002,0.0026086569,0.0015121369
-0.2540459260988601,4.529953e-5,0.0015096787
-0.2540344651058024,0.001000762,-6.888875e-5
-0.25401723979301516,-0.0015067458,0.0015145986
-0.2539669003688724,-0.00054836273,0.001518469
-0.2539300304930241,-0.0007996559,0.00151422
-0.25388407444468153,0.0017077923,0.0015171613
-0.25382078888872095,-0.00083464384,0.0015130036
-0.2537705730619618,0.0013788939,0.0015134877
-0.2536430426815809,0.00041806698,0.001511549
-0.2536399957398263,0.0012044907,0.0015188287
-0.25363150803570933,-0.0015310049,0.0015099879
-0.2535106154270612,-0.0014177561,0.0015096277
-0.2534844466496101,0.00044834614,0.001515892
-0.2534178840875613,-0.00078469515,0.0015142061
-0.2534073582361107,-0.00030201674,0.0015106612
-0.2533223468142719,0.0002963543,0.0015103866
-0.25331943893247066,4.529953e-5,0.0015158522
-0.2532151904327259,0.0024398565,0.0015181613
-0.2531522704218484,-0.0014855266,0.0015159423
-0.2530496949485489,-0.0012719035,0.001515364
-0.25303092202078126,0.0011591911,-6.888875e-5
-0.25300678162695744,0.00012981892,0.001514244
-0.25287995715909606,0.0009239912,0.0015137733
-0.2528662260900172,0.00040256977,0.0015134409
-0.25282066896374866,0.00038933754,0.00151614
-0.25277081117701394,0.00051927567,0.0015114653
-0.2526796061261152,0.00063443184,0.0015105867
-0.25261165652007944,-0.00056254864,0.0015141913
-0.2525363499453679,-0.0020139217,0.0015169425
-0.2524619768529427,-0.0005963445,0.0015197413
-0.252421427505214,0.0006786585,0.0015118287
-0.2523841103405551,0.00037634373,0.0015125345
-0.25225125105476154,-0.0023569465,0.0015110122
-0.25225004113751837,-0.0005208254,0.0015122053
-0.25222565700557176,0.0013526678,0.0015157396
-0.2521362452174737,-0.0008511543,0.0015124902
-0.25203896228023237,0.00088977814,0.0015098461
-0.2520101972430664,-0.0011562705,0.001514987
-0.2519599473184151,0.00023341179,0.0015215316
-0.2519230108213302,-0.0012030005,0.0015134469
-0.2518769982476501,0.00018548965,0.001516824
-0.25181375845148535,-0.0011084676,0.0015133816
-0.25176356886795226,-0.0004554391,0.0015130015
-0.25163602570160104,0.0016536713,0.0015138434
-0.25163293502047923,0.00022423267,0.0015142519
-0.2516245166283272,-0.00024658442,0.0015122375
-0.25150363545946364,-0.0019620657,0.0015100365
-0.25147744178365783,0.00069999695,0.001516436
-0.25141083749872706,0.00091457367,0.0015160573
-0.2514003903825406,0.001210928,0.0015103768
-0.2513153917440434,-0.00020998716,0.0015124535
-0.2513124145515916,0.00067687035,0.0015172045
-0.25129432980165445,0.0009074211,0.0016057604
-0.25120815663150486,0.0016255379,0.0015126764
-0.25114526151701067,-0.0013430715,0.0015127503
-0.2510426295177165,-6.4373016e-6,0.0015169433
-0.25099978550907576,0.0016444921,0.0015136959
-0.2508729731535988,0.0013664961,0.001510202
-0.250859217860408,-0.00030761957,0.0015159849
-0.2508136183386578,-0.0012153983,0.0015162468
-0.2507638392835727,0.0017310381,0.0015110311
-0.250672646345387,-0.000590384,0.0015099073
-0.2506046186806302,0.00018334389,0.0015167278
-0.25052933633233065,0.0021027327,0.0015135331
-0.2504549067125964,0.0009390116,0.0015205095
-0.2504144017778208,0.0006825924,0.0015114528
-0.25037711018378794,-0.002244711,0.0015118916
-0.25024426368495034,-0.0003939867,0.0015114633
-0.2502430281954381,0.00030970573,0.0015144658
-0.2502186009977099,0.00024461746,0.001513906
-0.25012926928744716,-0.0018694997,0.0015113321
-0.2500319984642333,0.0016797781,0.0015116954
-0.2500031546927889,0.001211524,0.001515517
-0.24995299426697215,0.0006250143,0.0015213314
-0.24991599182387914,0.00047290325,0.001513619
-0.2498699220499615,0.00093507767,0.001519344
-0.24980672868717813,0.0005607605,0.0015128916
-0.24975656400167134,-0.0011194944,0.0015129151
-0.24962900805000698,-0.0005904436,0.0015118731
-0.24962587497340338,-4.8995018e-5,0.0015160615
-0.24961752454801645,-0.0007906556,0.0015106152
-0.24949665549153743,0.00035822392,0.0015128227
-0.24947043691770543,0.001671195,0.0015122264
-0.24940379091120712,0.0007839203,0.0015158606
-0.24939342252634178,-0.0017886758,0.0015097767
-0.2493084360015435,-0.00046992302,0.0015124978
-0.2493053894974554,0.0015875101,0.0015158138
-0.2492872509142232,0.0005389452,0.0016039097
-0.2492011221566981,0.0010082722,0.0015161986
-0.24913825194055872,0.00039577484,0.0015162196
-0.24903556475981248,0.00043952465,0.0015176969
-0.24899279006412245,4.529953e-5,0.0015123093
-0.24886598982135866,-0.00092726946,0.0015123171
-0.24885220895557025,-0.00046366453,0.0015142394
-0.2488065670406383,0.0012828112,0.0015169135
-0.24875686739078862,0.0009913445,0.0015137531
-0.2486656865656447,0.00017988682,0.0015126917
-0.24859758016726663,0.0014394522,0.0015167602
-0.24852232204406477,3.7789345e-5,0.0015154632
-0.24844783589932162,6.580353e-5,0.00151775
-0.2484073760517418,0.000574708,0.0015140226
-0.24837011070060644,-0.00012689829,0.0015143389
-0.24823727564089637,0.0024417639,0.0015123157
-0.24823601525335792,0.0006353855,0.0015139228
-0.24821154566113357,0.0008200407,0.0015142475
-0.24812229335742053,-0.0013068318,0.001510462
-0.24802503464560566,0.0013699532,0.0015100533
-0.2479961121425115,-0.001537025,0.0015149523
-0.24794604121618624,-0.0010768175,0.0015231781
-0.2479089721534996,0.00062668324,0.0015153085
-0.24786284585424445,0.0004988909,0.0015160091
-0.24779969892155662,0.0014375448,0.001513804
-0.24774955980864743,0.0008568764,0.0015139834
-0.24762199039907018,-0.00039821863,0.0015133308
-0.2476188149273134,0.0030038357,0.0015175118
-0.2476105331406342,0.0022352934,0.0015111142
-0.2474896755229541,4.529953e-5,0.0015086813
-0.24746343137751015,5.030632e-5,0.0015120684
-0.2473967443236873,-0.0010398626,0.0015156745
-0.24738645467014297,0.0007777214,0.0015153595
-0.24730148025871512,-0.0011973381,0.0015122382
-0.2472983651162477,7.2717667e-6,0.0015161439
-0.24728017202482067,-4.7683716e-7,0.0016050935
-0.24719408835383416,-0.0005156398,0.0015135315
-0.24713124303703526,4.529953e-5,0.0015141824
-0.24702849933160875,0.0014252663,0.0015176586
-0.24698579394591202,0.0021857023,0.001517125
-0.24685900581520437,0.0011630058,0.0015124045
-0.24684520005106103,0.00085937977,0.0015124758
-0.24679951574130454,-0.00028532743,0.0015130646
-0.24674989549964743,-0.00063866377,0.001512311
-0.24665872745883088,-0.00016665459,0.001511109
-0.2465905416545603,0.0010399818,0.001518276
-0.2465153084290561,-0.00093746185,0.0015169384
-0.24644076508637547,0.0005264282,0.0015165427
-0.24640035032500562,-0.00012046099,0.0015152219
-0.24636311054482507,0.0010766983,0.0015150985
-0.24623028827108517,0.0011922121,0.0015109944
-0.24622900231292055,0.0014208555,0.0015128528
-0.2462044896516289,0.0006260872,0.0015154276
-0.24611531742607973,0.0018527508,0.0015103866
-0.2460180708269779,-0.0006045103,0.0015096207
-0.24598907026483396,-0.0010002255,0.0015176293
-0.24593908883865756,-0.00043809414,0.0015203056
-0.24590195315604846,0.0011464357,0.0015165235
-0.24585576965787015,0.0009952784,0.0015179684
-0.2457926684843209,-0.00013786554,0.001513962
-0.24574255561463776,-0.00022143126,0.0015135078
-0.24561497341974747,0.000980854,0.001514253
-0.24561175420895198,-0.0010005236,0.0015156586
-0.24560354106032345,-0.001249373,0.0015102666
-0.24548269555404223,-0.00065869093,0.0015087693
-0.24545642651155775,-0.001185894,0.0015180286
-0.24538969706192448,0.0007555485,0.0015144347
-0.24537948681657284,0.0008249283,0.0015111287
-0.24529452518815797,-8.72612e-5,0.0015110705
-0.24529134006178288,-4.6670437e-5,0.0015160609
-0.24527309313607526,0.0012648106,0.0016042835
-0.24518705387869877,0.00030076504,0.0015142369
-0.2451242341335118,-0.0008068681,0.0015131984
-0.24502143390209064,0.0006272793,0.0015169407
-0.24500309318401492,0.0024527311,0.0015142853
-0.24497879849997306,0.0007543564,0.0015144082
-0.2448520218097071,0.0015767813,0.0015121845
-0.24483819182145183,-0.00044715405,0.0015119149
-0.24479246511621355,-0.00014919043,0.0015156483
-0.24474292360587768,0.0008702278,0.0015132341
-0.2446517676777742,0.0010780096,0.0015132513
-0.24458350381511096,0.00023329258,0.0015145015
-0.24450829414309028,0.002078414,0.001514121
-0.24443369427277206,-0.0007147193,0.0015167426
-0.24439332459695517,-0.000549078,0.0015148878
-0.2443561103890437,-9.524822e-5,0.0015128516
-0.24422330090127398,0.00047588348,0.0015100616
-0.24422198937182604,0.0003954172,0.0015144593
-0.2441974343166955,0.0023721457,0.001521322
-0.2441083414947388,0.000839591,0.001510427
-0.24401110700966455,-5.787611e-5,0.0015106013
-0.2439820277135708,-0.0005271435,0.0015132856
-0.24393213578820028,0.0016636848,0.0015282362
-0.24389493348435465,0.001962304,0.0015156143
-0.24384869346083882,0.00119102,0.0015157303
-0.24378563872067083,-0.00047272444,0.0015137955
-0.24373555142128533,0.0011063814,0.0015127059
-0.24360795576683902,0.0007202625,0.0015128694
-0.24360469416154762,0.0006338358,0.0015143463
-0.24359654965162691,0.00057804585,0.0015127586
-0.2434757162603588,1.5497208e-6,0.0015155515
-0.24344942164560535,0.00040650368,0.0015129722
-0.24338265047440466,-0.0009660721,0.0015161777
-0.24337251896037415,0.0008803606,0.001510976
-0.24328756944697238,0.00041043758,0.0015115265
-0.2432843156809037,-0.00028330088,0.0015162906
-0.24326601492058686,-0.0005685091,0.0016022697
-0.2431800200768206,-0.00042176247,0.0015140251
-0.24311722522867407,-0.0005083084,0.0015159005
-0.2430143684722439,0.00060880184,0.0015155497
-0.2429960714948498,-0.00065124035,0.0015124183
-0.24297180305501975,-0.00017768145,0.0015119195
-0.24284503847680983,5.8054924e-5,0.0015115046
-0.24283118291792838,-0.0006212592,0.0015132201
-0.24278541381819418,0.0010001659,0.0015162601
-0.24273595171210782,-0.0014819503,0.0015092451
-0.2426448078967175,0.0002478361,0.0015091058
-0.24257646530273314,0.0013318062,0.0015147033
-0.24250128052906728,0.0005251169,0.0015193293
-0.24242662345949728,-0.0003669858,0.0015219036
-0.24238629819663338,-0.0005145073,0.001512399
-0.24234911090651934,0.0010410547,0.0015166
-0.24221631285722,4.529953e-5,0.001509411
-0.24221497642941725,-0.0019271374,0.0015135524
-0.24219037830817658,0.0013161898,0.0015143378
-0.24210136556602668,-0.0004425645,0.0015115918
-0.24200414319169394,0.0005221367,0.0015104667
-0.24197498516427918,-0.001188755,0.0015151108
-0.241925182737743,0.00066769123,0.0015222469
-0.2418879144869036,-0.001658678,0.0015126494
-0.24184161726315023,0.0013900995,0.0015172873
-0.24177860895570646,-0.00028067827,0.0015137075
-0.24172854722826143,-0.0004197359,0.0015140756
-0.24160093878915923,6.592274e-5,0.0015130405
-0.2415976334418719,-9.1671944e-5,0.0015159065
-0.24158955824424466,-4.774332e-5,0.0015129283
-0.24146873629177557,0.0027502775,0.0015118668
-0.24144241610541017,-0.0012886524,0.0015121596
-0.24137560388688473,0.0017949343,0.0015141881
-0.24136555110450397,0.0014512539,0.0015098244
-0.24128061437674386,-0.0010308623,0.0015099264
-0.24127729130068176,-0.0007505417,0.0015143661
-0.24125893603216997,-0.0028002262,0.0016000767
-0.24117298560201383,0.0024633408,0.0015216328
-0.24111021632449348,-0.00079858303,0.0015140829
-0.24100730304239715,6.508827e-5,0.0015186041
-0.24098904980535618,-0.0012056231,0.0015120652
-0.24096480693680944,0.0014280081,0.001514099
-0.2408380544703269,-0.0010165572,0.0015102563
-0.24082417401309064,-0.00020903349,0.0015126421
-0.24077836251886042,0.0006817579,0.0015174788
-0.24072897982096664,0.0012844801,0.0015145033
-0.2406378481169752,-0.0005826354,0.0015096632
-0.24056942679035542,-0.00013315678,0.0015147158
-0.24049426691373,0.000114917755,0.0015152686
-0.2404195526462226,0.00033342838,0.0015162652
-0.2403792724695687,0.00050389767,0.0015139842
-0.24034211075008072,-0.000116825104,0.0015171944
-0.2402093254874088,2.3961067e-5,0.0015110903
-0.24020796348832285,0.000233531,0.0015161053
-0.24009438963468577,0.0018033981,0.001513479
-0.23999717937405196,-0.000597775,0.0015088378
-0.2399679426143303,0.00023770332,0.0015162999
-0.23991822968597143,0.0021996498,0.0015237133
-0.23988089548945246,0.00068748,0.0015139797
-0.23983454106677593,0.0020409822,0.0015155047
-0.23977157851715647,6.353855e-5,0.0015140065
-0.23972154303425186,0.0017501116,0.0015130943
-0.23959392113723665,0.00015687943,0.0015129928
-0.23959057339643897,5.030632e-5,0.0015153456
-0.23958256616261964,0.0010945797,0.0015129381
-0.2394617563228636,-0.0019800663,0.001509591
-0.23943541123945777,5.030632e-5,0.001515435
-0.2393685572993649,0.0011401176,0.0015143405
-0.23935858324929093,-0.0007520914,0.0015099135
-0.23927365863325822,0.0017658472,0.001509228
-0.2392702662455598,0.0010410547,0.0015159469
-0.23925185714539599,0.0007305145,0.0016037766
-0.23916595179882127,0.0005130768,0.0015119427
-0.23910320809455565,4.529953e-5,0.001515315
-0.2390002376122219,0.00058329105,0.0015186388
-0.23898202811586244,0.00035703182,0.0015137434
-0.23895781149087036,0.0019505024,0.0015133494
-0.2388310711387439,0.00012779236,0.0015112133
-0.2388171657811814,0.0011864901,0.0015135596
-0.23877131122084094,0.00038647652,0.0015156429
-0.2387220079271969,-0.001629889,0.0015112209
-0.23863088901016138,0.0017354488,0.0015145169
-0.2385623889495918,3.8981438e-5,0.0015140325
-0.23848725262546422,0.00043404102,0.0015153192
-0.23841248250620484,-0.0013229251,0.0015178306
-0.23837224674381818,-0.0016709566,0.0015150544
-0.23833511059429935,-0.00021839142,0.0015134122
-0.23820233744368335,0.0004606247,0.0015096968
-0.23820095054722834,0.00013887882,0.0015113705
-0.23817626763502409,0.0011911392,0.0015190768
-0.23808741370334496,-0.0002539158,0.001511936
-0.23799021555640998,0.001045227,0.0015108265
-0.23796090006339576,0.0015482903,0.0015150429
-0.23791127663551415,0.00076138973,0.0015250294
-0.23787387581775865,0.0021070242,0.0015149813
-0.23782746487105888,-0.0006341338,0.001520652
-0.23776454875284936,0.0010714531,0.0015126814
-0.23771453884089933,0.0012151003,0.001513394
-0.23758690415791395,5.030632e-5,0.0015131866
-0.23758351335034888,-0.0007106662,0.0015171462
-0.23757557475458024,4.529953e-6,0.0015092251
-0.23745477635625178,0.0006297827,0.0015108341
-0.23742840637350537,0.0005325079,0.0015130842
-0.23736151003891648,8.428097e-5,0.0015153332
-0.23735161472082078,-0.0008401871,0.0015083414
-0.23726670356500124,-0.0014115572,0.0015090569
-0.2372632418640236,0.0011823177,0.0015181544
-0.23724477825599344,0.000703454,0.001601662
-0.23715891732335737,0.0022507906,0.0015141292
-0.2370961991910322,0.0020327568,0.0015165759
-0.23699317285530375,-0.000200212,0.0015165714
-0.23697500642669744,0.0011322498,0.0015139024
-0.23695081537298857,0.0011105537,0.0015153328
-0.23682408713291814,0.0020985603,0.001513675
-0.23681015687765794,-0.0010604858,0.0015129673
-0.23676426059574995,0.0003232956,0.0015154687
-0.23671503603342703,0.00081956387,0.0015121425
-0.2366239292291047,0.00052034855,0.0015139459
-0.23655535043721398,-0.00018405914,0.0015158433
-0.23648023901144122,0.00233984,0.0015162576
-0.23640541169325868,0.001916647,0.0015155171
-0.23636522101576773,-0.00074386597,0.0015152156
-0.23632811111177499,-0.00038790703,0.001514318
-0.2361953500728864,0.0015964508,0.0015113502
-0.23619393760613383,5.030632e-5,0.0015114702
-0.23616921162650506,0.00041937828,0.0015118911
-0.23608043777463272,0.0008126497,0.0015113984
-0.23598325173909662,-0.0005865097,0.0015097866
-0.23595385751311826,0.0016572475,0.0015158324
-0.2359043235840712,-6.979704e-5,0.0015242518
-0.2358668568203075,-0.0018727183,0.0015140848
-0.23582038867468458,0.0006557703,0.0015178698
-0.23575751898854214,-0.00020390749,0.0015123949
-0.23570753464787553,0.0018986464,0.0015134626
-0.23557988650599138,0.0023584366,0.0015146302
-0.2355764526313303,0.00068843365,0.0015141275
-0.23556858334785513,0.003272295,0.0015146874
-0.23544779706059693,0.001572609,0.0015100574
-0.23542140150755297,0.0017495155,0.0015130212
-0.23535446345008226,0.0011843443,0.0015154792
-0.23534464686560774,0.00035703182,0.0015100595
-0.23525974782184422,-0.00038921833,0.0015113174
-0.2352562168098873,4.529953e-5,0.0015150124
-0.2352376993665909,0.0029286146,0.0015998959
-0.23515188352213623,0.00065112114,0.0015155028
-0.23508919028619446,0.0006890297,0.0015121927
-0.234986107425457,-0.00074887276,0.0015170898
-0.23496798473654656,0.0007184744,0.0015135942
-0.23494381992770674,0.000808239,0.00151162
-0.2348171037993636,0.00081789494,0.0015128198
-0.23480314864837737,5.030632e-5,0.0015124278
-0.23475720929773058,0.0002808571,0.0015149612
-0.23470806414097156,0.002088666,0.0015119393
-0.2346169694493624,4.529953e-5,0.0015096136
-0.23454831192483616,-0.0003606677,0.0015179277
-0.23447322539741822,0.0005207062,0.0015141775
-0.23439834087899825,0.001324892,0.0015205267
-0.2343581952880459,0.0011430979,0.0015136433
-0.23432111095533648,-0.00020688772,0.001511586
-0.23418692466372504,-0.00018709898,0.0015128118
-0.23416215629157167,0.0013779402,0.0015151225
-0.2340734618432918,-0.00036621094,0.0015108138
-0.23397628792178327,-0.0010479093,0.001511176
-0.2339468149631695,0.0007112026,0.0015171223
-0.23389737053262816,0.0010240078,0.0015254315
-0.23385983782285646,-0.0002271533,0.0015191173
-0.233813312476996,4.1604042e-5,0.0015174525
-0.2337504885509778,-0.0014341474,0.001512387
-0.23370052978192313,0.0023181438,0.0015152084
-0.23357286952699718,-0.0001731515,0.0015127666
-0.23356939258392595,-0.0009521246,0.001515812
-0.23356159194047288,0.0017439127,0.0015111511
-0.23344081709168507,-0.0012524128,0.0015096712
-0.23341439596867208,-0.00062173605,0.0015121171
-0.23334741686256233,3.0875206e-5,0.0015127825
-0.23333767901039482,-0.00019365549,0.0015112628
-0.23325279275128707,0.0017638206,0.0015105729
-0.23324919242802244,0.0011742115,0.0015152441
-0.2332306204798169,0.0017008781,0.0016012054
-0.23314484904732946,7.557869e-5,0.001514321
-0.233082181382671,-0.0023828745,0.0015142212
-0.23297904199528174,0.00047636032,0.001517671
-0.23296096304705294,-0.00036722422,0.0015132537
-0.23293682448176778,-0.0004107952,0.0015118589
-0.23281011979485222,0.0020866394,0.0015141255
-0.23279613974353963,0.0006272793,0.0015143006
-0.2327501579997111,-0.0008032918,0.0015150891
-0.23270109224785895,0.001791358,0.0015106924
-0.23261001034386286,0.0014357567,0.0015116467
-0.23254127408407255,0.0004506111,0.0015152707
-0.23246621110948096,0.0013839006,0.0015142262
-0.23239127006605198,0.0005072355,0.0015188416
-0.2323511695622955,0.0007200241,0.0015165173
-0.2323141114724835,-0.0013561845,0.0015149673
-0.23218137466099276,0.0037406683,0.001514025
-0.2321799117219734,-0.00046676397,0.0015140222
-0.23215510095466685,0.0007530451,0.0015132452
-0.232066485911951,0.0004543066,0.0015110668
-0.23196932410315552,0.0016051531,0.0015119952
-0.2319397724132206,-0.0008903146,0.0015126324
-0.2318904181557565,-0.0013585687,0.0015252953
-0.23185281815116265,0.0025393963,0.0015150399
-0.2318062362806218,-0.0003247857,0.001514978
-0.23174345878568492,-0.0012856126,0.0015133588
-0.23169352558889922,-1.3709068e-5,0.0015129065
-0.23156585187540313,-0.00034242868,0.0015135009
-0.2315623325368502,0.00085937977,0.001515389
-0.23155459985884785,0.00061643124,0.0015101103
-0.2314338371240875,0.0008955002,0.0015132392
-0.2314073911014054,0.0018786192,0.001511843
-0.2313403702750424,0.00019228458,0.0015163131
-0.2313307111555103,0.0017750263,0.0015132822
-0.23124583700911572,0.0003991127,0.0015096542
-0.23124216804714337,-0.0002385974,0.0015141914
-0.23122354159172853,-0.00058460236,0.0016001149
-0.2311378152441369,0.0014580488,0.0015137428
-0.23107517247914766,-0.00043714046,0.0015146121
-0.23097197656576363,0.0008044243,0.0015152771
-0.23095394203081632,0.0024122,0.001514407
-0.23092982836388598,0.0010250807,0.0015132347
-0.23080313646261208,-0.00022512674,0.0015119574
-0.2307891308387019,0.0008671284,0.0015122533
-0.23074310737330583,0.00072801113,0.0015157294
-0.23069412035507486,-0.0017853975,0.0015123447
-0.23060305056280617,-0.0013631582,0.001508739
-0.23053423557169483,0.00023365021,0.0015135978
-0.23045919749512933,-0.0013424158,0.0015119656
-0.23038419992603432,-0.00020974874,0.0015167044
-0.23034414383555935,0.00064086914,0.00151519
-0.23030711131703074,0.001696229,0.0015127824
-0.23017438728986728,-0.0006597638,0.0015096113
-0.23017289878153602,-0.0017806888,0.0015131456
-0.23014804494549068,0.0010882616,0.0015194289
-0.23005950998192448,0.00045108795,0.0015106418
-0.22996236028584216,0.00053179264,0.0015109138
-0.22993272986228608,-0.00063091516,0.001514814
-0.22988346510431357,-0.0015231371,0.0015267163
-0.2298457991537115,-0.00068354607,0.0015173162
-0.2297991600842475,-0.0003042221,0.0015148382
-0.2297364290213777,0.0024569035,0.0015137959
-0.22968652139456103,-0.0003348589,0.0015129602
-0.2295588348957519,0.00032413006,0.0015124949
-0.2295552718188173,0.0007112026,0.0015175227
-0.2295476084514656,0.0013942719,0.001512171
-0.2294268578294184,-0.00022774935,0.0015111521
-0.229400386235453,-0.0011870265,0.0015128845
-0.2293333236862083,0.0012494326,0.0015143094
-0.22932374330062588,0.001237154,0.001513368
-0.22923888193987296,1.9669533e-5,0.001510054
-0.22923514299300718,2.026558e-5,0.0015161321
-0.22921646270232598,-0.0014360547,0.0015973999
-0.22913078076933024,0.0005133152,0.0015149476
-0.2290681635743098,0.0012049675,0.0015160757
-0.22896491180884548,-0.0019046664,0.0015160713
-0.22894692034099406,5.030632e-5,0.0015131019
-0.22892283291893267,7.1287155e-5,0.001512467
-0.2287961524567862,-2.6762486e-5,0.0015103198
-0.2287821226094212,-0.00050902367,0.001512974
-0.22873605607528635,-0.0005863905,0.0015156323
-0.22868714846229077,0.00030112267,0.0015109705
-0.22859609078174947,0.0006737709,0.0015106748
-0.228527197059317,-0.00015544891,0.0015146998
-0.22845218388242072,4.1365623e-5,0.0015151611
-0.22837712911308816,0.0015003681,0.0015174061
-0.2283371181075089,0.000315547,0.0015146541
-0.22830011183384924,-0.00022566319,0.0015117354
-0.22816739992005608,0.00026750565,0.0015135041
-0.2281658858404415,0.00090146065,0.0015166821
-0.2281409896105574,0.00065791607,0.0015155758
-0.22805253472482645,0.0018320084,0.0015112521
-0.2279553964685287,4.529953e-5,0.0015088469
-0.22792568798427992,0.0007765293,0.001515349
-0.22787651205287052,0.00015437603,0.0015272744
-0.22783878015626047,0.0013588667,0.0015121526
-0.2277920838878733,0.00011098385,0.0015177137
-0.22772939858479913,0.00088500977,0.0015136403
-0.22767951720153712,-0.00025695562,0.0015149273
-0.22755181724317208,9.9658966e-5,0.0015152254
-0.22754821177272733,-0.00026589632,0.0015164908
-0.22754061704408346,0.0010335445,0.0015123616
-0.22741987786182083,0.0009717941,0.001511102
-0.22739338069525783,0.00045406818,0.0015130133
-0.22732627709868836,0.0015349388,0.0015172259
-0.22731677544442708,-0.001008153,0.0015094435
-0.22723192619770172,-0.00035488605,0.0015110607
-0.22722811861179937,-0.00031214952,0.001514805
-0.22720938381292344,-0.00097310543,0.0015960446
-0.22712374696745197,0.00045275688,0.0015141917
-0.22706115467012922,0.0014948845,0.0015149963
-0.22695784637899874,0.0014477968,0.001516568
-0.22693989865150033,-0.00030899048,0.0015121901
-0.22691583747266508,0.001248002,0.0015146517
-0.22678916912323177,-0.00045478344,0.001510729
-0.22677511370458348,-0.00056421757,0.0015130948
-0.22672900545019548,0.00081706047,0.0015157106
-0.2266801765698353,-0.00085002184,0.0015094188
-0.22658913167493566,0.001737237,0.0015102132
-0.22652015921986768,0.0008342266,0.0015148926
-0.22644517026708333,0.001501441,0.0015140089
-0.226370058300142,-0.0011640191,0.0015170034
-0.22633009237978696,0.0014588833,0.001516069
-0.22629311167806776,-0.0006002784,0.001513248
-0.2261604118773164,0.000978589,0.0015101064
-0.22615887289803271,0.0008186102,0.0015124656
-0.22613393427496686,-0.00031626225,0.0015149133
-0.22604555879479982,0.00021982193,0.0015110469
-0.22594843332315806,-0.0018802881,0.001509498
-0.2259186454349883,0.0010150671,0.001516365
-0.22586955900307049,0.00038588047,0.0015280857
-0.22583176048456655,-0.0012128949,0.0015112016
-0.22578500769018472,0.0006814003,0.0015166851
-0.22572236881950625,0.0013562441,0.0015143006
-0.22567251300752755,-0.00022417307,0.001512461
-0.22554480026516377,0.0011380911,0.0015117684
-0.22554115172532296,-0.00031876564,0.0015188598
-0.22553362496245832,-0.00056129694,0.0015093598
-0.22541289789290886,0.0003964901,0.0015124661
-0.2253863758286483,9.584427e-5,0.0015131824
-0.22531922983823993,-0.0019286275,0.0015175403
-0.22530980758954267,-0.00016355515,0.0015132101
-0.22522497112714457,0.0021409988,0.0015106279
-0.2252210942309203,0.0016577244,0.0015162872
-0.22520230492483506,0.0008482933,0.0015968105
-0.2251167131655737,-0.000854969,0.0015133261
-0.22505414576627725,0.0014088154,0.0015141944
-0.22495078094948062,5.030632e-5,0.0015153615
-0.2249328769620067,5.030632e-5,0.0015121677
-0.22490884202771178,-0.00018829107,0.0015121012
-0.22478218511806314,9.8347664e-5,0.0015127893
-0.22476810547267423,-0.00027745962,0.0015124979
-0.2247219541508617,-0.00067412853,0.0015161886
-0.22467320467737983,0.0005669594,0.0015130918
-0.2245821718942076,0.0013822317,0.0015128009
-0.22451312070748985,-0.0014021993,0.0015158618
-0.22443815597881756,-0.0010430217,0.0015165216
-0.22436298815880995,-3.8802624e-5,0.0015178787
-0.22432306665272228,-0.0017880797,0.0015142412
-0.22428611219521488,-8.3208084e-5,0.0015131722
-0.22415342450651943,4.005432e-5,0.0015103617
-0.22415185995693832,4.7922134e-5,0.0015140157
-0.22412687893937633,-0.0021533966,0.0015144795
-0.224038582863459,0.002359271,0.0015148856
-0.22394146950551608,-0.0005027652,0.0015095583
-0.22391160288503942,0.0017263889,0.0015163326
-0.22386260595162744,-0.00043576956,0.0015273818
-0.2238247414871155,0.00061404705,0.001515894
-0.22377793216608177,0.0011451244,0.0015178105
-0.22371533905421337,0.00090789795,0.00151558
-0.22366550881351788,0.00026357174,0.0015153515
-0.22353778261258395,5.030632e-5,0.0015110283
-0.22353409100499,0.0024018288,0.0015151482
-0.22352663355409041,0.002180934,0.0015137648
-0.22340591859823977,-0.0007581115,0.0015094674
-0.22337937096335303,0.0013153553,0.0015119916
-0.22331218325072,0.00022566319,0.001515037
-0.2233028397336725,0.0041128397,0.0015093389
-0.22321801538497332,-0.002807796,0.0015097416
-0.22321406917645548,-0.0020405054,0.0015147761
-0.22319522603773256,0.002105832,0.0015981682
-0.22310967868945264,1.4424324e-5,0.0015120064
-0.22304713686373956,-0.00054866076,0.0015141012
-0.22294371551897674,0.0005941391,0.0015157223
-0.2229258552728416,0.00066185,0.0015132594
-0.22290184590982998,5.722046e-6,0.0015145255
-0.222775201785823,-0.00015813112,0.0015151764
-0.22276109656915077,-0.00035238266,0.0015175546
-0.22271490285284223,0.0017867088,0.0015221925
-0.22266623278360997,-0.00062829256,0.0015091808
-0.22257521278706516,0.00079393387,0.0015103858
-0.22250608286672635,0.00032925606,0.0015161213
-0.22243114236479455,-0.0021988153,0.0015129157
-0.2223559173458638,0.0009753704,0.0015165255
-0.22231604025305762,0.00078332424,0.0015133072
-0.2222791120391049,0.0014727116,0.0015135256
-0.22214643713572257,0.0013695955,0.0015114553
-0.2221448470158438,5.9366226e-5,0.0015125
-0.22211982292954302,-0.0012097359,0.0015153569
-0.2220316069334325,0.00036871433,0.0015119871
-0.22193450568754558,0.001188755,0.0015114647
-0.22190456033509054,-0.0021041632,0.00151479
-0.22185565290018439,-0.00044590235,0.001527359
-0.22181772248966447,-0.0003196001,0.0015124875
-0.22177085597036472,1.3828278e-5,0.0015163564
-0.22170830928990615,0.00047063828,0.0015138218
-0.2216585046211511,0.0011165142,0.0015139104
-0.22153076563293272,0.0020616055,0.0015129169
-0.22152703095890003,0.00016915798,0.0015149124
-0.22151964214637954,0.0005745888,0.0015119128
-0.2213989386306422,-0.0008715391,0.0015130255
-0.22137236609740063,0.0015753508,0.0015125636
-0.22130513666320017,5.030632e-5,0.0015155995
-0.2212958718778023,0.0017362833,0.0015110332
-0.22121106031573046,0.000782609,0.0015107295
-0.22120704479524778,0.00038790703,0.0015173703
-0.22118814714931567,0.0006238222,0.0015967067
-0.2211026448865887,0.0011069775,0.0015143617
-0.2209366507620586,-0.0011167526,0.0015161039
-0.22091883425660497,0.0011569262,0.001512732
-0.22089485046454815,-0.00091934204,0.0015143368
-0.22076821777934008,-0.0006893873,0.0015130445
-0.2207540883385558,8.4757805e-5,0.0015136006
-0.22070785222775124,-0.0012230277,0.0015176404
-0.2206592608911545,-0.00078588724,0.0015102148
-0.22056825300732275,0.0009622574,0.0015098287
-0.22049904435434853,-0.00014841557,0.0015137524
-0.22042412875077155,0.0012292862,0.0015145666
-0.22034884653357478,0.0029693842,0.0015179852
-0.2203090145253358,0.00078988075,0.0015164458
-0.220272112556252,0.002592802,0.0015135731
-0.2201394490929829,0.00072324276,0.0015121843
-0.220137834073435,-4.3213367e-5,0.0015143917
-0.22011276759296683,0.0006186962,0.0015176309
-0.22002463100340597,-1.770258e-5,0.001510129
-0.21992754186891783,0.00084888935,0.0015082982
-0.21989751845807026,5.030632e-5,0.0015159355
-0.2198486998497272,6.508827e-5,0.0015290868
-0.21981070349221343,0.0009152889,0.0015136504
-0.21976377977399042,0.001982212,0.0015168044
-0.2197012788523418,0.00016701221,0.0015127193
-0.2196515004281273,0.0013606548,0.0015141071
-0.21951997091412423,0.0012446642,0.0015151309
-0.21951265074031168,-0.0013922453,0.00151122
-0.21939195866173034,0.00034153461,0.0015091123
-0.21936536055720535,0.0031290054,0.0015123318
-0.21929809007436596,0.0021202564,0.0015154579
-0.21928890402357504,4.529953e-5,0.001510786
-0.21920410457224482,-0.00071662664,0.0015108513
-0.21920002041404008,-0.00012636185,0.0015174077
-0.21918106826057027,0.00012671947,0.0015965614
-0.2190956104127677,0.0016163588,0.0015152129
-0.2190331197273211,0.0011687279,0.0015142949
-0.21892958533254048,0.0020569563,0.0015185608
-0.21891181256612557,0.0006723404,0.0015149902
-0.2188878550186092,7.331371e-5,0.0015135618
-0.21876123444709994,-0.0021777153,0.0015105822
-0.21874707943503247,0.0008084774,0.0015131719
-0.21870080092973176,-0.00022828579,0.0015173797
-0.21865228899771327,0.00011706352,0.001510745
-0.21856129322659468,0.0022404194,0.0015101829
-0.2184920065148992,0.0019723177,0.0015131732
-0.21841711513674855,4.529953e-5,0.0015152084
-0.21834177639289987,0.00018548965,0.0015157128
-0.218301988798271,-0.0007018447,0.0015122921
-0.21826511240047064,-0.0022179484,0.001513505
-0.21813246172382883,0.0015653372,0.0015122738
-0.21813082113135474,0.0015945435,0.0015123046
-0.21810571225836206,-0.00079506636,0.0015146232
-0.21801765507206505,0.0017733574,0.001511148
-0.21792057805226162,0.0022708178,0.0015094711
-0.2178904759068071,-4.8577785e-5,0.0015140431
-0.21784174679926993,-0.00028979778,0.001528457
-0.217803684493448,0.0005531311,0.0015140265
-0.21775670357761623,0.0019215345,0.0015189409
-0.21769424908770607,0.00085401535,0.0015136709
-0.21764449623378912,0.00096547604,0.0015149686
-0.2175167310026731,0.00033581257,0.0015136284
-0.21751291086671987,0.0014058352,0.0015186669
-0.21750565933161514,0.0007092953,0.001511746
-0.21738497936706125,-0.0011508465,0.0015140125
-0.21735835569125306,0.0010632277,0.0015128793
-0.21729104348684602,-4.7028065e-5,0.0015131765
-0.21728193616803337,-0.000459373,0.001509832
-0.21719714950300206,-7.82609e-5,0.001513398
-0.21719299603250375,-3.6776066e-5,0.0015165033
-0.217173989372482,0.0008829832,0.0015960706
-0.21708857661088943,-0.0011082292,0.0015135331
-0.2170261108247834,0.0016233921,0.0015143827
-0.21692251990302236,6.16312e-5,0.0015130808
-0.21690479087696057,0.000777483,0.0015125804
-0.216880858899413,-5.5789948e-5,0.0015138566
-0.21675425044258845,0.0011620522,0.0015135647
-0.21674007120312322,-1.6510487e-5,0.0015126625
-0.21669375030529803,0.0013861656,0.0015145991
-0.21664531710427204,0.0015701056,0.0015113578
-0.21655433411945235,0.00022149086,0.0015100127
-0.2164849680012071,0.0009815693,0.0015151598
-0.21641010152141127,0.0007556677,0.0015120192
-0.21633470557863943,0.000854969,0.0015164207
-0.21629496307284923,5.030632e-5,0.0015144715
-0.21625811291794628,0.0004850626,0.0015121563
-0.21612547435270335,0.0019472837,0.0015109564
-0.2161238081899317,-0.0004785657,0.0015155853
-0.21609865692277153,-0.00068485737,0.0015156554
-0.21601067981496702,0.0010555983,0.0015106713
-0.21591361423494826,0.00020754337,0.0015098258
-0.21588343335685822,0.0008633137,0.0015134801
-0.2158347944214125,0.001132369,0.0015297476
-0.21579666482241133,-3.0100346e-5,0.001513559
-0.2157496273809134,0.0011680126,0.0015177726
-0.2156872193227417,-0.0010057092,0.0015135839
-0.21563749204010807,0.0003786087,0.0015153412
-0.21550971402367902,0.00033915043,0.0015118284
-0.2155058508193155,0.0015348196,0.0015163134
-0.21549866725031863,-0.0008286238,0.0015120025
-0.21537799939814928,0.001817584,0.0015122348
-0.21535135082530066,-0.0011691451,0.0015117837
-0.2152839968993262,-0.0012034178,0.0015127754
-0.21527496898476317,-0.00045835972,0.0015107516
-0.21519019375951642,0.0008981228,0.0015101074
-0.21518597097836756,-4.839897e-5,0.0015158801
-0.2151669104840651,0.0017366409,0.0015944212
-0.21508154280769687,-0.00020503998,0.0015158661
-0.21501910191994567,0.0017279387,0.0015190026
-0.21491545514643273,0.0025531054,0.0015159078
-0.21489776918779546,-0.0005624294,0.0015140371
-0.21487386345544546,-0.00087594986,0.0015113063
-0.21474726710936254,-0.00039303303,0.0015124913
-0.21473306229959976,-0.0015476346,0.0015130432
-0.21468669900596427,0.0003246069,0.001516165
-0.2146383452124737,0.00070858,0.0015097677
-0.21454737433970994,-0.00046676397,0.0015119644
-0.21447792948882927,0.0013843775,0.0015152935
-0.21440308723445978,0.00096583366,0.0015138704
-0.21432763476569328,-0.00037938356,0.0015164397
-0.21428793734479878,5.030632e-5,0.0015133601
-0.21425111276150766,0.00095140934,0.0015123992
-0.21411848630930652,0.0010282993,0.0015113382
-0.21411679525015148,0.00083875656,0.0015145408
-0.21409160091293822,-0.0012133718,0.0015154822
-0.21400370388395473,0.0011069775,0.0015097024
-0.21390665041664914,-0.0006993413,0.0015080717
-0.21387639080690934,0.0006389618,0.0015132478
-0.21382784136996957,-2.1517277e-5,0.0015295411
-0.21378964582561744,0.00080251694,0.0015137509
-0.21374255118355334,-0.0008240938,0.0015175854
-0.21368018955810597,0.0004223585,0.0015130504
-0.21363048852001265,0.0007933378,0.0015141354
-0.2135026963710992,-0.0014086366,0.0015127518
-0.2134987901016112,0.00067305565,0.0015155552
-0.21349167584392215,-0.0007561445,0.0015097825
-0.21337102010282305,0.0004798174,0.0015107678
-0.21334434595934826,0.0001039505,0.0015137942
-0.213276950310492,-0.0022506118,0.0015141459
-0.2132680011305359,0.0011675358,0.0015117562
-0.21318323868961653,0.0018663406,0.0015120914
-0.21317894659715986,-0.001405716,0.001514664
-0.21315983159564822,-0.00041741133,0.0015955301
-0.2130745083328901,-0.0010824203,0.0015136531
-0.21301209301543644,-0.0009532571,0.0015170744
-0.21290838971560022,-0.0003476143,0.0015158439
-0.21289074817024456,-0.0016251802,0.0015118716
-0.2128668680095065,-0.00020331144,0.001513757
-0.21274028377613674,0.00070106983,0.0015118289
-0.21272605406999057,-0.0012934208,0.0015153103
-0.21267964838021614,0.0011029243,0.0015161973
-0.212631373319361,-0.00068855286,0.0015113879
-0.21254041523191036,-0.0016204119,0.0015094082
-0.21247089164938004,-0.0018629432,0.0015121328
-0.21239607362043678,0.0031775236,0.0015171921
-0.2123205646256755,0.0014277697,0.0015177279
-0.21228091161674834,0.00038933754,0.0015123059
-0.21224411327799764,-0.0008853674,0.001512367
-0.21211149894015247,0.00018155575,0.0015117577
-0.2121097823077427,-0.00030446053,0.0015137909
-0.21208454557734768,0.0012042522,0.0015166232
-0.21199672795294244,-0.0026926994,0.0015119613
-0.2118996872712785,0.0012013912,0.001509401
-0.21186934892857467,0.00039231777,0.0015143099
-0.2118208883195123,-0.00025188923,0.0015290455
-0.2117826268281663,-0.00013315678,0.0015126631
-0.21173547566010764,5.1259995e-6,0.0015151231
-0.21167315979478452,0.0014128685,0.0015141609
-0.21162348432666023,-9.918213e-5,0.0015128345
-0.21149567939243363,0.00040221214,0.001511517
-0.21149173005519262,-0.0003710389,0.0015167949
-0.2114846844352256,-0.0010043383,0.0015099382
-0.2113640401358826,-0.00051146746,0.0015116079
-0.21133734109208158,-0.0010290146,0.0015125028
-0.21126990372297205,0.0013873577,0.001515833
-0.21126103327499424,-0.00026404858,0.0015103351
-0.2111762836210309,0.0013751984,0.0015114351
-0.21117192221562364,0.00092315674,0.0015153085
-0.2111527527069028,0.00063312054,0.0015932871
-0.21106747453101193,8.523464e-5,0.0015172918
-0.21100508411158447,0.0014641285,0.0015175018
-0.2109013249590106,0.0006968975,0.0015156328
-0.21088372648107945,0.00024724007,0.0015124533
-0.2108598725632389,-0.0004003048,0.0015126907
-0.2107332997709681,0.0005335808,0.0015119954
-0.21071904516548134,0.003108263,0.0015135041
-0.21067259708186814,-0.00049364567,0.0015130442
-0.21062440142559125,-6.467104e-5,0.0015113119
-0.2105334554511823,4.529953e-5,0.0015079454
-0.21046385313700222,-0.00032132864,0.0015155238
-0.21038906000509938,0.001912117,0.0015139945
-0.2103134938133865,0.0013834238,0.0015198534
-0.21027388589001217,0.00057554245,0.0015132894
-0.21023711312320192,0.0016512871,0.0015124512
-0.2101045115693555,0.00048458576,0.0015093855
-0.21010276936566252,-0.0015723705,0.0015114271
-0.21007749024175726,-0.0003311634,0.001512142
-0.20998975202357306,0.00043582916,0.0015107944
-0.20989272345396504,-0.0011786222,0.0015105885
-0.2098623063786259,0.0021586418,0.0015178153
-0.2098139352687265,8.916855e-5,0.0015317901
-0.20977560782940097,-0.0026317835,0.0015142884
-0.20972839946340482,0.000104904175,0.0015145099
-0.209666130029163,-0.0006765723,0.0015138917
-0.20961648013265055,-0.0006213188,0.0015144021
-0.20948866241442532,0.0016579628,0.0015129993
-0.20948467000877402,0.00024068356,0.0015182276
-0.2094776930268577,-0.0002682805,0.0015119195
-0.20935706016828504,4.529953e-5,0.0015116645
-0.20933033555221492,-0.00035309792,0.0015137607
-0.20926285713545212,-0.000325799,0.0015142873
-0.20925406541879554,-0.0012573004,0.0015104229
-0.20916932787754527,0.0007132292,0.0015131722
-0.20916489783441594,-0.00061398745,0.0015167268
-0.20914567381750016,0.00026524067,0.0015932304
-0.20906044072913366,-0.0011924505,0.001513912
-0.2089980758809895,6.234646e-5,0.0015150798
-0.20889425953047824,-0.00040519238,0.0015146582
-0.20887670479191434,0.0009710789,0.0015143414
-0.2088528771196,0.0012822151,0.0015129186
-0.20872631643741368,-0.00027549267,0.0015094589
-0.2087120369335721,0.0014685392,0.0015135335
-0.20866554645644864,0.0011569262,0.0015130679
-0.20861742953379292,-0.0012337565,0.0015123748
-0.20852649634436848,-0.0012520552,0.0015099098
-0.20845681529722437,-0.001908958,0.0015143246
-0.20838204639107638,-0.00017613173,0.0015167921
-0.20830642367238306,0.0007030964,0.0015169354
-0.2082668608362045,0.00047278404,0.0015130112
-0.20823011364002042,-0.0011181235,0.0015128269
-0.20809752419855865,0.001855135,0.0015105953
-0.20809575642555367,0.0019507408,0.0015148865
-0.20807043490616672,0.0029746294,0.001516959
-0.20798277676647503,0.00033199787,0.0015112341
-0.20788575963632305,0.0003671646,0.0015097774
-0.20785526382867703,0.00062191486,0.0015153007
-0.20780698221728344,-0.0005360842,0.0015320462
-0.20776858883194993,-0.0007991791,0.0015136101
-0.20772132326604487,0.00058948994,0.0015177209
-0.20765909959094153,0.00031256676,0.0015129324
-0.20760947593962664,-0.0005737543,0.0015139849
-0.20748164476151687,5.841255e-6,0.0015134759
-0.20747760996268394,-0.00039803982,0.0015167854
-0.20747070161914682,0.0013166666,0.0015112992
-0.20735008087230167,0.001098156,0.0015110209
-0.20732333068724818,0.0012670755,0.001517571
-0.20725581054760367,-0.00032413006,0.0015133139
-0.20724709756391113,0.0016833544,0.0015134725
-0.20716237280764538,0.0005694628,0.0015098567
-0.20715787345320824,-0.0018513799,0.0015160025
-0.20713859493006903,-0.0016721487,0.0015909118
-0.2070534062530126,-0.00045078993,0.0015130234
-0.20699106697746605,4.529953e-5,0.0015142326
-0.20688719409997436,-0.0012006164,0.0015143735
-0.20686968377567772,-7.8856945e-5,0.0015128233
-0.20684588100138956,0.0010443926,0.0015149527
-0.20671933243224494,0.00079226494,0.0015130372
-0.20670502803004864,-0.0010837317,0.0015162524
-0.20665849515842916,0.00080895424,0.0015167068
-0.20661045831426594,-0.00039815903,0.0015136239
-0.2065195365652832,0.00079607964,0.0015112698
-0.20644977745678927,0.0003015995,0.001517261
-0.20637503277705338,-0.0013974309,0.0015143338
-0.20629935285845113,0.0004749298,0.001514132
-0.20625983510946833,-0.0013532639,0.0015123986
-0.20622311348325328,0.0033442974,0.0015139092
-0.20609053682874745,4.529953e-5,0.0015088967
-0.20608874415738776,0.0010826588,0.0015124363
-0.2060633795692619,0.0009176731,0.0015151241
-0.20597580083513423,0.0012694597,0.0015104403
-0.20587879581802393,0.0007817745,0.0015086236
-0.20584822127872815,8.714199e-5,0.0015140419
-0.20580002916682616,0.0015060902,0.0015301086
-0.2057615698344989,0.0003504753,0.0015139276
-0.20571424706967056,9.536743e-5,0.0015166063
-0.2056520698263058,0.00026583672,0.0015130992
-0.20560247174725998,0.0013942719,0.0015146288
-0.20547462778219416,0.00013709068,0.001511443
-0.2054705499156081,-0.00048822165,0.0015153202
-0.20546371021176457,-0.00031894445,0.0015106169
-0.2053431009047041,0.0006773472,0.001511479
-0.2053163258212959,0.001598835,0.0015144389
-0.2052487639610695,0.0033370256,0.0015151934
-0.2052401297090266,-0.0012268424,0.0015110517
-0.20515541773905965,-0.0015117526,0.0015104644
-0.20515084839940056,-0.0003836751,0.0015172494
-0.20513151604198077,0.00013554096,0.0015917006
-0.20504637244982005,0.0021423101,0.0015131275
-0.20498405807295694,0.0010145903,0.0015146539
-0.20488012934207045,0.0014402866,0.0015181326
-0.2048626620865126,0.00066292286,0.0015112166
-0.2048388855554506,0.0011715889,0.0015131755
-0.2047123491000049,0.0010826588,0.0015106733
-0.2046980197994538,0.0009485483,0.0015140376
-0.20465144453268103,0.0011632442,0.0015168339
-0.2046034864208247,0.001516223,0.0015134659
-0.20451257745748364,-0.0009009242,0.0015117603
-0.20444273894441156,0.0012165308,0.001513894
-0.2043680191617161,0.0012686253,0.001514808
-0.2042922827190906,-0.0006136298,0.0015183522
-0.20425280938141788,-0.0005071759,0.0015124918
-0.20421611400138617,-0.0005657673,0.0015120895
-0.20408354878567914,-2.2470951e-5,0.0015114186
-0.20408173121497897,0.00030493736,0.0015132877
-0.2040563242323571,-0.0010334849,0.0015146419
-0.2039688249051077,-0.00026977062,0.0015099519
-0.20387183267363906,-0.0001912117,0.0015104881
-0.20384117940137925,0.00078237057,0.0015176411
-0.2037930761150546,-0.0013810396,0.0015318326
-0.20375455083573346,0.00068342686,0.0015131115
-0.20370717154622486,-0.0006842613,0.0015159805
-0.20364504006199857,0.00056159496,0.0015144164
-0.2035954675529218,-0.000995636,0.0015129877
-0.20346761080418585,-0.001162827,0.001515561
-0.2034634898691895,5.030632e-5,0.0015130204
-0.20345671880438243,-0.00019592047,0.0015111255
-0.203336121610035,-8.624792e-5,0.0015151289
-0.2033093209540291,0.0003182888,0.0015103336
-0.2032417173722353,0.0009857416,0.0015148139
-0.2032331618541422,0.00036418438,0.0015117797
-0.2031484619968884,-0.0015892386,0.0015097462
-0.20314382401753572,0.0008972883,0.0015163206
-0.2031244371538925,0.001842022,0.0015891559
-0.20303933864925605,0.00087463856,0.001512278
-0.20297704984203335,-0.00061917305,0.0015132067
-0.20287306391255233,0.00081181526,0.0015152501
-0.2028556403960332,0.00048029423,0.0015127563
-0.202831890109183,-0.000803113,0.0015130806
-0.20270536576645037,-0.0015320182,0.0015106592
-0.20269101156885883,0.0004491806,0.0015120459
-0.20264439323433303,0.0006302595,0.00151348
-0.20259651452738348,0.0012210608,0.0015108534
-0.20250561767675557,0.00021910667,0.0015136926
-0.2024357011046336,-0.00017553568,0.001514926
-0.2023610055476931,-0.0005893111,0.0015151377
-0.20228521190614446,0.0016852617,0.0015194213
-0.20224578365468182,-9.23872e-5,0.0015134363
-0.2022091145188618,0.001585722,0.0015134598
-0.20207656141553942,-0.0013226271,0.001512463
-0.20207471827257018,0.00086438656,0.0015157674
-0.20204926822515235,0.00032949448,0.0015143704
-0.20196184964800967,0.0010582209,0.0015106745
-0.2018648688563257,0.0022068024,0.0015112445
-0.2018341368504447,0.0019321442,0.0015134655
-0.20178612306328303,-0.0006573796,0.0015306993
-0.20174753183762528,0.0016374588,0.0015158132
-0.20170009534952205,0.00011563301,0.0015160699
-0.20163801029769135,0.0010646582,0.0015138892
-0.20158846335924074,0.00033009052,0.0015147564
-0.2014605931525918,0.00044977665,0.0015122958
-0.20145642915017092,0.00025582314,0.0015145418
-0.2014497267227573,0.001899004,0.0015121956
-0.20132914164112303,0.0017318726,0.001511366
-0.2013023160880767,0.0028241873,0.0015137459
-0.2012346707840582,-0.00041478872,0.0015149249
-0.2012261939979434,-0.003613174,0.0015079662
-0.20114150692633126,0.0010325909,0.0015096758
-0.20113679963567088,-0.00029051304,0.0015162317
-0.20111735826580424,-0.00042831898,0.0015895346
-0.20103230484704926,-0.0002604723,0.0015132633
-0.20097004093851,-0.0007792115,0.0015129984
-0.2008659991559627,-0.0016576648,0.0015160064
-0.2008486193797967,5.030632e-5,0.001512855
-0.2008248946642297,0.0003516674,0.0015121824
-0.20069838176128174,0.00038146973,0.0015121431
-0.2006840026640211,0.0011696815,0.0015137095
-0.2006373426102278,0.0005623102,0.0015145995
-0.2005895426349279,4.529953e-5,0.0015103227
-0.2004986585705989,0.0007109642,0.0015092144
-0.20042866259127012,0.00087833405,0.0015146132
-0.2003539919336701,-0.0012797713,0.0015147937
-0.2002781417648125,-5.0902367e-5,0.0015149347
-0.2002387579289313,-0.0021399856,0.0015135809
-0.2002021143624233,0.0006799698,0.0015134306
-0.20006957404507109,-0.00068616867,0.0015098723
-0.20006770533147566,-0.0025367737,0.0015109151
-0.2000422128892333,0.0009809732,0.0015147788
-0.19995487371699738,-0.00012761354,0.0015116781
-0.19985790503769796,-0.0012842417,0.0015114051
-0.19982709430049583,-9.286404e-5,0.0015131321
-0.19977917001414003,0.0005053282,0.0015324635
-0.19974051283984562,0.0004016161,0.0015138767
-0.1996930191541335,-0.00012868643,0.0015162912
-0.19963098053239847,-0.00062936544,0.0015141267
-0.19958145916687398,-0.0018533468,0.0015140455
-0.19945357617261195,-0.00015109777,0.0015141438
-0.1994493691034237,-0.0010873675,0.0015138888
-0.19944273531537515,-0.0012165904,0.0015105268
-0.1993221623457968,0.00020682812,0.0015108526
-0.1992953105491958,-0.0026291013,0.0015108475
-0.19922762419620976,-0.00070530176,0.0015146342
-0.19921922681598747,-0.00025635958,0.0015097909
-0.19913455185643136,0.00057697296,0.0015102411
-0.19912977525544884,-0.0003093481,0.0015154688
-0.19911027937640158,-0.0024994612,0.0015862652
-0.19902527037125683,0.0016480684,0.0015166855
-0.1989630320340008,0.00047159195,0.0015138987
-0.19885893372710173,0.00030577183,0.0015164895
-0.1988415976906316,-0.0018225312,0.0015106297
-0.1988178992192764,0.00084376335,0.0015135704
-0.1986913984290416,0.0014890432,0.0015121881
-0.19867699443342612,0.001275897,0.0015167476
-0.19863029198382254,0.0023072958,0.0015156781
-0.19858257074214392,0.0020586252,0.0015107107
-0.19849169878987083,0.0017038584,0.0015112434
-0.1984216247518208,-0.0008406639,0.0015154391
-0.1983469783183328,0.0014824867,0.0015138974
-0.1982710709512091,8.356571e-5,0.0015175061
-0.1982317322012095,0.0016118288,0.0015127739
-0.19819511487891317,0.0011607409,0.0015149508
-0.19806258667493137,0.00021517277,0.0015084575
-0.19806069239169544,0.0004246235,0.0015111841
-0.1980351575526571,0.0007853508,0.0015156711
-0.1979478977859851,-0.0014764667,0.0015129526
-0.1978509412203846,0.0004554987,0.0015091896
-0.19782005242314693,7.4625015e-5,0.0015144986
-0.19777221763529695,0.00031983852,0.0015343477
-0.19773349317045175,0.0009739399,0.0015137795
-0.19768594362937342,0.00017213821,0.0015173539
-0.19762395076776273,0.000918746,0.0015121613
-0.19757445564677867,4.529953e-5,0.0015147437
-0.19744655919328924,0.0005732775,0.0015125627
-0.1974423090570051,5.9604645e-5,0.00151546
-0.1974357439079929,-0.00052428246,0.0015113343
-0.1973151823778706,0.00055480003,0.0015124517
-0.19728830568192912,0.0031172037,0.0015120833
-0.1972205776083613,0.00084757805,0.0015142082
-0.19721225896110306,0.0005583763,0.0015117135
-0.1971275961139315,-0.00018072128,0.0015109685
-0.19712275087456976,0.0023214817,0.0015158037
-0.1971032004883133,-3.0457973e-5,0.001590584
-0.19701823656937856,0.00091540813,0.0015145282
-0.1969560238030773,4.9352646e-5,0.0015141051
-0.19685186896952644,0.0004925728,0.001514997
-0.1968345760001522,0.00083482265,0.0015132986
-0.1968109037730088,9.8109245e-5,0.00151087
-0.19668441509680146,-0.00048041344,0.0015151063
-0.1966699855305598,8.4757805e-5,0.0015106729
-0.1966232406848174,-0.00050622225,0.0015153452
-0.19657559952163117,-0.0007920265,0.0015110649
-0.19648473968207125,0.00078594685,0.0015103325
-0.19641458623911445,0.0011254549,0.0015173368
-0.1963399647043098,-0.0009623766,0.0015136291
-0.19626400081086282,5.030632e-5,0.0015162466
-0.19622470647315904,-0.00013059378,0.0015128893
-0.19618811539638892,0.00011587143,0.0015129729
-0.19605559930479155,0.001180172,0.001512607
-0.19605367944928664,0.0007607937,0.0015141307
-0.19602810221706657,0.0007491112,0.0015152005
-0.19594092252888706,0.0022648573,0.0015120646
-0.19584397807599974,0.0019263029,0.0015110665
-0.19581300987221228,-0.00025242567,0.0015146685
-0.1957652645835254,-0.00014781952,0.0015331792
-0.19572647417168643,5.6385994e-5,0.0015128361
-0.19567886743201346,-0.0005578995,0.0015171786
-0.1956169210047698,0.0019155741,0.00151407
-0.19556745145244048,0.000313282,0.0015125119
-0.19543954221429516,-0.00035256147,0.0015114957
-0.1954352490105864,-0.00042390823,0.0015154362
-0.19542875249962488,0.0023522377,0.0015126696
-0.19530820308418728,-0.00023835897,0.001511109
-0.19528130081499095,-0.00035393238,0.001512043
-0.19521353102084138,0.0016049147,0.0015136689
-0.19520529110490425,-0.00082474947,0.0015089919
-0.1951206410443601,0.0011997223,0.0015091543
-0.19511572649270492,-0.0002387166,0.0015170852
-0.19509612160022505,-9.8884106e-5,0.0015883313
-0.19501120276717177,-8.094311e-5,0.0015140583
-0.19494901489955385,-0.00033545494,0.0015151348
-0.19484480353902256,0.000101685524,0.0015161367
-0.19482755498391557,-6.622076e-5,0.0015141995
-0.1948039083280555,-0.002456665,0.0015125183
-0.19467743109031854,0.0005954504,0.0015117548
-0.1946629772993077,-0.0002526641,0.0015121619
-0.1946161900593979,-0.000800848,0.0015176303
-0.1945686276291757,0.0010436773,0.001511822
-0.19447777990232895,-0.00033438206,0.0015090354
-0.1944075483993366,-0.0011175871,0.0015133314
-0.1943329510902868,0.0006365776,0.0015137903
-0.19425693067183092,-0.0013386011,0.0015151104
-0.19421768074642287,0.0016313791,0.0015167677
-0.19418111524060744,0.00015187263,0.0015140629
-0.1940486119343232,9.179115e-5,0.001512479
-0.19404666717980634,0.0015450716,0.0015129559
-0.19402104688114752,-0.0006285906,0.0015161091
-0.19393394659853191,-0.0005760193,0.0015110789
-0.193837014257372,0.0011813641,0.0015084455
-0.193805967995192,0.00019335747,0.0015161871
-0.1937583115343825,0.0010257959,0.0015318542
-0.19371945517324962,-0.00078964233,0.0015157453
-0.19367179123531064,-0.00029534101,0.0015160425
-0.1936098912391483,-4.005432e-5,0.0015103526
-0.1935604472584308,0.000330925,0.0015148257
-0.19343252456368687,-0.001309216,0.0015114396
-0.19342818896449643,-0.0010893941,0.001515282
-0.1934217610919141,-0.0005195141,0.0015113853
-0.19330122311527542,-0.001388073,0.0015110327
-0.19327429594871004,0.001141429,0.0015143333
-0.1932064844323358,0.000118374825,0.0015148171
-0.19319832325001984,0.0007523298,0.001508546
-0.1931136859744601,4.529953e-5,0.0015076785
-0.1931087021114971,-0.00090271235,0.00151385
-0.1930890420392083,-0.0009405017,0.0015879546
-0.19300416896496486,4.5657158e-5,0.0015156516
-0.19294200599504463,-0.00090175867,0.0015138955
-0.19283773878309007,0.00014817715,0.0015175337
-0.19282053329475046,-0.0009543896,0.001512463
-0.1927969128831023,-0.0014126301,0.0015123611
-0.19267044775676412,-0.00059247017,0.0015145462
-0.19265596906739846,-0.002254963,0.0015124588
-0.19260913876137842,-0.0013754368,0.0015130781
-0.19256165573672013,-0.00082087517,0.0015111935
-0.19247082079420075,-0.00026249886,0.0015084948
-0.19240051055988727,-7.6532364e-5,0.0015154114
-0.1923259374762638,-0.00018072128,0.0015153153
-0.19224985985757037,-0.0010136962,0.0015157092
-0.1922106550196867,0.00033688545,0.0015129223
-0.19217411575709742,-0.0009332299,0.0015133535
-0.192041623891255,-0.00012719631,0.0015108429
-0.19203965424002623,0.0003386736,0.0015130572
-0.19201399154522847,5.030632e-5,0.0015137576
-0.19192697066751963,0.0010663271,0.0015107306
-0.19183005044005863,-0.0010396838,0.001513407
-0.19179892544524313,-0.00024431944,0.0015150602
-0.19175135848392522,0.0004886389,0.001535598
-0.19171243684971273,0.0004965067,0.0015154601
-0.19166471571186483,-0.0006374717,0.0015161437
-0.1916028614735268,-0.00023424625,0.0015132388
-0.19155344306507838,0.0006519556,0.0015145758
-0.1914255075837069,-0.0030488372,0.0015094399
-0.19142112891742058,7.18832e-5,0.0015145525
-0.19141476968453186,0.0003620386,0.0015144533
-0.19129424381962057,-0.0011562705,0.0015123074
-0.19126729108407192,-0.0011209846,0.001514422
-0.19119943784448734,5.030632e-5,0.0015117945
-0.19119135539382104,-0.004351735,0.0015092104
-0.19110673023196023,-0.00097590685,0.0015090491
-0.19110167773061804,-3.46303e-5,0.0015157443
-0.19108196315111992,0.0011175871,0.0015881303
-0.19099713448950106,0.0013738871,0.0015127667
-0.19093499776412115,0.00048708916,0.0015151186
-0.19083067402650045,-0.0002798438,0.0015157937
-0.19081351160558535,-0.00053584576,0.0015122665
-0.1907899167639061,-5.4359436e-5,0.0015126631
-0.19066346442583826,-0.0011821389,0.0015108894
-0.190648960163875,-0.0006810427,0.0015119681
-0.19060208813628743,0.00043570995,0.0015186497
-0.19055468384295038,3.6358833e-5,0.0015111953
-0.19046386168738694,-6.0737133e-5,0.0015085307
-0.1903934720468523,-0.0004066825,0.0015136605
-0.19031892386092653,0.00055110455,0.001513693
-0.19024278971689557,0.0013978481,0.0015177428
-0.19020362929295065,0.000346303,0.0015149991
-0.19016711627457306,0.001095891,0.001510286
-0.19003463652045804,-0.0008241534,0.00150991
-0.1900326412986031,-0.000977099,0.0015113476
-0.19000693620963793,-0.0018698573,0.0015189414
-0.1899199954104216,0.00054872036,0.0015083738
-0.18982308729567365,0.001430273,0.0015082879
-0.18979188289496574,-0.00052052736,0.0015147224
-0.18974440543215365,-0.00031769276,0.001538426
-0.1897054178509474,-0.000338614,0.0015128074
-0.18965763951549064,0.0016841888,0.0015178828
-0.18959583170921956,-0.0007182956,0.0015104174
-0.18954643887205447,-0.0019813776,0.0015128566
-0.1894184906040557,0.0009225607,0.0015130234
-0.18941406887034473,0.0015035868,0.0015208963
-0.18940777827616395,0.0012834072,0.0015130958
-0.18928726385300876,-0.0011547208,0.001511999
-0.18926028621680524,-0.0010370016,0.0015120187
-0.1891923912582817,-0.00085163116,0.0015169577
-0.18918438821087946,-0.0005016327,0.0015102284
-0.18909977516238885,0.00026535988,0.0015099937
-0.1890946526758247,4.529953e-5,0.001514422
-0.18907488426171737,0.00050258636,0.0015891235
-0.1889901006863085,-0.0014035702,0.0015149051
-0.1889279888605977,0.0010437965,0.001513577
-0.18882360859599667,-4.5716763e-5,0.0015168553
-0.18880649058934884,5.030632e-5,0.001515522
-0.1887829213189529,0.0002411604,0.0015135402
-0.18865648109228383,0.00061392784,0.0015122213
-0.18864195193196576,0.00049841404,0.001512758
-0.18859503751021078,-0.00039112568,0.0015151023
-0.1885477119504949,-0.00045251846,0.0015108035
-0.18845690190764453,-8.684397e-5,0.0015107456
-0.18838643420707446,0.0007703304,0.0015152977
-0.18831191024624638,-4.172325e-5,0.0015125156
-0.18823571890460655,0.00017797947,0.0015169877
-0.1881966042378287,0.0008751154,0.0015137036
-0.18816011611977734,0.00015950203,0.0015123924
-0.18802764914933257,0.0006519556,0.0015114096
-0.18802562835652292,0.0005996227,0.0015159618
-0.18799988087339026,0.0013178587,0.001515247
-0.1879130194810522,0.00050902367,0.0015154802
-0.18781612347704602,-0.00011283159,0.0015100059
-0.18778484101761683,0.0014494658,0.0015151879
-0.18773745238038209,0.0007413626,0.0015341915
-0.1876983988525106,0.0013101101,0.0015147593
-0.18765056331813057,0.0005904436,0.0015169957
-0.18758880194491245,-0.0008959174,0.0015143148
-0.1875394353513019,-0.00082558393,0.0015130984
-0.1874114736250616,-0.0016736984,0.0015107107
-0.1874070088249119,-0.001768589,0.0015156643
-0.18740078686845307,0.0015970469,0.0015130407
-0.18728028455702528,0.00057435036,0.0015095253
-0.18725328134953856,-0.0032849908,0.0015113894
-0.18718534534237607,-0.001226604,0.0015156906
-0.1871774203569807,0.0016064644,0.0015115262
-0.18709282009248895,-0.00025510788,0.001510143
-0.18708762829395975,0.0011739731,0.0015171462
-0.1870678053736291,-0.000202775,0.0015869554
-0.186983066885416,0.00067162514,0.0015132747
-0.18692097995707424,-0.00066280365,0.001515542
-0.18681654383842128,0.0006387234,0.0015159793
-0.18679946889886934,-0.0005864501,0.0015119909
-0.1867759258739996,-0.00016349554,0.0015121646
-0.18664949708580092,-0.0007300973,0.0015129914
-0.1866349437013709,0.0017602444,0.0015112441
-0.1865879862118628,-0.0013798475,0.0015146086
-0.18654074073096794,-0.0004839301,0.0015121325
-0.18644994279951643,0.00093746185,0.0015095999
-0.1863793963672966,0.00021970272,0.0015150318
-0.18630489663288052,0.0004800558,0.0015150482
-0.1862286487645889,8.8214874e-5,0.0015185067
-0.18618957851109252,-0.00019967556,0.0015135641
-0.18615311663626732,-0.0004133582,0.0015141449
-0.18602066178083565,-0.00052523613,0.0015095777
-0.18601861608704262,-0.00093853474,0.0015130835
-0.1859928255374712,-0.0018357038,0.0015145995
-0.18590604355003992,0.00016319752,0.0015105382
-0.18580915965973255,0.00058341026,0.001510109
-0.1857304993299248,0.0006222725,0.0015348534
-0.18569137985473094,-0.0016478896,0.0015148466
-0.18564348779435624,5.733967e-5,0.0015134286
-0.18558177218060523,0.00042712688,0.0015158907
-0.18553243115794948,-0.0016547441,0.0015142661
-0.18540445664639604,-0.0013152957,0.0015129918
-0.18539994877882182,-0.00083613396,0.0015149078
-0.18539379546107082,-0.0014446974,0.0015105606
-0.18527330526169905,-0.0014849305,0.0015100789
-0.18524627581197195,0.00021243095,0.0015119119
-0.18517829875354186,-0.0022702813,0.0015139157
-0.1851704525020963,0.0018433332,0.0015100059
-0.18508586502291757,0.0007865429,0.0015092868
-0.18508060391308068,0.00075531006,0.0015165838
-0.18506072648619798,-0.0015221238,0.0015880043
-0.1849760330832091,-0.0029973388,0.0015152982
-0.18491397172647928,-0.00062555075,0.0015162776
-0.18480947840890316,-0.00056397915,0.0015162072
-0.18479244788263283,-0.0014758706,0.0015113914
-0.18476893042773201,-0.001111567,0.0015116603
-0.18464251375487506,0.00017881393,0.001511724
-0.18462793479784745,-4.6372414e-5,0.0015159218
-0.18458093558808608,0.0016971827,0.0015158833
-0.18453376883719808,0.0021070242,0.0015115506
-0.18444298369270262,-0.0021098256,0.0015079192
-0.18437235785426165,0.00084757805,0.0015129009
-0.18429788301885752,-0.0012723804,0.0015146619
-0.18422157862457123,-0.0005312562,0.001515538
-0.1841825527850135,-0.00023329258,0.0015134062
-0.1841461171527573,-0.002072513,0.0015138006
-0.18401367441069594,-0.00041401386,0.0015125065
-0.1840116031459481,0.001806736,0.0015148666
-0.18398577020155216,0.0023694038,0.0015160268
-0.18389906829195612,-0.0018106699,0.001509117
-0.18380219651534768,6.234646e-5,0.001509534
-0.1837707565896619,-0.0004248619,0.001518621
-0.18372354627946752,-0.0018252134,0.0015370732
-0.1836843608572799,-0.0007376671,0.0015131424
-0.18363641159929633,-3.20673e-5,0.0015154912
-0.18357474241498373,-0.00051921606,0.0015154297
-0.18352542696459706,0.0012587309,0.0015136614
-0.183397438994802,0.0016081333,0.0015111138
-0.18339288873273174,0.0008044243,0.0015184587
-0.1833868040527029,-0.0007531643,0.001510738
-0.18326632529377296,0.0016435385,0.0015106616
-0.18323927094569104,0.00024795532,0.0015107893
-0.18317125216602193,0.00063097477,0.0015139449
-0.1831634846458975,0.0013478994,0.0015103278
-0.1830789092804177,-0.0006005168,0.0015096486
-0.18307357953285874,0.0013533831,0.0015146956
-0.18305364759712395,0.00014543533,0.0015874986
-0.18296899928067378,-0.0017486811,0.0015137173
-0.18290696282164154,-0.00015956163,0.0015121736
-0.18280241365297067,5.2928925e-5,0.0015147906
-0.18278542619346771,0.00029480457,0.0015114563
-0.1827619349827787,0.00033187866,0.0015131416
-0.18263553042263492,-0.001283288,0.0015114722
-0.18262092656725248,-0.0009377599,0.0015116812
-0.1825738849616808,-4.0650368e-5,0.0015163678
-0.1825267969447426,0.0011985302,0.0015094018
-0.1824360239129602,-0.0011538267,0.0015102753
-0.1823653200144838,0.00016272068,0.0015139849
-0.18229086940352024,-0.0011318326,0.0015155785
-0.18221450781031068,0.0008841753,0.0015153177
-0.1821755270576202,-0.00026500225,0.0015120681
-0.18213911767023294,-0.002212882,0.0015113461
-0.18200668703989897,0.0004196167,0.0015112379
-0.18200459020551074,0.00052416325,0.0015131615
-0.18197871486596162,-0.00019961596,0.0015159604
-0.1818920923619296,0.00037574768,0.0015109448
-0.18179523269672004,-0.00025302172,0.0015089724
-0.18176371403938452,-0.0008240938,0.0015146434
-0.18171659322769596,-0.0012537241,0.0015354933
-0.18167734185982887,0.000874877,0.001515926
-0.181629336075522,-0.0016332865,0.0015159671
-0.1815677126506765,4.1484833e-5,0.0015168893
-0.181518422770916,3.8266182e-5,0.001512518
-0.18139042201515077,-0.0006509423,0.001510959
-0.18138582868664166,0.0009036064,0.0015164753
-0.18137981264499214,-0.00035476685,0.0015106115
-0.1812593459981181,-0.00033175945,0.0015106107
-0.18123226607875287,-0.00094377995,0.001510246
-0.181164205578502,0.00210011,0.0015155503
-0.18115651746394157,-0.000582695,0.0015079149
-0.1810719542105178,0.0007849932,0.001510377
-0.1810665551509938,0.0019780397,0.0015154349
-0.18104656870804992,0.0015090704,0.0015849264
-0.18096196547846688,0.001991272,0.001512878
-0.18089995459104669,0.00034368038,0.0015125462
-0.18079534889506677,-5.608797e-5,0.0015151168
-0.1807784051759168,-0.0013936758,0.0015119136
-0.1807549395378255,-0.00033694506,0.0015106683
-0.1806285470890805,0.00038075447,0.0015112811
-0.180613918336329,0.001331687,0.0015137413
-0.18056683366234705,0.0020788908,0.0015167341
-0.18051982572521563,0.0011178255,0.0015088216
-0.1804290648061464,-0.0024726987,0.001507557
-0.18035828217470595,2.2768974e-5,0.0015151552
-0.18028385578949724,0.0012145042,0.001512535
-0.18020743766897873,-5.1259995e-6,0.0015170467
-0.18016850132956974,-0.0021051168,0.0015131866
-0.1801321175134658,0.00090515614,0.0015136966
-0.17999969967008778,0.00035071373,0.0015114793
-0.1799975779366877,5.030632e-5,0.0015106974
-0.1799716595303711,-0.00019150972,0.001515384
-0.1798851171035173,0.0003812313,0.0015107357
-0.1797882695513494,-0.0016562343,0.0015095952
-0.179756672161707,-0.00022411346,0.001517374
-0.17970964017723867,-0.0005437732,0.0015350032
-0.17967032286139206,0.0008802414,0.0015142416
-0.17962225987816205,-0.0012319684,0.0015128076
-0.17956068288735505,-0.00026071072,0.0015163104
-0.17951141925049197,-2.5689602e-5,0.0015177932
-0.17938340503615657,0.002055645,0.0015126534
-0.1793787686392373,0.001178503,0.0015178188
-0.1793728212376099,-0.00066643953,0.0015098924
-0.17925236603052053,0.0020202398,0.0015104584
-0.1792252612114862,-0.0011686087,0.0015117406
-0.17915715899098217,0.0007377863,0.0015151176
-0.17914954960905716,-0.0005209446,0.0015102616
-0.17906499914127494,0.00050246716,0.0015101703
-0.17905953076912895,0.00013399124,0.0015158417
-0.17903948981996165,0.001111269,0.0015827045
-0.1789549316762601,-0.0008074641,0.0015135418
-0.17889294568653746,-0.0016735792,0.0015138213
-0.1787882834648915,0.00020611286,0.0015143275
-0.1787713834867517,0.0012471676,0.0015119866
-0.17874794409155792,-0.00081276894,0.0015133775
-0.17862156375552607,6.902218e-5,0.0015096713
-0.17860691010474827,0.0010844469,0.0015109148
-0.17855978303725617,0.00038325787,0.0015146099
-0.17851285383144577,0.0004954338,0.0015106297
-0.1784221056980182,0.0015997887,0.0015121613
-0.17835124366232813,-0.00044381618,0.0015138387
-0.17827684217547424,0.0022894144,0.0015143502
-0.17820036753027535,-0.0014184117,0.0015140862
-0.17816147627576218,0.0013781786,0.0015120693
-0.17812511803094144,0.00025510788,0.0015119927
-0.17799271229994806,0.00041508675,0.001507809
-0.1779905649942789,0.001516223,0.0015137086
-0.17796460419346627,-0.0018247366,0.001514917
-0.17787814117349077,-0.000900507,0.001509699
-0.17778130573370743,-0.0014455318,0.001509253
-0.1777496296114296,0.00054883957,0.0015129326
-0.1777026871267814,-0.0014032125,0.0015356084
-0.1776633038636124,-0.0009558797,0.0015138827
-0.17761518435340196,0.00012052059,0.0015190776
-0.17755365312206217,0.00034153461,0.0015143326
-0.17750441505713954,-0.0005056262,0.0015130775
-0.1773763880588054,8.08239e-5,0.0015120334
-0.17737170859314733,0.0018875599,0.0015159682
-0.1773658298295705,-0.0014496446,0.0015093391
-0.17724538673552281,0.001103282,0.0015126382
-0.1772182563455338,0.0005341768,0.0015147736
-0.17715011240214795,-0.0005688071,0.0015140157
-0.17714258175285835,0.00059223175,0.0015109546
-0.17705804407170356,-0.0021024942,0.0015081447
-0.17705250638890702,0.0029723644,0.0015135122
-0.17703241093187339,-0.001377523,0.001581664
-0.17694789720145332,-0.0005065203,0.001511323
-0.17688593745495684,0.00013136864,0.0015137205
-0.17678121870895902,0.0011571646,0.0015183627
-0.17676436247051508,-0.00049996376,0.0015121691
-0.1767409486466046,-0.0017140508,0.0015114435
-0.17661457975035744,0.0016225576,0.0015112932
-0.17659990120122493,-0.001416266,0.0015122737
-0.17655273241216518,-1.257658e-5,0.0015170539
-0.1765058819389903,0.0015385151,0.0015134753
-0.1764151459169616,-0.0012640357,0.0015100049
-0.1763442058241932,-0.0012027025,0.0015133139
-0.17626982856013695,-0.0012509823,0.0015130034
-0.1761932967173292,0.00018548965,0.0015142418
-0.176154450549026,-0.0003682375,0.0015148555
-0.17611811854841708,-0.0008479953,0.0015149328
-0.1759857249291511,-0.0008197427,0.0015109378
-0.17598355205384153,0.0010844469,0.0015115477
-0.17595754885787573,-0.0007318258,0.0015132125
-0.17587116591639274,0.00089740753,0.0015120266
-0.17577434191639396,-7.301569e-5,0.0015083483
-0.17574258773408058,0.0005567074,0.001516705
-0.17569573407500982,-0.00018453598,0.0015361841
-0.17565628486747564,-0.00022941828,0.0015139357
-0.17560810815702776,-0.00026071072,0.0015190954
-0.17554662335644067,0.0010527372,0.0015130161
-0.1754974108634585,0.00091576576,0.0015129218
-0.17536937107882555,-0.00048041344,0.0015142479
-0.17536464854771439,-0.00044560432,0.0015139085
-0.17535883842087396,-0.0006042123,0.0015102631
-0.1752384074405252,0.0004223585,0.0015115946
-0.17521125148056715,-0.0012129545,0.0015098264
-0.17514306581462802,-0.0013292432,0.0015139884
-0.17513561389698817,0.0008201599,0.0015111302
-0.17505108900147504,0.0012340546,0.0015118668
-0.17504548200802783,-0.00043588877,0.0015149321
-0.17502533204444215,0.0010528564,0.0015820173
-0.17494086339858939,-0.0009864569,0.0015131732
-0.17487892855209053,0.0017007589,0.0015173273
-0.1747741539523694,-0.001425147,0.0015121718
-0.17475734078003569,-0.0008032322,0.0015117631
-0.1747339532016513,-0.0022631288,0.0015109566
-0.1746075964181173,0.0004374981,0.0015093511
-0.17459289297062996,-0.0014656186,0.0015124979
-0.17454568178773144,5.030632e-5,0.0015142737
-0.17449891071946333,0.0015642643,0.0015113065
-0.17440818681146208,-0.00012654066,0.0015093427
-0.17433716798342958,-0.00048452616,0.0015151829
-0.1742628156183853,0.00042939186,0.0015143327
-0.17418622657599714,-0.0006496906,0.0015165381
-0.17414742482196122,-0.00041371584,0.0015129944
-0.17411111906589283,0.0018072128,0.001515036
-0.17397873755802562,0.00052165985,0.0015123693
-0.17397653978501837,-0.00023823977,0.001511937
-0.1739504935222853,0.0014390945,0.0015155579
-0.17386418998505182,0.0018185377,0.0015111674
-0.17376737877102333,-0.0017923117,0.001507709
-0.1737355451841318,-0.0019094944,0.0015124741
-0.17368878102455254,0.0034775734,0.0015415108
-0.17364926586871032,0.0013598204,0.0015145425
-0.1736010326342391,-0.0017371774,0.0015153812
-0.17353959359213345,-0.000100791454,0.0015135847
-0.17349040734336318,0.0014562607,0.0015124262
-0.1733623540988457,-0.00058197975,0.0015140594
-0.17335758917389565,-0.0016254187,0.0015164732
-0.1733518470134917,0.0013456345,0.0015157002
-0.17323142747292763,-0.00028264523,0.0015108893
-0.173204246613629,0.0013090372,0.0015115472
-0.17313601990102234,0.0013772249,0.001514214
-0.17312864671470363,-0.00043976307,0.0015094191
-0.1730441332593038,-0.00011742115,0.0015106407
-0.17303845762583447,-0.00070363283,0.0015153288
-0.1730182524821111,0.00111866,0.0015821395
-0.17293382959572534,0.0019426346,0.0015162285
-0.17287192032149556,0.0028630495,0.0015131556
-0.17276708852285128,-0.0008749962,0.0015165312
-0.17275031976379918,-0.0019056201,0.0015107387
-0.172726957756698,0.00082075596,0.0015131346
-0.17260061308456287,4.529953e-5,0.0015126064
-0.17258588473872072,0.001167655,0.0015135685
-0.17253863048905482,-0.00062406063,0.0015137965
-0.17249193882569347,0.00045514107,0.0015099775
-0.17240122770333388,3.4570694e-6,0.0015093375
-0.17233012946973747,0.0012180805,0.0015135421
-0.17225580200403368,0.0012212992,0.0015129305
-0.17217915643597947,-0.0013470054,0.0015177303
-0.1721403990942394,-0.0018642545,0.0015122799
-0.17210411958303995,-0.0020802617,0.0015092219
-0.17197175018821453,-0.0013032556,0.0015108907
-0.17196952684260958,0.0010992289,0.0015119503
-0.1719434381853805,0.00045108795,0.0015132533
-0.1718572140550253,-0.0005825162,0.0015102214
-0.17176041495338135,-0.0005312562,0.0015108825
-0.17172850330711142,0.00012242794,0.0015158764
-0.1716818286460381,0.0015426874,0.001535003
-0.17164224754287338,0.0023907423,0.0015150508
-0.17159395643720776,0.0011087656,0.0015155595
-0.17153256382782622,0.0012993813,0.001512637
-0.17148340315001065,-0.000669539,0.0015150512
-0.17135533712149442,-2.4735928e-5,0.0015126928
-0.1713505291264913,-0.0001232624,0.001517109
-0.1713448556067666,0.0005607605,0.0015096421
-0.17122444817727278,0.0009446144,0.0015137531
-0.1711972417463623,0.0009653568,0.0015110031
-0.17112897331251675,7.092953e-5,0.0015156278
-0.17112167885981922,-0.001204133,0.0015098611
-0.1710371781897324,0.0004941225,0.0015098312
-0.17103143391722664,0.00016272068,0.0015148126
-0.1710111735933657,0.00058591366,0.001580164
-0.17092679579450432,0.0020358562,0.0015134626
-0.17086491141665783,-0.0018020868,0.0015149886
-0.17076002376494737,3.683567e-5,0.0015156232
-0.17074329807463406,0.0001193285,0.0015138577
-0.1707199623104304,0.0013836622,0.0015139489
-0.17059362975232273,0.0021328926,0.0015124757
-0.17057887650812575,-0.00019025803,0.0015137928
-0.17053157986264955,0.00054597855,0.0015127497
-0.17048496693225224,-0.00061255693,0.0015096089
-0.1703942679222772,5.6743622e-5,0.0015094103
-0.17032309163028814,0.0026898384,0.0015156524
-0.17024878839099644,-0.00093847513,0.001512517
-0.1701720862959618,0.0010552406,0.0015176119
-0.17013337404043172,-0.00014215708,0.0015131288
-0.17009711942660133,0.0016124249,0.0015119077
-0.16996476281906048,-6.443262e-5,0.0015103807
-0.16996251390151507,-0.0012521148,0.0015112413
-0.16993638284978996,-0.0022602677,0.0015152144
-0.16985023879792727,0.0006670952,0.0015109553
-0.16975345181031087,0.00036609173,0.001510152
-0.1697214607561769,-0.0012645125,0.001512561
-0.16967487559459504,-0.0002670884,0.0015353933
-0.16963522854542235,-0.0019391775,0.0015150228
-0.16958688091244767,-0.0003913045,0.0015184832
-0.1695255340635191,-0.0011589527,0.0015117669
-0.16947639895665823,0.0008414984,0.0015116625
-0.16934832014151457,-0.00048291683,0.0015123195
-0.1693434690804012,5.030632e-5,0.0015161461
-0.1693378641983987,0.0017701387,0.0015117006
-0.16921746888227507,0.0012818575,0.0015107952
-0.16919023688139567,0.00048565865,0.001513121
-0.16912192672368254,-0.00090646744,0.001513708
-0.16911471100394904,0.00033557415,0.001508802
-0.1690302231195039,-0.0015640855,0.001508363
-0.16902440953601894,-0.0004056096,0.001515896
-0.16900409470593458,-0.0014696121,0.0015823143
-0.16891976199262604,-0.001219213,0.001512427
-0.16885790318606286,-0.002102375,0.0015144405
-0.16875295900737197,0.00051271915,0.001518715
-0.16873627705839744,-0.0003068447,0.0015126617
-0.16871296686449144,0.00011622906,0.001511369
-0.1685866464200826,-0.0006788373,0.0015098683
-0.1685718676046023,-0.001208961,0.0015124232
-0.16852452923854433,0.00029063225,0.0015142843
-0.16847799571239674,-0.0004605055,0.0015107003
-0.16838730881677777,-0.0017040968,0.0015077774
-0.1683160537908388,-0.0014871359,0.0015150388
-0.16824177477565916,-0.00021827221,0.0015136427
-0.16816501615561552,5.030632e-5,0.0015194381
-0.1681263483143528,-0.0021018386,0.0015123371
-0.16809011994407697,-0.00100106,0.001510584
-0.16795777544859214,0.0008071661,0.001511021
-0.16795550163334905,8.225441e-5,0.0015115355
-0.16792932818712802,-0.0010488033,0.0015174203
-0.16784326286757212,-0.0018020868,0.0015121682
-0.16774648799168312,-0.0010873079,0.0015080739
-0.167714418878828,-0.002021134,0.0015137776
-0.1676679225447949,-0.002752602,0.0015378764
-0.16762820954698554,-0.00082188845,0.0015124013
-0.16757980471705913,5.030632e-5,0.0015155522
-0.1675185042978976,-0.0009536147,0.0015131842
-0.1674693954365628,-0.0010196567,0.0015146562
-0.16734130316153473,0.00087475777,0.0015151796
-0.16733640903431124,0.00023567677,0.0015137031
-0.16733087279003067,4.529953e-5,0.0015100397
-0.16721048891402035,0.0003732443,0.0015107127
-0.1671832320144575,0.001385212,0.0015122453
-0.1671148801361626,8.3088875e-5,0.0015146577
-0.1671077438216645,0.00095009804,0.0015094174
-0.16702326804894674,-0.0010300875,0.0015090806
-0.16701738515481124,0.00019931793,0.0015149614
-0.1669970158178462,0.0007574558,0.0015834343
-0.1669127281897621,3.5881996e-5,0.0015123135
-0.1668508942825394,0.0003874302,0.0015147027
-0.16674589357883962,-0.00026738644,0.0015142641
-0.16672925536791805,-0.0005170107,0.0015101994
-0.1667059714205239,-0.0015771389,0.0015106443
-0.16657966308685668,-0.00042003393,0.0015107271
-0.16656485937367882,0.0029474497,0.0015137934
-0.16651747861312483,5.030632e-5,0.0015146573
-0.16647102382125556,-0.00031131506,0.0015092604
-0.16638034970864957,0.0017601252,0.0015081163
-0.16630901595138958,0.0005155802,0.001512808
-0.1662347611606504,0.0011861324,0.0015153523
-0.16615794534234074,2.3245811e-5,0.0015154635
-0.16611932258663087,0.0010689497,0.0015121987
-0.16608312046023832,7.4625015e-5,0.0015143144
-0.16595078807746666,9.584427e-5,0.0015130973
-0.16594848869225465,-0.0010329485,0.001510317
-0.1659222728515375,0.00014066696,0.0015159512
-0.16583628760948843,-0.0006247759,0.0015096436
-0.16573952484598387,0.00055253506,0.0015083618
-0.1657073763288791,-0.00012302399,0.0015149838
-0.16566096949433773,-0.00025731325,0.0015382447
-0.16562119054920588,0.00033712387,0.0015146962
-0.1655727291932848,0.0018494129,0.001519532
-0.16551147453359039,5.030632e-5,0.0015137866
-0.16546239124255324,0.00167346,0.0015161464
-0.16533428550994067,-0.0004886389,0.0015150541
-0.16532934898822116,-0.0013360381,0.0015142362
-0.16532388205623416,0.00024151802,0.0015107163
-0.16520350961803698,0.00075256824,0.0015119464
-0.16517622714719082,0.0002913475,0.0015122414
-0.16510783422157127,-0.0012090802,0.0015129672
-0.16510077596809436,-0.00015294552,0.0015098493
-0.16501631297970398,0.002133727,0.0015089234
-0.16501036077327502,0.0005264282,0.0015158915
-0.16498993692844366,0.0014123917,0.0015814218
-0.1649056943875553,0.00048220158,0.0015125357
-0.1648438860509588,-0.0007805824,0.0015149774
-0.16473882882225,0.00080370903,0.0015161562
-0.16472223435036715,0.0001707077,0.0015124466
-0.1646989759742563,0.0009914637,0.0015107965
-0.16457267908135953,0.00078463554,0.0015111163
-0.16455785114275534,-0.0003720522,0.0015112852
-0.1645104279873767,-0.00033181906,0.0015162642
-0.1644640519274857,-0.0018790364,0.0015089071
-0.16437339060052136,-0.000867188,0.0015088354
-0.16430197811062597,-1.4960766e-5,0.0015143902
-0.16422774822054165,-0.0010724664,0.0015121019
-0.16415087520166594,0.0017424822,0.0015199377
-0.16411229753183754,0.0021047592,0.0015135076
-0.16407612097639968,-0.0012151003,0.0015105316
-0.16394380070864123,-6.854534e-6,0.0015118022
-0.16394147642277435,-0.00028395653,0.0015124315
-0.1639152175166041,-0.00030344725,0.001515437
-0.16382931167814752,0.00036931038,0.0015089234
-0.1637325610299848,0.000669837,0.0015090024
-0.16370033445087306,-0.0002632141,0.0015141043
-0.16365401644289468,-0.0015159249,0.0015389561
-0.16361417222468333,0.0010302067,0.0015163438
-0.16356565299691062,0.0017580986,0.0015169478
-0.1635044447699403,0.0006905794,0.0015102832
-0.1634553870492007,0.00076007843,0.0015153602
-0.16332726853127522,0.0004942417,0.0015121689
-0.1633222889408168,-0.00025564432,0.0015175523
-0.16331689064786614,-0.002211392,0.0015095191
-0.16319653032435366,-0.0010476112,0.0015100989
-0.16316922160830993,-0.0007263422,0.0015110607
-0.16310078763470848,0.0015827417,0.001514774
-0.16309380878482416,0.00022614002,0.0015105326
-0.16300935791046123,4.529953e-5,0.0015082229
-0.16300333639239584,1.8119812e-5,0.0015125565
-0.16298285803936963,-0.0016969442,0.0015778401
-0.16289866058567704,0.0006568432,0.0015137312
-0.16283687714644957,0.0022890568,0.0015137173
-0.16273176406434608,0.00052440166,0.0015144579
-0.1627152133354448,-0.00014257431,0.0015116987
-0.16269198120157435,-0.0015640855,0.0015097513
-0.1625656957491194,-0.00082439184,0.0015112158
-0.16255084291150323,-0.0003553629,0.0015143822
-0.16250337668804293,-0.000608623,0.0015127932
-0.16245708070664444,0.0004938841,0.0015110072
-0.16236643082077906,-0.002174735,0.001508944
-0.16229493959824814,-0.0019070506,0.001513179
-0.16222073460520425,0.001686573,0.0015170313
-0.16214380506131965,-0.0012282133,0.0015174444
-0.16210527180510137,-0.00042194128,0.0015120022
-0.1620691214951897,-0.0012514591,0.0015107918
-0.16193681333784427,0.00057697296,0.0015085087
-0.16193446348167984,0.0006978512,0.0015127711
-0.16190816218035653,-0.0009019971,0.0015131406
-0.16182233642236377,-0.00042289495,0.0015093627
-0.16172559788428564,0.001811862,0.0015097747
-0.16169329257352416,-0.0012184978,0.0015162135
-0.16164706339210888,-0.0020920038,0.0015408995
-0.1616071532272323,-0.0020896196,0.0015127043
-0.16155857747247915,-0.000539124,0.0015181515
-0.16149741567790454,-0.00036996603,0.0015134013
-0.16144838352844826,0.001188159,0.0015129304
-0.16132025155260965,0.0005133152,0.0015130907
-0.16131522889472671,-0.00069123507,0.0015163048
-0.16130989923949823,0.0011571646,0.0015121911
-0.16118955035642746,0.0015708208,0.0015125304
-0.16116221674235753,5.030632e-5,0.00151036
-0.1610937410465315,9.524822e-5,0.0015155042
-0.16108684092862535,-0.00024485588,0.0015085062
-0.16100240283990408,-3.5107136e-5,0.0015075417
-0.1609963120121739,0.00032687187,0.0015149018
-0.16097577915095274,-0.0006005168,0.0015786986
-0.16089162678379876,0.00064635277,0.0015144157
-0.1608298689158547,-0.00024193525,0.0015142753
-0.16072469930775646,0.0014880896,0.0015169448
-0.16070819164595118,0.000813961,0.0015118243
-0.1606849857572783,-0.00021773577,0.0015142434
-0.16055871241589348,-0.0016614795,0.0015096947
-0.16054383468090827,0.0011950731,0.0015116769
-0.16049632606295205,-3.9935112e-5,0.001514043
-0.16045010881550326,0.0008649826,0.0015103766
-0.16035947171396525,4.529953e-5,0.0015087062
-0.16028790175945606,0.00030493736,0.0015133158
-0.1602137209901956,0.00015795231,0.0015149458
-0.16013673492097347,0.0001347065,0.0015140678
-0.1600982460780367,-0.00019913912,0.0015133383
-0.16006212201233683,0.0008585453,0.001510379
-0.15992982596671879,-0.001694262,0.0015102673
-0.15992745121417096,0.00021862984,0.0015106726
-0.1599011068434517,-0.0006914735,0.0015143948
-0.15981536116395145,0.0016826391,0.0015092482
-0.1597186340656579,-0.0018055439,0.0015071529
-0.15968625002357528,0.00015878677,0.0015132253
-0.1596401103416516,0.0017822981,0.0015406299
-0.15960013422978125,0.0021685362,0.0015176878
-0.15955150194804768,0.0011663437,0.001516236
-0.15949038591228304,0.00031244755,0.0015132631
-0.15944137933411007,-5.364418e-7,0.0015138229
-0.1593132345726298,-0.00062423944,0.001510724
-0.15930816952156512,-0.00012379885,0.0015154135
-0.15930290783211598,-0.00024276972,0.0015153503
-0.15918257106110123,-0.0018997192,0.0015080658
-0.15915521187640513,0.002049327,0.0015133577
-0.1590866951306258,0.001327157,0.0015137781
-0.15907987307374094,4.529953e-5,0.0015090967
-0.15899544777066132,0.0016525984,0.0015104533
-0.15898928762998044,-0.0015596747,0.0015144255
-0.15896869959125026,0.00015711784,0.0015782057
-0.1588845929806062,0.0014233589,0.0015136492
-0.1588228606859169,-0.002213478,0.0015155358
-0.15871763455116683,5.030632e-5,0.0015154522
-0.1587011706287289,-0.002213955,0.0015118048
-0.158677990312325,-0.00028687716,0.0015106667
-0.15855172908332482,0.0001527071,0.0015107566
-0.1585368264499848,0.000513196,0.0015107839
-0.1584892754385182,0.0005108118,0.001516384
-0.158443137594662,4.673004e-5,0.0015142651
-0.15835251260715133,-0.0004492998,0.0015090355
-0.1582808639193496,0.00020253658,0.001513822
-0.15820670737584397,0.0004581213,0.001516296
-0.1581296647809557,-0.0020762086,0.0015161787
-0.15809122102390039,0.0011628866,0.0015129987
-0.1580551225288267,0.00072693825,0.0015128652
-0.1579228385969076,0.00084245205,0.0015093866
-0.1579204382720908,0.00081276894,0.001512155
-0.15789405150786118,0.0015335083,0.0015130916
-0.15780838523261065,0.0006002188,0.0015086954
-0.15771167092127303,0.0011737347,0.0015092735
-0.1576792081465549,0.00014400482,0.0015143035
-0.15763315729020855,-0.00017029047,0.0015417323
-0.15759311523101582,0.00029218197,0.001512859
-0.15754442575233052,-0.0030691624,0.0015133837
-0.15748335614797582,-0.0012940764,0.001514369
-0.1574343758146718,0.0013500452,0.0015113433
-0.15730621759396424,8.356571e-5,0.0015123395
-0.15730110947514653,-0.0017634034,0.0015139062
-0.15729591642473373,0.00047254562,0.0015101458
-0.15717559176610352,-0.0015326142,0.0015114138
-0.15714820700913845,-0.00090008974,0.0015119473
-0.157079648543763,0.0004312992,0.0015143107
-0.15707290589112788,-0.0013942122,0.0015089051
-0.15698849202947573,0.0009940863,0.0015100369
-0.1569822632484441,0.0004812479,0.0015145664
-0.156961620703162,-0.0005325675,0.0015782887
-0.15687755917807078,5.030632e-5,0.0015141511
-0.15681585178107915,-0.002520144,0.0015117639
-0.1567105691216487,0.00094139576,0.0015189808
-0.1566941489395638,-0.00039958954,0.0015121605
-0.1566709948660574,0.0032197237,0.0015135438
-0.15654474575108468,-0.0012443662,0.001510011
-0.15652981754547557,-0.00087332726,0.0015115014
-0.15648222481244156,0.00015485287,0.0015123254
-0.15643616570089214,-0.0027582645,0.0015062622
-0.15634555349902324,0.0007593632,0.0015096252
-0.15627382607858598,-0.0038662553,0.0015140928
-0.15619969443474946,-0.00017827749,0.0015155897
-0.15612259464093803,-0.00037646294,0.0015172081
-0.15608419529650708,0.0012034178,0.0015114475
-0.15604812304630244,-0.0014096498,0.0015127269
-0.1559158512270964,0.00058972836,0.0015072662
-0.15591342600293912,-0.00051283836,0.0015112587
-0.15588699617227064,0.0028449297,0.001515392
-0.1558014099768269,-0.0001399517,0.0015103351
-0.15570470710330253,0.00094532967,0.0015076386
-0.15567216559759178,0.0017471313,0.0015164993
-0.1556262042387656,0.0019432306,0.0015424358
-0.15558609690649328,-0.0013251305,0.0015166975
-0.15553735022888482,-0.0012789965,0.0015160564
-0.1554763263836686,0.00033843517,0.0015136678
-0.15542737162164788,-0.00030094385,0.0015115184
-0.15529920061529867,0.0010814667,0.001513385
-0.15529404942872793,0.0007920265,0.0015148477
-0.15528892501702296,-0.000916481,0.0015113195
-0.15516861247110592,-0.0003952384,0.0015089205
-0.15514120214318605,-0.00044167042,0.001512908
-0.15507260195624317,-0.0008570552,0.001513976
-0.15506593803591484,0.0020589828,0.0015128107
-0.1549815369592472,-6.681681e-5,0.0015088842
-0.1549752395401649,-0.00024551153,0.0015166741
-0.15495454181375945,-0.00010681152,0.001580604
-0.15487052537684975,-0.0009355545,0.0015116181
-0.15480884354982705,-0.0005406141,0.0015149533
-0.1547035043637448,-0.00033658743,0.0015168779
-0.15468712792299866,0.0012785196,0.0015126159
-0.15466399942011833,0.0015844107,0.0015135708
-0.15453776241785877,0.00034976006,0.0015086558
-0.15452280931488072,5.030632e-5,0.001514123
-0.1544751741863648,-0.0015087128,0.0015124369
-0.15442919448136516,-0.0015106201,0.0015113482
-0.15433859439220943,0.0016252995,0.0015120329
-0.15426678823913664,0.0028795004,0.0015131306
-0.15419268082072646,0.00085783005,0.0015125523
-0.1541155244999346,0.001984477,0.0015157036
-0.1540771695694424,-0.001319766,0.0015109337
-0.15404112289052097,0.0010621548,0.0015118502
-0.1539088638572852,-0.00035107136,0.0015115208
-0.1539064130618446,0.0002053976,0.0015129172
-0.1538799415096087,0.0014362335,0.0015144016
-0.15379443404647175,0.0008751154,0.0015078931
-0.15369774395858904,-0.0011968017,0.001509439
-0.15366512371958574,0.0010982752,0.0015138536
-0.15361925118830833,-0.00019156933,0.0015412817
-0.15357907790904224,-0.00019532442,0.0015144221
-0.15353027470412473,-0.0015841126,0.0015155068
-0.15346929661903286,-0.00010061264,0.0015165448
-0.1534203681005668,0.0006084442,0.0015125579
-0.15329218363531882,0.0017768145,0.0015115751
-0.1532869893819807,5.030632e-5,0.0015157319
-0.15328193428158354,0.0014071465,0.0015120665
-0.15316163250285109,-0.0006455183,0.001510637
-0.1531341972778908,0.00055646896,0.0015126774
-0.15306555536773747,0.0003902912,0.0015119221
-0.1530589708536303,0.0016565323,0.0015090916
-0.15297458188869006,0.0011410713,0.0015088028
-0.1529682151589572,-0.0021517277,0.0015157615
-0.15294746292567107,0.0029782057,0.0015763578
-0.15286349157497148,0.0011444092,0.0015133225
-0.15280183464696073,-0.00020551682,0.0015159418
-0.1526964396058409,-0.0007522702,0.0015141587
-0.1526801069064334,-6.1392784e-6,0.0015136139
-0.1526570039748365,0.0023391247,0.0015142447
-0.1525307790852901,7.390976e-6,0.0015103286
-0.15251580108395713,0.0010713339,0.0015117533
-0.15246812356193107,0.00018846989,0.0015141284
-0.15242222258792393,0.0005583763,0.0015103798
-0.15233163461246702,0.0023809671,0.00150979
-0.15225975039968742,-0.0024085045,0.001511486
-0.1521856672057178,-0.0029335022,0.0015117595
-0.15210845368665993,-0.000659287,0.0015146015
-0.1520701445166205,0.0022940636,0.0015137163
-0.15203412340701095,0.0007058382,0.0015110208
-0.15190187648615971,-0.0011427999,0.0015118909
-0.15189940079367859,-0.00016272068,0.0015117486
-0.1518728861727039,0.0005940199,0.0015152313
-0.15178745878838795,-0.0012248158,0.00150924
-0.15169078014094706,0.0030730963,0.0015093058
-0.15165808184125107,0.0010553598,0.0015119583
-0.15161229813752242,-0.00095039606,0.0015430616
-0.1515720589102768,-6.264448e-5,0.0015135488
-0.15152319850775042,0.0014032125,0.0015138204
-0.15146226685373987,0.00021982193,0.0015125902
-0.15141336390655724,0.00016331673,0.0015118008
-0.15128516665665326,0.00026595592,0.0015121693
-0.1512799300084905,-0.0006428957,0.0015141558
-0.1512749428742013,-0.0002951026,0.0015094723
-0.15115465320686772,-0.00087839365,0.0015106408
-0.15112719241128125,-0.00041681528,0.001510543
-0.15105850945216037,0.00177145,0.0015139863
-0.15105200299808874,4.529953e-5,0.0015082768
-0.1509676268194473,-0.00020217896,0.0015112816
-0.15096119077807812,0.00014126301,0.0015137825
-0.1509403840375828,-0.0014018416,0.0015755378
-0.15085645777177892,-1.4483929e-5,0.0015140376
-0.15079482641505149,0.0009660721,0.001513915
-0.15068937485056555,-0.0015419126,0.0015142005
-0.15067308521661116,0.0014030933,0.0015125544
-0.1506500085298832,0.00018107891,0.0015128998
-0.15052379575304997,0.0020115376,0.001512416
-0.1505087928523765,-0.00072366,0.001514129
-0.15046107293684008,0.000982523,0.0015119686
-0.15041525136806833,7.748604e-6,0.0015106745
-0.15032467550433892,0.0008240938,0.0015099326
-0.1502527118873096,0.0011637211,0.001513834
-0.15017865426429466,-0.00024956465,0.0015140924
-0.15010138354664215,0.0018125772,0.001515345
-0.15006311878857004,-0.0028218627,0.0015112143
-0.1500271239231723,-0.00011044741,0.0015111837
-0.14989488911634852,-0.0010032058,0.0015093639
-0.14989238785225556,-7.6413155e-5,0.0015129177
-0.14986583083711336,0.0009986162,0.0015131709
-0.14978048285704715,-0.0016378164,0.0015093047
-0.1496838169965622,-0.000323534,0.0015077828
-0.1496510392913022,-1.50203705e-5,0.0015138879
-0.14960534508607948,0.0009585619,0.0015415956
-0.14956504058575426,0.00058197975,0.0015118627
-0.14951612298430472,0.0001257658,0.0015159313
-0.14945523776236125,0.0020344257,0.0015125221
-0.14940636038646182,0.00049602985,0.0015120215
-0.1492781496779878,-0.0007877946,0.0015114447
-0.14927286996338618,-7.0273876e-5,0.0015128403
-0.1492679514664904,0.002693534,0.0015081618
-0.14914767391219863,0.00031077862,0.0015097909
-0.14912018754401457,-7.6413155e-5,0.0015099845
-0.14905146286464044,3.9815903e-5,0.0015133948
-0.1490450358158042,0.00041389465,0.0015094782
-0.14896067174889016,0.002532959,0.0015100196
-0.14895416639621328,-0.0012301803,0.0015138861
-0.14893330514916592,0.00081443787,0.0015767656
-0.14884942396990075,0.000114917755,0.0015130985
-0.1487878181837995,0.0025476217,0.0015147715
-0.1486823100936474,-0.0026760101,0.0015165956
-0.14866606419906025,0.0025256872,0.0015103699
-0.14864301375687272,3.2305717e-5,0.0015122151
-0.14851681242080983,0.0006175041,0.001512709
-0.14850178462178154,4.8160553e-5,0.0015109308
-0.14845402163783494,-0.0027172565,0.0015118149
-0.14840827947561286,-0.00080800056,0.0015095534
-0.148317716397525,0.0012453794,0.0015085939
-0.14824567404654598,0.0010479689,0.0015155342
-0.14817164065158606,0.0008932352,0.0015126616
-0.1480943134066245,-0.0011006594,0.001515037
-0.14805609373410522,0.0005508661,0.0015123986
-0.14802012444064794,-0.00036346912,0.0015145141
-0.14788790241946592,0.00044167042,0.0015090295
-0.14788537558310377,-0.00026202202,0.0015113355
-0.14785877550217996,-0.0022791624,0.0015137934
-0.14777350759994912,0.00049710274,0.001512681
-0.14767685385119156,0.0006991625,0.0015088716
-0.1476439974142819,-0.00033199787,0.0015139858
-0.1475983920356222,-7.83205e-5,0.0015421334
-0.14755802158830322,0.0010948181,0.0015146248
-0.14750904746085902,5.030632e-5,0.0015160138
-0.14744820799871117,0.00010228157,0.0015122502
-0.1473993561934379,-0.001521647,0.0015132169
-0.14727113337225073,-0.0007278323,0.0015112107
-0.14726580991598182,0.0018281937,0.0015159382
-0.1472609600581225,0.0005186796,0.0015113776
-0.14714069461752954,0.000993967,0.0015115812
-0.14711318267806217,0.0017105341,0.0015137633
-0.14704441695070625,-0.0025541782,0.0015127877
-0.14703806796059116,5.352497e-5,0.0015098462
-0.1469537166796474,-0.0028299093,0.0015086759
-0.14694714201500558,0.00036740303,0.0015139357
-0.1469262255871634,-0.00082576275,0.0015746324
-0.14684239016802247,0.00043582916,0.0015121538
-0.1467808092799474,-0.0018862486,0.0015116965
-0.14667524533672915,-0.002720356,0.0015135003
-0.1466590431838094,0.00015819073,0.0015126048
-0.1466360183115909,-5.364418e-6,0.0015123885
-0.14650982908758392,-0.0004351735,0.001510301
-0.14649477639085806,0.0019607544,0.0015111814
-0.1464469710117583,-0.0017986894,0.0015140412
-0.14640130825608588,0.0005977154,0.0015129152
-0.14631075728972542,-0.00327909,0.0015085201
-0.14623863620709665,-0.0007571578,0.0015118568
-0.14616462703624866,0.0003401041,0.0015114561
-0.14608724326660683,0.000472188,0.0015141522
-0.14604906800704054,5.3048134e-5,0.0015122853
-0.14601312495910934,-0.0019800663,0.0015111159
-0.14588091504834033,-0.0023630857,0.0015096171
-0.14587836264200937,0.0016974211,0.0015116922
-0.14585172083853226,0.0008633137,0.0015135383
-0.14576653234285109,-0.00034707785,0.0015093484
-0.14566989003289244,-0.00017082691,0.0015098705
-0.14563695553726153,8.034706e-5,0.0015148558
-0.1455914389851649,0.0013970137,0.0015433903
-0.1455510032624664,-0.0013605952,0.0015142731
-0.14550197126448472,-0.0009353757,0.0015146033
-0.1454411782334183,-0.0019464493,0.0015128392
-0.1453923526720282,-0.0017626882,0.0015119268
-0.14526411639358516,0.0025045872,0.0015124906
-0.1452587498692346,0.00026023388,0.0015168933
-0.14525396865074025,-0.00019603968,0.0015085693
-0.14513371464861768,-0.0007045865,0.0015114625
-0.14510617781210977,0.0018827915,0.0015110971
-0.14503737036220066,0.001396656,0.0015153796
-0.14503110077863524,-0.0013738275,0.0015090931
-0.14494676161040465,-0.001016736,0.0015085958
-0.1449401183070549,0.0010997057,0.0015159929
-0.14491914669776085,5.030632e-5,0.0015743999
-0.1448353563661442,-0.00091177225,0.0015130712
-0.14477380104902393,-8.1300735e-5,0.0015120342
-0.14466818058013953,-0.0001680255,0.0015156197
-0.14465202149431577,0.0027483702,0.0015134602
-0.14462902286795187,0.0006862879,0.0015159071
-0.14450284575435812,0.00018274784,0.0015100522
-0.14448776815993458,5.030632e-5,0.0015101791
-0.1444399203866673,0.00055646896,0.0015166918
-0.14439433636363042,0.0016249418,0.0015108448
-0.14430379818192596,0.0019936562,0.0015110318
-0.14423159836830457,0.0002667904,0.0015148221
-0.14415761409383987,-0.00012040138,0.0015135537
-0.14408017312527488,0.0006582737,0.0015173444
-0.14404204295290435,-0.0004014969,0.0015124289
-0.14400612547559932,0.0030508041,0.0015141673
-0.14387392767852925,0.00011372566,0.0015105822
-0.1438713503745005,0.0003954172,0.0015125214
-0.14384466550195607,-0.0021908283,0.0015147751
-0.14375955641151017,0.0010676384,0.0015085205
-0.1436629268891647,0.0008016825,0.0015083342
-0.14362991298599836,-0.0014649034,0.0015132368
-0.14358448593339335,0.0012187958,0.0015402964
-0.14354398426501536,-5.0663948e-5,0.0015162686
-0.14349489573972463,0.0001757145,0.001514909
-0.1434341484681253,-0.0028428435,0.0015128272
-0.14338534847900442,-0.0008594394,0.0015118154
-0.14325709941360532,-0.0014471412,0.0015113257
-0.14325169049673026,5.030632e-5,0.0015149938
-0.14324697791595797,-7.1406364e-5,0.0015097788
-0.1431267353539486,-0.00082182884,0.0015097165
-0.14309917294582875,-0.0015617609,0.0015118339
-0.14303032377369496,-0.00048583746,0.0015133263
-0.14302413292276506,4.529953e-5,0.0015085507
-0.1429398065398475,-0.0014773607,0.0015116426
-0.14293309392551867,0.0013531446,0.001514149
-0.14291206781098686,0.0018755198,0.0015734052
-0.14282832256295164,-0.0006825924,0.001512888
-0.14276679281842897,0.0019711256,0.0015149234
-0.14266111582256424,-0.0015129447,0.0015136503
-0.142645000477422,0.0005851984,0.0015126753
-0.14262202742168428,-0.0016366839,0.0015103816
-0.14249586242277512,-0.0009793639,0.0015104786
-0.14248075992868248,-0.0011101961,0.0015115276
-0.14243286976223357,-0.0014311075,0.0015136026
-0.14238736514278905,4.529953e-5,0.0015085312
-0.14229683907576918,-3.361702e-5,0.0015081727
-0.14222456052786958,0.0009351969,0.0015126691
-0.14215060047981687,0.0015823841,0.0015170859
-0.14207310298525722,0.0010745525,0.0015160382
-0.14203501722616818,0.0020514727,0.0015130681
-0.14199912599176068,0.0025414228,0.001510754
-0.14186694030740366,0.0027264357,0.0015125942
-0.1418643374320917,-0.0010228157,0.0015114453
-0.14183761016636554,-0.0011324286,0.0015130079
-0.14175258115441214,0.0016634464,0.0015131994
-0.14165596374379408,7.033348e-5,0.0015084256
-0.1416228711089781,0.002301693,0.0015154134
-0.14157753288293606,0.00026881695,0.0015425666
-0.1415369652675642,0.0007212162,0.0015123589
-0.14148782021627893,0.0016477108,0.0015157572
-0.14142711937674668,-0.0011755228,0.0015128346
-0.14137834495956614,4.529953e-5,0.0015126483
-0.14125008243493986,-0.0013220906,0.0015080207
-0.14124463045064017,0.001988411,0.0015158905
-0.14123998650758995,0.0007889271,0.0015108624
-0.14111975605993665,-0.00091195107,0.0015095248
-0.1410921680788907,-0.00049197674,0.0015145831
-0.14102327785976077,-0.0012206435,0.0015119113
-0.14101716573982337,0.0016342402,0.0015120129
-0.14093285147060475,0.0005732775,0.0015110511
-0.14092606954431097,4.3988228e-5,0.0015139293
-0.14090498892256997,5.030632e-5,0.001574828
-0.1408212887600877,-0.00047159195,0.0015133141
-0.14075978458717686,-0.00021237135,0.0015152319
-0.140654051065646,-0.0010832548,0.001515192
-0.14063797946085688,5.030632e-5,0.001509645
-0.14061503197574532,0.0025172234,0.0015113464
-0.1404888790895492,0.0011503696,0.0015106198
-0.14047375169677323,-9.5546246e-5,0.001510315
-0.14042581913714258,-0.0019260645,0.0015138485
-0.14038039325033358,-8.994341e-5,0.0015087888
-0.1402898799679696,-0.0008903742,0.001508454
-0.14021752268743448,-0.0002619624,0.0015132503
-0.1401435875377367,-0.0013155937,0.0015122087
-0.1400660328458967,-0.00013899803,0.0015158956
-0.14002799149844625,0.0012289286,0.0015120636
-0.13999212651022208,0.00045394897,0.0015116385
-0.13985995293693543,0.0014544725,0.0015119921
-0.13985732516326854,-0.0015042424,0.0015107535
-0.13983055550337498,0.0003786087,0.0015173097
-0.1397456058973141,0.00040352345,0.0015106106
-0.13964899992549495,-0.00045335293,0.001509295
-0.13961582923261484,-0.000874877,0.0015137674
-0.1395705798311645,0.00094747543,0.0015453076
-0.13952994694304166,-0.000625968,0.0015134807
-0.13948074469283323,0.0006978512,0.0015170579
-0.13942008961211083,-0.0007853508,0.0015140848
-0.13937134076555657,0.00059604645,0.0015120328
-0.13924306545693144,0.0013067722,0.0015144588
-0.1392375704032358,-0.0022854805,0.0015133386
-0.1392329951002078,0.00019788742,0.0015100923
-0.13911277676461042,0.0023275614,0.001509246
-0.1390851632129383,0.0017163754,0.001512132
-0.13901623127224083,0.00061762333,0.0015152156
-0.1390101978855961,4.529953e-5,0.001508253
-0.138925896401362,-0.00030827522,0.0015079918
-0.13891904583603176,-0.00031989813,0.0015135567
-0.13889791003415308,-8.589029e-5,0.0015723149
-0.13881425563212368,0.0011757612,0.0015112839
-0.1387527756833249,-0.00038051605,0.0015140089
-0.13864698563612787,-0.00027132034,0.001514738
-0.13863095844429174,0.0029159784,0.0015133081
-0.138608037203392,1.9073486e-5,0.0015113024
-0.13848189575632341,-0.0011290312,0.0015108617
-0.1384667434668354,0.0010155439,0.0015117682
-0.1384187685107373,0.0016092062,0.0015146598
-0.13837342202982084,-0.00044560432,0.0015093113
-0.13828292086017002,0.0018681288,0.0015105612
-0.13821048484798526,1.3589859e-5,0.0015175608
-0.13813657392338508,0.0023217201,0.0015125853
-0.13805896270522178,0.00042903423,0.0015150706
-0.13802096644431006,0.0010335445,0.0015119506
-0.13798512702671206,-3.7312508e-5,0.0015116372
-0.13785296556778137,-0.0013481975,0.0015088614
-0.13785031222184552,-0.0006427765,0.0015110954
-0.13782350016745593,5.030632e-5,0.0015145334
-0.1377386299659733,0.0009264946,0.0015106746
-0.13764203678176723,-0.0012571216,0.0015078896
-0.1376087873546088,-0.00019007921,0.0015144811
-0.13756362677972145,-0.0013131499,0.0015467968
-0.13752292794427634,-0.0014371872,0.0015122213
-0.1374736691693874,0.00020778179,0.0015153568
-0.1374130598474751,-0.0006520748,0.0015160256
-0.1373643372444754,0.00068748,0.0015131434
-0.13723604847760873,-0.00038260221,0.001508794
-0.13723051102908856,0.0007196665,0.0015138577
-0.13722600369282556,-0.0021899343,0.0015096604
-0.13710579746862706,0.0004030466,0.0015107249
-0.1370781583469859,-0.0013884902,0.0015104006
-0.1370091853563351,0.00025439262,0.0015141466
-0.1370032307026544,-0.00068092346,0.001506752
-0.13691894133080484,-0.00062185526,0.0015070334
-0.13691202145449544,-0.0016275048,0.0015140317
-0.13689083047313633,-0.00067955256,0.0015715547
-0.1368072218302454,-0.0003042817,0.001512902
-0.1367457674524014,0.0009874105,0.0015125911
-0.1366399208785526,-0.00085413456,0.0015133425
-0.13662393675512663,0.0001616478,0.0015106279
-0.13660104175778154,0.0003169775,0.0015104928
-0.1364749124247404,-0.0017762184,0.0015104932
-0.13645973523624055,1.8715858e-5,0.0015108725
-0.13641171788564643,-0.0010641217,0.0015132577
-0.1363664501363796,0.0023252964,0.0015078785
-0.13627596175401335,-0.0015487671,0.0015102642
-0.13620344700853593,0.00062966347,0.0015128708
-0.13612956030936207,0.00024974346,0.001513084
-0.13605189256388983,0.00023949146,0.0015171049
-0.13601394071888828,0.0007109642,0.0015135341
-0.13597812754287342,0.0014747381,0.0015107755
-0.13584597887089866,-0.00033825636,0.0015098309
-0.13584329995269373,-0.0012859702,0.0015097634
-0.13581644483120825,0.0026134253,0.0015155944
-0.13573165470887527,-0.0013559461,0.0015098611
-0.13563507296379662,0.00041222572,0.0015074225
-0.13560174480367426,-0.003034711,0.0015134683
-0.13555667373024993,-0.00055122375,0.0015448297
-0.13551590961909665,0.00022256374,0.0015109617
-0.13546659297301322,0.0013225079,0.0015152319
-0.13540603075543922,-0.0004580021,0.0015151288
-0.13535733305210873,-0.0015359521,0.0015099328
-0.13522903149762888,-0.0008098483,0.0015130107
-0.13522345098266986,0.00020730495,0.001514812
-0.13521901295705752,0.00042378902,0.0015102904
-0.13509881817395797,0.0026602745,0.001511248
-0.1350711534797191,-0.00023400784,0.0015097071
-0.13500213876815814,-0.0013250709,0.0015122667
-0.13499626284678423,0.0026010275,0.0015096093
-0.13491198626090495,0.0013307333,0.001507972
-0.13490499707328774,-0.0016083121,0.0015147635
-0.1348837515840623,-0.0010570884,0.0015714279
-0.13480018802705296,0.00052678585,0.0015127857
-0.1347387592211493,0.0034877062,0.0015157581
-0.13463285612163434,0.002116084,0.001516308
-0.13461691573790424,-0.0015268922,0.0015121385
-0.1345940463124996,-0.00033849478,0.0015107873
-0.1344679290915145,0.0006508827,0.0015103136
-0.13445272700498845,8.177757e-5,0.0015105435
-0.13440466726055544,-0.0010151267,0.0015129341
-0.13435947891750977,-0.0012143254,0.0015086745
-0.13426900264719954,0.0011353493,0.0015080607
-0.13419640916875808,0.0008999109,0.0015128999
-0.13412254736826767,5.9127808e-5,0.0015132498
-0.13404482309680066,-0.0007022619,0.0015163574
-0.13400691566376632,-0.0010169744,0.0015124871
-0.13397112806034905,0.0038409233,0.0015141979
-0.13383899149977319,-0.0006737709,0.0015095808
-0.13383628768452782,-0.00017023087,0.0015094995
-0.1338093901685462,0.0023608208,0.0015144305
-0.13372467945177724,-0.00047445297,0.0015087082
-0.13362810981809747,0.00039470196,0.0015113229
-0.13359470292665387,0.00055217743,0.0015162453
-0.13354972067979265,0.00048315525,0.0015458674
-0.13350889062230265,-0.001658678,0.0015135898
-0.13345951744825313,-0.0005519986,0.0015140073
-0.13339900099080348,0.00097060204,0.001512903
-0.13335032953102754,0.0015488863,0.001512482
-0.13322201451896332,-0.0014961958,0.0015132931
-0.13321639161082266,0.0014520884,0.0015121723
-0.13321202154967526,-0.00076282024,0.0015100491
-0.1330918388779746,0.0020990372,0.0015095356
-0.1330641486137668,0.00084269047,0.0015108688
-0.13299509285323818,0.00032794476,0.0015109226
-0.13298929566548545,0.00092971325,0.0015075954
-0.13290503119166208,-0.0012830496,0.0015107575
-0.13289797336500853,0.0004118681,0.001516051
-0.1328766726956454,0.0006533861,0.0015731826
-0.13279315422517468,-7.593632e-5,0.0015125211
-0.13273175099022572,0.0023120642,0.0015119493
-0.1326257913650447,0.0017369986,0.0015157899
-0.13260989472068196,-0.0006275177,0.001511458
-0.13258705086721778,0.0012795925,0.0015122431
-0.1324609457582887,-0.0001103878,0.0015122106
-0.13244571877406486,0.0007067919,0.0015119194
-0.13239761663546445,-0.00044065714,0.0015145704
-0.13235250702406853,-0.00089401007,0.0015077811
-0.13226204353939996,0.001217246,0.0015094947
-0.1321893713283231,0.00036633015,0.0015160268
-0.13211553375424467,-0.000651896,0.0015131751
-0.132037752956783,-0.00097101927,0.0015159589
-0.13199988993571588,-0.00051015615,0.0015130015
-0.1319641292507533,0.00012981892,0.0015128962
-0.131832004129962,0.001206994,0.0015132179
-0.1318292747434333,0.0011930466,0.0015131556
-0.13180233483361292,0.001001358,0.0015162717
-0.13171770352043632,0.00022101402,0.0015075228
-0.13162114667436964,0.00042545795,0.0015085209
-0.1315876610496336,-8.136034e-5,0.0015144674
-0.13154276762802108,0.00078737736,0.0015454127
-0.13150187229646582,-0.00021541119,0.0015169955
-0.13145244192480743,-8.517504e-5,0.0015170324
-0.13139197122748203,0.0010448694,0.0015128191
-0.13134332600994647,-0.00014358759,0.0015123818
-0.13121499754029786,0.00091040134,0.0015112757
-0.13120933156440406,-6.66976e-5,0.001512791
-0.131205030142293,-0.00016313791,0.0015089826
-0.1310848589103769,-0.00016611814,0.0015099554
-0.1310571437478144,0.0004210472,0.001513256
-0.13098804626670402,0.0029735565,0.0015140384
-0.1309823278099439,0.00066006184,0.0015100049
-0.13089807612307647,0.0010141134,0.001509744
-0.13089094898412945,-0.0014052987,0.0015144038
-0.13086959380755714,-0.00035738945,0.001571784
-0.1307861204232964,-0.00046670437,0.0015131151
-0.13072474208637375,0.002260089,0.0015180011
-0.13061872660845508,0.0005528927,0.00151378
-0.13060287370510248,0.0007866621,0.0015108454
-0.13058005609519308,-0.00012713671,0.0015098529
-0.13045396242604856,0.0027450323,0.0015124482
-0.13043871054314138,0.00018179417,0.0015106578
-0.1303905660090593,-0.00052165985,0.0015117977
-0.1303455358035559,0.00087451935,0.0015119757
-0.1302550844316004,0.0010733604,0.0015096616
-0.13018233348887376,0.00020098686,0.0015128973
-0.13010852081183588,7.390976e-5,0.0015147404
-0.13003068281742247,0.00045347214,0.0015184093
-0.1299928648819082,0.0028107166,0.0015123885
-0.12995712976822893,-0.0003761649,0.0015124534
-0.1298250167601508,-0.0008072853,0.0015107656
-0.12982226247493878,-0.0024674535,0.0015089175
-0.1297952794980224,0.000995636,0.0015127744
-0.1297107282633383,-0.0012751818,0.0015086193
-0.12961418352932763,0.0025185347,0.0015078642
-0.12958061917228458,-0.0007261038,0.0015129166
-0.1295358145775638,0.00060391426,0.0015446804
-0.12949485329835764,0.0017893314,0.0015127615
-0.12944536640136162,-0.00055509806,0.0015153779
-0.12938494146186053,0.00010049343,0.0015129131
-0.12933632181692256,0.000513196,0.0015112859
-0.12920798123423216,-0.00011694431,0.0015107978
-0.12920227151732822,0.002126217,0.001513589
-0.12919803940751073,2.8967857e-5,0.001513451
-0.12907787961570782,0.00031292439,0.0015107152
-0.12905013888054762,0.00040757656,0.0015112165
-0.1289810003507983,0.00026726723,0.0015134972
-0.12897536062667359,-0.00018751621,0.0015072904
-0.12889112105251932,0.0010300875,0.001509557
-0.12888392460325027,-0.0012900829,0.0015132413
-0.12886251491946887,0.0039715767,0.0015703118
-0.12877908662141824,0.0015692711,0.0015133286
-0.12871773385512164,-0.00041157007,0.0015122555
-0.1286116625257797,0.0018806458,0.0015162083
-0.12859585268886597,0.0006263256,0.0015130402
-0.12857306065023977,-0.0015975833,0.0015117798
-0.12844697909380842,0.001881957,0.0015125982
-0.12843170231254641,0.0014116764,0.0015144526
-0.12838351538298254,0.0027318,0.0015139206
-0.12833856458468607,0.002392888,0.0015111187
-0.12824812532478658,0.0003426075,0.0015069996
-0.12817529565008168,0.0028458834,0.0015134718
-0.12802361267641904,0.00013637543,0.0015171868
-0.12798583982810063,0.0011389256,0.0015110276
-0.12795013028439028,-0.001744926,0.0015125027
-0.1278180300619538,-8.946657e-5,0.0015125471
-0.12781525020644413,0.0013331175,0.0015131322
-0.12778822483404606,-0.00097572803,0.0015132884
-0.12770375300624026,0.0009166002,0.0015096477
-0.12760721971069988,0.000890255,0.0015081513
-0.12757357729427854,0.0033096075,0.0015160748
-0.12752886085417803,0.0012943745,0.0015482937
-0.12748783497449223,0.001192689,0.0015135831
-0.1274382908775873,0.00091040134,0.0015121355
-0.12737791236982465,0.0008056164,0.0015151124
-0.12732931829682725,-0.00023168325,0.001511612
-0.12720096425458094,0.0019704103,0.0015107086
-0.12719521214285234,0.00024688244,0.0015125927
-0.12719104799914283,0.0009824038,0.0015100671
-0.12707090031972446,-0.00020807981,0.0015091588
-0.12704313468752382,0.00061130524,0.0015107199
-0.12697395376262122,0.0009045601,0.0015103047
-0.12696839277178917,-0.0003055334,0.0015100116
-0.12688416665554791,-0.0006905794,0.0015088348
-0.1268769008939854,0.0017673969,0.0015136311
-0.12685543535845212,-0.00068348646,0.0015691346
-0.12677205349115417,0.0001604557,0.0015129171
-0.12671072562452668,4.529953e-5,0.001512913
-0.12660459776820443,0.0010834932,0.0015146465
-0.1265888309987151,-0.0009165406,0.0015110592
-0.12656606520397218,0.0005121231,0.0015098447
-0.12643999576123965,0.00050222874,0.0015098307
-0.1264246940809658,-0.0005301237,0.0015123418
-0.12637646475887732,-0.00038546324,0.0015130008
-0.1263315926922305,-0.0017160177,0.0015110102
-0.12624116621764414,-0.00075787306,0.0015099685
-0.12616825780931806,1.2397766e-5,0.0015117625
-0.1260944942557326,0.0004762411,0.0015149646
-0.1260165425354156,0.00080275536,0.001515845
-0.12597881410136447,7.712841e-5,0.0015127733
-0.12594313080186592,0.00040459633,0.0015135485
-0.12581104269115695,-0.0010402799,0.001511885
-0.1258082372646926,0.0018478632,0.0015138311
-0.12578116949746987,0.0011060238,0.0015148062
-0.12569677774782795,0.0005892515,0.001513618
-0.12560025656631502,-0.00027889013,0.0015085131
-0.12556653474432966,0.0010416508,0.001515155
-0.12552190780240646,0.0020811558,0.001547486
-0.12548081664996968,0.0017015934,0.0015118358
-0.12543121535381296,0.00065255165,0.0015157366
-0.12537088260518892,0.0007941723,0.0015111773
-0.1253223147764032,-0.00021111965,0.0015120399
-0.12519394727591537,0.0027498007,0.0015112569
-0.12518815209676226,-0.00031119585,0.0015155503
-0.1251840565904463,0.0005866289,0.0015100604
-0.12506392102505537,0.0015072823,0.0015105836
-0.12503612982157142,0.0012105703,0.0015121708
-0.12496690784868703,-9.715557e-6,0.0015144316
-0.12496142558983325,-0.00068837404,0.001509104
-0.1248772115869623,0.0005002022,0.0015068555
-0.12486987651310621,-0.0019327998,0.001514488
-0.12484835646904946,-0.0010815263,0.0015687944
-0.12476501968796161,0.000113368034,0.0015116573
-0.1247037173936032,-0.002023816,0.0015139985
-0.12459753301030052,0.0008097887,0.0015139271
-0.12458180998214996,0.0006506443,0.0015131375
-0.12455907043194736,0.001234889,0.0015124512
-0.12443301310094235,-0.0009036064,0.0015094987
-0.12441768584938517,-6.341934e-5,0.0015124081
-0.12436941413378644,0.0012506247,0.0015134949
-0.12432462147171786,0.0008186102,0.0015101224
-0.12423420710984456,-0.0008559823,0.0015076596
-0.12416121996921159,-0.00060528517,0.0015119598
-0.12408748064072384,-0.00032144785,0.0015109871
-0.12400947239605509,-0.0013808012,0.0015133418
-0.12397178904624251,0.00029063225,0.0015164962
-0.12393613131934167,-5.4955482e-5,0.0015108485
-0.12380405532101713,0.0007892847,0.0015109391
-0.12380122499619794,0.0008562803,0.0015115411
-0.12377411416155082,-0.00028169155,0.0015146609
-0.12368980181780143,0.0007379055,0.0015094886
-0.12359329342193015,0.0012317896,0.0015078484
-0.12355949286796652,-0.0024688244,0.0015120264
-0.12351495475096352,-0.0009646416,0.0015453941
-0.12347379765120425,4.529953e-5,0.0015111464
-0.12342413982971012,-0.00089257956,0.0015151444
-0.12336385351348167,0.00055217743,0.001510042
-0.12331531058239364,-0.0005300641,0.0015137887
-0.12318693029724981,-0.0016072989,0.0015113602
-0.12318109272458644,-0.0025060177,0.001514816
-0.1231770658569783,0.00070369244,0.0015088667
-0.12305694173038628,-0.00022512674,0.0015095073
-0.12302912495529039,-0.0021045804,0.0015097859
-0.12295986126116709,0.0026655197,0.0015148361
-0.1229544584075487,0.00032782555,0.0015085833
-0.12287025651640515,4.529953e-5,0.0015080794
-0.12286285280416986,0.0019497871,0.0015173935
-0.1228412775809612,0.0005722046,0.0015688329
-0.12275798588739761,0.0010427237,0.0015117121
-0.12269670916267972,0.001077652,0.0015124497
-0.1225904682537109,0.0005478859,0.0015143882
-0.12257478896591334,0.000119805336,0.0015125497
-0.12255207498633691,-0.0003387332,0.001512093
-0.1224260297687022,4.529953e-5,0.0015127518
-0.12241067761944735,-0.0014961362,0.0015097964
-0.12236236418030966,0.0034171343,0.0015146028
-0.12231765025120511,-0.00041007996,0.0015080896
-0.12222724800303075,0.00056803226,0.0015075805
-0.12215418212943374,-0.00075137615,0.0015136781
-0.12208046770028658,-0.00084912777,0.0015124487
-0.12200240225603742,0.002507925,0.001514949
-0.12196476331950634,0.00055778027,0.0015116187
-0.12192913183550302,4.529953e-5,0.001512265
-0.12179706795252032,-0.00071007013,0.0015100912
-0.12179421272770341,0.0011310577,0.0015102474
-0.1216828265607034,-0.0012832284,0.001510133
-0.12158633027721666,-0.00031399727,0.0015097508
-0.12155245098963186,0.0031208992,0.0015131047
-0.12150800170017761,0.0014896393,0.0015495426
-0.12146677932569605,0.0015348196,0.0015115067
-0.1214170636330073,0.0011835098,0.0015138438
-0.12135682374917445,0.0015505552,0.0015108614
-0.12130830706229823,0.00019037724,0.0015099952
-0.12117991331726996,-0.00045323372,0.0015099442
-0.1211740326775107,0.00151968,0.0015151761
-0.12117007444861028,0.0010695457,0.001508474
-0.1210499624357172,-0.0009138584,0.0015105972
-0.12102212008900948,0.0009224415,0.0015115824
-0.12095281534526137,-0.00019586086,0.0015134417
-0.12094749055167853,4.529953e-5,0.0015069932
-0.12086330144650526,0.0010029078,0.0015086213
-0.12085582842230502,0.0009012222,0.0015155182
-0.1208341986938587,0.0012947321,0.0015679529
-0.12075095208519082,-0.00010305643,0.0015135332
-0.12068970093208475,0.0007970333,0.0015118385
-0.12058340349712127,0.002683401,0.0015147696
-0.12056776794967672,5.030632e-5,0.0015101884
-0.12054507954006932,-0.0009342432,0.0015093402
-0.12041904643613344,4.529953e-5,0.001509196
-0.12040366938786673,0.00016391277,0.0015132682
-0.12035531355521867,0.0024256706,0.0015135256
-0.12031067835874965,-0.0007965565,0.0015067798
-0.12022028889588832,0.001513958,0.0015103887
-0.12014714428965578,0.00039589405,0.0015126619
-0.12007345408626358,0.0009473562,0.0015135071
-0.11999533211470537,0.0005387068,0.0015149689
-0.11995773826668443,-0.0017128587,0.0015116051
-0.11992213235297866,0.00014555454,0.0015117154
-0.11979008125432333,0.00139606,0.0015092645
-0.11978719978595176,0.00036656857,0.0015110465
-0.11976000416329824,-0.00013321638,0.001516001
-0.11967585130229097,0.0009305477,0.0015107715
-0.11957936645891754,0.0009602308,0.0015076937
-0.11954540911195444,0.0007722378,0.0015147318
-0.11950104864972033,0.0014781952,0.0015514008
-0.11945976032791639,-0.0007302761,0.0015138093
-0.11940998811054726,0.0012005568,0.0015173743
-0.11934979398388157,0.00030696392,0.0015119836
-0.11930130354088853,0.001623869,0.0015124996
-0.119172897011533,-0.0009166002,0.0015102235
-0.11916697330303483,-0.0014259219,0.0015165949
-0.11916308303991374,-0.0015867352,0.0015108545
-0.11904298313973383,0.00039744377,0.0015127527
-0.11901511522239994,0.000618577,0.0015104619
-0.11894576875675578,0.00042057037,0.0015154107
-0.1189405233697226,0.0005799532,0.0015094037
-0.11885634637693387,-0.0011402369,0.0015087452
-0.11884880404208309,4.529953e-5,0.0015148622
-0.11882711913185617,-0.0007350445,0.0015711967
-0.11874391828232689,-0.00093102455,0.0015151972
-0.11868269270050413,-0.00042694807,0.0015142049
-0.11857633874053164,0.0028617382,0.0015172791
-0.11856074693212582,0.0004168749,0.001508988
-0.11853808476870176,0.0014817715,0.0015122012
-0.11841206310290764,-0.00040006638,0.0015086432
-0.118396661156286,0.0014762878,0.0015124942
-0.11834826293012779,0.002594471,0.0015133518
-0.11830370713889404,0.0016201735,0.0015113915
-0.11821332978808874,0.0016458035,0.0015077876
-0.11814010645020656,0.0018573999,0.001510566
-0.11806644114385478,0.001090169,0.0015134551
-0.11798826264695905,-0.00058990717,0.0015139016
-0.11795071253896261,-0.0007070303,0.001513919
-0.1179151328704543,-0.0005111098,0.0015115467
-0.11778309388352637,0.0023851395,0.0015086022
-0.11778018751745722,-0.00072550774,0.0015115575
-0.11775294949932202,-0.00028151274,0.001513627
-0.1176688760445358,0.001398325,0.0015109214
-0.11757240331453267,-0.00033700466,0.0015064783
-0.11753836723460542,0.00065016747,0.0015131328
-0.11749409559827739,-0.0003941059,0.0015481539
-0.11745274200470812,0.0012542009,0.0015139251
-0.11740291258578717,-0.0001847148,0.0015149848
-0.11734276489217432,-2.1219254e-5,0.0015123669
-0.11729429934655033,-0.00087577105,0.0015119737
-0.11716588003286743,0.0017105341,0.0015107926
-0.11715991325793051,0.0015673637,0.00151421
-0.11715609230677437,4.529953e-5,0.0015101298
-0.11703600384407897,0.00083220005,0.0015121037
-0.11700811035644754,-0.000636816,0.0015101094
-0.11693872284183582,0.001290679,0.0015130836
-0.11693355618776669,-0.0007761121,0.0015076305
-0.11684939130670535,2.4318695e-5,0.0015084684
-0.1168417803341324,0.0033576488,0.0015138169
-0.11682004024245352,0.0023630857,0.0015670995
-0.1167368851533771,-0.0013498664,0.001510266
-0.11667568379665205,0.00040006638,0.0015150753
-0.11656927398262773,4.041195e-5,0.0015143862
-0.11655372591523216,-0.0006954074,0.0015111929
-0.11653108932374845,-0.001219809,0.0015113204
-0.1164050797706675,0.00062561035,0.0015080549
-0.11638965359927678,-0.0007224083,0.0015121832
-0.1163412123050368,1.3947487e-5,0.0015146505
-0.1162967359183813,-0.0021722317,0.001508449
-0.11620637068127493,-0.0005736947,0.0015062101
-0.11613306861010009,5.030632e-5,0.0015125759
-0.11605942820276027,0.0011138916,0.0015123707
-0.11598119250694139,-0.0003926754,0.0015167705
-0.11594368748384065,-0.0005964637,0.0015116022
-0.11590813405954414,-0.0006747842,0.0015118287
-0.11577610651470094,0.001265645,0.0015098366
-0.11577317524896269,-0.0008844137,0.0015093546
-0.11574589416504577,0.0016397238,0.0015149964
-0.11566190078743777,0.0005273819,0.0015093007
-0.11556544016883352,4.529953e-5,0.001508446
-0.11553132535725652,0.00014066696,0.001512821
-0.11548714254749148,0.00025570393,0.0015495205
-0.11544572367887129,0.001679182,0.0015140205
-0.11539583706168433,0.00089371204,0.0015152226
-0.11533573512918138,0.0005296469,0.0015126276
-0.11528729582776931,4.529953e-5,0.0015120689
-0.11515886305288758,-0.0008471012,0.001511403
-0.11515285388444041,0.0017912388,0.0015141892
-0.1151491008990635,0.001101613,0.0015097053
-0.11502902455039565,0.00021541119,0.0015085605
-0.11500110549016651,0.0006418228,0.0015147078
-0.11493167625563028,-0.00017911196,0.0015115439
-0.11492658833156788,0.0008227825,0.001507411
-0.1148424362374626,-0.0001218915,0.0015081993
-0.11483475595226755,0.0020208359,0.0015152665
-0.11481296135436525,0.0006891489,0.0015684586
-0.11472985135149893,5.030632e-5,0.0015126931
-0.11466867556539995,-0.002245903,0.0015111086
-0.1145622092260381,-4.684925e-5,0.0015152803
-0.11454670489965268,0.0010513067,0.0015109921
-0.11452409387780949,0.00170362,0.0015097829
-0.11439809643809873,0.000108003616,0.0015092549
-0.11438264536868181,5.030632e-5,0.0015122812
-0.11433416167863153,-0.0004157424,0.0015139835
-0.11428976402592583,-5.3465366e-5,0.0015100802
-0.11419941157446101,-0.000251472,0.0015061741
-0.11412603077032224,0.0009663105,0.0015134503
-0.11405241458873727,0.00046265125,0.0015125818
-0.11397412236758087,0.0006904602,0.0015160274
-0.11393666243003298,0.0014903545,0.0015127525
-0.11390113457701989,0.0017045736,0.001513274
-0.11376911981650395,-0.0025539398,0.0015092059
-0.11376616298079667,0.001283884,0.0015138407
-0.11373883950238384,0.002187848,0.0015155592
-0.11365492485806838,4.529953e-5,0.0015092286
-0.11355847702346289,-0.0006303191,0.001507593
-0.11352428348023624,5.030632e-5,0.0015135555
-0.11348018949703431,4.529953e-5,0.0015502239
-0.11343870468043449,0.0016022921,0.0015155218
-0.11338876153791,-0.0017619729,0.0015149025
-0.11332870603648837,0.0038452148,0.0015124773
-0.11328029230734538,0.003392458,0.001513917
-0.11315184607422202,0.00043988228,0.0015119693
-0.11314579383769319,-0.000703156,0.0015119185
-0.11314211016362408,0.0019476414,0.0015105031
-0.11302204525441228,-0.0009484291,0.0015099228
-0.11299410062322846,5.030632e-5,0.0015094278
-0.11292463034071021,-0.0015791655,0.0015123237
-0.11291962114961196,0.000641346,0.0015096047
-0.11283548184114822,0.0013804436,0.0015085066
-0.11282773224398834,0.00025963783,0.0015157218
-0.11280588246627699,5.030632e-5,0.0015666477
-0.11272281754929203,0.0022898912,0.0015108061
-0.1126616673334907,-0.00012522936,0.0015116698
-0.11255514447010562,-0.0011020899,0.0015127616
-0.11253968321048757,-0.0005105734,0.001509398
-0.11251709910545615,0.001709938,0.0015099263
-0.11239111310487293,0.001660943,0.0015105817
-0.11237563713710119,-0.000816524,0.001510972
-0.11232711105222626,-0.0010133982,0.0015146385
-0.11228279280607023,0.00080657005,0.0015111838
-0.11219245246633291,0.0021808147,0.0015085678
-0.11211899360478716,5.030632e-5,0.0015121942
-0.112045401646657,-0.0010894537,0.0015127035
-0.1119670522275632,0.00037693977,0.00151589
-0.11192963670329681,0.0010654926,0.0015132627
-0.11189413509449553,0.0019847155,0.0015106832
-0.1117621324457071,4.529953e-5,0.0015122228
-0.11175915003970216,0.00047278404,0.0015099399
-0.11173178416547902,-0.00011229515,0.0015114095
-0.11164794959965607,0.0014830828,0.0015096524
-0.11155151388006368,-0.00027781725,0.0015067867
-0.11151724092963022,-0.00088250637,0.0015136751
-0.11147323644559126,0.0010422468,0.0015548961
-0.1114316863568976,-0.0027711987,0.0015107306
-0.11138168601413567,5.030632e-5,0.001515233
-0.11132167627086687,-0.0016828775,0.0015117818
-0.11127328878626419,-0.00010293722,0.0015093727
-0.11114482976848505,0.00087428093,0.0015099576
-0.1111387344645316,0.0003465414,0.0015148736
-0.11113511875492754,-0.0011991858,0.001508683
-0.11101506595875743,-0.0013794899,0.0015099448
-0.11098709575727606,0.001749754,0.0015125168
-0.11091758442513311,-0.0006734133,0.001511991
-0.11091265396634176,-0.0018638372,0.0015081074
-0.11082852677059118,0.0019695759,0.0015075321
-0.11082070786310927,0.00054490566,0.0015165353
-0.11079880357884586,-0.00014305115,0.0015647586
-0.11071578441935659,-0.0019137263,0.0015095125
-0.11065465910355299,0.00021576881,0.0015119228
-0.11054808038578734,5.030632e-5,0.0015145965
-0.11053266219293667,-0.001026988,0.0015095054
-0.11051010366050285,0.0003296137,0.0015135246
-0.11038413044556128,0.0004389286,0.0015106561
-0.11036862890552046,0.0016248226,0.0015122656
-0.11032006042844966,0.00091683865,0.0015137057
-0.11027582158555749,0.000826478,0.0015076059
-0.1101854933595191,0.00066423416,0.0015098207
-0.11011195576402355,0.0014908314,0.0015104752
-0.11003838870457683,0.0009583235,0.0015107677
-0.10995998275915975,0.0019843578,0.0015141254
-0.10992261164948924,0.0022608042,0.0015109278
-0.10988713561065688,0.0003669262,0.0015102996
-0.10975514507556727,0.0023088455,0.0015092826
-0.10975213777055048,-0.000977993,0.0015120263
-0.1097247295015027,0.00021278858,0.0015131771
-0.1096409743419009,-0.000654161,0.0015073902
-0.10954455006143593,0.0015822649,0.0015086548
-0.10951019905228132,0.0022655725,0.001512245
-0.10946628339480546,0.000844717,0.0015505861
-0.10942466803106077,-0.00016993284,0.0015122339
-0.10937461049200425,0.00291574,0.0015156881
-0.10931464717948824,-0.00069218874,0.0015122298
-0.10926628459324039,-0.0012960434,0.0015111724
-0.10913781278981949,0.0010102987,0.0015095602
-0.109131674418113,0.001850009,0.001514732
-0.10912812802047378,8.9764595e-5,0.0015112087
-0.10900808666507411,4.529953e-5,0.0015097155
-0.10898009089099503,0.0014275312,0.0015098195
-0.10891053783761329,0.00032615662,0.0015161544
-0.10890568611047158,0.00055134296,0.0015073854
-0.10882157170134843,0.0016821623,0.0015084082
-0.10881368415515857,-0.00056397915,0.0015144058
-0.10879172401684334,0.0017066002,0.0015643501
-0.10870875061616403,0.0005288124,0.0015124207
-0.10864765087295802,-1.1146069e-5,0.0015141546
-0.10854101562788343,-0.0007660985,0.0015179525
-0.10852564117670016,0.00093472004,0.0015146782
-0.10850310888749237,-0.001434803,0.0015107892
-0.10837714711299262,0.00065767765,0.0015116513
-0.1083616206749255,0.0008229017,0.0015134418
-0.10831300980303016,0.00078618526,0.0015119399
-0.10826884969310202,0.0013926029,0.0015097389
-0.10817853425270518,-0.0005879402,0.0015088791
-0.10810491792358856,-1.9967556e-5,0.0015125446
-0.10803137509055383,-0.0001348257,0.001514587
-0.10795291261914208,-0.00011122227,0.0015129438
-0.10791558659436729,5.030632e-5,0.0015109862
-0.10788013612813252,-0.0017448068,0.0015114353
-0.10774815837868457,1.347065e-5,0.0015090465
-0.10774512550205595,0.0009849072,0.0015120471
-0.10771767416591216,-9.256601e-5,0.001515208
-0.10763399908546001,-0.0003747344,0.0015111369
-0.10753758691606541,-0.0013350844,0.001509012
-0.1075031571762467,-0.00039350986,0.0015137153
-0.10745933034434818,4.529953e-5,0.0015511005
-0.10741764970555245,0.000977993,0.0015134127
-0.10736753496724416,-0.0006043911,0.0015174341
-0.10730761741518102,0.0010701418,0.0015088995
-0.10725928107314497,-0.00027906895,0.0015123027
-0.10713079581082541,0.0014036894,0.0015133205
-0.1071246150446229,-0.0008042455,0.0015145987
-0.10712113661309153,0.0007160902,0.0015092343
-0.10700110737040502,0.00040066242,0.0015083995
-0.10697308602405697,0.00016129017,0.0015099923
-0.10690349192302184,0.0007739067,0.0015116682
-0.10689871892950131,0.0004557371,0.0015079168
-0.10681461663210556,0.0009007454,0.0015104621
-0.10680665977296522,-0.0011443496,0.0015140757
-0.1067846451277693,-0.00015962124,0.0015660278
-0.10670171681527152,0.0005840063,0.0015128299
-0.1066406426413774,-0.0012603402,0.001510874
-0.1065339508712938,0.00019741058,0.0015135929
-0.10651862016046354,0.0023477077,0.0015107914
-0.1064961134415533,0.00077939034,0.0015104386
-0.10637016377976671,4.529953e-5,0.0015088225
-0.10635461244498778,-4.2915344e-5,0.0015120915
-0.106305959849882,-0.0004633069,0.0015101812
-0.10626187847357504,0.0015385151,0.001509113
-0.10617157514457709,0.0015641451,0.0015054779
-0.10609788008381071,0.00012052059,0.0015125364
-0.10602436215011646,0.00022542477,0.0015133296
-0.10594584247912431,-8.106232e-5,0.0015140194
-0.10590856086763112,-0.00013154745,0.0015103276
-0.10587313731853676,0.0002850294,0.0015116757
-0.10574117100887348,7.712841e-5,0.0015082825
-0.10573811323388993,-0.00030565262,0.0015101276
-0.10571061950423588,-0.00029748678,0.0015111802
-0.10562702382704758,-0.00013184547,0.0015067771
-0.1055306237726662,-0.0017828941,0.0015070656
-0.10549611529791203,-0.0002859831,0.0015115526
-0.10545237661997664,-0.00041353703,0.001553304
-0.10541063070777279,0.00028765202,0.0015114523
-0.10536045944248407,-0.0005149245,0.001512905
-0.10530058832380229,0.0009087324,0.0015110945
-0.10525227755173527,-0.0005481839,0.0015108224
-0.10512377950410257,0.0012973547,0.0015087773
-0.10511755499787567,-0.0007018447,0.0015140516
-0.1051141458773236,-4.0113926e-5,0.001508766
-0.10499412807442166,0.001835227,0.0015100382
-0.10496608115810457,-0.00048172474,0.0015089461
-0.1048964453351734,0.00096940994,0.0015135969
-0.10489175174754539,0.00035226345,0.0015079451
-0.10480766156253418,0.0005799532,0.001506729
-0.10479963606435738,0.00020444393,0.0015116562
-0.10477756624033818,9.787083e-5,0.0015642152
-0.10469468301306473,0.0006034374,0.0015126872
-0.10463363441045381,0.0016920567,0.0015122412
-0.10452688611470418,0.001309514,0.0015130346
-0.10451159914422692,0.00018286705,0.0015118186
-0.10448911866952859,4.529953e-5,0.0015122121
-0.10436318044752657,4.529953e-5,0.0015097297
-0.10434760488600703,0.0005543232,0.0015124878
-0.10429890922479101,0.0005491972,0.0015139598
-0.10425490725273379,0.0005406141,0.0015108434
-0.10416461603776328,-0.0005927086,0.0015098706
-0.10409084224436138,5.030632e-5,0.0015142274
-0.10401734920770767,0.0009762049,0.0015135244
-0.10393877301203513,0.000118255615,0.0015130203
-0.10390153581448058,0.00023198128,0.0015095526
-0.1038661378360124,0.00047588348,0.0015111795
-0.10373418431067649,0.00021970272,0.0015102816
-0.10373110096473825,5.030632e-5,0.0015095882
-0.10370356416765969,-2.4557114e-5,0.0015117582
-0.10362004856929241,-3.1411648e-5,0.0015080845
-0.10352366062828133,0.000800848,0.0015067725
-0.10348907341990599,0.0019167662,0.001511334
-0.10344542356919084,-0.0005123019,0.0015534805
-0.10340361238325024,0.0002297163,0.0015124622
-0.10335338392035265,-4.118681e-5,0.0015141622
-0.10329355855818079,5.030632e-5,0.0015092955
-0.10324527403163997,0.00016629696,0.0015131418
-0.103116762525437,5.030632e-5,0.0015097564
-0.1031104956233998,0.0016047955,0.0015132086
-0.10310715446994134,4.529953e-5,0.001508706
-0.10298714877843818,4.529953e-5,0.0015076443
-0.10295907696475204,-0.0010775924,0.0015079217
-0.1028893994195963,0.00073957443,0.0015118557
-0.10288478456427519,1.9073486e-6,0.0015078055
-0.10280070649230566,-0.00095015764,0.0015059321
-0.10279261235706394,0.0005886555,0.0015155381
-0.10277048735224992,0.00022375584,0.0015656237
-0.1026876498834578,0.0018520355,0.0015121999
-0.10262662617985896,0.0005738735,0.001512262
-0.1025198213587718,5.030632e-5,0.0015125374
-0.10250457812667602,0.0005400181,0.0015108257
-0.10248212322523242,-0.0026181936,0.001507677
-0.10235619778821492,-0.001625061,0.0015103564
-0.10234059665475492,-0.0011052489,0.0015115179
-0.10229185859937151,-1.090765e-5,0.0015132432
-0.10224793603320681,-0.0012216568,0.001508405
-0.10215765760387785,0.00023686886,0.0015085918
-0.10208380440491216,5.030632e-5,0.0015139608
-0.10201033559302752,2.0384789e-5,0.0015134556
-0.10193170287070319,0.00027513504,0.0015161295
-0.10189451076001588,5.030632e-5,0.0015107065
-0.10185913835217375,0.0004918575,0.0015129646
-0.1017271969408653,-0.0010661483,0.0015091542
-0.10172408802331512,0.0019073486,0.0015109701
-0.10169650950368336,0.00026786327,0.0015164933
-0.10161307331186586,-0.0022358298,0.0015078342
-0.10151669748258207,-0.0022380352,0.0015047285
-0.10148203154255708,-0.0005698204,0.0015083608
-0.10143847051873356,-7.7307224e-5,0.0015527667
-0.1013965940587277,0.0007477999,0.0015124931
-0.10134630906950681,0.0012435913,0.0015146038
-0.10128652946680217,5.030632e-5,0.0015111461
-0.10123826983861606,0.0008497238,0.0015103084
-0.10110974554644292,-0.00047796965,0.0015100724
-0.10110343625089535,-0.0005748868,0.0015143125
-0.10110016373548758,0.0004168749,0.0015099376
-0.10098016948376909,-0.000713706,0.0015094865
-0.10095207209847112,-0.000918448,0.0015103515
-0.10088235350369057,-0.0019375682,0.0015117717
-0.10087781670939067,0.001368165,0.0015078606
-0.10079375209467711,4.529953e-5,0.0015065697
-0.1007855879751991,0.001408577,0.0015170336
-0.1007634077902474,5.030632e-5,0.001561716
-0.100680616081251,5.030632e-5,0.0015122131
-0.10061961794860685,0.0023698807,0.0015109434
-0.1005127572741249,0.0007195473,0.0015134278
-0.10049755710945374,-0.00096702576,0.0015092035
-0.10047512777929346,0.0011034012,0.0015107564
-0.1003492144546605,-0.00032764673,0.0015072412
-0.10033358842481721,0.0011379719,0.0015103761
-0.100284807973952,-0.00042182207,0.0015131606
-0.10024096414075123,0.0006556511,0.0015093654
-0.10015069849574976,-0.0004942417,0.0015077192
-0.10007676723707704,5.030632e-5,0.0015104818
-0.10000332265259015,-0.0014292598,0.0015117895
-0.09992463272937124,5.030632e-5,0.0015142005
-0.09988748503196543,5.030632e-5,0.001512245
-0.09985213886866373,4.529953e-5,0.0015121135
-0.0997202095710541,0.0008313656,0.0015078321
-0.09971707575514921,-0.002750516,0.0015097656
-0.09968945416940722,0.00039803982,0.0015138659
-0.09960609738085358,-0.0005683303,0.0015103937
-0.09950973433819721,0.0014153719,0.0015059226
-0.0994749896655367,0.0007702112,0.0015120736
-0.09943151746761913,-0.00030314922,0.0015543298
-0.09938957573321938,4.529953e-5,0.0015122743
-0.09933923354507534,-2.026558e-5,0.001512141
-0.09927949970348071,0.00064742565,0.0015101035
-0.09923126631819212,0.0009903908,0.0015107143
-0.09910272923972019,0.0005785227,0.0015092724
-0.09909637620480527,0.0008023977,0.001515606
-0.09909317232679105,-0.0006913543,0.0015089761
-0.09897319018910011,-0.00059366226,0.0015077709
-0.09894506723186158,0.000895381,0.0015092683
-0.0988753069171564,-0.00027614832,0.0015108138
-0.09887084952743475,-0.00015044212,0.001506811
-0.09878679702642001,0.0010406971,0.0015069976
-0.09877856426626275,-0.0019343495,0.0015119023
-0.09875632890117336,-0.0009788275,0.0015625308
-0.0986735829519727,-0.00057440996,0.0015130553
-0.09861260971669761,-0.00012296438,0.0015110133
-0.09850569251654961,-0.001982689,0.0015127433
-0.09849053609420289,5.030632e-5,0.001514354
-0.09846813300628288,0.002634406,0.0015115599
-0.09834223112110607,4.529953e-5,0.0015080346
-0.09832658019422225,5.030632e-5,0.0015089097
-0.09827775802178951,0.000598073,0.0015183033
-0.09823399291990997,-0.0002246499,0.001512466
-0.09814373938762155,0.0016175508,0.001509695
-0.0980697293976277,-8.589029e-5,0.001512594
-0.09799630971149564,-0.00033932924,0.0015111689
-0.09791756326359635,5.030632e-5,0.0015128774
-0.09788045997815775,-0.0007418394,0.0015101562
-0.09784514006005363,0.0007953644,0.0015103908
-0.09771322287318562,0.0011566877,0.0015106754
-0.09771006348698319,-0.0013194084,0.0015123013
-0.09759912212375554,-0.000700295,0.0015086131
-0.09750277119381234,0.001362443,0.0015075549
-0.09746794778851642,0.0016630888,0.0015135958
-0.09742456441683323,4.9471855e-5,0.0015549955
-0.09738255673543983,-0.0010173321,0.0015127473
-0.09733215802031536,0.0013406277,0.0015134956
-0.09727247061111621,-0.0006301403,0.0015104449
-0.09722426279711094,-0.00069093704,0.0015125356
-0.09709571226105462,5.030632e-5,0.001508962
-0.09708931683164379,5.030632e-5,0.0015147505
-0.09708618159233728,0.0011787415,0.0015096742
-0.09696621089344526,0.0014481544,0.0015093109
-0.09693806236459479,0.0018336773,0.0015116802
-0.09686826100223644,0.00069999695,0.0015099349
-0.09686388234416454,0.00024104118,0.0015080344
-0.09677984195619149,-0.00025868416,0.0015062154
-0.0967715398860407,0.0018523932,0.0015112739
-0.09674925001308499,0.0007314682,0.0015618416
-0.09666654915009443,5.030632e-5,0.001511511
-0.09660560148610264,0.00074756145,0.0015109883
-0.09649862776061713,5.030632e-5,0.0015123322
-0.09648351507665198,0.0014307499,0.0015116741
-0.09646113756198682,0.00032866,0.001509796
-0.09633524778886593,0.0004181862,0.0015096777
-0.096319571962313,-0.0005427003,0.0015109655
-0.09627070739571286,-2.4557114e-5,0.0015107433
-0.096227021700383,0.001060605,0.0015084117
-0.09613678028080774,-0.00045323372,0.001505671
-0.09606269155949276,0.00018644333,0.0015100556
-0.09598929609615836,0.0002799034,0.0015094755
-0.09591049312357869,-0.0010999441,0.0015149817
-0.09587343492435008,-0.0008173585,0.0015087515
-0.09583814057621498,-0.0018392801,0.001509376
-0.09570623550304591,-0.001570046,0.0015075728
-0.09570305121881717,0.002326727,0.0015125319
-0.09567534484342599,-0.0015670061,0.0015101193
-0.09559214686665751,0.002523899,0.0015105474
-0.09549580804811308,0.00014150143,0.0015077593
-0.09546090591051026,-0.00049620867,0.0015126893
-0.09541761136604743,0.0010467768,0.0015549969
-0.09537553841223156,0.0010291338,0.0015127189
-0.09532508249686955,5.030632e-5,0.00151351
-0.09526544084549471,-0.000805676,0.0015123696
-0.09521725927570124,4.529953e-5,0.0015106612
-0.09508869595498903,5.030632e-5,0.0015113221
-0.09508225745716792,0.0006753206,0.0015116824
-0.09507919018495514,4.529953e-5,0.0015077831
-0.09495923159844755,0.00048720837,0.0015090591
-0.09493105749962816,-0.00016498566,0.0015096277
-0.09486121508698786,0.0014259815,0.0015128917
-0.09485691516089423,-0.00070250034,0.0015070973
-0.09477288688563446,0.00034928322,0.0015082703
-0.09476451617809012,-0.00066691637,0.001512141
-0.09474217112565386,5.030632e-5,0.0015596927
-0.09465951534821626,-0.00059497356,0.0015108113
-0.09459859325616493,3.540516e-5,0.0015113527
-0.0944915630040275,0.0020831823,0.0015150566
-0.0944764940594296,1.513958e-5,0.001508456
-0.09445414278897624,-1.1503696e-5,0.0015104115
-0.09432826513054005,0.0006490946,0.001507849
-0.09431256440398939,0.0011385679,0.0015098335
-0.09426365677029336,0.00012505054,0.0015118425
-0.09422005048085602,0.0005668402,0.0015094859
-0.09412982117399393,-0.00046509504,0.0015067791
-0.09405565371872915,-3.1530857e-5,0.0015143523
-0.09398228315440671,4.529953e-5,0.0015109322
-0.09390342298224663,-0.00074887276,0.0015131617
-0.09386640987054251,0.00022304058,0.0015099565
-0.09383114109270496,0.0009610653,0.0015128597
-0.09369924880550606,0.001642108,0.0015115638
-0.09369603894933687,0.0007760525,0.0015107071
-0.09366828950717843,-0.001465559,0.0015117477
-0.09358517160923085,4.529953e-5,0.0015094039
-0.09348884490274256,-0.0018799901,0.0015067104
-0.09345386403316136,5.030632e-5,0.0015144866
-0.093410658314933,0.0005271435,0.0015562223
-0.09336852008639474,-0.0013148785,0.0015104776
-0.0933180069744095,5.030632e-5,0.0015129383
-0.09325841175411609,-0.00021606684,0.0015102879
-0.0932102557565917,0.00058221817,0.0015125691
-0.09308167897599495,-0.00014030933,0.001510373
-0.0930751974104207,5.030632e-5,0.0015165126
-0.0930721994491871,3.695488e-5,0.0015087888
-0.09295225297670695,-0.000577569,0.0015093145
-0.09292405263334724,-0.0021270514,0.0015096572
-0.0928541691720679,0.00033903122,0.0015103725
-0.09284994797893831,4.529953e-5,0.0015071472
-0.09276593249063447,-0.00013315678,0.0015043261
-0.09275749246882525,-0.0003873706,0.0015127456
-0.0927350922375656,0.00039815903,0.0015623309
-0.09265248221828071,0.0012112856,0.0015125596
-0.0925915850245842,-0.0011867285,0.0015097315
-0.09248449891905208,5.030632e-5,0.0015137878
-0.09246947304417874,-2.259016e-5,0.0015078279
-0.09244714734303727,0.00010204315,0.0015100453
-0.09232128179731414,-2.3186207e-5,0.0015082741
-0.0923055561730659,-0.00028795004,0.0015106198
-0.09225660614520237,5.030632e-5,0.0015126525
-0.09221307926001476,4.529953e-5,0.0015076163
-0.09212286273912285,4.529953e-5,0.0015114449
-0.09204861587796553,5.030632e-5,0.0015120136
-0.09197527021298368,0.0018799305,0.0015129753
-0.09189635351515746,5.030632e-5,0.001514505
-0.09185938414249206,5.030632e-5,0.0015086666
-0.09182414228409486,-0.00042289495,0.0015107817
-0.09169226143438058,-0.0015226007,0.0015069733
-0.09168902668117096,-0.001711607,0.0015099392
-0.0916612348432021,0.0016674995,0.0015090959
-0.09157819635180431,-0.0006146431,0.0015066507
-0.09148188108510058,4.529953e-5,0.001506129
-0.09144682215745537,5.030632e-5,0.0015110403
-0.09140370459023295,4.529953e-5,0.0015561882
-0.0913615017605578,0.0010937452,0.001510103
-0.09131093145063529,7.987022e-6,0.0015146154
-0.09125138198980887,0.0015865564,0.0015121213
-0.09120325223551051,-0.00077825785,0.0015117853
-0.09107466199667225,0.00024080276,0.0015116937
-0.09106813803791625,5.030632e-5,0.0015136817
-0.09106520804180485,5.364418e-5,0.0015061682
-0.09094527368105221,0.0004376173,0.0015088661
-0.0909170477667377,0.0002654791,0.00150956
-0.09084712258421945,-0.0019463897,0.0015115993
-0.0908429801240539,0.00017273426,0.0015064188
-0.09075897742007732,4.529953e-5,0.0015070463
-0.09075046808728893,0.00047791004,0.0015157693
-0.09072801267523456,-0.0016311407,0.001561484
-0.09064544841607391,0.0001591444,0.0015104435
-0.09058457679300358,0.0013412237,0.0015112339
-0.09047743416180531,-0.0007921457,0.0015136584
-0.09046245202794223,-0.0015010834,0.001510424
-0.09044015257101246,-0.0017121434,0.0015069946
-0.09031429846375971,0.00047028065,0.0015068665
-0.09029854794345671,-0.00023472309,0.0015096959
-0.09024955619303998,-0.00077587366,0.0015104276
-0.0902061073662449,4.529953e-5,0.0015080086
-0.09011590363198041,-0.00063353777,0.0015062649
-0.0900415787114448,-0.002525866,0.0015114055
-0.08996825727156066,-0.0007508993,0.001511302
-0.0898892833751398,0.0006092787,0.001513983
-0.08985235908868439,-8.612871e-5,0.0015113775
-0.0898171428015705,-0.0005925298,0.0015105697
-0.08968527473815513,1.9669533e-5,0.0015067734
-0.08968201441201917,0.0022467375,0.0015102476
-0.0896541801811972,5.030632e-5,0.0015130284
-0.08957122109404902,0.0025801659,0.0015121496
-0.0894749179407156,-0.00022554398,0.0015051804
-0.08943978028010646,-0.0013952255,0.0015113037
-0.08939675153977567,-0.00034976006,0.0015556182
-0.08935448343603525,4.529953e-5,0.0015100149
-0.08930385592653234,9.250641e-5,0.0015115837
-0.08924435289843025,-0.0007914305,0.001510123
-0.08919624871410081,0.0016050339,0.0015092655
-0.08906764568962089,-0.00085657835,0.001505113
-0.08906107866475477,5.030632e-5,0.0015163554
-0.08905821730735108,4.529953e-5,0.0015071711
-0.0889382943860545,4.529953e-5,0.0015074193
-0.08891004357338517,0.0019407272,0.0015091632
-0.08884007666962801,5.030632e-5,0.001510157
-0.08883601294111221,0.00030469894,0.001509018
-0.08875202234952018,0.00022375584,0.0015069598
-0.08874344437900972,-0.0010840893,0.0015123809
-0.08872093378714618,0.0017316341,0.001562296
-0.08863841528712424,5.030632e-5,0.0015095166
-0.08857756856306576,-0.002080679,0.0015106148
-0.08847036940488706,5.030632e-5,0.0015120254
-0.08845543101039133,0.0006495714,0.0015115343
-0.08843315779865912,0.0010237694,0.0015103053
-0.08830731580543383,-0.0011137128,0.00150939
-0.08829154038447595,-0.00024366379,0.0015100054
-0.08824250556794899,-0.0011476874,0.0015107521
-0.08819913614671793,-0.0007661581,0.0015067414
-0.08810894452648088,0.0017330647,0.0015058382
-0.08803454087199547,0.002682805,0.0015115342
-0.08796124432980901,-0.0011755824,0.0015118843
-0.0878822139077221,0.001440525,0.0015132674
-0.08784533403487671,0.00167346,0.0015090663
-0.08781014331773185,0.0005134344,0.001510111
-0.08767828736834393,0.00057053566,0.0015099978
-0.0876750021428675,5.030632e-5,0.0015132204
-0.08764712484560677,0.0015660524,0.0015155534
-0.08756424583662248,0.00070524216,0.0015056252
-0.08746795479534508,0.002408266,0.0015064155
-0.08743273840210031,5.030632e-5,0.0015096309
-0.08738979848931838,4.529953e-5,0.001557514
-0.08734746511052693,0.0014054775,0.0015103025
-0.0872967810756865,5.030632e-5,0.0015129895
-0.08723732313280874,-0.0012645721,0.0015095044
-0.08718924452107701,4.529953e-5,0.0015099697
-0.08706062871161246,0.00044453144,0.0015105663
-0.0870540186173504,-0.001228869,0.0015097682
-0.08705122589865455,-0.0013130307,0.0015078791
-0.08693131509138541,9.417534e-5,0.0015072585
-0.08690303870710425,-7.4863434e-5,0.0015117747
-0.08683303075437954,-4.2438507e-5,0.0015105688
-0.08682904575882766,4.529953e-5,0.0015096732
-0.08674506795320591,-0.001480937,0.0015080614
-0.08673642067073051,0.0012321472,0.0015110387
-0.08671385489905792,-0.00020647049,0.0015579689
-0.08663138148524596,-0.000564754,0.0015094205
-0.08657056100441363,-0.00038152933,0.0015122027
-0.08646330532221169,0.00021088123,0.001513478
-0.08644840999316894,5.030632e-5,0.0015109811
-0.0864261623533773,-7.3313713e-6,0.0015084797
-0.08630033247220792,0.001303792,0.0015086557
-0.08628453215289533,0.0009673834,0.0015110635
-0.08623545494154383,0.00086188316,0.0015126985
-0.08619216492850523,4.529953e-5,0.0015076223
-0.08610198541835279,4.529953e-5,0.0015088655
-0.08602750303254614,-0.00090146065,0.0015102713
-0.08595423071545738,0.0008414984,0.0015121221
-0.08587514376737582,-0.0013087392,0.0015151144
-0.08583830897975475,-0.0008405447,0.0015105715
-0.08580314450715032,0.00022912025,0.0015133051
-0.08567130067047546,0.0008351803,0.0015096155
-0.08566798920243013,-0.00070619583,0.0015097382
-0.08564007018195896,5.030632e-5,0.0015092911
-0.08555727057853868,-0.003100872,0.0015084911
-0.08546099165063159,0.0014002323,0.0015066782
-0.08542569652376575,0.0020421743,0.0015092872
-0.08538284543754682,0.00044035912,0.0015574887
-0.08534044678567587,-0.0010685325,0.0015106286
-0.08528970555191218,-0.00049722195,0.0015138952
-0.08523029404143001,5.030632e-5,0.0015107638
-0.0851822410009816,-0.00024843216,0.0015107637
-0.0850536124058755,5.030632e-5,0.0015075348
-0.08504695924418881,0.0006200075,0.0015109587
-0.0850442351642009,4.529953e-5,0.0015080263
-0.08492433579573067,0.00022697449,0.0015102171
-0.08489603384115185,0.00046229362,0.0015080489
-0.08482598483847381,0.00014293194,0.001510917
-0.08482207857687174,0.00040626526,0.0015071024
-0.08473811288297739,-0.0001258254,0.0015058141
-0.08472939628919429,0.0008839369,0.0015143057
-0.08470677601096965,0.00030696392,0.001558965
-0.08462434768336768,5.030632e-5,0.0015089595
-0.0845635527728329,0.0015057325,0.0015105822
-0.08445624056562218,5.030632e-5,0.001515418
-0.0844413889766038,-0.0023511648,0.0015092124
-0.08441916758069534,9.787083e-5,0.001511001
-0.0842933491386535,0.0006558895,0.001510002
-0.08427752392328614,-0.0001514554,0.0015105306
-0.08422840498938133,0.0009686947,0.0015117766
-0.08418519370766397,0.00041234493,0.0015070547
-0.08409502698315308,4.529953e-5,0.0015045179
-0.08402046519178252,-0.0015679598,0.0015093478
-0.08394721777534864,0.0011301041,0.0015120337
-0.0838680742996295,0.00014388561,0.0015122467
-0.08383128392594719,-0.00027179718,0.0015101695
-0.08379614502429744,-0.00069862604,0.0015096079
-0.08366431330033575,0.0015121698,0.0015066382
-0.08366097693426422,0.0018121004,0.00151016
-0.0836330155189684,5.030632e-5,0.001511168
-0.08355029532012637,0.0009279251,0.0015077444
-0.08345402850624672,0.00041091442,0.0015062632
-0.08341865464674536,-0.0003786683,0.0015084809
-0.08337589238708953,-0.0019937754,0.0015568732
-0.08333342778822483,0.0011590719,0.0015098563
-0.08328263002846648,-0.0003142357,0.00151089
-0.08322326495070853,0.0011582375,0.0015113277
-0.08317523748088618,-0.00039339066,0.0015074804
-0.0830465954265528,0.00048577785,0.0015084696
-0.08303989987102733,-0.00077068806,0.0015118012
-0.08303724375681865,0.0008007288,0.0015084476
-0.08291735650073295,4.529953e-5,0.0015056249
-0.08288902897421369,-0.00075632334,0.0015077491
-0.08281893825161113,-0.0008623004,0.0015079577
-0.08281511139393005,-0.0004711151,0.0015077877
-0.08273115781340601,0.00021636486,0.001507801
-0.0827223725812436,-0.001123488,0.0015128232
-0.0826996964486385,-0.001085341,0.0015585304
-0.08261731455310362,0.00066530704,0.001512084
-0.08255654454223804,0.0004720688,0.001510233
-0.08244917648064676,0.00073206425,0.0015101262
-0.08243436863461007,7.534027e-5,0.0015077967
-0.08241217213574203,0.0004889965,0.0015084366
-0.08228636647934184,4.529953e-5,0.0015085927
-0.08227051636430538,9.286404e-5,0.001508367
-0.08222135436429034,0.00028657913,0.0015105526
-0.0821782224868226,-0.0015650392,0.0015057628
-0.08208806787633927,-0.0014874339,0.0015063445
-0.08201342802526179,0.00091671944,0.0015113569
-0.08194020483293984,-0.00067573786,0.0015136276
-0.08186100415961184,3.2186508e-6,0.0015115371
-0.08182425819921102,-0.00083321333,0.0015093555
-0.08178914554177308,0.0022119284,0.0015121251
-0.08165732660345304,0.0001462698,0.001507566
-0.08165396466478392,-0.00047564507,0.0015094759
-0.08162596018337798,-0.0005324483,0.0015094386
-0.08154332006401399,0.00055515766,0.0015069847
-0.08144706536087609,0.00043344498,0.0015065128
-0.08141161344331072,-0.00043147802,0.0015130038
-0.0813689386643609,0.00091433525,0.0015568463
-0.08132640946370218,4.529953e-5,0.0015102009
-0.08127555450403501,5.030632e-5,0.0015149278
-0.08121623518574417,-0.0020794272,0.0015089895
-0.08116823395947648,-0.0018091798,0.0015085182
-0.0810395791204872,-0.00066000223,0.0015087299
-0.08103284049786574,0.00080406666,0.001511698
-0.08103025302236488,-8.285046e-6,0.0015071565
-0.08091037720606387,-0.0015242696,0.0015059587
-0.08088202410727563,-0.00067424774,0.0015063792
-0.08081189233701969,0.0022853613,0.0015142016
-0.08080814421164562,0.00043344498,0.0015061775
-0.08072420341709174,-0.0007734895,0.0015040655
-0.08071534887395015,-0.0003901124,0.0015107418
-0.08069261755956458,5.030632e-5,0.0015577857
-0.08061028075122545,-0.0016504526,0.0015116447
-0.08054953631164308,-0.0010716915,0.0015090094
-0.08044211172405713,-0.00073707104,0.0015123764
-0.08042734761705916,0.0028806925,0.001511787
-0.0804051773633887,0.00038051605,0.0015087596
-0.08027938314710181,-5.4240227e-6,0.0015069625
-0.08026350813272465,-0.0021002293,0.001508514
-0.08021430373788518,-0.0019027591,0.0015112557
-0.08017125126861002,4.529953e-5,0.0015082749
-0.08008110876853969,-3.1590462e-6,0.0015055289
-0.08000639018679823,-8.535385e-5,0.0015171319
-0.07993319189085957,4.529953e-5,0.0015096804
-0.07985393469219404,0.00016605854,0.0015118406
-0.07981723314408906,0.00094103813,0.0015112807
-0.07978214673119155,-0.00043684244,0.001507409
-0.0796503392329847,-0.000320971,0.0015061471
-0.0796469523966179,0.00080668926,0.0015094341
-0.07961890552071593,5.030632e-5,0.0015109233
-0.0795363448059303,0.0012857914,0.0015074891
-0.0794401022161626,-0.0012927651,0.0015040097
-0.07940457156563319,0.00047922134,0.0015119415
-0.07936198561324648,-0.0005720854,0.0015586545
-0.07931939113917963,-0.00013202429,0.0015100085
-0.07926847965253203,-0.0005200505,0.0015116195
-0.07920920609305115,5.030632e-5,0.0015099606
-0.07916123043938117,0.00012266636,0.0015080223
-0.07903256214149301,0.0001231432,0.0015086252
-0.07902578045177566,-0.0007864237,0.0015122613
-0.07902326228659684,0.00016283989,0.0015085033
-0.07890339858366613,4.529953e-5,0.0015059162
-0.07887501924198037,-0.0008494854,0.0015094929
-0.07880484642144259,0.0007151365,0.0015132519
-0.07880117702968958,-0.0012354255,0.0015052353
-0.07871724834784899,0.0023902655,0.0015102255
-0.07870832516468518,0.0013672113,0.001509851
-0.07868553867246197,0.001185894,0.0015596186
-0.07860324762227566,0.0010416508,0.0015106578
-0.0785425280807196,0.0017879009,0.0015108908
-0.0784350469674675,0.00083756447,0.0015136492
-0.07842032659950826,5.030632e-5,0.0015072523
-0.07839818191744974,4.529953e-5,0.0015077069
-0.07827239981486167,9.596348e-5,0.0015092316
-0.07825649990180117,0.0019905567,0.0015088236
-0.07820725378572269,0.002039194,0.0015119675
-0.07816428004776865,-0.00020897388,0.0015080597
-0.07807414966139725,0.000692606,0.0015099352
-0.07799935234636324,0.00092577934,0.0015119402
-0.07792617894943654,0.0009022951,0.001509982
-0.07784686455184775,0.0012470484,0.0015116457
-0.07781020809028139,0.0012557507,0.0015101852
-0.07777514724833867,0.0005273819,0.0015086209
-0.07764335253478771,-0.00081819296,0.0015082209
-0.07763994012845188,0.0005761385,0.0015073516
-0.07761185085706823,0.0006330013,0.0015122757
-0.07752936954751788,-0.001583159,0.0015071547
-0.07743313907177773,0.0008444786,0.0015073998
-0.07739752968729852,-0.002000451,0.0015105883
-0.07735503256147491,0.00059354305,0.0015615209
-0.0773123728133428,-0.00069123507,0.0015091875
-0.07726140412974336,0.0005532503,0.0015128833
-0.07720217700167242,0.0020689964,0.0015121134
-0.07715422691994289,4.529953e-5,0.0015083592
-0.07702554583575605,-0.0014261007,0.0015089381
-0.07701872107729979,0.0008267164,0.0015111312
-0.07701627087822893,-0.0009123683,0.0015087593
-0.07689641928866853,-0.00048667192,0.0015057977
-0.0768680150479707,0.0017489195,0.0015092841
-0.07679780050652263,5.9485435e-5,0.001512677
-0.0767942091738194,0.0011829138,0.0015055857
-0.07671029327860623,-0.00021129847,0.0015061846
-0.07670130078314896,-0.0010881424,0.0015130077
-0.07667845978437371,5.030632e-5,0.001555265
-0.0765962138190831,0.00013935566,0.0015098235
-0.07653551984913887,8.523464e-5,0.0015085787
-0.07642798288380637,-0.0010118484,0.001513458
-0.07641330558458592,0.00063323975,0.0015095755
-0.07639118714542492,4.529953e-5,0.0015100369
-0.07626541715423574,-0.0016741157,0.0015071523
-0.0762494923441348,0.00027394295,0.0015085927
-0.07620020316063181,7.200241e-5,0.0015100739
-0.0761573088269274,0.0020999908,0.0015074555
-0.07606719122751193,0.0009790659,0.0015076658
-0.07599231517852811,0.00038909912,0.0015109428
-0.07591916600768489,3.20673e-5,0.0015095077
-0.07583979508475858,-0.00073617697,0.0015115526
-0.07580318303647382,4.3988228e-5,0.0015087897
-0.07576814844005719,-0.00031864643,0.0015078977
-0.07563636516497652,-0.00028795004,0.0015088867
-0.07563292786028597,9.536743e-6,0.0015064501
-0.07560479552049193,-0.00023835897,0.0015118048
-0.07552239429173424,-0.0019651651,0.001506438
-0.07542617592673562,4.529953e-5,0.001506564
-0.0753904878112639,-4.1425228e-5,0.0015093621
-0.07534807951101763,0.00011432171,0.0015590222
-0.07530535448882025,0.00095903873,0.0015117107
-0.07525432860629766,0.0009634495,0.0015098872
-0.0751951472373652,0.0014760494,0.0015100111
-0.07514722339919044,4.529953e-5,0.0015103566
-0.07501852885709048,0.0017544031,0.0015069542
-0.07501166170413831,0.0006351471,0.0015116957
-0.07500928014476094,0.0015417337,0.0015059846
-0.07488943999367081,0.00028204918,0.0015054977
-0.07486101018103264,-4.7683716e-7,0.0015094315
-0.07479075459193119,5.030632e-5,0.0015105198
-0.07478724199153497,0.00019562244,0.0015077142
-0.07470333888097758,-0.0019086599,0.0015065684
-0.07469427707486975,-0.00021076202,0.0015119952
-0.07467138022302833,-0.00045859814,0.0015527861
-0.07458918069013343,5.030632e-5,0.001508666
-0.07452851229147259,5.030632e-5,0.0015145261
-0.07452851229147239,4.529953e-5,0.0015101116
-0.07451387873359096,7.3075294e-5,0.0015065531
-0.07449178653864175,-0.0019780993,0.0015096264
-0.0743660279875657,-0.00010275841,0.0015086322
-0.07435007827878139,-0.0020854473,0.0015087907
-0.07430074670111095,-0.000954628,0.001508664
-0.07425793177297053,-0.0006881952,0.0015051438
-0.07416782628561108,4.529953e-5,0.0015056116
-0.07409287150464897,-0.0012689233,0.0015117185
-0.07401974723216054,-0.0031478405,0.0015106868
-0.07394031910932534,0.00083673,0.0015117477
-0.07390375214790772,-0.00037389994,0.0015111052
-0.07386874312178864,-0.00047570467,0.0015091542
-0.07373697263432118,-8.7082386e-5,0.0015059428
-0.07373350975637578,-0.001182735,0.0015096295
-0.07370533502372871,5.030632e-5,0.0015128803
-0.07362301319987773,4.529953e-5,0.0015061103
-0.07352680762019226,-3.1471252e-5,0.0015070657
-0.0734910400991566,0.0026744604,0.0015104058
-0.07344871995155912,0.0011342764,0.001561919
-0.0734059303288821,-0.00015479326,0.0015102754
-0.07335484724809349,-0.00089108944,0.0015127765
-0.07329571231122814,5.030632e-5,0.0015071675
-0.07324781404335085,0.0025547743,0.0015070266
-0.07311910671560927,-0.0013250113,0.001507426
-0.07311219649654685,0.00030207634,0.0015122993
-0.07310988357423445,-0.00080245733,0.0015049657
-0.07299005486358615,0.0019099712,0.0015071018
-0.07296159948130751,0.0008330345,0.0015093723
-0.07289130216998146,-0.000728786,0.0015103975
-0.07288786897514914,0.00016629696,0.0015058228
-0.07280397797730494,0.0017279387,0.0015070271
-0.07279484753216069,-0.0021597743,0.0015124978
-0.07277189550018161,0.0003746748,0.0015557896
-0.07268974105382531,0.00067043304,0.0015093933
-0.07262909822579053,-0.0005481839,0.0015113527
-0.07252144820649717,0.0011123419,0.0015120701
-0.07250685771636863,5.030632e-5,0.0015094515
-0.07248479109270273,0.0019100904,0.0015098883
-0.07235904532825407,0.001737833,0.0015086307
-0.07234307004720071,0.0010433197,0.0015090189
-0.07229369674894852,-0.00026088953,0.0015138359
-0.0722509605524578,0.0010329485,0.001509055
-0.07216086717846867,4.529953e-5,0.0015084469
-0.07208583366519968,-0.0019060969,0.0015103648
-0.07201273429073747,0.0025326014,0.0015113654
-0.0719332496419076,-0.00094783306,0.0015110329
-0.07189672709377151,0.00048065186,0.0015092163
-0.07186174363794999,-0.00013279915,0.0015087327
-0.07172998526352427,-0.00014549494,0.0015088401
-0.07172649748755264,0.0013239384,0.0015110761
-0.07169828036106672,0.000338912,0.0015125273
-0.07161603794179396,0.0016736984,0.0015069785
-0.07151984447547878,-0.0004272461,0.0015021845
-0.07148399822147909,-0.0003117919,0.0015095519
-0.07144176690110185,0.00012612343,0.001564715
-0.07139891200337381,-0.0006415844,0.0015085357
-0.07134777239757625,0.0007677078,0.0015155124
-0.07128868321886371,5.030632e-5,0.0015102158
-0.07124081052391262,4.529953e-5,0.0015084755
-0.07111208973694373,0.00036382675,0.0015101053
-0.0711051371233853,-0.001783371,0.0015115186
-0.07110289216619506,0.0008929968,0.0015059229
-0.07098307624053125,3.2186508e-6,0.0015109811
-0.07095459461535512,-0.001934886,0.0015056416
-0.07088425625440434,5.030632e-5,0.0015111535
-0.07088090179253603,-0.0024338365,0.0015046002
-0.07079702358000492,-0.00047791004,0.0015062895
-0.07078782382421007,0.0023516417,0.0015130332
-0.07076481661143616,-0.00023198128,0.0015538883
-0.07068270792487558,-0.0020443797,0.0015085331
-0.07062208999420987,-0.0019987822,0.0015111434
-0.07051438345122187,5.030632e-5,0.0015116538
-0.07049983669881774,5.030632e-5,0.0015083014
-0.07047779632067797,-0.00047254562,0.0015059423
-0.07035206199469964,0.00022006035,0.0015075944
-0.07033606248920571,0.00025868416,0.0015083347
-0.07028664612254326,-8.684397e-5,0.0015091506
-0.07024398865967374,-0.0007749796,0.001506072
-0.07015390874425476,4.529953e-5,0.0015048721
-0.0700787964986789,0.0020195246,0.0015111911
-0.0700057213493144,0.00076425076,0.0015109234
-0.06992618017481843,0.0010483265,0.0015099577
-0.06988970203897814,-0.00088375807,0.0015065569
-0.06985474482835417,0.0011082888,0.0015063295
-0.06972299856565585,0.0017405748,0.0015084697
-0.06971948522004381,-7.021427e-5,0.0015069781
-0.06969122569840472,5.030632e-5,0.001511403
-0.06960906268338161,0.0020816326,0.0015068934
-0.06951288133043675,-0.001892209,0.0015039763
-0.06947695634314444,2.861023e-6,0.001507708
-0.06943481385064458,-0.00045716763,0.0015644908
-0.06939189367950842,-0.0006438494,0.001508269
-0.06934069687281619,0.0003402233,0.0015109282
-0.06928165345455652,5.030632e-5,0.0015091847
-0.06923380700316009,4.529953e-5,0.001507412
-0.0691050734312067,-0.00035983324,0.0015064252
-0.06909807707696666,5.030632e-5,0.0015107893
-0.0690959014323985,-0.00030082464,0.0015059134
-0.06897609694586217,-0.002405405,0.0015044864
-0.068947589748417,-0.0005928874,0.0015078906
-0.06887721033882721,-0.00017553568,0.001509524
-0.06887393461025153,0.0009932518,0.0015061443
-0.0687900685097764,0.00057303905,0.001505531
-0.06878080011527371,0.0011818409,0.0015113238
-0.06875773772334788,0.0005168915,0.0015555941
-0.06867567479592585,0.0010704994,0.0015090294
-0.06861508176361493,0.00018954277,0.0015130076
-0.06850731936723217,5.030632e-5,0.0015119684
-0.06849281635550965,5.030632e-5,0.0015074236
-0.06847080154832462,0.00072169304,0.0015087654
-0.06834507866245951,-0.0017964244,0.0015089698
-0.0683290542599251,-0.00026685,0.001509821
-0.06827959617038082,0.0014653206,0.0015110546
-0.06823701744014675,-0.0005816817,0.0015062145
-0.06814694963678376,4.529953e-5,0.0015057056
-0.0680717586579153,0.0015341043,0.0015085075
-0.06799870840821992,-0.00010710955,0.0015089456
-0.06791911003480075,5.030632e-5,0.0015107124
-0.0678826769851705,5.030632e-5,0.001506993
-0.06784774534484411,-0.0009613037,0.0015116981
-0.06771601186943034,0.0002360344,0.0015061444
-0.06771247295187784,0.0001707077,0.0015078385
-0.06768417103574273,5.030632e-5,0.0015116322
-0.06760208742628357,-0.00042653084,0.0015052194
-0.06750591818572327,0.0025262833,0.0015041884
-0.06746991513905261,-0.0013661385,0.0015095039
-0.067427860798873,0.0005477667,0.0015634433
-0.06738487535498586,-0.0013456345,0.0015088435
-0.06733362134937045,-0.0007555485,0.0015112666
-0.067274624363835,5.030632e-5,0.0015104924
-0.0672268034817504,4.529953e-5,0.001510506
-0.06709805645122685,0.0020036697,0.0015076491
-0.06709101770281937,0.001709938,0.0015127178
-0.06708891069794477,0.0003913641,0.0015042791
-0.06696911765185025,-0.0013773441,0.0015041209
-0.06694058555440738,0.001336813,0.0015071444
-0.06687016442489298,0.0010550022,0.0015082223
-0.06686696742796701,0.00060653687,0.0015076338
-0.06678311344119076,0.0005683899,0.0015054023
-0.06677377573406601,4.529953e-5,0.0015111371
-0.0667506581620025,-0.001467526,0.0015534334
-0.06666864099273329,5.030632e-5,0.0015072622
-0.06660807353269142,4.529953e-5,0.001514246
-0.06650025460965683,5.030632e-5,0.0015117902
-0.0664857953402588,-0.0004658103,0.0015066555
-0.0664638061023856,-0.0016545653,0.0015057574
-0.06633809600183356,0.0015825033,0.0015083835
-0.06632204670094435,0.00036740303,0.001507216
-0.06627254554528988,-0.0018728375,0.0015093562
-0.06623004622061977,-0.001023829,0.0015055097
-0.06613999120158412,-0.0009313226,0.0015058613
-0.06606472149139452,0.00052273273,0.0015114447
-0.06599169546613969,0.000197649,0.0015089688
-0.06591204056771158,-0.001082778,0.00151234
-0.06587565193103428,-0.0015195608,0.0015101797
-0.06584074653491973,-0.0010358095,0.0015061294
-0.06570902449863342,4.529953e-5,0.0015063094
-0.06570546135532605,-5.018711e-5,0.001506778
-0.06567711569883791,5.030632e-5,0.0015094152
-0.06559511284211406,0.001004219,0.0015060651
-0.0654989550410098,0.00025963783,0.0015067934
-0.06546287326268943,0.0004724264,0.0015080661
-0.06542090707548723,4.529953e-5,0.0015617649
-0.06537785702914899,4.529953e-5,0.0015072923
-0.06532654649885321,0.000300169,0.0015102241
-0.06526759527147058,-0.0013317466,0.0015074275
-0.06521979996165503,-0.0015220642,0.0015094294
-0.06509104014548982,-0.0007342696,0.0015069313
-0.06508395832965783,0.00022423267,0.0015095748
-0.06508191928924822,-0.0019081235,0.001507877
-0.06496213835619542,0.002065301,0.0015066537
-0.06493358068845498,0.00027143955,0.0015110974
-0.0648631185103016,5.030632e-5,0.001509376
-0.06486000024535392,4.529953e-5,0.0015060317
-0.06477615904389075,4.529953e-5,0.0015053232
-0.06476675202611538,-0.0005991459,0.0015079777
-0.06474357927358564,0.0015244484,0.0015519686
-0.06466160786378355,-9.298325e-6,0.0015083106
-0.06460106597403925,0.001377821,0.0015117491
-0.06449319052599572,5.030632e-5,0.0015101463
-0.06447877432303648,-6.365776e-5,0.0015058847
-0.06445681133036082,0.0006008148,0.0015087883
-0.06433111266893628,4.529953e-5,0.0015065015
-0.06431503846903511,0.0011299849,0.0015086258
-0.06426549559312744,0.0014995337,0.0015091073
-0.06422307500109278,-0.0005453229,0.0015050472
-0.06413303209477028,4.529953e-5,0.001505034
-0.06405768365260238,5.030632e-5,0.0015086937
-0.06398468252471662,4.529953e-5,0.0015095123
-0.06390497042637958,-0.00016564131,0.0015090096
-0.0638686262033124,0.0025541782,0.0015079591
-0.06383374705239539,0.0021328926,0.0015078662
-0.06370203780076501,4.529953e-5,0.0015048808
-0.06369844908716008,0.00015068054,0.0015103607
-0.06367006103617592,5.030632e-5,0.0015105966
-0.0635881375837017,-0.0014955997,0.0015044098
-0.06349199189596777,0.00037550926,0.0015048162
-0.06345583138468336,-0.0025434494,0.0015102817
-0.06341395402502996,-0.0017456412,0.0015628652
-0.06337083937755494,0.0030122995,0.0015085046
-0.06331947097409316,0.00060617924,0.001510548
-0.06326056617910615,-0.0011399984,0.0015079293
-0.06321279644155965,0.0007120371,0.0015071495
-0.06308402383975278,-0.0014190674,0.0015068445
-0.06307689895715343,-0.0017035604,0.0015100541
-0.06307492855380878,0.00018024445,0.0015072144
-0.06295515973346912,0.0014679432,0.0015041399
-0.06292657582315975,0.00069344044,0.0015070003
-0.06285607259571022,-0.0003426671,0.0015096898
-0.06285303306208366,-0.0012639761,0.0015030929
-0.06276920397366222,-0.00048089027,0.0015059056
-0.06275972831717903,-3.695488e-5,0.0015088458
-0.06273650038549736,-0.00016123056,0.0015521077
-0.0626545740619053,0.0010902882,0.001508206
-0.06259405774344433,0.0010226965,0.0015084016
-0.062486125769406105,-0.00025588274,0.0015107983
-0.06247175330548558,0.0006802082,0.0015081322
-0.06244981655833606,0.0005565882,0.0015047165
-0.06232413001028181,0.00034976006,0.0015071018
-0.06230803023844018,5.030632e-5,0.0015070771
-0.062258444967707924,0.000562191,0.0015135325
-0.06221610378025148,0.0014600754,0.0015078994
-0.0621260729886136,-0.0026259422,0.0015052191
-0.06205064581315309,5.030632e-5,0.0015094657
-0.061977669583622136,-4.8935413e-5,0.0015084199
-0.06189790095929041,0.0005476475,0.0015115616
-0.06186160114950477,-0.0013211966,0.0015069578
-0.06182674824279957,-0.0003991723,0.001508964
-0.061695050430953836,-0.0004454255,0.0015048542
-0.06169143681899409,-0.0023022294,0.0015061168
-0.06166300637351393,-0.0008817911,0.0015071579
-0.06158116232660367,0.00032818317,0.0015063394
-0.06148502875026856,-0.0013632774,0.0015029325
-0.06144878950667729,-0.00027817488,0.0015085974
-0.06140700097325838,4.529953e-5,0.0015665264
-0.06136382105303239,4.529953e-5,0.0015076775
-0.06131239612357592,5.030632e-5,0.0015107377
-0.06125353641479896,0.0007020235,0.0015079068
-0.061205792921464275,0.0008022785,0.0015074619
-0.06107700686010152,0.0016648769,0.001507595
-0.061069839582677574,0.0010318756,0.00151239
-0.061067937819026474,0.001863718,0.0015101063
-0.06094818043945719,0.0005180836,0.0015065704
-0.060919570955893045,0.0005276203,0.0015087483
-0.06084902668111882,0.00044322014,0.0015076982
-0.060846065880127725,0.0015026331,0.0015049543
-0.06076224957800509,-0.0018697977,0.0015057545
-0.06075270460889984,-0.0029023886,0.0015088165
-0.06072942149642333,0.000305295,0.0015509211
-0.060647540931641264,0.00014424324,0.0015114578
-0.06058704951284939,0.00022852421,0.0015093253
-0.06047906168541642,0.00035643578,0.0015095011
-0.060464732290234725,-8.785725e-5,0.0015072094
-0.060442821113054206,-0.00064343214,0.0015076069
-0.06031714667804168,-0.0017729998,0.0015081657
-0.06030102268077375,-0.0018975139,0.0015071796
-0.06025139501455975,-0.00047838688,0.0015105235
-0.06020913256072449,0.0017373562,0.0015101869
-0.060119114553742525,0.001021862,0.0015045176
-0.060043608645646576,5.030632e-5,0.0015088607
-0.05997065664154191,-0.0016984344,0.0015060353
-0.059890831493186976,-0.0004016161,0.0015121611
-0.05985457609536856,-0.0004979372,0.0015076972
-0.059819748760275245,0.0001270771,0.001508963
-0.059688063734071165,0.00053596497,0.0015032133
-0.059684424550828105,-0.00057411194,0.0015056666
-0.05965595170953762,0.0009822845,0.001508233
-0.05957418707016279,4.529953e-5,0.0015055208
-0.05947806560588367,-0.0010518432,0.0015028788
-0.0594417476303141,0.0023243427,0.0015100447
-0.059400047922143956,4.529953e-5,0.0015680293
-0.059356802728509836,4.529953e-5,0.0015101114
-0.05930532060013017,5.030632e-5,0.0015111628
-0.059246507323091696,0.001970768,0.0015074149
-0.05919879007298309,-0.0007740855,0.0015077837
-0.05906999055403591,0.0006945133,0.001507756
-0.05906278020885887,0.0003169775,0.0015092826
-0.059060947084572754,-0.00067579746,0.0015043619
-0.05894120114413095,4.529953e-5,0.0015042399
-0.0589125660892835,-0.000654459,0.0015089259
-0.05884198076521312,-0.00033468008,0.0015085482
-0.058839098698828945,0.00019538403,0.001503713
-0.05875529450777657,0.0018930435,0.0015051551
-0.05874568090094922,0.0034883022,0.001509945
-0.05872234193507796,5.030632e-5,0.0015505585
-0.05864050712976302,-0.00019663572,0.0015077541
-0.05858004195485439,4.529953e-5,0.0015095269
-0.05847199692849823,-0.00023895502,0.0015115987
-0.05845771194659807,-0.0009964108,0.0015063448
-0.0584358263400437,-0.00033795834,0.0015065203
-0.05831016401741574,0.0017948151,0.0015072114
-0.058294014450178816,5.030632e-5,0.0015073023
-0.05824434438946881,-0.002096653,0.0015098001
-0.05820216134021178,-0.002474606,0.0015036465
-0.058112155445942955,0.0010809898,0.001504167
-0.058036570805211546,5.030632e-5,0.0015097922
-0.05796364370011884,0.00093472004,0.0015104316
-0.05788376135218356,0.0009018183,0.0015123986
-0.05784755104123235,0.00060629845,0.0015084803
-0.05781274994936511,-0.0010794401,0.0015058095
-0.057681077036859915,-0.0015682578,0.0015057853
-0.05767741228134782,0.0013977289,0.0015093164
-0.05764889704687563,5.030632e-5,0.0015099823
-0.0575672118124076,-0.00065910816,0.0015047269
-0.05747110246215594,0.0014538765,0.0015054164
-0.05743470642622227,-0.00010085106,0.0015075778
-0.057393094198429605,-0.0017027259,0.0015651267
-0.057349784402672965,4.529953e-5,0.001506937
-0.05729824507668443,-0.00039690733,0.0015101371
-0.057239478231384436,-0.0006875992,0.0015085668
-0.057191786552887716,-0.00033020973,0.0015086182
-0.05706297357537037,5.030632e-5,0.001509004
-0.05705572083536874,-0.0027692914,0.0015100515
-0.05705395567620479,0.0007663965,0.0015041974
-0.056934222521076064,-0.0011582971,0.0015058396
-0.05690556189691677,0.00075495243,0.0015086917
-0.05683493485062173,0.00043523312,0.0015083137
-0.05683213151588727,-0.0015930533,0.0015062053
-0.05674834011047655,-0.0006145835,0.0015040947
-0.056738657192341446,0.00062453747,0.0015087378
-0.05671526304830399,5.030632e-5,0.001549232
-0.05663347400081329,-0.00094914436,0.0015063068
-0.05657303372393088,4.529953e-5,0.0015095226
-0.056464932844179964,-0.002437234,0.0015080125
-0.056450690929704325,5.0783157e-5,0.0015078645
-0.05642883156670461,0.0013563633,0.001509196
-0.056303180685175605,-0.00032103062,0.0015072386
-0.05628700689119808,0.00080120564,0.001508178
-0.05623729443796353,0.0005788803,0.001511489
-0.05619519079262757,0.0012660027,0.0015049716
-0.05610519701271478,4.529953e-5,0.0015041
-0.056029533638690766,5.030632e-5,0.0015100586
-0.05595663075902435,0.0009937286,0.0015087986
-0.05587669188378007,0.000118374825,0.0015109841
-0.05584052598742471,0.00030946732,0.0015080303
-0.055805751139769294,0.001242876,0.0015081639
-0.05567408966606299,-0.0007686615,0.0015048366
-0.055670400011867516,0.00067460537,0.0015098184
-0.05564184238421364,5.030632e-5,0.0015079093
-0.05556023655399525,-0.0032037497,0.00150702
-0.05546413998971383,-0.00141114,0.0015044104
-0.055427664548216196,0.0015990734,0.0015102439
-0.055386141148958075,0.0018361807,0.0015649125
-0.055342766077493256,-0.00051766634,0.0015053339
-0.05529117022682435,-0.0009151101,0.001509149
-0.05523244913934859,-0.00025457144,0.0015074832
-0.05518478303147803,-3.8146973e-6,0.0015063239
-0.055055957269633346,-0.00016313791,0.0015062758
-0.05504866146187861,-0.0011659861,0.001509075
-0.055046964941422485,4.529953e-5,0.0015070876
-0.05492724322640698,-0.00047504902,0.001505111
-0.05489855703096437,5.030632e-5,0.0015076292
-0.05482788893603034,-0.0008329153,0.0015084379
-0.0548251643329456,0.00033771992,0.0015040137
-0.054741385041233756,0.00080132484,0.001506179
-0.05473163348406224,-0.00060504675,0.0015118372
-0.05470818415890139,-0.0005776882,0.0015479008
-0.05462644087186355,-0.00057423115,0.001508387
-0.05456602549267879,4.529953e-5,0.0015132142
-0.05445786876019028,-0.0019648075,0.0015089888
-0.05444366991215342,-0.0017462373,0.0015052258
-0.054421836795665576,-0.00029438734,0.0015050357
-0.05429619802586398,0.00037813187,0.0015044481
-0.05427999866060315,-0.002022624,0.0015056579
-0.05423024381188685,0.0017410517,0.0015071217
-0.05418821957375773,-0.0012251139,0.0015061704
-0.054098237904915206,4.529953e-5,0.0015042851
-0.05402249579989864,-0.00077319145,0.0015091338
-0.05394961781694413,4.529953e-5,0.0015067582
-0.0538696224166909,0.00043404102,0.001512808
-0.05383350093263134,-0.0008312464,0.0015066812
-0.05379875165625923,-0.0011730194,0.0015078536
-0.05366710296918033,0.0004991293,0.0015062216
-0.05366338774501585,5.030632e-5,0.0015061526
-0.053634787048623137,5.030632e-5,0.0015078482
-0.05355326129689722,0.0011554956,0.0015054924
-0.0534571768443432,0.0011423826,0.001507679
-0.053420622670210124,-0.0017127395,0.0015085606
-0.053379188097186496,0.0003027916,0.0015675538
-0.05333574775362786,0.00030899048,0.0015069618
-0.05328409470239287,0.00034677982,0.0015108596
-0.05322542004764133,-0.0022773147,0.0015079103
-0.05317777951039692,0.0014328957,0.0015065701
-0.053048940962582,0.00026369095,0.0015073913
-0.05304160208871706,0.0014078617,0.0015099266
-0.05303997420828308,-0.00011271238,0.0015073296
-0.05292026393173789,-0.00012224913,0.0015053898
-0.052891552163697675,-0.00059622526,0.0015049473
-0.052820843020124644,-0.0020147562,0.0015080522
-0.05281819715164682,0.001807332,0.0015050364
-0.05273443064459089,0.0005425215,0.0015040413
-0.05272460977578305,0.0004323721,0.0015086153
-0.052701105269498796,0.00067818165,0.0015502439
-0.05261940706965673,0.0012965202,0.0015069046
-0.05255901793468379,-0.00037819147,0.0015082853
-0.05245080400327209,0.002475977,0.0015095795
-0.05243664956884535,0.002402544,0.0015090165
-0.05241484134972657,0.0007789135,0.0015052453
-0.052289214692309544,-0.0013512969,0.0015062239
-0.05227299110392246,-0.0008621812,0.0015071959
-0.05222319385873868,-0.0018677711,0.0015102994
-0.052181248353245016,-0.00060099363,0.0015051482
-0.05209127947004414,-0.0014705062,0.0015046557
-0.05201545863206354,-0.00084120035,0.001509382
-0.05194260487552106,4.529953e-5,0.0015062959
-0.05186255294960173,-0.002650857,0.0015107734
-0.05182647587849513,-0.0006979108,0.0015067031
-0.05179175284567768,-2.1338463e-5,0.0015067849
-0.05166011627196907,0.0018709898,0.0015063043
-0.05165637547684987,-0.0011247993,0.0015062254
-0.05162773238563256,5.030632e-5,0.0015075363
-0.051546286711413376,0.00057041645,0.0015045388
-0.051450213699958315,0.0015016794,0.0015030215
-0.051413580793189785,0.0007042885,0.0015078401
-0.05137223437281499,4.529953e-5,0.0015683257
-0.05132872942779099,-0.0021144748,0.0015084421
-0.05127701985088989,0.00049746037,0.001511547
-0.051218390284319876,0.0023703575,0.0015073847
-0.051170775991287276,-0.0009316206,0.0015062205
-0.0510419239832593,-0.0021487474,0.001505402
-0.05103454271489835,0.002254963,0.0015089075
-0.051032983472515045,-0.002087593,0.0015062658
-0.05091328530966874,-0.0019830465,0.0015053318
-0.05088454729708812,0.0002913475,0.0015061348
-0.05081379710553326,0.0005886555,0.0015080778
-0.05081122996870515,-0.0015813708,0.0015041231
-0.050727475575019526,4.529953e-5,0.0015011246
-0.05071758606783243,4.529953e-5,0.0015100768
-0.050694026381410504,-0.0005571246,0.001549103
-0.05061237393972127,0.0006747246,0.0015089739
-0.05055200970310312,-0.0002605915,0.0015066506
-0.050443739919610986,0.00040113926,0.0015092274
-0.050429628553265916,0.0006786585,0.0015082391
-0.050407846576387486,-9.6559525e-5,0.0015048017
-0.05028223203234076,-0.0008867383,0.0015072516
-0.0502659828723418,0.0018805265,0.0015077272
-0.05021614323364773,0.0005117655,0.0015119126
-0.050174277132732294,0.00093853474,0.0015029081
-0.050084320363230295,0.0018509626,0.0015030594
-0.050008420791957095,5.030632e-5,0.0015086795
-0.04993559193442657,-0.000101447105,0.0015095744
-0.04985548281024121,0.0026350021,0.0015117305
-0.04981945082468749,0.0022158623,0.0015067249
-0.04978475336381051,-0.00027006865,0.0015050349
-0.04965312957410066,-0.002865076,0.0015036213
-0.049649363207369575,0.0022304058,0.0015076572
-0.049620677721984835,-0.0013337135,0.0015086657
-0.04953931145431534,-0.001942873,0.0015048895
-0.04944325055425911,-0.0014851689,0.0015028906
-0.04940653958975511,0.0014823675,0.001512057
-0.04936528132334345,4.529953e-5,0.0015702685
-0.04932171177553979,0.00034451485,0.0015088661
-0.04926994432744415,0.00071918964,0.0015087936
-0.049211361191626876,-0.00041651726,0.0015058904
-0.0491637724711919,-0.0005752444,0.0015047706
-0.04903490767817943,5.030632e-5,0.0015052146
-0.049027483341408225,0.0004850626,0.0015099928
-0.049025992737075585,0.0016458035,0.0015051408
-0.048906306014013926,0.00096166134,0.0015054633
-0.048877543103735654,0.00023722649,0.0015062266
-0.04880675119094187,0.0010280609,0.0015074732
-0.048804262785763476,-0.0002065301,0.0015062554
-0.04872052117804809,-0.0011453629,0.0015017889
-0.048710562359881804,-0.0018984675,0.0015082271
-0.04868694682039371,5.030632e-5,0.0015486744
-0.04860534081077154,5.030632e-5,0.0015093525
-0.04854500147119387,-0.00043535233,0.0015077848
-0.048436675163021366,0.002065301,0.0015104475
-0.048422607536372175,-0.00076925755,0.0015065086
-0.04840085180534845,9.1552734e-5,0.0015042543
-0.04827524869977205,-0.002730608,0.0015062315
-0.048258975313361055,0.0005198717,0.0015057259
-0.04820909328115672,0.000105023384,0.0015089773
-0.048167305913862465,0.0023678541,0.0015062822
-0.04807736192803065,0.0013910532,0.0015026164
-0.04800138362609346,5.030632e-5,0.0015137111
-0.04792857899333208,0.00019204617,0.0015077698
-0.0478484133421663,0.00016665459,0.0015117837
-0.0478124257702227,5.030632e-5,0.0015060739
-0.047777754554214694,0.00095808506,0.0015061812
-0.047646142204289484,0.001765728,0.0015053395
-0.0476423516121321,-0.0008599162,0.0015082491
-0.047613623059322846,5.030632e-5,0.0015079385
-0.047532336197217306,0.0021232367,0.0015057835
-0.047436287409874225,4.529953e-5,0.0015022324
-0.04739949771142046,-0.0012102127,0.0015080988
-0.047358328271571874,4.529953e-5,0.0015682828
-0.04731469345167439,4.529953e-5,0.0015082015
-0.047262869476598336,-0.00350672,0.0015123612
-0.04720433209959104,0.0010609627,0.0015070951
-0.04715676894978221,4.529953e-5,0.0015084597
-0.0470278913724424,0.001959443,0.0015060467
-0.04702042396923241,0.0005943775,0.0015101094
-0.0470190013306791,4.529953e-5,0.0015046801
-0.04689932671934484,0.0021936893,0.0015046176
-0.046870538237454684,0.0001667738,0.0015072037
-0.04679970527635048,5.030632e-5,0.0015101688
-0.04679729560380754,0.0016460419,0.0015047848
-0.046713566108805296,-0.00081288815,0.0015024865
-0.046703538650616876,4.529953e-5,0.0015090092
-0.046679867933291166,-0.0007259846,0.0015501756
-0.04659830700856472,-0.00049489737,0.0015111282
-0.04653799391451319,0.00025475025,0.0015091797
-0.04642961107804595,-0.00015211105,0.0015131212
-0.04641558651882127,0.0004506111,0.0015055354
-0.0463938570329951,-0.0014012456,0.0015058165
-0.04626826604144616,0.0010794401,0.0015057544
-0.04625196775569463,0.0019323826,0.0015055317
-0.0462020426557372,-0.00092083216,0.0015080506
-0.046160334694335475,-0.0017828345,0.001502006
-0.04607040282121681,-0.0021573305,0.0015055853
-0.04599434578664418,0.001765132,0.001507404
-0.04592156605125186,4.529953e-5,0.0015065183
-0.045841343874091396,5.030632e-5,0.0015078682
-0.045805401389014996,-0.00011253357,0.0015062509
-0.04577075507070463,0.0008009672,0.0015074984
-0.0456391555060925,-0.0003517866,0.0015046799
-0.045635339343966116,0.00042426586,0.0015050665
-0.04560656839633227,5.030632e-5,0.0015075793
-0.04552536093880496,0.0013116598,0.0015065189
-0.045429324938417844,-0.00065147877,0.0015020424
-0.04539245583374296,-0.0026108623,0.0015064388
-0.04535137454720037,0.0011150837,0.0015686853
-0.045307675127151836,0.0015001297,0.001506219
-0.04525579395282402,0.0023920536,0.0015096195
-0.04519730300788377,-0.0006147623,0.0015079466
-0.04514976610261535,0.0006657839,0.0015062907
-0.045020875065391056,-1.5556812e-5,0.0015050217
-0.04501336459607086,-0.00017547607,0.0015101811
-0.04501201059491106,0.0006505251,0.0015043359
-0.044892348097275686,0.00090026855,0.0015055274
-0.04486353337084514,-0.00030070543,0.0015051247
-0.04479265936143052,0.0011898279,0.0015080932
-0.044790329093465794,-0.0005556345,0.0015036791
-0.04470661171216243,0.0011957884,0.0015038502
-0.04469651494266626,0.0024912357,0.0015092156
-0.04467278904421715,-0.0012584925,0.0015447334
-0.04459127387862925,0.0005953312,0.001506025
-0.04453098568358967,0.0010458231,0.0015085887
-0.04442254699438484,5.030632e-5,0.0015108676
-0.04440856617617035,-0.0021266937,0.0015049326
-0.04438686226031317,-0.00013720989,0.0015067435
-0.04426128338082022,0.0012226105,0.0015042931
-0.044244959523785383,4.1246414e-5,0.0015054852
-0.0441949927029176,0.0016742945,0.0015102878
-0.04415336347382276,0.0003669262,0.0015051329
-0.04406344438733148,1.2993813e-5,0.0015096246
-0.04398730861880908,5.030632e-5,0.0015079583
-0.04391455310917163,4.529953e-5,0.00150941
-0.043834274407659385,-0.00153023,0.0015107879
-0.04379837633487878,0.0007815361,0.0015096558
-0.04376375626078023,0.00026667118,0.0015071863
-0.04363216880789551,0.0013358593,0.0015049196
-0.04362832707448583,-0.0024772882,0.0015056429
-0.043599513732684544,0.00088465214,0.0015066278
-0.04351838568170692,0.00076699257,0.0015037092
-0.04342236179271865,0.00036907196,0.001504215
-0.04338541463030829,0.0005905628,0.0015063037
-0.04334442149772884,4.529953e-5,0.0015702301
-0.043300656801314966,0.0005415678,0.0015071252
-0.04324871910164962,-0.0018676519,0.0015092004
-0.04319027391617651,0.00022828579,0.001507399
-0.04314276258251997,0.0010222197,0.001506741
-0.04301385808672552,-0.00033962727,0.0015068831
-0.043006305221595,0.0002759695,0.001510743
-0.043005019859471603,-0.0013091564,0.0015053005
-0.04288536880162087,-0.0024802685,0.0015035466
-0.04285652850456417,5.030632e-5,0.0015062136
-0.042785613445853396,5.865097e-5,0.0015103245
-0.04278336191150986,4.529953e-5,0.0015016919
-0.04269965664193391,8.535385e-5,0.0015033913
-0.0426894912337299,-0.00033944845,0.0015081778
-0.042665710154814546,-0.0005096793,0.0015465437
-0.042584240749679515,-0.00077170134,0.0015054585
-0.04252397812526609,-0.0011675358,0.0015062175
-0.04241548291072374,-0.0001784563,0.0015091237
-0.042401545159933766,0.0001887083,0.0015063672
-0.04237986681404558,0.0017697811,0.0015061699
-0.04225430004792293,0.0017950535,0.001506881
-0.04223795196611896,5.9247017e-5,0.0015077705
-0.04218794275042659,-0.00061661005,0.0015082851
-0.04214639225331004,-0.0017846823,0.0015043439
-0.04205648528051764,-0.0019795299,0.0015017506
-0.04198027077837406,-0.0010885,0.001507375
-0.0419075401687343,-0.00082701445,0.0015071776
-0.04182720494057021,-0.00078725815,0.0015094917
-0.04179135128107114,-0.000787735,0.0015057755
-0.041756757451184415,-0.0019153953,0.0015080286
-0.04162518143939865,9.262562e-5,0.0015041347
-0.041621314805005534,0.0007394552,0.0015074722
-0.04159245907002255,0.00059986115,0.0015072824
-0.0415114110975374,0.0015434027,0.0015046778
-0.041415398648333754,0.001136303,0.001502893
-0.04137837275328795,0.0010672808,0.0015079573
-0.04133746777302875,-0.0010179877,0.0015772524
-0.041293639148735184,-0.00033080578,0.0015065499
-0.04124164425113238,0.0008944273,0.0015092856
-0.04118324482479783,0.00019669533,0.0015069405
-0.041135759061110284,-0.0009840727,0.001506762
-0.04100684178098849,0.0005056858,0.0015071573
-0.040999245847119135,5.030632e-5,0.0015067841
-0.040998029124689306,0.0008969307,0.001503036
-0.04087839017988029,4.529953e-5,0.0015037828
-0.040849524312526024,-0.0002722144,0.0015089372
-0.04077856753126201,-0.0007033348,0.0015098463
-0.040776394729553925,-0.00040060282,0.0015061022
-0.040692702245619626,0.000903368,0.00150174
-0.04068246752479355,4.529953e-5,0.0015090565
-0.04065863059478349,0.0021214485,0.0015458644
-0.04057720762040121,1.1920929e-5,0.0015064216
-0.04051696989467116,0.0010514259,0.0015073885
-0.040408418153148384,-0.00068873167,0.001507387
-0.04039452481563995,5.030632e-5,0.0015046336
-0.040372872042020815,-0.0008292794,0.0015058432
-0.04024731738926847,-0.0002579689,0.0015039532
-0.04023094373552403,-0.0003142953,0.0015045351
-0.04018089212632138,0.0019221306,0.0015072515
-0.04013942103378305,-0.0014728308,0.0015057406
-0.04004952684630373,0.0013802052,0.0015050742
-0.039973233611524696,5.030632e-5,0.0015058189
-0.03990052789958259,4.529953e-5,0.0015051104
-0.039820134799566795,0.0007352829,0.0015079243
-0.03978432622726351,-0.00090253353,0.0015054698
-0.039749757967674354,-0.0021303892,0.0015063809
-0.039618194742515975,0.00044238567,0.001506316
-0.03961430320976806,-0.00031632185,0.0015060883
-0.03958540440736056,-0.00074249506,0.0015086343
-0.03950443584043936,-0.00016266108,0.0015031871
-0.03940843550394887,4.529953e-5,0.0015025309
-0.0393713308749533,-0.0015742779,0.0015061332
-0.039330514721914324,0.0011788607,0.0015742644
-0.03928662082388405,0.0006299019,0.0015096543
-0.03923456872834379,0.0012654066,0.0015113201
-0.039176215732433406,-0.00055110455,0.0015058265
-0.03912875554101491,-0.0011278391,0.0015070876
-0.03899982547525146,5.030632e-5,0.001505206
-0.03899218647395759,-0.0013097525,0.0015098297
-0.03899103838957843,-0.00036907196,0.0015038021
-0.038871410883896895,0.0022034645,0.0015057396
-0.038842519445259314,-0.001162827,0.0015061612
-0.03877152161634204,0.00033414364,0.0015064366
-0.03876942754759799,-0.001357615,0.001503081
-0.038685747175062526,-0.0004094839,0.0015043003
-0.038675443817500085,2.3722649e-5,0.001505739
-0.038651551706366624,-0.00034242868,0.0015465034
-0.038570173818194387,-0.00079631805,0.0015057675
-0.03850996166374765,-0.0009855628,0.0015087001
-0.0384013540691587,0.00054848194,0.0015058223
-0.03838750379841763,5.030632e-5,0.0015066399
-0.03836587726999604,-0.0012461543,0.0015058095
-0.038240334055714024,-0.0001320839,0.001506966
-0.038223936177857604,-0.00066411495,0.0015083742
-0.038173842172844634,5.030632e-5,0.0015088046
-0.03813244981392749,0.0015517473,0.0015031932
-0.03804256773850416,0.001450777,0.0015021499
-0.03796619644631823,-0.00076943636,0.0015056998
-0.03789351495750236,0.0009175539,0.0015074182
-0.03781306533149189,-8.571148e-5,0.0015098564
-0.03777730117214156,0.00049483776,0.00150543
-0.0377427591570928,0.0013370514,0.0015040899
-0.037611208044318986,-0.0017101765,0.0015026788
-0.03760729094291639,-0.0025826693,0.0015037322
-0.037578349744369986,0.00014853477,0.0015067882
-0.03749746058202701,-0.00064468384,0.0015029277
-0.037401473032492485,-0.0011255741,0.0015031581
-0.03736428967020431,-0.0011627674,0.0015091248
-0.03732356167112848,0.00039565563,0.0015730554
-0.0372796024993615,-0.00021284819,0.0015044573
-0.03722749387782656,-0.0027976632,0.0015082828
-0.03716918596779764,0.0010938644,0.001506332
-0.03712175202091953,0.00016129017,0.0015050047
-0.036992809168200115,-0.00077813864,0.0015042649
-0.03698512710211035,-0.00013637543,0.001507353
-0.036984047654796126,-0.0014583468,0.0015028208
-0.0368644315879135,4.529953e-5,0.0015037857
-0.03683551457864977,0.00082564354,0.0015036843
-0.03676447570076492,0.0005068779,0.0015075445
-0.03676246036531347,0.0016252995,0.001504393
-0.036678792777433925,0.00014638901,0.0015018701
-0.03666842010954947,-0.00012540817,0.0015078931
-0.03664447281762118,0.0007133484,0.0015463912
-0.03656314068924465,-0.0008777976,0.0015069227
-0.03650295410509549,-0.0002335906,0.0015056283
-0.03639428998549759,-0.0018498898,0.0015102266
-0.03638048278218104,-0.00030255318,0.0015024511
-0.03635888249665696,-0.0010650754,0.0015038705
-0.03623335139574524,-0.0004917979,0.0015073483
-0.036216927947262674,-0.00033682585,0.001505807
-0.03616679154709653,-0.00053966045,0.0015076257
-0.036125479266343276,-0.0006002188,0.0015041645
-0.036035609304618826,-0.00093889236,0.0015051676
-0.035959158605554625,-0.00096839666,0.0015084666
-0.035886502017065024,-0.00090157986,0.0015060414
-0.035805995864402716,-0.0008816123,0.001508461
-0.03577027611833392,0.0003899336,0.0015043272
-0.03573576034749698,0.0020059347,0.001504151
-0.035604221347436314,0.0004168749,0.0015039959
-0.0356002786734361,0.00043439865,0.0015077225
-0.03557129508269373,-0.002321303,0.0015058375
-0.03549048532394325,0.0009431839,0.0015048881
-0.03539450988777902,0.0016338825,0.0015048626
-0.035357247792855394,5.030632e-5,0.001508167
-0.035316607946756964,4.529953e-5,0.001574316
-0.03527258417418179,-0.000947237,0.0015058279
-0.0352204183530665,0.0005799532,0.0015068648
-0.03516215687773327,-0.001129508,0.00150566
-0.035114749173752666,0.001285553,0.0015059749
-0.034985792188548845,-0.00017738342,0.0015073769
-0.03497806772763449,-0.0010738373,0.0015070385
-0.03497705692001383,0.0005520582,0.0015036981
-0.03485745296748724,-0.0017159581,0.0015024942
-0.034828509712368796,-0.0024781823,0.0015045605
-0.034757429786173535,0.00034725666,0.0015077287
-0.034755493182371804,-7.909536e-5,0.001501722
-0.034671838382433956,0.0002194643,0.0015041919
-0.03466139640061311,-0.0008702278,0.0015065091
-0.03463739392821858,0.00019419193,0.0015446207
-0.03455610755963776,0.00022530556,0.0015061218
-0.034495945873186246,-0.0012592673,0.0015055127
-0.034387225228907976,-0.0019443631,0.0015074434
-0.03437346243953012,0.001803875,0.0015039791
-0.03435188772463219,4.529953e-5,0.0015098712
-0.03422636873610504,0.00012588501,0.001502785
-0.03420992038828193,0.0006197691,0.0015058658
-0.03415974159460552,-0.00062304735,0.0015087347
-0.034118508046816286,0.0011589527,0.0015041651
-0.03402865019649067,-0.00044727325,0.0015002559
-0.033952121438048107,-0.0015918016,0.0015086163
-0.033879489075970534,-0.0003401041,0.0015059313
-0.0337989263979707,-2.3424625e-5,0.0015079175
-0.03376325106452629,-0.0012256503,0.001506741
-0.03372876086562981,-0.0019971132,0.0015050295
-0.03359723465055364,4.8279762e-5,0.0015020409
-0.0335932664039558,-0.0016977191,0.0015048131
-0.033564240418717424,0.0007311106,0.0015076847
-0.033483510740759455,-0.00022685528,0.0015025559
-0.033387546742408396,-0.00065910816,0.0015026953
-0.0333502065897493,-0.0011199117,0.0015085018
-0.0333096548962997,-0.00036096573,0.0015746774
-0.03326556652225916,0.0007801056,0.0015060724
-0.033213343501563526,-0.0028091073,0.0015092841
-0.03315512778504027,-0.00045859814,0.0015074408
-0.03310774565234297,4.529953e-5,0.0015063254
-0.03297877588379755,-0.00026279688,0.0015057675
-0.03297100835315862,0.0012153387,0.0015078246
-0.0329700655126316,0.0009075403,0.0015056034
-0.03285047367281815,-0.0026780367,0.0015025528
-0.03282150551901634,-5.5730343e-5,0.0015054732
-0.03275038387158215,-0.0019308925,0.0015071008
-0.03274852600041586,0.0009403229,0.001504291
-0.032664883311876856,0.00022470951,0.001501739
-0.03265437269233391,0.0006222725,0.0015085591
-0.03263031436720179,0.0003106594,0.0015449438
-0.032549074430359454,0.0005623102,0.0015076516
-0.03248893831551982,-0.0003144145,0.0015048542
-0.03238016114590403,0.0007363558,0.0015059453
-0.032366441422307796,-0.0010536313,0.0015052737
-0.03234489295260742,-0.00045716763,0.0015034106
-0.03221938540287917,-0.0020421743,0.0015035381
-0.03220291283061551,5.030632e-5,0.0015056246
-0.032152691642114505,-0.00016266108,0.0015082472
-0.032111536826960725,0.0015001297,0.0015036607
-0.03202169176129103,-0.0010895729,0.0015044261
-0.031945083599584555,-0.0004557371,0.0015119748
-0.03187247613389031,-0.0010422468,0.0015059218
-0.031791856929567215,0.0016192198,0.001509052
-0.03175622600973292,0.0008882284,0.001506339
-0.031721762054719674,-0.0012879372,0.0015071386
-0.03159024727942815,-0.0030219555,0.0015014888
-0.03158625481003264,-0.00069105625,0.0015054155
-0.031557185755069696,-0.0010085106,0.0015116695
-0.03147653548234711,-0.00031971931,0.0015039709
-0.031380584270952014,0.00010430813,0.001502601
-0.03134316471141465,0.0022425652,0.0015085841
-0.03130270117258535,-0.0011318922,0.0015737428
-0.03125854819872235,-0.0011264086,0.0015053262
-0.03120626865071771,-0.0017107725,0.001508008
-0.03114809869234727,0.00028133392,0.0015052706
-0.031100742130933286,-0.00078862906,0.0015065377
-0.030971759578060518,7.6293945e-6,0.0015052197
-0.030963948981311384,-0.0008240342,0.0015080498
-0.030963074777192144,0.00013899803,0.001505132
-0.03084349504976327,-0.0018568635,0.0015052916
-0.030814500653063945,-0.00054723024,0.001504983
-0.030743337956662183,-0.0014075637,0.0015086198
-0.030741559490074122,-0.00038290024,0.0015023033
-0.03065792891424826,-0.002410829,0.0015029343
-0.030647348984383295,-0.0017229915,0.0015066965
-0.03062323547977066,-0.0015231967,0.0015434269
-0.030542040628152634,-0.0009897947,0.0015063895
-0.030481930085582046,-0.0010660887,0.0015071958
-0.030373097061585766,-0.0005989671,0.0015071272
-0.03035942107801398,-0.0012366772,0.0015057233
-0.03033789817926834,-0.0014235973,0.0015069104
-0.030212402743567547,0.0005258322,0.0015056679
-0.030195904600020577,0.00031924248,0.0015042757
-0.030145641017023557,0.00014090538,0.0015098725
-0.030104565606448003,0.00015377998,0.0015043553
-0.03001473332872001,-0.0015949607,0.0015014744
-0.029938046433063775,-0.0001501441,0.0015045905
-0.029865463864738595,-0.0005556345,0.0015061991
-0.029784787461820887,-0.0020056367,0.0015093867
-0.029749200955596702,-0.00375247,0.0015054204
-0.029714763244466702,-0.0019094348,0.0015032622
-0.02958326058123116,-0.00407964,0.0015049498
-0.029579242541538084,-0.0022429228,0.0015027124
-0.029550131092079122,-0.0018931031,0.001506098
-0.029469560224591913,-0.00094246864,0.0015026024
-0.02937362112525281,-0.00084370375,0.0015035769
-0.029336122833408577,0.00063323975,0.0015094999
-0.029295748121799504,-0.0007442832,0.0015765532
-0.02925153054581399,-0.002472043,0.0015058715
-0.029199193128586286,-0.0003733039,0.0015077835
-0.029141069600968586,5.030632e-5,0.0015040997
-0.029093738612152226,-0.0013648272,0.0015057784
-0.028964743271009175,-0.0023093224,0.001502306
-0.028956889607821258,-0.0024107099,0.0015083309
-0.028956084041752685,4.529953e-5,0.0015042196
-0.02883651575509418,-0.0007392168,0.0015052728
-0.02880749578612582,-0.00014466047,0.0015054912
-0.028736292041742217,5.030632e-5,0.001508854
-0.02873459230680387,-0.0033688545,0.0015022511
-0.02865097384631978,-0.0020620823,0.00150081
-0.028640325276432677,-0.0032110214,0.0015065925
-0.028616156591682373,-0.00022029877,0.0015438749
-0.02853500749854574,-0.00031924248,0.0015052876
-0.028474922527258466,-0.0006995797,0.0015072435
-0.028366032976610348,-0.0010851622,0.0015094113
-0.02835240006243455,-0.00025981665,0.0015065864
-0.028330902734315058,-0.0014731884,0.0015029686
-0.028205420083927346,-0.0028618574,0.0015070956
-0.028188897041039843,-0.001019299,0.0015065165
-0.02813859106387539,-0.0009786487,0.0015081262
-0.02809759438692102,-0.0030998588,0.0015084735
-0.028007774220591856,0.0002515316,0.001505367
-0.02793100926522868,-0.0010327101,0.0015109384
-0.027858450923644106,-0.0008890033,0.0015062304
-0.027777717995388876,-0.0014259219,0.0015067878
-0.02774217657471758,-0.0014451146,0.0015048193
-0.02770776443552804,-0.00094753504,0.0015060185
-0.02757627388434849,0.00017631054,0.0015031141
-0.027572230272386367,-0.0020723343,0.001504632
-0.027543076429417133,4.529953e-5,0.0015071533
-0.027462585641079548,-0.00030326843,0.0015023967
-0.027366657979882192,-0.0010917783,0.0015013736
-0.027329081630302482,-0.0030289292,0.0015051585
-0.027288794397756576,0.00023376942,0.0015751023
-0.027244512220305696,-0.0004144311,0.001507109
-0.02719211827675473,-0.0006708503,0.0015113526
-0.027134040509589903,0.0002747774,0.0015048814
-0.027086735763671044,-0.0014291406,0.0015057899
-0.02695772696527214,-0.0017823577,0.0015051992
-0.02694983023367397,-0.0018556714,0.0015092647
-0.02694909330795612,-0.0019341111,0.0015016966
-0.026829537133353606,-0.0024543405,0.0015047656
-0.026800491592773354,-0.0037215352,0.0015071864
-0.026729246126493668,-0.0035731196,0.0015069256
-0.026727625126162245,-0.00085532665,0.0015048558
-0.026644019450005496,-0.0011916757,0.0015021169
-0.02663330156716774,-0.0042114854,0.001505377
-0.026609077702608355,-0.0011846423,0.0015408195
-0.026527974369267432,-0.00024223328,0.001504941
-0.02646791429534922,-0.0010880232,0.0015050569
-0.02635896889294924,-0.000112235546,0.001506742
-0.026345379046197964,-0.002287805,0.0015052428
-0.02632390796229029,-0.0022431612,0.001503763
-0.026198436751358634,-0.0022386312,0.0015032253
-0.026181889483373418,-0.0021288395,0.0015041679
-0.026131541111384368,-0.0019497871,0.001508533
-0.026090623839993964,-0.0031069517,0.0015003091
-0.02600081578572079,-0.0016460419,0.0015022967
-0.025923971424465078,-0.0021432638,0.0015081955
-0.025851437983206778,-0.0002476573,0.0015059371
-0.025770648528299703,-0.00027644634,0.0015056106
-0.025735151520909945,-0.0015026331,0.0015055697
-0.02570076495201798,-0.0030552745,0.0015044521
-0.02556928718845155,-0.0007199645,0.001504604
-0.025565218675834583,-0.0036578178,0.0015066473
-0.025536021766755138,-0.0018910766,0.0015069132
-0.0254556103826672,-0.001822114,0.001503741
-0.025359695509411542,-0.0013179779,0.0015032135
-0.025322039753282143,-0.00036752224,0.0015070171
-0.02528184134598499,-0.0025238395,0.0015761958
-0.025237493895454564,-0.0019299388,0.0015044913
-0.025185043424923184,-0.0036059022,0.0015083085
-0.02512701141821122,-0.0016822815,0.0015063989
-0.025079732242261357,-0.0033194423,0.0015054857
-0.024950709986606603,-0.0020068288,0.0015043998
-0.024942771532126616,-0.0020780563,0.0015063275
-0.024942102572845244,-0.002847433,0.001505222
-0.02482255783737021,-0.0007069111,0.0015052551
-0.024793486728135278,-0.0023893714,0.0015061062
-0.024722200884502214,-0.0005912185,0.0015065571
-0.024720657942891994,4.529953e-5,0.0015033425
-0.0246370650523769,-0.00051373243,0.0015020166
-0.024626278531488473,-0.003011167,0.001506598
-0.024601998814191492,-0.0006738305,0.0015437284
-0.024520941239989116,-0.0009886026,0.0015084187
-0.02446090673833995,-0.0024927855,0.0015067763
-0.024351904136359626,-0.0031110048,0.0015068613
-0.024338358701575573,-0.00039106607,0.0015030059
-0.024316913188951204,-0.0005300045,0.0015048707
-0.02419145409204701,-0.0030403137,0.0015013317
-0.02417488125277848,-0.0016140938,0.0015049132
-0.02412449116053625,-0.0036388636,0.0015062597
-0.02408365261948124,-0.0047754645,0.0015013092
-0.023993857352821196,-0.0003655553,0.0015027622
-0.02391693425794429,-0.0015205741,0.0015068497
-0.023844425713726483,-0.00055867434,0.0015057595
-0.02376357906121053,-0.0011625886,0.0015077397
-0.023728126467102303,5.030632e-5,0.0015068954
-0.023693766141436423,-0.0023499727,0.0015048564
-0.023562300490583145,-0.0007379651,0.001501797
-0.0235582064076686,0.00081145763,0.0015094826
-0.023528967102778832,-0.0022854805,0.0015085611
-0.023448635124912007,0.00031745434,0.0015042092
-0.023352732363712346,-0.0023777485,0.0015031326
-0.023314998547875998,-0.001118958,0.0015078846
-0.023274887623256378,-0.0015979409,0.0015764828
-0.023230476243860515,-0.0011872649,0.0015087214
-0.023177967902791752,-0.0023510456,0.0015091
-0.02311998232551822,-7.480383e-5,0.0015058724
-0.02307272872216598,-0.0015778542,0.0015039361
-0.022943693680869577,-0.0036960244,0.0015051505
-0.022935712158965067,-0.0035976171,0.0015072643
-0.022935111837077207,-0.000192523,0.0015029839
-0.022815579214315325,-0.0008842945,0.0015060535
-0.022786481860868568,0.00013399124,0.0015052299
-0.02271515496958225,-0.0015591383,0.0015069945
-0.022713690759950327,-0.0026897788,0.0015027956
-0.022630109981819795,-0.0015428662,0.0015050336
-0.02261925482419501,-0.0027868748,0.0015056514
-0.022594919253174695,-0.0019842982,0.0015411787
-0.022513908111039385,-0.0029248595,0.0015045537
-0.02245389918001637,-0.0026489496,0.0015056585
-0.022344840052698517,-0.0016852617,0.0015082165
-0.022331337684681832,-0.0019943714,0.0015096838
-0.022309918416926436,-0.001096189,0.0015060029
-0.022184471431749654,0.0014754534,0.0015045193
-0.022167873695112056,-0.0014365315,0.001503445
-0.022117440535445308,-0.0028598905,0.0015053282
-0.022076681399954258,-0.0034561753,0.0015035147
-0.02198689824469304,-0.0017351508,0.0015027627
-0.021909897092737822,-0.0021676421,0.0015071719
-0.021837412771974832,-0.00048279762,0.0015084695
-0.021756509592807047,-0.0017366409,0.0015076441
-0.02172110141198036,-0.0010661483,0.0015077261
-0.021686767331840606,-0.00032246113,0.0015076295
-0.021555313792386156,4.529953e-5,0.0015031146
-0.021551194140159775,-0.0032185316,0.001503562
-0.021521913113045348,-0.0006260276,0.0015084405
-0.021441660540413902,-0.0025835037,0.0015041
-0.021345769891270232,-0.0013008118,0.0015030578
-0.02130795666954135,-0.0016541481,0.0015051237
-0.021267934572141954,-0.0020825267,0.0015767461
-0.02122345791933796,-0.0026394129,0.0015061508
-0.021170893052274514,-0.002439022,0.001512414
-0.021112953234139538,-0.0021669269,0.0015058446
-0.02106572587499911,-0.0019557476,0.0015052533
-0.020936677373818234,-0.0007993579,0.0015047239
-0.020928652786460673,-0.00481385,0.0015064297
-0.020928121103280642,-0.0013654232,0.0015030066
-0.020808599919646238,-0.00216192,0.0015039115
-0.020779476993601866,-0.00074774027,0.0015060985
-0.020708109054333707,-0.0016648173,0.001506555
-0.02070672425190863,-0.0023221374,0.0015012429
-0.020623155585505516,-0.0002771616,0.0015008255
-0.02061223111525866,-0.0034448504,0.0015074055
-0.020587840365086416,-0.004548073,0.0015429519
-0.020506874309161142,-7.468462e-5,0.0015031501
-0.020446890948107123,-0.0003414154,0.0015079291
-0.0203377759677231,-0.0032214522,0.0015106756
-0.020324317341045173,-0.00028949976,0.0015051918
-0.020302923644901667,-0.0019398332,0.001501989
-0.020177488772109453,-0.0020176768,0.001505579
-0.02016086613744563,-0.00034606457,0.0015056232
-0.020110390581968556,-0.00088632107,0.00150674
-0.020069710180427268,-0.0024228096,0.0015030263
-0.019979939809821975,0.00052154064,0.001502106
-0.01990285925197422,-0.0022049546,0.0015040397
-0.019830399831537504,-7.742643e-5,0.0015068896
-0.01974944012473214,-0.0012779832,0.0015089081
-0.019714076358172725,-0.0037835836,0.0015084812
-0.019679768521916205,-0.0024781823,0.0015053535
-0.0195483270968178,-0.0029515028,0.0015022027
-0.019544182544265147,-0.0040978193,0.0015065848
-0.01951485845169767,-0.0016629696,0.001505061
-0.019434685282987293,-0.0016549826,0.0015042352
-0.01933880674655676,-0.0039862394,0.0015033466
-0.019300915465449514,-0.0009768605,0.001507818
-0.019260980847441864,-0.00085276365,0.0015788246
-0.019216440266429602,-0.0030120611,0.0015041984
-0.0191638182014287,-0.0022380352,0.0015065153
-0.019105924143746587,-0.0028080344,0.0015040901
-0.01905872235490374,-0.0010877848,0.001504821
-0.01892966106676689,0.00056791306,0.0015067307
-0.018921593413299125,-0.0019622445,0.0015060414
-0.01892113036882692,-0.00035828352,0.0015044813
-0.018801621297905663,-0.00467968,0.0015052923
-0.018772472800577984,-0.0014963746,0.0015071334
-0.01870106313941374,-0.0019703507,0.0015051729
-0.018699757069952694,-0.0048078895,0.0015011096
-0.01861620118919123,-0.0029600859,0.0015016306
-0.0186052074063223,-0.0028820038,0.0015066515
-0.018580761475683813,-0.0024645329,0.0015413102
-0.01849984117922568,-0.0018857121,0.0015046742
-0.018439883390440698,-0.0020368695,0.0015057967
-0.01833071188406199,-0.0024856925,0.0015085989
-0.01831729632448001,-0.0026465058,0.0015035159
-0.018295928871562582,-0.0032897592,0.001501624
-0.018170505439212163,-0.003997743,0.0015035587
-0.01815385790553639,-0.0009821653,0.0015041936
-0.018103340628491803,-0.00210917,0.0015053907
-0.01806273963251448,-0.0034825206,0.0015011787
-0.017972981375608064,-0.0007016659,0.0015029198
-0.017895822084139125,-0.0016637444,0.0015071954
-0.01782338756205721,2.2649765e-5,0.0015051997
-0.0177423706586287,-0.002898991,0.0015065655
-0.017707051977293595,-0.002318859,0.0015057444
-0.0176727690390633,-0.003499627,0.001505202
-0.017541339725692308,-0.0023821592,0.0015035836
-0.017537170274784852,0.00019788742,0.0015081951
-0.017507803787721363,-0.0024721026,0.0015073238
-0.017427710025889255,-0.0030731559,0.0015025946
-0.01733184360151472,-0.0025390387,0.001502852
-0.01729387358974349,-0.0026644468,0.0015072591
-0.017254027797641756,-0.0009045601,0.001580915
-0.017209421941907048,-0.003695488,0.0015061062
-0.01715674334992573,-0.003561914,0.0015095042
-0.017098895051382172,-0.00499022,0.001505384
-0.017051718833494045,-0.0025604963,0.0015043519
-0.016922644762344174,-0.002483368,0.0015076919
-0.01691453403948042,-0.0013636947,0.0015072937
-0.01691413963338747,-0.0018827915,0.001504985
-0.016794642001922266,-0.002572775,0.0015047644
-0.016765467933639852,-0.0041356087,0.0015042104
-0.01669401722449377,-0.0030791163,0.0015064644
-0.016692789886682442,-0.004083276,0.0015018246
-0.01660924611863413,-0.0015109777,0.0015031265
-0.016598183699028844,-0.0018415451,0.001506564
-0.016573682586938372,-0.002699256,0.0015410163
-0.016492808049947363,-0.0030449629,0.0015041059
-0.016432875159845768,-0.0035162568,0.0015055393
-0.016323647801058043,-0.0011256933,0.0015076194
-0.016310275980514773,-0.0029993057,0.0015046387
-0.016288934099537813,-0.0019155145,0.0015048038
-0.016163522778586223,-0.003534019,0.001501762
-0.016146850347869966,-0.002290845,0.0015075863
-0.016096290676329367,-0.0010011792,0.0015073307
-0.01605576841298749,-0.0031477213,0.0015006979
-0.015966022268794226,-0.0043925643,0.0014989403
-0.015888784918932655,-0.0011983514,0.0015063551
-0.015816374620305558,-0.0028651357,0.0015072437
-0.015735301191539527,-0.0024482608,0.0015073601
-0.015700026922171643,-0.0046414733,0.0015041227
-0.015665770228810327,0.0007611513,0.001506007
-0.01553435302749532,-0.0019113421,0.001502208
-0.01553015800727603,-0.0039138794,0.001503264
-0.015500749123745057,-0.0018168688,0.0015075691
-0.015420735440733996,-0.004594207,0.0015009851
-0.01532488112972976,-0.0029742718,0.0015026426
-0.01528683238532308,-0.0017614365,0.0015075577
-0.01524707407359882,-0.002684772,0.0015827455
-0.015202404290313005,-0.00046265125,0.0015048034
-0.01514966782516567,-0.0030742884,0.0015075788
-0.015091865958689173,-0.0026442409,0.001506779
-0.01504471598632718,-0.0013201237,0.0015055062
-0.014915628456278564,-0.0023040771,0.0015045651
-0.0149074753389188,-0.0024963021,0.0015061358
-0.014907148898605165,-0.001458466,0.0015003742
-0.014787663380181691,-0.0010885,0.0015041617
-0.014758463067358889,-0.0019872189,0.0015059416
-0.014686971982830893,-0.0022451282,0.0015063548
-0.01468582270341219,-0.0026410222,0.0015021955
-0.014602291722319846,-0.0012885928,0.0015024665
-0.01459116066400673,-0.0020119548,0.0015086932
-0.014566603699507241,-0.004367888,0.001539316
-0.014485774920997632,-0.0012671947,0.0015058153
-0.014425867602179343,-0.0037495494,0.001505091
-0.014316583717396934,-0.0037916303,0.0015080596
-0.014303254964278186,-0.003799975,0.001501376
-0.014281939327513038,-0.00169456,0.001502835
-0.014156540120260339,-0.002757609,0.0015042331
-0.014139842788889224,-0.0027745962,0.0015040273
-0.014089240052224158,-0.0028209686,0.0015066679
-0.014048797193460506,-0.0030971766,0.0015038254
-0.013959063834908893,-0.0010718703,0.0015011908
-0.013881747079154794,-0.0005148649,0.0015076806
-0.013809361678882491,-0.0022591352,0.0015079455
-0.013728231723136045,0.0003386736,0.001507637
-0.013693001868364009,-0.0041382313,0.0015059942
-0.013658771418885933,-0.0008491874,0.0015071711
-0.013527366330612647,-0.0028162599,0.0015035187
-0.013523146412038556,-0.0035976171,0.0015041318
-0.013493694461083061,5.030632e-5,0.0015069227
-0.01341376018330738,-0.0006275177,0.001503097
-0.01331791798501629,-0.0027065277,0.0015009735
-0.013279790507317007,-0.0018975735,0.0015074853
-0.013240121021827242,-0.00092977285,0.001582011
-0.013195385964804712,-0.002277732,0.0015038726
-0.013142592975634172,-0.0037751794,0.0015073775
-0.01308483686731049,-0.0053533316,0.001508166
-0.013037712466231803,-0.0043673515,0.0015033699
-0.012908612149555798,-0.0027952194,0.0015049552
-0.012900415965428673,-0.0025481582,0.0015070144
-0.012900158164151444,-0.00064724684,0.001504824
-0.012780684759755433,-0.0031393766,0.0015017629
-0.012751458874335,-0.0021335483,0.0015032899
-0.012679926069553822,-0.0019970536,0.0015079938
-0.01267885619438476,-0.0031554103,0.0015039382
-0.012595337326005561,-0.0013862848,0.0015007999
-0.012584136954741795,-0.0028780699,0.0015064499
-0.01255952413849045,-0.0025205612,0.0015396596
-0.012478741791062162,-0.0030670166,0.0015058046
-0.012418860043198601,-0.0021768808,0.001507615
-0.012309519632421516,-0.0018951893,0.0015073518
-0.012296234621627267,-0.0017029047,0.0015034829
-0.01227494455548827,-0.00064885616,0.0015052008
-0.01214955746062013,-0.0022178292,0.0015035913
-0.012132835230237067,-0.0026619434,0.0015041478
-0.01208219009907599,-0.0030872822,0.0015078625
-0.012041825972619213,-0.0036631823,0.0015015929
-0.011952105399709256,-0.0047779083,0.0014996955
-0.011874709911648268,-0.0009306669,0.0015069975
-0.011802349410387936,-0.0018891692,0.0015055498
-0.011721162256046871,-0.002064705,0.0015081856
-0.011685976814556381,-0.004691541,0.0015051147
-0.011651772608961539,-0.0039177537,0.001506226
-0.011520379633729969,-0.0027675629,0.0015031642
-0.011516134143215409,-0.002566874,0.0015051091
-0.011486639798421072,-0.0029342175,0.0015063544
-0.011406785599137853,-0.0022441149,0.0015021767
-0.011310955513559914,-0.0026670098,0.0015020891
-0.01127274930322518,-0.0031737685,0.001509771
-0.011233167299427207,4.529953e-5,0.0015818353
-0.011188368312882085,-0.0027945638,0.0015087079
-0.011135518124788357,-0.0034796596,0.001509171
-0.0110778077759318,-0.00055116415,0.0015049499
-0.011030709617750628,-0.0040993094,0.0015048574
-0.010901595843818765,-0.0028366446,0.001502757
-0.010893356592267117,-0.00039416552,0.0015098702
-0.010893167429040562,-0.0037765503,0.0015021359
-0.01077370546377203,-0.0015873909,0.0015016936
-0.010744454008382615,-0.0040679574,0.0015055287
-0.010672880153648118,-0.004156053,0.0015065168
-0.010671889012428826,-0.0024485588,0.0015027294
-0.010588382255448461,-0.0014885664,0.0015025357
-0.010577113246134015,-0.0038003922,0.001508967
-0.010552445250402165,-0.0025391579,0.0015386915
-0.01047170866178386,-0.0024151802,0.0015066075
-0.010411851812603665,-0.0020711422,0.0015068271
-0.010302455548103245,-0.00398916,0.0015084854
-0.010289214277004868,-0.0018127561,0.0015064456
-0.010267949782149191,-0.0016115308,0.0015029912
-0.010142574127722848,-0.0027532578,0.0015017929
-0.010125827000627863,-0.0018845797,0.0015070532
-0.010075140145599237,1.8000603e-5,0.0015071586
-0.010034855424706418,-0.0025209188,0.0015046356
-0.009945146292895418,-0.0010544658,0.0015028879
-0.009867672743813172,-0.0011274219,0.0015072228
-0.00979533646929344,-0.00075763464,0.0015095356
-0.009714092788957698,-0.0030682683,0.0015075684
-0.009678952433677251,-0.0032874346,0.0015035773
-0.009644773798708553,-0.0020490885,0.0015062382
-0.009513392936847304,-0.0018449426,0.0015015558
-0.009509122546663626,-0.0025500655,0.0015060202
-0.009479585135759083,-0.0038850904,0.0015069721
-0.009399810341382667,-0.0026763678,0.001505417
-0.009303992369175021,-0.0014746189,0.0015028514
-0.009265707425876263,-0.0036498904,0.0015072929
-0.009226214247984199,-0.0016565919,0.0015869583
-0.009181349988359538,-0.004011452,0.0015072955
-0.009128443273613965,-0.0034658313,0.0015054222
-0.009070779357481629,-0.0038019419,0.0015043406
-0.009023706097655251,-0.0021928549,0.0015073133
-0.008894579538081746,-0.0024436116,0.0015049744
-0.008886297218119843,-0.0024605393,0.0015060169
-0.008886176693272532,-0.0026811957,0.0015024462
-0.008766726840717151,-0.003081739,0.0015033734
-0.008737449142430215,-0.0024713278,0.0015032279
-0.00866583423774242,-0.0014163852,0.0015059566
-0.008664921829158581,-0.0035877228,0.0015009138
-0.008581427859134183,-0.003475368,0.0015029637
-0.008570090210783338,-0.004099965,0.0015078196
-0.008545366362313886,-0.002247095,0.001539365
-0.008464675532834115,0.00029957294,0.0015083739
-0.008404844254937247,-0.0028880239,0.0015050933
-0.008295391464113566,-0.0030406713,0.001505996
-0.008282193260111134,-0.0027481318,0.0015037666
-0.008260955009138676,-0.000623405,0.0015037637
-0.00813559146808264,-0.0023716092,0.0015053273
-0.008118819442961445,-0.0024642944,0.0015061705
-0.008068090194422534,-0.0022631884,0.0015078011
-0.008027884205179428,-0.000903666,0.0015042966
-0.007938187859010085,-0.0014771819,0.0015035367
-0.0078606355772924,-0.0038582683,0.0015088054
-0.007788323527541802,4.529953e-5,0.0015062672
-0.007707023321868525,-0.00029230118,0.0015093948
-0.007671927379869617,-0.0041795373,0.0015045182
-0.007637774315855647,-0.001776576,0.0015049584
-0.007506406238650315,-0.0012211204,0.0015048081
-0.007502110278497648,-0.005046189,0.0015063693
-0.007472531144711275,-0.0025724769,0.0015068245
-0.007392835083956051,-0.0041864514,0.0015024053
-0.007297029896732907,-0.00046402216,0.0015017949
-0.007258666221455851,0.00029480457,0.0015069165
-0.007219260523284116,-0.0020961165,0.0015846329
-0.007174332335779757,-0.000624001,0.0015045812
-0.007121368423096727,-0.0010232925,0.0015088709
-0.007063750264788629,-0.004727781,0.0015046227
-0.007016702578874184,-0.0021731853,0.0015031464
-0.006887563232016128,-0.0013200641,0.0015049179
-0.0068792385169010595,-0.0044165254,0.0015073254
-0.006879185958818812,-0.0027285814,0.0015035908
-0.006759747546048064,-0.001993537,0.0015041934
-0.006730444948092024,-0.0043286085,0.001502778
-0.006658788996079537,-0.0021718144,0.0015062391
-0.006657955320131151,-0.0024015903,0.0015030043
-0.006574473461834152,-0.00021374226,0.0015008235
-0.006563066503818452,0.00036263466,0.0015075862
-0.006538287472911283,-0.0017274022,0.0015399265
-0.006457642403884384,-0.0026481152,0.0015060174
-0.006397836695956505,-0.0038511753,0.0015051394
-0.006288327381438197,-0.002651453,0.0015066465
-0.006275172916474475,-0.0019586682,0.0015041116
-0.006253960238099654,4.529953e-5,0.001505031
-0.006128608808442446,-0.0031249523,0.0015053566
-0.006111811883980703,-0.0025990605,0.0015065337
-0.00606104024193152,-0.0011957884,0.0015075277
-0.006020912986638177,-0.0015394092,0.0015020077
-0.005931229424139012,-0.0025247335,0.0015047563
-0.005853597738500263,-0.0022146106,0.0015074266
-0.005781311259047239,-0.0010734797,0.0015066578
-0.005699953854450782,-0.0030335188,0.0015097127
-0.005664902324747659,-0.0025718212,0.0015048988
-0.00563077550593126,-0.0030995011,0.0015046572
-0.005499419541767636,-0.00033402443,0.0015034993
-0.00549509801033167,-0.00401628,0.0015016539
-0.005465476482049286,-0.0016891956,0.0015062509
-0.005385860498800785,-0.0020899773,0.0015034919
-0.005290066752019443,-0.003307104,0.0014997019
-0.005251624343778363,-0.0027641654,0.0015068752
-0.005212306799898342,-0.000210464,0.0015857256
-0.005167314010928625,-0.0022642016,0.0015055337
-0.005114293572250905,-0.0030412674,0.0015074105
-0.005056721173409939,-0.0015832782,0.001507646
-0.005009699730393002,-0.0018576384,0.0015042187
-0.004880546925293369,-0.0026282668,0.0015048644
-0.004872195225022247,-0.0031524897,0.0015050839
-0.0048721791443966656,-0.0015176535,0.0015060679
-0.004752768923321757,-0.0023002625,0.0015027826
-0.004723440082139624,-0.0026892424,0.0015052789
-0.004651743081488149,-0.0024886727,0.0015101042
-0.004650988138175216,-0.003734231,0.001503597
-0.004567519064534134,-0.0027934313,0.0015022999
-0.0045560427945535165,-0.0037239194,0.0015064132
-0.0045312085848229905,-0.0037534237,0.0015388111
-0.004450609274934653,-0.0011984706,0.0015063899
-0.004390828465361582,-0.0020925403,0.0015061502
-0.004281263296462778,-0.00202775,0.0015087578
-0.0042681518999093115,-0.002966702,0.0015045184
-0.004246965464760569,-0.0037997365,0.0015060338
-0.004121626148473667,-0.0041230917,0.0015034303
-0.004104804326314285,-0.0018783212,0.001503997
-0.004053990289111936,-0.0026438832,0.0015053041
-0.004013942439053966,-0.0007889867,0.0015040082
-0.003924270989925108,-0.0031295419,0.0015053711
-0.0038465605713223217,-0.001829505,0.001504954
-0.0036928843863758692,-0.003669262,0.0015075583
-0.003657877943868529,-0.003287077,0.0015061862
-0.003623776695678274,-0.0018039942,0.0015059572
-0.003492432844884971,-0.0016372204,0.0015025666
-0.003488086413779873,-0.0048286915,0.0015028317
-0.003458421820044452,-0.001118362,0.0015074792
-0.0033788852403884434,-0.0038143992,0.0015028447
-0.003283104280563068,-0.002120912,0.0015014174
-0.003244583138372212,-0.0015044808,0.0015102491
-0.0032053537494410728,-0.0028436184,0.0015847529
-0.003160296359334569,-0.0013285875,0.0015063479
-0.0031072180484765927,-0.0020399094,0.0015054595
-0.0030496920826884183,-0.004053712,0.0015016152
-0.003002696208983316,-0.001985848,0.0015049309
-0.002873530618242026,-0.0028944016,0.0015048354
-0.002865204489582787,-0.0016648769,0.0015035603
-0.0028651197712351167,-0.0019785762,0.0015088897
-0.002745790301252604,-0.0012056828,0.001505087
-0.002716435216187238,-0.005436361,0.0015025282
-0.0026446971668967617,-0.0032747984,0.001503566
-0.002644020955233542,-0.00390774,0.0014986531
-0.002560563995948506,-0.0029164553,0.0015036184
-0.0025490190856171657,-0.0044724345,0.0015052079
-0.002524129023806207,-0.0044040084,0.0015409689
-0.0024435761446706117,0.00036013126,0.0015054542
-0.00238382090769515,-0.0030184984,0.0015072013
-0.002274199212144515,-0.0009419918,0.0015075732
-0.002261131556601223,-0.00010240078,0.0015042063
-0.002239970691750054,-0.001975119,0.0015055082
-0.00211464348784772,-0.0009185076,0.0015040166
-0.0020977967686478527,-0.0019185543,0.0015054946
-0.002046939662706679,-0.00066047907,0.0015072987
-0.0020069712182126664,-0.0025832653,0.0015006115
-0.0019173125553826192,4.529953e-5,0.001501564
-0.0018395234034872254,-0.0028644204,0.001506994
-0.0017672860488010395,-0.0008432269,0.0015064449
-0.0016858155922152146,-0.003035605,0.0015056621
-0.0016508528900608943,-0.0035504103,0.0015052994
-0.0016167778860824572,-0.0028122663,0.0015055361
-0.0014854461466879826,-0.0013263822,0.001504272
-0.0014810741456138948,-0.0032032728,0.0015064114
-0.0014513671573824632,-0.0013126731,0.0015064336
-0.0013719106572046558,-0.0021706223,0.0015035683
-0.001276141135192435,-0.0006787181,0.0015020808
-0.0012375419349375388,-0.0029529333,0.0015054742
-0.001198400026055299,-0.00084650517,0.0015872966
-0.001153278034812022,-0.0017450452,0.0015066087
-0.0011001431979593551,-0.00019782782,0.0015076962
-0.0010426629906525736,-0.004755497,0.0015046729
-0.0009956933618164437,-0.0026844144,0.0015033697
-0.0008665143134907322,-0.0017400384,0.0015020041
-0.0008582137541433277,-0.0017523766,0.001500995
-0.0008580610696877627,-0.0019764304,0.0015060025
-0.0007388110065835174,-0.0023726225,0.0015055304
-0.0007094310218490468,-0.0018527508,0.0015060784
-0.0006376512509910642,-0.004119873,0.0015050543
-0.0006370544458775274,-0.00063329935,0.001504286
-0.0005536095996342277,-0.002537787,0.001501819
-0.0005419960515807842,4.529953e-5,0.001504554
-0.0005170501344036044,-0.0024874806,0.0015407986
-0.0004365430157208805,-0.0014047623,0.0015062521
-0.0003768133487144082,-0.0041220784,0.0015070126
-0.00026713512914056103,-0.0030856133,0.0015074266
-0.0002541105393789045,-0.0007560253,0.001505734
-0.00023297659363953616,-0.0012299418,0.0015048792
-0.00010766015560759179,-0.0041176677,0.0015043658
-9.078853805292997e-5,-0.00143677,0.0015073409
-3.9889710544235846e-5,-0.0009549856,0.0015080934
0.0,-0.005512595,0.0015018894
8.964655274554256e-5,-0.0001835227,0.0015023184
0.00016751376204782176,0.00019347668,0.0015075314
0.0002397268926220275,-0.0014916062,0.0015059075
0.0003212538752025429,-0.0016562939,0.00150819
0.00035617216506105,-0.0037116408,0.001505529
0.0003902209238419302,-0.0037863255,0.0015036959
0.0005215405501946824,-0.0021039248,0.0015027493
0.0005259374489664237,-0.0023234487,0.0015057698
0.0005556868330081899,-0.00048732758,0.0015079564
0.0006350646002219601,-0.0011627078,0.0015035807
0.0007308213365925242,-0.0019687414,0.0015019465
0.0007694999420827936,-0.0014601946,0.0015073756
0.0008085530257162798,-0.00041115284,0.001589145
0.0008537396167820205,-0.0013582706,0.0015075678
0.0009069316535436217,-0.0003053546,0.0015091693
0.0009643661020404259,-0.00048017502,0.0015079938
0.0010113101592646584,-0.0016774535,0.0015038225
0.0011405019932320404,-0.0032064915,0.0015038989
0.001148776307381874,-0.0008288026,0.0015021522
0.001148998303473786,-0.00083863735,0.0015086201
0.0012681676151570648,-0.0018160343,0.0015028701
0.001297573844103353,-0.0013186336,0.0015069883
0.0013693939906718189,-0.003272593,0.0015079069
0.0013699127360784075,-0.003026843,0.0015041018
0.0014533447976657898,-0.003388822,0.001502309
0.0014650276576841509,-0.0041211843,0.0015071351
0.0014900287536846885,-0.0025274158,0.0015389781
0.0015250836352157793,-0.0019398332,-6.889374e-5
0.0015704901132288646,-0.0029229522,0.0015029823
0.0016301948818805145,-0.0032784939,0.0015063111
0.0017399289545205476,5.030632e-5,0.0015074976
0.0017529098042577546,0.0006238222,0.001508054
0.0017740181783852393,-0.0043671727,0.0015031428
0.0018993225037040318,-0.0022242665,0.001504982
0.0019162190209278118,-0.0017539263,0.0015057442
0.0019671602409610384,-0.0012059808,0.0015062946
0.0020069705479127953,-0.0025048852,0.0015032969
0.0020966049859737074,-0.0020298958,0.0015031705
0.0021745509288971787,0.0010908842,0.0015079215
0.00224673916111659,-0.0023069978,0.001506802
0.0023283233426202865,-0.0019962192,0.0015085181
0.00236319654594018,-0.0034182072,0.0015049847
0.0023972197344234863,-0.002184391,0.0015036471
0.002528626720236876,-0.0017733574,-6.889374e-5
0.002532949718118141,-0.00089383125,0.0015077299
0.0025627414969844886,-0.0015311837,0.0015080312
0.002642039185048642,-0.0019152164,0.0015027369
0.0027377844816345587,-0.0027718544,0.0015017914
0.00277654114683179,-0.00030702353,0.0015074416
0.0028155067491020536,-0.0015925169,0.0015900545
0.0028607572696903866,-0.0017079711,0.0015065782
0.0029140065043894298,-0.0025274754,0.0015121462
0.002971395193419102,-0.0022190213,0.0015041732
0.003018313006760115,-0.002205968,0.001504639
0.0031475183002833834,-0.002049625,0.0015016933
0.003155767043149918,-0.0032424927,0.0015043808
0.003156057676635335,-0.0019066334,0.0015059031
0.003275146236897633,-0.0015997887,0.0015039349
0.003304578710055739,-0.004131913,0.0015052526
0.0033764399046060517,-0.0012580156,0.0015069756
0.003376879246091563,-0.0019205213,0.0015037226
0.0034602991943086525,-0.0029884577,0.0015042399
0.0034720506933634127,-0.0014374256,0.0015040985
0.0034971076417729674,-3.8325787e-5,0.0015372379
0.003532169805257973,-0.0016068816,-6.889374e-5
0.0035775232434929055,-0.000947237,0.0015057157
0.0036372024395469466,-0.002815783,0.0015050678
0.003746993039495966,-0.0013867021,0.0015086908
0.0037599301462515194,-0.0014705658,0.0015024678
0.0037810129517243246,-0.0024002194,0.001503943
0.003906305164329965,-7.838011e-5,0.0015061953
0.003923226579908554,-0.0014395118,0.0015032563
0.003974210193780636,-0.0010235906,0.0015070061
0.004013941768754095,-0.0047718883,0.0015031663
0.004103563420516196,-0.0011229515,0.0015039183
0.004181588769003625,5.030632e-5,0.0015053399
0.004253752102868241,-0.00096064806,0.001506329
0.00433539280970946,-0.0034947991,0.001508285
0.0043702215997478144,-0.0050070286,0.001506069
0.004404218544019303,-0.0012555718,0.0015054808
0.00453571289027907,-0.0014404058,-6.889374e-5
0.00453996131434134,-0.004126072,0.0015053356
0.0045697961596464776,-0.0016050935,0.0015057984
0.004649014442475258,-0.0032414794,0.0015044169
0.004744746954405257,-0.0030338764,0.0015023784
0.004783583024180707,-0.0025014281,0.0015075047
0.004822460473802151,-1.0609627e-5,0.0015891675
0.004867775594212934,-0.0017902255,0.001507086
0.004921081354906667,-0.00064677,0.001506739
0.004978424284797792,-0.0016964078,0.0015046936
0.005025316526855492,-0.0013540983,0.0015052569
0.005154534605034677,-0.00085395575,0.0015043586
0.005162757777603638,-0.0015373826,0.0015035222
0.005163116376868379,-0.00092083216,0.0015071111
0.00528212553288103,-0.0012536049,0.0015051157
0.005311582903079634,-0.0015084147,0.0015067379
0.005383485819854594,-0.0042432547,0.001505948
0.005383846428376082,-0.0013106465,0.0015031019
0.005467253590622931,-0.00020587444,0.0015039552
0.0054790744016426085,-0.0028227568,0.0015094538
0.005504186529861246,-0.0019078255,0.0015401125
0.005539255975300167,-0.0012738705,-6.889374e-5
0.005584556372442637,3.3974648e-5,0.0015057685
0.005644209997213365,0.0003581047,0.0015074211
0.005754057124142814,-0.00069504976,0.0015080305
0.0057669511638024085,-0.0009781122,0.001505393
0.0057880077247348255,-0.0023770332,0.0015061573
0.005913287823641589,-0.0016720891,0.0015017594
0.005930234136260662,-0.002647221,0.0015059538
0.005981260147257389,-0.0014647841,0.0015096352
0.006020912315352567,4.529953e-5,0.001504558
0.006110521855715839,-0.0006737113,0.0015022062
0.006188625936838721,-0.0022038817,0.0015051245
0.006260764371034219,-0.0006868243,0.0015053941
0.006342462277784372,-4.6610832e-5,0.0015138593
0.006377246653555449,-0.0021200776,0.001507522
0.0064112173539437045,-0.00032538176,0.0015071784
0.006542799060321264,-0.0012384653,-6.889374e-5
0.006546973582507318,-0.0005598664,0.0015059578
0.0065768508216513255,-0.0025954247,0.0015067287
0.006655989026973369,-0.0004121065,0.0015027007
0.006751710098132996,-0.0016679764,0.0015039175
0.006790624228601119,-0.0014870763,0.0015050697
0.006829413524916561,0.00022053719,0.0015944082
0.006874793246792715,-0.0007582903,0.0015049343
0.006928156205423905,-0.003890872,0.0015071476
0.006985452703576547,-0.0013346076,0.0015055821
0.00703231937402235,-0.0025286078,0.0015046496
0.007161550911100281,-0.0034230351,0.0015037279
0.007169748512057358,-0.0009910464,0.0015037286
0.007170175750029928,-0.00023198128,0.0015072663
0.007289104154621612,-0.0004968047,0.0015054155
0.00731858776903202,-0.0016399622,0.0015048883
0.007390531062831787,-0.0008903146,0.0015070124
0.007390813610332017,-0.003986597,0.0015038414
0.007474208660851467,-6.425381e-5,0.0015028518
0.007486098109921804,-0.0029147267,0.0015060145
0.007511266090220889,-0.00051653385,0.0015370586
0.007546342145342347,-0.0010719299,-6.889374e-5
0.007591589501392368,-0.0032928586,0.001504171
0.007651217555208367,0.00044715405,0.001505236
0.007761121208132493,-0.0015941262,0.0015085415
0.007773971508424807,-0.00248909,0.0015039339
0.0077950024970881715,0.001470089,0.0015043822
0.007920270482296057,-0.0039139986,0.0015037331
0.007937241694255665,-0.0026977658,0.0015085896
0.007988310098762663,-0.00024294853,0.001506502
0.008027883535865296,-0.0007914901,0.0015032061
0.008117480288944018,0.00017142296,0.0015069275
0.008195663103359493,-0.0016360283,0.0015057859
0.008267777312457286,-0.00036144257,0.0015057942
0.008349531072273611,-0.0005005002,0.0015079781
0.00838427103476315,-0.0026877522,0.0015075213
0.008418216163868106,-0.003557086,0.001505448
0.008549885230363444,-0.00090551376,-6.889374e-5
0.008553985177744791,-0.0016840696,0.0015046835
0.008583904812370535,0.00027883053,0.0015071321
0.008662964284728555,-0.00087744,0.0015023461
0.00875867256958937,-0.001200974,0.0015013701
0.008797665432692947,-0.00044977665,0.0015092484
0.00883636724764518,-0.0018131733,0.0015943073
0.008881810899372497,-0.0015613437,0.001504627
0.008935231055941142,-0.00045102835,0.0015079825
0.008992481795940963,-0.00077468157,0.0015094881
0.009039322895432036,-0.0015513301,0.0015067612
0.00916856721749447,-0.0008648634,0.0015046177
0.009176739246511079,-0.0021986365,0.0015031336
0.009177235124505786,-0.0009316802,0.0015084666
0.00929608277734792,-0.0022202134,0.0015021594
0.00932559263629873,-0.00046288967,0.0015065479
0.009397576977423175,-0.0013353825,0.0015053982
0.009397780120345187,-0.0014294386,0.0015033208
0.009481163058151484,-0.0030084252,0.001501621
0.009493121144943925,-0.0012955666,0.0015058968
0.009518344979623491,-0.0012507439,0.0015365358
0.009598622630342099,0.00069856644,0.0015060317
0.009658225786789043,-0.002249539,0.0015050496
0.009768185290479292,-0.0025491118,0.0015079913
0.009780991851732881,-0.0008533597,0.0015064123
0.009801997269112947,-0.0015676618,0.00150525
0.009927253142264836,-0.0010921359,0.0015031901
0.009944249252907822,-0.0012238622,0.0015040068
0.009995360050925092,0.00016736984,0.0015057205
0.010034854755720857,-0.003106892,0.0015043217
0.010124439395757856,-0.0014396906,0.0015043025
0.010202700269223125,0.0020401478,0.0015080215
0.010274789581609003,-0.0027749538,0.0015059698
0.010356600539362784,-0.0018462539,0.001507061
0.010391296089556523,-0.0019549131,0.0015082298
0.010425214974121078,-0.0005354285,0.0015050514
0.010560996773310849,0.0008671284,0.0015079033
0.010590959476018263,-0.0015525818,0.00150684
0.010669938870212392,-4.595518e-5,0.0015032636
0.010765635714631419,-0.0015867949,0.0015027594
0.010804707310699019,-0.002210021,0.0015098896
0.010843320972345277,-0.001240313,0.0015937057
0.010888829223237903,-0.0014691949,0.0015060488
0.01094230590777269,0.00071287155,0.0015093051
0.010999510887319652,-0.0017519593,0.0015037865
0.011046325743256064,-0.00019311905,0.0015058003
0.011175583524545812,-0.0014782548,0.0015054571
0.011183729981293383,-0.0027515888,0.0015041296
0.01118429382473883,-0.00032377243,0.0015075069
0.011303062073002731,0.0010569096,0.0015047782
0.011332596829322611,-0.0020788312,0.0015072725
0.011404622219086044,-0.00028276443,0.001506651
0.011404747302629706,-0.0028785467,0.0015032174
0.011488117454465763,-0.002188921,0.0015038975
0.011500144853880276,-0.0023112893,0.0015060576
0.011525423868368925,-0.0015036464,0.0015365371
0.01160565575929183,-0.000546515,0.0015048886
0.011665233344455461,0.0003556013,0.0015081955
0.011775249374140387,0.00010764599,0.0015069456
0.011788012867969475,-0.0014817715,0.0015055796
0.011808992042123448,0.0007272959,0.0015030361
0.011934235802890783,-0.0010347962,0.0015058347
0.01195125681057424,-0.0021557808,0.0015048211
0.012002410004073275,5.030632e-5,0.0015068806
0.012041825302319328,-0.00045621395,0.0015037091
0.012131397830300344,-6.866455e-5,0.0015020854
0.012209737436729637,0.00011456013,0.0015094776
0.0122818025227035,-8.195639e-5,0.0015061529
0.012363670006451957,-0.0014612079,0.0015101174
0.012398320470435653,0.00023925304,0.0015045197
0.012432213785031204,-1.758337e-5,0.0015060474
0.012568009042462566,-0.0019012094,0.001506056
0.012598014138023098,-0.0011190176,0.0015091043
0.012676914127310424,-0.0015922189,0.0015025714
0.012772598187402104,0.0001399517,0.0015042869
0.012811748515776586,-0.0010256171,0.0015081272
0.012850274023459701,-0.002136469,0.0015969853
0.012895846874831945,4.529953e-5,0.001506552
0.012949380758289927,-0.00051903725,0.0015099659
0.013006539978041173,-0.00058311224,0.0015051867
0.01305332858976578,0.00044381618,0.001504635
0.013182599830282846,0.0019006729,0.0015057141
0.013190720716732829,-0.0007893443,0.0015025823
0.01319135319790038,-0.00029951334,0.0015070512
0.013310040694086145,0.0007876158,0.0015035744
0.013339601696589307,0.00048291683,0.0015051757
0.013411668133677432,-0.0020207763,0.0015053358
0.013411713811657136,0.00016963482,0.0015026906
0.013495071851108625,-0.00014787912,0.0015036287
0.013507167889230967,-0.00031346083,0.0015101229
0.013532502756785789,0.0009419918,0.0015347635
0.013612688889555885,-0.00044333935,0.0015082828
0.013672240903436203,4.529953e-5,0.0015073854
0.013782313459115805,-0.001183033,0.001507399
0.01379503321127755,0.0009738207,0.0015055934
0.013815986814476794,-0.0031496882,0.0015051652
0.013941218462202407,-0.0014309287,0.0015041545
0.013958264368569243,4.4345856e-5,0.0015062225
0.014009459957221443,-8.761883e-5,0.001509447
0.014048796521846318,-0.0011045933,0.0015045301
0.014138356265499988,-0.0010085106,0.0015030581
0.014216774604236163,-0.0012251735,0.0015072207
0.014288814791198048,0.00018167496,0.001510058
0.01437073947354113,-0.00020217896,0.0015131116
0.014405345524571858,0.0004310608,0.0015071444
0.014439212593969866,4.529953e-5,0.001505739
0.01457502063770004,-0.0003668666,0.0015066583
0.014605068127756582,-0.0008299351,0.0015059392
0.01468388871147995,-0.00012117624,0.001503246
0.014779560658858493,4.529953e-5,0.0015009465
0.014818789719211259,-0.00032681227,0.0015066655
0.01485722774618832,-0.00092345476,0.0015957255
0.014902864527740298,-0.0010159016,0.0015050084
0.014956455608807165,0.0009638071,0.0015090168
0.015013569070405589,-0.0007529855,0.0015069613
0.015060332110846883,-0.00022000074,0.0015052864
0.01518961613536271,0.00091159344,0.0015044896
0.015197710778258045,4.529953e-5,0.0015048974
0.015198411898133424,0.00012230873,0.0015081238
0.015317019316812466,4.529953e-5,0.0015027624
0.015346606563198861,1.7404556e-5,0.0015079532
0.015418680994270226,-0.0022799373,0.0015016306
0.015418714049583143,0.0022627115,0.0015067332
0.015502026248408643,-0.0005455613,0.0015007136
0.015514191595867269,4.529953e-5,0.0015055616
0.015539581645202652,-0.0011744499,0.0015343782
0.015619722018505616,0.0015060902,0.0015064591
0.01567924846241693,-0.0004376769,0.001507764
0.015789377542776914,7.7843666e-5,0.001507271
0.015802053555899948,-0.0018079877,0.0015052289
0.01582298091225874,-0.00039106607,0.0015069926
0.015948201795756844,-0.0006073117,0.0015048726
0.015965271926564245,0.00036215782,0.0015076564
0.016016509909383872,-0.00043725967,0.0015074005
0.016055767068444804,4.529953e-5,0.0015038913
0.01614531469938532,0.0009793043,0.0015034531
0.01622381177009978,-0.0013200641,0.0015077038
0.01629582705969261,-0.0001334548,0.0015064456
0.016377808269016095,-0.0004993677,0.0015100281
0.016412370579365232,-0.0008993745,0.0015058152
0.016446211404222852,-0.001057744,0.0015056661
0.016577433456270496,4.529953e-5,0.0015021388
0.016582032905208863,0.00011742115,0.0015069884
0.01661212279140431,0.002042532,0.0015070175
0.0166908632969638,0.000426054,0.0015038791
0.016786523803243372,-0.0014663339,0.001500924
0.01682583159623159,-0.0001924634,0.0015063133
0.016864181470888404,-0.0002785921,0.0015957465
0.01690988285226286,0.002136588,0.0015065924
0.016963530459324402,-0.0003259182,0.0015092408
0.0170205974898415,5.030632e-5,0.0015047558
0.017067334958999494,-0.00035327673,0.0015052207
0.0171966324417569,-0.0015302896,0.0015041792
0.01720470151304035,-0.00048208237,0.0015032672
0.017205471271623557,0.000682354,0.0015080607
0.017323997939538774,-0.0009685755,0.0015029752
0.017353610755565588,0.00027620792,0.0015058356
0.017425647504611966,-0.00066047907,0.0015050926
0.017425759291246012,-0.0016988516,0.001506723
0.01750898064472292,4.529953e-5,0.0015040251
0.0175212146322037,0.00038003922,0.0015058568
0.017546660531976635,0.0012706518,0.0015349766
0.017626755147455347,-0.0017184019,0.001504829
0.017686256018769053,-0.00047820807,0.0015053401
0.017796441626438023,-0.0010071397,0.0015085202
0.017809073899208022,0.0040974617,0.0015077922
0.017829975685597826,-6.175041e-5,0.0015051885
0.017955184455068468,0.0002875328,0.0015032754
0.017972280157816337,-0.0005501509,0.0015056232
0.01802355986088916,0.00095808506,0.0015091327
0.01806273828928609,-0.00022768974,0.0015017833
0.018152273133270655,-0.0008316636,0.0015037863
0.018230848936620567,5.030632e-5,0.0015074316
0.018302840001444262,4.529953e-5,0.0015069745
0.018384877736105268,0.00076794624,0.0015100632
0.018419394960244362,-0.0006955862,0.0015050775
0.01845321021513298,-0.00016731024,0.0015070329
0.01858442015381033,4.887581e-5,0.001507056
0.018589044501760646,-0.00036096573,0.0015046732
0.018619176782123534,-2.3722649e-5,0.0015101163
0.018697838554061832,-0.001704216,0.0015025497
0.01879348627601407,-0.00094002485,0.0015029806
0.01883287280130916,0.00025606155,0.001507442
0.018871135194931332,0.0009037256,0.0015998068
0.0189169005038569,-0.00042319298,0.0015058669
0.01897060530984164,0.0009843111,0.0015094816
0.01902762658122019,5.030632e-5,0.0015056942
0.019074338478437702,4.529953e-5,0.0015054963
0.01920364874880824,0.00025379658,0.0015042553
0.01921169224847981,-0.0019765496,0.0015065108
0.019212529972842327,-2.18153e-5,0.001507162
0.019330977233550692,0.00059604645,0.0015032276
0.019360615621517988,0.00016343594,0.0015082905
0.0194326146865679,4.529953e-5,0.0015055912
0.019432805205180245,5.030632e-5,0.0015060352
0.019515935713965718,0.0007276535,0.0015027757
0.019528238341468634,0.0006533861,0.00150941
0.019553740094307742,-0.00068193674,0.0015355886
0.01963378827771939,0.0007202625,0.0015081106
0.01969326357643547,0.0004413128,0.0015084986
0.019803505037499197,0.00087058544,0.0015056756
0.019816094914458876,-0.0006330013,0.0015069288
0.01983697045893691,0.0014635324,0.0015038392
0.01996216711438009,-0.00016981363,0.0015037191
0.01997928771679708,0.00018787384,0.0015070604
0.02003060981305159,5.030632e-5,0.0015086709
0.020069708835884575,0.0017457008,0.0015070755
0.0201592315684703,0.0017716885,0.0015055411
0.02023788610412708,-0.0019395947,0.0015068119
0.02030985227092455,0.001462698,0.0015088341
0.020391947202208716,-0.0006674528,0.0015083385
0.02042642001438058,-0.00012290478,0.0015073735
0.02046020902374307,0.0010652542,0.001508076
0.02059140685102158,0.0011814833,0.0015039297
0.020596056097655274,-0.0017938018,0.0015065873
0.020626231444785523,0.002364993,0.0015082216
0.020704813137574204,4.529953e-5,0.001504622
0.020800449420398964,0.0003963709,0.0015035603
0.02083991400572957,-0.00022429228,0.0015086356
0.020878088244731446,0.0012607574,0.0015996231
0.020923918156765267,0.0010402203,0.0015068272
0.020977680161673187,-0.0011497736,0.0015090543
0.02103465567292745,0.0010672808,0.0015062444
0.021081341325604575,0.00085794926,0.0015067863
0.02121066505388812,-0.0013127923,0.001506817
0.02121868298293353,4.529953e-5,0.0015066143
0.021219589346003875,0.0016292334,0.0015105506
0.021337955855291274,-0.0007815957,0.001504464
0.02136761981585618,-7.110834e-5,0.0015062863
0.021439581194938176,0.0022138357,0.001503309
0.021439850447828854,-0.0014920831,0.001506127
0.021522890111594306,0.0015199184,0.0015018551
0.02153526137649074,-0.0012493134,0.0015084638
0.02156081898371033,-0.00036740303,0.0015335444
0.021640821406669133,-0.0022497177,0.0015050146
0.021700271808344718,4.529953e-5,0.0015074671
0.021810569122146045,0.0015482903,0.0015097585
0.02182311525875269,-0.0015817881,0.0015047436
0.021843965230961687,0.0012866259,0.0015062852
0.021969149773691715,0.00060367584,0.0015049516
0.02198629527347777,0.002459526,0.0015075787
0.022037659766528342,-0.0008575916,0.0015081011
0.02207668005639729,0.0016533136,0.0015064961
0.022166190002355632,-0.0014165044,0.001504831
0.022244923271633604,0.0009715557,0.0015073477
0.022316864538433373,4.529953e-5,0.0015092321
0.02239901599735511,0.0005630255,0.0015104357
0.02243344439558828,0.0014162064,0.0015067329
0.022467207833667457,-0.0007047057,0.0015070491
0.02259839354691852,-0.0010945201,0.0015058975
0.022603068366149837,0.0005875826,0.001508124
0.02263328610679037,-0.0016807318,0.0015077023
0.02271178839532939,0.00027608871,0.0015038912
0.02280741189185534,-0.00030583143,0.0015031024
0.0228469552098214,0.0014412403,0.001505959
0.02288504196943153,-0.0014535189,0.0016015428
0.022930935809016464,-0.0022391677,0.0015063616
0.022984755012190425,-0.00088375807,0.0015088328
0.023041684091706205,5.030632e-5,0.0015067343
0.023088344174085756,4.529953e-5,0.0015073586
0.023217680686696635,0.0009114742,0.0015068577
0.023225673044787315,4.529953e-5,0.0015032041
0.02322664804623692,-0.0022172332,0.0015084299
0.023344934478346166,-0.00078475475,0.0015045336
0.023374624681808565,-0.00047898293,0.0015084159
0.02344654837787985,-0.00031417608,0.0015025422
0.02344689636340598,-0.0006198883,0.0015068864
0.0235298445079086,-7.7307224e-5,0.0015030417
0.02354228508509852,0.0016365051,0.0015072611
0.0235678978704843,4.4107437e-6,0.0015359346
0.023647854535618865,-0.0008714795,0.0015067229
0.023707279366011136,4.529953e-5,0.0015089622
0.023817633207121464,-0.00022155046,0.001510167
0.023830135603375074,5.030632e-5,0.0015060373
0.023850960003643604,-0.0022891164,0.0015047208
0.02397613243300334,0.00121212,0.0015059954
0.02399330283212993,-8.738041e-5,0.001506221
0.02404470971869077,0.00077581406,0.0015076854
0.024083650603981502,-0.0009662509,0.001501711
0.024173148436240965,-0.00034344196,0.0015020139
0.024251960438154377,-0.0008710027,0.0015060817
0.02432387747952787,-0.00074595213,0.0015073146
0.024406085465758592,5.221367e-5,0.0015095838
0.024440469449395916,-0.0027421713,0.0015059639
0.024474206643920443,-0.00022476912,0.0015069054
0.024605380245115507,0.00021541119,0.0015064077
0.024610079961715894,0.0010875463,0.0015075159
0.024640340096523855,-0.00012177229,0.0015103009
0.024718762980813228,-0.00017756224,0.0015062927
0.024814374364626038,0.0021971464,0.0015057687
0.02485399708684173,-0.000631392,0.0015088604
0.02489199569347446,0.00096678734,0.0016041608
0.024937953460610507,0.0021457672,0.0015076412
0.024991829862050507,0.0016709566,0.0015096172
0.02504871318374205,5.030632e-5,0.001506498
0.025095347694181133,-0.0007674098,0.0015066436
0.025224696993419407,5.030632e-5,0.0015030337
0.025232663780226774,0.0009537935,0.0015047858
0.025233707420712778,0.0003825426,0.0015099893
0.02535191310074389,-0.0004208684,0.0015040863
0.025381629547760964,5.030632e-5,0.0015076662
0.025453514887893006,-9.161234e-5,0.0015050265
0.025453941605068864,5.030632e-5,0.0015076323
0.025536798904222877,-0.0007777214,0.0015031346
0.0255493081204492,-0.00022047758,0.0015082998
0.025574976758572593,0.0013206005,0.0015381821
0.025654887664568596,0.00075244904,0.0015075094
0.025714286923677568,-0.00075262785,0.0015075423
0.025824697289796833,-0.00047194958,0.0015103889
0.025837155946683163,-0.0016399026,0.0015055229
0.025857954103068445,-0.001382947,0.0015036683
0.025983115093629286,-0.0033209324,0.0015049762
0.02600031039111067,-0.0012757778,0.0015072724
0.026051759670853214,-0.0005478859,0.0015085504
0.026090621822851337,4.529953e-5,0.0015062635
0.02618010687144061,-0.00016653538,0.0015027227
0.026258998276946513,0.0009820461,0.0015074937
0.026330889748679587,0.0013856888,0.0015095638
0.026413154932847765,0.0001283884,0.0015112512
0.0264474938309322,5.030632e-5,0.0015070791
0.02648120545483057,4.529953e-5,0.0015071697
0.026612366942655327,0.0010097027,0.001507246
0.026617091556953368,-0.0015242696,0.0015090508
0.026647394760500154,0.0025850534,0.0015105922
0.026725737564982754,0.0001090765,0.001505747
0.026821337509010917,4.529953e-5,0.0015014139
0.026861038292247882,0.0025568008,0.0015088287
0.026898949416860232,-0.00033593178,0.0016026289
0.026944971784475913,0.0005812645,0.0015060382
0.026998904040624966,5.030632e-5,0.0015135857
0.027055742275120725,-0.00096678734,0.0015069823
0.027102350541348005,0.00049960613,0.0015057841
0.027231713300142166,0.00018811226,0.001505761
0.027239654514680495,-0.00086319447,0.0015042596
0.027240766120945822,0.0007942915,0.0015078424
0.02735889172248447,8.261204e-5,0.0015045645
0.027388633740784846,0.00016474724,0.0015086391
0.027460482069191786,-0.0008868575,0.0015031096
0.02746098751966025,0.00017893314,0.001508728
0.02754375330185148,-0.00062298775,0.0015041364
0.02755633182872841,-0.0029488206,0.0015105671
0.027582055647975195,-0.0012010932,0.0015331514
0.027661920120918393,-0.00023770332,0.0015072033
0.02772129448265831,0.00058555603,0.0015078352
0.027831761373786526,-0.0014740825,0.0015101914
0.027844176962919742,-0.00043690205,0.0015040016
0.027864948875421805,0.00091457367,0.0015061502
0.02799009775294091,-0.00013315678,0.001505726
0.02800731794779135,-0.0014717579,0.0015077972
0.028058809623015643,0.0007479191,0.0015091083
0.028097592370435548,0.00024175644,0.0015053541
0.028187065305325942,-0.00038522482,0.0015046994
0.02826603544478161,0.00022637844,0.0015066601
0.02833790201717415,-0.00036007166,0.0015085938
0.028420223727008434,-0.0005425811,0.0015084067
0.02845451888506842,5.030632e-5,0.0015077309
0.028488204264426387,4.529953e-5,0.0015087303
0.02861935363888085,0.0011165142,0.0015041283
0.0286241038257765,0.0005836487,0.0015080101
0.028654448750233638,-0.0022770166,0.0015104099
0.02873271282339511,-2.6464462e-5,0.0015033311
0.02882829997981015,-0.0002373457,0.0015046359
0.028868079496996865,-0.00024187565,0.0015066256
0.028905902467646086,-0.00038081408,0.0016040341
0.028951989437384265,4.529953e-5,0.0015123513
0.029005978892127943,-0.00036740303,0.0015099924
0.02906277136584226,0.001990199,0.001507621
0.029109353389829187,0.0007212162,0.0015060392
0.0292387296058792,0.0021654367,0.0015067945
0.029246645249462785,4.529953e-5,0.0015042401
0.02924782549410737,5.030632e-5,0.0015112414
0.02936587101748213,0.0001989603,0.0015040643
0.029395638608051555,0.0029813051,0.0015074224
0.029467448579204955,-0.00069481134,0.0015047907
0.029468032761651705,-7.838011e-5,0.0015075246
0.029550707698165757,0.0010786057,0.0015027953
0.029563354863750516,0.0001937151,0.0015085924
0.029589134537377784,-6.479025e-5,0.0015346848
0.029668953250853863,0.00078094006,0.0015076876
0.029728302041639038,-5.865097e-5,0.0015079234
0.029838824784519116,5.030632e-5,0.0015081308
0.029851197306227817,-0.0010014176,0.0015064647
0.029871943647446567,-0.00017565489,0.0015054296
0.029997080413566843,0.00017535686,0.0015069806
0.03001432550578635,4.2915344e-6,0.0015069091
0.030065859576492396,-0.0007748604,0.0015085045
0.030104563590948263,-0.001351893,0.0015062897
0.030194023739211276,4.529953e-5,0.0015034379
0.03027307261195955,5.030632e-5,0.0015061415
0.03034491495826863,-0.00017553568,0.0015101484
0.03042729319344044,9.3221664e-5,0.0015093256
0.03046154326627612,0.00028896332,0.0015065949
0.030495203074022204,4.529953e-5,0.0015046853
0.03062633966414932,4.529953e-5,0.0015063515
0.030631115421342545,-0.00048315525,0.0015068925
0.030661503412895627,-0.0024873018,0.0015068755
0.030739687407564636,0.00066030025,0.0015071825
0.030835262452252266,0.00039970875,0.0015029121
0.030875120700431538,0.0007984638,0.0015094163
0.03091285619136043,0.00067412853,0.0016051829
0.030959007089635476,-0.00032562017,0.0015066817
0.03101305374264518,-0.0011528134,0.0015116266
0.031069799785606755,5.030632e-5,0.0015054152
0.03111635691058172,-7.69496e-5,0.0015064058
0.031245745910959077,-0.0016164184,0.0015058032
0.03125363531197374,0.0008124113,0.0015042702
0.031254884194669,-0.0010261536,0.0015093754
0.031372849640208436,0.0012438297,0.0015049787
0.03140264347498968,0.0018880367,0.0015096813
0.03147441576214663,0.0014441013,0.0015031478
0.03147507867722883,0.00023925304,0.0015133304
0.031557662094480035,0.0018064976,0.0015061015
0.03157037789877262,0.0014595985,0.0015084887
0.03159621342546608,0.00048577785,0.001535024
0.031675986379803595,5.030632e-5,0.0015076466
0.03173530959930547,0.00080919266,0.001507973
0.031845888868180225,0.00015747547,0.0015097372
0.031858217650850215,0.000723958,0.0015069925
0.03187893841947134,-0.0007817745,0.0015058675
0.032004063073864206,-8.4757805e-5,0.0015038413
0.03202133306410994,5.030632e-5,0.0015054295
0.032072909529640564,0.0015813112,0.0015090959
0.032111534136889594,0.00050115585,0.0015069918
0.03220098217441092,0.0031632185,0.0015043572
0.03228010977782317,-0.00012588501,0.001507561
0.032351927227091765,0.0010954142,0.0015074325
0.03243436198825826,0.0021182299,0.0015097399
0.03246856832074091,-0.00018841028,0.001506152
0.032502201884932344,7.200241e-5,0.0015084067
0.032633326361689155,-0.0012478232,0.0015039229
0.03263812701559429,0.00041627884,0.0015061813
0.03266855740262911,0.0004724264,0.0015082364
0.03274666199173415,0.0008393526,0.001505559
0.03284222492469438,-0.00035250187,0.0015050976
0.032882161904523366,-0.00063973665,0.0015091483
0.03291980991540337,-0.0016816854,0.0016080118
0.032966024740572364,-0.002358377,0.0015060616
0.03302012859316242,0.0007572174,0.0015120626
0.033076828877642586,5.030632e-5,0.0015056219
0.03312335975807716,-0.0009627342,0.0015074644
0.03325276154475333,-0.001993537,0.0015077603
0.03326062604774177,4.529953e-5,0.0015077443
0.03326194356684481,0.0021944046,0.0015100591
0.03337982826194902,-0.00072300434,0.001506069
0.03340964766702782,-0.0022156835,0.0015079177
0.03348138227117406,0.0003244877,0.001504438
0.033482123918891715,5.030632e-5,0.001508111
0.03356461649210864,-0.0009880662,0.0015039451
0.03357740160803756,-0.0013633966,0.001509863
0.03360329231256863,-0.00038528442,0.0015335944
0.03368301950908191,-0.00095027685,0.0015063062
0.03374231715598615,-0.0011549592,0.001506492
0.03385295295282707,-5.698204e-5,0.0015085649
0.03386523799415829,0.0014247894,0.0015068399
0.03388593251988191,-0.0001078248,0.001505043
0.03401104573219009,0.00012338161,0.0015048672
0.03402834062309068,0.00030314922,0.001507549
0.03407995948081727,5.030632e-5,0.00151175
0.034118504683488066,0.00021910667,0.0015035695
0.03420794060829625,-0.001108408,0.0015023767
0.03428714627141545,0.0006132126,0.0015075053
0.034358939496572066,4.529953e-5,0.001508186
0.034441431456661745,0.0011491776,0.0015116389
0.034475592701948624,0.00035703182,0.001507168
0.03450920069452816,0.00019466877,0.001509922
0.034640313058900404,0.00013804436,0.0015061098
0.03464513928507458,-0.00018268824,0.0015060317
0.034675612066605424,0.0001899004,0.0015103653
0.034753637248832195,-0.0006611943,0.0015037133
0.03484918806907926,-0.0006223917,0.0015014487
0.03488920378285802,-0.0011982322,0.0015089265
0.03492676363911772,0.0014262199,0.001607043
0.034973042392166406,-0.00014990568,0.0015086393
0.0350272034430225,0.000325799,0.0015100759
0.035083857969349846,-0.001889646,0.0015061832
0.035130362604258294,0.00042009354,0.0015086833
0.03525977785147609,-4.4584274e-5,0.0015058841
0.03526761678219549,0.001032114,0.0015041304
0.03526900226839216,5.030632e-5,0.0015120447
0.03538680688401817,4.529953e-5,0.0015040413
0.03541665253298022,-0.0008176565,0.0015110398
0.035488349454444304,-0.000759542,0.0015030666
0.035489169832825934,-0.00013870001,0.0015082881
0.035571570888422915,-0.0016525984,0.0015040552
0.035584424643059664,-0.00010871887,0.0015101096
0.035610371873914,5.030632e-5,0.0015346283
0.03569005263901738,0.0012196302,0.0015076027
0.03574932471463832,6.401539e-5,0.0015099585
0.03586001703681675,0.0007432699,0.0015112773
0.03587225833680921,-0.000623405,0.0015095535
0.035892927291906684,0.0019328594,0.0015070476
0.03601802839281602,0.00038278103,0.0015039862
0.0360353481807571,0.0013902187,0.0015085647
0.03608700943297971,-0.00090396404,0.0015120466
0.036125475904329366,0.0004479885,0.001503294
0.03621489904218157,-0.00051140785,0.0015038153
0.036294183439250546,-0.0014445186,0.0015081983
0.03636595243766655,-0.0016433,0.0015074206
0.03644850025016526,-0.0008561015,0.0015101552
0.036482617083156324,5.030632e-5,0.0015086861
0.03651619950346682,0.00033938885,0.0015074302
0.03664729975676881,-0.0009602308,0.001505581
0.03665215088129779,0.0016342402,0.001507074
0.03668266605765322,-0.00011765957,0.0015096299
0.03676061183300172,-0.0006573796,0.0015029962
0.03685615054184996,-0.0006543994,0.0015046425
0.03689624498694985,-0.0016833544,0.0015078558
0.03693371736348923,0.0008535385,0.0016098754
0.03698006004507477,4.529953e-5,0.0015091419
0.03703427829485405,-0.0006842613,0.0015103772
0.0370908863881286,5.030632e-5,0.0015087739
0.03713736612566798,0.0022076368,0.0015085132
0.03726679415655597,5.030632e-5,0.0015089273
0.037274606843720706,-0.0017086267,0.0015044628
0.03727606096961095,-0.0020504594,0.0015098245
0.03739378550674448,0.0016471148,0.0015062635
0.03742365672731841,-0.0017874837,0.0015076048
0.037495315963471734,-0.0008280277,0.0015016997
0.03749621507448882,0.0018291473,0.001508756
0.037578525284737194,0.0007762909,0.0015055565
0.03759144767906751,4.529953e-5,0.0015089387
0.03761745076265943,0.0022375584,0.0015346297
0.03769708576796711,0.0017633438,0.001510959
0.03775633227361905,2.6464462e-5,0.0015069776
0.037867080447549356,-0.0006427765,0.00151023
0.03787927868077445,-0.0010866523,0.0015068749
0.037899922064917185,4.529953e-5,0.0015078866
0.03802501038018488,0.0017358065,0.0015043946
0.03804235573776636,0.00012302399,0.0015081883
0.038094058713527945,5.030632e-5,0.0015119858
0.038132446451585006,0.0009863377,0.0015041934
0.038221857477381216,0.0015275478,0.0015045452
0.038301220606428474,5.030632e-5,0.0015092866
0.03837296470517537,-0.000656724,0.0015090856
0.03845556971725443,-0.0019157529,0.0015097746
0.03848964213696396,-0.000256598,0.0015058363
0.03852319764079129,-0.0004248619,0.0015100181
0.03865428645365149,0.0016214848,0.00150642
0.03865916247686384,0.0008792877,0.0015067388
0.0386897207190009,-0.00034356117,0.0015070481
0.03876758641848556,0.0011893511,0.0015075848
0.03886311301330633,3.5762787e-7,0.0015056157
0.03890328619104169,0.0008444786,0.0015102976
0.03894067108818931,-0.0021439195,0.0016100847
0.038987077697654554,4.529953e-5,0.0015088782
0.039041352473099936,-0.0001977086,0.0015128053
0.03909791547950729,5.030632e-5,0.001508314
0.03914436897349201,4.529953e-5,0.0015097529
0.039273810462293,0.00086700916,0.0015048032
0.03928159757948875,0.00019574165,0.0015070334
0.039283120343101066,6.7949295e-6,0.0015108392
0.03940076412848506,0.0005761385,0.0015047711
0.03943066159327081,0.0027644634,0.0015102836
0.039502282472499164,4.529953e-5,0.0015038908
0.039503260990394515,-0.00093483925,0.0015097393
0.039585479682365796,-0.00056129694,0.0015045685
0.039598471388003875,4.529953e-5,0.0015098789
0.039624529650747725,-0.00083756447,0.0015327678
0.03970411822398834,5.030632e-5,0.0015079022
0.03976333982997117,4.529953e-5,0.0015090902
0.03987414453219619,0.0013657808,0.0015108112
0.039886299698325356,0.00032043457,0.0015086948
0.03990691616499918,-0.00184232,0.0015060743
0.040031993038510766,-0.00047934055,0.0015068757
0.040049362623490015,-0.001599133,0.0015085025
0.04010110866569039,0.0002104044,0.0015082373
0.04013941767111198,-0.0030243993,0.0015047524
0.04022881591126655,-0.0002220869,0.0015055862
0.040308257773277845,5.030632e-5,0.00151048
0.04037997697432709,0.00031340122,0.0015129213
0.040462638512400825,-0.00028723478,0.0015099632
0.04049666651784309,0.002400279,0.0015080452
0.04053019645170142,0.0006300211,0.0015082798
0.04066127247793423,-0.0015309453,0.0015055112
0.04066617407275848,-0.0019903183,0.0015084977
0.04069677470873438,5.030632e-5,0.0015099958
0.040774561002655085,0.00012373924,0.0015067676
0.04087007548476272,0.00043666363,0.0015067684
0.04091032739513352,-0.0003684163,0.0015096071
0.04094762481058936,0.0014533997,0.0016147116
0.04099409534957718,0.00015246868,0.0015076775
0.041048427322960004,0.0019899607,0.0015089671
0.0411049438989432,0.0028034449,0.0015073456
0.04115137182000171,0.0003951788,0.0015085939
0.04128082609641584,0.0017046928,0.0015072989
0.04128858831394247,-0.0001052022,0.001503823
0.04129017904333411,5.030632e-5,0.001510419
0.04140774275055421,-0.002177894,0.0015049652
0.0414376664592232,0.0006239414,0.0015092429
0.04150924965576941,0.001952529,0.0015044144
0.0415103062320574,0.0012491941,0.0015080761
0.04159243407966581,0.00056159496,0.0015042889
0.04160549442236883,4.529953e-5,0.0015094825
0.04163160853916459,-0.00021886826,0.0015326663
0.04171115135326664,-0.002976656,0.0015082966
0.0417703473889519,4.529953e-5,0.0015091542
0.04188120861618588,-0.00054341555,0.0015103653
0.04189332004163343,-0.0001873374,0.0015070956
0.0419139109363668,4.529953e-5,0.0015070554
0.04203897569782239,0.0002619028,0.0015069993
0.04205637018214217,3.385544e-5,0.0015056842
0.04210815861785282,-0.0006868243,0.001509811
0.04214638821803904,4.673004e-5,0.0015059563
0.04223577434515188,-0.00087958574,0.0015051939
0.04231529493881289,5.030632e-5,0.0015116128
0.042386989243478806,-0.00022280216,0.0015104315
0.042469707980475724,0.00033295155,0.0015092359
0.04250369157296503,-0.00030899048,0.0015128651
0.042537195261297234,0.0022041798,0.0015073535
0.04266825917514548,4.529953e-5,0.0015097599
0.04267318634092446,-0.00045526028,0.0015066592
0.042703829372710694,5.030632e-5,0.0015106001
0.04278153626106743,-0.001098752,0.0015063036
0.042877038630461925,0.0008404255,0.0015054677
0.04291736860053966,0.0007510185,0.0015120228
0.04295457853496086,4.529953e-5,0.0016121296
0.04300111300117122,-6.198883e-5,0.0015062751
0.04305550217347724,-0.0018894076,0.0015095652
0.04311197299065046,5.030632e-5,0.0015056748
0.04315837466848289,-0.0010698438,0.0015077038
0.043287842402810014,0.0009987354,0.0015074797
0.04329557837448195,0.00061941147,0.0015068412
0.04329723841649566,5.030632e-5,0.0015121523
0.043414722046209026,-0.00018376112,0.0015047734
0.04344467065356139,-0.000523448,0.0015138137
0.04351621616479684,4.529953e-5,0.0015063965
0.043517352146648786,-0.00042557716,0.0015098229
0.043599388476308676,-0.00068575144,0.0015051515
0.043612517457390934,4.529953e-5,0.0015094478
0.04363868742758145,-0.0009801388,0.0015343563
0.043718184482544956,5.030632e-5,0.0015093463
0.04377735494793264,0.0010429621,0.0015092229
0.04388827202691847,-0.00067162514,0.0015096714
0.043900340384941505,-0.00022000074,0.00150916
0.043920905708391564,0.00027120113,0.001508054
0.04404595835844832,-0.0017527342,0.0015066128
0.04406337773915145,0.00032031536,0.0015098198
0.04411520857001526,5.030632e-5,0.0015089253
0.04415335876562326,0.00018525124,0.0015052339
0.044242732780351526,0.00057435036,0.001504296
0.044322332106647974,5.030632e-5,0.0015077784
0.04439400151098763,0.0021185875,0.001512044
0.04447677677463639,-0.00023245811,0.0015113218
0.04451071595384416,0.0007144213,0.0015079177
0.044544194072207374,-0.00245893,0.0015081322
0.04467524587202816,0.0014590025,0.001506724
0.0446801979364905,0.0015236139,0.0015077795
0.04471088336244418,0.0006660223,0.001509633
0.04478851084622269,0.0014841557,0.0015044478
0.0448840011019183,-0.00034612417,0.0015040302
0.044924409805617224,-0.00045919418,0.0015079849
0.04496153158673244,-0.001190424,0.0016138382
0.04500813065342242,0.0009913445,0.0015083081
0.0450625770253088,5.1498413e-5,0.0015097571
0.04511900208071483,0.00046801567,0.0015093653
0.045165378189235425,4.529953e-5,0.001510974
0.04529485870887563,-0.001263082,0.0015085278
0.045302569109921406,-0.0005288124,0.0015065895
0.04530429711771444,0.001985073,0.0015091724
0.04542170066794961,0.0029240847,0.00150421
0.04545167551951379,-0.0012742281,0.0015124979
0.04552318267382427,-0.0012083054,0.0015053104
0.04552439738831167,-0.00013077259,0.0015084401
0.045606342871308644,0.002439022,0.0015043803
0.045619541166327285,4.529953e-5,0.0015111455
0.045645766316326886,5.030632e-5,0.0015313282
0.04572521761215184,0.0006494522,0.0015080246
0.04578436250559906,-0.0007765293,0.0015110142
0.04589533611057958,0.0012514591,0.0015105765
0.045907360728249594,0.0013897419,0.0015068145
0.04592789980847356,3.5762787e-5,0.0015075022
0.046052941018745686,0.0019762516,0.0015075846
0.04607038529681787,0.0010249615,0.0015069944
0.046122258523492,5.030632e-5,0.001512957
0.04616032998515024,-9.608269e-5,0.0015004188
0.0462496912152226,-0.0022963285,0.0015031325
0.0463293692741545,5.030632e-5,0.0015091975
0.046401014453067865,0.0007647276,0.0015087461
0.04648384624106841,0.00033795834,0.0015093561
0.04651774033570903,-0.00061386824,0.0015084089
0.04655119288180319,-0.000115811825,0.0015079423
0.04668223256956798,-0.00033926964,0.0015102258
0.04668720953205656,0.0010150671,0.001507424
0.04671793802510617,5.030632e-5,0.0015128106
0.04679548542940648,-0.00016146898,0.001505679
0.046890963573374675,-0.0011634827,0.0015037834
0.04693145100872333,0.00043034554,0.0015089577
0.0469684853088039,0.0008431673,0.0016151083
0.04701514830534505,0.00052917004,0.0015071518
0.04706965120388326,0.001519084,0.0015113278
0.047126030500479324,-8.3982944e-5,0.001509761
0.04717238103673087,0.00046908855,0.0015077728
0.047301875014941236,-0.002055943,0.0015062022
0.047309559845689436,4.529953e-5,0.0015072277
0.04731135581827606,5.030632e-5,0.0015114439
0.047428679289690176,-0.0014693737,0.0015060508
0.04745867971253767,5.030632e-5,0.0015140664
0.047530149855780204,-0.00046885014,0.0015049812
0.04753144263128886,-8.302927e-5,0.0015089212
0.047613297268937246,-0.0018621683,0.0015045727
0.047626564201677976,0.0010739565,0.0015099054
0.04765284520572949,0.0017623901,0.0015349567
0.04773225006850165,-0.0005488992,0.0015086035
0.04779137006326549,-0.00013059378,0.0015133118
0.04790240019424069,5.030632e-5,0.0015082473
0.04791438107287198,0.0005711317,0.0015059758
0.04793489458082692,0.00199759,0.001507808
0.048059923678385894,-0.0018857121,0.0015055626
0.048077392855470025,-0.0011945367,0.0015063997
0.04812930847696875,0.0019044876,0.0015112207
0.048167300532077295,4.529953e-5,0.0015062863
0.0482566496494365,-7.2717667e-6,0.0015073429
0.04833640643968955,5.030632e-5,0.001507805
0.04840802672221958,-0.00067418814,0.0015094774
0.048490915036214804,-0.0002374053,0.0015118712
0.04852476539050239,5.030632e-5,0.0015072891
0.04855819169139901,0.0018339157,0.0015077488
0.048689218593850725,0.00020468235,0.0015057586
0.04869422112729403,-0.000772655,0.0015086508
0.048724992015168236,-0.00056552887,0.001508726
0.04880246001489032,-0.0012620091,0.001509983
0.048897926046145374,9.524822e-5,0.0015057692
0.04893849288574366,-0.0008966923,0.0015095315
0.048975439033504,0.0002411604,0.0016170298
0.049022165955953365,-0.0011816025,0.0015085415
0.04907672605472907,0.0018582344,0.0015120371
0.049133059593172324,-0.0023829937,0.0015091704
0.049179383884226324,-0.0019257069,0.0015097185
0.04930889064840692,5.030632e-5,0.0015077491
0.04931654990590033,4.529953e-5,0.0015048487
0.049318415190123296,0.000677228,0.0015126974
0.04943565791274507,-0.00058180094,0.001504163
0.04946568457849006,0.0007574558,0.0015123611
0.04953711636612196,0.00044107437,0.0015042063
0.049538488546865975,0.00042498112,0.0015110433
0.049620251666565834,0.000259161,0.0015087713
0.0496335872367001,-0.00011605024,0.0015100708
0.049659924093160626,5.030632e-5,0.0015329021
0.04973928319777997,5.030632e-5,0.0015092056
0.04979837762093191,0.00042390823,0.001511523
0.049909463606287605,-0.0011509657,0.0015113972
0.04992140141618005,-0.0013056993,0.0015090972
0.04994188867992318,0.00019979477,0.0015078824
0.05006690633769752,4.529953e-5,0.00150682
0.050084400414122196,5.030632e-5,0.0015080223
0.05013635775488837,-0.0010047555,0.0015091368
0.050174271079661506,4.529953e-5,0.0015060729
0.05026360808332184,4.529953e-5,0.0015063658
0.05034344360621032,0.0002439022,0.0015110094
0.05041503899038556,-0.0016520619,0.0015094317
0.0504979845042897,0.0011333227,0.0015125308
0.05053178977072438,0.0020713806,0.0015093733
0.050565189828066306,-3.3080578e-5,0.0015094703
0.05069620529171913,4.529953e-5,0.0015073211
0.050701232723517245,-0.00156492,0.0015089071
0.050732046678815965,0.0021481514,0.0015112605
0.05080943527297409,4.208088e-5,0.0015081703
0.0509048885185875,0.0010347366,0.0015063235
0.05094553409114981,5.030632e-5,0.0015098586
0.050982392758204084,9.250641e-5,0.0016186475
0.05102918360886173,-3.6537647e-5,0.0015116686
0.05108380090393201,-0.0015407205,0.0015128574
0.051140088011622495,-0.0005532503,0.0015117376
0.05118638673139318,0.0016117096,0.0015075783
0.05131590695414394,0.0005720854,0.0015073445
0.05132354064166837,0.000243783,0.0015084
0.05132547389167065,-0.0016043782,0.0015166258
0.05144263653448565,-0.000993669,0.0015062548
0.05147268944575677,-0.0020403862,0.0015117722
0.051544082876463684,-0.0004900098,0.0015035735
0.05154553378754313,-0.001527071,0.0015088272
0.0516272060615658,-0.0006135702,0.0015063557
0.05164061027172219,-0.00082200766,0.0015091508
0.05166700298124889,5.030632e-5,0.0015339663
0.05174631632738684,7.092953e-5,0.0015096902
0.051805385179912636,-0.00033330917,0.0015107583
0.05191652768994871,5.030632e-5,0.0015117737
0.05192842175883099,-0.0004541278,0.0015075011
0.05194888345293368,-0.001550734,0.0015085754
0.05207388899799488,0.0003014803,0.0015108797
0.052091407971788614,0.0011293888,0.0015122845
0.052143407707379394,-0.0006713271,0.001509056
0.05218124229918851,4.887581e-5,0.0015045665
0.05227056584526439,4.529953e-5,0.001503304
0.05235048077273112,0.00096070766,0.0015101071
0.052422051258551525,0.0014207363,0.0015078315
0.05250505329779322,-0.0010328889,0.0015139822
0.05253881415160348,5.030632e-5,0.0015088711
0.05257218863799072,-0.0015658736,0.0015080051
0.05270319198991612,-0.00047075748,0.0015093042
0.05270824499201181,5.030632e-5,0.0015087856
0.05273910066986377,-0.00149405,0.0015139101
0.05281640985615789,0.0007318258,0.0015055937
0.05291185099037245,-0.0009942055,0.0015031209
0.052952575295241625,0.0013164282,0.0015104224
0.05298934648027555,0.0019299984,0.0016193641
0.0530362012614415,0.0036649704,0.0015089645
0.05309087508152073,-0.00050753355,0.0015133976
0.05314711710300117,0.0004594326,0.0015100437
0.053193389579545794,4.529953e-5,0.001508368
0.05332292325922382,0.0018486977,0.001508191
0.053330531377436416,0.0004310608,0.0015078117
0.053332532593218004,0.00027799606,0.001510949
0.05344961515622622,0.0008174181,0.0015062124
0.05347969364009496,4.3988228e-5,0.0015122666
0.05355105005710532,0.0009946823,0.0015062336
0.053552579029206,5.030632e-5,0.0015114517
0.053634160459194405,-0.00016862154,0.0015070543
0.05364763398098714,4.529953e-5,0.0015135647
0.0536740825422657,-0.0007892847,0.0015329666
0.05375334878373665,0.0016130209,0.0015099379
0.05381239273757908,4.529953e-5,0.00150949
0.0539235911006813,0.00090944767,0.0015100908
0.0539354421031248,5.030632e-5,0.001508709
0.05395587822594418,-0.00067669153,0.0015058133
0.054080871657635074,5.9723854e-5,0.0015089739
0.05409841552879789,0.0001502037,0.0015132809
0.05415045765987041,0.00014030933,0.0015101925
0.054188212846115566,0.0016770363,0.0015069853
0.05427752427947831,4.529953e-5,0.001507468
0.054357517940566216,0.0016146898,0.0015104072
0.05442906352704609,4.529953e-5,0.0015102024
0.05451212276488239,5.030632e-5,0.0015119722
0.05454583920639687,-0.0025918484,0.0015072352
0.05457918744857228,-0.0001322627,0.0015101392
0.05471017801288454,-0.0006272197,0.0015059026
0.05471525658724928,0.001509428,0.0015110582
0.05474615465828293,-0.00013130903,0.0015096575
0.0548233844403274,-0.0006412864,0.0015067465
0.05491881413344303,4.529953e-5,0.0015045971
0.054959616499333466,5.030632e-5,0.0015109135
0.05499630020398989,4.529953e-5,0.0016185154
0.055043218913364125,-0.0006646514,0.0015104203
0.05509794993335228,6.41346e-5,0.0015144068
0.055154145521451356,0.0013400316,0.001511336
0.055200393099969755,0.00230062,0.0015104153
0.055329938893346656,5.030632e-5,0.0015090635
0.055337521438961604,-0.00015318394,0.0015050316
0.05533959129345105,0.0019276142,0.0015117282
0.05545659377829536,0.00034821033,0.0015053984
0.05548669850473305,5.030632e-5,0.0015119349
0.05555801656744706,0.00045502186,0.0015060029
0.0555596249451117,5.030632e-5,0.0015110864
0.05564111485682301,-0.00029850006,0.0015061114
0.0556546570166664,0.000695467,0.00151325
0.055681161430353995,5.030632e-5,0.0015315522
0.05576038191301495,-0.00026667118,0.001507447
0.0558194002952455,4.529953e-5,0.0015096177
0.05593065518434241,-0.00080889463,0.0015140594
0.055942462447418614,7.069111e-5,0.0015107436
0.05596287232504045,0.0011467934,0.0015080706
0.05608785364270387,0.00090765953,0.0015087201
0.05610542308777862,-4.965067e-5,0.0015083196
0.05615750761203282,0.00012600422,0.0015093831
0.05619518339369976,4.529953e-5,0.0015090889
0.05628448271204932,0.00044298172,0.0015047237
0.056364554435472794,-0.00042641163,0.0015104659
0.05643607579619782,-0.0017061234,0.0015087303
0.056519191559043044,0.002220273,0.0015126619
0.05655286358760457,5.030632e-5,0.0015089739
0.056586186258168095,4.529953e-5,0.0015092419
0.05671716471009579,0.0014716387,0.0015092043
0.056722268183472466,0.0005918741,0.0015090745
0.05675320932127349,0.0016282797,0.0015139735
0.05683035902581125,0.001055479,0.0015042226
0.056925776606213715,4.529953e-5,0.0015032927
0.05696665770342531,-0.0012159348,0.0015114924
0.057003253928361405,-0.0028685927,0.0016219873
0.05705023656561532,4.529953e-5,0.0015085428
0.057105024783869515,0.00031971931,0.0015106882
0.05716117461414437,-0.0012605786,0.0015107366
0.05720739594582229,-0.0034205317,0.0015074535
0.057336955199740844,-0.0012751818,0.0015062334
0.05734451217341534,0.00031256676,0.00150783
0.057346650666612584,-0.0024855137,0.0015133128
0.057463572401021665,-0.0010297894,0.0015095236
0.0574937026980855,0.00018680096,0.0015124977
0.0575649830777888,-2.9146671e-5,0.0015084428
0.057566670188088906,5.030632e-5,0.0015109715
0.05764806925313727,0.0016986132,0.0015073345
0.05766168005103135,0.0013538599,0.0015073892
0.05768824031975657,-0.0008224249,0.0015323862
0.05776741504196471,5.030632e-5,0.0015107377
0.05782640785422623,0.0019967556,0.0015086384
0.057937718595075,0.00020182133,0.0015134347
0.05794948279072669,0.0013487339,0.0015083958
0.05796986709640807,4.529953e-5,0.0015075147
0.0580948363033298,-0.0006263852,0.0015092868
0.05811242997317369,-0.0006622076,0.0015097136
0.058164556891923916,-0.00019323826,0.0015112592
0.05820215461322674,-0.00076812506,0.0015069551
0.058291441147248976,-0.00035250187,0.0015093981
0.05837159160067927,-0.0005772114,0.0015104699
0.05844308806436378,4.529953e-5,0.0015098203
0.05852626035451804,-0.0016642213,0.0015124198
0.0585598879684837,-0.0010625124,0.0015107132
0.0585931843961497,0.00020992756,0.0015100673
0.058724151407635636,0.0003632307,0.0015097825
0.05872927977903854,-0.0004913807,0.0015079875
0.05876026331133556,-0.001717627,0.0015110793
0.058837333610966505,-9.536743e-7,0.0015078676
0.05893273907865583,0.0006084442,0.0015052919
0.05897369890784569,0.0015467405,0.0015123341
0.05901020765306149,0.0005660057,0.001624879
0.05905725421753795,-0.0029857755,0.0015096567
0.059112098961458234,-0.0010196567,0.0015145196
0.05916820303259453,-0.00033789873,0.0015089804
0.05921439879430347,0.00040733814,0.0015082359
0.05934397083287794,0.0014593601,0.0015090306
0.059351502234940554,-0.00060772896,0.0015058396
0.05935370936585989,-0.00042623281,0.00150935
0.05947055102407657,0.00022351742,0.0015059073
0.05950070756502364,0.0002245903,0.0015117899
0.059571950258430414,-0.0012395382,0.0015048567
0.059573715429751775,0.00051021576,0.0015097831
0.0596550236504373,-0.00079768896,0.0015053765
0.05966870308703921,-0.0004363656,0.0015132988
0.05969531920784486,0.0011813641,0.0015340954
0.059774447497985925,0.0006695986,0.0015119833
0.059833414738964155,-0.0005822778,0.0015097787
0.05994478268005042,0.0013027191,0.0015119885
0.059956503135349073,-0.0006977916,0.0015111521
0.05997686119681865,4.529953e-5,0.0015081811
0.060101818963955736,0.00014281273,0.0015092918
0.060119437530182965,0.0015977621,0.001510345
0.06017160684441493,0.00033402443,0.0015126963
0.060209125160153795,0.00016438961,0.0015069528
0.060298399582120035,0.00079226494,0.001505559
0.06037862876752863,-0.0015141368,0.0015130156
0.06045010033187263,0.0003517866,0.0015095834
0.06053332982259295,0.00070762634,0.0015117809
0.06056691302229132,0.00037312508,0.0015125137
0.06060018320705986,0.00041246414,0.0015085193
0.06073113743191837,0.00055861473,0.0015089915
0.06073629137427601,0.0012159348,0.0015087879
0.06076731730106906,0.00037503242,0.0015103511
0.060844308868393135,0.0009225607,0.0015056493
0.060939701549126465,-0.00051784515,0.0015068699
0.06098074011292327,-0.0012643337,0.0015115191
0.06101716137644726,0.0006737709,0.0016243234
0.061064271869460576,0.0006349087,0.0015102186
0.06111917381230407,0.001488328,0.0015126178
0.06117523212298749,0.0010558367,0.0015093851
0.06122140164245608,0.0013483763,0.0015100094
0.06135098713894356,-0.00042927265,0.0015087867
0.0613584929707086,4.529953e-5,0.0015059651
0.06136076806707867,5.030632e-5,0.0015125541
0.0614775296448314,-3.5762787e-5,0.0015067573
0.06150771175936183,0.0009534359,0.0015142009
0.06157891676877218,4.529953e-5,0.0015066459
0.06158076134302885,-0.00040972233,0.0015119809
0.061661978047080165,-0.0007651448,0.0015032908
0.061675726123047045,-0.0012457967,0.0015134856
0.061702398095933156,-0.0006005764,0.0015321202
0.061781480627921395,-0.0017007589,0.0015094125
0.06184042229663057,0.0012841225,0.0015100907
0.06195184676371153,-0.0005943179,0.0015126247
0.06196352347865715,5.030632e-5,0.0015095174
0.061983855969500554,-0.0010614395,0.0015079252
0.06210880162326736,0.0016584396,0.0015085031
0.06212644508883512,-0.00031644106,0.0015087489
0.06217865679690594,-0.00017976761,0.001511813
0.06221609570773802,-0.00014150143,0.0015070521
0.06230535801633395,-0.00036877394,0.0015066164
0.062385665935035126,5.030632e-5,0.0015112858
0.06245711260135291,-0.00026124716,0.0015099951
0.06254039861576786,5.030632e-5,0.0015153782
0.06257393740448479,-0.0005296469,0.0015130312
0.06260718201534134,4.529953e-5,0.0015109881
0.06273812412912962,0.0015108585,0.0015090955
0.06274330296951348,5.030632e-5,0.001511814
0.06277437196471679,-0.00045663118,0.00151176
0.06285128345256265,-0.0009186864,0.0015067059
0.06294666402189718,0.0012784004,0.0015048777
0.06298778131701509,-0.00013160706,0.0015089071
0.06302411509983304,-0.0012881756,0.0016234573
0.06307128952105463,0.0009999275,0.0015120808
0.06312624799087853,-0.00023311377,0.0015125547
0.06318226054242339,-0.00095534325,0.0015104812
0.06322840448995153,0.00016903877,0.001512608
0.06335800344468058,-0.00062412024,0.0015086302
0.06336548303223379,4.529953e-5,0.0015104836
0.06336782676862603,0.00016212463,0.0015135937
0.06348450826755771,0.00097322464,0.0015062655
0.06351471662531423,-0.00012904406,0.0015160127
0.06358588327878532,0.0022078753,0.0015056857
0.06358780658600603,5.030632e-5,0.0015096834
0.06366893244339443,4.529953e-5,0.0015059087
0.06368274983034052,0.0017185211,0.001515044
0.06370947698533576,5.030632e-5,0.00153228
0.0637885137571997,0.0035215616,0.0015122228
0.0638474298556113,-0.00025469065,0.0015095868
0.06395891017378698,8.72612e-5,0.0015120716
0.06397054382196522,-0.00052058697,0.0015085819
0.06399085006793966,0.0001103878,0.0015097364
0.06411578428356472,4.529953e-5,0.0015108756
0.06413345264748728,0.0008254051,0.0015063384
0.06418570674972553,-3.5762787e-6,0.0015118987
0.0642230662543365,-0.00070905685,0.0015053651
0.06431231577794792,0.0023709536,0.0015046932
0.06439270310155591,5.030632e-5,0.0015122404
0.06446412487017604,4.529953e-5,0.0015105351
0.06454746740992852,0.001638174,0.0015125276
0.06458096178602106,5.030632e-5,0.0015102194
0.06461418015200866,0.0001757145,0.0015094156
0.06474511082666946,4.529953e-5,0.0015097284
0.06475031456475096,-0.0025746226,0.0015089518
0.06478142595477883,0.0018615723,0.0015120315
0.0648582580377179,0.00037181377,0.0015074436
0.06495362649433929,4.529953e-5,0.0015094507
0.0649948225214355,0.00056278706,0.0015119491
0.06503106949746164,4.529953e-5,0.0016307677
0.06507830717264866,-0.00081568956,0.0015113399
0.06513332284271008,-0.001050055,0.0015105688
0.0651892896351164,0.0005093813,0.0015105986
0.06523540733777554,0.0020512342,0.0015112107
0.06536501907847485,-0.0010409355,0.0015083262
0.06537247376800183,0.0016885996,0.0015064037
0.06537488614080185,-6.16312e-5,0.0015120348
0.06549148689061261,-0.00037246943,0.0015078767
0.06552172149028089,-0.0009844303,0.001514815
0.06559284978814135,-0.00058454275,0.0015057
0.06559485182898324,0.0013421774,0.001511274
0.06567588684036589,0.0016149282,0.0015072487
0.06568977286536261,-0.00093472004,0.0015129803
0.06571655587342402,0.0012515783,0.0015349905
0.06579554621322094,5.030632e-5,0.0015109262
0.06585443741327775,-0.00055223703,0.0015116435
0.06596597358550531,0.0013196468,0.0015130845
0.06597756416527333,0.00093507767,0.0015115695
0.06599784484095018,-1.5377998e-5,0.0015119058
0.06612276627027643,4.529953e-5,0.0015079719
0.0661404602051537,0.0013301373,0.0015091837
0.06619275602928805,0.0005335808,0.0015119917
0.06623003747386348,0.0006502867,0.0015077745
0.06631927421216184,-0.0018247366,0.0015076781
0.06639973959547678,0.00033044815,0.0015125492
0.06647113781159912,4.529953e-5,0.0015114332
0.06655453687833203,-0.0014185309,0.0015124527
0.06658798616624302,5.030632e-5,0.0015098414
0.06662117896291879,0.0035142899,0.0015122705
0.06675209685193793,-0.0036777854,0.0015065952
0.06675732616130274,0.0012379885,0.001511733
0.06678847994451233,0.0006752014,0.0015118691
0.06686523262221601,0.00049972534,0.0015104866
0.06696058896612424,0.0009871721,0.0015033279
0.06700186372585591,5.030632e-5,0.001511529
0.06703802322084741,4.529953e-5,0.0016276432
0.06708532482522846,4.529953e-5,0.0015156901
0.06714039701898449,0.0016108751,0.0015120175
0.06719631805356656,-0.00040882826,0.0015091243
0.06724241018527101,-0.0020607114,0.0015090752
0.06737203538454044,-0.00010859966,0.0015083988
0.06737946383018421,-0.0009964705,0.001506327
0.06738194484136346,0.0013053417,0.0015141427
0.06749846551103887,0.0016795397,0.0015077263
0.06752872568429051,0.0006275177,0.0015186215
0.06759981697009727,0.0013221502,0.001506454
0.06760189774226032,-0.0011270642,0.001511176
0.06768284056408023,0.00070023537,0.0015051804
0.06769679590169904,0.00025248528,0.001510424
0.06772363476151232,-0.0016314387,0.0015301466
0.06780257934315641,-0.0013281107,0.0015090918
0.06786144497094417,-0.00077962875,0.0015107979
0.06797303767015216,-0.0007092953,0.0015133712
0.06798458450890997,0.00047838688,0.0015102847
0.06800483894103217,0.0006611347,0.0015102365
0.06812974892958805,-0.0021267533,0.0015093074
0.0681474670902202,-0.0025691986,0.0015080071
0.06819980598177906,0.0015866756,0.0015140019
0.06823700802177628,0.0011996031,0.0015080137
0.06832623264637573,-0.00051516294,0.001507467
0.06840677676232614,0.00011777878,0.0015135591
0.06847815008075082,7.426739e-5,0.0015126973
0.06856160567249268,5.030632e-5,0.0015124142
0.06859501122005067,0.0013849735,0.0015113349
0.0686281777725146,-0.0013211966,0.0015095471
0.06875908354882061,0.000446558,0.0015087348
0.0687643384294687,-0.0011375546,0.0015094893
0.06879553460816006,-0.0010426044,0.0015111552
0.06887220720638555,-0.0010123253,0.0015077826
0.06896755143823778,-0.0014420748,0.0015063577
0.06900890492994775,0.00057291985,0.0015106224
0.0690449769455475,0.0010457039,0.0016309372
0.06909234180422257,0.00010061264,0.0015126343
0.0691474718698303,-0.0005065203,0.0015146662
0.06920334714494526,5.030632e-5,0.0015101464
0.06924941303276645,0.0007778406,0.0015139742
0.06937905101603466,5.030632e-5,0.0015100723
0.06938645456398078,4.529953e-5,0.0015065796
0.06938900354225368,-0.00028270483,0.0015121084
0.06950544413409375,4.529953e-5,0.0015084398
0.06953573055155719,-0.00052702427,0.0015178481
0.0696067834791247,-0.0014334917,0.0015083988
0.06960894298425176,0.00053572655,0.0015116067
0.0696897949607231,0.0011171103,0.0015080998
0.06970381893737833,-0.00016188622,0.0015115404
0.06973071364960061,0.0022366047,0.0015322443
0.06980961247243471,-0.00050354004,0.0015154363
0.06986845252861058,-0.00079500675,0.0015102557
0.06998010108088475,-0.00044804811,0.0015122399
0.06999160485320378,-0.0006030202,0.0015085788
0.07001183371305693,0.0008189678,0.0015108684
0.07013673158955684,0.0008598566,0.0015107356
0.07015447464821521,5.030632e-5,0.0015098638
0.0702068559339415,0.00046944618,0.0015111283
0.07024397856968907,-0.00027555227,0.0015081625
0.07033319108091822,0.00026524067,0.0015063608
0.07039254662727477,-0.00025719404,-6.888875e-5
0.07041381392950406,-0.00029748678,0.0015153858
0.07048516234891682,0.00045216084,0.0015110669
0.07056867446665334,-0.0011817813,0.0015138898
0.07060203560224411,0.0004618168,0.001511718
0.07063517590918193,-0.0017151237,0.0015093053
0.0707660695721176,5.4478645e-5,0.0015104237
0.07077135002470618,0.00048744678,0.0015119906
0.07080258859822212,-1.5199184e-5,0.0015162604
0.0708791817915408,-0.0005554557,0.0015066257
0.07097451391002273,-0.0006015301,0.0015055572
0.0710159461350253,0.0026835203,0.001513443
0.07105193066959044,0.00057280064,0.0016287543
0.07109935945581662,0.00012874603,0.0015106755
0.07115454672067613,0.0007789135,0.0015139432
0.07121037556339542,0.001570344,0.0015128189
0.07125641587993332,-0.0014559627,0.0015096267
0.07138606732308599,5.030632e-5,0.001508689
0.071393444625506,0.00071561337,0.0015094511
0.07139608971229584,-0.00025719404,-6.888875e-5
0.07151242275714866,-0.0002874732,0.0015086046
0.07154273474359536,5.030632e-5,0.0015153965
0.07161374998946644,-0.0012856126,0.0015068359
0.07161598822690039,-0.00031667948,0.0015141652
0.07169674935703739,-0.0011265278,0.0015083578
0.07171084197272899,-0.0008339882,0.001512714
0.07173779253703173,-0.0020815134,0.0015314446
0.07181664492845592,5.030632e-5,0.0015109584
0.07187545941334851,8.4757805e-5,0.0015132116
0.07198716516454585,0.0012919903,0.0015143781
0.07199862519651186,-0.0006094575,0.0015091054
0.07201882781248177,-0.0013486147,0.0015109571
0.07214371424919704,0.0010813475,0.0015101769
0.07216148220653877,-0.00086557865,0.0015122718
0.07221390521317543,-0.0018116832,0.0015140664
0.07225094911628753,0.0009858608,0.0015082151
0.07234014884220365,-0.0004028678,0.0015038617
0.07239963279731694,-0.00025707483,-6.888875e-5
0.07242085109733916,0.00043141842,0.0015103885
0.07249217394415429,0.0041410923,0.0015135107
0.072575743260814,5.030632e-5,0.0015140434
0.07260905998312324,-0.00049096346,0.0015101029
0.07264217472009206,0.0002514124,0.001509213
0.07277305626965745,2.1576881e-5,0.0015073176
0.07277836162125799,0.0016963482,0.0015119973
0.0728096425879556,0.0010521412,0.001510995
0.07288615637603892,4.529953e-5,0.0015076828
0.0729814763818077,4.529953e-6,0.0015089975
0.07302298733944572,-0.002507329,0.0015134035
0.07305888439231904,0.001065731,0.0016325816
0.07310637710839639,-0.00077688694,0.001509307
0.07316162089826485,-0.0018889308,0.0015142157
0.07321740398315991,0.0002797842,0.0015113257
0.07326341872710017,0.00046360493,0.0015111505
0.07339308295720882,0.0013701916,0.0015115694
0.07340043536127401,-0.0006160736,0.001508209
0.07340317588233804,5.030632e-5,-6.888875e-5
0.07351940137888922,-0.0016440749,0.0015109559
0.07354973961053347,5.030632e-5,0.0015179848
0.07362071649849387,4.529953e-5,0.001505613
0.07362303346856326,-0.00018292665,0.001511911
0.0737037037543374,-0.00168854,0.0015062015
0.07371786500676537,0.000649333,0.0015110606
0.07374487142610577,-4.2915344e-6,0.0015317575
0.07382367805740565,0.0022120476,0.0015116083
0.07388246697232924,5.841255e-6,0.001511092
0.07399422857560704,-0.00075787306,0.001511668
0.07400564554014853,0.0022137165,0.0015097295
0.07402582258483513,0.0011428595,0.0015103867
0.07415069623590874,0.0025904179,0.0015103037
0.07416848976453379,-1.7046928e-5,0.0015082874
0.07422095516665218,-0.00045835972,0.0015109486
0.07425791966190028,-0.00085389614,0.0015071459
0.07434710727641754,0.000103235245,0.0015136846
0.07440671896735913,5.030632e-5,-6.888875e-5
0.07442788759027429,0.00073087215,0.0015130168
0.07449918621264885,-0.00039047003,0.001513778
0.07455328269555457,5.030632e-5,-6.888875e-5
0.07458281272823176,0.0010344982,0.0015140586
0.07461608436400237,0.0009332895,0.0015129223
0.07464917353100219,0.00049209595,0.0015102614
0.07478004296785441,0.0012136698,0.0015109751
0.07478537321649546,0.0017187595,0.0015129538
0.07481669657768909,-0.0010436177,0.0015092178
0.07489313096020843,4.529953e-5,0.001505958
0.07498843885326407,4.529953e-5,0.001507527
0.07503002854353756,0.00069105625,0.001512006
0.07506583811669056,-0.0010281801,0.0016314266
0.07511339476031902,0.0026240349,0.0015118859
0.07516869574976782,0.00032806396,0.0015132689
0.07522443307453859,-0.0013693571,0.0015111624
0.07527042157558135,0.0024586916,0.0015171538
0.07540009926294587,5.030632e-5,0.0015115055
0.07540742542279923,-0.00056529045,0.0015068286
0.07541026205238023,5.030632e-5,-6.888875e-5
0.07552637932770127,0.00039052963,0.0015084172
0.07555682578057567,5.030632e-5,-6.888875e-5
0.0756276830075213,4.529953e-5,0.0015066251
0.07563007871055473,0.0004979372,0.0015126686
0.07571065815163742,0.0006637573,0.0015084887
0.0757248880431018,0.00062823296,0.0015147451
0.07575195031517977,0.000698328,0.0015331815
0.0758307105134269,0.0007388592,0.0015121024
0.07588947452999566,0.0026347637,0.0015146121
0.07600129266025386,0.00014019012,0.0015132301
0.07601266588444235,-0.00093114376,0.0015109094
0.07603281668458854,-2.4974346e-5,0.0015101412
0.07615767889522036,4.529953e-5,0.0015089975
0.07617549664828598,9.9897385e-5,0.0015078632
0.07622800444588611,5.209446e-5,0.0015115618
0.07626489088241302,0.0008045435,0.0015068181
0.07635406571096003,9.3221664e-5,0.0015076122
0.07641380513740133,5.030632e-5,-6.888875e-5
0.07643492475679507,-0.0009441376,0.001513
0.07650619848114341,0.00039720535,0.0015096911
0.07656036886559676,5.030632e-5,-6.888875e-5
0.07658988152337816,5.030632e-5,0.0015159338
0.0766231087448815,-0.0020378232,0.0015111467
0.07665617166766948,4.529953e-5,0.0015102288
0.07678702899115143,4.529953e-5,0.0015078689
0.07679238481173294,-0.0016479492,0.0015106879
0.07682375124035108,0.0005056858,0.0015136837
0.07690010621796363,0.0004965067,0.0015079383
0.07699540132472045,0.0003464222,0.0015060075
0.07703706907535803,0.0001052618,0.0015122314
0.07707279184106207,-0.0014296174,0.0016355005
0.07712041241191307,-0.00026869774,0.0015104351
0.07717576992768511,0.0016099215,0.0015142648
0.07723146149233161,-0.0002797246,0.0015105461
0.07727742442274822,-0.0014771819,0.0015115053
0.07740711489575437,-0.0012696385,0.0015104881
0.07741441615725296,4.529953e-5,0.0015096808
0.07741734822242242,5.030632e-5,-6.888875e-5
0.07753335794944187,0.0029296875,0.0015097423
0.07756391195061786,5.030632e-5,-6.888875e-5
0.07763464951786304,0.0019342899,0.0015058414
0.07763712462547469,0.0005981922,0.0015133704
0.07771761254729455,0.0006978512,0.0015058597
0.07773191107910966,-0.001141727,0.0015109114
0.07775902920326806,-0.000597775,0.0015344435
0.07783774364369093,0.0007327795,0.001511321
0.07789648208897641,4.529953e-5,0.0015107541
0.07800835607098648,-0.0010717511,0.001512856
0.07801968622775042,-0.00037431717,0.0015097704
0.0780398114569419,0.0007339716,0.0015107091
0.0781646615555177,0.00015807152,0.0015115583
0.0781825042072667,5.9604645e-7,0.0015065623
0.07823505439804855,0.00065732,0.0015126239
0.07827186143032579,-7.045269e-5,0.0015092863
0.07836102414615968,-6.067753e-5,0.0015046647
0.078441961923973,0.000254035,0.0015136796
0.07851321074996655,-0.0003066659,0.0015143884
0.07856745503563896,5.030632e-5,-6.888875e-5
0.07859695031753881,5.030632e-5,0.0015119489
0.07863013380000343,0.00032424927,0.0015119334
0.07866317047595099,-0.00014150143,0.0015094604
0.07879401568869125,0.0003528595,0.0015096829
0.07879939640828472,-0.0003347993,0.0015127268
0.07883080523139889,-0.0009894967,0.0015111449
0.07890708080246174,0.0011183023,0.0015113262
0.07900236379716256,0.0013846159,0.0015074499
0.07904411027977844,-0.00034576654,0.0015114209
0.07907974623671919,0.0018101931,0.001637633
0.07912742939156435,4.529953e-5,0.001511275
0.07918284410527386,0.0015492439,0.0015173792
0.07923849058436745,0.00093126297,0.0015109362
0.07928442727090083,4.529953e-5,0.0015112526
0.07941413120149142,5.030632e-5,0.0015120896
0.07942140622009249,0.00037157536,0.0015092986
0.07954033657249675,0.000983119,0.0015088251
0.07957099812066006,5.030632e-5,-6.888875e-5
0.07964161669981899,0.0008444786,0.0015072895
0.07964416986779473,0.0008138418,0.0015130958
0.07972456627166606,-0.0014469624,0.0015093512
0.07973893411314602,4.529953e-5,0.0015114011
0.07976610809135636,0.00011789799,0.0015315553
0.07984477609971215,-0.0019475818,0.0015099862
0.07990348897470005,0.001445651,0.0015129693
0.08001541948106193,0.0003412962,0.0015113312
0.08002670589845857,-9.095669e-5,0.0015097891
0.08004680555636674,-0.00029325485,0.0015109224
0.08017164421581506,-0.0011036396,0.0015094997
0.08018951176559029,0.0010787249,0.0015102944
0.0802421043511967,-0.00062698126,0.0015106879
0.08027883197593853,-0.0020781755,0.0015097172
0.08036798190711651,0.00121212,0.0015054666
0.08044899909082236,0.0020941496,0.001512781
0.08052022301846111,-0.0014097691,0.0015115627
0.08057454120568115,5.030632e-5,-6.888875e-5
0.08060401911202807,-0.0009340048,0.0015130347
0.0806371581818683,-0.00022375584,0.0015114173
0.08067016928686115,-0.00040632486,0.0015096492
0.08080100171395975,-0.0018174648,0.0015118727
0.08080640800352219,-0.0013788342,0.0015111344
0.08083785922113236,0.0011825562,0.0015117159
0.08091405538695982,0.00043797493,0.0015087997
0.08100932626894754,4.529953e-5,0.0015054354
0.08105115148419885,-0.00023460388,0.0015123141
0.08108669996010497,0.0016516447,0.0016366657
0.08113444704348695,-0.00069725513,0.001511739
0.08118991895677681,-0.0016998649,0.0015160138
0.08124551900413195,-0.0004608035,0.0015134772
0.08129143011905342,-0.0025311708,0.0015112718
0.08142114683561426,0.0020428896,0.0015095577
0.0814283962816177,-0.0002810359,0.0015123716
0.08154731519423732,-0.0028108358,0.0015095666
0.08157808429070225,5.030632e-5,-6.888875e-5
0.08164858320950356,-0.00051373243,0.0015069272
0.0816512151107719,-0.0017089248,0.0015121164
0.08173152066896607,0.00019323826,0.00150606
0.08174595714948245,4.529953e-5,0.0015144757
0.08177318697878748,0.00016129017,0.0015321786
0.0818518092286619,-1.4603138e-5,0.0015112289
0.08191049653138073,-0.0005300045,0.0015134994
0.08202248356472301,-0.0004503131,0.0015139955
0.08203372624209522,0.00041902065,0.0015092035
0.08205380032904867,-0.00116992,0.0015119802
0.08217862620154102,-0.0021433234,0.001509564
0.08219651865065679,0.00010383129,0.0015105861
0.08224915363075923,0.0017089844,0.0015151624
0.08228580252352276,0.0011669397,0.0015089405
0.08237494034034466,0.0011188984,0.0015087348
0.08245603558474322,0.0011302233,0.0015130612
0.08252723528761281,-0.0005145073,0.0015135172
0.08261108790651729,0.0002939701,0.0015137413
0.08264418256176169,0.0006554127,0.0015097832
0.08267716742484275,-0.0009737015,0.0015099655
0.0828079884108424,0.00046813488,0.0015103245
0.08281341959875967,0.00029039383,0.001509703
0.08284491321086586,0.0007597208,0.0015124129
0.0829210299717865,-0.0011337996,0.0015091004
0.08301628874106105,-0.0015952587,0.0015079498
0.08305819268829069,-0.0010755658,0.0015135097
0.08309365368480505,0.0004066229,0.001636645
0.083141464695081,4.529953e-5,0.0015128116
0.08319699313469413,-0.0017265677,0.0015110394
0.08325254742258213,0.0015233755,0.0015136973
0.08329843296556315,0.0011389256,0.0015111114
0.08342816314135128,0.0007276535,0.001510922
0.08343538701607141,4.529953e-5,0.0015077024
0.08355429381597791,-0.0010991096,0.0015085976
0.0836555497198453,-0.00019490719,0.001509195
0.08365826035144906,5.030632e-5,0.0015128637
0.08373847506462319,-0.0002722144,0.0015077753
0.08375298018516171,4.529953e-5,0.0015127326
0.08378026586819008,0.00088334084,0.0015320377
0.08385884168599743,0.0014177561,0.0015124836
0.08391750408904718,0.0031893253,0.0015108275
0.08402954697676994,0.00031292439,0.0015161309
0.0840407465854033,0.00134027,0.0015107073
0.08406079442814492,8.428097e-5,0.0015113511
0.08418560886183839,-0.0005787611,0.001510974
0.08420352620865178,0.0004518032,0.001509573
0.08425620358292164,-0.00087440014,0.0015127679
0.08429277307143555,0.0021789074,0.0015102945
0.08438189877488715,-0.0010643601,0.0015083761
0.08446307275126398,0.00043010712,0.0015121032
0.08453424755709311,4.529953e-5,0.0015142257
0.08461815670067797,0.0019581318,0.0015149225
0.08465120694264082,-0.00055485964,0.0015107655
0.08468416623312426,0.00033056736,0.0015110658
0.0848149744361109,4.529953e-5,0.0015114883
0.08482043119399714,-0.00018918514,0.0015113823
0.08485196720191364,-0.0019354224,0.0015144064
0.08492800455628462,0.0011802912,0.0015088518
0.08502325121383177,0.0008099079,0.0015089929
0.0850652338923825,0.00041925907,0.001513161
0.08510060740819082,-0.0006714463,0.001641545
0.08514848167374654,-0.0013744831,0.0015135031
0.08520406798521137,0.0032457113,0.0015164916
0.08525957651396081,-0.00077325106,0.0015101235
0.08530543581273002,0.0008620024,0.0015124264
0.08543517877317407,0.00012469292,0.0015112153
0.08544237707759662,4.529953e-5,0.0015074105
0.08544547381901797,0.0011347532,0.0015112043
0.08556127243903279,4.529953e-5,0.0015113058
0.0856625162282156,0.0010454655,0.0015077583
0.0856653055934405,0.00061059,0.0015116427
0.08574542946159462,0.0016052723,0.0015082605
0.0857600032205124,0.0013531446,0.0015140588
0.08578734475693552,-0.0006209016,0.001529297
0.08586587481494716,0.00048840046,0.0015147408
0.08592451097509939,0.00058078766,0.0015137313
0.08603661106141679,-0.00015282631,0.0015110517
0.08604776692936854,3.9458275e-5,0.0015111843
0.0860677885285555,0.000531435,0.0015091118
0.08619259152213575,0.0009177923,0.0015131683
0.0862105337663182,-0.0014334321,0.0015114921
0.08626325286215557,0.0021668673,0.0015144735
0.08629974361803401,-0.0010763407,0.0015075951
0.08638885653715829,-1.1920929e-5,0.0015054472
0.08647010991877051,0.0008023977,0.0015139134
0.08654125982427337,0.0008124113,0.0015119286
0.08662522616842429,0.00026905537,0.001514255
0.08665823132483426,0.0003402233,0.0015113952
0.0866911643711059,0.0005404949,0.0015123987
0.08682196113299355,0.0011744499,0.0015111514
0.08682744279054892,-0.00018334389,0.0015118604
0.08685902186457563,0.0005091429,0.0015145724
0.08693497914078273,4.529953e-5,0.001509686
0.08703021368463097,0.00031077862,0.0015063318
0.08707227509778866,-0.00031876564,0.0015113946
0.08710756180450512,-0.00055605173,0.0016383858
0.08715549932632634,0.0013567209,0.0015141057
0.08721114216280008,0.00056660175,0.0015145744
0.087266604932411,5.030632e-5,0.0015118639
0.0873124386608826,-0.00040876865,0.0015118491
0.08744219507989683,0.00023257732,0.0015128637
0.08744936781336467,0.0011126995,0.0015127124
0.08745253252056533,-0.00021582842,0.0015140928
0.08756825106077336,-0.00034111738,0.001508784
0.08766948273724302,-0.0018436909,0.0015074279
0.0876723508351034,9.691715e-5,0.0015126008
0.08775238385922322,4.529953e-5,0.0015085915
0.08776702625586309,0.0006006956,0.0015102534
0.08779442364436664,0.00016272068,0.0015311105
0.0878729072709684,0.002543807,0.0015138683
0.08793151853276583,-0.0040876865,0.001512434
0.08804367447247795,0.0013383627,0.0015169223
0.08805478727300518,-0.0012258887,0.0015110348
0.0880747833018946,0.0016509295,0.0015122824
0.08819957350786171,0.0012366772,0.0015085738
0.08821754065204186,0.0013884306,0.0015112079
0.08827030281431801,-1.4901161e-6,0.0015124887
0.08830671416561824,-0.0012826324,0.0015086986
0.08839581497038647,0.00025486946,0.0015068819
0.08847714641334851,-0.0017670393,0.0015134444
0.08854827209276793,-0.00072181225,0.0015121312
0.08863229496291354,-0.0009869933,0.0015139614
0.08866525570571339,2.2649765e-5,0.0015122393
0.08869816318201602,0.00019431114,0.0015127048
0.08882894715694774,-0.00037759542,0.0015086613
0.08883445371351505,0.0006557703,0.0015132993
0.08886607585430913,-0.0008664727,0.0015129938
0.08894195372560941,4.529953e-5,0.0015080975
0.08903717615674452,4.529953e-5,0.0015062715
0.08907931630188047,0.0006881952,0.0015105725
0.0891145155292052,0.0024363995,0.0016422136
0.0891625169789061,-6.407499e-5,0.0015096082
0.08921821633940309,5.030632e-5,0.001513843
0.08927363335217549,0.0005118847,0.0015101585
0.08931944150837805,0.00049471855,0.0015111247
0.08944921071401966,-0.0009365082,0.0015114173
0.0894563578758756,0.00083351135,0.0015077086
0.08945959122145554,-5.0723553e-5,0.0015126928
0.08957522968349967,0.0004632473,0.0015101259
0.08960577584906722,0.000838995,0.0015213682
0.08967644924725617,0.000100016594,0.0015120063
0.08967939675068053,0.00039875507,0.0015146292
0.089759337582609,0.0030874014,0.0015101455
0.08977404929088521,4.529953e-5,0.0015130443
0.08980150253245493,5.030632e-5,0.0015290427
0.08987994039991813,-0.00038784742,0.0015098718
0.08993852609043225,6.198883e-5,0.0015128056
0.09005073788189623,0.00053584576,0.0015150764
0.09006180761664186,5.030632e-5,0.0015121275
0.09008177739967653,-0.00090533495,0.0015106432
0.09020655616717334,0.00021588802,0.0015121504
0.09022454821003685,0.0024604797,0.0015131806
0.09027735209486625,0.00020623207,0.0015122988
0.09031368471254529,0.0018776655,0.0015086876
0.09040277340492896,0.0010914803,0.0015104493
0.09048418357921213,0.0009886026,0.0015149185
0.09055528436159106,-0.0015141964,0.001512431
0.09063936375740277,-0.00016850233,0.0015142424
0.09067228008659252,-0.00021213293,0.0015132659
0.09070516131868332,-1.2695789e-5,0.0015117236
0.09083593385383039,0.0013823509,0.0015101993
0.09084146530809535,5.030632e-5,0.00151139
0.0908731298440426,0.0005915165,0.0015130519
0.09094892831109326,-0.0012457371,0.0015074073
0.09104413862951523,-0.00047165155,0.0015076657
0.09108635750597231,-0.0004773736,0.0015131249
0.09112146925324814,0.0009498596,0.0016443606
0.0911695339569145,0.0040379763,0.0015139367
0.09122529119090607,0.0013338327,0.001514944
0.09128066244355416,0.00087451935,0.0015150949
0.09132644435554492,0.0009796619,0.0015126284
0.09145622634682819,0.00024724007,0.0015099712
0.0914633479364151,0.00088715553,0.0015142425
0.09146664992103141,-0.0006671548,0.0015118705
0.09158220763329748,0.0010887384,0.0015099095
0.0916127807163339,7.1167946e-5,0.0015193513
0.0916834157566122,0.0008699894,0.0015139265
0.09168644199332913,0.00028300285,0.0015132229
0.0917662919802376,0.0012845993,0.0015080459
0.09178107232689305,0.000957489,0.0015160892
0.09180858142185754,0.00082170963,0.0015332317
0.09188697285593934,-0.0017000437,0.0015096511
0.09194553297648449,-3.8087368e-5,0.0015122405
0.09205780129394316,-0.00064724684,0.0015148361
0.09206882728767858,0.00077164173,0.0015105782
0.09208877217202989,-0.00059711933,0.0015114543
0.09221353815454218,0.00079226494,0.0015134643
0.0922315557677033,-0.00021785498,0.001511064
0.09228440204702869,-0.00083982944,0.0015133284
0.09232065593207227,-0.00042420626,0.0015077214
0.0924097311672001,-0.0016604662,0.0015054361
0.09249122007280443,0.0011326075,0.0015131888
0.09256229595682854,0.0010334253,0.0015144916
0.09264643255156345,0.0015149117,0.0015151761
0.09267930446747165,0.0029922724,0.0015114791
0.09271216012827914,4.529953e-5,0.0015099207
0.09284291987778458,4.529953e-5,0.0015104504
0.09284847690333282,0.0017414093,0.0015106385
0.09288018383311893,0.0016252995,0.0015151115
0.09295590289526277,0.0015804768,0.0015084513
0.09305110110031443,0.0019022226,0.0015106444
0.09309339803844995,0.0009622574,0.0015122859
0.0931284236495624,-0.00024658442,0.0016452457
0.09317655160850853,4.529953e-5,0.0015113418
0.0932323653698091,0.0014631748,0.0015156704
0.09328769086134718,0.0012255907,0.0015136112
0.09333344720369753,0.0011429787,0.001511668
0.09346324265256521,-0.00014674664,0.001513938
0.09347033867218311,-0.0007508993,0.0015085735
0.09347370862126446,5.4240227e-5,0.0015134837
0.09358918625438088,-0.00037264824,0.0015118638
0.09361978490935781,-5.0723553e-5,0.0015219857
0.09369038226563962,0.002718687,0.0015088295
0.09369348723433486,0.0013507605,0.0015154221
0.09377324637655189,0.002028346,0.0015106603
0.09378809536224374,-0.000767231,0.001511679
0.09381566031093154,6.830692e-5,0.0015304827
0.09389400598620339,-0.002711296,0.0015083262
0.09395254053513664,0.001116395,0.001513158
0.09406486537859,0.0019891262,0.0015162808
0.09407584763131523,0.0016009808,0.001512125
0.09409576627211187,0.0008211136,0.001513112
0.09422052081483955,-0.0015301704,0.0015093213
0.09423856265342694,-0.00066810846,0.0015145557
0.09429145132626261,0.0005916357,0.0015133077
0.09432762647867075,2.8133392e-5,0.0015095926
0.09441668960108544,0.0016350746,0.001509015
0.09449825724031093,-0.0007389188,0.0015117052
0.0945693082253231,0.00040733814,0.0015135787
0.0946535013457241,-0.0015024543,0.0015131285
0.09468632952259358,-1.847744e-5,0.001510736
0.09471915826494647,-0.0008262992,0.0015106532
0.09484990590305305,-0.0015037656,0.0015106694
0.09485548849988461,0.0014500618,0.0015126904
0.09488723782350957,-0.00049096346,0.0015148418
0.09496287747877515,0.0007812977,0.0015078413
0.09505806357242798,5.1617622e-5,0.0015082697
0.09510043924254179,0.0005493164,0.001513453
0.09513537737327678,-0.00076287985,0.0016437785
0.0951835692614169,0.000113129616,0.00151469
0.09523943954739782,-0.0011794567,0.0015143813
0.0952947192807831,0.0015670061,0.0015130477
0.09534045005185014,-0.00073212385,0.0015110923
0.09547025828537374,-0.0013613105,0.0015113708
0.0954773287343655,0.0010038614,0.001509854
0.09548076732281181,0.0006034374,0.0015117509
0.09559616487612148,0.00055742264,0.0015091242
0.09562678977531018,0.0014424324,0.0015222194
0.09569734877565277,0.0014493465,0.00150905
0.09570053247599773,-0.00034493208,0.0015140051
0.09578020077286616,0.00047588348,0.0015113046
0.09579511839595155,0.0015330315,0.0015141002
0.0958227391993484,3.2186508e-5,0.0015301903
0.09590103844222463,0.00013768673,0.001512138
0.09595954809313163,0.0006837845,0.0015113606
0.09607192878833686,-0.0005187392,0.0015141015
0.0960828679749519,3.9577484e-5,0.001512061
0.09610276037120814,0.00021338463,0.0015113022
0.09622750347415117,-0.0013876557,0.0015095093
0.09624557021142192,-4.8816204e-5,0.0015115628
0.09629850127842506,-0.0006535053,0.001515145
0.09633459702526924,4.529953e-5,0.0015078061
0.09642364736335655,0.00053942204,0.0015090271
0.09650529440716028,5.030632e-5,0.0015110334
0.0965763204944748,0.0005787611,0.0015137347
0.09666057014119907,0.0005221367,0.0015145066
0.09669335390478702,-0.00061768293,0.0015120833
0.09672615707585659,0.0007069111,0.0015113514
0.09685689259993573,0.0005646944,0.0015090357
0.09686250009512208,5.030632e-5,0.0015099404
0.09689429181455737,-0.00046545267,0.0015141608
0.09696985206360183,-0.0009804964,0.0015090861
0.09706502604519866,0.0011553764,0.0015077991
0.0971074804466336,-0.0011038184,0.0015135637
0.09714233109764829,-0.000118255615,0.001644679
0.09719058624008244,-0.00091689825,0.0015115158
0.09724651439791505,-0.0004118681,0.0015162146
0.097301747700219,-0.0017077327,0.0015111788
0.09734745289901699,-0.0010352731,0.0015108474
0.09747727459242507,0.00057828426,0.0015109445
0.09748431879621929,-0.00064116716,0.0015111035
0.09748782602304486,0.0013623238,0.0015139526
0.09760314349917636,-0.0005772114,0.0015105286
0.09763379464159115,0.00071299076,0.0015222454
0.09770431528566594,-0.000834167,0.0015080959
0.09770757771897491,-0.00061541796,0.0015128565
0.09778715449625193,-0.0006328225,0.0015096223
0.09780214075935946,0.0012284517,0.0015142395
0.09782981808612239,0.0022207499,0.0015286597
0.09790807157117436,-0.0024433136,0.0015128127
0.09796655497655525,-0.00070106983,0.0015117808
0.09807899219906945,0.0016117096,0.0015130724
0.09808988831825997,-0.001599431,0.0015126956
0.09810975514356148,0.00058066845,0.0015112975
0.09823448546086284,0.002072215,0.0015103462
0.09825257709615985,0.0011688471,0.0015119177
0.09830555055765898,0.0003671646,0.001513559
0.09834156757318203,0.00020182133,0.0015095227
0.0984306057972419,-0.0005572438,0.0015081048
0.09851233090075258,0.0012729168,0.0015138375
0.0985833327639551,8.761883e-5,0.0015146909
0.09866763893535975,0.00078082085,0.0015159858
0.09870037828435184,0.00018393993,0.0015128332
0.09873315521252389,0.00062429905,0.0015112639
0.0988638786252042,0.00014972687,0.0015116842
0.09886951169035955,0.0006479025,0.0015112911
0.09890134580429087,0.0005072355,0.001513724
0.09897682597615716,-0.0012165904,0.001508109
0.09907198851665504,0.00043594837,0.0015080132
0.09911452165072544,0.0018612146,0.0015162574
0.09914928549396256,-0.0005578995,0.0016486746
0.09919760389167649,-0.0008698702,0.0015120875
0.0992535885755038,-0.0017263293,0.0015159152
0.09930877679159768,0.00052285194,0.0015115914
0.09935445574552672,0.00026869774,0.0015135932
0.0994842902252336,0.002675414,0.0015139626
0.09949130953165873,-0.0008890033,0.0015093806
0.0994948847232779,5.030632e-5,0.0015147357
0.09961012144798843,4.529953e-5,0.0015083007
0.09964079883560077,0.00084483624,0.0015237118
0.09971128179469337,-0.0010066032,0.0015095806
0.09971462296063781,0.0015987158,0.0015131985
0.09979410889289479,0.0007485151,0.0015113058
0.09980916379569589,0.0036270618,0.0015171812
0.09983689697421068,-0.0018300414,0.0015296859
0.09991510402850988,0.000749588,0.0015136544
0.09997356253553598,-0.00046747923,0.0015141298
0.10008605561013063,0.0019809008,0.0015163372
0.10009690798863953,0.0008444786,0.0015114531
0.10011674924364349,0.0018630028,0.0015131994
0.10024146812116021,0.0030293465,0.001510424
0.10025958465481201,-0.00031411648,0.0015121789
0.10031260051113573,2.4437904e-5,0.0015136402
0.10034853811978049,0.0014624596,0.0015105272
0.10043756423112722,0.0013877153,0.0015118327
0.10051936806727334,-0.0030830503,0.0015130364
0.1005903450321211,-0.00017875433,0.0015131275
0.1006747077282061,0.0002529621,0.0015143006
0.10070740266555954,9.083748e-5,0.0015116789
0.10074015402211971,0.00033664703,0.0015112746
0.10087086532307259,4.529953e-5,0.0015113924
0.10087652328559703,-0.00053340197,0.0015115906
0.10090839979402434,0.00044572353,0.0015124761
0.10098380055966953,0.0019202232,0.0015082353
0.10107895031518292,0.0008062124,0.0015080965
0.10112156285481728,-0.00014787912,0.0015122595
0.10115623921866264,0.0010462999,0.0016495807
0.10120462087165634,-0.00023055077,0.0015128299
0.10126066275440683,0.000543952,0.0015148488
0.10131580521037643,0.0021014214,0.001515746
0.1013614585936793,-0.0013287067,0.0015097768
0.10149130585804213,1.2278557e-5,0.0015111297
0.10149829959318395,0.0034148693,0.0015111588
0.10150194342351095,0.0015288591,0.0015130882
0.101617100069729,0.00024831295,0.0015069741
0.10164780370155317,-0.00051647425,0.0015219082
0.1017182483037208,0.0003902912,0.001507347
0.10172166820230068,-0.00064104795,0.0015156908
0.10180106329019482,-0.0007095933,0.0015092732
0.10181618683071798,-0.00086694956,0.0015144309
0.10184397586361328,0.00074875355,0.0015315323
0.10192213648453112,5.030632e-5,0.0015144866
0.10198056942158822,-0.0003824234,0.0015165715
0.10209311969477748,0.00030720234,0.0015153422
0.10210392833326194,-0.0002823472,0.0015106992
0.10212374334405407,4.529953e-5,0.0015136665
0.10224845010754334,0.0016232729,0.0015093682
0.10226659221280703,0.0007777214,0.0015128768
0.10231964979036966,0.00035262108,0.0015151373
0.10235550866769329,-0.00011128187,0.0015091426
0.10244452199208405,-8.404255e-5,0.0015092272
0.10252640456217994,0.00018441677,0.0015109165
0.1025973566267014,0.00068962574,0.0015129579
0.10268177652368106,-0.00066030025,0.001517003
0.10271442704742441,0.0022062063,0.0015143474
0.10274715216010134,-0.00090771914,0.0015104748
0.10287785134604104,-0.00019288063,0.0015099222
0.10288353488214881,0.00026845932,0.0015122094
0.10291545378408641,0.0005918741,0.0015140969
0.10299077514449621,0.0010714531,0.0015098492
0.1030859127866393,-0.00075906515,0.0015099581
0.10312860338729492,5.030632e-5,0.0015158249
0.10316319294336275,0.0017749071,0.0016500222
0.10321163852390754,-0.00038468838,0.0015158189
0.10326773760492407,-0.00037699938,0.0015172866
0.10332283362915519,0.0010493994,0.0015121478
0.1033684607689034,-0.000721097,0.0015119441
0.10349832216509346,0.00020873547,0.0015110705
0.10350528965503773,-0.0011845231,0.0015095707
0.1035090021250583,0.002080202,0.0015181927
0.10362407869278388,0.0004813671,0.001510998
0.10365480789457705,0.0014107227,0.0015249758
0.10372521481406254,-0.00012660027,0.0015077222
0.10372871344396355,0.0002104044,0.0015135357
0.1038080170135806,0.0016173124,0.0015078142
0.10382320986639727,0.00029718876,0.0015131786
0.10385105475170155,0.0015352964,0.0015288225
0.10392916961348085,0.00082826614,0.0015133179
0.10398757697794032,0.0014591217,0.0015139132
0.10410018310682438,-0.0014358759,0.0015140802
0.10411094867657002,4.0769577e-5,0.0015118634
0.10413073744315031,-0.0005156994,0.0015117608
0.10425543276718353,0.0014356375,0.0015122312
0.10427359909754493,-3.117323e-5,0.0015112843
0.10432669974187493,-0.001082778,0.0015122626
0.10436247921494891,-0.0004374385,0.0015093804
0.1044514804259694,4.529953e-5,0.001509764
0.10453344172935787,0.00051379204,0.0015149018
0.10460436889552453,0.0025001764,0.0015145696
0.10468884531915605,0.00029444695,0.0015162642
0.10472145142830354,0.00053811073,0.0015113567
0.10475415096969716,-0.00043600798,0.0015121232
0.10488483804292371,-0.00040984154,0.0015096844
0.1048905458057721,-0.0022773147,0.0015119705
0.10492250777480562,0.0006684065,0.0015154654
0.10499774972998006,0.0023473501,0.0015108472
0.10509287525940998,0.00041735172,0.0015086185
0.10513564459138673,-0.00071537495,0.0015143387
0.1051701473383627,-0.002865076,0.0016479657
0.1052186561755016,0.00014460087,0.0015113418
0.10527481178185565,-2.4974346e-5,0.0015155857
0.10532986204826252,0.0004107952,0.0015132392
0.10537546361541313,0.0019198656,0.0015141694
0.10550533779790199,-0.00047779083,0.0015109
0.10551228038982004,0.0012292862,0.0015101533
0.10551606082627706,-0.00066649914,0.0015149
0.10563105731518162,0.000934124,0.0015082455
0.10566181276184376,0.0016077757,0.0015237853
0.10573218132308997,-0.0006225109,0.0015090868
0.10573575868562644,-0.0008043051,0.0015124318
0.1058149714112092,0.0012811422,0.0015121279
0.10583023290174796,0.0007880926,0.0015139099
0.10585813363978984,0.0006644726,0.0015318686
0.10593620206950206,0.00051534176,0.0015104793
0.10599458453692105,4.529953e-5,0.0015121532
0.10610724651624266,-0.0022221804,0.001514941
0.10611796901987809,-0.0009124279,0.0015131388
0.10613773221451793,-0.0006548166,0.001510723
0.1062624154274809,2.193451e-5,0.0015115803
0.10628060665521134,5.340576e-5,0.0015108396
0.1063337490220946,-0.0009752512,0.0015131964
0.10636944976089026,4.529953e-5,0.001508632
0.10645843818824051,0.0007029772,0.0015098723
0.106540478222293,0.00010275841,0.0015131022
0.10661138116500483,-0.0016549826,0.0015177847
0.1066959141133167,-0.00018233061,0.0015149226
0.10672847580918267,0.002156496,0.0015145686
0.10676114910636449,0.0008010864,0.0015122907
0.10689182406819218,0.00041234493,0.0015094134
0.10689755739969527,0.0016841888,0.0015120052
0.10692956176453912,0.001696229,0.001512423
0.10700472431414958,-0.00027030706,0.0015092037
0.10709983773086638,-0.0018528104,0.0015086955
0.10714268579547857,5.030632e-5,0.0015154425
0.10717710106207705,-0.00025331974,0.0016523346
0.10722567315350996,0.0017384291,0.0015122849
0.10728188595944436,0.0032228231,0.0015151701
0.1073368904667127,-0.00038057566,0.0015130881
0.10738246646356571,-0.00085383654,0.0015119849
0.10751235343071051,0.0038366318,0.0015134085
0.10751927045134525,0.0022423267,0.0015101273
0.10752311952552439,0.0002872944,0.0015129279
0.10766881695486764,-0.002050519,0.0015232507
0.10773914783146026,0.0005161762,0.0015095931
0.10774280392860362,-5.3465366e-5,0.0015141746
0.10782192580883777,-0.0020967126,0.001508069
0.10783725593709866,-0.0021243095,0.001514051
0.1078652125282067,0.0013582706,0.0015276971
0.1079432351987804,0.00060880184,0.0015100352
0.10800159142264472,0.00018239021,0.0015152438
0.10811430992730385,0.00091683865,0.001515491
0.10812498869124339,0.0013711452,0.0015124012
0.10814472631427134,0.0016393661,0.0015126937
0.108269397413864,0.0014467239,0.0015123029
0.10828761353994927,-0.001068294,0.00151172
0.10834079897524278,0.0018030405,0.0015145966
0.10837642030847446,0.0012167692,0.0015103013
0.10846539662212586,0.0019382238,0.0015076528
0.10854751538881378,-0.0018007755,0.0015171984
0.10861839343251366,0.0012671947,0.0015133836
0.10870298290747739,-3.2901764e-5,0.0015155349
0.10873550019039037,-0.0005937815,0.0015104722
0.10876814791727461,0.0021499395,0.00151363
0.10889881009214634,0.000108361244,0.0015110328
0.10890456899493274,-0.0015572906,0.0015113491
0.10893661575361545,0.0007662773,0.0015150858
0.10901169889963343,0.00090789795,0.001510841
0.10910680020232276,-0.00032681227,0.0015061903
0.1091497263279562,-0.00037288666,0.0015144086
0.10918405545937708,0.001630187,0.0016533306
0.10923269080641833,0.0008957386,0.0015139234
0.10928896013801882,0.0014947653,0.0015170852
0.10934391955743424,0.00014412403,0.0015125219
0.10938946931171832,0.00059330463,0.0015117002
0.10951936906483335,-0.000857532,0.0015121247
0.10952626051385621,4.529953e-5,0.0015093195
0.10953017755282891,0.0012148619,0.001514951
0.1096450138850771,-0.00017279387,0.0015090553
0.10967582182016287,-0.0006337762,0.0015242458
0.1097461143414734,0.00015079975,0.0015100748
0.10974984917026652,0.00078988075,0.001513628
0.10982887953090924,-0.00048017502,0.00151246
0.10984427829919226,0.000197649,0.0015136653
0.10987229141728073,-0.0002809763,0.0015318522
0.10995026765578735,-0.00048047304,0.001513727
0.11000859898063971,0.0006631613,0.0015131715
0.11012137333902218,-0.00020241737,0.00151568
0.11013200903488006,5.030632e-5,0.0015131361
0.11015172041468192,0.0007675886,0.0015099365
0.11027638007317563,-0.0010412335,0.0015104448
0.11029462109893,0.0027219057,0.001512067
0.1103478482544767,-0.00045728683,0.0015131788
0.11038339085605868,0.00048816204,0.0015112176
0.110472354384397,0.0018372536,0.0015096858
0.11055455255664888,-0.00049334764,0.0015134459
0.11062540502775113,0.00037157536,0.0015123059
0.11071005170163804,-0.00059580803,0.0015151214
0.11074252457225524,-0.0003104806,0.0015115446
0.11077514605394191,0.0017383099,0.0015123843
0.11090579678902902,0.0011303425,0.0015104592
0.11091158059148452,0.0018857718,0.0015134207
0.11094366974433466,-0.00012868643,0.0015147517
0.11101867348380294,-0.00067186356,0.0015103979
0.11111376200216495,0.00074887276,0.0015102384
0.11115676753204802,0.0012378693,0.0015149046
0.11119100918276285,0.00012993813,0.0016582784
0.11123970778574101,0.0017967224,0.0015151892
0.11129603431659331,0.0023225546,0.0015171353
0.11135094797719873,-0.00018721819,0.0015134062
0.11139647215888519,0.0005072355,0.0015111107
0.11152638537057037,5.030632e-5,0.0015125365
0.11153325057571,-0.0010088086,0.0015118194
0.11153723625306196,-0.0022161007,0.0015131109
0.111651992508132,0.00033831596,0.0015091406
0.1116828260141725,0.0012258291,0.0015270058
0.11175308085148657,-3.1232834e-5,0.0015133886
0.11175689441192939,0.0017498732,0.0015124163
0.11183583392853784,-0.0011467338,0.0015079784
0.11185130133421435,-0.0005021095,0.0015148295
0.11187937030668331,-0.0011197925,0.0015292106
0.11195730011180856,0.0011008978,0.0015117037
0.11201560586537763,0.0011960268,0.0015133648
0.11212843742268329,0.0015227795,0.0015156096
0.11213902937818813,0.0002503395,0.0015119064
0.11215871451279245,0.0004774332,0.0015113051
0.11228336206087307,0.0004092455,0.0015117646
0.11230162798366793,0.0005838871,0.0015123925
0.11235489753371063,5.030632e-5,0.0015152921
0.112390361402,-0.000777483,0.0015094971
0.11247931281926805,-0.00038295984,0.0015095711
0.11256158905024115,0.0012559891,0.0015134469
0.11263241729657426,0.0011076927,0.0015131526
0.11271712049711301,0.0001335144,0.0015145196
0.11274954895444868,0.001548171,0.0015142226
0.11278214419060924,0.0009009838,0.0015113364
0.1129127828142975,0.0016102791,0.0015127921
0.112918592186722,-0.0007056594,0.0015140478
0.11295072373505387,0.0012766123,0.0015153657
0.11302564806797248,3.2305717e-5,0.0015077739
0.11312072447362133,-0.0011070371,0.0015059769
0.11316380873613986,5.030632e-5,0.0015136561
0.11319796357907715,0.0014593601,0.0016558835
0.1132467254366779,4.529953e-5,0.0015118544
0.11330310916711055,-2.5749207e-5,0.0015137418
0.11335797639630606,-4.1604042e-5,0.0015103917
0.11340347433345212,0.0016486645,0.0015137006
0.1135334010033789,-0.0010778904,0.0015117123
0.11354024131016373,-0.00079387426,0.0015096916
0.11354429495362357,-0.00018674135,0.001512289
0.11365897113052974,0.00064361095,0.001508955
0.11368983088111063,-0.00027638674,0.0015258512
0.113760047360514,0.002927184,0.0015111443
0.1137639396549066,0.0023121834,0.001516607
0.11384278832583787,-0.00020694733,0.0015097023
0.11385832437055078,0.0006648302,0.0015145767
0.11388644919345729,0.0021394491,0.0015324769
0.11396433324108689,0.0009799004,0.0015123874
0.11402261342304405,-0.002026856,0.0015110258
0.11413550083374448,-0.00072568655,0.0015135787
0.11414604904856769,0.00040996075,0.0015133509
0.11416570928580295,-0.000823915,0.0015129682
0.11429034472018469,0.0004892349,0.0015120779
0.11430863554133434,0.00043058395,0.001511365
0.11436194748620164,0.00053048134,0.0015148353
0.11439733194859848,4.529953e-5,0.0015107469
0.11448627057923914,-0.0015444756,0.0015078839
0.11456862554383342,-0.0002361536,0.0015135132
0.11463942956605457,0.00032019615,0.0015135822
0.11472418929127369,-0.0010362864,0.0015152104
0.11475657333434207,-0.0003132224,0.0015102566
0.11478914300151936,0.00073075294,0.0015135712
0.1149197688392374,0.0006278753,0.0015104585
0.11492560310903095,0.0020221472,0.001512889
0.11495777772478737,-0.0009633899,0.001518723
0.115032622652142,0.0003144741,0.001511154
0.11512768694639201,0.0005950928,0.0015090888
0.1151708499402317,0.00013196468,0.0015139072
0.11520491730377723,0.00078082085,0.0016558307
0.11525374241665777,0.0020649433,0.0015141823
0.1153101833440421,0.0016634464,0.0015203044
0.11536500481508481,-0.00078493357,0.0015130999
0.11541047718094756,-0.000115156174,0.0015097716
0.11554041663618743,0.00050008297,0.0015098358
0.11554723137267466,0.0012373924,0.0015112613
0.11555135365484236,0.001416564,0.00152006
0.11566594907868465,-0.00082039833,0.0015108472
0.11569683507413452,-0.0011302233,0.0015251418
0.11576701387085574,-0.00062072277,0.0015075437
0.11577098489656946,5.030632e-5,0.0015141905
0.1158497420482379,-0.0013144016,0.0015097014
0.1158653474055729,-0.0014093518,0.0015132223
0.11589352808187416,-0.0014644861,0.0015291112
0.11597136569809384,-0.00043040514,0.0015138473
0.11602962030909629,-9.161234e-5,0.0015147363
0.11614256424480564,-0.0003194809,0.0015138608
0.11615306939187577,0.00082314014,0.0015139006
0.11617270338621354,-0.0014128089,0.00151046
0.1162973267065678,0.0016378164,0.0015115225
0.11631564242738658,0.0012302399,0.001513481
0.1163689967664213,-0.00038421154,0.0015112899
0.11640430249651125,-0.0012083054,0.0015099318
0.1164932290144388,0.0022968054,0.0015087397
0.1165756627103542,0.0017803907,0.0015165071
0.11664644116129204,0.0013760328,0.0015161256
0.11673125808477718,5.030632e-5,0.0015163554
0.11676359704262128,5.030632e-5,0.0015136204
0.11679614113818666,0.00060999393,0.0015128999
0.11692675553644864,-0.00044465065,0.0015111861
0.11693261470558274,0.002501607,0.0015148588
0.11696483171484943,-0.0015461445,0.0015130632
0.11703959656338302,0.0009894371,0.0015101401
0.11713464941883413,0.0023972988,0.001505858
0.11717789047139503,0.0004826784,0.0015147191
0.1172118717000915,-0.00038021803,0.0016574196
0.11726075939598045,-0.0014671683,0.0015129058
0.11731725752294515,-0.0027098656,0.0015142343
0.11737203323386357,-0.0017866492,0.0015143874
0.1174174800287716,0.0011066198,0.0015120128
0.11754743226899593,-0.000108361244,0.001509479
0.11755422143452847,4.529953e-5,0.0015109561
0.1175584123550754,-0.0008724332,0.0015118348
0.11767292770173952,0.002433896,0.0015121818
0.11770383994041549,0.00015091896,0.0015272885
0.11777398037988317,0.00015366077,0.0015078958
0.11777803013823233,0.0011794567,0.0015126739
0.11785669644586651,0.0006109476,0.0015081094
0.1178723697676665,0.0013589859,0.0015130569
0.1179006062973625,5.030632e-5,0.0015288827
0.11797839815411505,0.0005377531,0.0015137893
0.11803662786676271,5.185604e-5,0.0015121374
0.1181496276561954,-0.0009729862,0.0015165356
0.11816008973649818,-0.000944674,0.0015115573
0.1181796974853098,-0.00020200014,0.001511475
0.11830430936719373,-0.0016020536,0.0015112137
0.118322649985053,5.030632e-5,0.0015111073
0.11837604604565523,0.0004903078,0.0015143825
0.1184112730437669,-0.00017869473,0.0015095915
0.11850018677638134,0.00010550022,0.0015103365
0.11858269920526078,0.0006226301,0.0015154853
0.11865345342945803,-0.001521945,0.0015148032
0.11873832620600934,5.030632e-5,0.0015151735
0.11877062142415755,-0.0014253855,0.0015122467
0.11880313927485399,-0.0012987256,0.0015157268
0.1189337415590885,0.00031101704,0.0015100254
0.11893962630213452,0.00042796135,0.0015130301
0.1189718857049115,0.00018918514,0.0015179378
0.11904657114886687,0.0011445284,0.0015103612
0.11914161121637627,-0.0008727312,0.0015100978
0.11918493167680115,0.00039494038,0.0015191799
0.11921882542347727,0.0018466711,0.0016607958
0.11926777704790308,0.0003708601,0.0015139746
0.11932433170119104,-0.002670467,0.0015153987
0.11937906165231375,0.00013816357,0.001513827
0.11942448287593847,0.0010277033,0.001510502
0.11955444857604729,5.030632e-5,0.001512677
0.11956121149605366,0.00014901161,0.0015103668
0.11956547105563702,5.030632e-5,0.0015123296
0.11967990632413726,-0.00084614754,0.001508965
0.11971084480669646,-0.0006967187,0.0015295035
0.1197809468889106,0.0018180609,0.0015102519
0.11978507537989523,0.0006263256,0.001512927
0.11986365084316651,-0.0006852746,0.0015080147
0.11987939280400291,-0.0019715428,0.0015133751
0.1199076851854508,0.000213027,0.0015279761
0.11998543061013629,0.0024199486,0.0015132107
0.12004363475150061,0.0001860857,0.0015135338
0.1201566910682423,5.030632e-5,0.0015141369
0.12016710940687773,0.00063192844,0.0015128424
0.12018669158440605,0.00073826313,0.0015118732
0.12031129135357686,-0.0007330775,0.001509647
0.12032965686979093,0.0016790628,0.0015145318
0.1203830959971605,4.4107437e-6,0.0015104944
0.12041824291776544,0.002294302,0.0015098365
0.12050714520928095,0.0010228157,0.0015096518
0.1205897363727673,0.0010412931,0.0015155338
0.1206604656989383,0.0003219843,0.0015173823
0.12074539500082716,0.0004799366,0.0015140525
0.12077764580503668,0.0006546974,0.0015121334
0.1208101380844498,-0.00028777122,0.0015106399
0.12094072758435696,-1.5735626e-5,0.0015103051
0.12094663789737199,8.058548e-5,0.0015125287
0.12097893969530214,-0.0010576844,0.0015164677
0.12105354573303638,4.529953e-5,0.0015108724
0.12114857368783265,0.0011693239,0.0015088808
0.12119197288089299,0.0012500286,0.0015144418
0.12122577982110587,0.00023925304,0.0016633598
0.12127479402689718,0.00029170513,0.0015120006
0.12133140587812262,0.00044751167,0.0015185385
0.12138609074467817,0.0018258095,0.0015140718
0.1214314850505054,-0.0007099509,0.0015124292
0.12156146420885582,-0.00037151575,0.0015124704
0.12156820155823604,0.0008877516,0.0015122032
0.12157252908392728,0.001369834,0.0015139179
0.12168688427327791,-0.00044250488,0.0015112169
0.12171784900037748,-0.0003951192,0.0015263336
0.12178791339925234,5.1379204e-5,0.0015124079
0.12179212062287241,-7.176399e-5,0.0015129085
0.12187060456688086,-0.0010052919,0.0015085201
0.12188641583902503,0.0011978149,0.00151499
0.12191476407452483,0.002650857,0.0015324876
0.1219924637394146,0.00033986568,0.0015146357
0.12205064163755285,-0.0017614961,0.0015133955
0.12216375447831775,0.00041007996,0.0015154991
0.12217412975018581,-0.00011622906,0.0015133664
0.12219368568350232,2.861023e-6,0.0015138347
0.12231827333995997,0.0020501614,0.0015112719
0.12233666442745735,0.0022411346,0.0015137347
0.12239014527770876,0.00086796284,0.0015147415
0.1224252134646925,-0.0018795729,0.0015069181
0.12251410297155209,-0.001706779,0.0015090246
0.12259677286537383,-0.00055772066,0.0015157843
0.12266747729417578,-0.0016527772,0.0015136902
0.12275246379630213,5.030632e-5,0.0015163743
0.12278467018624438,-0.0013185143,0.0015161866
0.12281713622243141,-0.0013830662,0.001512756
0.12294771360962546,-0.00047272444,0.0015109199
0.12295364881836666,0.00045478344,0.0015132441
0.12298599368536418,-0.00020086765,0.0015130545
0.12306052031852023,-0.0015342236,0.00150934
0.12315553616060333,0.0016072989,0.0015074103
0.12319901341205632,-0.00092434883,0.0015141825
0.12323273421873447,0.0015710592,0.0016637458
0.12328181167849124,-0.0015676618,0.0015127028
0.12333848005571134,0.0002002716,0.001518018
0.12339311916345692,0.0022175312,0.0015156742
0.12343848789865801,0.00058722496,0.0015117893
0.12356847984166432,5.030632e-5,0.0015122289
0.12357519162008983,0.00028324127,0.0015107185
0.12357958778416032,0.0005398989,0.0015144721
0.12369386289600422,0.0018455982,0.0015126435
0.12372485386632988,-5.0485134e-5,0.0015268743
0.12379487990827977,-0.0024797916,0.0015090225
0.12379916586552102,-0.001036346,0.0015137306
0.12387755896319515,-1.847744e-5,0.0015108862
0.12389343820111863,0.0002373457,0.0015148616
0.12392184296294169,-0.0007441044,0.0015280744
0.1239994961957644,-0.0011407137,0.0015147879
0.12405764919521926,0.0011612177,0.0015139497
0.12417081788905034,5.030632e-5,0.0015128036
0.1241811494218797,-0.0007483959,0.0015110597
0.12420068045684142,-0.001614511,0.0015118119
0.12432525599960016,-0.0013217926,0.0015144197
0.12434367131219527,-0.0026863813,0.0015133406
0.12439719455759983,0.00029826164,0.0015160093
0.12443218401194812,-0.00035756826,0.0015097358
0.12452106073316606,-0.001726985,0.001508995
0.12460381003189462,0.0004221201,0.0015138389
0.1246744895616846,0.0014537573,0.0015132545
0.12475953259046281,0.0008060932,0.0015167459
0.12479169456745208,0.00074768066,0.0015128494
0.12482413435975588,0.00023245811,0.0015119124
0.1249547003051938,0.000834465,0.0015144936
0.12496066041491845,0.0013188124,0.0015129314
0.12499304767411194,0.0005053282,0.0015178464
0.12506749490367547,-0.0011484027,0.0015102774
0.1251624986320597,0.00013875961,0.001506483
0.12520605461647671,0.00019574165,0.0015132009
0.12523968794212026,0.0014690161,0.0016640365
0.12528882865781393,1.6570091e-5,0.0015182432
0.12534555423330007,-0.0016480088,0.0015171994
0.12540014758059276,-0.0022631288,0.0015134447
0.1254454907458249,-0.0007991791,0.0015130008
0.12557549547578717,-0.0005559325,0.0015113966
0.12558218235487212,-0.0007030368,0.0015098355
0.12558664648472195,0.00049746037,0.0015143312
0.12570084084481625,-0.0009872317,0.001509286
0.12573185806066806,-0.0009561777,0.0015290229
0.12580184641730718,0.00144279,0.0015133029
0.12580621110619816,0.0006135702,0.0015154049
0.1258845126865809,-0.00027638674,0.0015077811
0.1259004612371265,-0.001491189,0.0015134383
0.12592892185102994,0.00031483173,0.0015332157
0.12600652865244277,-0.0011131763,0.0015100642
0.1260646560799572,-0.0006915331,0.0015144674
0.12617788129978297,-0.0006418824,0.0015159202
0.12618816976518776,-2.0682812e-5,0.0015138388
0.12620767455593768,6.937981e-5,0.0015125441
0.12633223798696902,-0.00022900105,0.0015109902
0.12635067887117601,-4.839897e-5,0.00151319
0.12640424451009086,-0.0015323758,0.0015137716
0.1264391545585466,0.0009099245,0.0015078937
0.12652801916738,-0.00091838837,0.0015090593
0.1266108465268012,-0.00017005205,0.0015137828
0.12668150115790783,-0.0002259016,0.0015126376
0.12676660138396628,0.0045051575,0.0015178554
0.12679871894898836,-0.0005681515,0.0015123052
0.12683113316869454,0.0018559694,0.0015137627
0.1269616863304623,0.00092732906,0.0015120473
0.12696767201147025,0.0003014803,0.001513657
0.12700010166384545,0.000109910965,0.001515122
0.12707446881393075,0.00084006786,0.0015099572
0.12716946043058758,0.0014955997,0.0015101559
0.12721309514796864,0.0010570288,0.001515965
0.12724664233843452,0.0010250807,0.0016654024
0.12729584563680807,0.0006854534,0.0015146706
0.12735262841220313,-0.0023249984,0.0015165418
0.12740717600035728,-0.0022176504,0.0015113782
0.12745249359332034,0.0014979839,0.0015123262
0.1275825111085957,0.0010049343,0.0015139853
0.12758917241705447,-0.0011580586,0.0015111153
0.12759370518528357,5.030632e-5,0.0015128464
0.12770781946688542,0.00062322617,0.0015097071
0.1277388629279348,-0.00010406971,0.0015273999
0.12780881225472046,4.529953e-5,0.0015110146
0.12781325567493257,0.00116992,0.0015150621
0.12789146708388094,0.0008735657,0.0015078873
0.12790748427247717,4.529953e-5,0.0015147044
0.12793600074010397,-0.0019518733,0.0015270329
0.12801356110879258,0.0011681318,0.0015143439
0.12807166363860933,0.001485467,0.0015139093
0.12818494471051556,0.0010181665,0.0015163779
0.12819519010849584,5.030632e-5,0.0015132899
0.12821466865503395,3.2782555e-5,0.0015112027
0.12833922064759495,-0.0011089444,0.0015135142
0.12835768575591394,-0.0019071698,0.0015132766
0.12841129378965338,0.00073969364,0.0015150986
0.12844612510547365,0.0017786026,0.0015093355
0.1285349769286654,0.00011408329,0.0015080051
0.128617883693322,0.002015233,0.001512981
0.12868851342705956,-0.00012332201,0.0015112679
0.12877367017911273,-0.0004479885,0.0015166339
0.12880574333118183,0.0027097464,0.0015137029
0.12883813130667615,0.0011200905,0.0015111547
0.12896867235573078,-0.00015938282,0.0015112342
0.1289746829324649,-0.00019675493,0.001511961
0.12900715565489324,-0.00011229515,0.0015149681
0.12908144339941463,-0.0008857846,0.0015118858
0.1291764229033583,-0.0005648732,0.0015085271
0.12922013635271762,0.0012025833,0.001515443
0.12925359673606313,-0.0020483732,0.0016666745
0.12930286328741636,-0.0004811883,0.0015113791
0.12935970259077756,0.0008070469,0.0015171178
0.12941420441979318,0.0025612116,0.00151494
0.12945949576854443,0.0011538267,0.0015159677
0.12958952741433272,0.00095546246,0.0015128657
0.12959616247989403,-0.0030150414,0.0015104708
0.1296007638855166,-0.001316011,0.001517802
0.12971479808895459,-0.0005736351,0.0015090622
0.12974586711964436,0.0021731853,0.0015311579
0.1298157787647336,0.0006184578,0.0015081281
0.12982030091790975,-0.0022312403,0.0015114436
0.12989842148052383,0.0014053583,0.0015086238
0.12991450663457077,0.0006811619,0.0015138087
0.12994307962852086,0.0019209385,0.0015276042
0.13002059423807089,0.0010888577,0.0015139068
0.13007867052367583,0.0015273094,0.001513824
0.13019200812256243,0.0032109022,0.0015180174
0.13020220978018976,-0.0022433996,0.0015120604
0.1302216627554445,3.373623e-5,0.0015121299
0.13034620263266378,4.529953e-5,0.0015110021
0.13036469264196615,5.030632e-5,0.0015139368
0.13041834306888728,0.0007840395,0.0015157462
0.1304530956530579,0.00075924397,0.0015090333
0.1305419353625507,0.0009573698,0.0015071981
0.13062492018691424,0.0006853342,0.0015153935
0.13069552502229703,-0.0020285845,0.0015122987
0.13078073830133058,0.0003272295,0.0015175351
0.13081276771140377,-0.00071299076,0.0015125974
0.13084512944400062,0.0015758276,0.0015132888
0.13097565837968494,-0.0010943413,0.001510234
0.13098169452803093,0.00048685074,0.001513455
0.13101420964561244,-0.00012660027,0.0015142788
0.13108841798456988,-0.001449883,0.0015091419
0.13118338537580038,0.0021320581,0.0015083462
0.13122717755680946,0.0007045269,0.001514031
0.1312605504594489,0.00030457973,0.0016686945
0.1313098802673962,-0.002625525,0.0015137893
0.13136677676738057,0.003364563,0.0015176442
0.13142123283857193,1.1205673e-5,0.0015145225
0.1314664986157113,0.002248764,0.0015132071
0.13159654304714125,-0.0029202104,0.0015112136
0.13160315254141924,-0.0014425516,0.001509165
0.13160782191380688,0.0017596483,0.0015129029
0.13172177603776664,0.00047266483,0.0015115123
0.13175287198592533,0.0011147261,0.0015308536
0.1318227452740896,-0.002037406,0.0015063867
0.1318273461595726,0.0013495684,0.0015151419
0.1319053752039096,-0.00018250942,0.0015077903
0.13192152966959286,0.00036275387,0.0015154135
0.13195015851660913,-0.0010703206,0.0015285716
0.13202762669474927,0.0013638735,0.00151778
0.13208567740841376,-0.0010163188,0.0015147685
0.13219907153329508,0.0023419857,0.0015180679
0.13220923012349783,5.030632e-5,0.0015109103
0.1323531852932897,4.529953e-5,0.001510753
0.1323717002002897,0.00050807,0.0015130012
0.13242539302170686,-0.00014543533,0.0015131441
0.13246006619965633,0.00044763088,0.0015110963
0.13254889312449325,-0.0023946166,0.0015054729
0.13263195668050654,-0.00097447634,0.0015138597
0.13270253729177728,0.00072681904,0.0015144674
0.13278780709483412,-0.0014122128,0.0015160777
0.1328197914193544,0.0026278496,0.0015148543
0.1328521282529393,0.0015269518,0.0015129484
0.13298264507722474,-0.0028761625,0.0015095486
0.13298870612425412,-8.0406666e-5,0.0015137736
0.1330212636356745,5.030632e-5,0.0015149512
0.13309539256775366,0.00039982796,0.0015096058
0.13319034717465683,-0.00090533495,0.0015095201
0.13323421808731561,0.0016261339,0.0015148732
0.13326750485674893,-0.00071787834,0.0016682721
0.13331689724704748,0.0006901026,0.0015139201
0.13337385094496929,-3.2424927e-5,0.0015152148
0.13342826125702212,0.0008870363,0.001514595
0.13347350146320675,0.00030863285,0.0015106597
0.13360355868027834,0.0010150671,0.0015143842
0.13361014260228732,-9.846687e-5,0.0015106965
0.1336148806143685,0.0001385212,0.0015151965
0.13372875466016437,0.0012558699,0.0015105192
0.13375987617993496,0.00035202503,0.0015317488
0.1338297117818027,-6.824732e-5,0.0015085205
0.1338343914012355,-0.0014742017,0.0015145252
0.13391232960120958,0.0013518333,0.0015105972
0.1339285520330008,0.001983881,0.0015174493
0.1339572367317689,0.0009520054,0.0015280233
0.13403465915109908,-1.7166138e-5,0.0015133255
0.13409268496608018,-0.0010733008,0.0015138813
0.13420613494402767,-0.000608623,0.0015140631
0.13421624979387742,0.00040340424,0.0015108688
0.13423565095363704,0.0004183054,0.0015127655
0.13436016728098715,6.330013e-5,0.0015100219
0.1343787070843705,0.00094795227,0.0015117812
0.13443244230126938,-0.001327157,0.0015153618
0.1344670360736549,-0.0007445812,0.0015110152
0.13455585088577865,8.6307526e-5,0.0015096968
0.1346389938483416,0.0015835762,0.0015138149
0.13470954888701475,0.0012563467,0.0015161715
0.13479487588899475,0.0008918047,0.0015141555
0.13482681580121925,-0.0024170876,0.0015114759
0.13485912638960662,-0.00040519238,0.0015109306
0.13498963110150752,4.529953e-5,0.0015129218
0.13499571704787744,-0.0007084608,0.0015093351
0.13502831695116518,0.001760006,0.0015134504
0.1351023664789947,-0.00093740225,0.0015085357
0.1351973096461132,-0.00015842915,0.0015065527
0.13524125929272174,-0.00054073334,0.001515683
0.1353239148989701,-0.00092053413,0.0015152555
0.13538092512387234,0.00065732,0.0015149545
0.1354352896754723,-5.2690506e-5,0.0015145367
0.13548050363843084,-0.001663208,0.0015113227
0.13561057431407259,0.0019015074,0.0015147164
0.13561713266479825,0.00059628487,0.0015117245
0.13562193931460154,9.536743e-7,0.0015147899
0.13573573260930505,0.0013631582,0.0015114737
0.13576688104588736,0.0017570257,0.0015302623
0.13583667829214446,-0.0013854504,0.0015086099
0.13584143664289838,-0.00025588274,0.0015159507
0.13591928332492392,-0.00024014711,0.0015096954
0.1359355750686801,-0.001513958,0.001513951
0.13596431561887146,-0.0010347366,0.0015296853
0.1360416916074489,-0.00046390295,0.0015115564
0.1360996918508181,0.001509428,0.0015126206
0.13621319835607454,-0.0023022294,0.00151489
0.1362232701371855,-0.00014346838,0.0015128088
0.1362426450540476,-0.0005143881,0.0015149467
0.13636714926605592,0.0036604404,0.0015125812
0.13638571464203691,-0.0012390018,0.0015091696
0.13643949157951757,5.030632e-5,0.0015120093
0.1364740066212391,-0.00050872564,0.0015087628
0.13656280931966397,0.00071680546,0.0015110343
0.13664603034324824,0.0019489527,0.0015161477
0.13671656115518077,0.0010061264,0.00151373
0.13680194468315543,0.0017359257,0.0015153268
0.13683384018242695,-0.001462698,0.0015143974
0.13686612452758823,-0.00029295683,0.0015153538
0.13699661712579025,-0.00014156103,0.0015105515
0.1370027286431149,-0.00010108948,0.0015142012
0.13703537094221296,-0.0021899343,0.0015132417
0.13710934106447853,0.0009069443,0.0015124106
0.13720427211855535,0.0017994642,0.00151003
0.13724829982454223,0.0019366741,0.0015127866
0.13733093187829282,-0.0006376505,0.0015148349
0.13738799930146106,-0.00040251017,0.0015166054
0.13744231809523677,0.0023097992,0.0015155299
0.1374875064855977,-0.00078326464,0.0015118757
0.1376175899468811,-5.5015087e-5,0.0015165156
0.13762412272730917,-0.000295043,0.0015091072
0.1376289973419061,8.3208084e-5,0.0015164884
0.13774271123203136,0.001735568,0.0015111612
0.13777388523923978,9.608269e-5,0.001531829
0.13784364480248623,-0.000695169,0.0015089184
0.13784848188390408,-0.00078588724,0.0015151786
0.13792623772189538,-0.0028422475,0.0015082133
0.1379425974301165,-0.00015121698,0.0015149399
0.1379713945079455,0.0013750792,0.0015261221
0.13804872406347013,5.733967e-5,0.0015149296
0.13810669873687031,-2.5510788e-5,0.0015170675
0.13822026176680718,4.518032e-5,0.0015159851
0.13823028980887936,5.030632e-5,0.0015117866
0.13824963915314387,0.00010943413,0.0015112746
0.13837413192668185,-0.0023191571,0.0015127127
0.13839272152808912,-0.001962185,0.001513256
0.13844654085875152,-0.0013054609,0.0015147364
0.13848097716783758,-0.00049585104,0.0015110922
0.13856976708160657,0.00079262257,0.0015091543
0.1386530668355262,-0.00039207935,0.0015159455
0.13872357275041824,-0.0015669465,0.0015157162
0.1388090128057019,-0.0009785295,0.001516283
0.13884086456330608,0.0005136728,0.0015139934
0.13887312266524127,-0.0016784072,0.0015129402
0.13900360314974441,0.0016399622,0.0015125555
0.1390097402376952,-0.002005756,0.001512581
0.13904242493326074,0.0010726452,0.0015145378
0.13911631564996235,-0.0008637309,0.001507709
0.1392112339174118,-0.00039231777,0.0015093359
0.13925534102896264,-0.00040614605,0.0015133102
0.1393379488572869,0.0016088486,0.0015162681
0.13939507347904978,0.0005517006,0.0015171974
0.13944934651368696,-0.0015435219,0.0015107167
0.13949450865983604,-0.00075787306,0.001512437
0.1396246055800182,4.2557716e-5,0.001510621
0.13963111278817725,1.1920929e-5,0.001510841
0.13963605604213908,0.00063169,0.0015136207
0.13974968918215774,-0.0014228225,0.0015107746
0.13978089010552075,-0.0012192726,0.0015309062
0.13985061063727083,4.529953e-5,0.0015100094
0.13985552645395277,0.0017596483,0.001515487
0.1399331914465955,0.00038969517,0.001510204
0.13994962046645293,-0.0002722144,0.0015163877
0.1399784733973481,-0.0004492402,0.0015276236
0.14005575719241986,-0.0007523298,0.0015130796
0.14011370629453673,0.00035107136,0.0015128743
0.14022732517753977,0.00012803078,0.0015161482
0.14023731015317314,0.0011589527,0.001513238
0.14025663325224014,-0.0011084676,0.0015117329
0.1403811139143793,-0.0022093058,0.0015089856
0.14039972841282705,-0.0017238259,0.0015120177
0.14045359013929976,5.030632e-5,0.0015141113
0.14048794771476464,0.00042569637,0.0015096717
0.14057672484289196,0.0013613701,0.0015086674
0.14066010400237555,0.0021865368,0.0015151486
0.14073058501891278,0.0002002716,0.0015139267
0.14081608160051973,0.00036513805,0.0015181307
0.1408478889441852,-0.000621438,0.0015121748
0.14088012080223716,-0.00050121546,0.0015125105
0.14101058917369858,0.00068092346,0.0015115378
0.1410167511606613,-0.0009688735,0.0015121563
0.14104947892167996,0.0015038252,0.0015157504
0.1411232895612034,-0.000116825104,0.0015105786
0.14121819638886818,4.529953e-5,0.0015108193
0.14126238156045456,-0.0023671985,0.0015181679
0.14134496583628103,0.00042057037,0.0015112339
0.1414021476566385,0.00035214424,0.0015178728
0.1414563749308228,-0.00013142824,0.0015127435
0.14150151150733148,0.00016760826,0.0015133867
0.14163162121381245,-0.0008549094,0.0015122521
0.1416381028503596,0.0011405945,0.0015099146
0.14164311474368646,-0.0019952655,0.0015141158
0.14175666780291257,-0.0012911558,0.0015105325
0.14178789429854466,-0.00020426512,0.0015306013
0.14185757714761255,-0.00022667646,0.0015128191
0.1418625716962728,7.224083e-5,0.0015133867
0.14194014584225262,0.0019450188,0.0015106085
0.14195664282920367,6.508827e-5,0.0015168398
0.14198555228543636,0.00020301342,0.0015270115
0.1420627896494268,-0.0007842183,0.0015130138
0.142120713180589,-0.0005221963,0.0015150881
0.14223438858827236,-0.00028192997,0.0015156188
0.14224432982256702,0.0014327765,0.0015144307
0.14226362802557924,-0.00057947636,0.0015106556
0.1423880959007624,0.0011826754,0.0015146431
0.14240673597049347,0.00061059,0.0015147598
0.14246064009277648,5.030632e-5,0.0015128473
0.1424949182623489,0.0018324852,0.0015104692
0.14258368327743443,-0.0002104044,0.0015085591
0.14266714049695356,0.00062549114,0.0015165228
0.14273759661513602,0.00019979477,0.0015138384
0.1428231503940232,0.0010019541,0.001516341
0.14285491265312156,0.0010694265,0.0015116606
0.14288711961183298,-0.001362145,0.0015119271
0.14301757587189556,-0.0014296174,0.0015087704
0.14302376275721312,-0.0002452135,0.0015143487
0.14305653291174203,0.001232624,0.0015144588
0.1431302641453729,0.0010627508,0.0015104081
0.1432251581880532,-0.0019138455,0.0015076376
0.14326942276454635,0.0009071827,0.0015150268
0.1433519834878751,0.0024234056,0.0015147721
0.14340922183455584,-0.0017793775,0.001516824
0.14346340335058733,-0.0012112856,0.0015124788
0.14350851435548412,0.00025236607,0.0015122875
0.14363863684662098,0.0011595488,0.0015122577
0.14364509358612765,0.0009177923,0.0015091379
0.143650172770991,-0.0019481182,0.001513685
0.1437636457527104,-0.0006188154,0.0015099773
0.1437948991651542,-0.0006529093,0.0015316957
0.1438645436579543,4.529953e-5,0.001511094
0.14386961693826428,-0.0021797419,0.0015146598
0.14394709956629553,-0.00081443787,0.0015092394
0.14396366586356868,-0.0010690093,0.0015132938
0.14399263117352468,9.787083e-5,0.0015258009
0.14406982210577662,-0.0016386509,0.0015132863
0.14412772006598407,0.00034618378,0.0015137423
0.14424145199900495,-2.7537346e-5,0.0015154466
0.1442513501658751,0.0001988411,0.0015134511
0.14427062212467545,0.0023401976,0.0015145385
0.14439507856007405,4.529953e-5,0.0015120903
0.1444137428552314,-0.0012607574,0.001513162
0.14446768937201043,0.00045728683,0.0015130771
0.14450188813601883,-0.0006528497,0.0015072147
0.1445906410397056,-0.0006762147,0.0015096053
0.1446741769905458,5.030632e-5,0.0015145757
0.14474460888330198,0.00077676773,0.0015156025
0.1448302185152554,0.0014648438,0.0015185897
0.14486193703498645,-0.0011888742,0.0015120277
0.14489411774915745,0.0008288622,0.0015131213
0.14502456189584972,0.000918746,0.0015125106
0.14503077367853634,0.00013363361,0.0015120513
0.1450635862295327,0.0017088652,0.0015134866
0.14513723873052814,0.0007852316,0.0015113439
0.14523212065983815,-0.0014162064,0.0015064691
0.1452764632966954,-0.00090026855,0.0015140427
0.1453590004665406,0.0010405779,0.0015138822
0.14541629601313028,-0.0008407235,0.0015167235
0.1454704317703518,-0.0009112954,0.0015130193
0.14551551653103678,0.0010261536,0.0015134802
0.14564565247975808,5.030632e-5,0.0015148174
0.14565208364699572,0.00015556812,0.0015100111
0.1456572314702383,-0.00034224987,0.001517585
0.14577062437576527,-0.0015992522,0.0015114816
0.14580190335850668,0.00018262863,0.0015327426
0.14587151016698174,0.0017682314,0.0015070103
0.14587666218025575,0.0026504993,0.0015157608
0.14595405396392414,0.0008215904,0.0015095905
0.14597068822566228,0.0010187626,0.001514785
0.14599970938868445,-0.00093847513,0.0015257609
0.1460768545617978,-0.0001538992,0.0015138581
0.14613472762299334,-0.0004966259,0.0015145241
0.14624851541105188,0.0024592876,0.0015168396
0.14625836983756896,-0.00010919571,0.0015143094
0.14627761622377172,4.529953e-5,0.0015104152
0.14640206054645716,-0.002092421,0.0015099905
0.1464207497412836,-0.0010699034,0.0015140953
0.14647473864993005,0.002309084,0.0015149451
0.14650885868294589,0.0013139248,0.0015113374
0.14659759879967665,0.00018906593,0.0015110628
0.14668121415739516,-0.0020133257,0.0015167829
0.14675162047985374,-0.0010194182,0.0015149594
0.14683728731073037,7.1167946e-5,0.0015156077
0.14686896141520844,0.0012714863,0.0015113598
0.14690111588615334,-0.0037039518,0.0015124966
0.14703154792078965,0.0012334585,0.0015092967
0.14703778527410238,-0.0011898279,0.001512825
0.14707064022058053,5.030632e-5,0.0015127811
0.14714421264209776,-0.0023993254,0.0015078989
0.14723908313162315,-0.0015417933,0.001508335
0.14728350450111583,0.00079905987,0.0015156439
0.14736601744619188,0.0021983385,0.0015125489
0.147423370190719,5.030632e-5,0.00151686
0.14747746018880198,0.0013819933,0.001515167
0.1475225193772179,-0.0005992055,0.0015173793
0.14765266811289518,-0.00090402365,0.0015120402
0.14765907370852094,-0.0007018447,0.0015105931
0.1476642901714571,-0.0007995963,0.001516947
0.1477776023235916,-0.001439631,0.0015091588
0.14780890822478765,0.00029063225,0.0015345525
0.14787847600373782,0.0009007454,0.0015107543
0.1478837074219186,0.00012254715,0.0015158838
0.14796100768665277,-0.00055217743,0.0015080002
0.14797771126199866,0.00047445297,0.0015152737
0.14800678827808705,-9.137392e-5,0.0015275457
0.14808388701880482,-0.00092327595,0.0015136233
0.14814173450773122,0.00081050396,0.0015139185
0.14825557882178447,-0.0013673306,0.001518773
0.14826539018087703,-0.00014102459,0.0015127584
0.148284610322868,0.0013874769,0.0015129044
0.1484090425341546,-0.00068825483,0.0015105826
0.1484277566270073,-1.1920929e-6,0.0015136454
0.14848178793047828,-0.00033205748,0.0015170194
0.14851582923053008,0.0014933348,0.0015108692
0.14860455656161925,0.0026062727,0.0015096427
0.14868825065131602,-0.0006788373,0.0015156353
0.14875863274933404,-0.0013653636,0.0015119604
0.148844356104891,-0.00075387955,0.001515883
0.14887598579608752,-0.0010402203,0.0015147725
0.1489081140218349,0.001074791,0.0015116225
0.14903853394572952,0.00074470043,0.0015112686
0.1490447961970685,-0.0019416809,0.0015112298
0.14907769421031403,-0.00082957745,0.0015168784
0.14915118722495296,-0.0010527968,0.0015114137
0.14924604493080817,4.529953e-5,0.0015090102
0.14929054503096484,5.030632e-5,0.0015148412
0.149373034425186,-0.0019744635,0.0015118084
0.14943044436863634,-4.3570995e-5,0.0015144275
0.14948448860725216,5.030632e-5,0.0015130243
0.14952952155244198,0.0025861263,0.0015151819
0.1496596837457037,7.331371e-5,0.0015116996
0.14966606377103187,9.536743e-5,0.0015110939
0.14967134820007594,0.0020581484,0.0015122258
0.14978458094566072,-0.0002682209,0.0015107748
0.1498159130913972,-0.000100791454,0.0015340283
0.14988544251309383,0.0005453825,0.0015109933
0.1498907519916387,-0.0001385212,0.0015160046
0.14996796208296703,-8.7201595e-5,0.0015118171
0.14998473362474946,0.0007381439,0.0015138558
0.15001386716617532,0.0006827116,0.0015253754
0.15009091947515457,-0.0026914477,0.0015161815
0.15014874139378348,-0.0015079975,0.0015144962
0.15026264155958857,-5.364418e-7,0.0015175259
0.15027240985125662,0.0012891293,0.001511908
0.15029160442327855,0.0005259514,0.0015119583
0.1504160251934662,0.0002257824,0.0015103637
0.15043476418368795,0.0007253885,0.0015124204
0.15048883721102652,0.00058078766,0.0015158997
0.1505227997784429,0.00041627884,0.0015126148
0.15061151499681885,-0.0012005568,0.0015088759
0.15069528714556546,0.00028431416,0.0015163502
0.15076564434325723,-0.00093215704,0.0015150129
0.1508514242261232,-0.0015645027,0.0015171657
0.1508830095053525,5.030632e-5,0.0015152486
0.15091511215981657,0.0009163618,0.0015117432
0.15104551996902654,-0.0002143979,0.0015107822
0.15105180779362032,0.0005444288,0.0015141435
0.15108474819906176,-0.0016382337,0.0015143047
0.1511581618104368,0.0015370846,0.001511246
0.15125300740259312,4.529953e-5,0.0015115796
0.15129758623637096,-0.0012079477,0.0015134655
0.15138005140450872,-0.0007336736,0.0015160444
0.15143751854655363,-0.00041502714,0.0015164947
0.1514915170257023,-0.00014674664,0.0015127703
0.1515365244009232,-0.0025350451,0.0015122013
0.15166670005209792,-0.00093752146,0.0015112613
0.1516730538335428,0.002293706,0.0015127677
0.15167840690030898,-0.0014201403,0.0015177262
0.15179155889512996,0.00068700314,0.0015094575
0.15182291728474961,0.00040364265,0.0015354651
0.15189240902244983,-0.0010979772,0.0015141184
0.15189779723363017,5.030632e-5,0.0015150396
0.15197491580700995,0.0014535189,0.001507709
0.15199175666010012,-0.0020301342,0.001514192
0.15202094605360644,0.00015330315,0.0015275958
0.1520979519311758,0.00048601627,0.0015128178
0.1521557482785214,0.0005302429,0.0015141745
0.15226970497032116,-0.00030726194,0.0015170749
0.1522794295216362,0.0016473532,0.0015156919
0.15229859852336058,0.0009981394,0.0015120503
0.1524230071798493,-0.00013524294,0.0015111787
0.15244177106842588,0.0007506609,0.0015124392
0.15249588648894613,5.030632e-5,0.0015148501
0.15252976965211285,-0.00063061714,0.0015116751
0.15261847275678997,0.0016878843,0.0015106074
0.15270232364047204,1.1086464e-5,0.0015151013
0.1527726559384947,0.0006402731,0.001513751
0.15285849302028381,0.0010113716,0.0015179524
0.15289003388623162,5.4836273e-5,0.0015135233
0.1529221102974696,9.441376e-5,0.0015132149
0.15305881871592925,0.00071811676,0.0015133758
0.15309180151685248,-0.0011321306,0.0015135886
0.15316513572299212,0.0023126602,0.0015130366
0.15325996920144958,4.529953e-5,0.0015082562
0.15330462676884865,2.2053719e-5,0.0015130948
0.15338706838448857,0.0019574165,0.0015152447
0.15344459205121386,0.0015151501,0.0015160161
0.15349854544546682,0.00071418285,0.0015141086
0.1535435265741758,0.000111579895,0.0015134644
0.15367371568523502,0.001511693,0.0015123221
0.153680043895068,0.00036513805,0.0015101387
0.15368546492761348,0.0022755861,0.0015153807
0.15379853751818484,0.0042437315,0.0015135183
0.15382992215103058,0.0017402172,0.0015349647
0.15389937485854877,-0.0009280443,0.0015102582
0.15390484247529307,0.0007508993,0.0015145346
0.15398187020463855,-0.00038665533,0.0015076195
0.153998779021208,0.0017673969,0.0015122292
0.1540280249416947,-0.0010167956,0.0015253505
0.15410498438719705,0.0013626814,0.0015148021
0.15416275583618783,-0.0011464953,0.001513865
0.15427676838138232,0.0011119843,0.0015155956
0.15428644986625856,-0.00059098005,0.0015120395
0.1543055926214711,0.0007714033,0.0015139327
0.15442998916754674,-0.001060009,0.0015110093
0.1544487779544781,-0.00017100573,0.0015129279
0.15450293644143714,0.0006209612,0.0015145276
0.15453674019772562,0.0006927252,0.0015139491
0.15462543051807537,-0.0015980601,0.0015091007
0.1547093608060071,-0.0015091896,0.0015138614
0.154779668207975,0.002084732,0.0015177577
0.15486556114184458,-0.0007869601,0.0015137193
0.15489705826711075,-0.00097352266,0.0015161989
0.154929109107394,-0.00082463026,0.0015138139
0.15505949201792057,0.00059735775,0.0015112341
0.15506583031050958,0.00033140182,0.0015126744
0.15509885550790026,0.00017797947,0.0015153533
0.15517211030716166,0.0020895004,0.0015105647
0.1552669316735631,0.0003232956,0.0015105188
0.15531166730001195,0.0020428896,0.0015177932
0.15539408603542543,0.0003387928,0.0015154876
0.1554516662297883,0.00093245506,0.0015157687
0.15550557319098846,-0.0008722544,0.0015150267
0.15555052942167125,-0.0013346672,0.0015130749
0.15568073131902926,-0.0005530715,0.0015154381
0.15568703395692185,-0.0013474226,0.0015103021
0.15569252362784652,8.916855e-5,0.0015155546
0.1558055154669969,0.001109004,0.0015105244
0.15583692634471163,0.0009137392,0.0015339128
0.15590634136757614,-0.00019615889,0.0015106784
0.15591188704501313,0.00031256676,0.001515757
0.15598882392802432,0.0015581846,0.0015116899
0.15600580205754444,0.0006840229,0.0015176494
0.15603510315784025,-0.0010667443,0.0015260869
0.1561120168432183,0.00044679642,0.0015171018
0.15616976272224004,-0.0017243028,0.0015134389
0.15628383179310068,0.0014337301,0.001514826
0.15629346953795248,0.0002052784,0.0015111809
0.1563125867218817,-0.00020802021,0.0015113056
0.15643697115392985,-0.00079995394,0.001511586
0.15645578551214456,0.0010274649,0.0015124422
0.1565099857216568,0.0016971827,0.0015153278
0.15654371074530982,0.0004529953,0.0015106401
0.15663238827968934,-0.0009624362,0.0015079692
0.15671639729992792,-0.0028452873,0.001513857
0.15678667980321248,-0.00054711103,0.0015113134
0.15687262993699097,-1.3589859e-5,0.001516442
0.15690408197506134,0.0010528564,0.0015129906
0.15693610724471846,-0.00039970875,0.0015136966
0.15706647804220336,4.529953e-5,0.0015102918
0.15707284123380427,-0.0019088387,0.0015142418
0.157105909496648,0.0013751984,0.0015148872
0.1571790848923169,0.0002297163,0.001509943
0.15727389347241955,0.00020170212,0.0015109932
0.1573187085041038,-0.0025525093,0.0015124227
0.157401103014091,-0.00055485964,0.001514052
0.15745874040770563,0.00020933151,0.0015162898
0.1575126016087815,-0.0011874437,0.001512979
0.15755753159656677,0.00043201447,0.0015138543
0.15768774628022358,0.0019228458,0.001512526
0.15769402401943278,-0.0006469488,0.0015117901
0.1576995823293939,0.00030839443,0.0015146502
0.1578124940887375,-0.00021511316,0.0015109653
0.15784393121197837,0.0006649494,0.0015356294
0.1579133078779179,0.00015842915,0.0015107838
0.1579189322870046,-0.00089251995,0.0015144157
0.1579957783243386,0.0017448664,0.0015098082
0.15801282442062375,0.00070619583,0.0015182336
0.15804218204691428,-0.0018442273,0.0015264946
0.1581190499734823,-0.00038552284,0.001514815
0.1581767696076351,0.0006610155,0.0015147672
0.15829089520383327,-0.00040376186,0.0015167851
0.15830048987994622,5.030632e-5,0.0015132608
0.15831958014903513,-0.0009844303,0.0015114167
0.1584439538132415,-5.9187412e-5,0.0015129677
0.15846279239688243,0.0004466772,0.0015144566
0.15851703500220504,-0.0011417866,0.0015136785
0.1585506806202941,0.0017242432,0.0015114602
0.158639346714889,0.0010976791,0.0015117894
0.15872343379417736,-0.0012741089,0.0015158919
0.15879369139844995,-0.0011657476,0.001516024
0.1588796980582231,-0.0001386404,0.0015179433
0.1589111063572548,-0.0013229251,0.0015124156
0.15894310538171436,-0.0006724596,0.001514519
0.15907346406615752,0.001422286,0.0015118681
0.1590798528300275,0.0015594959,0.001514287
0.15911296281378157,0.0010124445,0.001516588
0.15918605880388653,0.001742363,0.0015118109
0.1592808559442045,-0.00059455633,0.0015104489
0.15932574903526708,-0.0012022853,0.0015174272
0.15940811999374227,0.0005556345,0.0015153518
0.15946581458529435,0.002470255,0.0015168485
0.15951963002788883,-0.0006136894,0.0015139783
0.15956453444504792,-0.0020727515,0.0015164225
0.1596947619120464,-0.0021715164,0.0015113218
0.1597010134080295,0.0016599894,0.0015115093
0.1597066403566984,0.0024433136,0.0015198741
0.15981947203886387,-0.0004937649,0.0015091547
0.15985093540500223,-0.0012890697,0.0015346787
0.15992027371401685,-0.00067573786,0.0015090388
0.1599259775286675,-0.00021213293,0.0015161443
0.1600027320490387,-0.00172472,0.0015108294
0.16001984678173165,0.0003515482,0.0015150142
0.16004926093500255,5.030632e-5,0.0015262052
0.16012608242950355,0.00026130676,0.0015136458
0.1601837764927016,-0.0001500845,0.0015164651
0.16029795794098017,-0.0011668205,0.001513556
0.16030750955065437,-3.5762787e-6,0.0015138317
0.1603265742471457,0.0012198687,0.0015112048
0.16045093580093894,0.0010443926,0.0015107228
0.1604697992829347,-5.9902668e-5,0.0015137919
0.160524084281439,-0.0003604293,0.0015169571
0.16055765116590687,0.0008662939,0.0015131488
0.16064630447584582,-0.00032520294,0.0015093492
0.16073047028809823,0.00018548965,0.0015137185
0.1608007036669445,-0.0002503991,0.0015169067
0.1608867668523838,0.0003079176,0.0015166774
0.16091813073879108,-0.00091695786,0.0015149799
0.16095010351871025,-0.00049740076,0.0015139184
0.16108045076402588,-0.00086945295,0.0015138362
0.1610868637516793,0.0013338327,0.0015135284
0.16112001680351506,-0.0012623072,0.0015145475
0.16119303338805607,4.529953e-5,0.0015108342
0.16128781774338952,-0.0008713603,0.001506983
0.16133279024067326,6.1273575e-5,0.0015135094
0.16141513697273635,0.000952363,0.0015150764
0.16147288876288307,-0.0008316636,0.0015189981
0.1615266584476533,0.00036263466,0.0015138586
0.1615715366192863,-0.0010519624,0.0015127691
0.1617017775451835,0.002020955,0.0015132347
0.161708003470869,-0.00093734264,0.0015128627
0.1617136990562743,0.000849247,0.0015174086
0.16182645066060447,0.0023447275,0.0015115276
0.16185794027029748,-0.0010007024,0.0015349231
0.16192724022403,0.00017929077,0.0015112961
0.16193302209740185,-0.0006504059,0.0015167954
0.16200968577242447,0.00014638901,0.0015096641
0.16202686981806808,-0.0004633069,0.0015138619
0.16205633982243367,0.00043177605,0.0015271455
0.1621331148855248,-0.00028777122,0.001513294
0.16219078337645382,0.00048029423,0.0015126962
0.16230502135269853,8.881092e-5,0.0015149444
0.16231452922201967,-0.0009793043,0.001515364
0.16233356834624196,-0.0015033484,0.0015115413
0.16245791778732205,0.0013642311,0.0015129199
0.1624768061689869,0.00026535988,0.0015127156
0.16253113356001575,-0.001381278,0.0015127903
0.16256462171349106,0.0001219511,0.0015162461
0.16265326223680265,-0.0018800497,0.0015063051
0.1627375067820191,0.000113487244,0.0015145387
0.16280771526316767,6.6280365e-5,0.0015156284
0.16289383564687304,-0.0003875494,0.0015155957
0.16292515444608452,-0.0005726814,0.0015144313
0.16295710165537752,0.00021600723,0.0015133761
0.1630874367889658,-0.000654161,0.0015103051
0.16309387534790248,-0.0009070039,0.0015133916
0.16312707079423427,0.0010262728,0.0015148078
0.1632000072999542,6.878376e-5,0.0015114625
0.16329478021616023,-0.0017749667,0.0015104939
0.16333983077183656,0.0002528429,0.0015154538
0.16342215395140192,-0.0016201735,0.0015135261
0.1634799622675433,5.4955482e-5,0.001516061
0.16353368686610348,-0.0009227395,0.0015155986
0.16357853946645318,0.0022239685,0.0015130596
0.16370879317864917,5.030632e-5,0.001512572
0.16371499353337993,0.0013188124,0.0015104314
0.163720757084236,0.00040745735,0.0015150937
0.16383342860875938,0.0015305281,0.0015087812
0.1638649444643071,5.030632e-5,0.0015385813
0.16393420673404313,-6.890297e-5,0.0015090721
0.16394006733906474,-0.0026185513,0.001513238
0.16401664016873874,0.0003581047,0.0015112485
0.16403389218081882,0.0010963678,0.0015149652
0.16406341803890778,0.0014482737,0.0015267859
0.1641401473428603,-0.000102996826,0.0015130596
0.16419779026250603,-0.0005700588,0.0015123269
0.1643120847644169,-0.0023034215,0.0015151991
0.16432154956532774,0.000944376,0.0015147318
0.16434056244665252,-0.0006415844,0.0015115429
0.16446489977370515,0.002053976,0.0015113823
0.16448381305372484,0.0011060238,0.0015141021
0.16453818283990684,0.0007042885,0.0015156708
0.16457159158847534,-0.00036245584,0.0015103939
0.16466021999907376,0.0010604858,0.0015080788
0.16474454394853988,-8.505583e-5,0.0015160571
0.16481472685971948,0.001036644,0.0015156766
0.16490090376843375,-9.0539455e-5,0.0015161692
0.164932178828278,0.0009100437,0.0015131505
0.16496409979204485,-0.00057440996,0.001513616
0.16509442281291997,0.00025618076,0.0015099646
0.16510088627119723,0.0032112598,0.0015146466
0.165134124112025,0.0017781258,0.0015177293
0.16520698188445232,2.169609e-5,0.0015108297
0.1653017420146881,-0.00020760298,0.0015093521
0.16534687130201414,0.0005606413,0.0015158945
0.16542917093006743,0.0022745132,0.0015182677
0.16548703644644636,-0.0015367866,0.0015165204
0.16554071528455366,-0.0005277395,0.001512883
0.16558554164200584,0.0012016296,0.0015135397
0.16571580881178627,0.00016474724,0.0015135739
0.16572198359391943,-0.0004774928,0.0015096013
0.16572781578578338,0.00078070164,0.0015163188
0.16584040655822857,0.00061416626,0.0015114704
0.16587194933124522,5.030632e-5,0.0015375444
0.16594117256948493,-0.0001796484,0.0015129428
0.16594711258204192,-0.00015217066,0.0015166264
0.16602359389343885,4.529953e-5,0.0015078066
0.166040914543241,-0.00052165985,0.0015100095
0.1660704969276532,-0.0004581809,0.0015259009
0.16614717979888155,0.0012484789,0.0015128677
0.1662047978208296,-5.6385994e-5,0.0015150835
0.16631914817514948,0.00035953522,0.0015172577
0.16632856923570732,0.0015705824,0.0015120553
0.16634755654706312,0.0007098913,0.0015131612
0.1664718817614026,0.00014173985,0.0015124114
0.16649082061007692,0.0024946928,0.0015157978
0.16654523212045508,0.0002937317,0.0015173228
0.16657856213507383,-0.0016333461,0.0015093324
0.1666671777600306,-0.0004491806,0.0015099876
0.16675158044311789,0.002600193,0.0015163856
0.16682173912689974,4.529953e-5,0.0015149824
0.16690797256325157,-0.0017289519,0.001516269
0.16693920320981426,0.00013303757,0.0015116817
0.1669710979296979,-0.00012546778,0.0015136341
0.1671014088372027,-0.00025218725,0.0015128258
0.16710789786643465,0.0005251169,0.0015133899
0.1671411781011013,5.030632e-5,0.001514298
0.16721395579602194,0.0011314154,0.001509289
0.1673087038125588,0.00073707104,0.0015090441
0.1673539125070917,0.0011328459,0.0015155778
0.1674361879097187,-0.0019996166,0.0015177964
0.16749411062403508,-0.0016774535,0.0015183451
0.16754774370300385,0.0005623102,0.0015174139
0.1675925444891727,-0.000108361244,0.0015127015
0.16772282444492337,-0.00027781725,0.001513209
0.16772897365544465,9.298325e-6,0.0015091945
0.16773487381308788,-0.0013514161,0.0015156242
0.16784738518128345,0.00011539459,0.0015106687
0.16787895352361193,0.0013992786,0.0015365618
0.1679481390791695,-0.0012834668,0.0015081181
0.16795415715077633,0.00039196014,0.0015146332
0.1680305482897531,0.00028777122,0.001510706
0.16804793757859166,-6.7830086e-5,0.0015157878
0.1680775758150843,-2.7358532e-5,0.0015254453
0.16815421225490274,-6.604195e-5,0.001514058
0.16821180470491037,0.00031733513,0.0015130559
0.16832621091328215,-0.00026625395,0.001516814
0.16833558890641548,-0.0005531907,0.0015129602
0.16835455064615934,-0.0010138154,0.0015110082
0.1684788644207142,0.0004905462,0.001509992
0.16849782749612918,-0.0013718605,0.0015129086
0.16855228139903183,-0.00045681,0.0015135421
0.1685855326829866,0.0017347336,0.0015117531
0.16867413552098742,0.00018751621,0.0015097145
0.1687586169376959,-0.00018996,0.0015122022
0.16882875072312292,-0.0018074512,0.0015158402
0.16891504068481233,-1.7464161e-5,0.0015150784
0.1689462269171077,0.00036907196,0.0015126346
0.16897809606669378,-0.0006042123,0.0015127017
0.16910839486214263,4.529953e-5,0.0015111521
0.16911490878874363,-0.00010043383,0.001513973
0.1691482320908348,-0.000105679035,0.0015182472
0.16922093038019148,0.0015596151,0.0015106734
0.16931566628467237,0.0007933378,0.0015096128
0.16936095303956933,-0.00010150671,0.001515719
0.16944320488936998,0.0018950701,0.0015142281
0.16950118412770954,0.0011147261,0.0015166111
0.16955477144983983,0.0007317066,0.0015145241
0.1695995466627539,0.0005083084,0.0015130988
0.1697298400777319,0.00044715405,0.0015112462
0.16973596371828414,0.00034749508,0.0015101377
0.16974193251332093,-0.0011725426,0.0015167211
0.16985436313009555,-0.0009242892,0.0015112791
0.16988595838956433,-0.0020521283,0.0015402137
0.16995510558951127,0.0005337,0.0015091709
0.16996120239145346,0.0033609867,0.0015165976
0.17003750201445322,0.000115036964,0.0015071143
0.1700549599406853,-0.0010737777,0.0015140686
0.17008465470317263,0.00067186356,0.0015271758
0.17016124471092398,0.0016758442,0.001516607
0.17021881159096258,0.0016297102,0.0015166854
0.17033327432302897,0.0014750957,0.0015160484
0.17034260925070932,0.0015175343,0.0015138265
0.1703615447452556,0.0011692047,0.0015120626
0.1704858464070973,-0.000587523,0.0015114006
0.1705048343821814,-0.00044876337,0.0015143608
0.17055933067826579,-0.00013035536,0.0015163299
0.1705925025566566,-0.001190126,0.0015130618
0.17068109395618708,-0.00052285194,0.0015088355
0.170765653430631,0.0006554127,0.0015129107
0.17083576231967473,-0.001601696,0.00151595
0.17092210880637304,0.0011898279,0.0015191233
0.17095325129798683,0.0006057024,0.0015132411
0.17098509420401825,6.604195e-5,0.001512217
0.1711153808860968,-0.0012581944,0.001508075
0.1711219197113812,0.0010573864,0.001514732
0.1711552854086255,-0.0028581023,0.001514663
0.1712279042924182,-0.001676619,0.001510801
0.17132262808451454,-0.00066137314,0.0015096592
0.17136799357073268,-0.0007133484,0.001514106
0.1714502218673784,-0.00047695637,0.0015153122
0.17150825830628402,-0.00029927492,0.0015195869
0.17156179986829,-0.00020128489,0.0015114059
0.17160654883764942,-0.00064510107,0.0015135164
0.17173685571152614,-0.0017079115,0.0015109929
0.17174295377980936,0.0009739399,0.0015111412
0.17174899053996828,-0.00033545494,0.001516339
0.17186134108022194,-0.0007029176,0.0015123951
0.17189296258357395,0.001983881,0.0015407304
0.17196824763410207,0.0005079508,0.0015154916
0.17204445573849614,0.0001538992,0.001510269
0.17206198230376463,-0.0006155968,0.0015185188
0.1720917329183324,-0.0010231733,0.0015266404
0.17216827716694522,-0.0005322099,0.0015128197
0.17222581847635765,0.0005811453,0.0015160213
0.1723403377350759,0.0022177696,0.0015155731
0.1723496289224032,-0.00030738115,0.0015139837
0.1723685388453376,-0.00038975477,0.0015136024
0.17249282839446617,0.00032317638,0.001513497
0.17251184126560498,-5.608797e-5,0.0015130815
0.17256637995815688,0.0002914667,0.0015127044
0.17259947310325507,-0.0028806329,0.0015091257
0.1726880517171439,-0.00041228533,0.0015101614
0.1727726899242233,0.0005220175,0.0015142035
0.17284277391359787,-4.0113926e-5,0.0015185203
0.17292917760119086,0.0008468628,0.0015145063
0.1729602750072518,0.00095164776,0.0015120064
0.17299209234199986,0.00084733963,0.0015149113
0.1731223669093938,-0.0010179281,0.0015107294
0.17312893130760437,0.0005452633,0.0015120049
0.17316233939868758,-5.6505203e-5,0.0015135552
0.1732348788775735,0.0019727945,0.0015087612
0.17332959055531377,-0.0004733801,0.0015092641
0.17337503477482452,9.393692e-5,0.001517059
0.17345723884702963,-0.00039094687,0.0015132807
0.17351533248518708,0.0026657581,0.0015176772
0.173568828286083,-0.0013346672,0.0015142127
0.17361355168613063,0.0013211966,0.0015121504
0.17374387134532038,5.030632e-5,0.0015109233
0.17374994384133458,-0.00066792965,0.001512112
0.1737560485682586,5.030632e-5,0.0015133312
0.17386831970196248,-0.00080925226,0.0015103922
0.17389996744985492,0.000103116035,0.0015407489
0.17396903793398044,4.529953e-5,0.0015103396
0.17397529220415076,-0.0021059513,0.0015161921
0.17405141013415326,-0.0005040765,0.0015076412
0.1740690046661868,-0.0005246401,0.0015169675
0.174098811807735,0.00026869774,0.0015246856
0.17417530895135225,-0.00019520521,0.0015133023
0.17423282536142415,-0.00057047606,0.0015150546
0.1743474004738657,-0.00037896633,0.001515272
0.174356648591797,0.0023173094,0.0015147161
0.17437553294476243,0.001116395,0.0015137587
0.17449981038183504,0.0007966757,0.0015127657
0.17451884815067148,0.0030981302,0.0015106734
0.1745734292387051,0.0016798973,0.0015166476
0.1746064436498535,-0.0013586283,0.0015103332
0.17469500947810068,-0.0006893873,0.0015086558
0.1747797264188013,-0.0008468032,0.0015143243
0.17484978618209246,0.0007406473,0.0015157362
0.17493624572242306,-0.0019391775,0.0015174721
0.17496729938911665,0.00034439564,0.0015127278
0.17499909047801004,-0.00038540363,0.0015119402
0.17512935293433368,0.0010855198,0.0015111179
0.17513594222991336,0.00066161156,0.0015112156
0.17516939271549253,-0.00067067146,0.0015142914
0.17524185278815735,0.00019836426,0.0015121284
0.1753365523544988,-0.0002644062,0.0015088799
0.17538207530598782,0.0007278919,0.0015171538
0.1754642558266809,0.0006682873,0.0015120371
0.17552240598984725,-0.0004799366,0.0015156089
0.1755758567055189,-5.3226948e-5,0.0015137427
0.17562055386036896,0.0013780594,0.001513649
0.17575088697747177,0.0002914667,0.0015128979
0.17575693390417413,0.0005069971,0.0015111644
0.17587529765077453,0.00056028366,0.0015105223
0.17590697231580732,-0.0018461943,0.0015388805
0.1759760037710651,0.0001347065,0.0015101559
0.1759823374458136,-5.8412552e-5,0.0015153217
0.17605836385753904,-0.00033694506,0.0015118732
0.1760760276998946,0.0018405914,0.0015155309
0.176105890696809,0.0028660297,0.001528831
0.17618234140737343,-0.0012621284,0.0015143006
0.17623983224649065,0.00029098988,0.0015162448
0.1763544638836126,4.887581e-5,0.0015179755
0.17636366826250516,5.030632e-5,0.0015122881
0.17638252704254437,-0.0003052354,0.0015095674
0.17650679236821815,-0.0010102391,0.0015107602
0.17652585570932366,0.001516223,0.0015146971
0.176580478517939,0.0020346642,0.0015164209
0.1766134135235235,8.34465e-6,0.0015106964
0.17670196724037185,-1.9490719e-5,0.0015113116
0.1767867629127221,0.001211524,0.0015142084
0.17685679777831564,4.529953e-5,0.0015150165
0.17694331451691225,0.0007135868,0.0015158613
0.17697432377032435,5.030632e-5,0.001514216
0.17700608861467731,0.0012167692,0.0015141559
0.17713633895927355,0.0027143955,0.0015130988
0.1771429538244937,-0.00011086464,0.0015166658
0.17717644670522603,0.0018455982,0.0015162942
0.1772488273733126,-0.002714634,0.0015100886
0.17734351415434096,-0.0005788803,0.0015115975
0.17738911583846545,0.0015593767,0.0015171764
0.17747127280468927,-0.0002487898,0.001516824
0.17752948016743597,0.0004644394,0.001517108
0.17758288512495485,0.0014241934,0.0015177035
0.17762755603592162,-0.000116825104,0.0015142272
0.17775790261028024,-0.0009572506,0.0015120951
0.17776392396569934,0.00069475174,0.0015118266
0.17777016529612472,0.00083363056,0.0015152064
0.17788227560090092,0.00047373772,0.0015103837
0.17791397650883117,0.0013256073,0.0015372629
0.17798297028107823,-0.00035578012,0.0015105901
0.177989382014548,0.0012594461,0.0015137388
0.17806531758223915,-0.002003014,0.0015077546
0.1780830500633025,0.0011951923,0.0015198333
0.17811296891098305,0.0006021261,0.0015294296
0.17818937386339467,0.0004376173,0.0015151468
0.17824683913122857,0.00046384335,0.0015147369
0.17836152729434518,0.00029814243,0.0015175721
0.17837068860647037,-0.0015173554,0.0015108028
0.17838952047002649,-0.00034320354,0.0015126165
0.17851377435394405,-0.0014445782,0.0015098243
0.17853286259537587,-0.00062054396,0.0015131788
0.17858752779651577,-0.0010455847,0.0015158869
0.17862038407143627,-0.0008903146,0.0015095595
0.17870892500132868,-0.0013514161,0.0015084168
0.1787937994063144,-4.428625e-5,0.0015146987
0.17886380937486746,0.0010955334,0.0015159264
0.17895038263847302,-0.00041663647,0.0015186463
0.17898134747696065,-0.00022214651,0.0015162936
0.1790130867523304,0.0020213127,0.0015137856
0.17914332431029922,-7.9751015e-5,0.0015128861
0.17914996474811695,-0.00019800663,0.0015140022
0.17918350002334532,0.0017733574,0.0015183308
0.17925580128553936,-0.001989305,0.0015110909
0.17935047662579734,0.0007814169,0.0015098846
0.1793961570425573,0.00226295,0.0015164871
0.17947828978335484,-0.000995636,0.0015119262
0.17953655434436755,0.00048458576,0.0015147829
0.1795899128704765,-0.0006503463,0.0015143795
0.1796345588830885,0.00028443336,0.0015133979
0.179764917571146,-0.00078231096,0.0015143817
0.179770913354296,-0.00018084049,0.0015108709
0.17977722399635776,0.0001718998,0.0015148215
0.17988925422264151,-0.00033271313,0.0015108901
0.1799209813760979,-0.0017563701,0.0015400536
0.17998993611717717,2.014637e-5,0.0015091185
0.17999642725621084,0.0019683838,0.0015151959
0.1800722719785534,0.0009950399,0.001512557
0.18009007242671043,0.00079870224,0.0015160616
0.18012004779907131,0.00075519085,0.0015259611
0.1801964063207302,0.0008523464,0.0015124411
0.1802538460169522,-0.0012789965,0.0015139689
0.18036859003346356,5.030632e-5,0.0015170733
0.18037770827717853,0.0015567541,0.0015131332
0.18039651457043704,0.0005311966,0.0015109066
0.1805207563416415,-0.000641644,0.0015127676
0.1805398694801138,-0.0012343526,0.0015094654
0.18059457707574972,-0.0005698204,0.0015153105
0.18062735394510626,0.0007133484,0.001511377
0.18071588276228545,0.00025188923,0.0015098258
0.18080083589990664,-2.5451183e-5,0.0015132703
0.18087082097010493,0.00010919571,0.0015154814
0.18095745075839081,5.030632e-5,0.0015171412
0.18098837185915406,0.00057709217,0.0015153097
0.18102008488932625,0.00028407574,0.0015129411
0.18115031033556772,5.7697296e-5,0.0015087905
0.18115697567108308,-0.0013357401,0.0015133453
0.18119055401373596,0.001078248,0.001516023
0.1812627758690517,-0.0009175539,0.0015108448
0.1813574384256395,0.0010852814,0.0015084407
0.18140319757306345,-0.003001213,0.001514366
0.1814853067633347,0.0009146929,0.0015170625
0.18154362784968492,0.0021134615,0.0015196899
0.181596941290241,0.00092220306,0.0015170178
0.18164156105732687,-0.0013376474,0.0015133929
0.1817719332042831,-0.000669539,0.0015147731
0.18177790341582123,-0.00015342236,0.0015117873
0.1817842820249766,0.0025783777,0.0015157871
0.18189623217145356,4.529953e-5,0.0015126413
0.18192798556977896,0.00056540966,0.0015406398
0.18199690262653317,-1.9013882e-5,0.0015084973
0.18200347182625953,-0.0005990267,0.0015142482
0.18207922570193918,0.0006271601,0.0015096992
0.18209709478880404,0.0005478859,0.0015152503
0.1821271266874882,-0.0001308918,0.0015235448
0.18220343877675144,0.0010621548,0.0015171678
0.1822608529020187,0.001414299,0.0015139796
0.18237565344518192,0.0002925396,0.0015160452
0.18238472794788668,-0.00082451105,0.0015140226
0.1824035086695333,0.0003707409,0.0015131988
0.1825277390016103,-0.00057935715,0.0015116169
0.18254687636386596,0.0015420914,0.0015128703
0.18260162635629795,-0.00022494793,0.0015169198
0.18263432449301903,-0.001763463,0.0015097217
0.18272284052455662,0.0004813671,0.0015086905
0.18280787306642743,0.0012141466,0.0015157233
0.1828778325653424,0.0023640394,0.0015158005
0.18296451955386583,-0.00023216009,0.0015168447
0.18299539556841904,0.0026562214,0.0015110425
0.18302708302599358,0.0020616055,0.001512166
0.18315729635952188,3.2901764e-5,0.001511439
0.18316398726632055,-0.00071901083,0.0015135001
0.18319760732988377,-0.000300467,0.0015184934
0.1832697497809499,-0.0009909272,0.0015091399
0.1833644002241674,-0.00022941828,0.0015085409
0.18341023810488394,-0.00023627281,0.001514511
0.1834923237426574,-0.0011962652,0.0015145042
0.18355070202858798,0.0017637014,0.0015172098
0.18360396970869114,0.0014235973,0.0015139189
0.1836485632315652,0.0010485649,0.0015143997
0.18377894883709162,-6.389618e-5,0.0015137331
0.18378489347866078,-0.0017138124,0.0015089097
0.1837913400529383,-0.00096583366,0.0015156548
0.18390321012026561,-0.0003835559,0.0015098043
0.18393499043507416,-3.093481e-5,0.0015417176
0.18400386846361783,-0.0010750294,0.0015114668
0.18401051706792243,0.00030851364,0.0015170994
0.18408617942663924,3.6478043e-5,0.0015102974
0.18410411715155478,-0.0027877688,0.0015138639
0.18413420490297655,-0.0010313988,0.0015263373
0.18421047123277268,0.0004994869,0.0015151474
0.18426785978675664,-0.00056129694,0.0015156233
0.18438271685624308,-0.0013335347,0.0015161473
0.18439174761826627,0.0014988184,0.001514441
0.1844105027696153,0.0009982586,0.0015126772
0.18453472098733625,0.00040495396,0.0015115455
0.1845538832495896,-0.001365006,0.0015144321
0.1846086756355319,0.000800848,0.0015159458
0.18464129436734616,0.001262784,0.0015109511
0.18472979828551345,-0.0005091429,0.0015105115
0.184814909561334,-0.00054198503,0.0015163274
0.18488484416189416,0.00018954277,0.0015148615
0.18497158767641225,0.0026931763,0.0015162671
0.18500241994798383,-0.0020349026,0.0015136473
0.18503408116331804,-0.0007303953,0.0015115977
0.18516428238347604,0.0013555288,0.001514248
0.1851709981889581,0.002507329,0.0015137137
0.18520466131961727,0.00026392937,0.001513946
0.18527672436643372,-0.0023644567,0.0015097896
0.18537136269562376,-0.00019741058,0.0015090246
0.18541727863736157,-0.0008250475,0.0015151098
0.1854993407213229,-0.0005777478,0.0015146539
0.18555777620551955,-0.00011622906,0.0015186215
0.18561099812714132,-0.0010999441,0.0015156446
0.18565556607873207,-0.0013071895,0.001513443
0.18578596446990014,0.0011742115,0.0015135495
0.18579188354150028,0.0014127493,0.0015117215
0.1857983987534999,0.0016053915,0.0015174233
0.18594199462908378,-0.0005697012,0.0015400978
0.18601083497264526,-6.431341e-5,0.0015082363
0.18601756163665678,-0.000905633,0.0015136388
0.18609313382393927,0.0007352829,0.0015114173
0.1861111401869055,-0.0019811392,0.0015147696
0.186141283791722,-0.00062054396,0.0015232477
0.18621750368879386,-0.00032436848,0.0015137703
0.1862748666721517,-0.001041472,0.0015143781
0.1863897795927329,-0.0015124679,0.001516109
0.18639876796223148,-0.001922071,0.0015134872
0.18641749686904013,4.529953e-5,0.0015111571
0.1865417029750337,-0.0003697276,0.0015122239
0.18656089013564187,-0.0004759431,0.0015150941
0.1866157249147658,-0.0004377365,0.0015143398
0.1866482649132875,0.00020074844,0.001511909
0.18673675604647028,0.0012431145,0.0015139668
0.1868219460549263,-0.0014007688,0.0015161666
0.18689185643006012,0.00071656704,0.0015137331
0.18697865579764444,0.0004168749,0.0015180738
0.18700944365593447,0.00024235249,0.0015119488
0.18704107930129965,0.0007392168,0.0015132993
0.18717126840775877,4.529953e-5,0.0015113961
0.1871780091115956,-0.00037378073,0.0015125722
0.18721171463642222,0.0007096529,0.0015150139
0.18728369827767472,0.0013080835,0.0015108775
0.18737832449415165,0.0017826557,0.0015121864
0.1874243198414534,-0.00096708536,0.0015137172
0.18750635702738855,-0.003398776,0.0015131201
0.18756484971017978,0.00087463856,0.0015194991
0.18761802587266302,0.0011793375,0.0015148253
0.18766256825428473,-6.252527e-5,0.0015142334
0.187792980104023,0.00048673153,0.0015170182
0.1877988736017112,0.00064074993,0.0015111102
0.1878054567798187,-0.0022012591,0.0015112933
0.1879171666931183,-0.001888454,0.00150931
0.1879489994960219,-0.00021082163,0.0015421846
0.1880178008087442,0.0020910501,0.0015117148
0.18802460687963402,0.000336051,0.0015151815
0.18810008754765362,-0.0012484789,0.0015076223
0.18811816254932767,0.0021377802,0.001517727
0.18814836267981028,-0.001496911,0.0015245172
0.18822453614514367,-0.00025868416,0.0015152608
0.1882818735572182,-0.00014072657,0.001515284
0.18839684300477977,1.4424324e-5,0.0015169844
0.18840578763392535,5.030632e-5,0.0015128524
0.1884244902952079,0.0007760525,0.0015118939
0.18854868496207394,-0.0007789731,0.0015109183
0.18856789701939403,0.00014972687,0.0015140276
0.18862277352107126,-0.00032007694,0.0015174353
0.1886552347882718,0.00090897083,0.0015110512
0.1887437138087414,0.0016719103,0.0015099779
0.1888289825485186,-0.00022596121,0.0015168799
0.18889886802464045,0.000118255615,0.0015169629
0.18898572459180507,0.00045216084,0.0015161284
0.18901646803812788,-0.00063961744,0.0015127937
0.18904807743796698,0.00077319145,0.0015150039
0.1891782544320415,0.001519084,0.0015130173
0.18918502070749027,0.001796484,0.001514574
0.18921876862615572,5.030632e-5,0.0015146369
0.18929067286184426,1.180172e-5,0.0015125892
0.18938528629267953,0.0012792349,0.0015091923
0.1894313603726167,-0.0015761256,0.0015150508
0.18951337400703977,0.0011638403,0.0015171083
0.1895719238887542,0.0010819435,0.0015182147
0.18962505429144177,-0.0006352663,0.0015145765
0.18966957042852312,-0.0012797117,0.0015151866
0.18979999506456013,0.0012334585,0.001515006
0.18980586299162222,0.0006015301,0.0015121839
0.18981251480843758,-0.0007890463,0.0015149767
0.18992414464094465,-0.0006533861,0.0015096135
0.1899560036890458,-0.00051516294,0.0015421155
0.1900247673190859,0.0002462864,0.0015093655
0.19003165144836837,-0.00020176172,0.0015169515
0.1901070412710394,0.0013443232,0.0015094451
0.19012518491142127,-8.98242e-5,0.0015145064
0.19015544089529862,0.0002502203,0.001526625
0.19023156860215062,-0.00013631582,0.0015143119
0.1902888804422847,-0.0004080534,0.0015146986
0.1904039057438982,-0.00047272444,0.0015156984
0.1904128073036478,-0.0003196597,0.0015146633
0.19043148439430413,-0.0016412139,0.0015123896
0.19055566694878562,0.0007741451,0.001518278
0.19057490390511767,-0.0014486909,0.0015138478
0.1906298228016195,-0.00054222345,0.0015162706
0.1906622053355274,-0.0008904338,0.0015111547
0.19075067157035536,-0.0006505251,0.0015136133
0.19083601904211084,0.0003054142,0.0015138674
0.19090587962053507,0.0016576052,0.0015189892
0.19099279271303726,-0.0012399554,0.0015160528
0.1910234917473928,0.0013448,0.0015139914
0.19105507557397716,-0.0007736683,0.0015123545
0.19118524045665286,0.000703454,0.0015115546
0.19119203163012777,-0.00092703104,0.0015117016
0.191225821944275,0.0002863407,0.0015144
0.19129764677341388,0.0021796227,0.0015116956
0.1913922487654502,-0.00059115887,0.001513598
0.19143840090378006,0.00059473515,0.00151832
0.19152039098570534,-0.0017078519,0.0015156406
0.1915789973944002,-0.00069344044,0.0015179082
0.19163208271087767,-0.00048315525,0.0015150157
0.19167657327700427,0.0004631281,0.0015117362
0.19180701069671152,0.0006414652,0.0015159468
0.19181285305446172,0.0024678707,0.0015103153
0.19181957350932777,-0.0005119443,0.0015153665
0.19193112259107104,-0.00023758411,0.0015121115
0.19196300855532678,0.00023853779,0.0015437416
0.19203173315518485,4.529953e-5,0.0015119462
0.19203869669003126,-0.0005136132,0.0015151642
0.19211399566833942,-0.00058686733,0.0015115007
0.19213220727351488,0.0023423433,0.0015162936
0.19216251978437265,0.0007405281,0.0015250131
0.19223860105817187,0.0019663572,0.0015137168
0.19229588732767977,9.357929e-5,0.0015159127
0.19241096915331646,0.0008509159,0.0015154075
0.19241982697402737,-0.00036346912,0.0015138586
0.1924384784934004,-0.0013266206,0.0015163015
0.19256264893549735,0.001403451,0.0015108668
0.19258191079116993,0.0003553629,0.0015132682
0.1926368720815106,0.00016760826,0.0015166331
0.1926691752085402,-0.0010370016,0.0015090231
0.19275762933164076,-0.00023949146,0.0015103435
0.19284305553570313,-0.0007312298,0.0015152715
0.19291289121708688,-0.0009198189,0.0015192442
0.19299986083558374,7.092953e-5,0.0015169218
0.19303051612827193,-0.0013908744,0.001514753
0.1930620737116302,-0.000572145,0.0015122629
0.19319222648060702,-0.0019037127,0.0015124963
0.19319904255145104,0.0004107952,0.001514839
0.1932328759340085,0.0014352798,0.0015155072
0.19330462068564064,0.00010609627,0.0015130003
0.19339921056397807,-0.00039839745,0.0015099314
0.1934454414362577,0.0008198023,0.0015145511
0.1935274079637137,-0.00024229288,0.0015154346
0.19358607157198893,0.0007982254,0.0015179766
0.19363911045639937,-0.00016433,0.0015124949
0.19368357545222836,0.00059866905,0.0015137629
0.19381402632952005,-0.0011765361,0.0015143119
0.19381984311598693,-0.001500845,0.0015122182
0.19382663153597512,0.0015075207,0.0015188078
0.19393810054086885,0.0021551847,0.0015152987
0.19397001274867925,0.0026443005,0.0015426711
0.19403869966421228,-0.00071412325,0.0015093461
0.1940457412587656,-0.0013245344,0.0015150597
0.19412094939205377,-0.0014405847,0.0015080784
0.19413922963692276,-0.0013314486,0.0015125178
0.19416959867246092,0.00053703785,0.0015246596
0.19424563284126461,0.0015223026,0.0015140817
0.19430289421274627,0.00028538704,0.0015167561
0.19441803189144913,0.0019359589,0.0015142057
0.19442684664539267,0.0009987354,0.0015156616
0.194445472593811,0.00042414665,0.001513101
0.19456963092188045,0.002297759,0.0015119138
0.1945889176759078,-4.4822693e-5,0.0015136233
0.19464392136008735,3.2186508e-6,0.0015183091
0.1946761457551387,0.002112031,0.001510551
0.19476458709292616,-0.0005198717,0.0015079825
0.1948500920306097,0.00036263466,0.0015134008
0.19491990281232435,0.000616312,0.0015167097
0.19500692962974436,0.0012625456,0.001516554
0.19503753983523686,-0.00028961897,0.0015139572
0.19506907184928324,-0.00078070164,0.0015136672
0.19519921250587546,0.00043797493,0.0015104768
0.1952060534750743,0.0015044212,0.0015167412
0.19523992925081346,-0.0024768114,0.0015169265
0.19531159526981012,0.0005660057,0.0015107974
0.1954061723638203,0.00015890598,0.0015113081
0.195452481967421,0.0010603666,0.0015157802
0.19553442494369355,-0.0003438592,0.0015162046
0.19559314507599196,-0.0025497675,0.0015163752
0.19564613887517812,-0.0009509325,0.0015147073
0.19569057762548103,-0.001527369,0.0015132151
0.19582104196364286,0.0020487309,0.001514301
0.19582683317751215,0.0011899471,0.0015130317
0.19583368956327968,-0.0007330775,0.0015169254
0.19594507916162368,-0.00025987625,0.0015120268
0.1959770176152888,-0.00048601627,0.0015444045
0.1960456655016255,4.529953e-5,0.0015117796
0.19605278649977131,0.00083458424,0.0015143831
0.19612790311543954,-0.0007702112,0.0015079458
0.19614625199901636,0.00061297417,0.0015165675
0.19617667688794932,0.00080394745,0.0015237242
0.19625266529860014,-0.00082188845,0.0015121655
0.19630990109781277,0.001463294,0.001513273
0.19642509530251034,0.0007582903,0.0015169431
0.19643386631610082,0.00014281273,0.0015120319
0.19645246601997873,-0.00072574615,0.0015119283
0.1965766129089207,0.0009313822,0.0015120211
0.19659592456064573,0.0017871857,0.001512118
0.19665097063932124,0.00052142143,0.0015147027
0.19668311563012297,-0.0006041527,0.001511025
0.19677154485454018,0.0006263256,0.0015124024
0.196857128524202,5.030632e-5,0.0015170284
0.19692691440756183,0.0002169609,0.001515018
0.1970139977499908,0.00037932396,0.0015186112
0.1970445635441732,0.00014042854,0.0015134636
0.19707606931236488,-0.000677228,0.0015124341
0.19720619853114396,0.0015120506,0.0015167955
0.1972130650712975,0.00058043003,0.0015148905
0.19724698324186124,-0.0016906261,0.001517729
0.19731856918137974,1.2874603e-5,0.00151311
0.19741313483626238,0.0002245903,0.0015100566
0.1974595231708557,5.030632e-5,0.0015170913
0.19754144192301626,0.0010765791,0.0015161381
0.19760021925358073,0.0011903048,0.0015162457
0.19765316729461402,0.00014519691,0.0015137934
0.19769757979971936,0.0011438131,0.0015161812
0.1978280569235229,-0.0007993579,0.001512832
0.19783382256610887,6.711483e-5,0.001511002
0.19784074826351272,0.0007959604,0.0015157296
0.19795205711175007,0.00047016144,0.0015118782
0.19798402248156977,-0.0002707839,0.0015434449
0.19805263201065293,0.00059461594,0.0015144803
0.19805983106949143,0.0007582903,0.0015165331
0.1981348568394825,-0.0008146167,0.0015106626
0.19815327436110997,0.00024938583,0.0015154002
0.19818375577636616,-6.181002e-5,0.001526838
0.19825969775462138,0.00069367886,0.0015183563
0.19831690798255064,0.00032937527,0.0015137384
0.19843215804097158,0.0009148121,0.0015148016
0.19844088598648035,0.0014533997,0.0015121112
0.19845946012006072,0.00042891502,0.0015109082
0.19858359489563243,-0.0003144145,0.0015116072
0.19860293144538366,-4.7445297e-5,0.0015137424
0.19865801991986948,0.0019885302,0.0015174472
0.1986900861773786,0.00060606,0.0015106811
0.19877850261582558,-0.00033587217,0.0015113358
0.19886416501779425,-0.0004925728,0.001515515
0.1989339260027993,0.0016174316,0.0015190496
0.19902106587155155,0.00144732,0.0015175864
0.19905158792636662,-0.0009216666,0.0015154944
0.19908306745001791,-0.0009614229,0.0015119684
0.1992131838808553,-0.0014198422,0.0015103796
0.19922007599393504,-0.0016835332,0.0015135175
0.19925403655866625,-0.0002898574,0.0015171202
0.1993255430936065,-0.00131917,0.001511198
0.1994200966338045,3.2663345e-5,0.0015107336
0.19946656370300475,0.00068950653,0.0015159651
0.19954845822908185,0.0010225773,0.0015168537
0.19960729275955524,0.0019302368,0.0015157631
0.19966019504013566,0.000110030174,0.0015123996
0.19970458264820057,-0.00012743473,0.0015134551
0.19983507255633143,-0.0017380118,0.0015145756
0.19984081262894837,-0.0010475516,0.0015120258
0.19984780629213156,0.002086401,0.0015169183
0.19995903506121926,-0.00220865,0.0015112316
0.1999910266736079,0.0005996227,0.0015436059
0.20005959784675187,0.0005477667,0.0015091882
0.20006687631214004,0.0011987686,0.00151581
0.20014181123612534,0.003545761,0.0015108052
0.2001602967245179,0.0015593767,0.0015157514
0.20019083399021165,0.00056803226,0.0015214016
0.20026673021064256,0.0012050867,0.0015168572
0.20032391486728857,0.0007995367,0.0015135091
0.20043922145301846,-0.0017390847,0.0015180908
0.2004479063307742,-0.00051254034,0.0015128856
0.20046645422014275,2.360344e-5,0.0015133733
0.2005905768823441,0.001591444,0.0015099054
0.20060993833143587,-0.00032263994,0.0015121141
0.20066506919910343,5.340576e-5,0.0015187439
0.20069705605137717,0.001429677,0.0015113729
0.20078546037579664,0.0022540092,0.0015109009
0.20087120151270083,0.00061380863,0.0015143262
0.20094093759935105,-0.00020706654,0.0015194692
0.20102813399344083,-0.00044095516,0.0015197359
0.20105861163300293,0.0018526316,0.001513447
0.20109006558767095,0.0010961294,0.0015144527
0.20122016990513802,0.0013992786,0.0015130172
0.20122708691690117,0.0024392605,0.0015144265
0.2012610898754712,-0.001006782,0.001514752
0.201332517677776,0.000915885,0.0015102652
0.20142705843364672,-0.00047069788,0.0015109602
0.20147360423515376,-0.0006528497,0.0015190298
0.20155547520807598,0.00041627884,0.0015138148
0.20161436626421547,-0.0011907816,0.0015161918
0.2016672234589144,0.00047969818,0.0015148784
0.2017115848224389,0.000108361244,0.001514027
0.20184208818913996,9.393692e-5,0.0015158487
0.2018478026904736,-1.6748905e-5,0.001511812
0.2018548643207504,0.0002900362,0.0015170549
0.20196601301035993,0.001108408,0.0015106954
0.2019980315408746,0.00086963177,0.0015451257
0.2020665636841651,0.00096952915,0.0015119174
0.20207392088021725,-0.0003349781,0.0015151203
0.2021487649598397,0.0018565655,0.0015095099
0.2021673190866115,-0.0010849833,0.0015158096
0.2021979128796142,-0.0019176602,0.0015232824
0.20227376266699237,-0.00030249357,0.0015149076
0.20233092175334078,4.529953e-5,0.0015162727
0.20244628418983684,-0.001100719,0.0015166709
0.2024549260021395,0.00024199486,0.0015135877
0.20247344764565334,0.00028526783,0.0015131994
0.2025975588693844,0.0006656647,0.0015119967
0.2026169452161738,-0.00055623055,0.0015135602
0.20267211780540884,-7.414818e-5,0.0015151522
0.20270402659830422,0.00014448166,0.0015147541
0.2027924181380678,0.0013259649,0.0015132667
0.20287823733336463,0.0012950897,0.0015152997
0.20294794919458853,0.001501441,0.001517302
0.2030352021159873,-0.00062072277,0.0015183318
0.20306563601421063,0.00062572956,0.0015165247
0.20309706372433828,4.529953e-5,0.0015149101
0.20322715593007795,-0.0008712411,0.001511539
0.20323409783921015,-3.7312508e-5,0.001517029
0.2032681438652047,0.00075030327,0.0015166138
0.20333949159033132,0.0012630224,0.0015105306
0.20343402023316032,0.0017658472,0.0015110016
0.2034806447663171,0.00018310547,0.0015147894
0.20356249218674155,-0.0021067262,0.0015145348
0.2036214404418042,0.00062692165,0.0015162847
0.20367425120476468,-0.00020319223,0.0015118202
0.20371858699667728,-0.00039863586,0.0015143625
0.20384910315033428,0.00013256073,0.0015119573
0.2038547920790703,-0.00014579296,0.0015107583
0.2038619223467406,-0.00069504976,0.0015153048
0.20397299095950056,0.0006611347,0.0015126474
0.20400503573455564,0.0017300844,0.0015482464
0.20407353019319252,0.0010060072,0.0015083837
0.20408096544895166,-1.692772e-5,0.0015148835
0.20415571868388266,0.0005133152,0.0015096401
0.2041743414487051,-0.0015285015,0.0015165358
0.2042049910960883,-0.00044602156,0.0015250605
0.2042807944504137,0.00035107136,0.0015153321
0.2043379279651502,0.0009301901,0.0015137341
0.204453347600898,0.0018504858,0.0015181015
0.20446194567251907,0.0006941557,0.001513694
0.20448044174573532,0.0029640198,0.0015130681
0.20460454085609608,4.529953e-5,0.0015127421
0.20462395210025458,0.0018228292,0.0015150643
0.2046791670846428,0.0011712313,0.0015191318
0.20471099647263136,4.529953e-5,0.0015083858
0.20479937590001035,0.003034234,0.0015100002
0.20488527382695687,0.0008248091,0.0015156037
0.204954960789826,0.0012755394,0.0015152845
0.20504227091014798,0.00015497208,0.0015194523
0.20507265972314698,0.00010275841,0.0015128207
0.2051040618610056,-0.0005156398,0.0015148075
0.2052341419540321,-0.0006426573,0.001513121
0.2052411087618477,-0.0032007098,0.0015112467
0.20527519718233828,0.0019756556,0.0015169589
0.20534646550288665,0.00076282024,0.0015079742
0.20544098203070243,0.0021256208,0.0015106272
0.20548768529780903,-7.95722e-5,0.0015180991
0.20556950916639277,0.0024336576,0.0015167063
0.20562851394646442,1.3709068e-5,0.0015163528
0.20568127962321486,0.0002770424,0.0015142907
0.20572558917091566,0.0004929304,0.0015146473
0.20585611878412852,0.0016168356,0.0015145746
0.20586178214190987,-0.0013407469,0.0015131019
0.20586898104730222,-0.00010561943,0.0015138234
0.20597996958124115,0.0018901825,0.0015126014
0.2060120405998509,0.001962781,0.001549974
0.20608049602929146,0.00090301037,0.0015079444
0.20608801069192884,0.0004169941,0.0015144357
0.206162672407597,-0.00056934357,0.0015095209
0.20618136381178442,0.0013052225,0.0015153443
0.20621206998417657,4.7802925e-5,0.0015252643
0.20628782690709208,-0.0010106564,0.0015140825
0.20634493485087385,0.0011873245,0.0015163602
0.20646041033935925,0.00042653084,0.0015156947
0.20646896534224146,0.0014209747,0.0015137914
0.2064874358458173,-0.00065743923,0.0015135305
0.20661152284346496,-0.0011767149,0.001511625
0.20663095898564965,0.0006927252,0.0015119533
0.20668621636519102,-0.0004902482,0.0015140175
0.20671796634662987,0.00012230873,0.0015106999
0.20680633366129575,-0.000114023685,0.0015100356
0.20689231032054917,0.0013904572,0.001515466
0.2069619723863778,0.0021505356,0.0015137185
0.20704933903072298,5.030632e-5,0.0015162616
0.20707968343241195,0.0017149448,0.0015116752
0.2071110599980015,-0.00018399954,0.0015133453
0.20724112797831484,-0.00060105324,0.0015111057
0.20724811968448525,0.0012435913,0.0015146878
0.20728225117305749,0.0012620687,0.0015152097
0.2073534400857419,0.00020849705,0.001510529
0.20744794450347315,-0.00033801794,0.0015104008
0.20749472582798661,0.00075924397,0.00151562
0.20757652547245842,-0.001276195,0.0015152034
0.20763558812536748,-0.0018551946,0.0015182337
0.2076883080423222,2.2292137e-5,0.0015138373
0.20773259134646832,-0.00091296434,0.0015128638
0.20786313441595133,-0.00023061037,0.0015138389
0.20786877220343508,-0.00028055906,0.0015130038
0.2078760390755925,-0.0014774799,0.0015169346
0.20798694753103897,0.00015377998,0.001511942
0.20801904479287475,0.00040066242,0.0015466838
0.20808746253963317,-0.00018173456,0.001510284
0.20809505526132038,-0.0012284517,0.0015139994
0.20816962613131135,-0.0005145669,0.0015124065
0.20818838617420665,0.0018348694,0.0015161237
0.2082191488722649,0.0013583899,0.0015268207
0.2082948593634419,-0.00021976233,0.0015108745
0.2083519417365975,1.6093254e-5,0.0015133378
0.20846747375042046,-6.03199e-5,0.0015156283
0.2084759850136068,-0.003411889,0.0015128885
0.20849442927132794,0.0007096529,0.0015113828
0.20861850483116234,0.00028204918,0.0015135121
0.20863796587170186,0.0011337996,0.001514926
0.20869326564573926,0.00011742115,0.0015200508
0.20872493689355692,0.00040841103,0.0015117619
0.20881329142290972,0.0019503832,0.001511876
0.20889934681447003,0.0024122,0.0015158537
0.20896898398161529,-0.00094532967,0.001514604
0.20908670781329108,-0.0009711981,0.0015143907
0.209118057462726,0.0006519556,0.001513379
0.20924811333032622,0.0017529726,0.0015127135
0.20925513127972273,0.0008083582,0.0015137296
0.20928930448986244,0.0015946627,0.0015182002
0.2093604139969829,0.0020602942,0.001512418
0.20945490630265817,0.0014079809,0.001512605
0.20950176636046425,-5.5730343e-5,0.0015148707
0.20958354245112393,0.0009366274,0.0015139368
0.20964266163101342,-0.00030219555,0.0015168631
0.20969533578817245,0.0027383566,0.0015142356
0.20973959352202098,0.000952363,0.0015127161
0.20987014937714565,2.4676323e-5,0.0015139783
0.20987576159104604,0.0015685558,0.0015118767
0.20988309710289704,2.9087067e-5,0.0015182573
0.2099939254801796,0.00116539,0.0015121284
0.2100260496601415,-0.00049573183,0.001548338
0.2100944283770464,0.00030505657,0.0015078328
0.2101021005033118,0.00044107437,0.001515159
0.21017658052828275,0.00095283985,0.0015116311
0.21019540853630025,0.0025547743,0.0015132743
0.21022622708742467,0.0016561747,0.0015235924
0.21030189181979164,0.00052821636,0.001514996
0.21035894862067828,0.0020958185,0.0015155347
0.21047453648855308,-0.0021599531,0.0015162724
0.2104830046849721,-0.00061255693,0.0015153069
0.2105014233704242,0.0007071495,0.0015137909
0.21062548681655974,0.0003478527,0.0015112563
0.21064497275643979,-0.00019395351,0.0015156696
0.21070031425073038,0.00021636486,0.0015157682
0.21073190676788406,-0.0016921163,0.0015100196
0.21082024918386655,0.0011790991,0.0015114717
0.21090638330904804,0.0011970997,0.0015154241
0.21097599557685276,0.000238657,0.0015166908
0.21106347527515879,0.0012440681,0.0015167046
0.21109373152058453,-0.0019096732,0.0015148898
0.21112505559939332,0.00048244,0.0015142069
0.21125509935559472,-0.0020455718,0.001509589
0.21126214220301742,0.0006507635,0.0015164334
0.21129635780699602,0.0014774799,0.0015141504
0.21136738790953824,-5.1558018e-5,0.0015095237
0.21146186810151463,-0.00053948164,0.0015078548
0.21150880689228468,0.0013260841,0.0015144597
0.21159055943044663,0.001460433,0.0015166798
0.21164973513468788,-0.0004259944,0.0015177531
0.2117023642069512,-8.034706e-5,0.0015115819
0.21174659636787352,0.0009772778,0.0015200917
0.21187716501061132,-0.00022411346,0.0015144026
0.21188275165355697,-0.0001449585,0.0015115155
0.2118901551302016,-0.00045263767,0.0015162962
0.21200090342899164,0.00043690205,0.0015153795
0.2120330545270796,-0.0007660389,0.0015483062
0.21210139421314533,0.0018800497,0.0015091476
0.21210914507106043,0.002112627,0.0015154404
0.21218353425166858,0.0006144047,0.0015113419
0.21220243089839386,-0.0011717081,0.0015158011
0.21223330597682727,0.0007326603,0.0015240008
0.21230892360354153,-0.00095427036,0.0015128948
0.2123659555054162,-0.00067293644,0.0015147156
0.21248159922635718,0.0014140606,0.0015184584
0.2124900243546945,-0.00027507544,0.0015136413
0.2125084174705062,0.00062060356,0.0015146732
0.2126324688032714,-0.0015544891,0.0015111659
0.2126519796411777,0.0020378828,0.001515
0.21270736352996428,-0.0007482171,0.0015167248
0.21273887664155405,0.0020774603,0.0015108866
0.21282720627222346,0.0005515814,0.0015106678
0.21291341980264028,0.0009989738,0.0015153666
0.21298300717340457,0.0010157824,0.0015151998
0.21307054339573378,-0.00027883053,0.0015179216
0.2131007552291923,-0.00046604872,0.0015106084
0.21313205373638922,0.0018502474,0.0015140006
0.21326208537954888,-0.0012367368,0.001510934
0.21326915312565492,0.0017369986,0.0015151186
0.21330341179771523,0.0014983416,0.0015157966
0.21337436249370778,0.0005592108,0.0015119072
0.21346882990037108,-0.0017126799,0.0015111807
0.21351584809571938,-0.0001308322,0.0015163876
0.21359757573651222,0.0004246235,0.0015165312
0.21365680931227665,-0.0026175976,0.001516702
0.21370939195313,0.001290679,0.0015149051
0.21375359854342618,4.529953e-5,0.0015140158
0.21388418064276266,0.0019237995,0.0015145512
0.21388974171639652,0.0004541874,0.001510898
0.21389721315783472,5.030632e-5,0.0015138297
0.21400788137878946,0.0017012358,0.0015115679
0.21404005872043208,-0.00034803152,0.0015478538
0.21410836072085848,0.0013774633,0.0015116086
0.21411618964110912,5.030632e-5,0.0015149137
0.21419048797538293,0.0019245148,0.0015114485
0.21420945326180174,-0.00016105175,0.0015191834
0.21424038419198704,0.00029110909,0.0015213306
0.21431595605956277,0.0014292002,0.0015166074
0.21437296239113984,0.0014716387,0.0015143201
0.21448866263807553,-0.00027155876,0.0015177078
0.21449704402507408,-0.0025472045,0.0015150767
0.2145154108976597,-0.00013417006,0.0015135505
0.21463945079031171,-0.0005303025,0.0015123494
0.2146589865262442,0.002034545,0.0015143072
0.2147144128095268,0.00038731098,0.0015160807
0.2147458471884811,0.0013971329,0.0015106613
0.214834164034166,-0.0005094409,0.001510398
0.21492045629656115,0.00012421608,0.0015142073
0.21499001876864204,-0.00072562695,0.0015144798
0.21507761151696592,-0.0018247962,0.0015148007
0.21510777961138572,0.00051510334,0.0015144685
0.21513905187404225,-0.0007395148,0.0015130407
0.21526907140350304,-0.0004954934,0.001511046
0.2152761640479639,-2.5629997e-6,0.0015150307
0.21538133640494878,-4.9591064e-5,0.0015132243
0.21547579169889897,0.0010151863,0.0015097162
0.21552288862688268,0.00010848045,0.0015154129
0.21560459271550636,-0.00047177076,0.0015186454
0.21566388281693682,0.00055098534,0.0015170126
0.21571642037190875,-0.000608027,0.0015128871
0.2157606007189789,0.0012382269,0.0015144625
0.2158911956026427,0.00022518635,0.0015147777
0.2158967311049932,0.0013718605,0.0015110818
0.21590427118612499,0.0004968643,0.0015157701
0.21601485932793013,0.0005953312,0.0015148629
0.21604706358638442,7.712841e-5,0.0015476849
0.2161153265582717,0.0022245646,0.0015096064
0.21612323488342916,-0.0010612011,0.0015157554
0.2161974416997544,-0.0006221533,0.0015118511
0.21621647562455248,-0.00024402142,0.0015157685
0.2162474630790896,-0.0007290244,0.0015228814
0.21632298851591258,0.0010641813,0.0015141958
0.21637996860327785,-4.7922134e-5,0.0015132056
0.21649572537686534,0.000978589,0.0015164567
0.21650406369676795,0.00049102306,0.0015141107
0.21652240499675596,6.878376e-5,0.0015136772
0.21664643210376633,-0.0007586479,0.0015117981
0.21666599341196785,-0.00017976761,0.0015128341
0.21672146208908932,-0.0006015897,0.0015133618
0.21675281706313682,-0.0011094809,0.001513246
0.21684112179512283,0.001291275,0.0015113725
0.21692749279113915,-0.000103354454,0.0015174135
0.21699703036387952,-0.0014932156,0.0015153091
0.21708467963819805,-0.00032538176,0.0015181644
0.21711480331867922,0.0015439987,0.0015132985
0.21714604933778103,5.6028366e-6,0.0015140333
0.21727605675584305,-0.00043326616,0.0015116691
0.2172831749712586,-0.00017672777,0.0015137867
0.2173883103175041,-3.6895275e-5,0.0015109042
0.21748275349841256,0.00093233585,0.0015116608
0.2175299291593603,0.0010465384,0.0015147354
0.21761160969482907,4.529953e-5,0.0015156136
0.21767095632192562,-0.002368331,0.001518818
0.217723448117759,0.00088977814,0.001514219
0.21776760289190294,0.0012565851,0.0015136873
0.2178982112367655,0.0008352995,0.0015164382
0.21790372116783274,0.0025889874,0.0015149298
0.2179113298876723,0.0018845797,0.0015178417
0.21802183727674218,0.0029495955,0.0015112807
0.21805406778039405,-3.8802624e-5,0.001549556
0.21812229239568492,0.0008690357,0.0015117384
0.21813027945249214,0.0010054111,0.0015159507
0.21820439542445452,-0.00037515163,0.0015113648
0.21822349798598895,0.0009893179,0.0015168437
0.21825454129457794,0.0007879734,0.0015248584
0.21833002029933385,0.00012111664,0.0015150736
0.21838697548801572,0.00049209595,0.0015143461
0.2185027887869408,-0.0003053546,0.0015154732
0.21851108336780467,0.002399683,0.0015124554
0.2185293990961808,0.0012444258,0.0015153873
0.218653414090478,0.0009908676,0.0015133932
0.21867300029670578,-0.0018959045,0.0015119084
0.21872851069605187,0.00028443336,0.0015169907
0.21875978693680675,0.001756072,0.0015121598
0.21884807955640823,-0.00094896555,0.0015110119
0.21893452928473145,-0.0014817119,0.0015130467
0.21900404196043127,-0.00012290478,0.0015150052
0.21909174776074453,-0.0006124377,0.0015189353
0.2191218270266298,0.0013701916,0.001514988
0.21915304747477693,-9.161234e-5,0.0015147012
0.2192830427797972,4.529953e-5,0.0015107914
0.21929018589389615,-0.0009034276,0.0015125732
0.21932457174878733,0.0013582706,0.0015172438
0.21939528423005944,0.00042378902,0.0015098255
0.21948971529726902,4.529953e-5,0.0015113
0.21953696969150938,1.66893e-5,0.0015145999
0.21961862600089466,-0.00046819448,0.0015130469
0.2196780305005001,0.0005413294,0.0015189288
0.2197304765362092,0.0012530088,0.0015131597
0.21977460506646984,-0.0019564033,0.0015146774
0.21990522619763125,-0.0007159114,0.0015120049
0.21991071122935796,0.00041925907,0.0015120603
0.2199183879139911,-0.00031220913,0.0015132969
0.22002881522621137,0.001029849,0.0015105106
0.22006107264667502,0.0010318756,0.0015491117
0.22012925890339802,-0.0005786419,0.0015095315
0.22013732402155506,0.0006887913,0.0015143832
0.2202113498207688,-8.428097e-5,0.0015107336
0.22023052034939689,0.0003541708,0.0015147865
0.2202616201833234,0.0014961958,0.0015232911
0.2203370527553551,-0.0005941391,0.0015168707
0.22039398237373942,-0.0014404058,0.0015149742
0.2205098515247449,-0.0003260374,0.0015158567
0.22051810303851282,0.00043785572,0.0015119879
0.2205363925233343,0.00025773048,0.001511028
0.22066039607784688,0.0012686253,0.0015119936
0.2206800071807865,0.0027962923,0.0015135453
0.2207355599756144,0.0010808706,0.0015140992
0.2207667574837338,-0.00032150745,0.0015083143
0.22085503731835077,0.0023179054,0.0015100248
0.22094156510572377,-0.0011978745,0.0015154706
0.22101105288274026,-0.00046420097,0.0015172935
0.22109881588263386,0.0013421774,0.0015191252
0.22112885140816613,-0.0016207695,0.0015139359
0.22116004561243002,0.0015610456,0.0015149233
0.2212900288027656,-0.00022369623,0.0015107433
0.22129719681620513,-0.00033926964,0.0015126028
0.2213316257372065,-0.00034838915,0.0015147614
0.2214022581413005,-2.8192997e-5,0.0015100612
0.2214966777687254,0.0018862486,0.0015140139
0.2215440102230013,0.0011091232,0.0015173651
0.2216256429798888,0.0002641678,0.0015164294
0.22168510400516034,0.0017614365,0.0015165894
0.22173750428173084,0.0011234283,0.0015149065
0.22178160724169393,-0.0006248355,0.001515451
0.22191224183076835,0.0006071329,0.0015144949
0.22191770061795463,-0.00066131353,0.0015118588
0.22192544594162422,-0.0011513233,0.0015149028
0.22203579317535205,-0.00022268295,0.0015112553
0.22206807683969892,-0.00030982494,0.0015469644
0.2221362247408113,-3.3438206e-5,0.0015128074
0.22214436859028946,0.0018353462,0.001515956
0.22221830354415456,-0.0020754933,0.0015086154
0.22223754203921914,-2.3663044e-5,0.0015170258
0.22226869839979746,0.00029873848,0.0015210238
0.22234408521236204,1.21593475e-5,0.0015133459
0.22240098925946306,-0.0009532571,0.0015122844
0.222516914262549,5.030632e-5,0.001517062
0.2225251227079067,0.00052428246,0.0015129321
0.2225433866224305,-0.0013386607,0.0015113148
0.22266737806554426,0.00043451786,0.0015129569
0.22268701406651015,-0.00059998035,0.0015136544
0.22274260925517692,-0.0001205802,0.001517568
0.22277372735838952,0.0004041195,0.001510953
0.22286199508062193,-3.516674e-5,0.0015103166
0.22294860159964464,9.453297e-5,0.0015138321
0.22301806447797773,4.529953e-5,0.0015166678
0.22310588467613734,0.0012440681,0.0015197045
0.22313587511743105,0.00018930435,0.0015128646
0.2231670437490973,-0.00044977665,0.0015172391
0.22329701415477698,0.0013597012,0.0015128836
0.22330420773851406,-0.00083601475,0.0015143395
0.22333867905532578,0.0010883808,0.0015171046
0.22340923272546998,0.00027620792,0.0015114989
0.223503639568239,-0.0009201765,0.0015097951
0.2235510507528503,-0.000798285,0.0015149425
0.22363265928628295,0.00092089176,0.0015159954
0.22369217751014914,0.0006104708,0.0015194284
0.22374453270149536,-0.000726223,0.0015141016
0.22378860941724665,0.00088608265,0.0015136007
0.22391925678933405,-0.0001373291,0.0015107796
0.2239246906804656,-5.4180622e-5,0.0015130403
0.22393250396892878,-0.002494812,0.0015137851
0.22404277112449267,-0.0023320913,0.0015127325
0.22407508170663704,0.0014308691,0.0015493574
0.22414319057822452,0.00093865395,0.0015126436
0.22415141383293807,0.00023758411,0.0015140196
0.22422525726885467,0.0021816492,0.0015114822
0.22424456440065554,-0.0010536313,0.0015170323
0.22427577728788578,0.00080120564,0.0015215429
0.22435111699578336,0.0010830164,0.0015166147
0.22440799547127244,0.0011893511,0.0015158952
0.2245239770003531,0.0007083416,0.0015149134
0.22453214237960056,0.001116991,0.0015139045
0.22455038004794114,-0.0018589497,0.0015133857
0.22467436005192742,0.0025805235,0.0015125136
0.2246940202793053,-0.000918746,0.0015154195
0.22474965786213946,0.0010226965,0.0015151141
0.2247806972320595,0.001598835,0.0015099624
0.22486895216865022,-0.00055640936,0.0015106852
0.22495563809323688,-0.0012100339,0.0015146235
0.2250250760732152,-0.00084233284,0.0015153427
0.22511295279736954,0.00054979324,0.0015198573
0.22514289882538163,0.0007095337,0.0015119369
0.22517404121283613,0.0007150173,0.0015131065
0.22530400018004548,-0.00019395351,0.0015168858
0.22531121866082304,-0.00033032894,0.0015138745
0.22534573237344507,0.0011456013,0.0015181012
0.22551060136709544,0.0022909641,0.0015128987
0.22555809128532794,-0.00021910667,0.001515337
0.22563967626494852,4.529953e-5,0.0015145674
0.22569925101579508,0.00019049644,0.0015180537
0.225751560447017,5.030632e-5,0.0015140362
0.22579561159148498,0.0022842884,0.0015137068
0.22592627242345692,0.0007543564,0.0015125034
0.22593168007004805,-0.0012168884,0.0015128371
0.22593956199623327,0.00070524216,0.0015173682
0.22604974907396191,0.0015194416,0.0015132214
0.226082086572918,0.0016307831,0.0015489251
0.2261501564143234,0.00036895275,0.0015128949
0.226158458402001,0.0014481544,0.001518161
0.22623221099224045,0.0009454489,0.0015113351
0.22625158676274915,5.8054924e-5,0.001515966
0.22628285550238836,-4.2915344e-6,0.0015209686
0.22635814945180455,0.00036644936,0.0015157282
0.22641500235535322,0.001896143,0.001514782
0.22653104041239996,0.0014692545,0.0015160536
0.2265391620506373,0.00045001507,0.0015161817
0.2265573741483517,0.0010232925,0.0015129412
0.2266813420376534,0.00037992,0.0015111491
0.22670102716404322,0.0016106367,0.0015123243
0.22675670714137341,-0.0009176731,0.001517014
0.22678766777898657,0.0004477501,0.0015099498
0.2268759099289499,0.0005043745,0.0015103178
0.22696267458781488,0.0012289286,0.001516286
0.22703208766976696,0.0014141798,0.0015169621
0.22712002091991595,0.0018056631,0.0015198778
0.22714992253267513,0.0009460449,0.0015151587
0.22718103935081774,0.00026917458,0.001513335
0.22731098620399964,-0.00027006865,0.0015129867
0.2273182295844463,-0.0019977689,0.0015148065
0.22735278569025003,-0.0013180375,0.0015135647
0.22742318054926636,0.0002541542,0.0015116235
0.22751756316628047,0.00032913685,0.0015110745
0.22756513181780558,0.0019017458,0.001517924
0.2276466925710141,4.529953e-5,0.0015140078
0.2277063251933838,0.0016577244,0.0015177372
0.22775858886546718,8.499622e-5,0.0015174312
0.22780261376572336,0.00089240074,0.0015161519
0.22793328738465124,0.00090515614,0.0015156561
0.22793867013157326,2.527237e-5,0.0015115594
0.22794662002452354,0.0014990568,0.0015130192
0.22805672702310253,0.0025343895,0.0015126528
0.22808909076594192,0.0021113157,0.0015501193
0.2281571229243366,4.529953e-5,0.0015114056
0.22816550296942106,0.0021381378,0.0015161437
0.22823916471496902,0.0013648272,0.001511422
0.22825860912615709,0.0018081665,0.001514239
0.22828993439113382,-0.0005033016,0.0015230008
0.2283651819088115,0.0006490946,0.0015158368
0.22842200924107686,-0.00022596121,0.0015138772
0.22853810315020406,-0.00014156103,0.001518664
0.22854618172035968,-0.0005938411,0.0015133991
0.22856436757517662,0.0015975237,0.0015145998
0.22868832402469363,0.0015436411,0.0015117473
0.2287080340500955,0.0010510683,0.0015141132
0.22876375642093588,0.00045776367,0.0015166558
0.22879463765364227,0.0016549826,0.0015104376
0.22888286769056387,0.0008275509,0.0015087047
0.22896971108173575,0.0027199984,0.0015165744
0.22903909926631877,0.00046288967,0.0015157249
0.22912708904114815,0.0021973848,0.0015181432
0.22915694691453997,0.0004299879,0.0015160957
0.22918803748748506,0.0015052557,0.0015139434
0.2293179715563396,0.0018358231,0.0015121155
0.2293252405067553,0.0013285875,0.0015163682
0.22935983967998352,-0.0026262403,0.0015175651
0.22943015445919307,4.529953e-5,0.001511401
0.22952452496612263,-0.0011250377,0.0015086862
0.2295721723476546,-0.0010988116,0.0015156778
0.22965370955000824,8.8214874e-5,0.0015143384
0.2297133986983726,-0.00015628338,0.0015184394
0.2297656166119746,-2.092123e-5,0.0015181678
0.22980961594127602,-0.00135535,0.0015127709
0.22994030301614543,0.00079739094,0.0015146454
0.2299456595195128,0.0013040304,0.0015152213
0.22995367805215666,0.00019145012,0.0015163943
0.2300637049722432,0.0001565218,0.0015119793
0.23009609563189432,0.000111699104,0.0015520457
0.2301640887607641,-0.0006620884,0.0015082004
0.23017254753946975,0.0008023977,0.001515868
0.230246118439012,-0.00021272898,0.0015090273
0.23026563148890783,0.0009988546,0.0015159026
0.23029701260760793,-0.00014048815,0.0015233513
0.23037221369223282,1.5497208e-6,0.0015140488
0.230429015453872,-0.00020200014,0.0015147508
0.23054516588800816,-0.000898242,0.0015161813
0.23055320139073926,0.0009075403,0.0015129249
0.23057136167460146,0.00011253357,0.0015126284
0.23069530533946253,4.8160553e-5,0.0015132335
0.23071504093483336,0.002243042,0.0015162871
0.23077080502756991,0.00096547604,0.0015148337
0.23080160752862655,-0.0010943413,0.0015102432
0.23088982545283504,0.0016007423,0.001510328
0.2309767469023995,5.9604645e-6,0.0015159481
0.2310461108602419,-0.0006878376,0.0015162317
0.23113415716238028,0.0014103651,0.001519909
0.23116397062347632,-0.0004146099,0.0015165133
0.23119503495122384,0.001185894,0.0015124967
0.2313249575802938,4.529953e-5,0.0015119057
0.23133225142906427,0.0010709763,0.0015126741
0.23136689299678848,-0.00027555227,0.0015160518
0.2314371283717484,-3.325939e-5,0.0015113332
0.2315314867636648,-5.507469e-5,0.0015109152
0.23157921287881789,0.0012859106,0.0015153226
0.2316607258564024,-0.0004888773,0.0015141899
0.2317204722033614,0.0006071329,0.0015151054
0.23177264503075334,0.0010082722,0.0015149817
0.23181661811551435,0.00016999245,0.0015142926
0.23195264958235234,0.0022025108,0.0015147274
0.23196073607946122,-0.00048029423,0.0015152915
0.2320706829217124,-0.0007273555,0.0015112016
0.23210309982491817,-0.00024557114,0.0015523189
0.232171054596863,-0.00013577938,0.0015098042
0.23217959278244693,-0.00015288591,0.0015158941
0.23225307216371205,-0.0012615323,0.001509421
0.23227265385133,0.000269413,0.0015148093
0.23230409149503906,0.00019395351,0.001520491
0.23237924614825406,0.0013859272,0.0015144844
0.23243602233795274,-0.0013709068,0.0015141588
0.23255222862712654,-0.0001718998,0.0015174245
0.23256022106243318,-0.00032174587,0.0015130426
0.23257835510175495,0.0011483431,0.0015148126
0.2327022873251885,-0.0012136698,0.0015141998
0.2327220478195713,-0.0011903644,0.0015138664
0.2327778543068038,0.0021400452,0.001514965
0.2328085774022965,0.0009522438,0.0015108207
0.2328967825398776,1.5974045e-5,0.0015110082
0.23298378339664894,-0.0016595125,0.0015165004
0.23305312178386522,0.0018470287,0.0015164858
0.23314122461068393,0.0007094145,0.0015174884
0.23317099433076982,8.535385e-5,0.0015143157
0.23320203308821974,-3.6358833e-5,0.001514514
0.23333194360424797,0.0010610819,0.0015146773
0.23333926235268754,-0.00048035383,0.0015135454
0.23337394631490777,4.005432e-5,0.001516816
0.23344410295723222,0.00068831444,0.0015100288
0.23353844856252126,0.00056004524,0.0015133627
0.23358625273836703,0.0010308027,0.0015170544
0.23366774283638225,-0.0014208555,0.0015151429
0.23372754570670734,-0.0006210804,0.0015202862
0.23377967277627504,0.00180161,0.0015141551
0.23382362028876702,0.0005699396,0.0015146793
0.23395433361014828,0.0010777712,0.0015126219
0.2339596389716062,-7.921457e-5,0.0015160358
0.23396779410775148,0.00047028065,0.0015158528
0.2340776608718388,0.0018743277,0.0015118419
0.2341101046921849,0.0022175312,0.0015511743
0.23417802043361907,-0.00028288364,0.0015083648
0.234186637349867,-0.00031644106,0.0015184031
0.23426002588709782,0.00042033195,0.0015118768
0.2342796755395094,-0.00048851967,0.0015162242
0.23431116971019883,0.0010025501,0.0015219289
0.23438627793134675,-0.0005031228,0.0015159877
0.23444302922367644,-0.0012918711,0.0015141747
0.23455929203785914,0.0016174316,0.0015168793
0.23456724073379848,0.0026266575,0.0015151863
0.23458534920085122,0.0005027056,0.0015123202
0.2347092693122288,-0.0004169345,0.0015118944
0.23472905470463779,-0.00010186434,0.0015153547
0.23478490291409498,0.0014746189,0.0015172709
0.23481554794823783,0.00048530102,0.0015113354
0.23490374030182015,-0.00046145916,0.0015102512
0.2349908198905698,0.0004452467,0.0015151005
0.23506013338041698,0.00040745735,0.0015163908
0.2351482927332304,0.00021874905,0.0015178826
0.2351780180387204,-5.853176e-5,0.0015146424
0.2352090305529443,0.00010788441,0.0015146021
0.23533892895527359,-6.9618225e-5,0.0015113312
0.23534627327499652,0.0008714199,0.0015125361
0.23538099963171277,0.00038027763,0.0015199019
0.23545107686847322,8.761883e-5,0.0015102661
0.2355454103617063,0.0006239414,0.001513131
0.23559329327084466,0.00064098835,0.0015177066
0.23567475914146213,-0.0009860396,0.0015137435
0.23573461921268185,0.0016974211,0.001517438
0.23578670052179668,0.0012375116,0.0015143515
0.2358306224639911,-0.0006093979,0.0015180784
0.2359613485713426,-0.0011329055,0.0015140449
0.23596662903247423,-0.000613451,0.0015102947
0.2359748521353846,0.0011398792,0.0015177062
0.2360846388206509,-0.0010185242,0.0015125187
0.23611710955813725,0.00032281876,0.0015518091
0.23618498627004658,0.0011247396,0.0015082812
0.23619368191860135,0.00027382374,0.0015146032
0.23626697961179793,-0.0005239248,0.0015096788
0.2362866979029173,-0.0014948845,0.001513501
0.2363182479253586,0.003754139,0.0015235387
0.236393310387368,-0.00054705143,0.0015156063
0.23645003543647158,0.0015300512,0.0015159708
0.23656635477566323,0.0012316704,0.0015157503
0.23657425973157808,0.001565218,0.0015144929
0.23659234262701895,0.0023435354,0.0015130659
0.23671625129992624,0.00026524067,0.0015126566
0.2367360609167758,-0.0012696385,0.0015115463
0.2367919521936575,5.030632e-5,0.0015153751
0.23682251782256497,0.00042760372,0.0015110321
0.23691069806409132,0.00065898895,0.0015101972
0.23699785638449067,-0.0005478263,0.0015139995
0.23706714497434017,-0.0009686351,0.0015155245
0.2371553608554483,0.0010114908,0.0015174664
0.23718504174798533,0.0024807453,0.0015130771
0.2372160286909259,0.0004554987,0.0015126192
0.23734591497922775,0.0014401674,0.0015132447
0.23735328419730545,0.002143979,0.0015130808
0.237388052947532,-0.0005656481,0.0015176854
0.23745805078069998,0.0030962229,0.0015110223
0.23755237216056274,0.00031232834,0.0015092946
0.237600333802008,0.00011873245,0.0015145959
0.2376817761201277,0.0019849539,0.0015153646
0.2377416927183278,-0.00085276365,0.0015190962
0.23779372894024686,0.00048542023,0.0015149276
0.23783762463954378,9.6321106e-5,0.0015146682
0.23796836420415113,-9.012222e-5,0.0015126372
0.23797361842238524,0.0005540848,0.0015115149
0.2379819101626891,0.0012892485,0.001514553
0.2380916167688058,-0.0017028451,0.0015138343
0.23812411375017545,0.0011994839,0.001553189
0.23819195277940258,0.0028737783,0.0015099463
0.23820072648865004,0.0022594929,0.0015160766
0.2382739333351837,0.00013959408,0.0015094429
0.23829372026599666,0.0021898746,0.001517098
0.2383253268147612,0.0017374754,0.0015240727
0.23840034217177503,0.0005415678,0.001514617
0.23845704232120946,-0.0001835227,0.0015188622
0.23857341751346733,0.00082945824,0.0015164502
0.23858127940064333,0.0005763769,0.0015106297
0.2385993367264438,-2.926588e-5,0.0015150931
0.23872323328630934,0.00019729137,0.0015132955
0.23874306780217086,-0.00022029877,0.0015161787
0.2387990014728914,0.0017712116,0.0015151781
0.23882948769754925,0.0010097027,0.0015112465
0.2389176558250481,-0.0005632639,0.001510451
0.23900489220515442,5.030632e-5,0.0015164902
0.23907415656957764,0.0005812645,0.0015163479
0.23916242897569473,-0.00022280216,0.0015170668
0.23919206612952165,0.0003130436,0.0015139453
0.23922302682660745,0.0018402338,0.001514239
0.23935290100449624,-0.00013434887,0.0015116261
0.23936029512092877,0.00011587143,0.0015130691
0.23939510626532273,-0.0005557537,0.0015154772
0.2394650246922696,-0.00064986944,0.0015091831
0.2395593339594192,0.00090432167,0.0015117576
0.2396073743321856,0.0011489391,0.0015150561
0.23968879242685043,-0.00044751167,0.0015154814
0.23974876689624514,0.0003246069,0.0015191019
0.23980075668708284,0.0002323389,0.0015143176
0.2398446268137821,0.00068080425,0.0015135874
0.2399753791630454,0.0015499592,0.0015146617
0.23998060848456765,-0.0009319782,0.0015126489
0.23998896818999366,0.0024949312,0.0015163099
0.24009859471860356,0.0002529621,0.0015123772
0.24013111861711356,-0.0009940863,0.0015551691
0.24019891861550152,0.0009738207,0.0015089123
0.24020777105869873,-0.00020998716,0.0015160447
0.24028088773149797,0.00081944466,0.0015138506
0.240300741954176,0.00063586235,0.0015136454
0.24033240503057812,0.0026113987,0.0015224052
0.24040737462779627,-0.00020951033,0.0015148235
0.24046404920627595,0.0006067753,0.0015143802
0.24058048025127143,0.00075757504,0.0015190898
0.24058829907233725,-0.00022125244,0.0015111063
0.24060633015294014,0.00027883053,0.001514099
0.24073021460107824,-9.036064e-5,0.0015130952
0.2407500746869088,0.0035921335,0.0015155269
0.24080605008018258,-0.00022989511,0.0015126605
0.24083645757023348,4.529953e-5,0.0015111082
0.24092461291439077,-0.0004143119,0.0015097889
0.2410119286987467,0.00053560734,0.001514523
0.2410811674932009,0.0013945103,0.0015166891
0.24116949709692687,0.0011543036,0.0015199364
0.24119908983747224,0.00023269653,0.0015131831
0.241230024291332,0.000749588,0.0015148615
0.2413598863555219,5.018711e-5,0.0015134433
0.2413673060432377,0.0022594929,0.001515398
0.24140215958344202,0.0016313791,0.001516845
0.2414719986035106,-0.00017875433,0.0015114392
0.24156629575860422,0.00046300888,0.0015107708
0.24161441486433466,0.0013022423,0.0015157084
0.24169580940584456,0.002501607,0.0015177048
0.2417558404009053,-0.0013487339,0.0015171919
0.24180778443260453,-0.0004402995,0.0015144327
0.24185162898933482,0.0017483234,0.0015137643
0.2419823947968397,0.00019574165,0.0015133278
0.24198759787250718,0.001411438,0.0015115439
0.2419960262172982,-0.0019035935,0.0015171234
0.24210557266840138,4.529953e-5,0.0015121206
0.24213812281145175,0.002251029,0.0015511493
0.24220588445258617,-0.0015196204,0.0015103086
0.24221481630036162,-0.0011343956,0.001513404
0.24228784145619808,0.00086700916,0.0015100216
0.24230776431758394,0.00082695484,0.0015164061
0.24233948391800925,-0.0010662675,0.0015214161
0.24241440708381745,-0.0013002157,0.0015130357
0.24247105541841396,0.0029432774,0.0015146611
0.24258754299038982,0.00027894974,0.0015171227
0.24259531874403112,-0.0009021759,0.0015144742
0.24261332425269355,0.00079905987,0.0015139107
0.24273719658746135,0.002472639,0.0015130311
0.24275708157197523,0.0016546249,0.0015131955
0.2428130993597451,-0.0002347827,0.0015163717
0.24284342744488918,-0.001063168,0.0015117556
0.2429315706753476,0.002736926,0.0015143002
0.2430189651936533,-0.00027400255,0.0015148864
0.24308817908975267,-0.001434803,0.0015145732
0.24317656521848763,5.030632e-5,0.0015182866
0.24320611354476573,0.0013635159,0.001513851
0.2432370224293136,-0.0009907484,0.001515542
0.24336687238079036,4.041195e-5,0.0015120789
0.24337431696554668,-0.00025236607,0.0015147548
0.24340921357317552,-0.0010005832,0.0015149002
0.24347897251573736,0.0008740425,0.0015109564
0.2435732575584464,0.00041937828,0.0015089759
0.2436214553968123,0.0015230179,0.0015156689
0.24370282571158158,0.0005877018,0.0015152682
0.24376291390556554,5.030632e-5,0.0015179536
0.24381481285105466,0.0005694628,0.0015150808
0.24385863116357315,-0.00028651953,0.0015119138
0.24398940975803401,5.030632e-5,0.0015136445
0.2439945879340324,0.0017721653,0.0015108632
0.24400308424591705,-0.00046008825,0.0015169244
0.2441125506165563,3.5643578e-5,0.001511794
0.24414512767740415,0.0005533695,0.001554587
0.24421285028967082,0.000782609,0.0015101786
0.24422186086811026,0.0012694597,0.001515419
0.24429479517958386,0.0013301373,0.0015098477
0.24431478668033468,0.0012785196,0.0015149808
0.24434656213316902,-0.0005707145,0.0015218249
0.24442143886822448,-0.0008098483,0.0015145317
0.24447806230380903,0.0016753674,0.0015174425
0.24459460640112246,-0.00029611588,0.0015162432
0.24460233841309637,9.179115e-6,0.0015106017
0.2446203176791899,0.0023492575,0.0015117853
0.2447441785738445,-0.0004876852,0.0015122121
0.24476408845769893,0.0011185408,0.0015147822
0.2448201479660505,-0.0011485219,0.0015152508
0.24485039799280195,-0.0012665987,0.0015113914
0.24493852843630437,-0.00057435036,0.0015103754
0.24502600101431704,0.001832366,0.0015143683
0.24509519068499014,-0.00011855364,0.0015167469
0.24518363334004833,0.0023314953,0.0015174649
0.24521313725403066,0.00044190884,0.0015132535
0.2452440198917381,0.0020976067,0.0015132066
0.24537385773247322,0.00090944767,0.0015140653
0.24538132788785566,5.030632e-5,0.0015167218
0.24541626688998047,0.00066387653,0.0015139418
0.24548594642730698,-0.001162827,0.0015115383
0.24558021935697427,-0.0007119179,0.0015126872
0.2456284959266613,0.0002783537,0.0015142292
0.24570984269123286,0.00036978722,0.0015137211
0.2457699874115401,0.0017265081,0.0015179107
0.24582184059789064,0.0018211603,0.0015168192
0.24586563333781153,-0.0022392273,0.0015142537
0.2459964253895282,0.0019534826,0.0015162962
0.2460015773239434,0.0014075041,0.0015156068
0.24601014227322154,4.4822693e-5,0.0015148879
0.24611952856602554,0.0003774166,0.0015128161
0.24615213254434226,0.0013098717,0.0015520928
0.24621981612511257,0.0006453991,0.0015107667
0.24622890543717318,0.0016839504,0.001514929
0.24630174890296963,0.0011808872,0.0015098798
0.24632180836982837,0.0018587112,0.0015150448
0.24635364102257162,0.000906229,0.0015222706
0.24642847132424572,5.030632e-5,0.0015160559
0.24648506851561847,0.0009950399,0.0015141456
0.2466016691389265,0.0011919737,0.0015160693
0.24660935808347595,0.0023376942,0.001513029
0.24662731177927188,0.00013804436,0.0015159246
0.2467511605602276,0.0011947155,0.0015126124
0.2467710946695083,-0.0002528429,0.0015159665
0.24682719724528446,0.001240015,0.0015169162
0.24685736786647194,-0.0014365315,0.0015098508
0.2469454855243327,0.002261877,0.0015133659
0.24703303750790934,0.00013887882,0.001514669
0.2471022022792419,0.00042819977,0.001515924
0.24719070146193767,0.001581192,0.001517955
0.24722016096263844,0.0011787415,0.0015146345
0.247251018028734,0.00010550022,0.0015141071
0.24738084375577019,0.0006002188,0.0015128308
0.24738833881147893,0.00014734268,0.0015144297
0.24742332020678542,1.3113022e-6,0.0015157379
0.24749292033854797,-0.0011173487,0.0015118304
0.24758718115550216,-0.0014264584,0.0015090262
0.24763553645815317,-0.0013998151,0.0015165022
0.24771685899795565,0.00021409988,0.0015159831
0.24777706091620033,6.1273575e-5,0.0015173254
0.24782886834341233,0.0020967722,0.0015158366
0.24787263551204985,0.0006490946,0.0015158574
0.24800344034973681,0.0007483959,0.0015175598
0.24800856738612576,-0.0007212758,0.0015103132
0.2480172003005261,0.0015246868,0.0015165517
0.24812650651615192,0.0015772581,0.0015129878
0.24815913673769474,-0.0016166568,0.0015544615
0.24822678196219727,-0.0014525652,0.001511546
0.24823595000656473,-0.00094914436,0.0015140012
0.2483087026276697,0.0021361113,0.0015125392
0.24832883073225054,-0.00014227629,0.0015150742
0.2483607192377314,4.339218e-5,0.0015214975
0.24843550310733842,0.0023511648,0.0015135392
0.2484920754006849,0.0008175373,0.001515807
0.24860873187705917,0.0023777485,0.0015149392
0.24861637708224132,0.000682354,0.0015135278
0.24863430520675395,0.0006570816,0.0015114077
0.24875814187368223,-0.0017639399,0.0015122573
0.2487781015545748,-0.00063973665,0.0015122965
0.24883424585158986,-4.184246e-5,0.0015143831
0.24886433774145622,0.00044584274,0.001510286
0.24895244328528954,0.00034558773,0.0015108795
0.24904007400248734,0.00012993813,0.0015165919
0.2491092132025366,0.0006659031,0.001517682
0.2491977689102413,0.0032174587,0.001518116
0.24922718466993188,0.00057792664,0.0015136817
0.24925801549345855,-6.2584877e-6,0.0015144378
0.24938782910679586,0.0019670725,0.0015113337
0.24939534973444505,0.0014517307,0.0015136278
0.2494303735249047,-0.00024408102,0.0015149931
0.24949989424978897,-0.0008234978,0.0015109902
0.24959414295534432,0.0010929108,0.0015108148
0.24964257699030223,-0.0007162094,0.0015172213
0.24978413441954622,0.00045716763,0.0015180868
0.24983589676186252,-0.0006238222,0.0015137674
0.24987963768628824,0.00069105625,0.0015132683
0.25001045531060256,-0.00093996525,0.0015122588
0.25001555677505105,-0.0013559461,0.001511105
0.25002425832783065,0.0009230375,0.001516289
0.250133484464964,-0.0006968379,0.0015093508
0.25016614160364714,0.0011970997,0.0015543458
0.2502337477992819,0.0011360645,0.0015102186
0.2502429945752991,-0.00028544664,0.0015148369
0.25031565635171266,0.0005174875,0.0015109597
0.25033585309434414,0.00013816357,0.0015135602
0.25036779745289117,-0.000577271,0.0015212616
0.25044253556335966,0.0015803576,0.0015125865
0.2504990822864086,0.001609683,0.001516172
0.25061579461519184,0.0017166138,0.0015170117
0.2506233967539352,0.00096964836,0.0015155039
0.2506412986316074,-0.0003167987,0.0015136582
0.2507651238613796,0.0023282766,0.0015126048
0.2507851084396413,-0.0006175637,0.0015142813
0.2508412951321381,-0.00028192997,0.0015166926
0.2508713076151262,-0.0006082654,0.0015122573
0.25095940104756065,0.0005199909,0.001512266
0.25104710982347966,0.00042903423,0.0015137296
0.2511162247990884,0.0006890297,0.0015156919
0.251204837031802,5.030632e-5,0.0015198227
0.2512342083778825,0.0010783672,0.0015132867
0.25126501363144016,2.849102e-5,0.0015132627
0.25139481513206435,0.001688838,0.0015121053
0.25140236065609683,-0.00023114681,0.0015149008
0.2514374268417097,-0.0017430782,0.0015147575
0.25150686816201573,0.0012960434,0.0015116159
0.25160110408094366,0.0026391745,0.0015133306
0.2516496168498514,-0.0018079281,0.0015144089
0.251791207924535,0.00066792965,0.0015197656
0.25184292450738416,-0.00039672852,0.0015173014
0.2518866398618409,-0.0025872588,0.001513594
0.2520174709447254,-0.00016278028,0.0015130014
0.25202254616397635,0.0023738146,0.0015129314
0.25203131635513515,0.000613451,0.0015169913
0.25214046241509036,-0.0012273788,0.0015116062
0.252173145796671,-0.0016562343,0.0015535717
0.25224071430765216,0.0010704994,0.0015103836
0.25225003914436206,0.0009988546,0.001516206
0.252322610075427,0.000688076,0.0015100182
0.25234287478449496,0.00084352493,0.0015145798
0.2523748763409795,0.0021516085,0.0015221419
0.25244956734645235,0.0014150143,0.0015159168
0.252506088498218,-0.00023323298,0.0015159284
0.2526228573536531,0.00048244,0.0015157892
0.2526304164243148,0.0003026724,0.001513722
0.25264829273103223,-0.001683116,0.0015147588
0.2527721058477628,-0.0017815232,0.001510933
0.25279211465145074,0.0013799667,0.0015130269
0.25287827748879615,0.0005377531,0.0015127697
0.252966358135589,0.0007792711,0.0015129386
0.25305414631707196,0.0004259348,0.0015140973
0.25312323572008305,0.0010323524,0.0015146154
0.2532119051540199,-0.00021004677,0.0015175735
0.25324123208714744,-0.0024818182,0.0015125022
0.2532720117681075,0.0004466772,0.0015134917
0.25340180048308997,0.0009558201,0.0015108209
0.2534093715784058,0.0001667738,0.001514123
0.25344448015785753,-0.0018633604,0.0015137524
0.2535138420742425,4.529953e-5,0.0015115711
0.25360806587947154,0.0009676218,0.0015081547
0.25365665738101467,-0.00034368038,0.0015155037
0.2537379085884238,0.0004799366,0.0015174331
0.25379828143018096,0.000116586685,0.0015172565
0.25384995225290585,0.0019227266,0.0015162992
0.25389364136315073,-0.00052547455,0.0015166145
0.2540244859046054,-0.00012409687,0.001511758
0.2540295362261587,0.0006376505,0.0015112628
0.2540383737108255,0.00072693825,0.0015194287
0.2541474403639024,-0.0004979372,0.0015130606
0.2541801506626234,0.00024223328,0.0015577903
0.25424768014440824,-0.0002860427,0.0015087561
0.254257083713425,0.0010085106,0.00151566
0.254329563797827,0.0019520521,0.0015108107
0.25434989714691714,0.0010834932,0.0015157296
0.25438195455613927,-0.0016075969,0.0015204366
0.2544565991308594,0.00024282932,0.0015146215
0.2545130953832845,0.0010641813,0.0015131367
0.2546299200914572,0.0019505024,0.0015173294
0.2546374360937086,-0.00065749884,0.0015120165
0.2546552861581857,0.0011457205,0.0015130567
0.25477908716253167,0.001388669,0.001517302
0.2547991215371744,0.0013916492,0.0015157618
0.25485539301767746,-5.185604e-6,0.001515178
0.25488524736246615,0.00022554398,0.0015100451
0.2549733158978601,-0.0024124384,0.0015111086
0.2551302473166348,-0.0013033152,0.0015148002
0.25521897327525206,-0.0006073117,0.0015170162
0.2552482557960838,0.00045108795,0.0015136056
0.25527900923184627,0.0021153688,0.0015150952
0.2554087865070442,-0.00072968006,0.0015124289
0.2554163825020291,0.0018254519,0.0015173723
0.25545153347466254,-0.00040245056,0.0015199981
0.25552081598482634,-0.00058478117,0.0015114383
0.25561502767931377,-0.00011843443,0.0015114337
0.2556636979115209,0.00029289722,0.001517296
0.25574492489514655,0.000844717,0.0015152551
0.2558053549361555,-0.0010291338,0.0015164331
0.2558569806726703,0.00076043606,0.0015134978
0.25590064353870345,-7.504225e-5,0.0015170213
0.2560315008644854,-0.0010786653,0.0015138909
0.256036525615084,0.00079119205,0.0015122681
0.25604543173813005,0.0010418892,0.0015150022
0.25615441763978597,0.0010071993,0.0015132079
0.2561871555298901,0.00035440922,0.001554296
0.25625464598182146,0.0012898445,0.0015086659
0.25626412828281653,0.0022387505,0.0015171018
0.2563365175225271,0.0004966259,0.0015097967
0.25635691950769646,-0.0011082888,0.001513952
0.2563890327726133,0.0011250973,0.0015214378
0.2564636315868806,0.0002670288,0.0015129966
0.25652010159607963,0.00097608566,0.001516395
0.25663698282860414,0.0011432171,0.0015185435
0.2566444550921454,0.0007392168,0.0015138164
0.25666227958435345,-0.00027298927,0.0015119752
0.25678606914957197,0.001124382,0.0015131969
0.2568061284222409,-0.0011703968,0.0015128426
0.25686244162398286,0.0022165775,0.0015156333
0.2568922172361361,0.0003670454,0.0015117027
0.2569802729865456,0.00014698505,0.0015112535
0.257068218631328,-0.00046128035,0.0015146326
0.2571372589131866,0.0010737181,0.0015171756
0.2572260413968128,0.0017807484,0.0015172465
0.257255279504363,0.0009994507,0.0015137534
0.25728600736982793,0.0020769835,0.0015152947
0.25741577185938413,0.00011754036,0.001515085
0.2574233927514095,-0.00011754036,0.0015133847
0.2574585867924532,0.0023864508,0.0015181164
0.2575277898970531,-0.00021004677,0.0015131087
0.2576219894778416,0.00026369095,0.0015099813
0.2576707384433413,-0.00043690205,0.0015193024
0.257751941873155,0.00044190884,0.0015176963
0.2578124284408157,0.00014603138,0.0015193338
0.257864008418192,0.00042665005,0.0015140914
0.257907645713599,0.0004891157,0.0015137772
0.25803851649860826,-0.00019168854,0.0015103485
0.2580435156769378,-4.643202e-5,0.0015112347
0.2580524897647774,-0.0004683733,0.0015130336
0.258161395588598,-0.00088220835,0.0015177318
0.258194159722914,-3.695488e-6,0.0015578384
0.2582616118179204,0.0022718906,0.0015119963
0.2582711728528652,-0.00042706728,0.0015161074
0.25834347124657003,0.00016999245,0.0015094847
0.25836394119817585,-0.0018386245,0.0015151678
0.25839611166070164,0.0014504194,0.0015200487
0.2584706633699734,0.00095021725,0.0015158358
0.25852710848081756,4.529953e-5,0.0015140158
0.2586440455677225,0.00046777725,0.0015168296
0.2586514747638393,-0.0008507967,0.0015133687
0.2586692736837783,-0.001578033,0.001512461
0.2587930511352979,-5.2809715e-5,0.001512061
0.25881313530763594,0.0013335943,0.0015128034
0.25886949023028827,0.0002837181,0.0015167809
0.2588991877840489,-0.0013917089,0.0015120915
0.25898723074684527,-0.00026792288,0.0015121124
0.25914426983549554,0.00103724,0.0015139369
0.25923310884544504,0.0020350218,0.0015184551
0.2592623038839278,-0.0009276867,0.0015146283
0.2592930048335667,-0.0012022853,0.0015118859
0.25942275788399544,0.0007609129,0.0015115716
0.2594304036737185,0.0031090975,0.0015131718
0.2594656401102439,-7.289648e-5,0.0015188969
0.25953476380927987,0.0036349297,0.0015134051
0.2596289512763695,4.529953e-5,0.001510755
0.25967777897581895,0.0003465414,0.0015164013
0.259758958178892,0.00038444996,0.0015145692
0.2598195019448188,-0.0006494522,0.0015154238
0.25987103616371365,0.0018137693,0.0015180162
0.25991464788718016,0.00042247772,0.0015159377
0.26004553145848824,5.030632e-5,0.0015151823
0.26005050506619165,0.00012362003,0.0015117925
0.26005954779306767,0.0011730194,0.001519481
0.2601683735374101,-0.0016935468,0.0015117889
0.2602011645888664,-0.0005287528,0.0015596611
0.26026857765401934,-0.00075149536,0.0015099712
0.2602782174209424,0.0018353462,0.0015143561
0.26035042496929867,-0.00050354004,0.0015087444
0.2603709635615838,-0.00035375357,0.0015176687
0.2604031898758614,4.6133995e-5,0.0015203498
0.2604776958273089,-0.00048696995,0.001515223
0.2605341146929555,0.0004172325,0.0015164836
0.26065110830618377,0.0014433861,0.0015184842
0.26065849443290456,0.00023031235,0.001514525
0.2606762671109318,-2.7000904e-5,0.0015106469
0.2608000324487525,0.00300169,0.0015162838
0.26082014152075966,0.0008894205,0.0015166797
0.2608765395108365,-6.66976e-5,0.0015171462
0.26090615765771885,0.00017690659,0.0015105786
0.2609941878361879,0.0006649494,0.0015124269
0.26108229094689833,0.00054335594,0.001515266
0.261151281430733,0.0009799004,0.0015151141
0.2612401769653629,0.0023716688,0.0015189854
0.2612693275931927,0.000967741,0.0015143378
0.26130000229664835,0.001060009,0.0015147858
0.2614297432353497,4.529953e-5,0.0015136704
0.2614374145960275,-0.0006183386,0.0015122285
0.26147269342704893,0.0002220869,0.0015183021
0.2615417377198637,1.4901161e-5,0.0015120434
0.26163591307621165,0.0008555651,0.0015118362
0.2616848188333966,0.0003453493,0.0015164551
0.2617659744859433,9.357929e-5,0.0015154341
0.26182657545013616,0.0016298294,0.0015174993
0.26187806391054963,-0.0023863912,0.0015149182
0.2619216500614185,-0.0011233091,0.0015153264
0.26205254641771114,0.0004168749,0.0015131739
0.2620574944547884,2.9087067e-5,0.0015103223
0.26206660582135793,-0.00021731853,0.0015159099
0.2621753514875365,-0.0010210872,0.0015120293
0.26227554349044685,-0.0006611943,0.0015090934
0.2622852619896768,0.00016343594,0.001513362
0.2623573786939988,0.0034456253,0.0015112614
0.26237798525074885,-0.00066798925,0.0015157056
0.2624102680910212,0.0010160208,0.0015197404
0.2624847276104016,-0.00051128864,0.0015142363
0.26265817104431644,-0.00053441525,0.0015161849
0.2626655141036127,0.001401782,0.0015153415
0.26268326053841384,0.0026922226,0.0015132637
0.26280701443644994,-0.001809001,0.0015086465
0.2628271484048404,5.555153e-5,0.0015143343
0.26288358811714196,0.0004864931,0.0015152531
0.26291312753270313,-0.0016758442,0.0015116883
0.26300114559780186,-0.00023168325,0.0015100662
0.26308932744049063,-9.5665455e-5,0.0015153252
0.263158292353042,-1.7225742e-5,0.0015140212
0.26324724508790937,5.030632e-5,0.0015166972
0.26327635130212906,-0.00095415115,0.0015149021
0.2633070004339728,-0.0012515783,0.001515445
0.2634367292596324,0.0010756254,0.0015126846
0.26344442551965075,0.0009037256,0.0015135511
0.26347974674319674,-0.0009673834,0.0015168422
0.2635487116320905,0.0012154579,0.0015128248
0.26364287487473953,0.0011982918,0.0015105448
0.26369185936455997,0.0004671812,0.0015153186
0.2637729907923375,0.00033926964,0.0015154496
0.2638336489561107,0.0009995699,0.0015175891
0.2638850923289998,-0.0025957823,0.0015166851
0.2639286522369712,0.0011641979,0.0015152018
0.2640595620511768,0.0011161566,0.001513336
0.26406448451664216,-0.00044298172,0.0015109166
0.2640736638486625,-0.0001232624,0.0015169414
0.26418232943634856,0.00093364716,0.0015117372
0.2642825093275315,-0.0005643368,0.0015106546
0.2642923065593969,-0.00065517426,0.0015171283
0.2643643324180417,0.0016680956,0.0015086391
0.2643850076138282,0.0018191338,0.0015157349
0.2644173469784523,0.0007508993,0.0015203165
0.26449176006642283,0.0018285513,0.0015160713
0.2645481277904886,0.00022864342,0.001515834
0.2646652337824491,0.0009166002,0.001517258
0.2646725331020495,-2.5212765e-5,0.0015135224
0.2646902546375101,0.0014029741,0.0015120319
0.26481399642283304,-0.0007364154,0.0015101993
0.26483415461664983,0.00046944618,0.001514288
0.2648906373957187,0.0018996,0.0015172013
0.26500810335810154,0.0001924038,0.0015090165
0.2650963632624687,0.0003299713,0.0015142087
0.2651653039495938,0.00095939636,0.0015155531
0.26525431321045584,0.00024104118,0.0015164902
0.265283375009094,-0.00021630526,0.0015130792
0.26531399789902593,-0.00063610077,0.0015133718
0.2654437146113152,0.0011394024,0.0015145763
0.265451436443274,0.0033507347,0.0015147307
0.26548680006098746,0.00081551075,0.0015182986
0.26555568554431724,-0.00022536516,0.0015120783
0.2656498366732674,-0.0009227395,0.0015101257
0.26569889989670903,0.00043416023,0.0015162826
0.265780007771003,0.00015687943,0.0015151285
0.26584072246011375,0.0003387928,0.0015187716
0.2658921200745215,5.030632e-5,0.0015146316
0.26593565373828104,0.0007699728,0.0015137256
0.26606657701237113,-0.002185285,0.0015135265
0.2660714739062246,0.0010104179,0.0015160658
0.2660807212030385,0.0009596348,0.0015175827
0.2661893073851606,0.0014582872,0.0015160867
0.2662894751636304,-5.00679e-5,0.0015077505
0.26629935112845987,0.0011111498,0.001514984
0.26637128614175604,-0.0002246499,0.0015092447
0.26639202930332184,0.0017033815,0.0015162358
0.2664244251949264,-0.0003196001,0.0015200338
0.2664987918495155,0.0017102957,0.0015154021
0.2665551340026266,-0.00045400858,0.0015153204
0.2666722965189389,-0.0014263391,0.0015161585
0.2666795527737434,-0.0025515556,0.001510833
0.2666972480630207,0.0006172657,0.0015136091
0.26682097773628766,0.00096940994,0.0015118391
0.2668411615020449,0.0007300377,0.0015106974
0.26689768600268127,0.00082981586,0.001514722
0.26692706728004306,0.00072157383,0.0015095345
0.26701506044744416,0.0013210773,0.0015108694
0.26710339975606096,0.001219511,0.0015153843
0.2671723155448313,-0.00069594383,0.0015145773
0.2672613806587595,-0.00037294626,0.0015172998
0.2672903987170446,0.0006104708,0.0015158963
0.26732099603569326,8.881092e-5,0.0015122277
0.267450700635598,0.002348423,0.0015126065
0.26745844669134017,-0.0010175109,0.0015133758
0.2674938533787782,0.0019342899,0.001516266
0.26756265945555824,0.0004067421,0.0015126806
0.2676567978001811,-0.00045514107,0.0015120932
0.2677059404288581,0.0009918213,0.0015167936
0.26778702407706867,0.0006773472,0.001515828
0.267847795964774,0.00040006638,0.0015194329
0.26789914782004315,-0.002191484,0.0015158282
0.2679426559125194,0.0007042885,0.0015148595
0.26807359197225117,0.0024793148,0.0015144598
0.2680784632948213,0.0014497042,0.0015115599
0.2680877792306716,0.0012624264,0.001515913
0.2681962846623585,0.00083100796,0.0015124744
0.2682964410000579,0.0005710125,0.0015114918
0.2683063956971942,0.00047922134,0.0015174919
0.2683782398661276,0.0002593994,0.0015096958
0.26839905166541544,0.001013279,0.0015183075
0.26843150341074334,0.0015752316,0.0015211998
0.26850582363293685,-0.00013560057,0.0015134697
0.2685621408876931,-0.00041496754,0.0015146915
0.2686793592580573,0.00027537346,0.0015178338
0.268686572444123,0.001493454,0.0015172919
0.2687042414898456,-0.0011175871,0.0015121506
0.2688279597239851,0.0014156103,0.0015106584
0.2688481683871114,0.0002450943,0.0015144715
0.268904734610301,0.0005540848,0.0015160452
0.2689340371550274,0.00087082386,0.0015126412
0.26902201820905813,-0.0004299283,0.0015109061
0.26911043557672476,0.00062835217,0.0015158318
0.2691793264671402,-0.0011445284,0.0015147753
0.2692684487799916,0.000824213,0.0015158312
0.26929742242630955,-1.0788441e-5,0.0015132182
0.2693279935007464,0.0015610456,0.0015202145
0.2694576859856379,-0.0012844205,0.0015115904
0.26946545761364915,0.00033164024,0.0015137953
0.269500906694926,0.00069510937,0.0015154864
0.2695696333667993,0.0019088984,0.0015136698
0.269663759598709,-0.0001604557,0.0015083733
0.2697129802870929,0.0009382963,0.0015171672
0.2697940403837914,-0.00023412704,0.0015143043
0.26985486879650566,-0.0012105703,0.0015162462
0.2699061755658934,0.0004284382,0.0015133843
0.2699496580880721,0.00087094307,0.0015127744
0.27008060693213115,0.0012745857,0.001513979
0.2700854533566751,0.0024360418,0.0015123463
0.2700948372589619,0.00067567825,0.0015144581
0.27020326261117056,0.0022894144,0.0015111082
0.27030340683714255,4.529953e-5,0.0015099825
0.2703134402659286,-0.0025975704,0.0015157382
0.2703851929165848,0.0009783506,0.001510051
0.27040607335458056,-5.3942204e-5,0.0015167117
0.2704385816262317,0.0015575886,0.0015182088
0.2705128560899438,-0.00036227703,0.0015121589
0.2705691471001596,4.529953e-5,0.0015154064
0.2706864219971757,-0.0013798475,0.0015152267
0.270693591441574,-0.0007647872,0.0015151321
0.2707112355902562,4.529953e-5,0.0015121732
0.2708349410384254,4.529953e-5,0.0015121271
0.27085517459924935,-0.00037366152,0.0015116
0.27091178388953496,0.0003324747,0.0015153603
0.2709410070293545,0.0027116537,0.0015113945
0.27102897529741504,-0.00021404028,0.001510968
0.271117472070317,-0.0011501312,0.0015162973
0.271186338063692,-0.0008328557,0.0015170756
0.27127551690122376,-0.00026601553,0.0015188002
0.2713044461355745,-0.0015779734,0.0015149844
0.2713349916374137,-0.00065779686,0.00151342
0.27146467133797786,0.0010033846,0.0015143537
0.2714724685372724,0.0015853643,0.0015163498
0.27150796001173094,0.00020968914,0.001517055
0.27157660727836885,0.0021777153,0.0015090206
0.27167072139723686,-0.0006952882,0.0015120464
0.27172002081759905,0.0009213686,0.0015160027
0.2718010566895285,0.0009909868,0.0015149615
0.27186194230215166,-0.0013386011,0.0015188834
0.2719132033124008,-0.0008559823,0.0015146348
0.2719566602629676,-0.00066900253,0.0015181493
0.2720876225649397,0.0028104782,0.0015137509
0.27209244274560035,0.00037670135,0.0015112148
0.27210189528626644,0.0003823042,0.0015148472
0.2722102405599826,-0.00034499168,0.001509957
0.2723103726732415,0.001639843,0.0015119273
0.2723204848356487,0.0017673969,0.0015151133
0.27239214664029915,-0.0014339089,0.0015091818
0.27241309571667416,0.0003732443,0.0015167532
0.2724456605146485,-0.00043404102,0.0015173183
0.2725198878730365,0.002059579,0.0015138075
0.2725761539862119,-0.0004453659,0.0015159688
0.2726934847336655,-0.00027185678,0.0015164876
0.27270061111326793,-0.00045138597,0.0015141369
0.2727182290157668,0.0019139051,0.001510431
0.27284192302513716,0.0009460449,0.0015097656
0.2728621814839873,-0.00094407797,0.0015139736
0.27291883249584037,0.00017750263,0.0015162742
0.27294797690236733,7.4505806e-5,0.0015107045
0.27303593305870044,0.00020182133,0.0015102697
0.2731245085639093,0.0005584955,0.001515637
0.273193348986001,-0.00037240982,0.0015158174
0.27328258435084174,-0.00073456764,0.0015175325
0.27331146917059657,0.0002977848,0.0015138445
0.2733419891011525,-0.0002656579,0.001514344
0.2734716573629178,-0.0004273653,0.0015122016
0.2734794794595814,0.0021083355,0.001515344
0.27351501332985023,0.0007094145,0.0015162752
0.2735835811905956,0.0021166801,0.0015121022
0.273677683197079,0.00047266483,0.0015099681
0.2738080729946083,-0.00020003319,0.0015152369
0.2738690158077976,0.0002567768,0.0015181194
0.273920231730851,0.00013101101,0.0015165203
0.273963661764606,0.0016177893,0.0015129133
0.274094637526134,-0.00083673,0.0015148491
0.2740994321341971,-0.00076293945,0.0015127377
0.2741089526399853,-0.0004386902,0.0015201682
0.274217218510109,0.0013945103,0.0015128421
0.2743173385106547,0.00074899197,0.0015080057
0.2743275294053688,-0.0007661581,0.0015153327
0.2743991003646707,0.0018463135,0.001510353
0.27442011740715355,0.00023281574,0.0015167949
0.2744527387298083,-0.0007880926,0.0015190099
0.27452691965612924,0.0009844303,0.001513534
0.27458316019703555,0.00071942806,0.0015159961
0.27470054747146955,-0.0030933619,0.0015134774
0.27470763078364746,0.0013765097,0.0015128289
0.27472522244259173,-0.0005092621,0.0015124119
0.27484890501152026,0.00048792362,0.001513944
0.27486918836971097,0.00015127659,0.0015173138
0.2749258817754029,0.0009622574,0.0015171906
0.27495494677603727,-0.0019260049,0.0015101186
0.2750428901467288,0.001928091,0.0015098585
0.2751315443858874,0.001544714,0.0015153681
0.2752003605812385,-0.0020662546,0.0015155784
0.2752896524720739,0.0018012524,0.0015205682
0.2753184928785472,0.00025439262,0.0015149165
0.27534898656489126,-8.2194805e-5,0.001514422
0.275478642714272,-0.00057321787,0.0015127886
0.27548648970896183,-0.00012028217,0.001514297
0.2755220666473124,0.0003373623,0.0015147226
0.27559055510183667,0.002583027,0.0015117915
0.27568464432333556,0.0017848015,0.0015104435
0.27573410120896863,0.0008659363,0.0015168478
0.2758150899745882,-0.00035184622,0.0015162446
0.2758760893118007,-0.00047457218,0.0015183332
0.2759272594767012,0.0015702248,0.0015142673
0.27610165248601404,-0.0016967654,0.0015128094
0.2761064215237795,0.0007747412,0.0015124769
0.27611601066860414,-0.0012338758,0.0015163677
0.27622419578599255,-6.955862e-5,0.001510673
0.27632430434806793,0.0019632578,0.0015105268
0.276334573973446,0.0016107559,0.0015175788
0.27640605408805646,3.71933e-5,0.0015106086
0.27642713909631866,0.0018378496,0.0015167873
0.27645981694595384,0.0012264252,0.0015177509
0.27653395211346476,0.001187563,0.0015146426
0.27659016640917355,0.0012185574,0.001515004
0.276707610210588,0.00026524067,0.0015170296
0.27671464978044136,0.000882864,0.0015150883
0.2767322158700738,0.00014662743,0.001512611
0.2768558863259606,0.002025485,0.0015136071
0.27687619458250606,-0.0012713075,0.0015133551
0.276932930382694,-0.0005694628,0.0015147724
0.27696191665102154,0.0007523298,0.0015114766
0.27704984790834275,-0.0016804934,0.0015116843
0.27713858020655113,0.00016248226,0.0015140794
0.27720737150486174,0.0013028383,0.0015182444
0.2772967199193918,-0.0010162592,0.0015175835
0.2773255165878121,0.00032615662,0.0015143739
0.2773559847015586,0.0010378361,0.0015156217
0.2774856287388833,0.00058448315,0.0015105013
0.2774935006315994,0.00129807,0.0015161389
0.2775291192915174,0.0016287565,0.001518486
0.27759752901340623,-0.00071030855,0.0015109577
0.277691606122192,-0.0008981824,0.0015088286
0.27774114173947484,5.030632e-5,0.0015154752
0.27782210628098236,-0.0009267926,0.0015182355
0.27788316281646086,0.00079381466,0.0015173296
0.2779342872232086,0.0004336834,0.0015159877
0.2779776661134113,0.0010205507,0.0015145758
0.2781086674452369,0.00054597855,0.001512888
0.2781134115856333,0.0011165142,0.0015150227
0.27812306869656583,0.0010501146,0.0015165661
0.27823117373480466,0.0015267134,0.0015105291
0.27833127018285253,0.0004631281,0.0015077586
0.2783416185421804,-0.0007022023,0.0015145037
0.2784130078117708,0.00087690353,0.001514002
0.27843416145841227,-0.00049322844,0.0015151665
0.2784668951614422,-0.00076007843,0.0015185158
0.2785409838965575,0.00045514107,0.0015168025
0.2785971732945686,0.0003504753,0.0015127213
0.27871467294970637,-0.0008829832,0.0015147683
0.2787216694514781,0.000104904175,0.0015121346
0.27873920996917007,0.0011538267,0.0015115434
0.27886286831267226,0.0009686947,0.001512582
0.27888320146658685,0.002092719,0.0015151056
0.27893997898899947,-0.0011581182,0.0015159879
0.27896888652567725,0.00060784817,0.0015118399
0.2790568049966996,0.0010265112,0.0015088732
0.2791456167001434,-0.0016097426,0.0015148765
0.2792143824271707,-0.0005967021,0.0015157702
0.2793037880409525,0.00016653538,0.0015195276
0.2793629821666117,-1.3053417e-5,0.0015135122
0.279492614089909,0.002515316,0.0015154611
0.2795005115548941,-0.00041919947,0.0015159382
0.27953617260733665,0.0024952888,0.0015156675
0.279604502925633,0.0011023283,0.0015125913
0.27969856791973413,0.001711607,0.0015107066
0.27974818227063813,0.0005373955,0.0015171039
0.27982912258704795,0.00093734264,0.0015151908
0.2798902363224354,0.0023671389,0.0015179295
0.2799413149687303,0.00027954578,0.0015146012
0.2799846676157069,0.0008354187,0.0015131873
0.28011568240610263,0.0008058548,0.0015119583
0.28012040097488716,-0.0013734102,0.0015123738
0.28013012672419896,0.00040578842,0.001515296
0.280238151684931,0.0017585754,0.0015097925
0.28033823601895147,-0.00095802546,0.001511202
0.28034866311222906,0.0010581017,0.0015135637
0.28041996153548515,-8.523464e-6,0.001510922
0.28044118314889166,-0.0005608797,0.0015172793
0.28047397404821617,0.0017393827,0.0015198381
0.2805480156796502,-0.00029939413,0.0015136218
0.2806041795067066,0.003153205,0.0015151816
0.28072173568751047,0.00027048588,0.0015161589
0.280728689123172,-0.00028693676,0.0015154817
0.2807462033953378,-0.0016428828,0.0015150093
0.2808698496248126,-0.0008484125,0.0015126622
0.28089020767839623,9.953976e-5,0.0015137256
0.28094702759464774,0.0016452074,0.0015176621
0.2809758563996758,-0.0032843351,0.0015082204
0.2810637620850565,0.0023177862,0.0015126978
0.28115265252212146,0.001752615,0.0015152944
0.2812213940224082,0.0003477335,0.0015147568
0.28131085616284185,2.336502e-5,0.0015162529
0.28133956400239907,4.7564507e-5,0.0015153317
0.2813699796303505,-0.0003324151,0.0015147824
0.28149959944126324,0.0011377335,0.001510356
0.28150752180558886,-7.3611736e-5,0.0015160062
0.28154322592545594,0.00024235249,0.0015151381
0.281611476836874,7.56979e-5,0.0015101759
0.2817055297195763,0.0007741451,0.0015082448
0.28175522212887294,0.0003489256,0.0015150794
0.28183613889377074,-0.0015605092,0.001515858
0.2818973091541671,0.00015807152,0.0015167643
0.2819483427145806,-0.0018167496,0.001513843
0.2819916697889595,0.0007376671,0.0015131917
0.28212269803989687,0.0007958412,0.0015145806
0.28212739036479817,0.0020276308,0.0015124223
0.28213718407890354,-0.0012598634,0.001517327
0.2822451296350574,0.0013760328,0.0015117766
0.2823452011834362,0.00022006035,0.0015078548
0.28235570768096346,5.030632e-5,0.001516537
0.28242691525952807,-0.00053602457,0.0015087775
0.28244820483805677,0.00025832653,0.0015128469
0.28248105226337594,0.0006942749,0.0015182937
0.282555048136,-0.0012956858,0.0015132345
0.2826111863917731,0.00069367886,0.001514053
0.2827287984243288,-0.00078076124,0.0015170156
0.28273570812062304,-0.0013592243,0.0015124617
0.28275319682150557,-0.0012693405,0.0015118894
0.28287683161251,0.002081275,0.001511974
0.2828972145641199,0.001911521,0.0015146649
0.2829540768748674,0.00036144257,0.0015150404
0.28298282627334576,-8.195639e-5,0.0015117473
0.2830707198466705,0.000223279,0.0015127851
0.28315968901571376,5.030632e-5,0.0015137307
0.28322840494603146,0.00062179565,0.0015163157
0.28331792361245983,0.0011672974,0.0015173918
0.283346587711664,0.0006263256,0.0015149771
0.28337697776833215,0.00024080276,0.001511669
0.28350658546554597,0.00015580654,0.0015105908
0.2835145327265835,0.0005264282,0.0015153276
0.2835502792429181,0.0033067465,0.0015150589
0.2836184500755151,-3.874302e-6,0.0015131038
0.2837124908461614,0.0003899336,0.0015096401
0.2837622626613506,0.0020604134,0.0015168851
0.28384315519950776,1.6093254e-5,0.0015149354
0.28390438265882734,0.0014753342,0.0015201462
0.2839553704604308,0.00020384789,0.0015148905
0.2839986719645122,0.0009783506,0.0015143568
0.2841297129997769,0.0027831793,0.0015132691
0.28413437975273775,0.0017454624,0.0015168329
0.28414424210489375,-0.0022094846,0.0015152671
0.28425210691094094,-0.0010094047,0.0015135229
0.28435216701953514,0.0012539625,0.0015113766
0.2843627522496978,0.0004272461,0.0015167708
0.2844338689842282,-0.00016355515,0.0015094186
0.2844552272001504,-0.0002425313,0.0015165323
0.28448813047985005,-0.00020503998,0.0015187338
0.2845620799194213,7.724762e-5,0.0015123686
0.28461819260423965,0.00079882145,0.0015124823
0.28473586116311866,0.0007022619,0.0015162269
0.2847427277910026,0.002390623,0.0015148073
0.28476019024898763,-0.0014327765,0.0015145129
0.28488381292695036,6.914139e-6,0.0015133662
0.2849042207762579,0.00027155876,0.001514084
0.2849611254821585,-0.002011001,0.0015149824
0.2849897961476729,-0.0012546778,0.0015112495
0.2850776769350274,0.0022583008,0.0015126048
0.2851667248363775,0.00045323372,0.0015153278
0.28523541654126894,0.0012310743,0.0015148624
0.28532499173369197,0.0011788607,0.0015179067
0.2853536114209289,-0.0013000965,0.0015147312
0.2853839752330567,0.0013839006,0.0015147452
0.28551357081657164,0.0015217066,0.00151223
0.28552154365020677,0.0015724897,0.0015167841
0.2855573325590659,0.000502944,0.0015143203
0.2856254239877419,-6.914139e-6,0.0015113511
0.2857194526437036,-0.00036752224,0.0015082345
0.28576930319317106,-0.00038444996,0.0015166521
0.2858501715055734,0.0003029108,0.0015131014
0.28591145616348757,0.00037157536,0.0015168696
0.2859623982059525,0.00048458576,0.0015162427
0.2860056734664792,0.00030696392,0.001516326
0.2861367279599855,0.00065398216,0.0015128258
0.2861413698149201,0.0022790432,0.0015149156
0.28615130013351264,-0.0020739436,0.0015157956
0.28625908485975304,0.0011228323,0.0015131667
0.286359132855634,-0.0011162162,0.0015071527
0.2863697968184322,-0.00023442507,0.0015169346
0.28644082270662824,-0.00096166134,0.001509971
0.2864622488903012,0.00014615059,0.0015150836
0.2864952086963241,0.00012683868,0.0015180451
0.2865691117031712,0.0012700558,0.001515379
0.28662519881736337,0.002038002,0.0015160034
0.28674292322930856,-0.00033837557,0.0015133325
0.28674974678845366,0.0011969805,0.0015167566
0.28676718367515536,0.0015727282,0.0015161044
0.28689079491366204,0.0008881092,0.0015130184
0.2869112276609958,0.0014371872,0.0015163369
0.286968174088464,0.0023591518,0.0015147453
0.28699676534874297,0.0011218786,0.00151054
0.28708463469696993,0.00010120869,0.0015110908
0.2871737613299698,0.0011825562,0.0015146934
0.28724242746357787,-0.0009313226,0.0015146552
0.2873320591813385,-0.00022172928,0.0015173086
0.28736063512887955,7.915497e-5,0.0015157342
0.28739097269580977,-0.0005540252,0.0015161595
0.287520556168583,-0.0008696914,0.0015134123
0.28752855390090154,-0.00072449446,0.0015146541
0.2875643858758709,-0.0017076135,0.0015159543
0.28763239789898287,0.0009353161,0.001509499
0.28772641444354574,0.0005457401,0.0015099131
0.28777634305074873,0.0032043457,0.0015147598
0.287857187811639,0.00063574314,0.0015129657
0.2879185289965336,0.0010505915,0.0015186566
0.2879694259521313,0.00056004524,0.0015123043
0.28801267564104616,-0.0007393956,0.0015132832
0.28814374292019407,-0.00039571524,0.0015130652
0.2881483592048311,-0.0016418695,0.0015149037
0.28815835748887436,0.00033783913,0.0015152899
0.2882660628095508,0.0005097389,0.0015149321
0.2883660986930473,0.0003451109,0.0015104142
0.28837684138848085,-7.69496e-5,0.0015164663
0.28844777575807123,0.0007392168,0.001509088
0.2884692705797949,0.0017777681,0.0015163515
0.2885022869114839,-0.001310885,0.0015171041
0.2885761434865925,0.00047636032,0.0015148285
0.28863220502917275,-0.0009573698,0.0015141874
0.2887499859661269,0.0019469261,0.001517208
0.2887567664601476,0.00075793266,0.0015130311
0.28877417777425163,0.00043439865,0.0015115566
0.2888977762277738,8.368492e-5,0.001512954
0.28891823387280524,0.0016647577,0.0015130223
0.28897522269509796,0.0008394718,0.0015169242
0.2890037352227415,-8.34465e-5,0.0015094468
0.2890915917863126,-0.0009331703,0.0015098283
0.2891807971509621,5.030632e-5,0.001513456
0.28924943838588685,0.0010257959,0.0015150985
0.28933912730322775,0.00010216236,0.0015151286
0.28936765883683013,-0.0017270446,0.0015144423
0.28939797083247704,0.0012098551,0.0015165556
0.28952754219286575,0.0013724566,0.0015140905
0.2895355648218962,0.00030994415,0.0015141941
0.28957143851974737,0.0016845465,0.0015170343
0.28963937181022387,0.00019872189,0.0015098675
0.28973337557013085,0.00090897083,0.0015096648
0.289783383581912,-0.00021994114,0.0015154287
0.289864204117376,0.003595233,0.0015179667
0.28992560250185095,5.030632e-5,0.0015166466
0.2899764543709101,0.0010807514,0.001513494
0.29001967781561305,0.00019717216,0.001512518
0.29015075788073125,0.0012201071,0.0015160227
0.29015534859342784,-8.100271e-5,0.0015112262
0.29016541551519315,0.0020786524,0.0015199854
0.290273040085763,0.0016994476,0.0015098581
0.2903730645304605,-0.00080150366,0.001511104
0.2903838852849439,-0.0003387928,0.0015138433
0.2904547294827713,-0.00018924475,0.0015107536
0.2904762929418885,-0.00025880337,0.0015115882
0.29050936512565795,-0.00023370981,0.0015180554
0.29058317594294225,0.0016727448,0.001515542
0.29063921191325354,-0.0003194213,0.0015124778
0.29075704870425956,0.0018030405,0.0015191342
0.2907637854575986,0.00022852421,0.0015145101
0.2907811712017337,0.0008226633,0.0015133764
0.2909047582144855,-0.00023889542,0.0015111665
0.29092524075885745,0.0016099215,0.0015161731
0.2909822719746605,0.00023138523,0.0015151951
0.2910107050970686,0.0012336969,0.0015095099
0.2910985488733552,0.0017956495,0.00151264
0.29118783297261164,0.0011116266,0.0015158697
0.29125644998243866,-0.0011706352,0.0015135739
0.29134619475284573,-0.0010527968,0.0015171147
0.2913746818718523,0.00023591518,0.0015153345
0.29140496829753015,-0.00029474497,0.0015112739
0.29153452754454856,0.0025906563,0.0015111209
0.29154257574453374,-9.596348e-6,0.0015145459
0.29157849183786666,0.0012090206,0.001518478
0.2916463457227792,0.00054228306,0.0015116878
0.2917403373689873,-0.0008856058,0.0015124568
0.29179042344146117,0.0014810562,0.0015167565
0.2918712204237702,0.0013306141,0.0015164389
0.29193267600585404,0.00022828579,0.0015178801
0.2919834821167603,0.0013127327,0.0015140674
0.29202667931692294,-0.001437366,0.0015130179
0.2921577728406113,-0.0018391013,0.001511666
0.2921623379820245,0.00033056736,0.0015107692
0.2921724728695692,0.001341939,0.0015151309
0.2922800180332607,0.0025423765,0.0015133518
0.2923800303665594,-0.0018544793,0.0015081738
0.2923909298530211,-0.0008070469,0.0015157764
0.29246168320517135,0.0005812645,0.0015087526
0.2924833146310536,0.00013160706,0.0015140873
0.292516444014732,0.000988245,0.0015166673
0.29259020772669214,-0.0009887815,0.0015137822
0.2926462181257201,-0.0024056435,0.001515847
0.29276411144206366,0.0013285875,0.0015162533
0.29277080512732107,-0.00013524294,0.001513477
0.29278816462790147,0.0002629757,0.001513324
0.2929117395282687,-0.00020730495,0.0015124432
0.29293224697132403,0.0012420416,0.0015143342
0.292989320581623,0.00015759468,0.0015153526
0.2930176749710672,0.00010943413,0.0015106738
0.2931055066352977,0.00028681755,0.0015095692
0.29319486946620393,0.002081871,0.001515094
0.29326346090573335,0.0010566711,0.0015177523
0.29335326287342073,-0.0008830428,0.0015172086
0.2933817055811172,0.00065875053,0.0015120406
0.293411965761269,-0.0010749102,0.0015125641
0.2935415128968885,-0.0005261898,0.00151209
0.29354958599489994,0.00092446804,0.0015162554
0.29358554515598595,0.00060772896,0.0015167737
0.29365331963402025,-0.00058943033,0.0015105939
0.2937472991681723,-8.7201595e-5,0.0015091307
0.2937974639726245,-0.0012234449,0.0015145806
0.2938782367298358,-0.00020557642,0.0015167415
0.29393974951051427,-0.0026198626,0.0015177531
0.2939905098629391,5.030632e-5,0.0015148529
0.29403368149214704,-0.00039035082,0.0015145609
0.2941647877998341,-0.0009365082,0.0015124568
0.29416932737062124,0.0011273623,0.0015102151
0.29417953089818805,0.0008275509,0.0015160798
0.2942869959833871,0.0008378029,0.0015114051
0.29438699620265835,0.0015541315,0.0015111882
0.29439797442175547,-0.0006542206,0.0015154304
0.29446863692954284,-0.0010612011,0.0015101512
0.2944903363202187,0.0007983446,0.0015156717
0.29452352223120604,0.00018060207,0.0015191808
0.2945972395097849,0.0012334585,0.0015163632
0.29465322433884383,0.001791358,0.0015200257
0.2947711741805249,0.002401948,0.0015190002
0.29477782412575787,0.00060772896,0.0015139095
0.2947951580540692,0.000510931,0.0015117568
0.2949187215146518,0.0003399849,0.0015131878
0.29493925385540476,-0.0013797283,0.0015146611
0.29499636918825706,0.00030696392,0.0015161093
0.29502464484506574,0.00031352043,0.0015116698
0.29511246372464034,-0.0003875494,0.0015097596
0.29520190528719625,-0.0010855794,0.001517802
0.29527047182705657,0.001034379,0.0015178074
0.2953603303217244,-0.0017044544,0.0015172955
0.2953887292890678,-0.0030261874,0.0015120344
0.29541896322500777,0.00064861774,0.0015143594
0.29554849824725704,0.00044739246,0.0015123043
0.2955565969185232,-5.686283e-5,0.0015137178
0.2955925984714766,-0.0013179779,0.0015137513
0.29566029287233275,-0.0002476573,0.001509686
0.29575426029377166,-0.0006465316,0.0015109852
0.2958045038308593,0.0006457567,0.0015163737
0.2958852530359014,0.0023766756,0.0015155964
0.29594682234224595,-0.0010200143,0.0015142485
0.2959975376087894,-2.3722649e-5,0.0015136955
0.296040683666714,-0.0010156035,0.0015138282
0.29617180343395694,-0.00013959408,0.001515143
0.29617631676053224,-0.00052040815,0.001513029
0.2961865889268069,0.0018002987,0.0015163637
0.296293973260585,0.00017988682,0.0015125589
0.29639396204007157,0.00014591217,0.0015114985
0.29640501899180416,0.00028014183,0.0015166585
0.29647559065424295,0.00018453598,0.001509954
0.2964973586836266,0.0011905432,0.0015171701
0.29653060044505153,0.0014413595,0.0015185027
0.29660427129320616,0.00077080727,0.0015139173
0.2966602305499961,-0.0005028248,0.0015144864
0.2967782362467148,-0.0003759265,0.0015163401
0.29678484379712317,0.00073075294,0.0015131726
0.29680215148155126,-0.000236094,0.001514099
0.29692570282810643,0.00028192997,0.0015134608
0.2969462600685285,0.0012573004,0.0015137811
0.2970034177935767,4.005432e-5,0.0015130118
0.2970316147193928,0.0014574528,0.0015109031
0.29711942148428283,-0.00019800663,0.0015107724
0.29720894178177426,-0.00044327974,0.0015161973
0.29727748342229404,0.0015052557,0.001517764
0.29736739777101373,0.0028830767,0.0015189623
0.2973957529963613,-0.0017485023,0.001513572
0.2974259613629894,-0.00048458576,0.0015132878
0.29755548427186834,0.0011154413,0.0015163042
0.2975636078408322,-0.001939714,0.0015122063
0.29759965178828157,-0.0007507801,0.001517664
0.2976672667848881,0.00010693073,0.0015134494
0.2977612220926281,-0.0018732548,0.0015091741
0.2978115443620226,-0.0012290478,0.0015190894
0.2978922693422956,0.0024442673,0.0015170986
0.29795389584723475,5.030632e-5,0.0015155487
0.2980045653546396,0.00012421608,0.0015137616
0.2980476851680238,0.00026845932,0.0015110729
0.2981788183944941,0.0012923479,0.0015124916
0.29818330682205746,-0.0018514991,0.0015107531
0.29819364628118294,0.00223732,0.0015168565
0.2983009512080827,-0.001336813,0.0015108036
0.298400927203242,0.00096952915,0.0015102165
0.29841206356053857,0.00013053417,0.0015153533
0.2984825443776287,-0.000351727,0.0015079039
0.2985043803727917,0.0017288923,0.0015162608
0.2985376786605399,-0.002281785,0.0015173331
0.2986113030766275,-0.00051921606,0.0015135284
0.29866723743539114,-0.0015125275,0.0015114199
0.29878529898386175,-0.0010889769,0.0015158878
0.2987918627945742,0.00031244755,0.0015141721
0.29880914490771904,7.1167946e-5,0.0015104729
0.2989326841428753,0.0012208223,0.0015139078
0.29895326695392355,0.0020153522,0.0015147721
0.29901046707281065,-0.0022372007,0.0015151629
0.2990385845930628,0.0017930269,0.0015122843
0.29912637857263974,-0.0035749674,0.0015092121
0.299215977602438,0.0016132593,0.0015146727
0.2992844943459173,-0.00044614077,0.0015163678
0.29937446589323163,-0.002686143,0.0015181368
0.29940277670496906,0.0022791624,0.0015150235
0.2994329588277139,0.0023360252,0.0015150285
0.29956246962420835,4.529953e-5,0.0015121854
0.2995706180895555,-7.4505806e-6,0.0015124369
0.29960670443347237,-0.00099653,0.001516782
0.2996742406974434,-0.0013922453,0.0015122645
0.2997681838921417,-0.00022166967,0.0015083911
0.29981858489450025,0.00033569336,0.0015137449
0.2998992856483612,-0.0008570552,0.001515044
0.2999609686799522,-5.1259995e-5,0.0015182118
0.3000115931001613,-0.002305746,0.001514324
0.3000546873432479,-0.0012165308,0.001514649
0.3001858333547027,-0.00055128336,0.0015128059
0.3001902962106542,-0.0008074045,0.0015127528
0.30020070430717316,6.330013e-5,0.0015175674
0.3003079284852806,-0.00097340345,0.0015140456
0.3004078930380266,0.00067973137,0.0015097654
0.3004191081292729,0.00091195107,0.0015156667
0.3005114020619568,-0.00050097704,0.0015164397
0.3005447568760282,0.00053966045,0.0015177157
0.30061833553264866,0.00012254715,0.0015148849
0.30067424364851486,-0.0003219843,0.0015138576
0.30079236172166585,-0.00024938583,0.0015161019
0.3007988824649538,-0.0010567307,0.0015138137
0.30081613833388676,-0.00079220533,0.0015144327
0.30093966612925843,0.00044679642,0.0015112639
0.30096027316507584,0.0007151365,0.0015135922
0.3010175156804304,-0.0006452203,0.0015145403
0.3010455544670614,-0.0012686849,0.0015135132
0.3011333356616538,0.00076055527,0.0015124652
0.3012230134234304,-0.00024038553,0.0015149153
0.3012915052682263,-0.0012493134,0.0015162199
0.3013815333415353,-0.0002400279,0.0015185521
0.3014097997413055,0.00037109852,0.001513058
0.30143995629178133,0.001632452,0.0015140711
0.3015694549745768,-0.0021879077,0.0015099596
0.3015776290125216,0.0002605915,0.0015122386
0.3016137577502773,0.00015759468,0.0015146282
0.3016812146086844,-0.00042009354,0.0015101576
0.3017751450177411,0.0005310774,0.0015116868
0.3018256247540494,-0.00021833181,0.0015139432
0.3019063019544268,-0.0007275939,0.0015156964
0.30196804218461243,-0.0004364252,0.0015150541
0.30201862084568293,0.00041246414,0.0015147853
0.3020616888448863,0.00034415722,0.0015148952
0.30219284831491133,-0.0020610094,0.0015134031
0.3021972856005652,0.00056660175,0.001512034
0.3022077616628635,-0.0009377599,0.0015171479
0.302314906435407,1.1920929e-5,0.0015111843
0.30241485887543984,-0.0016725659,0.0015116375
0.3024261520250788,0.0008690357,0.0015169043
0.30249645115278606,0.0004081726,0.0015106654
0.3025184237524362,-0.00010728836,0.0015159871
0.30255183509184513,0.0001809597,0.0015174414
0.3026253673167271,-0.001982689,0.0015141264
0.3026812498603243,0.002493143,0.0015154656
0.30279942446045566,-0.00030565262,0.0015150268
0.30280590146273345,-0.0018638968,0.0015144213
0.3028231317613688,0.00082707405,0.0015129218
0.3029466474433702,-0.00047266483,0.001512409
0.3029672800498137,-0.0012999773,0.0015127213
0.3030245642877215,-0.0011870265,0.0015142816
0.30305252366878854,0.0016540289,0.0015103206
0.30314029342392496,0.0013686419,0.0015099369
0.3032300499173512,0.00038528442,0.001515287
0.30329851686346376,0.001458168,0.0015181239
0.3033886014621103,0.0005916357,0.0015174694
0.3034168234492561,-0.00063991547,0.0015123698
0.30344695375420583,-0.00039696693,0.0015137858
0.3035764403256025,4.529953e-5,0.0015115915
0.3035846392632164,0.0006556511,0.001513695
0.30362081106708233,-0.0005071163,0.0015148123
0.3036881878460112,0.00032174587,0.0015102155
0.30378210681659756,6.425381e-5,0.0015094287
0.3038326652838984,-0.00089365244,0.0015136424
0.303913318260821,0.0005168915,0.001516746
0.3039751156896012,-0.0017893314,0.0015203994
0.30402564859219033,0.0020046234,0.0015152215
0.3040686910191247,0.0011467934,0.0015157603
0.3041998632747913,0.0005710125,0.0015132101
0.3042042749891619,0.0013430119,0.00151318
0.30421481969148234,0.0018281937,0.0015156472
0.30432188438421903,0.00022315979,0.0015099577
0.30442182471285306,-0.0009394288,0.0015098724
0.3044331965941417,0.0028899908,0.0015165785
0.30450340487617183,0.0002603531,0.0015097983
0.30452544544160126,0.00017762184,0.0015152412
0.30455891330831925,5.030632e-5,0.0015187445
0.30463239910014844,-0.00019061565,0.0015140277
0.3046882560721337,0.00201869,0.0015167894
0.30480648652565984,-0.000885725,0.0015162396
0.30481292113409875,-0.0006914735,0.0015129762
0.3048301251875366,0.00054454803,0.0015125003
0.30495362943106763,6.508827e-5,0.0015119421
0.30497428626293743,0.00034582615,0.0015130673
0.30503161289435554,-0.00074380636,0.0015159369
0.30505949354245854,0.0016855001,0.0015091888
0.30514725051195324,-0.00034582615,0.0015100584
0.305237085738015,-0.00075280666,0.0015154378
0.305305527787087,0.0020296574,0.0015149416
0.3053956689104139,0.00017905235,0.0015181041
0.3054238471572067,0.0013793707,0.0015133764
0.30545395189218744,0.001393795,0.0015159398
0.3055834263502138,2.2411346e-5,0.0015105744
0.3055916501845396,-0.0009097457,0.0015138552
0.30562786371128736,0.00011062622,0.0015158905
0.30569516175823797,-0.0006724596,0.0015125148
0.30578906794252547,0.0010010004,0.0015099271
0.3058397051421332,-0.0007942915,0.001515468
0.3059203345668866,0.00034558773,0.0015143246
0.3059821885223187,0.0017125607,0.0015170863
0.3060326763380406,-0.0012689233,0.0015145822
0.3060756925214203,0.00041890144,0.0015120237
0.30620687823565707,-0.0006350279,0.0015124442
0.30621126437710144,0.0006901026,0.0015096575
0.306221877044544,0.0004608631,0.0015166678
0.30632886166075973,-0.00047647953,0.0015114265
0.3064287898760235,4.4107437e-5,0.0015082428
0.3064402411638618,0.00085127354,0.0015148633
0.3065103585995576,0.00011944771,0.0015106081
0.30653246780369486,-7.70092e-5,0.0015144878
0.3065659915228219,0.00082039833,0.0015175438
0.30663943088324114,0.00012588501,0.0015136738
0.3066952622842717,-0.0009601116,0.0015132612
0.3068135492634639,0.0019934177,0.0015198819
0.3068199401315498,0.00200212,0.0015122104
0.30683711861370433,-0.0020685196,0.001510485
0.3069606107438651,-0.00079256296,0.0015120239
0.3069812931483325,0.00018501282,0.0015124074
0.3070386614993466,0.0011205673,0.0015151699
0.30706646341645705,-0.0016463399,0.0015083416
0.3071542075999816,-0.0013352633,0.0015093586
0.3072441215593359,-0.00054723024,0.0015146724
0.3073125387103817,4.529953e-5,0.0015175492
0.3074027363600319,0.0006786585,0.0015177842
0.30743087086515736,0.0027368069,0.001512784
0.30746094935724055,-6.097555e-5,0.0015140824
0.30759041170255375,0.0011247396,0.0015138127
0.30759866043424866,2.3126602e-5,0.0015153524
0.3076349170290781,0.000867486,0.0015183412
0.3077021356707933,0.000993371,0.0015100054
0.3077960297417105,-0.00071048737,0.0015094245
0.30784674567461084,0.00073599815,0.0015138817
0.3079273508729522,-0.00027441978,0.0015172487
0.3079892620269789,-6.431341e-5,0.0015150124
0.3080397040835623,0.00047409534,0.0015156957
0.3080826946959872,0.0006992817,0.0015152814
0.3082138931958657,0.0008686781,0.0015145699
0.3082182537663553,0.0024288893,0.0015128442
0.30822893507217713,0.0011450052,0.0015154689
0.3083358396099004,-0.0009661317,0.0015082738
0.30843575571310816,4.6372414e-5,0.0015091123
0.3084472857325962,-0.0011837482,0.0015134504
0.3085173123229434,0.002298832,0.0015120369
0.3085394894941743,-5.8948994e-5,0.0015149278
0.30857306973798165,0.00065112114,0.001519688
0.3086464626673196,0.0013842583,0.0015151587
0.3087022691699953,0.00024533272,0.0015155174
0.308820612001268,-0.001322031,0.0015161547
0.3088269598012722,0.0011481047,0.0015128575
0.30884411271411494,0.00030243397,0.0015124029
0.30896759205797686,0.0007326603,0.0015139652
0.3089882993604705,0.00043988228,0.0015139818
0.30904571010696635,0.0020881891,0.0015145337
0.30907343329111275,4.529953e-5,0.001512754
0.3091611646893242,0.0007302761,0.0015099979
0.30925115738032827,6.4373016e-6,0.0015148794
0.3093195496330193,0.0011478662,0.0015160346
0.30940980448126404,-0.0010604858,0.0015173198
0.30943789390149373,0.0018991232,0.0015134095
0.30946794681966505,0.0009917021,0.0015142175
0.3095973970535794,-0.00042951107,0.0015111829
0.3096056713572148,7.736683e-5,0.0015139085
0.30964197034719737,0.00074374676,0.0015174937
0.30970910958072,-0.0018659234,0.001511004
0.3098029908686242,-0.0011110902,0.0015085632
0.30985378553284565,6.175041e-5,0.0015174734
0.3099343671786893,-0.0005443096,0.0015169162
0.30999633485871064,-0.00034356117,0.0015183412
0.31004673183006964,-0.0008612871,0.0015128732
0.3100896961972971,0.00034844875,0.0015135837
0.31022090815574566,0.0011475086,0.0015135856
0.3102252431562663,0.00031232834,0.0015115435
0.31023599242688177,-0.0020426512,0.0015160425
0.31034281688611254,0.00047194958,0.0015135143
0.3104427215495356,0.0013451576,0.0015120334
0.3104543296284021,0.00020503998,0.0015180428
0.310524265374715,-0.0005966425,0.0015113495
0.31054651118399657,-0.00062072277,0.001514622
0.31058014795412714,-0.000993073,0.0015178053
0.3106534944507409,-0.000895977,0.0015166166
0.3107092753818047,0.0006713867,0.0015122702
0.3108276740671293,0.00090289116,0.0015155312
0.3108339788000376,0.0013263226,0.0015149591
0.31085110614126843,-0.00042414665,0.0015121251
0.3109745740456743,0.001642704,0.0015130366
0.3109953055712942,-0.00015157461,0.0015143121
0.3110527587145861,-8.7440014e-5,0.0015144914
0.3110804031660971,0.00037443638,0.0015109035
0.311168122450281,0.0006406307,0.0015097905
0.3112581938742491,0.00052309036,0.0015165049
0.31132656122694247,0.00023365021,0.0015162497
0.3114168719295677,0.0010148287,0.0015174985
0.31144491760944437,0.00028169155,0.0015158324
0.31147494428471817,0.0014368296,0.0015114461
0.3116043824046051,-0.00052815676,0.0015118269
0.31161268160790956,-0.00090926886,0.0015118589
0.31164902299008806,0.0009980202,0.0015152843
0.3117160828203468,0.0012495518,0.001510129
0.3118099526664949,0.0021344423,0.001509428
0.3118608253910805,-3.272295e-5,0.0015148093
0.31194138348508343,-0.00021350384,0.0015139739
0.31200340836369944,7.56979e-5,0.0015171183
0.3120537589029914,-0.0008562207,0.0015144566
0.31209669837219256,0.0020010471,0.001514189
0.31222792311628284,0.0020412207,0.0015142921
0.31223223254486304,6.842613e-5,0.0015134475
0.31224305045484346,0.0026103258,0.0015162713
0.3123497948349246,0.0007020235,0.001511124
0.31244968738563456,-3.8206577e-5,0.0015076295
0.312461374197465,-0.00059998035,0.0015149729
0.3125312190981008,-0.0010874271,0.0015135047
0.31255353287349025,-0.0026623607,0.0015141058
0.31258722684254403,0.0004811287,0.001520507
0.3126605262338336,0.0008801222,0.0015151812
0.31271628159361414,-6.276369e-5,0.0015166603
0.3128409977981458,5.7816505e-5,0.0015118702
0.3128580995677647,0.0024490356,0.0015138555
0.3129815553584717,4.529953e-5,0.0015130484
0.31300231245734644,-0.0004081726,0.0015135132
0.3130598073195772,5.030632e-5,0.0015149089
0.31308737236683853,0.002175212,0.0015105725
0.3131750795383093,0.0010271072,0.0015109499
0.31326522969557,0.00032794476,0.0015142108
0.31333357215056573,0.0011905432,0.0015155275
0.31342393937787133,0.0010923147,0.0015183771
0.3134519413167378,-0.0004182458,0.0015136139
0.31348194174944266,-0.00014787912,0.0015156121
0.31361136775694504,0.0005530119,0.0015126219
0.3136196925302185,-0.00031530857,0.0015131811
0.31365607630722164,-0.000277102,0.0015170177
0.31372305673290213,0.0037956238,0.0015115046
0.31381691379275145,-0.001209557,0.0015100033
0.3138678659225724,0.00013315678,0.0015170433
0.3140104811944454,0.0010254383,0.0015192498
0.31406078664851306,-0.00048422813,0.0015143659
0.314103699873831,-0.0017530322,0.0015132698
0.31423493807649144,-0.0010301471,0.001514202
0.31423922193477405,0.0001450777,0.001513425
0.3142501078105338,6.2942505e-5,0.0015151788
0.3143567721117939,-0.00035721064,0.0015121078
0.314468418766528,-0.0010183454,0.0015138296
0.31453817282280083,0.00036597252,0.0015092723
0.3145605545616696,-0.0013608932,0.001515754
0.3145943050577038,0.0013523102,0.0015180104
0.3146675580169263,5.030632e-5,0.0015142754
0.31472328780673786,0.00062417984,0.0015138857
0.31484179954306607,-0.00024563074,0.0015189955
0.31484801746885394,0.0004439354,0.001511328
0.31486509299261817,-0.001329422,0.0015130969
0.31498853667192633,0.00066530704,0.0015116034
0.31500931867014154,0.00097584724,0.0015145323
0.3150668559262112,-0.0019273758,0.001514419
0.31509434223985133,0.00015580654,0.0015111765
0.315182036627652,0.0013705492,0.0015101543
0.31527226551656234,-0.001278758,0.0015141206
0.315340583074189,0.00014448166,0.0015152446
0.3154310075004178,0.0022456646,0.001518805
0.3154589650256742,-9.793043e-5,0.0015140113
0.31548893921351007,0.00041770935,0.0015142632
0.3156183537808992,-0.00034451485,0.001511178
0.3156267027789418,-0.0011145473,0.001514038
0.3156631296246838,0.0009481907,0.001521773
0.3157300306441432,-0.0008299947,0.0015119176
0.3158238755925936,0.0002450943,0.0015108357
0.31587490578179295,-0.00027352571,0.0015151842
0.3159554154242861,-0.00048351288,0.0015130641
0.3160175547004199,0.0017454624,0.0015179404
0.31606781439403475,0.0007709265,0.0015170188
0.316110702048398,0.00018620491,0.0015127105
0.31624195303670005,0.0009409189,0.0015119887
0.3162462113233708,0.00072944164,0.0015119951
0.31625716583718116,-0.0022762418,0.0015109844
0.3163637500615917,-0.0013225079,0.0015096383
0.3164636183862182,0.0002784729,0.0015093783
0.316475462662991,0.0007096529,0.0015145256
0.31654512654684375,0.0012680292,0.001509685
0.316567576252149,0.0011916161,0.0015171462
0.3166013832728636,-0.0014483929,0.0015162183
0.31667459047294755,-0.0004248619,0.0015143342
0.31673029401854724,4.529953e-5,0.0015160892
0.3168488616079417,-6.854534e-5,0.001514469
0.3168550364666336,-0.0004926324,0.0015142408
0.3168720864201003,0.0016260147,0.001513183
0.3169955186592952,-0.0007106066,0.0015115421
0.3170163248809652,-0.0012494326,0.0015133141
0.31707390520643086,0.00080382824,0.0015151879
0.31710131211417847,0.0010640621,0.0015130672
0.31718899371568027,0.0010237694,0.001511774
0.3172793013375547,0.00097572803,0.0015149675
0.31734759399518364,-0.0014132261,0.0015149616
0.3174380749497072,0.0004620552,0.0015167799
0.317465988061682,0.00045382977,0.0015157119
0.31749593667724885,3.361702e-5,0.0015145518
0.3176253391312677,-0.001262784,0.0015095503
0.3176337137022365,3.5762787e-5,0.0015111633
0.31767018226856025,0.0010415316,0.0015195363
0.3177370038834414,-0.00024265051,0.0015102356
0.31783083671720724,0.0014843941,0.0015092441
0.3178819463142706,2.9683113e-5,0.001514618
0.31796243173068034,-6.771088e-5,0.0015174947
0.31802462753313737,0.0019000769,0.001516062
0.3180748421395564,-0.00015300512,0.0015163502
0.3181177035497078,-7.18832e-5,0.0015140394
0.31824896799723723,-0.0009912848,0.001513501
0.31825320071196744,4.529953e-5,0.0015092175
0.31826422319155717,0.00019192696,0.0015129948
0.3183707273368181,0.0011034012,0.0015098174
0.3184705842223171,0.0010385513,0.0015120896
0.31848250723205396,0.0027284622,0.0015166928
0.3185520795966439,-0.0007351637,0.001508845
0.3185745979422998,0.001193881,0.0015157362
0.31860846148802335,-0.0024179816,0.0015167875
0.3186816222573546,-2.0742416e-5,0.0015159426
0.3187373002303567,-0.0008480549,0.0015124155
0.3188559243457457,-9.918213e-5,0.0015176234
0.3188620561370132,-0.00038278103,0.0015125109
0.31887907984758235,-0.000336051,0.0015117229
0.31900249997373553,-0.0028128624,0.0015088939
0.31902333176570313,0.00094640255,0.0015171019
0.3190809538140506,-0.001709044,0.0015159341
0.31910828198916275,-0.0010922551,0.0015110127
0.31919595147762286,0.00089097023,0.0015091435
0.319286337831147,0.0011345148,0.0015166609
0.3193546049188069,0.0016442537,0.0015169777
0.3194451423970251,-0.0018178821,0.0015156236
0.31947301176963266,0.001992464,0.0015139432
0.3195029348139162,0.00027048588,0.0015122496
0.3196323244832791,-0.0017521977,0.0015120291
0.3196407239526027,0.000890255,0.0015133652
0.3196772355856938,-0.00017505884,0.0015159274
0.319743977795011,0.0004364252,0.0015114965
0.31983779851672084,0.00019669533,0.0015091763
0.3198889861715197,-0.00028711557,0.0015163963
0.3199694480377317,0.00017118454,0.0015166766
0.32003170103812617,-0.00087833405,0.0015190331
0.32008186988639237,0.00074493885,0.0015150799
0.3201247057249319,0.0005404949,0.00151682
0.3202559822845173,0.0021663904,0.0015198251
0.32026019010056417,0.0009171963,0.0015122829
0.32027128054691895,0.00037002563,0.0015148743
0.3203777052866159,-0.0009768009,0.0015118287
0.3204775493861447,0.00038909912,0.0015090308
0.3204895518011169,0.00017952919,0.0015145454
0.32055903332134394,0.0014481544,0.0015105868
0.3205816196304792,0.0011659861,0.0015173744
0.32061553970449747,-0.0003347993,0.0015162511
0.3206886540404473,0.0018239021,0.0015164396
0.3207443064434804,0.00015616417,0.0015139347
0.32086298641062133,9.942055e-5,0.0015174664
0.32086907513544993,-0.0013487339,0.0015158053
0.3208860732724358,0.0017615557,0.0015126405
0.32100948128719015,-0.00051790476,0.0015127972
0.32103033797882685,-0.0018879771,0.0015143374
0.321088002420356,0.00014460087,0.0015156871
0.32111525118924705,-0.0012064576,0.00150757
0.3212029085666369,-0.001364708,0.0015085611
0.3212933736504964,0.0006479025,0.001515385
0.32136161584210166,4.529953e-5,0.0015144236
0.3214522105182573,0.0008254051,0.0015174062
0.3214800354775833,0.00012731552,0.0015128575
0.3215099322789693,-0.00053215027,0.0015147923
0.3216393098352905,-0.0004133582,0.0015119925
0.3216477348742545,0.00082719326,0.0015142898
0.32168428822989886,-0.00073719025,0.0015150873
0.321750951706252,-0.00026887655,0.0015116178
0.3218447596436345,0.00070261955,0.0015105127
0.32189602670301154,0.00093877316,0.0015144286
0.3219764643428116,5.6147575e-5,0.0015129972
0.3220387738698579,-0.0011008978,0.0015167402
0.32208889763191406,0.0018357038,0.0015152763
0.3221317072272275,0.00049972534,0.0015159596
0.3222629972447259,0.0010486841,0.0015142363
0.3222671794904752,-0.0006443262,0.0015105515
0.32227833857455207,5.030632e-5,0.0015150665
0.3223846825634852,0.0017437935,0.0015126518
0.3224845152235579,0.00023019314,0.0015125661
0.3224965956975799,5.865097e-5,0.0015152508
0.3225659870453869,-0.0018690228,0.0015104131
0.3225886413209586,0.001767993,0.0015172533
0.32262261791965724,-0.0017377734,0.0015189756
0.32269568582354,-0.0014983416,0.0015132551
0.3227513126552898,0.00047409534,0.0015138872
0.3228700491497397,0.00025963783,0.0015151039
0.3228760941332296,0.0004335642,0.0015125518
0.32289306669991785,-0.0004913211,0.0015103184
0.32301646327357325,-0.00078839064,0.0015101706
0.323037344191622,-0.002750039,0.0015108293
0.3230950510256757,-0.0026445985,0.0015145818
0.3231222210635742,0.0005559921,0.0015106775
0.32320986565400806,-0.00027030706,0.0015072988
0.3233004094724745,-0.0010622144,0.0015132754
0.32336862676473915,0.00038278103,0.0015146803
0.32345927796656093,0.00080287457,0.0015159433
0.32348705851293397,0.00047063828,0.0015142851
0.3235169297427081,4.529953e-5,0.0015138583
0.32364629518631616,-0.0012668371,0.0015103614
0.32365474512462067,-0.0023669004,0.0015147969
0.3236913415467038,-0.0016293526,0.0015162367
0.3237579249445645,-0.0024226904,0.0015100685
0.3238517214421624,-0.00031656027,0.0015107684
0.32390306656190354,-0.001755178,0.0015143888
0.3239834806485486,0.00012636185,0.0015136742
0.3240458473745181,-6.556511e-5,0.0015189007
0.3240959253774357,0.00025343895,0.0015155539
0.3241387087278802,-0.0007585883,0.0015125078
0.3242700122046059,-0.00043094158,0.0015153696
0.3242741688803862,-0.001495719,0.0015123254
0.3242853959289281,-0.0008532405,0.0015159327
0.3243916605116401,-0.0007818341,0.0015140651
0.32449148105965686,-0.0006812215,0.0015101397
0.32450364026664286,0.0009543896,0.0015141709
0.3245729407681155,-0.0006097555,0.0015094483
0.3245956630111094,-0.00073838234,0.001518274
0.324629696134817,0.00038039684,0.0015152858
0.32470271760794706,0.00052535534,0.0015182511
0.3247583188670992,4.529953e-5,0.001514149
0.3248771112146153,0.00069892406,0.0015150802
0.32488311380229484,-0.0005912781,0.0015108663
0.3249000594541428,-0.0009943247,0.0015122922
0.3250234445883422,0.0008183718,0.0015132036
0.3250443510766885,-0.00033199787,0.0015130965
0.3251020996329669,0.00069117546,0.0015166898
0.32512919093855847,-0.00037169456,0.001510142
0.32521682274203634,-0.00095432997,0.0015094915
0.3253074452944526,0.0006777048,0.0015154564
0.3253756383599766,-0.00018447638,0.001514493
0.32546634541519315,0.0008728504,0.0015197543
0.3254940822218703,-0.00070118904,0.001513335
0.3255239272064469,0.0011709929,0.0015117915
0.3256532805386561,0.00023949146,0.001511717
0.32566175537498687,0.0010102987,0.0015123979
0.32569839486449453,0.00042438507,0.001516332
0.32576489885580556,-0.00031405687,0.0015121772
0.3258586825677618,0.00026094913,0.0015090461
0.32591010642013835,-9.298325e-6,0.0015146415
0.32599049628234283,0.00071907043,0.0015182407
0.32605292020756416,-1.6391277e-5,0.0015174364
0.32610295312427173,-0.0014627576,0.0015151564
0.3261457109031043,-0.00073850155,0.0015124752
0.3262770271644859,0.00011110306,0.001511999
0.32628115826766857,-0.0016251802,0.0015119681
0.32629245395623263,5.030632e-5,0.0015181849
0.32639863778752365,-7.510185e-5,0.0015104315
0.3264984462221701,0.00022566319,0.0015090563
0.3265106848357058,0.00040614605,0.0015155089
0.32657989381955854,4.529953e-5,0.0015093731
0.32660268469928877,-0.00039100647,0.0015180424
0.3266367743499768,0.00085771084,0.0015173508
0.32670974939103975,0.0029019117,0.0015152033
0.32676532508022293,-0.0009446144,0.0015127441
0.3268841739524194,0.00036263466,0.0015143747
0.3268901328010602,0.00076162815,0.0015152016
0.32690705288063915,5.9843063e-5,0.0015115859
0.32703042590179676,-0.0027344227,0.0015150397
0.32705135728849793,-0.0009703636,0.0015147957
0.3271091482405866,0.0019692183,0.0015170141
0.3271361601392999,0.0017291307,0.0015147134
0.327223779831379,0.0010055304,0.0015109433
0.32731448111511635,3.7908554e-5,0.0015115695
0.3273826492822856,-0.00022214651,0.0015138378
0.3274734128644825,-5.3346157e-5,0.0015176774
0.3275011052568924,-0.0010419488,0.0015136857
0.3275309246715,-0.00058323145,0.0015116277
0.3276602658896818,-0.0018501878,0.0015119114
0.32766876629729585,0.002757907,0.0015144335
0.32770544750869957,-0.0014643073,0.0015147079
0.3277718720954324,0.0017983913,0.0015125009
0.3278656443662896,0.0006533861,0.001511296
0.3279171469516302,0.0007727146,0.0015153766
0.3279975125890656,0.0024567842,0.0015172759
0.32805999303929584,6.723404e-5,0.0015154853
0.3281099801968649,0.002474904,0.0015135796
0.32815271240539984,-0.0008292198,0.0015134667
0.32828404212568024,0.0025750399,0.0015139639
0.32828814765757963,-0.001631856,0.0015126473
0.32829951131159435,-0.0006364584,0.0015140882
0.32840561573732147,-0.0005081296,0.0015101861
0.32850541205925476,-0.001009047,0.0015114229
0.32851772873151164,0.0014573336,0.001515009
0.32858684754393,-0.002345264,0.0015083653
0.3286097063884539,0.0010205507,0.0015134024
0.32864385189220807,-0.0010240674,0.0015178542
0.3287167811741325,-0.0020683408,0.0015110786
0.3287723312920323,0.0009726286,0.0015136466
0.3288912366915378,0.0013320446,0.0015176691
0.328897151799497,-0.00040620565,0.0015143936
0.3289140463068069,0.00089001656,0.0015119697
0.32903740721459424,4.529953e-5,0.0015135121
0.3290583635012931,0.0004826784,0.0015120594
0.32911619684590626,0.0020560026,0.0015182288
0.3291431300142842,0.00090038776,0.0015119503
0.3292307369194073,-0.0003888607,0.00150763
0.32932151760870865,-0.0010092854,0.0015133892
0.3293896602059089,0.0016286373,0.0015152206
0.32948048031278615,0.00046563148,0.0015177366
0.3295081289641859,0.0006324053,0.0015134258
0.3295379221352388,-0.0027183294,0.0015125528
0.32966725124070745,0.0010868311,0.0015115587
0.3296757765466763,0.001001358,0.0015141729
0.3297125008255046,-0.00031518936,0.0015171356
0.3297788460066734,0.00035595894,0.0015114812
0.3298726054932033,0.002508998,0.0015114597
0.32992418681019364,0.0004081726,0.0015157243
0.33000452889480264,-0.00067293644,0.0015136065
0.33006706654264173,-0.0014261007,0.001518921
0.3301170079423865,-0.00046628714,0.0015137573
0.3301597145789811,0.00070011616,0.0015136179
0.3302910570855602,0.0010746717,0.0015157636
0.33029513704749064,0.00033712387,0.0015121165
0.3303065686669561,0.00057160854,0.00151539
0.3304125930135336,-0.00023138523,0.0015100786
0.3305123778963394,0.0011664629,0.0015093031
0.33052477330024604,-0.0013025403,0.0015145405
0.3305938012673158,-0.0018652678,0.0015094166
0.3306167280789333,0.00019490719,0.0015169089
0.33065093010868213,0.0017296076,0.0015164686
0.3307238129572252,-0.0001514554,0.0015137104
0.33077933750384175,0.0014492273,0.0015165445
0.3308982987564134,-0.0014575124,0.0015139553
0.3309041707972767,-0.0008401871,0.0015113244
0.33092103973297465,0.00033938885,0.0015132142
0.3310443892019631,0.0007659197,0.0015112716
0.3310653703863595,0.00065636635,0.0015124913
0.3311232454525403,0.0005213022,0.0015131176
0.3311500998879542,0.0021073818,0.0015114265
0.3313285534293724,0.00021624565,0.00151427
0.33139667112821786,-0.0010975003,0.0015143377
0.3314875484343469,-0.00046288967,0.0015146963
0.33151515267345083,-0.00060230494,0.0015131965
0.33154491959897764,-0.0016338825,0.0015129141
0.3316742365917331,0.0010775328,0.0015107323
0.33168278679638535,-0.0015370846,0.0015141568
0.33171955346938103,-0.001475811,0.0015150801
0.33178581924597167,-0.0009689927,0.0015113377
0.3318795672917312,0.0008882284,0.0015079785
0.3319312266690856,0.0014278889,0.0015156405
0.33201154452695397,-0.00027257204,0.001514301
0.33207413937470204,0.00104177,0.0015153864
0.3321240356879082,0.00096178055,0.0015156904
0.3321667160802909,-0.00032693148,0.001512241
0.33229807204544026,-0.0003092885,0.0015122502
0.332302126434773,-0.00012844801,0.0015093578
0.33231362669360354,-0.0006983876,0.001516688
0.33241957028941715,0.00033938885,0.0015125605
0.33251934305885267,-0.0013751388,0.0015084455
0.3325318171970376,0.00053334236,0.0015134765
0.33260075431810165,0.0025992393,0.0015105819
0.3326237497690841,0.0009585619,0.0015166083
0.3326580083238419,0.002116561,0.0015157926
0.3327308447403179,-0.00048559904,0.0015150574
0.33278634371565113,-0.00071817636,0.0015135404
0.33290536149421746,0.00055754185,0.001515333
0.3329111904676562,0.002175331,0.0015129171
0.3329280331604567,0.00015127659,0.0015138681
0.33305137051640343,-0.00041943789,0.0015113592
0.3330723765968546,0.003529191,0.0015160257
0.33313029405950284,0.0013113022,0.0015162224
0.33315706908869563,0.00029492378,0.0015113807
0.33324465176970675,-0.0005816221,0.001508518
0.3333355892513505,-0.0004015565,0.001513704
0.3334036820492125,0.00017511845,0.0015140614
0.33349461588363627,-0.00032109022,0.0015156472
0.3335221757091301,-0.0001949668,0.0015102336
0.3335519170637022,0.000654459,0.0015154796
0.3336812219430873,-0.0009859204,0.0015118916
0.33368979771968005,-0.00082051754,0.0015124734
0.333726606786186,-0.00039976835,0.0015137792
0.3337927931581984,0.0016754866,0.0015135597
0.3338865284173306,-0.00049477816,0.0015110989
0.3339382672015632,-0.00025999546,0.0015154583
0.33401856083367676,0.00074088573,0.0015175877
0.3340812122074195,7.390976e-6,0.0015167082
0.33413106343342985,-0.0009492636,0.0015118384
0.3341737175825865,0.00069868565,0.0015146486
0.334305087006306,-0.00018674135,0.0015116277
0.33430911582468403,0.0012141466,0.0015109382
0.33432068404797954,0.00051677227,0.0015151064
0.33442654823921497,0.0015267134,0.0015121569
0.3345263088959373,-0.0015788078,0.0015091116
0.3345388617661006,-0.0012227893,0.0015149834
0.334607708041816,-0.00018769503,0.0015104503
0.3346307714585778,0.00020241737,0.0015152023
0.3346650865390017,0.0002862215,0.0015173459
0.3347378765247249,-0.0003889799,0.0015130193
0.33479334992877485,-0.0004839301,0.0015130985
0.33491242355909306,-9.5665455e-5,0.0015155824
0.3349182094651073,0.0014511347,0.0015156493
0.3349350265866245,0.001249671,0.0015121782
0.33505835182985805,0.0017403364,0.0015116638
0.33507938280997834,2.3126602e-5,0.0015112363
0.3351373419941941,-0.001065433,0.0015137917
0.33516403896236563,-0.00013190508,0.0015118485
0.3352516088583922,-0.00090003014,0.001508503
0.33534262507201423,-0.0011885166,0.0015122961
0.33541069297283577,-0.0014019608,0.0015134704
0.3355016833319399,-8.46386e-6,0.0015167943
0.3355291994174093,0.0004504919,0.0015119592
0.33555891452776954,-0.000151515,0.0015130237
0.33568820729509874,-0.00031208992,0.0015116133
0.3356968079690605,-0.0014104247,0.0015136852
0.3357336594313768,0.001835227,0.0015162657
0.3357997670687823,0.0014566183,0.0015121757
0.33589348954424425,-0.0013169646,0.0015105942
0.3359453070591409,-0.00026202202,0.0015154103
0.33602557714039955,0.0012340546,0.0015149799
0.336088285713394,-0.0001488924,0.0015165737
0.33613809118026583,0.00037813187,0.001512755
0.3361675820473867,-0.00015252829,-6.889374e-5
0.3361807197578106,-7.3969364e-5,0.0015136459
0.3363121012935861,0.00027096272,0.0015130842
0.33631610521426647,-0.0015485883,0.0015122559
0.33632774140235555,-0.0011282563,0.0015143582
0.33643352551608424,-0.00060880184,0.001509706
0.3365332740600935,-0.0017850995,0.0015089203
0.33654590633483494,0.00037395954,0.0015153358
0.3366146617658589,0.00036239624,0.0015087897
0.33663779314642855,0.0012423992,0.0015170956
0.33667216475416145,0.00020766258,0.0015169728
0.33674490830781767,0.0017340183,0.0015150766
0.3368003561418986,0.0007225275,0.0015142888
0.33691948562429724,0.00019621849,0.0015167786
0.3369252284638727,0.00053572655,0.0015132622
0.3369420200127922,0.0016556978,0.0015111384
0.33706533314462694,-0.00024122,0.0015135132
0.3370863890231021,0.0011305809,0.0015122493
0.3371443906004995,-9.971857e-5,0.0015149585
0.33717112513240777,-0.00016605854,-6.889374e-5
0.3372473591652499,0.00063848495,0.0015393154
0.33725856594674913,0.0014125109,0.0015085894
0.33734966089202084,-0.0010263324,0.0015145579
0.3374177038964591,0.0016061068,0.0015152232
0.3375087507805722,0.00068318844,0.0015158494
0.33753622245276,0.0010851622,0.0015129498
0.3375659119915083,4.529953e-5,0.0015122226
0.33769519264612435,-0.0010502338,0.0015114602
0.3377038182177838,-0.0023306012,0.0015138318
0.33774071274818174,0.0016336441,0.0015146853
0.3378067403080805,0.0009920597,0.0015133424
0.3379004513427721,0.00084507465,0.0015081305
0.3379523469173757,-9.0420246e-5,0.0015154927
0.3380325934454794,-7.724762e-5,0.0015154902
0.33809535854512573,0.0015817881,0.0015168579
0.33814511825285903,0.0008661747,0.0015160576
0.33817466821742886,-0.00011241436,-6.889374e-5
0.33818772125912044,0.00084781647,0.0015116546
0.3383191162534661,0.00063574314,0.0015116716
0.3383230946018774,0.00017750263,0.0015123646
0.3383347994296601,0.00022697449,0.0015135239
0.33844050346489635,4.529953e-5,0.0015112318
0.3385402398961924,0.0020947456,0.0015082506
0.33855295023162657,-0.00015348196,0.0015148
0.33862161481664477,0.0013967752,0.0015105377
0.33864481483690795,-0.00023341179,0.0015146246
0.33867924296964985,-0.00085163116,0.0015167168
0.33875194009091036,0.002007842,0.0015133807
0.33880736235239367,0.0020359755,0.0015132453
0.33892654836308705,-0.0006123185,0.001515574
0.3389322474613237,-0.00061035156,0.0015130648
0.3389490134399457,-0.0006496906,0.0015112889
0.33907231445808156,-0.0015675426,0.0015118691
0.33909339590784,-0.0015948415,0.0015120325
0.33915143920614776,-0.0012881756,0.0015157319
0.33917821130244996,-7.480383e-5,-6.889374e-5
0.339254384891986,0.0007365942,0.0015409909
0.33926552303510604,0.00022912025,0.0015100443
0.3393566967133418,0.0007517338,0.0015146548
0.339424714818768,0.0008229017,0.0015163933
0.3395158182292044,0.0011308193,0.0015161703
0.3395432461607106,0.0018219948,0.0015121376
0.33957290945623286,0.0018535852,0.0015140623
0.33970217799846436,-0.0011936426,0.0015111311
0.3397108291414071,-0.00044351816,0.00151363
0.33974776539205825,-0.0005441308,0.0015136519
0.33981371422030726,-0.00013107061,0.0015102059
0.33990741246968575,0.001876831,0.0015098171
0.33995938744952475,0.0023207664,0.0015143087
0.34003960907927366,0.0010510683,0.0015137235
0.3401024313762003,0.00035572052,0.0015213412
0.3401521459983807,0.0018026829,0.0015168642
0.34018175438747106,-0.00010025501,-6.889374e-5
0.3401947227607589,-0.002737403,0.0015146687
0.34032613121334615,-0.0002990961,0.0015133139
0.34033008399047415,-0.0009071827,0.0015103929
0.34034185678535045,0.0009977818,0.001514647
0.3404474807411085,0.00036215782,0.001512837
0.34054720573360564,-0.0005415678,0.0015089363
0.3405599948006895,-6.0737133e-5,0.0015158764
0.3406285685403591,-0.0010662675,0.0015056245
0.3406518365273874,-6.920099e-5,0.0015148574
0.34068632118579534,5.030632e-5,0.0015162224
0.34075897120107457,0.0011467934,0.0015165319
0.34081436856551744,-0.0009878874,0.0015133863
0.3409336104279626,-0.0010271668,0.0015167941
0.3409392671317033,5.030632e-5,0.00151276
0.34095600686644206,-0.0009817481,0.0015117206
0.34107929644446466,0.00019741058,0.0015114311
0.3411004021196494,0.001572609,0.0015136551
0.34115848781245317,0.0013051033,0.0015156574
0.34118529747249216,-0.00010770559,-6.889374e-5
0.34126141129165066,-0.0007739067,0.0015391298
0.34127248012379147,-0.0010941029,0.0015072993
0.3413637325353199,0.0001295805,0.0015135439
0.3414317257420627,-0.00021010637,0.0015137746
0.3415228856761937,-0.00013405085,0.0015163431
0.34155026919638987,-0.00096839666,0.0015121901
0.34157990692030027,-2.3841858e-6,0.0015127105
0.3417091633508043,-0.001304388,0.0015108767
0.3417178393914447,0.0032913685,0.0015122697
0.34175481871017754,-0.0020071864,0.0015151406
0.3418206874579626,-0.0004516244,0.0015112347
0.3419143735959423,0.00075650215,0.001507785
0.3419664273080882,-0.0009963512,0.0015162686
0.34204662538599645,-0.0010058284,0.0015181255
0.34210950488151765,0.0012483597,0.0015171638
0.34215917374521665,-0.00039160252,0.0015127973
0.34218884055751325,-0.00010770559,-6.889374e-5
0.342201724935983,-0.0022587776,0.001512564
0.34233314617322613,0.0013512373,0.0015148415
0.34233707270745667,0.00090801716,0.0015135447
0.34234891413972646,-0.0014196038,0.0015133646
0.34245445801797775,0.002134204,0.0015104809
0.34255417089677603,-0.0005752444,0.0015086483
0.34256703869649535,0.0002888441,0.0015162227
0.3426355222644021,4.9948692e-5,0.0015078451
0.34265885821655245,-0.0007414222,0.0015156666
0.3426933994009551,5.030632e-5,0.0015198217
0.3427660029844959,-0.00043332577,0.0015123948
0.34282137477864116,-0.0005483031,0.0015170436
0.3429406731660953,0.0024075508,0.0015185663
0.3429462861301401,-0.0015428066,0.0015129376
0.3429629996196813,0.0010125637,0.0015108419
0.3430862777592336,-0.0009813309,0.0015123981
0.3431074083314588,-0.0013287067,0.0015124232
0.34316553641974434,0.00031733513,0.0015158862
0.34319238364253435,-0.00010764599,-6.889374e-5
0.3432684370197011,-0.0004350543,0.0015401943
0.3432794372118198,-0.0013391376,0.0015098804
0.3433707683559836,-0.0005223751,0.0015134554
0.34343873666470026,-0.0006953478,0.0015133442
0.3435299531258117,-0.0007162094,0.0015171709
0.3435572929046691,6.4730644e-5,0.0015135801
0.34358690438403905,-0.00072830915,0.0015138395
0.34371614870051564,0.0010875463,0.0015118115
0.34372484964082517,0.0013304949,0.0015128998
0.343761871354054,0.0011537075,0.0015145112
0.3438276613692036,0.00039291382,0.0015099959
0.34392133539381303,-0.00025463104,0.0015079549
0.343973467166323,0.00016129017,0.0015155573
0.3440536410188049,-0.0011850595,0.001513209
0.34411657771456367,5.030632e-5,0.0015143923
0.34416620149073834,-3.0994415e-6,0.0015135423
0.34420872643729283,0.002760172,0.0015139414
0.34434016113442045,0.00086414814,0.0015139041
0.3443440620973677,-0.0005065203,0.0015101911
0.34435597149410246,0.00026917458,0.0015160303
0.34446143596678985,0.00020229816,0.0015112322
0.344561136732875,0.0011262894,0.0015079811
0.34457408326522976,0.0007123947,0.0015156306
0.3446424753148593,-0.0024128556,0.0015059045
0.3446658792337748,0.0004297495,0.0015143492
0.34470047761545775,0.0015223026,0.0015180454
0.34477303476857435,-6.175041e-5,0.0015143834
0.3448283809891362,0.0010317564,0.0015159713
0.34494773523129946,7.6532364e-5,0.0015167627
0.3449533051279198,-0.0013088584,0.0015120875
0.3449699930468348,0.00080001354,0.0015130661
0.34509325907268823,0.00017952919,0.0015114278
0.3451144145445825,0.00014317036,0.0015145689
0.3451725850263783,0.0021117926,0.0015138427
0.34527546341936577,4.529953e-5,0.0015394477
0.34528639429919095,0.0017910004,0.0015101482
0.3453778041766474,-0.00022631884,0.001513562
0.34544574758700924,0.00037789345,0.0015167798
0.3455370205754296,5.030632e-5,0.0015157646
0.34556431593870546,0.000702858,0.001516663
0.3455939018477779,-0.0014622808,0.001510579
0.34572313405285565,0.00013017654,0.001511521
0.34573186056346267,0.00083613396,0.0015121977
0.34576892399793047,-0.0016800761,0.0015169886
0.34583463460883046,-0.00093853474,0.001510525
0.3459282965207267,-1.4603138e-5,0.0015097009
0.3459805070245578,-0.00039333105,0.0015138587
0.34606065732487057,0.0006747246,0.0015148268
0.3461236505453097,0.0011957884,0.0015168932
0.3461732285633315,-0.00021249056,0.0015124149
0.3462157279379455,0.001455903,0.0015143419
0.34634717542137194,0.0009855032,0.0015130269
0.3463510514859644,0.0013599396,0.0015112992
0.34636302952272136,0.00042521954,0.0015167819
0.3464684132426734,-6.532669e-5,0.0015099951
0.34656810189604537,0.0020662546,0.0015117791
0.3465811271610356,-0.00069731474,0.0015149602
0.3466494290395594,0.00097334385,0.0015101269
0.34667290092326847,4.529953e-5,0.0015122702
0.3467075558319318,0.0015488863,0.001519348
0.34678006655166704,0.0002001524,0.0015169336
0.3468353872012742,0.0006656647,0.0015155402
0.34695479796910356,0.0005466938,0.0015150533
0.3469603241253708,-0.0012918711,0.0015120119
0.34697698647333114,0.0014591217,0.0015143838
0.34710024038614284,-9.608269e-5,0.0015101016
0.34712142142932045,-0.0022912025,0.0015101485
0.3471796336326838,-0.0006557703,0.0015145201
0.34728248914610194,0.0021233559,0.0015386244
0.34729335138853357,-0.00072580576,0.0015102027
0.3473848399973112,5.030632e-5,0.0015142515
0.3474527585093182,-0.0021344423,0.0015145927
0.34754408802373327,0.00063049793,0.0015171944
0.3475713396479704,-0.0002732277,0.0015125276
0.347600899312831,-0.00017952919,0.0015128928
0.34773011940486703,0.0005123615,0.0015124171
0.34773887081317173,-0.00024420023,0.0015139239
0.3477759773147354,-0.0012836456,0.0015201576
0.34784160852072865,0.0010629892,0.0015126407
0.34793525764698324,-0.00033825636,0.001508022
0.34798754755670686,5.030632e-5,0.0015146837
0.34806767363093616,4.529953e-5,0.001513749
0.34813072337736994,-0.002728343,0.0015152236
0.3481802563088532,0.0018668175,0.001514668
0.34822272944024113,-0.001347065,0.0015140735
0.348354190381252,0.000105023384,0.0015125074
0.34835804087456107,4.529953e-5,0.001512517
0.34837008687709736,0.0010848045,0.0015147718
0.34847539051987125,0.001237154,0.0015128085
0.3485750677324729,-0.00030249357,0.0015091283
0.3485881717310843,0.00032043457,0.0015129879
0.3486563827642595,-0.0006392598,0.001510279
0.3486799226124336,-0.00026863813,0.0015163524
0.3487146333748202,0.00076520443,0.0015164716
0.3487870983341026,-0.0008443594,0.0015115888
0.34884239341406936,-0.00093096495,0.001513926
0.3489618600346363,-1.6093254e-6,0.0015187148
0.3489673431238076,-0.0001437068,0.0015125502
0.34898397989949886,0.000833869,0.0015135378
0.3491072216995974,0.0015699863,0.0015113765
0.3491284276401441,0.000993371,0.0015137275
0.3491866822389892,5.030632e-5,0.0015142607
0.3492895155470809,0.0011819601,0.0015375209
0.34930030847721905,-0.00012403727,0.0015093554
0.34939187649221776,0.002011776,0.0015133143
0.34945976943162715,-0.0014877319,0.0015168715
0.3495511554720369,-0.00052797794,0.0015159237
0.34957836268397824,-0.0004349351,0.0015136444
0.3496078967772269,0.0015734434,0.0015141754
0.34973710475490694,0.00011193752,0.0015097234
0.34974588106320936,-0.00046801567,0.001511372
0.3497830299586119,-0.0012983084,0.0015178937
0.3498485817593697,-7.927418e-5,0.0015092847
0.34994221944485393,-0.0014274716,0.0015082444
0.34999458741592737,-0.00061023235,0.0015142325
0.35007468926440183,-0.0026764274,0.0015130697
0.3501377968820302,0.0026979446,0.0015165613
0.3501872840547034,0.00040733814,0.0015158111
0.3502297316154652,0.0006301403,0.0015142135
0.3503612053424463,0.00043833256,0.001511839
0.35036503026414356,0.0007363558,0.001510733
0.35037714423147337,0.0010439157,0.0015159926
0.3504823684686833,0.0010875463,0.0015094148
0.35058203289662904,-0.0015609264,0.0015096042
0.35059521562689017,-0.001814127,0.0015136515
0.3506633358134025,-0.00044465065,0.001506226
0.3506869443015987,6.556511e-6,0.0015142357
0.3507217115903086,0.0018526316,0.0015180239
0.35079413011818106,0.00017249584,0.0015143264
0.3508493996271931,-0.002774477,0.0015134106
0.35096892209984043,0.0011974573,0.0015151686
0.35097436279451577,0.00053215027,0.0015119654
0.35099097332665236,-0.0025478601,0.0015123228
0.35111420301436636,0.0015399456,0.0015130937
0.35113543385293927,0.0006606579,0.0015138602
0.35119373084660893,0.0011715889,0.0015158437
0.35121979593753994,-0.00032401085,0.0015105963
0.35129654127381704,-0.00048559904,0.0015359138
0.35130726556557595,-0.0004979372,0.0015102742
0.3513989123128815,-0.0009909272,0.0015152722
0.3514667803552504,-0.00040996075,0.0015161654
0.35155822292034056,0.001390934,0.0015174735
0.35158538639225745,-0.0016425252,0.0015118212
0.35161489356738007,0.0002667904,0.0015110897
0.3517440901059326,0.0012239218,0.001513209
0.35175289131291837,0.0022480488,0.0015130391
0.35179008327673117,0.0009343624,0.0015152924
0.3518555556709393,0.0014367104,0.00151068
0.35194918057045327,-0.0020005703,0.0015070711
0.35200162727350504,6.0796738e-6,0.0015152958
0.35208170557013885,-0.001657486,0.00151525
0.3521448697147476,-0.0005939007,0.001516888
0.3521943118012108,0.00048792362,0.0015158446
0.35223673311677506,0.00012755394,0.0015137417
0.3523682196293978,-0.0006059408,0.0015138547
0.3523720196530688,0.0017203093,0.0015122028
0.35238420158584943,0.0007520914,0.0015166942
0.35248934574456686,-0.0017977357,0.0015142466
0.352588998732728,0.0011583567,0.0015108911
0.3526022601956245,0.00028777122,0.0015147603
0.35267028953810253,-0.0006441474,0.0015104782
0.35269396599076375,0.0007556677,0.0015168563
0.35272878980579697,0.00033652782,0.0015153725
0.3528011619022595,-0.00055891275,0.0015162084
0.35285640516607397,0.0007272959,0.0015174779
0.3529759848366588,-0.000112354755,0.0015147316
0.3529813817919668,0.002078414,0.001511535
0.35299796608022016,0.00046515465,0.0015135825
0.35312118432913525,-0.0012468696,0.0015126731
0.353142440066063,0.0019885302,0.0015176717
0.353200778780643,-0.000108361244,0.0015158113
0.35322676513762424,-0.00016927719,0.001509695
0.3533035676734817,8.094311e-5,0.0015361736
0.35331422265459,-0.00022381544,0.0015090643
0.3534059481328881,5.030632e-5,0.0015150649
0.3534737912775594,-0.00048577785,0.0015145957
0.35356529036995854,0.0015934706,0.001516453
0.35359240942727954,5.030632e-5,0.0015132122
0.3536218910321046,0.0009533167,0.0015137062
0.35375107545827256,0.0005120039,0.0015119159
0.3537599022342416,0.0012812614,0.0015112839
0.3537971359206077,-0.0007818341,0.0015162131
0.353862528909909,-0.0016419888,0.0015088157
0.353956141697367,0.0008852482,0.0015105713
0.35400866713173984,0.0003207922,0.0015146292
0.35408872120327595,0.00032615662,0.0015137795
0.35415194254746507,-0.00023627281,0.0015167176
0.35420133887380395,0.00023567677,0.001513009
0.35424373461939923,0.0011360645,0.0015136531
0.35437523458927783,-0.00022256374,0.0015116126
0.3543790083674227,0.0006043911,0.0015131749
0.354391258940554,0.00021874905,0.001514698
0.35449632302176476,0.0007779598,0.0015104116
0.35459596389721265,0.00039303303,0.0015092933
0.3546093040927447,0.0019803047,0.0015150572
0.3546772425898741,0.00019216537,0.0015095407
0.35470098700831465,-0.0012523532,0.0015133861
0.3547358680196424,-0.0018805265,0.0015163175
0.3548081936853522,-0.00095027685,0.0015128227
0.35486341137689764,0.0006388426,0.0015125814
0.3549830469028487,-0.0009765029,0.0015128994
0.3549884007894179,-0.000256598,0.0015112109
0.35500495950638794,-0.00084233284,0.0015111133
0.3551281656412756,-0.002091527,0.0015121053
0.3551494462778724,-0.00036418438,0.0015113822
0.35520782738629125,0.000962615,0.0015142739
0.3552337350112942,0.00019085407,0.0015116681
0.35531059340153215,0.0011886358,0.0015353735
0.35532117974261834,0.0010364056,0.001508921
0.35541298395453763,-0.0013619065,0.0015123816
0.3554808015282542,-8.845329e-5,0.0015181324
0.3555723578182622,-0.0024839044,0.0015152431
0.3555994331352301,0.00050640106,0.0015130461
0.35562888849682917,-0.0015054941,0.0015135603
0.35575806081061256,0.0022423267,0.0015136664
0.35576691248493636,0.0016438961,0.0015132602
0.35580418856448415,0.0007264614,0.0015154476
0.3558695021482215,0.001534462,0.001511024
0.35596310282395205,-0.00081789494,0.001508454
0.356015706991289,0.0009279251,0.0015155171
0.35609573750999873,4.529953e-5,0.001513158
0.3561590153785396,0.00066185,0.0015162915
0.3562083666196542,-0.00064724684,0.0015122222
0.35625073612070907,0.0013467073,0.0015145283
0.35638224955047215,5.030632e-5,0.00150978
0.3563859977573337,0.0012657642,0.0015095164
0.3563983162959158,-0.00022399426,0.0015141404
0.3565033009705768,0.0001231432,0.0015094345
0.35660292973462593,0.00035429,0.0015082516
0.3566163479885506,-0.0008159876,0.0015140628
0.3566841963119456,0.00029039383,0.0015079702
0.35670800869747976,4.529953e-5,0.0015149813
0.3567429462361165,0.00019860268,0.0015166698
0.356815224795845,0.0016306639,0.0015124908
0.3568704175896928,0.0009870529,0.001514636
0.35699010896871003,-0.0010014176,0.0015160897
0.35699541978686894,0.0015603304,0.0015109552
0.35701195293255567,4.529953e-5,0.001510951
0.35713514762897297,0.0024917126,0.0015110665
0.35715645249099615,-0.00022363663,0.0015102833
0.35721487599259666,0.00032949448,0.0015180408
0.35724070421334997,0.0012794733,0.0015095893
0.3573176198011968,0.0011299849,0.0015369243
0.3573281368309752,-0.00066256523,0.0015074158
0.3574200197761871,-0.0014541745,0.0015141703
0.3574878124512203,0.0007992983,0.0015165263
0.3575794252655801,0.0016272068,0.0015178765
0.35760645617156656,0.0019792318,0.0015115641
0.3576358859599108,0.0012557507,0.0015152834
0.3577650461616382,0.00083982944,0.001511126
0.35777392273530256,0.0002696514,0.0015129173
0.3578112418812891,0.00074470043,0.0015148808
0.35787647605979106,4.529953e-5,0.001511124
0.3579700646228085,0.00096070766,0.0015071197
0.35802274752245233,0.00093853474,0.0015162472
0.35810275314280726,-0.00015550852,0.0015137098
0.35816608821027135,-0.00031036139,0.0015173388
0.35821539369323313,0.0004786253,0.0015169677
0.3582577376220189,-0.00086581707,0.0015106085
0.3583892645103522,-0.0006007552,0.0015140431
0.3583929871472447,0.00019311905,0.0015135744
0.3584053743232203,-0.0015672445,0.0015151893
0.35851027824646037,-0.00015038252,0.0015103325
0.358609894896482,-0.0010161996,0.0015090596
0.3586233925572849,0.00087189674,0.0015113262
0.35869115003565993,0.0005477667,0.0015116717
0.3587150303856591,0.0010604858,0.0015135782
0.3587500237793335,0.0011489391,0.0015166336
0.3588222565792663,0.00015771389,0.0015152335
0.3588774238028165,0.0007033348,0.0015139924
0.3589971717068427,0.002499342,0.0015149794
0.3590024387856343,0.00012588501,0.0015161532
0.35901894635970916,2.503395e-5,0.001510481
0.3591421289437419,0.0013221502,0.0015098911
0.3591634587028055,-0.00026285648,0.0015141724
0.3592219246002164,0.0012998581,0.0015155865
0.3592476740880057,-0.0021706223,0.0015084652
0.3593246455279329,2.861023e-5,0.0015343103
0.35933509391998925,0.0008999109,0.0015089847
0.35942705492392235,0.00091814995,0.0015140562
0.3594948233728721,0.0016121864,0.0015146103
0.3595864927148695,-0.0021113753,0.0015139042
0.3596134798795172,-0.0005440712,0.0015133453
0.35964288342463535,0.00046420097,0.0015099555
0.35977203151266385,0.0017096996,0.0015113006
0.3597809329850116,-0.0008612871,0.0015105471
0.35981829452549413,0.0017763376,0.0015143758
0.35988344929908933,0.0002872944,0.0015108605
0.3599770257484079,4.529953e-5,0.0015085019
0.36002978738068714,5.030632e-5,0.0015125609
0.36010976944887285,0.0012359619,0.0015137527
0.36017316104331737,-0.0014433861,0.0015152781
0.36022242143875477,-0.0013712645,0.0015132604
0.36026473979658585,0.00028645992,0.001512515
0.3603962787973037,-0.000261724,0.0015123124
0.36039997653584144,-3.7431717e-5,0.0015095926
0.36041243167759635,0.001234889,0.0015138536
0.36051725552365826,4.529953e-5,0.001510638
0.3606168600609667,0.0022773743,0.0015097079
0.3606304364530908,0.0008445978,0.0015144023
0.36069810308710293,0.0013420582,0.0015094888
0.36072205207580993,-0.0016058683,0.0015132469
0.3607571019935076,-0.00080394745,0.0015187399
0.3608292883630162,-0.0011486411,0.0015139865
0.3608844300136402,-0.00026911497,0.0015107166
0.36100423377171825,3.683567e-5,0.0015159529
0.3610094577830854,0.0005441904,0.001513719
0.36102593911393416,0.0029485226,0.0015115375
0.3611491102558822,-0.00024563074,0.0015155023
0.36117046558754345,0.0012097359,0.0015158966
0.3612289732065218,0.00011575222,0.0015153679
0.36125464328907575,0.00044095516,0.0015091324
0.3613316719275976,0.0007494688,0.0015370552
0.3613420510080176,0.00032269955,0.0015087563
0.36143409074458616,-0.0016429424,0.0015128606
0.36150183429518107,-0.0010197759,0.0015134044
0.36159356016448746,-0.0001295209,0.0015152392
0.361620502913225,0.000718832,0.001515417
0.3616498808893599,-0.00049585104,0.001511721
0.3617790168650038,-0.0012663007,0.0015106546
0.3617879432350492,-0.00010663271,0.0015120716
0.36182534717035636,0.0016704798,0.0015144675
0.3618904232103303,-0.0016506314,0.0015065344
0.36198398687466443,-0.0009379983,0.0015079587
0.36203682723892194,-0.0013561249,0.0015198499
0.36211678508266715,0.00046145916,0.001513857
0.36218023387504905,5.030632e-5,0.0015156245
0.36222944918427646,0.00035607815,0.0015148217
0.36227174129822426,0.0004684925,0.0015144419
0.36240329375718366,-0.00028449297,0.0015113493
0.3624069659254239,-0.0019530058,0.001508335
0.3624194890323009,0.00078725815,0.0015147496
0.3625242327995418,-0.0009959936,0.0015139316
0.36262382589838,-0.001005888,0.001509465
0.362637481021168,5.030632e-5,0.0015149757
0.36270505681180304,0.0022525787,0.001509863
0.36272907309336083,4.529953e-5,0.001515066
0.36276418020866735,-0.0006518364,0.0015149949
0.36283632014643746,-0.0020143986,0.0015128527
0.3628914362264353,-0.0010859966,0.0015133792
0.3630112958352795,0.00047767162,0.001515942
0.36301647678053645,0.00035703182,0.0015130762
0.36303293253944474,-0.0011876822,0.0015111945
0.36315609157065115,0.0021981,0.0015106715
0.36317747179935284,0.00032413006,0.0015136009
0.3632360211398987,-0.0006222725,0.0015152931
0.3632616131627457,0.00046491623,0.0015090461
0.363338697655648,7.8201294e-5,0.0015352999
0.3633490080960459,0.00090909004,0.0015090359
0.3634411265655785,0.0010123253,0.0015143227
0.36350884521880433,0.0016152859,0.0015132193
0.3636006276127911,5.030632e-5,0.0015141832
0.36362752594956144,0.00056922436,0.0015132866
0.3636568783530987,0.0018521547,0.0015141007
0.36378600221602947,0.0005607605,0.001511942
0.3637949534844297,0.0012634993,0.0015148706
0.3638324004871613,-0.00017243624,0.0015150345
0.36389739644897146,0.0016826391,0.0015126518
0.36399094800059234,-0.00018048286,0.0015078632
0.36404386709715675,0.0031064749,0.0015138236
0.36412380138840417,8.7976456e-5,0.0015151121
0.3641873067067808,0.000113487244,0.001517012
0.3642364762571982,0.0004081726,0.0015132967
0.3642787428001913,-0.00028055906,0.0015150671
0.36441030871837804,-0.0005326271,0.0015132574
0.3644139546414207,0.0016986132,0.001512909
0.36442654638700556,-0.0024733543,0.0015142872
0.3645312100754254,-0.00060898066,0.0015108583
0.36463079106023605,-0.0010336041,0.0015092327
0.3646445249179596,-0.00018334389,0.0015156929
0.36471200986226027,0.0007673502,0.0015082131
0.36473609478252594,4.529953e-5,0.0015152033
0.3647712584251414,0.00032019615,0.0015151474
0.36484335192854445,0.00010728836,0.0015108624
0.36489844176663055,0.0009393692,0.0015156113
0.3650183579014694,-0.0003259182,0.0015174762
0.3650234957793018,4.220009e-5,0.0015109511
0.36503992596659823,-0.0005169511,0.001511669
0.36516307288542005,0.00019359589,0.0015114872
0.3651844780111623,0.00018882751,0.0015122095
0.36524306974620413,0.001396656,0.0015131519
0.3652685823644729,0.0008094311,0.0015100656
0.36534572338369853,0.00046551228,0.0015352392
0.36535596518538854,0.0021842718,0.0015099682
0.365448162387228,0.0016009808,0.0015152313
0.3655158561411133,-0.00021362305,0.0015141516
0.36560769506109475,-0.00023192167,0.0015163539
0.36563454965882636,-0.0012977719,0.00151386
0.36566387514423754,4.529953e-5,0.0015102163
0.3657929875657408,-0.0019444227,0.0015119482
0.3658019644070672,-0.00017338991,0.0015121053
0.36583945313038063,-0.00042408705,0.0015126707
0.36590436968826967,0.00074219704,0.0015089959
0.3659979097994488,-4.607439e-5,0.0015119063
0.3660509069567059,5.030632e-5,0.0015141261
0.36613081702154127,4.529953e-5,0.0015135397
0.366194380211441,-0.0003797412,0.0015157539
0.36624350400304845,0.0003297329,0.0015117419
0.3662857443018297,0.00210464,0.0015130712
0.36641732300631524,0.00037002563,0.0015118588
0.36642094403001735,0.0003823042,0.0015113776
0.3664336037420387,-0.0013232231,0.0015150157
0.36653818802423743,0.0010228157,0.0015119207
0.366637756896335,0.0044517517,0.0015099718
0.3666515688147512,-0.00019800663,0.0015156466
0.3667189635856461,-0.0009499192,0.0015082128
0.36674311647300534,-0.0009931922,0.0015132743
0.36677833596868703,5.030632e-5,0.0015175894
0.366850383040023,0.000313282,0.001512302
0.36690544797843994,0.00063097477,0.0015137262
0.36702542064058785,0.00035631657,0.001517643
0.3670469193937517,-0.0006004572,0.0015120741
0.36717005419887466,0.001368165,0.0015098742
0.367191484224286,-0.0018666983,0.0015096575
0.3672501183538239,0.00040018559,0.0015156084
0.3672755515655429,-0.00028395653,0.001509923
0.36735274978204885,0.00056672096,0.001533669
0.36736292227473116,-0.00017142296,0.0015098539
0.36745519820789174,5.030632e-5,0.0015143203
0.36752286639049375,0.0018692017,0.0015133261
0.36761476250874126,0.0009977818,0.0015162876
0.36764157269384845,0.00022149086,0.0015125063
0.36767087260830494,0.00074350834,0.0015129914
0.36779997224515226,0.0014648438,0.0015109932
0.36780897465677626,-0.0013482571,0.0015119825
0.36784650577557143,0.0012341738,0.0015215388
0.3679113435995107,0.00031220913,0.0015122266
0.36800487092570533,0.0010470152,0.0015079259
0.3680579468149407,-0.0020350814,0.0015151332
0.36813783265467837,4.529953e-5,0.0015135142
0.3682014530431727,0.00048398972,0.0015169105
0.3682505317492273,0.00096488,0.0015141913
0.3682927458041253,0.00097227097,0.0015133229
0.3684243379652095,-0.00040602684,0.00151261
0.3684279334186141,0.00020575523,0.0015130691
0.36844066109674334,0.0002219677,0.0015147435
0.36854516530143533,-0.00065022707,0.0015117981
0.3686447220608197,0.00085544586,0.0015074634
0.36865861338348554,-0.001027286,0.0015146899
0.36872591663741766,0.0024930239,0.0015085866
0.36875013748924196,-0.00033187866,0.001515577
0.3687854141838468,0.0005675554,0.0015156572
0.3688574148237729,0.0009849072,0.0015163007
0.3689124541902494,0.0002592802,0.0015154578
0.3690324827041491,-0.0004759431,0.0015159879
0.36903753377420395,0.00040137768,0.001512802
0.3690539121463338,-0.0002847314,0.0015098938
0.3691770355123293,-0.000785172,0.0015096654
0.3691984904360954,-0.00020641088,0.0015113942
0.36925716696111505,5.030632e-5,0.0015151376
0.3692825214392129,-0.002376318,0.0015097914
0.36935977550878496,0.0015397072,0.0015336818
0.36936987936275945,-0.00018125772,0.0015081698
0.36946223402789835,-0.00029075146,0.0015142848
0.3695298773141171,0.0009821653,0.0015148004
0.36962182995770204,-0.00026124716,0.0015158209
0.3696485957288706,5.030632e-5,0.0015152594
0.36967787007270086,-1.937151e-5,0.0015149289
0.36980695759749227,0.00017440319,0.0015098215
0.3698159849061567,-0.000104248524,0.001514242
0.3698535590930336,-0.00080668926,0.0015174117
0.3699183168381518,-0.0024397373,0.0015132751
0.37001183205163324,-0.0008684993,0.0015100529
0.3700649866731755,-0.0017665625,0.0015148165
0.3701448489604154,-0.00028443336,0.0015123065
0.3702085258762188,0.0011059046,0.0015164706
0.370257558822149,-0.0008149147,0.0015126257
0.37029974730674947,-0.00052922964,0.0015129219
0.37043135225216106,-0.00033819675,0.0015145155
0.37043492213428225,-0.0006662011,0.0015101978
0.37044771845013363,-0.00012218952,0.0015134105
0.37055214257863317,4.518032e-5,0.0015104244
0.37065168722530445,0.0018161535,0.0015086512
0.3706656572792914,-6.967783e-5,0.0015123636
0.37073287036080343,-0.0010661483,0.0015076767
0.370757159178407,-1.758337e-5,0.0015131504
0.37079249239769224,0.0009961128,0.0015157157
0.37086444660719414,0.00032544136,0.0015123494
0.37091946040205875,4.529953e-5,0.0015106989
0.37103954476935325,-0.00035881996,0.0015166622
0.371044552771655,-0.0010576844,0.0015127438
0.3710609055725016,0.0013847351,0.0015129505
0.3711840168257839,0.0007690191,0.0015084423
0.3712054966479048,0.00010704994,0.0015136633
0.3712642148935062,0.0008560419,0.0015152268
0.3712894906406115,-0.00045371056,0.0015103912
0.37136680190976395,-0.00082206726,0.0015334658
0.3713768364498021,4.529953e-5,0.0015083174
0.37146926984987644,0.0011832714,0.0015167987
0.3715368882370832,0.00165236,0.0015132355
0.37162889740731997,0.0013302565,0.0015164976
0.3716556194368212,0.0009871721,0.0015111885
0.3716848675364397,-0.00042200089,0.0015122344
0.3718139429485179,-0.0009342432,0.0015122042
0.3718229951565229,-0.00021785498,0.0015120396
0.3718606117372386,0.0011203289,0.0015140868
0.37192529007745,4.529953e-5,0.0015099397
0.3720187931775612,0.00068461895,0.0015080443
0.3720720265314103,5.030632e-5,0.0015173424
0.37215186459388105,0.001430273,0.0015108499
0.37221559870795046,0.00048029423,0.0015166051
0.37226458656799927,0.00034332275,0.0015134836
0.372306748806745,-0.0010843873,0.0015132026
0.3724383672133554,-0.0004556775,0.001513273
0.37244191152419326,0.00033640862,0.0015103105
0.372454775805824,-0.00028443336,0.001514519
0.37255911985320245,0.0014822483,0.0015104748
0.3726586530614034,-0.0011267662,0.0015099182
0.3726727011754259,0.0010313988,0.0015124326
0.3727398240841892,-0.0010716915,0.0015086224
0.37276418019464364,0.0010924339,0.0015174574
0.3727995706131806,0.00048673153,0.00151401
0.37287147839061546,0.0004336834,0.0015127911
0.372926465942254,-0.00058597326,0.0015124292
0.37304660683521457,0.0011223555,0.0015192814
0.3730515717691061,0.00035119057,0.0015104179
0.37306789899998366,0.00011086464,0.0015124228
0.3731909981405528,0.0022888184,0.0015114052
0.37321250286102853,0.0003633499,0.0015137097
0.3732712634998116,-0.0008457899,0.001513205
0.3732964605146101,0.0013254881,0.0015112022
0.37337382763650007,-0.0013505816,0.0015316011
0.3733837928658876,0.0026134253,0.0015086997
0.3734763056711974,-0.00094515085,0.0015121999
0.3735438991597207,4.529953e-5,0.0015148767
0.373635964182038,0.00096452236,0.0015168538
0.3736626424731576,-0.0014163852,0.0015115472
0.37369186500050705,-0.0006201863,0.0015121342
0.3738209283005293,0.002274394,0.0015106556
0.37383000540623196,0.001157999,0.0015121849
0.37386766438144364,0.0015621185,0.0015142845
0.37393226398869106,0.0001733303,0.001512706
0.37402575430381774,4.529953e-5,0.001507632
0.37407906638997374,0.00077211857,0.001512851
0.37415888089994664,0.0037572384,0.001514319
0.3742226715396822,-0.0023155808,0.0015157685
0.37427161364124956,-0.002348721,0.0015117343
0.37431375030838343,0.00024008751,0.001510202
0.37444538217323536,-0.0011277795,0.0015107148
0.37444890091279,0.00089263916,0.0015117475
0.3744618331611857,-0.00042068958,0.0015146722
0.3745660971304003,0.000108003616,0.0015111418
0.3746656182245738,-0.0005467534,0.0015082841
0.37467974574514595,0.0016220808,0.001516959
0.3747467771359608,0.0009095669,0.0015070925
0.37477120188512303,0.0013296604,0.0015143763
0.37480664815639764,-0.0014081001,0.0015145878
0.37487850950077967,-0.00022113323,0.0015136922
0.3749334721540634,0.0011446476,0.0015159398
0.375053669574333,-0.00049859285,0.0015154844
0.37505859076787146,0.00065910816,0.0015096507
0.37507489175388004,0.0003787279,0.0015123517
0.3751979794540074,-0.0004925728,0.001509922
0.3752195090728379,-0.00066304207,0.0015124581
0.37527831210743134,0.00081920624,0.0015136382
0.3753034297156801,0.00080800056,0.0015090433
0.3753808540361647,0.0007776022,0.0015356488
0.3753907499552302,0.00026202202,0.001509198
0.3754833414921897,0.00014305115,0.0015137256
0.3755509094081154,-0.00030350685,0.0015145493
0.37564303163034163,0.00042176247,0.0015175425
0.3756696655081797,0.001954794,0.001513124
0.3756988617923031,-0.00023519993,0.0015128668
0.37582791365188356,4.529953e-5,0.001513097
0.3758370156556124,0.00038313866,0.0015122705
0.3758747170253201,-0.00097471476,0.001513824
0.37593923722700356,-0.00059092045,0.0015078171
0.37603271542974565,-0.0007432103,0.0015069197
0.37608610624919425,-0.00046092272,0.0015139063
0.37616589653374094,-0.00014960766,0.0015137561
0.3762297443714139,-0.00052696466,0.001518423
0.3762786413870998,0.0014747381,0.0015141816
0.3763207524836075,-0.001222074,0.001513849
0.3764523964601869,0.00028789043,0.0015132407
0.37645588962944393,0.0018687248,0.0015077032
0.37646889051589033,0.0016009808,0.0015158734
0.3765730750805267,0.0007305145,0.0015116191
0.3766725833890585,0.0017683506,0.0015098238
0.3766867896409518,9.274483e-5,0.0015143092
0.37675373085934655,0.0013641119,0.0015090186
0.3767782235749453,-0.0015693307,0.0015137591
0.3768137263715574,0.0027580261,0.001518793
0.3768855412848581,0.00016057491,0.0015133718
0.3769404783658728,0.0006765127,0.001513213
0.37706073163920856,0.00074124336,0.0015161233
0.3770656097653225,6.1273575e-5,0.0015109443
0.3770818851800478,0.0003193617,0.0015092576
0.377204960767462,-0.00023943186,0.0015124282
0.37722651528464735,0.00074613094,0.0015133448
0.37728536004080826,-0.0011286736,0.0015140037
0.37731039891707874,-0.0013855696,0.0015106902
0.37738787976421523,-0.0006915331,0.0015325345
0.3773977070422728,-0.0011615157,0.0015073875
0.377490377313182,0.00088739395,0.0015116481
0.37755792033173874,0.0009198189,0.0015113226
0.377650099079631,5.030632e-5,0.0015154246
0.37767668921613035,-0.001210928,0.0015106333
0.3777058592560419,-0.00073325634,0.0015124875
0.3778348983299807,-0.0022531748,0.0015103081
0.3778440259059786,7.224083e-5,0.0015133176
0.37788177034278225,-0.00042259693,0.0015140658
0.3779462104666304,0.00036668777,0.0015086832
0.3780396765556736,0.0012345314,0.0015089943
0.3780931467803576,0.0022679567,0.0015167776
0.37817291216786375,-1.0788441e-5,0.0015151955
0.3782368172034742,0.00041556358,0.0015158933
0.37828566846002154,0.0007059574,0.0015119554
0.37832775398491736,-0.00023341179,0.0015121924
0.3784594114200669,-0.0009796619,0.0015119417
0.37846287901902637,-5.90086e-6,0.0015084922
0.37847594787026634,0.00090384483,0.0015155767
0.37858005235641023,-0.00035393238,0.0015110206
0.3786795492251574,0.0013306141,0.0015122792
0.37869383353610053,0.00062191486,0.0015179524
0.37876068391078954,0.0011410713,0.0015087881
0.3787852445905247,0.00085890293,0.0015129576
0.37882080458704576,-4.6610832e-5,0.0015155027
0.3788925730682794,-0.0013968945,0.0015135738
0.37894748390606803,0.00030875206,0.0015150898
0.37906779370342697,-0.001185894,0.0015163707
0.3790726287627736,-0.00018680096,0.0015139147
0.3790888779336156,0.000649333,0.0015109933
0.3792119420822309,-0.00036418438,0.001510609
0.3792335214964567,5.030632e-5,0.0015145986
0.37929240864711367,5.030632e-5,0.0015138194
0.37931736879107725,0.003370285,0.0015120881
0.37939490616519417,0.0011548996,0.0015348706
0.3794046641312869,-0.0011760592,0.0015096957
0.37949741313384583,0.0025736094,0.0015146172
0.37956493125470486,-0.00022983551,0.0015147468
0.3796571665289204,-0.0005725026,0.001519358
0.3796837122524668,-0.0027605891,0.0015106506
0.3797128567201093,4.529953e-5,0.0015127468
0.37984188368199207,0.0021446943,0.0015098569
0.3798510361556876,0.00092184544,0.0015132263
0.3798888229869873,0.0009862185,0.0015145271
0.37995318437918574,0.00018036366,0.0015095581
0.38004663835485863,-0.00072932243,0.0015088323
0.3801001866385924,0.00065398216,0.0015131764
0.38017992847261506,-0.00095939636,0.0015127962
0.38024389003619163,0.0010885,0.0015178872
0.38029269620554323,-0.0007546544,0.0015131029
0.3803347554865558,-0.0014861226,0.001512059
0.3804664257083327,0.00032496452,0.0015119942
0.3804698684069659,-0.00056016445,0.0015134873
0.38048300522464235,-0.00015997887,0.0015141113
0.38058702963327956,0.00072717667,0.0015103745
0.38068651438832785,0.001065731,0.001506881
0.3807008781061492,-0.00061923265,0.0015140433
0.3807676376351611,0.0013735294,0.001508405
0.3807922662810041,-0.0023759007,0.0015125106
0.3808278821296056,-2.8669834e-5,0.0015170983
0.3808996041771293,0.0009765625,0.001514476
0.3809544901178774,0.0011931658,0.0015140786
0.3810748557689597,-0.00026720762,0.0015149784
0.38107964776153896,0.0002872944,0.001510691
0.3810958713607691,0.0013387203,0.0015121364
0.3812189233956855,0.00021195412,0.0015112052
0.38124052770826616,0.0016592741,0.0015125178
0.3812994572534191,-0.0015320778,0.0015134864
0.3813243379921473,-0.0011176467,0.0015093599
0.38140193189193033,0.0003348589,0.001530303
0.3814116212206295,-8.821487e-6,0.0015095058
0.3815044482825668,7.593632e-5,0.0015140173
0.38157194217635665,-0.0023837686,0.0015130499
0.38166423397722404,0.00014293194,0.0015132931
0.38169073528748887,0.0010735989,0.0015128963
0.3817198535119053,0.00026655197,0.0015110297
0.3818488690333463,0.0016106367,0.0015108751
0.3818580464050681,0.0009549856,0.001514241
0.38189587562987803,0.0029459,0.0015154075
0.38196015761749824,0.0013777018,0.0015117227
0.38205359948045803,0.0028600693,0.0015105873
0.38210722649814155,0.00061511993,0.0015141378
0.38218694410575216,-0.0017252564,0.0015131193
0.3822509621949948,0.0040591955,0.001517636
0.3822997232781364,-0.00071531534,0.0015132424
0.3823417569881942,-7.855892e-5,0.0015119257
0.38247344066952704,-0.0009441376,0.0015111992
0.38247685712263413,-0.00030380487,0.0015113078
0.3824900625800041,0.0015301704,0.0015155303
0.3825940069094917,0.0006226301,0.0015085174
0.3826934795528126,-0.00046747923,0.0015091905
0.3827079220026123,-0.0002425909,0.0015108525
0.38277459068496117,0.0013531446,0.001510874
0.38279928729789786,0.0009213686,0.0015147119
0.38283496034345105,9.906292e-5,0.0015197258
0.38290663596153635,-0.001689434,0.0015140661
0.38296149632968685,0.00014317036,0.0015120049
0.3830819178351496,-0.0008061528,0.001514705
0.38308666675899,-0.0005940199,0.0015125743
0.3831028647869369,0.00026917458,0.0015081424
0.38322590470914014,-7.939339e-5,0.0015108542
0.3832475339213899,0.0001733303,0.0015109262
0.3833065051871246,0.00039088726,0.0015162446
0.38333130786647446,-0.0012984872,0.0015091563
0.38340895761768073,0.0017867088,0.0015307295
0.3834185783086578,0.0013500452,0.0015112351
0.3835114841035591,0.00074338913,0.0015136367
0.3835789524257371,-0.00014805794,0.0015155503
0.383671300751942,0.00016140938,0.0015157937
0.3836977589954395,0.0009176731,0.0015129145
0.38372685097564413,0.0014488697,0.001514494
0.383855854384372,9.250641e-5,0.0015143292
0.38386505665444853,-0.0014058352,0.0015121999
0.38390292827506883,0.0008254051,0.0015172943
0.383967130854825,0.00029933453,0.0015090496
0.38406056060638594,0.001026392,0.0015089536
0.38411426635637635,-0.0015975833,0.0015134637
0.3841939597392178,-0.00042903423,0.0015132009
0.38425803502672656,-0.00031077862,0.0015164586
0.3843067510246438,-0.0008286238,0.0015123971
0.38434875849016126,0.0015887022,0.0015124892
0.38448045495516425,5.030632e-5,0.0015122104
0.38448384651254514,0.00068342686,0.0015127601
0.38449711993470875,0.002947569,0.0015122269
0.38460098418537525,-0.00018632412,0.0015104741
0.38470044538891146,0.00020599365,0.0015083071
0.3847149658987467,0.000844717,0.0015167667
0.38478154440834694,4.529953e-5,0.0015090026
0.3848063089864058,-0.0008137822,0.0015120138
0.38484203855992516,-0.0018538237,0.0015145736
0.3849136677459434,0.0017002821,0.0015139743
0.3849685018698821,-0.0022423863,0.0015119927
0.3850889798993681,-0.0013791919,0.0015158089
0.3850936857564411,1.0251999e-5,0.0015113293
0.38510985753951893,-0.00028431416,0.0015109368
0.38523288602390904,-0.001650095,0.0015108974
0.38525454013319926,0.0020930767,0.0015124758
0.38531355379441573,0.0014035702,0.001515558
0.3853382770672159,0.0023976564,0.001510497
0.3854159840183311,-0.00051802397,0.0015304046
0.38542553472474333,-0.0013965964,0.0015086241
0.3855185199229086,0.0021733046,0.0015137104
0.3855859633493604,-0.00064986944,0.0015142253
0.38567836820024565,-0.0004208088,0.0015139965
0.38570478203177594,-5.0485134e-5,0.0015114453
0.3857338484397115,0.00052011013,0.0015135744
0.3858628390624691,-0.0011092424,0.0015111765
0.38587206690382897,-0.00043272972,0.0015122134
0.385909980919931,-8.6307526e-5,0.0015147635
0.38597410476705174,-0.0014759302,0.0015098029
0.38606752173297104,3.516674e-5,0.0015078224
0.38612130621461116,5.030632e-5,0.0015128806
0.3862009760452834,0.001572609,0.0015144966
0.3862651078587868,0.001999259,0.0015157547
0.3863137780975655,-0.0013827682,0.0015139653
0.38635575999278543,-0.00032168627,0.0015101252
0.3864874699153728,-0.0005912781,0.001514356
0.3864908359011418,0.00015079975,0.0015080064
0.3865041772877704,0.00049209595,0.0015170441
0.3866079614612588,-0.0006059408,0.0015135031
0.3867074105520819,-0.00041425228,0.0015101818
0.38672200979488114,0.0006182194,0.001513112
0.3867884974601185,-0.00083625317,0.001508013
0.3868133300026424,-0.0020762086,0.0015147482
0.3868491161034707,0.0009471178,0.0015167217
0.38692069885479324,0.0026199818,0.0015147285
0.38697550808169145,-2.2172928e-5,0.0015120864
0.38709604196424363,3.4332275e-5,0.0015154477
0.38710070475389213,0.00024533272,0.0015117737
0.38711685096700105,4.529953e-5,0.0015114063
0.38723986666443516,0.0009725094,0.0015092824
0.3872615463450087,0.002391696,0.0015137948
0.3873206024007212,0.0015659332,0.001515673
0.3873452462682859,0.0022455454,0.0015108748
0.38742300974638155,0.00086414814,0.0015328121
0.38743249181310024,-0.001920402,0.0015089574
0.3875255557448867,-0.0016160607,0.0015125345
0.3875929742726551,0.0008172989,0.001513316
0.38768543564986363,0.0012147427,0.0015163248
0.38771180506679803,0.00065660477,0.0015132704
0.387740845904436,-0.00022637844,0.0015125799
0.3878698244144805,0.0011386871,0.0015119803
0.38787907715452374,5.030632e-5,0.0015118421
0.3879170335641361,-6.651878e-5,0.0015155459
0.3879810780066786,0.00066161156,0.0015082763
0.3880744828598847,-0.0017973781,0.0015086185
0.38812834607317453,-1.2516975e-5,0.0015139591
0.3882079916784205,0.000813365,0.0015112403
0.3882721806908471,-0.00026541948,0.0015154503
0.3883208058430872,0.0014641285,0.0015166278
0.3883627614934381,0.003216505,0.0015148931
0.38849448420331006,0.002375126,0.0015132434
0.38849782461681004,0.0012409687,0.001510944
0.38851123464346077,-0.0017982125,0.0015138934
0.38861493873714237,4.529953e-5,0.0015090724
0.38871437571623807,4.529953e-5,0.0015092639
0.3887290543636155,-0.00061386824,0.0015142893
0.3887954511835043,-0.0009441972,0.0015097142
0.3888203516931218,-0.00071287155,0.0015140246
0.3888561943186305,-0.0018357038,0.0015153189
0.388927730637886,-0.00050258636,0.0015143278
0.38898251362057235,-0.00035476685,0.0015136674
0.38910310402911924,0.001115799,0.0015164578
0.3891077237516718,0.0028686523,0.0015128274
0.3891238437208974,0.00082063675,0.0015109831
0.3892468479778898,-8.1539154e-5,0.0015084078
0.3892685525581324,-0.00012397766,0.0015140304
0.3893276503344267,-0.0021868944,0.0015119532
0.38935221547001314,-0.0006092787,0.0015117205
0.3894300354718034,6.484985e-5,0.0015310992
0.3894394489011285,0.000928998,0.0015109695
0.3895325915665362,5.030632e-5,0.0015113405
0.3895999845223641,0.0021438599,0.0015139045
0.3896925024252388,0.00043559074,0.0015140187
0.3897188281018201,0.0010813475,0.0015138913
0.3897478426952463,-0.00070780516,0.0015132802
0.3898768097664919,0.0014460087,0.0015108581
0.38988608740390424,-0.00019437075,0.0015108144
0.38992408688094105,0.0018180609,0.0015157477
0.3899880512440054,0.0010402203,0.0015097564
0.3900814439854841,0.0020910501,0.0015082659
0.39013538593173797,0.0009537935,0.0015145558
0.39021500731188624,-0.0013905168,0.0015143405
0.390279253523236,0.0003658533,0.0015141609
0.39032783291666606,0.0009429455,0.0015136388
0.3903697629954051,0.0010480881,0.0015124973
0.3905014991631901,0.00058317184,0.0015123369
0.3905048140063925,0.00012743473,0.0015097519
0.3905182919991511,5.030632e-5,0.00151415
0.3906219160143402,-0.00033837557,0.0015105327
0.39072134087973703,-0.0011227131,0.0015082665
0.39073609826007855,0.0006788969,0.0015149257
0.39080240423396156,0.00065100193,0.0015089868
0.39082737270935836,0.0023138523,0.0015143377
0.3908632718608618,0.0010385513,0.0015170136
0.390934762422293,0.0014510155,0.0015161686
0.39098951983369606,0.00014615059,0.0015119042
0.39111016609498056,-0.0004349947,0.0015182634
0.3911147427501086,-0.0009937286,0.0015090961
0.3911308371473938,-0.001283884,0.0015104122
0.3912538292923301,-0.00055909157,0.0015139653
0.3912755587699418,0.0010704994,0.0015138929
0.39133469894106065,-0.0002629757,0.0015157835
0.3913591853449974,-0.0021800995,0.0015100314
0.3914370618717966,4.529953e-5,0.0015298236
0.3914464059901426,0.0012637377,0.0015078743
0.3915396267146,-0.0018328428,0.0015144934
0.3916069954446731,0.00047910213,0.0015135048
0.39169956987354243,5.030632e-5,0.0015145785
0.3917258511368423,0.0005275011,0.0015159283
0.3917548401593137,-0.002280414,0.0015120792
0.3918837951168604,0.0015553236,0.001509394
0.39189309765328467,-9.10759e-5,0.001517056
0.3919311395235032,-0.0005799532,0.0015148704
0.3919950244833036,0.00051009655,0.0015118743
0.39208840511108345,0.0004913807,0.0015076675
0.3921424251177014,0.0005581379,0.001512499
0.39222202294600905,0.0011253357,0.0015131957
0.39228632635529626,0.0010895729,0.0015199268
0.3923348606625163,0.0008813143,0.0015138143
0.3923767644980293,-0.00017732382,0.0015133341
0.3925085134501416,-0.00013911724,0.0015125566
0.3925118027230464,-0.00014382601,0.0015098404
0.3925253493535272,-6.0260296e-5,0.0015119159
0.39262889329022377,0.001342535,0.001510924
0.392728306715836,-0.0011783242,0.0015081315
0.392743142156213,-0.00043702126,0.001514058
0.39280935728540456,4.529953e-5,0.001507008
0.39283439439852347,-2.69413e-5,0.0015129086
0.39287035007602156,0.00037777424,0.0015155298
0.3929417935337715,9.6678734e-5,0.0015123698
0.3929965260455055,-0.0006930232,0.0015119778
0.39311722883377037,0.0005354881,0.0015135107
0.39312176174755964,-0.002054572,0.0015130189
0.3931378299016187,4.529953e-5,0.0015106744
0.3932608106061133,0.0008496046,0.0015112683
0.39328256498175124,-0.00058960915,0.0015137685
0.39334174687443757,0.0005130768,0.0015139136
0.39336615454573887,0.00052690506,0.0015078196
0.3934440875995185,0.0008403063,0.0015331182
0.393453362405571,0.0010870695,0.0015071743
0.39354666253526377,-0.0023372173,0.0015113244
0.3936140056950393,4.053116e-6,0.0015134598
0.3937066373218461,0.0009100437,0.0015146914
0.39373287484479286,0.00014674664,0.0015110308
0.3937618376233811,0.00027692318,0.0015114823
0.3938907797959433,0.0007914305,0.0015089082
0.39390010790397945,0.0015974045,0.00151262
0.39393819216869397,0.0004159212,0.0015154368
0.39400199772293043,4.529953e-5,0.0015092194
0.3940953662379971,-0.0003709793,0.0015076083
0.3941494649762648,0.00012946129,0.001515466
0.3942290385788176,-0.0009948015,0.0015127469
0.3942933991860423,-0.0010620356,0.0015153215
0.3943418877351095,0.001715064,0.0015120963
0.3943837659983534,-0.00024098158,0.0015132638
0.3945155284103502,0.0026140213,0.001513558
0.3945187921116431,-0.0012328625,0.0015110592
0.3945324067079032,0.0005658865,0.0015154087
0.3946358712390359,-0.001405716,0.0015097816
0.3947352718799921,0.0027810335,0.0015101989
0.39475018605103307,3.159046e-5,0.0015140817
0.3948163110097761,0.00067174435,0.0015070447
0.39484141541476003,0.000908494,0.0015138087
0.39487742829249567,0.00052654743,0.0015147863
0.39494882531686426,0.00080907345,0.0015150548
0.3950035315843864,0.0017148256,0.0015142602
0.3951242908979888,0.0006890297,0.0015150525
0.3951287807453393,0.0013622046,0.0015108127
0.3951448233277865,0.0021545887,0.0015123854
0.3952677919195679,0.00089621544,0.0015103805
0.39528957119487496,-0.0006785393,0.0015123626
0.39534879548172874,-0.0007815957,0.0015122785
0.3953731237458232,0.0007878542,0.0015102859
0.3954511140004975,0.0011718273,0.0015283979
0.3954603194935993,-0.0016437173,0.001507083
0.3955536983559275,5.030632e-5,0.0015121542
0.3956210166176768,-0.0004618168,0.0015140746
0.395713704771464,5.030632e-5,0.0015193131
0.3957398978811293,0.00043678284,0.0015146796
0.39576883441484856,-7.05719e-5,0.0015117102
0.39589776514795466,-0.0004197955,0.0015078831
0.3959071181533599,0.00029480457,0.0015124554
0.39594524481388477,-0.0017223358,0.0015135362
0.3960089716341714,4.529953e-5,0.0015100724
0.39610232736359646,0.0010077953,0.0015084821
0.39615650483482817,0.0024411678,0.0015138494
0.39623605488389746,-0.00045090914,0.0015105748
0.3963004720190883,0.00013816357,0.0015164082
0.3963489148077026,0.0015070438,0.0015116007
0.3963907674999918,0.0012125969,0.0015149859
0.3965225426982874,-0.00019049644,0.0015130959
0.3965257815005684,-0.00090301037,0.0015107936
0.3965394640612935,0.0015351772,0.0015157284
0.3966428485162337,-0.0014390349,0.0015100257
0.3967422370434911,0.00055623055,0.001508275
0.39675722994815327,0.00016021729,0.0015133374
0.3968232640602333,4.529953e-5,0.0015145511
0.39684843643231094,-5.2332878e-5,0.0015124422
0.3968845058347269,-0.0013783574,0.0015155188
0.3969558564260427,0.00014317036,0.0015114279
0.3970105377961958,-0.001123786,0.0015142526
0.3971313529628644,0.00083887577,0.0015167361
0.39713579907084756,-0.0013293624,0.0015113946
0.39715181675428285,-0.0018513203,0.001509227
0.3972747732340082,0.0008047819,0.001511474
0.39729657740668434,-0.00029170513,0.0015113777
0.39735584341543423,5.030632e-5,0.001514236
0.3973800936201503,0.001440525,0.0015092347
0.3974581397272336,0.0006085634,0.0015286857
0.3974672765816276,0.0010285378,0.0015091379
0.3975607341779056,0.002292037,0.0015130796
0.3976280275386715,0.0010871887,0.0015132637
0.39772077154782487,-0.00021785498,0.0015137187
0.39774692091615144,-0.00068962574,0.0015138657
0.3977758318799017,-0.00020349026,0.0015126254
0.3979047504983232,4.6253204e-5,0.0015098783
0.3979141284027404,-0.00095903873,0.001512434
0.39795229745644695,-0.0002899766,0.0015144383
0.39801594487379827,-0.00011587143,0.0015094692
0.3981092884885387,0.001511097,0.0015067336
0.3981635446937202,0.0006891489,0.0015157417
0.39824307051736313,0.0015729666,0.0015126682
0.3983075441788772,-0.0004646778,0.0015111149
0.3983559425532243,-0.00259161,0.0015141134
0.39839776832903034,-0.0002874136,0.0015100214
0.39852955698655324,0.0019900799,0.0015134561
0.39853277021722233,0.0012575388,0.0015093338
0.3985465214166552,-0.00026476383,0.0015122875
0.3986498257921173,0.001719594,0.0015104809
0.3987492022066615,6.914139e-5,0.0015080097
0.3987642745178734,0.0004800558,0.0015130371
0.39883021778394767,0.0011835098,0.001508715
0.3988554581224618,0.0016624928,0.0015128993
0.39889158404988667,0.0029752254,0.001515719
0.39896288821012116,-0.0010222197,0.0015097477
0.399017543336391,4.529953e-5,0.0015112174
0.3991384150290543,0.0029644966,0.0015147367
0.39914281806829865,-1.4603138e-5,0.0015120915
0.39915880950785065,-0.0007021427,0.0015099379
0.3992817545484486,0.00091803074,0.0015100462
0.3993035836184938,-0.00048416853,0.0015115731
0.39936289202173963,0.0010836124,0.0015164504
0.3993870628222061,-0.0016141534,0.0015082458
0.39946516545396976,-0.0014556646,0.0015278661
0.39947423367097024,-0.0001321435,0.0015087521
0.39956776932564086,0.00077331066,0.0015143723
0.39963503778936627,-0.001390636,0.0015143435
0.3997278389951428,-0.00024920702,0.0015161321
0.39975394395117353,0.0005491972,0.0015128218
0.3997828286697262,0.0020787716,0.0015144186
0.3999117351764203,0.0007030964,0.0015104907
0.39992113865343515,-0.0009844899,0.0015134754
0.399959350100652,0.0008096695,0.0015136367
0.40002291811211077,-7.367134e-5,0.001507509
0.4001162496147952,-0.0008391142,0.0015078116
0.400170584551955,0.00015902519,0.0015130951
0.40025008615148594,4.529953e-5,0.0015128673
0.4003146170109375,0.0010746717,0.001516401
0.4003629696271318,0.0005874634,0.0015160145
0.4004047698316545,0.0016766787,0.0015125126
0.4005365719454475,0.0002901554,0.0015116875
0.400539759605819,0.0008996725,0.0015099647
0.40055357809941705,-0.00089895725,0.001513406
0.40065680306800083,-0.0002272129,0.0015081574
0.40075616804374614,2.0503998e-5,0.0015079565
0.4007713184140078,-0.00029873848,0.0015139944
0.4008371708353907,-0.0009666681,0.0015067256
0.4008624791377126,0.0019026995,0.0015142972
0.40089866159211796,-0.0016846061,0.0015138867
0.4009699199945282,-0.0012340546,0.0015130743
0.40102454954918615,0.0018359423,0.00151559
0.40114547709392984,-0.0009672642,0.0015149913
0.4011498370657497,0.0010724068,0.0015134182
0.4011658029340184,-0.00044226646,0.0015100479
0.4012887351889747,4.529953e-5,0.0015089348
0.40131058983030315,0.0001322031,0.0015149938
0.4013699399557737,-0.0005966425,0.0015130432
0.4013940320222904,0.00012791157,0.0015116005
0.4014721918549487,0.0018540621,0.0015307172
0.4014811900867272,0.000726223,0.0015092794
0.40157480514499033,0.0007443428,0.0015145801
0.40164204871298953,4.529953e-5,0.0015120886
0.40173490577051796,-0.0011259913,0.0015157402
0.40176096698750996,0.0007901192,0.0015125219
0.40178982613445074,0.00047147274,0.001512582
0.40191872052876026,-0.0010687709,0.0015107327
0.4019281489028156,-0.00022989511,0.0015125595
0.40196640274551415,-0.0004336238,0.0015130312
0.4020298913504233,-1.6272068e-5,0.0015083782
0.40212321074170887,-0.0001488328,0.0015067633
0.40217762441051835,-4.285574e-5,0.0015137541
0.4022571017836373,0.0006660223,0.0015113517
0.40232168984266925,5.030632e-5,0.0015171508
0.40236999737265344,8.749962e-5,0.0015131918
0.40241177133296435,-0.0010800958,0.0015112174
0.4025435862327276,5.1140785e-5,0.0015118088
0.40254674832083004,0.0003529787,0.0015081897
0.40256063545280735,0.0004143715,0.0015139594
0.40266378034519873,0.0010998249,0.0015135423
0.4027631332079023,-0.00040066242,0.0015061675
0.4027783623098137,-0.00014221668,0.0015136901
0.4028441245587765,4.529953e-5,0.0015076323
0.40286950082819206,-0.0022096038,0.0015119349
0.40290573980727773,5.030632e-5,0.0015149245
0.4029769511046924,0.0028624535,0.0015146537
0.40303155508708133,4.696846e-5,0.0015134842
0.40315253915880545,-0.0007805824,0.0015165309
0.40315685606451507,-0.00059872866,0.0015093321
0.4031727956879148,0.000510931,0.0015104145
0.40329571650177215,-0.0008419156,0.001509338
0.40331759604342693,-0.0019478798,0.0015134062
0.4033769885624077,0.0017374754,0.001513598
0.403401001223689,-0.0006327033,0.00150859
0.40347921758168487,-0.0016964674,0.0015275314
0.40348814717409837,0.0013356209,0.0015077505
0.4035818409669684,-0.00038540363,0.0015113783
0.40364905896236997,-0.002466321,0.0015121207
0.4037419732201359,-0.00010305643,0.0015144245
0.40376799002253205,-0.0013333559,0.0015104704
0.40379682359950386,0.0012837648,0.0015130248
0.4039257058804431,4.529953e-5,0.0015093015
0.403935159152196,0.001963973,0.0015111584
0.40397345539070495,0.001633048,0.0015175213
0.4040368645887358,-0.0012968779,0.0015085664
0.40413017186730826,1.0848045e-5,0.0015057587
0.4041846642690818,0.00012516975,0.0015132582
0.40426411741644586,-0.0005187988,0.0015128606
0.4043287626730866,0.00056517124,0.0015162864
0.4043770244452466,0.00034546852,0.0015109725
0.4044187728342742,-0.0008625984,0.0015096246
0.4045506011932648,5.030632e-5,0.0015109461
0.4045537377107411,-0.00040590763,0.0015114829
0.4045676928075119,0.00082325935,0.0015177062
0.4046707576210823,0.0007673502,0.0015105162
0.4047700983710727,4.529953e-5,0.0015081586
0.40478540620561954,0.0009877682,0.0015141004
0.4048510776095623,-0.00023782253,0.0015067102
0.4048765218454144,0.00067186356,0.0015127101
0.4049128173508233,0.0014498234,0.0015155228
0.40498398288778514,0.001334548,0.0015126319
0.40503856130020505,0.0011430979,0.0015118502
0.405159601223681,5.030632e-5,0.001516404
0.4051638750619661,0.00206995,0.0015160971
0.4051797884414826,0.00022792816,0.0015092369
0.4051882073541029,6.842613e-5,-6.888875e-5
0.4053026978162125,0.00047934055,0.0015108776
0.40532460225655065,0.0010014772,0.001510294
0.4053840364961132,-0.00053077936,0.0015141158
0.40540797109867327,4.529953e-5,0.0015104383
0.40548624330776384,0.00065004826,0.0015281095
0.4054951042631124,0.0013025999,0.001508755
0.40558887611601796,-0.0001425147,0.0015123264
0.4056560698853361,0.0013890266,0.0015141246
0.40574904066843953,0.00020360947,0.0015138724
0.4057750137304827,-0.0026188493,0.0015131495
0.40580382038932844,0.00139606,0.00151085
0.40593269055854025,-0.0002603531,0.001509785
0.4059421694015765,-0.00020825863,0.0015117304
0.4059805080345814,0.00024008751,0.001515856
0.4060438378270483,0.0018024445,0.0015107066
0.40613713299422194,-0.00019067526,0.0015109591
0.406191750439124,5.030632e-5,-6.888875e-5
0.4062711330502401,-0.0010591149,0.0015117516
0.4063358348332041,-0.00076824427,0.0015161809
0.4063840515191541,5.030632e-5,0.0015112741
0.40642577433689836,0.002488017,0.0015136362
0.4065576154802163,5.030632e-5,0.0015102214
0.4065607264270664,-0.004231155,0.0015072321
0.40657475016254513,-0.0017092824,0.0015117927
0.40667773489696585,-0.00021833181,0.00150856
0.40677706353424314,0.00084221363,0.0015086684
0.40679245010241116,-5.5611134e-5,0.001511643
0.40685803133393383,-0.0015246868,0.0015046577
0.40688354286197953,-0.0001912713,0.0015134561
0.40691989556598307,-0.0004646778,0.0015155947
0.40699101399794935,-1.168251e-5,0.0015113564
0.40704556684007165,-5.0008297e-5,0.0015102186
0.4071666626169424,0.00028812885,0.0015134717
0.4071708940594172,0.00020897388,0.0015114504
0.4071867818686361,-0.0010616183,0.001511195
0.4071952935241451,5.030632e-5,-6.888875e-5
0.4073096791306528,4.529953e-5,0.0015072527
0.4073316084670457,0.0010344982,0.0015129009
0.4073910851024186,0.0009689331,0.001514388
0.4074149402994148,0.0018981695,0.0015090728
0.40749326970808564,0.0014947653,0.0015275833
0.407502060679198,-0.0018538237,0.0015075426
0.40759591193668177,-0.00087308884,0.0015114748
0.40766308013504515,-0.00089401007,0.0015104739
0.4077561074438147,0.0012711287,0.0015164152
0.4077820367655048,-0.00031119585,0.0015124483
0.4078108178533958,-0.00060486794,0.0015151971
0.4079396759098945,-0.0015812516,0.0015088242
0.4079491796522713,0.00011014938,0.0015143205
0.40798756067780073,-0.0008252263,0.0015126435
0.4080508117396036,0.0017470121,0.0015102181
0.4081440941198213,0.0010447502,0.0015076606
0.40819883660916617,5.030632e-5,-6.888875e-5
0.4082781493569629,0.00034558773,0.0015128044
0.40834290766625014,-7.4744225e-5,0.0015157156
0.40839107926467577,0.00051009655,0.0015131192
0.4084327758382082,0.0009531975,0.0015104229
0.40856462976749636,-0.0015500784,0.001510675
0.4085677158159917,0.00048053265,0.0015096545
0.4085818075182355,5.030632e-5,0.001515665
0.4086847121741637,0.001011014,0.0015085825
0.4087840286987279,0.00063610077,0.0015079359
0.4087994939985456,-0.0013186932,0.0015130207
0.4088649843843911,0.00048315525,0.0015083868
0.40889056455114464,0.0009611845,0.0015143505
0.4089269731075572,-0.00017166138,0.0015133478
0.4089980457823564,-0.00016999245,0.0015129913
0.4090525730508953,-0.0009139776,0.0015128723
0.40917372468247515,0.0008341074,0.0015155781
0.4091779123842683,-0.00041753054,0.0015096597
0.4091937746231897,0.0018078089,0.0015124157
0.4092023796941872,5.030632e-5,-6.888875e-5
0.4093166604434503,0.00021743774,0.0015088128
0.4093386140062552,-0.00030988455,0.0015138166
0.40939813303579553,-0.00052273273,0.0015117571
0.4094219095014705,0.0011014938,0.0015084787
0.40950029543613614,0.0008608103,0.0015285593
0.4095090177665691,0.00042319298,0.0015088647
0.4096029477573455,0.0007008314,0.0015130438
0.40967009105768265,4.529953e-5,0.0015137219
0.40976317489211833,5.030632e-5,0.0015130185
0.4097890598008555,0.0023716688,0.0015128049
0.4098178146448633,-0.0013682246,0.0015140261
0.4099466605889774,0.0006403923,0.001508743
0.40995618990230887,-0.0008968711,0.0015127329
0.40999461332233433,-0.0014583468,0.0015124714
0.4100577849779162,-0.001976192,0.0015083805
0.41015105524542067,0.0006581545,0.0015065251
0.4102059227792083,5.030632e-5,-6.888875e-5
0.4102851649897714,0.0018839836,0.0015127953
0.41034998049666754,-0.00022870302,0.0015145727
0.4103981063372689,0.0014253855,0.0015117078
0.4104397773388609,4.529953e-5,0.0015099279
0.4105716447283621,0.0006418228,0.0015117414
0.41057470453264566,0.0009768009,0.001509312
0.4105888648726115,0.00095033646,0.0015175905
0.4106916887777759,-0.00079751015,0.0015058981
0.41079099386189827,0.0012688637,0.0015094709
0.4108065378930371,0.00048303604,0.0015115753
0.41087193743484834,0.0012844801,0.0015086842
0.4108975855673812,-0.00084388256,0.0015117957
0.4110050768925206,-0.00081682205,0.0015115003
0.41105957858977626,-0.00017780066,0.0015114081
0.41118078674669356,9.715557e-5,0.0015128631
0.4111849313827051,-0.00080245733,0.0015115028
0.4112007680483717,-0.0008648634,0.0015129744
0.4112094658642294,5.030632e-5,-6.888875e-5
0.4113236410849621,-0.0008158684,0.0015088832
0.41134562021905036,0.0013848543,0.0015160682
0.4114051816434153,0.00090944767,0.0015121562
0.411428878702212,0.00077342987,0.001510525
0.41150732116287225,-0.00070118904,0.0015277973
0.41151597485558317,-0.0019056201,0.0015067406
0.4116099829050808,0.0002926588,0.0015121911
0.41167710130706314,-0.0010522604,0.0015115878
0.41177024166782206,5.030632e-5,0.0015156014
0.4117960828368633,-0.00046092272,0.0015122101
0.4118248121099164,-0.0010426044,0.0015134603
0.411953645940003,0.0009396076,0.0015113828
0.41196319947810367,5.030632e-5,0.0015108418
0.41200166596752513,0.0014096498,0.0015130005
0.41206475821754296,0.0006942749,0.0015112858
0.41215801637233435,-0.0006956458,0.0015063903
0.4122130089492505,5.030632e-5,-6.888875e-5
0.41229218062257994,-0.0024698377,0.0015137144
0.41235705265579936,0.00024855137,0.0015129278
0.41240513340986207,-0.00023120642,0.0015118484
0.4124467788408279,-0.0002593398,0.0015114628
0.41257865901662794,-0.00063306093,0.0015103323
0.41258169324831384,-0.0027068257,0.0015091382
0.41259592155340186,0.0012017488,0.0015146867
0.41269866605365946,-0.00029712915,0.0015065499
0.4127979590244115,4.529953e-5,0.0015061795
0.41281358178917155,-0.0034344792,0.0015134764
0.41287889115954846,-0.001888454,0.0015058818
0.41290460658460354,-0.0003207922,0.0015123723
0.41294112886691975,0.0020070076,0.001516155
0.41301210867495614,0.0011996031,0.0015166517
0.4130665848029,-0.0007328987,0.0015111981
0.41318784881156917,-0.0005316138,0.0015172883
0.4131919503814705,0.00051796436,0.0015103535
0.4132077608025967,-0.0001360774,0.0015093462
0.41333062239940244,0.00018751621,0.0015121415
0.41335262643085974,-0.000420928,0.001511619
0.4134122295767922,-0.0016157031,0.0015133962
0.41343584790295346,0.0012438297,0.0015091441
0.4135143475625369,0.00026977062,0.0015251696
0.4135229312716687,-0.0001668334,0.0015081376
0.41361701872705886,-0.0010849237,0.0015133305
0.41368411222937207,0.0012990236,0.0015162041
0.4137773091171114,-0.0019803047,0.0015169668
0.41380310587188546,-0.0001770854,0.0015095971
0.4138318089007267,-0.00052559376,0.0015115882
0.41396063129037153,-0.0009610653,0.0015091295
0.4139702097274841,0.0032058954,0.0015132314
0.4140087186104159,-0.0008072257,0.0015156805
0.41407173145651266,-0.0013772845,0.0015079441
0.4141649768250052,-0.0010124445,0.0015086466
0.41429919625670275,-0.00044721365,0.0015114046
0.4143641254885168,-0.0009524226,0.0015145427
0.41441216115538376,-0.000680387,0.001510693
0.41445377967052355,-9.3877316e-5,0.001509888
0.4145856733035794,0.0007919073,0.0015123591
0.41458868263691057,4.529953e-5,0.0015095321
0.41460297890876363,5.030632e-5,0.0015130711
0.4147056433298716,0.0003876686,0.0015100928
0.4148049241885677,-0.00062197447,0.0015077324
0.41482062635889166,1.0371208e-5,0.0015123647
0.41488584421000574,-0.00044435263,0.0015085373
0.41491162760116873,0.0015875101,0.0015132771
0.4149482070814223,5.030632e-5,0.0015148986
0.4150191397857775,5.030632e-5,0.0015112108
0.4150735903427666,-0.0014370084,0.0015158869
0.4151949108764447,0.0008299351,0.0015130641
0.4151989693779358,5.030632e-5,0.0015097128
0.41521475423007875,-9.256601e-5,0.0015080855
0.41533760371285705,0.00068056583,0.0015101188
0.41535963264299774,0.0014768839,0.0015140985
0.4154192781830976,0.0005732775,0.0015124634
0.41544281710500924,-0.0008672476,0.0015081045
0.4155213732892731,-0.0020071864,0.0015286416
0.415529888359697,0.0018959045,0.0015084652
0.4156240545477226,0.0031369925,0.0015109874
0.41569112248006684,0.0010777712,0.0015140317
0.41578437589248657,-0.00085550547,0.0015136034
0.4158101289072361,0.0022654533,0.0015116672
0.41583880636446546,0.0012662411,0.0015092067
0.415967615969783,-0.000500679,0.0015101584
0.4159772199781789,-0.0018676519,0.0015096467
0.4160157712546209,0.0015588999,0.0015134688
0.41607870469416797,0.0009934902,0.0015123014
0.4161719379506046,0.001014471,0.0015070408
0.4163062118895113,-0.00046128035,0.0015125239
0.41637119832156283,-0.00089633465,0.001517505
0.4164191882292912,0.0007200241,0.0015134217
0.41646078117183344,0.0004889965,0.0015112229
0.41659268826280227,-0.00097471476,0.0015119823
0.4165956713529073,0.00034999847,0.0015080576
0.41661003626412535,-0.00108248,0.0015114697
0.4167126206067409,0.0008881092,0.0015092
0.41681189002565233,-0.0034507513,0.001506368
0.41682767025601186,0.0004168749,0.0015124722
0.4168927979333915,-0.00049996376,0.001506713
0.4169186492890195,0.001642704,0.0015140941
0.4169552846236536,-0.00019907951,0.0015150113
0.4170261715701845,-0.00041109324,0.001511186
0.4170805958819761,4.529953e-5,0.0015099182
0.4172019729416489,-0.0010829568,0.0015139494
0.41720598770278694,-0.0002629757,0.0015122809
0.4172217469823323,0.0024756193,0.0015108908
0.41734458502664024,0.00076413155,0.0015091625
0.4173666388551357,0.00037002563,0.0015126073
0.4174263261174602,4.2557716e-5,0.0015125446
0.4174497869786792,0.00035333633,0.0015093711
0.4175283990173235,0.0005581379,0.001525678
0.41753684477611114,4.529953e-5,0.0015071564
0.41763108969480073,0.0016108751,0.0015136683
0.4176981334023758,0.001314044,0.0015142054
0.4177914433407902,0.0009560585,0.0015153944
0.417817151943244,0.0008352995,0.0015135893
0.4178458031565901,0.0015302896,0.001510904
0.4179746013214658,0.001241684,0.0015084224
0.4179842302275594,0.00037300587,0.001514544
0.41802282389915457,-0.00042438507,0.0015127517
0.41808567793346624,-0.0020929575,0.0015103557
0.4181788990762039,-0.00074219704,0.0015064888
0.4183132275216626,0.0036827326,0.0015119644
0.418378270480366,-7.0929527e-6,0.0015130362
0.4184262153018844,9.655952e-6,0.0015116527
0.4184677826744576,-0.00052934885,0.001511149
0.41859970255041096,5.030632e-5,0.0015097179
0.4186026607418326,4.529953e-5,0.0015082526
0.41861709361784427,0.0009704828,0.001511954
0.4187195978826245,-0.0006892681,0.0015087271
0.4188188551888227,0.0005567074,0.0015069704
0.4188347141518177,-0.00014865398,0.0015111348
0.4188997509851631,0.0014469624,0.0015067122
0.4189256703065704,0.00065374374,0.001514214
0.4189623621658849,-0.0009788871,0.0015120164
0.4190332026796916,0.00051164627,0.0015117773
0.4190876020937855,0.0011059046,0.001511887
0.4192090350075102,0.0011181831,0.0015136478
0.4192130067008952,-0.0013962984,0.0015100812
0.4192287397359001,-0.00057917833,0.0015093755
0.41935156566749493,-0.0007070303,0.0015071497
0.4193736450676023,-0.00060117245,0.001511463
0.4194333740511657,0.0015684366,0.0015128759
0.41945675617942063,-0.001254499,0.0015063179
0.41953542474405964,0.00065767765,0.0015265642
0.4195438018641395,0.0022121668,0.0015081135
0.4196381255161216,-0.00043565035,0.00151074
0.41970514365274203,0.0006068945,0.0015108677
0.41979851011649394,0.00260365,0.0015149995
0.4198241749782661,-0.0005059242,0.0015104036
0.41985280062032887,-0.0020184517,0.0015119865
0.41998158599989155,-0.00058192015,0.0015093978
0.4199912404769398,0.0001335144,0.0015114247
0.4200298765443453,-0.00038957596,0.0015133278
0.42009265117276445,-0.0004786253,0.001505723
0.4201858602031176,0.0011029243,0.0015064047
0.4202409824646604,5.030632e-5,0.0015120119
0.4203202431554569,0.0001707077,0.0015127141
0.420385343311112,-0.00063729286,0.0015147455
0.42043324237447754,-0.0015715957,0.0015087125
0.42047478417576745,-0.00075262785,0.00151067
0.4206067168386768,1.335144e-5,0.0015100535
0.420609649458158,0.0012886524,0.0015106515
0.4206241502992918,-0.0019222498,0.0015153511
0.42072657515785084,6.0796738e-5,0.0015084948
0.42082582035330746,-0.0003543496,0.001507316
0.42084175804696644,-0.0003232956,0.0015136381
0.42090670403562036,0.0005348921,0.0015077328
0.4209326913241213,4.529953e-5,0.0015141122
0.42096944038235895,0.0006891489,0.0015156145
0.4210402337898558,-0.001424253,0.0015119218
0.42109460763365214,-0.000102996826,0.0015105909
0.4212160970723858,-0.0005390048,0.0015147367
0.4212200256983462,-0.0008832216,0.0015119053
0.421235733162725,4.529953e-5,0.001507804
0.4213585469816067,-3.296137e-5,0.001510043
0.4213806506077975,-0.0009872913,0.0015102036
0.42144042265747117,-0.0023120642,0.001511868
0.42146372538016214,-0.001273632,0.0015092216
0.4215424511437243,0.0010831356,0.0015262989
0.42155075895216776,0.0002425909,0.001506832
0.4216451606651712,0.0005362034,0.0015111205
0.42171215390310823,-0.001285255,0.0015135292
0.42180557756512616,5.030632e-5,0.0015120988
0.4218311980132882,0.0006235838,0.0015127078
0.421859797410482,0.0005556345,0.0015109562
0.42198857135190293,0.0019072294,0.0015104435
0.42199825005339175,-0.0007920861,0.0015131707
0.4220369291882218,-0.0003080964,0.0015141427
0.4220996244104198,0.0013364553,0.0015084005
0.4221928213297027,-0.0019226074,0.00150728
0.4222480216499667,5.030632e-5,0.001512353
0.42232725878925115,-0.0007328987,0.0015132228
0.4223924161431723,0.0016639233,0.0015150516
0.4224402701213135,-0.00070005655,0.001510946
0.4224817856770773,0.00025379658,0.0015095992
0.42261373112497114,0.0013295412,0.001509933
0.4226166388470832,-0.0021095276,0.001508554
0.4226312076536678,5.030632e-5,0.0015135413
0.42273355243504873,-4.1663647e-5,0.0015083503
0.4228327855164779,4.529953e-5,0.0015076443
0.42284880194342944,0.0016648769,0.0015113283
0.42291365775900613,0.0011434555,0.0015093457
0.42293971233904354,-0.0012930632,0.0015130064
0.4229765179252474,5.030632e-5,0.0015151256
0.42304726557393424,0.00029110909,0.00150982
0.4231016138457901,0.00019359589,0.0015125533
0.4232231591372614,0.00028192997,0.0015139678
0.4232270440231974,0.0024366379,0.0015104205
0.4232427259172786,-0.00022876263,0.0015110016
0.42336552829538987,-0.00044327974,0.0015102631
0.42338765681862117,8.4519386e-5,0.0015097243
0.4234474705908481,5.030632e-5,0.001512731
0.42347069458221787,-0.0024926066,0.0015071812
0.42354947687177474,-0.0023964047,0.0015237954
0.4235577153675962,-0.00031244755,0.0015070202
0.42365219648583496,-0.00038039684,0.0015093564
0.42371916482476,0.0003068447,0.0015112706
0.42381264434115845,5.030632e-5,0.0015150032
0.4238382210486389,-0.0016502738,0.0015085539
0.423866794874878,-0.00072830915,0.0015124625
0.42399555603000005,-0.00020480156,0.0015072596
0.42400526030408653,0.00089263916,0.0015107807
0.4240439818314411,0.0021805763,0.0015109787
0.4241065976487323,0.0017738342,0.0015107056
0.42419978245431633,0.0010854006,0.0015070217
0.4242550615095158,-9.3758106e-5,0.0015124361
0.4243342744220597,0.0008832216,0.0015136813
0.42439948830263263,-0.0010759234,0.001513054
0.42444729719390667,0.0004812479,0.0015118313
0.4244887865054586,0.0011162758,0.0015106924
0.4246207460848511,-0.00074601173,0.0015107399
0.42462362756373717,0.0031154156,0.0015085037
0.42463826500935814,0.0023180246,0.0015132084
0.42474052971158943,6.9856644e-5,0.0015076213
0.4248397506796483,0.0015995502,0.0015070762
0.42485584584054964,0.0017656088,0.0015125588
0.4249206108107777,0.00048315525,0.0015085906
0.42494673335659444,4.529953e-5,0.0015128355
0.42498359613975,0.0012048483,0.0015151716
0.42505429668508415,-0.0020123124,0.0015111628
0.4251086193833567,0.0026013851,0.0015122573
0.42523022053052273,0.0004605055,0.0015132927
0.425234063020977,-0.00031471252,0.0015106334
0.4252497186705178,-0.0001975298,0.0015093038
0.42537250960917306,-0.00042682886,0.0015102702
0.4253946630314163,0.0008087158,0.0015110327
0.4254545191964963,0.0015233755,0.0015130055
0.4254776637839451,0.0012706518,0.0015102425
0.4255565025985109,0.00079524517,0.0015271034
0.42556467245595303,4.529953e-5,0.0015068467
0.42565923230649877,-0.0006560087,0.0015112063
0.4257261750741405,4.529953e-5,0.0015115533
0.4258197111168622,5.030632e-5,0.0015135776
0.42584524408398955,0.00018012524,0.0015127201
0.4258737916670026,4.529953e-5,0.0015110894
0.42600254138135435,0.00029540062,0.0015119166
0.42601227055445273,-0.0013092756,0.0015114881
0.4260510344753176,-0.0013294816,0.0015127232
0.42611357088835916,-0.0016052723,0.00150773
0.42620674290830146,0.0009061098,0.0015070536
0.4262621013677506,-0.0004954934,0.0015107625
0.42634129005618254,-0.000210464,0.0015143272
0.42640656113469294,0.0012147427,0.0015134574
0.4264543242664998,0.0003695488,0.0015114272
0.42649578800709703,-0.00018066168,0.0015114056
0.42662776037278843,-0.00037121773,0.0015088157
0.4266306162807197,-0.0004954934,0.0015069902
0.4266453216914628,-0.001475215,0.0015104039
0.4267475069868158,-0.00227952,0.0015105056
0.426846715844133,0.0012280941,0.0015079326
0.42686288973536973,0.00064718723,0.0015124643
0.4269275638625493,0.00088083744,0.0015080441
0.42695375504707384,0.0009812117,0.0015159746
0.42699067368198124,5.030632e-5,0.0015138882
0.42706132846817685,-0.0006816983,0.0015124265
0.4271156249235519,-0.0010205507,0.0015092739
0.42723728259539834,-0.0013815165,0.0015132293
0.4272410820190852,0.0010339022,0.0015095775
0.42725671209668553,0.0016512871,0.0015087422
0.4273794902503563,0.0007195473,0.0015101495
0.42740166924454,9.23872e-5,0.0015074981
0.42746156713053035,-0.00095778704,0.001509181
0.4274846329837008,0.0007762909,0.0015089761
0.4275635283252471,4.529953e-5,0.0015248813
0.42757162887171,-0.0009506345,0.0015075203
0.42766626745423403,-0.00065112114,0.0015128482
0.4277331859974352,4.529953e-5,0.0015130842
0.4278267785654944,5.030632e-5,0.0015118084
0.4278522671196689,5.030632e-5,0.0015113452
0.4278807891307414,0.0022357702,0.0015121063
0.42800952606043713,-0.00081789494,0.001507651
0.4280192808028474,0.002043128,0.001510724
0.42805808712050836,0.0006994009,0.001514445
0.42812054412732886,-0.0014632344,0.0015075095
0.428213704034558,4.529953e-5,0.0015049119
0.4282691412259854,0.0001603365,0.0015120273
0.428348305688991,-0.0010088086,0.0015120782
0.4284136332938247,0.0019916296,0.0015160549
0.42846135134040736,-0.0005553961,0.0015104389
0.42850278950939263,0.0003643036,0.0015086822
0.4286347746607256,-7.939339e-5,0.0015109953
0.4286376056683307,0.00010383129,0.0015087684
0.42865237904518166,-0.00040453672,0.0015127433
0.4287544842636852,4.529953e-5,0.0015092879
0.4288536810073034,-8.481741e-5,0.0015096569
0.4288699336315042,-0.00033169985,0.0015121957
0.4289345175859351,4.529953e-5,0.0015076508
0.42896077606331046,0.0007144213,0.0015120216
0.4289977512255269,3.7670135e-5,0.0015140546
0.4290683595776839,0.00092089176,0.0015097626
0.42912263113667565,-0.0002567172,0.0015106562
0.4292443446602739,0.0020763874,0.0015121876
0.42924810034492206,0.0018099546,0.0015113064
0.42926370485123916,3.886223e-5,0.0015104637
0.4293864715638109,0.00012743473,0.0015089242
0.4294086754553637,5.030632e-5,0.0015114655
0.42946861506522166,-6.687641e-5,0.0015158722
0.4294916021857566,-0.0012254715,0.0015078988
0.429570554726226,0.0014414787,0.0015267129
0.42957858595973836,-0.0009878874,0.0015076611
0.42967330327621206,-0.0010844469,0.0015100525
0.42974019624714427,-0.00043594837,0.0015118491
0.4298338453408695,-7.516146e-5,0.0015131489
0.4298592901550195,0.00016391277,0.0015132407
0.429887785922866,-3.093481e-5,0.0015100646
0.43001651141146285,0.0011874437,0.0015092527
0.43002629037929935,0.00048291683,0.0015119712
0.4300651390914563,-0.00030374527,0.0015109594
0.43012751736596994,-0.00074350834,0.0015086797
0.43022066515950025,-0.00044244528,0.0015061884
0.4302761804126061,0.00062572956,0.0015102848
0.4303553213217996,0.00049197674,0.0015127495
0.43042070612555644,0.00017523766,0.0015135224
0.4304683784130005,5.030632e-5,0.0015110424
0.43050979101070247,-0.00041002035,0.001510387
0.4306417889476771,0.0017052889,0.00151114
0.4306445943843274,0.0017900467,0.0015106637
0.43065943639955767,0.00048804283,0.0015111446
0.43076146086762596,0.0026845932,0.0015106648
0.43086064617047387,-0.00090640783,0.0015078066
0.4308769775279672,0.0008958578,0.001514093
0.43094147063639227,-0.00019645691,0.0015056138
0.4309677970795471,-0.0024424791,0.0015121727
0.43100482944134383,-0.00040882826,0.0015140495
0.4310753906888339,5.030632e-5,0.0015123745
0.43112963667555654,-0.0020942092,0.0015072844
0.43125140672547807,-0.0010365844,0.0015142515
0.43125511934171595,5.030632e-5,0.0015104226
0.4312706976044784,-0.0004184842,0.0015086397
0.43139345287857983,0.0010801554,0.0015104234
0.4314156809945732,-0.0029448867,0.0015098731
0.43147566367152707,-0.00033301115,0.0015114
0.43149857138715525,0.0007432699,0.0015064502
0.4315775804529622,-0.0015554428,0.0015243811
0.4315855423761525,0.0012695789,0.0015058198
0.4316803384239473,-0.0003105998,0.0015092731
0.4317472064965247,-0.00052404404,0.0015127071
0.4318409127891732,-0.00039559603,0.0015130821
0.4318663131903702,-0.000913918,0.0015104194
0.43189478271367626,-0.0012472272,0.0015095719
0.43202349608956,-0.0019417405,0.00150686
0.4320333006299942,-0.000101327896,0.0015108235
0.4320721917353328,0.00033807755,0.0015072888
0.432134490604611,0.003622651,0.0015079333
0.4322276262864139,0.00010561943,0.0015059232
0.43228322027084093,-0.0022739768,0.0015121979
0.4323623362816796,-0.0004786849,0.0015109626
0.43242777828534534,-0.0017035604,0.0015144537
0.43247540615852215,0.002141714,0.001509438
0.4325167918403982,-0.0012610555,0.0015096759
0.4326488032339714,-0.0026019216,0.0015079095
0.4326515831006528,0.00057828426,0.001508255
0.43266649308231947,0.00050497055,0.0015126171
0.43276843814350946,-0.00046789646,0.0015094955
0.4328676113336442,0.001914978,0.0015058332
0.43288402142508736,-0.0011229515,0.0015110443
0.43294842368816394,0.00015091896,0.0015088157
0.4329748180957836,4.529953e-5,0.0015109694
0.4330119069839036,-0.0017158389,0.0015147472
0.43308242247291234,0.0012704134,0.0015128457
0.43313664221443743,4.529953e-5,0.0015127086
0.43325846811775376,5.030632e-5,0.0015128922
0.4332621383391671,-0.0015878677,0.0015085973
0.433277691029989,-0.00035136938,0.0015092606
0.4334004335204203,-0.0008108616,0.0015109535
0.43342268720703975,0.0018341541,0.0015124928
0.433482711604904,0.001144886,0.001512664
0.4335055405872395,-0.00080907345,0.0015069422
0.43358460617969835,4.529953e-5,0.0015232
0.4335924994654951,0.0010411739,0.001506983
0.4336873742439539,0.00041115284,0.0015112604
0.43375421741883363,0.003422618,0.0015122943
0.4338479795658627,0.00029468536,0.0015140726
0.43387333622604946,0.0015267134,0.0015083497
0.43390178017741515,0.0028824806,0.0015085938
0.4340304814409142,0.00045990944,0.0015113811
0.4340403108793746,-0.0002272129,0.0015113115
0.43407924437920925,-0.0011001825,0.0015174688
0.4341414638435807,-8.523464e-5,0.0015048769
0.43423458741267046,4.529953e-5,0.0015067853
0.43429026012907573,0.0003504753,0.0015114293
0.4343693519148167,-0.00034958124,0.0015116548
0.43443485111806285,0.00042903423,0.00151665
0.4344824332311153,0.0006558895,0.0015108227
0.4345237933430223,-0.001060009,0.001509392
0.4346558181948372,-0.00050747395,0.0015124738
0.4346585724892495,0.0014358759,0.0015077584
0.4346735504366956,-0.00032049417,0.0015123078
0.43477541542070736,-0.0007071495,0.0015082806
0.43487457649812894,-0.0003234744,0.0015073504
0.43489106464796473,0.0011972189,0.0015093331
0.4349553774115497,0.00018143654,0.0015070323
0.4349818391133345,-0.0011325479,0.0015132979
0.43501898452514914,0.0006891489,0.0015138085
0.43508945358307655,0.00060522556,0.0015116355
0.4351436484262468,0.0017461777,0.0015106117
0.43526553018328645,0.0011370182,0.0015144822
0.4352691566646753,-0.0010570884,0.0015092876
0.43528468378388535,-0.0010419488,0.0015099053
0.43540741483256057,5.6028366e-6,0.0015080126
0.4354296934201635,-0.00012797117,0.0015093279
0.4354897595382809,-0.0004210472,0.0015112442
0.4355125097892953,0.0005649328,0.0015082846
0.4355916319064344,0.0008058548,0.0015239624
0.43559945587928056,-0.0014464259,0.0015057774
0.43569440939267495,-0.00032645464,0.0015107791
0.43576122766952846,4.529953e-5,0.0015122861
0.4358550463412378,-0.0015090704,0.0015135837
0.43588035926107155,0.0019031763,0.0015094061
0.43590877696822544,-5.7578087e-5,0.0015110797
0.4360374661199971,0.000908494,0.0015090645
0.43604732112875505,0.00047922134,0.0015121703
0.4360862970244,-0.0016658306,0.0015127436
0.4361484370822218,0.0001758337,0.0015075784
0.4362415478656699,0.0013301373,0.0015058161
0.43629729931438205,0.00010573864,0.0015124722
0.4363763675486109,0.0003092289,0.0015120343
0.43644192327620884,5.030632e-5,0.0015142958
0.4364894603050227,-0.00050902367,0.0015117559
0.4365307948430179,-0.0010156631,0.0015085813
0.43666283248277443,0.00047636032,0.0015118162
0.4366655612052463,-0.0006543398,0.0015075527
0.4366806071181431,0.0012481213,0.0015108602
0.43678239269659097,0.00019919872,0.0015096493
0.43688154166261367,-0.0010167956,0.0015088929
0.43689810854311345,-0.00028294325,0.001510949
0.4369623304606926,-0.0010250211,0.0015060544
0.4369888601295711,0.0013446808,0.0015143
0.4370260627403089,0.0015081167,0.0015133778
0.4370964846935694,0.00078225136,0.0015085568
0.4371506539664421,4.529953e-5,0.0015110464
0.43727259224849063,-0.0003247857,0.0015123757
0.43727617566245497,5.030632e-5,0.0015091569
0.43729167653843887,4.529953e-5,0.0015105736
0.43741439547341526,-0.00040251017,0.0015077988
0.4374366996319729,-0.00064975023,0.001511488
0.4374968081459006,-0.00030499697,0.001512567
0.43751947899069393,0.0026158094,0.0015070385
0.4375986583064277,-0.00062823296,0.0015250094
0.4376064129686232,4.529953e-5,0.0015066013
0.43770144521432447,0.0010762215,0.0015108859
0.43776823791956604,4.529953e-5,0.0015124677
0.4378621137882271,0.00034737587,0.001515667
0.43788738229642227,-0.0011741519,0.0015097786
0.43791577375903573,-0.00032889843,0.001508866
0.4380444514723371,-0.0006646514,0.0015078796
0.4380543307065214,-0.0001603365,0.0015089178
0.4380933496689337,5.030632e-5,0.0015112914
0.4381554103195486,0.00061511993,0.0015076877
0.4382485089922549,0.00016582012,0.0015062621
0.4383833831814194,0.0008816719,0.0015095676
0.4384489961079406,-0.00026911497,0.001512468
0.43849648737893027,-0.0014512539,0.0015097981
0.4385377956713992,0.00086557865,0.0015125854
0.4386698467690688,0.00035619736,0.0015092074
0.43867254992190025,0.00049448013,0.001508618
0.4386876644725191,-0.0012894869,0.001512633
0.4387893699724745,0.0005391836,0.0015075059
0.43888850682446984,0.00041401386,0.001506309
0.4389051524399051,0.00032126904,0.0015121562
0.43896928351246417,-0.002098024,0.0015071853
0.43899588114580773,-0.0012106299,0.0015136101
0.4390331402838546,-8.612871e-5,0.0015130886
0.4391035164769906,-0.002029419,0.0015113625
0.439157659505323,0.00063097477,0.0015115268
0.4392796543136948,0.00038826466,0.001513268
0.439283194659906,0.0011576414,0.0015115646
0.4392986692916781,4.529953e-5,0.001509421
0.4394213767878556,4.529953e-5,0.001506569
0.43944370517019665,-0.0016698837,0.0015104908
0.4395038560792775,0.00073587894,0.0015145546
0.43952644819176395,0.00022530556,0.0015081547
0.4396056840341495,-0.0008022785,0.0015219699
0.4396133693850373,-0.0015330911,0.0015064233
0.43970848036205973,0.000962615,0.0015116069
0.43977524816828933,-0.0017067194,0.0015122393
0.4398691805649166,-0.00055617094,0.0015131969
0.439894405331773,-0.0002887249,0.0015095123
0.4399227712240888,0.00031518936,0.0015105397
0.44005143614944847,-0.0025024414,0.0015081725
0.4400613409572161,-5.7399273e-5,0.0015097387
0.440100402312153,-0.0018771291,0.0015154143
0.4401623835591754,0.0013192892,0.001508162
0.4402554701178543,-0.0001295209,0.0015080359
0.44031137903216594,0.0009897947,0.0015101527
0.4403903988145565,0.0025627613,0.0015112972
0.4404560682667438,0.0015473366,0.0015150659
0.44050351445020913,9.942055e-5,0.0015116504
0.44054479717402334,-0.0004350543,0.0015113897
0.4406768610560203,-0.0001590848,0.0015095377
0.4406795393118112,0.00047636032,0.0015078872
0.4406947218282094,-0.0008265376,0.0015134173
0.4407963465757581,-0.0003002286,0.0015074881
0.44089547198895457,0.00057184696,0.0015066775
0.4409121963366966,-0.00062549114,0.0015114609
0.44097623723716434,-0.0009595156,0.0015067603
0.44100290216335863,0.0012230873,0.0015153821
0.44104021782608577,0.00032770634,0.0015131928
0.44111054758781204,-0.00066393614,0.0015100322
0.4411646650442039,-0.0008701682,0.0015126595
0.4412867157056419,-0.0021948218,0.0015102694
0.44129021298442866,-0.0030765533,0.0015085145
0.4413056627191602,0.0025162697,0.0015101437
0.44142835810131015,-0.0005354285,0.0015057437
0.4414507113829918,0.0011070967,0.0015089825
0.4415109040119973,-0.0002643466,0.001511941
0.44153341739283397,0.001917839,0.0015073292
0.4416127097608857,0.0015515089,0.0015240639
0.44162032647175137,-0.00031256676,0.0015060047
0.4417155161827235,0.00032699108,0.0015124165
0.44178225909158403,0.00096452236,0.0015131978
0.4418762473416061,0.00085783005,0.0015138302
0.4419014283667951,0.0010621548,0.0015103843
0.4419297680148991,4.529953e-5,0.0015070292
0.44205842082853136,0.0023276806,0.0015119078
0.44206835120659654,5.030632e-5,0.0015113502
0.4421074542831009,0.0019305944,0.00151417
0.442169356798145,-0.00067710876,0.0015052209
0.44226243124378223,-0.0005759001,0.0015060944
0.44231841821747225,-0.0015345812,0.0015115874
0.44239741444835085,-0.002585709,0.0015121871
0.44246314109847545,-0.001276195,0.0015129616
0.4425105415228023,-0.00217551,0.0015092769
0.4425517986753332,0.0009551048,0.0015099804
0.44268387534428616,-0.0004003048,0.0015094086
0.4426865280274794,0.00045835972,0.0015065372
0.4427017785106427,0.0016585588,0.0015122244
0.4428033238526274,-0.00033169985,0.0015064311
0.4429024371534393,-0.00041234493,0.001505906
0.4429192402318453,0.0008918047,0.0015142431
0.4429831902876215,-0.0010378361,0.0015054746
0.44300992317959514,0.0011398792,0.0015096165
0.44304729604124554,-0.00047439337,0.0015119187
0.44311757869830476,0.0014923811,0.0015114237
0.44317167125732754,-0.00021725893,0.0015098618
0.4432937777705174,0.00038576126,0.0015108418
0.44329723198286536,-0.0001603365,0.0015081946
0.44331265547239945,-0.0004772544,0.0015085161
0.44343533874216484,0.00092351437,0.0015082958
0.44345771759578695,0.0003002882,0.0015087631
0.44351795194635996,-0.00087326765,0.0015098368
0.4435403865935755,-0.0016412139,0.0015088031
0.44361973548893613,0.0002539158,0.001522703
0.44362728288717973,-0.0015090704,0.0015056358
0.44372255133078725,0.0011459589,0.0015112353
0.44378926934195023,4.529953e-5,0.00151179
0.44388331478990967,0.0010817051,0.0015116252
0.44390845140280294,0.0006017685,0.0015099266
0.44393676547995226,0.0005223751,0.0015103368
0.44406540618087137,4.029274e-5,0.0015093687
0.4440753607817342,0.0012953281,0.0015105701
0.44411450692829174,5.0902367e-5,0.001511868
0.4441763300367861,-0.000780344,0.0015059161
0.44426939169678165,4.529953e-5,0.0015052657
0.44432545807570706,0.0010834932,0.0015135593
0.4444044300811593,0.0008802414,0.0015105095
0.444470213258593,-0.0010526776,0.0015123999
0.4445175692696382,-0.00043565035,0.0015104214
0.4445587995037145,0.0021151304,0.0015114843
0.4446908896318948,-0.0021437407,0.001509476
0.4446935167424904,4.529953e-5,0.0015086387
0.4447088358640329,3.504753e-5,0.0015104122
0.4448103011298253,-0.0012301207,0.0015085185
0.44490940164236686,0.0006734133,0.001506662
0.4449262841276512,-0.0010001063,0.0015128459
0.44499014333906456,0.0016181469,0.0015075079
0.44501694419583177,-0.0006363988,0.0015124386
0.4450543735834768,0.0005749464,0.0015148851
0.4451246104804118,5.030632e-5,0.0015094316
0.44517867679620843,0.00040507317,0.0015107382
0.44530083983637875,-6.9737434e-6,0.0015107132
0.4453042503083737,0.001899004,0.0015093744
0.4453196482256387,-0.0022101998,0.001507877
0.44544232005660517,-0.00016522408,0.0015087789
0.4454647231340107,-0.0003055334,0.0015082309
0.445525000553651,0.00092601776,0.001511713
0.44554735579530264,-2.9861927e-5,0.0015074206
0.4456267612169866,0.0017371178,0.0015226493
0.4456342399761937,0.0021051168,0.0015075653
0.44572958715243677,-0.000346601,0.0015140154
0.4457962795906735,0.0008445978,0.001510901
0.44589038156528477,-0.0008035302,0.0015148496
0.44591547376522517,-0.00093734264,0.0015128105
0.4459437622717482,3.7908554e-5,0.0015094512
0.4460723908576542,-0.0004094839,0.0015081618
0.4460823710324289,5.030632e-5,0.001509501
0.4461215595721682,-0.002350688,0.0015124634
0.4461833032760844,0.0027202368,0.0015095435
0.44627635282238104,0.0007568598,0.0015072098
0.44633249793394186,3.2663345e-5,0.0015115442
0.4464114450413679,-0.0004233718,0.0015109746
0.4464772860903247,0.0012383461,0.0015145724
0.44652459634223135,-0.0017960668,0.0015083837
0.44656580100633875,-0.0040357113,0.0015091096
0.4466979039188463,0.0022637844,0.001511883
0.44670050545881584,-0.00069624186,0.0015047241
0.44671589254548044,-0.002717793,0.001511661
0.44681727840472313,4.529953e-5,0.0015077163
0.4469163668068516,-0.0004490614,0.0015049282
0.4469333280244428,0.0014051199,0.0015123326
0.44699709706277896,4.529953e-5,0.0015090688
0.44702396521338267,0.0002065897,0.0015115849
0.44706145112603674,-6.7830086e-5,0.0015122645
0.4471316415918903,0.00056004524,0.0015105725
0.44718568233508943,-0.0017023683,0.001510484
0.44730790122865444,0.00010752678,0.0015123509
0.44731126930516757,-0.003087759,0.0015094031
0.4473266409788779,-0.00094139576,0.0015118705
0.44744930069844563,-0.001519978,0.0015058392
0.4474717293458201,0.00035011768,0.0015117909
0.44753204848702793,0.002061963,0.001512356
0.44755432499637265,0.00012040138,0.0015057531
0.44763378761533695,-0.00039243698,0.0015221225
0.44764119639260785,0.0016236305,0.0015060792
0.447736622300172,0.00048601627,0.0015113456
0.44780328984005396,-0.0005953312,0.0015128157
0.44789744834066,0.00077176094,0.0015140686
0.44792249680024726,0.00076138973,0.0015098924
0.44795075906157283,-0.0006984472,0.0015104592
0.44807937620900845,0.0014122725,0.0015071048
0.44808938061019526,5.030632e-5,0.0015115106
0.44812861221604466,0.0015864372,0.0015127448
0.44819027651439686,0.00010037422,0.0015086302
0.4482833139486376,-0.0013037324,0.0015050647
0.4483395371195768,-0.0015949607,0.0015050423
0.44841846067516217,-0.0001320839,0.0015115747
0.44848435824912797,0.0006810427,0.0015121223
0.4485316234148245,0.0017955303,0.0015120682
0.4485728018360344,0.0004428625,0.0015092002
0.4487049188780691,0.0013996363,0.001509189
0.4487074948487268,-0.0020375252,0.0015072089
0.44872294989985656,0.0017565489,0.0015146128
0.4488242550086639,-0.0026150942,0.0015056314
0.4489233319713363,-0.0012117624,0.001506466
0.4489403719212344,-0.0005482435,0.0015100637
0.44900405011323613,-0.0020183325,0.0015055258
0.4490309862296193,0.001715064,0.0015120441
0.4490685286692537,0.00016832352,0.0015178616
0.4491386727027116,0.00063979626,0.0015129487
0.4491926878752846,0.0008497238,0.0015090045
0.4493149632922157,5.030632e-5,0.0015129203
0.4493182876296901,-0.0015313029,0.0015094618
0.44933363440504576,-0.0012327433,0.0015071671
0.4494562820119002,-0.0008621216,0.0015082067
0.44947873555861523,-0.00037443638,0.0015088641
0.4495390964207335,-0.00045859814,0.0015117722
0.44956129419711416,4.529953e-5,0.0015065809
0.4496408133420731,-0.0024763942,0.0015218821
0.4496481528077077,-0.00039345026,0.001506155
0.44974365744725014,5.030632e-5,0.0015114782
0.4498103007636773,-0.0010373592,0.0015138416
0.44990451511734936,0.0005389452,0.0015130708
0.4499295198362551,-0.00046217442,0.0015084242
0.4499577558523831,-0.0007491708,0.0015101376
0.45008636088809134,0.00050497055,0.001509957
0.4500963908582614,-6.8962574e-5,0.0015129112
0.45013566418699263,0.0025601387,0.0015139208
0.45019724908010944,-0.00062668324,0.0015081587
0.450290274401637,8.666515e-5,0.0015079097
0.4503465769787974,0.0016350746,0.0015129525
0.45042547630797064,-0.0027386546,0.0015111484
0.4504914304092455,0.0003476143,0.0015120481
0.4505386504877463,-0.00018298626,0.0015104229
0.4505798033373442,-0.0005298853,0.0015093732
0.450711933166335,0.0011607409,0.0015118053
0.45071448356373783,0.0010973215,0.0015065372
0.4507300065816326,-0.0024212003,0.001508909
0.4508312322858618,0.0022950172,0.0015114606
0.4509302971345068,0.0009729862,0.0015058443
0.4509474158170403,-4.708767e-6,0.0015099348
0.4510110031646792,0.0016080141,0.0015067566
0.4510380072458558,0.00027787685,0.0015109046
0.45107560688441345,-0.00075763464,0.0015124277
0.4511457038122187,5.030632e-5,0.0015096329
0.4511996934141655,4.529953e-5,0.0015096331
0.45132202535840554,-0.00014919043,0.0015109145
0.45132530662845555,0.0010814667,0.001508409
0.4513406271595993,0.0010318756,0.0015081625
0.4514632626514406,0.0008149147,0.0015081567
0.4514857410984819,0.002184391,0.0015085109
0.4515461443544389,5.030632e-5,0.0015120124
0.4515682633988413,0.0017123222,0.001509492
0.45164783907012357,0.00027310848,0.0015211575
0.45165510989573604,-5.64456e-5,0.0015053769
0.4517506932692282,-0.00039982796,0.0015090321
0.45181731101371486,-6.657839e-5,0.0015098756
0.45191158256565306,5.030632e-5,0.0015117431
0.45193654287160573,-0.00082856417,0.0015112713
0.4519647533174362,0.0006864071,0.0015120909
0.45209334556750275,-0.002829492,0.0015086187
0.45210340110797037,5.030632e-5,0.0015103624
0.4521427168321834,2.3126602e-5,0.0015127738
0.45220422231940766,-0.001111269,0.0015081904
0.45229723552822215,8.499622e-5,0.0015052806
0.4523536161641036,0.0007402897,0.0015112705
0.4524324919407792,-0.0004608631,0.0015104872
0.4524985032409771,-0.00029665232,0.0015119313
0.4525456775613252,0.0017359257,0.0015106645
0.45258680483733976,0.00016760826,0.0015100611
0.45271894745394364,5.030632e-5,0.0015109576
0.45272147228006326,6.866455e-5,0.0015067466
0.45273706393699437,-0.00072067976,0.0015096033
0.452838209560431,-0.0008517504,0.0015089298
0.4529372622976771,0.0006043911,0.0015062711
0.4529544590392605,-0.0016031861,0.0015098804
0.453017956215465,0.0020555258,0.0015038818
0.4530450282620924,-0.0018199682,0.001509215
0.45308268442697336,-0.0013799667,0.0015093826
0.4531527355953114,0.00025475025,0.0015101609
0.4532066996259749,-0.00032567978,0.0015083866
0.453329086751667,1.2397766e-5,0.0015133902
0.4533323249529781,0.0010441542,0.0015104985
0.4533476199128385,-0.00017005205,0.0015085802
0.4534702439658809,0.002007246,0.0015082377
0.45349274731029127,0.0005623102,0.0015090073
0.4535531922884731,-0.0015113354,0.0015122341
0.45357523259991134,0.00015377998,0.0015071857
0.45365486479685974,0.00010383129,0.0015236781
0.45366206631215017,0.0009598732,0.0015053329
0.4537577284176207,-0.001987636,0.0015079721
0.4538243212634239,-0.0015288591,0.001511866
0.453918649340371,-0.0006335974,0.0015131151
0.45394356590662793,-0.00030994415,0.0015079916
0.4539717501082465,0.00015509129,0.001508972
0.45410033091852836,4.529953e-5,0.0015100774
0.4541104106854081,-0.0012389421,0.0015072725
0.4541497694770456,0.00018239021,0.0015109301
0.4542111955577202,0.0010757446,0.0015076514
0.45430419665513583,-0.0019103885,0.0015048856
0.45436065602168124,-0.0002682209,0.0015108387
0.45443950690098783,-0.00017923117,0.0015091491
0.45450557539978037,0.00032401085,0.001510836
0.4545527046352326,-0.00066798925,0.0015088811
0.4545938056670354,0.0004981756,0.0015093421
0.454725961740238,-0.0005247593,0.0015081189
0.4547284609970457,-0.00023639202,0.0015097215
0.4547441206184419,0.0015872717,0.0015128157
0.45484518683664316,0.0006661415,0.0015066775
0.45494422746084756,-0.0014871359,0.0015062372
0.45496150293638066,-0.00062048435,0.0015109617
0.45502490993885075,0.0006015301,0.0015047739
0.45505204927832904,0.0012712479,0.0015102073
0.45508976196953316,-0.00043165684,0.0015156503
0.45515976670679,0.0007483959,0.0015098703
0.45521370516617016,-0.001763463,0.0015105418
0.45533614881654255,-0.0008832216,0.001510782
0.45533934395042913,-9.23872e-6,0.0015091414
0.455354612667392,0.0008904934,0.0015077627
0.4554772246077214,-0.00018590689,0.0015072426
0.4554997535224293,-0.00086838007,0.0015098723
0.45556024022185,-0.0006789565,0.0015110098
0.45558220180131,-0.00086289644,0.0015066707
0.4556618905235958,0.0010968447,0.0015203903
0.4556690227272499,0.00014698505,0.0015074789
0.45576476423861295,0.0001488924,0.0015091512
0.455831331513133,0.0001733303,0.0015108611
0.4559257161157461,-0.0006945133,0.0015133853
0.45595058894165,0.00049614906,0.0015081177
0.45597874689905676,0.00083971024,0.0015141114
0.4561073155966256,-0.00012999773,0.0015080482
0.4561174209361029,0.00048446655,0.0015107538
0.4561568214470078,0.00078725815,0.0015101535
0.4562181687963613,4.529953e-5,0.0015069714
0.45631115710682096,-7.879734e-5,0.0015069493
0.4563676952079733,0.00014734268,0.0015102017
0.4564465225347821,-0.0012626052,0.0015105025
0.4565126475585836,5.030632e-5,0.0015173245
0.4565597317065115,0.00070512295,0.0015088661
0.4566008071696596,0.0013383627,0.0015143437
0.45673297602850377,0.00036609173,0.0015085283
0.4567354503856424,-0.0010719299,0.0015066909
0.4567511779731465,-0.0021698475,0.0015118757
0.45685216344058394,-0.00064253807,0.0015082556
0.4569511926253323,0.00057315826,0.0015051641
0.45696854683284366,-0.0020297766,0.001510057
0.4570318629899652,-0.0007059574,0.0015036655
0.45705907029587994,-0.0003941059,0.0015113724
0.45709683951176444,0.00034236908,0.0015141291
0.45716679781793984,-0.00060141087,0.001508014
0.45722071070505105,0.0020554066,0.0015115981
0.4573432102084896,0.0003259182,0.0015131121
0.4573463622749517,-0.0014987588,0.0015070005
0.457361605421617,0.0028233528,0.0015055442
0.4574842059201902,0.00082957745,0.0015054862
0.4575067590622958,5.030632e-5,0.0015087902
0.45756728882749814,0.0013878345,0.0015142485
0.45758917100336577,4.529953e-5,0.0015054515
0.4576689162506606,4.529953e-5,0.0015217445
0.45767597981527824,-0.0004656911,0.0015056774
0.45777179938667684,0.00021517277,0.0015094324
0.45783834176317056,-0.00065279007,0.0015109056
0.45793278289177847,-0.0022851229,0.0015108451
0.45795761130374363,-0.0006802082,0.0015093508
0.45798574369118145,-8.314848e-5,0.0015075473
0.458114300276037,-0.00037831068,0.0015100908
0.45812443051255486,5.030632e-5,0.0015072434
0.45816387409088427,0.00013816357,0.0015118669
0.45822514203500236,-0.00085139275,0.001506338
0.458318118233406,-0.0016512871,0.0015042662
0.4583747350671939,-0.0012674332,0.0015099273
0.45845353816890494,-0.0030565262,0.0015088303
0.4585197203896581,-0.0015072823,0.0015119446
0.45856675877943326,0.0012654066,0.0015112992
0.45860780799672657,4.529953e-5,0.001510676
0.4587399903161125,-0.0008521676,0.0015119272
0.45874243910262497,-0.000116586685,0.0015071303
0.4587582346555798,0.0010055304,0.0015123439
0.45885914071646744,0.00014317036,0.0015074109
0.45895815778850263,-0.00069093704,0.0015062686
0.4589755907279924,0.00064873695,0.0015122809
0.45903881604173685,4.529953e-5,0.0015083331
0.45906609131211656,0.0005837679,0.0015099228
0.4591039170549815,-0.000764966,0.0015109682
0.45917382892843267,-0.0013121963,0.0015083126
0.45922771624393194,-0.00051790476,0.0015093219
0.45935027227336517,0.00053560734,0.0015107765
0.4593533812737171,0.0004618168,0.0015106511
0.4593685981738706,-0.0004414916,0.0015089868
0.459491186561702,-2.4974346e-5,0.0015067827
0.4595137652741053,-0.0032519102,0.0015088561
0.45957433676218945,0.00020086765,0.001511956
0.4595961402031215,6.556511e-6,0.0015059087
0.4596759419783824,-0.002542019,0.001519322
0.4596829362316924,-4.3213367e-5,0.0015074181
0.4597788345344121,0.00023674965,0.0015105422
0.459845352012551,0.0008068085,0.0015116588
0.45993984966846796,-0.0008391142,0.0015119155
0.45996463434008,0.000116825104,0.0015091625
0.459992741155906,-0.0012995005,0.0015107524
0.4601212856270627,-0.00032931566,0.0015077157
0.46013144076127815,-0.0014767647,0.0015078807
0.46017092673508936,-0.00062543154,0.0015115212
0.46023211527397206,2.9802322e-5,0.0015075762
0.4603250786873912,-0.0017598271,0.0015032755
0.4603817749254287,-0.00062841177,0.0015106302
0.46046055380072765,0.0022484064,0.0015112553
0.4605267925494471,-0.0029369593,0.0015139546
0.4605737858530122,0.00033783913,0.0015104397
0.4606148094993508,4.529953e-5,0.0015111087
0.4607470046033925,-0.0030178428,0.0015073409
0.46074942781829314,-0.0011740923,0.0015088122
0.4607652920099558,0.0008212328,0.0015082587
0.46086611799267957,0.0012248755,0.0015070771
0.4609651222787446,0.00028514862,0.001504053
0.46098263462379824,-0.00078225136,0.0015118093
0.461045769092194,-0.0017027259,0.0015061178
0.46107311232966736,-0.0011017323,0.0015094408
0.4611109945975413,5.030632e-5,0.0015121213
0.4611808600372826,0.00038921833,0.0015127785
0.46123472178281283,-0.00050520897,0.0015085745
0.4613573336666266,0.00018489361,0.0015109107
0.4613603995988968,0.0007908344,0.0015086217
0.4613755916000383,-0.00019186735,0.0015056154
0.46149816787647097,-4.2796135e-5,0.001509437
0.46152077148525755,-0.0012533665,0.0015120754
0.4616031094041915,-0.0007548928,0.00150269
0.46168296837936146,4.529953e-5,0.0015184473
0.4616898933197207,0.00013375282,0.0015056985
0.461785870355733,-0.0002374053,0.0015123168
0.4618523622612743,-0.0009368062,0.0015117731
0.46194691644384306,0.00029993057,0.0015133552
0.4619997379470448,-7.665157e-5,0.0015106734
0.46212827030515985,-0.00062179565,0.0015073131
0.46213845033838724,-0.002312839,0.0015092642
0.46217797870636584,0.00057697296,0.0015112144
0.4622390878406704,-0.00012415648,0.0015059963
0.4623320398120048,0.0010073185,0.0015055041
0.46238881411106353,0.0014038086,0.001511718
0.4624675687615934,0.0019321442,0.0015111739
0.462533864709236,5.030632e-5,0.0015121438
0.4625808129256053,7.331371e-5,0.0015097461
0.4626218103290464,-0.0019168258,0.0015117169
0.46275401889067264,0.0006252527,0.0015117904
0.4627564165339613,0.0011042356,0.0015097273
0.46277234869173184,0.00052034855,0.0015150624
0.46287309459662035,0.0019448996,0.0015097003
0.4629720874432293,-0.001098156,0.001507381
0.4629896778479899,-0.0026171207,0.0015101897
0.46305272281492266,0.0004993677,0.0015058379
0.4630801333465611,-0.00030261278,0.00150923
0.46311807281270106,0.0014804602,0.0015118651
0.46318789182168957,-0.0017626286,0.0015120013
0.463241727323008,-0.00072687864,0.0015138297
0.4633643957315022,0.0020775795,0.0015141438
0.4633674185956907,0.001480937,0.0015081946
0.46338258435459184,-0.00012511015,0.001508101
0.46350514851699703,-0.0011508465,0.0015082625
0.4635277770251242,0.00076043606,0.0015069258
0.46358843262992894,-0.0003386736,0.0015112915
0.4636100779326617,0.0009301901,0.001506402
0.46368999410511186,-0.0021514893,0.0015202344
0.46379290550379687,-0.0003260374,0.0015117368
0.4638593731848976,0.0008121729,0.0015122845
0.4639539838914895,-0.00025773048,0.0015120759
0.4639786804101242,0.00082826614,0.0015094723
0.4640067347365408,-1.8239021e-5,0.0015068636
0.46413525498457125,-0.00013571978,0.0015087619
0.46414546058908196,4.5776367e-5,0.0015104888
0.46418503135089956,0.00059843063,0.001511294
0.4642460610779971,-0.0032876134,0.0015079234
0.46433900093793273,0.0013545752,0.0015058685
0.46439585396962696,0.0007574558,0.0015113987
0.46447458439571626,0.001183629,0.0015108117
0.46454093686803916,0.0019174814,0.0015141418
0.464587839998527,-0.0021380186,0.0015084717
0.46462881183035626,-0.002224207,0.001507662
0.4647610331776241,3.8146973e-5,0.0015066348
0.4647634052496295,-0.0004554391,0.00150634
0.464779405373508,0.00016260147,0.0015113298
0.46488007187381825,-0.00019341707,0.0015071853
0.46497905260639977,-0.0014560819,0.0015050796
0.4649967217444529,0.00017094612,0.0015114568
0.4650596758663657,-0.0015436411,0.0015040142
0.4650871536892121,0.00030088425,0.0015091173
0.4651251503555895,5.030632e-5,0.0015114455
0.46519492293316816,-0.00034868717,0.001508762
0.46524873286254603,0.0033516884,0.0015108009
0.4653714577953921,5.030632e-5,0.0015122795
0.46537443692021324,-0.0011410117,0.001508431
0.4653895771078311,0.00022387505,0.0015086255
0.465512129831766,-0.0012998581,0.0015061861
0.46553478323791936,-0.00014853477,0.0015064698
0.4655954805636345,-9.685755e-5,0.0015113772
0.4656170471337317,-0.00088220835,0.0015067862
0.4656970198328337,0.0019212961,0.0015183662
0.4657038061518917,0.00055623055,0.0015080986
0.46579994065054636,0.00075256824,0.0015114418
0.4658663834349352,0.0012962818,0.001511191
0.4659610506678504,0.00031459332,0.0015132694
0.4659857027735322,0.00013148785,0.0015076968
0.4660137315286654,0.00023066998,0.0015079385
0.466142240335597,-0.00031238794,0.0015111045
0.46615247016454825,-0.0013331175,0.0015095371
0.466192083994776,-0.0013027787,0.0015105803
0.4662530343172954,0.00023663044,0.0015083948
0.4663459613912608,0.000172019,0.0015076767
0.4664028931555904,0.00018715858,0.0015104413
0.4664815993546106,0.0012809038,0.0015110585
0.4665480097000995,-0.0011172891,0.0015136035
0.46659486707144876,5.030632e-5,0.001512967
0.4666358126587376,-0.0019538999,0.001506736
0.4667680474655614,-0.0017540455,0.0015076823
0.4667703939652978,4.529953e-5,0.0015078273
0.466786462727884,-0.00040060282,0.001512578
0.46688704914970186,-0.0018347502,0.001507655
0.4669860177705559,0.0013093948,0.00150721
0.4670037656405874,-0.0007314086,0.0015106878
0.46706662891780865,0.00036597252,0.0015058545
0.4670941747054486,-0.001032412,0.001508458
0.4671322278981494,-0.000957489,0.0015104634
0.46720195404333237,-0.0005159378,0.001508631
0.4672557384007698,0.00059580803,0.0015082125
0.46737851918766765,-0.0007644892,0.0015099073
0.46738145524605007,-0.0021601915,0.0015092655
0.4673965698610704,-0.0009369254,0.0015071477
0.46751911047229205,-0.0015159845,0.0015064629
0.46754178877680025,-0.0012803674,0.0015081217
0.4676025284970114,-0.00027900934,0.0015118562
0.4676240163348017,6.866455e-5,0.0015072656
0.46770404556088413,0.0023088455,0.001520901
0.4677107625663344,-6.902218e-5,0.0015062233
0.4678069764725244,0.00042653084,0.0015102619
0.46787339368464426,-0.00057679415,0.0015101958
0.46796811744421135,0.00079500675,0.0015128253
0.4679927258085543,0.00014686584,0.0015089216
0.46802072899371855,-0.0019224286,0.0015077826
0.4681492250136941,-0.0013709664,0.0015080824
0.4681594804142572,0.0006945133,0.0015072509
0.4681991359660525,-0.0006645322,0.0015125442
0.46826000755692226,-0.000878036,0.0015064193
0.46835292251817445,0.001503706,0.0015068017
0.46840993301415385,-0.0007381439,0.0015105867
0.4684886149877477,0.00075387955,0.0015089633
0.4685550818592313,-0.0011553168,0.0015123825
0.46860189414469905,0.0011870861,0.0015097443
0.46864281416004744,-0.0021404624,0.0015078785
0.4687750617528415,0.00081801414,0.0015099546
0.46877738268228025,-0.00072944164,0.0015085479
0.46879351941031727,-0.0011770725,0.0015073541
0.4688940257526569,-0.0022596717,0.0015079413
0.468992982934712,0.0012700558,0.0015090847
0.46901080953540747,0.0007209778,0.0015095428
0.4690735819676088,6.210804e-5,0.0015056538
0.4691011957229995,-0.0026179552,0.001509593
0.4691393054407092,-0.0010344982,0.0015142845
0.46920898515349657,-0.0006097555,0.0015103429
0.46926274394096507,-0.0009149313,0.0015098997
0.46938558125320046,-0.00046628714,0.0015112355
0.4693884742435012,0.0003556013,0.001508414
0.46940356261562394,0.00011134148,0.0015095031
0.4695260917857467,-0.00081813335,0.0015074885
0.46954879498893815,0.0012369156,0.0015079957
0.4696095764313741,-0.00047796965,0.0015111156
0.46963098553620036,-0.0015151501,0.0015058821
0.469711071286306,-0.0008215308,0.0015185628
0.46971771965436276,0.0010800362,0.0015089194
0.4698140116212454,-0.0012938976,0.0015130977
0.46988040393501046,-0.0004181862,0.0015116307
0.4699751842189293,-0.00059455633,0.001508909
0.46999974884357637,5.030632e-5,0.0015095178
0.47002772578321456,-0.00086790323,0.0015082047
0.4701562096931055,-0.0010868311,0.0015066363
0.4701664899913663,5.030632e-5,0.0015079201
0.47020618861091473,0.0006581545,0.0015105428
0.47026698079424895,-0.00029319525,0.0015100896
0.47035988297084524,-0.000210464,0.0015030744
0.4704169721984744,-0.0012640953,0.001509859
0.4704956306212133,9.095669e-5,0.0015082584
0.47056215401869167,-0.0010602474,0.0015142347
0.4706089212186066,-0.001398027,0.0015100479
0.4706498149897432,-0.0016619563,0.0015059148
0.4707820760384787,-0.000679791,0.0015076159
0.4707843720708769,4.529953e-5,0.0015074249
0.4708005767650218,-0.001211226,0.0015091131
0.47090100302985477,-0.0005155206,0.0015072558
0.4709999474242968,-0.00066006184,0.0015038063
0.47101785275828484,-0.00179106,0.0015098723
0.47108053569198033,-0.0017843843,0.0015034616
0.4711082167398933,0.0009832382,0.001509919
0.4711463829829405,0.0016551018,0.0015111006
0.4712160162636608,-0.0011032224,0.0015091315
0.4712697501534316,-0.000597775,0.0015099053
0.4713926426464618,-0.00027185678,0.0015111589
0.47139549256802377,0.0013204813,0.0015080161
0.47141055536984894,-0.0011326671,0.0015066325
0.4715330724262728,-0.001511991,0.0015087842
0.47155580120107615,-0.0002912879,0.0015082536
0.4716166243650795,-0.00024437904,0.0015118322
0.47163795473825615,-0.000987649,0.0015081569
0.4717180970133707,9.059906e-5,0.0015187474
0.47172467607044827,-0.0009949803,0.0015040209
0.4718210467693093,-0.0010368228,0.0015102762
0.4718874141843909,-0.00060355663,0.0015116812
0.4719822509943044,-0.003257811,0.0015117486
0.47200677187991286,0.00028276443,0.0015085519
0.4720347225753391,0.0009340048,0.0015085214
0.47216319437120274,0.0014669895,0.0015095513
0.4721735002420611,-0.0007558465,0.001509132
0.4722132412547912,0.00017774105,0.0015100914
0.47227395336061867,-0.00057828426,0.0015066635
0.47236684409644464,-0.00086152554,0.0015058354
0.4725026455824077,-0.0015935302,0.0015099737
0.4725692261774948,-0.0006161928,0.0015107936
0.4726159482905426,-0.00083982944,0.0015096316
0.472656816491053,-0.00019317865,0.0015067332
0.4727890903267445,-0.001275003,0.001507498
0.4727913607878595,-0.00082558393,0.0015069732
0.4728076334464693,-0.0025675893,0.0015117404
0.4729079796328098,5.853176e-5,0.0015057607
0.4730069125881244,-0.0023602247,0.0015036367
0.473024896655405,-0.0037394166,0.0015090362
0.47308748874342327,0.00024986267,0.0015056332
0.4731152377564584,-0.0010314584,0.0015092121
0.473153460524186,-0.0023261309,0.0015134179
0.47322304737513926,-0.001908958,0.0015097015
0.47327675569165534,-0.00016731024,0.0015110063
0.47339970403840886,-0.0031507015,0.00151008
0.4734025115667891,-0.0013104081,0.001508338
0.4734175481234167,-0.00068080425,0.0015052173
0.47354005373972746,-0.0017561913,0.0015055658
0.4735628067406142,-0.0010663867,0.0015112064
0.47362367229714214,-0.00010883808,0.0015118691
0.47364492393899754,-0.0008792281,0.0015060698
0.47372512274109263,-0.00013250113,0.001519486
0.47373163248587663,-0.002988398,0.0015057648
0.47382808191704456,0.0007431507,0.0015101858
0.47389442443409996,-0.0015258193,0.0015088449
0.4739893177696795,0.0006752014,0.0015122263
0.47401379424200646,-0.00033527613,0.0015092625
0.4740417193674637,-0.0010217428,0.0015088613
0.47417017972222836,-0.00085914135,0.0015078783
0.47418050981851306,-0.002965629,0.0015073699
0.4742202932260677,-0.0019193888,0.0015091788
0.4742809266002455,-0.00029712915,0.0015070089
0.4743738045504298,-0.0014502406,0.0015042082
0.47443105124431556,-0.0016887784,0.0015099444
0.47450966121521615,-0.00015771389,0.0015110767
0.4745762983356409,-0.0012547374,0.001515058
0.47462297536313575,-0.0009997487,0.0015096918
0.47466381731943436,-0.00034552813,0.0015076662
0.47479610461468175,-0.0019420981,0.001509191
0.4747983495041848,-0.001194179,0.0015066629
0.4748146901285741,-0.0019267201,0.0015092402
0.4749149569086934,-0.0022093654,0.0015049953
0.4750138777526091,0.00016140938,0.0015058205
0.47503194055121084,-0.0016222,0.0015116493
0.47509444179388055,-0.0012164712,0.0015080852
0.4751222580987808,-0.0011842847,0.0015104235
0.47516053806740305,-0.0019668937,0.0015122255
0.47523007848530346,0.0006866455,0.0015097151
0.47528376123053623,0.0010396242,0.0015113668
0.4754067661026273,-0.0013834834,0.0015111048
0.4754095298922974,-0.00062328577,0.0015095605
0.47542454087534164,-0.0032209158,0.0015063053
0.4755470343815678,-0.0031080842,0.0015067117
0.4755698129527522,-0.0024437308,0.0015057018
0.47563072023051906,0.00012457371,0.0015132432
0.47565189246681056,-0.0003951788,0.0015057016
0.4757321484691431,-0.0015950799,0.0015172206
0.4757385889009765,-0.00012850761,0.0015053177
0.47583511773639403,-0.00056397915,0.0015105191
0.4759014346838089,-0.0020172,0.0015103084
0.475996384546369,-0.002878666,0.0015154043
0.47602081727702855,-0.0009711981,0.0015079567
0.476048716158274,-0.00068229437,0.0015088486
0.47617716440163976,0.001768589,0.0015065308
0.4761875200678935,0.0016099215,0.0015098264
0.47622734587027277,-0.0016716123,0.0015111037
0.47628789983855807,0.0018470287,0.0015045078
0.4763807656760292,-0.0009924769,0.0015054772
0.4764380904299505,-4.643202e-5,0.0015106909
0.476516676174439,-0.0016819835,0.0015082294
0.47658337116868693,-0.0016850233,0.0015096948
0.47663000243671466,-0.0019159913,0.0015081011
0.4766708188220585,-0.00091409683,0.0015088994
0.47680311822903326,-0.0013403893,0.001509112
0.47680533821919585,0.0010391474,0.0015070721
0.4768217474832786,-0.0017698407,0.0015148037
0.4769219341858913,-0.0017065406,0.0015067346
0.4770208422421938,-0.0006840229,0.0015048573
0.4770389837740882,0.00014054775,0.0015104467
0.4771013948456521,-0.0002449751,0.0015046828
0.4771292791163317,-0.0013941526,0.0015113577
0.4771676156109486,5.030632e-5,0.0015106926
0.4772371095944819,-0.001321733,0.0015072541
0.4772907667707315,-0.0010637045,0.0015075546
0.4774138274955601,-0.0008291006,0.0015095164
0.4774165482171486,-0.00069993734,0.0015074551
0.47743153362989527,0.00030994415,0.0015088088
0.4775540150220939,0.0011540651,0.0015074977
0.4775768184906474,0.00070631504,0.001509459
0.47763776816521025,-0.0011812449,0.0015125073
0.47765886166886634,-0.0011060238,0.001506774
0.47773917419587913,-0.00179106,0.0015182582
0.47774554598999047,-0.0016364455,0.0015058802
0.47784215288544357,-0.0016562343,0.0015100536
0.47790844493318946,-0.0014641881,0.0015091151
0.47800345132240135,-0.0013533831,0.0015119712
0.47802784031205064,-0.00066798925,0.0015095168
0.4780557129490843,-0.0018506646,0.0015099815
0.478184149079737,-0.0003606081,0.0015073165
0.4781945296456597,-0.0009893179,0.0015105642
0.47823439784122074,-0.0015912652,0.0015111191
0.47829487240394203,-0.00024157763,0.0015078038
0.4783877261287,-0.0007739067,0.0015079333
0.4784451302881853,-0.0016160607,0.0015090693
0.4785236918079047,-0.00089609623,0.0015108072
0.4785904433281473,-0.0015843511,0.0015158713
0.4786370295096363,0.0018213987,0.0015092947
0.4786778196504398,-0.001311183,0.0015089521
0.47881013251598475,-0.0021389723,0.0015101776
0.47881232693486403,-0.0013676882,0.0015049147
0.47882880416505474,-0.0022394657,0.0015096193
0.4789289107888463,4.529953e-5,0.0015059141
0.47902780740536427,8.225441e-5,0.0015062616
0.47904602766989407,-0.0014395118,0.0015104159
0.4791083478961094,-0.00047910213,0.0015048084
0.47913630013355407,-0.0023176074,0.0015130182
0.4791746931518655,-0.0009887815,0.0015125626
0.47924414137856036,-0.0024641156,0.0015104016
0.47929777231026954,-0.0031206012,0.0015097783
0.4794208895614214,-0.001427412,0.0015107879
0.47942356721328533,0.0005450249,0.0015098812
0.4794385263844488,0.001180172,0.001507968
0.47956099633686283,-0.00070762634,0.0015066183
0.4795838247037711,-0.0012596846,0.0015094886
0.47964481677282994,0.00033175945,0.0015125023
0.47966583086960773,-0.0017757416,0.0015049537
0.47974619992195816,0.00020086765,0.0015183508
0.4797525024060761,-0.0005569458,0.0015049847
0.4798491880344931,-0.00030618906,0.0015109151
0.47991545518355555,-0.0006092191,0.0015115547
0.4800105180971193,-0.00048458576,0.0015113109
0.48003486267545853,-0.0010122657,0.0015067132
0.48006270973989457,-0.0011717081,0.0015083244
0.4801911337578341,-0.0028384328,0.0015092259
0.4802015398950403,0.00062310696,0.0015091633
0.48024145048608297,-0.0001013875,0.0015121029
0.4803018456422546,-0.0011005998,0.0015056016
0.4803946872556137,-0.00017172098,0.0015058521
0.4804521694734916,-0.00038778782,0.0015105561
0.4805307074420276,-0.00286299,0.0015094415
0.4805975154872791,-0.0018947124,0.0015114261
0.480644055909301,-0.0015208721,0.0015108485
0.48068482047882116,-0.00252676,0.0015091606
0.48081714680293636,-0.0011506081,0.0015100352
0.4808193156518466,-0.0013751984,0.0015079484
0.48083586084650226,-0.0012994409,0.0015105644
0.4809358880647298,-0.0019251108,0.0015078555
0.4810347725695204,0.00022184849,0.0015046016
0.4810530715670143,0.0009202957,0.0015105664
0.4811153016194952,-0.0015490055,0.0015035387
0.4811433211488049,-0.0004106164,0.0015124687
0.4811817706944254,-0.0038564801,0.0015094841
0.48125117249003896,0.0007740259,0.0015068005
0.48130477784947895,0.00050604343,0.001509162
0.48142795095271135,0.00051522255,0.0015124606
0.48143058553912216,0.0006611347,0.0015099572
0.48144551913637373,-0.0016831756,0.0015079153
0.48156797697804604,-0.002267778,0.001506491
0.4815908302433091,-0.00068330765,0.0015089209
0.48165186470620686,-2.9206276e-5,0.0015099708
0.4816728000696921,-0.0020352006,0.0015069577
0.48175322564935147,-1.5676022e-5,0.0015176045
0.4817594588211758,-0.0031954646,0.0015043617
0.4818562231809141,-0.0023692846,0.0015089641
0.4819224654332646,-0.0015829206,0.0015096958
0.4820175848724944,-0.00047308207,0.0015127747
0.48204188571113776,-0.0003877282,0.0015087879
0.48206970653201925,-0.0017448664,0.0015074804
0.48219811843593124,-0.0027742982,0.0015058372
0.4822085494708351,-9.119511e-6,0.0015081473
0.48224850245735945,-0.00042420626,0.0015103805
0.48230881888188143,0.0003837347,0.0015122825
0.4824016477082846,-0.0006169081,0.0015052697
0.4824592093327121,-0.0010977983,0.0015097301
0.4825377224012504,-0.002977848,0.0015090404
0.48260458764641084,-0.0009825826,0.0015106399
0.48265108298189413,-0.0017032623,0.0015087366
0.4826918219814454,-0.00019478798,0.0015086748
0.48282416109120213,-0.00080370903,0.0015106623
0.4828263043675148,-0.0019210577,0.0015054039
0.482842917526964,-0.0031895638,0.0015100498
0.4829428646689992,-0.0018393397,0.0015046794
0.4830417377336765,-0.0027390122,0.0015049037
0.483060114791206,-0.002331674,0.0015084825
0.48312225467126674,-0.002209127,0.0015049765
0.4831503414934272,-0.0012882352,0.0015114659
0.48318884823764235,-0.0003721118,0.0015118818
0.48325820359888877,-0.00024032593,0.0015083848
0.48331178338868847,-0.0027606487,0.0015109461
0.4834350130175869,-0.0016669035,0.0015110512
0.48343760386463047,-0.0013824701,0.0015084314
0.48345251189092725,-0.0028912425,0.0015058788
0.4835749576179151,-0.0018934608,0.0015091341
0.4835978364554471,-0.0009901524,0.0015084248
0.4836589126385981,-0.001440525,0.0015106418
0.48367976859816214,-0.0014896989,0.0015061295
0.4837602513774019,-0.00035774708,0.0015179553
0.4837664152366043,-0.00071150064,0.001506218
0.48386325900190635,-0.0013815165,0.0015093419
0.48392947568264505,0.0014355183,0.0015093593
0.4840246516491839,-0.0004531145,0.0015107729
0.4840489087455027,-0.0017445683,0.0015094796
0.48407670399575803,-0.0005889535,0.0015076775
0.48420510311534276,0.00023365021,0.0015065775
0.48421555904794417,-0.00014644861,0.0015081574
0.4842555551012359,-0.001875937,0.0015110017
0.4843157921201939,-0.0018211007,0.0015068209
0.48440860883519826,-0.00038003922,0.0015047902
0.484466248518347,-0.00033050776,0.0015128034
0.48454473803471604,-0.002180159,0.0015113016
0.4846116598038997,-0.00052314997,0.0015103858
0.48465811005547305,-0.00032758713,0.00151157
0.48469882280982673,-0.00076949596,0.0015099545
0.4848311753781536,-0.0012719631,0.0015091964
0.48483329308318296,0.000269413,0.0015072725
0.4848499748823258,-0.0016463995,0.0015100167
0.4849498419448827,0.00024974346,0.0015075954
0.48504870222391844,-0.0028377175,0.0015039132
0.48506715868569744,-0.0003504753,0.0015110918
0.485129207721724,-0.0010717511,0.001505723
0.4851573625106496,-0.00042420626,0.0015094056
0.48519592578118803,-0.0022076964,0.0015128299
0.4852652347093816,-0.0009648204,0.0015096827
0.485318788255298,-0.0018284917,0.0015090948
0.48544207441051973,-0.002113998,0.0015140988
0.48544462286109574,0.00011897087,0.0015107129
0.4854595046454809,-0.002019763,0.0015069722
0.4855819389326839,-0.0007747412,0.0015058891
0.4856048419953138,-0.0005028844,0.0015078835
0.4856659599000322,-0.0016555786,0.0015119079
0.4856867378002179,-0.00016450882,0.0015069447
0.48576727710348094,-0.002252996,0.001517467
0.4857733723256183,-0.0023283958,0.0015051997
0.4858702941506274,-0.0013684034,0.0015090957
0.48593648593268274,-0.00033402443,0.0015103581
0.486031718424559,-0.0023260713,0.0015091924
0.4860559311075963,-0.0026093125,0.0015060897
0.4860837007865683,-0.0005982518,0.0015100467
0.48621208846735414,-0.001341939,0.0015074683
0.4862225692986389,-0.0013509393,0.0015094689
0.48626260707316965,-0.0015147924,0.0015095029
0.48632276468557795,-0.0026972294,0.001505222
0.4864155692885263,-0.0010847449,0.0015049751
0.48647328770233894,-0.0012279153,0.0015101924
0.4865517529959104,-0.0010770559,0.0015112493
0.4866187319640172,-0.0017456412,0.001514357
0.48666513712905196,-0.002621293,0.0015085724
0.48670582431113657,-0.002708733,0.0015075399
0.48683818966379083,-0.001224041,0.0015071231
0.4868402818001654,0.00090646744,0.0015073129
0.4868570315650876,-0.0010710955,0.0015133905
0.48695681854783784,-0.0003954172,0.0015083619
0.4870556673874174,-0.00045764446,0.0015044052
0.48707420190890344,-1.2516975e-6,0.0015115401
0.4871361607721813,-0.003344953,0.0015042039
0.48716438352590047,-0.0011540651,0.0015115358
0.4872030033234192,-0.004529357,0.0015132276
0.48727226582053157,-0.001344204,0.0015086778
0.4873257937945075,-0.0008544326,0.0015096386
0.48744913580345256,-0.0008520484,0.001511169
0.4874516411856183,-0.0008609295,0.0015074445
0.4874664973987201,-0.002804339,0.0015056634
0.48758891957386724,-0.00130409,0.0015085277
0.48761184820712317,-2.9444695e-5,0.0015093735
0.4876730078347234,-0.0033975244,0.001511721
0.48769370700095943,-0.0024111867,0.0015051686
0.48777430283087425,-0.0014567971,0.0015198092
0.48778032874071814,-0.0026157498,0.0015059386
0.4878773292996769,-0.0012329817,0.0015091347
0.4879434961823917,4.529953e-5,0.0015130687
0.4880387851999342,0.0009560585,0.0015123808
0.4880629541439328,0.0001475811,0.0015081683
0.4880906975786929,-0.0039185286,0.0015119568
0.4882190731444655,-0.0016013384,0.0015063074
0.48822957887509083,-0.0016084313,0.0015106308
0.48826965971737474,-0.0006645322,0.0015088272
0.4883297379252047,-0.0026943684,0.0015077161
0.48842252974053996,0.00042045116,0.0015071596
0.48848032756188814,0.0005559921,0.0015111379
0.4885587679557904,-0.002266705,0.0015091507
0.48862580412413475,-0.0026197433,0.0015133875
0.48867216420098797,-0.00071275234,0.001509378
0.4887128251408322,-0.0007624626,0.0015075487
0.4888452039520566,-0.00080138445,0.0015083328
0.48884727051681937,0.00035881996,0.0015079294
0.4888640882465351,-0.0003170371,0.0015101213
0.48896379582503574,-0.001985848,0.0015047584
0.4890626325515736,-0.0013507009,0.0015061066
0.48908124580569506,-0.0019322634,0.0015100172
0.4891431138226386,-0.000364542,0.0015046179
0.4891714038692085,-0.0009198785,0.001510557
0.48921008086499335,-0.0015036464,0.0015112072
0.48927929693201005,-0.0028733015,0.0015094443
0.48933279933240265,-0.0008379817,0.0015099255
0.4894561978683281,-0.00045341253,0.0015107858
0.48945865951145523,-0.0003196597,0.0015094659
0.48947349015195935,-0.0025642514,0.0015083805
0.48959590021373617,-0.0018768907,0.0015047003
0.4896188537463327,-0.0019221306,0.00150822
0.489680055766786,-0.0035415888,0.0015090631
0.4897006762030152,-0.0024450421,0.0015072011
0.4897813285589247,0.0003248453,0.0015201085
0.4897872851561465,-0.0017880797,0.001504889
0.4898843644474122,5.030632e-5,0.0015076144
0.48995050575917226,-0.002909243,0.001508767
0.4900458519753093,-0.0005069375,0.0015138286
0.4900699765060264,-0.00013518333,0.0015062643
0.4900976943695032,1.5616417e-5,0.0015075597
0.490226057823877,-0.0010689497,0.0015097151
0.4902365884515428,-0.0019786954,0.0015101752
0.4902767116883226,-0.0021707416,0.0015141243
0.49033671049058875,-0.0021736026,0.0015069266
0.49042949086613935,-0.0003077984,0.0015042258
0.49048736674850874,-0.0024270415,0.0015131428
0.490565783588599,-0.0022179484,0.0015118252
0.4906328762816236,-0.0007247925,0.001516812
0.4906791912735811,-0.0011800528,0.0015124363
0.49071982596921354,-0.0011005998,0.0015081832
0.490852217567394,0.00073957443,0.0015082799
0.49085425923281617,-0.0029559731,0.0015051252
0.4908711449279826,0.00011789799,0.0015121982
0.49097077242799075,-0.00022274256,0.0015056031
0.49106959704181546,-0.0014414787,0.0015037995
0.4910882897015009,-0.0029466748,0.0015138286
0.49115006754733864,-0.00070530176,0.0015060002
0.4911784248867594,-0.00088340044,0.0015098625
0.49121715840722463,-0.002532959,0.0015124885
0.49128632804217426,-0.0005546212,0.0015080543
0.49133980487259793,-0.0013841391,0.0015078536
0.49146325925961803,-0.00090044737,0.0015130995
0.49146567783729206,-0.0002503395,0.0015106219
0.4914804829051986,-0.002636373,0.0015069898
0.4916028815271907,-0.0016474724,0.0015085854
0.4916258599584707,-0.0006838441,0.0015086196
0.49168710370049157,-0.0012337565,0.0015113507
0.4917076447308281,-0.0037788749,0.0015051714
0.49178835428566087,-0.0008407235,0.0015172523
0.491794241572232,-0.0010198355,0.0015069426
0.4918913995944903,-0.0021754503,0.0015099832
0.49195751600920984,-0.0009332895,0.0015107341
0.4920529187506844,-0.0021585822,0.0015110434
0.4920769995410485,-0.002104342,0.0015073693
0.49210469116031347,-0.0020980835,0.0015096288
0.4922330425026313,-0.0017855167,0.0015063691
0.49224359870125184,-0.0016742945,0.0015106609
0.49228376433219906,-0.004556775,0.0015079038
0.4923436837302156,-0.001972258,0.001504616
0.49243645132012454,-0.0010534525,0.001505878
0.49249440593381505,0.00018179417,0.0015087979
0.49257279854847896,-0.0011733174,0.0015089234
0.49263994844042686,-0.0024616122,0.0015124034
0.49268621767456006,-0.0021555424,0.0015078818
0.4927268274705234,-0.0015787482,0.001509483
0.4928592318543455,-0.003314674,0.0015104632
0.49286124794717007,4.529953e-5,0.0015083352
0.49287820228235873,-0.003033638,0.0015125474
0.49297774970387426,-0.0014742017,0.0015078522
0.4930765622049859,-0.0010383129,0.0015066337
0.4930953329247068,-0.0007969737,0.0015098125
0.4931570205991102,-0.0025240183,0.0015046162
0.4931854452310533,-0.0009216666,0.0015080731
0.4932242359504417,-0.0019700527,0.0015112981
0.4932933591516813,-0.0013020635,0.0015102549
0.4933468104124645,-0.0016950369,0.001506911
0.4934703206515651,-0.0026233792,0.0015122298
0.4934726968347431,-0.002095461,0.0015076629
0.4934874756597521,-0.0010268092,0.0015075058
0.4936098621690312,-0.0013487935,0.001505523
0.4936328654973516,-0.0005655885,0.0015072819
0.49369415163485414,-0.00028127432,0.0015111957
0.4937146139315696,-0.0015753508,0.001507428
0.4937953800123969,-0.0017273426,0.0015150609
0.49380119798733185,-0.0006401539,0.0015057086
0.4938984347428827,-0.0020993352,0.0015095709
0.4939645262589189,-0.0004478097,0.0015106237
0.4940599848544454,-0.0016645789,0.0015084222
0.4940840225760706,-0.0019192696,0.0015090875
0.49411168795243815,-0.0004941225,0.0015075415
0.49424002718007126,-0.00025218725,0.0015075537
0.49425060827868955,-0.0014119744,0.0015089539
0.4942908163021614,-0.0006546378,0.0015099215
0.4943506569691852,-0.0026896,0.0015063023
0.4944434124457238,-0.0015159249,0.0015063367
0.49450144579204985,-0.00049227476,0.0015101684
0.49457981418260183,-0.0017283559,0.0015056577
0.4946470206005444,-0.0018945336,0.0015117492
0.4946932447471532,-0.0004144311,0.0015084937
0.4947338282989047,-0.00084114075,0.0015085578
0.494866246141297,-0.0021760464,0.0015085454
0.4948682366641525,-0.0014659166,0.0015038414
0.49488525896512053,-0.0037847757,0.0015080193
0.4949847263068294,-0.0034591556,0.001504235
0.49508352669654215,-0.002470374,0.0015058003
0.4951023768208413,-0.0016923547,0.0015103342
0.4951639736482532,-0.0004284382,0.0015032664
0.4951924662476184,-5.286932e-5,0.0015092785
0.4952313134936586,-0.0014864206,0.0015109538
0.49530039026250267,-0.00088477135,0.0015085258
0.495353815951674,0.00023770332,0.0015077544
0.49547738271775504,-0.0027631521,0.0015095234
0.49547971515795136,-0.0010489225,0.0015099118
0.49549446841299133,9.083748e-5,0.0015113902
0.4956168428102144,-7.253885e-5,0.0015074221
0.49563987103721824,-0.0010324717,0.0015077124
0.49570119956954545,-0.0007585287,0.0015087901
0.4957215831336254,-0.00017863512,0.0015050088
0.4958024057391331,-0.004695177,0.0015160412
0.4958081544024317,-0.0020307899,0.0015050282
0.49590547056486084,-0.0023679137,0.0015079846
0.49597153650862796,-0.0018439889,0.0015095286
0.4960670516298205,-0.0018689036,0.0015133652
0.4960910449394786,-0.004087031,0.0015062863
0.49611868474324844,-0.00056272745,0.0015088766
0.4962470118594828,0.0005199909,0.0015085306
0.4962576178551415,-0.00079858303,0.0015093152
0.4962978689470235,-0.00060635805,0.0015093115
0.4963576295339121,-0.0014662147,0.0015061651
0.4964503728983947,-0.0003530383,0.0015060636
0.49650848497735617,-0.0006071925,0.0015157717
0.4965868291424818,-2.6464462e-5,0.0015109173
0.4966540927606619,-0.0005507469,0.0015120453
0.49670027181974635,-0.0033233166,0.0015061995
0.49674082912860035,0.00054609776,0.0015075529
0.4968732604282485,-0.00082695484,0.0015112143
0.4968752253811351,0.0014992952,0.0015089585
0.49689231564656805,-0.0008815527,0.0015135647
0.4969917035840273,-0.00236547,0.0015047976
0.4970904918597125,-0.0020953417,0.0015061657
0.4971094200443758,0.0005835295,0.0015111042
0.4971709267000248,-0.0015004277,0.0015050496
0.49719948726254065,-0.002840519,0.0015090171
0.4972383910358899,-0.0020173788,0.0015092248
0.49730742137398126,0.00063073635,0.0015094224
0.497360821491212,-0.0024176836,0.0015063218
0.4974844441097021,-0.0020304918,0.0015105251
0.4974867334837882,-1.8417835e-5,0.0015094929
0.4975014611662307,-0.0015366077,0.001507231
0.4976238241239976,0.00040197372,0.0015075428
0.49764687724935613,-0.00071310997,0.0015102791
0.49770824750292236,0.0006725788,0.0015090336
0.4977285516614383,-0.0018134117,0.001506688
0.49780943146718354,9.179115e-5,0.0015145506
0.4978151108188457,-0.00032675266,0.0015060861
0.49791250571193896,-0.00016576052,0.0015091875
0.4979785467580084,-0.0015568137,0.0015120626
0.4980741184051956,-0.0007324815,0.0015104343
0.49809806797581496,-0.0018029213,0.0015087691
0.49812568153405873,0.00038850307,0.0015090497
0.49825399653823704,-0.0013011694,0.0015058354
0.4982646281038648,-0.00047165155,0.0015099705
0.49830492091928585,-0.0017478466,0.0015097624
0.49836460277222455,-0.0027127862,0.0015090031
0.4984573333523799,-0.0019814372,0.0015058821
0.49851552416397676,-0.0018396974,0.0015097787
0.4985938447752903,-0.0003746748,0.001511567
0.49866116491946505,-0.0004786849,0.0015121981
0.4987072988923396,-0.0011638403,0.0015082017
0.49874782995763894,-7.1525574e-7,0.0015088293
0.49888027471651425,0.00095272064,0.0015089214
0.498882214095489,-0.0018788576,0.0015057253
0.4988993723273584,-0.0038269758,0.0015086442
0.49899868018763943,-0.0027080774,0.0015066869
0.49909745702288294,-0.0018657446,0.0015058491
0.49911646394149595,-0.0032225251,0.0015103424
0.49917787975179634,-0.0001013875,0.0015057632
0.49920650760716306,-0.0012140274,0.0015092801
0.49924546857746405,-9.649992e-5,0.0015137993
0.49931445248414547,-0.0017260909,0.0015091021
0.4993678270300929,-0.001263082,0.001513158
0.49949150550164917,-0.0031004548,0.0015118731
0.49949375180962513,-0.00296098,0.0015089186
0.4995084539207842,-0.0011251569,0.0015065128
0.4996308047648523,-0.001351893,0.0015083494
0.49965388278823714,-0.000426054,0.0015102017
0.499715295435642,-0.00026738644,0.0015093602
0.4997355208621798,-0.0013344288,0.0015042378
0.4998164571939197,-0.0018532276,0.0015191289
0.49982206723394557,-0.000957489,0.0015053416
0.4999195408596742,-0.0034914613,0.0015076221
0.4999855570083746,0.00023126602,0.0015097824
