t_phase,flux,flux_err
-0.49999988429129527,0.00031805038,0.00045028346
-0.49994156403652223,-0.00050991774,0.0004642119
-0.4999223270435923,-0.0005235672,0.0004640079
-0.49986272429496714,-0.000187397,0.0004643817
-0.4998173232892189,-0.00096422434,0.00046456727
-0.49973951671128325,-0.0009692311,0.00046444059
-0.49961192822612355,-0.0010847449,0.00046447775
-0.49948175735987554,0.0003851652,0.0004644543
-0.4994482026523762,-0.001036942,0.0004641345
-0.49943776572742304,-0.0005222559,0.00046468308
-0.4994151862381845,-8.0764294e-5,0.0004972444
-0.4992997929137146,7.402897e-5,0.00046460103
-0.4992017645323432,-0.0004196167,0.00046490712
-0.4990258989800658,-0.000103890896,0.00046411421
-0.49901674684990416,-0.0010085106,0.00046457368
-0.49897954027782476,0.00014638901,0.00046396142
-0.4988658333022419,-0.00041341782,0.0004645598
-0.4987949572264201,0.0006533861,0.00046486515
-0.49859947450115527,-0.0011394024,0.00046457959
-0.4985738215558059,-0.0005118251,0.00045064528
-0.49851551851465625,-0.001473546,0.00046396133
-0.4984963035139547,0.00017642975,0.0004641882
-0.4984366280922008,-0.0008429289,0.00046449932
-0.4983911917048388,-0.000464499,0.00046457894
-0.4983134444150821,-0.00026613474,0.0004646486
-0.49818581098666304,-2.7775764e-5,0.00046476725
-0.49805570514436737,-0.00012713671,0.0004641599
-0.49802217051732756,-0.00119102,0.00046414352
-0.49801166378724915,-0.00040638447,0.00046466815
-0.4979890565672074,-0.0006058812,0.00049674604
-0.4978737110544672,-0.00011694431,0.0004647319
-0.49777564251124284,0.0003798008,0.00046477673
-0.49759984198268437,-0.0019521117,0.0004634685
-0.49759064012762355,-0.0007711649,0.00046440796
-0.4975535004928995,-0.00071173906,0.00046406663
-0.49743974379311773,-0.000277102,0.0004646403
-0.49736883042391333,-0.00053846836,0.0004646783
-0.4971733620424008,-0.0016461015,0.00046456838
-0.4970894720370225,-0.00052046776,0.00046413104
-0.49707027902878287,-0.00020390749,0.00046400187
-0.4970105328466029,3.695488e-6,0.0004646332
-0.4968873711612456,-0.000348866,0.00046454772
-0.49675969279050114,-0.00056016445,0.00046450458
-0.49662965292839234,-1.7821789e-5,0.0004643631
-0.4965961374258109,-0.00022685528,0.0004641955
-0.49658556184684177,-2.4795532e-5,0.0004649012
-0.4965629259399956,-0.00052446127,0.00049678003
-0.4964476282396856,-0.00020080805,0.0004647047
-0.49634951953460826,-0.00056767464,0.00046454623
-0.4961737840293017,-9.512901e-5,0.0004640282
-0.49616453244934167,-0.0006222129,0.00046447708
-0.4961274597515061,-0.0002450943,0.00046408933
-0.4960136542844604,-0.00033265352,0.00046473133
-0.49594270266610585,-0.0012404323,0.00046472164
-0.49574724958364635,-0.00022149086,0.00046490267
-0.4957216960866947,-0.00052690506,0.00045057238
-0.4956634255575212,-0.00024420023,0.00046415272
-0.4956442545440779,-0.001119554,0.0004638087
-0.4955844366436031,0.0003093481,0.00046472755
-0.49553893045088226,0.00019168854,0.0004645903
-0.49546129790717564,-0.00085514784,0.00046448104
-0.49533357554963986,0.0002732277,0.00046459457
-0.4952036007114834,0.0011202097,0.00046456693
-0.4951701043342943,-0.00031369925,0.00046421087
-0.4951594599064344,-0.00055879354,0.0004646535
-0.4951367953118502,0.00070118904,0.0004965311
-0.4950215463797377,-0.00063198805,0.00046471145
-0.4949233975142082,-0.0005258322,0.00046470304
-0.49474772607661943,-0.0020527244,0.00046377702
-0.49473842477246055,3.695488e-6,0.00046446105
-0.4947014199672811,-0.00053685904,0.00046393808
-0.49458756477463584,0.0003118515,0.0004646614
-0.49451657586383246,-0.00054460764,0.0004645763
-0.494321137124892,0.00025558472,0.0004647302
-0.49429563335260607,-0.0006723404,0.00045052153
-0.4942373790780199,-0.0009996295,0.00046406683
-0.49421823005890597,-0.000764668,0.00046380085
-0.49415834044060325,-0.00037574768,0.00046470575
-0.494112798867436,0.00027680397,0.00046464923
-0.49403522561097457,0.00032877922,0.00046476768
-0.4939074583097125,0.0003914833,0.000464709
-0.49377754849550837,0.00013065338,0.00046452778
-0.4937440712439449,-0.00048023462,0.0004643069
-0.49373335892249515,4.4941902e-5,0.0004647962
-0.49371066564087307,-0.000121831894,0.0004963119
-0.49359546356332185,-0.0011890531,0.00046439687
-0.4934972745359395,3.695488e-6,0.00046490962
-0.493321669079238,-0.0005777478,0.00046418342
-0.4933123180515806,-0.0006272197,0.0004644677
-0.4932753801823557,-0.00089126825,0.00046384495
-0.49316147526481136,-0.0004557371,0.00046462813
-0.4930904490606254,9.286404e-5,0.00046479734
-0.49289502466613755,0.0005648136,0.00046480846
-0.492869569661349,-0.00055509806,0.000451312
-0.49281133260038623,-0.0009894371,0.0004639936
-0.4927922065299688,-0.0006660819,0.00046387545
-0.4927322442378369,0.00094139576,0.00046486026
-0.49268666824022433,3.695488e-6,0.00046464583
-0.49260915235853875,0.0006428957,0.0004646974
-0.49248134011401745,-0.00039428473,0.00046466902
-0.49235149628023367,-0.0006136298,0.00046440875
-0.49231803815266173,-0.0014157295,0.0004639265
-0.49230725698232125,-0.00018703938,0.00046467278
-0.4922845350141283,0.0009366274,0.0004964707
-0.49216938170477476,5.9604645e-7,0.00046487513
-0.4920711525143723,-0.00067418814,0.0004647116
-0.4918956111253885,-0.00014477968,0.00046421128
-0.49188621037399916,-0.0008507967,0.00046435295
-0.4918493394411958,-9.88245e-5,0.00046393627
-0.4917353847999194,3.695488e-6,0.00046480919
-0.49166432130211746,-0.00033289194,0.0004647206
-0.49146891125114855,-0.0005726814,0.0004646467
-0.4914435069258596,-0.00032675266,0.00045083088
-0.49138528707852025,-0.00028032064,0.00046420994
-0.4913661820447969,-0.00055879354,0.00046389303
-0.4913061480343702,0.00079226494,0.00046472283
-0.49126053665677805,-0.00063854456,0.00046473058
-0.4911830791054027,-0.0005802512,0.00046457982
-0.4910552228740901,-0.00026845932,0.00046459158
-0.49092544406402516,-0.0005004406,0.00046422167
-0.49089200506114505,-0.00084388256,0.0004639584
-0.49088115504121355,0.0005748272,0.00046479487
-0.49085840438785044,-0.00024825335,0.00049602444
-0.49074329888999313,-0.0005145073,0.0004647622
-0.4906450295375042,-1.2874603e-5,0.00046480077
-0.49046955412800697,0.00039362907,0.0004646122
-0.49046010365171855,-0.0005617142,0.00046458436
-0.49042329965603704,0.00014472008,0.00046419972
-0.49030929529172906,-0.001221478,0.00046448543
-0.4902381944998442,8.606911e-5,0.00046471122
-0.4900427987921606,-0.0006136894,0.00046465293
-0.49001744419177096,-0.00059103966,0.00045049435
-0.48995924059995266,-0.0008494258,0.00046419638
-0.4899401575593916,-0.00029098988,0.0004639636
-0.48988005278760505,-0.00028711557,0.00046452033
-0.4898344060286325,-0.0013745427,0.00046449684
-0.4897570068075674,0.00048851967,0.0004647472
-0.4896291056341626,3.695488e-6,0.000464475
-0.48949939184805014,-0.00034868717,0.0004643117
-0.4894659719696284,4.3153763e-5,0.00046429495
-0.48945505310103965,-0.00022679567,0.00046456663
-0.4894322747159394,-0.00072366,0.0004957753
-0.4893172170298119,-0.00037652254,0.00046471073
-0.4892189075168708,-0.00024867058,0.00046477013
-0.4890434961753247,-0.00028002262,0.00046425406
-0.4890339959741371,-0.0002709031,0.00046451206
-0.48899725987087816,0.00040483475,0.00046419216
-0.48888320578237143,1.6212463e-5,0.00046501294
-0.4888120676975708,1.4781952e-5,0.0004646923
-0.4886166863331728,3.695488e-6,0.00046482333
-0.4885913814581492,0.0011739731,0.0004518795
-0.4885331941204514,1.4305115e-6,0.00046416905
-0.4885141340311546,-0.00021189451,0.00046384824
-0.4884539565857725,-0.0014141798,0.00046469836
-0.48840827540142084,3.695488e-6,0.00046471882
-0.48833093355443125,-0.0003144741,0.00046471378
-0.4882029874380007,0.00042176247,0.0004647047
-0.48807334058830965,0.00012481213,0.00046458235
-0.48803993983457983,0.0008428097,0.00046421355
-0.48802895116179956,0.000218153,0.00046492784
-0.48800614408779397,0.00083231926,0.0004959175
-0.4878911342136295,-0.0003323555,0.00046454667
-0.4877927845395358,-0.00027757883,0.00046471535
-0.48761743822194215,1.4305115e-6,0.00046437528
-0.4876078892527902,-0.0007597208,0.00046461582
-0.4875712200868867,-0.0006096363,0.0004638292
-0.48745711627254684,-0.00039708614,0.00046453121
-0.48738593993952983,-6.5624714e-5,0.00046489487
-0.48719057387441833,-0.00014227629,0.00046469527
-0.48716531872406044,-0.000210464,0.00045124642
-0.4871071476418839,-0.0010229945,0.0004642723
-0.4870881095459828,0.0015074015,0.00046421264
-0.4870278603827728,-0.0015096664,0.00046451602
-0.4869821438184415,-0.00018435717,0.00046489996
-0.4869048612579967,3.695488e-6,0.00046469676
-0.48677687019713944,3.695488e-6,0.00046465607
-0.4866472883723346,-0.0005367398,0.0004642354
-0.48661390674423044,5.3048134e-5,0.00046424838
-0.4866028492220925,3.695488e-6,0.0004648632
-0.48658001346151614,-0.00025612116,0.00049557607
-0.4864650523550824,-0.0006902218,0.000464917
-0.4863666625177351,0.00029444695,0.00046467397
-0.4861913812247941,-0.0003528595,0.00046419015
-0.48618178157520875,-2.1636486e-5,0.00046466317
-0.4861451803017278,-0.0008738041,0.00046374623
-0.4860310267634227,0.0006263256,0.00046491742
-0.48595981313725645,-0.0002733469,0.00046463328
-0.485764461415664,-0.0008586049,0.00046460758
-0.4857392559888045,-5.2273273e-5,0.00045140425
-0.48568110116401675,-1.13248825e-5,0.0004643882
-0.485662085060811,-0.00013244152,0.00046406095
-0.485601764179306,0.0001733303,0.00046469993
-0.48555601319122976,-0.0007342696,0.00046481026
-0.48547878800486055,-0.00038319826,0.0004646726
-0.4853507529572121,-0.00026589632,0.00046464946
-0.48522123615682644,0.0009175539,0.00046471626
-0.48518787365271376,-0.0005362034,0.00046414108
-0.48517674823721946,-0.00021082163,0.00046473937
-0.48515388379053903,-0.0006556511,0.00049562333
-0.48503897049630185,0.0007504225,0.00046494656
-0.4849405395401667,-0.0004771948,0.0004648104
-0.48476532327117805,-0.00038069487,0.00046414245
-0.48475567389809415,7.224083e-5,0.00046492394
-0.48471913955986756,-0.00047945976,0.0004637958
-0.4846049372547654,0.0007658005,0.0004648795
-0.48453368633404936,-0.00043594837,0.0004646893
-0.4843383489573764,3.695488e-6,0.000464768
-0.4843131932535486,0.0010428429,0.0004515366
-0.48425505564238425,0.00016224384,0.0004642292
-0.4842360615316402,-0.00051373243,0.00046389757
-0.4841756689327743,0.0002629757,0.0004649737
-0.4841298825633177,0.0008687973,0.0004650074
-0.4840527157072586,-0.00085014105,0.0004645437
-0.4839246347617505,-0.00039440393,0.00046459734
-0.4837951839408514,1.4305115e-6,0.00046443546
-0.4837618405611971,0.001921773,0.00046442891
-0.4837506462965786,-0.00074130297,0.00046466914
-0.48372775316239347,-0.00056016445,0.00049513375
-0.4836128876808198,-0.00084912777,0.00046459507
-0.4835144175190663,-0.00039839745,0.0004648671
-0.48333926627379653,0.00033402443,0.00046463523
-0.48332956717674735,0.00013649464,0.00046488998
-0.48329309977494217,2.360344e-5,0.00046405857
-0.48317884774564124,3.695488e-6,0.00046476713
-0.48310755857554144,-6.67572e-5,0.00046480983
-0.48291223649815507,3.695488e-6,0.00046477554
-0.48288713051946,4.7802925e-5,0.00045150192
-0.48282900916381677,0.00088489056,0.00046438057
-0.48281003704623493,-0.00037527084,0.00046406014
-0.4827495727304748,-0.0007799268,0.00046485028
-0.482703750979638,-0.0003528595,0.00046475505
-0.4826266424538891,-0.00117594,0.00046475776
-0.4824985175225235,-0.0004580617,0.00046464414
-0.48236913172394247,-0.001074791,0.00046428404
-0.4823358074699139,-0.0005799532,0.00046417775
-0.48232454435687167,0.00067806244,0.00046501044
-0.48230162253518183,-9.9658966e-5,0.00049510424
-0.48218680582087203,3.695488e-6,0.00046503663
-0.48208829549796595,-0.00027024746,0.00046479172
-0.48191320832134776,-0.00010442734,0.00046437452
-0.48190345949846547,-7.7843666e-5,0.00046489658
-0.48186705999048374,0.0001538992,0.00046407527
-0.4817527582355833,-0.00061899424,0.00046475916
-0.481681431773735,-0.0004925132,0.0004645815
-0.4814861240384668,-0.00027358532,0.00046478785
-0.48146106682937007,-0.00056010485,0.00045132442
-0.48140296268431537,-0.0007455349,0.00046422536
-0.48138401351823146,0.000906229,0.0004642712
-0.4813234765284089,-0.00024056435,0.0004647241
-0.4812776203533601,0.00070142746,0.00046495686
-0.4812005701579214,0.00016927719,0.00046479513
-0.4810724002816622,0.00031161308,0.0004647443
-0.48094307950796744,-0.00075125694,0.00046457903
-0.48090977533486534,-0.0010481477,0.00046398642
-0.4808984424171646,0.00056636333,0.00046487604
-0.48087549190843704,-5.954504e-5,0.0004949864
-0.4807607230051565,0.00066661835,0.00046513366
-0.48066217252063104,0.0008985996,0.00046536518
-0.48048715132396624,-0.0004825592,0.00046426998
-0.4804773527768852,0.00072169304,0.00046492805
-0.4804410202060253,-0.0006083846,0.00046402612
-0.480326668726459,4.005432e-5,0.00046479676
-0.48025530497146174,3.695488e-6,0.000464844
-0.4800600115801793,0.0007365942,0.00046508695
-0.4800350040945811,0.0006227493,0.0004519982
-0.4799769162057479,-0.00029736757,0.0004642722
-0.47995798903282616,0.00040781498,0.00046442388
-0.4798973803249422,0.000690341,0.00046493238
-0.4798514887699138,-0.0013802648,0.00046469955
-0.4797744969045519,-0.00050359964,0.0004647217
-0.47964628208479987,3.695488e-6,0.00046479728
-0.47951702824916076,-0.00024843216,0.0004645206
-0.47948374224358215,-0.0005518198,0.000464342
-0.4794723404769907,3.695488e-6,0.00046505794
-0.4794493612812253,-0.00058180094,0.0004948903
-0.4793346411468429,-0.00053435564,0.00046478803
-0.47923605049953066,-1.7523766e-5,0.00046498494
-0.47906109336988334,-0.0010000467,0.00046406256
-0.47905124510023755,3.695488e-6,0.00046478646
-0.4790149804211,-0.0001322627,0.00046420205
-0.4789005792178017,-0.0005542636,0.00046480077
-0.4788291772122535,-0.00026971102,0.0004649516
-0.47863389912235876,0.00025725365,0.00046496716
-0.47860894135955856,-0.0013027787,0.00045142416
-0.4785508706838819,-0.0002773404,0.00046438116
-0.47853196454742086,-0.0008215308,0.0004641548
-0.4784712850774766,-0.00018948317,0.00046483302
-0.47842535814176834,0.0004117489,0.00046510546
-0.4783484246074169,0.00055897236,0.0004647481
-0.47822016484557284,-0.0001501441,0.0004649843
-0.4780909760336527,0.0002593994,0.0004645818
-0.47805770915229895,-0.001110673,0.00046431317
-0.47804623949235103,-0.0006584525,0.0004648632
-0.4780232316102482,-0.00041764975,0.0004946642
-0.477908559287362,-0.0001810193,0.0004648242
-0.47780992752219575,0.00090038776,0.0004651841
-0.47763503541650065,-0.0002040267,0.00046429198
-0.4776251383786573,0.00038266182,0.00046504065
-0.47758893967947313,0.0008890629,0.0004642108
-0.47747448970867756,0.0003181696,0.00046503355
-0.47740305040974673,0.0004901886,0.0004649702
-0.4772077866636043,-0.00028687716,0.00046490517
-0.47718287862500297,0.00013101101,0.0004519982
-0.47712482420531444,0.00017786026,0.00046445438
-0.4771059410184836,1.4305115e-6,0.000464365
-0.4770451888754106,-0.00041872263,0.00046484795
-0.4769992275145566,-0.00069755316,0.00046502714
-0.47692235135428074,-0.00018393993,0.0004649306
-0.47679404760611244,0.0005223751,0.0004649188
-0.47666492381767755,-9.179115e-6,0.00046451626
-0.4766316760614826,-7.69496e-5,0.00046428613
-0.47662013755194366,0.00036096573,0.00046492653
-0.47659710098303654,0.00042796135,0.0004946515
-0.47648247647164654,6.8068504e-5,0.00046496216
-0.4763838055008619,0.00068974495,0.00046507374
-0.4762089784198196,-0.00029361248,0.00046394774
-0.4761990307003754,3.695488e-6,0.0004649472
-0.4761628998943144,-0.00050097704,0.00046412475
-0.4760484001995534,-3.71933e-5,0.00046489827
-0.47597692360840715,0.000577569,0.00046497086
-0.47578167420391604,-0.0006380081,0.0004648172
-0.47575681589091434,-0.00065881014,0.00045181197
-0.4756987777260465,-8.094311e-5,0.00046446224
-0.47567991653331176,-0.0008701086,0.00046411876
-0.4756190926733447,3.695488e-6,0.00046486655
-0.4755730959311103,3.2901764e-5,0.0004649298
-0.47549627905737923,0.00038588047,0.00046483224
-0.4753679303657181,-0.00015038252,0.0004649101
-0.4752388716007687,0.0009150505,0.00046475994
-0.47520564392643405,-0.00043296814,0.00046435103
-0.4751940356127037,-7.742643e-5,0.0004649698
-0.475170970354891,3.695488e-6,0.00049440464
-0.475056394612399,-0.0002709031,0.00046511093
-0.4749576825242273,-0.0009498,0.00046506108
-0.4747829204671373,0.00041043758,0.00046420703
-0.4747729239790286,-0.00063711405,0.0004648333
-0.4747368601100893,0.0003515482,0.0004643187
-0.47462231069042915,4.0769577e-5,0.00046489024
-0.4745507968061339,4.4584274e-5,0.00046491786
-0.4743555617451617,3.4809113e-5,0.0004650151
-0.4743307531568257,0.00061023235,0.00045211177
-0.4742727322034802,1.4305115e-6,0.00046446698
-0.4742538930043745,-0.00066554546,0.0004638635
-0.474192997426813,0.0001449585,0.00046492546
-0.4741469653036652,0.0001887083,0.00046481876
-0.47407020676047773,-0.0002592206,0.00046486655
-0.4739418121686223,3.695488e-6,0.0004648119
-0.47381282034102823,-0.00053840876,0.00046456227
-0.47377961083515086,-6.2823296e-5,0.0004644095
-0.4737679336725298,-0.00070017576,0.00046489888
-0.47374483972767933,3.695488e-6,0.0004943289
-0.4736303127531516,0.00021398067,0.00046517406
-0.47353156050219314,-0.00057536364,0.00046507307
-0.4733568634697558,1.4305115e-6,0.00046465
-0.473346816301914,0.00070381165,0.00046511306
-0.4733108203256309,0.00025856495,0.00046429696
-0.473196221181305,-0.0005106926,0.0004647935
-0.4731246690473925,-0.000310421,0.00046498462
-0.47292945024310873,-2.7418137e-5,0.00046488803
-0.47290469042180316,-0.00018328428,0.0004523344
-0.47284668572584654,-9.256601e-5,0.00046454204
-0.47282786851920255,0.00052034855,0.00046422312
-0.4727669012231127,-0.00013762712,0.00046487313
-0.47272083467715387,0.0005393028,0.00046500863
-0.4726441335073417,-5.3286552e-5,0.00046478515
-0.4725156949291618,0.00018930435,0.0004650337
-0.47238676812552005,-0.00027102232,0.0004646779
-0.47235357774386766,1.4305115e-6,0.00046453334
-0.4723418326876566,0.00010228157,0.00046491993
-0.47231870910093454,3.695488e-6,0.00049433444
-0.47220422993766964,-0.0006015897,0.00046496998
-0.47210543848039244,-0.00014930964,0.00046510503
-0.47193080551590627,1.4305115e-6,0.00046438372
-0.4719207095805671,-0.0010469556,0.00046472775
-0.4718847805407056,-0.00034868717,0.00046406477
-0.47177013167218085,0.00045108795,0.00046509836
-0.4716985422448857,-0.00013762712,0.0004648774
-0.47150333778435427,-0.00030446053,0.0004649645
-0.47147862768631377,-0.00041800737,0.0004524057
-0.4714206392477459,0.00031757355,0.00046442557
-0.47140184499073223,-0.00021064281,0.00046422816
-0.4713408050203465,0.0008864403,0.00046501672
-0.4712947030937076,-0.00021058321,0.0004649223
-0.47121806121090704,-5.7816505e-6,0.00046494504
-0.47108957768923443,-2.2888184e-5,0.00046494155
-0.470960715909545,-0.0006338954,0.00046458407
-0.47092754560858563,6.0796738e-6,0.00046444059
-0.4709157307474827,0.0002708435,0.00046511999
-0.4708925784746567,7.6174736e-5,0.00049402704
-0.4707781480784221,0.0007978678,0.00046514499
-0.47067931550375786,-0.0006824136,0.00046501358
-0.47050474851852486,7.605553e-5,0.00046450197
-0.4704946028582865,-0.0003632307,0.00046477458
-0.4704587407548464,3.015995e-5,0.00046435115
-0.4703440421628232,-0.00038528442,0.00046495316
-0.4702724154421455,3.695488e-6,0.00046470732
-0.4700772253246661,3.695488e-6,0.0004649773
-0.47005256495222514,-2.7775764e-5,0.00045242807
-0.46999459372541297,0.00034236908,0.00046489798
-0.4699758205055604,9.059906e-6,0.000464124
-0.46991470977381467,-0.00091791153,0.00046515313
-0.46986857246556213,-0.00017696619,0.00046493174
-0.46979198891400553,0.0008198023,0.0004652319
-0.46966346044930707,-0.00051504374,0.00046500543
-0.46953466369357,1.4305115e-6,0.00046480176
-0.46950151251800276,-3.2186508e-6,0.0004643119
-0.4694896288073088,0.0002645254,0.00046507063
-0.4694664488027458,0.0008531809,0.0004941399
-0.4693520662191747,-3.4570694e-5,0.00046491445
-0.46925319348312444,0.0001475811,0.00046532287
-0.4690786905658426,6.6399574e-5,0.0004645248
-0.46906849518070504,0.0005055666,0.00046500014
-0.469032700969921,8.6545944e-5,0.0004642517
-0.4689179526543994,0.00036513805,0.00046518637
-0.46884628863963873,-0.00064224005,0.00046485045
-0.46865111286591166,0.00068473816,0.00046529257
-0.46862650221860336,5.4597855e-5,0.00045248552
-0.4685685472459117,-8.893013e-5,0.00046453573
-0.46854979697662313,-0.00017166138,0.00046427234
-0.4684886135710483,-0.000364542,0.00046501998
-0.4684424418383504,3.695488e-6,0.00046496862
-0.46836591565993557,-0.0005565882,0.0004647633
-0.46823734225314506,0.00017249584,0.0004650559
-0.4681086124338295,1.0609627e-5,0.00046451134
-0.46807547942671957,-0.000277102,0.00046430668
-0.46806352686690145,-0.0006213188,0.00046508518
-0.46804031817460023,3.695488e-6,0.0004937091
-0.4679259843596938,0.001023531,0.00046530023
-0.46782707146202407,3.695488e-6,0.00046510925
-0.4676526335686946,-0.00048226118,0.00046436387
-0.46764238846005846,-0.00019824505,0.00046485136
-0.46760666118592953,-0.0002528429,0.00046423962
-0.4674918631443413,0.00021314621,0.0004650678
-0.46742016088183114,0.00035953522,0.00046503718
-0.4672250004071572,0.00013291836,0.00046504906
-0.46720043948404777,-0.00011277199,0.00045212405
-0.4671425007673442,-0.0006943345,0.00046442135
-0.46712377344768585,0.00044953823,0.00046450208
-0.46706251832428314,5.7697296e-5,0.00046503745
-0.46701631025537105,-0.0007559657,0.00046501862
-0.46693984336303407,-0.0006684065,0.0004648541
-0.4668112250132177,-0.00032424927,0.0004648935
-0.4666825602178545,0.00021529198,0.0004647663
-0.46664944729143754,-0.00046384335,0.0004645649
-0.4666374258836625,0.0005187988,0.00046550034
-0.4666141875483224,-0.001958549,0.0004935264
-0.46649990154397836,-0.00061810017,0.00046485837
-0.46640094848398883,-0.00030499697,0.00046522034
-0.4662265756143781,-6.3598156e-5,0.0004645387
-0.46621628078224364,-0.00013715029,0.00046505925
-0.46618062140077077,1.8715858e-5,0.00046445694
-0.46606577363451684,3.695488e-6,0.00046500447
-0.46599403407955786,-0.00025200844,0.0004651181
-0.46579888794840285,0.00010919571,0.00046522645
-0.46577437674855837,0.0013990402,0.00045312408
-0.4657164552457116,-4.8935413e-5,0.000464575
-0.46569774896228056,4.5657158e-5,0.00046432918
-0.4656364221212833,-0.00023323298,0.00046499234
-0.4655901796281593,0.0010390282,0.00046488337
-0.465513771066833,0.00074338913,0.00046512022
-0.46538510777305686,0.0005687475,0.00046509563
-0.4652565080023463,-0.00022161007,0.0004646599
-0.46522341419992086,-3.4987926e-5,0.00046454795
-0.46521132394348863,0.00072824955,0.00046523946
-0.4651880569208773,-5.6624413e-6,0.0004936639
-0.4650738196847308,-0.00093466043,0.00046515634
-0.464974826462655,0.00033020973,0.00046542712
-0.46480051861723015,1.4305115e-6,0.00046460863
-0.46479017406089673,0.00032615662,0.0004649933
-0.4647545806589104,0.00034618378,0.00046441652
-0.464639684126093,-0.00038689375,0.00046494784
-0.4645679072763508,-9.649992e-5,0.00046508582
-0.46437277549011524,-3.296137e-5,0.0004651441
-0.4643483140140028,1.4305115e-6,0.00045226392
-0.46429040876784455,0.00051414967,0.0004647381
-0.4642717254340436,-0.00054240227,0.00046447688
-0.46421032591851696,3.695488e-6,0.00046511414
-0.4641640490002473,3.695488e-6,0.00046505273
-0.4640876978129965,0.0002529621,0.00046522173
-0.463958990532896,0.00011622906,0.0004650624
-0.4638304567426058,-0.00046122074,0.00046467473
-0.46379738110863766,0.00022888184,0.00046455028
-0.4637852220023809,-0.0004273057,0.00046500014
-0.4637619262929652,0.00018143654,0.0004935557
-0.46364773782618385,0.00010919571,0.00046533096
-0.4635487044415546,-4.476309e-5,0.00046556938
-0.46337446162054896,0.000313282,0.00046500002
-0.4633640663833153,0.0007790327,0.00046531763
-0.4633285408739851,-0.0010115504,0.00046411983
-0.4632135946174357,-2.4020672e-5,0.00046522217
-0.4631417804740774,4.7445297e-5,0.00046532054
-0.4629466630313609,-0.00057423115,0.00046513096
-0.46292225127991415,0.0014996529,0.00045321527
-0.46286436228927696,1.4305115e-6,0.00046455002
-0.4628457009488718,0.0005722046,0.0004645521
-0.46278423067198526,3.695488e-6,0.00046518736
-0.46273791741656756,3.695488e-6,0.00046489952
-0.4626616255151611,-0.00083494186,0.00046500875
-0.46253287329390247,-0.00026887655,0.0004650926
-0.462404404525697,1.4305115e-6,0.00046487676
-0.4623713489745229,1.4305115e-6,0.00046453188
-0.46235912101844157,3.695488e-6,0.00046531972
-0.46233579566575356,-9.3758106e-5,0.00049347157
-0.46222165596670295,-5.8412552e-5,0.00046512476
-0.4621225814642197,0.0006285906,0.00046548943
-0.4619484036681002,-0.00016027689,0.00046468855
-0.4619379596619684,-7.9512596e-5,0.00046516277
-0.4619025010895267,-1.9669533e-6,0.0004646528
-0.4617875051078446,-0.00024455786,0.0004650049
-0.46171565367227096,-4.0113926e-5,0.00046518524
-0.4615205505719061,0.00036096573,0.00046519566
-0.4614961885460589,-8.3208084e-5,0.00045278447
-0.4614383167660103,-0.00062954426,0.00046470424
-0.4614196774199345,-0.00016736984,0.00046457094
-0.4613581344696859,-0.00025737286,0.00046516646
-0.4613117867902897,-0.00092357397,0.00046508468
-0.4612355532191934,7.522106e-5,0.00046532424
-0.46110675509680665,0.0011671782,0.00046533698
-0.46097835230972195,1.4305115e-6,0.0004649951
-0.46094531588300625,-0.00022596121,0.00046470348
-0.46093301907873463,3.695488e-6,0.000465122
-0.46090966503900876,-7.677078e-5,0.00049318967
-0.46079557410698857,-3.1769276e-5,0.0004652041
-0.4606964594431193,-0.00010031462,0.00046517927
-0.4605223466707187,1.4305115e-6,0.00046468846
-0.4605118529406216,-0.00045007467,0.00046503852
-0.46047646130506825,0.0007351637,0.00046460534
-0.46036141559778654,0.00029623508,0.000465187
-0.46028952591469696,3.695488e-6,0.00046529897
-0.46009443811291817,3.695488e-6,0.00046511609
-0.4600701258112698,-0.0004197955,0.00045272196
-0.46001227028744274,0.00019168854,0.00046462155
-0.45999365389076385,0.0002617836,0.00046460782
-0.45993203922315407,0.00042068958,0.00046556047
-0.4598856561628445,0.00018298626,0.00046536655
-0.45980948092275886,-0.00024557114,0.00046504318
-0.45968063785617885,-0.00051784515,0.00046512298
-0.45955230009468073,0.00029039383,0.00046489516
-0.45951928374725726,1.4305115e-6,0.00046469245
-0.45950691713949454,-0.00051146746,0.00046510785
-0.459483534411797,0.0003182888,0.00049320416
-0.4593694912915065,-4.351139e-6,0.00046522217
-0.45927033742201895,-0.00017046928,0.00046530878
-0.45909628871663577,-0.00014865398,0.00046488576
-0.45908574526304013,3.695488e-6,0.00046509592
-0.45905042152014286,0.0012648106,0.0004645208
-0.45893532608912935,-0.00018692017,0.00046512933
-0.45886339911148977,0.00015616417,0.00046512575
-0.45866832565509763,0.0007287264,0.00046540212
-0.4586440630762474,-0.001557827,0.00045259378
-0.45858622476557676,0.0006508827,0.00046472324
-0.45856762940535845,-0.00029730797,0.0004647431
-0.45850594301992087,-0.0004132986,0.00046507487
-0.4584595255349325,-0.00010454655,0.00046528893
-0.45838340862585736,-0.00018584728,0.00046533725
-0.4582545206169518,-0.00041365623,0.0004652904
-0.45812624883470676,0.00066304207,0.00046505025
-0.45809325065597406,1.4305115e-6,0.00046465974
-0.4580808161546214,4.684925e-5,0.0004655286
-0.45805740378458537,3.695488e-6,0.0004930462
-0.45794340943272593,0.00040268898,0.00046516408
-0.45784421444445056,-0.00027680397,0.00046534382
-0.45767023171948773,0.00025951862,0.00046474204
-0.45765963854145975,-0.0010045171,0.00046520715
-0.45762438173451714,-0.00024402142,0.000464811
-0.457509236580939,5.7578087e-5,0.00046519018
-0.4574372723082827,4.351139e-5,0.0004652672
-0.45724221415234434,-0.00065499544,0.00046525802
-0.4571601782879431,-0.00058192015,0.00046473913
-0.4571416058773551,-0.0001732111,0.0004645441
-0.45707984681692104,3.695488e-6,0.00046521338
-0.45703339395148623,-0.00017559528,0.00046536856
-0.4569573353717874,0.0012534857,0.00046544996
-0.4568284033774914,1.4305115e-6,0.00046546172
-0.45670019661849826,1.4305115e-6,0.0004648777
-0.45666721852139236,0.00039613247,0.0004647381
-0.45665471421351367,-0.0004772544,0.0004655337
-0.4566312731573736,-0.00031101704,0.0004927793
-0.4565173275739455,-0.0006688833,0.00046525698
-0.4564180924231168,3.695488e-6,0.0004654045
-0.456244173766572,1.4305115e-6,0.00046473928
-0.45623353086317797,0.00016832352,0.0004652393
-0.4561983419493584,-0.00014919043,0.00046444774
-0.45608314707158126,-0.00015217066,0.0004652962
-0.4560111455069431,3.695488e-6,0.0004652721
-0.45581610169288955,-0.00033289194,0.00046505855
-0.45579193760760306,0.00018131733,0.0004533946
-0.4557341318084418,-0.00026285648,0.0004648268
-0.4557155823481843,0.0010508299,0.00046477022
-0.45565375157108967,3.695488e-6,0.0004651661
-0.455607263324041,0.00021004677,0.0004653709
-0.4555312630748859,3.695488e-6,0.00046527636
-0.4554022861368636,-0.00026589632,0.00046516903
-0.45527414440252323,1.4305115e-6,0.0004650542
-0.4552411854305761,-5.5730343e-5,0.00046478093
-0.4552286122742736,0.00017106533,0.00046527374
-0.45520514252922817,3.695488e-6,0.00049265346
-0.4550912457142311,3.695488e-6,0.00046534836
-0.45499197040295025,3.2424927e-5,0.00046532994
-0.4548181167698909,0.00054848194,0.00046505439
-0.45480742414183106,7.939339e-5,0.00046519146
-0.4547723021653668,2.3722649e-5,0.00046428814
-0.4546570575617568,0.00072443485,0.00046539056
-0.45458501870443635,-0.0001887083,0.00046534458
-0.4543899892341351,3.695488e-6,0.0004654347
-0.45436587487304747,0.00094771385,0.00045362508
-0.45430808628517505,1.4305115e-6,0.0004648547
-0.45428955786231207,0.00032937527,0.00046479466
-0.4542276553687903,0.00032246113,0.00046524403
-0.4541811326965959,-0.0002027154,0.00046535055
-0.45410519077845135,0.00033938885,0.00046534778
-0.4539761679400013,0.000238657,0.00046548905
-0.45384809314278274,-0.00073444843,0.0004651674
-0.4538151523392929,0.00016272068,0.00046481928
-0.4538025112908012,0.0005918741,0.000465546
-0.4537790119020164,3.695488e-6,0.0004927492
-0.45366516385404987,0.0007047653,0.00046553658
-0.4535658474246814,-0.0003695488,0.00046527147
-0.4533920597722759,1.4305115e-6,0.00046477895
-0.4533813174209511,-0.00011718273,0.00046523285
-0.45334626238090836,-0.0007368922,0.00046414332
-0.45323096900886717,0.0003376007,0.00046540017
-0.4531588919019296,3.695488e-6,0.00046532636
-0.4529638767758476,0.00010597706,0.00046531198
-0.4529398121375581,-0.0003555417,0.00045364164
-0.4528820398075414,1.4305115e-6,0.00046494658
-0.4528635343333749,0.00017368793,0.00046469233
-0.45280156012155814,9.560585e-5,0.00046535747
-0.4527550011140834,0.0005736351,0.00046547898
-0.45267911848154974,-0.00033211708,0.00046532322
-0.4525500507005408,0.00041794777,0.00046564612
-0.45242204092727456,0.00031125546,0.0004651067
-0.45238912020354394,-0.00042188168,0.00046480604
-0.45237640934992696,0.00019180775,0.00046550354
-0.4523528812752716,8.583069e-6,0.0004924728
-0.4522390819952693,0.0002681017,0.0004655037
-0.4521397254028807,3.695488e-6,0.0004655339
-0.45196600181795954,-0.00044572353,0.0004648748
-0.45195520974383663,6.854534e-5,0.00046523736
-0.4519202225959831,-0.00019216537,0.00046443296
-0.45180487950020987,2.2530556e-5,0.0004655249
-0.4517327641434217,0.00039947033,0.00046554112
-0.45153776431709314,0.00031995773,0.00046541268
-0.4515137494030025,0.000528574,0.00045377342
-0.4514559942856754,2.4080276e-5,0.00046501798
-0.45143751080490446,1.4305115e-6,0.00046474714
-0.45137546391809147,-8.827448e-5,0.0004653653
-0.45132887048687176,-7.2062016e-5,0.0004651127
-0.45125304618464823,-0.0011166334,0.00046521722
-0.4511239334615472,-0.0003542304,0.00046526646
-0.45099598966753407,-0.00030106306,0.000465007
-0.45096308711202726,5.2332878e-5,0.0004649136
-0.45095030836528727,-0.0009276867,0.00046534138
-0.45092675064806,0.0003681183,0.00049248926
-0.45081299917978723,0.00077211857,0.00046568917
-0.4507136033824808,0.0001335144,0.00046556562
-0.45053994482151183,1.4305115e-6,0.00046490593
-0.45052910302202287,0.0002747774,0.0004655146
-0.4504941828101239,0.00042653084,0.0004648561
-0.4503787899910857,0.00014448166,0.0004654724
-0.4503066373411484,-0.00023889542,0.00046542642
-0.450111651857405,3.504753e-5,0.0004654106
-0.45008768666891386,-0.0004233122,0.000453577
-0.4500299478071079,0.0003569126,0.00046492484
-0.4500114872766676,-0.00049877167,0.00046479958
-0.4499493686720266,-0.00031512976,0.0004652476
-0.4499027398587262,1.5735626e-5,0.00046544918
-0.44982697388774673,0.00015890598,0.00046541975
-0.4496978162213864,-0.0003722906,0.0004653133
-0.44956993745155904,-0.00022053719,0.00046542293
-0.4495370549779125,0.0007485151,0.00046498762
-0.44952420642558033,0.0010194778,0.00046569348
-0.4495006200199144,-0.00035911798,0.0004921679
-0.4493869173198395,-0.00026077032,0.0004653044
-0.4492874813618474,-0.00012618303,0.00046568713
-0.4491138868688296,-0.00018674135,0.00046490013
-0.44910299629974215,-0.0004969239,0.00046532098
-0.4490681430251985,-0.00040018559,0.00046445083
-0.44895270048196145,0.0011399984,0.0004657183
-0.448880510538875,0.00046551228,0.00046555884
-0.44868554035488517,-0.00051862,0.00046519842
-0.44866162393435827,-0.00065791607,0.00045377374
-0.44860390228384117,0.0005527735,0.00046499813
-0.4485854627912623,1.4305115e-6,0.00046475994
-0.4485232724701941,0.00090527534,0.00046555582
-0.44847660923151456,-2.8073788e-5,0.00046498928
-0.4484009015908452,3.6358833e-5,0.00046564682
-0.4482716989807587,7.998943e-5,0.00046539112
-0.448143885235584,1.4305115e-6,0.00046512234
-0.4481110218866293,1.4305115e-6,0.00046503343
-0.44809810448540643,3.695488e-6,0.0004656153
-0.4480744893927028,0.00071692467,0.00049226143
-0.4479608354603586,-0.00069743395,0.00046520887
-0.44786135838451235,0.00012123585,0.00046551882
-0.44768782987168165,-0.00016838312,0.0004646911
-0.44767688862286104,0.00053298473,0.00046556277
-0.447642103241207,0.0005066395,0.00046456125
-0.4475266109728373,-0.0009949803,0.0004652871
-0.44745438373660174,0.0005735159,0.0004654817
-0.44725942789683104,0.000993967,0.0004657063
-0.4472355611998027,0.00046801567,0.00045374845
-0.4471778558052737,-0.00037658215,0.00046495497
-0.4471594392618581,-0.0014055371,0.00046448084
-0.44709717722272846,3.695488e-6,0.0004653532
-0.4470504776485352,0.0008405447,0.00046551926
-0.4469748292939437,0.00043177605,0.00046552822
-0.44684558174083133,0.00021767616,0.0004655127
-0.4467178339758435,5.877018e-5,0.00046533835
-0.4466849897513473,-0.0004324317,0.00046488337
-0.4466720035014671,-0.00024449825,0.0004654011
-0.44664835876642495,-0.00020092726,0.0004919714
-0.446534753602045,-0.00043863058,0.00046542767
-0.44643523636247817,-0.00011384487,0.00046562598
-0.4462617728735998,0.0011786222,0.0004653139
-0.44625078190221457,0.00020444393,0.0004657722
-0.4462160634567486,0.00039482117,0.00046432103
-0.44610052146347967,-0.0005249381,0.0004654594
-0.44602825693432846,-0.00020325184,0.00046542104
-0.4458333154378432,-6.222725e-5,0.00046544409
-0.4458094984652471,-0.0018467903,0.00045371908
-0.4457518102836411,1.4305115e-6,0.00046512982
-0.44573341573268743,0.0008839369,0.00046495485
-0.4456710810190283,0.00029218197,0.00046555593
-0.4456243470213235,3.695488e-6,0.00046561807
-0.4455487560405742,-0.00026202202,0.00046543145
-0.4454194645006704,2.5391579e-5,0.00046558277
-0.44529178176033535,1.4305115e-6,0.0004652178
-0.4452589566598306,-0.00016438961,0.0004649781
-0.4452459015612932,-0.0003774166,0.00046551524
-0.4452222281389798,0.000872612,0.00049195444
-0.44510867174279745,3.695488e-6,0.0004655268
-0.4450091143413779,3.695488e-6,0.000465711
-0.4448357149202171,-1.0728836e-5,0.00046496454
-0.44482467518086766,0.00021374226,0.00046575666
-0.4447900246271239,-0.0010559559,0.00046442647
-0.4446744329103566,-0.0004056096,0.0004655317
-0.44460213013112126,-0.00040453672,0.00046555593
-0.44440720297908876,3.695488e-6,0.00046551714
-0.4443834357306915,0.0007172823,0.00045465442
-0.44432576380577404,6.54459e-5,0.0004648251
-0.4443073922044505,1.4305115e-6,0.00046493346
-0.4442449857734304,-0.00046616793,0.0004655388
-0.444198216393178,-0.0002655983,0.00046545028
-0.4441226837434392,-0.00017136335,0.0004654347
-0.44399334726050954,-1.8119812e-5,0.00046530413
-0.44386573050059497,-5.5909157e-5,0.00046524024
-0.44383292452478196,0.00013494492,0.0004649774
-0.44381980057712045,3.695488e-6,0.00046555686
-0.44379609751106774,-0.0004323125,0.00049162825
-0.44368258988331655,0.0004749298,0.00046561164
-0.44358299232027754,3.695488e-6,0.0004657183
-0.44340965792353604,1.4305115e-6,0.00046535587
-0.4433985675023524,3.695488e-6,0.00046561655
-0.4433639848417317,-0.00044202805,0.0004646705
-0.4432483434012324,3.695488e-6,0.00046579933
-0.443176003328848,-0.0005661249,0.00046544563
-0.4429810905203343,-0.0009627938,0.0004653711
-0.4429573739528375,1.4305115e-6,0.00045438076
-0.4428997182834411,-0.00054991245,0.00046528326
-0.4428813677197455,-0.00048744678,0.00046494216
-0.4428188895704306,-0.00042831898,0.00046548108
-0.4427720857659663,-0.0009083748,0.0004655707
-0.4426966114465377,-0.0003105402,0.0004654128
-0.442567230021516,-0.00056004524,0.0004652694
-0.442439678283686,0.0007086992,0.0004654125
-0.4424068914341992,-2.1398067e-5,0.0004649017
-0.4423936986367131,3.695488e-6,0.00046567246
-0.442369966883856,-0.0008484721,0.0004916508
-0.44225650802383565,-0.00034034252,0.00046531225
-0.4421568693429425,1.6331673e-5,0.00046569412
-0.4419836009273218,-0.00078839064,0.00046494225
-0.4419724607810055,-0.00010031462,0.0004655631
-0.44193794505727324,-0.00011098385,0.00046462897
-0.4418222538921083,-0.000207901,0.00046552307
-0.44174987652704156,0.00026869774,0.00046572357
-0.4415549790168807,-0.00014263391,0.00046552272
-0.44153131121828193,1.4305115e-6,0.00045418055
-0.4414736718039398,-6.258488e-5,0.00046527231
-0.44145534419080823,1.4305115e-6,0.00046501105
-0.4413927943236654,-0.0001410842,0.0004654329
-0.4413459541834538,0.00068080425,0.00046585547
-0.4412705391496362,0.0003684759,0.00046590736
-0.4411411118251206,0.0007045269,0.0004659712
-0.441013626067711,0.00039982796,0.00046544647
-0.44098085929891706,4.863739e-5,0.00046499152
-0.4409675966965392,-0.0005121827,0.00046564432
-0.44094383625641087,0.00030839443,0.0004916121
-0.44083042616458823,-0.00044983625,0.0004655332
-0.44073074732184225,-9.000301e-6,0.0004656447
-0.44055754297370575,0.00039052963,0.00046523343
-0.4405463540596587,-0.00033313036,0.0004656285
-0.4405119052728148,0.00055909157,0.0004651467
-0.440396164382984,0.0004876852,0.00046568093
-0.44032374876946745,-0.00026136637,0.00046558704
-0.4401288665581262,-0.0001243949,0.00046548093
-0.44010524848372634,-0.00041913986,0.0004543234
-0.4400476262816069,1.4305115e-6,0.000465045
-0.4400293206611706,-0.00039219856,0.0004648893
-0.43996669812089906,0.00076401234,0.00046557045
-0.43991982355600867,-0.0008035898,0.00046573463
-0.4398444668527347,0.000118494034,0.00046579065
-0.4397149945844928,0.000616312,0.0004656955
-0.43958757480867094,1.4305115e-6,0.0004655822
-0.43955482716340155,-0.00043010712,0.00046504286
-0.43954149571353374,0.0005301237,0.00046601053
-0.43951770562896575,-0.00015294552,0.00049140654
-0.4394043443053408,0.00018119812,0.00046577802
-0.4393046253007419,0.00069248676,0.0004659033
-0.4391314859758574,-0.000341475,0.0004650521
-0.4391202473383118,-0.00030320883,0.00046561428
-0.43908586548882333,0.00060510635,0.00046531914
-0.43897007487385986,-0.00019901991,0.0004658193
-0.43889762196626037,0.0006327629,0.00046597337
-0.4387027541003057,3.695488e-6,0.00046577846
-0.43867918574917075,-2.2351742e-5,0.0004545478
-0.43862157980350625,1.4305115e-6,0.00046519752
-0.43860329713199986,5.865097e-5,0.00046516908
-0.43854060287436736,-0.00090032816,0.000465569
-0.4384936929280966,0.00023388863,0.00046570523
-0.4384183955125347,-0.0004759431,0.00046562395
-0.43828887734456545,-0.0005661249,0.00046576376
-0.4381615225924623,-0.001104176,0.00046519094
-0.43812879407211835,0.00037503242,0.00046517487
-0.43811539377312636,0.0007722378,0.00046581306
-0.43809157404645327,0.00015854836,0.0004912457
-0.4379782624460934,0.0011384487,0.00046593542
-0.437878503279408,-0.000685215,0.00046563864
-0.43770542897870934,-3.08156e-5,0.00046513663
-0.43769413966049686,-0.00018894672,0.00046564997
-0.43765982570296413,1.4305115e-6,0.00046485226
-0.43754398632097025,0.00026094913,0.0004656632
-0.43747149516305317,0.0007574558,0.00046591312
-0.4372766416420182,0.00081300735,0.0004658686
-0.4372531230143817,-0.00027000904,0.00045468632
-0.4371955342821072,0.0008620024,0.00046530558
-0.4371772736039965,0.0006791353,0.00046511312
-0.437114506671601,0.0005671978,0.00046583757
-0.43706756230088495,3.695488e-6,0.00046577433
-0.4369923232156332,8.010864e-5,0.00046571472
-0.43686276010510494,-0.00012737513,0.00046572892
-0.43673547133272195,3.1113625e-5,0.00046537968
-0.43670276193753665,1.4305115e-6,0.00046535957
-0.43668929278848667,-0.00014859438,0.0004657939
-0.43666544341924163,4.5776367e-5,0.00049093604
-0.4365521805873128,3.695488e-6,0.00046582342
-0.43645238030183964,3.695488e-6,0.00046578012
-0.4362793710257936,0.00016474724,0.00046530273
-0.4362680329389166,3.695488e-6,0.0004656522
-0.43623378591710493,0.00035357475,0.00046502863
-0.43611789681231306,-0.0007376075,0.000465717
-0.4360453683617137,-0.00047630072,0.0004656749
-0.4358505291823299,-3.862381e-5,0.00046593984
-0.4358270602795926,0.0002065897,0.00045496156
-0.43576948780330627,-0.00038558245,0.00046485855
-0.43575125007552606,1.4305115e-6,0.00046482094
-0.4356884114250692,3.695488e-6,0.00046586627
-0.4356414316734398,5.6385994e-5,0.00046575957
-0.43556625091803125,-7.277727e-5,0.0004656447
-0.43543664286447725,0.00035345554,0.00046580276
-0.4353094191167468,-2.8252602e-5,0.0004655131
-0.4352767288467204,-0.0002644062,0.00046516806
-0.4352631908483128,-0.00052279234,0.00046574234
-0.43523931279109607,-0.00028270483,0.0004908468
-0.4351260987280654,0.00017237663,0.0004659211
-0.4350262582816731,0.00022602081,0.00046575133
-0.43485331402911254,0.00033700466,0.00046526254
-0.4348419262175697,3.695488e-6,0.00046571504
-0.43480774613311346,-0.00031334162,0.00046506335
-0.434691807302255,3.695488e-6,0.00046595818
-0.43461924155920695,-0.00062543154,0.00046569947
-0.43442441767934314,3.695488e-6,0.00046582927
-0.434400997545037,-0.00020366907,0.00045491473
-0.434343442280273,1.4305115e-6,0.00046544246
-0.434325226545655,-0.00055611134,0.00046480153
-0.43426231617900446,0.00015473366,0.00046597995
-0.43421530008976006,-0.00027936697,0.00046556053
-0.43414017862089627,0.00093460083,0.00046604231
-0.43401052562384945,2.5391579e-5,0.00046603786
-0.43388336785700643,0.000636816,0.0004656574
-0.43385069671167176,-3.993511e-6,0.0004652033
-0.4338370898648404,0.00012600422,0.00046584566
-0.4338131821638844,0.00034737587,0.00049084495
-0.43370001686811754,-0.00091165304,0.00046578652
-0.43360013626033933,0.0003954172,0.00046587293
-0.43342725703149765,-6.443262e-5,0.00046512214
-0.4334158194962229,0.00010859966,0.0004658195
-0.433381706348655,-0.0009083152,0.00046477834
-0.4332657177926639,3.695488e-6,0.00046577878
-0.4331931147567002,0.00024163723,0.00046585762
-0.43299830522105565,0.00038599968,0.00046591074
-0.43297493481048144,0.00054359436,0.00045524412
-0.4329173958017055,0.00093853474,0.00046564813
-0.43289920301625084,-0.00016748905,0.00046505345
-0.4328362199762381,-0.00014740229,0.0004657024
-0.4327891694634822,0.0002245903,0.00046566455
-0.43271410632492857,-6.276369e-5,0.00046582407
-0.43258440838438905,-0.000980556,0.0004655102
-0.43245731564149825,-0.00016206503,0.00046555448
-0.4324246645759229,-5.120039e-5,0.00046521597
-0.43241098792373267,-0.0005246997,0.00046580518
-0.43238705153713963,-0.00049495697,0.0004906733
-0.43227393500863664,-0.0005620122,0.00046585963
-0.43217401423853863,-0.00021868944,0.00046579412
-0.43200119907718115,0.00089359283,0.00046547817
-0.4319897118191083,0.00031232834,0.00046588658
-0.4319556675199643,0.00014138222,0.00046498823
-0.4318396292402412,0.00038349628,0.00046601475
-0.4317669879544268,-0.00050807,0.00046576778
-0.43157219276276815,-0.0006905198,0.00046578405
-0.4315488730321605,1.4305115e-6,0.00045488335
-0.4314913502798394,-0.00021189451,0.0004653164
-0.4314731794877805,-6.9737434e-6,0.000465075
-0.4314101247287725,-0.00049346685,0.00046561385
-0.431363038836037,0.00022923946,0.00046604918
-0.431288034028494,0.00021862984,0.00046587596
-0.431158291145162,0.0004466772,0.00046594624
-0.43103126438175776,-0.00047051907,0.00046558367
-0.4309986314844062,0.00014984608,0.0004653444
-0.43098488693932646,-0.0002065897,0.00046608888
-0.4309609209099279,3.695488e-6,0.0004906646
-0.43084785315032303,0.000238657,0.00046598466
-0.43074789221743826,0.0008827448,0.00046612593
-0.4305751420805001,-0.0010053515,0.0004652984
-0.4305636050977615,0.0002322197,0.00046584636
-0.4305296277341051,0.0004836321,0.00046514024
-0.4304135397315839,0.0005028248,0.00046597136
-0.43034086115215353,3.695488e-6,0.00046594685
-0.4301460812597814,-6.920099e-5,0.0004658441
-0.43012281029807187,0.00093853474,0.0004553326
-0.4300653047575066,-0.0002693534,0.00046539854
-0.4300471559593101,0.0007072687,0.0004653367
-0.42998402852600615,-6.276369e-5,0.00046590806
-0.429936908208125,-0.00021725893,0.0004658347
-0.4298619617306587,-0.00021123886,0.00046587305
-0.4297321739050012,0.00049877167,0.00046590986
-0.42960521216578273,1.4305115e-6,0.00046563207
-0.42957259935029146,-0.00019669533,0.00046514653
-0.4295587849996195,0.0005222559,0.00046608617
-0.42953479028178243,3.695488e-6,0.00049075525
-0.42942177129084214,-4.61936e-5,0.00046601193
-0.42932177019680484,-0.00039631128,0.00046593303
-0.42914908508428584,0.00062799454,0.00046561818
-0.42913749837571424,-0.00040996075,0.0004658343
-0.4291035879491797,-0.0004274249,0.00046504318
-0.42898745022245977,-0.000397861,0.00046579965
-0.42891473434988014,3.695488e-6,0.00046599854
-0.4287199688000932,-0.0003786683,0.00046590177
-0.4286967475635163,0.00031030178,0.00045516202
-0.4286392582780052,-0.0007571578,0.00046540017
-0.42862113243130673,-0.00027924776,0.0004652638
-0.4285579332801748,3.695488e-6,0.0004659841
-0.42851077758091327,-0.00022190809,0.00046578486
-0.42843588943329025,-0.00065654516,0.00046586245
-0.42830605666460686,-0.00019270182,0.00046573684
-0.42817916090604224,0.00049340725,0.00046569525
-0.42814656721570976,1.4305115e-6,0.00046511614
-0.4281326840161471,-0.0005149245,0.00046589976
-0.42810865869833614,0.00019085407,0.0004905483
-0.4279956894308944,-3.9219856e-5,0.00046612512
-0.4278956472194698,3.695488e-6,0.0004660416
-0.4277230280871378,0.0002567768,0.00046551466
-0.42771139165413397,-0.00022494793,0.00046580995
-0.42767754816495474,0.00019526482,0.00046547665
-0.4275613616688698,3.695488e-6,0.00046593783
-0.42748860754760687,3.695488e-6,0.00046621027
-0.4272938563420391,3.695488e-6,0.00046601243
-0.4272706848289607,-0.0010519028,0.000455367
-0.42721321275567237,0.00023305416,0.00046551146
-0.42719510890143564,-8.493662e-5,0.00046528914
-0.4271318380334096,3.695488e-6,0.00046596577
-0.42708464599793394,3.695488e-6,0.00046608204
-0.4270098171368557,0.0008776188,0.0004661197
-0.4268799394246795,0.0005711317,0.00046601237
-0.4267531086900672,-0.00031268597,0.0004657661
-0.42672053412442656,0.0008417368,0.00046557945
-0.42670658207597323,3.695488e-6,0.0004660544
-0.42668252807182483,1.7881393e-5,0.00049038255
-0.42656960757164686,0.0009199381,0.00046624042
-0.42646952519743564,-0.0008671284,0.00046592753
-0.4262969701328214,-0.00025385618,0.0004654773
-0.42628528397748633,4.2796135e-5,0.00046618358
-0.4262515083807298,0.0012056828,0.00046552165
-0.4261352721595122,-0.00038689375,0.00046618257
-0.4260624807453336,3.695488e-6,0.0004660792
-0.42586774388305126,3.695488e-6,0.00046618452
-0.4258446220944051,-0.00024187565,0.00045523894
-0.4257871662778052,-0.00012117624,0.00046536978
-0.42576908537179803,-0.00021755695,0.00046534478
-0.4257057418301763,3.695488e-6,0.0004658944
-0.4256585153707222,3.695488e-6,0.00046602098
-0.42558374579688907,3.695488e-6,0.00046593335
-0.42545382218451866,-0.0002951026,0.00046608943
-0.4253270574307937,-0.00017642975,0.000465778
-0.4252945019884441,-0.0005763769,0.00046545305
-0.425280481091567,0.00016605854,0.00046624144
-0.4252563974443797,-0.0001977086,0.00049012096
-0.4251435257128664,0.00029313564,0.00046619444
-0.4250434031763354,0.00011885166,0.00046617506
-0.4248709131356734,-0.00028544664,0.00046538617
-0.4248591772561394,0.00056123734,0.00046611144
-0.42482546955110523,-0.0006467104,0.0004650784
-0.42470918265132174,0.00033819675,0.00046615387
-0.4246363539421264,0.00068843365,0.00046649668
-0.42444163238053145,0.00093615055,0.00046632328
-0.42441856031608405,-0.00030744076,0.00045553254
-0.4243611207561727,0.00015759468,0.00046555852
-0.4243430618435611,-0.000118374825,0.00046526096
-0.4242796465836446,0.0004121065,0.0004660603
-0.42423238474257674,0.00020360947,0.00046634406
-0.42415767349928724,-0.0006774068,0.00046596958
-0.4240277049443578,-0.001006782,0.0004659347
-0.42390100521481855,0.00041294098,0.00046595142
-0.42386846985339544,1.4305115e-6,0.00046545474
-0.42385437915115964,-5.710125e-5,0.00046615116
-0.4238302668167011,0.00046753883,0.00049010734
-0.4237174448103205,0.0005043745,0.00046628295
-0.42361728115593533,0.0003399849,0.00046642264
-0.4234448561389923,-0.0010457039,0.00046532677
-0.4234330705338587,-3.6656857e-5,0.00046623146
-0.423399429765713,0.0003632307,0.00046528617
-0.42328309409843223,0.0002465248,0.00046617523
-0.4232102271398531,0.00016403198,0.00046608687
-0.423015519921777,-0.0004708171,0.00046596886
-0.4229924975812951,0.00021910667,0.00045558548
-0.4229350752338398,-0.00043171644,0.00046571958
-0.42291703831509075,0.0016217232,0.0004654146
-0.42285355133757974,9.357929e-5,0.0004661204
-0.422806254115365,6.330013e-5,0.0004662089
-0.4227316012014519,-0.00033432245,0.00046607424
-0.42260158770536416,9.095669e-5,0.00046633056
-0.42247495395414436,-0.00041002035,0.00046583873
-0.4224424367628127,-0.00026106834,0.00046558486
-0.4224282781679207,-6.151199e-5,0.0004662299
-0.4224041352332548,0.0005928278,0.00049014925
-0.4222913629506061,-0.00090014935,0.0004661761
-0.4221911591346015,-0.00042515993,0.00046635172
-0.42201879914277807,0.00010883808,0.00046588766
-0.4220069638125119,0.00055491924,0.00046641185
-0.42197338998125455,-0.0010718107,0.0004651212
-0.42185700458837416,6.3180923e-6,0.00046610826
-0.4217841003380467,-0.00029081106,0.00046616173
-0.42158940746302254,-0.0004543066,0.00046622686
-0.421566434846506,-0.00018119812,0.00045574768
-0.4215090287543385,3.6358833e-5,0.00046535372
-0.4214910147868538,-0.00011122227,0.00046552342
-0.4214274551348134,-0.00049471855,0.00046605433
-0.4213801234888537,0.0004529953,0.0004663268
-0.42130552890525075,-5.543232e-5,0.0004660551
-0.4211754704652033,8.058548e-5,0.00046635946
-0.4210489017381692,1.4305115e-6,0.0004659579
-0.42101640462846446,0.00087189674,0.0004656555
-0.42100217718398136,-3.2782555e-5,0.0004662775
-0.4209780046058096,-0.00051403046,0.0004899078
-0.42086528109042487,-0.0008535981,0.00046597488
-0.42076503711303426,0.00016093254,0.00046626272
-0.42059274118846157,-6.28829e-5,0.0004655916
-0.42058085709163195,-0.00077718496,0.0004660578
-0.4205473501967961,-0.00036031008,0.00046547508
-0.42043091507925,-0.0006633401,0.0004660589
-0.42035797353647375,-0.00019657612,0.000466335
-0.4201632959605027,0.00038826466,0.0004663177
-0.42014037211288424,0.0014749765,0.00045583834
-0.42008298323200555,-3.3438206e-5,0.0004654548
-0.4200649912572162,1.4305115e-6,0.0004656748
-0.4200013598873479,0.00068461895,0.0004663969
-0.419953991905174,-0.00070518255,0.0004662452
-0.4198794575652842,0.000104904175,0.00046619633
-0.4197493532245756,-0.00016051531,0.00046616694
-0.4196228504791292,1.4305115e-6,0.00046596615
-0.419590372492482,0.00068593025,0.00046582098
-0.419576075243574,0.00031614304,0.000466431
-0.41955187397836446,-0.00036650896,0.0004897088
-0.4194391992318778,-1.9967556e-5,0.00046618527
-0.4193389150917005,0.00043857098,0.0004664734
-0.4191666841903797,0.00023448467,0.00046584883
-0.41915475037028505,-9.572506e-5,0.0004661762
-0.4191213113690392,-0.00015741587,0.00046545462
-0.41900482652682736,3.695488e-6,0.00046645827
-0.41893184673350004,-0.00034677982,0.0004661618
-0.4187371835015149,0.00095307827,0.00046637253
-0.4187143103345633,-0.00037235022,0.00045581118
-0.41865693771013957,1.4305115e-6,0.00046600561
-0.4186389677273451,1.4305115e-6,0.00046560867
-0.41857526464081607,-0.00028198957,0.00046628408
-0.4185278612774954,3.695488e-6,0.00046660163
-0.4184533852683827,-9.75132e-5,0.0004662517
-0.41832323598464827,2.0861626e-5,0.00046624974
-0.4181967992191552,1.4305115e-6,0.00046592616
-0.418164340356733,-0.0008690357,0.00046541606
-0.41814997425940126,-0.00030875206,0.00046627183
-0.41812574335208663,3.695488e-6,0.00048977154
-0.4180131173733307,0.0008229017,0.0004662991
-0.417912792114132,-0.00056022406,0.00046629776
-0.4177406271941656,-0.0002746582,0.00046561536
-0.4177286426917698,-0.00022369623,0.00046624438
-0.41769527158318,0.00083363056,0.0004657468
-0.4175787370177031,3.695488e-6,0.00046624735
-0.41750571993029295,3.695488e-6,0.00046617855
-0.41731107104346077,-3.2186508e-5,0.0004664778
-0.41728824759977423,1.4305115e-6,0.00045607856
-0.4172308912325059,1.4305115e-6,0.00046585474
-0.41721294419934163,-0.0011385083,0.0004653897
-0.4171491684385167,-1.4543533e-5,0.0004662133
-0.4171017306500502,3.695488e-6,0.00046629363
-0.4170273129705474,0.0008649826,0.00046642093
-0.41689711874518776,-1.3530254e-5,0.00046635457
-0.4167707470031802,0.000582695,0.00046607884
-0.41673830726615024,-0.00068306923,0.00046568227
-0.41672387231922736,0.00030303,0.00046641842
-0.41669961176770653,-0.00016140938,0.00048957695
-0.41658703551408327,0.0003092289,0.00046642238
-0.41648667009303175,-4.720688e-5,0.0004663158
-0.4163145701974844,0.00030875206,0.00046606976
-0.4163025359704229,3.695488e-6,0.00046631668
-0.4162692317973208,1.4305115e-6,0.00046577945
-0.4161526484648135,0.00010025501,0.000466657
-0.41607959312872,3.695488e-6,0.00046624453
-0.41588495954094096,3.695488e-6,0.00046636938
-0.41586218486498516,-0.0012164712,0.0004558272
-0.4158048457099395,1.4305115e-6,0.0004658126
-0.4157869206708713,0.0006072521,0.0004659199
-0.415723073191985,3.695488e-6,0.00046633193
-0.41567560002260506,8.070469e-5,0.00046652465
-0.4156012406736458,0.00027418137,0.00046624968
-0.4154710015052604,4.887581e-5,0.00046644514
-0.4153446957434397,0.0009382963,0.00046627954
-0.41531227513156854,0.0008569956,0.00046588582
-0.4152977713352881,-0.0002952218,0.0004663671
-0.415273481139561,3.695488e-6,0.0004892851
-0.4151609546101366,0.00023210049,0.00046640838
-0.4150605480728652,0.0006943941,0.0004665311
-0.41488851320080333,0.00042319298,0.00046614525
-0.4148764292500099,0.0001733303,0.0004664476
-0.4148431920133293,-0.00072038174,0.00046556225
-0.41472655895568933,-9.2983246e-5,0.00046638527
-0.41465346632621325,0.00048244,0.00046655443
-0.4144588470812527,-0.0003809929,0.00046628245
-0.4144361221304296,0.0012180805,0.00045641582
-0.4143788001869062,1.4305115e-6,0.00046591385
-0.414360897141934,-0.00036627054,0.0004657509
-0.41429697794545317,-0.0003734231,0.00046621537
-0.4142494693953934,0.0004981756,0.00046640838
-0.4141751693334458,-0.00058090687,0.00046614758
-0.4140448842643991,-4.1544437e-5,0.00046645058
-0.41391864352746466,1.4305115e-6,0.00046613617
-0.4138862429974537,-0.00031989813,0.00046592494
-0.41387167035134875,0.0001449585,0.00046646918
-0.41384735051328314,0.0010663271,0.00048944476
-0.41373487275088916,-0.0013185143,0.0004662491
-0.41363442605153133,-0.00054472685,0.00046651546
-0.41346245620318844,-0.00025564432,0.000465867
-0.4134503225284295,0.0007568598,0.00046658746
-0.4134171531851054,1.4305115e-6,0.0004658184
-0.4133004694465652,3.695488e-6,0.00046635594
-0.41322733952393986,3.695488e-6,0.00046639945
-0.4130327355787329,-0.0005798936,0.00046638338
-0.41301006035210863,-0.0012888908,0.00045554503
-0.4129527537083387,0.00010418892,0.00046600687
-0.41293487361206294,0.00028777122,0.00046605407
-0.4128708817426868,3.695488e-6,0.0004663547
-0.4128233387691155,-0.00056791306,0.00046638577
-0.4127490970365443,-0.00054359436,0.0004663585
-0.41261876702447176,3.695488e-6,0.00046668074
-0.4124925922681911,-0.000579834,0.00046603454
-0.41246021086147133,0.0008915663,0.00046593806
-0.41244556841117486,4.8995018e-5,0.00046660806
-0.41242121988653835,-0.00042796135,0.00048917916
-0.4123087908921086,-9.1433525e-5,0.00046641353
-0.41220830402973063,-0.00013870001,0.00046648268
-0.41203639824887195,-4.8816204e-5,0.00046620113
-0.4120242158068492,-0.00058335066,0.0004662798
-0.41199111340088046,0.00047707558,0.0004657603
-0.4118743808934421,0.0012563467,0.00046671552
-0.4118012127216666,-0.00047504902,0.0004664527
-0.4116066231204454,-0.00015747547,0.00046642238
-0.41158399761755304,0.00015175343,0.00045677234
-0.41152670818647274,5.9247017e-5,0.00046606024
-0.4115088510393603,-0.0008907318,0.0004657881
-0.4114447864961551,0.00043535233,0.00046670504
-0.41139720814167036,0.0006213188,0.00046638164
-0.4113230247396428,0.00067281723,0.00046667238
-0.4111926497852447,0.0002849102,0.00046650448
-0.41106654100845064,-0.0009353757,0.0004660167
-0.41103417872548886,-0.0003426671,0.00046587587
-0.4110194674263017,-0.00018340349,0.00046651077
-0.41099508830309206,3.695488e-6,0.00048917043
-0.41088270903286117,3.695488e-6,0.00046653074
-0.41078218200863026,3.695488e-6,0.00046680548
-0.41061034125219087,0.0003066063,0.00046599325
-0.4105981090855024,0.0004130602,0.000466538
-0.41056507361525474,-0.0005633235,0.0004657331
-0.41044829138408445,-0.00010895729,0.00046652716
-0.4103750859193932,0.0005656481,0.00046658952
-0.4101805106612241,-0.00016516447,0.00046656354
-0.41015793488299745,0.00037288666,0.00045644006
-0.4101006626641398,0.000118255615,0.00046610498
-0.41008282751089,1.4305115e-6,0.00046625175
-0.4100186912496233,0.00077211857,0.0004665887
-0.40997107655752374,3.695488e-6,0.0004665634
-0.4098969533989759,0.00018239021,0.00046663996
-0.4097665325450839,-0.00014519691,0.00046652943
-0.4096404887924756,1.4305115e-6,0.00046624715
-0.4096081456351395,-0.0004811287,0.0004659078
-0.4095933654861278,0.0011651516,0.00046683478
-0.4095689576749466,-0.00015574694,0.0004889915
-0.4094566271729133,0.00018024445,0.00046652075
-0.40935605998799685,3.695488e-6,0.0004666475
-0.40918428425597664,1.4305115e-6,0.0004657419
-0.4091720023634552,-0.0007020831,0.0004663516
-0.4091390347856302,-1.9729137e-5,0.00046576333
-0.40902220283212865,-0.00048285723,0.00046654933
-0.4089489591171199,0.00012373924,0.00046662195
-0.40875439915777045,0.00087344646,0.00046676846
-0.40873187214844187,-0.00039839745,0.00045665936
-0.4086746161846385,-0.00019019842,0.00046593125
-0.4086568039828865,1.4305115e-6,0.00046615885
-0.40859259600285813,-2.5212765e-5,0.00046667797
-0.408544945930312,-0.00032812357,0.0004664495
-0.4084708811020744,0.00068223476,0.0004668498
-0.40834041530468956,-0.00012874603,0.00046647867
-0.4082144375327351,0.0002554655,0.00046642427
-0.4081821135005578,1.4305115e-6,0.0004662862
-0.4081672645026555,-0.00060224533,0.000466494
-0.40814282704773486,0.0006979704,0.00048919785
-0.40803054626966706,0.00020754337,0.00046667358
-0.40792993796689647,3.695488e-6,0.00046676595
-0.4077582272578948,-0.00072544813,0.0004660412
-0.4077458956418748,-3.5762787e-5,0.0004665912
-0.40771299500140523,0.00016224384,0.00046598096
-0.407596113322771,3.695488e-6,0.00046661176
-0.40752283231484665,-0.00024479628,0.00046675294
-0.40732828669948296,-0.0007722974,0.00046655172
-0.4073058103705878,-5.7160854e-5,0.00045681963
-0.4072485706623056,9.346008e-5,0.0004661947
-0.4072307804539492,0.00035440922,0.00046598722
-0.4071664997998583,-0.00027281046,0.0004666002
-0.4071188153035673,0.00041651726,0.0004665909
-0.40704480976117396,-0.00052303076,0.00046652602
-0.40691429902076337,0.0017883778,0.00046687745
-0.4067883853167601,0.001196146,0.0004666323
-0.40675608136620955,-0.00059622526,0.00046594336
-0.40674116351964995,-0.00040572882,0.0004666705
-0.40671669546428857,-0.0010825992,0.0004886871
-0.40660446441041953,0.00077712536,0.00046666508
-0.4065038159448623,8.893013e-5,0.0004667595
-0.40633217025981294,1.4305115e-6,0.00046604776
-0.40631978796522716,3.695488e-6,0.0004666865
-0.40628695521718017,0.0005533695,0.00046602168
-0.40617002476918107,0.0008555651,0.0004669241
-0.4060967055123398,-0.0004299879,0.0004666421
-0.40590217519789695,-9.018183e-5,0.00046671444
-0.4058797476360322,-8.761883e-5,0.00045674306
-0.4058225251404396,0.0006594658,0.00046606807
-0.40580475692407814,-0.0003515482,0.00046590858
-0.4057404045533266,-0.00089114904,0.0004664382
-0.40569268467635555,-0.00069510937,0.0004662683
-0.4056187374640391,-0.0009959936,0.00046666324
-0.40548818178153634,-0.001026988,0.0004665406
-0.4053623340567861,0.00017440319,0.00046674546
-0.40533004923046057,0.00035440922,0.00046633845
-0.40531506157854225,1.3113022e-5,0.00046675646
-0.4052905648370769,0.0005685091,0.0004888834
-0.4051783825511721,-0.0011503696,0.0004665262
-0.40507769392376203,-5.686283e-5,0.0004667858
-0.4049061132635988,1.4305115e-6,0.0004658061
-0.4048936812443472,0.0010975599,0.00046693152
-0.4048609163884894,-0.00071132183,0.00046604493
-0.4047439352600569,-0.0008777976,0.00046666176
-0.4046705787093662,3.695488e-6,0.0004669407
-0.4044760627391425,3.695488e-6,0.00046678341
-0.4044536849014766,1.4305115e-6,0.00045722976
-0.40439647961904057,-0.000834465,0.00046621665
-0.4043787343513755,1.4305115e-6,0.0004660913
-0.4043143093067949,3.695488e-6,0.00046661714
-0.4042665540482101,0.00040555,0.00046667125
-0.4041926661233721,3.695488e-6,0.0004667066
-0.404062064541609,-5.3048134e-6,0.0004667566
-0.40393628279681226,-0.00070518255,0.00046634141
-0.4039040170944782,-0.0003515482,0.00046614997
-0.4038889605936691,0.0006440878,0.00046695324
-0.4038644342098652,3.695488e-6,0.0004886438
-0.40375230069239165,0.0001232624,0.00046670873
-0.403651571903362,0.00043809414,0.0004668314
-0.40348005626691763,1.4305115e-6,0.00046612206
-0.4034675745220666,-0.0003799796,0.0004668185
-0.4034348766026302,9.024143e-5,0.00046598603
-0.40331784670763426,-0.00057154894,0.00046682995
-0.4032444519070928,3.695488e-6,0.00046699584
-0.4030499502794542,0.00042712688,0.00046691662
-0.4030276231229222,1.4305115e-6,0.00045719772
-0.402970433140473,1.4305115e-6,0.00046654488
-0.40295271082290507,1.4305115e-6,0.0004662941
-0.4028882140602631,3.695488e-6,0.00046660428
-0.40284042342099835,0.00042712688,0.00046705763
-0.4027665938264706,3.695488e-6,0.00046679156
-0.4026359473016816,3.6597252e-5,0.0004669381
-0.4025102305808371,0.00018715858,0.0004666882
-0.40247798496013,1.4305115e-6,0.000466338
-0.40246285961066364,0.00078487396,0.00046676374
-0.4024383026261855,-0.00063312054,0.0004884173
-0.40232621978937877,0.0007146597,0.0004668623
-0.40222544988202824,-2.1100044e-5,0.0004668231
-0.4020539983142354,1.4305115e-6,0.00046627404
-0.40204146780025274,-0.00018572807,0.0004669179
-0.40200883681770494,-8.738041e-5,0.00046604418
-0.4018917571978097,-4.5120716e-5,0.0004669518
-0.4018183251052865,3.695488e-6,0.00046683403
-0.4016238387769344,-0.0004197359,0.00046686694
-0.4016015603881332,0.00022494793,0.00045736172
-0.40154438761720634,1.4305115e-6,0.00046624255
-0.4015266872946682,1.4305115e-6,0.00046630637
-0.40146211881419824,3.695488e-6,0.0004669873
-0.40141429279448704,-0.0006995201,0.0004669746
-0.40134052248580365,0.0009934902,0.0004669604
-0.40120983006152067,-0.00054115057,0.00046658763
-0.40108417932109675,-0.0009136796,0.0004665055
-0.4010519518695471,0.0016542673,0.00046647002
-0.4010367576709567,3.695488e-6,0.0004670302
-0.4010121719987403,0.0003477335,0.0004885102
-0.4009001379294309,3.695488e-6,0.00046686167
-0.4007993278604609,-0.00043076277,0.00046669913
-0.400627941316387,0.00037574768,0.00046636487
-0.4006153610793728,-2.4855137e-5,0.0004670222
-0.40058279798948104,0.00058722496,0.00046616694
-0.40046566864421973,3.695488e-6,0.00046695425
-0.40039219830371353,5.4836273e-6,0.00046728493
-0.40019772631817996,3.695488e-6,0.00046712905
-0.40017549765451144,1.5735626e-5,0.00045737857
-0.4001183420948734,0.00036251545,0.00046653228
-0.40010066376549747,1.4305115e-6,0.0004665365
-0.4000360226114319,3.695488e-6,0.00046684037
-0.3999881621670419,-0.000118374825,0.00046690507
-0.39991445018890215,-0.00024825335,0.0004667512
-0.399783712820893,0.0014771223,0.00046702378
-0.3996581280620566,-0.00018429756,0.00046667748
-0.39962591973449857,-0.00036484003,0.00046626982
-0.39961065668701734,-0.0015735626,0.00046658062
-0.399586040415294,0.00040388107,0.00048828835
-0.39947405606995,-0.00082695484,0.00046676866
-0.39937320583912717,3.695488e-6,0.00046693304
-0.39920188431830517,-0.00025451183,0.0004661367
-0.3991892543587263,-0.0003669858,0.00046679867
-0.39915675820548957,-0.00058436394,0.00046621432
-0.39903957913556243,0.00018441677,0.00046684395
-0.3989660715007398,0.0010299683,0.00046710536
-0.39877161481542667,7.236004e-5,0.00046701918
-0.3987494358761904,-4.7683716e-6,0.00045761233
-0.3986922965730074,-0.00035965443,0.00046646481
-0.39867464119232787,2.1100044e-5,0.0004663994
-0.39860992736419987,0.00046920776,0.00046703478
-0.3985620315393633,8.21352e-5,0.00046703403
-0.39848837884870214,3.540516e-5,0.00046735955
-0.3983575955809656,-0.00086826086,0.00046669535
-0.3982320758458481,1.4305115e-6,0.0004666415
-0.3981998875985161,-0.00092726946,0.0004664254
-0.39818455570214417,0.0001667738,0.00046714966
-0.39815990978901616,-0.0007482767,0.0004880579
-0.39804797516787105,0.00049078465,0.0004671394
-0.3979470838177933,3.695488e-6,0.00046696764
-0.39777582732209094,-0.000116825104,0.0004665599
-0.3977631476366791,-0.00011795759,0.0004669517
-0.39773071841963037,0.0007340908,0.0004663607
-0.39761349058337314,0.000831604,0.0004671151
-0.3975399446975326,-0.000218153,0.00046704352
-0.39734550235737265,0.00038075447,0.00046708595
-0.397323373140701,-0.00023013353,0.000457443
-0.3972662510513748,1.4305115e-6,0.0004666651
-0.3972486176631572,0.0004298687,0.0004664241
-0.3971838321174346,-0.00017404556,0.00046691738
-0.39713589995568355,0.00029575825,0.00046674258
-0.39706230655180064,0.000233531,0.00046702556
-0.3969314783415051,-0.00034618378,0.00046681226
-0.3968060245861076,1.4305115e-6,0.0004665461
-0.39677385546346744,-0.00035643578,0.00046634802
-0.3967584537619703,-0.00015938282,0.00046703723
-0.3967337791608707,0.00023579597,0.00048818527
-0.3966218933090905,3.695488e-6,0.00046722332
-0.39652096179669294,0.0003271103,0.0004668108
-0.39634977032540986,1.4305115e-6,0.0004663885
-0.39633704091439836,3.695488e-6,0.0004670187
-0.3963046795900058,0.00024414062,0.00046664092
-0.3961874010740155,0.0007612705,0.0004671788
-0.3961138188521943,-0.00038808584,0.00046685935
-0.39591939085485284,-0.00044220686,0.00046694855
-0.3958973104061454,0.00028657913,0.00045793367
-0.39584020457257385,0.0006481409,0.00046663382
-0.39582259413492027,-0.000446558,0.0004663351
-0.3957577368718367,-0.00028413534,0.000466994
-0.3957097693282384,0.0007458925,0.0004666923
-0.39563623521019986,-0.0009958744,0.00046692888
-0.3955053620578123,0.00014078617,0.0004671046
-0.3953799733263672,1.4305115e-6,0.00046669613
-0.39534782332888574,1.4305115e-6,0.00046652762
-0.39533235277873136,0.00025463104,0.00046723764
-0.3953076475764905,0.0005480051,0.00048843434
-0.3951958114491426,-0.00048351288,0.00046718062
-0.395094839776293,-0.00031977892,0.00046699698
-0.3949237133282618,1.4305115e-6,0.000466514
-0.3949109341937519,0.0003055334,0.0004673262
-0.39487863980601423,-0.0009739399,0.00046634747
-0.39476131252065905,-0.000859797,0.00046693147
-0.39468769204968757,0.00029695034,0.00046711756
-0.39449327839516457,4.2557716e-5,0.0004671928
-0.3944712486282913,0.000680089,0.00045792427
-0.39441415904977406,-0.0006452799,0.00046652963
-0.39439657156221763,2.4437904e-5,0.00046656607
-0.3943316416250715,0.00019657612,0.000467105
-0.3942836387010267,-0.00045770407,0.0004667377
-0.39421016291329836,0.0006006956,0.00046727847
-0.3940792448169511,0.0004992485,0.0004671841
-0.3939539220666267,0.000274539,0.00046691386
-0.393921791194771,1.4305115e-6,0.00046661307
-0.3939062517945586,-0.00024735928,0.00046728898
-0.3938815169502127,3.695488e-6,0.00048808314
-0.3937697305454294,0.0006850958,0.00046720114
-0.39366871775495915,7.522106e-5,0.0004673043
-0.39349765633017997,1.4305115e-6,0.00046609686
-0.3934848274721716,-0.00029820204,0.00046709945
-0.39345260097779045,0.00027167797,0.00046664503
-0.3933352230113014,-0.00089913607,0.00046691758
-0.3932615652474142,-0.00070410967,0.00046704776
-0.39306716689264476,-3.5226345e-5,0.00046715135
-0.3930451858937358,-0.0006492734,0.00045782622
-0.39298811352744123,1.4305115e-6,0.00046679625
-0.39297054803328035,-2.1576881e-5,0.0004665706
-0.39290554542160483,0.00042700768,0.00046723295
-0.39285750807451536,0.00055766106,0.00046740245
-0.39278409157333183,-0.00059336424,0.0004670932
-0.39265312757702375,0.00036418438,0.00046729733
-0.39252786985111854,-0.00020867586,0.00046678662
-0.39249575905948897,1.4305115e-6,0.00046651502
-0.3924801508101524,1.0848045e-5,0.00046732
-0.39245538536723334,-0.0007689595,0.00048772764
-0.39234364868664895,3.695488e-6,0.00046717504
-0.39224259573339193,-6.788969e-5,0.00046732702
-0.39207159933303193,1.4305115e-6,0.00046670565
-0.3920587207508247,3.33786e-5,0.00046735373
-0.392026561193332,1.4305115e-6,0.00046651674
-0.39190913445911213,3.695488e-6,0.00046710827
-0.3918354384451409,3.695488e-6,0.000467165
-0.39164105443435726,0.00041115284,0.00046729768
-0.39161912411448097,-4.440546e-5,0.00045798326
-0.39156206800557514,0.0004196167,0.0004668059
-0.3915445245041096,0.00078964233,0.00046694648
-0.391479450175073,-0.00061255693,0.00046716127
-0.3914313774466034,3.695488e-6,0.0004671197
-0.39135801927713065,3.695488e-6,0.00046733796
-0.39122701033756324,-0.0013848543,0.00046702687
-0.39110181859137805,-6.15716e-5,0.00046674503
-0.39106972692374,1.4305115e-6,0.00046671162
-0.3910540488699785,-3.5762787e-6,0.000467295
-0.3910292547400216,-2.3841858e-7,0.0004878218
-0.3909175677843364,-0.0006764531,0.0004672634
-0.39081647371229156,0.00041162968,0.00046736177
-0.39064554233635085,2.0980835e-5,0.00046680015
-0.3906326140294779,0.00033438206,0.0004673121
-0.3906005223641743,-0.00026881695,0.00046651912
-0.390483044949988,3.695488e-6,0.0004674083
-0.3904093116428675,0.0004056692,0.00046756663
-0.39021494293183745,-0.00040388107,0.000467275
-0.3901930613799254,-0.0002657175,0.00045788873
-0.3901360224832423,-0.00037372112,0.00046671528
-0.3901185019311735,-0.0007867217,0.00046672096
-0.39005335492900817,0.000254035,0.00046713903
-0.39000524681845783,-0.0012016892,0.00046724436
-0.38993194793553,3.695488e-6,0.00046721046
-0.3898008930985697,0.0011571646,0.00046741965
-0.38967576733163767,1.4305115e-6,0.00046730056
-0.38964369478869143,1.4305115e-6,0.00046675844
-0.3896279478858058,0.0002657175,0.00046739876
-0.38960312411187614,0.00022315979,0.00048772764
-0.38949148592438865,2.3841858e-6,0.00046736552
-0.38939035169165814,-0.0004042983,0.00046731762
-0.3892194853401366,-1.8060207e-5,0.0004667822
-0.389206507308131,-0.0003567934,0.00046721034
-0.3891744825783152,1.4305115e-6,0.00046660673
-0.38905695639709836,3.695488e-6,0.00046738292
-0.38898318484059424,-0.00039827824,0.00046722736
-0.38878883047238266,0.0007520914,0.00046757443
-0.3887669986460701,1.4305115e-6,0.00045849607
-0.38870997600467483,0.00026202202,0.00046684465
-0.3886924784031701,4.9233437e-5,0.00046676563
-0.38862725968247647,-0.00024670362,0.00046714506
-0.38857911619218,3.695488e-6,0.00046754678
-0.38850587659439617,0.00044226646,0.00046757387
-0.3883747758577085,3.695488e-6,0.00046727614
-0.38824971511566253,0.0005965233,0.00046710385
-0.38821766265410973,0.0009901524,0.00046701002
-0.38820184690163295,0.0010770559,0.00046764672
-0.38817699252842985,3.695488e-6,0.000487648
-0.3880654040642074,0.00020313263,0.00046743677
-0.3879642296710246,3.695488e-6,0.00046740766
-0.38779342834205477,0.00024342537,0.00046692605
-0.3877804005867842,0.00028395653,0.00046744762
-0.38774844279409015,1.4305115e-6,0.0004667021
-0.3876308678439754,3.695488e-6,0.00046728595
-0.38755705803832097,0.00010359287,0.0004674589
-0.38736271896962937,-0.0006392002,0.00046730574
-0.3873409368684495,0.00014674664,0.0004583368
-0.3872839304821084,-1.4603138e-5,0.0004668139
-0.3872664558302339,0.0002632141,0.00046675352
-0.38720116443501096,3.695488e-6,0.0004673853
-0.3871529855654352,0.00091052055,0.0004676437
-0.3870798042979615,-0.0004349351,0.00046754396
-0.3869486595730819,-0.00088858604,0.00046721258
-0.38682366385592204,1.168251e-5,0.0004671528
-0.38679163051952803,1.4305115e-6,0.00046700597
-0.3867757459186275,-0.00097346306,0.0004673962
-0.3867508619012181,-0.00016373396,0.00048751498
-0.38663932316212835,0.00013065338,0.00046744416
-0.3865381076494574,0.00015056133,0.00046764716
-0.3863673713439729,-0.00024056435,0.00046700938
-0.3863542938654373,-0.00027668476,0.0004674338
-0.38632240396609985,1.4305115e-6,0.0004667846
-0.38620477833461775,0.000118136406,0.00046740245
-0.3861309312358142,-9.6321106e-5,0.00046772195
-0.3859366065118087,-0.00010186434,0.00046750344
-0.3859148741338939,-2.4914742e-5,0.00045862971
-0.3858578849595421,0.0010493994,0.0004670364
-0.38584043230106324,1.4305115e-6,0.00046682183
-0.38577506918847915,3.695488e-6,0.0004673279
-0.38572685493822345,3.695488e-6,0.00046742594
-0.3856537329577615,0.00015425682,0.0004674634
-0.38552254233408834,3.695488e-6,0.0004675684
-0.3853976125959482,-0.00060397387,0.0004669599
-0.38536559838447937,-0.00062114,0.00046696168
-0.38534964397822014,0.0007894039,0.0004676822
-0.3853247303177718,-4.839897e-5,0.00048734224
-0.3852132413033478,-0.00032275915,0.00046742757
-0.3851119856274232,0.0006914139,0.00046765438
-0.3849413143477588,1.4305115e-6,0.00046699695
-0.38492818714455734,3.695488e-6,0.00046750007
-0.38489636418117446,1.4305115e-6,0.00046700196
-0.38477868978172813,-0.00011086464,0.00046732175
-0.38470480538907503,0.0003350973,0.00046771168
-0.38451049500905543,3.695488e-6,0.00046750045
-0.38448881235463916,-0.00011754036,0.00045848958
-0.38443183943814296,-0.0008530617,0.00046684177
-0.3844144097283605,0.00091195107,0.00046682128
-0.3843489739426478,3.695488e-6,0.00046753354
-0.384300724310078,-0.0005438328,0.00046747763
-0.3842276616166277,-0.00014692545,0.00046732076
-0.38409642509416086,0.00015616417,0.00046768854
-0.3839715613359742,1.4305115e-6,0.00046710076
-0.38393956624896386,-0.00036472082,0.0004671942
-0.38392354299358045,-0.00035464764,0.00046759975
-0.38389859969056017,0.00025057793,0.0004875026
-0.383787160400335,3.695488e-6,0.00046741325
-0.3836858636067898,0.0003246069,0.0004676382
-0.3835152573510776,1.4305115e-6,0.00046681231
-0.38350208042321043,0.00016069412,0.00046761945
-0.3834703253515499,1.4305115e-6,0.00046685626
-0.3833526012288385,3.695488e-6,0.00046745577
-0.38327867858680176,-0.00032776594,0.00046759166
-0.38308438254960064,3.695488e-6,0.0004675105
-0.3830627496200836,0.0001758337,0.00045850626
-0.38300579391557665,1.4305115e-6,0.0004670362
-0.3829883861994233,-0.0012186766,0.00046682247
-0.3829228786958826,0.00021111965,0.00046773546
-0.38287459368286625,-0.00035578012,0.0004675408
-0.3828015893187924,0.00022411346,0.00046747338
-0.382670307854,-0.00049972534,0.00046754943
-0.38254551007623383,1.4305115e-6,0.00046722576
-0.38251353411368183,0.00027394295,0.0004672647
-0.3824974420096412,3.695488e-6,0.0004676324
-0.3824724681068804,3.695488e-6,0.0004873481
-0.38236107854015366,3.695488e-6,0.00046748668
-0.3822597415856894,-0.0007917285,0.0004674667
-0.3820892003539297,1.4305115e-6,0.00046711424
-0.3820759737009298,0.0008176565,0.0004677508
-0.3820442855666245,0.00017642975,0.0004670439
-0.38192651171971437,3.695488e-6,0.00046775807
-0.38185255178499533,3.695488e-6,0.00046765935
-0.38165827104708083,3.695488e-6,0.00046773447
-0.38163668688599495,0.0008405447,0.00045899785
-0.3815797483925434,1.4305115e-6,0.00046728237
-0.381562363627421,1.4305115e-6,0.0004670944
-0.3814967834493508,3.695488e-6,0.00046759384
-0.3814484630556546,9.2983246e-5,0.00046741735
-0.38137551797859237,0.0010282993,0.00046760714
-0.3812441906138392,3.6597252e-5,0.00046786372
-0.3811194578602587,0.0004117489,0.00046762754
-0.3810875019793336,1.4305115e-6,0.00046735085
-0.3810713410261688,-0.00078207254,0.0004677052
-0.3810463374794353,-0.00024324656,0.00048729224
-0.3809349976371409,0.00022220612,0.00046767032
-0.3808336195638887,-0.00035655499,0.0004676581
-0.38066314335584783,1.4305115e-6,0.00046706828
-0.3806498669795829,3.695488e-6,0.00046764364
-0.3806182467384007,-0.00017356873,0.00046687195
-0.38050042316682475,0.00041759014,0.0004676855
-0.3804264249831889,0.0010576248,0.00046790275
-0.38023215858879333,3.695488e-6,0.00046778278
-0.3802106251086077,-0.0010120273,0.00045845303
-0.38015370287021044,-0.00047957897,0.00046712154
-0.38013634009825026,3.361702e-5,0.00046717058
-0.38007068724658455,-0.00020378828,0.00046764885
-0.38002233242844297,-8.5651875e-5,0.00046761596
-0.3799494466388592,-0.0012414455,0.00046769754
-0.37981807433014647,-2.9325485e-5,0.000467724
-0.37969340660098516,4.9471855e-5,0.000467452
-0.37966146984428495,-0.00027102232,0.00046728147
-0.3796452400426964,3.695488e-6,0.00046772396
-0.379620205895989,0.00063323975,0.00048733986
-0.3795089157783603,-0.00021493435,0.000467602
-0.3794074975425549,3.695488e-6,0.0004677746
-0.3792370863586998,1.4305115e-6,0.00046713496
-0.37922376025870297,-0.000967443,0.00046769308
-0.37919220695440914,3.4570694e-6,0.00046710068
-0.3790743336574671,-0.00041031837,0.00046765723
-0.37900029818044867,3.695488e-6,0.00046798497
-0.3788060470862735,3.695488e-6,0.0004678587
-0.3787845623731183,0.0012341738,0.00045906287
-0.37872765734834446,1.4305115e-6,0.00046734928
-0.3787103175255476,-3.0696392e-5,0.00046701208
-0.37864459200005274,3.695488e-6,0.00046775545
-0.37859620180099773,3.695488e-6,0.00046772472
-0.37852337529819235,3.695488e-6,0.00046790155
-0.378391957090219,0.00061905384,0.00046777472
-0.37826735534124467,0.0002696514,0.0004674218
-0.3782354377090029,0.00050342083,0.00046723397
-0.37821913810205554,0.00010406971,0.0004680723
-0.3781940752694777,-0.0006259084,0.0004870784
-0.37808283487534744,3.695488e-6,0.00046782033
-0.3779813755223884,3.695488e-6,0.000467955
-0.3778110293622521,0.0016977787,0.00046768747
-0.3777976535368892,3.695488e-6,0.00046764655
-0.3777661681254849,0.00015377998,0.00046721695
-0.377648245104344,3.695488e-6,0.0004678273
-0.3775741723334761,-0.0010502934,0.00046780225
-0.37737993462751906,0.00013899803,0.0004680486
-0.37735850059386356,-0.0006083846,0.00045923927
-0.37730161182671185,1.4305115e-6,0.00046731738
-0.37728429399661034,1.4305115e-6,0.00046717713
-0.37721849675352104,3.695488e-6,0.00046782725
-0.3771700711735526,3.695488e-6,0.00046789684
-0.3770973039565916,0.000839591,0.00046818846
-0.37696583985029164,0.00024461746,0.0004678624
-0.3768413040815043,1.4305115e-6,0.0004674605
-0.3768094055737209,-0.00036275387,0.00046737492
-0.3767930371171825,3.695488e-6,0.00046791876
-0.37676794368533106,3.695488e-6,0.00048700505
-0.3766567530161,3.695488e-6,0.00046790086
-0.37655525350128805,3.695488e-6,0.00046809827
-0.3763849723658045,-2.104044e-5,0.00046727082
-0.3763715468146085,9.775162e-5,0.00046800287
-0.37634012929609384,-0.00015282631,0.0004670727
-0.3762221565523882,3.695488e-6,0.00046802935
-0.3761480455316698,3.695488e-6,0.00046790412
-0.37595382312499925,0.0008945465,0.0004681268
-0.3759324378602418,0.0001667738,0.00045904916
-0.3758755653479109,0.00063323975,0.0004674736
-0.3758582714239076,0.0009716749,0.00046734506
-0.3757924015069892,3.695488e-6,0.0004680401
-0.37574394054634097,3.695488e-6,0.00046794684
-0.3756712316596901,-0.00012272596,0.0004678975
-0.3755397226103643,0.0003285408,0.0004679084
-0.3754152528217638,-0.0007251501,0.00046734494
-0.37538337343867223,0.0002373457,0.00046715606
-0.37536693613394356,0.00012433529,0.0004679614
-0.3753418130571855,9.357929e-5,0.00048708645
-0.37523067211308714,0.0002888441,0.00046794338
-0.37512913243618884,0.00024855137,0.00046803494
-0.37495891536865644,-0.00049453974,0.00046737675
-0.37494544009372854,-9.0420246e-5,0.0004679361
-0.37491408951116845,1.4305115e-6,0.00046723473
-0.3747960679994987,0.00028324127,0.00046797591
-0.3747219187293964,5.3167343e-5,0.00046818884
-0.3745277106660114,-4.1663647e-5,0.00046803444
-0.3745063760823877,0.0011445284,0.00045951304
-0.3744495198251111,9.357929e-5,0.00046783482
-0.3744322478949704,-0.00053298473,0.00046726022
-0.3743663062609244,5.00679e-6,0.00046791587
-0.3743178099191292,3.695488e-6,0.00046809926
-0.37424516031949007,-0.00028568506,0.0004681046
-0.37411360632573765,-0.0011774898,0.00046792824
-0.3739892006057888,1.4305115e-6,0.0004677484
-0.373957342260792,-0.0003722906,0.00046729489
-0.3739408351497707,-0.00020867586,0.00046800403
-0.37391568147443965,-8.6188316e-5,0.0004869967
-0.3738045902538397,-0.00028145313,0.0004677983
-0.373703010414855,-0.00024122,0.00046803532
-0.3735328583705746,0.0002821684,0.0004675052
-0.37351933337331555,0.0006122589,0.00046805805
-0.37348805068294466,9.942055e-5,0.00046743674
-0.37336997848944065,-0.0002759099,0.00046793162
-0.37329579192712314,-4.5895576e-5,0.0004681679
-0.37310159916325814,-0.0008582473,0.0004679079
-0.3730803133478321,-0.00016391277,0.00045941767
-0.3730234743025448,-0.00039809942,0.00046748223
-0.3730062253222677,0.00047123432,0.00046774797
-0.37294021101345887,2.3841858e-6,0.00046811526
-0.3728916792926179,0.00010049343,0.00046833776
-0.3728190889788232,3.695488e-6,0.00046806133
-0.3726874890858103,3.9815903e-5,0.00046800662
-0.3725631493460483,1.4305115e-6,0.00046753717
-0.37253131012551,1.4305115e-6,0.0004673555
-0.3725147341653645,-5.00679e-6,0.00046803054
-0.3724895508469944,3.695488e-6,0.0004868362
-0.37237850935082684,3.695488e-6,0.00046794457
-0.37227688839328776,3.695488e-6,0.00046835947
-0.37210680137342655,-0.0006278157,0.00046772716
-0.3720932276082033,-0.00047647953,0.00046806454
-0.37206201089848623,-9.6559525e-5,0.00046734797
-0.37194388993655103,3.695488e-6,0.00046808796
-0.37186966512484976,0.0005545616,0.00046827996
-0.3716754876607383,-0.00011527538,0.00046805668
-0.37165425156857734,0.00032675266,0.0004594816
-0.3715974287809122,1.4305115e-6,0.0004675601
-0.3715802027500319,-0.00063842535,0.00046720792
-0.3715141157664602,0.0014532804,0.0004681423
-0.3714655486647058,0.0001488924,0.00046811736
-0.37139301763815624,-0.00041651726,0.00046793214
-0.3712613718463498,9.059906e-5,0.0004681038
-0.3711370980860743,8.6188316e-5,0.0004677278
-0.37110527799022797,1.4305115e-6,0.00046748066
-0.3710886331811918,0.00035393238,0.0004681151
-0.37106341926354813,3.695488e-6,0.00048671063
-0.3709524284475806,3.695488e-6,0.00046816727
-0.3708507663719539,7.56979e-5,0.0004681772
-0.3706807443767455,0.0005016327,0.00046757117
-0.3706671208859226,0.0008484125,0.0004682524
-0.3706359720697955,0.0002219677,0.00046758508
-0.3705178013841284,0.00043272972,0.00046837179
-0.37044353927881113,-0.00048351288,0.0004680306
-0.37024937520198387,3.695488e-6,0.0004683893
-0.37022818883402175,-0.0013998747,0.00045905658
-0.37017138325857935,-0.00031876564,0.00046777035
-0.3701541792210947,-0.0002644062,0.0004674516
-0.37008802052039536,-0.0004095435,0.0004679647
-0.3700394180365604,-0.00023835897,0.00046834158
-0.3699669462974893,0.0005979538,0.00046823983
-0.36983525556359087,-0.0001193881,0.00046803238
-0.36971104682703426,-8.326769e-5,0.0004678226
-0.3696792458551793,1.4305115e-6,0.00046768514
-0.3696625312417182,0.00068593025,0.0004683868
-0.36963728768010184,3.695488e-6,0.00048664908
-0.3695263465880997,0.00077211857,0.00046840214
-0.369424644351554,3.0636787e-5,0.00046826407
-0.36925468737959743,-0.0008280277,0.0004673245
-0.36924101416457566,0.00014328957,0.00046836515
-0.36920993228416976,0.0005495548,0.00046758275
-0.3690917118750042,-0.00042539835,0.0004681004
-0.36901741247653774,-6.0081482e-5,0.00046820974
-0.36882326369853025,3.695488e-6,0.00046832638
-0.36880212705640114,3.504753e-5,0.0004596132
-0.3687453377362464,0.00049448013,0.0004676934
-0.368728156648392,1.4305115e-6,0.00046770897
-0.3686619252743305,-0.00053471327,0.00046806753
-0.36861328741004906,0.00056123734,0.00046847574
-0.3685408749558886,-0.0003527403,0.00046832545
-0.3684091383227296,3.695488e-6,0.0004681848
-0.36828499556729377,0.0006707907,0.00046812915
-0.36825321372013076,0.00019681454,0.00046758243
-0.36823643025777897,0.00056934357,0.00046846794
-0.3682111570528902,0.00032675266,0.00048671543
-0.3681002656850868,-0.0007647276,0.0004681683
-0.36799852233092056,-9.530783e-5,0.00046831407
-0.36782863038174907,-0.00049877167,0.0004673288
-0.3678149074436957,-0.00073617697,0.00046821294
-0.36778389345524554,0.00023853779,0.00046770883
-0.3676656233211808,0.00025475025,0.00046849798
-0.367591285674031,3.695488e-6,0.00046847563
-0.3673971521960103,0.00023460388,0.00046835904
-0.3673760643225459,-0.00072205067,0.00045963965
-0.3673192922136801,-0.00049573183,0.00046757128
-0.36730213311922133,2.3007393e-5,0.000467704
-0.36723583002733184,0.00022959709,0.00046849213
-0.36718715678353775,3.695488e-6,0.00046840846
-0.36711480361522164,-0.00023424625,0.00046824958
-0.3669830210818684,0.00089740753,0.00046832382
-0.3668589443075533,-0.00066787004,0.0004680544
-0.36682718158554906,0.0006622076,0.0004679091
-0.3668103292738396,-0.0015944242,0.0004680828
-0.3667850254694439,-9.852648e-5,0.00048635923
-0.3666741838258394,0.00084865093,0.00046862967
-0.36657240030911975,3.695488e-6,0.0004685614
-0.36640257338436755,0.00019562244,0.00046787324
-0.3663888007223489,0.00059878826,0.00046838316
-0.3663578546274886,-0.0010043979,0.00046745987
-0.3662395347682912,-0.00024747849,0.00046845205
-0.36616515887152423,3.695488e-6,0.00046840205
-0.3659710397381898,-0.00022727251,0.00046854457
-0.365950002543291,0.00016260147,0.000460234
-0.36589324669111367,1.4305115e-6,0.0004676375
-0.3658761105462851,0.00068724155,0.00046783563
-0.36580973477986634,-4.285574e-5,0.0004682642
-0.365761026156326,-0.00055390596,0.000468381
-0.3656887313187871,3.695488e-6,0.00046829166
-0.36555690384287487,-0.0007801652,0.0004684425
-0.3654328930475794,1.4305115e-6,0.00046810482
-0.3654011494505005,-0.00042629242,0.00046789815
-0.3653842282896669,0.00054872036,0.0004686154
-0.3653588948422323,-7.343292e-5,0.00048632052
-0.3652481029228265,-0.00015437603,0.0004682671
-0.36514627828731905,5.567074e-5,0.00046835947
-0.3649765163881533,1.4305115e-6,0.00046797708
-0.364962694001002,-0.00076681376,0.0004682897
-0.3649318148425632,0.0006695986,0.00046790962
-0.3648134462163354,3.695488e-6,0.0004683593
-0.36473903302501864,3.695488e-6,0.00046845057
-0.3645449282361368,0.000726223,0.0004686685
-0.3645239398080351,-0.00014609098,0.00045999387
-0.36446720116971465,1.4305115e-6,0.00046796203
-0.3644500879745163,-0.0005016327,0.00046773208
-0.3643836395338015,-0.0001757145,0.00046834568
-0.36433489552818055,3.695488e-6,0.00046852726
-0.36426265997812013,0.0016980171,0.0004687577
-0.364130787559649,-0.00010615587,0.00046836148
-0.3640068408313709,0.00044214725,0.00046826716
-0.36397511827098605,-0.00042700768,0.00046788534
-0.36395812730549415,-0.00033843517,0.0004683645
-0.3639327632585525,-0.00014019012,0.0004861725
-0.3638220220202806,-6.5624714e-5,0.0004685233
-0.3637201572229203,-4.8339367e-5,0.00046854388
-0.36355045939147224,-0.00019270182,0.00046784818
-0.3635365872796552,-0.0001938343,0.0004684002
-0.363505776013639,0.00076150894,0.00046777815
-0.36338735670697775,0.0003914833,0.0004685783
-0.3633129062225118,3.695488e-6,0.0004686001
-0.36311881577644867,-0.0005982518,0.00046853037
-0.3630978780304145,0.0006132126,0.0004604395
-0.36304115564714823,1.4305115e-6,0.00046814044
-0.363024064445579,0.00027155876,0.00046787015
-0.3629575442882036,-0.0004943609,0.0004681958
-0.3629087649009688,3.695488e-6,0.00046842877
-0.36283658863675283,3.695488e-6,0.0004684846
-0.36270467031972153,3.695488e-6,0.00046840258
-0.3625807895716304,-0.00042551756,0.00046828852
-0.362549086135704,0.0003350973,0.00046814882
-0.3625320263215548,2.5391579e-5,0.0004685482
-0.3625066326306404,0.0010559559,0.000486405
-0.36239594016103316,-0.00061386824,0.00046842222
-0.3622940352018199,0.00021743774,0.00046866536
-0.36212440335055884,1.4305115e-6,0.00046765868
-0.36211048151454295,3.695488e-6,0.00046843692
-0.36207973718471487,-0.00053310394,0.00046779032
-0.3619612681533878,3.695488e-6,0.00046861105
-0.36188677942093883,3.695488e-6,0.000468648
-0.3616927042734619,-4.1902065e-5,0.0004686268
-0.36167181529632586,0.00034689903,0.00046044422
-0.36161511012411496,1.4305115e-6,0.00046818794
-0.3615980418726429,-0.00041168928,0.000467797
-0.3615314490416718,0.00039672852,0.00046877514
-0.36148263427375715,3.695488e-6,0.0004685508
-0.3614105172958525,-0.0014033914,0.00046827985
-0.36127855307886036,3.695488e-6,0.00046851957
-0.36115473831188993,0.0012806654,0.0004684616
-0.3611230540015893,1.4305115e-6,0.00046795252
-0.36110592533761554,0.000621438,0.00046869263
-0.36108050104719414,-0.0010486245,0.00048615446
-0.36096985925731995,3.695488e-6,0.00046854315
-0.3608679131800192,-0.00016415119,0.0004687474
-0.360698346352477,0.0005815029,0.0004684279
-0.36068437479296256,1.4662743e-5,0.00046866192
-0.3606536973997895,-0.00021576881,0.00046762396
-0.3605351796004982,-0.00038421154,0.0004685109
-0.3604606526191325,3.695488e-6,0.0004686354
-0.36026659277140893,-7.1406364e-5,0.00046891553
-0.3602457535189386,0.00067174435,0.00046057033
-0.360189064601782,1.4305115e-6,0.0004680722
-0.36017201929970677,-5.9902668e-5,0.00046796064
-0.3601053537942063,-0.0001206398,0.00046847048
-0.3600565036465454,0.00027620792,0.00046864073
-0.35998444595611934,-0.0002835393,0.00046857115
-0.35985243679516754,0.0005648136,0.00046878462
-0.3597286870526164,-0.00062692165,0.0004682659
-0.3596970218665406,-0.00029486418,0.0004680691
-0.35967982435414314,-0.0008173585,0.0004685518
-0.3596543694642148,0.00014197826,0.00048627923
-0.3595437783540736,0.00023686886,0.00046868308
-0.35944179115868535,-4.2319298e-5,0.00046892682
-0.35927228935532896,0.00014269352,0.00046821244
-0.3592582680713823,-7.3313713e-6,0.00046857944
-0.35922765857179906,0.0008314848,0.00046798302
-0.35910909104807553,3.695488e-6,0.0004687183
-0.3590345267726268,0.0013734102,0.0004690782
-0.35884048031312143,0.00013101101,0.00046892714
-0.35881969173968387,-0.0012363195,0.0004603784
-0.35876301907991603,1.4305115e-6,0.0004684112
-0.35874599672700413,0.0001180172,0.0004680252
-0.35867925854767446,-0.00026512146,0.0004686928
-0.3586303730191003,-0.00026887655,0.00046856693
-0.35855837461591933,3.695488e-6,0.00046875287
-0.3584263195552402,0.00042772293,0.00046876798
-0.3583026357928759,-0.00062304735,0.00046848998
-0.35827099068749313,2.5391579e-5,0.0004680829
-0.3582537233702038,-1.7762184e-5,0.00046876428
-0.3582282388377035,-2.3543835e-5,0.00048597215
-0.35811769649576,-0.00022959709,0.00046876937
-0.3580156691385188,3.695488e-6,0.00046879103
-0.35784623235888124,-0.0007198453,0.00046776555
-0.35783216135003537,3.695488e-6,0.00046875764
-0.35780161974287483,-0.0015051365,0.00046776587
-0.3576830024951859,3.695488e-6,0.00046870636
-0.35760839996941973,-0.00015825033,0.00046881303
-0.3574143688106016,-5.620718e-5,0.00046883532
-0.35739362900419447,1.4305115e-6,0.00046053567
-0.35733697355828353,1.4305115e-6,0.00046827705
-0.3573199731987672,1.4305115e-6,0.0004681299
-0.35725316425784426,3.695488e-6,0.0004687884
-0.35720424239165516,0.00019359589,0.0004689574
-0.35713230327431866,3.695488e-6,0.00046891705
-0.3571191416146884,3.695488e-6,-1.42172385e-5
-0.3570002023153128,-0.00042039156,0.00046883707
-0.3568765845331354,0.00023162365,0.00046851052
-0.3568449585522111,-5.978346e-5,0.00046801168
-0.3568276223855642,0.0002090931,0.00046876358
-0.35680210725355677,0.00035846233,0.00048599884
-0.3566916155925137,3.695488e-6,0.00046873218
-0.3565895480734196,3.695488e-6,0.00046891076
-0.35642017536149984,0.00028777122,0.00046838637
-0.3564061218793414,3.695488e-6,-1.42172385e-5
-0.3563755799574826,0.0002604723,0.00046826855
-0.35625691298606177,0.0001385212,0.00046872545
-0.3561822731676133,-0.0005854368,0.00046882915
-0.3559882573073814,-6.377697e-5,0.00046899353
-0.35596756722680734,-0.00040197372,0.00046055156
-0.3559109280357172,1.4305115e-6,0.00046820389
-0.35589395062583107,-0.00011509657,0.00046785397
-0.35582706901131245,1.5377998e-5,0.00046871003
-0.3557781117644435,-0.00018626451,0.0004687723
-0.35570623193318485,2.527237e-5,0.00046901414
-0.3556931021439944,3.695488e-6,-1.42172385e-5
-0.35557408603162,-0.00055748224,0.00046864853
-0.35545053327339504,0.00010180473,0.00046852016
-0.35541892641716255,1.4305115e-6,0.00046845147
-0.35540152140139136,-0.00020170212,0.00046881114
-0.35537597566917667,-0.00046217442,0.00048595693
-0.3552655346888005,0.00033259392,0.00046892132
-0.35516342605208584,0.0006735325,0.00046893468
-0.3549941183643518,-0.0002848506,0.00046809952
-0.35498008240864753,3.695488e-6,-1.42172385e-5
-0.35494954112879185,0.00025367737,0.00046814792
-0.3548308244329387,-0.00013118982,0.00046892764
-0.3547561463653399,0.00011634827,0.00046909077
-0.35456214484839355,3.695488e-6,0.00046903844
-0.3545415044927186,1.9192696e-5,0.00046084696
-0.3544848825129173,5.2571297e-5,0.00046839452
-0.3544679280526615,1.4305115e-6,0.0004678656
-0.35440097376478075,0.0001142025,0.0004688081
-0.35435198113723176,3.695488e-6,0.00046871303
-0.3542801615492194,-1.7881393e-5,0.00046881053
-0.35426706267330055,3.695488e-6,-1.42172385e-5
-0.35414796879145916,3.695488e-6,0.00046894292
-0.35402448201365455,-0.00036925077,0.00046851355
-0.35399289428281433,0.0002578497,0.00046836023
-0.3539754204183859,3.695488e-6,0.00046905485
-0.35394984504266536,3.695488e-6,0.00048588112
-0.3538394528295531,-0.00032520294,0.00046881786
-0.35373730403098547,-7.677078e-5,0.00046892193
-0.35356806136720376,1.4305115e-6,0.00046821087
-0.35355404293795356,3.695488e-6,-1.42172385e-5
-0.35352350230056806,-0.0005097985,0.00046820595
-0.3534047358798157,3.695488e-6,0.00046894152
-0.3533300205193013,-0.00028711557,0.00046892764
-0.35313603334587373,0.00019037724,0.00046911876
-0.35311544271346385,-1.6272068e-5,0.00046085453
-0.353058836990351,0.0002399683,0.00046840124
-0.35304190547972536,1.4305115e-6,0.00046840397
-0.35297487851824905,-0.000118494034,0.00046888154
-0.35292585051048697,4.1484833e-5,0.0004688267
-0.35285409020925285,3.695488e-6,0.00046898518
-0.3528410232026066,3.695488e-6,-1.42172385e-5
-0.35272185250753285,3.695488e-6,0.00046911827
-0.35259843075391406,0.0006842613,0.0004688452
-0.35256686310376684,-0.00025498867,0.00046836483
-0.35254931943351275,0.00028073788,0.0004692847
-0.3525237134589857,3.695488e-6,0.00048571965
-0.35241337192700706,3.695488e-6,0.000468951
-0.35231118200941813,-6.866455e-5,0.0004688741
-0.35214200532629036,0.00068581104,0.0004684821
-0.3521280034672596,3.695488e-6,-1.42172385e-5
-0.3520974625161096,1.4305115e-6,0.00046849647
-0.3519786473269261,0.00021600723,0.0004691904
-0.3519038937170279,-0.00043684244,0.00046890572
-0.3517099218433539,-0.00018304586,0.00046895703
-0.35168938093467594,0.00049960613,0.00046132726
-0.35163279242495304,-0.00028830767,0.00046833017
-0.35161588290772305,1.4305115e-6,0.00046837155
-0.35154878327171724,3.695488e-6,0.00046890404
-0.35149971988280837,-3.4093857e-5,0.00046896326
-0.3514280188683525,0.0001335144,0.0004690866
-0.3512957352676055,0.00030839443,0.0004690495
-0.3511723794939402,-0.0005016327,0.00046851113
-0.3511408309687182,8.940697e-6,0.00046865968
-0.35112321749240505,3.695488e-6,0.00046934333
-0.3510975818755394,0.0008699894,0.0004858133
-0.3509872910239943,3.695488e-6,0.00046912575
-0.3508850599880844,3.0994415e-5,0.00046919935
-0.3507159483296093,-0.00068295,0.00046834617
-0.3506714236874189,0.0003758669,0.00046803433
-0.35055255877403646,-0.00020867586,0.0004689836
-0.35047776691475463,0.000543952,0.00046928233
-0.3502838103408341,0.00014388561,0.00046930238
-0.3502633182005872,-0.0002952814,0.0004613164
-0.3502067469026201,0.00013399124,0.00046874318
-0.35018986033548727,0.000295043,0.0004685253
-0.35012268802495206,3.695488e-6,0.00046906923
-0.3500735892546629,3.695488e-6,0.00046908035
-0.3500019475272186,-0.00012618303,0.00046907482
-0.34986961802861194,-0.00030112267,0.0004691039
-0.34974632823490004,0.00068724155,0.0004688479
-0.3497147988336696,-6.0796738e-6,0.00046848992
-0.3496971165093996,3.695488e-6,0.00046920162
-0.34967145124832766,-0.0008627176,0.00048546997
-0.3495612101200476,3.695488e-6,0.00046916003
-0.349458938923919,-0.00054079294,0.00046906908
-0.34928989133246124,1.4305115e-6,0.00046856995
-0.3492453848580277,1.4305115e-6,0.00046845456
-0.3491264702218473,0.00032806396,0.00046913215
-0.3490516410687159,4.8995018e-5,0.00046926568
-0.34885769788207965,-0.00013649464,0.00046922642
-0.3488372564229666,-0.00020003319,0.00046134245
-0.3487807013802873,-0.00013113022,0.0004686342
-0.3487638368065501,1.4305115e-6,0.00046853384
-0.3486965927781869,0.000390172,0.00046928466
-0.3486474586281516,0.000991106,0.0004690897
-0.34857587618631825,3.695488e-6,0.00046924132
-0.3484435017439853,3.695488e-6,0.00046919164
-0.34832027697515955,-0.00086414814,0.00046869356
-0.3482887676548556,1.4305115e-6,0.0004686932
-0.3482710155259272,0.0005816221,0.00046938375
-0.34824531966488137,3.695488e-6,0.000485767
-0.3481351282608002,3.695488e-6,0.00046914414
-0.3480328169032856,3.695488e-6,0.00046919164
-0.34786383433461276,0.000672102,0.00046858354
-0.34781934602910347,-0.00037294626,0.0004683182
-0.3477003816687242,-0.0003207922,0.00046906207
-0.34762551426620913,-0.00058192015,0.00046921324
-0.34743158637955984,3.695488e-6,0.00046927686
-0.3474111936881775,0.00038325787,0.00046151492
-0.34735465585772085,0.00059485435,0.00046876245
-0.347337814233147,1.4305115e-6,0.00046850787
-0.34727049753165506,0.0014191866,0.00046941248
-0.3472213280016403,6.318092e-5,0.00046924755
-0.3471498048463517,3.695488e-6,0.0004693074
-0.34701738450312414,0.00059497356,0.00046940995
-0.34689422571541917,1.4305115e-6,0.0004688659
-0.34684491454198785,-0.00085139275,0.00046915666
-0.3468191880814351,3.695488e-6,0.00048571217
-0.3467090473584876,3.695488e-6,0.0004692677
-0.3466066948814849,3.695488e-6,0.00046936932
-0.34643777733723136,-0.00066918135,0.00046875622
-0.3464233094919631,3.695488e-6,0.00046915264
-0.346393306245112,1.4305115e-6,0.00046847618
-0.3462742931153677,3.695488e-6,0.0004693705
-0.3461993874637024,0.00015854836,0.00046942983
-0.34600547487680655,0.00034153461,0.00046951178
-0.34598513190938973,-0.00038033724,0.00046151358
-0.34592861033515454,1.4305115e-6,0.00046880075
-0.3459117916602109,-0.00029218197,0.00046843017
-0.34584440228442304,-0.0011627078,0.00046919478
-0.3457951983306632,-0.00043451786,0.00046924007
-0.34572373350568475,0.0009777546,0.00046934947
-0.3455912672641306,1.66893e-5,0.00046942625
-0.3454681744554452,1.4305115e-6,0.00046910424
-0.34543670338522525,0.0009872913,0.00046869597
-0.3454188135571148,0.00029695034,0.00046948955
-0.34539305745422344,0.0013283491,0.00048569692
-0.34528296645524137,3.695488e-6,0.0004693787
-0.34518057285968407,0.0005068779,0.0004695776
-0.34501172129725177,1.4305115e-6,0.00046886093
-0.3449972027703828,3.695488e-6,0.00046913084
-0.34496726741642125,1.4305115e-6,0.0004686455
-0.34484820360601,3.695488e-6,0.00046958475
-0.3447732616171967,-0.00015115738,0.00046947465
-0.3445793624187524,-0.00033420324,0.00046941606
-0.3445590701308352,1.4305115e-6,0.00046190157
-0.3445025648137554,0.00012755394,0.00046886006
-0.3444857690884421,0.0006812811,0.0004686757
-0.3444183079938924,-0.00018006563,0.00046922368
-0.34436906770251763,-0.00060510635,0.0004694665
-0.3442976621640841,-0.0006492138,0.00046921187
-0.3441651509809047,-0.0006006956,0.00046930808
-0.34404212319547134,2.861023e-6,0.00046918308
-0.34401067220641124,-0.0006212592,0.00046865368
-0.3439927135294101,0.0010874271,0.0004696347
-0.34396692587054367,3.695488e-6,0.0004854819
-0.3438568855522285,3.695488e-6,0.0004693143
-0.3437544517952853,-0.0004994869,0.0004693619
-0.34358566429987025,0.00015282631,0.00046919045
-0.34357109604856906,0.0006341934,0.00046939438
-0.343541228587497,0.00045859814,0.00046887586
-0.3434221150538208,0.00014054775,0.00046951
-0.3433471348146899,9.3102455e-5,0.00046951152
-0.3431532509152988,4.684925e-5,0.0004695006
-0.34313300739698005,0.00027632713,0.0004620611
-0.3430765192911891,-0.00071817636,0.00046874725
-0.3430597465162063,-0.00033074617,0.00046874545
-0.3429922127482945,3.695488e-6,0.00046946504
-0.342942937075306,5.888939e-5,0.00046938076
-0.34287159177965176,-0.00031757355,0.00046953245
-0.34273903374097725,3.695488e-6,0.0004694428
-0.34261607193573085,0.0,0.00046923614
-0.3425846400713627,-0.0003617406,0.0004687141
-0.3425666125464045,-0.0011897087,0.0004693854
-0.34254079428639705,0.0004043579,0.00048572177
-0.3424308046492156,0.00020885468,0.00046974517
-0.3423283297741849,0.00025367737,0.00046959618
-0.34215960730248873,-0.00014996529,0.00046905017
-0.3421449902832233,-0.00062686205,0.00046927246
-0.3421151897585728,-0.00045579672,0.00046869458
-0.34199602650139815,-0.00013315678,0.0004697027
-0.341921008013117,-8.5771084e-5,0.00046981394
-0.34172713941207866,0.00037038326,0.0004694484
-0.34170694561912596,-0.0002734661,0.0004617047
-0.3416504737681558,0.0009459257,0.00046918364
-0.34163372394350355,-0.00034624338,0.00046900165
-0.34156611750222965,3.695488e-6,0.00046955052
-0.34151680644809423,-5.1558018e-5,0.00046910724
-0.34144552043945176,0.00022959709,0.00046956728
-0.34131291745635073,0.00023055077,0.00046982954
-0.34119002067599036,1.4305115e-6,0.00046930884
-0.34115860793631414,0.00058221817,0.00046893588
-0.3411405115622318,3.695488e-6,0.00046985634
-0.3411146636591853,-0.0010712743,0.0004852644
-0.34100472374620283,0.0002976656,0.00046957823
-0.34090220775215074,0.00014007092,0.00046972916
-0.3407335503053408,1.4305115e-6,0.00046899743
-0.34071888356164304,8.058548e-5,0.000469788
-0.3406891499736474,0.0006798506,0.0004687566
-0.3405699379478082,0.000415802,0.0004696214
-0.3404948821675452,3.695488e-6,0.00046964712
-0.3403010279102592,-0.00040632486,0.0004695435
-0.3402808838408049,0.0001758337,0.00046199968
-0.34022442920205753,-0.0005648732,0.0004689461
-0.3402077013698671,0.00027513504,0.00046904452
-0.34014002225476403,-0.00044828653,0.00046942077
-0.3400906758206491,0.0006825924,0.0004696014
-0.3400194490987848,0.00106287,0.0004698429
-0.33988680021642326,-0.000223279,0.00046955142
-0.3397639694167168,0.00026476383,0.0004694643
-0.33973257675726665,-0.00022315979,0.00046909472
-0.33971441057805907,-0.00018006563,0.0004696213
-0.339688532076206,-0.00064677,0.00048538964
-0.3395786418869554,-0.0004954934,0.00046957177
-0.339476086687285,-0.00038278103,0.00046968256
-0.33930749330819276,1.4305115e-6,0.000468993
-0.33929277684029613,0.0017572641,0.00046994528
-0.3392631111456571,-0.00014728308,0.00046846754
-0.33914384939421816,-0.00040853024,0.00046958475
-0.3390687553645715,0.0003900528,0.00046991985
-0.3388749164082062,3.695488e-6,0.0004697348
-0.338854821105549,0.00093483925,0.00046210847
-0.33879838368019144,0.00030207634,0.00046903544
-0.3387816787971645,-0.00021135807,0.0004690646
-0.33871392700776537,3.695488e-6,0.00046976164
-0.338664545193204,-0.0006753206,0.00046944607
-0.3385933777581178,3.695488e-6,0.0004696492
-0.3384606839331974,3.695488e-6,0.00046961923
-0.33833791815697634,-0.0002618432,0.00046936172
-0.3383065446219846,1.4305115e-6,0.00046924214
-0.3382883095941197,3.695488e-6,0.00046972814
-0.33826240049322664,7.343292e-5,0.0004852568
-0.33815256098394253,3.695488e-6,0.00046967293
-0.33804996466711845,3.695488e-6,0.0004698412
-0.3378814372679797,4.208088e-5,0.0004690198
-0.33786667011894933,4.887581e-5,0.00046978306
-0.3378370723167329,-0.0002874136,0.00046892886
-0.3377177608417955,0.0005315542,0.00046974982
-0.3376426295178324,3.194809e-5,0.00046975166
-0.33744880394945187,3.695488e-6,0.00046977663
-0.33742875932699457,-0.0003733635,0.0004623641
-0.33737233815832546,-0.0006772876,0.00046896757
-0.33735565622516217,6.556511e-6,0.00046908495
-0.3372878317617005,0.0001320839,0.00046979202
-0.33723841456599224,0.00022542477,0.00046981176
-0.3371673073736855,-0.00089615583,0.00046964793
-0.33703456669327003,3.695488e-6,0.00046970355
-0.33691186689723585,1.4305115e-6,0.00046931597
-0.3368805134441044,-0.00035476685,0.00046906492
-0.33686220861018046,3.695488e-6,0.0004698551
-0.33683626986554804,-6.610155e-5,0.0004852977
-0.3367264800813966,3.695488e-6,0.00046980503
-0.3366238426457846,3.695488e-6,0.00046970762
-0.3364553802705982,0.00056767464,0.0004694342
-0.33644056435383696,0.0012729168,0.00047001877
-0.33641103348804213,-0.00023937225,0.00046884653
-0.3362916722889059,-0.00038599968,0.0004695945
-0.336216502716026,-0.000289917,0.00046972575
-0.3360226924462316,3.695488e-6,0.00046984843
-0.33600269754960743,-0.0007315874,0.0004621733
-0.3359462926359926,1.4305115e-6,0.00046928672
-0.33592963365315986,0.0006130934,0.0004691627
-0.3358617374721038,-0.00012475252,0.00046968495
-0.3358122839387806,-0.00021803379,0.0004697659
-0.33574123603301864,-0.00038164854,0.0004695602
-0.33560845040911036,3.695488e-6,0.00046982098
-0.33548581563749547,0.00072312355,0.00046969455
-0.33545448130905575,1.4305115e-6,0.00046921716
-0.3354361076262411,3.695488e-6,0.00046974525
-0.33541013828116795,3.695488e-6,0.00048503178
-0.3353003991783837,0.002214551,0.00047032497
-0.33519772062445086,3.695488e-6,0.0004697834
-0.33502932327345014,-0.00059467554,0.00046918963
-0.33501445763249016,-0.0016208887,0.00046972703
-0.3349849946593514,1.4305115e-6,0.0004691402
-0.33486558373531594,3.4928322e-5,0.00046976484
-0.3347903759137527,0.0002104044,0.00046987794
-0.33459658094347833,3.695488e-6,0.00046999037
-0.33457663481481836,1.4305115e-6,0.0004625631
-0.3345202471131927,1.4305115e-6,0.00046938082
-0.3345036110804571,1.4305115e-6,0.0004691256
-0.3344356422253386,3.695488e-6,0.00046992602
-0.33438615331156885,0.0003066063,0.00046986877
-0.3343151646921183,0.00015759468,0.0004700133
-0.3341823331689495,3.695488e-6,0.00046984816
-0.334059764377755,-0.0007202625,0.00046958958
-0.3340284491737737,1.4305115e-6,0.0004691819
-0.33401000664230185,3.695488e-6,0.00046977238
-0.3339840066981885,3.695488e-6,0.00048516173
-0.33387431827443703,3.695488e-6,0.00046988367
-0.333771599559585,3.695488e-6,0.00046995727
-0.3336032662763021,-9.298325e-6,0.00046913378
-0.33358835091114325,-0.0011717081,0.00046979988
-0.33355895583066064,1.4305115e-6,0.00046915363
-0.33343949518219296,-0.00016582012,0.00046987185
-0.333364250067714,-0.00032424927,0.00046985064
-0.3331704694418923,0.0002603531,0.0004698968
-0.333150573035797,0.0010057688,0.00046263426
-0.3330942015906264,1.4305115e-6,0.00046940558
-0.3330775885068207,-0.00013411045,0.0004688434
-0.33300954697833995,3.695488e-6,0.0004698387
-0.3329600236410587,-0.00029921532,0.000469891
-0.3328890943074525,0.00064587593,0.0004699268
-0.3327562168850232,0.00018262863,0.00046999723
-0.3326337131180145,1.4305115e-6,0.00046964316
-0.33260241799472623,0.0006711483,0.00046942613
-0.3325839056581291,0.0005800724,0.00047020713
-0.3325578751147422,3.695488e-6,0.00048503207
-0.33244823737142415,-0.0011878014,0.00046987878
-0.33234547753848476,0.00095772743,0.0004704751
-0.3321772102353887,4.8041344e-5,0.00046953672
-0.33216224514649795,-0.0003412962,0.00046978187
-0.3321329160462022,0.00023961067,0.00046917135
-0.33201340663023715,0.00038588047,0.00046996714
-0.3319381232654406,3.695488e-6,0.00046981935
-0.3317443569829045,-0.00025302172,0.00046992657
-0.33172451125747604,-0.0010029078,0.00046257916
-0.33166815702522845,6.377697e-5,0.0004696659
-0.33165156593411793,-0.0005406141,0.00046928655
-0.3315834517315748,3.695488e-6,0.0004699839
-0.3315338930133801,0.00042629242,0.00047015934
-0.33146302296771935,-0.00079250336,0.0004699552
-0.33133009964509585,-0.00017529726,0.00047011249
-0.3312076618580406,0.0004892349,0.00046977907
-0.3311763858596777,-0.00041401386,0.00046937962
-0.33115780467348943,-0.00020390749,0.00047017637
-0.3311317444875306,3.695488e-6,0.00048506667
-0.3310221564688782,3.695488e-6,0.0004700063
-0.3309193555173844,-0.00010919571,0.00046993975
-0.33075115323824067,-4.518032e-5,0.00046952986
-0.33073613842515104,3.695488e-6,0.00046966685
-0.33070687721751135,-0.00023669004,0.0004691739
-0.33058731807711406,0.0006483793,0.00047013277
-0.33051199741940185,3.695488e-6,0.0004699845
-0.33031824547968425,3.695488e-6,0.00047001507
-0.33029844947962195,1.4305115e-6,0.00046277585
-0.3302421115028955,0.00041282177,0.00046945194
-0.33022554336188226,1.4305115e-6,0.00046947956
-0.33015735744197794,0.0007044077,0.00047009645
-0.33010776238523465,-0.00041896105,0.00047008722
-0.3300369516270525,3.695488e-6,0.00047006903
-0.32990398336210347,3.695488e-6,0.0004701568
-0.32978161059900046,1.4305115e-6,0.00046961624
-0.3297503546817975,-0.0002527833,0.0004694633
-0.32973170368955007,-0.0002335906,0.00047016575
-0.3297056129040843,0.0008558035,0.00048526548
-0.32959607556586545,3.695488e-6,0.00047020122
-0.32949323445251866,-0.00077939034,0.0004700564
-0.32932509624085926,1.4305115e-6,0.00046906417
-0.32931003170287043,3.695488e-6,0.00046989848
-0.3292808383888206,1.4305115e-6,0.00046913914
-0.3291612295239911,-0.0010231733,0.00046987023
-0.3290858706168951,0.0010586977,0.00047036906
-0.32889213397716444,3.695488e-6,0.0004701498
-0.3288723867455333,1.4305115e-6,0.00046295556
-0.3288160659803292,-0.0004723072,0.00046946306
-0.3287995207901133,0.00032103062,0.0004693846
-0.32873126219544624,-0.00016117096,0.00047008492
-0.32868163175848986,0.00040125847,0.00047043903
-0.32861088124168636,0.0004799366,0.00047031962
-0.3284778661219425,3.695488e-6,0.0004700793
-0.32835555933926,-0.0004863739,0.00046988783
-0.32832432254651545,0.0007445812,0.00046998722
-0.32830560270607767,-0.00012797117,0.00047013522
-0.3282794813197042,-0.0008484721,0.000484848
-0.32816999466215224,-0.0006811023,0.00047030437
-0.32806711243188513,0.00029742718,0.00047039098
-0.3278990401997123,1.4305115e-6,0.0004696923
-0.32788392593775806,3.695488e-6,0.00047001822
-0.32785479956012986,5.00679e-6,0.000469494
-0.32773514097110146,3.8027763e-5,0.00047027282
-0.32765974381438834,-0.00090414286,0.00047010527
-0.3274660224746446,3.695488e-6,0.00047018196
-0.32744632496721227,0.0006079674,0.00046299867
-0.3273900204577628,1.4305115e-6,0.00046954484
-0.3273734982171772,9.346008e-5,0.00046944176
-0.3273051669479806,-8.225441e-6,0.00047001996
-0.3272555011322119,-0.00010919571,0.00047013498
-0.3271848099010194,-0.00047260523,0.00047014237
-0.32705174983778285,3.695488e-6,0.0004703131
-0.32692950903552065,1.4305115e-6,0.0004699052
-0.32689829136746795,-0.0006785393,0.00046978053
-0.32687950172283875,3.695488e-6,0.0004702891
-0.3268533497362579,3.695488e-6,0.00048515951
-0.3267439137589059,3.695488e-6,0.00047026618
-0.32664099041008443,0.00035130978,0.0004702069
-0.32647298320256435,1.4305115e-6,0.00046960067
-0.3264578192168781,0.000949502,0.00046992642
-0.3264287607314391,0.0004349947,0.00046956187
-0.32630905241821184,0.00028288364,0.000470249
-0.3262336179683496,-0.00014358759,0.00047048958
-0.32603991097189133,3.695488e-6,0.00047038763
-0.32602026318842436,1.4305115e-6,0.00046313004
-0.3259639758916645,0.0008648634,0.00046999528
-0.32594747564377424,-0.00041013956,0.00046940413
-0.3258790717014489,-0.00052034855,0.00046998612
-0.32582937050500027,-0.0002810955,0.00047012742
-0.3257587395170539,3.695488e-6,0.00047018332
-0.3256256325978555,3.695488e-6,0.00047040737
-0.3255034577755468,1.4305115e-6,0.0004699763
-0.3254722592324193,0.000451684,0.0004697736
-0.3254534016944337,0.0004093647,0.00047041706
-0.32542721815351194,0.00022900105,0.00048488058
-0.3253178328568269,-0.0003309846,0.00047035053
-0.3252148693445184,-0.00034832954,0.00047013376
-0.3250469262063501,1.4305115e-6,0.00046921754
-0.3250317124955313,-0.000942111,0.00047019927
-0.3250027219025149,-0.00043559074,0.00046940098
-0.3248829638653222,-0.00014960766,0.0004702462
-0.324807491165376,0.00076270103,0.000470584
-0.32461379947007185,3.695488e-6,0.00047028434
-0.3245942004536353,-0.00033849478,0.0004629615
-0.32453793037026546,-0.00086194277,0.00046968952
-0.3245214530710715,1.4305115e-6,0.00046967994
-0.32445297741115176,0.0004669428,0.00047018478
-0.3244032398768547,7.2717667e-6,0.00047025894
-0.32433266817638706,3.695488e-6,0.00047026895
-0.3241995163146296,0.00074124336,0.00047060847
-0.3240774065158063,1.4305115e-6,0.00046987497
-0.3240462280536053,1.4305115e-6,0.00046996376
-0.32402730070956054,-0.00040209293,0.00047029558
-0.3240010875260668,-0.00022172928,0.00048478384
-0.3238917519542809,3.695488e-6,0.0004702796
-0.32378874732388485,-0.0003439784,0.00047052544
-0.32362087016520324,1.4305115e-6,0.00046979293
-0.3236056067299521,3.695488e-6,0.0004704281
-0.32357668307359067,1.4305115e-6,0.00046967226
-0.3234568753124326,-0.000156641,0.00047026423
-0.3233813653191038,-0.00015604496,0.00047037136
-0.32318768796755204,6.735325e-5,0.00047041354
-0.3231681386760147,-0.00026518106,0.00046302594
-0.32311188484769904,0.00026023388,0.00046994523
-0.32309543145507036,1.4305115e-6,0.00046967837
-0.32302688216461994,-0.00045961142,0.00047013912
-0.3229771102058776,0.0008801222,0.0004704931
-0.32290659779102093,3.695488e-6,0.0004704739
-0.32277339907470226,-0.00013685226,0.00047036898
-0.3226513552560658,0.00031256676,0.0004702327
-0.3226201959190236,-0.00023269653,0.0004697896
-0.3226011997263216,3.695488e-6,0.0004704512
-0.3225749559421536,3.695488e-6,0.0004847436
-0.32246567105056767,9.4771385e-5,0.00047047547
-0.32236262625971945,0.0007402897,0.0004704271
-0.3221948131678217,1.4305115e-6,0.00046989028
-0.3221795000083718,0.0004361868,0.00047049203
-0.3221506442448999,0.00061285496,0.00046984176
-0.32203078676000996,0.00041890144,0.00047052055
-0.3219552385177643,3.695488e-6,0.0004706078
-0.3217615755078638,-5.9962273e-5,0.0004704568
-0.32174207689769374,0.0003373623,0.00046343132
-0.3216858393251327,2.3007393e-5,0.00046987378
-0.3216694088828346,1.4305115e-6,0.00046966615
-0.3216007869185551,0.00070798397,0.00047042136
-0.32155097957866596,-0.0008763671,0.00047063205
-0.32148052645035397,3.695488e-6,0.000470448
-0.32134728279007563,3.695488e-6,0.00047054343
-0.3212253039963253,-0.00030970573,0.000470022
-0.3211941647402097,-0.00016015768,0.0004699528
-0.3211750987430827,0.0006740093,0.0004706928
-0.3211488243584739,3.695488e-6,0.00048466722
-0.32103959014685446,0.0003578663,0.00047069957
-0.32093650423791875,-0.00018328428,0.0004704483
-0.3207687561706737,1.4305115e-6,0.00046996993
-0.32075339328772534,-0.00042885542,0.00047018868
-0.3207246054162092,-0.00034213066,0.0004698315
-0.32060469820712034,-0.00039064884,0.0004705122
-0.3205291126721924,0.001024127,0.00047074773
-0.32033546400534396,3.695488e-6,0.0004704504
-0.3203160151191393,1.4305115e-6,0.00046337114
-0.32025979475903443,0.00041639805,0.00047017226
-0.32024338631013194,0.00085270405,0.0004701066
-0.32017469262825804,-0.00041127205,0.00047036278
-0.32012484895122084,3.695488e-6,0.00047045478
-0.320054456066622,3.695488e-6,0.00047058417
-0.31992116555014816,-0.00059336424,0.0004705252
-0.31979925273658494,0.00040864944,0.00047016089
-0.3197681335606952,-0.00011628866,0.00046994077
-0.31974899775914334,-0.00041383505,0.00047067137
-0.31972269277572796,3.695488e-6,0.0004847922
-0.31961350924430854,0.0002924204,0.0004705284
-0.31951038221588457,0.00013911724,0.0004705488
-0.3193427001297603,1.4305115e-6,0.00047000428
-0.3193272875226131,0.00052165985,0.0004708101
-0.31929856658821887,-0.00026637316,0.0004699596
-0.31917861060953157,-1.7225742e-5,0.00047051915
-0.3191029858692188,-0.0006483197,0.00047053632
-0.3189093525032911,3.695488e-6,0.00047088278
-0.3188899533405849,-0.00033450127,0.00046342792
-0.3188337492367015,-0.0006940365,0.00046986842
-0.31881736373696234,-0.00081431866,0.00047004948
-0.3187485973807924,9.9897385e-5,0.0004704418
-0.3186987183237757,3.695488e-6,0.00047022014
-0.31862838472665544,3.695488e-6,0.00047057212
-0.3184950492669223,3.695488e-6,0.00047048857
-0.31837320147684445,-0.00040584803,0.0004704955
-0.3183421014254132,1.4305115e-6,0.00047011103
-0.3183228967742703,-0.00024914742,0.00047050178
-0.31829656119228167,3.695488e-6,0.00048479316
-0.3181874283419961,-0.0007303953,0.00047039211
-0.31808426115171917,-0.0006815195,0.00047038138
-0.31791664313261225,1.4305115e-6,0.00047026938
-0.31790118080033236,-0.0005143881,0.00047050687
-0.31787252775929464,1.4305115e-6,0.00046987276
-0.31775252205664195,3.695488e-6,0.0004706063
-0.31767686002247963,3.695488e-6,0.0004705243
-0.3174832410017051,0.00028514862,0.0004707365
-0.3174638906060293,3.9219856e-5,0.0004634124
-0.3174077037148355,0.0008895397,0.0004701603
-0.31739134116402623,0.00030648708,0.00047009566
-0.3173225021342607,-0.00038188696,0.0004704031
-0.31727258769656397,4.7683716e-6,0.0004705873
-0.3172023143412893,0.00021588802,0.00047078208
-0.31706893202699493,3.695488e-6,0.00047054974
-0.31694715117380545,1.4305115e-6,0.0004703491
-0.316916070247533,1.4305115e-6,0.00047017972
-0.3168967957903309,3.695488e-6,0.0004708094
-0.3168704305641362,0.0010221004,0.00048474572
-0.31676134743874973,0.00010693073,0.00047058467
-0.31665813913038543,0.00017750263,0.0004707189
-0.3164905861354642,1.4305115e-6,0.00047002741
-0.3164750750352201,0.00055885315,0.00047062733
-0.3164464889306039,1.4305115e-6,0.0004702186
-0.31632643350468614,3.695488e-6,0.0004709099
-0.3162507332206733,-0.00096410513,0.00047053883
-0.3160571294982514,-0.00027781725,0.0004706372
-0.31603782882864206,-3.6358833e-5,0.0004636875
-0.31598165819250257,-0.00018000603,0.00047006988
-0.31596531954825846,-0.00033915043,0.00047019246
-0.3158964078444304,3.540516e-5,0.0004705576
-0.31584645802558686,2.503395e-6,0.00047047358
-0.3157762430001555,3.695488e-6,0.00047070597
-0.3156428157426018,0.00034332275,0.00047068988
-0.31552109991406496,1.4305115e-6,0.00047067396
-0.3154900381129513,5.376339e-5,0.0004703346
-0.3154706957626262,3.695488e-6,0.0004707498
-0.31544429898068993,-0.0006556511,0.00048453288
-0.31533526653527,-9.9658966e-5,0.0004705916
-0.3152320180655196,0.00078320503,0.00047078624
-0.31506453009501767,1.4305115e-6,0.00047020908
-0.31504896831434015,-0.00010830164,0.00047061013
-0.3150204491456785,7.212162e-5,0.00046994115
-0.31490034495156316,0.0006341934,0.0004708113
-0.3148246073746346,3.695488e-6,0.00047083342
-0.31463101799479776,0.0017142296,0.00047117515
-0.31461176705008764,0.000461936,0.0004640657
-0.31455561362570394,1.4305115e-6,0.00047022596
-0.3145392969760228,0.0005328655,0.0004701714
-0.3144703125988325,0.001283884,0.00047088598
-0.3144203273983752,3.695488e-6,0.00047069354
-0.31435017261619014,-0.00020861626,0.00047076
-0.31421669850244094,-0.00033599138,0.00047063673
-0.3140950486543246,1.4305115e-6,0.00047080842
-0.3140640069341373,0.00023651123,0.00047027922
-0.31404459477868696,3.695488e-6,0.0004708486
-0.3140181673977105,-0.0003554225,0.00048453093
-0.3139091856322571,0.00022363663,0.00047097442
-0.31380589604441933,-0.0009496808,0.0004706301
-0.31363847309786974,0.0010371208,0.0004707643
-0.3136228625492279,-0.00043952465,0.0004708111
-0.31359441031698776,-6.920099e-5,0.00047008108
-0.3134742563979732,-0.00062686205,0.00047082826
-0.3133984805723612,0.0001513958,0.0004709258
-0.31320490649321175,-9.1433525e-5,0.00047076406
-0.31318570527106626,-0.00045907497,0.00046377545
-0.3131295681031375,-0.00070518255,0.00047031222
-0.31311327440332004,1.8000603e-5,0.00047017567
-0.3130442173513669,-0.00050127506,0.00047067512
-0.31299419677163043,3.695488e-6,0.0004708369
-0.31292410127599013,3.695488e-6,0.00047075513
-0.3127905822196819,3.695488e-6,0.00047077888
-0.3126689973943506,1.4305115e-6,0.00047072617
-0.31263797575438945,-0.00028586388,0.00047019377
-0.3126184937945141,0.00017094612,0.00047089346
-0.3125920358142642,0.0010319948,0.00048443148
-0.3124831047297112,-0.00021624565,0.00047099922
-0.31237977402331896,0.00051677227,0.00047104896
-0.31221241705695624,-0.00047791004,0.00047035736
-0.312196755827881,3.695488e-6,0.00047072658
-0.31216837148876386,1.4305115e-6,0.0004702452
-0.3120481678450836,3.695488e-6,0.00047093755
-0.31197235472632245,3.695488e-6,0.00047108764
-0.31177879499045846,-0.00075161457,0.00047083403
-0.3117596434927453,0.0009384155,0.00046401037
-0.3117035225817385,1.4305115e-6,0.00047025608
-0.3116872518296836,-1.5079975e-5,0.0004702678
-0.3116181230601359,-0.00044959784,0.00047083478
-0.31156806614371835,2.69413e-5,0.0004708442
-0.3114980308915577,3.695488e-6,0.00047078976
-0.3113644659359892,0.0010465384,0.00047108633
-0.31124294613437675,0.0013314486,0.00047076022
-0.3112119436193409,1.4305115e-6,0.0004702843
-0.3111923928103414,-0.00016361475,0.0004708557
-0.3111659042308179,-0.00035452843,0.00048461277
-0.3110570238266984,3.695488e-6,0.00047086857
-0.31095365295845323,-0.0005095005,0.00047091718
-0.3107863600598082,-0.00011074543,0.00047047556
-0.3107706491065342,3.695488e-6,0.00047078478
-0.3107423326600731,1.4305115e-6,0.0004701671
-0.31062207929266095,3.695488e-6,0.00047113132
-0.3105462279240492,0.00013887882,0.00047090952
-0.3103526834872382,3.695488e-6,0.00047113252
-0.3103335807586567,-0.0003708005,0.0004638914
-0.3102774780156402,4.5657158e-5,0.00047031947
-0.3102612302132155,0.00020325184,0.0004703617
-0.31019202781453803,-0.00035011768,0.00047083548
-0.31014193551580627,0.00067687035,0.00047106182
-0.31007196050642505,0.00021207333,0.0004709859
-0.30993834869582837,-0.00048983097,0.00047088816
-0.3098168958318047,0.0002309084,0.00047086886
-0.3097859124412272,0.0009121895,0.00047057436
-0.30976629182640214,3.695488e-6,0.0004709332
-0.3097397726473716,-0.00015515089,0.000484483
-0.30963094292275173,3.695488e-6,0.0004708132
-0.30952753093735286,0.00022828579,0.00047137256
-0.3093603030624268,-0.00032407045,0.00047027253
-0.309344543340488,7.534027e-5,0.00047093388
-0.30931629383138237,1.4305115e-6,0.0004704256
-0.3091959907402382,0.00054752827,0.00047103918
-0.30912010207777696,-0.00027924776,0.0004709381
-0.3089265719847184,-0.0001681447,0.00047108735
-0.30890751898033564,-0.0005632043,0.00046405478
-0.3088514324930738,0.00047636032,0.0004704551
-0.3088352076414467,0.001425147,0.00047039308
-0.3087659325684732,3.695488e-6,0.00047103383
-0.3087158058452961,3.695488e-6,0.0004711663
-0.3086458891655247,-0.00020468235,0.00047109928
-0.30851223241190207,0.00023126602,0.00047096598
-0.3083908445720642,-0.0008304715,0.00047062448
-0.308359880306879,-0.000418365,0.0004703179
-0.3083401917986974,3.695488e-6,0.000471077
-0.3083136420192262,-0.00050759315,0.00048450267
-0.30820486201973885,1.9311905e-5,0.00047100463
-0.308101409872954,3.695488e-6,0.0004710592
-0.3079342470212799,-0.00011718273,0.0004705048
-0.3079184366191412,-6.7949295e-5,0.0004708454
-0.3078902559589263,0.0005290508,0.00047042628
-0.30776990314311636,0.00062417984,0.00047109154
-0.3076939752752702,6.4611435e-5,0.00047105624
-0.3075004595264309,-0.0004838109,0.0004710535
-0.3074814572020147,0.00016212463,0.00046481268
-0.307425387926742,-0.00051766634,0.0004704305
-0.30740918506851056,-0.00201118,0.0004702469
-0.3073398382774757,0.00056505203,0.00047107422
-0.3072896752190183,-0.0006928444,0.00047112533
-0.3072198187820262,0.0006005764,0.0004713534
-0.30708611517150775,-0.00022393465,0.0004709209
-0.30696479331209026,-0.00022804737,0.0004706684
-0.306933849128065,-0.00024312735,0.0004705312
-0.306914090815225,3.695488e-6,0.00047121578
-0.3068875104357799,1.3589859e-5,0.00048459638
-0.30677878111672596,-1.1980534e-5,0.00047089576
-0.3066752878509198,-0.00013530254,0.00047119186
-0.3065081900241319,1.4305115e-6,0.0004705387
-0.3064923308544958,3.695488e-6,0.00047087995
-0.30646421713023553,0.0007292032,0.00047052017
-0.30634381458929294,-0.0005401373,0.00047105475
-0.30626784942923146,0.00092458725,0.0004714138
-0.3060743480239111,0.00017237663,0.00047115
-0.3060553954234603,0.0007044077,0.00046491934
-0.30599934240440907,1.4305115e-6,0.00047049084
-0.305983163451809,1.4305115e-6,0.00047052818
-0.30591374303024355,3.695488e-6,0.0004710726
-0.30586354459157306,3.695488e-6,0.00047116712
-0.3057937483975939,0.00018823147,0.00047122885
-0.30565999888758155,-0.0005456805,0.00047084552
-0.3055387420521164,0.00010275841,0.0004708107
-0.30550781794831716,-0.0002449751,0.0004705362
-0.30548798983128567,3.695488e-6,0.0004713185
-0.3054613788530339,-6.198883e-6,0.00048432674
-0.3053527011699477,0.0007997751,0.0004713135
-0.3052491667855871,0.00092434883,0.0004712859
-0.3050821339841523,0.0013918877,0.00047070783
-0.3050662241340828,0.0006893873,0.00047122885
-0.3050381783013113,0.00018239021,0.00047049383
-0.3049177260368702,-0.0006169081,0.00047110807
-0.30484172262625786,3.695488e-6,0.00047126084
-0.3046482365213913,3.695488e-6,0.00047134154
-0.30462933364490574,1.4305115e-6,0.0004647883
-0.30457329688277657,0.0009828806,0.00047099273
-0.30455714087910635,1.4305115e-6,0.0004704827
-0.30448764874041334,-0.00055772066,0.00047096712
-0.3044374139636611,3.695488e-6,0.0004711034
-0.3043676770559931,-0.0003939867,0.00047107358
-0.30423388260458906,3.695488e-6,0.0004711566
-0.3041126907923759,-0.0005980134,0.00047068956
-0.30408178676950315,1.4305115e-6,0.00047082346
-0.304061888846646,0.00019693375,0.00047139963
-0.30403524726935427,3.695488e-6,0.00048447968
-0.3039266202674018,3.695488e-6,0.00047123263
-0.3038230447649537,-0.0010026693,0.00047111252
-0.3036560769867708,1.4305115e-6,0.00047039328
-0.3036401183680367,3.695488e-6,0.00047096045
-0.3036121394723871,-3.6120415e-5,0.0004703896
-0.30349163748398067,0.00023031235,0.00047129035
-0.30341559677998564,-0.0005556941,0.00047109713
-0.30322212501887147,-0.00036597252,0.00047109148
-0.3032032718675186,-0.00045776367,0.00046463133
-0.3031472523164448,-0.0005890131,0.0004705564
-0.3031311183064036,0.00089633465,0.00047073324
-0.30306155349481545,3.695488e-6,0.00047127073
-0.30301128333644933,0.00036275387,0.00047120027
-0.3029416066715608,3.695488e-6,0.00047129372
-0.30280776536512866,3.695488e-6,0.00047156634
-0.3026866404895704,0.00041496754,0.00047083074
-0.30265575463492145,1.4305115e-6,0.00047065597
-0.3026357888187079,-0.00018960238,0.00047128223
-0.302609115685441,0.0014454126,0.00048456935
-0.3025005393643889,-0.00079250336,0.00047126046
-0.3023969237007883,3.695488e-6,0.0004712546
-0.3022300209456239,0.00053679943,0.0004710611
-0.302214011645756,-0.00034612417,0.0004712046
-0.30218610064463014,-0.0006696582,0.00047031985
-0.30206554893109105,9.6321106e-5,0.0004713108
-0.3019894699786462,-0.00041884184,0.00047107704
-0.3017960135161182,0.00051498413,0.00047121177
-0.30177721008919767,-8.648634e-5,0.00046470418
-0.30172120679411185,-0.00038951635,0.0004706597
-0.30170509669040246,-0.00053197145,0.00047048737
-0.30163545824805027,0.0006159544,0.00047124297
-0.30158515366523886,-0.0003554225,0.0004711989
-0.3015155362875954,0.00017488003,0.00047117408
-0.3013816490807355,9.88245e-5,0.00047131086
-0.3012605892295964,-0.00041216612,0.00047100123
-0.30122972345704124,0.00042688847,0.0004707386
-0.30120968783570234,0.00041246414,0.00047143048
-0.30118298410176125,0.00084781647,0.0004845181
-0.30107445846044223,3.695488e-6,0.00047139107
-0.3009708016789876,0.00030601025,0.0004713561
-0.30080396394847586,-0.0013890266,0.00047073248
-0.30078790588157756,-0.0003323555,0.0004712417
-0.3007600618159394,-0.0007263422,0.0004704738
-0.300639461334436,3.695488e-6,0.0004713792
-0.3005633441330744,0.00033545494,0.00047141293
-0.3003699020133649,-0.00015372038,0.00047141677
-0.3003511473544086,0.00028824806,0.0004649925
-0.300295161271779,1.4305115e-6,0.000470873
-0.30027907411769983,-0.00041645765,0.00047042448
-0.30020936395705267,3.695488e-6,0.00047120644
-0.3001590230377936,0.00081682205,0.00047164515
-0.30008946494692845,-0.00038021803,0.00047118144
-0.29995553279634235,3.695488e-6,0.00047116083
-0.2998345379693891,0.0003887415,0.00047146968
-0.2998036922772934,-0.00042396784,0.0004705987
-0.29978358685222994,3.695488e-6,0.00047134818
-0.2997568525190154,-0.0011158586,0.00048428526
-0.29964837755742946,7.772446e-5,0.0004714304
-0.2995446796569534,0.00027811527,0.0004715461
-0.29937790790756247,1.4305115e-6,0.0004708208
-0.2993617991606976,3.695488e-6,0.00047123746
-0.29933402298701517,0.000436306,0.00047058164
-0.29921337278154647,-0.0003093481,0.0004714439
-0.2991372173301007,0.000108242035,0.00047144285
-0.2989437905108451,-0.0003502965,0.00047124052
-0.2989250855758542,-0.0006018877,0.00046490293
-0.2988691167056807,0.0003825426,0.00047110365
-0.29885305250123173,0.0004556179,0.00047083112
-0.29878326871052097,-0.0006085634,0.00047112987
-0.298732892410582,-0.00020849705,0.00047151092
-0.29866339456249613,-0.00016748905,0.0004712617
-0.29852941555688184,-9.1552734e-5,0.00047128802
-0.29840848766588324,-1.1920929e-7,0.0004713095
-0.29837766014131095,1.4305115e-6,0.000470903
-0.2983574868238249,0.00039803982,0.0004715197
-0.2983307209355691,-0.00031852722,0.00048429018
-0.2982222966551169,0.00019073486,0.0004714574
-0.298118558592788,-0.00057315826,0.00047139762
-0.29795185091041443,0.00026977062,0.000471024
-0.297935693394885,0.0010164976,0.00047142644
-0.29790798415809094,0.000338912,0.00047072733
-0.29778728422865686,-2.682209e-6,0.00047152844
-0.2977110914833616,-9.685755e-5,0.00047139273
-0.2975176790090256,0.00018072128,0.00047136476
-0.2974990237975331,1.4305115e-6,0.00046499964
-0.29744307118381474,0.00042688847,0.00047103319
-0.2974270299285291,0.00064885616,0.00047064509
-0.2973571744199903,0.00017011166,0.00047134707
-0.29730676178337023,-0.00025224686,0.0004716029
-0.2972373241780638,3.695488e-6,0.00047133808
-0.297103299273189,0.00054848194,0.00047150181
-0.2969824364066097,0.000289917,0.00047124593
-0.29695162896343086,0.00033974648,0.00047095196
-0.2969313858391852,-0.000690639,0.00047140635
-0.29690459030742355,3.695488e-6,0.00048443332
-0.2967962167090391,0.00045001507,0.00047159617
-0.29669243657145417,0.0001001358,0.00047157827
-0.2965257939132664,0.00021493435,0.00047104523
-0.2965095866728378,2.9802322e-6,0.0004711936
-0.2964819453294002,-0.00064229965,0.00047057477
-0.29636119567553376,3.695488e-6,0.00047146904
-0.2962849656377897,-0.00033211708,0.00047129323
-0.29609156750580534,-0.00017338991,0.00047155132
-0.2960729620192122,0.0004943609,0.00046517287
-0.29601702661771634,-0.0003796816,0.00047092457
-0.296001008312061,-0.00035220385,0.0004704043
-0.29593107917322514,-0.00016283989,0.0004714293
-0.29588063211239324,3.695488e-6,0.0004714427
-0.295811253793398,3.695488e-6,0.00047133424
-0.29567718298879586,-0.00045961142,0.00047141023
-0.2955563851468692,-0.0004607439,0.00047118324
-0.2955255977850837,3.33786e-5,0.00047098787
-0.2955052848557128,-0.0001052022,0.00047146695
-0.29547845872397727,0.00019323826,0.00048432735
-0.2953701358050924,-0.00070387125,0.00047135973
-0.29526631550658844,0.00013279915,0.0004716425
-0.29509973787281985,-6.5267086e-5,0.00047094395
-0.29508348090819236,-0.0010085106,0.0004712617
-0.2950559065014098,-0.00012713671,0.00047059322
-0.2949351080786453,3.695488e-6,0.00047137268
-0.29485883883551645,3.695488e-6,0.0004717074
-0.2946654560023517,0.0002682209,0.0004715802
-0.29464690024089113,0.00083494186,0.000464983
-0.2945909810953835,-0.00011563301,0.00047115475
-0.2945749857398252,-0.00035953522,0.00047058944
-0.2945049848838618,3.695488e-6,0.0004714971
-0.2944545014851815,0.00071310997,0.00047163875
-0.2943851834087322,3.695488e-6,0.000471492
-0.294251065748635,-7.7843666e-5,0.00047151948
-0.2941303338871287,0.0001231432,0.0004712547
-0.2940995666069701,-0.00036871433,0.0004708586
-0.29407918387177356,0.00096309185,0.00047168433
-0.29405232714099794,3.695488e-6,0.0004842059
-0.2939440549013792,3.695488e-6,0.00047154372
-0.2938401944417227,3.695488e-6,0.00047171605
-0.2936736808756718,-0.00094908476,0.00047101997
-0.29365737418684557,3.695488e-6,0.00047158435
-0.29362986767248556,1.4305115e-6,0.00047068927
-0.2935090195257557,0.00056159496,0.0004716915
-0.2934327129894777,3.695488e-6,0.0004715702
-0.29323934450053224,0.00029695034,0.00047172216
-0.2932208384625702,-0.0002439022,0.00046514868
-0.2931649365292852,-0.00030690432,0.0004710003
-0.2931489631671226,-0.0004734993,0.00047053632
-0.2930788896370966,0.00024092197,0.00047155295
-0.2930283708584367,-0.0007289648,0.0004715241
-0.2929591130242999,3.695488e-6,0.0004716814
-0.2928249494658761,3.695488e-6,0.00047140144
-0.2927042835833894,0.001514554,0.00047172187
-0.29267353447122113,0.00012040138,0.0004712141
-0.29265308384313504,-0.0009557605,0.00047156055
-0.29262619555755165,-0.00097233057,0.00048408253
-0.29251797399906665,3.0040741e-5,0.00047162877
-0.29241407242062234,-0.0002220273,0.00047161846
-0.2922476248347584,0.00029301643,0.00047134203
-0.2922312684217332,3.695488e-6,0.00047134742
-0.2922038288437948,0.0006825924,0.00047099023
-0.2920829309728662,-0.0001629591,0.0004717121
-0.29200658618720443,0.00063085556,0.0004717599
-0.29181323299871287,0.001072526,0.00047185016
-0.29179477668424925,-0.0004914403,0.00046532598
-0.2917388910069523,0.00034856796,0.00047129116
-0.2917229415506545,1.4305115e-6,0.0004707387
-0.2916527953460991,0.00051665306,0.00047158008
-0.29160224118675926,-0.0003182292,0.00047134302
-0.29153304168456684,4.851818e-5,0.00047159818
-0.2913988331819498,3.695488e-6,0.00047153348
-0.29127823232341554,0.00090527534,0.00047147626
-0.2912475032914733,-0.00011754036,0.00047104285
-0.2912269828591957,3.695488e-6,0.00047212746
-0.29120006397410536,-5.4121017e-5,0.00048402304
-0.2910918940527554,-2.2649765e-5,0.0004715118
-0.2909879513557566,3.695488e-6,0.0004716707
-0.2908215678376104,5.698204e-5,0.0004711993
-0.2908051617003864,6.67572e-5,0.00047162146
-0.2907777909713387,0.00083708763,0.00047117018
-0.2906568433762111,3.695488e-6,0.00047153217
-0.2905804603409322,3.695488e-6,0.00047167623
-0.29038712149619295,-0.00028955936,0.00047166488
-0.2903687149056947,0.0005584955,0.00046566312
-0.290312846440854,-0.00028055906,0.00047096802
-0.2902969199341864,1.4305115e-6,0.00047085827
-0.2902267000995673,-0.0002335906,0.00047155283
-0.2901761105588472,0.0005003214,0.00047182376
-0.29010697129990104,-4.118681e-5,0.00047166116
-0.28997271594178897,3.695488e-6,0.0004716438
-0.28985218106460886,-0.00058722496,0.00047129672
-0.2898214721133596,0.00055134296,0.00047118543
-0.28980088187619024,0.000106692314,0.0004718852
-0.2897739323906591,0.00013911724,0.00048400345
-0.28966581314904216,3.695488e-6,0.00047183904
-0.28956182933465624,3.695488e-6,0.00047177254
-0.2893955117964635,0.0012096167,0.00047124518
-0.28937905593527413,0.00046133995,0.0004718516
-0.28935175214264797,-0.0012090802,0.0004708289
-0.28923075482378846,-0.0003876686,0.00047170318
-0.28915433449466,0.0007339716,0.00047191698
-0.2889610099927393,9.8347664e-5,0.00047160764
-0.2889426531271403,1.4305115e-6,0.00046539513
-0.28888680091828756,-6.365776e-5,0.0004711056
-0.28887089736125027,0.00010275841,0.00047118
-0.2888006058097371,-0.00048458576,0.00047156826
-0.2887499799321024,3.695488e-6,0.0004716956
-0.2886809009147684,3.695488e-6,0.00047171832
-0.28854659965809615,3.695488e-6,0.00047177623
-0.288426130761103,-0.0009717941,0.00047132664
-0.28839544093524594,-0.00054848194,0.00047100012
-0.28837478184825205,4.720688e-5,0.00047187935
-0.288347800806279,-0.00013172626,0.00048394862
-0.28823973224532895,3.695488e-6,0.00047166957
-0.28813570827025736,0.0011913776,0.00047210316
-0.28796945575531663,0.0013591051,0.0004714429
-0.2879529501699284,0.00014936924,0.00047170703
-0.28792571331442407,-0.00030493736,0.0004709613
-0.28780466627089885,5.6028366e-6,0.00047177076
-0.2877282076923867,-0.0006235838,0.0004717324
-0.2875348984902195,-0.0010748506,0.0004716439
-0.28751659134975316,-0.0010256171,0.00046540078
-0.2874607563519558,0.0006338358,0.0004712122
-0.2874448757445487,0.0006095171,0.0004712298
-0.2873745105632054,-2.1100044e-5,0.00047161218
-0.28732384930489074,0.00044119358,0.00047158415
-0.28725483053033607,3.695488e-6,0.00047192667
-0.28712048337440343,3.695488e-6,0.0004716809
-0.28700007950112905,-0.0005274415,0.0004712821
-0.2869694097568989,0.00034177303,0.0004712015
-0.2869486808640793,3.3020973e-5,0.00047174233
-0.2869216692228327,3.695488e-6,0.00048398235
-0.28681365229901756,0.00023663044,0.00047201873
-0.286709586249157,0.0009977818,0.00047199306
-0.2865433987581686,1.4305115e-6,0.00047111235
-0.2865268434483481,-0.00020515919,0.00047158398
-0.2864996744857333,0.00030899048,0.0004710853
-0.28637857867354355,1.7881393e-6,0.0004715937
-0.286302081846348,3.695488e-6,0.00047201238
-0.28610878794393424,0.0006041527,0.00047182976
-0.28609052957119874,0.00036418438,0.00046532668
-0.28603471082962295,0.0006958246,0.00047130926
-0.28601885317184605,1.4305115e-6,0.00047115568
-0.2859484162719744,3.695488e-6,0.00047164457
-0.28589771963391364,0.00052189827,0.00047185694
-0.2858287601463706,3.695488e-6,0.00047161174
-0.2856943670907106,3.695488e-6,0.0004718487
-0.2856943670907106,-0.00010544062,0.0004716084
-0.2856637174267065,-8.59499e-5,0.00047131607
-0.28564291968593003,-7.277727e-5,0.00047169396
-0.2856158764891753,0.00065636635,0.00048412874
-0.28550791024649397,0.0002439022,0.00047199454
-0.2854038040329129,-0.0005159378,0.00047182635
-0.2852376815665772,-0.0008845329,0.00047117283
-0.2852210765334916,-0.00029057264,0.0004716246
-0.2851939745058977,9.119511e-5,0.00047108694
-0.28507282896974245,0.00012814999,0.00047178753
-0.28499629389246284,-0.00062310696,0.0004717974
-0.2848030152909699,-0.00026732683,0.00047175112
-0.28478480664219974,1.4305115e-6,0.0004657392
-0.28472900511354693,-0.00063097477,0.00047106622
-0.28471317040586724,0.00076305866,0.0004713569
-0.2846426598749981,3.695488e-6,0.000471678
-0.2845919278562574,-0.0009304285,0.00047177428
-0.2845230286112603,3.695488e-6,0.0004718347
-0.2843885887001052,0.0004659891,0.000471811
-0.2842683167872047,-0.00034731627,0.00047158307
-0.28423768529095755,-0.0001155138,0.0004714839
-0.2842168187019907,0.0002014637,0.00047173642
-0.2841897449052621,-0.00018048286,0.00048382513
-0.28408182934324766,0.0004891157,0.00047194096
-0.28397768201181256,3.695488e-6,0.00047206818
-0.28381162456942916,1.4305115e-6,0.00047124075
-0.28379496981191127,0.00038802624,0.0004718602
-0.28376793567697345,-0.00033414364,0.00047107297
-0.28364674041778665,-0.000120818615,0.00047179917
-0.28357016804642415,1.1920929e-5,0.00047204623
-0.2833769037882166,-0.0006753206,0.0004716057
-0.28335874486387874,0.0016844273,0.0004661222
-0.2833029595909806,-0.000692904,0.00047108668
-0.28328714783293113,0.00029325485,0.00047135563
-0.2832165655854013,0.00054323673,0.0004717878
-0.2831657972290457,3.695488e-6,0.0004718697
-0.28309695822589415,3.695488e-6,0.0004716412
-0.28296247241687933,0.0004980564,0.0004719058
-0.2828422655274643,1.4305115e-6,0.00047149308
-0.28281165411261044,0.0014466047,0.00047144934
-0.2827907177180514,0.0005002022,0.00047201445
-0.282763613320882,-8.350611e-5,0.00048375467
-0.28265574939576904,3.695488e-6,0.0004719735
-0.2825515609474137,0.00031542778,0.00047206174
-0.2823855685289826,0.000998497,0.00047143013
-0.2823688640460987,-0.00032109022,0.00047158723
-0.2823418978054511,8.3208084e-5,0.0004712148
-0.2822206528215986,0.0003836155,0.00047206233
-0.2821440422013192,0.00078105927,0.00047205857
-0.2819507922854633,0.001095891,0.00047206855
-0.28193268308555774,-0.0007895231,0.00046504376
-0.28187691502488227,0.00025343895,0.0004711799
-0.28186112621622955,-0.00070798397,0.00047095396
-0.28179047033956994,-0.00035101175,0.0004718428
-0.28173966755783514,-0.0005146265,0.00047194507
-0.28167088784146177,0.00053083897,0.00047176663
-0.2815363561324862,2.4437904e-5,0.0004719318
-0.2814162152239584,0.0010581017,0.00047176247
-0.28138562293473024,0.00064122677,0.00047118234
-0.2813646176903467,2.8133392e-5,0.0004718865
-0.28133748173790263,-0.00015497208,0.0004836653
-0.2812296684927562,-0.00021737814,0.0004719354
-0.28112543892584646,-0.0012060404,0.00047178214
-0.2809595115318346,-0.0006631017,0.00047141008
-0.2809427582809864,0.000998497,0.00047213197
-0.28091585897652693,0.00024926662,0.00047141677
-0.28079456426800864,0.00054967403,0.00047215805
-0.2807179153995128,-0.00053960085,0.00047179734
-0.2805246807829435,3.695488e-6,0.00047192528
-0.28050662130793713,0.001296401,0.00046597378
-0.2804508695025494,0.00038409233,0.00047134195
-0.2804351045997615,0.0003913641,0.00047132003
-0.28036437604833897,3.695488e-6,0.00047189728
-0.28031353693039,3.695488e-6,0.00047205033
-0.28024481745772983,-0.00016993284,0.00047183057
-0.280110239848093,0.0006033182,0.0004721328
-0.27999016396421794,1.4305115e-6,0.00047156124
-0.2799595917556828,-0.0005028248,0.00047129736
-0.2799385167068743,-7.8082085e-5,0.00047183092
-0.2799113501553902,-3.9100647e-5,0.0004835981
-0.2798035875902103,0.0008318424,0.00047224335
-0.27969931786004687,0.0004401207,0.00047224044
-0.2795334554909212,0.0005494356,0.00047136605
-0.2795166515601064,0.00056028366,0.00047183796
-0.2794898201476027,0.00013446808,0.00047126313
-0.27936847571441864,0.0003091097,0.00047208086
-0.27929178955254025,-0.00031900406,0.00047219874
-0.2790985692804237,0.0004284382,0.00047212778
-0.27908055952938265,-7.6293945e-5,0.00046604846
-0.2790248249364511,0.00079739094,0.00047151072
-0.2790090820270588,-0.00076013803,0.00047109922
-0.2789382817573414,0.00075793266,0.00047183986
-0.2788874063031783,0.000108122826,0.00047201684
-0.2788187470739979,-0.00034987926,0.0004718413
-0.2786841226086325,-0.00095301867,0.00047167606
-0.278564112704244,0.00044214725,0.0004717588
-0.2785335605761684,1.4305115e-6,0.0004714148
-0.278512415722935,3.695488e-6,0.0004719608
-0.2784852185719439,0.0004684925,0.00048373276
-0.278377507643432,-0.0005328059,0.00047187327
-0.278273196795648,0.0005760193,0.0004722495
-0.27810739945000773,-0.001411736,0.00047080786
-0.27809054579406034,0.00046479702,0.00047190173
-0.27806378131891196,-0.00052291155,0.00047138325
-0.2779423881182306,-0.00030177832,0.00047192792
-0.27786566370603466,0.00077044964,0.00047236218
-0.2776724577786042,0.0011451244,0.0004721869
-0.27765449775059475,0.00010073185,0.00046606126
-0.27759877941458505,3.0994415e-5,0.0004713596
-0.2775830604110577,-0.0006802678,0.00047132885
-0.27751218651151005,-0.00027620792,0.0004718092
-0.27746127663150083,0.0013418198,0.0004721299
-0.2773926766886317,0.00035989285,0.000472
-0.27725800632587355,3.695488e-6,0.0004719084
-0.2771380624014385,0.0004929304,0.00047180633
-0.2771075293973544,-0.00034755468,0.00047122475
-0.2770863156942965,2.026558e-5,0.0004719454
-0.2770590869875638,0.0010100603,0.0004837666
-0.27695142674041917,-0.0006759763,0.00047207702
-0.2768470747754815,-0.00031757355,0.00047204466
-0.27668134245285975,-0.00039583445,0.0004711599
-0.2766644390722466,-0.00077581406,0.00047184658
-0.2766377434464558,0.00010716915,0.0004711722
-0.27651629956604135,3.695488e-6,0.00047202996
-0.27643953690422823,0.00030648708,0.0004720899
-0.27624634627585093,-0.00088077784,0.00047189463
-0.27622843597204033,-0.0012168288,0.00046598783
-0.27617273484848676,-0.00026285648,0.00047151407
-0.2761570387945896,0.0009447336,0.00047146843
-0.2760860922216798,3.695488e-6,0.0004718256
-0.2760351460040557,0.00045144558,0.00047198075
-0.275966606303499,0.00019681454,0.00047191937
-0.2758318900412469,0.00010049343,0.00047197478
-0.275712011141698,-0.00012481213,0.0004717489
-0.2756814982190073,1.4305115e-6,0.00047152812
-0.2756602147103572,-0.0007494092,0.000471916
-0.27563295540411753,-0.00064110756,0.00048361692
-0.2755253467936409,0.00011909008,0.00047202213
-0.2754209537106157,0.001021862,0.00047217752
-0.2752552864124132,0.00026333332,0.0004717438
-0.2752383333076012,-0.00022214651,0.00047193537
-0.2752117046184654,-0.00010430813,0.00047125432
-0.275090211968686,0.00011110306,0.00047216564
-0.2750134110586564,-0.00012618303,0.00047206006
-0.2748202347728642,7.545948e-5,0.00047205744
-0.2748023741944197,0.00033688545,0.0004662445
-0.27474668932615387,-0.00044614077,0.0004713751
-0.2747310162218869,0.0007368326,0.00047153278
-0.27465999697514804,-0.00030213594,0.00047168837
-0.2746090153777778,-0.00045883656,0.00047193313
-0.27454053591976707,0.0009624958,0.0004722099
-0.27440577375662034,0.00018823147,0.00047198395
-0.2742859608381922,0.00032615662,0.00047173176
-0.2742554670406602,-0.0013396144,0.00047119515
-0.27423411468335285,0.00044822693,0.0004720009
-0.27420682382067124,3.695488e-6,0.00048349213
-0.27409926589039457,-0.00034600496,0.00047203965
-0.27399483264481617,0.000554204,0.00047214504
-0.27382922941526516,-0.00017940998,0.0004714215
-0.2738122275431893,-0.00091159344,0.00047176192
-0.27378566578954117,9.3102455e-5,0.0004714243
-0.27366412341486257,0.0002667904,0.00047213185
-0.2735872852126177,0.0001847744,0.00047226835
-0.2733941232701109,-0.0004210472,0.00047219096
-0.2733763124160987,-0.00097578764,0.00046601763
-0.2733206447600555,1.4305115e-6,0.00047132635
-0.27330499460541885,-0.0002823472,0.00047131177
-0.27323390268415054,3.695488e-6,0.00047197475
-0.2731828857072677,0.00013291836,0.00047177044
-0.27311446553580165,0.0002001524,0.0004720228
-0.2729796565176268,0.0002322197,0.00047215106
-0.27285990957821826,0.0003527403,0.00047193046
-0.27282943586137925,-2.515316e-5,0.00047160327
-0.27280801369871316,-0.00018060207,0.0004721125
-0.2727806922369915,0.00024175644,0.00048358692
-0.2726731859433829,-1.7225742e-5,0.00047219434
-0.2725687106237158,0.00012290478,0.00047206666
-0.2724031733734179,0.00043678284,0.00047169536
-0.272386120821609,0.00096166134,0.0004720311
-0.2723596269608504,-9.024143e-5,0.00047121555
-0.27223803486267334,0.00023531914,0.00047212053
-0.2721611584098775,0.00021219254,0.00047219286
-0.27196801272452603,0.0003709793,0.00047221596
-0.2719502506377777,-0.00015318394,0.00046616083
-0.27189459923772263,0.00010120869,0.00047167708
-0.27187897298895075,0.00047707558,0.00047168141
-0.27180780839361995,-0.00013762712,0.0004719236
-0.2717567550793556,-0.0004836917,0.00047223706
-0.27168839515136933,0.00030505657,0.00047214114
-0.27155354023370054,0.00041413307,0.00047200522
-0.2714338583182443,-0.0013990998,0.00047150132
-0.27140340468163143,0.0001295805,0.00047157708
-0.27138191367007464,3.695488e-6,0.00047218413
-0.27135456065424557,5.1021576e-5,0.00048360173
-0.27124710504037003,0.0004940033,0.00047214123
-0.27114258955885,-0.00033944845,0.00047212903
-0.2709771173325045,0.00076949596,0.00047165956
-0.2709600150560298,-0.00035107136,0.00047198552
-0.27093358908839427,1.4305115e-6,0.00047134463
-0.2708119472657849,0.00047886372,0.00047211218
-0.27073503256360526,-0.00056266785,0.00047193753
-0.2705419012220062,3.695488e-6,0.0004724712
-0.2705241888592233,-0.00016182661,0.00046633737
-0.27046855467139086,9.417534e-6,0.00047153656
-0.27045295137294956,0.00030136108,0.0004715377
-0.2703817131470882,0.00013923645,0.00047200455
-0.27033062445144357,0.0006492138,0.00047230563
-0.2702623257222378,0.00087451935,0.0004723297
-0.2701274239497743,-0.00080138445,0.0004718624
-0.27000780801567226,-0.0005719662,0.00047162175
-0.2699773735035178,0.0005348921,0.00047166535
-0.2699558126868357,3.6478043e-5,0.00047215723
-0.2699284290707993,0.00037026405,0.00048358325
-0.2698210241373572,0.00080764294,0.0004722738
-0.2697164675375162,-0.0001155138,0.00047194495
-0.26955106033605686,0.00026929379,0.00047174306
-0.2695339092906841,0.00013554096,0.00047189242
-0.2695075502597035,3.85046e-5,0.00047127946
-0.2693858587128953,0.000110030174,0.00047220182
-0.2693089067173331,-2.6762486e-5,0.00047209274
-0.26911578971855254,0.00042510033,0.00047213922
-0.2690981270806688,-0.00043326616,0.00046654482
-0.2690425101050591,0.0011178255,0.00047162207
-0.2690269288002469,0.0008201599,0.000471476
-0.26895561885679103,0.00046777725,0.00047214687
-0.26890449478093337,0.0011698008,0.00047232324
-0.2688362553378055,4.887581e-5,0.0004720152
-0.26870130766608147,-6.240606e-5,0.0004720762
-0.26858175675569834,0.0014737844,0.00047202446
-0.2685513423254042,1.4305115e-6,0.0004715189
-0.26852971265983133,0.0002040863,0.00047220686
-0.2685022974864192,-0.000790298,0.00048330345
-0.2683949441905789,0.00013422966,0.00047212513
-0.2682903464733508,-0.00017046928,0.00047219184
-0.26812500429490993,0.00079488754,0.00047170438
-0.2681078025700376,1.1920929e-5,0.00047193124
-0.2680815114314797,2.3245811e-5,0.00047131014
-0.26795977111624025,-0.0010713935,0.0004718484
-0.26788277991505977,0.00030088425,0.00047220828
-0.26768967821603273,0.0005606413,0.00047232932
-0.2676720653032817,0.00042366982,0.00046655347
-0.2676164645827262,0.00052416325,0.00047178534
-0.267600907182845,-1.0311604e-5,0.00047149407
-0.2675295236102593,3.695488e-6,0.0004720165
-0.26747836415372167,0.00090539455,0.00047215822
-0.26741018495430696,-0.00038963556,0.00047195304
-0.2672751913823887,0.0015776157,0.00047225752
-0.2671557064514921,0.0013666153,0.00047199347
-0.26712531114705707,0.0005890131,0.00047164527
-0.267103611675892,0.00054836273,0.00047227825
-0.2670761659029729,0.00012671947,0.000483247
-0.2669688632875661,0.000647068,0.0004720615
-0.2668642254084851,0.00028920174,0.00047217688
-0.26669894825399654,0.00043988228,0.0004716264
-0.2666816968049253,0.000305295,0.000472078
-0.2666554735590235,2.7298927e-5,0.00047157393
-0.2665336825633507,0.0010424852,0.00047226678
-0.2664566540690211,0.0007557869,0.00047218148
-0.2662635667139798,0.0012868643,0.00047236923
-0.2662460035247272,0.0013003349,0.00046676627
-0.26619042001662785,0.00020349026,0.00047152364
-0.2661748855663769,0.0002733469,0.0004715884
-0.2661034293199621,-0.0002681017,0.00047190607
-0.26605223352651,0.00030088425,0.0004722206
-0.26598411456964116,0.001026392,0.0004722465
-0.2658490741424613,0.0004941225,0.0004720727
-0.2657296551917516,1.4305115e-6,0.00047176852
-0.26569927996754267,0.00044953823,0.00047174765
-0.2656775116472535,-2.3424625e-5,0.00047221928
-0.2656500343199935,-9.36389e-5,0.00048332807
-0.26554278334078785,0.00076436996,0.00047224178
-0.2654381033864509,7.712841e-5,0.0004721698
-0.2652728912568485,0.00046730042,0.0004714482
-0.26525559103981305,-1.8119812e-5,0.0004719275
-0.2652294347296324,0.0016282797,0.00047165743
-0.26510759496669567,0.00068056583,0.00047224655
-0.26503052822298234,-0.00021868944,0.00047224842
-0.26483745521146,0.00051665306,0.00047216503
-0.2648199417457059,0.0005453825,0.00046648397
-0.26476437545122994,-0.00088375807,0.00047105612
-0.2647488639508427,0.00058341026,0.000471539
-0.2646773350294315,0.00012433529,0.000472188
-0.26462610385553287,0.00041246414,0.00047235293
-0.26455804418450846,-0.0005942583,0.00047192082
-0.2644229578587685,0.0004582405,0.00047203456
-0.2643036048887127,0.0007413626,0.00047185982
-0.2642732487880283,0.0002783537,0.0004716965
-0.2642514106633142,0.00072979927,0.00047221666
-0.2642239027360803,-0.00019335747,0.0004831741
-0.26411670243824187,0.00070369244,0.000472212
-0.2640119823215851,0.00010120869,0.00047208054
-0.26384683521593505,0.0010823011,0.00047202152
-0.2638294852744673,0.00088608265,0.0004720538
-0.26380339590070817,-2.0384789e-5,0.00047106395
-0.26368150641380605,0.0006117821,0.00047202632
-0.2636044023769436,0.0006661415,0.00047229297
-0.2634113446644744,0.0003066063,0.00047221425
-0.2633938799673849,0.0008895397,0.00046693053
-0.2633383299286636,0.0005207062,0.0004715421
-0.2633228423348415,0.0012050867,0.00047162344
-0.26325123978266635,0.00040233135,0.00047229417
-0.26319997322808775,0.00061762333,0.00047227167
-0.2631319747563107,0.0014601946,0.00047216704
-0.2629968415755426,0.0011125803,0.0004722856
-0.2628775536296726,0.0010244846,0.00047202327
-0.2628472176096812,0.00017106533,0.00047159553
-0.2628253106360764,0.001609087,0.00047254784
-0.2627977711517002,0.0003105402,0.00048312664
-0.26269062249146363,-9.083748e-5,0.00047214676
-0.2625858612571863,0.00032305717,0.00047217286
-0.26242077917548856,0.00037181377,0.0004717004
-0.262403378552887,0.0011066198,0.00047217464
-0.2623773580291858,0.0018091202,0.0004718455
-0.262255418817618,0.0017095804,0.00047246902
-0.26217827557443685,0.0014686584,0.0004723748
-0.2619852331617211,0.0010516644,0.00047240363
-0.2619678181895308,0.00079524517,0.00046662122
-0.2619122853625653,0.0011326075,0.00047175962
-0.26189681976213885,0.00020575523,0.00047147012
-0.261825145493303,0.0010794401,0.00047234856
-0.26177384355687716,0.00035881996,0.00047220735
-0.261705904371645,0.0007661581,0.00047215197
-0.26157072529114944,-0.00022816658,0.0004719085
-0.26145150332593325,6.246567e-5,0.00047178043
-0.261421186431801,0.0001603365,0.0004717104
-0.2613992096521371,0.00018489361,0.00047223267
-0.2613716395687209,0.00042927265,0.00048314786
-0.26126454254375153,0.0016596317,0.00047230616
-0.261159739235619,0.0009071827,0.0004724218
-0.2609947221783405,-0.0002604127,0.00047163927
-0.2609772727877747,0.0007776022,0.00047207525
-0.260951319200962,0.0010209084,0.0004716254
-0.2608293302647284,5.6385994e-5,0.00047211576
-0.2607521497290985,0.00064480305,0.00047238378
-0.2605591216601351,0.00036489964,0.00047225752
-0.26054175641167676,0.0008676052,0.00046665617
-0.26048623984023234,0.00043809414,0.00047158325
-0.26047079814473695,0.00079905987,0.00047160688
-0.2603990512030058,0.0011068583,0.00047212452
-0.2603477129296655,0.00085413456,0.0004722498
-0.2602798339869792,0.0008767843,0.00047227915
-0.2601446090067563,0.0013645887,0.00047219955
-0.2600254520657259,0.0011678934,0.00047212827
-0.2599951552527536,0.0007534027,0.00047161468
-0.2599731096244324,0.0009729862,0.00047236658
-0.2599455079862084,0.0006041527,0.00048296442
-0.2598384616407387,8.690357e-5,0.00047221142
-0.25973361816981944,-0.0013021827,0.00047182266
-0.25956866613649326,0.0014787912,0.00047184975
-0.25955116702266245,0.0011739731,0.00047235357
-0.25952528037227124,0.00028264523,0.00047149498
-0.2594032426671396,0.0005328655,0.0004722929
-0.25932602388212594,0.0009924173,0.00047251894
-0.2591330101573818,-0.00013697147,0.00047201372
-0.25911569558959036,0.0010203123,0.00046684762
-0.25906019527413404,0.0008479357,0.0004715387
-0.25904477652826885,0.0011134148,0.0004715613
-0.25897295691177485,0.0013215542,0.0004723007
-0.2589215823024538,0.0005863905,0.00047224824
-0.25885376360348067,0.0009660721,0.00047217362
-0.2587184927235304,0.0007685423,0.00047229408
-0.25859940176198654,0.00043296814,0.00047185522
-0.2585691240732392,0.0002322197,0.00047158374
-0.25854700864049307,0.0013387203,0.00047239082
-0.25851937640252864,0.00084137917,0.0004829825
-0.2584123816944274,0.00053334236,0.00047233622
-0.2583074971054206,0.001077652,0.0004724018
-0.25814261009557987,0.00152421,0.00047200947
-0.2581250603013156,0.0008761883,0.00047212892
-0.2580992424988813,0.0011217594,0.00047146578
-0.25797715411425,0.0010120869,0.00047229297
-0.2578998980356203,3.695488e-6,0.0004720985
-0.25770689865462854,0.0016002655,0.00047225296
-0.25768963381080245,-0.00042629242,0.00046667186
-0.25763415070850265,1.4305115e-6,0.00047148313
-0.2576187549122677,-0.00023967028,0.00047133275
-0.2575468616652431,0.0013074875,0.00047206678
-0.25749545263077633,3.695488e-6,0.0004722649
-0.2574276941750495,0.00053310394,0.00047213098
-0.257292376440538,0.0015971661,0.00047226634
-0.2571733505029465,0.0013065338,0.0004720008
-0.25714309289442516,0.0005494356,0.00047171974
-0.25712090861278836,0.0008318424,0.00047237286
-0.257093244818382,0.00078368187,0.00048294757
-0.2569863007914145,0.001455307,0.00047254382
-0.25688137508525405,0.0008838177,0.000472247
-0.25671655309936564,0.00054323673,0.00047198133
-0.25669895453526953,0.00037765503,0.00047204303
-0.25667320367019053,0.0013478994,0.00047151028
-0.2565510665180619,0.0011085272,0.00047228925
-0.2564737712338139,0.0010837317,0.00047226532
-0.2562807881083433,0.00076282024,0.00047210435
-0.256263572032248,0.0017192364,0.0004672635
-0.2562081061424043,0.0010815859,0.00047181614
-0.2561927332967334,0.00054621696,0.00047152105
-0.2561207673754129,0.00033295155,0.000471944
-0.2560693220033312,0.0008599758,0.00047227036
-0.2560016237899168,0.0008327961,0.00047222374
-0.25586626015614483,0.0014278889,0.00047233008
-0.2557473001994406,0.0010145903,0.00047199617
-0.25571706171607805,0.0005208254,0.0004716404
-0.25569480762861563,0.0006453991,0.0004722181
-0.25566711323493574,0.0005840063,0.00048282027
-0.25556022084393587,0.0009521246,0.00047227618
-0.25545525402015484,0.0012862682,0.0004723899
-0.25529049705891915,0.001657486,0.00047195307
-0.25527284877015727,0.00089228153,0.00047235136
-0.2552471657984347,0.0015641451,0.00047163398
-0.2551249779651723,0.00066006184,0.00047237662
-0.2550476453882421,0.0009305477,0.00047221515
-0.2548546766051231,0.0012066364,0.00047224856
-0.25483751025462736,0.0012123585,0.00046699634
-0.2547820606200714,0.0006695986,0.00047176008
-0.2547667116800319,0.0008920431,0.00047147775
-0.2546946730858161,0.0008007288,0.00047220138
-0.2546431923332879,0.0011355877,0.000472395
-0.2545755534054845,0.000980258,0.00047231713
-0.2544401429152836,0.0016297102,0.0004722934
-0.25432124893970015,0.0008164644,0.00047197563
-0.25429103053773094,0.0021805763,0.00047185193
-0.25426870760067743,0.0016469955,0.00047257182
-0.25424098165148945,0.001552701,0.00048292667
-0.25413413994068956,0.00028324127,0.00047225
-0.25402913295458873,0.0007379055,0.00047238302
-0.2538644410180057,0.00045096874,0.00047172874
-0.2538467430055119,0.00096714497,0.0004721401
-0.25382112697044434,0.00049483776,0.00047145577
-0.2536988903680504,0.0019766092,0.00047253232
-0.25362151954220336,0.001707077,0.0004723775
-0.25342856510236983,0.0011788607,0.00047224015
-0.25341144847630637,0.00082182884,0.00046710187
-0.2533560160539731,0.00012779236,0.00047154247
-0.2533406900628634,0.00051677227,0.00047145993
-0.253268577838584,0.0005441904,0.0004721402
-0.2532170617065431,0.00045526028,0.00047232315
-0.25314948397775366,0.0012894869,0.00047239207
-0.2530140266322912,0.0015354156,0.00047243465
-0.25289519863596077,0.0004581213,0.00047179265
-0.25286499935891693,0.00082731247,0.00047194137
-0.25284260661673813,0.0012090206,0.00047243314
-0.25281485006780974,0.0004954338,0.00048296485
-0.25270805999484514,0.0015398264,0.00047239516
-0.25260301188972295,-5.90086e-5,0.00047209146
-0.25243838497615845,0.0010603666,0.00047186896
-0.25242063628509886,0.0014595985,0.00047219882
-0.2523950881417536,0.0018993616,0.0004719358
-0.25227280277116193,0.00054192543,0.00047223267
-0.2521953936954643,0.0005954504,0.00047224932
-0.2520024536007838,0.00025582314,0.00047214076
-0.25198538669705156,1.4305115e-6,0.0004668281
-0.25192997148787477,0.0010422468,0.00047177676
-0.2519146684463954,0.0016012192,0.000471609
-0.251842483547353,0.0005290508,0.00047213957
-0.2517909320346322,0.0014518499,0.00047233346
-0.25172341359402167,0.0010447502,0.00047227312
-0.2515879103492988,0.0008249283,0.00047229847
-0.25146914833222145,0.001046896,0.00047204696
-0.2514389691356372,0.0007107258,0.0004717077
-0.2514165065885665,0.0015752316,0.0004724558
-0.2513887184850638,0.0008752346,0.00048280117
-0.2512819800480669,0.000582695,0.00047231413
-0.25117688986862263,0.0009918213,0.00047234658
-0.2510123279790104,0.0015103817,0.0004719357
-0.25099453051905274,0.0011588335,0.00047221984
-0.2509690502683636,0.0010293722,0.00047168395
-0.2508467142189727,0.00046432018,0.0004722399
-0.25076926784919207,0.0007865429,0.0004722821
-0.2505763430549655,0.00089371204,0.00047221262
-0.25055932491873056,0.0008351803,0.0004669507
-0.2505039259653084,0.00042521954,0.0004715898
-0.2504886468303942,-0.0009034872,0.0004712424
-0.2504163892579897,0.00046908855,0.00047221634
-0.2503648014069536,0.0014727116,0.0004723724
-0.2502973441651236,0.0014271736,0.00047215653
-0.25016179406560596,0.0018364191,0.00047221972
-0.2500430970734148,0.0014113188,0.00047211238
-0.2500129379565897,0.0008789301,0.00047169492
-0.24999040560439376,0.00064766407,0.0004722552
-0.24996258690161752,0.00050354004,0.0004824682
-0.2498558991441202,0.00030767918,0.00047219716
-0.2497507688035234,0.00042009354,0.00047217344
-0.24958627193856392,0.001100421,0.00047195083
-0.24956842475300667,0.0001705885,0.00047203802
-0.24954301143967283,0.0014476776,0.0004719225
-0.2494206266227846,0.0014851093,0.00047234766
-0.24934314104691876,0.0009497404,0.00047250613
-0.2491502315517453,0.0015178919,0.00047240785
-0.24913326409711112,0.00016748905,0.00046656083
-0.24907788139897666,0.0012426376,0.00047191282
-0.2490626252146265,1.4305115e-6,0.00047128764
-0.24899029496745906,0.0011498928,0.0004721062
-0.24893867078020884,0.00036025047,0.00047223165
-0.24887127377975743,0.0017368793,0.00047243442
-0.24873567778097935,0.0014116764,0.00047210837
-0.2486170467696755,0.00061643124,0.00047190362
-0.2485869067787095,0.00084733963,0.00047179553
-0.24856430557738943,0.0012093782,0.00047224964
-0.24853645531723742,0.0014365911,0.0004827013
-0.24842981919734197,0.00011432171,0.0004721492
-0.24832464773935803,0.00096488,0.0004722528
-0.24816021589765047,-0.0006355643,0.0004714873
-0.24814231898882821,0.00095653534,0.000472254
-0.24811697356768359,0.0010681152,0.00047151375
-0.24799453806919464,0.0009775162,0.00047229257
-0.24791701520088005,0.00033700466,0.0004721639
-0.2477241200485251,0.0013535023,0.0004723853
-0.24770720231972393,0.0018510818,0.0004672155
-0.24765183683381217,0.00064730644,0.00047175394
-0.24763660359745804,0.00053572655,0.00047153202
-0.24756420067646154,0.00023496151,0.00047202897
-0.24751254110923177,0.0008933544,0.00047226268
-0.2474452033960255,0.0012542009,0.00047225485
-0.24730956149728656,0.00022232533,0.00047211465
-0.24719099550923468,0.0010780096,0.00047193543
-0.24716087560036243,0.0011637211,0.00047168465
-0.24713820555015162,0.00075018406,0.00047238442
-0.24711032373379113,3.4928322e-5,0.00048268068
-0.2470037392510306,0.000633955,0.00047223014
-0.24689852667449225,0.0011934042,0.0004724212
-0.24673415985627015,0.0009213686,0.00047191617
-0.24671621322418286,0.00081932545,0.000472267
-0.24669093473899284,0.0011073351,0.0004715859
-0.24656845047183928,0.00076520443,0.00047227606
-0.2464908893548413,0.00080633163,0.00047240552
-0.24629800854647219,0.0010422468,0.00047237554
-0.2462811405411695,0.00086176395,0.0004672343
-0.24622579226771385,0.0009776354,0.00047159602
-0.24621058198005613,0.0012770891,0.00047162597
-0.2461381054299298,0.0006837845,0.00047213322
-0.24608641048202007,0.00036215782,0.00047211722
-0.24601913396852812,0.00031614304,0.00047198476
-0.24588344521359376,0.00047576427,0.00047209248
-0.2457649452057288,0.0010187626,0.00047200054
-0.24571210456551196,0.0012863874,0.00047236093
-0.24568419215081175,0.0011873245,0.0004824586
-0.24557765834801776,0.0012768507,0.00047231317
-0.24547240465245806,0.000620842,0.0004720818
-0.24530810285888865,0.0005387068,0.00047163278
-0.245290106502836,0.0013988018,0.0004722605
-0.24526489686560285,0.00043523312,0.0004716151
-0.2451423628756512,0.0007510185,0.00047223712
-0.2450647635088026,0.00012290478,0.00047239906
-0.24487189800088732,0.00089788437,0.00047230566
-0.24485507876214813,0.0008507967,0.00046701636
-0.24479974674514748,0.0011845827,0.0004715695
-0.24478456036428842,0.00061023235,0.000471645
-0.24471201114009955,0.0008866787,0.00047220095
-0.24466028081104296,-0.00038421154,0.00047213555
-0.24459306358316196,0.00055348873,0.00047218794
-0.24445732892990096,0.00082719326,0.00047220572
-0.24433889394645525,0.00021803379,0.0004718728
-0.2443088132418006,0.0010545254,0.00047180676
-0.24428600453710686,0.001464963,0.00047232385
-0.2442580605666651,0.0010125637,0.00048234497
-0.24415157840123952,0.00012600422,0.0004721325
-0.2440462835875923,0.00036370754,0.00047223255
-0.2438820468186756,0.0006583929,0.0004718302
-0.2438640007367899,-0.00011408329,0.00047215208
-0.24383885803691208,0.00015759468,0.00047152955
-0.24371627432369541,0.00077295303,0.00047226847
-0.2436386376627639,0.0021125078,0.00047245904
-0.24344578649766713,-0.00042051077,0.0004720526
-0.24342901698382716,0.00042581558,0.0004669044
-0.2433737021788157,0.0010476112,0.00047169483
-0.2433585387485207,0.0023524761,0.0004718749
-0.2432859168498024,0.00083839893,0.00047216457
-0.2432341501835978,0.0010473728,0.0004721718
-0.24316699415449733,0.00047278404,0.00047216815
-0.2430312126466751,0.00025737286,0.0004720556
-0.24291284364364973,0.00092184544,0.0004720325
-0.24288278301922117,0.0007134676,0.00047180525
-0.24285990355363446,0.00095534325,0.0004723483
-0.24283192898251846,0.0007725954,0.00048232832
-0.24272549845446126,0.0008202791,0.0004722856
-0.24262016252319346,0.0013356209,0.00047226582
-0.24245599077822907,0.0011489391,0.00047185013
-0.24243789497167761,0.0005465746,0.0004722809
-0.24241282016538976,0.00060868263,0.0004713785
-0.24229018672680697,0.0005066395,0.00047220956
-0.2422125108602571,0.00039458275,0.00047211413
-0.24200295616220768,0.0014938116,0.00046709162
-0.24194765761271741,0.00024294853,0.00047160668
-0.24193251713251956,2.2649765e-6,0.00047141564
-0.24185982255950525,0.00085401535,0.00047212682
-0.24180802051238726,0.0006724596,0.00047233573
-0.2417409237705319,-0.000121831894,0.00047221163
-0.2416050963629823,0.00065004826,0.00047210944
-0.2414867933399104,-0.00028419495,0.00047175243
-0.24145675184110751,0.00093984604,0.000471815
-0.24143380352686358,0.00033652782,0.0004722568
-0.2414057973995391,0.000852108,0.00048241098
-0.241299418507683,0.00035858154,0.00047217053
-0.2411940414583277,0.00068867207,0.00047215665
-0.24102993473731565,-5.0365925e-5,0.00047131084
-0.24101178920656535,0.0001449585,0.00047188302
-0.24098678133716592,0.00080895424,0.00047161282
-0.2408640991294516,-0.0007184148,0.0004721497
-0.24078638501491875,0.0010546446,0.00047237895
-0.24059356444886204,0.00084900856,0.00047239798
-0.2405768943843536,0.0011879206,0.00046733176
-0.2405216130466191,0.0011546612,0.00047183613
-0.24050649551558456,0.00031411648,0.00047164797
-0.24043372826897463,0.000654459,0.00047212973
-0.2403818898851756,0.000780344,0.00047228247
-0.2403148543428011,0.00015950203,0.0004721645
-0.2401789800783557,0.0011613369,0.00047218695
-0.24006074207970304,0.0005143881,0.00047202103
-0.24003072066206005,-3.2782555e-5,0.00047145275
-0.24000770349892542,0.0005031824,0.0004723469
-0.23997966485985822,0.00059747696,0.00048207212
-0.2398733376044367,0.0005930662,0.00047224233
-0.23976792039252814,0.00025832653,0.0004722233
-0.2396038786954684,0.00077342987,0.0004716058
-0.2395856834414531,0.00074243546,0.00047219178
-0.23956074346470974,0.00064766407,0.00047144492
-0.239438010576562,0.0007302761,0.00047224612
-0.2393602591679462,0.00042057037,0.00047225363
-0.23916745294610878,0.00024330616,0.00047218366
-0.2391508326055657,0.00045239925,0.00046731526
-0.23909556752428618,-7.456541e-5,0.00047151765
-0.23908047389818265,0.0001270771,0.0004714111
-0.23900763302220945,0.00083231926,0.00047211026
-0.23895576021489884,0.00025594234,0.00047217493
-0.23888878491460336,0.0013825893,0.00047229917
-0.2387528637946629,0.0004284382,0.0004721753
-0.23863469177596372,1.4305115e-6,0.00047170455
-0.23860468948324604,0.00038433075,0.00047162295
-0.23858160251428576,0.00013840199,0.00047216425
-0.23855353327641193,0.0007880926,0.00048219046
-0.23844725765742497,3.695488e-6,0.00047210188
-0.23834179837142777,0.0005931854,0.000472197
-0.23817782169832036,0.00021648407,0.0004715441
-0.23815957767634083,3.695488e-6,0.00047225112
-0.23813470463508518,0.00043666363,0.00047139125
-0.23801192297967355,-0.00024914742,0.00047209606
-0.2379341333212071,0.00016355515,0.0004721399
-0.2377413414433555,3.695488e-6,0.00047219705
-0.23772477082631088,0.00036382675,0.00046675795
-0.2376695229586548,0.00015854836,0.00047137347
-0.23765445323841608,0.0012056828,0.00047177827
-0.2375815387319123,0.00011765957,0.00047200694
-0.2375296295869868,0.0009281635,0.00047217883
-0.23746271452947065,0.00053191185,0.0004722998
-0.237326747511437,0.0011576414,0.0004721862
-0.2372086414731582,0.0011154413,0.0004719137
-0.2371786592606666,0.00016915798,0.0004715348
-0.23715550248658104,-0.00048339367,0.0004719818
-0.23712740169296564,0.0008355379,0.00048225542
-0.23702117771158054,-0.00040507317,0.0004721044
-0.23691567730749585,-0.00023591518,0.000472039
-0.23675176565834077,-0.00013703108,0.00047148985
-0.23673347191122857,9.62019e-5,0.00047200982
-0.236708666762629,0.00016391277,0.00047119544
-0.2365858353827851,0.00028693676,0.00047220138
-0.23650800747586875,0.00014543533,0.0004723307
-0.23631522994083565,0.00023913383,0.00047205656
-0.2362987090484568,5.4121017e-5,0.00046700466
-0.2362434783925565,-0.00033271313,0.00047159925
-0.23622843162288182,0.00069594383,0.00047163913
-0.23615544444161513,0.00075984,0.0004721959
-0.23610349991507587,-3.6358833e-6,0.000472094
-0.23603664510103947,3.695488e-6,0.0004720085
-0.2359006312272773,0.0009044409,0.00047242662
-0.23578259021341774,0.00028705597,0.0004717508
-0.2357526280818526,0.0011326075,0.00047175967
-0.23572940245934323,-2.4974346e-5,0.00047232758
-0.23570127010951936,7.688999e-5,0.00048205117
-0.23559509776456883,0.00017094612,0.00047212312
-0.23548955624239662,0.00066792965,0.00047230168
-0.23532570961789423,0.00024831295,0.00047164247
-0.23530736518964823,0.00070273876,0.00047186436
-0.23528262793440516,0.0002785921,0.00047152775
-0.2351597468298955,-0.00023669004,0.00047194544
-0.23508188163029695,-0.00031864643,0.00047219126
-0.23488911939455043,-0.00047963858,0.00047215924
-0.23487264822730425,0.0001500845,0.00046723962
-0.23481743382645817,0.00083708763,0.0004718053
-0.23480241000688065,0.00020003319,0.0004715978
-0.23472935015201835,0.00021660328,0.00047203354
-0.234677369288798,8.893013e-5,0.00047209134
-0.234610574717541,0.0004029274,0.0004721191
-0.2344745149426507,0.0001103878,0.0004720127
-0.23435653990967842,-0.00020986795,0.00047177455
-0.23432659690350552,-0.00038796663,0.00047159914
-0.23430330147540393,0.00029277802,0.00047219277
-0.23427513852583962,0.00050759315,0.00048212716
-0.23416901686085562,0.0005208254,0.00047208607
-0.2340634351768305,0.0011389256,0.00047234923
-0.233899653576047,0.0001398325,0.0004715874
-0.23388125942430252,-0.0002849102,0.000471933
-0.23385659006288284,-0.0007764101,0.00047124655
-0.2337336592332405,0.0006828308,0.0004720966
-0.2336557557842582,3.528595e-5,0.00047200685
-0.2334630078920306,-0.00046384335,0.0004720786
-0.23344658644804941,-0.0010532141,0.00046674407
-0.23339138926035985,-0.00039321184,0.00047135292
-0.23337638838947877,-0.00010037422,0.00047129483
-0.23330325586148776,-0.00091409683,0.00047194242
-0.2332512396182878,3.695488e-6,0.00047203494
-0.23318450528910978,0.000121474266,0.0004721806
-0.23304839865965826,-7.164478e-5,0.00047192673
-0.2329304896059391,1.4305115e-6,0.000471749
-0.2329005657246915,-2.7358532e-5,0.0004716408
-0.2328772014467654,-0.00073450804,0.00047216332
-0.23284900694215988,0.00017559528,0.00048197265
-0.23274293691407735,3.695488e-6,0.00047212013
-0.23263731411196475,0.00054335594,0.00047206684
-0.23247359753466665,0.00066518784,0.00047168855
-0.23245515366012406,0.000248909,0.0004721355
-0.23243055123419207,0.00035488605,0.0004714659
-0.2323075716365855,0.0009371042,0.00047225322
-0.23222962898128452,0.001303792,0.0004722814
-0.23203689734574537,0.00066161156,0.00047222324
-0.23202052466902806,-0.0011729598,0.00046678295
-0.23196534469426155,0.0005533695,0.00047179818
-0.23195036677254377,0.000103235245,0.00047144076
-0.2318771615707237,0.00018894672,0.00047192955
-0.2318251089901423,-0.00012505054,0.0004720927
-0.2317584358606786,0.00025069714,0.00047215307
-0.23162228237666582,-0.00038039684,0.0004719231
-0.23150443834619863,0.00066125393,0.00047183165
-0.23147453550211208,-0.0005990863,0.0004713595
-0.2314511014190607,0.00049066544,0.00047195153
-0.23142287535964742,-0.00077819824,0.0004816206
-0.231316856967766,3.695488e-6,0.000471984
-0.2312111920913313,-0.0001103878,0.00047199437
-0.23104754149422013,1.4305115e-6,0.00047175572
-0.23102904789477835,0.00095272064,0.00047210505
-0.23100451336080208,-0.000513494,0.0004714431
-0.23088148403993047,0.0002759695,0.00047216352
-0.23080350313501236,-0.00022113323,0.00047200435
-0.23061078584369243,-0.0001219511,0.00047207603
-0.23059446289140745,-0.0008330345,0.0004668582
-0.2305392991716952,0.001316905,0.0004717309
-0.2305243451565426,0.00021982193,0.0004713553
-0.23045106728019307,3.695488e-6,0.00047195857
-0.2303989793186983,0.00029802322,0.00047197076
-0.23033236547624628,0.00023066998,0.00047205554
-0.23019616609297305,9.191036e-5,0.0004721241
-0.23007838804362657,-0.0005544424,0.00047157897
-0.2300485043232981,-0.00050264597,0.00047130726
-0.2300250004351214,0.0010145903,0.0004721998
-0.22999674377526733,0.0007452965,0.00048194613
-0.22989077702098776,-3.296137e-5,0.00047219358
-0.22978507102646556,3.695488e-6,0.0004720951
-0.22962148449753902,-7.277727e-5,0.0004712947
-0.2296029421289657,-4.9233437e-5,0.00047159244
-0.22957847453211133,-0.0004913211,0.0004709776
-0.22945539548750782,-0.0002964735,0.00047206276
-0.22937737728897362,-0.00040441751,0.0004718982
-0.22918467434117262,0.00048100948,0.00047197592
-0.22916840206978795,0.00031602383,0.00046704043
-0.22911325460536341,0.000497818,0.0004713828
-0.22909832449700948,1.9073486e-5,0.00047128776
-0.2290249720343617,0.0009875298,0.0004719757
-0.22897284869195353,0.00013244152,0.00047202877
-0.22890629604804852,-0.00012940168,0.00047209312
-0.22877004980834642,3.695488e-6,0.00047183648
-0.22865233773988725,-0.00011432171,0.0004717508
-0.22862247314448408,0.0008363724,0.00047162257
-0.22859890040741668,3.695488e-6,0.0004720352
-0.2285706121908872,3.695488e-6,0.00048154066
-0.22846469707327566,4.029274e-5,0.000472058
-0.22835894996159978,0.00033771992,0.00047213017
-0.2281954284566256,0.00034868717,0.00047161028
-0.22817683636385344,3.695488e-6,0.00047170714
-0.22815243666012208,0.00051641464,0.00047130717
-0.2280293078908528,0.00020503998,0.00047201765
-0.2279512514429349,-1.3768673e-5,0.00047223034
-0.22775856379395357,0.0001488924,0.00047189757
-0.22774234029240079,-0.0012457967,0.0004669281
-0.22768721004019893,-0.000174582,0.00047141517
-0.22767230288030793,0.00013625622,0.00047113973
-0.22759887774406454,-0.00019305944,0.0004717835
-0.22754671902097642,-0.00034213066,0.0004718737
-0.2274802266198508,-0.0008018017,0.00047175857
-0.22734393352465362,0.00049996376,0.00047185118
-0.22722628647944643,8.547306e-5,0.00047190097
-0.22719644292237157,1.4305115e-6,0.00047139364
-0.22717280038017887,0.00011730194,0.00047210554
-0.22714447965214016,-0.0002284646,0.00048153155
-0.22703861712649742,-0.0004453063,0.00047179582
-0.22693282889673402,0.0009225607,0.00047223925
-0.2267693724150118,-0.0004478097,0.00047157556
-0.22675073059920808,-1.9431114e-5,0.00047170342
-0.22672639878836628,0.00033426285,0.00047126962
-0.226603220293264,9.047985e-5,0.00047208788
-0.2265251255968962,0.00025987625,0.00047216582
-0.22633245229143373,0.0002503395,0.0004719955
-0.22631627851314598,0.00134933,0.0004673469
-0.22626116547386715,5.2332878e-5,0.00047121625
-0.22624628126337296,-0.0004120469,0.00047127088
-0.22617278345283356,0.00020039082,0.00047215322
-0.22612058839376475,-0.00014072657,0.00047199914
-0.22605415623541847,-8.7976456e-5,0.00047171582
-0.22591781724142776,-0.00015181303,0.0004719019
-0.22580023617594056,0.00037992,0.0004717871
-0.22577041174355755,0.0006660223,0.0004715426
-0.22574670035247416,3.695488e-6,0.0004719506
-0.2257183480691608,3.695488e-6,0.0004814597
-0.22561253622418492,0.00042891502,0.00047193212
-0.22550670783093446,3.695488e-6,0.00047195863
-0.2253433163738649,-0.0006634593,0.0004711521
-0.2253246248340958,-0.0007222891,0.00047154748
-0.22530035995897518,0.00084400177,0.0004712693
-0.225177132696609,0.00019490719,0.00047216174
-0.22509899975085745,0.0005592108,0.00047207953
-0.22490634078961427,3.9339066e-6,0.0004718867
-0.22489021769012577,0.0003387928,0.0004670674
-0.22483512090753538,-0.0001783371,0.00047124486
-0.2248202596466714,-0.0005274415,0.00047137472
-0.22474668916253643,-0.00016891956,0.0004717503
-0.2246944587225542,0.00024223328,0.00047172574
-0.22462808680722074,-3.707409e-5,0.00047209888
-0.22449170095773496,9.381771e-5,0.0004718629
-0.2243741858729016,-4.786253e-5,0.00047153415
-0.22434438056474354,-0.0003784895,0.00047121852
-0.22432059936760104,-0.00038075447,0.00047193922
-0.22429221648501413,0.00030112267,0.00048138475
-0.22418645627810704,-0.00017046928,0.00047173843
-0.22408058676606868,0.00021624565,0.00047190642
-0.22391726033388532,-0.0001001358,0.00047117175
-0.2238985190680497,3.695488e-6,0.00047172347
-0.2238743220855852,-0.00016105175,0.00047122804
-0.22375104414441976,3.695488e-6,0.00047188337
-0.22367287390458526,-0.0006081462,0.0004721718
-0.22348023024262867,-0.0005825758,0.00047187848
-0.2234641559127386,0.0025991201,0.0004674515
-0.22340907634143709,-0.00026535988,0.0004714786
-0.22339423898713828,0.0007227659,0.00047120766
-0.22332059487270617,0.0004171133,0.00047189964
-0.22326832809510905,3.015995e-5,0.0004715165
-0.22320201737878956,0.00097584724,0.0004719358
-0.22306558467404217,6.902218e-5,0.00047186154
-0.22294813556986265,0.00022602081,0.00047155205
-0.22291835034216412,0.0008401871,0.0004715416
-0.22289449933989633,0.00038814545,0.00047189053
-0.2228660849008675,3.695488e-6,0.0004811863
-0.22276037633039497,-0.00017613173,0.00047187886
-0.22265446570166986,3.695488e-6,0.00047171055
-0.22249120429343877,0.00080287457,0.00047137856
-0.22247241330293743,0.0006840229,0.00047192516
-0.22244828421406285,5.9604645e-5,0.00047135848
-0.22232495654846512,-0.0003915429,0.00047179044
-0.2222467480583131,-0.0004914999,0.00047167548
-0.22205411873917502,0.00058984756,0.0004717226
-0.2220380941348845,0.00016498566,0.00046711235
-0.22198303177533876,-0.00032782555,0.00047123717
-0.22196821737113714,-0.0007246733,0.0004708234
-0.221894500582409,3.695488e-6,0.0004716867
-0.22184219842413194,-0.00032287836,0.00047198444
-0.22177594795035838,-0.000120818615,0.0004720983
-0.22163946839034937,-0.0002989769,0.00047186177
-0.22152208431012216,-0.000834465,0.00047145685
-0.22149231916311668,-0.00014740229,0.00047130598
-0.22146839931289197,-0.0001360774,0.00047178747
-0.22143995331788813,-0.0002501607,0.00048110093
-0.22133429638291635,0.00014770031,0.00047183444
-0.22122834368056948,-2.3782253e-5,0.00047174207
-0.221065148251825,1.4305115e-6,0.00047135146
-0.22104630753852555,-2.5331974e-5,0.0004716206
-0.221022245385839,-0.00029951334,0.00047111453
-0.2208988689508763,-0.000395298,0.00047167254
-0.2208206222132082,0.00032186508,0.0004718007
-0.22062800819359013,3.695488e-6,0.00047164704
-0.22061203331279813,4.7802925e-5,0.00046725135
-0.22055698720924044,0.00055611134,0.0004715157
-0.22054219575466905,-0.0001733303,0.0004710383
-0.2204684062914115,3.695488e-6,0.00047149736
-0.22041606779692025,-0.00097221136,0.0004715172
-0.22034987756592606,-0.00081783533,0.0004716553
-0.22021335210572274,0.00030636787,0.00047189055
-0.22009603400614938,0.00048804283,0.0004718067
-0.22006628894030378,-0.00020313263,0.0004712427
-0.22004229832965305,-0.0003655553,0.00047176675
-0.22001382173444184,0.00025749207,0.00048115212
-0.21990821643683844,0.00023722649,0.00047190906
-0.2198022226147699,3.1113625e-5,0.00047192787
-0.2196390922102112,6.878376e-5,0.0004715595
-0.21962020081694522,0.00015425682,0.00047176343
-0.21959620751384976,0.00046491623,0.00047129748
-0.21947278135352094,-0.00048351288,0.00047170557
-0.21939449636623565,0.000844121,0.00047188412
-0.2192018966917707,3.695488e-6,0.00047172912
-0.2191859715335433,0.001168251,0.00046737827
-0.21913094264314215,0.0003477335,0.00047137807
-0.2191161750937352,0.00081026554,0.00047126735
-0.2190423120008809,3.695488e-6,0.00047147318
-0.21898993812664352,0.00086832047,0.0004719219
-0.21892380813866213,0.0009964705,0.00047199015
-0.21878723582202997,-0.0004518628,0.00047157015
-0.21866998370241006,-0.00057673454,0.00047145036
-0.21864025776148976,0.00040006638,0.00047122632
-0.21861619830101453,0.00049746037,0.00047181893
-0.21858769015099555,3.695488e-6,0.00048114226
-0.2184821364905271,-0.0003836155,0.00047157492
-0.21837610154990417,-0.00096321106,0.0004716815
-0.21821303616976467,-0.000641942,0.00047132326
-0.21819409505136605,3.695488e-6,0.00047161043
-0.21817016964092667,-0.0003232956,0.00047093112
-0.2180466937575663,0.00040268898,0.0004717778
-0.21796837051949655,-0.0005810261,0.00047158805
-0.21777578518925086,3.695488e-6,0.0004714728
-0.21775990975522233,-0.00025117397,0.0004673915
-0.21770489807751073,1.4305115e-6,0.00047122405
-0.21769015347703366,5.2452087e-6,0.0004711095
-0.21761621771151757,-5.596876e-5,0.00047150778
-0.21756380749873147,-0.00022739172,0.00047136645
-0.21749773871023093,-0.00091069937,0.0004715062
-0.21736111953880408,0.0003118515,0.0004717057
-0.21724393339960457,-0.00012618303,0.00047148304
-0.21721422658360962,1.4305115e-6,0.0004711692
-0.21719009827284289,-0.00022739172,0.00047160534
-0.21716155761131467,-0.0007351637,0.00048090922
-0.21705605654374885,3.695488e-6,0.0004715963
-0.21694998048573877,3.695488e-6,0.00047146456
-0.2167869801295516,0.0009917021,0.00047131555
-0.2167679892860203,3.695488e-6,0.00047164384
-0.21674413081130212,0.00032615662,0.00047107867
-0.2166206052051436,0.00088596344,0.00047177201
-0.2165422446741582,0.0006657839,0.0004718011
-0.2163496746420318,3.695488e-6,0.00047179055
-0.21633384893360286,0.000254035,0.00046685632
-0.21627885255517781,1.4305115e-6,0.00047113994
-0.216264132817734,0.00017619133,0.000471046
-0.21619012342098695,-0.00027412176,0.0004715802
-0.21613767782682056,0.0007944107,0.00047161637
-0.21607166928133284,3.695488e-6,0.00047173307
-0.21593500325511128,0.00015091896,0.0004714984
-0.21581788213986408,0.0005337,0.0004714958
-0.2157881963607967,1.4305115e-6,0.0004711242
-0.2157639982456051,3.695488e-6,0.0004720186
-0.21573542602786838,-0.00037831068,0.00048082537
-0.21562997659627023,-1.8298626e-5,0.00047159332
-0.21552385942063954,0.00097060204,0.00047183287
-0.21536092408933855,1.4305115e-6,0.0004709952
-0.2153418835216084,3.695488e-6,0.00047168077
-0.21531809293931287,-0.00052398443,0.00047088164
-0.2151945176080217,-0.00013417006,0.0004716329
-0.2151161188285864,-3.629923e-5,0.00047156715
-0.21492356313951197,-0.00012671947,0.00047169087
-0.21490778715621567,-0.0003707409,0.00046716427
-0.21485280798907952,1.4305115e-6,0.00047098333
-0.21483811120173285,0.00044381618,0.0004709593
-0.21476402913045634,0.00034105778,0.00047183433
-0.21471154720030922,-0.00039577484,0.00047123118
-0.2146455998531351,0.000970006,0.0004716329
-0.21450888697071813,3.695488e-6,0.00047150237
-0.21439183183542437,0.0006906986,0.00047150024
-0.21436216518174928,-4.053116e-5,0.00047128985
-0.2143378982179004,0.00024974346,0.00047189323
-0.21430929444418867,-0.00042819977,0.00048060372
-0.2142038966492585,0.00041294098,0.00047163246
-0.21409773835530688,3.695488e-6,0.00047152583
-0.2139348670912567,-0.00041645765,0.0004708527
-0.21391577775649614,3.695488e-6,0.0004715842
-0.21389205506779052,-4.3094158e-5,0.00047077364
-0.21376843001043289,-0.00038975477,0.00047157743
-0.21368999202631306,3.695488e-6,0.0004714849
-0.21349745259322672,-0.0005838871,0.0004717579
-0.21348172537696086,0.0009510517,0.0004671475
-0.2134267634229812,1.4305115e-6,0.00047084622
-0.21341208958526475,1.4305115e-6,0.00047090056
-0.21333793484015917,3.695488e-6,0.0004715182
-0.2132854175300325,-0.00012487173,0.0004714324
-0.21321953042540429,-0.0005892515,0.00047122626
-0.21308277164302647,3.695488e-6,0.00047140892
-0.21296578153191853,1.4305115e-6,0.0004713893
-0.21293613495916985,-0.00049334764,0.00047098554
-0.21291179723302725,-0.00023704767,0.00047173665
-0.2128831628605089,0.00090909004,0.00048098303
-0.21277781670341409,3.695488e-6,0.00047152388
-0.2126716172904411,3.695488e-6,0.0004715336
-0.21250881104987634,1.4305115e-6,0.00047100236
-0.21248967199138385,3.695488e-6,0.00047144233
-0.21246601623956668,0.00020170212,0.0004708296
-0.21234234241424477,0.0005348921,0.00047171424
-0.2122638661793405,-0.0011332631,0.0004713056
-0.2120713410907069,-0.00096488,0.00047143642
-0.21205566455394065,-0.00095045567,0.00046667992
-0.21200071885688287,1.4305115e-6,0.00047082876
-0.21198606892409744,1.4305115e-6,0.00047087224
-0.21191184054986203,-0.00016719103,0.00047141174
-0.21185928785812158,-0.00049096346,0.00047132708
-0.21179346099767346,0.00031912327,0.00047140295
-0.2116566553602675,3.695488e-6,0.00047133752
-0.21153973122887956,-0.0005611181,0.0004713528
-0.21151010378035584,1.4305115e-6,0.00047098796
-0.21148569720532254,0.00024437904,0.00047165176
-0.21145703127799648,0.0006508827,0.00048087185
-0.21135173675640237,-0.00074738264,0.000471321
-0.21124549622604227,-0.00050240755,0.00047150007
-0.21108275500942986,-4.863739e-5,0.00047073903
-0.21106356622603814,-0.00030499697,0.0004712656
-0.21103997836641014,-0.00040590763,0.0004708021
-0.2109162548185236,-0.00014615059,0.00047150394
-0.2108377403333018,-0.00023722649,0.00047135403
-0.2106452305448886,0.00072169304,0.00047151657
-0.2106296027765535,0.00022959709,0.00046686758
-0.2105746742905511,-7.677078e-5,0.00047059954
-0.21056004730762937,-0.00010442734,0.00047064698
-0.2104857462595649,0.0001745224,0.0004714228
-0.21043315723020953,0.0009101629,0.00047158453
-0.21036739156900883,3.695488e-6,0.00047146043
-0.21023053907657469,3.695488e-6,0.0004712247
-0.2101136799700729,0.00043034554,0.0004712187
-0.21008407355824332,0.00053822994,0.00047098025
-0.21005959717808476,-0.0006122589,0.00047147274
-0.21003089969361635,3.695488e-6,0.00048084027
-0.20992565680892375,0.000754714,0.0004713909
-0.2098193751611765,2.2649765e-6,0.00047150275
-0.2096566989689833,0.00046944618,0.00047100583
-0.20963746046022552,9.3340874e-5,0.0004712791
-0.2096139404932536,0.00017154217,0.00047089407
-0.20949016722163516,3.695488e-6,0.00047128845
-0.2094116144872631,0.0007246733,0.00047154076
-0.20921911904236876,3.695488e-6,0.00047142562
-0.20920354099869942,-0.00068306923,0.00046696962
-0.20914862972421935,-0.00092583895,0.0004707613
-0.2091340266478628,0.00010728836,0.00047082826
-0.20905965196926773,-0.0002632141,0.0004712711
-0.20900702755993278,-0.0005814433,0.00047139233
-0.20894132213987726,-5.030632e-5,0.00047146928
-0.2088044227919481,-0.00032645464,0.0004713786
-0.20868762966633359,0.00013518333,0.0004710676
-0.2086580423794293,-0.00062966347,0.0004708212
-0.20863349715038004,-0.00046539307,0.00047139372
-0.20860476715300166,3.695488e-6,0.00048046716
-0.20849957686214549,-0.00028043985,0.00047115303
-0.20839325409631076,5.1259995e-6,0.0004715265
-0.2082306429280699,-8.171797e-5,0.0004709493
-0.20821135469511326,-0.00042319298,0.00047125114
-0.20818790166502976,0.0006084442,0.00047100478
-0.20806407962427978,0.00015354156,0.00047146803
-0.20798548864122435,0.0007004738,0.0004713921
-0.2077930084951497,-0.00021505356,0.00047121165
-0.20777748017661302,0.00011110306,0.0004666611
-0.20772258515905484,0.00077319145,0.0004706365
-0.2077080050313947,1.4305115e-6,0.00047073298
-0.20763355767897057,7.033348e-5,0.000471628
-0.2075808969327211,3.695488e-6,0.00047141293
-0.20751525175591184,0.0003350973,0.00047129102
-0.20737830650825528,3.695488e-6,0.00047120926
-0.20726157936212736,1.4305115e-6,0.00047122978
-0.2072320121568499,1.4305115e-6,0.0004709029
-0.20720739712267533,0.0006195307,0.00047149096
-0.2071786355704892,-9.483099e-5,0.00048057394
-0.20707349691583415,-4.476309e-5,0.00047136025
-0.20696713303121153,0.0005097389,0.00047173665
-0.2068045868864561,8.4638596e-5,0.0004711422
-0.2067852489304679,0.0006495714,0.00047116855
-0.206761863793274,1.4305115e-6,0.00047092966
-0.20663799202762478,-0.00020158291,0.0004713882
-0.2065593627951856,-0.0001475215,0.0004714583
-0.2063668969926299,0.0011909008,0.0004716348
-0.2063514183973582,-0.0005862713,0.00046674162
-0.2062965405927231,1.4305115e-6,0.0004705745
-0.20628198437116124,1.4305115e-6,0.00047058376
-0.20620746338843998,0.0002039671,0.00047130624
-0.206154767261744,-0.00029867887,0.00047120932
-0.20608918232864792,3.695488e-6,0.00047125272
-0.20595219022502942,-0.00010627508,0.0004711745
-0.20583552905862149,1.4305115e-6,0.0004710642
-0.20580598097803587,0.0006325245,0.00047097332
-0.20578129709497062,0.00047266483,0.00047148662
-0.20575250398750983,0.00010216236,0.00048046838
-0.2056474169690559,0.0003361702,0.00047131276
-0.2055410119656454,-0.00018382072,0.00047132137
-0.20537853084530922,1.4305115e-6,0.0004708451
-0.20535914316582254,3.695488e-6,0.00047106907
-0.20533582592011745,1.4305115e-6,0.0004705756
-0.20521190443096976,0.00020897388,0.0004715255
-0.2051332369491469,0.00015485287,0.00047127358
-0.20494078644681155,-5.197525e-5,0.00047106371
-0.2049253575752718,0.0008929968,0.00046672884
-0.20487049602639132,0.00023519993,0.00047082416
-0.20485596275469314,1.4305115e-6,0.0004705822
-0.20478136909790937,3.695488e-6,0.00047112943
-0.20472863759053345,3.695488e-6,0.00047115964
-0.2046631128995164,-0.00015938282,0.0004712372
-0.20452607394133662,0.00044369698,0.0004712494
-0.20440947875558252,-0.00051778555,0.00047087844
-0.20437995075545645,-0.00023305416,0.00047070652
-0.2043551961110313,-0.0001975894,0.0004712284
-0.20432637240336318,-0.00030434132,0.0004801156
-0.20422133702227763,3.695488e-6,0.00047117955
-0.20411489090077967,0.0001912117,0.00047142652
-0.2039524748053296,1.4305115e-6,0.00047062486
-0.20393303835647794,-0.00021761656,0.0004712371
-0.20390978804672746,1.4305115e-6,0.000470635
-0.20378581587784672,-0.00035977364,0.00047114695
-0.2037071111028747,-0.00013625622,0.00047104392
-0.2035146749442917,5.9366226e-5,0.0004712703
-0.2034992957976512,-5.8948994e-5,0.00046674136
-0.203444451460293,-0.0001886487,0.00047064648
-0.20342994209445966,-0.00016766787,0.0004704496
-0.20335527480761223,3.695488e-6,0.00047103383
-0.20330250696308833,0.0011103153,0.00047138022
-0.20323704442685286,0.0001667738,0.00047118895
-0.20309995765764383,3.695488e-6,0.00047108182
-0.20298342845254358,1.4305115e-6,0.00047104512
-0.20295391957710937,0.00023591518,0.0004706396
-0.2029290960833266,0.00020492077,0.00047120324
-0.20290024081921654,0.00031161308,0.00048016245
-0.2027952570754994,3.695488e-6,0.0004709834
-0.2026887698363808,3.695488e-6,0.00047105525
-0.2025264187648831,-2.5689602e-5,0.00047072233
-0.20250693259043184,0.00022494793,0.0004709746
-0.20248374921873707,1.4305115e-6,0.00047052465
-0.20235972828189208,0.0003670454,0.0004713325
-0.20228098525660254,0.0001436472,0.00047119116
-0.20208856439753958,3.695488e-6,0.00047100763
-0.20207323497626517,6.175041e-5,0.00046682757
-0.2020184068941947,0.00019145012,0.00047063822
-0.2020039204784585,0.0001705885,0.00047048824
-0.20192918051824887,3.695488e-6,0.00047083854
-0.20187637729211122,3.695488e-6,0.00047079194
-0.20181097499935552,3.695488e-6,0.0004710535
-0.20167384233018562,3.695488e-6,0.00047091575
-0.2015573771928031,0.0005207062,0.000471115
-0.20152788935452998,-0.0006235838,0.00047043632
-0.2015029960553884,3.695488e-6,0.0004711404
-0.20147410923623715,-0.0005041361,0.0004798536
-0.2013691771277873,3.695488e-6,0.0004712338
-0.20126264877151506,3.695488e-6,0.00047119128
-0.2011003627232693,2.861023e-5,0.0004706201
-0.20108082682578649,-4.3094158e-5,0.00047092894
-0.20105771134698128,1.4305115e-6,0.00047052623
-0.20093364068523709,-0.00013905764,0.00047110303
-0.20085486036773223,3.695488e-6,0.00047115725
-0.2006624528947863,-0.0005272627,0.0004710033
-0.20064717319794417,0.0005762577,0.0004667899
-0.20059236232879674,1.4305115e-6,0.00047060713
-0.200577899818225,1.4305115e-6,0.00047044735
-0.20050308622771829,-0.0002451539,0.0004708042
-0.20045024666489952,-0.0002834797,0.00047093478
-0.2003849055716247,-0.00011718273,0.00047119695
-0.20024772604649282,-0.0004246235,0.0004708518
-0.20013132688859686,1.4305115e-6,0.00047065207
-0.20010185913101672,-5.7160854e-5,0.0004703631
-0.20007689602838408,-0.00013548136,0.0004710567
-0.20004797669655627,3.695488e-6,0.00047997155
-0.19994309718100906,-0.00044685602,0.0004707614
-0.19983652770571547,-8.094311e-5,0.0004709776
-0.19967430668165548,-0.00020968914,0.00047032483
-0.19965472106160803,5.042553e-5,0.000471038
-0.19963167347499203,1.4305115e-6,0.00047030745
-0.19950755308764828,0.00014638901,0.00047106115
-0.19942873452075968,3.695488e-6,0.00047121284
-0.19923634234920143,0.00010049343,0.00047109343
-0.19922111141868937,-0.0017690659,0.00046653114
-0.19916631776246496,-0.000172019,0.0004704386
-0.19915187915799154,1.4305115e-6,0.00046992142
-0.19907699193672074,3.695488e-6,0.00047077582
-0.19902411699438932,0.00029075146,0.00047101505
-0.19895883614342696,0.0001244545,0.0004709339
-0.19882160976256658,0.00014340878,0.00047106133
-0.19870527658485754,-0.0007067323,0.00047073828
-0.1986758279522027,0.0006850958,0.0004705232
-0.19865079600067936,-0.00037688017,0.00047104224
-0.19862184511310998,0.00051152706,0.00047987443
-0.1985170172346977,1.3113022e-5,0.000471019
-0.1984104066408497,-0.00048404932,0.00047093874
-0.19824825159744358,-0.00066775084,0.00047019648
-0.19822861529556196,3.695488e-6,0.00047087437
-0.19820563560206894,1.4305115e-6,0.00047043298
-0.19808146549099326,3.695488e-6,0.0004708965
-0.19800260867378713,3.695488e-6,0.00047092166
-0.1978102308466816,0.0004377365,0.0004710573
-0.19779505059660296,0.0008722544,0.00046681246
-0.19774027415260126,0.00017488003,0.00047039756
-0.19772585754152344,1.4305115e-6,0.000470212
-0.1976508986026582,0.00025248528,0.00047083767
-0.1975979873229453,-0.0012361407,0.0004706414
-0.1975327667142954,3.695488e-6,0.00047080495
-0.19739549347864033,-0.0006053448,0.00047068243
-0.1972792262822855,0.00059103966,0.000470679
-0.19724979773032364,-0.00085282326,0.00047031482
-0.19722469597204084,-0.00014650822,0.0004708589
-0.1971957135296637,3.695488e-6,0.00047966003
-0.19709093728861982,0.0001142025,0.0004708307
-0.1969842855766843,0.0005760193,0.00047096505
-0.19682219555723052,4.4941902e-5,0.00047032628
-0.19680250952974931,3.695488e-6,0.00047083246
-0.19677959772867898,-1.5974045e-5,0.0004701451
-0.1966553778948052,3.695488e-6,0.00047092757
-0.19657648282868223,-0.00019937754,0.00047087687
-0.19638412029946253,-0.0004554987,0.00047074107
-0.19636898881874887,0.0013210773,0.00046672404
-0.19631422958650296,1.4305115e-6,0.00047031848
-0.19629983688128996,1.4305115e-6,0.0004703401
-0.19622480431282796,3.695488e-6,0.0004707953
-0.1961718566947998,3.695488e-6,0.00047066135
-0.19610669728609767,3.695488e-6,0.0004708753
-0.19596937719494756,0.0005501509,0.00047106983
-0.1958531759787796,0.000120043755,0.00047066406
-0.19582376655221,0.0008556843,0.00047067332
-0.19579859594433613,0.0006735325,0.0004711822
-0.1956648582973758,3.695488e-6,0.000470916
-0.19555816451251892,-0.00025957823,0.00047075393
-0.19539613951701745,0.0007631779,0.0004705121
-0.1953764037653374,-0.0005864501,0.0004707672
-0.19535355985668973,1.8835068e-5,0.00047013373
-0.19522929029815017,3.695488e-6,0.00047071726
-0.19515035698311042,-0.0011392832,0.0004705637
-0.1949580087969427,0.00046288967,0.0004708076
-0.1949429279966625,-0.00027620792,0.00046645277
-0.19488818502040461,1.4305115e-6,0.00047023207
-0.1948738152652888,1.4305115e-6,0.00047012616
-0.1947987100225308,3.695488e-6,0.00047073554
-0.19474572702452309,-6.496906e-5,0.0004705794
-0.19468062785883378,-0.00046819448,0.00047059788
-0.19454326186678897,0.0002553463,0.00047070935
-0.19442712567433992,1.4305115e-6,0.0004704896
-0.1943977363296306,-0.00040251017,0.00047027977
-0.19437249591709832,3.695488e-6,0.0004707738
-0.1943434503618373,-0.0007831454,0.0004793174
-0.1942387783496637,0.00033426285,0.00047093327
-0.19413204344671933,0.0002669096,0.00047075778
-0.1939700834751702,-0.00063622,0.00047018344
-0.19395029800022512,-0.00035977364,0.00047063525
-0.1939275210289328,1.4305115e-6,0.00047013297
-0.19380320270056134,3.695488e-6,0.00047063016
-0.1937242311370717,0.0013496876,0.00047096316
-0.19353189825112438,3.695488e-6,0.00047065
-0.19351686621764114,-0.0013176203,0.0004657697
-0.19346214045430632,1.4305115e-6,0.0004699056
-0.1934477946050553,1.4305115e-6,0.00047011732
-0.19337261573129982,-0.00011718273,0.000470422
-0.19331959735424636,-2.4676323e-5,0.00047069724
-0.19325455843040257,0.00039064884,0.00047068755
-0.19311714558286272,0.000103116035,0.00047076464
-0.19300107537083405,-3.8325787e-5,0.00047029852
-0.19297170610611736,0.0004054308,0.00047020303
-0.19294639493245863,3.695488e-6,0.00047084206
-0.19291731782262336,6.67572e-5,0.0004791943
-0.19281269840381926,-0.00041651726,0.00047053437
-0.1927059223811532,-0.0009254813,0.00047043644
-0.1925440274335564,0.00071418285,0.0004704564
-0.19252419223487943,0.0009572506,0.00047084974
-0.19250148315694354,1.4305115e-6,0.0004701762
-0.19237711510390634,-0.00013548136,0.00047054858
-0.19229810529009916,-0.00024092197,0.00047059794
-0.19210578770483916,-0.00013315678,0.00047052072
-0.1920908053953213,0.0004916191,0.00046636348
-0.19203609588797454,-0.00016635656,0.00047007878
-0.1920217739448218,-0.0002542138,0.00047004537
-0.19194652144100266,-6.9737434e-6,0.00047040536
-0.19189346672610086,0.0013403893,0.00047083962
-0.1918284890019714,-0.0003657341,0.0004704405
-0.19169102930010376,3.695488e-6,0.00047054066
-0.19157502506779508,4.1246414e-5,0.0004702425
-0.19154567492730334,1.4305115e-6,0.00046998903
-0.1915202949040536,3.695488e-6,0.00047044325
-0.1914911862401109,0.0007274151,0.00047923863
-0.19138661845750793,0.00042390823,0.0004706453
-0.19127980131698782,-3.9100647e-5,0.00047053065
-0.19111797139334333,1.4305115e-6,0.00047010166
-0.1910980864695337,3.695488e-6,0.00047065338
-0.19107544528355358,-0.00034183264,0.00046984895
-0.19095102750818516,-0.00034111738,0.0004704258
-0.19087197944406042,-0.0001578331,0.00047068179
-0.19067967620231932,-0.0007288456,0.00047043533
-0.19066474361793412,-0.00091201067,0.00046583352
-0.19061005132164277,0.00012946129,0.00047027148
-0.1905957523281203,0.00025701523,0.00046975707
-0.19052042715117243,0.00013518333,0.0004705948
-0.19046733705442337,-0.0005455017,0.00047039983
-0.19040242053000825,-0.00030511618,0.00047051755
-0.19026491301687787,3.695488e-6,0.00047058595
-0.1901489747649896,1.4305115e-6,0.0004701821
-0.19011964470519083,1.4305115e-6,0.00047009168
-0.19009419487681578,-0.0007696152,0.00047043816
-0.19006505465573081,1.4305115e-6,0.0004791299
-0.18996053850979583,-0.00024271011,0.0004703757
-0.18985368025212207,0.00046670437,0.00047070446
-0.1896919153528968,1.4305115e-6,0.00047006123
-0.18967198070442143,3.695488e-6,0.0004704465
-0.1896494074106305,0.00034463406,0.00046981298
-0.1895249399119971,3.695488e-6,0.00047046164
-0.18944585359802169,0.00040972233,0.00047080082
-0.18925356565603407,0.0008729696,0.00047056362
-0.18923868279631462,0.00091063976,0.00046619517
-0.18918400675554448,4.1246414e-5,0.00047003813
-0.18916973166765333,1.4305115e-6,0.00046982852
-0.1890943328608753,3.695488e-6,0.0004703847
-0.18904120738414665,3.695488e-6,0.00047044316
-0.18897635110181052,0.00071668625,0.00047061095
-0.18883879768848585,3.695488e-6,0.0004705409
-0.18872292446125027,-0.0017482042,0.00046987535
-0.18869361448354527,1.4305115e-6,0.0004699373
-0.18866809485004488,0.00077700615,0.0004705527
-0.1886389230713507,5.841255e-6,0.00047922294
-0.18853445951878525,0.00024998188,0.00047050888
-0.1884275591872563,0.00051248074,0.00047054372
-0.18826585931151646,-0.0005565882,0.000469853
-0.18824587589554376,-0.0005069375,0.00047028257
-0.18822336953864124,1.4305115e-6,0.00046983137
-0.18809885231440826,0.00042688847,0.00047051252
-0.18801972775198297,3.695488e-6,0.00047033496
-0.18782745415351426,-3.1232834e-5,0.00047051677
-0.18781262101799365,0.00053215027,0.00046592683
-0.18775796219038,1.4305115e-6,0.00046992305
-0.18774371100741985,-0.00037127733,0.00046993807
-0.18766823857011122,3.695488e-6,0.0004703055
-0.18761507675693495,0.0005527735,0.0004703156
-0.18755028167361276,5.376339e-5,0.0004704207
-0.18741268140432615,-0.00022757053,0.0004702401
-0.18729687415727747,-5.9247017e-5,0.00046982602
-0.18726758330449778,1.4305115e-6,0.00046987995
-0.18724199482210674,3.695488e-6,0.00047045894
-0.18721279053260365,3.695488e-6,0.00047895563
-0.18710837957247392,3.695488e-6,0.00047024406
-0.18700143812215708,3.695488e-6,0.00047032602
-0.1868398032696692,0.0005594492,0.00046978958
-0.18681977013043147,3.695488e-6,0.0004703061
-0.18679733166688545,1.4305115e-6,0.00046961833
-0.18667276567352092,6.4373016e-5,0.0004704603
-0.18659360190594426,-0.0010122061,0.00047046578
-0.18640134360699556,-0.00068831444,0.0004702028
-0.18638656019497343,1.4305115e-6,0.00046596501
-0.18633191762404822,1.4305115e-6,0.00046982538
-0.18631769034718637,0.00037419796,0.00046963495
-0.1862421452358152,3.695488e-6,0.00047036365
-0.18618894708572442,3.695488e-6,0.00047016478
-0.18612421224541503,3.695488e-6,0.0004704352
-0.18598656512110026,-0.00024604797,0.00047040096
-0.185870822897537,6.210804e-5,0.00047010058
-0.185841553081218,-4.196167e-5,0.00046978318
-0.18581589479370164,3.695488e-6,0.00047044863
-0.1857866589489239,3.695488e-6,0.00047879978
-0.18568229962616256,3.695488e-6,0.00047034663
-0.18557531705705788,3.695488e-6,0.00047024922
-0.18541374722922271,-0.00047934055,0.00046967718
-0.1853936643657861,-0.00076037645,0.00047005538
-0.1853712937941958,1.4305115e-6,0.00046928332
-0.18524667807733286,3.695488e-6,0.0004705955
-0.18516747605967207,0.0010194778,0.0004705109
-0.18497523306047686,-0.000528574,0.0004701978
-0.18496049841665246,0.00019872189,0.00046625294
-0.18490587305771644,-0.00054961443,0.00046957258
-0.18489166873141866,-0.00026506186,0.0004695386
-0.1848160509462184,3.695488e-6,0.00047011103
-0.18476281741451386,3.695488e-6,0.00047030285
-0.18469814377321847,3.695488e-6,0.00047023414
-0.18456044883740746,-0.00043928623,0.000470293
-0.18444477259449804,0.000526309,0.0004702462
-0.1844155228586386,4.4822693e-5,0.00046990553
-0.18438979476599693,3.695488e-6,0.00047012823
-0.18436052736477726,3.695488e-6,0.00047873365
-0.18425621967938433,3.695488e-6,0.00047013137
-0.1841491959921921,-3.6776066e-5,0.00046996807
-0.18398769118924307,0.00048220158,0.00046985722
-0.18396755860067385,-0.00028455257,0.00046993335
-0.18394525496503816,-0.00013381243,0.00046963207
-0.18382059048114474,3.695488e-6,0.00047029075
-0.18374135021339988,3.695488e-6,0.00047024776
-0.18354912155795705,0.001262784,0.00047042494
-0.18353443759526641,0.00038409233,0.0004665737
-0.18347982944785274,0.00033795834,0.00046985943
-0.18346564807188553,0.00026798248,0.00046961868
-0.18338995665592125,3.695488e-6,0.0004701469
-0.18333668678730217,3.695488e-6,0.00047008987
-0.18327207434478726,3.695488e-6,0.00047015274
-0.1831343335099493,-0.0006740093,0.00046999156
-0.1830187222914591,0.0010477304,0.00047004063
-0.1829894916802915,1.4305115e-6,0.0004695466
-0.18296369473875912,3.695488e-6,0.00047024
-0.18293439578133097,-6.4730644e-5,0.0004786191
-0.1828301397319057,3.695488e-6,0.00047021938
-0.18272307492732637,4.4107437e-5,0.0004701207
-0.18256163610503118,1.4305115e-6,0.00046963306
-0.1825414528348612,0.0015665293,0.00047036435
-0.18251921709234853,0.00013673306,0.00046983597
-0.18239450288448977,-0.00091701746,0.0004700241
-0.18231522532359576,-1.9073486e-6,0.00047012014
-0.18212301101097145,-0.000754416,0.00047015445
-0.18210837581671196,-0.00042563677,0.0004660273
-0.18205378488175442,-3.7789345e-5,0.00046953495
-0.18203962741165206,1.4305115e-6,0.00046943213
-0.18196386236539064,3.695488e-6,0.00047012503
-0.1819105571163251,3.695488e-6,0.00047015876
-0.18184600491658953,3.695488e-6,0.00047014395
-0.18170821722625646,0.0016052723,0.00047041196
-0.1815926719879532,1.4305115e-6,0.00046973105
-0.18156346145841246,1.4305115e-6,0.00046943105
-0.1815375947110544,-0.00023669004,0.00047022622
-0.1815082641983516,7.212162e-5,0.00047836453
-0.18140406074112858,-0.00059711933,0.00047001752
-0.18129695386246059,-0.00027924776,0.00047006545
-0.18113558006318392,1.4305115e-6,0.00046958443
-0.1811153470695155,-0.00015461445,0.00047012663
-0.18109317922059276,1.4305115e-6,0.00046924636
-0.18096841528736785,0.00092434883,0.00047019584
-0.18088909947849086,-0.00050616264,0.0004700888
-0.18069689950821816,0.00076174736,0.00047020768
-0.18068231499462556,-0.00037062168,0.00046607674
-0.180627740316123,0.0002552271,0.00046973547
-0.18061360675048474,1.4305115e-6,0.00046961906
-0.18053776807486005,3.695488e-6,0.00046986763
-0.18048442744534798,-0.0010637641,0.00046992121
-0.1804199364446264,3.695488e-6,0.0004699584
-0.18028210094233021,3.695488e-6,0.00047004502
-0.18016662168374697,0.00017988682,0.0004697988
-0.18013743123513265,-9.083748e-5,0.0004693793
-0.1801114946833497,0.00024402142,0.0004699525
-0.1800821316586707,3.695488e-6,0.00047811517
-0.17997798079528415,0.0006045103,0.0004700449
-0.179870832796661,0.00028657913,0.00046994913
-0.17970952402180357,1.4305115e-6,0.00046961618
-0.17968924226157162,-0.00088602304,0.00046968056
-0.1796671413486035,1.4305115e-6,0.00046958472
-0.1795423276904794,-0.00037008524,0.00046978222
-0.1794629736315183,0.00051903725,0.00047004138
-0.17927078896286675,-0.0009305477,0.00046972462
-0.1792562532163046,0.0008006096,0.00046627273
-0.1792016957500247,1.4305115e-6,0.00046937302
-0.17918758609025126,-8.428097e-5,0.00046920634
-0.17911167474079748,-0.0006811023,0.00046970687
-0.1790582968186032,3.695488e-6,0.00046980678
-0.17899386701712902,3.695488e-6,0.0004700059
-0.17885598465840397,-0.0011008382,0.00046962965
-0.17874057138000765,1.4305115e-6,0.0004695156
-0.17871140101161942,-3.9458275e-5,0.00046936437
-0.17868539465564498,3.695488e-6,0.00047015067
-0.17865600007522442,3.695488e-6,0.00047803464
-0.17855190084850586,3.695488e-6,0.0004698711
-0.17844471173179527,-0.00066274405,0.00046978777
-0.17828346798135705,-0.0005970001,0.00046968038
-0.17826313649622588,0.00036859512,0.00046995527
-0.17824110347614736,-0.00014042854,0.00046936612
-0.17811624009452476,0.0003684759,0.0004699187
-0.17803684778454576,3.695488e-6,0.00046996394
-0.17784467841704843,0.00038647652,0.00047003402
-0.1778301923942182,-3.7014484e-5,0.00046585733
-0.17777565118392638,-9.560585e-5,0.0004692471
-0.1777615644742501,8.714199e-5,0.00046930942
-0.1776855804505003,8.8214874e-5,0.00046969083
-0.17763216714715918,0.0008251667,0.00047000332
-0.17756779758869784,3.695488e-6,0.00046984229
-0.1774298693309458,0.0010348558,0.00046974272
-0.17731452107743562,-0.00037556887,0.00046960148
-0.17728536983350576,0.00013458729,0.00046940954
-0.17725929462770684,-0.00010460615,0.00046981729
-0.17722986849177816,3.695488e-6,0.00047805154
-0.17712582185772877,3.695488e-6,0.0004698002
-0.17701859162363098,0.0006700754,0.0004698595
-0.176857411941144,1.4305115e-6,0.00046954554
-0.17683703073041326,0.0006867647,0.00046988818
-0.17681506560299082,0.00014328957,0.00046950387
-0.17669015249786973,1.2636185e-5,0.0004697193
-0.17661072193944088,3.695488e-6,0.00046988405
-0.17641856691382823,0.00055503845,0.0004697765
-0.1764041315725987,3.9815903e-5,0.0004658542
-0.17634960757406265,9.846687e-5,0.00046915383
-0.17633554381495042,1.4305115e-6,0.00046922933
-0.17625948616020318,0.00060391426,0.00046982683
-0.17620603747524827,0.00024962425,0.00046967439
-0.1761417291162678,-0.00035130978,0.0004696774
-0.17600375304725296,7.70092e-5,0.00046955328
-0.17588847077392972,0.0003784895,0.00046945616
-0.17585933961162672,1.4305115e-6,0.00046936425
-0.17583319459976865,-0.00054103136,0.0004697938
-0.17580373690739803,3.695488e-6,0.00047802227
-0.17569974191071705,3.695488e-6,0.0004696815
-0.17559247055969907,3.695488e-6,0.0004697367
-0.1754313558999971,0.00059986115,0.00046940753
-0.175410924965301,3.695488e-6,0.00046979045
-0.17538902773030118,1.4305115e-6,0.00046904606
-0.17526406490028093,-0.0006633401,0.00046964825
-0.17518459609386905,-9.4771385e-5,0.00046967802
-0.17499245636684263,-0.0008209348,0.000469556
-0.1749780697942777,-0.00045889616,0.0004656683
-0.17492356300796436,-0.00044679642,0.00046904647
-0.1749095231544835,1.4305115e-6,0.00046913108
-0.17483339187037295,3.695488e-6,0.0004695625
-0.1747799078047381,-0.00015872717,0.00046967546
-0.1747156596878366,3.0875206e-5,0.0004697526
-0.1745776367635602,3.695488e-6,0.00046969744
-0.17446242046949004,1.4305115e-6,0.00046960553
-0.1744333093895142,-0.0009652972,0.0004690871
-0.17440709457206394,0.00065660477,0.0004699172
-0.17437760436771718,3.695488e-6,0.00047783487
-0.1742736619639388,3.695488e-6,0.00046973935
-0.17416634949389947,-0.00015848875,0.00046977462
-0.17400530081485135,-2.926588e-5,0.00046938358
-0.17398481920065564,3.695488e-6,0.0004698987
-0.17396298985877884,-0.00016981363,0.00046901786
-0.17383797825986053,0.00067067146,0.00046990457
-0.1737584702478303,-0.00024569035,0.00046959153
-0.17356634582102431,0.00082826614,0.00046964077
-0.17355200897149098,0.0002632141,0.0004661121
-0.17349751844233297,-1.2934208e-5,0.0004689685
-0.17348350249354963,1.4305115e-6,0.00046902918
-0.17340729853584347,3.695488e-6,0.00046960064
-0.17335377717846023,-6.020069e-5,0.00046966423
-0.17328959121657384,0.00010085106,0.00046974092
-0.173151521436102,3.695488e-6,0.00046948262
-0.17303637016598417,1.4305115e-6,0.00046937654
-0.17300727916623443,1.4305115e-6,0.00046926658
-0.17298099454435922,3.695488e-6,0.00046962363
-0.1729514727847378,3.695488e-6,0.00047770792
-0.17284758297339514,3.695488e-6,0.00046956152
-0.17274022842833336,0.00016582012,0.00046972575
-0.17257924477370445,-0.0011609793,0.00046911402
-0.17255871439177795,-0.0004441738,0.00046957307
-0.1725369519867896,0.00017261505,0.00046898698
-0.17241189066367243,3.695488e-6,0.00046940218
-0.17233234535709238,0.000351429,0.0004697583
-0.17214023431920483,3.695488e-6,0.00046950983
-0.1721259471929365,-0.00044327974,0.0004658729
-0.17207147387623464,0.00046408176,0.00046915465
-0.17205748183331615,1.4305115e-6,0.00046918218
-0.1719812042446125,-0.0003041029,0.00046940363
-0.17192764750654932,0.00022995472,0.0004697218
-0.171863521788843,0.00023424625,0.00046996828
-0.1717254051524092,3.695488e-6,0.00046941606
-0.17161031986294523,-0.00014644861,0.00046907886
-0.17158124894295465,0.00096809864,0.00046920174
-0.1715548945157207,3.695488e-6,0.00046955806
-0.1715253412019919,3.695488e-6,0.00047755524
-0.17142150302661685,3.695488e-6,0.00046948955
-0.17131410736416797,3.695488e-6,0.00046940646
-0.17115318873349142,0.0005506277,0.00046924502
-0.17113260862573187,0.0004515648,0.00046975623
-0.17111091411433343,-0.00031644106,0.00046875307
-0.17098580306701744,3.695488e-6,0.00046948282
-0.17090621951105367,-0.00055760145,0.00046942235
-0.17071412377268616,3.695488e-6,0.00046946682
-0.17069988637178396,0.00064468384,0.00046596894
-0.1706454293092025,-0.00044625998,0.00046887813
-0.17063146117354958,1.4305115e-6,0.00046898797
-0.17055510995478224,0.00031149387,0.0004693813
-0.17050151783463838,-3.6120415e-5,0.00046954292
-0.17043745331641297,3.695488e-6,0.00046970442
-0.17029928886918333,3.695488e-6,0.0004692354
-0.1701842705163743,-0.00061136484,0.00046887322
-0.17015521776460754,1.4305115e-6,0.00046883625
-0.170128794488016,3.695488e-6,0.00046946912
-0.17009920961784525,-8.1419945e-5,0.00047747634
-0.16999542307983861,-0.0001988411,0.0004693312
-0.1698879862993022,3.695488e-6,0.00046935593
-0.1697271326930449,0.0006453991,0.0004692244
-0.1697065028606196,-0.0002259016,0.000469209
-0.16968487624094347,0.0003193617,0.00046881463
-0.16955971547036242,-9.685755e-5,0.0004694251
-0.16948009366501493,0.0005649328,0.00046943018
-0.169288013225934,-0.00025200844,0.0004694016
-0.16927382459322948,-0.0004709363,0.0004658475
-0.16921938569933878,0.0004491806,0.0004688242
-0.169205440513783,1.4305115e-6,0.00046893625
-0.16912901566541894,-0.00012737513,0.0004692586
-0.16907538720836052,4.339218e-5,0.00046923515
-0.1690113838872814,3.695488e-6,0.0004694856
-0.1688731735407913,3.695488e-6,0.0004692699
-0.16875822021263498,0.0005733967,0.00046904935
-0.16872918754296196,-0.00042045116,0.00046886763
-0.1687026944612451,3.695488e-6,0.0004695567
-0.16867307707723056,8.869171e-5,0.0004776021
-0.16856934408929497,0.00020611286,0.00046931166
-0.16846186523420298,3.695488e-6,0.00046925156
-0.1683010766514311,1.4305115e-6,0.00046907665
-0.16828039709620768,0.00023329258,0.00046929193
-0.16825883836848732,1.4305115e-6,0.00046864568
-0.16813362787370745,0.00010418892,0.0004693123
-0.1680539678189762,3.695488e-6,0.00046944583
-0.16786190172318072,0.0002593994,0.00046958236
-0.16784776377090965,1.4305115e-6,0.00046566356
-0.1677933411341743,1.4305115e-6,0.00046879245
-0.1677794198530826,1.4305115e-6,0.00046872237
-0.16770292233042255,0.0001347065,0.0004692116
-0.1676492575373834,3.695488e-6,0.0004690893
-0.16758531541578517,3.695488e-6,0.00046918273
-0.1674470572566316,3.695488e-6,0.00046921507
-0.16733216990866218,-0.00020599365,0.00046881058
-0.16730315732084944,0.0004233122,0.00046877304
-0.1672765944340073,3.695488e-6,0.00046943256
-0.16724694549448463,3.695488e-6,0.00047721562
-0.16714326414228325,-0.0007085204,0.0004690208
-0.16703574512533836,3.695488e-6,0.00046943
-0.16687502156605188,-0.0007144213,0.00046906172
-0.16685429228709658,3.695488e-6,0.00046912004
-0.16683280049649807,-0.00036352873,0.0004686438
-0.16670754027611862,3.695488e-6,0.00046914496
-0.16662784197293748,-0.00030201674,0.00046919007
-0.16643579117666202,-0.00028055906,0.00046912738
-0.16642170294882325,0.00047385693,0.00046590026
-0.16636729656784252,1.4305115e-6,0.00046883858
-0.16635339919191527,1.4305115e-6,0.0004686388
-0.16627682803919155,3.695488e-6,0.0004690522
-0.16622312786617288,3.695488e-6,0.00046915383
-0.16615924598852128,3.695488e-6,0.00046932072
-0.1660209409734057,-0.0006044507,0.0004692594
-0.16590611960492285,0.0003976822,0.00046915628
-0.1658771270973362,1.4305115e-6,0.0004686245
-0.16585049536160335,3.695488e-6,0.00046927598
-0.1658208139108049,3.695488e-6,0.00047717284
-0.16571718515150613,0.0007158518,0.0004691986
-0.1656096240604726,3.695488e-6,0.00046909618
-0.16544896552560537,0.00026786327,0.00046935133
-0.1654281865219843,3.695488e-6,0.00046896582
-0.1654067626240419,0.00036644936,0.00046856722
-0.16528145363569818,-0.0003644228,0.00046898267
-0.1652017161266653,0.0003093481,0.00046910768
-0.1650096806303768,0.00028789043,0.00046906326
-0.16499564117050225,1.4305115e-6,0.00046537817
-0.16494125200151077,-0.00017756224,0.0004683734
-0.16492737853214873,1.4305115e-6,0.000468661
-0.16485073374982823,-0.0007944703,0.0004689416
-0.1647969981949623,-4.8339367e-5,0.00046891088
-0.1647331775156243,3.695488e-6,0.00046916556
-0.16459482564641442,0.00035524368,0.0004690718
-0.16448006930211734,1.4305115e-6,0.00046880613
-0.16445109687428988,-0.00024700165,0.00046867947
-0.16442439533343173,3.695488e-6,0.00046928058
-0.1643946823268917,3.695488e-6,0.0004769162
-0.1642911052056617,3.695488e-6,0.00046931618
-0.16418350299560686,3.695488e-6,0.00046898174
-0.16402290948562576,0.00045084953,0.00046895308
-0.164002080756872,3.695488e-6,0.00046884877
-0.1639807247511188,-0.0005225539,0.00046831957
-0.16385536603951012,0.00037181377,0.0004690471
-0.16377559123662772,3.695488e-6,0.00046900785
-0.16358357008409158,-0.00020956993,0.0004689349
-0.16356958034841587,-0.00031667948,0.0004653952
-0.16351520839164702,0.00018048286,0.00046845892
-0.16350135787284906,1.4305115e-6,0.0004686116
-0.16342464041623259,3.695488e-6,0.00046900377
-0.16337086756775063,5.567074e-5,0.00046888657
-0.16330710808649274,3.695488e-6,0.00046896463
-0.16316870936272163,0.00026023388,0.00046922837
-0.1630540189990784,1.4305115e-6,0.00046854472
-0.16302506665217736,0.00024986267,0.00046849338
-0.16299829530619395,3.695488e-6,0.00046912758
-0.16296854978721081,3.695488e-6,0.0004768936
-0.16286502621488458,3.695488e-6,0.0004690266
-0.16275738193074107,3.695488e-6,0.00046907505
-0.16259685344447888,1.4305115e-6,0.000468628
-0.16257597499175974,-0.00044840574,0.0004687031
-0.1625546868784292,-0.00065749884,0.00046782466
-0.16242927844378893,-0.00017040968,0.00046905992
-0.16234946539058898,-0.00022393465,0.00046897607
-0.16215745858157174,0.0002169609,0.00046903788
-0.1621435195263295,0.00021111965,0.0004654417
-0.16208916382554872,1.4305115e-6,0.000468288
-0.16207533721308248,1.4305115e-6,0.00046840706
-0.16199854612593542,0.0006663799,0.0004690509
-0.16194473789677355,-0.00021147728,0.00046878873
-0.1618810396154634,3.695488e-6,0.00046905503
-0.16174259307832844,3.695488e-6,0.00046889373
-0.1616279686951056,-0.00032430887,0.0004685121
-0.16159903643029833,1.4305115e-6,0.0004684345
-0.16157219527895614,3.695488e-6,0.00046919228
-0.16154241820423143,3.695488e-6,0.00047677069
-0.16143894626740596,-0.00072693825,0.00046880098
-0.16133126086587535,3.695488e-6,0.00046882653
-0.1611707983590997,1.4305115e-6,0.00046855595
-0.16114987018288207,0.0004557371,0.0004690711
-0.1611286490066734,-2.3066998e-5,0.0004681545
-0.1610031908462001,0.00017774105,0.0004689504
-0.16092333954525062,0.0001616478,0.0004688715
-0.1607313480352865,3.695488e-6,0.0004686351
-0.1607174577484754,-0.0008069873,0.00046499152
-0.16066311925991733,1.4305115e-6,0.0004684189
-0.16064931655214862,-0.00027048588,0.0004681195
-0.16057245183470445,0.00013911724,0.00046886818
-0.16051860822579644,0.00021886826,0.0004689323
-0.1604549701877326,3.695488e-6,0.00046885724
-0.16031647775063682,-0.00039809942,0.0004687588
-0.16020191839066591,-0.00046896935,0.0004686532
-0.16017300620748545,1.4305115e-6,0.00046840755
-0.16014609525125142,-0.00041794777,0.00046887848
-0.16011628662078517,3.695488e-6,0.00047651026
-0.1600128663206277,0.0007343292,0.00046901137
-0.15990513980100957,3.695488e-6,0.00046903544
-0.15974474231818625,1.4305115e-6,0.00046858852
-0.1597237644177698,3.695488e-6,0.00046832758
-0.15970261113468415,0.00054991245,0.0004682514
-0.15957710420484586,3.695488e-6,0.00046881227
-0.15949721369851155,7.331371e-5,0.000468919
-0.15930523748900127,-0.0005812645,0.00046863916
-0.159291396926389,-0.0012007356,0.00046480505
-0.1592370756500536,1.4305115e-6,0.00046832557
-0.15922329589121478,0.00024223328,0.0004680955
-0.1591463585006419,3.695488e-6,0.0004686569
-0.15909247855528624,3.695488e-6,0.00046867994
-0.15902890171576947,3.695488e-6,0.00046885235
-0.15889036146787783,-0.00072687864,0.00046860034
-0.15877586808762695,0.00079762936,0.0004688116
-0.15874697598443913,-0.0013278723,0.000468179
-0.15871999522284636,-0.00040006638,0.00046886352
-0.15869015503733888,3.695488e-6,0.0004762751
-0.15858678733055093,-0.00064235926,0.0004685706
-0.15847901969214495,3.695488e-6,0.0004686013
-0.15831868627773973,-0.00034111738,0.00046823634
-0.1582976586524241,3.695488e-6,0.00046854754
-0.15827657421846258,0.00066030025,0.00046826855
-0.1581510166091247,3.695488e-6,0.00046873308
-0.15787912694318296,0.00058853626,0.0004686788
-0.15786533610430262,1.4305115e-6,0.00046488218
-0.15781103108395528,-0.00082594156,0.00046798366
-0.1577972752314482,3.2544136e-5,0.00046819766
-0.1577202642110451,3.695488e-6,0.00046833462
-0.15766634888360878,-0.00014406443,0.00046853157
-0.1576028332428725,-0.0006764531,0.0004686193
-0.15746424614041962,0.001121521,0.00046876541
-0.1573498177850549,1.4305115e-6,0.00046839414
-0.15732094576162625,0.0013307333,0.00046853482
-0.1572938951949082,3.695488e-6,0.0004689232
-0.15726402249742455,-0.00010043383,0.0004761924
-0.1571607073842396,0.00028896332,0.0004686609
-0.15705289862704574,3.695488e-6,0.00046865782
-0.15689263023729322,1.4305115e-6,0.00046858142
-0.15687155384284604,3.695488e-6,0.00046856582
-0.1568505363450726,1.4305115e-6,0.00046815208
-0.1567249290129366,-0.0006455779,0.00046848773
-0.1566449629626687,-0.00015807152,0.00046865054
-0.15645301544066312,-0.0004748106,0.0004684951
-0.15643927432598162,0.0021204948,0.00046551676
-0.15638498651785698,1.4305115e-6,0.00046817615
-0.15637125457191509,1.4305115e-6,0.00046830508
-0.1562941699205145,3.695488e-6,0.00046839652
-0.15624021825569673,0.0001513958,0.00046842435
-0.15617676381467477,-2.7537346e-5,0.0004687166
-0.15603812985579302,1.8119812e-5,0.00046863244
-0.1559237674813156,1.4305115e-6,0.000468155
-0.15589491553974721,1.4305115e-6,0.00046801908
-0.15586779516813729,-0.00061511993,0.00046867272
-0.1558378909132779,-0.00044363737,0.00047609987
-0.15573462839322902,4.3153763e-5,0.0004687183
-0.1556267775631138,-0.0004028678,0.0004685756
-0.15546657515261436,1.4305115e-6,0.00046828197
-0.15544544807773378,3.695488e-6,0.00046864766
-0.15542449847261644,-0.0007824302,0.00046776826
-0.15529884237181582,0.0006529093,0.00046868564
-0.15521883711709686,3.695488e-6,0.0004684277
-0.15502690489344406,3.695488e-6,0.00046864658
-0.15501321350389521,-0.00059729815,0.0004646109
-0.15495894290799325,0.0008288622,0.00046807667
-0.15494523391238196,-0.0002578497,0.00046808392
-0.15486807658645194,-0.00075906515,0.00046822213
-0.15481408858518655,3.695488e-6,0.00046834492
-0.154750695343412,0.0007150173,0.00046867214
-0.15461201357210022,3.695488e-6,0.00046848285
-0.15449771813334393,-0.000502944,0.0004681384
-0.1544688843614001,1.4305115e-6,0.00046796128
-0.1544416951404326,0.0014477968,0.00046893652
-0.15441175932983162,-5.6564808e-5,0.0004761517
-0.15430854844551695,0.0003247261,0.00046840013
-0.15420065649731424,0.00041019917,0.0004685424
-0.15404051911123404,0.000344038,0.0004682308
-0.15401934231308842,-0.0009957552,0.00046814248
-0.1539984606010941,0.0007852316,0.00046800647
-0.15387275477446047,3.695488e-6,0.0004683424
-0.15379271127105815,0.00016534328,0.0004685168
-0.15360079434715881,0.00048220158,0.0004687043
-0.15358715268157538,1.4305115e-6,0.00046471826
-0.15353289834236186,-0.00023061037,0.0004677394
-0.15351921420744924,0.00026071072,0.00046785787
-0.1534419822961548,3.695488e-6,0.00046821934
-0.15338795891420945,3.695488e-6,0.00046837042
-0.1533246268712154,3.695488e-6,0.00046844553
-0.15318589824464202,3.695488e-6,0.00046844542
-0.15307166782983805,0.00012338161,0.00046829897
-0.15304285413812033,1.4305115e-6,0.00046777172
-0.15301559606802864,3.695488e-6,0.00046865293
-0.15298562679061764,0.00061523914,0.0004762954
-0.15288246945567363,3.695488e-6,0.00046829888
-0.15277453638774924,3.695488e-6,0.0004685991
-0.15261446307008714,-0.0007317662,0.0004672828
-0.15259323750467765,0.00069856644,0.00046832702
-0.15257242272910485,-0.00034809113,0.0004674987
-0.15244666717827238,3.695488e-6,0.0004682436
-0.1523665863803202,3.695488e-6,0.00046844414
-0.15217468380157395,3.695488e-6,0.00046823983
-0.15216109090302093,1.4305115e-6,0.00046476486
-0.15210685377626354,0.000233531,0.00046803986
-0.15209319354674886,1.4305115e-6,0.0004679403
-0.15201588896209223,0.0007663965,0.0004684895
-0.151961829242532,-0.000687778,0.00046812225
-0.15189855744301767,3.695488e-6,0.000468495
-0.15175978196071577,3.695488e-6,0.0004682812
-0.15164561752679911,0.0003838539,0.00046817653
-0.15161682391484055,1.4305115e-6,0.00046777146
-0.15158949604032393,3.695488e-6,0.00046827682
-0.15155949520717138,3.695488e-6,0.0004759613
-0.15145639046583034,3.695488e-6,0.00046833695
-0.1513484153238173,3.695488e-6,0.0004683049
-0.1511884079861087,0.0004695654,0.00046771276
-0.15116713173909846,3.695488e-6,0.0004681723
-0.1511463848566487,-0.0007302165,0.0004677352
-0.15102057958231774,3.695488e-6,0.00046810586
-0.15094046053428148,3.695488e-6,0.00046825164
-0.15074857229882066,3.695488e-6,0.00046815057
-0.15073503008093453,0.0006002188,0.0004645436
-0.150680810165466,1.4305115e-6,0.00046778598
-0.15066717288698228,1.4305115e-6,0.00046791483
-0.15058979467179506,3.695488e-6,0.00046808776
-0.15053569957132143,-0.00060653687,0.00046806748
-0.15047248897105453,-0.00038176775,0.00046812798
-0.15033366663395795,-0.00047796965,0.00046815473
-0.1502195672239936,1.4305115e-6,0.00046797967
-0.15019079369272803,-0.00028055906,0.00046756674
-0.15016339601261922,3.695488e-6,0.00046852493
-0.15013336362279125,3.695488e-6,0.0004758935
-0.15003031051811827,3.695488e-6,0.00046846594
-0.14992229425941844,3.695488e-6,0.00046826666
-0.14976235194519524,0.00026655197,0.00046755886
-0.14974102597305236,0.00030827522,0.0004681232
-0.1497203469832587,0.00095033646,0.00046762693
-0.14959449294166388,3.695488e-6,0.00046828022
-0.14951433468824274,3.695488e-6,0.00046830464
-0.14932246175206854,3.695488e-6,0.00046821954
-0.14930896925884815,-0.00048714876,0.00046398473
-0.14925476559936768,-0.0003246665,0.00046765205
-0.1492411522272157,-0.000915885,0.0004674555
-0.14916370038149793,3.695488e-6,0.000468114
-0.14910956894504357,0.00069510937,0.00046813826
-0.1490464204990914,0.00038909912,0.0004681607
-0.14890755035026515,0.00048530102,0.0004681832
-0.1488814732063169,3.695488e-6,-1.42172385e-5
-0.14879351692025428,1.4305115e-6,0.00046794847
-0.14876476347108245,8.559227e-5,0.00046789637
-0.14873729598468105,3.695488e-6,0.00046819585
-0.148707232039345,3.695488e-6,0.00047565726
-0.14860423152687424,3.695488e-6,0.00046822845
-0.1484961731945527,3.695488e-6,0.00046815266
-0.148336295903348,1.4305115e-6,0.0004675966
-0.14831492116487507,-3.5226345e-5,0.00046793444
-0.14829431006703714,0.00013375282,0.0004675266
-0.1481684534709699,3.695488e-6,-1.42172385e-5
-0.14808820884220403,3.695488e-6,0.00046813075
-0.14789635120554984,3.695488e-6,0.0004683135
-0.14788290843722865,0.0004708767,0.00046471658
-0.14782872103396974,0.00032746792,0.0004676111
-0.1478151315669822,1.4305115e-6,0.00046717396
-0.1477376070479023,3.695488e-6,0.0004680084
-0.147683439273833,0.00061392784,0.00046812475
-0.14762035202712825,3.695488e-6,0.00046810732
-0.14748143502187314,3.695488e-6,0.000468048
-0.14745543373562292,3.695488e-6,-1.42172385e-5
-0.1473674666162815,-0.000490427,0.00046771785
-0.14733873420520452,0.00019919872,0.00046774666
-0.14731119595767672,-0.00061535835,0.00046813945
-0.14728109950036447,-1.013279e-5,0.00047557152
-0.14717815158079633,3.695488e-6,0.00046793162
-0.14707005308498772,-4.10676e-5,0.00046811058
-0.14691024081866916,1.4305115e-6,0.00046759352
-0.14688881540046317,4.2557716e-5,0.00046800304
-0.1468682721950479,1.4305115e-6,0.0004673999
-0.14674241400027596,3.695488e-6,-1.42172385e-5
-0.14666208395216643,-0.0006284714,0.00046792862
-0.14647024065996497,3.695488e-6,0.00046797597
-0.14645684665890765,2.0623207e-5,0.00046459446
-0.1464026774248064,1.4305115e-6,0.00046749742
-0.14638911186228296,0.000918746,0.00046723775
-0.14631151275667129,3.695488e-6,0.0004680509
-0.14625730960262245,3.695488e-6,0.00046787754
-0.14619428355516512,3.695488e-6,0.00046807062
-0.14605531873818034,-0.00031602383,0.00046785493
-0.14602939426492897,3.695488e-6,-1.42172385e-5
-0.14594141726877677,-0.000644207,0.0004676273
-0.1459127039816913,1.4305115e-6,0.00046749655
-0.1458850968862066,0.0006226301,0.00046831934
-0.14585496791668473,-0.0004234314,0.00047533907
-0.1457520725902527,-0.0010688305,0.00046785487
-0.14564393202012194,4.839897e-5,0.00046804425
-0.14548418477822264,-0.000279665,0.0004674423
-0.14546270963535088,-0.00024157763,0.00046778025
-0.14544223432259173,1.4305115e-6,0.0004672257
-0.145316374529582,3.695488e-6,-1.42172385e-5
-0.14523595810589426,0.00063574314,0.00046821017
-0.14504413011367973,3.695488e-6,0.00046791096
-0.14503078583682127,1.4305115e-6,0.00046439664
-0.14497663285870807,-0.00035089254,0.0004672402
-0.144963091201816,1.4305115e-6,0.00046711083
-0.14488541942214184,-0.00024324656,0.00046770708
-0.14483117993164538,3.695488e-6,0.0004679218
-0.1447682141267339,3.695488e-6,0.00046807138
-0.14462920341118904,0.0002822876,0.00046788497
-0.144603354794235,3.695488e-6,-1.42172385e-5
-0.14451536696597125,0.0011389256,0.00046779556
-0.14448667375864496,-0.00020313263,0.0004674575
-0.14445899685756805,-0.00046014786,0.00046789093
-0.14442883633277154,0.00044453144,0.0004754409
-0.14432599264347443,3.695488e-6,0.00046803307
-0.14421781095525618,3.695488e-6,0.00046783872
-0.14405812873824303,0.00028252602,0.00046765432
-0.1440366048255394,-0.00086802244,0.00046766707
-0.14401619645013555,1.4305115e-6,0.00046716793
-0.14389033505888804,3.695488e-6,-1.42172385e-5
-0.14380983225985552,3.695488e-6,0.00046788855
-0.14361801956646067,-0.0010933876,0.00046772396
-0.14360472501473487,-6.222725e-5,0.0004644367
-0.14355058924791053,1.4305115e-6,0.00046728997
-0.14353707054251635,-0.0009074807,0.0004669964
-0.14345932513231158,0.00025057793,0.00046781372
-0.14340505026020137,3.695488e-6,0.00046777813
-0.14334214565453732,3.695488e-6,0.0004678347
-0.14320308712749624,4.4703484e-5,0.00046778057
-0.1430893166629323,-4.2319298e-5,0.0004675544
-0.14306064353653244,0.00020599365,0.0004673734
-0.14303289682986334,-6.520748e-5,0.00046773182
-0.1430027037928572,3.695488e-6,0.00047509925
-0.1428999136526973,0.0010762215,0.00046793214
-0.14279168989039043,3.695488e-6,0.00046772356
-0.14263207365333075,-9.572506e-5,0.00046746535
-0.1426104990604271,0.00030899048,0.0004675901
-0.1425901585776794,-0.00017744303,0.00046706622
-0.1423837073700514,-0.0004926324,0.00046757745
-0.14219190806394086,3.695488e-6,0.00046784038
-0.1421786632364139,6.508827e-5,0.00046431934
-0.1421245446818122,0.00035381317,0.000467347
-0.14211104988274978,0.00091028214,0.00046728732
-0.14203323179871594,-0.0002810359,0.00046757914
-0.1419789205889908,3.695488e-6,0.00046760082
-0.14191607718257418,3.695488e-6,0.00046786154
-0.14177697179933768,-9.483099e-5,0.00046760502
-0.14166326635872606,4.518032e-5,0.000467282
-0.14163461331441995,1.4305115e-6,0.00046731517
-0.14160679680262556,-0.00042295456,0.00046782385
-0.14157657220917746,-0.0007261038,0.00047488112
-0.14147383466192018,-0.00024169683,0.00046776328
-0.14136556978175926,3.695488e-6,0.00046769288
-0.14120601761171694,9.858608e-5,0.00046743988
-0.14118439425154944,0.00081527233,0.00046755755
-0.14116412070522324,0.00018036366,0.00046705076
-0.14095758152471305,0.00049996376,0.0004676593
-0.14076579751812252,0.0011007786,0.0004677895
-0.1407526024147944,1.4305115e-6,0.00046421107
-0.14069850011618082,-0.0010586381,0.0004670238
-0.14068503017875086,-5.2809715e-5,0.0004670383
-0.14060713750795187,0.00028836727,0.00046759378
-0.14055278996247947,-3.3974648e-5,0.00046749617
-0.14049000871061104,3.695488e-6,0.00046756997
-0.14035085551541143,0.00010216236,0.00046760502
-0.14023721605451983,-0.00037926435,0.0004673164
-0.14020858309184053,1.4305115e-6,0.0004673579
-0.14018069677585465,3.695488e-6,0.0004677702
-0.14015044062573118,3.6239624e-5,0.0004750122
-0.14004775471514191,0.0002490282,0.00046780915
-0.13993944871666006,3.695488e-6,0.00046769498
-0.13977996157080352,-0.00057172775,0.00046678266
-0.13975828848620372,3.695488e-6,0.00046736942
-0.1397380837894686,1.4305115e-6,0.00046699418
-0.13953145567844086,3.695488e-6,0.00046755397
-0.1393396869718373,-0.00026112795,0.00046738092
-0.13932654159270802,-0.00039619207,0.00046409297
-0.1392724565063171,0.0010615587,0.00046738583
-0.13925900951758358,-0.00046563148,0.00046700906
-0.1391810441729555,3.695488e-6,0.00046743656
-0.1391266602919693,4.1365623e-5,0.00046748994
-0.1390639402391148,3.695488e-6,0.00046754215
-0.13892474018888706,3.695488e-6,0.0004677628
-0.13881116670771546,-0.00041604042,0.00046708435
-0.13878255286856075,1.4305115e-6,0.00046708013
-0.13875459770345072,0.00096297264,0.0004678797
-0.13872430808698413,-0.0004813671,0.00047462713
-0.13862167572459827,-0.0002619028,0.0004675625
-0.13851332765156082,3.695488e-6,0.00046753944
-0.1383539064865916,6.341934e-5,0.00046646904
-0.13833218272085798,3.695488e-6,0.00046737478
-0.13831204591701243,-5.6624413e-5,0.000466813
-0.13818579503666073,-0.00018829107,0.00046738313
-0.13810533078816983,-0.0005927086,0.000467528
-0.13791357642555205,3.695488e-6,0.0004675229
-0.13790048076968778,0.0003991127,0.00046396247
-0.1378464119402188,1.4305115e-6,0.00046663708
-0.13783298885735007,0.00052273273,0.00046677087
-0.1377549498833587,1.4305115e-6,0.00046725097
-0.13770053062029183,3.695488e-6,0.000467414
-0.13763787176668477,-0.00047761202,0.00046730737
-0.13749862390496081,3.695488e-6,0.0004674466
-0.1373851164051434,1.4305115e-6,0.0004673634
-0.13735652264574788,1.4305115e-6,0.00046692544
-0.1373284976748122,3.695488e-6,0.0004674723
-0.1372981765033044,0.000983715,0.00047480324
-0.1371955967345215,3.695488e-6,0.00046756954
-0.13708720754292966,3.695488e-6,0.00046772562
-0.13692785044614508,0.00051259995,0.00046701322
-0.1369060779119803,3.695488e-6,0.00046709715
-0.13688600804455625,-0.00012338161,0.00046669846
-0.13675970744000573,-0.00075751543,0.00046735173
-0.13667920494189764,0.000344038,0.00046766124
-0.13648746587926683,3.695488e-6,0.00046741264
-0.1364744199476014,-3.5345554e-5,0.0004640659
-0.13642036833035506,-6.3598156e-5,0.00046644497
-0.13640696915405157,1.4305115e-6,0.00046662346
-0.13632885654999652,5.841255e-6,0.00046720097
-0.13627440094861437,-0.00046408176,0.0004672943
-0.1362118032937878,-4.4882298e-5,0.00046737576
-0.13607250857680223,3.695488e-6,0.00046737798
-0.13595906610140407,0.0007995367,0.0004673148
-0.13593049242410227,-0.00017678738,0.00046697422
-0.1359023976480413,-0.00046169758,0.00046723476
-0.13587204491915775,0.00020587444,0.00047457128
-0.13576951678774327,-0.00052934885,0.00046721235
-0.13566108647899774,3.695488e-6,0.00046729078
-0.13550179536146623,1.4305115e-6,0.00046708147
-0.13547997214686805,3.695488e-6,0.00046741666
-0.1354599701721001,0.00018429756,0.0004666936
-0.13533362079958533,3.695488e-6,0.00046755202
-0.1352530790965593,-0.0004953742,0.0004674505
-0.13506135533204777,0.00026845932,0.00046732987
-0.1350483581699808,3.8266182e-5,0.00046430994
-0.13499432376425674,5.6624413e-5,0.00046664602
-0.13498094849451844,1.4305115e-6,0.00046673644
-0.13490276225969935,-0.00020760298,0.00046714506
-0.13484827127810417,0.00034558773,0.00046722358
-0.1347857348222916,0.00044465065,0.0004673649
-0.13464639229310946,3.695488e-6,0.00046715504
-0.13453301579719784,1.4305115e-6,0.0004671223
-0.13450446220198978,0.0001796484,0.0004668666
-0.1344762976208035,1.1563301e-5,0.00046734788
-0.13444591333571146,3.695488e-6,0.0004745134
-0.1343434377964992,0.0008022785,0.00046736133
-0.13423496541319815,3.695488e-6,0.00046738266
-0.13407573931985245,1.4305115e-6,0.00046701133
-0.13405386733799038,3.695488e-6,0.00046709777
-0.13403393325564508,1.4305115e-6,0.00046658
-0.1339075332019965,-0.00053447485,0.00046720557
-0.13382695420675514,0.0007587671,0.00046762926
-0.13363524478576252,3.695488e-6,0.00046727288
-0.13362229734766093,-0.00036084652,0.00046418907
-0.13356828015485994,1.13248825e-5,0.00046641583
-0.13355492783428496,1.4305115e-6,0.0004665805
-0.13347666892470297,9.9778175e-5,0.00046711587
-0.1334221416071271,0.00012946129,0.0004672212
-0.13335966635126226,-0.0007342696,0.00046721668
-0.13322027696611816,3.695488e-6,0.0004672334
-0.13310696644992656,-0.00015884638,0.00046675102
-0.13307843293564495,1.4305115e-6,0.0004666398
-0.13305019854839956,0.00046122074,0.00046741747
-0.1330197807964975,-0.00037032366,0.0004741259
-0.1329173588057221,3.695488e-6,0.0004673006
-0.13280884530363316,-0.00026613474,0.00046733758
-0.13264968327870555,-0.00054734945,0.00046679797
-0.13262776157334502,-0.0004221797,0.00046676074
-0.13260789538388928,1.4305115e-6,0.000466452
-0.1324814465615761,0.0014948845,0.00046777955
-0.13240082835978262,3.695488e-6,0.0004674139
-0.1322091342399442,-0.00014597178,0.00046718225
-0.13219623652557452,-0.00031232834,0.00046387783
-0.13214223558876162,-0.00027775764,0.0004663836
-0.13212890812935224,1.4305115e-6,0.00046659948
-0.13205057463440584,-0.0012763143,0.0004669164
-0.13199601193521618,-0.00026458502,0.00046685545
-0.13193359787929912,0.0008305311,0.00046724945
-0.13179416068242536,3.695488e-6,0.00046711127
-0.1316809161468876,-0.00035589933,0.0004667096
-0.13165240271213172,-0.00011509657,0.0004664875
-0.13162409852022794,3.695488e-6,0.0004672381
-0.13159364921305122,3.695488e-6,0.00047413717
-0.13149127981611225,3.695488e-6,0.00046709602
-0.13138272423970124,0.00020349026,0.00046718834
-0.13122362819496053,0.0005502701,0.0004669623
-0.13120165676446735,0.00042951107,0.00046698257
-0.13118185751143313,1.4305115e-6,0.0004664435
-0.13105535896562145,3.695488e-6,0.00046719675
-0.13097470251374388,3.695488e-6,0.00046700952
-0.1307830227383582,0.00015330315,0.00046709238
-0.13077017570348815,0.0006774664,0.00046398875
-0.13071619197796408,-0.00050252676,0.00046618565
-0.13070288746911876,-0.00011795759,0.00046633228
-0.13062448130081017,0.0009685755,0.0004671543
-0.13056988226423907,0.0002719164,0.00046689773
-0.13050752940640215,3.695488e-6,0.00046693473
-0.13036804535496715,-8.773804e-5,0.0004668255
-0.13025486584384863,0.00036680698,0.0004668837
-0.1302263724895523,0.0001180172,0.00046671132
-0.13019799849299013,3.695488e-6,0.00046727565
-0.13016751762867113,0.00037765503,0.0004741631
-0.13006519986933401,-0.00020360947,0.00046697518
-0.1299566031753024,-0.0005130172,0.00046688216
-0.1297975721540471,1.4305115e-6,0.00046673967
-0.1297755509986547,-0.00067555904,0.0004667105
-0.12975582059521154,1.4305115e-6,0.0004663439
-0.1296292723259014,3.695488e-6,0.0004670508
-0.12954857762440666,-0.00055480003,0.00046700865
-0.12935691219113915,-0.0004771948,0.0004670033
-0.12934411488140174,-0.0011532307,0.0004636444
-0.12929014741186579,0.00073063374,0.00046647797
-0.12927686776558678,0.00012087822,0.00046624136
-0.12919838701051303,0.0004339218,0.00046709218
-0.1291437516379612,-0.00011008978,0.00046671834
-0.129081460934439,-0.0010868311,0.0004668299
-0.12894192907127436,-0.0004926324,0.00046675722
-0.12882881649657738,-0.0007176399,0.00046661345
-0.1288003422679067,1.4305115e-6,0.00046644363
-0.12877189942152,3.695488e-6,0.00046699532
-0.12874138508899025,3.695488e-6,0.00047387337
-0.12863912087785653,0.00021088123,0.00046694282
-0.12853048306667123,0.0005170107,0.00046708577
-0.12837151706843444,1.4305115e-6,0.00046651042
-0.12834944618954358,0.00031983852,0.00046688397
-0.12832978272252193,-0.0005453825,0.00046626257
-0.1282031847283126,3.695488e-6,0.00046700172
-0.12812245177836792,0.000562191,0.00046689378
-0.1279308016439201,0.00048446655,0.00046710178
-0.12791805310354767,0.0010492802,0.00046362303
-0.1278641038027024,5.543232e-5,0.00046644357
-0.12785084710535327,1.4305115e-6,0.0004662043
-0.12777229367645046,-1.7225742e-5,0.0004669011
-0.12771762196675066,0.00011742115,0.0004668031
-0.12765539246294277,-0.0001180768,0.00046678798
-0.12751581374288234,0.0005540848,0.00046684127
-0.12740276619260457,0.0008727312,0.00046680993
-0.1273743120457942,1.4305115e-6,0.00046629875
-0.1273457993938153,3.695488e-6,0.00046707838
-0.12731525350601086,-0.00018846989,0.00047361603
-0.12721304188731286,3.695488e-6,0.00046679314
-0.12710436200087163,7.70092e-5,0.00046703
-0.12694546102752102,1.4305115e-6,0.00046659712
-0.12692334042536513,0.00036668777,0.00046698647
-0.12690374484983233,0.0005482435,0.00046612616
-0.12677709808719181,3.695488e-6,0.00046689308
-0.12669632688786345,3.695488e-6,0.00046679637
-0.12650469109856866,3.695488e-6,0.00046663493
-0.12649199228146127,-0.00042301416,0.0004637357
-0.12643805923730447,1.4305115e-6,0.00046626062
-0.12642482740135438,1.4305115e-6,0.00046600238
-0.12634619938615332,2.4557114e-5,0.00046673673
-0.1262914922955401,-1.1920929e-6,0.0004665944
-0.12622932399097964,0.0005222559,0.00046708685
-0.12608969745918955,4.0888786e-5,0.00046690082
-0.12597671588886525,1.4305115e-6,0.0004664435
-0.12594828182321477,1.4305115e-6,0.00046641866
-0.12591969936611058,3.695488e-6,0.00046696435
-0.12588912192256457,0.00019586086,0.00047373225
-0.1257869628972361,3.695488e-6,0.00046683836
-0.12567824093600588,3.695488e-6,0.0004669631
-0.1255194059433091,-0.0013517141,0.00046652075
-0.12549723561648746,3.695488e-6,0.0004668299
-0.12547770793361074,-0.00013446808,0.0004659538
-0.12535101049123717,3.695488e-6,0.00046678048
-0.12527020104159126,-0.00010943413,0.0004665968
-0.12507858055228344,3.695488e-6,0.0004667117
-0.1250659314586745,1.4305115e-6,0.00046329875
-0.12501201562744077,1.4305115e-6,0.00046617474
-0.1249988067411209,1.4305115e-6,0.0004659818
-0.12492010605209075,3.695488e-6,0.00046647972
-0.12486536262456299,8.583069e-6,0.00046651321
-0.12480325551808269,0.00069725513,0.00046699043
-0.12466358213219828,3.695488e-6,0.00046673405
-0.12455066558605976,1.4305115e-6,0.000466644
-0.12452225255593613,-0.00046253204,0.00046617066
-0.12449360029440701,3.695488e-6,0.00046684642
-0.12446298938241679,3.695488e-6,0.00047352444
-0.12436088295115821,3.695488e-6,0.00046675635
-0.12425212082737472,3.695488e-6,0.00046653676
-0.12409334990332949,0.0006235838,0.00046648429
-0.12407112985044136,3.695488e-6,0.00046673667
-0.12405167006115458,3.8027763e-5,0.00046604456
-0.12392492385128367,3.695488e-6,0.00046691825
-0.12384407519555254,0.000116705894,0.00046685035
-0.12365247000506438,3.695488e-6,0.00046667355
-0.12363987063635465,-0.0021409988,0.0004629671
-0.12358597106040861,-0.00013625622,0.00046610963
-0.12357278703712202,-0.0007212758,0.00046575896
-0.12349401176156014,-9.572506e-5,0.00046639043
-0.12343923295288553,-0.00085037947,0.0004664011
-0.12337718704611955,3.695488e-6,0.00046672137
-0.12323746584943929,3.695488e-6,0.00046660705
-0.12312461623925539,1.4305115e-6,0.00046648906
-0.12309622233335671,0.00046432018,0.0004663611
-0.12306750026646884,-1.5556812e-5,0.00046672125
-0.12303685779873705,3.695488e-6,0.00047309767
-0.12293480395991419,3.695488e-6,0.00046631802
-0.12282599976250894,3.695488e-6,0.00046665824
-0.1226672948184172,-0.0006619096,0.00046617587
-0.12264502504156369,-0.00018757582,0.00046637296
-0.12262563218869843,0.00010073185,0.00046591563
-0.12249883625462868,3.695488e-6,0.00046660536
-0.1224179503057484,-0.00011128187,0.00046657477
-0.12222635945877913,3.695488e-6,0.00046678958
-0.12221380981520208,0.0017660856,0.0004638561
-0.12215992745054491,0.00013911724,0.00046626234
-0.12214676637735544,-0.00072050095,0.00046572168
-0.12206791842726414,7.8082085e-5,0.00046651
-0.122013103281675,0.0006930828,0.00046665515
-0.12195111857509022,3.695488e-6,0.00046648513
-0.12181135052104727,-0.00042271614,0.00046643778
-0.12169856593504913,1.4305115e-6,0.00046628035
-0.12167019211124422,2.503395e-6,0.000466328
-0.12164140023876413,2.2888184e-5,0.00046664418
-0.12161072621505731,3.695488e-6,0.00047335002
-0.1215087249684367,-0.0005893707,0.00046637165
-0.12139987965387777,3.695488e-6,0.00046651284
-0.1212412387768034,0.0013958216,0.00046631906
-0.12121891927691833,0.00019490719,0.00046650562
-0.12119959527247687,-0.00044304132,0.00046588382
-0.12107274961327444,-1.2755394e-5,0.00046652672
-0.12099182446017659,-0.0011459589,0.00046625626
-0.12080024891296082,3.695488e-6,0.00046667154
-0.1207877489935826,0.0005941391,0.00046319113
-0.12073388288491349,1.4305115e-6,0.00046595398
-0.12072074667335655,1.4305115e-6,0.00046515296
-0.12064182509320157,2.861023e-5,0.00046628967
-0.1205869736116317,-0.00039184093,0.00046647037
-0.12052505010289363,3.695488e-6,0.00046643565
-0.12038523519265523,-0.00038176775,0.0004664161
-0.1202725156308429,1.4305115e-6,0.0004659707
-0.1202441618895986,1.4305115e-6,0.00046593553
-0.12021530116799439,3.695488e-6,0.00046646773
-0.12018459367537646,3.695488e-6,0.00047332756
-0.12008264597859339,0.0005966425,0.00046670352
-0.11997375858877857,3.695488e-6,0.00046661915
-0.11981518369212457,-0.00030457973,0.0004657342
-0.11979281446804063,3.695488e-6,0.00046617788
-0.11977355740048762,0.00044596195,0.00046571935
-0.11964666201661944,2.014637e-5,0.00046644395
-0.11956569957037247,0.0009225607,0.00046637634
-0.11937413836667557,-0.00012141466,0.00046631027
-0.1193616881714962,-0.00021988153,0.0004631581
-0.11930783927504979,1.4305115e-6,0.00046589438
-0.11929472601312305,0.0014461279,0.0004659949
-0.11921573080220405,3.695488e-6,0.0004664276
-0.11916084394112153,0.00056385994,0.00046655792
-0.11909898258693163,3.695488e-6,0.00046637008
-0.11895911890989627,0.00081551075,0.0004666205
-0.11884646628403853,1.4305115e-6,0.00046593018
-0.11881813262302032,1.4305115e-6,0.00046567814
-0.11878920114005623,-5.054474e-5,0.0004663132
-0.11875846209263052,3.695488e-6,0.00047315346
-0.1186565669887501,3.695488e-6,0.00046626732
-0.11854763752367936,3.695488e-6,0.0004663768
-0.11838912765167806,0.00026345253,0.00046600125
-0.11836670870199456,-0.00074595213,0.00046609426
-0.11834751952803144,1.4305115e-6,0.00046571833
-0.11822057537713287,3.695488e-6,0.0004664141
-0.11813957372386683,3.695488e-6,0.000466343
-0.11794802782039035,3.695488e-6,0.00046635643
-0.11793562734847599,0.00031793118,0.00046351488
-0.11788179566518606,1.4305115e-6,0.00046581178
-0.11786870630912416,-0.0003926158,0.0004653958
-0.11778963746790802,-7.688999e-6,0.000466255
-0.11773471426944407,-0.00068467855,0.0004659211
-0.1176729141149685,3.695488e-6,0.0004663606
-0.11753300358220461,-0.00027298927,0.00046625684
-0.11742041598146649,1.4305115e-6,0.0004658874
-0.11739210239974054,1.4305115e-6,0.00046574348
-0.11736310111188461,3.695488e-6,0.0004662139
-0.11733233050895078,3.695488e-6,0.00047321344
-0.11723048799820643,-0.0004799366,0.00046624243
-0.1171215174150482,3.695488e-6,0.00046633897
-0.1169630725669992,4.541874e-5,0.00046604028
-0.11694060389311686,-0.00015360117,0.00046603422
-0.11692148261180987,1.4305115e-6,0.00046582584
-0.1167944877802444,-0.00023633242,0.00046606155
-0.11671344787759463,0.00034928322,0.00046629633
-0.1165219172741051,0.00012874603,0.00046638632
-0.11650956557015499,-0.0003605485,0.00046326697
-0.11645575109908773,1.4305115e-6,0.00046581303
-0.11644268564865723,-0.00023216009,0.00046523273
-0.11636354413477928,1.50203705e-5,0.00046619697
-0.1163085845977666,-9.274483e-5,0.0004659679
-0.11624684564300536,3.695488e-6,0.00046624633
-0.11610688825404605,0.00028038025,0.0004662555
-0.11599436663396176,1.4305115e-6,0.00046600698
-0.11596607217716112,-6.735325e-6,0.00046545782
-0.11593700204041449,-0.0005337,0.00046618184
-0.115906197968803,3.695488e-6,0.00047289737
-0.11580440900672895,8.702278e-6,0.00046629697
-0.1156953963508828,3.695488e-6,0.00046630972
-0.11553701652608578,-0.0007376671,0.0004657504
-0.11551449812870498,0.00091052055,0.00046598952
-0.11549544473935372,-3.6895275e-5,0.000465419
-0.11536840113912364,0.00016272068,0.00046623553
-0.11528732298849087,3.695488e-6,0.00046622503
-0.11509580672781988,-0.0005837679,0.0004659765
-0.11508350474876897,0.000569582,0.0004632499
-0.11502970748922403,-8.273125e-5,0.00046562575
-0.1150166659453587,0.0006290674,0.00046551373
-0.11493744984494905,3.695488e-6,0.00046600736
-0.1148824549272564,0.00028967857,0.00046603085
-0.11482077717104222,-0.00038206577,0.00046618693
-0.11468077197035326,3.695488e-6,0.00046623385
-0.1145683163297555,1.4305115e-6,0.00046574234
-0.11454004291128322,9.655952e-6,0.00046571266
-0.11451090201317668,0.0005736351,0.00046641027
-0.11448006638512326,-0.0003592372,0.00047252272
-0.11437832905995071,0.0004823208,0.00046616784
-0.11426927624201819,3.695488e-6,0.0004662236
-0.1141109614411735,0.000114798546,0.00046589237
-0.11408839331959383,-0.0005207062,0.00046590692
-0.1140694078228987,3.9815903e-5,0.00046569709
-0.11394231449870323,8.4638596e-5,0.00046609322
-0.11386119714245216,3.695488e-6,0.0004662771
-0.11366969618130118,0.00059115887,0.00046632963
-0.11365744392644911,1.6570091e-5,0.0004634138
-0.11360366292359261,8.559227e-5,0.0004654979
-0.11359064624135981,1.4305115e-6,0.00046552136
-0.11351135651018612,-0.00017225742,0.00046602922
-0.11345632525627933,0.00015962124,0.0004662049
-0.11339470965531367,0.00038945675,0.00046637558
-0.11325465664336196,3.695488e-6,0.00046623423
-0.11314226602624963,1.4305115e-6,0.00046572954
-0.1131140126887038,1.4305115e-6,0.00046552284
-0.11308480198547197,2.527237e-5,0.00046609112
-0.11305393480237735,-0.00016158819,0.000472553
-0.11295225006987394,-0.00015580654,0.00046581202
-0.1128431551766855,3.695488e-6,0.00046613527
-0.1126849054000266,1.4305115e-6,0.0004656475
-0.11266228755448157,-0.00015258789,0.00046585719
-0.11264336995114291,-6.312132e-5,0.00046543067
-0.11251622690251514,3.695488e-6,0.0004660729
-0.1124350722517142,-0.0006314516,0.00046601563
-0.11224358563478248,3.695488e-6,0.0004659544
-0.1122313831038958,-0.00180614,0.00046265736
-0.11217761931372891,-1.6510487e-5,0.00046531067
-0.11216462558089285,1.4305115e-6,0.0004654759
-0.1120852622191886,0.0001796484,0.00046594115
-0.11203019558436841,-0.0008595586,0.0004658196
-0.11196864118381744,3.695488e-6,0.000466157
-0.11182854035966919,3.695488e-6,0.00046569147
-0.11171621667944528,-0.00082856417,0.0004655449
-0.11168798246612438,1.4305115e-6,0.00046529216
-0.11165870291306804,-0.00024545193,0.00046594386
-0.11162780226269647,-0.00057691336,0.00047254088
-0.11152617107933027,3.695488e-6,0.0004661486
-0.11141703506805434,-0.00011283159,0.0004658838
-0.11125885031628158,-0.0009691715,0.0004653761
-0.1112361827456039,0.0006842613,0.00046593486
-0.11121733207868673,6.604195e-5,0.0004650666
-0.11109014026209474,-0.00015383959,0.00046591068
-0.11100894640567549,-0.00039863586,0.00046596024
-0.11081747508943107,3.695488e-6,0.0004659605
-0.11080532228157597,0.0011403561,0.0004631114
-0.11075157570293137,-0.00047004223,0.00046524464
-0.11073860587666051,-9.393692e-5,0.0004654688
-0.11065916888559296,3.695488e-6,0.0004657593
-0.11060406591339131,0.0012097359,0.00046620765
-0.1105425727118543,3.695488e-6,0.0004659449
-0.11040242503221098,3.695488e-6,0.0004657046
-0.11029016637640632,0.000797987,0.0004655599
-0.11026195319977958,-2.0623207e-5,0.00046541882
-0.11023260288536332,-1.1980534e-5,0.00046578844
-0.11020167067831638,0.0006271601,0.00047259414
-0.11010009208808624,0.00016319752,0.0004659586
-0.10999091400365549,0.000120162964,0.0004658886
-0.10983279427536816,0.0009075403,0.0004656187
-0.10981007698049161,-0.00085383654,0.00046559575
-0.10979129516246516,-0.00022470951,0.00046506347
-0.1096640536216743,3.695488e-6,0.00046570387
-0.10958282151633825,0.0010410547,0.00046610506
-0.10939136454221202,-0.0005199313,0.00046579298
-0.10937926146018992,1.4305115e-6,0.00046294322
-0.10932553113683305,1.4305115e-6,0.0004653457
-0.10931258617266162,9.679794e-5,0.0004653979
-0.10923307555223077,-0.00052148104,0.00046580247
-0.10917793624311459,3.695488e-6,0.00046570346
-0.10911650423895733,3.695488e-6,0.00046595905
-0.10897630970475278,3.695488e-6,0.00046573186
-0.10886411702913504,3.4928322e-5,0.00046538762
-0.1088359229769667,-0.00019413233,0.00046526172
-0.1088065038143601,-0.0002654791,0.00046562403
-0.10877553909487009,-0.00091558695,0.00047214938
-0.10867401309730912,3.695488e-6,0.00046590678
-0.10856479389502433,3.695488e-6,0.0004657976
-0.10840673918975549,0.0006916523,0.0004654899
-0.10838397217161394,0.0004479885,0.000465706
-0.10836525728977556,0.00022757053,0.00046512226
-0.10823796602501931,0.00016117096,0.00046600614
-0.10815669567029954,-0.00088626146,0.0004655594
-0.10796525399499296,0.0005272627,0.0004658335
-0.10795320063857045,0.0006700754,0.00046300906
-0.1078994875276697,0.00049090385,0.00046544548
-0.10788656551242815,-0.00042253733,0.0004647738
-0.10780698126170016,0.0005288124,0.00046570975
-0.10775180657190403,3.695488e-6,0.0004653576
-0.10769043672322878,3.695488e-6,0.00046584723
-0.10755019342082653,-0.000120937824,0.0004656587
-0.10743806672492881,-0.0009778738,0.00046560288
-0.10740989275508764,-0.0009762645,0.00046518294
-0.10738040378665539,0.0005376339,0.0004658137
-0.10734940655518921,0.0005801916,0.0004723388
-0.10724793410769928,3.695488e-6,0.00046562203
-0.10713867282922473,3.695488e-6,0.00046564438
-0.10698068314884207,1.4305115e-6,0.0004653059
-0.10695786736273627,3.695488e-6,0.00046563923
-0.10693922037332051,1.4305115e-6,0.00046505453
-0.10681187938436545,3.695488e-6,0.0004657624
-0.10673057077956158,0.00017738342,0.00046558992
-0.10653914344964155,3.695488e-6,0.00046555657
-0.10652713981648404,1.4305115e-6,0.00046271578
-0.10647344391850636,1.4305115e-6,0.0004650065
-0.10646054580842923,1.4305115e-6,0.00046507368
-0.10638088792717068,-0.00037521124,0.0004654743
-0.10632567690092692,3.695488e-6,0.0004656804
-0.106264368251966,-0.00011587143,0.0004657195
-0.10612407809313487,-0.00014340878,0.00046542755
-0.10601201642118949,1.4305115e-6,0.0004651587
-0.10598386348874281,0.0009800196,0.00046550608
-0.10595430471448491,3.695488e-6,0.00046588894
-0.10592327497174292,0.000831604,0.000472356
-0.10582185511715564,-0.00049340725,0.00046561655
-0.10571255176435898,-0.0006529093,0.00046540282
-0.10555462806463015,-9.23872e-5,0.0004652394
-0.10553176159809091,-0.0007765293,0.0004654214
-0.10551318250086436,-6.3180923e-6,0.0004649142
-0.1053857927437116,-0.00015884638,0.0004652335
-0.10530444493352287,3.695488e-6,0.00046564394
-0.10511303290382323,3.695488e-6,0.000465558
-0.10510107899369728,1.4305115e-6,0.00046237218
-0.10504739935240803,-0.0001167655,0.0004648186
-0.10503452610489725,0.00012242794,0.0004650764
-0.10495479459287468,0.000305295,0.00046547875
-0.10489954722994982,3.695488e-6,0.0004655479
-0.104838300736004,0.0001231432,0.00046551303
-0.10469796276567667,-0.0003245473,0.00046542534
-0.10458596707485202,0.0009807348,0.00046536652
-0.10455783326616341,0.000218153,0.00046512982
-0.10452820468654675,3.695488e-6,0.000465796
-0.10449714338806318,3.695488e-6,0.00047201634
-0.10439577612637851,0.000500679,0.00046560538
-0.10428643165619472,3.695488e-6,0.00046568355
-0.10412857297995132,9.524822e-5,0.0004652953
-0.1041056567882794,-0.0005288124,0.00046536035
-0.1040871455846428,-1.7881393e-6,0.00046498352
-0.10395970514705657,0.00016617775,0.00046568306
-0.10387832004371872,0.0007199049,0.00046575724
-0.10368692235683763,3.695488e-6,0.00046549967
-0.10367501817137745,1.4305115e-6,0.0004627659
-0.1036213557416105,0.00011956692,0.00046505552
-0.10360850640089836,-0.000223279,0.00046485188
-0.10352870125951247,8.08239e-5,0.0004654786
-0.10347341755827236,-0.0005608201,0.00046528128
-0.10341223226357396,3.695488e-6,0.00046537278
-0.10327184648268425,0.0005555153,0.00046555456
-0.10315991677181305,-0.000505507,0.00046502636
-0.10313180399958513,1.4305115e-6,0.00046505313
-0.10310210465977587,-9.2983246e-5,0.00046565544
-0.10307101084814885,-7.1167946e-5,0.00047179594
-0.10296969713560139,-0.00019669533,0.00046535992
-0.10286031059132897,3.695488e-6,0.0004653807
-0.10270251693903787,-0.0008369088,0.0004650314
-0.10267955102270024,0.0014036894,0.000465566
-0.10266110771265355,1.2397766e-5,0.0004648411
-0.10253361850733655,3.695488e-6,0.00046532895
-0.10245219419768001,-0.00046092272,0.0004652689
-0.10226081180985203,3.695488e-6,0.00046548495
-0.10224895735022488,1.4305115e-6,0.00046232573
-0.10219531213174676,-4.3332577e-5,0.00046496335
-0.10218248574066488,0.00052917004,0.00046493745
-0.10210260696921533,3.695488e-6,0.00046557194
-0.10204728788706183,0.0005681515,0.00046544682
-0.10198616379137737,3.695488e-6,0.00046534245
-0.10184573115452566,5.173683e-5,0.0004656112
-0.10173386742384141,0.0005084276,0.00046516448
-0.10170577377677226,1.4305115e-6,0.00046484492
-0.10167600558830575,0.00010025501,0.00046566452
-0.10164487926470259,-0.0005232692,0.00047179262
-0.10154361814505772,-4.118681e-5,0.00046541443
-0.10143419048199745,0.00066018105,0.00046557214
-0.10127646185435904,0.00083982944,0.00046497612
-0.10125344621428947,0.00032949448,0.00046535613
-0.10123507079643199,1.4305115e-6,0.00046465936
-0.10110753186621577,3.695488e-6,0.00046532575
-0.10102606930834279,3.695488e-6,0.000465375
-0.10083470126403371,3.695488e-6,0.00046546623
-0.10082289652860538,-4.2319298e-5,0.00046255006
-0.10076926756611537,4.6133995e-5,0.00046478753
-0.10075646603666599,1.4305115e-6,0.00046487708
-0.10067651363421895,3.695488e-6,0.00046535465
-0.10062115821701853,-0.0004951358,0.0004650706
-0.10056009627634918,-0.0009354353,0.00046533134
-0.10041961582613365,3.695488e-6,0.00046526684
-0.10030781711963518,1.4305115e-6,0.00046525095
-0.10027974451042743,1.4305115e-6,0.00046478532
-0.10024990556036759,3.695488e-6,0.0004654755
-0.1002187476812563,-0.00035196543,0.00047167976
-0.10011753915451407,0.000248909,0.0004653142
-0.10000806941689822,3.695488e-6,0.00046528812
-0.09985040581344562,1.4305115e-6,0.00046498099
-0.09982734140611216,3.695488e-6,0.00046510555
-0.09980903292397583,-0.00060254335,0.00046455715
-0.09968144426862693,3.695488e-6,0.00046524333
-0.09959994346230405,0.0004682541,0.0004656241
-0.09940859071844885,3.695488e-6,0.0004653574
-0.09939683570581861,4.518032e-5,0.00046228382
-0.09934322395718548,1.4305115e-6,0.0004644785
-0.0993304463326671,1.4305115e-6,0.00046464958
-0.09925042030015638,3.695488e-6,0.0004653052
-0.09919502854650836,0.00016844273,0.00046515604
-0.09913402780485295,3.695488e-6,0.00046543483
-0.09899350049960928,3.695488e-6,0.00046499004
-0.09888176777283081,-0.00030571222,0.00046485406
-0.098853714287848,-0.00030899048,0.00046470689
-0.09882380648866401,3.695488e-6,0.00046549816
-0.09879261514227577,0.0009610653,0.00047170307
-0.0986914601639704,3.695488e-6,0.00046502735
-0.09858194930826705,-0.0004773736,0.0004652188
-0.0984243507292337,1.4305115e-6,0.00046488564
-0.09840123564029951,-0.0009493232,0.00046512941
-0.09838299600775424,0.00022041798,0.0004646572
-0.09825535762890691,-0.00023168325,0.00046506716
-0.09817381857179955,3.695488e-6,0.00046531626
-0.09798248017193015,-0.00077205896,0.00046508317
-0.09797077488303185,-0.001477778,0.0004616436
-0.0979171803470883,1.4305115e-6,0.0004647222
-0.09790442662913512,-0.00049853325,0.00046444745
-0.09782432696656074,-1.579523e-5,0.00046509726
-0.09776889887459744,3.695488e-6,0.0004650357
-0.0977079602886575,0.0009428263,0.0004653344
-0.09756738421638339,-0.00062930584,0.00046505083
-0.09745571747025877,-0.0002680421,0.00046475168
-0.09742768406573551,0.00030994415,0.0004647092
-0.0973977064609593,3.695488e-6,0.0004654023
-0.09736648355812913,-0.00030475855,0.00047149172
-0.09726538117389363,-6.5505505e-5,0.0004651015
-0.0971558282434013,0.00047063828,0.0004652372
-0.09699829564455484,1.4305115e-6,0.0004644889
-0.09697513083048803,0.00085151196,0.00046493908
-0.09695695813529809,0.00038647652,0.00046461035
-0.09682927098918687,-0.00023937225,0.00046501998
-0.09674769272552738,-0.0004066229,0.00046532592
-0.096556369625178,-0.00028789043,0.00046499015
-0.09654471406141238,1.4305115e-6,0.00046231956
-0.09649113578028962,-0.00028067827,0.00046468558
-0.0964784069251362,1.4305115e-6,0.0004644882
-0.09639823267626357,-0.00020557642,0.00046497307
-0.09634276920315343,-9.530783e-5,0.00046510794
-0.09628527590920788,1.4305115e-6,-1.4177245e-5
-0.09628189181576052,-0.0007711649,0.00046528547
-0.09614126888892519,-0.00021016598,0.00046500284
-0.09602966812275401,0.00057804585,0.00046507345
-0.09600165479939068,-0.00078994036,0.00046446023
-0.09597160738948918,3.695488e-6,0.00046507746
-0.09594035197374903,0.00031208992,0.00047164786
-0.09583930218334999,3.695488e-6,0.00046523236
-0.09572970813547049,2.9802322e-6,0.00046514365
-0.09557225617386089,1.4305115e-6,-1.4177245e-5
-0.09554902602231072,-0.00011497736,0.0004650225
-0.09553092121954343,1.4305115e-6,0.00046448337
-0.09540318339159803,0.0003888607,0.000465074
-0.09532156783665707,3.695488e-6,0.00046523786
-0.09513026003489392,0.00077939034,0.00046527054
-0.09511865324002636,-0.0001758933,0.0004619486
-0.09506509217042589,0.0002835989,0.00046460945
-0.09505238626490273,0.00015115738,0.00046449804
-0.09497213934220103,-0.0004132986,0.0004649644
-0.09491663953264323,-0.00045585632,0.00046500555
-0.0948592364385139,1.4305115e-6,-1.4177245e-5
-0.09485582430049891,3.695488e-6,0.00046519452
-0.09471515356053317,0.00011110306,0.00046502118
-0.09460361781854779,-0.0001243949,0.00046482554
-0.09457562457681126,0.00079476833,0.00046466108
-0.09454550736178446,2.861023e-6,0.0004651214
-0.09451421943476851,-0.0007790327,0.00047109224
-0.09441322319187251,7.2836876e-5,0.00046515482
-0.09430358802660588,-3.4451485e-5,0.000464994
-0.09414621670316692,1.4305115e-6,-1.4177245e-5
-0.09412292025789881,0.00022745132,0.00046515767
-0.09410488334708728,1.4305115e-6,0.0004640751
-0.09397709675071073,-0.00045084953,0.0004649683
-0.09389544199061833,3.695488e-6,0.00046514109
-0.09370414948837522,0.0002952814,0.00046511507
-0.0936925924177065,0.0014805794,0.00046238775
-0.09363904856102909,-0.00084233284,0.00046438607
-0.09362636656090384,0.0003516674,0.0004644785
-0.09354604600813846,0.000649333,0.00046506582
-0.09349050986166615,0.0005259514,0.0004650524
-0.09343319696781993,1.4305115e-6,-1.4177245e-5
-0.09342975582946958,-0.0005981326,0.00046489807
-0.09328903727684038,-0.0003247857,0.00046491052
-0.0931775684712765,0.00012731552,0.00046490057
-0.09314959531046643,1.4305115e-6,0.00046437662
-0.09311940829031434,-0.00045526028,0.00046500366
-0.0930880878520226,3.695488e-6,0.0004711271
-0.09298714515756343,-0.00013506413,0.0004648408
-0.09287746696127322,5.6505203e-5,0.00046523422
-0.09272017723247297,1.4305115e-6,-1.4177245e-5
-0.09269681544902114,-0.0006403327,0.00046488433
-0.09267884643086571,-0.0005069375,0.00046425645
-0.09255101011075723,0.00055134296,0.0004650984
-0.0924693170998804,0.00041401386,0.00046511588
-0.09227803894208997,-0.0005854368,0.00046494775
-0.09226653159515319,-0.00082039833,0.00046176434
-0.09221300495116536,-0.00042808056,0.00046419815
-0.0922003468566715,1.4305115e-6,0.0004644797
-0.09211995267314207,3.695488e-6,0.00046492877
-0.09206438018975524,0.00037395954,0.0004650046
-0.09200715749712599,1.4305115e-6,-1.4177245e-5
-0.09200368831350758,-0.00030720234,0.00046495182
-0.09186292194938217,0.0010715723,0.00046506056
-0.09175151816823754,-0.0009138584,0.00046468017
-0.09172356508788704,1.4305115e-6,0.00046436727
-0.09169330826167582,-0.0006939769,0.00046485045
-0.09166195626857632,0.0006159544,0.0004713107
-0.09156106616795359,0.00014233589,0.00046501635
-0.09145134685240858,-0.0006468892,0.0004648494
-0.091294137761779,1.4305115e-6,-1.4177245e-5
-0.09127071063920963,0.0002541542,0.0004649766
-0.09125280951464412,1.4305115e-6,0.00046427434
-0.09112492347080373,3.695488e-6,0.00046485412
-0.09104319125384167,3.695488e-6,0.0004648807
-0.09085192839673856,3.695488e-6,0.00046480072
-0.09084047077283333,0.00078856945,0.00046193827
-0.09078696038413323,-4.440546e-5,0.00046418133
-0.09077432715337297,1.4305115e-6,0.0004642059
-0.09069385838284494,3.695488e-6,0.00046464626
-0.09063825051877814,3.695488e-6,0.0004648795
-0.09057762079707868,0.0016912222,0.00046530043
-0.09043680662192397,3.695488e-6,0.0004650472
-0.09032546882143319,0.00091671944,0.00046471538
-0.09029753582200911,1.4305115e-6,0.00046442344
-0.0902672091902057,0.0011609793,0.00046508442
-0.09023582372796163,0.00017416477,0.00047131686
-0.09013498717647611,-0.00036162138,0.00046488387
-0.09002522578824321,0.0006542206,0.00046488864
-0.08984460487409737,0.00039720535,0.0004648717
-0.08982677164195452,0.00050985813,0.00046434245
-0.08969883683038332,3.695488e-6,0.00046489688
-0.08961706636450445,-0.0001167655,0.0004646163
-0.08942581785021989,0.0005928278,0.00046504437
-0.08941440995144731,0.00021338463,0.00046218786
-0.08936091677426952,0.0013206005,0.00046467865
-0.08934830744937408,1.4305115e-6,0.00046424
-0.08926776504948275,3.695488e-6,0.00046459748
-0.08921212084850141,3.695488e-6,0.00046480537
-0.08915155232511554,-8.106232e-5,0.00046489073
-0.08901069129423231,3.695488e-6,0.00046468194
-0.08889941851792732,1.4305115e-6,0.00046469326
-0.08887150655566428,1.4305115e-6,0.00046419058
-0.08884111011920248,-0.00042808056,0.00046501937
-0.08880969214451534,3.695488e-6,0.00047115574
-0.0887089081849986,0.00036895275,0.00046498078
-0.08859910567961202,-0.00010329485,0.00046473928
-0.08841850006521967,3.695488e-6,0.000464779
-0.08840073472643331,-0.0009937286,0.00046391774
-0.08827274923302794,3.695488e-6,0.00046456934
-0.08819094147470033,3.695488e-6,0.00046471346
-0.08799970730323428,-0.00021404028,0.00046452726
-0.08798834912982784,-1.5735626e-5,0.00046167194
-0.0879348731648727,1.4305115e-6,0.0004644087
-0.08792228774444136,-0.000105679035,0.0004640437
-0.08784167171612053,-0.000731647,0.0004644452
-0.08778599117729086,3.695488e-6,0.00046474137
-0.0877254848098539,8.845329e-5,0.000464725
-0.08758457501030606,3.695488e-6,0.00046464955
-0.08747336916995566,-0.0010310411,0.00046413578
-0.08744547633308486,1.4305115e-6,0.00046426413
-0.0874150100924316,-1.3411045e-5,0.00046472988
-0.08738356056106905,3.695488e-6,0.00047088994
-0.08728282919538877,-0.0006929636,0.00046472842
-0.08717298461381245,0.00011062622,0.0004647921
-0.086992395256342,3.695488e-6,0.00046466978
-0.08697469685397716,1.4305115e-6,0.0004641027
-0.08684666259237409,3.695488e-6,0.00046454495
-0.08676481562772778,8.8214874e-5,0.00046469527
-0.08657359675694903,-0.00030577183,0.00046463127
-0.08656228830704107,1.859665e-5,0.00046188224
-0.0865088295559428,1.4305115e-6,0.00046429766
-0.08649626804044247,0.00010859966,0.00046416998
-0.08641557838112415,0.0007389784,0.00046451186
-0.08635986150631375,-8.33869e-5,0.00046468107
-0.08629941633789076,3.695488e-6,0.000464704
-0.08615845968284788,-5.8412552e-5,0.00046462065
-0.08604731886621633,1.4305115e-6,0.00046432496
-0.08601944706674006,1.4305115e-6,0.00046434926
-0.08598891102002765,-0.000115931034,0.00046473325
-0.08595742802138817,-0.00020116568,0.00047077084
-0.08585675020531203,0.0007003546,0.00046470787
-0.08574686450518129,-0.0004826188,0.00046450263
-0.08558985209842038,1.4305115e-6,0.00046451003
-0.08556629044793124,3.695488e-6,0.00046475304
-0.08554865993682176,1.4305115e-6,0.00046410243
-0.08542057595288749,-0.0005886555,0.00046449451
-0.08533869073792363,-0.0003194213,0.00046456003
-0.08514748621113072,0.00053083897,0.00046456727
-0.08513622748425431,-0.0001887083,0.00046183844
-0.0850827849898445,-0.00015884638,0.00046400412
-0.08507024833691049,1.4305115e-6,0.00046387842
-0.08498948504636122,-0.0005528331,0.00046441358
-0.08493373183533665,9.071827e-5,0.00046447216
-0.08487334882122838,-0.00043439865,0.00046442225
-0.08473234435538968,6.580353e-5,0.00046458025
-0.08459341684416063,1.4305115e-6,0.00046405266
-0.08456281099138913,-0.00028955936,0.00046452694
-0.08453129643770843,0.00020849705,0.0004707166
-0.08443067121476835,3.695488e-6,0.00046461436
-0.08432074344078244,0.0004899502,0.0004646809
-0.08416379701374155,1.4305115e-6,0.00046430095
-0.08414018468281897,-0.00033146143,0.00046425528
-0.0841226230206002,0.00071775913,0.0004639957
-0.08399448931223363,0.00059604645,0.00046461675
-0.08391256489188492,-0.00042927265,0.00046448322
-0.08372137662108006,-0.0002603531,0.00046433674
-0.08371016666263481,-0.00087845325,0.0004614935
-0.08365674137904694,6.735325e-5,0.0004639188
-0.08364422863384541,1.4305115e-6,0.00046386538
-0.08356339171299904,0.00029850006,0.00046434518
-0.08350760216342573,-0.0021414757,0.00046437298
-0.08344728130549983,0.000109791756,0.00046469006
-0.08330622902863183,3.695488e-6,0.00046449175
-0.08319521921683992,1.4305115e-6,0.00046425147
-0.08316738757828271,-0.00025331974,0.0004639503
-0.08313671192085284,-0.00081425905,0.0004644831
-0.08310516485402872,3.695488e-6,0.00047046208
-0.08300459317952547,-0.0004746318,0.00046449728
-0.08289462333215128,-0.00029933453,0.00046456355
-0.0827377409728281,-0.0008999109,0.00046428203
-0.08271407987300747,0.0003387928,0.00046466262
-0.08269658514861095,-0.0007544756,0.00046393357
-0.08256840267157978,3.695488e-6,0.0004644351
-0.08248644000208077,0.0007956028,0.0004646982
-0.082295266073861,-0.0001206398,0.00046437865
-0.08228410584148224,-0.0008575916,0.00046148826
-0.08223069776918324,-0.0004326105,0.00046398965
-0.08221820892961307,1.4305115e-6,0.00046375894
-0.0821372974231688,0.0001500845,0.00046434524
-0.08208147249244865,0.000980258,0.0004644964
-0.08202121283423705,0.00033569336,0.00046470406
-0.08188011370094017,-0.00039231777,0.00046424323
-0.08176916986886829,0.0010339022,0.0004641154
-0.08174135735570331,0.00016796589,0.00046405147
-0.08171061189361503,0.0012487173,0.00046481862
-0.08167903231434784,-0.00022625923,0.00047038714
-0.0815785141889818,0.00048196316,0.0004646724
-0.08146850322281973,0.0003067255,0.0004644407
-0.08131168588814927,1.4305115e-6,0.0004639725
-0.0812879750641298,-0.00031924248,0.000464173
-0.08127054823332319,0.0010362864,0.0004635364
-0.08114231507492478,-9.894371e-6,0.00046412792
-0.08106031511274356,3.695488e-6,0.00046448788
-0.08086915552757579,0.00039196014,0.00046459545
-0.08085804501916238,-0.00022703409,0.00046144018
-0.08080465415978641,9.584427e-5,0.00046393505
-0.0807921892249138,-0.00016194582,0.0004637384
-0.08071120408840587,0.00011897087,0.0004643498
-0.08065534282240536,3.695488e-6,0.00046428965
-0.08059514531827505,3.695488e-6,0.00046454935
-0.08045399741678047,0.00039958954,0.00046426125
-0.08034312052089662,-0.0003310442,0.00046416002
-0.08031532808935848,8.9645386e-5,0.00046410837
-0.08028451282214491,-0.0010231733,0.0004643377
-0.08025290073090155,2.682209e-5,0.0004702793
-0.0801524351991385,3.695488e-6,0.0004644434
-0.08004238215772053,3.695488e-6,0.0004645149
-0.07988563080323699,0.00090277195,0.0004641219
-0.07986187025571903,0.00032651424,0.00046454635
-0.07984451131686818,1.4305115e-6,0.0004633535
-0.07971622843450438,1.7166138e-5,0.00046451864
-0.07963418926670485,-0.0002553463,0.00046439146
-0.07944304498175744,-0.0003016591,0.00046436
-0.07943198515261024,0.00022995472,0.00046154074
-0.07937861055085652,-0.00026261806,0.0004639943
-0.07936616952091491,-0.00052046776,0.00046335137
-0.07928511075364295,3.695488e-6,0.00046445164
-0.07922921315189518,3.695488e-6,0.00046433022
-0.0791690778025465,3.695488e-6,0.00046422958
-0.07902788208908881,3.695488e-6,0.00046423922
-0.07891707021785768,0.00033390522,0.00046412903
-0.0788892988227802,-0.00033402443,0.0004637389
-0.07885841374974098,0.00057685375,0.00046448907
-0.07882676914792217,-0.001344204,0.0004699461
-0.07872635620836138,3.695488e-6,0.0004644438
-0.07861626205002317,-1.0550022e-5,0.00046423607
-0.07845957476209009,1.4305115e-6,0.00046404492
-0.07843576449060677,-0.00015485287,0.00046406346
-0.07841847344371164,1.4305115e-6,0.00046338345
-0.07829014179408395,3.695488e-6,0.00046462246
-0.07820806437620034,0.00026273727,0.0004643198
-0.07801693443547222,-0.00014561415,0.00046438212
-0.07800592433052383,0.0018703938,0.00046183108
-0.07795256598452477,0.0005991459,0.00046388328
-0.07794014981738293,0.0005930662,0.00046347757
-0.0778590174200473,-0.0006053448,0.00046423852
-0.07780308443621886,0.0008659363,0.00046432274
-0.07774301028681796,-0.00041419268,0.00046412033
-0.07760176676233099,-0.0001180768,0.00046417018
-0.07749102087128676,-5.9604645e-6,0.00046384905
-0.07746326859996733,-7.009506e-5,0.00046362754
-0.07743231372203627,0.0008920431,0.0004643952
-0.07740063660777438,8.332729e-5,0.00047027448
-0.07730027721781771,-0.0005284548,0.0004640967
-0.07719014194115856,-6.341934e-5,0.00046420185
-0.07703351967741126,1.4305115e-6,0.00046381445
-0.07700965968102871,3.695488e-6,0.00046423587
-0.07699243652749008,1.4305115e-6,0.00046360286
-0.07686405515366354,3.695488e-6,0.00046415484
-0.07678193852992815,-0.00064241886,0.00046418444
-0.07659082484495466,-0.00034463406,0.00046419134
-0.07657986350890436,-0.00018948317,0.00046149475
-0.07652652237396068,0.00010192394,0.00046383022
-0.07651413011385094,9.5009804e-5,0.0004636539
-0.07643292408691857,0.00022566319,0.00046420944
-0.07637695476477485,-0.0008828044,0.000464034
-0.07631694181485482,-4.595518e-5,0.00046413657
-0.07617565143487279,-0.0005568266,0.00046396605
-0.07606497056754744,8.821487e-6,0.00046391136
-0.07603723933455633,0.00040853024,0.0004639028
-0.0760062146512665,-0.00044298172,0.00046421445
-0.07597450502339428,-0.0012354851,0.00047009307
-0.07587419918350866,0.00053584576,0.00046432807
-0.07576402087605935,-0.00058704615,0.00046422007
-0.07560746459366624,-3.2186508e-6,0.0004638245
-0.07558355487191759,-0.0006774068,0.0004641509
-0.07556639961173542,-5.8233738e-5,0.00046357885
-0.07543796851324314,-0.00039607286,0.00046403715
-0.07535581364105787,0.00029981136,0.00046436395
-0.07516471429843596,0.00030899048,0.0004644453
-0.07515380268751831,-0.0016003847,0.0004612542
-0.07510047876409695,-0.00025498867,0.00046358453
-0.07508811040985205,1.4305115e-6,0.0004634494
-0.07500683075262254,0.00037395954,0.0004641397
-0.07495082509426465,3.695488e-6,0.00046423532
-0.07489087429912628,0.00020420551,0.00046444172
-0.07474953610648077,0.00067055225,0.00046414035
-0.07463892121980925,1.4305115e-6,0.00046397047
-0.07461121006797805,1.4305115e-6,0.00046366302
-0.07458011462332834,0.0004502535,0.00046416992
-0.07454837248418031,3.695488e-6,0.00047003635
-0.07444812019296498,3.695488e-6,0.00046403144
-0.07433790076742819,-0.00018793344,0.00046409687
-0.07418140950875396,6.0796738e-6,0.0004638084
-0.07415745006397373,-0.00030577183,0.00046394853
-0.07414036173927926,6.1154366e-5,0.00046361217
-0.07401188187258928,3.695488e-6,0.00046411302
-0.07392968875102027,0.00035369396,0.00046433782
-0.0737386037528511,0.00050127506,0.00046436672
-0.07372774186473155,1.4305115e-6,0.0004615611
-0.07367443515470015,-3.3557415e-5,0.0004637743
-0.07366209166162085,-0.00034677982,0.00046331505
-0.07358073741785962,2.0384789e-5,0.00046423989
-0.07352469542328757,3.695488e-6,0.00046408168
-0.07346480678339773,-0.00053602457,0.00046401226
-0.07332342077902257,1.8954277e-5,0.000464068
-0.07321287187253797,-0.00047904253,0.00046377344
-0.07318517984469827,-0.00019836426,0.00046360385
-0.07315401555139131,-0.0006532073,0.00046408878
-0.07312224090166786,0.0011651516,0.0004702136
-0.07302204120242131,-0.0007150769,0.0004639241
-0.0729117797020955,8.869171e-5,0.0004641274
-0.07275535346760706,-0.00047773123,0.0004638564
-0.07273134429886147,-0.0006367564,0.0004638124
-0.0727143248230577,-0.00011527538,0.00046362748
-0.07258579523193542,-0.00038176775,0.0004639839
-0.07250356290428117,-0.00013560057,0.00046413427
-0.07231249320656588,3.695488e-6,0.0004640814
-0.07230168104171134,1.4305115e-6,0.00046169676
-0.07224839154530333,0.00029289722,0.0004635907
-0.07223607195738849,-0.00025355816,0.0004632189
-0.07215464408379707,3.695488e-6,0.0004641261
-0.07209856575137666,-0.00015538931,0.00046389602
-0.07203873926813609,0.00081038475,0.0004640762
-0.07189730449579668,-0.00096422434,0.00046390345
-0.071786821569499,0.00044870377,0.0004638762
-0.07175915057835344,0.00014710426,0.0004636072
-0.07172791647968774,3.695488e-6,0.00046408758
-0.07169610931822157,-0.00032675266,0.00046969592
-0.0715959631678788,-0.000685215,0.00046382795
-0.07148565959323089,0.00078213215,0.00046449283
-0.07132929838292823,-0.00093346834,0.00046354035
-0.07130523948904996,0.0011527538,0.00046384905
-0.07128828790683611,0.000118136406,0.00046356686
-0.07115970859151502,-4.6670437e-5,0.0004640332
-0.07107743801447705,3.695488e-6,0.00046427382
-0.07088638266004718,-0.00022006035,0.00046387524
-0.07087562022032531,0.0011659861,0.00046148233
-0.07082234793497269,1.4305115e-6,0.0004633826
-0.07081005225408996,-0.0014528632,0.00046308897
-0.0707285507502014,3.695488e-6,0.00046402283
-0.07067243608039955,3.695488e-6,0.00046393176
-0.07061267175240754,3.695488e-6,0.00046389148
-0.07047118916833847,0.0005583763,0.00046412507
-0.07036077222269463,-0.00016778708,0.00046386186
-0.07033312131247552,-0.0011433959,0.00046356328
-0.07030181645174957,3.695488e-6,0.00046411957
-0.07026997677760688,0.0016950369,0.00047005853
-0.07016988417710168,0.0006289482,0.0004640281
-0.07005953948530008,-0.00046229362,0.00046384163
-0.0699032432982494,0.00048053265,0.00046380048
-0.06987913468017229,-0.00026655197,0.00046392716
-0.0698622500341465,-0.00031411648,0.00046313662
-0.06973362195202842,5.4001808e-5,0.00046371765
-0.06965131312513984,-8.684397e-5,0.0004639528
-0.06946027306976307,0.00022733212,0.0004640163
-0.06944955939893929,1.4305115e-6,0.00046132624
-0.06939630432417515,1.4305115e-6,0.00046345242
-0.069384032550558,-0.0002527833,0.00046336048
-0.06930245741613886,-0.00019913912,0.0004637956
-0.06924630640988938,0.0013555288,0.00046418537
-0.06918660423574519,3.695488e-6,0.0004640943
-0.06904507384017991,-0.00017881393,0.0004636837
-0.06893472287495644,0.0002039671,0.00046360595
-0.06890709109059648,0.0012004375,0.00046371843
-0.06887571738027945,0.0006605387,0.00046411296
-0.06884384519416059,0.00019538403,0.00046937008
-0.06874380518655801,0.00078594685,0.00046392152
-0.06863341842090123,0.0004695654,0.0004639201
-0.06847718821403748,0.0007238388,0.00046375807
-0.06845302987176152,0.00016820431,0.0004636601
-0.0684362131186253,0.0003077984,0.00046327815
-0.06830753531137457,-0.0005070567,0.00046370344
-0.0682251872791011,-0.0004954934,0.00046396744
-0.06803416252347785,-0.000777483,0.00046389477
-0.06802349953308748,0.0005784035,0.0004613771
-0.06797026071477835,-0.00068825483,0.00046326555
-0.06795801284655908,0.00025558472,0.00046331424
-0.0678763631258417,-0.00011575222,0.0004639636
-0.06782017673891227,3.695488e-6,0.00046399338
-0.06776053672001664,-0.00018495321,0.00046385665
-0.06761895851248825,-9.930134e-5,0.0004638091
-0.06750867257051676,1.4305115e-6,0.00046366197
-0.0674810618240182,1.4305115e-6,0.00046325015
-0.06744961830974316,3.695488e-6,0.00046391814
-0.0674177136107143,-0.00020891428,0.00046951196
-0.06731772715224896,3.695488e-6,0.0004638133
-0.06720729831156971,-0.00076407194,0.00046391864
-0.06705113312935862,0.00015461445,0.00046355798
-0.06702692506288385,-0.00027692318,0.00046364128
-0.06701017620240374,1.0609627e-5,0.00046338578
-0.06688144867025378,-0.00046503544,0.00046386136
-0.06679906238836314,0.0007326603,0.00046412478
-0.0666080519771926,0.00028550625,0.00046400563
-0.06659743871006726,-0.0008016825,0.00046117255
-0.06654421614961387,0.00045609474,0.00046339812
-0.06653199409786098,0.0020588636,0.00046334186
-0.06645026979177915,-0.00061136484,0.00046367117
-0.06639404802416976,3.695488e-6,0.00046379401
-0.066334469204755,-0.0003951788,0.00046371945
-0.06619284318503005,0.0007022619,0.000463982
-0.06608262322371239,-0.00085806847,0.00046330102
-0.06605503255720646,-1.9609928e-5,0.00046332463
-0.066023518281805,-0.00014805794,0.00046388007
-0.06599158107079997,-9.828806e-5,0.00046940456
-0.06589164816170529,-0.00026124716,0.00046355661
-0.06578117820223817,0.0007714033,0.0004638994
-0.0656250770884452,6.0796738e-5,0.00046354477
-0.06560081929777159,-0.0006955266,0.00046355027
-0.06558413928524834,-0.00078475475,0.0004630013
-0.06545536107359878,0.0017682314,0.00046411876
-0.06537293749855902,3.695488e-6,0.00046395406
-0.06518194143090739,0.0005030632,0.00046408735
-0.06517137788798086,0.0001219511,0.00046142619
-0.06511817253975014,0.00023651123,0.0004632636
-0.06510597439386209,1.4305115e-6,0.0004632697
-0.06502417645678277,-0.00022524595,0.0004637133
-0.06496791835319268,3.695488e-6,0.0004637844
-0.06490840168902645,0.00019228458,0.00046378133
-0.06476672785757184,3.695488e-6,0.00046374364
-0.06465657387737495,-0.00020092726,0.0004635
-0.06462900329062818,-9.62615e-5,0.00046318476
-0.0645974192096345,0.00015544891,0.0004639354
-0.06456544948712023,0.0003181696,0.00046968707
-0.06446556917162852,1.0609627e-5,0.00046366188
-0.06435505713783932,-0.00018924475,0.00046364428
-0.06419902200376637,1.4305115e-6,0.00046359567
-0.06417471448889389,0.0017296076,0.0004636775
-0.06415810141279218,0.00062668324,0.00046332565
-0.06402927443364528,3.695488e-6,0.00046379893
-0.06394681165252028,-2.6106834e-5,0.0004637855
-0.06375583184085673,-6.353855e-5,0.0004636993
-0.06374531706636138,0.00029814243,0.00046128666
-0.0636921289289526,-0.0005713105,0.0004631435
-0.06367995469079701,-7.772446e-5,0.0004628626
-0.0635980831227202,0.00065124035,0.00046368976
-0.06354178868128174,-0.00020450354,0.00046346447
-0.06348233417259755,0.00040256977,0.0004640222
-0.06334061253058057,3.695488e-6,0.0004637728
-0.06323052357433598,0.0010633469,0.00046346843
-0.06320297306874914,-0.0004554391,0.00046334008
-0.0631713201381644,0.0,0.00046385778
-0.06313931790367397,3.695488e-6,0.00046890517
-0.06303949113731946,0.0002616644,0.00046357486
-0.06292893702920815,-0.0002786517,0.0004636932
-0.06277296691908751,-0.00053167343,0.00046336697
-0.06274860968001622,-0.00016784668,0.00046358895
-0.06273206449703753,-0.00093227625,0.00046288758
-0.06260318779322488,-0.00035130978,0.00046359882
-0.06252068676271616,-0.0006132126,0.00046381511
-0.062329721293637674,7.081032e-5,0.0004636412
-0.062319256245208815,0.00049877167,0.00046130427
-0.06226608531908889,-0.00028002262,0.00046311828
-0.06225393498726503,-0.00033462048,0.00046299238
-0.062171989789124554,0.0005222559,0.00046372003
-0.062115659010304664,0.00021183491,0.00046364559
-0.06205626665663555,-0.00027143955,0.0004636973
-0.061914497203122365,-0.00091546774,0.0004634747
-0.06180447422636434,-0.0001887083,0.00046332434
-0.061776943802871215,-0.00020503998,0.00046332125
-0.06174522011092659,-0.00036263466,0.00046386404
-0.06171318536399309,3.695488e-6,0.0004691496
-0.061613412146075436,3.695488e-6,0.00046347632
-0.06150281691964318,-0.0007927418,0.00046347055
-0.061346911834408685,-0.0004825592,0.000463435
-0.0613225048709051,-4.220009e-5,0.0004633923
-0.06130602758174977,-0.00060898066,0.0004630271
-0.06117710115187064,0.00012779236,0.00046390382
-0.061094561873378944,0.000187397,0.00046388237
-0.060903610747352455,3.695488e-6,0.00046383502
-0.06089319637912355,1.4305115e-6,0.00046104862
-0.060840041709692066,0.00044751167,0.00046312847
-0.060827916239500734,-0.00059109926,0.00046280975
-0.06074589645506198,-0.00057703257,0.00046344328
-0.060689529340027915,-4.118681e-5,0.00046355376
-0.06063019914184081,5.7935715e-5,0.00046370615
-0.060488381874963804,0.0002245903,0.0004637106
-0.06037842487839268,0.00015604496,0.00046335213
-0.060350914536526384,0.0006456375,0.00046314122
-0.060319121039923373,0.0003736019,0.00046386084
-0.0602870537805468,3.695488e-6,0.00046916882
-0.06018733315529831,-0.00035452843,0.00046334197
-0.06007669681101202,0.00047898293,0.00046385475
-0.059920856749496404,0.0010185242,0.00046335987
-0.05989640006179395,-0.00034475327,0.00046340245
-0.05987999066529476,0.000649333,0.00046309634
-0.059751014511450234,3.695488e-6,0.000463702
-0.059668436027340205,0.00046658516,0.00046371005
-0.0594775011577687,3.695488e-6,0.00046369925
-0.059467135556336786,1.4305115e-6,0.0004612691
-0.05941399810052872,0.00012814999,0.00046287535
-0.05940189653456801,0.00030338764,0.0004630492
-0.0593198031200656,0.00058436394,0.00046349448
-0.05926339966975119,4.851818e-5,0.0004635999
-0.05920413162657917,0.00022447109,0.00046375577
-0.059062265591037555,3.695488e-6,0.00046356893
-0.05895237457535371,3.695488e-5,0.00046346165
-0.0589248852694812,-0.000495553,0.00046291068
-0.05889302196798635,3.695488e-6,0.00046357512
-0.058860921241332825,-7.7188015e-5,0.0004690732
-0.05876125512192307,0.0003578663,0.00046360728
-0.058650575747080075,-0.00028455257,0.00046370854
-0.058494800708349504,-5.7458878e-5,0.00046358778
-0.05847029525291628,-0.0002502203,0.00046360158
-0.05845395374837281,0.00066542625,0.0004630727
-0.058324927871496735,0.00023448467,0.00046373668
-0.058242311136602276,3.695488e-6,0.0004638482
-0.05805139061241729,3.695488e-6,0.00046354867
-0.05804107473425041,-0.0007238388,0.00046128474
-0.05798795449043154,-1.7523766e-5,0.0004631937
-0.05797587683056912,1.4305115e-6,0.0004629369
-0.057893709786003056,-0.00056278706,0.00046347722
-0.05783727095407487,-0.0005571246,0.0004634911
-0.05777806411015027,-0.0006881952,0.00046344523
-0.05763615026451316,3.695488e-6,0.00046345688
-0.057526325228782815,1.4305115e-6,0.00046314113
-0.057498856002902915,0.0001077652,0.0004631515
-0.05746692289558242,-0.00033199787,0.00046362286
-0.05743478965741963,-0.00018692017,0.00046897336
-0.0573351761318463,7.6293945e-6,0.00046334957
-0.05722445563821546,-0.00022858381,0.0004634819
-0.057068745623670675,-0.00011408329,0.00046326284
-0.057044190444038606,-0.00064986944,0.00046341558
-0.05702791587591666,0.00039458275,0.00046294852
-0.05689884123107633,-0.00042831898,0.00046369177
-0.05681618624679813,3.695488e-6,0.00046366928
-0.056625280065198236,-0.00019168854,0.00046368875
-0.05661501391263091,0.00020873547,0.00046115843
-0.0565619108801009,0.00030183792,0.00046300888
-0.05654985808327173,-0.0006175041,0.00046264226
-0.05646761645264087,0.00017488003,0.00046346546
-0.05641114128239741,0.00033581257,0.00046350603
-0.056351996593721365,-1.66893e-6,0.00046348432
-0.056210034937521886,0.0007019043,0.0004636703
-0.05610027588127808,-0.00030225515,0.00046304998
-0.05607282673749192,0.0005300045,0.00046313542
-0.05604082286834461,0.0002490282,0.00046357646
-0.056008658073039536,0.00027513504,0.00046894
-0.05590909809683686,3.695488e-6,0.0004635851
-0.05579833552935082,-0.00025123358,0.00046336453
-0.0556426905396922,-0.0003169775,0.00046314907
-0.055618085635160935,0.00025761127,0.00046350472
-0.055601878960162,-3.0100346e-5,0.00046269488
-0.05547275554642361,0.00038862228,0.00046373674
-0.05539006135792782,-0.00024569035,0.00046337012
-0.05519916951797918,-0.00089913607,0.00046315853
-0.05518895404677912,-0.00079250336,0.0004608309
-0.05513586727000375,1.4305115e-6,0.0004627183
-0.05512383838020665,0.00077676773,0.00046307594
-0.05504152311927865,-5.698204e-5,0.00046324966
-0.05498501161212069,3.695488e-6,0.00046339122
-0.05492592907845972,0.0004671812,0.0004635916
-0.054783919609363324,-0.0005066991,0.000463382
-0.0546742265335399,-0.0005674362,0.00046303155
-0.05464679651537943,1.4305115e-6,0.00046308065
-0.05461472379780832,1.180172e-5,0.00046346622
-0.05458252553382559,3.695488e-6,0.00046885895
-0.054483019105592834,-9.816885e-5,0.00046336034
-0.054372214464485064,0.00052416325,0.0004634527
-0.05421663545477992,0.00030863285,0.00046325236
-0.05419197987004867,0.0011324883,0.0004634247
-0.05417584204464079,3.3020973e-5,0.00046264313
-0.05404666890576973,-0.0004708171,0.00046349366
-0.05396393551165565,-0.0008291602,0.00046331165
-0.05377305992886236,0.0004298687,0.00046346604
-0.053762893223758906,0.00071310997,0.00046133273
-0.05370982366084037,-0.0007160902,0.0004629117
-0.053697818676207765,1.4305115e-6,0.00046287995
-0.05361542978428227,0.00034618378,0.0004634967
-0.05355888194114358,0.0002323389,0.0004635066
-0.053499861563664985,-0.00038421154,0.0004634839
-0.053357804281204735,0.00051403046,0.0004633997
-0.05324817622980055,0.00058209896,0.00046331034
-0.053220767248100764,-8.684397e-5,0.00046286875
-0.053188624725404365,8.583069e-5,0.00046374308
-0.0531563939503793,-0.0003811121,0.0004687783
-0.053056941071750685,7.4625015e-5,0.00046333356
-0.052946094355153545,-0.00025945902,0.00046360918
-0.052790580370101065,0.00018715858,0.00046332655
-0.05276587506163791,3.695488e-6,0.00046329017
-0.05274980512818578,-0.00014042854,0.00046259485
-0.05262058226604971,-0.0008504987,0.00046332483
-0.05253781062115115,0.00032496452,0.0004635078
-0.052346949383044045,0.00028657913,0.0004633924
-0.0523368324016725,0.0006016493,0.00046107313
-0.052283780051443574,-0.00021761656,0.0004626839
-0.05227179992750963,0.00052285194,0.00046293123
-0.05218933644975282,0.00011694431,0.00046336552
-0.05213275226923267,-0.00033420324,0.0004632072
-0.05207379404770299,3.695488e-6,0.00046345755
-0.05193168895421346,3.695488e-6,0.00046324395
-0.05182212688322965,-0.00025993586,0.00046285312
-0.05179473798128903,8.9764595e-5,0.0004630012
-0.05176252565323389,3.695488e-6,0.00046346447
-0.05173026236693301,4.529953e-6,0.00046856506
-0.0516308620819074,-0.0003145337,0.00046337815
-0.0515199742462889,0.0011413097,0.00046356188
-0.051364525285422236,-0.00043803453,0.00046303123
-0.05133977025205985,-0.0009512305,0.00046317562
-0.05132376821149731,-0.00077188015,0.0004625091
-0.051194495625629305,0.0012294054,0.00046349582
-0.051111685731347,0.0002360344,0.0004634467
-0.0509208388367588,0.0003927946,0.00046346482
-0.05091077158005303,-0.00046133995,0.00046096166
-0.05085773644111294,0.00022053719,0.00046280716
-0.050845780223510745,2.9444695e-5,0.00046272966
-0.050763244072391744,-2.682209e-6,0.00046325198
-0.050706623554490154,3.695488e-6,0.00046349637
-0.050647726531274084,-0.00049728155,0.00046326572
-0.05050557362675526,-0.00041860342,0.00046312672
-0.05039607753642528,0.00030481815,0.00046319043
-0.05036870871541113,-0.00023037195,0.0004626223
-0.05033642562622956,3.695488e-6,0.000463525
-0.05030412982725213,3.695488e-6,0.00046864437
-0.05020478404689796,3.695488e-6,0.00046346246
-0.050093854138591576,0.00018048286,0.00046324116
-0.04993847020074341,0.00043678284,0.00046315248
-0.0499136654424818,0.0006608963,0.0004631891
-0.04989773129504227,-0.00042831898,0.00046282896
-0.04976840898497542,-0.00043672323,0.00046322265
-0.049685560842009785,-0.00015985966,0.00046338406
-0.04949472924577433,3.695488e-6,0.0004632114
-0.04948471171513505,0.00045204163,0.00046107708
-0.0494316928303154,-8.225441e-6,0.00046276426
-0.04941976147621335,-0.00050872564,0.00046256665
-0.049337150738796104,1.001358e-5,0.00046338834
-0.04928049388397998,3.695488e-6,0.00046328074
-0.04922165901554554,0.0006252527,0.000463434
-0.04907945829836324,-5.4240227e-6,0.00046309896
-0.04897002818868709,-0.00021708012,0.00046306016
-0.04894267944976666,0.00023329258,0.00046288088
-0.04891032655475944,3.695488e-6,0.0004632369
-0.04887799824380584,-0.0006905198,0.0004683675
-0.04877870505542045,0.0003527403,0.00046331133
-0.048667733074192726,3.695488e-6,0.00046331348
-0.04851241511653148,5.6028366e-6,0.000463109
-0.04848756063407103,0.00039184093,0.0004633455
-0.04847169437952106,0.00034606457,0.0004625487
-0.048342322344321564,0.0005940199,0.00046332765
-0.04825943499597107,0.00038158894,0.00046337023
-0.04806861869948911,-0.000395298,0.00046312597
-0.04805865089304864,1.3589859e-5,0.00046084615
-0.0480056492209186,0.0007286072,0.00046294756
-0.047993741772214465,0.0004348755,0.00046261918
-0.04791105740473356,-0.00068086386,0.00046317032
-0.047854364213002876,0.00034153461,0.00046339404
-0.04779559245651849,0.0005046129,0.00046341307
-0.04765334297090504,0.00032305717,0.00046311284
-0.04754397788424741,0.00046992302,0.00046300836
-0.04751665018412221,1.4305115e-6,0.00046277867
-0.04748422748305586,3.695488e-6,0.00046326223
-0.047451866660359554,0.0010817051,0.0004683441
-0.047352627021811755,3.695488e-6,0.0004632085
-0.04724161296486118,-0.00022739172,0.0004632688
-0.04708636003185265,-0.00019913912,0.00046288097
-0.047061455825893744,-0.00094765425,0.00046274555
-0.04704565746376643,0.00056505203,0.00046259846
-0.04691623570390116,-0.00029325485,0.00046296167
-0.04683331010523312,0.00031769276,0.00046345766
-0.04664250910943846,-0.00029689074,0.00046309293
-0.04663259007002843,-4.36306e-5,0.0004607358
-0.046579605611988706,-0.0006297827,0.00046272372
-0.04656772302445017,-0.0011460185,0.00046244345
-0.04648496406997063,3.695488e-6,0.00046303176
-0.04642823454202577,-0.00068730116,0.00046303798
-0.04636952494078994,3.695488e-6,0.00046334864
-0.04622722764438067,-0.0011168122,0.00046287494
-0.04611792853744304,-2.18153e-5,0.00046291668
-0.04609062091684357,1.4305115e-6,0.00046287547
-0.04605812841135229,3.695488e-6,0.00046310018
-0.04602573412044525,3.695488e-6,0.0004683777
-0.04592654803196847,-5.13196e-5,0.00046313967
-0.04581549285552966,3.695488e-6,0.00046312052
-0.04566030399023885,0.00020205975,0.00046261895
-0.045635351016782594,7.033348e-5,0.00046293723
-0.045619619590609894,-0.0005877018,0.00046250861
-0.045490149063480756,0.00030052662,0.00046330906
-0.045407185215429,-0.00011497736,0.00046312454
-0.04521639856315324,3.695488e-6,0.00046317844
-0.04520652924794202,-0.0006696582,0.00046076314
-0.04515356200259188,-0.00013011694,0.00046265384
-0.04514170332045128,1.4305115e-6,0.0004625088
-0.045058870735674605,0.0006881952,0.00046328848
-0.04500210487104869,3.695488e-6,0.00046300638
-0.04494345742412756,-0.000908792,0.0004629587
-0.04480111231668901,0.001119256,0.0004630557
-0.044691879191105566,2.4676323e-5,0.0004631354
-0.044664591649798385,1.4305115e-6,0.00046282334
-0.04463202933988217,3.695488e-6,0.00046317422
-0.04459960253769932,-0.0003132224,0.00046823366
-0.044500469997659386,5.865097e-5,0.000463024
-0.0443893727473654,3.695488e-6,0.0004630594
-0.04423424890532654,-0.00066685677,0.000462909
-0.04420924620743802,0.00055003166,0.00046280673
-0.04419358267368795,0.0010273457,0.00046299197
-0.04406406242306035,3.695488e-6,0.0004631342
-0.04398106032562485,8.6307526e-5,0.00046323796
-0.04379028801686799,0.0007032156,0.00046319672
-0.04378046938255714,0.00020611286,0.0004610108
-0.04372751839202779,0.00076425076,0.0004625217
-0.043715684572686986,0.000903368,0.00046278877
-0.04363277740161203,3.695488e-6,0.00046309232
-0.04357597615537237,0.0004849434,0.00046298772
-0.04351738990839901,0.00068080425,0.00046317867
-0.043374996988997355,0.000114917755,0.00046295582
-0.04326582984430122,-0.00049620867,0.00046288548
-0.04323856238415391,1.4305115e-6,0.00046246473
-0.043205929312177455,3.695488e-6,0.0004630616
-0.04317346999708463,0.0001835823,0.00046829367
-0.043074391006181906,3.695488e-6,0.00046288277
-0.04296325263873424,-0.00026500225,0.00046306124
-0.04280819382158155,0.00055384636,0.00046261435
-0.04278314139832687,0.00034201145,0.00046294898
-0.04276754575793329,-0.0003941059,0.00046230564
-0.04263797578310685,-0.00022125244,0.00046319872
-0.04255493543582073,-0.0004836321,0.00046308106
-0.04236417842658391,3.695488e-6,0.00046310914
-0.042354408560470735,0.0005129576,0.00046092927
-0.042301474781463705,-0.00013303757,0.00046232983
-0.042289664869155,-8.791685e-5,0.0004622937
-0.04220668406754949,-0.00016838312,0.00046301977
-0.042149846484395265,0.00021338463,0.00046300294
-0.04209132334937199,0.00023901463,0.00046297818
-0.04194888166153915,-0.0003234148,0.00046282983
-0.0418397804960961,0.00024831295,0.00046287946
-0.04181253311827601,1.4305115e-6,0.00046248877
-0.04177983024070733,3.695488e-6,0.00046300437
-0.041747338412937984,0.00014066696,0.00046817708
-0.041648312971872825,-0.0010384321,0.00046272212
-0.04153713157293465,0.00050342083,0.00046315775
-0.04138213873690269,-0.00044888258,0.00046272107
-0.04135703659014958,-0.000644207,0.00046273606
-0.041341508842645563,-0.00010943413,0.00046238035
-0.04121189009892104,-0.00022011995,0.00046315003
-0.04112880959024892,0.00047576427,0.00046309418
-0.04093806788006521,-0.0007867217,0.0004627981
-0.04092834773838436,-5.4478645e-5,0.00046057245
-0.040875431172066906,-0.00065869093,0.0004621697
-0.040863646121390707,0.0004131794,0.00046247465
-0.040780590733486916,-0.00020712614,0.00046279345
-0.040723716814118543,-0.00025081635,0.00046287762
-0.04066525583364344,-0.0005081296,0.0004628473
-0.04052276633338059,-6.5505505e-5,0.0004629153
-0.040413730192123326,0.00025224686,0.00046295626
-0.04038650385286502,-0.00075018406,0.0004622387
-0.040353731169704116,3.695488e-6,0.00046318158
-0.04032120683019205,-0.00084483624,0.00046797885
-0.040222234938030677,3.695488e-6,0.00046295024
-0.040111011464303487,3.695488e-6,0.00046305312
-0.03995608365199041,0.00056779385,0.00046276645
-0.03993093178127188,0.000651598,0.00046271653
-0.039915471926890905,3.4570694e-6,0.0004623751
-0.03978580345780025,-0.00040876865,0.00046298717
-0.039702684700444774,-0.00077682734,0.00046307748
-0.03951195733377996,3.695488e-6,0.00046287323
-0.03950228787253254,-0.00012469292,0.000460699
-0.03944938756290356,-7.05719e-5,0.0004625096
-0.03943762641739179,-0.000108897686,0.0004621672
-0.03935449739942437,0.00036799908,0.00046281758
-0.039297587143841795,-0.00010675192,0.0004631124
-0.0392391883179149,0.00051546097,0.00046288405
-0.03909665100568893,0.0004056692,0.00046291866
-0.03898768084531895,-6.920099e-5,0.0004625704
-0.03896047458558635,-0.00030183792,0.00046243265
-0.038927632098233994,3.695488e-6,0.00046296205
-0.038895074290978104,0.0008068085,0.0004680154
-0.038796155947487004,3.695488e-6,0.00046294264
-0.03868489135637268,-0.0003681183,0.00046272672
-0.03853002856707813,-0.00052821636,0.0004626856
-0.038504826971460404,3.695488e-6,0.00046266566
-0.038489435009735506,0.000505805,0.0004624347
-0.038359716817146394,0.0006381273,0.00046292957
-0.03827655980970682,-0.00038075447,0.0004628814
-0.03808584774466314,0.0007940531,0.00046289823
-0.03807622705044614,4.053116e-6,0.00046067173
-0.03802334490904097,9.739399e-5,0.0004621847
-0.03801160766939404,0.000111699104,0.0004621942
-0.03792840502159639,2.2172928e-5,0.0004628876
-0.03787145842816547,-0.00037163496,0.0004628204
-0.03781312175842094,3.695488e-6,0.00046271968
-0.037670535679164535,-0.0008867979,0.00046263632
-0.037561631498748055,1.4305115e-6,0.00046252712
-0.03753444531830771,0.0010563135,0.0004624793
-0.037501533026063516,-0.0006727576,0.0004628024
-0.03746894270683143,-0.0007085204,0.00046775508
-0.03737007791317795,0.0008792877,0.00046293277
-0.037258771247508066,3.695488e-6,0.0004630875
-0.03710397348239927,-0.0002399087,0.0004624945
-0.03707872216258273,-0.0006273389,0.00046252608
-0.03706339809304701,-0.0006672144,0.00046211306
-0.0369336301776598,3.695488e-6,0.0004629174
-0.0368504349199027,0.0012197495,0.00046317372
-0.03665973719744409,3.695488e-6,0.0004628653
-0.036650166228826664,-0.0018064976,0.00046050883
-0.03659730129871033,1.4305115e-6,0.0004623526
-0.0365855879651617,1.4305115e-6,0.00046226865
-0.03650231168730039,3.695488e-6,0.00046276953
-0.03644532875648801,0.00074386597,0.0004628844
-0.036387054242692396,3.695488e-6,0.00046293568
-0.03624442035217326,0.00020337105,0.00046287966
-0.03613558215124332,-0.00065124035,0.00046241318
-0.03610841605289672,-0.00034213066,0.00046206516
-0.03607543395435994,-0.00073707104,0.0004626272
-0.03604281112268479,0.00067317486,0.00046782635
-0.03594399892263428,3.2424927e-5,0.000462902
-0.0358326511388769,-0.00018793344,0.00046265352
-0.03567791839842083,-0.00023692846,0.0004625468
-0.03565261735370506,7.247925e-5,0.00046273362
-0.03563736117729238,-0.0007919073,0.00046201432
-0.035507543537005914,0.00023031235,0.0004625303
-0.03542431003079893,-0.00024735928,0.00046277678
-0.03523362760645965,3.695488e-6,0.00046270541
-0.03522410636297485,0.0001257658,0.0004605535
-0.03517125768861318,0.00077211857,0.00046240556
-0.035159569218331244,-0.00031530857,0.00046166798
-0.035076218353938204,-0.0011541247,0.00046245116
-0.03501919908621126,-0.0004377365,0.00046265856
-0.03496098672696385,-0.0007491708,0.00046267625
-0.03481830502401467,3.695488e-6,0.0004628
-0.03470953280350514,1.4305115e-6,0.00046262084
-0.03468238678701879,1.4305115e-6,0.00046234948
-0.034649333927589065,-0.00037288666,0.00046276252
-0.03461667858347084,-3.8325787e-5,0.00046751817
-0.03451792088739136,-0.0002501607,0.00046292116
-0.03440653103024571,0.00037539005,0.00046292436
-0.03425186331350849,-0.00016146898,0.00046236708
-0.03422651254482739,0.0005657673,0.00046260335
-0.03421132426153772,0.00043916702,0.00046253658
-0.034081456895885154,3.695488e-6,0.0004627231
-0.03399818418546058,0.00025463104,0.0004627128
-0.03380751706110824,3.695488e-6,0.00046260504
-0.033798045539954635,1.4305115e-6,0.00046039332
-0.0337452140794498,-0.00068336725,0.0004619245
-0.03373355047033344,1.4305115e-6,0.00046216947
-0.03365012501987563,0.00044727325,0.00046254374
-0.03359306941523421,0.00037682056,0.00046281112
-0.033534920167236415,0.0003759861,0.00046280565
-0.03339218969585611,0.0002014637,0.00046286016
-0.03328348345600041,1.4305115e-6,0.00046257357
-0.03325635752067396,1.4305115e-6,0.0004621994
-0.033223234855885464,0.000680089,0.00046301185
-0.03319054700002455,-9.030104e-5,0.00046758322
-0.03309184285308231,-0.0006814003,0.00046276333
-0.032980409965379986,0.00019526482,0.00046278638
-0.032825808228362785,-0.0001977086,0.00046236007
-0.032800407736416626,-7.921457e-5,0.00046282777
-0.03278528734531616,0.00029182434,0.0004622617
-0.03265537121169937,-0.0003440976,0.00046262238
-0.03257205929472262,3.695488e-6,0.00046271013
-0.032381407471524515,3.695488e-6,0.00046260335
-0.03237198471786823,0.0013898611,0.00046064382
-0.032319170470053005,-0.00014585257,0.0004621401
-0.0323075307661011,-0.0005874634,0.0004619005
-0.03222403168487925,0.00014328957,0.00046264555
-0.03216694069955783,-0.00044119358,0.00046254136
-0.03210885265220825,3.695488e-6,0.00046290434
-0.03196607436886484,0.0004966259,0.00046259406
-0.03185743410942948,0.0007247925,0.0004626766
-0.031830328253395324,0.00034499168,0.00046215503
-0.031797135783715014,9.024143e-5,0.000462878
-0.03176441446034367,-0.00010418892,0.0004673188
-0.031665763863238994,0.00043308735,0.00046275867
-0.031554289856748796,-0.0007315278,0.00046253958
-0.03139975314345045,0.0001654625,0.0004624513
-0.0313743029275389,3.695488e-6,0.0004624689
-0.03135925042862764,1.4424324e-5,0.00046223172
-0.03122928457174584,7.748604e-5,0.00046247986
-0.031145934404218145,-0.00023502111,0.00046256967
-0.03095529692523924,-0.00021970272,0.00046271132
-0.030945924852483375,-0.00022405386,0.00046029896
-0.030893126859488917,0.0001487732,0.00046202182
-0.030881512018336832,-1.603365e-5,0.00046208873
-0.030797938350816678,-0.00015205145,0.00046252803
-0.030740811028580783,-2.7537346e-5,0.00046256892
-0.030682786092714298,0.0003682375,0.0004627684
-0.03053995904210699,-0.0002002716,0.00046269895
-0.030431384762625135,1.4305115e-6,0.00046228163
-0.030404298987050493,1.4305115e-6,0.00046207555
-0.030371036712244892,-0.0002334714,0.00046262916
-0.030338282876897382,-0.00048273802,0.0004675927
-0.030239685828696516,0.0006508827,0.00046291112
-0.03012816974811766,-4.351139e-5,0.0004626103
-0.02997369805947203,-0.0011418462,0.00046228434
-0.02994819811772742,8.6545944e-5,0.0004626078
-0.02993321351217265,0.0007224083,0.00046209307
-0.029803197932025793,3.695488e-6,0.00046278606
-0.02971980951511438,-0.00014483929,0.00046289063
-0.02952918637802021,0.00022697449,0.00046250693
-0.02951986403039697,0.00033700466,0.00046063744
-0.02946708324892483,0.00054097176,0.00046204514
-0.029455493270572508,0.00025987625,0.0004618227
-0.029371845973455657,0.00019824505,0.00046252477
-0.029314681358070582,0.0002706051,0.0004627019
-0.029256718576051943,-0.00057315826,0.00046262043
-0.02911384467018302,-1.1324883e-6,0.0004623295
-0.029005334458418852,-0.00015127659,0.00046227148
-0.028978269721172567,-0.00050342083,0.00046197214
-0.028944937641241675,0.000744462,0.00046268236
-0.028912151293451094,0.00033545494,0.00046765842
-0.028813607793920504,-0.00037419796,0.00046253653
-0.028702049639953375,-0.00068455935,0.00046261598
-0.02854764297526008,0.001398921,0.00046247678
-0.02852209330884975,3.695488e-6,0.00046252596
-0.028507176596651418,-0.00023025274,0.00046205195
-0.028377111290905033,-7.754564e-5,0.00046252258
-0.028293684625310234,0.0001270771,0.00046257515
-0.028103076787969583,3.695488e-6,0.00046250384
-0.028093803208310564,0.00036609173,0.0004606303
-0.02804103963952803,0.00014674664,0.00046197858
-0.02802947356657365,-0.00023770332,0.00046173262
-0.027945752640326893,0.00015938282,0.00046248522
-0.02788855264332807,-0.001008749,0.00046238257
-0.02783065201655799,0.00051796436,0.00046277192
-0.02768772934179098,0.00021231174,0.0004624868
-0.027579285110447216,0.00015413761,0.00046229933
-0.0275522404557616,9.012222e-5,0.00046216536
-0.027518838569771553,0.000233531,0.00046271784
-0.02748601875353679,-0.0005033612,0.00046742798
-0.02738752975937797,-0.0004567504,0.00046238306
-0.027275929530388432,0.000641942,0.0004626313
-0.027121587890581222,-0.00053554773,0.00046228545
-0.027095988500438983,-5.6743622e-5,0.00046236799
-0.02708113968089676,-3.2424927e-5,0.0004618743
-0.026951025605785384,-0.00043094158,0.0004626098
-0.026867559734572277,-0.0011368394,0.00046236906
-0.026676966242384692,-0.00063610077,0.00046247427
-0.02666774334245875,-0.00010037422,0.00046007754
-0.02661499698683273,-0.00070232153,0.00046187663
-0.026603454818809325,0.0006662607,0.0004620695
-0.026519659305330512,0.00021231174,0.00046250268
-0.026462422972350963,-0.00026768446,0.00046241478
-0.026404584501296346,-0.0004350543,0.00046241152
-0.026261614015033186,-6.6280365e-5,0.00046260725
-0.026153235763642868,-0.00014311075,0.00046225105
-0.02612621118941677,-0.00013744831,0.00046192185
-0.026092739497367623,0.00030100346,0.00046257884
-0.02605988716985702,-0.0003823042,0.00046715644
-0.02596145076953471,-0.00029569864,0.00046232622
-0.025849809421290337,-0.00083583593,0.00046237666
-0.025695532805202037,-0.00024688244,0.0004624003
-0.02566988369249512,3.695488e-6,0.00046249386
-0.02565510276397487,-0.0003183484,0.00046213644
-0.025524938966065336,0.0007816553,0.00046257695
-0.02544143484476813,0.0001296997,0.00046256554
-0.025250856652100584,-1.5676022e-5,0.0004625094
-0.0252416825203724,-0.0009950399,0.00046027024
-0.02518895337743593,0.000233531,0.00046190814
-0.02517743607151196,-0.0005581379,0.00046180075
-0.02509356597033413,-0.00064235926,0.00046248388
-0.025036293301373858,-0.00089526176,0.00046224816
-0.02497851794180239,-0.00039929152,0.000462604
-0.02483549868734153,-0.00020349026,0.00046268073
-0.024727186417305425,-0.00022119284,0.0004620485
-0.02470018192213813,-0.0002631545,0.0004620022
-0.0246666404258975,-0.001499474,0.00046250626
-0.024633755587344597,-0.0005828142,0.00046712163
-0.024535372735692507,-0.0005875826,0.00046234258
-0.02442368931312605,5.9366226e-5,0.0004626751
-0.024269477720289756,0.00060784817,0.00046249543
-0.024243778882683642,-3.373623e-5,0.00046242887
-0.024229065847052922,-4.464388e-5,0.00046199473
-0.02409885232541148,-0.00052046776,0.00046224226
-0.02401530899919635,-0.00063186884,0.00046247753
-0.02382474610534846,-0.00062811375,0.00046238484
-0.02381562265498749,-0.0013385415,0.00046023206
-0.023762909766638363,1.4305115e-6,0.00046190654
-0.023751417323747637,0.00024056435,0.00046183888
-0.023667472637205422,-0.0010405183,0.00046224403
-0.023610164585697535,-0.00017559528,0.00046241173
-0.02355245042537346,-0.00013697147,0.00046241694
-0.023409383359883296,-0.0011939406,0.0004623882
-0.02330113707050102,-0.00039243698,0.00046208577
-0.0232741526557933,-0.0002706051,0.00046212
-0.023240541355127764,-9.942055e-5,0.00046264488
-0.023207623046729853,-0.00019204617,0.00046719267
-0.02310929470068307,0.00033807755,0.00046262823
-0.0229975692051953,-0.0008690357,0.00046237474
-0.022843422636544708,-0.0008863807,0.0004621672
-0.022817674073105587,-0.00053060055,0.0004621269
-0.022803028931298264,0.0002670288,0.00046202363
-0.022672765684991103,-9.560585e-5,0.00046261583
-0.022589184109392202,-0.00076031685,0.00046249287
-0.022398636515064352,-0.0004427433,0.0004624668
-0.022389561832901084,-0.00163728,0.00045976834
-0.022336866156307755,-1.1503696e-5,0.00046199907
-0.02232539761974872,-0.000659585,0.00046170093
-0.022241380259844346,-0.00046873093,0.00046233294
-0.022184034914720485,0.0004312992,0.00046268487
-0.022126383865646082,-0.00092458725,0.00046242346
-0.02198326803242512,-0.0006875396,0.00046254788
-0.02187508772229596,-0.00048404932,0.0004621172
-0.021848123389915375,-0.00029152632,0.0004619273
-0.021814442283424162,-0.0008329153,0.00046248425
-0.021781491462349756,-2.1457672e-5,0.00046713062
-0.021683216665673632,-0.0005096197,0.00046234063
-0.021571448139629135,-0.00053691864,0.000462294
-0.021417367551632427,1.4305115e-6,0.0004623207
-0.0213915692649283,-0.00082850456,0.00046222415
-0.0213769929722451,-0.0009795427,0.00046172092
-0.021246680000805263,-0.0002706647,0.00046250186
-0.021163059219588054,-0.0017133951,0.00046220626
-0.020972525968545652,-0.0006315708,0.0004625758
-0.02096350196704927,-0.0013190508,0.0004599598
-0.0209108225469109,-0.0006970167,0.00046164688
-0.020899378871984453,-0.00046807528,0.0004619605
-0.020815286924847964,-0.00045770407,0.00046231272
-0.020757905244210284,-0.0006045699,0.0004624932
-0.020700316350851344,-0.0009563565,0.00046237465
-0.020557152704966886,-0.00090301037,0.00046245172
-0.02044903837455775,-0.0005431771,0.0004620539
-0.02042209508050552,-0.00046896935,0.00046189415
-0.02038834321195404,-0.00033968687,0.00046250882
-0.02035535892360274,0.00053167343,0.00046728004
-0.020257137675596892,-0.0007136464,0.00046249977
-0.020145328030064136,-0.0011408329,0.00046227794
-0.01999131246625324,-0.0017911196,0.00046198748
-0.019965464456050575,-0.0005583763,0.000462364
-0.019950956056490443,-0.00054979324,0.00046199225
-0.019820593360384886,-0.0005207062,0.0004622567
-0.01973693432978396,-0.00084781647,0.00046241478
-0.019546416378495024,-0.00068587065,0.00046246234
-0.019537441144962864,-0.00079768896,0.0004600381
-0.019484779893982174,-0.0003208518,0.0004617753
-0.01947336012422013,-0.0004772544,0.00046181006
-0.019389193590318488,0.00050508976,0.00046253006
-0.01933177653040158,-0.0010914803,0.0004623989
-0.019274249791824294,-0.0010995269,0.00046230576
-0.01913103737750871,-0.0001988411,0.00046247325
-0.0190229890277534,-0.0014159679,0.00046175532
-0.018996065813927265,-0.0010458827,0.0004617426
-0.01896224414048392,-0.0007773042,0.00046253036
-0.018929227340623356,-0.0015094876,0.00046691825
-0.018831059642221648,3.695488e-6,0.00046248213
-0.018719207922133385,-0.0007402897,0.0004623383
-0.018565257381574385,-0.0013666749,0.00046211004
-0.018539359646239095,-0.00050216913,0.00046241342
-0.018524919139335072,-0.000502944,0.00046172936
-0.018394506719964454,-0.0011934638,0.00046244205
-0.018310809439046005,-0.0011942387,0.00046248533
-0.018120305832910133,-0.0011591315,0.000462227
-0.018111380322876514,-1.0073185e-5,0.0004605913
-0.0180587362848188,-0.0013510585,0.00046160226
-0.018047341376922765,-0.0010845661,0.0004617232
-0.01796310121295741,-0.0013996363,0.00046208774
-0.017905646858490665,-0.001347065,0.0004621892
-0.01784818323139653,-0.0010825992,0.00046247873
-0.01770492205005053,-0.001606524,0.0004623536
-0.017596939680948998,-0.001100719,0.0004619661
-0.01757003654711553,-0.0023888946,0.0004615099
-0.017536145069013798,-0.00041085482,0.0004624926
-0.017503095756476683,-0.00070762634,0.00046699264
-0.017404981607679115,-0.00079250336,0.0004622709
-0.01729308781326877,-0.0008420348,0.0004623798
-0.01713920325359708,-0.00059455633,0.00046210366
-0.017113255793596016,-0.00051862,0.00046228754
-0.01709888222264655,-0.0008329153,0.0004617206
-0.016968421035778614,-0.00040555,0.00046246234
-0.016884684549241857,-0.00028711557,0.00046254543
-0.016694196242626025,0.00012779236,0.00046270114
-0.01668532045679122,-0.0015321374,0.00045996506
-0.016632692674021288,-0.002342999,0.00046128713
-0.01662132262915844,-0.0009685755,0.0004617053
-0.016537007878894894,-0.00011098385,0.0004622851
-0.01647951718657975,-0.001652658,0.0004621799
-0.01642211571520108,-0.0009393096,0.00046229444
-0.016278807679293794,-0.0015659928,0.0004622491
-0.016170890333677745,-0.0006082058,0.0004621368
-0.0161440072807707,-0.0011630654,0.0004616159
-0.016110045997543676,-0.0011791587,0.00046243193
-0.016076963216095475,-0.0019471049,0.00046670414
-0.015978903572669678,0.00018107891,0.00046247948
-0.01586696770463758,-0.0008355975,0.0004622929
-0.015713148169618607,-0.0012120605,0.0004621341
-0.01568715098518525,-0.0014552474,0.00046225713
-0.01567284530689189,-0.00021666288,0.00046188777
-0.015542334395124757,-0.0005532503,0.0004621888
-0.015458559660138094,-0.0017838478,0.00046236743
-0.0152680856958739,-0.00097596645,0.00046246033
-0.01525925963447139,-0.00097060204,0.00046045677
-0.0152066490634572,-0.0019385219,0.0004613316
-0.015195303881394173,-0.0012784004,0.00046171356
-0.015110914544832321,-0.0019014478,0.00046222002
-0.015053388472771101,-0.001453042,0.00046236077
-0.01499604915617403,-0.0010063052,0.00046239613
-0.014852692350901808,-0.00030642748,0.00046246688
-0.014744840985939534,-0.00082725286,0.00046209546
-0.014717978014892774,-0.0017971992,0.00046167884
-0.01468394692607361,-0.0014569163,0.00046243865
-0.01465083163311609,-0.0012577772,0.00046682826
-0.014552825538360625,-0.0013637543,0.00046240538
-0.01444084759600639,-0.0015275478,0.00046216688
-0.014287093084706326,-0.0017716289,0.00046201114
-0.014261046176307579,-0.0005418062,0.00046223655
-0.014246808391137233,-0.0006699562,0.00046181443
-0.0141162477544709,-0.0009772182,0.0004621402
-0.01403243477103433,-0.000995636,0.00046243143
-0.013841976105823273,2.3007393e-5,0.00046249796
-0.013833199768619575,-0.001521647,0.00045995825
-0.013780605454293826,-0.0010325909,0.0004617298
-0.013769285133396425,-0.001434803,0.0004615747
-0.013684821210769749,-0.00086283684,0.00046203058
-0.013627258801793996,-0.0017012954,0.000462204
-0.013569982597380459,-0.0017098188,0.00046218283
-0.013426577022976671,-0.0010709763,0.0004623965
-0.013318791638434802,-0.0011050701,0.00046197305
-0.013291948748547944,-0.00026762486,0.00046196592
-0.013257847854370008,-0.0005414486,0.00046241
-0.013224700049669802,-0.0010054111,0.0004669254
-0.013126747504518477,-0.00030088425,0.00046260052
-0.013014727487375255,-0.0014333725,0.000462499
-0.012861037999560565,-0.0013242364,0.00046215992
-0.012834941367429908,-0.0007351637,0.00046226633
-0.012820771475849535,-0.0016618371,0.00046153163
-0.012690162070285116,-0.0007299781,0.00046233143
-0.012606309880296374,-0.00069999695,0.000462515
-0.012415866516239549,-0.0012383461,0.0004623151
-0.01240713894653317,-0.00088089705,0.0004602722
-0.012354562801131619,-0.00067055225,0.00046196306
-0.01234326542916403,-0.002105534,0.00046153754
-0.012258728832708343,-0.0011476874,0.00046222782
-0.012201129129883082,-0.000936687,0.00046249563
-0.012143915081418433,8.21352e-5,0.00046254267
-0.012000461695985398,-0.0014590621,0.0004622677
-0.011892742291863878,-0.001252234,0.00046193763
-0.011865920438437705,-0.0011361837,0.00046179647
-0.011831748782666462,-0.0007226467,0.00046257483
-0.011798567509988922,-0.00034064054,0.00046671263
-0.011700668513974777,-0.0009849668,0.00046235527
-0.011588607378744065,-0.00071275234,0.0004622927
-0.011434982914648284,-0.0017392635,0.0004620924
-0.011408836558552238,-0.0011579394,0.00046205564
-0.011394734558694108,-0.0008381009,0.0004619127
-0.011264075429864684,-0.0016654134,0.00046233126
-0.011180184989791897,-0.0008305907,0.00046243783
-0.010989755970421233,-0.00079894066,0.00046230995
-0.010981079081148315,-0.0014558434,0.00046032117
-0.010928519190567532,-0.0015192628,0.00046162016
-0.01091724668233357,-0.0016986132,0.0004616117
-0.01083263549841229,-0.00046116114,0.0004621552
-0.010775000415140568,-0.0015321374,0.00046219476
-0.010717848521457574,-0.00064742565,0.00046260786
-0.010574346368994125,-0.0013386607,0.0004623106
-0.01046669294505953,-0.001013577,0.0004618313
-0.01043989117185945,-0.0010061264,0.00046174673
-0.01040564971119634,-0.00084650517,0.00046239916
-0.010372435926542634,-0.0009082556,0.00046689357
-0.010274590478731915,-0.0023237467,0.0004620103
-0.01016248727011293,-0.0016223192,0.00046233553
-0.010008927830669812,-0.0015711188,0.00046200847
-0.009982731749674567,-0.001209557,0.00046225256
-0.009968698597773329,-0.00130409,0.0004618775
-0.009837989746145803,-0.0013128519,0.0004621937
-0.009754060100688133,-0.0010644197,0.0004624457
-0.009563646379903645,-0.0004157424,0.00046246222
-0.00955501825906191,-0.000259161,0.00046032178
-0.009502475580003444,-0.001645565,0.00046173346
-0.009491227934569302,-0.0010302663,0.0004616483
-0.009406542164349774,-0.0006914139,0.00046214307
-0.009348870744630366,-0.0022226572,0.00046204994
-0.009291781961730139,-0.0009045601,0.00046236799
-0.009148231041068988,-0.0010001063,0.0004623439
-0.009040643597087894,-0.0015087724,0.00046201833
-0.00901386190528114,-0.0017712712,0.00046177674
-0.00897955063972622,-0.0007041693,0.00046247567
-0.008946303385927945,-0.0015739202,0.00046664034
-0.008848512444422807,-0.0013385415,0.00046215093
-0.008736367161948644,-0.0007684827,0.00046250699
-0.00858287274645786,0.00053834915,0.00046229296
-0.008556626940563417,-0.0012273192,0.00046216973
-0.008542661682485575,-0.0011869073,0.00046155375
-0.008411903105725371,-0.0010185242,0.0004623792
-0.008327935210883985,-0.0018115044,0.00046239456
-0.008137535832684617,-0.0012713075,0.00046225984
-0.008128958393210095,-0.0007072091,0.0004598405
-0.008076432926841237,-0.00079989433,0.00046174732
-0.00806520918587117,-0.0017921925,0.0004614894
-0.007980449787222177,-0.0011606216,0.00046232349
-0.007922742029887853,-0.0005070567,0.0004624553
-0.007865715402936568,-0.00045096874,0.0004624649
-0.007722116668911538,-0.00061768293,0.0004625068
-0.007614594249116258,-0.0021659136,0.00046197284
-0.007587832639870173,-0.0014125109,0.00046176268
-0.007553451568723002,-0.0013929605,0.0004622888
-0.007520171802481657,-0.0013082027,0.00046674523
-0.007422434410814138,-0.0007855892,0.0004623004
-0.007310247052383645,-0.0009086728,0.00046246292
-0.007156817661779058,-0.0009728074,0.0004618448
-0.0071305230876868575,-0.0003694296,0.0004621162
-0.007116624766730917,-0.002027154,0.00046100368
-0.006985816464838035,-0.002424717,0.0004621398
-0.006901810320146029,-0.0015957952,0.00046231085
-0.006711426243100838,-0.0012714267,0.00046233585
-0.006702897571123689,-0.0007069707,0.00046024253
-0.006650389317911343,-0.0013483763,0.00046152587
-0.006639190438106846,-0.0016012788,0.00046160448
-0.0065543564529261245,-0.0012075901,0.0004620988
-0.006496612358910747,-0.0018318295,0.0004621745
-0.006439647887208022,-0.00074994564,0.00046244406
-0.006296001342153745,-0.0012607574,0.00046232346
-0.006188544902311854,-0.0010614991,0.000462016
-0.0061618043297599345,-0.0012567043,0.00046180017
-0.006127352496785976,-0.00063210726,0.00046235853
-0.0060940402195022725,-0.0011762381,0.00046666106
-0.0059963563762716054,-0.00042682886,0.0004622991
-0.005884126943285606,-0.0010393262,0.00046245562
-0.005730762576399817,-0.0022329092,0.00046187203
-0.005704418279742995,-0.0013570786,0.00046239188
-0.005690587850509354,-9.179115e-5,0.00046178827
-0.00555973078041877,-0.00024288893,0.00046261598
-0.005475685430341881,-0.00063198805,0.0004624665
-0.005285315696815618,-0.0010625124,0.00046235332
-0.005276837705271931,0.00014591217,0.00046055147
-0.005224345708514544,-0.00010180473,0.0004620067
-0.005213171690809482,-0.000392735,0.00046186376
-0.005128263118396648,-0.001298964,0.00046228158
-0.005070482687933697,-0.0016542077,0.0004621005
-0.005013581326780259,-0.00084269047,0.00046241737
-0.004869886015395897,-0.00081139803,0.00046240367
-0.004762495555974411,-0.00028932095,0.0004623106
-0.0047357750624812955,0.00041759014,0.00046192564
-0.004701253424382046,-0.001686275,0.00046232584
-0.004667907680755257,-0.0021299124,0.00046643594
-0.0045702783419625526,-0.0017451644,0.0004623192
-0.00445800683512132,-0.0011754632,0.00046229683
-0.004304708447722128,-0.0010813475,0.0004622394
-0.004278313469931516,-0.0019741058,0.00046209208
-0.004264550933353983,-0.0015026927,0.00046162543
-0.004133644140698722,-0.0013090968,0.00046226216
-0.004049560541004693,-0.0011480451,0.00046247643
-0.0038592061060646055,-0.0009755492,0.00046231857
-0.003850776883185525,-0.00060397387,0.000460368
-0.0037983030539515683,-0.001122117,0.00046190698
-0.003787152943745542,-0.0014551878,0.00046158605
-0.003702170740568722,-0.00047761202,0.00046226385
-0.003644353972257375,-0.0012485385,0.0004621773
-0.003587514767286304,-0.001147151,0.00046228748
-0.0034437706879377195,-0.0016483068,0.00046230727
-0.003336446209170063,-0.0021483898,0.0004619457
-0.003309745796136465,-0.00075405836,0.00046206408
-0.003275154353612253,-0.00046259165,0.00046264165
-0.0032417760963751596,-0.0001977086,0.00046654732
-0.003144200307653444,-0.0017129779,0.00046196746
-0.0030318867269570893,-0.00085127354,0.00046226342
-0.002878653363977135,-0.0010046959,0.00046208917
-0.002852208660120037,-0.0009957552,0.00046231883
-0.0028385149733670123,-0.0018312931,0.00046164126
-0.0027075584569798417,-0.00082439184,0.0004622711
-0.0026234356512005452,-0.0010942817,0.0004623099
-0.0024330965157804973,-0.0012938976,0.00046220244
-0.002424717017100231,-0.0007452965,0.00046045898
-0.002372259443620961,-0.0016489029,0.00046165596
-0.002361134195747794,-0.0018088222,0.00046132595
-0.002276077406973054,-0.00034743547,0.00046229226
-0.0022182243012802694,-0.0009044409,0.0004622993
-0.0021614482082592534,1.7166138e-5,0.00046258568
-0.0020176563157802696,-0.0010877252,0.00046231863
-0.0019103968609649469,-0.0017263293,0.00046191493
-0.0018837174864931305,-0.0012413859,0.00046171437
-0.0018490552828425155,-0.0013822913,0.000462365
-0.001815644511995007,-0.0014796853,0.00046636586
-0.0017181222733443913,-0.0013692975,0.0004623256
-0.0016057666178589947,-0.00097221136,0.00046241167
-0.0014525982790647984,-0.0006405115,0.00046203774
-0.0014261038521761749,-0.0009486675,0.0004622672
-0.0014124780578457785,-0.0013942719,0.00046162689
-0.001281471815859081,-0.0008186102,0.00046235896
-0.0011973107613963974,-0.0010703802,0.00046231606
-0.0010069859704290862,-0.0015972257,0.0004622351
-0.0009986561957142093,-0.0010059476,0.00046043788
-0.0009462158342241067,-0.0011547804,0.00046171222
-0.0009351154475165657,-0.0006453991,0.00046167095
-0.0008499850291450728,-0.0011614561,0.00046222858
-0.0007920955870046598,-0.00095045567,0.00046231196
-0.0007353816487652987,-0.00061535835,0.00046248245
-0.0005915409883220368,-0.0018230081,0.00046211475
-0.0004843475132267905,-0.00025719404,0.0004620016
-0.0004576882208486843,-0.0008544922,0.00046194665
-0.0004229562113723939,-0.0013777614,0.00046224552
-0.00038951197324799125,-0.0012668967,0.0004664648
-0.0002920442390353384,-0.0008981228,0.00046217468
-0.00017964650829399575,-0.00046426058,0.00046240538
-2.6543193685613087e-5,-0.001359582,0.00046184586
0.0,-0.0028038025,0.00046174743
1.3558857675399771e-5,-0.00019460917,0.00046183553
0.00014461386902708817,3.695488e-6,0.00046268318
0.0002288141284077505,-0.0010839701,0.00046235914
0.000419123619621542,-0.00039964914,0.00046241793
0.00042740367013760494,-0.0014372468,0.00046011814
0.00047982681893810053,-0.0006105304,0.000461726
0.000490902344246591,-0.0007535219,0.00046191664
0.0005761083058513083,-0.00035101175,0.00046223364
0.0006340340830386371,-0.00066912174,0.00046239054
0.0006906849107286561,-0.001298964,0.00046244476
0.0008345743391361404,-0.00043350458,0.00046242654
0.0009417018335776128,-0.00076812506,0.00046229063
0.0009683410457295705,-0.0005015135,0.00046205614
0.0010031428610315363,-0.00080019236,0.00046255975
0.001036619610431777,-0.0014477968,0.00046645154
0.0011340337955071944,-0.0007817149,0.00046254206
0.0012464735998702348,0.00042545795,0.00046257503
0.001399511890993188,-0.0019390583,0.0004618729
0.0014261048095780549,-0.0002900958,0.00046243408
0.0014395957738969622,-0.00044190884,0.0004616601
0.0015707005089806159,-0.0001243949,0.0004624496
0.0016549390191456514,-0.00068867207,0.00046246848
0.0018452341661402416,-0.0009383559,0.00046239726
0.001853464492457435,-0.0012500286,0.0004605274
0.001905870427867995,-0.00037544966,0.00046174493
0.0019169210913105306,-0.0008996725,0.00046165407
0.0020022016399138254,-0.000536561,0.00046224616
0.002060163754949551,-0.001940012,0.00046235733
0.002116751470222611,-0.0014772415,0.00046226656
0.0022606896665943177,-0.0008561611,0.00046228967
0.0023677511803819606,1.4305115e-6,0.00046214115
0.0023943693563067137,-0.00073355436,0.0004617994
0.002429241932501658,-0.0018416047,0.0004621767
0.002462751194578394,-0.0007818341,0.0004666704
0.0025601118291159186,-0.0006740689,0.0004623624
0.002672593707567561,-0.0004531741,0.0004626862
0.002825566018970549,-0.0011430383,0.00046218117
0.0028522096191561097,-0.00084745884,0.00046243434
0.0028656317348177973,-0.00046771765,0.00046176394
0.0029967871484671837,-0.0012216568,0.00046230457
0.0030810639089497993,-9.530783e-5,0.00046259435
0.003271343756424294,-0.0012354851,0.00046240506
0.0032795243585426737,-0.00072580576,0.00046053308
0.0033319140386655066,-0.0002322793,0.0004618464
0.0033429398386078946,-0.00072681904,0.00046181958
0.003428294017274902,-0.0004965067,0.00046237968
0.0034862924706258736,-0.0008752346,0.00046234883
0.0035428180297165657,-0.00018137693,0.00046276176
0.003686804993585646,-0.00063967705,0.0004625093
0.0037938005276532683,-0.00018620491,0.0004620471
0.003820398622885024,-0.00096839666,0.00046172197
0.003855341003504875,-0.0004427433,0.00046243164
0.003888883734259274,-0.0008867979,0.00046649348
0.0039861898634249715,-0.00011885166,0.0004623268
0.004098713816198751,-0.00030958652,0.00046249255
0.004251621102949021,-0.00045841932,0.00046237002
0.004278314427566876,-0.0009381175,0.00046212808
0.00429166865103936,-0.0004658699,0.00046178955
0.004422872833586833,-0.00046384335,0.00046253155
0.004507188798287043,0.0002490282,0.0004625924
0.004697453346474978,-0.00086283684,0.0004625355
0.004705584224394488,-0.00087046623,0.00046028462
0.004757956692995002,-0.00058180094,0.00046191848
0.004768958586372218,-0.00027167797,0.00046175765
0.004854387350403666,3.695488e-6,0.00046243804
0.004912422140669115,-0.00061899424,0.00046247276
0.004968884589443945,-0.00044751167,0.00046247194
0.005112919364809232,2.3007393e-5,0.00046261295
0.0052198498756249045,-0.0009608269,0.0004619913
0.00524642788852947,-0.0003656149,0.00046193498
0.005281440074974997,3.695488e-6,0.00046259598
0.005315015317238658,-0.0008929372,0.00046628088
0.0054122678986678885,-0.0006517768,0.0004623246
0.00552483392576375,-0.00027668476,0.00046255617
0.0056776761878613025,0.00018846989,0.00046239537
0.0057044192357441625,-0.00025957823,0.0004626015
0.005717705566794018,-0.00051534176,0.00046203783
0.005848959474941073,-0.00058579445,0.00046240393
0.005933313687157327,3.695488e-6,0.0004625547
0.006123563892760198,-0.0008390546,0.00046262032
0.006131645046480894,-0.00058323145,0.00046031259
0.006184000302158377,-0.00026905537,0.00046183358
0.006194977334836871,1.9311905e-5,0.00046176522
0.006280479729165456,-0.00022149086,0.00046257145
0.006338550855645109,0.0005277395,0.0004625746
0.0063949511491713795,-8.1300735e-5,0.0004625963
0.006539034693201273,-0.00019079447,0.00046259598
0.006645898266895045,-0.000684917,0.00046202453
0.006672456198639709,-0.00049608946,0.00046190896
0.006707539147378927,-8.440018e-5,0.00046254884
0.006741147856919538,0.0003669262,0.00046666432
0.006838345932976941,-0.00040262938,0.00046251994
0.006950954034394885,-7.4505806e-5,0.0004624933
0.007103731273007063,-0.0008907318,0.0004622038
0.007130523088620722,-0.00018674135,0.00046246857
0.007143742482081772,-0.0002925396,0.00046192502
0.00727504515819305,0.00013506413,0.00046250506
0.007359438577895283,-0.0005261302,0.0004625008
0.007549673482810826,-0.00018382072,0.00046253853
0.007557704912332708,-0.00036275387,0.0004602023
0.0076100439115551755,-0.0014379025,0.00046159173
0.007620996082834619,-0.00020569563,0.00046182546
0.007706573064161837,-0.00031977892,0.00046245893
0.007764680527322543,-0.0006207824,0.00046258702
0.007821017707731526,-0.0005492568,0.00046254977
0.00796515002065945,-0.00074386597,0.0004626379
0.008071947613232489,-0.0007416606,0.00046214386
0.00809848546498454,1.4305115e-6,0.00046213626
0.008133637262614457,-0.00013196468,0.00046257823
0.008167279440365827,3.695488e-6,0.00046653795
0.00826442396681909,-0.0008813739,0.00046246668
0.008377074143026075,-7.522106e-5,0.00046245978
0.008529786357919344,-0.0010743737,0.0004621626
0.008556627897965297,0.00023531914,0.00046254456
0.008569778442302167,0.00024294853,0.00046179036
0.008701130842612315,3.695488e-6,0.00046256604
0.00878556346863324,-0.00027281046,0.00046270096
0.00897578307239455,-0.00053822994,0.00046249726
0.008983765734419058,-0.0006201267,0.0004605523
0.009036086565184287,1.4305115e-6,0.0004619436
0.009047014829665134,0.00090277195,0.00046210832
0.009132665441055954,-1.4305115e-6,0.00046239852
0.009190809242065057,-4.4107437e-5,0.00046250902
0.00924708426722548,3.695488e-6,0.0004626115
0.009391264391416132,0.00045514107,0.0004627112
0.009497996960036836,1.4305115e-6,0.00046228804
0.009524513775328203,-0.00081020594,0.0004619305
0.00955973633315077,0.00032424927,0.00046259124
0.009593411023812115,-0.00035965443,0.00046662803
0.009690502001128198,0.00033807755,0.00046253036
0.00980319425189069,-0.0001232624,0.00046256153
0.009955840485663225,-0.0009046793,0.00046219668
0.009982732707076447,0.0005555153,0.0004625264
0.009995815359224114,0.00020730495,0.00046198495
0.010127217483266171,-0.0002349019,0.00046247194
0.010211688357503579,9.846687e-5,0.00046275728
0.010401893619380154,-0.00017869473,0.00046247922
0.010409825600270872,0.0010362864,0.00046053587
0.010462130175981854,-0.00051802397,0.00046126344
0.010473032620727907,-0.0007864833,0.00046140875
0.010558758775118526,-0.0004413724,0.00046253245
0.010616938912575258,-6.842613e-5,0.00046246045
0.010673150827653244,-0.00042319298,0.00046281802
0.010817379718874365,3.695488e-6,0.00046257797
0.010924046308008473,1.4305115e-6,0.00046218923
0.010950543041906513,0.0003707409,0.00046209988
0.010985835404854316,3.695488e-6,0.00046275434
0.011019543564426804,-0.0005506873,0.00046660166
0.011116580036137635,-0.00021725893,0.00046254488
0.011229314359821496,-3.796816e-5,0.0004626355
0.011381895569875178,1.4305115e-6,0.0004623943
0.011408837515253734,5.2928925e-5,0.0004625867
0.011421852275445676,-0.00057703257,0.00046190587
0.011553303167452011,-0.0002964735,0.00046243588
0.011637813247307671,-0.00086581707,0.0004625565
0.011828003210131166,0.00014233589,0.00046287768
0.011835885465655782,-0.0002526641,0.00046033086
0.011888172829610966,1.4305115e-6,0.00046171108
0.01189905136919256,-0.0004041791,0.0004619154
0.011984852109414523,0.0001283884,0.00046245224
0.012043067627317772,1.0848045e-5,0.00046254997
0.012099217387147199,5.733967e-5,0.00046277794
0.012243495047032926,1.168251e-5,0.00046275565
0.012350095655980164,1.4305115e-6,0.00046232832
0.012376571351082888,0.00033044815,0.00046236932
0.012411934476557918,-0.0006996393,0.0004625906
0.012445675147873092,0.00036907196,0.00046673085
0.012542658070680113,-0.00033074617,0.00046266045
0.012655434468452631,0.00069236755,0.00046269412
0.012807950655254363,0.0005694628,0.00046226996
0.012834941367896813,-0.00010752678,0.00046248332
0.012847888234965743,0.00064229965,0.00046206807
0.012979389807872443,3.695488e-6,0.00046255346
0.013063938138045628,0.00015211105,0.00046273964
0.01325411279971489,3.695488e-6,0.00046272777
0.013261946287742188,-0.00053167343,0.00046065508
0.01331421643854086,0.00010359287,0.0004620585
0.013325070117657267,-0.00047659874,0.00046198047
0.013410944487475984,0.00083220005,0.0004627154
0.013469197298294822,-0.00041741133,0.00046252922
0.013525283946174249,3.695488e-6,0.0004627731
0.013669610374724583,-0.00047516823,0.0004626379
0.013776145002784512,1.4305115e-6,0.00046240323
0.013802600617661198,1.4305115e-6,0.00046208722
0.013838033548027984,0.0003451109,0.00046294567
0.013871806730852476,-0.0003412962,0.0004664278
0.013968735147820766,3.695488e-6,0.0004628108
0.01408155457801763,-0.00059247017,0.00046266327
0.014234005740633549,-0.0006222725,0.0004620893
0.014261046176774483,-0.00013160706,0.000462584
0.014273925151187306,-0.00036752224,0.00046194743
0.014405475492058228,9.059906e-6,0.00046276112
0.014490063027849776,-0.00014472008,0.00046278862
0.01468022238883171,-0.00013506413,0.00046275923
0.01468800615452781,-0.00021708012,0.00046105246
0.014740260047937659,-8.4638596e-5,0.0004620397
0.014751088864954631,0.00048291683,0.0004622312
0.014837037821538501,-0.0009775758,0.0004627852
0.014895326013037335,0.00026643276,0.00046258286
0.014951350506368533,-5.0008297e-5,0.00046267905
0.01509572474501436,1.6212463e-5,0.00046289753
0.015202194349355436,0.00066816807,0.00046259808
0.015228628928004861,-8.559227e-5,0.0004623583
0.01526413262019849,-3.993511e-6,0.00046282556
0.015297939269599492,0.0013319254,0.00046664296
0.01539481318166297,2.336502e-5,0.00046274654
0.015507673730414229,-0.00026392937,0.00046259467
0.01566005986861091,1.4305115e-6,0.00046255498
0.015687150985885634,-0.0003722906,0.0004626774
0.015699962068342732,1.4305115e-6,0.00046214773
0.01583156213247866,4.4465065e-5,0.00046284258
0.015916187917186964,3.695488e-6,0.000462658
0.016106332936050793,0.0010068417,0.00046288743
0.016114066976614216,0.00021839142,0.00046096346
0.016166302702500635,-1.4603138e-5,0.00046205532
0.01617710665578398,-6.54459e-5,0.0004621539
0.016263130199366482,-4.0233135e-5,0.00046259878
0.01632145568494825,-0.0006633401,0.00046252043
0.01637741706656287,3.695488e-6,0.00046266138
0.016521840072472538,0.00022482872,0.00046282084
0.016628242739691768,0.00063586235,0.00046264887
0.016654658194349692,-0.00043219328,0.0004622229
0.0166902307356675,3.695488e-6,0.00046280283
0.01672407085397959,-0.00050103664,0.00046654153
0.016820891216672407,-1.5974045e-5,0.00046268536
0.01693379383857846,3.695488e-6,0.00046260905
0.017086114952355902,-0.00056654215,0.00046232637
0.017113254839229097,0.0005668402,0.0004628165
0.017125998028329703,0.00043427944,0.0004622022
0.01725764781619754,-4.2557716e-5,0.0004626948
0.01734231280699111,0.00010681152,0.00046296287
0.01753244252703523,0.00029098988,0.00046302535
0.01754012684199907,0.0018148422,0.00046124237
0.017592346312831242,1.4305115e-6,0.00046206889
0.01760312540284792,-0.00042188168,0.00046233318
0.017689223533429055,-6.020069e-6,0.00046270774
0.017747585355925355,3.695488e-6,0.00046253848
0.017803483625589922,3.695488e-6,0.00046287262
0.01794795540086458,-0.00016474724,0.0004625284
0.01805429208789683,-0.00033706427,0.0004623096
0.01808068650445993,0.0003786087,0.00046246088
0.018116329806203757,0.00033783913,0.0004628204
0.018150203394594333,3.695488e-6,0.0004667429
0.018246969251681844,3.695488e-6,0.00046263577
0.018359913947676554,0.0004557371,0.00046277407
0.018512170037268183,1.4305115e-6,0.00046250998
0.018539359648106768,-0.0001232028,0.00046271074
0.01855203494385088,-0.00067573786,0.00046209924
0.01868373350038338,0.00023818016,0.00046291904
0.01876843769679526,-9.953976e-5,0.00046290283
0.01895855211615205,-0.0002836585,0.000462852
0.018966186706917076,-0.00088465214,0.00046075677
0.01901838896599345,0.00012588501,0.0004622072
0.01902914415154605,0.0009379387,0.0004623472
0.019115315911257036,0.00084650517,0.00046283662
0.019173714070200965,3.695488e-6,0.00046281356
0.019229550184383493,0.00066268444,0.00046304584
0.01937406977208822,-6.16312e-5,0.00046276653
0.01948034143563504,1.4305115e-6,0.0004625023
0.019506715770104377,-0.0002644062,0.00046224266
0.019542428877206974,3.695488e-6,0.00046289165
0.019576334977106757,-0.000751853,0.00046668656
0.019673047285523992,3.695488e-6,0.00046281816
0.019786034057241553,-0.00044840574,0.0004626814
0.019938224166412832,0.00087821484,0.00046270003
0.019965464456517534,-0.00036597252,0.00046265122
0.019978070903137468,-0.0003950596,0.00046215957
0.020109820141737567,0.0007930994,0.00046297658
0.020194562586599407,3.695488e-6,0.000462917
0.02038466266197042,-0.00097090006,0.00046275288
0.020392247529003482,0.0007094145,0.00046123707
0.020444432575390303,9.000301e-5,0.0004620298
0.020455161943776112,-1.4841557e-5,0.00046222156
0.02054140828908496,-0.00085890293,0.00046271528
0.020599843740244206,3.695488e-6,0.00046282946
0.020655615787876336,-0.00015026331,0.0004628422
0.020800185099079493,0.00074899197,0.0004628914
0.020906390782439388,-0.00032687187,0.00046247267
0.02093274408044804,-0.00029963255,0.000462212
0.02096852794937748,-0.00066429377,0.00046292812
0.021002466560786526,7.5101852e-6,0.00046660114
0.02109912531913266,3.695488e-6,0.00046285885
0.021212154165405783,3.695488e-6,0.000462917
0.021364279251091634,1.4305115e-6,0.0004625943
0.021391568309160613,-0.0002732277,0.00046276685
0.021404107819359086,1.4305115e-6,0.00046238856
0.021535905825923407,-3.4749508e-5,0.00046288152
0.021620687477337308,3.695488e-6,0.00046294823
0.02181077225202105,-1.2457371e-5,0.00046290533
0.021818307395789105,-0.00041776896,0.00046107502
0.021870475228085606,-0.0002116561,0.00046219322
0.021881180690840052,-0.001106739,0.0004618418
0.021967501623381014,0.0006322861,0.0004631165
0.02202597245592053,7.390976e-6,0.00046284345
0.022081682347837195,-0.0005013943,0.00046296036
0.02222630042653767,-0.000741601,0.00046271615
0.02233244012924379,-0.00058704615,0.00046262788
0.02235877334679287,1.4305115e-6,0.0004623042
0.02239462702154793,0.0001219511,0.0004630226
0.022428599101167734,0.00045263767,0.00046647168
0.022525202397440602,0.00052154064,0.0004628916
0.02263827427310311,3.695488e-6,0.0004631278
0.022790334335303586,0.0006530285,0.0004627715
0.022817673118972093,0.0009993315,0.0004629652
0.022830144736514457,1.4305115e-6,0.0004622769
0.022961992465643455,-0.0007889271,0.00046272515
0.023046811410906864,0.000109791756,0.00046315198
0.023236881843005486,-8.881092e-6,0.00046301362
0.023244367261640864,-0.00079262257,0.00046110325
0.023296518838883118,7.1167946e-5,0.00046251318
0.023307199438137416,-0.00022518635,0.0004624883
0.02339359400144242,-0.0003759861,0.0004628236
0.023452101171596906,0.0007915497,0.0004630694
0.02350774890733115,0.000315547,0.00046300914
0.023652414797761312,0.0005950928,0.0004630351
0.023758488520280452,-4.452467e-5,0.00046252506
0.02378480165690311,0.000344038,0.00046236953
0.023820725136316556,0.00017428398,0.0004630151
0.023854730684614023,-0.0006095767,0.00046674508
0.023951280432216615,-0.00027257204,0.00046279698
0.024064394381967724,3.695488e-6,0.00046307943
0.024216389419515483,-0.0008753538,0.00046269633
0.024243777927849763,3.695488e-6,0.00046298077
0.024256180696501428,1.4305115e-6,0.00046236208
0.02438807815006272,3.695488e-6,0.0004631194
0.024472936300244108,-0.00010240078,0.00046310338
0.02466299143305617,3.695488e-6,0.00046327335
0.024670428083260365,-0.0002872944,0.0004611457
0.024722561493446094,0.00033009052,0.00046270332
0.02473321722873334,1.9192696e-5,0.00046254756
0.024819687334571128,-0.00024533272,0.00046293667
0.024878230841640148,-0.00071674585,0.0004629377
0.0249338154663582,3.695488e-6,0.00046306167
0.02507853012521949,0.0012089014,0.0004632205
0.025184537868252088,1.4305115e-6,0.00046266432
0.02521083092324794,-0.00034111738,0.0004623818
0.025246824207086294,-0.00028520823,0.0004630114
0.025280862267593407,3.695488e-6,0.00046692096
0.025377358466759148,-0.00023794174,0.000462921
0.0254905144912993,3.695488e-6,0.00046306048
0.025642443548426652,-0.00035476685,0.00046273755
0.025669881779792514,-0.0009920001,0.00046285358
0.025682217612256086,0.0006957054,0.00046251225
0.025814163834715464,-0.00018918514,0.0004628422
0.025899061189114392,3.695488e-6,0.00046315903
0.02608910197934139,3.695488e-6,0.00046318973
0.02609648794911218,-5.7280064e-5,0.00046102636
0.026148605102375988,-6.836653e-5,0.00046236775
0.026159235976731088,-1.6272068e-5,0.00046237287
0.02624577971263259,3.695488e-6,0.00046315492
0.02630435955661614,0.00089752674,0.0004632681
0.026359881069617563,-0.00030821562,0.00046292593
0.02650464449737694,-0.00043171644,0.0004630472
0.02661058721575682,5.6505203e-5,0.00046278152
0.02663685923335818,4.9591064e-5,0.0004626638
0.0266729232792568,3.695488e-6,0.00046310795
0.026706994807274287,3.695488e-6,0.000466552
0.02680343650130168,0.0004336834,0.00046311092
0.026916633643695842,0.000461936,0.00046313822
0.027068498634039317,-0.0002939701,0.00046287038
0.0270959865879698,3.695488e-6,0.00046323356
0.02710825357130925,-0.0006927848,0.00046230273
0.02724025047513584,3.695488e-6,0.00046336354
0.027325186079852348,3.695488e-6,0.00046317844
0.027515211569392017,7.1287155e-5,0.00046314896
0.027522547815897802,-0.00046366453,0.00046107054
0.027574647755538195,0.00020313263,0.00046261592
0.02758525376896115,0.00021731853,0.000462709
0.02767187304739549,0.00047767162,0.00046334625
0.027730489228293576,-0.0009614229,0.0004630513
0.027785947629111518,3.695488e-6,0.00046322326
0.027930759824835116,-0.001357615,0.00046301953
0.028036636562094264,-5.3584576e-5,0.000462807
0.02806288849970301,0.0007867813,0.00046281345
0.02809902235166073,3.695488e-6,0.00046310367
0.028133126390720575,3.695488e-6,0.00046688842
0.028229513579376142,3.695488e-6,0.00046329084
0.028342753752327032,-0.00044751167,0.0004630464
0.02849455371801779,0.00014603138,0.000462802
0.02852209139778128,0.00025451183,0.0004634864
0.028534290487764236,1.4305115e-6,0.00046232925
0.028666336158854777,0.00057959557,0.0004633756
0.028751310970590305,0.0005053282,0.00046337664
0.02894132115897574,0.0005533695,0.0004634039
0.0290006913654019,0.00034081936,0.00046232308
0.029011272516725417,1.4305115e-6,0.00046256883
0.02909796542522347,0.00031387806,0.00046331366
0.02915661794303609,0.00045847893,0.0004633494
0.029212014188838897,3.695488e-6,0.00046337044
0.02935687515182639,0.001098156,0.00046359145
0.029462684952664075,0.00022780895,0.0004628899
0.029488916809346344,1.4305115e-6,0.00046257212
0.029525120466195875,3.695488e-6,0.00046308528
0.029559257974166864,0.000516057,0.0004669143
0.029655591613685195,-0.00042641163,0.00046308246
0.029768873861191647,0.0007172823,0.00046337777
0.02992060784576167,0.00043809414,0.00046293554
0.029948195251124743,-0.00024712086,0.0004630862
0.02996032644845159,0.00012588501,0.00046257785
0.030092421842573658,0.00065767765,0.0004633585
0.030177435859460644,-0.0004980564,0.00046340603
0.03036743074902637,-0.0006136894,0.00046321625
0.030374668502902158,0.00042307377,0.00046148166
0.030426734019964874,-0.000528872,0.0004622599
0.030437290307788245,-0.00021445751,0.0004622558
0.03052405875881914,-0.0005662441,0.00046309992
0.03058274761354629,-0.00045114756,0.00046324337
0.03063807979233174,4.4941902e-5,0.00046338054
0.03078298952305003,3.695488e-6,0.00046346363
0.030888734300635712,-0.00022494793,0.00046276633
0.030914945119456527,1.4305115e-6,0.00046270393
0.03095121953696567,0.001294136,0.0004635897
0.030985390514781552,-0.00050872564,0.0004670617
0.031081669647994248,3.695488e-6,0.00046310973
0.031194993969122453,-0.00038331747,0.00046329846
0.03134666292997357,1.4305115e-6,0.0004628632
0.031374300059302085,0.00027692318,0.00046315105
0.03138636336467315,-0.00010687113,0.00046248964
0.031518508483460994,-0.0005722642,0.00046318962
0.031603560749498216,0.00012648106,0.00046365397
0.03179354129624545,0.0004490614,0.00046345365
0.03180072836828707,-0.00042021275,0.00046139318
0.03185277762982858,-0.00033789873,0.00046228062
0.03186330905555251,1.4305115e-6,0.0004626955
0.031950151135946736,0.0008803606,0.00046337108
0.03200887632828875,0.00030827522,0.00046340434
0.032064146351825695,0.0002785921,0.00046342658
0.03220910485120859,3.695488e-6,0.00046345775
0.03231478364860735,1.4305115e-6,0.0004629267
0.03234097438580136,-0.00083214045,0.0004625335
0.03237731860843579,-0.00090777874,0.00046313615
0.03241152209822784,0.00033402443,0.00046693056
0.032507747682303356,0.0002090931,0.00046331252
0.03262111407775359,-0.00033009052,0.0004632629
0.03277271705911822,-0.0005797148,0.00046295734
0.032800404868179756,-4.9114227e-5,0.00046336045
0.03281239932419322,0.00078845024,0.00046275626
0.03294459416858064,-0.0006503463,0.00046312957
0.03302968564000269,0.00048708916,0.0004638204
0.03321965088629608,-0.00044173002,0.0004633474
0.03322678823413888,4.5657158e-5,0.00046158204
0.03327882028275736,1.7642975e-5,0.00046280463
0.033289326847082246,1.4305115e-6,0.00046259593
0.033376243514475046,-0.001036942,0.00046342306
0.033435005999265854,2.849102e-5,0.0004634524
0.03349021195508506,-0.00031256676,0.00046339506
0.03363521922266566,0.00022387505,0.00046344692
0.033740832995411696,1.4305115e-6,0.00046315746
0.033767002696145076,1.4305115e-6,0.000462756
0.03380341768083972,-0.00022113323,0.0004634539
0.033837653681207225,-0.00019025803,0.0004668863
0.03393382476037782,-0.00020182133,0.00046331465
0.03404723418731859,0.0005967617,0.00046368098
0.0341987721444974,0.0013222694,0.00046337713
0.03422650872105626,0.00088107586,0.00046350333
0.03423843624041478,1.4305115e-6,0.00046251583
0.034370679852299524,3.695488e-6,0.00046335655
0.03445580957357225,3.695488e-6,0.00046376174
0.0346457604754129,0.00111413,0.00046370836
0.034652849057159096,0.0003117323,0.00046182383
0.03470486293568609,0.000954628,0.00046283394
0.03471534559484657,0.00017917156,0.00046271042
0.03480233684947143,1.168251e-5,0.00046341843
0.03486113471400837,-0.0001655817,0.00046351808
0.03491627851387863,3.695488e-6,0.0004633144
0.035061334549190026,-0.00021660328,0.00046333883
0.03516688138574803,1.4305115e-6,0.0004629632
0.03519303100648874,0.00025308132,0.00046284814
0.03522951579607525,3.695488e-6,0.00046356375
0.03526378622018772,-0.00013273954,0.00046694253
0.035359902794219966,3.695488e-6,0.0004635161
0.035473353339715186,-0.00015729666,0.00046339078
0.0356248272287093,1.4305115e-6,0.00046309465
0.03565261353016741,0.0012692213,0.0004635884
0.03566447220040175,-0.0008018017,0.0004625446
0.0357967655355515,3.695488e-6,0.0004636587
0.03588193446290944,-0.00052416325,0.00046348965
0.03607187006569701,-0.0006541014,0.00046334995
0.036078908923010855,0.00010919571,0.0004618139
0.036130906545549846,-0.00028795004,0.00046292442
0.036141363386609726,9.4652176e-5,0.00046280364
0.036228429226599024,0.0011358261,0.00046362123
0.03628726438591928,-0.00015640259,0.00046333784
0.03634234507360601,0.0003553629,0.00046362286
0.0364874498761813,-0.0008314848,0.00046324922
0.03659293073231895,0.0011211634,0.00046325664
0.03661906027189976,-0.00018554926,0.0004629613
0.03665561486754537,-0.00015050173,0.0004635531
0.03668991780433434,6.723404e-5,0.00046695734
0.036785980828529075,3.695488e-6,0.00046341753
0.036899473447879416,-0.0004284978,0.0004633999
0.037050881356219756,-0.0005057454,0.00046310775
0.03707871738281049,-0.0011793375,0.00046338563
0.03709050911662337,3.8146973e-5,0.00046292285
0.03722285217620536,0.00048565865,0.0004635451
0.037308059352713585,0.0003182888,0.00046375088
0.03749797965644802,3.695488e-6,0.00046351936
0.037504968788395765,-0.000106334686,0.0004615059
0.037556949200112766,-0.0005592108,0.0004627824
0.037567382133673666,-0.0002695918,0.00046286924
0.03765452160466043,-1.7881393e-5,0.00046331467
0.037713393100661796,3.695488e-6,0.00046349838
0.037768410677332276,3.695488e-6,0.00046381663
0.03791356424833875,-0.00025570393,0.000463598
0.03801898008052407,-0.00070112944,0.00046314878
0.03804508858201,-6.324053e-5,0.00046286942
0.038081713939015494,6.425381e-5,0.00046367737
0.03811605034494908,-5.9843063e-5,0.00046693266
0.038212057907537345,0.0005016327,0.0004635243
0.038325593556510607,3.695488e-6,0.0004636895
0.03847693644183242,-0.00021833181,0.00046328903
0.03850482219168816,0.0005309582,0.00046345775
0.03851654507684377,0.00052821636,0.00046306167
0.03864893786109158,-0.00047826767,0.00046366418
0.03873418424251773,-0.00038939714,0.00046378735
0.03892408924649865,4.4345856e-5,0.00046380324
0.03893102865331377,-0.0003529787,0.00046133695
0.03898299280997647,-2.8252602e-5,0.00046300143
0.03899339992520334,0.0013586283,0.00046302332
0.039080614939189906,-4.6789646e-5,0.00046329852
0.039139521814937406,0.0004606247,0.00046353304
0.03919447723705971,-0.00034797192,0.00046365766
0.03933967957626383,3.33786e-5,0.00046356439
0.03944502847226111,-0.00011861324,0.00046321008
0.039471116892353664,1.4305115e-6,0.00046290157
0.039507812053784064,0.0001654625,0.00046369893
0.039542181927694986,0.00014770031,0.00046712742
0.0396381359418464,-0.00040143728,0.0004635288
0.03975171366607555,0.0007184744,0.00046380013
0.039902990571210495,1.4305115e-6,0.00046329718
0.03993092604433124,-0.0005375743,0.00046353272
0.039942581992365,-0.00014454126,0.0004628993
0.040075023545277366,0.00012850761,0.00046364215
0.04016030913232188,4.4345856e-5,0.00046370245
0.040350199792316965,-0.00048971176,0.00046355
0.040357089476333985,0.00011062622,0.00046174077
0.04040903546313873,-8.815527e-5,0.00046290268
0.0404194177169665,-0.00013715029,0.0004627933
0.04050670731725137,-0.0010486245,0.0004634203
0.040565651485914456,-0.00036031008,0.00046353292
0.04062054283961869,1.5258789e-5,0.00046351622
0.04076579394702057,0.0006598234,0.00046356136
0.040871077818832036,-0.00029563904,0.0004632
0.04089714615893192,0.0009727478,0.00046317713
0.040933911125254185,-0.00021880865,0.00046367876
0.0409683135113747,0.00071024895,0.00046710574
0.04106421301922053,-8.916855e-5,0.00046350912
0.04117783281847215,-0.0002861023,0.0004635497
0.04132904565495549,-0.00016224384,0.00046331494
0.04135703085320891,-0.0009291172,0.00046364008
0.04136861795235197,0.00014352798,0.00046307006
0.0415011092289963,0.00010204315,0.00046354308
0.04158643306682519,-3.7014484e-5,0.00046386727
0.04177630938236765,0.00056278706,0.00046411264
0.04178314934311961,0.0005890131,0.00046200384
0.041835078115834035,1.4305115e-6,0.00046302174
0.04184543646496425,1.4305115e-6,0.00046287838
0.041932799694378964,-6.264448e-5,0.00046374748
0.041991780201590834,-6.365776e-5,0.00046356063
0.042046609399112644,-7.867813e-6,0.00046363077
0.042191909274478745,0.0001283884,0.00046359768
0.04229712716563638,0.0001308918,0.0004635178
0.04232317446904216,-0.0009228587,0.00046309055
0.042360010197658116,3.695488e-6,0.00046377513
0.04239444605152248,-0.00071007013,0.0004669119
0.042490291052829254,0.0002988577,0.00046367582
0.042603952926169475,-0.00042128563,0.00046373095
0.042755100739167384,-0.0004287362,0.0004634607
0.04278313566208658,3.695488e-6,0.00046383182
0.04279465486880696,-0.0005581379,0.00046280288
0.04292719586941668,-0.00021958351,0.00046371276
0.04301255795662934,0.0007967949,0.00046393377
0.043202418973352086,3.695488e-6,0.00046373912
0.04320920920803756,1.4305115e-6,0.00046218722
0.043261121726631546,0.00061511993,0.00046308487
0.04327145425649398,0.00086402893,0.00046305286
0.04335889302844148,3.695488e-6,0.0004637049
0.043417909872567884,0.0002270937,0.00046381983
0.043472675003305816,0.0005071163,0.00046374282
0.043618023645702386,0.0003722906,0.00046370344
0.04372317651337454,-0.00011754036,0.0004633813
0.04374920277845201,-4.553795e-5,0.00046307698
0.043786108312893646,3.695488e-6,0.00046375123
0.04382057763496877,1.0967255e-5,0.00046699308
0.043916369088072116,-0.00028276443,0.00046373994
0.04403007303503409,3.695488e-6,0.00046373214
0.044181154867144745,1.4305115e-6,0.00046343062
0.04420923951496314,0.0008357763,0.00046391203
0.04422069082902741,0.00047552586,0.00046340434
0.04435328155453633,0.00031995773,0.0004637863
0.04443868284596658,-0.00012654066,0.000463789
0.044628528563402714,3.695488e-6,0.00046389614
0.04463526907342247,-0.0006953478,0.00046164863
0.04468716438119452,-9.435415e-5,0.00046318275
0.04469747300332444,-0.00025254488,0.0004628136
0.04478498540626946,6.759167e-5,0.00046379754
0.04484403858661001,-0.00024545193,0.00046373744
0.04489874156279977,-0.00049984455,0.00046359497
0.045044138973160563,-0.00068223476,0.00046366162
0.045149224905345064,-9.059906e-6,0.0004633356
0.04517523108879573,1.4305115e-6,0.0004631576
0.04521220738366344,0.000697732,0.00046392423
0.04524670921864854,-0.00013905764,0.00046705117
0.04534244616684696,0.00042390823,0.00046386593
0.045456193144365664,0.0004825592,0.0004638062
0.045607209952290506,0.00022089481,0.00046351962
0.04563534432407429,-0.0005325079,0.00046352734
0.04564672774524897,1.4305115e-6,0.00046314317
0.04577936723872211,-0.00025326014,0.00046393785
0.045864807734836865,0.0003629923,0.00046394445
0.04605463815298644,5.197525e-5,0.0004638079
0.04606132989550887,1.4305115e-6,0.00046198815
0.046113207990124416,-0.00051647425,0.00046300245
0.046123490795087596,-0.0010913014,0.00046266557
0.04621107778433087,0.00016152859,0.0004636787
0.04627016730158601,0.00049877167,0.00046391372
0.04632480716559223,3.695488e-6,0.00046404885
0.04647025334461763,0.0007263422,0.00046399081
0.04657527425214947,1.4305115e-6,0.00046342597
0.046601260355607466,7.379055e-5,0.0004632629
0.046638306455366985,3.695488e-6,0.00046385464
0.046672841758562844,0.00034201145,0.00046723973
0.046768524200455686,3.695488e-6,0.000463692
0.04688231229676221,-0.00047528744,0.00046376
0.04703326408166858,0.0005937815,0.0004636375
0.04706144817578356,-0.00022983551,0.00046374134
0.047072763704302134,-0.00047260523,0.00046315123
0.04720545292290795,0.00085771084,0.00046392207
0.04729093262557482,-0.0006593466,0.00046391322
0.04748074774303712,-0.000538826,0.0004637382
0.047487389762294496,0.00041496754,0.00046202957
0.047539250643286624,0.00055241585,0.0004631182
0.04754950858685075,-0.00011229515,0.00046300958
0.04763717111862692,0.0010210276,0.0004638879
0.04769629697303002,0.0002270937,0.00046390394
0.047750872767917785,3.695488e-6,0.00046388523
0.047896368672309286,-0.0012123585,0.00046377763
0.04800132264225232,1.4305115e-6,0.00046360778
0.04802728866595113,0.0005258322,0.00046337387
0.04806440457106942,-0.0006611943,0.00046387856
0.048098973341075324,-0.0003362298,0.00046714494
0.04819460127806324,-0.00042539835,0.00046358525
0.048308432404926493,5.185604e-5,0.000464032
0.04845931916588048,4.029274e-5,0.00046365793
0.04848755298559504,0.0009123087,0.00046410956
0.048498799664522585,0.00017619133,0.00046322533
0.048631538607093794,-0.00018548965,0.00046375155
0.04871705656007819,5.1021576e-5,0.00046399765
0.04890685733308775,-4.464388e-5,0.00046388176
0.04891344962814631,-0.00010621548,0.00046227608
0.048965293296915735,6.604195e-5,0.000463209
0.048975526378380485,-0.00061923265,0.0004627969
0.0490632634964549,-8.7201595e-5,0.00046371965
0.04912242568777253,-0.00030368567,0.0004638498
0.04917693932834555,3.695488e-6,0.00046396567
0.04932248304353287,0.00023448467,0.00046397216
0.04942737198905667,1.4305115e-6,0.0004637752
0.049453316975360984,-0.00053322315,0.00046323193
0.04949050364277302,-2.5570393e-5,0.0004639393
0.04952510492475504,3.695488e-6,0.00046703056
0.04962067931307268,0.00031507015,0.00046427615
0.04973455251355763,0.0015217066,0.0004641578
0.04988537329339088,-3.7431717e-5,0.00046361753
0.04991365683917193,-0.00086659193,0.00046382486
0.04992483658097757,0.0016829967,0.00046355577
0.050057624290812675,-0.00072062016,0.0004638995
0.05014318144894847,-0.000402987,0.0004639837
0.05033296692313838,-1.2993813e-5,0.00046407653
0.05033950949306426,0.00035595894,0.00046233082
0.0503913369077133,-0.00061416626,0.0004632946
0.05040154512614475,1.4305115e-6,0.00046314343
0.050489355874282826,-0.00042039156,0.00046401095
0.05054855535898306,-0.00040751696,0.00046374014
0.05060300493253872,3.695488e-6,0.00046397402
0.050748598370991105,-0.0002271533,0.00046396544
0.050853421337028304,0.00044572353,0.00046391768
0.05087934528500432,0.0009974241,0.00046345193
0.05091660271354276,3.695488e-6,0.00046405505
0.0509512374651363,1.0371208e-5,0.00046727055
0.051046756391847525,0.0005170107,0.00046401203
0.05116067262218882,-3.3318996e-5,0.0004641032
0.05131142837760283,-0.00073480606,0.00046368653
0.05133976164711579,0.0005990267,0.00046404765
0.05135087254096454,0.00062048435,0.00046353915
0.051483710931233106,3.695488e-6,0.00046398366
0.051569306338285714,3.695488e-6,0.0004640148
0.0517590774694236,3.695488e-6,0.0004639653
0.05176556935844917,-0.00065904856,0.0004622235
0.051817379561342414,1.4305115e-6,0.0004634145
0.051827562917674486,0.00013172626,0.00046334337
0.0519154482516439,-0.0002683401,0.00046380569
0.051974684073959,3.695488e-6,0.0004641897
0.052029070534864275,0.0002681017,0.00046417062
0.0521747127431485,0.00034594536,0.0004640149
0.05227946972876535,-0.00031900406,0.0004637326
0.05230537455134915,0.00012516975,0.0004637004
0.052342700828311384,4.2557716e-5,0.00046416043
0.05237736904858259,-2.9802322e-6,0.000467029
0.052472834425689674,3.695488e-6,0.00046409664
0.05258679177458536,-0.0009328127,0.00046398558
0.052737482506747424,-7.408857e-5,0.00046373732
0.052765865499291964,-0.00042563677,0.0004639545
0.052776908500951514,-0.00014841557,0.0004634077
0.052909796616119276,0.00042951107,0.0004641014
0.05299543122902367,3.695488e-6,0.00046427318
0.05318518705947428,3.695488e-6,0.00046396657
0.05319162922523479,0.00088119507,0.00046257352
0.0532434222142712,0.00062429905,0.00046359032
0.05325358070920422,-0.00012880564,0.00046329558
0.053341541585706476,-0.00044864416,0.00046392245
0.053400812787767704,3.695488e-6,0.00046415054
0.053455137093891325,-0.00026077032,0.0004641229
0.05360082807060673,-0.0003386736,0.00046395123
0.05370551907556975,-0.00012236834,0.00046381415
0.05373140286215977,-0.0011803508,0.00046334387
0.053768799900481834,0.00035846233,0.0004640754
0.05380350063156192,0.0011042356,0.00046745045
0.05389891150283033,-0.0008211732,0.00046393144
0.05401291188415036,-0.0002605915,0.00046402265
0.054163537592126665,1.4305115e-6,0.00046375918
0.054191970308169635,-0.0004969239,0.00046411686
0.054202945417173076,-0.0015331507,0.00046321235
0.05433588230053854,-0.0004221797,0.0004641171
0.05442155516306013,0.000102996826,0.00046434233
0.05461129664975839,3.695488e-6,0.00046407033
0.0546176900477881,-0.00087833405,0.00046233466
0.054669465823434515,-0.0006213784,0.00046327658
0.05467959850026699,1.4305115e-6,0.00046354294
0.054767633964234785,0.00028383732,0.00046393942
0.054826942458978234,0.0005956888,0.00046430886
0.05488120269715069,3.695488e-6,0.00046419693
0.05502694244089651,3.695488e-6,0.00046413112
0.05513156842214062,6.0796738e-6,0.00046371325
0.055157431172503435,1.4305115e-6,0.00046346188
0.05519489801641775,0.00051891804,0.0004642382
0.0552296331712428,-0.00035876036,0.00046725487
0.05532498953737286,3.695488e-6,0.00046407615
0.05543903199278155,0.00032436848,0.0004643019
0.05558959172010397,4.2557716e-5,0.0004638486
0.05561807416174658,1.5497208e-5,0.00046393258
0.0556289813771601,-0.00046771765,0.00046331456
0.05576196798379052,0.00083482265,0.00046425543
0.05584768005239732,3.695488e-6,0.00046437947
0.05603740624004244,3.695488e-6,0.00046422452
0.05604374991317296,0.0004711151,0.00046262273
0.05609550847706363,1.4305115e-6,0.00046312093
0.05610561629179667,3.1113625e-5,0.00046356826
0.05619372634229619,-0.00027644634,0.00046397126
0.05625307117442113,0.0005310774,0.00046432047
0.05630726830134386,3.695488e-6,0.00046420886
0.05645305776788778,3.695488e-6,0.00046420968
0.05655761681247695,5.710125e-5,0.0004637677
0.056583459481679865,1.4305115e-6,0.00046358703
0.056620997087420966,3.695488e-6,0.00046414003
0.05665576475562295,0.00016224384,0.0004674358
0.056751066616147705,4.6372414e-5,0.000464094
0.05686515114471119,4.017353e-5,0.00046424882
0.05701564680408244,-3.963709e-5,0.00046378857
0.05704417897062425,-8.225441e-6,0.00046407094
0.05705501829291476,-0.00032031536,0.00046344657
0.05718805366750945,-0.00025480986,0.00046418834
0.05727380494220147,0.0005508661,0.0004644068
0.05746351583056003,3.695488e-6,0.0004642684
0.05746980977855787,-0.00038921833,0.0004625117
0.0575215511316266,0.0004862547,0.00046356156
0.05753163503956099,0.000110030174,0.00046355085
0.05761981871919036,3.695488e-6,0.00046413142
0.057679199889163646,-0.0007752776,0.00046411913
0.05773333390460322,0.0009071827,0.00046440132
0.05787917214004523,0.00017142296,0.00046428957
0.05798366616068207,-5.8948994e-5,0.00046389864
0.058009487791323144,0.0003196001,0.00046370047
0.058047095202656496,-0.00090521574,0.00046410516
0.05808189633906918,-0.000893116,0.00046710443
0.05817714465045676,-3.8981438e-5,0.00046399745
0.05829127125334238,-0.00068211555,0.00046409713
0.058441700933227037,1.4305115e-6,0.00046388403
0.058470282822566944,0.00025475025,0.00046429134
0.05848105425290173,1.001358e-5,0.00046358464
0.05861413935262905,-0.00032234192,0.0004641352
0.058699928875771024,0.0003284216,0.00046439862
0.05888962542084414,3.695488e-6,0.00046423293
0.05889586964347587,-7.754564e-5,0.0004627528
0.058947593785255714,-0.00048333406,0.00046377024
0.05895765283109072,-6.920099e-5,0.00046360854
0.059045912053252936,0.00022864342,0.00046421427
0.05910532955967379,-9.88245e-5,0.00046413188
0.059159400463396794,3.695488e-6,0.00046420415
0.059305287467970313,-0.00013548136,0.00046428875
0.05940971455241911,0.00037491322,0.00046395176
0.05943551610143338,-0.0003167987,0.00046369806
0.05947319427412662,0.00044047832,0.00046445648
0.059508028878049735,3.695488e-6,0.0004676266
0.05960322172806437,3.695488e-6,0.00046419926
0.059717391362907324,3.695488e-6,0.00046437574
0.0598677560188397,1.4305115e-6,0.0004638709
0.059896387631678094,-0.00024747849,0.0004641418
0.0599070902128887,-7.0929527e-6,0.00046364786
0.06004022503728179,-5.0783157e-5,0.00046438235
0.060126053765575116,-0.0009675622,0.00046429894
0.06031573501019438,0.0008844137,0.0004645002
0.060321929510261496,1.4305115e-6,0.0004624839
0.06037363739465251,1.4305115e-6,0.0004636357
0.06038367062285388,-6.610155e-5,0.00046355868
0.060472004432014725,-0.00022125244,0.00046412667
0.060531458274416305,-0.00023424625,0.00046438052
0.06058546606688964,-0.0007221699,0.0004643063
0.06073140183872705,-2.4855137e-5,0.0004644394
0.060835763898990036,1.168251e-5,0.00046403223
0.06086154441247743,0.00060391426,0.00046399204
0.06089929334559668,-0.00043320656,0.0004644149
0.06093416046172945,0.0006967783,0.00046733482
0.06102929976237342,3.695488e-6,0.00046431433
0.06114351051530392,3.695488e-6,0.00046454108
0.06129381014635016,1.4305115e-6,0.0004641918
0.06132249148478808,0.0013676882,0.000464593
0.061333126172875674,0.00014615059,0.00046377836
0.06146631072100067,-0.0001885891,0.00046428436
0.061552178655612744,9.3102455e-5,0.00046447726
0.061741844599778106,0.0011086464,0.000464588
0.06174798937704712,0.0002194643,0.00046268158
0.061799680047347816,1.4305115e-6,0.00046369107
0.06180968841368323,1.4305115e-6,0.0004636569
0.06189809680984265,3.695488e-6,0.0004644645
0.06195758699009263,0.00056385994,0.00046457569
0.062011531670615905,0.0008867979,0.0004645418
0.06215751716571832,0.00017786026,0.00046456137
0.06226181228955979,-0.0003822446,0.0004641869
0.06228757272258767,-0.0005337596,0.00046378598
0.062325391460832213,0.00028777122,0.00046461436
0.06236029204564264,-3.8981438e-5,0.0004673147
0.062455376840447885,3.695488e-6,0.0004642078
0.06256963062323473,0.00026869774,0.00046442286
0.06271986523056206,0.0013856888,0.00046442595
0.06274859533743116,-0.00085914135,0.000464207
0.06275916308933066,-0.00014334917,0.00046378415
0.06289239640471961,3.695488e-6,0.0004643619
0.06297830354565032,-8.5771084e-5,0.00046464434
0.0631679541902957,-0.00069975853,0.00046441282
0.06317404924196507,-0.00012040138,0.00046245914
0.06322572270121041,1.4305115e-6,0.00046382233
0.0632357062052129,1.4305115e-6,0.0004637224
0.06332418918720373,8.034706e-5,0.0004642857
0.06338371666106973,0.0008352995,0.00046464262
0.06343759727410869,-0.00087726116,0.0004644086
0.06358363153694191,-0.00017046928,0.0004644937
0.06368786163753143,1.4305115e-6,0.00046419335
0.06371360198823212,-6.592274e-5,0.00046384754
0.06375149053253581,0.0005033016,0.00046474524
0.063786424585557,-0.0005798936,0.00046752708
0.06388145391852235,3.695488e-6,0.00046468226
0.06399575073209934,-0.00026136637,0.00046455726
0.06414591935853942,0.00046014786,0.00046433718
0.06417470014584192,-0.0004975796,0.0004643253
0.06418519904955111,0.0007276535,0.00046399274
0.06431848208937235,3.695488e-6,0.0004646238
0.06440442747921987,9.357929e-5,0.00046477836
0.06459406378128013,-0.00087714195,0.0004643571
0.06460010910734998,-9.471178e-5,0.00046259412
0.0646517653555399,1.4305115e-6,0.00046384055
0.06466172399697606,0.00020289421,0.0004639331
0.06475028156503171,0.0014123917,0.00046455621
0.06480984537511186,-0.00067454576,0.00046443724
0.06486366287666773,-0.00017625093,0.00046457053
0.06500974590886588,3.695488e-6,0.00046465194
0.06511391002926847,0.00025093555,0.0004641132
0.06513963029764197,1.4305115e-6,0.00046401875
0.06517758864800477,-0.00028043985,0.00046464632
0.06521255616923671,0.00015866756,0.00046719148
0.06530753195306488,3.695488e-6,0.00046471643
0.06542186988496285,0.0005592108,0.00046468998
0.06557197444368512,-0.00035321712,0.00046426363
0.065600803998485,3.695488e-6,0.0004644547
0.06561123500953808,0.00019335747,0.0004639412
0.06574456777449195,3.695488e-6,0.00046460188
0.06583055236832364,-8.6307526e-5,0.00046473378
0.06602017337086385,-0.000397861,0.00046464853
0.06602616993013671,0.0007100105,0.00046301223
0.0660778089654036,0.00092959404,0.00046404585
0.06608774178873922,-0.00020003319,0.00046381736
0.06617637490002809,-0.0011988282,0.0004644584
0.06623597409008786,-0.0004939437,0.00046453936
0.06628972847992709,3.695488e-6,0.0004646308
0.06643586123655754,0.000865221,0.0004648217
0.06653995937607288,-0.00024807453,0.00046427452
0.06656565860868607,1.4305115e-6,0.00046399512
0.06660368771947489,-0.00049591064,0.00046458276
0.066638687752683,-0.000218153,0.00046759748
0.06673360903137282,3.695488e-6,0.00046462473
0.06684798999359398,-0.000551939,0.00046464143
0.0669980285730632,-0.0010575056,0.0004642633
0.06702690880736267,0.0009622574,0.00046481472
0.06703727192482584,-0.0007247925,0.0004639844
0.0671706534579774,0.00026392937,0.0004646538
0.06725667725882811,3.695488e-6,0.00046475997
0.06744628295998067,3.695488e-6,0.00046462353
0.06745222979668891,-0.0007070899,0.00046307858
0.06750385161856587,-1.758337e-5,0.00046367527
0.06751375958026895,1.4305115e-6,0.00046399827
0.06760246727785607,0.00014102459,0.00046471265
0.06766210376153187,3.695488e-6,0.00046457644
0.06771579408341988,0.00026929379,0.00046468037
0.06786197560778118,3.695488e-6,0.00046464277
0.06796600776617573,0.0009510517,0.00046446055
0.06799168691949664,1.4305115e-6,0.00046405435
0.06802978583471042,3.695488e-6,0.00046468133
0.06806482029143007,3.695488e-6,0.0004676633
0.06815968610944728,0.00020945072,0.00046471084
0.06827411010175827,3.695488e-6,0.00046465796
0.06842408365727515,-0.00042784214,0.00046420994
0.06845301266023923,3.695488e-6,0.00046460005
0.06846330788504629,0.0006085634,0.00046428046
0.06859673914146286,0.0017404556,0.00046499915
0.06868280119333148,3.695488e-6,0.0004647734
0.06887239255026478,3.695488e-6,0.0004646398
0.06887828966207377,2.9087067e-5,0.00046348394
0.06892989427219498,-0.00090765953,0.0004639492
0.06893977737086482,1.4305115e-6,0.00046426748
0.06902855965475019,-0.00027924776,0.00046468357
0.0690882324765078,0.00046777725,0.000464679
0.06914185968691272,-0.00026202202,0.00046456978
0.06928809093523935,-0.0008084774,0.00046465543
0.06939205711298008,0.0006700754,0.00046432953
0.0694177152289065,1.4305115e-6,0.00046413153
0.06945588490618054,3.695488e-6,0.00046479653
0.06949095187510979,3.695488e-6,0.00046776945
0.06958576414375639,-0.00020217896,0.00046479452
0.06970022925415481,0.0010205507,0.0004648754
0.06985013778478555,1.4305115e-6,0.00046442606
0.0698791165135827,-0.0005980134,0.00046453072
0.0700228248256487,-0.0006252527,0.00046476146
0.07010892608243524,3.695488e-6,0.00046506803
0.0702985021410158,3.695488e-6,0.0004647925
0.07030434952722525,-2.6226044e-5,0.00046328304
0.0703559369267579,0.00040841103,0.00046432123
0.07036579516262798,1.4305115e-6,0.00046420118
0.0704546520328116,-0.00013375282,0.00046466573
0.07051436119148374,-0.0006765127,0.0004644867
0.07056792529017208,3.695488e-6,0.00046492307
0.070714205306463,-4.5776367e-5,0.00046471116
0.07081810646118519,-0.0006672144,0.0004641201
0.07084374353854983,3.33786e-5,0.00046440636
0.07088198302141607,0.00013196468,0.0004650698
0.07091708345925646,0.00027167797,0.0004676465
0.07101184122183085,3.695488e-6,0.0004648254
0.071126349362786,-0.00077170134,0.0004646383
0.07127619191346324,7.271767e-5,0.00046450636
0.07130522132246037,0.0005249977,0.00046476655
0.07131537980525365,1.4305115e-6,0.0004639538
0.0714489105107683,3.695488e-6,0.0004649784
0.071535050971539,3.695488e-6,0.0004650568
0.07172461173106642,0.0012700558,0.0004650048
0.07173040939237668,1.4305115e-6,0.00046336517
0.07178197958038707,9.23872e-5,0.00046426148
0.07179181295485804,4.041195e-5,0.00046430144
0.07188074441087305,3.695488e-6,0.00046478736
0.07194048990622626,0.00025951862,0.00046495776
0.07199399184966604,3.695488e-6,0.00046501748
0.07214031967768658,0.00017380714,0.0004649446
0.07224415485268881,-0.0009481907,0.00046434914
0.07226977184772626,0.00030112267,0.00046445834
0.07230808209241929,-0.00012463331,0.00046481699
0.07234321599893734,-0.0002643466,0.0004676593
0.07243791829990531,0.00055623055,0.00046507025
0.07255246947165062,-0.0001655817,0.00046490555
0.07270224699884248,-6.979704e-5,0.00046452717
0.07273132517463654,-0.00087457895,0.00046470418
0.07274141672147522,-0.00079756975,0.00046401325
0.07287499619495413,-0.0010749698,0.00046481605
0.07296117490604237,3.695488e-6,0.0004652208
0.07315072132111705,-0.00022381544,0.00046478288
0.0731564692591623,0.00041937828,0.00046355187
0.07320802318955039,-0.0004464984,0.00046427894
0.07321783074638777,0.0005867481,0.000464248
0.07330683678870098,3.695488e-6,0.00046483532
0.07336661957626955,-0.00025224686,0.00046488852
0.0734200574529254,3.695488e-6,0.00046515872
0.07356643500514476,1.7046928e-5,0.00046493355
0.07367020324325857,1.4305115e-6,0.0004644787
0.07369580015877031,-0.00017696619,0.00046446212
0.07373418020765482,0.00017940998,0.00046483873
0.07376934758191667,3.695488e-6,0.00046788677
0.07386399633444785,-0.00036597252,0.0004648562
0.07397858862428064,-6.854534e-5,0.0004648759
0.07412830112728669,0.00015604496,0.0004647571
0.07415742998281383,0.00067436695,0.00046491993
0.07416745268099528,1.4305115e-6,0.00046438223
0.07430108187867301,3.695488e-6,0.0004652493
0.07438729979631342,0.0004273653,0.00046517514
0.07457683091140116,3.695488e-6,0.0004648524
0.07458252912548102,-0.00041645765,0.00046353764
0.07463406584247917,0.0006929636,0.00046458203
0.07464384853745054,1.4305115e-6,0.00046424288
0.07473292916652896,0.00022780895,0.0004648735
0.07479274829124549,3.695488e-6,0.000464837
0.07484612209948321,0.00059890747,0.00046508294
0.07499254937660182,0.000300169,0.00046490575
0.07509625258982949,1.4305115e-6,0.0004643937
0.07512182846981436,0.00026500225,0.00046452394
0.07516027928005875,-0.00017207861,0.000464795
0.07519547916536296,3.695488e-6,0.0004681411
0.07529007341182198,-0.00017929077,0.00046504076
0.07540470873291177,3.695488e-6,0.00046499743
0.07555435621149864,-0.00015318394,0.00046477342
0.07558353383615729,-0.000666976,0.00046496093
0.07559348864098231,0.0005208254,0.00046455627
0.07572716756285885,-0.00028592348,0.0004649909
0.07581342372941602,3.695488e-6,0.00046512406
0.07600294050168527,-0.0010352135,0.00046494292
0.07600858899086588,0.00065505505,0.00046348677
0.07606010849610828,-0.00032299757,0.00046423255
0.07606986632851337,-0.00062280893,0.00046405132
0.07615902154435694,-0.00022047758,0.00046485284
0.07621887700668839,0.00074350834,0.00046535867
0.07627218770274258,-0.0005915761,0.00046503168
0.07641866470335967,-0.00047647953,0.00046482985
0.07652230098016582,0.00032949448,0.00046496687
0.07654785677899073,-0.00041532516,0.0004644486
0.07658637739529428,0.00053691864,0.0004652037
0.07662161170597764,3.695488e-6,0.00046803695
0.07671615048989644,3.695488e-6,0.00046492106
0.07683082788530837,3.695488e-6,0.00046523975
0.07698041033924252,1.4305115e-6,0.00046462717
0.07700963768973418,0.00021266937,0.0004650303
0.07701952460096928,-0.00051790476,0.00046458587
0.07715325324704464,3.695488e-6,0.00046519798
0.07723954861922017,-0.00042009354,0.00046517677
0.0774290500917359,3.695488e-6,0.00046513122
0.07743464885625079,-0.00010955334,0.00046337422
0.07748615115067126,-0.00041556358,0.0004643962
0.07749588412004305,1.4305115e-6,0.00046452254
0.07758511392218492,3.695488e-6,0.00046511414
0.07764500572143085,-0.00073617697,0.0004650294
0.07769825330670233,3.695488e-6,0.00046517228
0.07784477907551712,3.695488e-6,0.00046515182
0.07794835032837089,-0.00018894672,0.00046485718
0.07797388508863407,1.4305115e-6,0.00046466742
0.07801247646606402,0.0006915331,0.00046536073
0.07804774328942393,0.000243783,0.00046815918
0.07814222756890477,0.0009673834,0.00046523637
0.07825694799393951,3.695488e-6,0.00046520607
0.07840646446838712,1.4305115e-6,0.0004645806
0.07843574249791152,3.695488e-6,0.00046520133
0.07844556056095625,1.4305115e-6,0.00046447114
0.07857933893123048,0.00023794174,0.00046540142
0.07866567350902431,0.0008460283,0.00046563754
0.07885515968178658,3.695488e-6,0.00046539208
0.0788607087221026,-0.0002310276,0.00046334945
0.07891219380430037,1.4305115e-6,0.00046444027
0.07892190191203968,0.00046813488,0.00046460694
0.07901120725648092,3.695488e-6,0.0004651887
0.07907113539194105,0.00024545193,0.00046529062
0.07912431891019511,0.00012612343,0.00046524976
0.07927089344720761,3.695488e-6,0.00046514228
0.07937439872010793,-0.00013625622,0.00046475552
0.0793999133982774,1.4305115e-6,0.00046467173
0.07943857458153303,3.695488e-6,0.00046501064
0.07947387487240332,-0.00023645163,0.00046794288
0.07956830560321382,-0.0009599924,0.00046511352
0.07968306714726991,3.695488e-6,0.00046515194
0.07983251955399978,1.4305115e-6,0.00046505063
0.07986184634985422,-0.0002053976,0.00046515165
0.07987159652094322,1.4305115e-6,0.000464576
0.08000542461541627,0.00026798248,0.00046546536
0.0800917974428273,3.695488e-6,0.00046542933
0.08028126927183721,3.695488e-6,0.00046533215
0.08028676858865474,-0.00030869246,0.00046352294
0.08033823645746258,1.4305115e-6,0.00046470977
0.08034791970380284,1.4305115e-6,0.00046450875
0.08043729963454233,3.695488e-6,0.00046528882
0.08049726410668356,-0.00023812056,0.00046528876
0.08055038451252067,-0.00011873245,0.0004653044
0.08069700877419889,3.695488e-6,0.0004652078
0.08080044806667885,0.0006451607,0.0004650433
0.08082594170885454,8.34465e-5,0.00046463055
0.08086467269723546,-0.0012174845,0.00046514207
0.0809000074120842,3.695488e-6,0.00046808206
0.08099438268082138,0.00026118755,0.000465352
0.0811091872559011,3.695488e-6,0.00046522255
0.08125857368174366,1.4305115e-6,0.00046516582
0.08129763343716478,0.0006967783,0.00046471987
0.08143151029983559,-3.9100647e-5,0.0004655812
0.08151792233286487,-0.00083869696,0.00046538014
0.08170737886142093,3.695488e-6,0.00046547496
0.08171282845473998,0.00018942356,0.00046359518
0.08176427911015788,1.4305115e-6,0.0004649583
0.0817739365383976,0.00032269955,0.00046464714
0.0818633920123703,0.00053346157,0.00046537185
0.08192339282235989,0.0002821684,0.00046549286
0.08197645011578003,0.00025069714,0.00046539627
0.08212312314495562,3.695488e-6,0.00046532098
0.08222649645724861,1.4305115e-6,0.0004648805
0.082251969063664,0.0011501312,0.00046497423
0.08229077176870558,0.0006120205,0.00046559054
0.08232613899599739,0.0008229017,0.00046832938
0.08242045975796203,-0.0002539158,0.00046525965
0.08253530736383191,0.000223279,0.00046553972
0.08268462780948754,1.4305115e-6,0.00046507575
0.08271405501300916,0.00089871883,0.00046542837
0.08272366939738518,1.4305115e-6,0.0004649018
0.08285759598425485,-0.00045216084,0.00046533774
0.08294404626643442,0.00042712688,0.000465504
0.08313348845147156,3.695488e-6,0.00046535023
0.08313888831965799,-0.00018650293,0.0004635883
0.08319032272025506,1.4305115e-6,0.0004646878
0.08319995432946037,-0.0007864833,0.00046446256
0.08328948439019829,-0.0005261302,0.00046536225
0.0833495215371024,-0.0002747774,0.00046532505
0.0834025157199732,-2.4795532e-5,0.00046558783
0.08354923751617921,9.1314316e-5,0.0004654018
0.0836525458052203,-0.00064229965,0.00046499982
0.08367799737330733,1.4305115e-6,0.00046497196
0.08371686988347415,-0.0006046891,0.00046562328
0.08375227057967716,-0.00072962046,0.00046807283
0.08384653683697035,3.695488e-6,0.00046526632
0.08396142651552813,0.0002360344,0.00046566868
0.08411068289416634,1.4305115e-6,0.00046515767
0.08414015886495185,0.00036036968,0.00046562584
0.08414970535667182,-0.0006939173,0.00046456876
0.08428368166844064,3.695488e-6,0.00046539935
0.08437017115623852,-0.00041985512,0.0004654981
0.08455959804245605,0.00010406971,0.00046538492
0.0845649481850429,1.4305115e-6,0.00046376316
0.08461636537458456,1.4305115e-6,0.00046493966
0.0846259721209901,1.4305115e-6,0.00046484914
0.08471557676732588,3.695488e-6,0.00046552843
0.0847756512076126,3.695488e-6,0.00046533925
0.08482858132323257,-0.00021493435,0.00046550707
0.08497535284433777,-8.3982944e-5,0.00046521728
0.08507859419695735,1.4305115e-6,0.0004652127
0.08510402568248371,-0.0010178685,0.0004645022
0.08514296895494428,0.00023508072,0.00046552427
0.08517840311959146,-8.2314014e-5,0.0004684253
0.08527261391597862,3.695488e-6,0.00046560593
0.08538754662509307,-0.00044828653,0.00046545663
0.08553673702354442,1.4305115e-6,0.0004654337
0.08556626271759499,-0.0012481213,0.0004655886
0.0855757413166588,1.4305115e-6,0.00046474286
0.0857097673533268,3.695488e-6,0.000465361
0.08579629604534234,0.00011754036,0.00046556667
0.08598570763250668,-9.673834e-5,0.0004655293
0.08599100805159504,1.4305115e-6,0.00046381698
0.08604240802821367,1.4305115e-6,0.0004649331
0.08605198991345364,1.4305115e-6,0.0004650521
0.08614166914538729,6.7949295e-6,0.000465671
0.08620177992235506,3.695488e-6,0.00046560343
0.08625464596979043,0.00017178059,0.00046563608
0.08640146721579484,3.695488e-6,0.00046547304
0.0865046425875271,7.5101852e-6,0.0004651919
0.08653005399259395,-0.00020986795,0.00046476893
0.0865690670701798,-0.00022768974,0.00046545613
0.08660453470303775,0.0010598898,0.0004685582
0.08669869194935387,3.695488e-6,0.00046561722
0.08681366577819005,3.695488e-6,0.00046556184
0.08696279115198868,1.4305115e-6,0.00046522083
0.08699236752647266,9.047985e-5,0.00046545218
0.08700177727687924,0.00096285343,0.00046491213
0.08713585303774612,3.695488e-6,0.00046558585
0.08722241997961222,-0.00011020899,0.00046570832
0.08741181626538891,3.695488e-6,0.0004655612
0.08741706791814724,0.0009608269,0.00046408063
0.08746845068137588,1.4305115e-6,0.0004649626
0.08747800770498332,1.4305115e-6,0.00046477266
0.08756776152368217,5.9604645e-7,0.00046542945
0.08762790863756448,3.695488e-6,0.00046562118
0.08768071157234941,-0.00016450882,0.000465697
0.08782758158608461,3.695488e-6,0.00046551856
0.08793069193386455,-4.6491623e-6,0.0004652117
0.087956082303638,1.4305115e-6,0.0004650701
0.08799516518564882,0.0001540184,0.00046565084
0.08803066628578365,-0.00090032816,0.00046829166
0.08812476902742838,3.695488e-6,0.0004654751
0.0882397858861208,3.695488e-6,0.0004658617
0.08838884623620058,1.4305115e-6,0.00046535383
0.08841847137934916,0.00015056133,0.00046547817
0.08842781323709964,1.4305115e-6,0.00046520817
0.0885619387209981,3.695488e-6,0.00046564318
0.08864854487035018,1.3828278e-5,0.00046580372
0.08883792585567302,3.695488e-6,0.00046558163
0.0888431277835321,-0.0005669594,0.00046419256
0.08889449333500504,1.4305115e-6,0.00046508113
0.08890402453934465,1.4305115e-6,0.00046503302
0.08899385390174358,0.00043034554,0.00046579694
0.08905403735254047,0.00026488304,0.00046580753
0.08910677717630916,0.0006891489,0.00046604127
0.08925369595754168,3.695488e-6,0.00046566327
0.08935674032443436,0.0009405613,0.00046544912
0.08938211061374823,1.4305115e-6,0.00046529467
0.08942126425735236,0.0002977848,0.00046592765
0.08945679882569801,0.0006303787,0.0004685507
0.08955084610643665,3.695488e-6,0.00046563413
0.0896659050385174,0.00065135956,0.00046587066
0.08981490036371104,1.4305115e-6,0.00046556778
0.08984457523222572,-0.00023013353,0.00046562616
0.08985384919708661,-0.0007201433,0.00046508855
0.08998802344848239,3.695488e-6,0.0004657485
0.09007466880321935,0.00014400482,0.0004660001
0.09026403544642403,3.5881996e-5,0.00046586528
0.09026918764868352,-0.00034183264,0.00046398214
0.09032053598863415,0.00039422512,0.00046517173
0.09033004233040742,1.4305115e-6,0.00046506844
0.09041994627887118,4.041195e-5,0.00046586402
0.09048016606751641,0.00015258789,0.00046585422
0.09053284278050233,-0.00068187714,0.00046576982
0.09067981128570024,3.695488e-6,0.00046576114
0.09078278967263942,1.4305115e-6,0.00046538629
0.09080813892339157,1.4305115e-6,0.00046536265
0.09084736237258789,-0.00044083595,0.00046590378
0.0908829304096112,-0.0007017255,0.00046854094
0.09097692318451112,0.0004993677,0.00046588492
0.09109202514714859,-0.00051146746,0.00046567508
0.09124095449238873,9.9658966e-5,0.00046560963
0.0912706790848688,3.695488e-6,0.00046566754
0.09127988515613977,-0.00023835897,0.0004652428
0.09141410913336856,0.00018715858,0.0004661782
0.09150079369232311,-0.00014674664,0.00046601697
0.09169014503647466,-2.8550625e-5,0.00046595483
0.09169524751476882,0.0003643036,0.00046443357
0.09174657864249675,-0.00036484003,0.0004651747
0.09175606012287096,1.4305115e-6,0.0004652265
0.09184603865669916,-0.00025355816,0.00046572177
0.09190629573849352,-0.00040650368,0.00046586452
0.09195890742682672,3.695488e-6,0.0004660666
0.09210592565692388,0.00039601326,0.00046595716
0.09220883806414304,-0.0009377003,0.0004652158
0.09223416627633335,1.4305115e-6,0.00046570573
0.09227346144405801,3.695488e-6,0.00046609654
0.09230906199329092,-6.9737434e-5,0.0004685717
0.09240300026211873,-0.00034213066,0.00046582383
0.09251814429977862,-0.00012886524,0.00046585986
0.09266700957776791,-9.679794e-5,0.00046557735
0.09269678389374647,3.695488e-6,0.0004656847
0.09270592111636022,1.4305115e-6,0.0004650125
0.09284019481825478,-0.00017982721,0.00046612223
0.09292691762682648,3.695488e-6,0.0004661236
0.09311625462605838,3.695488e-6,0.0004658411
0.09312130738108754,-0.00040912628,0.00046430225
0.09317262129635934,-2.503395e-5,0.0004652866
0.09318207695863295,0.00047421455,0.0004649501
0.09327213103546095,-0.00020247698,0.00046578294
0.09333242445253565,3.695488e-6,0.00046591513
0.09338497302938575,3.695488e-6,0.0004661897
0.09353204002814747,-0.00038862228,0.00046580867
0.0936348864547128,5.7816505e-5,0.00046545555
0.09366019458667707,0.00034236908,0.00046536583
0.09369955955929354,3.695488e-6,0.00046606464
0.09373519453227142,3.695488e-6,0.00046872642
0.09382907734019319,0.00032269955,0.00046606487
0.09394426440864323,0.00028276443,0.00046612901
0.09409306370621218,1.4305115e-6,0.00046562753
0.09412288774592265,3.695488e-6,0.000466053
0.09426628050197366,0.00038838387,0.00046616275
0.09435304251733095,0.0005784035,0.00046613492
0.09454236421610901,3.695488e-6,0.0004661138
0.09454736724717278,0.00024402142,0.00046451116
0.09459866394905464,1.4305115e-6,0.00046537886
0.09460809474969578,-3.5762787e-7,0.0004651813
0.09469822341328893,0.0006093979,0.00046610786
0.09475855316751158,0.00060403347,0.00046619118
0.09481103863264512,3.695488e-6,0.0004660435
0.09495815535583912,3.695488e-6,0.00046617768
0.0950609358015172,-5.4955482e-5,0.0004654836
0.09508622289748764,-0.00025498867,0.00046532776
0.09512565767452907,3.695488e-6,0.00046607733
0.0951613261157177,3.695488e-6,0.00046889097
0.09525515441826765,-0.00046527386,0.00046592392
0.09537038356103977,3.695488e-6,0.00046621228
0.09551911783418948,1.4305115e-6,0.00046569103
0.09554899159856572,0.00045216084,0.00046619453
0.09555799399326914,1.4305115e-6,0.00046538585
0.09569236618545912,-0.00022703409,0.00046609534
0.09577916645020013,-0.0005710125,0.00046624395
0.0959684738070935,3.695488e-6,0.00046625506
0.0959734271123242,-0.00024110079,0.00046378176
0.09602470660268375,1.4305115e-6,0.00046534685
0.09603411254075855,-0.000469625,0.000465182
0.09612431579064995,-0.00027245283,0.00046608082
0.096184681882721,0.00022125244,0.00046626639
0.0962371032806037,3.695488e-6,0.00046626324
0.09638426972636238,3.695488e-6,0.00046627427
0.09648698419162005,0.00016593933,0.0004657351
0.09651225120759788,-8.3088875e-5,0.0004655783
0.0965517567459992,3.695488e-6,0.00046614208
0.0965874577000978,3.695488e-6,0.00046880398
0.09668123149634211,0.00044572353,0.00046612252
0.09679650366967096,3.695488e-6,0.00046610218
0.09694517196193336,0.001355648,0.0004663696
0.09697509545190919,-0.00044482946,0.00046613635
0.09698402995278921,1.4305115e-6,0.00046555436
0.0971184509136438,-0.00015038252,0.0004663592
0.09720529134000427,3.695488e-6,0.0004661967
0.09739458339714413,3.695488e-6,0.00046603824
0.09739948697770912,1.4305115e-6,0.00046436494
0.09745074925724667,1.4305115e-6,0.00046555605
0.09746012937511983,1.3947487e-5,0.00046512813
0.09755040816847793,-0.0003258586,0.00046608096
0.097610810597697,-0.00064367056,0.00046593556
0.09766316888386306,3.695488e-6,0.00046629997
0.09781038409758597,3.7789345e-5,0.00046616953
0.09791303258359052,-0.0001630187,0.0004657582
0.09793827951724121,0.00055491924,0.00046549385
0.09797785486146815,0.00030326843,0.00046656365
0.09801358928354409,3.695488e-6,0.00046869996
0.09810730857465005,3.695488e-6,0.00046603612
0.0982226228220675,0.0011273623,0.00046629217
0.09837122704731255,-0.00030988455,0.0004659988
0.09840120026102034,3.695488e-6,0.00046629753
0.09841006591230927,1.4305115e-6,0.00046558783
0.09854453659829654,3.695488e-6,0.00046633225
0.09863141622980837,3.695488e-6,0.0004663109
0.09882069203025984,3.695488e-6,0.00046638754
0.09882554684356087,1.4305115e-6,0.00046505107
0.09887679191087584,0.00018167496,0.00046556635
0.09888614716758337,-1.1086464e-5,0.00046549045
0.09897650054700624,0.00045835972,0.00046620885
0.09903694026797372,3.695488e-6,0.0004661915
0.09908923448665552,4.184246e-5,0.00046645864
0.09923649846974342,-3.0457973e-5,0.00046621228
0.09933908193179564,1.4305115e-6,0.00046572337
0.09936430687064995,-0.0005519986,0.0004655787
0.0994039529760033,-0.00022548437,0.00046639386
0.09943972182322497,0.00040447712,0.00046892714
0.099533385652958,-0.00043839216,0.00046616347
0.0996487429316325,-0.0013991594,0.00046618347
0.09979728117669062,-5.173683e-5,0.0004660505
0.09982730411272955,0.0005391836,0.0004665097
0.09983610187229625,0.00021278858,0.00046576842
0.09997062228248232,0.00031244755,0.0004665806
0.1000575401636114,0.00072431564,0.00046659636
0.10024680162054389,3.695488e-6,0.000466468
0.10025160575387848,0.0011146069,0.0004651528
0.10030283456403805,0.00046527386,0.00046577925
0.10031216400381232,1.4305115e-6,0.00046548946
0.1004025929250677,-0.00045108795,0.00046635268
0.10046306898271623,-0.00016695261,0.00046626254
0.10051529913368024,-3.4570694e-5,0.00046630035
0.1006626137972016,0.0005762577,0.00046629575
0.10076513032189849,0.00056529045,0.00046623164
0.10079033518076014,1.4305115e-6,0.0004657887
0.10083005204840728,0.00015735626,0.00046651484
0.10086585340667126,-0.00039720535,0.0004688409
0.10095946273103246,3.695488e-6,0.0004664183
0.1010748620840291,3.695488e-6,0.00046643036
0.1012233353044345,1.4305115e-6,0.0004660618
0.10125340796537263,-0.00053179264,0.00046625876
0.10126213783298355,-0.00020986795,0.00046572633
0.10139670796620126,0.00024962425,0.00046649837
0.10148366505364897,-0.0003925562,0.00046640588
0.10167291121059457,0.00012600422,0.0004663908
0.10167766561996372,1.4305115e-6,0.0004649304
0.10172887721673335,-0.0006426573,0.00046549103
0.10173818179440819,0.00090920925,0.00046594208
0.10182868530196182,0.0001924038,0.00046640367
0.10188919769839255,3.695488e-6,0.00046631522
0.10194136473763998,3.695488e-6,0.00046650833
0.10208872816795833,-0.00042575598,0.00046637753
0.1021911787124683,-0.0005624294,0.00046607872
0.10221636349157076,1.4305115e-6,0.0004657763
0.10225615016434314,-0.00022047758,0.00046633414
0.10229198499035103,0.0014407635,0.00046900165
0.10238553980817316,3.695488e-6,0.00046631342
0.10250098219219334,0.0007802248,0.00046654782
0.10264938943217838,-0.0009883046,0.00046634828
0.10267951181894958,3.695488e-6,0.0004664803
0.102688173793204,1.4305115e-6,0.00046586478
0.10282279269415245,-0.00055104494,0.0004664124
0.10290978898721853,0.00046777725,0.000466595
0.1030990208006452,0.00064361095,0.00046648073
0.10310372548488173,-0.0011116862,0.0004647851
0.10315491987059594,6.4373016e-6,0.00046578917
0.10316419958547102,-0.0009063482,0.0004657342
0.10325477672378869,-0.00018507242,0.00046629226
0.10331532641313501,3.695488e-6,0.000466518
0.10336742938489824,3.695488e-6,0.00046650824
0.10351484253824811,-0.00013953447,0.00046631836
0.10361722806043994,1.4305115e-6,0.00046615678
0.10364239180191442,0.00018429756,0.00046595186
0.10368224827887829,0.0002708435,0.0004664605
0.10371811753026533,8.094311e-5,0.00046929484
0.10381161688648105,3.695488e-6,0.00046651647
0.10392710134365607,-0.00077295303,0.0004663502
0.10407544451685724,0.0014945269,0.0004666289
0.10410561567159266,3.695488e-6,0.00046665015
0.10411420975225716,0.0007843971,0.00046605628
0.1042488783792721,3.695488e-6,0.00046644
0.10433591387702262,-0.00078493357,0.00046644476
0.10452513039162964,-0.0007585287,0.00046659165
0.10452978535096696,1.4305115e-6,0.00046518535
0.10458096252492544,-3.516674e-6,0.00046581827
0.10459021642006577,1.4305115e-6,0.00046600826
0.1046808691018501,3.695488e-6,0.00046645617
0.10474145512741062,0.00052785873,0.00046688895
0.10479349498722373,3.4332275e-5,0.000466675
0.1049409569104055,3.695488e-6,0.00046642986
0.10504327645217698,0.00078701973,0.00046640311
0.10506841915485626,-0.00018143654,0.00046601615
0.10510834639364691,-0.00026345253,0.00046667593
0.10514424911371162,-0.0015106797,0.00046912042
0.1052376939652559,3.695488e-6,0.0004665034
0.10535322145322107,3.695488e-6,0.00046645242
0.10550149864623531,0.0005209446,0.0004664348
0.10553172048000342,3.695488e-6,0.0004666867
0.10554024571177723,-0.0007815361,0.00046587372
0.10567496406345794,3.695488e-6,0.00046665766
0.10576203781012528,3.862381e-5,0.00046694785
0.10595123998168032,3.695488e-6,0.00046670265
0.10595584521751916,0.00040888786,0.00046509976
0.10600700517855455,0.0004543066,0.00046595777
0.10601623421229583,1.4305115e-6,0.0004659624
0.10610696147967807,0.0006766319,0.00046668015
0.10616758384215313,-0.000115931034,0.00046661837
0.1062195596342485,-2.7000904e-5,0.00046664826
0.10636707128256295,3.695488e-6,0.00046659424
0.10646932484274674,-0.0002399087,0.0004665195
0.1064944474649665,0.00041019917,0.00046617456
0.10653444546511703,8.845329e-5,0.0004669444
0.10657038069715791,0.00046265125,0.0004692422
0.10666377104333041,3.695488e-6,0.0004665565
0.106779340606318,0.00042533875,0.00046685798
0.10692755277467952,-0.00051802397,0.0004663404
0.1069578243326465,3.695488e-6,0.00046668982
0.1069662816717642,0.0004233122,0.00046593184
0.10710104974717682,3.695488e-6,0.0004667152
0.10718816174416174,-3.1352043e-5,0.0004666878
0.10737734861479598,3.695488e-6,0.00046691287
0.10738190508337092,0.000824213,0.00046544275
0.10743304783171675,-0.00045144558,0.00046601167
0.10744225104852478,1.4305115e-6,0.0004660682
0.107533053857506,3.695488e-6,0.0004667799
0.10759371255759598,-0.00040084124,0.0004666066
0.10764562523774135,0.0008664131,0.00046695722
0.10779318660908732,0.0005363226,0.0004668385
0.10789537323284959,-0.0005428195,0.00046620076
0.10792047577531017,-0.00040727854,0.00046618615
0.10796054358105295,-8.106232e-5,0.00046675748
0.1079965132361384,-0.00045526028,0.0004692537
0.10808984812093797,0.00025212765,0.00046681953
0.10820545975801421,3.695488e-6,0.0004667692
0.10835360690265688,1.4305115e-6,0.00046647695
0.10838392818622339,3.695488e-6,0.00046689226
0.10839231667645038,-0.00042045116,0.00046615262
0.10852713447512802,3.695488e-6,0.0004667402
0.10861428663489969,0.00067543983,0.0004670555
0.10880345820414628,3.695488e-6,0.00046680306
0.10880796494875583,-0.00072312355,0.00046503838
0.10885909048534587,1.4305115e-6,0.00046612907
0.10886826883935408,0.00024437904,0.00046627544
0.10895914623533398,-0.00066930056,0.0004667216
0.10901984222880656,3.695488e-6,0.0004668576
0.10907168988499955,-0.00085902214,0.00046681293
0.10921930098054439,-0.0005290508,0.00046675777
0.10932142257965399,8.690357e-5,0.0004665958
0.10934650312941929,1.4305115e-6,0.00046626624
0.1093866416965219,3.695488e-6,0.0004669241
0.10942264482028508,0.00140059,0.0004694633
0.10951592519901243,-0.00024479628,0.00046679654
0.1096315798661785,-0.00031769276,0.00046691988
0.10977966103016729,-0.0014916062,0.00046635256
0.10981003203886647,0.0013554096,0.00046700638
0.10981835263643736,0.00096428394,0.00046641566
0.10995322015931386,3.695488e-6,0.0004669811
0.11004041056800229,-0.00055134296,0.00046684258
0.11022956779513071,3.695488e-6,0.0004669922
0.11023402481390726,-0.0005041957,0.000465235
0.11028513313897503,1.4305115e-6,0.0004662745
0.11029428567394883,-7.7068806e-5,0.00046633524
0.11038523861316196,3.695488e-6,0.0004669844
0.11044597094354908,3.695488e-6,0.00046705882
0.11049775548825891,2.3007393e-5,0.00046708275
0.11064541535246836,0.00032651424,0.00046689378
0.11074747097162452,-3.0994415e-5,0.00046654607
0.11077253143952948,1.4305115e-6,0.00046642422
0.11081273981082362,0.0001322031,0.0004669976
0.11084877640466517,-0.0010540485,0.0004693667
0.11094200227802076,0.0004349947,0.0004668895
0.11105769901857504,2.1457672e-5,0.00046690012
0.11120571611507957,1.4305115e-6,0.00046669375
0.11123613589057574,-0.00063097477,0.00046701636
0.111244388595724,-0.00024479628,0.00046617413
0.1113793058434997,3.695488e-6,0.00046687142
0.11146653545687263,-0.00011307001,0.00046702893
0.1116556773856483,0.00056016445,0.00046718252
0.11166008372375791,0.0015258789,0.00046567776
0.11171117579283757,1.4305115e-6,0.00046617253
0.11172030250924397,-0.0001628995,0.00046616522
0.11181133099052298,0.0002529621,0.00046692637
0.11187209965829159,3.695488e-6,0.00046700452
0.11192382013528368,-1.5676022e-5,0.00046719733
0.11195740833107098,-0.0002618432,-1.4177245e-5
0.112071529723692,-0.00031924248,0.00046706028
0.11217351936312808,-5.1617622e-5,0.00046672177
0.11219855974893939,0.0008381605,0.0004665175
0.11223883888252717,-0.00012487173,0.00046711744
0.11227490798741108,-0.00033557415,0.00046962133
0.11236807935609522,-0.00042760372,0.00046685076
0.11248381912814004,-0.00011438131,0.00046685955
0.11263177024422422,0.00011789799,0.0004669044
0.1126622397434523,-7.7962875e-5,0.000467058
0.11267042806641792,-0.000261724,-1.4177245e-5
0.11280539057145089,3.695488e-6,0.00046711374
0.112892659391376,3.695488e-6,0.00046708994
0.11308178601899743,-0.00041371584,0.00046707824
0.11308614359007663,-0.00095903873,0.00046544668
0.11313721844670016,1.4305115e-6,0.00046637916
0.11314632030077365,0.0007427931,0.00046627517
0.11323742336835096,-0.00024557114,0.00046717413
0.11329822837233372,3.695488e-6,0.00046703668
0.11334988478230845,3.4809113e-5,0.0004672437
0.1133834478017649,-0.0001887083,-1.4177245e-5
0.11349764409444868,3.695488e-6,0.0004670265
0.11359956775369784,1.4305115e-6,0.00046660766
0.11362458710304846,-0.0008352399,0.0004664134
0.11366493699846308,3.695488e-6,0.0004669373
0.11370104052639157,3.695488e-6,0.00046953923
0.11379415643346935,3.695488e-6,0.0004671264
0.11390993828053664,0.0008573532,0.0004672885
0.11405782437266843,-0.00011497736,0.00046700504
0.11408834455256339,-0.00063174963,0.00046689893
0.11409646753711189,1.4305115e-6,-1.4177245e-5
0.11423147625563673,1.7046928e-5,0.0004672871
0.11431878428188047,3.695488e-6,0.00046742713
0.11450789560904806,-0.00013542175,0.00046711348
0.11451220345616192,1.6450882e-5,0.00046593416
0.11456326109939546,0.00029826164,0.00046637797
0.11457233713630222,-0.00032573938,0.0004662207
0.11466351479087816,3.695488e-6,0.0004672713
0.11472435708730966,3.695488e-6,0.00046718464
0.11477595038510091,0.0001809597,0.00046717608
0.11480948727245888,1.4305115e-6,-1.4177245e-5
0.11492375846567227,0.0002924204,0.0004672815
0.11502561710050224,1.4305115e-6,0.00046682858
0.1150506154131587,0.00096070766,0.00046660646
0.11509103511369861,3.695488e-6,0.0004673845
0.11512717210983786,3.695488e-6,0.00046979045
0.11522023351084343,3.695488e-6,0.00046701368
0.11533605743293318,-0.00085002184,0.00046723595
0.11548387850064579,1.4305115e-6,0.00046683167
0.11551444840520653,3.695488e-6,0.0004671847
0.11552250700780586,1.4305115e-6,-1.4177245e-5
0.115657561940056,-9.655952e-6,0.00046729995
0.11574490821474964,3.695488e-6,0.0004673847
0.1159340052000325,3.695488e-6,0.0004672462
0.11593826332131335,-1.3530254e-5,0.0004657224
0.11598930375302463,-0.00029540062,0.00046651484
0.11599835492806537,-0.00041270256,0.00046638472
0.11608960716870614,5.865097e-5,0.00046724392
0.11615048580251908,3.695488e-6,0.00046728106
0.11620201503212568,-0.00011873245,0.0004673063
0.11623552674315285,1.4305115e-6,-1.4177245e-5
0.1163498737931305,-0.00015485287,0.00046735798
0.1164516654906051,1.4305115e-6,0.00046705155
0.11647664276703434,-0.0007568002,0.00046665818
0.11651713322846724,3.695488e-6,0.00046740295
0.11655330369421796,3.695488e-6,0.00046991513
0.11664631058985175,3.695488e-6,0.00046711598
0.11676217754156437,3.695488e-6,0.0004673668
0.11690993262909,0.0004607439,0.000467274
0.1169405522578496,3.695488e-6,0.00046727553
0.11694854647849984,1.4305115e-6,-1.4177245e-5
0.11708364666730686,3.695488e-6,0.00046736855
0.11717103310455379,3.695488e-6,0.00046762545
0.11736011479008318,3.695488e-6,0.00046753217
0.11736432318716516,-0.0005624294,0.00046583352
0.11741534640688717,1.4305115e-6,0.0004665162
0.1174243717624267,0.00063824654,0.00046687736
0.11751569954560026,-5.13196e-5,0.00046741558
0.11757661451749502,3.695488e-6,0.00046744448
0.11762807968008426,-8.2314014e-5,0.00046723476
0.11777598816435408,-0.00012660027,0.00046724582
0.11787771388257562,1.4305115e-6,0.00046730455
0.11790267107714453,1.4305115e-6,0.00046673557
0.11794323229993736,3.695488e-6,0.00046750685
0.11797943623389884,3.695488e-6,0.00046969228
0.11807238671239201,3.695488e-6,0.00046739855
0.11818829669396091,3.695488e-6,0.00046758054
0.11833598675846807,0.00021731853,0.0004670935
0.11836665611049269,3.695488e-6,0.00046724814
0.11850973235149265,0.00025570393,0.0004674684
0.11859715703835677,3.695488e-6,0.0004677876
0.11878622342343231,0.0002655983,0.00046750822
0.11879038209701581,1.4305115e-6,0.0004657543
0.11884138810451517,0.00018548965,0.00046653431
0.11885038859795527,0.0006673336,0.00046680408
0.11894179192436205,3.695488e-6,0.00046734756
0.11900274323153714,0.00014400482,0.0004675748
0.11905414528334363,3.695488e-6,0.00046769532
0.11920210253651153,3.695488e-6,0.00046739148
0.11930376227454609,1.4305115e-6,0.0004671302
0.11932869843055327,-0.00019961596,0.00046680332
0.11936933041517289,3.695488e-6,0.00046785243
0.11940556781734513,0.00069892406,0.0004699687
0.11949846378976609,3.695488e-6,0.00046733324
0.1196144168025921,6.687641e-5,0.00046773674
0.11976204088691234,-4.1782856e-5,0.00046705795
0.11979275996313576,3.695488e-6,0.0004675729
0.1199358180366123,-0.00024837255,0.0004675645
0.12002328097215975,0.0002976656,0.00046770697
0.12021233301348294,3.695488e-6,0.00046755496
0.12021644196310105,1.4305115e-6,0.0004658167
0.12026743075814433,-0.00018262863,0.0004665266
0.12027640638971843,-0.0012655258,0.00046653696
0.12036788430312384,3.695488e-6,0.0004673703
0.12042887194627966,-1.9550323e-5,0.0004676483
0.12048020992943459,3.695488e-6,0.00046755144
0.12062821690773512,8.1539154e-5,0.00046768147
0.12072981162088359,1.4305115e-6,0.00046716264
0.12075472674066351,1.4305115e-6,0.00046701197
0.12079542853040837,0.00053834915,0.0004675889
0.12083169940079141,-0.0006915331,0.0004700408
0.12092454086737364,3.695488e-6,0.0004674137
0.12104053595522213,-5.954504e-5,0.00046758016
0.12118809597089081,-0.00063055754,0.0004672564
0.12121886381601227,3.695488e-6,0.00046763485
0.12136190276456349,0.00016236305,0.00046758485
0.1214494058619639,-0.00029033422,0.0004676658
0.12163844260353357,-0.00025826693,0.00046766808
0.12164250182895286,1.4305115e-6,0.00046622017
0.12169347341107306,1.4305115e-6,0.00046686892
0.12170242322501351,0.00036346912,0.0004670421
0.12179397668001801,3.695488e-6,0.00046755836
0.12185500066195598,0.00025701523,0.0004675145
0.12190627457669279,3.695488e-6,0.00046768252
0.1220543312784918,-7.420778e-5,0.00046769466
0.12215586001145334,0.0002565384,0.00046731083
0.12218075505077375,1.4305115e-6,0.00046685888
0.12222152664657776,-0.00045704842,0.0004676123
0.12225783098447113,0.00043523312,0.00047006758
0.12235061794544816,3.695488e-6,0.0004675647
0.12246665510785215,3.695488e-6,0.0004677226
0.12261415009863469,0.00046348572,0.0004673965
0.12264496766935573,0.0013884306,0.00046806503
0.12265267532008556,1.4305115e-6,0.00046694663
0.12278798844828243,-0.00015503168,0.0004674551
0.1228755297955334,3.695488e-6,0.00046796503
0.1230645521935842,3.695488e-6,0.0004677489
0.12306856169387081,0.00018107891,0.00046646292
0.12311951606493565,1.4305115e-6,0.00046727207
0.12312844006030865,-0.00039631128,0.00046682594
0.12322006810114444,3.695488e-6,0.0004676517
0.1232811293766985,-0.0003668666,0.00046747728
0.12333233922441794,0.00054717064,0.00046784294
0.12348044564901506,3.695488e-6,0.00046768994
0.12358190840319039,-0.00025361776,0.00046749282
0.1236067824046494,1.4305115e-6,0.00046696363
0.12364762476181329,-7.033348e-5,0.00046780633
0.12368396352438549,-0.00042796135,0.00047012893
0.12377669502445643,3.695488e-6,0.00046777222
0.12389277521554948,3.695488e-6,0.00046783144
0.1240402042270789,-4.464388e-5,0.0004672545
0.12407107152199881,-0.0009301305,0.00046759605
0.12407871127913872,1.4305115e-6,0.00046683772
0.124214073176934,0.001042366,0.00046813066
0.12430165468533755,3.695488e-6,0.00046785193
0.12449066082740029,3.695488e-6,0.00046782303
0.12449462155995611,0.00014054775,0.0004664626
0.12454555871903167,0.0003297329,0.00046725653
0.12455445689490341,0.0001538992,0.000467103
0.12464616047897242,0.00054967403,0.0004676996
0.1247072590472087,3.695488e-6,0.00046781995
0.1247584048276773,-0.00045627356,0.0004680166
0.12490656002093903,3.695488e-6,0.00046763662
0.12500795679492743,1.4305115e-6,0.00046768485
0.12503281071475963,1.4305115e-6,0.00046702565
0.12507372287658186,3.695488e-6,0.0004677766
0.12511009510783178,0.0005373955,0.00047067375
0.1252027711462963,3.695488e-6,0.00046796398
0.12531889436887989,3.695488e-6,0.00046794326
0.12546625835645697,-0.0004145503,0.00046724165
0.12549717537417499,-0.00044727325,0.00046784733
0.1255047472386588,0.0004774332,0.00046708813
0.12564015886182017,0.000101327896,0.0004679972
0.1257277786184402,3.695488e-6,0.0004680857
0.12591677041745092,0.00016987324,0.00046810493
0.12592068046980676,0.0004479885,0.00046624168
0.12597160137266084,1.4305115e-6,0.00046708185
0.12598047468666657,-0.00015097857,0.00046708088
0.1260722528577342,-0.00054234266,0.00046771392
0.1261333877619512,1.2278557e-5,0.00046787754
0.12618446947423512,-1.8239021e-5,0.0004679468
0.12633267439309648,3.695488e-6,0.00046785123
0.1264340051854972,7.605553e-5,0.0004674548
0.1264588380688687,1.4305115e-6,0.00046720423
0.12649982194735165,3.695488e-6,0.0004679499
0.12653622669127806,-0.0005300641,0.00047041202
0.12662884822343695,3.695488e-6,0.00046773718
0.1267450135222103,3.695488e-6,0.00046793313
0.12689231248490124,0.00015819073,0.00046755085
0.12692328018235233,0.0004005432,0.00046800266
0.12693078319864576,-0.00047451258,0.0004672249
0.1270662445455391,-9.3996525e-5,0.00046796096
0.1271539025524766,4.1484833e-5,0.00046799035
0.12734288000773503,-0.00016248226,0.00046795595
0.12734674033565857,-0.0007638931,0.00046640492
0.12739764306958845,-0.00032687187,0.00046716616
0.12740649152196165,1.4305115e-6,0.00046723118
0.1274983452355622,3.695488e-6,0.00046787603
0.12755951647739405,-5.00679e-6,0.0004679649
0.12761053412079298,0.00045716763,0.00046803738
0.12775878971962085,3.695488e-6,0.00046785493
0.12786005357583352,0.0007485151,0.0004677164
0.12788486637921237,1.4305115e-6,0.00046748915
0.1279259200632875,3.695488e-6,0.00046799713
0.12796235923049204,3.695488e-6,0.0004704708
0.1280549253017449,3.695488e-6,0.00046809355
0.12817113362990762,5.9127808e-5,0.00046818287
0.12831836661287854,-0.0001552701,0.00046768945
0.12834938403569573,-0.00039321184,0.00046792618
0.12835681915956654,1.4305115e-6,0.0004673727
0.1284923292725565,-0.0010350943,0.00046788866
0.12858002744321456,0.00033581257,0.00046807798
0.12876898864085068,3.695488e-6,0.0004683409
0.12877280020151038,1.4305115e-6,0.00046683068
0.12882368572321756,1.4305115e-6,0.00046745452
0.1288325083572568,0.00016903877,0.0004673682
0.12892443665668862,3.695488e-6,0.00046773348
0.12898564519237005,0.00042068958,0.00046813872
0.12903659876828466,0.000844121,0.00046813514
0.12918490409037753,3.695488e-6,0.00046815668
0.12928610292240444,-0.0008202791,0.00046751584
0.1293108937321542,1.4305115e-6,0.00046749762
0.12935201817945685,0.0003039837,0.00046835735
0.12938849081440523,3.695488e-6,0.00047051045
0.12948100238051974,0.0005925894,0.00046795554
0.12959725278183726,-5.173683e-5,0.00046799734
0.1297444207413228,0.0005081892,0.00046794268
0.12977548788927268,3.695488e-6,0.00046804702
0.12978285416331892,1.4305115e-6,0.00046777716
0.12991841495697576,0.00012230873,0.00046814128
0.1300061513763172,-0.00036621094,0.00046832493
0.13019509823183517,3.695488e-6,0.0004682281
0.1301988600673622,1.4305115e-6,0.00046685
0.13024972837684667,0.0003386736,0.00046751267
0.13025852519255188,1.4305115e-6,0.00046743706
0.1303505290345166,3.695488e-6,0.00046811346
0.1304117739071125,0.00030088425,0.0004682095
0.13046266341624324,-9.274483e-5,0.00046803828
0.13061101846253498,3.695488e-6,0.0004682851
0.13071215131437497,0.00040447712,0.00046781753
0.13073692204226445,1.4305115e-6,0.00046746907
0.13077811629375857,3.695488e-6,0.00046821884
0.13081462239878533,3.695488e-6,0.0004704385
0.13090707850235966,-0.000585258,0.00046790796
0.13102337193423386,3.695488e-6,0.00046836902
0.13117047486976707,-0.0005052686,0.0004679702
0.13120159174121537,0.00010693073,0.00046814594
0.13120889012260556,1.4305115e-6,0.00046746858
0.13134449968562734,-0.00011497736,0.00046814774
0.1314322753089529,0.0010333061,0.0004686948
0.13162120782258618,3.695488e-6,0.000468451
0.13162491897697937,1.4305115e-6,0.0004667369
0.13167577103070927,0.0002515316,0.00046758406
0.13168454202784702,-0.00016611814,0.00046739483
0.13177662141234459,3.695488e-6,0.00046804437
0.13183790262185502,-0.00071054697,0.00046797327
0.13188872806256768,-0.0012555718,0.00046797836
0.13203713283422547,3.695488e-6,0.00046823337
0.13213819970587853,1.4305115e-6,0.00046773252
0.13216294939637352,0.00034344196,0.00046771904
0.1322042144085272,-0.00029665232,0.00046819216
0.13224075398176466,3.695488e-6,0.00047065585
0.13233315557996722,3.695488e-6,0.00046823407
0.13244949204379886,0.0003453493,0.0004683191
0.13259652899821128,1.4305115e-6,0.00046801157
0.13262769559315812,-9.9658966e-5,0.00046804996
0.13263492608189215,0.0008099079,0.00046768616
0.13277058536981318,1.7046928e-5,0.00046829466
0.13285840019969086,3.695488e-6,0.00046831983
0.13304731645570184,3.695488e-6,0.00046847196
0.13305097884283118,1.4305115e-6,0.00046687754
0.13310181368457186,-0.00058591366,0.00046722742
0.1331105588631421,1.4305115e-6,0.00046764425
0.13320271379017257,3.695488e-6,0.000468149
0.13326403133613063,3.695488e-6,0.0004680974
0.13331479270889207,3.695488e-6,0.00046824157
0.1334632472049822,3.695488e-6,0.00046831765
0.13356424809644835,-0.0004016161,0.00046807993
0.13358897675048265,-0.00034058094,0.00046751808
0.13363031252469654,0.00081062317,0.00046853904
0.13366688652051173,3.695488e-6,0.00047064177
0.13375923265804168,3.695488e-6,0.00046835953
0.1338756111961954,-0.00033801794,0.0004683412
0.13402258312665555,0.00030899048,0.00046821125
0.1340537994458012,3.695488e-6,0.00046847836
0.13406096204187912,-0.0008069873,0.00046764337
0.13419667009729747,-9.775162e-6,0.00046844207
0.13428452413419423,-0.0005443692,0.00046846995
0.13447342604528556,0.0009406805,0.00046868954
0.13447703870891642,1.4305115e-6,0.00046686715
0.13452785538103257,0.00035440922,0.00046769064
0.13453657665420493,0.0008369684,0.00046784923
0.1346288052117659,3.695488e-6,0.00046826922
0.13469016005087314,2.0980835e-5,0.0004683529
0.13474085735591684,3.695488e-6,0.00046855066
0.1348893615762058,3.695488e-6,0.0004684648
0.1349902964870181,1.4305115e-6,0.00046821058
0.13501500506059283,1.4305115e-6,0.00046779925
0.13505641064039897,-0.0008032918,0.00046852292
0.13518530877988155,0.0005289316,0.00046851457
0.135301730348592,3.695488e-6,0.00046856556
0.13544863725463285,1.4305115e-6,0.00046830403
0.1354799032993781,3.695488e-6,0.00046860633
0.1354869980027999,1.4305115e-6,0.00046777827
0.1356227557814833,0.0004169941,0.0004683515
0.13571064902306457,-0.00047796965,0.000468475
0.13589953563603657,3.695488e-6,0.0004685521
0.13590309761783326,1.4305115e-6,0.00046734014
0.13595389803489516,1.4305115e-6,0.00046776902
0.13596259348950002,-0.0002143383,0.00046765534
0.13605489758959388,3.695488e-6,0.0004685109
0.13611628876631598,-1.3649464e-5,0.0004684052
0.13616692200387542,4.053116e-6,0.0004687269
0.13631547594742938,3.695488e-6,0.0004684593
0.13641634487712095,0.0005877018,0.00046832368
0.13644103241353467,0.0004698038,0.00046794087
0.1364825087551676,0.0005413294,0.0004687767
0.13651914968833812,3.695488e-6,0.00047069995
0.13661138585795607,-0.00052160025,0.00046837362
0.13672784950098854,3.695488e-6,0.00046858427
0.13687469138307712,-0.00030612946,0.0004683696
0.13690600715202117,0.00010955334,0.0004684963
0.13691303300655228,1.4305115e-6,0.0004676099
0.1370488405094345,-0.00040966272,0.00046835313
0.13713677295616716,3.695488e-6,0.00046861975
0.137325644270553,-0.00093334913,0.0004684829
0.13732915748368507,1.4305115e-6,0.00046746637
0.13737994068875775,-0.0003515482,0.000467751
0.13738861032479516,-0.0006183982,0.00046778528
0.1374809899676553,3.695488e-6,0.00046845293
0.13754241748129198,3.695488e-6,0.00046852027
0.1375929866509002,0.0001885891,0.0004686871
0.13774159031888644,3.695488e-6,0.00046857473
0.13784239326909148,-0.0002952814,0.00046823034
0.13786706072387833,1.4305115e-6,0.00046793817
0.13790860686993617,-1.7881393e-5,0.00046856914
0.13803746293626395,3.695488e-6,0.0004687934
0.13815396960915283,7.879734e-5,0.00046876725
0.1383007455124552,0.00016272068,0.00046842502
0.13833211100466425,-0.00010216236,0.0004686523
0.13833906896607234,0.0015444756,0.0004680953
0.13847492619362034,3.695488e-6,0.00046874443
0.13856289688973672,3.695488e-6,0.00046874312
0.13875175386013672,0.00095129013,0.0004689492
0.13875521734977037,1.4305115e-6,0.0004673668
0.13880598334238686,1.4305115e-6,0.0004679364
0.13881462716032372,1.4305115e-6,0.00046786794
0.13890708138948216,3.695488e-6,0.00046852743
0.13896854619510063,0.00058710575,0.00046870674
0.13901905129745806,-0.00018161535,0.0004685418
0.1391677046903435,0.00032949448,0.00046878992
0.13926844166106195,0.00047314167,0.00046854655
0.13929308807798746,-0.0004669428,0.00046799838
0.1393347059414063,-0.00051248074,0.00046869257
0.13937141381146528,0.0002783537,0.000471072
0.1394635390583373,3.695488e-6,0.0004687869
0.13958008876154937,-7.1406364e-5,0.00046869682
0.1397267996408994,-0.00015980005,0.0004685069
0.13975821485730733,3.695488e-6,0.0004686372
0.1397651049251255,-0.0008661151,0.00046807132
0.139901010921805,3.695488e-6,0.00046888518
0.13998902082424008,3.695488e-6,0.00046883168
0.14017786249301895,-0.00094401836,0.00046866015
0.140181276259621,1.4305115e-6,0.00046745874
0.14023202503978138,0.0005571842,0.00046826468
0.1402406439958523,8.1181526e-5,0.00046805976
0.14033317376731008,3.695488e-6,0.00046871064
0.14039467490984314,-0.00014674664,0.0004686047
0.14044511594448283,0.0007684231,0.0004689855
0.14059381906156715,8.058548e-5,0.00046883797
0.14069449005116486,-0.00075984,0.0004682206
0.1407191154318631,1.4305115e-6,0.0004680984
0.1407608040573422,3.695488e-6,0.00046887583
0.140797545395145,-0.00027102232,0.00047078493
0.14088961613641182,3.695488e-6,0.00046876402
0.14100620791487978,3.695488e-6,0.00046886332
0.14115285376887676,1.4305115e-6,0.00046845435
0.1411843187101839,3.695488e-6,0.00046885415
0.1411911399298117,-0.0006739497,0.0004681079
0.1413270956499897,0.00019276142,0.00046898387
0.14141514571404423,6.1392784e-5,0.0004688482
0.14160397208330305,0.0001540184,0.0004690183
0.14160733612547283,1.4305115e-6,0.00046742056
0.14165806769271017,-0.0005543232,0.00046815586
0.14166666083021356,-7.83205e-5,0.00046800703
0.14175926614513806,4.673004e-5,0.00046878663
0.14182080362551946,-0.00042939186,0.0004688479
0.14187118059244141,-0.0007610917,0.0004686991
0.14201993343279073,-0.00010460615,0.00046888783
0.1421205384417346,1.4305115e-6,0.00046846698
0.1421451437419733,1.4305115e-6,0.00046831442
0.1421869021728112,3.695488e-6,0.00046888783
0.14222367697882476,0.0015869141,0.00047131378
0.1423156932137859,0.000954628,0.00046903745
0.14243232706727638,0.00034582615,0.00046912662
0.14257890789638716,2.4437904e-5,0.00046857353
0.1426104225630604,3.695488e-6,0.00046881227
0.14261717589073253,1.4305115e-6,0.0004680919
0.14275318133417547,3.695488e-6,0.00046889472
0.14284126964761373,0.0013949871,0.00046908832
0.14303008167405407,-0.00014674664,0.00046901306
0.14303339599132459,0.00013530254,0.00046745376
0.14308411034657276,0.00062811375,0.0004682088
0.14309267766574213,1.4305115e-6,0.00046816134
0.14318535756673145,-3.9458275e-5,0.0004687453
0.14324693234026198,3.695488e-6,0.00046869458
0.1432972452394662,3.695488e-6,0.0004690803
0.143446047803314,-0.00029081106,0.0004689265
0.14354658778970625,1.4305115e-6,0.0004686165
0.14357117109538203,1.4305115e-6,0.0004681466
0.1436130002880467,3.695488e-6,0.00046910736
0.14364980856227105,-0.0015795827,0.0004710513
0.14374176933585925,-0.0006312132,0.0004689169
0.1438584471749737,-0.00033855438,0.00046905616
0.14400496202483143,-2.1576881e-5,0.00046868803
0.14403652641570353,3.695488e-6,0.0004689266
0.1440432118497857,1.4305115e-6,0.0004685262
0.14417926606212672,-0.00018537045,0.0004690647
0.1442673935811833,-0.001445353,0.0004689228
0.1444561903078701,3.695488e-6,0.00046891818
0.1444594549009418,-0.00013244152,0.0004677634
0.14451015300020187,-0.0006252527,0.00046814114
0.1445186945012707,0.001126051,0.00046820162
0.14461144994409253,3.695488e-6,0.0004690441
0.14467306105453753,0.00035881996,0.0004690625
0.1447233098855571,3.695488e-6,0.000469025
0.14487216217523796,3.695488e-6,0.00046890648
0.1449726361814433,4.053116e-5,0.00046873637
0.14499719844925768,1.4305115e-6,0.00046845336
0.14503909840328222,3.695488e-6,0.00046910095
0.14507594110195193,3.695488e-6,0.00047133796
0.14516784641440061,-0.00028657913,0.0004689613
0.14528456632760373,3.695488e-6,0.00046912354
0.1454310161542095,0.0011216402,0.00046902327
0.1454626302683466,3.695488e-6,0.00046902144
0.1454692468530711,0.0002309084,0.00046849085
0.14560535174631256,3.695488e-6,0.00046907825
0.14569351847052048,3.695488e-6,0.0004694624
0.1458822998981542,0.00025081635,0.00046917205
0.14588551476679362,0.0017637014,0.00046801055
0.1459361946975964,1.4305115e-6,0.00046843104
0.14594471133656584,1.4305115e-6,0.00046842507
0.14603754232192045,0.0002514124,0.00046948608
0.14609918976928005,-0.00011360645,0.0004689642
0.14614937453281535,5.710125e-5,0.00046925337
0.14629827654739536,3.695488e-6,0.0004692307
0.1463986845720131,-3.7670135e-5,0.00046860907
0.14642322676006825,9.8228455e-5,0.00046868494
0.14646519651781742,3.695488e-6,0.00046920514
0.14650207268539822,3.695488e-6,0.000471296
0.14659392253647396,-2.2232533e-5,0.00046918995
0.14671068548070065,3.695488e-6,0.00046906192
0.1468570702826537,1.4305115e-6,0.00046884464
0.14688873412052278,3.695488e-6,0.00046918585
0.14689528281235775,-0.00020325184,0.0004684797
0.14703143647426375,3.695488e-6,0.0004689451
0.14711964240409003,3.695488e-6,0.0004692694
0.14730840853220373,-0.00024348497,0.00046896038
0.14731157463264544,1.4305115e-6,0.00046770432
0.1473622373512255,0.00018262863,0.00046856742
0.14737072817186092,-0.0011231899,0.00046831978
0.14746363374421423,0.0008018017,0.00046932203
0.14752531848495637,-0.00023412704,0.00046900514
0.14757543918007354,0.0007046461,0.0004693743
0.1477243909179186,3.695488e-6,0.00046911518
0.14782473296234938,6.0796738e-6,0.00046884234
0.14784925411417738,0.0010383129,0.00046869993
0.14789129463328637,3.695488e-6,0.0004693802
0.14792820426837755,3.695488e-6,0.0004715094
0.1480199996138481,3.695488e-6,0.00046906626
0.14813680463309725,3.695488e-6,0.00046919647
0.14828312441063107,-0.00042378902,0.0004686213
0.14831483797316586,3.695488e-6,0.00046926166
0.1483213187730451,-2.336502e-5,0.00046845738
0.1484575221584496,3.695488e-6,0.0004692824
0.1485457663385934,0.00014221668,0.00046947112
0.14873451812132055,3.695488e-6,0.0004694033
0.14873763354249608,-0.0017608404,0.00046765426
0.14878828000485467,-0.00017976761,0.00046852606
0.14879674405022109,1.4305115e-6,0.00046849885
0.14888972612227563,-0.0005323887,0.00046910378
0.14895144719969888,3.695488e-6,0.00046921984
0.14900150287086372,-0.0007507205,0.0004694038
0.14915050528844187,3.695488e-6,0.00046933215
0.1492507813526857,-3.2186508e-6,0.0004689228
0.14927528146711916,-0.0007212758,0.00046843293
0.1493173927489888,0.00026082993,0.00046926807
0.14944607573568797,3.695488e-6,0.00046930148
0.14956292474126148,3.695488e-6,0.00046929854
0.14970917853907528,-0.00069355965,0.00046872566
0.14974094087004125,3.695488e-6,0.0004691875
0.1497473537777313,1.4305115e-6,0.0004686381
0.14988360688593388,3.695488e-6,0.00046933917
0.14997189027216296,-0.0001348257,0.00046931638
0.15016062675513658,3.695488e-6,0.00046936423
0.15016369340858132,1.4305115e-6,0.00046792
0.1502143217022492,1.4305115e-6,0.00046864542
0.15022276088574965,0.00013828278,0.00046867982
0.15031581754293516,-0.00050628185,0.00046928014
0.1503775749582068,0.00040256977,0.00046951932
0.1504275675178885,3.695488e-6,0.00046951286
0.15057661966059926,3.695488e-6,0.0004692667
0.15067682974465624,1.4305115e-6,0.0004688709
0.1507013097767625,0.0010361671,0.00046884664
0.15074349086445782,-0.00025343895,0.00046934013
0.1507804683929055,3.695488e-6,0.00047156576
0.1508721528146963,3.695488e-6,0.00046917493
0.15098904389365808,3.695488e-6,0.00046941964
0.15113523266751955,1.4305115e-6,0.00046899478
0.15116704472291775,3.695488e-6,0.00046933617
0.15117338973701788,1.4305115e-6,0.0004688453
0.15130969161388508,3.695488e-6,0.00046943658
0.15139801516103324,3.695488e-6,0.00046958833
0.15158673634612108,0.00016403198,0.00046942898
0.15158975327349933,1.4305115e-6,0.00046820036
0.15164036435611178,0.0016682148,0.00046898559
0.1516487777215117,-0.00013536215,0.000468593
0.15174190992099662,3.695488e-6,0.00046934996
0.15180370367294932,-0.0001410842,0.00046938495
0.15185363216491327,0.00010085106,0.00046946167
0.1520027340325233,3.695488e-6,0.0004693596
0.15210287813639328,1.4305115e-6,0.0004687784
0.15212733713063814,1.4305115e-6,0.00046863902
0.15216958897899296,3.695488e-6,0.00046947077
0.15220659997588482,0.0008728504,0.00047180775
0.15229822893653616,0.00030350685,0.00046937578
0.1524151630469885,3.695488e-6,0.000469813
0.1525612867959638,1.4305115e-6,0.0004692382
0.1525931485748605,0.00045406818,0.00046967715
0.15259942569630452,1.4305115e-6,0.000468881
0.15273577729900473,9.918213e-5,0.00046944068
0.1528241390955366,3.695488e-6,0.00046966938
0.1530128459361717,-0.00015670061,0.00046965838
0.15301581218334998,1.4305115e-6,0.00046819198
0.15306640700997437,-0.001281023,0.0004688308
0.15307479455704026,1.4305115e-6,0.0004687271
0.15316800229952493,3.695488e-6,0.0004697279
0.15322983238722487,-0.00025045872,0.00046954298
0.15327969681193804,-9.351969e-5,0.00046965398
0.1534288484030465,3.695488e-6,0.00046944452
0.15352892652672961,1.4305115e-6,0.00046938026
0.1535533644854476,0.00035583973,0.00046886422
0.1535956870942285,3.695488e-6,0.00046951152
0.1536327315583973,-0.00086545944,0.00047164125
0.15372430601414372,-0.00029623508,0.00046933602
0.15384128219938503,0.00026214123,0.0004696546
0.15398734092440802,4.7326088e-5,0.00046930948
0.15401925242703668,0.00024294853,0.0004695496
0.15402546069959,1.4305115e-6,0.00046897942
0.15416186202695598,-9.185076e-5,0.00046948582
0.15425026303003997,3.695488e-6,0.0004696946
0.15443895456952084,0.00064849854,0.0004697168
0.15444187204943527,0.00090277195,0.00046846672
0.15449244870643508,0.00016081333,0.00046916367
0.15450081139163502,1.4305115e-6,0.0004689003
0.15459409372111832,3.9458275e-5,0.00046958853
0.1546559611019674,3.695488e-6,0.00046960506
0.1547057605022613,3.695488e-6,0.00046964336
0.15485496277380317,3.695488e-6,0.00046945695
0.15495497491729937,1.4305115e-6,0.00046936577
0.15497939183932324,-0.0017986298,0.00046877083
0.15502178521039783,0.00024175644,0.0004697713
0.155058863142077,9.346008e-5,0.00047155123
0.1551503821359836,3.695488e-6,0.00046961993
0.15526740135108125,0.00027096272,0.0004698414
0.15541339505238538,-4.440546e-5,0.00046936385
0.15544535628038014,-0.00068598986,0.00046947485
0.1554514966602773,1.4305115e-6,0.00046918218
0.15558794675444027,0.0005700588,0.00046959595
0.15567638696267566,3.695488e-6,0.00046974173
0.15586506415957146,-0.00064122677,0.0004695388
0.15586793095905244,-0.0007416606,0.00046803354
0.15591849136029762,-0.00054228306,0.00046890468
0.1559268282264632,0.00061941147,0.0004688685
0.15602018609847934,4.374981e-5,0.00046961755
0.15608208981741029,0.0001296997,0.00046968105
0.15613182514928609,3.695488e-6,0.000469748
0.15628107714502681,3.695488e-6,0.00046976018
0.15638102330740222,4.87566e-5,0.00046942424
0.1564054191924985,0.0007535219,0.00046951725
0.15644788332563336,-0.00023448467,0.00046955096
0.15648499568245827,-8.606911e-5,0.00047166858
0.15657645921475843,3.695488e-6,0.00046967124
0.15669352145994586,3.33786e-5,0.0004697916
0.1568394491808296,0.00076019764,0.0004695308
0.15687146013372355,3.695488e-6,0.0004696745
0.15687753166473006,1.4305115e-6,0.00046902013
0.15701403243769224,-0.00056266785,0.00046952756
0.1571025118520129,3.695488e-6,0.00046979528
0.15729117279432137,3.695488e-6,0.0004697783
0.15729399082490425,-0.00015681982,0.0004682696
0.1573445340141602,1.4305115e-6,0.00046917703
0.15735284506175834,-0.00061649084,0.0004687484
0.15744627752007273,-7.2181225e-5,0.00046981798
0.15750821853238622,0.0009717941,0.0004699277
0.15755788979724467,3.695488e-6,0.00046986013
0.15770719151695078,3.695488e-6,0.00046996155
0.15780707169937275,0.00095140934,0.00046961883
0.15783144750190836,1.4305115e-6,0.00046924138
0.15787398144040193,3.695488e-6,0.00046981074
0.15791112726590456,0.00058722496,0.00047197513
0.15800253533683178,3.695488e-6,0.00046982671
0.15811964061234246,-0.0005518198,0.0004697046
0.15826550331020767,-0.0007573962,0.000469543
0.15829756398589973,0.00027143955,0.0004697385
0.15830356762425013,1.4305115e-6,0.00046958486
0.1584401171665773,0.000410676,0.00046993795
0.15852863578558246,3.695488e-6,0.00047000326
0.158717282384372,3.695488e-6,0.0004699128
0.15872005069005568,1.4305115e-6,0.00046865884
0.15877057571155473,1.4305115e-6,0.00046929336
0.15877886094151922,0.0003412962,0.0004689983
0.15887236989883452,3.695488e-6,0.0004696686
0.15893434724619493,-0.0005541444,0.00046966024
0.15898395444426944,3.695488e-6,0.00046995972
0.15913330588840785,7.045269e-5,0.00046987197
0.15923312009134327,-2.8789043e-5,0.00046921062
0.159257474855784,-0.0007506013,0.0004692242
0.15930007955470366,3.695488e-6,0.00047012442
0.15933725884935085,-0.00032824278,0.00047158223
0.15942861241397244,3.695488e-6,0.00046976516
0.159545759764739,3.695488e-6,0.00046986112
0.15969155743865193,1.4305115e-6,0.00046962753
0.1597236678385428,-0.00026410818,0.00046973838
0.1597296035833033,7.176399e-5,0.0004693967
0.15986620189546236,-0.00040328503,0.0004698301
0.15995475972008583,3.695488e-6,0.00046979293
0.16014339101725422,3.695488e-6,0.00046997532
0.16014610959990638,0.00064074993,0.00046901684
0.1601966183651839,1.4305115e-6,0.00046929505
0.16020487777704778,0.00078189373,0.00046925244
0.1602984613204279,0.0005251169,0.00047002692
0.16036047596117087,-0.0005326867,0.00046999345
0.16041001813435923,0.00015413761,0.00047001388
0.16055941930339684,-6.3061714e-5,0.0004698776
0.16065916848144612,-0.00096559525,0.00046936562
0.16068350221059347,1.5735626e-5,0.00046953408
0.160726177670873,0.00032138824,0.0004701231
0.16076339043303056,0.0009006262,0.00047221538
0.1608546885358123,0.0007491112,0.00047011997
0.1609718789180694,3.695488e-6,0.0004701824
0.16111761156662924,1.4305115e-6,0.00046980407
0.16114977169211975,3.695488e-6,0.00047025067
0.16115563858728915,1.4305115e-6,0.000469502
0.16129228757871433,3.695488e-6,0.000470112
0.16138088365365533,0.00033056736,0.0004702921
0.16156950060753833,3.695488e-6,0.00047001374
0.16157216946622505,-0.0006262064,0.00046867089
0.16162266006187803,1.4305115e-6,0.00046930672
0.16163089461140906,0.0007675886,0.00046929115
0.1617245536975555,3.3020973e-5,0.00047014828
0.16178660467661377,0.00030755997,0.00047002814
0.16183608278161749,-0.00014686584,0.000469953
0.16198553367462049,0.00048708916,0.00047007817
0.1620852159157813,1.4305115e-6,0.00046968248
0.1621095295644691,0.0012117624,0.00046938178
0.16215227578704233,-0.00031399727,0.00046990678
0.16218952201671033,-0.0011450648,0.00047188823
0.16228076465788566,-0.0007417202,0.00047003722
0.16239799807046595,0.00042629242,0.00047024904
0.1625436647388389,1.4305115e-6,0.0004697497
0.16257587554476283,3.695488e-6,0.00047003786
0.16258167454797645,-6.890297e-5,0.0004693732
0.16271837230666558,3.695488e-6,0.00047014162
0.16280700854345947,-7.021427e-5,0.00047016758
0.16299560924205475,0.00016248226,0.00047022503
0.16299822837607575,-1.0192394e-5,0.00046875823
0.16304870271574062,1.4305115e-6,0.00046936556
0.1630569104900027,-0.00111866,0.0004692249
0.16315064511938232,-0.00054717064,0.000470131
0.16321273339135622,-0.0003002286,0.0004699345
0.16326214647287457,3.695488e-6,0.00047012046
0.16341164804537717,0.00044381618,0.0004704749
0.1635112643077518,1.4305115e-6,0.00046989453
0.16353555691787786,-0.0011905432,0.00046925017
0.16357837294510946,0.00077569485,0.00047019872
0.16361565455685811,0.0005426407,0.00047225202
0.1637068417361936,3.695488e-6,0.0004701724
0.16382411722216217,-0.0001988411,0.00047016254
0.16396971886728312,1.4305115e-6,0.0004698453
0.1640019784402375,0.00016438961,0.00047026272
0.16400770955172883,0.00048279762,0.0004697086
0.16414445703555064,3.695488e-6,0.00047010268
0.16423313247702903,0.00054228306,0.0004705084
0.16442171883210538,3.695488e-6,0.0004702572
0.16442428824122718,4.386902e-5,0.0004688356
0.16447474536936973,0.00062453747,0.0004695381
0.1644829273252978,0.00021767616,0.00046948757
0.1645767374972103,3.695488e-6,0.0004702776
0.16463886210563183,3.695488e-6,0.0004700699
0.16468821112013277,3.695488e-6,0.00047020116
0.16483776241660075,-0.0009198785,0.00047004604
0.16493731269925538,0.0008980036,0.00047002584
0.16496158522705423,-3.1113625e-5,0.00046959886
0.16500447106057847,-0.0007684231,0.00047005515
0.16504178614053783,-0.0005353689,0.0004721012
0.16513291785803347,3.695488e-6,0.00047023984
0.1652502363747922,0.00011205673,0.00047038193
0.16539577299572739,1.4305115e-6,0.00046987314
0.165428082293114,2.0980835e-5,0.00047013868
0.1654337455112489,-0.0004799366,0.0004694699
0.16557054176350183,3.695488e-6,0.00047052087
0.16565925641013163,-0.0006042123,0.00047020338
0.1658478274654545,0.0004017353,0.00047032867
0.16585034715037744,-4.1007996e-5,0.00046871073
0.1659007870667643,-0.00062167645,0.00046951338
0.16590894416152674,-0.0009809732,0.00046887857
0.1660028289188037,0.00052046776,0.00047014307
0.16606498986413976,3.695488e-6,0.00047021764
0.16611427481022256,3.695488e-6,0.00047051985
0.16626387678852472,3.695488e-6,0.00047033138
0.1663633610898252,-0.0005367398,0.0004700032
0.1663876125818637,1.4305115e-6,0.0004696325
0.16643056917604743,3.695488e-6,0.00047031257
0.16646791772328373,3.695488e-6,0.00047237196
0.16655899493610798,2.4795532e-5,0.00047027724
0.1666763564838903,-0.00032490492,0.00047020512
0.16682182712417165,0.0009357929,0.0004701416
0.16685418614599057,-0.00017440319,0.0004702972
0.16685978051453437,0.00076270103,0.0004696264
0.1669966274472207,3.695488e-6,0.00047036615
0.16708538034370118,-4.529953e-6,0.00047040315
0.16727393705550514,-0.0005532503,0.0004703183
0.16727640701622926,1.180172e-5,0.0004691501
0.16732682972039342,1.4305115e-6,0.00046970963
0.16733496004058723,1.4305115e-6,0.00046959153
0.16742892129663162,-0.0004968047,0.0004701625
0.16749111857981608,4.36306e-5,0.00047038143
0.16754033945678043,3.695488e-6,0.00047027558
0.1676899911599818,3.695488e-6,0.0004703531
0.16778940948016147,1.4305115e-6,0.00046995716
0.16781363993667314,1.4305115e-6,0.00046969336
0.16785666729128296,0.0014096498,0.00047068
0.16789404930626312,3.695488e-6,0.00047242484
0.16798507105794785,0.00028252602,0.00047036604
0.16810247563628689,0.00026726723,0.00047057914
0.16824788125214896,-0.0009329319,0.00047000215
0.16828028999863365,3.695488e-6,0.00047019075
0.16828581647498825,-0.00075984,0.00046930014
0.16842271217517196,3.695488e-6,0.00047047547
0.16851150427820455,-0.00017184019,0.00047036147
0.16870004568932118,3.695488e-6,0.00047033213
0.16870246592654686,-9.000301e-6,0.0004692207
0.16875287141778794,1.4305115e-6,0.0004696655
0.168760976875182,0.00036799908,0.00046924513
0.168855012718225,-1.2636185e-5,0.00047033414
0.1689172472945586,-3.629923e-5,0.00047047363
0.16896640314803751,3.695488e-6,0.00047038344
0.16911610553027157,3.695488e-6,0.00047052407
0.1692154578704978,-0.00035697222,0.0004699556
0.16923966728961498,1.4305115e-6,0.00046955567
0.1692827654065185,-0.00079607964,0.00047030486
0.16932018184664438,3.695488e-6,0.0004726531
0.16941114717978772,-0.0002963543,0.0004702408
0.16952859478821652,-0.00025993586,0.00047030876
0.16967393538059322,1.4305115e-6,0.00047045873
0.16970639385127673,0.00073993206,0.00047053292
0.1697118514796745,0.00034964085,0.00046976702
0.1698487969031232,0.00022161007,0.00047052256
0.16993762821177405,3.695488e-6,0.0004707229
0.1701261543233707,3.695488e-6,0.00047052038
0.1701285257926321,1.4305115e-6,0.00046904117
0.17017891407141705,0.00015902519,0.00046979784
0.17018699370977675,-0.00036507845,0.00046928742
0.170281105096053,3.695488e-6,0.00047025154
0.17034337600930105,3.695488e-6,0.0004703384
0.1703924677959961,3.695488e-6,0.00047046208
0.1705422199014952,0.00013494492,0.00047056345
0.17064150626246832,1.4305115e-6,0.00047030853
0.17066569464302372,6.4373016e-6,0.00046982168
0.17070886352175402,-0.00060254335,0.00047056045
0.170746313430791,3.695488e-6,0.00047216943
0.17083722425809567,3.695488e-6,0.00047063894
0.17095471394061312,0.00015246868,0.00047070658
0.17109998950903743,0.0006802082,0.0004703195
0.1711324977039198,3.695488e-6,0.0004706005
0.17113788743896108,-0.0001847744,0.00046979383
0.1712748816310744,-0.0002142787,0.00047054223
0.1713637531008778,3.695488e-6,0.0004705671
0.1715522639136548,3.695488e-6,0.0004705671
0.17155458470131552,0.00027668476,0.00046931137
0.17160495576834472,-0.00015616417,0.00046992092
0.1716130095897711,1.4305115e-6,0.00046966967
0.17170719651717942,0.0005450249,0.0004705348
0.17176950472404356,3.695488e-6,0.00047064052
0.17181853148631937,3.695488e-6,0.00047053027
0.171968333317418,-0.00012761354,0.00047037617
0.17206755465420537,1.4305115e-6,0.0004701377
0.172091721996199,-3.516674e-6,0.00047010081
0.17213496163698955,3.695488e-6,0.00047064963
0.17217244501377038,3.695488e-6,0.0004726928
0.17226330038016902,3.695488e-6,0.00047059145
0.17238083309394348,0.001431942,0.00047111415
0.1725260426812471,-0.00056654215,0.00047044916
0.1725586006003283,-0.0007326603,0.0004704917
0.17256392244201307,0.00028550625,0.00047011243
0.17270096731526025,3.695488e-6,0.00047050716
0.17278987703514775,3.695488e-6,0.0004706733
0.17297837254747084,3.695488e-6,0.00047062783
0.17298064456740075,-4.863739e-5,0.00046937692
0.17303099842197384,0.00024926662,0.00046996507
0.17303902642576657,0.00021886826,0.00046954918
0.1731332888950074,3.695488e-6,0.0004705353
0.17319563343831917,3.695488e-6,0.00047046572
0.17324459613241033,3.695488e-6,0.0004706012
0.17339444768864165,5.5789948e-5,0.00047059334
0.1734936030445417,0.00052785873,0.00047046258
0.17351774935077496,3.707409e-5,0.00047011266
0.17356105975222508,8.511543e-5,0.00047078717
0.17359857659721667,0.00017428398,0.00047279953
0.17368937650200889,9.3102455e-5,0.0004706591
0.17380695224634007,-0.000539124,0.0004705769
0.17395209680969137,-0.00010931492,0.00047048528
0.17398470445250447,0.00019407272,0.00047051138
0.17398995840153314,-0.00044471025,0.00047006848
0.17412705204344492,0.000197649,0.00047075903
0.17421600096965112,0.00082206726,0.00047106209
0.17440448213752147,3.695488e-6,0.0004708966
0.1744067034777183,-0.00022375584,0.0004694713
0.17445704011936836,-0.000246346,0.00046966583
0.17446504230412674,0.00033533573,0.00046989383
0.1745593803175346,0.00017869473,0.00047075632
0.1746217621530617,3.695488e-6,0.00047060798
0.17467065982343394,3.695488e-6,0.00047089727
0.17482056205939833,-4.839897e-5,0.00047052553
0.17491965143511146,0.000113487244,0.00047049118
0.17494377670558442,-8.881092e-6,0.00047034974
0.17498715786769403,0.00017988682,0.00047082637
0.17502470818066296,0.00057816505,0.00047263905
0.17511545262291495,-8.5771084e-5,0.00047080414
0.1752330713982697,-0.00018692017,0.00047068417
0.17537815093836906,1.4305115e-6,0.00047031912
0.17541080830584793,0.0010157824,0.00047069165
0.1754159934059859,1.4305115e-6,0.0004700903
0.1755531367716296,-0.00019037724,0.00047075038
0.1756421249022868,-0.0007055402,0.0004708226
0.17583059077133756,3.695488e-6,0.00047088147
0.17583276334357012,0.0011190176,0.0004695262
0.17588308277323095,1.4305115e-6,0.00046996685
0.17589105913895492,4.8279762e-5,0.00047015634
0.17598547269536258,-0.00071275234,0.0004705168
0.17604788991250342,5.6743622e-5,0.00047093868
0.1760967244711591,0.00034677982,0.00047096895
0.17624667643062192,0.0008895397,0.00047096732
0.17634569886897972,-0.00063711405,0.00047033196
0.17636980405875968,0.0005811453,0.00047018362
0.17641325502692845,3.695488e-6,0.00047069567
0.17645084072034384,-0.00016695261,0.0004724571
0.1765415297012229,3.695488e-6,0.0004707224
0.1766591905506663,-0.000536561,0.00047061453
0.17680420506704675,1.4305115e-6,0.00047054692
0.1768369121591914,0.00075793266,0.00047100877
0.17684202936667326,0.00028514862,0.0004701002
0.17697922149864698,0.00036036968,0.00047072172
0.17706824883538946,-0.00010550022,0.00047105292
0.177256700362322,3.695488e-6,0.00047101078
0.17725882225272044,-0.0005835891,0.00046988114
0.17730912447085895,1.4305115e-6,0.00047035987
0.1773170750170816,0.0012224913,0.0004700913
0.177411564116489,0.0012147427,0.0004712024
0.17747401862724593,-4.941225e-5,0.0004707858
0.17752278816194927,-0.00033944845,0.00047099506
0.17767279080277937,-0.0007414222,0.0004709827
0.17777174726095024,1.4305115e-6,0.000470561
0.177795831411935,0.0010595322,0.00047036252
0.17783935314216393,-0.000254035,0.00047087975
0.17787697230379013,-0.0004659295,0.00047271044
0.17796760582376314,0.0003643036,0.00047098068
0.17808530970306286,0.000264287,0.000471052
0.17823025919549101,0.00019609928,0.00047076456
0.17826301505513298,-0.0011988282,0.00047042602
0.17826806436995873,-0.000282228,0.00047010125
0.17840530622683165,-0.00035309792,0.00047075527
0.17849437276895896,0.0005685091,0.00047112457
0.17868280899613803,4.220009e-5,0.00047128028
0.17868488211787187,0.00042271614,0.00046939467
0.17873516712355425,1.4305115e-6,0.00047034508
0.17874309185331055,-0.0015833378,0.00046968178
0.1788376555385493,-0.00014352798,0.00047092472
0.17890014734105458,3.695488e-6,0.0004708697
0.1789488518522725,3.695488e-6,0.00047111366
0.179098905174003,-0.00013715029,0.00047090507
0.17919779565292077,1.4305115e-6,0.0004704915
0.1792218587653437,-0.00060361624,0.00047002628
0.17926545125646565,0.00089251995,0.0004710746
0.17930310388746984,0.0009446144,0.0004729713
0.179393681945603,-0.00035697222,0.00047075294
0.17951142885545945,-0.00056034327,0.00047080507
0.17965631236770063,-0.00019317865,0.0004706842
0.17968911890707567,-0.00029081106,0.00047088755
0.1796940993727773,1.4305115e-6,0.00047041356
0.17983139095548323,3.695488e-6,0.0004711468
0.17992049670346233,-0.00036489964,0.00047105976
0.18010891762925374,-3.4868717e-5,0.00047118563
0.18011094102772252,-0.0006798506,0.0004694333
0.18016120882118225,0.00011122227,0.00047047052
0.1801691077333049,-7.432699e-5,0.00046997063
0.1802637479173111,-0.00077462196,0.00047096517
0.18032627605603058,4.4703484e-5,0.00047100513
0.18037491649929727,0.00088620186,0.00047118778
0.1805250185880582,0.00032567978,0.0004712384
0.18062384404302362,1.4305115e-6,0.00047082308
0.18064788611991972,0.00083088875,0.0004704126
0.18069154937193466,-0.00054448843,0.00047079328
0.1807292354711496,-0.0010421872,0.00047301126
0.18081975806697598,0.000106573105,0.00047103886
0.180937548007856,0.0005224943,0.00047100065
0.181082366495678,1.4305115e-6,0.00047078996
0.18111522276041914,-0.00045615435,0.0004709687
0.1811201353329977,1.4305115e-6,0.00047034374
0.18125747568343448,7.402897e-5,0.0004709901
0.18134662159326648,-0.0001925826,0.00047128065
0.18153502721860398,3.695488e-6,0.00047111278
0.18153700089404123,0.0005712509,0.00047008754
0.1815872514750448,1.4305115e-6,0.00047030643
0.1815951245676662,-0.00015729666,0.00047032454
0.1816898393382041,-0.00022894144,0.00047102736
0.18175240477147342,-2.1338463e-5,0.00047115027
0.18180098019102126,-0.0006811023,0.00047086173
0.18195113295951526,-4.1127205e-6,0.0004710082
0.18204989243359337,1.4305115e-6,0.00047093572
0.1820739134744957,-0.0015806556,0.0004700443
0.18211764748787052,0.0008172989,0.00047115807
0.1821553670545959,0.00022375584,0.00047315357
0.18224583418834894,-7.6532364e-5,0.00047102434
0.1823636671602526,3.695488e-6,0.00047138293
0.1825084206241222,1.4305115e-6,0.00047071328
0.18254132661399602,5.1140785e-5,0.00047117306
0.18254617033745046,1.4305115e-6,0.00047056272
0.18268356136715336,0.0005698204,0.00047113205
0.18277274552683603,3.695488e-6,0.00047113615
0.18296113585335388,3.695488e-6,0.00047117652
0.18296305980389188,0.00034224987,0.0004699106
0.18301329317243936,0.0009099245,0.000470041
0.18302114044625978,0.001713872,0.00047073275
0.1831159317153317,2.8252602e-5,0.00047095324
0.18317853348621593,-1.2457371e-5,0.00047096517
0.18322704388181144,0.0014266968,0.00047143977
0.18337724733097233,-5.1558018e-5,0.00047119273
0.1834759408255639,5.8412552e-5,0.0004707699
0.18349994082790444,-0.0003040433,0.00047043205
0.18354374464687145,-0.0010845065,0.00047094218
0.18367191126689036,0.0005427599,0.0004710952
0.1837897872691172,3.695488e-6,0.0004712955
0.18393447475256647,1.4305115e-6,0.00047090577
0.18396742950970413,-4.374981e-5,0.00047119538
0.18397220629743744,1.4305115e-6,0.00047078036
0.1841096460951046,-0.0006328821,0.00047097416
0.18419886946040553,3.695488e-6,0.00047116817
0.1843872444878703,3.695488e-6,0.00047117873
0.1843891196690433,0.00021994114,0.0004699409
0.18443933582606847,1.4305115e-6,0.00047072972
0.18444715728108801,1.4305115e-6,0.00047008475
0.18454202313692508,0.00039052963,0.00047109727
0.18460466124425695,3.695488e-6,0.00047132402
0.1846531075719013,3.695488e-6,0.00047117504
0.1848033617021959,0.0002117157,0.00047125862
0.18490198826083287,1.4305115e-6,0.00047102026
0.18492596818084628,0.0012389421,0.00047070583
0.18496984276164008,-6.240606e-5,0.0004711302
0.18500763117865687,-0.00021648407,0.0004728975
0.18509798738966404,-0.00033843517,0.00047121698
0.18521590642174723,-0.00051516294,0.0004709879
0.1853605279247761,1.4305115e-6,0.00047110807
0.18539353336164688,0.00033855438,0.00047125103
0.1853982413007229,0.00031769276,0.00047067966
0.1855357308239896,0.00019335747,0.0004709862
0.1856249933935082,3.695488e-6,0.0004713389
0.18581335407722055,3.695488e-6,0.0004711392
0.18581517857819363,-0.0011935234,0.0004693701
0.185865377523463,-0.0010167956,0.00047023385
0.1858731731601485,-0.0014210343,0.00047027084
0.18596811455945228,-0.0004608631,0.00047101537
0.1860307899589994,0.00041794777,0.00047143293
0.18607917221915948,-0.0012184381,0.00047127646
0.18622947607411988,-0.0004633665,0.00047106724
0.18632803665140268,0.0010019541,0.0004708614
0.18635199553495535,-0.00046175718,0.0004704208
0.1863959408768756,3.695488e-6,0.00047135836
0.1864337627611693,1.5974045e-5,0.00047336525
0.186524063511037,0.0007330179,0.0004713749
0.18664202557461074,3.695488e-6,0.00047123834
0.18678658205322035,0.00031363964,0.0004711085
0.18681963721428996,3.695488e-6,0.00047132684
0.18682427630400839,1.4305115e-6,0.00047066173
0.18696181555194086,-0.0001860261,0.00047124387
0.18705111732707774,9.8347664e-5,0.000471371
0.18723946271056968,3.695488e-6,0.0004711509
0.18724123748851124,0.00073218346,0.0004700492
0.1872914201770921,0.00016891956,0.00047092643
0.18729918903990944,0.0005120039,0.00047068056
0.18739420693728026,3.695488e-6,0.00047129518
0.18745691867467573,-0.0004106164,0.00047123665
0.18750523590994966,0.00035953522,0.00047157562
0.18765558948934236,3.695488e-6,0.00047129518
0.18775408504197244,1.4305115e-6,0.0004710221
0.18777802288953133,1.4305115e-6,0.00047059535
0.18782203899304495,3.695488e-6,0.00047116264
0.18785989434414868,-8.6426735e-6,0.00047316926
0.18795013963194307,-0.0009454489,0.00047122012
0.18806814472724076,0.000119924545,0.00047137728
0.18821263618119766,-0.00031077862,0.0004711029
0.18824574106786685,-0.000331223,0.0004711706
0.18825031226399536,-0.00031477213,0.00047054002
0.18838790027919172,3.695488e-6,0.00047122868
0.18847724126158105,-9.095669e-5,0.00047131765
0.18866557230062037,0.000390172,0.0004712703
0.18866729735506338,-0.0007787347,0.00046971857
0.18871746187448668,0.0003362894,0.00047089646
0.188725205875438,-7.343292e-5,0.00047057212
0.1888202983584067,0.001151681,0.00047153782
0.18888304738941825,0.00074768066,0.00047141005
0.18893129960073984,-0.00067698956,0.00047123514
0.18908170385963213,3.695488e-6,0.00047134084
0.1891801334320753,-0.0010559559,0.00047083118
0.18920405024340697,-0.0007728934,0.0004704401
0.18924813710828048,0.0012667179,0.00047157743
0.18928602592829535,3.695488e-6,0.00047340008
0.1893762157547168,0.00021779537,0.00047152286
0.18949426387893697,-0.00011265278,0.00047116246
0.18963869030964192,1.4305115e-6,0.00047104238
0.18967184396427533,8.845329e-5,0.0004713096
0.18967634726844812,1.4305115e-6,0.0004708899
0.1898139850064426,0.0005840063,0.00047158301
0.1899033651951506,3.695488e-6,0.00047163904
0.1900916809351368,0.00017178059,0.00047131948
0.1900933562642137,0.0004069805,0.00047023976
0.19014350357211468,1.4305115e-6,0.00047081176
0.1901512217535647,-0.0002590418,0.00047065466
0.19024638978000008,3.695488e-6,0.00047151136
0.19030917514792617,0.00077438354,0.00047134704
0.19035736329153002,6.043911e-5,0.0004715908
0.1905078182310892,3.695488e-6,0.00047150202
0.19060618182404582,1.4305115e-6,0.0004709933
0.19063007759681572,0.00036740303,0.0004709734
0.1906742342668145,0.00035369396,0.0004714894
0.19071215751244197,3.695488e-6,0.00047316676
0.19080229187725706,-0.000210464,0.0004714605
0.19092038303086661,0.0006211996,0.00047148013
0.1910647434818516,1.4305115e-6,0.000471276
0.1910979478164515,-8.106232e-5,0.0004713166
0.19110238227243392,0.00075519085,0.00047107862
0.1912400697353276,-0.00014662743,0.00047133325
0.19132948912801978,0.000161767,0.000471688
0.19151778956918625,-0.00055104494,0.00047139134
0.19151941612913165,0.00031256676,0.0004704777
0.1915695462250434,-0.00050085783,0.00047042978
0.19157723763262519,0.0007227659,0.00047071817
0.19167248215782806,0.0008420944,0.00047170225
0.19173530386266868,-0.00053423643,0.0004712769
0.1917834269823202,0.00077700615,0.00047153397
0.19193393260301317,0.0004786253,0.00047151255
0.19203222925954827,0.0005489588,0.00047129628
0.19205610495022446,-0.0003644824,0.00047053967
0.19210033238205,-0.000346303,0.00047155068
0.19213829005165595,3.695488e-6,0.0004730861
0.1922283679983966,3.695488e-6,0.0004714307
0.19234650218396354,3.695488e-6,0.00047147388
0.1924907976102958,0.00030469894,0.00047120175
0.1925240516690946,0.001671195,0.0004717303
0.1925284182314871,1.4305115e-6,0.00047103848
0.19266615446397922,-0.00042641163,0.00047142914
0.19275561306228967,-0.00015437603,0.00047169143
0.19294389820300234,0.0010026693,0.0004717559
0.1929454750389823,-6.0498714e-5,0.00047045838
0.19299558792243793,0.00025725365,0.0004708979
0.19300325446815375,-0.00044345856,0.0004703828
0.19309857357942145,-0.0013208985,0.00047132556
0.19316143257694424,-0.00097310543,0.00047132638
0.19336004601800216,-0.0002629161,0.00047165828
0.1934582776498846,0.00052785873,0.0004713305
0.19348213134786552,1.4305115e-6,0.00047101043
0.19352643049775242,-0.0012593269,0.0004716091
0.19356442163510224,0.0005930662,0.00047324068
0.19365444411976956,3.695488e-6,0.00047134145
0.19377262133706052,0.00045740604,0.00047147844
0.1939168517389735,1.4305115e-6,0.000471376
0.19395015456550307,-0.0003119111,0.00047129605
0.19395445323477256,-0.00043016672,0.0004710182
0.19409223919123003,3.695488e-6,0.00047142734
0.19418173699679303,3.695488e-6,0.0004716656
0.19437000779305297,0.00052046776,0.0004717312
0.1943715339492999,-0.0007933974,0.00047020707
0.1944216305760671,-0.00025439262,0.00047079733
0.19442927034744772,-0.0007401109,0.00047058484
0.19452466500101478,-0.00023579597,0.00047153787
0.19458756129168675,0.00044167042,0.00047170502
0.1947861603887589,-0.00020468235,0.00047156066
0.19488432604045436,0.00045132637,0.00047144826
0.194908158702208,1.4305115e-6,0.00047085315
0.19495252861322143,0.00037109852,0.00047173796
0.19499055321854852,0.0011496544,0.00047312203
0.19508052024160943,3.695488e-6,0.0004715746
0.19519874048899016,-0.00086325407,0.00047156884
0.19534290491141665,-0.00030183792,0.0004712149
0.19537625841814615,-0.0005465746,0.00047149623
0.19538048823852494,-0.00021356344,0.00047084334
0.19551832391871438,3.695488e-6,0.00047161733
0.1956078609296622,3.695488e-6,0.0004717513
0.195796116426869,-0.00088846684,0.00047155182
0.19579759381515172,0.0014318228,0.0004707267
0.19584767227369504,0.000113129616,0.000471131
0.19585528622650827,8.9883804e-5,0.0004708923
0.19595075737907625,-0.00034499168,0.0004715015
0.19601368905112848,0.00044751167,0.00047160513
0.1962122747592821,0.0002875328,0.00047179117
0.1963103744307907,-0.0010724664,0.00047120295
0.19633418605631714,4.351139e-5,0.00047112344
0.196378625771522,-0.00036376715,0.00047164684
0.1964166848019948,-0.00024038553,0.00047349688
0.1965065963643831,0.00014674664,0.00047155985
0.1966248596413867,0.000182271,0.00047164966
0.19676895903986086,1.4305115e-6,0.00047149835
0.1968023622717231,-0.00014930964,0.00047163968
0.19680652324321113,-0.000105679035,0.00047090155
0.19694440864666557,3.695488e-6,0.00047172906
0.19703398486253138,0.0007021427,0.0004720749
0.19722222506068504,-0.0004014969,0.00047162324
0.19722365272430198,0.00076019764,0.00047068554
0.19727371397132304,-0.00011020899,0.00047097754
0.19728130210486844,0.00078451633,0.00047124788
0.19737684880090306,0.00038337708,0.00047170927
0.197439817765871,-0.00042897463,0.00047164026
0.19763838913120607,0.00032138824,0.00047162196
0.19773642186629314,0.0004900694,0.00047130667
0.1977602134094924,0.00011074543,0.00047105708
0.19780472388675752,3.695488e-6,0.00047174626
0.1978428163854411,0.00044763088,0.00047350535
0.19793267248622304,-9.3877316e-5,0.00047153153
0.19805097783754871,-0.00037932396,0.00047157807
0.19819501316830512,1.4305115e-6,0.0004715713
0.19822846516813158,3.695488e-6,0.00047173013
0.19823255920319816,0.0004723072,0.00047112745
0.1983704933753172,3.695488e-6,0.00047175266
0.19846010879610093,5.555153e-5,0.00047188374
0.19864833465073573,0.00017523766,0.00047178534
0.1986497125896869,-0.000757277,0.00047052925
0.19869975662401834,1.4305115e-6,0.00047096758
0.198707318940397,1.4305115e-6,0.00047040946
0.19880294022249645,3.695488e-6,0.0004717298
0.19886594647991312,-0.00039851665,0.00047160243
0.19906450254712893,-0.0005978942,0.0004716302
0.19916247025826367,-0.00093716383,0.00047117536
0.19918624076290115,-0.00014996529,0.0004710686
0.19923082200222653,0.00011301041,0.0004717406
0.1992689479691208,-0.0005905628,0.00047358897
0.1993587495633637,-4.1902065e-5,0.00047156482
0.19947709698994526,3.0875206e-5,0.00047176002
0.19962106729674933,1.4305115e-6,0.00047170676
0.19965456902007428,-0.0004748106,0.00047168316
0.19965859420625015,7.3075294e-5,0.00047123464
0.19979657810350188,3.695488e-6,0.00047182298
0.1998862327306043,0.0004954338,0.00047187935
0.2000744432847852,0.0005930662,0.00047212257
0.20007577149977102,1.4305115e-6,0.0004708253
0.20012579832164634,1.4305115e-6,0.0004709818
0.2001333348194575,-0.0007634759,0.00047101063
0.20022903164408978,0.0009789467,0.00047193872
0.20029207519488912,1.41859055e-5,0.00047163252
0.2004906169176522,0.0010129213,0.0004719891
0.20058851864836652,1.4305115e-6,0.00047122274
0.20061226811677674,1.4305115e-6,0.00047116092
0.2006569191614609,-3.618002e-5,0.0004717489
0.20069508050903517,-0.0009976625,0.00047333445
0.20078482568543704,3.695488e-6,0.00047171343
0.20090321614234186,0.0005886555,0.0004717589
0.2010471204684921,0.000349164,0.000471613
0.20108067287295084,0.0008095503,0.00047180676
0.201084629210236,-0.00046938658,0.00047117806
0.20122266283145307,0.0007791519,0.00047190956
0.20131235666417385,-0.00069487095,0.00047189562
0.2015005519179009,5.888939e-5,0.00047178482
0.20150183041032205,0.0004899502,0.000470772
0.20155184001927434,1.4305115e-6,0.00047104628
0.20155935069851805,-0.00010508299,0.0004712315
0.20165512402191776,-0.0002257824,0.00047178188
0.20171820295386395,-5.38826e-5,0.00047171285
0.20191673128910925,-0.0005491376,0.0004718251
0.20201456608270169,0.0005944967,0.0004715793
0.20203829451535166,1.4305115e-6,0.00047133345
0.20208301727669642,-6.574392e-5,0.0004720331
0.20212121209248146,0.00043094158,0.0004737378
0.20221090085127574,3.695488e-6,0.00047179425
0.20232933529497188,3.695488e-6,0.0004716535
0.20247317459693637,-0.00034624338,0.00047157682
0.20250677576982623,-0.00022083521,0.00047187263
0.20251066517022298,-7.021427e-5,0.00047132312
0.20264874755940432,0.00014197826,0.00047197394
0.20273848059774335,-0.0005400181,0.000471829
0.20292666150795152,0.0009137392,0.00047194035
0.20292789027547348,1.4305115e-6,0.00047081723
0.20297788267290345,0.00043964386,0.00047112902
0.20298536657757854,0.00032138824,0.00047132224
0.20308121544351115,0.0006239414,0.000471855
0.2031443316686064,0.0012089014,0.0004721766
0.20334284470409825,0.0002901554,0.00047199058
0.2034406144746722,0.00018823147,0.0004714635
0.20346432186922725,1.4305115e-6,0.00047130574
0.20350911539193195,3.695488e-6,0.00047205295
0.20354734367662808,0.00043988228,0.00047348556
0.20363697697311567,0.0007060766,0.00047210295
0.2037554544476019,0.00026643276,0.00047204123
0.20389922776914599,1.4305115e-6,0.00047155863
0.2039328796227028,3.695488e-6,0.0004720492
0.20393670017397536,0.00042188168,0.0004714554
0.2040748322873555,-0.00013464689,0.0004720288
0.2041646045313129,0.0005275011,0.0004720793
0.20435277014270142,0.0002821684,0.0004719678
0.20435394918439032,0.00024425983,0.00047083118
0.20440392437029797,0.0001128912,0.0004712462
0.20441138245617219,0.00025641918,0.00047099695
0.20450730686463758,-0.00060880184,0.00047166884
0.204570460382882,3.695488e-6,0.00047195642
0.20476895907532183,-4.7564507e-5,0.00047182597
0.20486666286617577,-0.00018531084,0.00047124195
0.2048903492221691,2.6464462e-5,0.00047117256
0.2049352125509329,0.0001527071,0.00047200272
0.20497347526030785,0.00030434132,0.00047346082
0.20506305309495554,0.0002501011,0.0004717999
0.2051815735999985,-0.0008713603,0.0004717523
0.20532528189759025,0.00046038628,0.00047171646
0.20535898347464548,3.695488e-6,0.0004718901
0.20536273517772774,0.00027525425,0.00047145333
0.20550091701530676,-0.0006223321,0.00047208354
0.20559072846441556,3.695488e-6,0.00047196308
0.20577887877651746,-0.0012542009,0.00047175618
0.20578000809354063,-0.00048667192,0.0004706931
0.20582996606699216,-0.0005481243,0.00047128167
0.20583739833523268,0.00028824806,0.00047128007
0.20593339828693136,-0.0002900958,0.00047182152
0.20599658909762453,0.0009651184,0.00047199763
0.20619507344654547,-0.00028276443,0.00047200805
0.206292710300511,1.4305115e-6,0.0004714342
0.20631637657627816,0.0002206564,0.0004714322
0.20636131066570146,2.8848648e-5,0.00047196232
0.20639960684282027,-0.0004324913,0.00047335846
0.2064891292167954,-0.0004914999,0.0004719102
0.20660769275286195,0.00012433529,0.00047196215
0.20675133602603446,0.00018131733,0.00047163188
0.20678508637058707,-0.0007479787,0.00047181334
0.20678877018101322,0.0001193285,0.00047140484
0.20692700174349143,-0.000121712685,0.0004719286
0.20701685239798506,0.00073099136,0.00047226023
0.2072049874098666,-0.00096166134,0.00047185217
0.20720606700385819,-0.001689434,0.00047013964
0.20725600776462016,0.0017858744,0.00047144637
0.20726341421429323,-0.00045067072,0.00047147158
0.20735949066545967,-0.0007741451,0.0004717464
0.20742271685706626,-0.0008224845,0.00047199806
0.20762118686153447,3.695488e-6,0.00047197854
0.20771875869108075,0.00011217594,0.0004715269
0.2077424029741527,0.0014070272,0.00047153365
0.207787408780937,0.00014591217,0.00047226614
0.20782573842579966,0.0004720688,0.0004735357
0.20791520533863528,0.00043714046,0.00047211227
0.20803381190549197,0.00033342838,0.00047225633
0.20817738919847756,-0.0001784563,0.00047159666
0.20821119022393053,0.00018644333,0.0004721498
0.2082148051847656,0.00018501282,0.00047144046
0.2083530864716761,0.0002721548,0.00047197723
0.20844297633248843,-0.0005713701,0.00047198505
0.20863109699991722,3.695488e-6,0.00047198765
0.20863212687041038,0.00018465519,0.00047079907
0.20868205041871618,-0.00065511465,0.00047101686
0.20868943009335372,-0.0004082322,0.00047127352
0.20878558208658615,-0.00013184547,0.0004718506
0.20884884557180877,-2.7000904e-5,0.00047204085
0.2090473012327581,-0.0003735423,0.00047209932
0.2091448070811836,-0.00070232153,0.00047152358
0.2091684303280283,-0.00041890144,0.0004712293
0.2092135059406383,1.1563301e-5,0.00047198037
0.20925187096618092,0.00059080124,0.00047368498
0.20934128146070863,-0.0006992221,0.00047181774
0.2094599310571882,0.00022244453,0.0004720673
0.2096034433271553,-0.00045752525,0.0004716211
0.20963729312103935,0.00044167042,0.0004722714
0.20964084114475257,-0.0005300045,0.00047153994
0.2097791711986935,-9.250641e-5,0.0004719744
0.20986910026605798,-0.0006724596,0.0004720972
0.21005720563466712,0.00027370453,0.0004722652
0.21005818577956065,8.4877014e-5,0.0004709822
0.21010809211634418,-0.00020599365,0.00047152085
0.21011544597241427,1.4305115e-6,0.00047123226
0.21021167350747916,3.159046e-5,0.0004720362
0.21027497428655129,-0.0011706948,0.00047183345
0.21047341560421517,-2.4318695e-5,0.0004719783
0.21057085451691954,1.4305115e-6,0.00047157847
0.21059445768190393,1.4305115e-6,0.0004713431
0.21063960405610727,-0.00012487173,0.00047193904
0.21067800255032754,-0.0015325546,0.00047328873
0.21076735758278198,0.00052058697,0.0004720939
0.21088605020911788,0.0005092621,0.00047206818
0.2110294974546657,1.4305115e-6,0.00047167065
0.21106339697321552,6.1035156e-5,0.0004720549
0.21106687614850494,-5.4240227e-6,0.00047159012
0.21120525592664474,-0.00012338161,0.00047190304
0.21129522419916058,3.695488e-6,0.0004722528
0.21148331426848316,0.00024914742,0.0004719953
0.21148424468824406,1.4305115e-6,0.0004706936
0.21153413381303837,1.4305115e-6,0.00047137687
0.21154146185147477,0.0002785921,0.00047140126
0.21163776492930597,0.001211524,0.00047226626
0.21170110204505915,-0.00010097027,0.00047203695
0.21199690290889,0.00044989586,0.00047195965
0.2120204840790781,1.4305115e-6,0.00047133453
0.212065702170409,-0.00013929605,0.0004719801
0.21210413413330692,1.7523766e-5,0.00047361798
0.21219343370462185,0.0005072355,0.00047194128
0.2123121693622148,-0.0004467368,0.00047211652
0.21245555062687538,0.0001860857,0.0004717482
0.2124895008258586,0.0016686916,0.00047244213
0.21249291115225732,-0.00045591593,0.00047122393
0.21263134065552974,-1.2874603e-5,0.00047212507
0.21272134813273014,0.0017160177,0.00047261204
0.21290942290136539,-0.00016880035,0.00047208756
0.21291030455502968,2.1576881e-5,0.00047109608
0.21296017646666748,-0.00033783913,0.0004714276
0.21296747773076874,0.00071036816,0.0004715278
0.21306385635136627,-0.000561893,0.00047194812
0.21312723075933476,0.00017166138,0.00047222845
0.21332564339112814,0.00024235249,0.0004721798
0.2134229512989929,1.2874603e-5,0.0004716968
0.21344651143295373,-0.00040882826,0.00047128455
0.21349179933034373,0.0003054142,0.0004719038
0.2135302657167532,-0.000428617,0.00047352427
0.21361950982646177,0.00023639202,0.0004721419
0.21373828851531174,-0.00012773275,0.00047199812
0.21388160475555307,0.00039422512,0.00047191157
0.21391560372226714,-0.0006171465,0.00047207036
0.2139189461555428,1.4305115e-6,0.00047149384
0.2140574244272464,0.0005823374,0.00047228768
0.2141474720667666,-0.00033897161,0.00047220365
0.21433553153541485,-0.00033932924,0.00047205295
0.21433636346558071,-0.00028532743,0.00047105967
0.21438621816429548,1.4305115e-6,0.00047128965
0.21439349360912885,0.00071418285,0.00047149288
0.21448994872942773,0.00013256073,0.0004721384
0.21455335947407728,-0.0001951456,0.00047214128
0.21475175776188482,3.695488e-6,0.00047204943
0.21484899873332808,-0.00027912855,0.00047182452
0.21487253878682933,0.0015177727,0.00047176902
0.21491789744651313,-0.00035107136,0.0004720458
0.21495639730019944,-2.6524067e-5,0.00047364098
0.21504558594760126,-4.3213367e-5,0.0004721446
0.21516440671100678,-0.0005198121,0.00047220616
0.2153076579279961,1.4305115e-6,0.00047173002
0.21534170757491022,-9.530783e-5,0.00047224885
0.21534498115929512,0.00021862984,0.0004715745
0.2154835091547307,-0.0004633069,0.00047200522
0.21557359600056958,0.00048089027,0.00047250086
0.21576164112616592,3.695488e-6,0.000472086
0.21576242237426413,0.0010424852,0.00047111372
0.21581225986192343,0.00024199486,0.00047142635
0.2158195094881894,0.0003414154,0.00047141267
0.21591604015032073,0.0005624294,0.00047223305
0.215979487233519,3.695488e-6,0.0004722468
0.21617787117640697,0.000772357,0.0004721683
0.2162750471236644,-5.066395e-6,0.00047156768
0.21629856518447044,-0.00034201145,0.0004714784
0.2163439946045802,0.00025713444,0.00047218046
0.21638252888364573,-5.4955482e-5,0.00047364982
0.21647166111343996,-7.200241e-5,0.0004720026
0.21659052586246952,-6.586313e-5,0.0004721434
0.21673371205644043,-0.0005759597,0.0004717067
0.21676781047131866,0.00015616417,0.00047218608
0.2167710161630475,0.00042927265,0.00047156573
0.2169095938819816,-0.00016081333,0.0004721555
0.2169997199334387,-9.816885e-5,0.00047230444
0.2171877497599819,0.0001616478,0.00047230796
0.2171884812834144,0.00045466423,0.00047112745
0.217238301559318,-1.9609928e-5,0.00047167047
0.21724552536748343,1.4305115e-6,0.00047138619
0.21734213157191407,0.00047290325,0.00047221934
0.21740561594826147,0.000197649,0.00047211585
0.21760398554809746,0.00025880337,0.0004721721
0.21770109455916686,-0.00016981363,0.00047181602
0.21772459253834608,1.4305115e-6,0.00047165982
0.21777009271934877,0.00036263466,0.00047213907
0.2178086604673255,0.0003991127,0.0004736232
0.2178977372357468,7.4625015e-5,0.00047209556
0.21801664501509954,0.0003232956,0.000472162
0.2181597652286501,3.2186508e-6,0.00047190645
0.21819391432419522,0.0005880594,0.00047222286
0.21819705116679988,0.0005840063,0.00047172295
0.2183356786106332,0.000111460686,0.0004721392
0.21842584386700825,0.00029695034,0.00047227205
0.21861385839333103,3.695488e-6,0.00047220037
0.2186145411487993,0.0011788607,0.000471232
0.21866434325577866,-6.401539e-5,0.00047160272
0.21867154124677735,-0.00066292286,0.00047090967
0.2187682229944412,-5.2452087e-6,0.00047200793
0.2188317446623036,0.00052309036,0.0004722552
0.21903009896402026,-0.0004850626,0.00047203293
0.21912714295113733,0.00066268444,0.0004719968
0.21915061989175477,0.00033342838,0.00047170097
0.2191961908345843,0.00060617924,0.00047241675
0.21923479205100527,3.5762787e-5,0.0004736392
0.21932381335782014,-0.0006843209,0.0004721367
0.21944276416819652,9.202957e-5,0.00047218148
0.21958581935709431,0.00052690506,0.00047204105
0.21962001722083713,0.0014679432,0.0004725864
0.2196230871270204,1.4305115e-6,0.0004714919
0.21976176333951825,0.00035488605,0.0004721894
0.21985196780151162,0.00077199936,0.000472477
0.22003996702714712,4.4226646e-5,0.00047224792
0.22004060005888337,0.00040531158,0.00047067818
0.22009038590964125,0.00012624264,0.00047164562
0.2200975571258379,-0.00039583445,0.00047136823
0.22019431441603465,-9.3996525e-5,0.000472113
0.220257872421045,3.695488e-6,0.0004720252
0.22045621333454357,0.0011194944,0.0004723328
0.22055319134147366,-0.00040096045,0.00047165068
0.22057664628939577,0.0016191006,0.00047181078
0.2206222879945191,0.0004901886,0.000472228
0.2206609245906861,0.0005379915,0.00047361507
0.22074988947895968,0.00038063526,0.0004721901
0.22086888332059307,0.0008493662,0.00047237286
0.22101187348553852,0.00079882145,0.00047197085
0.2210461210734802,0.000829339,0.00047259268
0.22104912213100625,0.00074505806,0.00047173788
0.22118784806653558,0.0005043745,0.0004723724
0.22127809173508117,-0.00010329485,0.00047228046
0.2214660756609632,0.00040709972,0.00047226847
0.2214666589694344,-0.00077855587,0.0004707197
0.2215164276072693,-0.00034290552,0.00047156855
0.22152357300396464,-0.0006274581,0.00047138942
0.22162040583716114,0.00058043003,0.00047237249
0.22168400113625442,3.8146973e-5,0.00047212726
0.22188232770506677,0.00035250187,0.00047214486
0.22197923877557535,0.0005532503,0.00047190077
0.22200267364327142,0.00039720535,0.00047179
0.22204838610975464,0.0009185076,0.0004724424
0.22208705617413238,0.00078463554,0.0004735646
0.22217596560079955,4.9114227e-5,0.0004721357
0.2222950024732231,-4.464388e-5,0.00047212187
0.2224379266577482,0.0008713007,0.00047199914
0.22247222396988875,0.00020098686,0.00047220112
0.22247515713475863,1.4305115e-6,0.000471374
0.22261393183778533,-2.682209e-6,0.00047221666
0.22270421566818377,9.88245e-5,0.0004724317
0.22289218429501267,4.839897e-5,0.0004723118
0.22289271787858478,-0.0004518032,0.00047105254
0.22294246930466377,0.00025832653,0.00047152993
0.22294958888325855,0.00090396404,0.00047153793
0.22304649725875447,0.0002567768,0.0004723425
0.22311012889499582,0.00019443035,0.00047216282
0.22330844112005577,0.0006546974,0.00047241506
0.22340528716754593,0.0004924536,0.0004719012
0.22342870004091253,-0.00065135956,0.00047154323
0.2234744832680552,-8.684397e-5,0.00047210208
0.22351318775851248,0.00064730644,0.00047384316
0.2236020407673387,-0.0007317662,0.00047193342
0.22372112162585311,0.00029289722,0.00047213174
0.22386398078572556,0.00046801567,0.00047205132
0.22389832782253183,0.00041902065,0.00047223343
0.223901192138511,0.00021803379,0.00047132425
0.22404001656667039,0.0005457401,0.00047231565
0.22413033960175333,0.00061011314,0.00047255825
0.22431829388576363,0.00049364567,0.00047241946
0.22431877774350273,0.00061762333,0.00047113112
0.22436851100205835,0.0002886057,0.00047152667
0.22437560476255258,0.00011396408,0.00047148622
0.2244725886803478,-0.00013571978,0.0004722449
0.22453625760903795,0.00025594234,0.0004723069
0.22473455549221322,0.0003414154,0.00047221986
0.2248313346028149,0.00065147877,0.00047192
0.22485472739502155,0.00034964085,0.00047156969
0.2249005813835242,0.0009959936,0.0004723346
0.22493931934195877,-0.00010830164,0.0004736764
0.22502811688917856,0.0006816387,0.00047226847
0.22514723982201512,0.00018894672,0.00047211797
0.22529003395793512,-1.0430813e-5,0.00047190973
0.22532443071894037,0.0011590719,0.00047251795
0.2253272271422634,0.00083851814,0.00047166026
0.22546610129508848,0.00044047832,0.00047208965
0.22555646257908835,0.0015795231,0.00047260814
0.22574440251957972,-0.00012540817,0.00047215182
0.22574483665311995,-0.00013333559,0.00047103703
0.22579455269898596,0.0013090372,0.00047174442
0.22580161968537849,0.0015693903,0.00047181023
0.2258986810581758,0.0003182888,0.00047223805
0.2259623863237804,0.0011476278,0.0004723643
0.2261606689072022,0.0006533861,0.000472356
0.22625738299338471,0.0008792877,0.00047193424
0.22628075474913067,0.00022614002,0.00047168526
0.22632667854252508,0.0009869337,0.0004726447
0.22636545092447125,0.0012738705,0.00047381307
0.22645419301055147,-0.00011897087,0.00047213366
0.22657335897441166,0.0004849434,0.00047221314
0.22671608808637944,0.0007368326,0.00047202688
0.2267505345711165,-0.00014358759,0.00047235345
0.2267532621455488,0.001454711,0.0004719266
0.22689218602257277,0.00088107586,0.0004722866
0.2269825865126578,0.0006210804,0.00047243395
0.22717051115292886,0.0009975433,0.00047244338
0.22717089556367098,0.0014286041,0.00047133004
0.22722059535261507,0.0008417368,0.00047177685
0.22722763556443903,0.000977397,0.00047150638
0.22732477247976923,0.0007430315,0.00047229455
0.22738851408322214,0.0010374784,0.00047227193
0.22758678327842585,-5.507469e-5,0.00047209807
0.22768343042771988,0.00047373772,0.0004720895
0.22770678114677168,0.00012719631,0.00047154917
0.2277527766577606,0.0011508465,0.00047233392
0.227791582508151,0.0005865097,0.00047368047
0.22788026913239146,0.00033390522,0.00047230846
0.22799947812680832,0.00036132336,0.0004721484
0.22814214125882248,0.00057435036,0.00047207766
0.22817663746822536,0.0010926723,0.00047236847
0.22817929714930119,1.4305115e-6,0.00047147303
0.22831827075005706,0.0016036034,0.00047251573
0.22840871044716116,3.695488e-6,0.00047235156
0.2285966197860445,0.001425147,0.00047241373
0.2285969544732882,0.0007195473,0.00047101447
0.2286466370504765,0.00055754185,0.0004715934
0.22865365144303262,0.0009776354,0.00047167356
0.22875086390159605,0.0009813309,0.00047250156
0.2288146427979647,0.0003439188,0.00047223165
0.22901289669341485,0.0013363361,0.00047254332
0.22910947881782273,0.00055861473,0.00047197376
0.22913280849971351,0.0011633635,0.0004718931
0.2291788738167616,0.0006451607,0.00047224766
0.22921771409229763,0.00065886974,0.00047378286
0.22930634429799668,0.0007208586,0.00047237554
0.22942559727920486,0.000121593475,0.00047206026
0.22956819538750017,0.0010122061,0.0004720657
0.22960274132156877,0.00079131126,0.0004725782
0.22960533215305357,0.0010977983,0.0004716509
0.22974435452177377,0.0006225109,0.00047219603
0.2298348343807307,0.00066947937,0.00047253547
0.23002272842056093,0.00042390823,0.00047229786
0.23002301338243847,0.0013591051,0.00047140196
0.23007267874810455,0.00033271313,0.0004716048
0.23007966732209317,-0.00020611286,0.00047153182
0.23017695532342286,0.0010181665,0.00047251134
0.23024077151270717,0.00059759617,0.00047244446
0.23043901106487197,0.00025308132,0.00047224824
0.2305355272097932,0.000446558,0.0004717617
0.230558834897588,0.000995636,0.00047184198
0.23060497193199703,-0.00019073486,0.00047214096
0.23064384567574392,0.001152873,0.00047384208
0.23073242041983655,0.00082170963,0.00047237557
0.23085171643113456,0.00038266182,0.00047206334
0.23099424855877604,0.0011467934,0.00047200962
0.23102884421751035,0.0018686056,0.00047249836
0.23103136715680594,0.0011909008,0.00047178564
0.23117043925042535,0.0012472868,0.00047224064
0.2312609583138333,0.0006529093,0.00047240817
0.23144883705531083,3.695488e-6,0.00047232196
0.23144907229135525,0.00021588802,0.00047110245
0.2314987204447987,0.0004364252,0.00047167498
0.2315056822456194,0.00024557114,0.00047157763
0.23160304674408239,0.00060737133,0.00047238145
0.2316668992712151,0.001045227,0.00047225796
0.23186512448009444,0.0002888441,0.00047215415
0.23196157464552913,0.00087428093,0.00047184847
0.23198486225169712,0.0012696981,0.00047178307
0.23203107004723256,0.0004912615,0.00047224647
0.23206997725872325,0.0015031099,0.00047365276
0.23215849654167642,0.0010129213,0.00047232417
0.2322778346279969,0.0012943745,0.00047234743
0.23242030268722025,1.4305115e-6,0.00047192673
0.2324549480694531,0.0002657175,0.00047221288
0.23245740216055832,0.0011975765,0.000471707
0.23259652397860997,0.00095677376,0.00047237054
0.23268708224740287,0.0010617971,0.0004724917
0.23287494568842648,0.0016196966,0.00047247132
0.23287513215790745,0.0006711483,0.00047131392
0.2329247621417263,0.0005609989,0.00047162693
0.23293169812491343,0.00053834915,0.0004714738
0.23302913816660953,0.00016152859,0.00047233724
0.2330930279854907,0.001018405,0.0004724814
0.23329123885131797,0.00077676773,0.00047239623
0.23338762303563199,0.0019315481,0.0004721424
0.23341088864933823,0.0007226467,0.00047172874
0.23345716720646703,0.00088715553,0.00047245904
0.23349610979840418,0.00042366982,0.00047356717
0.23358457170751523,0.00019145012,0.00047243855
0.23370395378109377,0.0011223555,0.00047236375
0.2338463558596634,0.0015523434,0.00047220892
0.23388105096609502,0.0009871721,0.0004724711
0.23388343716384385,0.0005393028,0.00047154917
0.2340226087056274,0.0013639927,0.0004722679
0.23411320618167275,0.0011404753,0.0004726692
0.23430105432154225,0.0005311966,0.00047220674
0.23430119106845848,0.0013381243,0.00047135344
0.23435771400304006,0.0005967617,0.0004716266
0.2344552295889033,0.0011962652,0.00047236404
0.23451915574399862,3.695488e-6,0.000472256
0.23471735226630697,0.00059974194,0.00047236317
0.23481367046996715,0.0004541874,0.00047201384
0.23483691600321377,0.00035715103,0.00047173517
0.23488326436616824,3.6001205e-5,0.0004721818
0.23492224138185047,0.0015858412,0.00047380337
0.23501064782958858,0.00030088425,0.00047237793
0.23513007293302346,0.00017821789,0.00047224844
0.2352724099883411,0.0007401705,0.0004719509
0.23530715481920506,3.695488e-6,0.00047224635
0.23530947216759623,0.0019738674,0.00047209387
0.235448692477344,0.00095653534,0.000472242
0.2355393301154758,0.00028681755,0.00047249012
0.23572716295629204,0.00046479702,0.00047224082
0.2357272499771419,0.0010985136,0.00047128645
0.23577684553744915,0.0003798008,0.0004716767
0.23578372892539912,0.0011563301,0.00047173322
0.2358813210097963,0.00039243698,0.0004722998
0.2359452844596749,0.00092852116,0.00047239565
0.23614346663706376,0.0010012388,0.0004722863
0.23623971886030348,0.0015767813,0.00047227577
0.23626294240038792,0.00094389915,0.00047176468
0.23630936248140377,0.0011658669,0.0004724597
0.23634837296529676,0.0007981062,0.0004734509
0.23643672395142845,0.00032305717,0.0004722778
0.23655619208471967,0.0007046461,0.00047218078
0.23669846316055076,0.0010114908,0.00047202656
0.2367332577156135,0.00011050701,0.0004721429
0.2367355071713486,0.0006970167,0.0004716285
0.23687477720552874,0.00053167343,0.00047232304
0.2369654530918769,0.0008621216,0.00047247694
0.23715327254680962,0.0006605387,0.00047227714
0.23715330888629216,0.0008224249,0.0004712978
0.23720288723484373,0.00048077106,0.00047168086
0.23720974480445967,0.0012638569,0.00047187254
0.2373074124309228,0.0009788275,0.00047238497
0.2373714122181828,0.00029623508,0.00047236128
0.23756958005205275,0.00040531158,0.00047224917
0.23766576629580594,0.001455903,0.0004720408
0.23768896879802903,0.00035572052,0.00047153505
0.2377354596399378,0.000978589,0.0004724218
0.23777450454967686,0.0018949509,0.00047355573
0.23786279911703367,0.0014196634,0.0004724066
0.23798231028111516,0.0007864237,0.00047255543
0.23812451633276044,0.0016893148,0.00047220796
0.23815936061155507,7.2836876e-5,0.000472037
0.238161542175101,0.0009096861,0.0004717488
0.23830086193371336,0.0017284155,0.00047248357
0.23839157702544644,0.0003978014,0.00047246323
0.23857936779590938,0.0013087988,0.00047150138
0.23857938118015876,0.0006928444,0.0004722981
0.23862892988753903,0.0007864237,0.00047172213
0.23863576068445402,0.0022047758,0.0004719832
0.23873350385321657,0.00049877167,0.00047224428
0.23879754093245842,0.00062549114,0.0004721855
0.23899569442397672,0.0005415678,0.00047231684
0.23909181468777652,0.0011761189,0.0004719012
0.23911499615190468,0.00052654743,0.000471619
0.2391615577547065,0.00029277802,0.00047247967
0.23920063613312315,0.00034070015,0.00047348544
0.23928887523887366,0.001249671,0.00047242662
0.23940842943397855,0.00034201145,0.0004722068
0.23955057046120465,0.0017647743,0.00047235176
0.23958546446419815,0.0010904074,0.0004724289
0.23958757717908685,0.0012450218,0.00047171142
0.23972694570543007,0.00044620037,0.00047236794
0.2398177009599498,0.0011045933,0.00047262973
0.2400054267064604,-2.4020672e-5,0.00047127903
0.24000548981397485,0.0009821653,0.00047262083
0.24005497158516698,0.0010967255,0.0004717402
0.24006177560727993,0.002511859,0.00047176203
0.24015959527551023,0.0006095171,0.0004721818
0.24022366964720088,0.0006992817,0.0004722731
0.2404218078391992,7.867813e-5,0.0004723545
0.2405178621218782,0.0005347729,0.00047206203
0.24054102254954568,0.00040507317,0.0004717338
0.24058765491417433,0.0008505583,0.0004724694
0.24062676771610247,0.0014299154,0.00047366647
0.24071495040447888,0.0002952814,0.0004723623
0.24083454858660858,0.00077295303,0.0004721512
0.24097662363341432,0.00054991245,0.00047194312
0.2410115673615405,0.00074768066,0.00047243643
0.2410136121830726,0.0006338358,0.0004716966
0.2411530304333812,0.0013772249,0.00047244766
0.24124382489351937,0.0015655756,0.0004725881
0.24143148561607763,0.0010133982,0.00047137894
0.24143159844779083,0.0006828308,0.0004723363
0.24148101328279503,1.4305115e-6,0.0004715096
0.24148779148564004,0.0011441708,0.00047188182
0.24158568669663671,0.0003553629,0.00047222947
0.24164979740617576,0.0012446642,0.00047232868
0.24184792220948892,0.00015103817,0.00047225584
0.24194390955597989,0.0006107092,0.00047192763
0.24196704990342133,0.0009975433,0.00047177356
0.24201375303034367,0.00094795227,0.00047233127
0.24205289929954876,0.0013409853,0.00047365177
0.2421410265258519,0.00036907196,0.0004721762
0.2422606677392386,0.0011855364,0.0004725481
0.242402677762092,0.0017508268,0.00047220962
0.24243767121418358,0.0005377531,0.00047223913
0.24243964718682498,0.00056266785,0.00047161506
0.24257911516133246,0.0011422634,0.00047237915
0.24266994882662196,0.0009371042,0.00047252944
0.24285754548146254,0.0002603531,0.00047128406
0.2428577070818404,0.0006200075,0.00047248672
0.2429070549801895,0.00034606457,0.00047179763
0.2429138064077656,0.0011845827,0.0004716707
0.24301177811729624,-0.00019139051,0.00047208625
0.2430759261211517,0.0005362034,0.00047221055
0.2432740356244779,0.00083708763,0.00047231375
0.24336995794795047,0.0008467436,0.00047192717
0.24339307630059548,0.00076174736,0.0004717556
0.24343985018864422,0.00063097477,0.00047228782
0.24347903088392886,0.00059878826,0.0004735703
0.24356710169145712,0.00053441525,0.0004722792
0.2436867859354006,0.00071156025,0.0004721906
0.24382873093360125,0.00021481514,0.0004719139
0.24386377411012516,0.0007070303,0.0004722787
0.24386568218987703,0.0008020401,0.0004717311
0.24400519893304906,0.00017440319,0.00047239277
0.24409607180395698,0.000615716,0.00047247403
0.24428360439014596,0.00073361397,0.0004713566
0.24428381571588986,0.0010844469,0.0004725013
0.24433309667758407,0.0014462471,0.0004716278
0.24433982228682616,0.0016360283,0.00047175284
0.24443786953912316,0.0009416342,0.00047229748
0.24450205387895918,0.0022420883,0.00047255776
0.24470014999663536,0.0012482405,0.00047257013
0.24479600538345292,-0.00015360117,0.00047181256
0.24481910269823648,0.00012052059,0.00047146744
0.24486594830317931,0.0007804632,0.0004723291
0.24490516246737515,0.0010260344,0.0004734474
0.2449931778142309,0.00068342686,0.00047237688
0.24511290508779715,3.695488e-6,0.0004723248
0.24525478506204557,0.0003736019,0.00047200973
0.2452898770065337,0.0010743141,0.0004723046
0.2452917171938629,0.0012227297,0.0004717307
0.24543128366193412,0.001414299,0.000472456
0.24552219573752643,0.0005121231,0.00047234423
0.24570966329999655,0.00036513805,0.00047145179
0.24570992434970595,0.00097358227,0.00047236017
0.2457591383745117,0.0013803244,0.00047167632
0.24576583816682052,0.0009524822,0.00047163252
0.24586396096141683,0.0012093782,0.00047234521
0.24592818259370175,0.00011014938,0.0004721448
0.24612626341162436,0.00040256977,0.00047224245
0.24622205377378925,0.0007392168,0.0004720718
0.24624513005304594,0.00034213066,0.00047156026
0.2462920454621803,0.00040853024,0.00047228052
0.2463312940501211,0.00076675415,0.00047337913
0.24641925297983613,0.000872612,0.000472217
0.2465390242401938,0.0011116266,0.00047226413
0.24668083823425513,0.00013530254,0.0004717639
0.2467159808591768,4.4703484e-5,0.000472128
0.24671775219761527,0.0016555786,0.00047186032
0.24685736743365072,0.0013551712,0.00047256908
0.24694831967109598,0.00024151802,0.00047243296
0.2471357222103141,0.0016494989,0.00047153077
0.24713603298352194,0.0005290508,0.00047243133
0.24718518007190626,0.0006200075,0.00047159023
0.24719185308964642,0.00063991547,0.00047148336
0.24729005238301027,0.00058722496,0.00047219792
0.24735431035314348,0.00040984154,0.00047206722
0.24755237778238115,0.00093615055,0.00047238133
0.24764810120812442,9.5009804e-5,0.000471973
0.24767115645068705,-0.00011521578,0.00047154707
0.247718142622115,0.00030314922,0.00047222216
0.24775742563380077,0.00014162064,0.00047313367
0.2478453291007422,0.0003387928,0.00047218474
0.24796514339259035,0.00023400784,0.00047225843
0.24810689140669828,0.0004234314,0.0004721072
0.24814208375558522,-6.198883e-5,0.00047214964
0.248143786245133,0.0014995337,0.00047168514
0.24828345216113512,0.00027275085,0.00047206497
0.24837444360559935,0.0004554987,0.00047239868
0.24856178111993132,0.00043165684,0.0004713296
0.24856214161687107,0.0006150007,0.0004723073
0.24861122177000117,0.00039303303,0.00047164425
0.24861786896824,0.0025609732,0.00047197973
0.24871614380413665,0.0006444454,0.00047218686
0.24878043906788594,0.00015628338,0.00047222117
0.24897849119737014,0.00028395653,0.00047228468
0.24907414959822727,0.00044620037,0.00047188485
0.24909718284739424,-8.529425e-5,0.00047151672
0.24914424073735053,-0.00019836426,0.00047198276
0.249183557217714,0.001236558,0.0004732854
0.24927140426588057,0.00035583973,0.0004722713
0.24939126158875236,0.00028336048,0.000472188
0.24953294553537597,8.46386e-6,0.0004719273
0.2495681876091621,0.0005748272,0.0004722696
0.24956982124888538,-0.00035244226,0.00047157248
0.24970953688815245,0.00045633316,0.0004721946
0.2498005675391689,0.00048077106,0.00047241733
0.2499878400290817,0.00037050247,0.00047100868
0.24998825025068716,0.00012886524,0.00047218284
0.2500372634676291,0.00071144104,0.00047166346
0.2500438838901321,0.0014783144,0.00047161922
0.2501422352257301,-0.00018239021,0.00047216087
0.25020656682639386,0.0013319254,0.0004721316
0.2504046055695276,0.00040614605,0.00047233133
0.2505001970339632,0.00027620792,0.00047202787
0.2505232102008029,-0.00055891275,0.00047168913
0.25057033789588457,0.0001758337,0.00047222676
0.25060968975739484,0.0007380247,0.0004733318
0.25069748038865436,0.0013005733,0.00047222184
0.25081738074068194,0.00020110607,0.00047230333
0.25095899870665184,0.0011593103,0.0004720589
0.25099429050557065,0.00057303905,0.0004722611
0.2509958562521709,0.001404047,0.00047176998
0.25113562066080297,3.695488e-6,0.0004722079
0.25122669051603697,-0.00040853024,0.00047217254
0.2514138989386988,0.0009499788,0.0004715925
0.2514143588849701,0.00023543835,0.00047228258
0.2514633051640899,0.00048828125,0.00047152126
0.2514698988138918,0.0001282692,0.00047141482
0.2515683266473234,0.0006648302,0.00047215528
0.2516326955413698,-0.00037753582,0.00047194122
0.2518307189845166,3.695488e-6,0.00047213046
0.25192624446969913,0.0005507469,0.0004719542
0.25194923659844404,0.00096702576,0.00047177443
0.2519964360111201,9.417534e-5,0.00047219064
0.2520358213403743,0.0001142025,0.0004732276
0.25212355555472654,0.00022149086,0.00047224012
0.2522434998930786,-1.7642975e-5,0.00047214422
0.2523850518790949,-0.00046044588,0.00047177123
0.25242039340127875,3.695488e-6,0.00047204303
0.2524218912559233,0.0016853809,0.00047175918
0.2525617053896879,-0.0007252097,0.0004719916
0.2526528144496065,-0.00026154518,0.0004722703
0.25283995784924984,0.00029110909,0.00047125935
0.2528404675190197,0.00053310394,0.0004722968
0.2528893468610175,0.00090003014,0.00047174367
0.25289591469388617,0.00030565262,0.00047160537
0.2529944171129157,0.0005373955,0.000472101
0.2530588232991774,-0.00028592348,0.00047218593
0.2532568333557401,0.0005171299,0.00047221218
0.253352292859802,0.0013673306,0.00047206425
0.25337526299701885,1.4305115e-6,0.00047159332
0.2534225331710549,3.695488e-6,0.00047233273
0.25346195292382057,3.695488e-6,0.00047310683
0.25354963167609945,0.00050497055,0.00047221847
0.2536696180901744,0.0006610155,0.00047219705
0.25381110600823953,0.0007482767,0.00047196008
0.2538464972532215,-0.00033068657,0.00047206698
0.25384792625967567,-0.00077420473,0.0004713431
0.2539877891604708,-4.61936e-5,0.00047221582
0.2540789383838764,0.0012011528,0.0004724489
0.25426601675886706,0.000495553,0.00047090955
0.2542665761521353,0.0007314682,0.00047227586
0.25431538855841196,-0.00053596497,0.00047145848
0.25432192961577826,9.918213e-5,0.00047156692
0.2544205085347425,0.00050115585,0.00047218328
0.25448495201391985,0.0004169941,0.0004723123
0.2546829467707292,6.246567e-5,0.0004721345
0.25477834029413715,1.4305115e-6,0.0004716087
0.2548012903508945,8.8214874e-5,0.00047146328
0.2548486303300558,-2.6106834e-5,0.00047218174
0.25488808450726685,-0.0005968809,0.0004732026
0.2549757068412378,-0.0003026724,0.00047206206
0.25509573724257095,-0.00024223328,0.00047198325
0.2552371591804492,0.00037193298,0.00047211634
0.25527260015056374,0.0007673502,0.00047223447
0.25527396126342805,1.4305115e-6,0.00047145836
0.2554138738879551,0.0002952814,0.00047218052
0.25550506231767933,0.00026893616,0.0004722461
0.25569207566778396,-0.00050240755,0.000470938
0.2556926847868852,3.695488e-6,0.00047230767
0.25574143025674034,0.0008739233,0.00047165994
0.25574794549437196,0.0006585121,0.0004715477
0.25584659995633585,0.0002977848,0.00047213593
0.2559110797733616,0.00024294853,0.00047208832
0.25610906018525126,-0.00016725063,0.00047224015
0.25620438772823884,-0.0005554557,0.00047168855
0.25622731674806865,0.000860095,0.00047174728
0.2562747284452913,0.00030374527,0.0004724185
0.2563142160909465,0.00079643726,0.00047324132
0.25640178296354466,0.00041925907,0.00047212865
0.25652185639426717,-0.0008650422,0.0004719652
0.2566632123521919,1.4305115e-6,0.00047187108
0.2566987030476726,-0.00054228306,0.00047204015
0.25669999626718043,0.00047636032,0.00047163732
0.2568399576596717,0.00084257126,0.00047229824
0.25693118529408054,0.00025188923,0.00047227574
0.25711813457670074,0.0005940199,0.00047109116
0.25711879342140154,-0.0008627176,0.00047193444
0.2571674719541349,1.4305115e-6,0.00047151974
0.25717396041649754,-0.00053310394,0.00047144305
0.2572726913779293,-0.0005761385,0.00047195173
0.25733720848810415,0.0009543896,0.00047242516
0.2575351745564749,3.695488e-6,0.00047211495
0.25763043611997594,0.00023305416,0.00047197816
0.25765334314477584,-0.00011718273,0.0004714091
0.2577008256042923,0.00050616264,0.00047206922
0.25774034767509324,-0.00026237965,0.00047318134
0.2578278581300838,0.00031495094,0.00047222173
0.25794797459066254,0.00024962425,0.00047211992
0.2580892664806361,0.0011912584,0.00047218346
0.25812480689961537,-0.0007929206,0.0004719089
0.2581260303142313,0.0004695654,0.00047146183
0.25826604238855677,-6.777048e-5,0.0004720095
0.25835730922788347,-0.0005081296,0.0004720752
0.25854419348631796,1.4305115e-6,0.0004707659
0.2585449020545173,9.596348e-5,0.0004720093
0.25859351365082905,-0.0005347729,0.0004713705
0.2585999753395569,-0.0007920265,0.00047121997
0.25869878279952263,3.695488e-6,0.00047204606
0.2587633362461451,-0.00041782856,0.0004720542
0.2589612879721642,0.00017464161,0.0004720529
0.25905648355571187,-0.0005349517,0.00047159308
0.25907936954241684,0.0013235807,0.00047191288
0.25912692276282634,-5.352497e-5,0.00047218052
0.25916647925853953,-0.00021845102,0.00047304647
0.25925393329522217,0.00017023087,0.000472124
0.25937409374352605,0.00033986568,0.00047202653
0.2595153196528458,-0.00033336878,0.00047174405
0.25955090979555695,3.695488e-6,0.00047208794
0.2595520653179837,-0.00013631582,0.00047117617
0.2596921261602734,3.695488e-6,0.00047225942
0.25978343316215335,-0.00021612644,0.00047210258
0.259970252396869,-0.0006971359,0.00047086898
0.25997101068786643,-0.00094133615,0.0004719301
0.2600195553475232,-0.00018131733,0.00047146287
0.2600259912190843,0.0004733801,0.00047172705
0.26012487422111596,0.00046670437,0.00047199178
0.2601894649608876,-1.3232231e-5,0.00047211075
0.26038740234362134,3.695488e-6,0.00047212545
0.2604825319460481,-0.00056540966,0.00047147958
0.2605053968972264,0.00068330765,0.00047172466
0.26055302087806176,-0.00023782253,0.00047218727
0.26059261084151886,0.00032007694,0.0004730895
0.26068000941612823,0.00030994415,0.00047223692
0.26080021289615607,-0.00021415949,0.0004719298
0.2609413728250555,-0.0012332201,0.0004715368
0.2609770126926658,-4.7445297e-5,0.00047205185
0.2609781003226699,-0.00035268068,0.0004712501
0.2611182108875243,7.510185e-5,0.00047219076
0.2612095561394884,0.00044178963,0.00047216337
0.2613963113064862,0.0003708601,0.00047126383
0.2613971193216824,0.0002850294,0.00047202985
0.26144559704491777,0.0007773638,0.00047161587
0.2614520061421437,0.00013887882,0.0004714647
0.2615509656427094,3.695488e-6,0.00047191454
0.26161559272009594,0.00044894218,0.00047228165
0.26181351575767653,-1.6570091e-5,0.00047207947
0.2619085793801499,1.4305115e-6,0.00047166774
0.2619314232948674,-0.00026649237,0.00047140825
0.2619791180377631,-0.000898242,0.0004718761
0.26201874242496515,-0.00011497736,0.000473013
0.26210608458173357,3.695488e-6,0.00047200234
0.26222633109161775,0.00022149086,0.00047210153
0.26236742695373316,0.0005789995,0.00047183203
0.2624031155897747,0.00038087368,0.00047199897
0.26240413532642226,1.4305115e-6,0.00047148424
0.2625442946594744,0.0004903078,0.00047221343
0.26263568007259097,3.695488e-6,0.00047208916
0.2628223702156365,0.00065124035,0.0004710182
0.26282322795619883,3.695488e-6,0.00047204454
0.2628716377870115,-0.0005669594,0.00047136255
0.2628780210642693,0.00053596497,0.00047089072
0.2629770570645362,0.00012040138,0.00047190883
0.2630417214350719,0.0003939867,0.0004721137
0.2632396291721987,-0.0008250475,0.0004718968
0.2633346268158858,0.0008915663,0.00047181445
0.26335744969204156,0.00043070316,0.00047144727
0.26340521519699744,0.00086569786,0.0004721209
0.26344487400934524,0.0005207062,0.0004730696
0.2635321597482726,-0.00044095516,0.00047199425
0.2636524502440143,-0.00028681755,0.0004721524
0.2637934801252424,0.00014233589,0.00047172402
0.2638292194419508,-0.00011873245,0.00047198558
0.2638301703294743,1.4305115e-6,0.00047153234
0.2639703793878925,-0.0001167655,0.00047199617
0.2640618040061605,0.00029706955,0.00047217734
0.2642484291252537,0.00030875206,0.00047093854
0.2642493365902484,0.00056540966,0.0004720544
0.2642976794844061,0.0014243126,0.00047163214
0.2643040359866282,-0.00046628714,0.0004712584
0.2644031475291946,3.695488e-6,0.00047191713
0.264467849192646,3.695488e-6,0.00047189317
0.264665743544356,0.00081300735,0.00047221337
0.2647606752076228,0.00086069107,0.00047202109
0.26478347608898223,6.568432e-5,0.00047145406
0.26483131331129917,0.00013446808,0.00047204687
0.26487100559279153,-3.1411648e-5,0.00047287653
0.26495823587011247,-0.0002027154,0.0004718126
0.2650785684411101,-0.0010493994,0.00047177216
0.26521953329745207,1.4305115e-6,0.00047177653
0.26525532233835936,0.00068295,0.00047209216
0.2652562043762917,0.00040483475,0.00047156087
0.26539646315984255,0.00010418892,0.00047208386
0.2654879279397301,3.695488e-6,0.00047223247
0.2656744880348709,1.4305115e-6,0.0004710577
0.26567544426689604,6.937981e-5,0.00047197143
0.2657237211813337,-0.00027501583,0.00047074686
0.26573005186568877,0.00030708313,0.00047136957
0.26582923895172184,-0.00029188395,0.0004722235
0.2658939769511539,-1.4305115e-5,0.00047198185
0.26609185695981197,4.3153763e-5,0.00047190092
0.2661867226417246,1.4305115e-6,0.00047157006
0.26620950248732367,-0.0005418658,0.0004713938
0.2662574104698332,0.00021135807,0.00047199856
0.2662971371755375,6.771088e-5,0.00047298035
0.26638431103525084,-0.00064086914,0.0004718508
0.26650468759350665,3.695488e-6,0.0004720686
0.2666455874258964,0.0011641979,0.00047182618
0.2666814252347678,-0.00046241283,0.0004717251
0.2666822393800441,1.4305115e-6,0.0004712462
0.26682254788709336,2.360344e-5,0.00047210703
0.266914050917065,-0.0003465414,0.00047190988
0.26710054694448815,-0.00062036514,0.0004707766
0.2671015529009455,0.0007754564,0.00047202245
0.26714976287779435,1.4305115e-6,0.0004712526
0.2671560667892151,0.0007060766,0.00047142582
0.26725533037378213,0.00029921532,0.00047190147
0.2673201056668302,-0.00052535534,0.00047201195
0.2675179703743341,-1.5437603e-5,0.00047183194
0.26761277007605977,1.4305115e-6,0.00047172094
0.2676355288858985,0.00027298927,0.00047151456
0.2676835076295345,3.695488e-6,0.00047178194
0.26772326875921715,-0.0014753938,0.00047265424
0.2678103862008562,0.00012433529,0.00047194908
0.2679308067459032,0.0008159876,0.00047215854
0.26807164059833943,-0.0010894537,0.00047136087
0.26810752908741087,0.0008993149,0.00047191296
0.2681082743847303,0.0005508661,0.00047130045
0.2682486316588101,-0.00047695637,0.0004717957
0.26834017485156836,1.013279e-5,0.00047201314
0.26852660585410537,1.4305115e-6,0.00047088347
0.26852766153499497,-0.0007401705,0.0004717935
0.26857580457612273,0.00030612946,0.0004714913
0.2685820817122745,-0.00026917458,0.00047117082
0.2686814217949085,3.695488e-6,0.00047191654
0.2687462334253381,3.695488e-6,0.00047176995
0.26894408474555764,-0.00076562166,0.00047163593
0.269038817509928,1.4305115e-6,0.000471469
0.2690615562390738,-0.00074130297,0.00047106843
0.2691096057454704,-0.0008331537,0.00047181908
0.2691494003431304,0.00067675114,0.00047275002
0.26923646232269605,8.940697e-5,0.00047187385
0.2693569249420652,3.695488e-6,0.0004719823
0.2694976937707826,-0.0013434887,0.00047124352
0.2695336319838194,6.890297e-5,0.00047185586
0.26953430938848266,-0.00018054247,0.00047111895
0.2696747163869947,-0.00071799755,0.0004716209
0.2697662987851379,-3.993511e-6,0.00047190682
0.26995266476325563,0.00045502186,0.0004710043
0.26995377016881106,-0.0009185672,0.00047171625
0.2700018462744511,0.00027787685,0.0004714709
0.2700080966341666,-0.0002859831,0.000471085
0.270107513216035,3.695488e-6,0.00047187592
0.27017236214008056,-0.00029331446,0.00047164288
0.27037019816148056,-5.054474e-5,0.00047181893
0.27046486590189855,-6.1273575e-5,0.0004713652
0.27048758263601447,-0.0004657507,0.0004710814
0.2705357029040044,-0.00045704842,0.00047172478
0.27057553192681016,0.0006469488,0.0004727812
0.2706625374883014,0.0010927916,0.00047190726
0.2707830440939949,0.0006067753,0.00047176008
0.27092374694205834,0.0009675026,0.00047160938
0.2709597348804613,-0.0011327267,0.0004716417
0.27096034343553355,0.0001834631,0.00047114352
0.2711008001589448,0.0003439188,0.00047202408
0.27119242176200586,-0.00018185377,0.00047179154
0.27137872367287286,-0.00035631657,0.0004706171
0.2713798788033275,0.00066924095,0.00047189035
0.2714278879709118,-0.00048178434,0.00047139212
0.27143411155722597,4.7564507e-5,0.0004711845
0.2715336036813938,3.695488e-6,0.00047182696
0.27159848989882196,0.00023460388,0.0004719506
0.27179631157646955,0.00016331673,0.0004718578
0.2718909133376345,-0.00016391277,0.00047146092
0.2719136090331886,0.0010159016,0.00047128077
0.27196180006230497,0.0005569458,0.0004718783
0.272001663509556,3.695488e-6,0.00047265022
0.2720886126539066,3.695488e-6,0.0004716348
0.2722091622901568,-0.0012473464,0.00047165816
0.27234980107073603,0.0007286072,0.00047143528
0.27238583777710323,-1.9013882e-5,0.0004716348
0.2723863784383521,1.4305115e-6,0.00047109765
0.272526884886896,3.695488e-6,0.0004717156
0.2726185456955754,-8.6545944e-5,0.00047182766
0.2728047825834239,0.00038540363,0.00047089483
0.27280598743737694,-0.00012409687,0.00047169792
0.2728539296678394,-0.00011497736,0.00047120271
0.27286012648028535,-0.0011312962,0.00047097812
0.27295969510368756,-0.00039452314,0.00047172178
0.27302461765662955,0.00061678886,0.0004717624
0.27322242594699275,0.00030255318,0.0004718762
0.2733169607715027,0.00022947788,0.0004714709
0.27333963543129647,-0.0005751848,0.00047100522
0.2733878972220063,-2.026558e-6,0.0004716067
0.2734277950930023,3.695488e-6,0.000472958
0.2735146878197454,-0.00072693825,0.00047151797
0.27363528144348725,0.0005675554,0.0004718695
0.27377585424364614,0.0,0.00047162958
0.27381194067257797,0.00017726421,0.00047184186
0.273812413442338,1.4305115e-6,0.0004710519
0.27395296865861263,0.00023758411,0.00047174626
0.2740446696300788,0.00063073635,0.00047204035
0.2742308414930411,-0.00024729967,0.00047070728
0.2742320960702592,0.00063049793,0.00047176777
0.27427997136523397,0.00060105324,0.00047148086
0.27428614140311125,0.00062692165,0.00047125458
0.2743857865255144,0.00040185452,0.00047165947
0.274450746371372,-6.914139e-6,0.00047156337
0.2746485393622152,-0.0009844303,0.00047151634
0.27474300820583786,-4.8279762e-5,0.00047117396
0.2747656618298714,0.00032365322,0.00047122702
0.27481399533817563,0.0004911423,0.0004716219
0.2748539266764486,0.0003761053,0.00047256384
0.27494076394181877,0.0007343292,0.0004715954
0.2750614005958838,3.695488e-6,0.00047182303
0.2752019074158557,0.00014829636,0.00047146907
0.27523804452522105,-4.1782856e-5,0.000471713
0.27523844749055615,1.4305115e-6,0.00047092146
0.27537905243032923,0.00063180923,0.0004717009
0.2754707926074138,-0.0007740855,0.0004718408
0.275656900401958,0.00030231476,0.00047071508
0.2756582047040753,0.00054347515,0.00047196008
0.2757060121073277,-0.00021111965,0.00047096016
0.27571215632593715,0.00082468987,0.00047118208
0.2758118779461739,-0.00034856796,0.00047161255
0.27587687413081374,-0.00026112795,0.00047153095
0.2760746527772042,0.0006239414,0.00047180732
0.27616905659640767,5.1140785e-5,0.00047127416
0.27619168822704554,0.00072300434,0.00047120804
0.2762400924964762,-7.9751015e-5,0.00047176436
0.27628005826012836,3.695488e-6,0.00047234553
0.276366839107424,-0.00019407272,0.00047141124
0.27648751879157885,-3.4868717e-5,0.00047149629
0.27662796058759853,0.00014901161,0.00047133162
0.2766641474225633,0.0008741617,0.00047191366
0.27666448249430853,1.4305115e-6,0.00047113016
0.27680513715781363,-0.00015449524,0.00047162763
0.27689691654004944,-1.1980534e-5,0.000471759
0.2770829593118086,-8.08835e-5,0.00047056293
0.2770843133388251,3.695488e-6,0.00047166995
0.2771320538047223,6.1035156e-5,0.0004711149
0.2771381722042974,0.00031089783,0.00047080955
0.2772379684117662,0.00035583973,0.00047174018
0.2773030028455562,3.695488e-6,0.00047159428
0.2775007661921933,0.00023519993,0.00047161488
0.27759510403167664,1.4305115e-6,0.0004713118
0.27761771462375273,1.4305115e-6,0.00047098479
0.27766618965571055,0.00034952164,0.0004715473
0.277706189844275,-4.196167e-5,0.00047218846
0.2777929142730293,3.695488e-6,0.00047171203
0.2779136379430416,0.0012931824,0.00047178753
0.2780540137598081,0.00052297115,0.00047137283
0.27809025031897183,0.00019848347,0.00047165464
0.27809051749759395,1.4305115e-6,0.00047110982
0.27823122092953023,-0.0005031824,0.00047147815
0.2783230395169175,0.000546813,0.00047202213
0.2785090182214258,-0.0005674362,0.000470636
0.27851042101640655,3.695488e-6,0.00047152623
0.2785580955014164,-0.00034689903,0.0004708935
0.27856418712735675,-0.0002863407,0.00047046228
0.27866405983405995,-4.297495e-5,0.0004714811
0.2787291306035973,0.00027906895,0.000471599
0.27892688056341686,0.00052404404,0.00047161593
0.2790211514674126,-1.2934208e-5,0.00047125033
0.2790437410209269,-0.00089770555,0.00047088947
0.27909228681471154,-0.00045508146,0.00047148895
0.27913232142772126,4.9352646e-5,0.00047216227
0.27921898943863466,-0.0004836917,0.0004713774
0.2793397561401374,-2.2888184e-5,0.00047158782
0.2794800678882524,-6.312132e-5,0.00047115903
0.2795163532149134,-0.00091946125,0.0004713846
0.2795165515451118,-0.00023514032,0.0004711494
0.27965730470194716,0.00062942505,0.00047161957
0.27974916345142087,-0.00063723326,0.00047155796
0.27993507713104304,-0.00078970194,0.00047070204
0.2799365296497557,-8.6545944e-5,0.0004716091
0.27998413719811055,1.4305115e-6,0.00047090527
0.27999020205018266,1.4305115e-6,0.00047094378
0.2800901512556533,5.030632e-5,0.0004717437
0.2801552583621052,3.695488e-6,0.00047164696
0.28035299397840596,-0.000333786,0.00047147085
0.28044719890151426,-0.00035488605,0.0004711283
0.2804697674195017,0.00048422813,0.00047091756
0.2805183839737124,3.695488e-6,0.00047154498
0.2805584530107006,-2.6643276e-5,0.0004723328
0.2806450646042399,-0.00035512447,0.00047132839
0.28076587529346786,3.015995e-5,0.00047151727
0.280906121060462,6.604195e-5,0.00047129576
0.2809424561106215,0.0002143383,0.0004717117
0.280942586549798,1.4305115e-6,0.00047078126
0.28096095151747746,-9.775162e-6,0.00057376345
0.2810833894301319,4.2915344e-5,0.0004717042
0.2811752873854573,-0.0006260276,0.00047159797
0.2813611350844256,0.00032103062,0.00047055018
0.28136263828287145,9.381771e-5,0.00047147507
0.2814101788955051,0.0005027056,0.00047101462
0.28141621697300856,0.00028920174,0.00047086185
0.28151624267677977,-0.00058954954,0.00047156916
0.281581387077548,3.695488e-6,0.00047154215
0.28177910739339496,-0.00075894594,0.00047134655
0.2818732472918506,0.0003721714,0.00047117838
0.28189579381760965,-0.00018596649,0.0004705876
0.28194448208894796,0.00046241283,0.00047163025
0.2819845845941469,-0.00025945902,0.00047222493
0.28207113976937825,3.695488e-6,0.0004713546
0.28219199348869595,3.695488e-6,0.0004714583
0.28233217423290513,-0.00015991926,0.00047108746
0.2823685599639649,0.00015163422,0.00047151055
0.28236862155355036,0.00023806095,0.000470946
0.2823870792759854,0.00018179417,0.00057255523
0.2825094732009147,-0.000715971,0.0004712826
0.28260141036232533,0.0008947849,0.00047175193
0.282787193993576,0.0012140274,0.0004706751
0.28278874691738787,3.695488e-6,0.00047162114
0.28283621963759886,-0.0007519722,0.0004707166
0.28284223189583446,-1.7881393e-6,0.00047063464
0.28294233314213857,-0.00063174963,0.00047126433
0.2830075148362894,3.695488e-6,0.00047137565
0.28320522176415164,0.0008690357,0.00047158473
0.2832992947275865,-0.00016748905,0.00047090073
0.2833218202147838,-0.00064849854,0.0004706406
0.28337057924794895,-0.0003502369,0.00047160534
0.283410716178527,3.695488e-6,0.00047226393
0.2834972158912181,0.0010347366,0.00047151727
0.2836181126410926,-0.0001359582,0.00047121441
0.28375822740441436,0.00016283989,0.00047115545
0.28379465560036776,1.4305115e-6,0.00047094605
0.2837946628613073,0.0005681515,0.0004714773
0.28381320607825866,-0.0004067421,0.00057109963
0.2839355569735651,0.00044345856,0.000471353
0.2840275342958949,-0.0005043745,0.00047128194
0.2842132529031932,1.4305115e-6,0.00047043466
0.28421485555213766,-0.00023967028,0.00047134707
0.28426226133499344,-0.00013101101,0.0004706963
0.284268245861959,4.6491623e-6,0.00047060382
0.2843684245637319,0.0012323856,0.00047146
0.28443364355009804,3.695488e-6,0.00047143412
0.28463133518007444,0.00014603138,0.00047136698
0.284725342163089,-0.00089251995,0.0004708684
0.2847478466117245,2.1100044e-5,0.0004708049
0.28479667640694983,0.00035750866,0.0004714811
0.28483684776197327,0.00029706955,0.00047188936
0.28492329105775727,1.6450882e-5,0.0004713154
0.2850442308381883,-0.00012928247,0.0004713007
0.28518428057662404,-0.00047558546,0.00047103042
0.2852206906034198,-0.0007699728,0.00047076948
0.285220765756782,-0.00029408932,0.00047130662
0.2852393338377004,0.0008376837,0.00057009404
0.28536164170245015,0.00022375584,0.00047143325
0.28545365822946445,0.001141429,0.000471589
0.2856393118128103,1.4305115e-6,0.00047037262
0.2856409632287853,0.00024700165,0.00047154207
0.28568830303192105,-0.0012679696,0.0004705532
0.2856942607847849,1.4305115e-6,0.00047072934
0.28579451598532524,-0.00021326542,0.0004712239
0.28585977130883944,-0.0007522702,0.00047104273
0.2860574485955304,9.596348e-5,0.00047137804
0.28615138959719066,0.0010516644,0.00047100434
0.28617387300959907,0.0005289316,0.00047062844
0.28622277356548387,3.695488e-6,0.00047115097
0.2862629793449527,3.695488e-6,0.00047214716
0.2863493662233626,3.695488e-6,0.000471305
0.28647034999058496,0.00017440319,0.00047148592
0.28661033470600217,1.4305115e-6,0.00047093892
0.28664672465093755,0.000590086,0.0004709419
0.2866468686534239,-3.951788e-5,0.0004712078
0.2866654615962083,3.695488e-6,0.0005688622
0.28678772547323295,6.330013e-5,0.00047140583
0.28687978120703284,-1.090765e-5,0.0004714147
0.28706537072242755,-3.951788e-5,0.00047044235
0.28706707186283487,-0.00014996529,0.00047118255
0.2871143447283817,0.001275897,0.00047079343
0.2871202757076108,-0.00047671795,0.00047062524
0.2872206064509175,0.00022053719,0.0004711962
0.2872858990680477,7.1406364e-5,0.00047133662
0.28748356201005243,3.695488e-6,0.0004713204
0.28757743703152594,1.4066696e-5,0.0004708738
0.2875998994077069,6.258488e-5,0.00047072972
0.28764887072448475,3.695488e-6,0.0004711643
0.2877754413882675,3.695488e-6,0.00047131922
0.28789646818628,0.00010550022,0.0004713208
0.28803638787821173,0.00044190884,0.00047103394
0.28807275965562373,-0.0002014637,0.00047063234
0.2880729715505328,0.00034463406,0.0004713154
0.28809158839801474,-0.000438869,0.00056744134
0.2882138092444827,-0.0006700754,0.00047105135
0.28830590514083587,-0.0002593398,0.0004712573
0.28849142963204477,1.4305115e-6,0.00047062454
0.2884931804968843,0.00015723705,0.00047149585
0.28854038547047556,0.00088226795,0.00047071176
0.2885462906304367,0.00023293495,0.00047072777
0.28864669787274433,3.695488e-6,0.00047103947
0.28871202778279026,0.0006918907,0.00047141823
0.2889096763808092,-0.00020349026,0.00047107265
0.2890034854216288,1.4305115e-6,0.0004707531
0.2890259258055815,-0.0011672974,0.00047040387
0.28907496788441955,-0.0002142787,0.00047125938
0.28911524251231213,3.695488e-6,0.00047192955
0.2892015165531724,3.695488e-6,0.00047118677
0.28932258733867655,3.695488e-6,0.00047133613
0.28946244104995456,3.8027763e-5,0.0004708858
0.2894987946593761,0.00038707256,0.0004708207
0.28949907444694123,3.695488e-6,0.00047111177
0.28951771615652266,-0.00063568354,0.0005664158
0.28963989397243395,0.0006774664,0.0004711904
0.2897320281181708,0.00013709068,0.00047144404
0.2899174885418955,-0.0008427501,0.00047040544
0.2899192891307004,-0.000323236,0.00047118583
0.28996642716880383,1.4305115e-6,0.00047056904
0.2899723055532626,0.00024807453,0.0004706618
0.29007278929433766,3.695488e-6,0.0004711884
0.29013815554153155,-0.00025570393,0.00047126232
0.29033578979626506,-0.000723958,0.00047091642
0.2904295328573647,1.4305115e-6,0.00047089008
0.2904519522025222,1.4305115e-6,0.00047035093
0.2905010659996551,0.00022161007,0.00047142294
0.2905413740959919,-0.0006194711,0.00047148517
0.29062759171971153,3.695488e-6,0.00047085958
0.29074870553483856,3.695488e-6,0.0004711258
0.2908884942212303,1.4305115e-6,0.00047118467
0.290924828706427,-0.00130862,0.00047039636
0.2909251773428828,-0.00017791986,0.00047113048
0.2909438439159644,-5.686283e-5,0.0005654564
0.29106597774508436,-0.00038450956,0.00047096485
0.29115815205174034,-0.00068730116,0.0004712914
0.29134354649551153,0.0008866787,0.0004704389
0.2913453977645164,0.00033056736,0.00047128048
0.2913924688652646,-9.727478e-5,0.0004702258
0.29139832047632197,1.4305115e-6,0.00047040606
0.29149887975876265,-1.0430813e-5,0.00047130554
0.29156428330027295,0.0002629757,0.00047129378
0.291761903212188,0.00021076202,0.0004710734
0.29185558029310055,-0.00031036139,0.00047065667
0.29187797859969633,0.0016758442,0.00047076747
0.29192716315795564,3.695488e-6,0.00047125662
0.29196750567967167,0.0004812479,0.000471985
0.2920536668860172,3.695488e-6,0.0004709776
0.2921748246872351,3.695488e-6,0.00047110787
0.29231454739367346,1.4305115e-6,0.00047102713
0.29235086370924557,0.0005209446,0.0004706258
0.2923512811955259,2.8252602e-5,0.00047121555
0.2923699716744723,0.00089263916,0.00056454306
0.29249206151680096,0.00039184093,0.00047115248
0.29258427502907525,0.0003591776,0.00047136986
0.29276960540512875,1.4305115e-6,0.00047013327
0.29277150544209785,3.695488e-6,0.0004711373
0.2928185105621922,0.0001001358,0.00047030865
0.2929249711812899,-0.0014697909,0.0004707601
0.2929904120140816,-0.00038307905,0.00047085143
0.29318801662671,0.00058174133,0.00047118735
0.29328162772696886,0.000313282,0.00047072046
0.29330400499733733,-4.053116e-5,0.0004703208
0.29335326031719,3.695488e-6,0.00047115504
0.29339363726311796,-0.0004080534,0.0004715934
0.2934797420509221,3.695488e-6,0.00047094157
0.2936009428843309,3.695488e-6,0.00047089494
0.29374060056658347,-5.6505203e-5,0.0004708154
0.2937768977569968,0.00069725513,0.00047050734
0.29377738409193443,0.00016069412,0.00047102445
0.2937960984758118,0.00025701523,0.0005632797
0.29391814528781723,-0.000693202,0.00047092128
0.2940103989635786,0.00048327446,0.0004711982
0.294195664314746,1.4305115e-6,0.00046977284
0.29419761407591394,-0.00018370152,0.00047086595
0.2942445513028852,1.4305115e-6,0.00047038816
0.2942503493650389,1.4305115e-6,0.00046990064
0.29435106260381705,0.00085282326,0.00047103426
0.2944165397725895,0.00039041042,0.00047114198
0.294614130041699,-0.0002604723,0.0004709822
0.29470767516130403,-8.285046e-6,0.00047044054
0.29473003139567877,-5.197525e-5,0.00047033222
0.29477935747665784,3.695488e-6,0.00047116322
0.2948197688458638,-0.0003899932,0.00047162466
0.2949058172165274,3.695488e-6,0.00047112818
0.29502706203672746,3.695488e-6,0.0004708954
0.29516665373879314,-0.00017291307,0.00047064584
0.2952029327614496,9.62019e-5,0.00047059052
0.29520348698857635,3.695488e-6,0.00047108525
0.2952222262345532,3.695488e-6,0.0005621858
0.29534423001600196,3.695488e-6,0.00047101153
0.29543652289714817,-0.00044882298,0.00047083615
0.29562172322366276,-0.0008558631,0.00046982482
0.2956237227099634,7.855892e-5,0.00047101505
0.2956705930007467,1.4305115e-6,0.00047009773
0.2956763642880983,-0.00023245811,0.00047012937
0.29577715306824204,0.00064206123,0.00047099506
0.29584266753203126,3.695488e-6,0.00047076432
0.29604024441292265,0.00041735172,0.00047095746
0.2961337225956392,-0.00028431416,0.00047048662
0.29615605779355325,0.00023663044,0.00047051578
0.2962054546358923,3.695488e-6,0.000470864
0.2962459004295436,0.0009545088,0.00047151212
0.29633189238306656,3.695488e-6,0.00047086153
0.2964531802324226,3.695488e-6,0.00047091153
0.29659270691053585,0.00023365021,0.00047067506
0.29662896680896733,-7.6293945e-6,0.00047050102
0.29662958988521826,3.695488e-6,0.00047083723
0.29664835399376144,3.695488e-6,0.0005612304
0.29677031378771856,0.0005501509,0.00047097384
0.29686264587378275,-3.886223e-5,0.00047089337
0.29704778213351346,0.00020897388,0.0004702639
0.29704983134401297,0.00011622906,0.0004709048
0.297096634699075,-5.8174133e-5,0.00046998356
0.2971023792111577,0.00023531914,0.00047024203
0.2972032444893685,-0.00093114376,0.00047077908
0.2972687952905392,3.695488e-6,0.00047073065
0.29746635782791164,-0.00063735247,0.00047079683
0.2975597700309083,0.00029695034,0.0004705784
0.2975820832340259,-0.0006221533,0.0004699967
0.2976315517941929,-0.00036931038,0.0004706763
0.2976720320134568,3.695488e-6,0.00047147588
0.2977579675486718,3.695488e-6,0.0004708481
0.29787929938388535,3.695488e-6,0.0004707461
0.29801876103898006,-0.00017541647,0.000470571
0.29805500181225286,1.04904175e-5,0.0004704287
0.2980556927816268,3.695488e-6,0.00047093554
0.29807448175226936,3.695488e-6,0.00056005956
0.29819639755943517,-0.000464499,0.0004709343
0.29828876980665187,-0.0007738471,0.00047068755
0.2984738410431307,1.4305115e-6,0.00047005515
0.2984759390215944,3.695488e-6,0.00047080897
0.2985226754395346,-0.00024574995,0.0004700109
0.2985283941339836,1.4305115e-6,0.00047015565
0.298629334955661,0.00040769577,0.00047082774
0.2986949240048148,3.695488e-6,0.0004709028
0.29889247124290075,3.695488e-6,0.00047082806
0.2989858174666441,1.4305115e-6,0.0004703922
0.29900810963119995,-0.00029206276,0.00047001542
0.29905764895319376,3.695488e-6,0.00047073932
0.2990981635971365,-0.0002874732,0.0004714591
0.29918404271381016,3.695488e-6,0.00047079296
0.29930541758098117,3.695488e-6,0.00047078548
0.29944481421212354,0.0001783371,0.00047062594
0.29948103585930375,1.4305115e-6,0.00047018676
0.29948179567803523,3.695488e-6,0.0004708287
0.29950060951101065,-0.0005585551,0.0005589809
0.2996224813311519,0.0006222725,0.00047073793
0.2997148927849207,0.0011838675,0.00047101235
0.29989989899651326,0.00065112114,0.00046997762
0.2999020476554105,3.695488e-6,0.00047061063
0.2999487171362287,-0.00011122227,0.0004699601
0.29995440810057494,1.4305115e-6,0.00046999552
0.3000554263777213,3.695488e-6,0.0004707461
0.3001210517633227,-0.00049996376,0.00047062023
0.30031858465788974,0.00064468384,0.00047093685
0.3004118658572139,1.4305115e-6,0.00047035646
0.30043413602884106,0.0007246733,0.00047012256
0.30048374611312856,0.00036752224,0.00047079253
0.30052429517988244,0.00029480457,0.00047146739
0.3006101178794155,2.3841858e-6,0.00047063638
0.3007315357780769,3.695488e-6,0.00047071613
0.3008708673843332,1.4305115e-6,0.0004705692
0.300907070863523,-0.00041091442,0.0004701184
0.30090789857374345,-0.0006902218,0.00047061368
0.30092673726975205,3.695488e-6,0.00055838516
0.3010485651028685,-0.0001269579,0.00047068563
0.3011410167191906,9.596348e-5,0.00047085225
0.3013259579061305,1.4305115e-6,0.00046977427
0.30132815628852616,3.695488e-6,0.00047060376
0.3013747588336233,0.0004105568,0.00047005998
0.3013804230227005,-0.00018775463,0.00046984787
0.3014815177988478,-0.00080293417,0.0004704909
0.30154717952276444,-4.4345856e-5,0.00047061194
0.3017446980731122,3.695488e-6,0.000470609
0.3018379132910822,-0.00014674664,0.00047025003
0.30186016242741587,-0.0002799034,0.00047006144
0.30190984327212944,-0.0008112788,0.00047050335
0.30195042676426254,-0.00062811375,0.00047125292
0.3020361930450207,4.887581e-6,0.00047062713
0.3021576549295397,-0.00069850683,0.00047060297
0.30229692055584256,1.4305115e-6,0.0004704626
0.3023331049119746,0.00015735626,0.00047010605
0.3023340014708522,3.695488e-6,0.0004704149
0.30235286502732617,0.0005658865,0.00055757596
0.3024746488745851,6.2823296e-5,0.00047070376
0.30256713969582516,-0.00039994717,0.00047073126
0.3027520168157477,-0.0001989007,0.00046964653
0.3027542649230426,3.695488e-6,0.00047055064
0.30280079957571704,1.168251e-5,0.00046994846
0.3028064379457599,-0.00021475554,0.00046941088
0.30290760826373964,0.0013409853,0.0004707939
0.3029733082375069,0.00055527687,0.00047079416
0.30317081148740077,-0.00047940016,0.00047053298
0.30326396072588424,-0.0007623434,0.00047002293
0.303286188825057,-0.00019615889,0.00046987415
0.3033359404306635,0.0008276701,0.00047073656
0.3033765583481757,0.0006353855,0.00047085175
0.30346226821062605,-0.0014052987,0.00047044293
0.3035837731259351,3.695488e-6,0.00047056095
0.3037229737273518,-0.0003760457,0.0004702651
0.30375913991526005,0.0002578497,0.00047015608
0.30376010436819456,-8.916855e-5,0.00047061205
0.30377899182959944,-0.0002939105,0.00055659725
0.3039007336027698,-0.0010515451,0.00047059995
0.3039932636293947,0.00034189224,0.00047070865
0.3041780757253649,0.00016784668,0.00046981632
0.30418037260155784,3.695488e-6,0.00047074
0.3042268412731116,1.4305115e-6,0.00046993603
0.30423245191235126,1.4305115e-6,0.00046981807
0.3043336996853331,3.695488e-6,0.0004704385
0.304399435995081,3.695488e-6,0.00047043356
0.3045969258586244,-0.0005688071,0.00047041712
0.3046900081616202,0.0009133816,0.00047040227
0.3047122142659965,0.00067424774,0.00047014147
0.30476203758966436,-0.00050115585,0.00047047256
0.3048026899311551,3.695488e-6,0.0004711546
0.3048883433762314,0.0014126301,0.0004704945
0.3050098922790321,0.0006659031,0.0004704218
0.30514902689956147,-5.00679e-6,0.00047024278
0.3051851739618441,-0.0008201599,0.00046997523
0.30518620726390266,0.00069749355,0.00047067204
0.3052051195890412,0.00030124187,0.00055566686
0.3053268173747199,3.695488e-6,0.00047049636
0.3054193866067296,-0.0002002716,0.00047057067
0.30560413367828065,3.540516e-5,0.00046934508
0.3056064812346735,-5.1677227e-5,0.00047058775
0.30565288297003923,1.4305115e-6,0.0004698736
0.30565846683517717,-0.00047773123,0.00046967415
0.30575979015115873,3.695488e-6,0.00047027358
0.3058255637538224,-0.0008209348,0.00047032812
0.3060230392745472,0.0010591745,0.00047050335
0.3061160555964223,-0.0005248785,0.00046994424
0.3061382406636375,-0.00033581257,0.00046978984
0.3061881357048999,-0.0002859831,0.00047041778
0.30622882151413444,-0.00016784668,0.00047100932
0.30631441758583555,-0.00031757355,0.00047036805
0.306436010475194,-0.00043696165,0.00047057928
0.30657508007270495,-0.0006811619,0.00047011816
0.3066112089651295,-0.0002168417,0.00046987188
0.30661231015961077,-0.0012356639,0.00047030035
0.3066312473475491,-0.0005248189,0.00055491464
0.3067529011464365,0.0010080338,0.00047069235
0.30684551054053266,0.00027298927,0.00047046182
0.30703019258789777,-2.43783e-5,0.00046953786
0.30703258986778925,5.376339e-5,0.00047049695
0.30707892371026535,-0.0006399751,0.00046964615
0.30708448175800307,0.0008183718,0.0004698424
0.30718588157298554,-0.00022369623,0.00047057332
0.30725169151303067,0.00041413307,0.00047032096
0.3074491526895363,-0.0010524988,0.00047013222
0.30754210303075746,1.4305115e-6,0.0004700536
0.3075642670612786,0.0003386736,0.0004699034
0.3076142328639009,3.695488e-6,0.0004703658
0.30765495309758073,3.695488e-6,0.00047087297
0.30774049275167425,0.00030839443,0.00047044217
0.30786212962712367,0.00048422813,0.00047050603
0.3080011332449146,0.0005611181,0.000470424
0.3080372430133477,0.0010414124,0.00046990794
0.3080384130569531,0.00093221664,0.00047045737
0.3080573760618247,0.00017344952,0.0005540132
0.3081789849181531,0.00012600422,0.00047067407
0.30827163351810105,3.695488e-6,0.0004704303
0.308456251497515,-0.0003105998,0.00046956373
0.3084586975453707,-0.0013577342,0.0004702023
0.3085049654078933,0.0006406307,0.0004697541
0.3085104957241275,-0.0009494424,0.0004696306
0.308611972037644,-0.0005506873,0.00047018728
0.3086778202277731,0.00041782856,0.00047035172
0.30887526610405835,3.695488e-6,0.0004703541
0.30896815046485915,-0.00086063147,0.00046981752
0.3089902934589196,-0.00027269125,0.00046981164
0.30904033002290177,0.0007981062,0.00047053464
0.30908108468172735,-7.9512596e-5,0.00047102672
0.3091665679163458,2.014637e-5,0.00047021135
0.3092882478232857,3.695488e-6,0.0004703656
0.30942718641665734,-0.00036871433,0.00046997145
0.30946327706156584,1.4305115e-6,0.00046983472
0.309464515954062,0.00013935566,0.00047032296
0.30948350382033263,0.00036227703,0.0005530635
0.30960506868916937,3.695488e-6,0.000470274
0.3096977574516706,-0.00063079596,0.00047033658
0.3098823104073657,-0.00081056356,0.00046938346
0.3098848061801205,0.00084006786,0.0004705053
0.3099310071059882,3.695488e-6,0.00046954805
0.3099365106469534,-0.00033384562,0.00046963975
0.31003806345923735,0.0005466938,0.00047032107
0.3101039479865145,-0.0005591512,0.00047010998
0.3103013795195143,0.0010598898,0.00047058612
0.3103941979003616,0.0011371374,0.0004700503
0.31041631890032606,0.00027561188,0.00046970748
0.31046642718213613,-0.0003888607,0.000470221
0.3105072162654071,0.0001591444,0.0004707383
0.310592643081951,-9.417534e-6,0.00047019904
0.3107143660194477,-0.00017774105,0.0004701768
0.3108532395879331,-0.0004082322,0.00047003807
0.31088931206485126,-0.00033658743,0.00046973123
0.3108906188497701,0.00027155876,0.00047024628
0.31090963157977436,-8.4102154e-5,0.0005522492
0.31103115246111945,-0.001077652,0.00046999665
0.3111238804290055,0.0006381273,0.00047051779
0.31130836836098175,0.00062537193,0.00046933896
0.3113109148139366,0.0005339384,0.0004701504
0.3113570478471481,1.4305115e-6,0.0004696734
0.3113625246142452,0.00017392635,0.00046938975
0.3114641539248296,-0.00026267767,0.00047014086
0.31153007574525593,3.695488e-6,0.00047024144
0.3117274929354371,3.695488e-6,0.0004703168
0.31182024533609753,-0.00025874376,0.0004697083
0.3118423452975002,1.4305115e-6,0.000469594
0.3118925243413706,0.00039625168,0.00047024546
0.3119333478488534,-0.00016891956,0.00047063117
0.31201871824849015,-0.000577569,0.00047012937
0.31214048517184423,0.00018501282,0.00047023006
0.31227929276037625,0.0012881756,0.00047021033
0.3123153461116688,0.00033950806,0.0004696166
0.3123167217457117,3.695488e-6,0.000470228
0.3123357593382823,9.1433525e-5,0.0005516071
0.312457236233303,0.00096321106,0.00047044127
0.3125500043625751,-0.0010459423,0.00047000294
0.31273442727059897,0.0005273819,0.0004694783
0.31273702249105106,3.695488e-6,0.00047020093
0.31278308954407585,-0.0001322627,0.00046950043
0.31278853953730457,0.0010198355,0.0004696136
0.31289024534665644,0.0004413128,0.0004702104
0.31295620350282993,0.00056648254,0.0004702221
0.31315360634995926,3.695488e-6,0.000470133
0.31324629276996585,0.0005142689,0.0004698117
0.3132683716951412,-0.0004618764,0.00046937415
0.3133186215003715,3.695488e-6,0.0004704117
0.31335947847606516,0.00027549267,0.00047054497
0.31344479341409537,3.695488e-6,0.00047022649
0.3135666033682396,3.695488e-6,0.00047024433
0.31370534593328625,1.4305115e-6,0.00046991833
0.3137413811147207,-0.000108242035,0.00046946085
0.3137428246421202,3.695488e-6,0.00047014692
0.31376188709608976,-0.00048029423,0.00055062724
0.3138833200052531,3.695488e-6,0.00047026575
0.3139761273408438,3.695488e-6,0.00047016525
0.3141604861802162,-0.00013256073,0.00046935354
0.31416313112486716,3.695488e-6,0.00047009884
0.3142091302847688,0.00013518333,0.00046974423
0.314214553502962,0.0001642704,0.000469413
0.31431633581201524,7.104874e-5,0.0004700878
0.314382332217806,-1.4305115e-6,0.00046996557
0.31457971976401444,3.695488e-6,0.00046996292
0.314672340204301,1.4305115e-6,0.0004696245
0.3146943980927823,-0.000103116035,0.00046935436
0.3147447186593725,3.695488e-6,0.00047011394
0.314785610058811,3.695488e-6,0.0004707358
0.3148708676229992,-0.00047814846,0.0004700083
0.3149927215646351,3.695488e-6,0.00047010675
0.3151313991054959,1.4305115e-6,0.00046994613
0.31516741516317237,0.00011110306,0.00046961012
0.3151689275392291,-0.00029587746,0.0004701139
0.31518801485483117,0.000487566,0.0005501356
0.31530940377626937,0.00012540817,0.00047017034
0.3154022503181788,0.00046861172,0.00047030856
0.3155865450898334,0.00013542175,0.00046928137
0.3155892397593836,3.695488e-6,0.0004700089
0.31563517198263025,1.4305115e-6,0.0004693691
0.31564056842532107,-0.0002385974,0.00046944132
0.31574242723360857,-0.00066167116,0.00046988943
0.31580845997701423,6.198883e-6,0.0004700027
0.3160058331792369,3.695488e-6,0.0004700929
0.3160983876386362,-8.016825e-5,0.00046970125
0.3161204235341888,0.00056934357,0.00046966053
0.31617081581837336,3.695488e-6,0.00046994502
0.3162117416424908,3.695488e-6,0.00047039555
0.31629694278860454,0.0010797977,0.00047004037
0.31641884071703164,-0.00043785572,0.0004698525
0.31655745227723864,-0.0001963973,0.0004699398
0.31659344921115706,-0.000323534,0.00046936606
0.316595030435871,0.00030326843,0.00046990075
0.31661414261380594,-0.00019079447,0.0005491823
0.31673548850375366,-0.00042271614,0.00047002072
0.31682837425104793,-0.00025701523,0.0004702251
0.317012603043216,-0.0007983446,0.00046920148
0.3170153474371985,3.695488e-6,0.0004699924
0.317061212724724,-0.00052553415,0.0004691297
0.3170665823914455,0.00024139881,0.00046954415
0.31716851769896737,0.00040388107,0.00047019607
0.31723458773552216,6.198883e-6,0.00046992165
0.31743194659492624,3.695488e-6,0.00047018798
0.31752443507390515,8.3088875e-5,0.0004696325
0.3175464499318298,-3.2544136e-5,0.0004694158
0.31759691297737425,3.695488e-6,0.00046993353
0.3176378732264039,3.695488e-6,0.00047039386
0.31772301795514357,3.695488e-6,0.00046999956
0.31784495891225983,0.0004451275,0.00046993876
0.3179835054494483,-7.0929527e-6,0.00046986042
0.3180194842144425,0.00014436245,0.00046942316
0.31802113333134563,3.695488e-6,0.0004698728
0.31804027037231386,0.00019812584,0.00054857123
0.3181615722761707,0.00010597706,0.00047019188
0.3182544972276825,0.00084900856,0.00047009785
0.31843866195236625,0.00038325787,0.00046930942
0.3184414560710146,-0.000575006,0.00046981475
0.3184872544216517,0.00042581558,0.00046950055
0.31849259731473833,-0.00011044741,0.0004688034
0.3185946091205607,-0.0012840033,0.00046977663
0.3186607154935631,-0.0005481243,0.00046977238
0.3188580609661499,-0.0003167987,0.00047001254
0.3189504825096411,1.4305115e-6,0.00046958617
0.31897247632900394,-6.365776e-5,0.00046933565
0.3190230101359083,3.695488e-6,0.0004698758
0.3190640048100837,3.695488e-6,0.00047058336
0.3191490931207489,3.695488e-6,0.00046991507
0.31927107710935565,3.695488e-6,0.00046976967
0.3194095586225918,0.00020778179,0.0004698194
0.31944551826149337,1.4305115e-6,0.00046958996
0.31944723622798765,3.695488e-6,0.0004698333
0.3194663990872898,3.695488e-6,0.00054776506
0.31958765604858763,-0.00014692545,0.00046981897
0.3196806211621859,-0.00037378073,0.00046986865
0.3198647208619835,1.4305115e-6,0.00046902106
0.3198675647048306,0.0005823374,0.00046990564
0.31991329611811237,0.00010406971,0.00046915252
0.3199186112822635,0.000113248825,0.00046927956
0.3200206995868533,0.0015563965,0.000469879
0.32008684325207104,0.00014328957,0.00046990666
0.3202841743811389,0.00014865398,0.0004699976
0.32037652994397625,1.4305115e-6,0.00046948757
0.3203985017704104,0.00010061264,0.00046941152
0.3204491072956096,3.695488e-6,0.00046966935
0.32049013639282964,3.695488e-6,0.00047043935
0.3205751673291858,1.0728836e-6,0.00046974723
0.320697196262686,-0.00084525347,0.00046959275
0.32083561179480147,1.4305115e-6,0.00046962083
0.3208715523090112,-0.00067704916,0.0004692452
0.32087333912462956,3.695488e-6,0.00046981886
0.3208925268460312,3.695488e-6,0.00054678874
0.3210137398198374,0.00047838688,0.00046993216
0.3211067441402212,0.00031006336,0.0004699359
0.32129077881536616,0.0004194975,0.00046906265
0.3212936723819452,3.695488e-6,0.000469624
0.32133933685880545,1.4305115e-6,0.00046908105
0.3213446252483879,-0.0010513067,0.00046885232
0.32144679100844675,-0.0002411604,0.0004696202
0.3215129719677474,0.000415802,0.00046975372
0.32171028779636135,-0.0004746318,0.00046971045
0.32180257737784457,1.4305115e-6,0.0004691754
0.3218245281680514,-0.00040060282,0.00046923192
0.3218752034990763,-0.0004748106,0.0004694918
0.32191626797720974,-0.00032013655,0.00047035128
0.32200124249432416,-0.00021713972,0.00046974016
0.3221233144579142,0.00085258484,0.00046977488
0.3222616649665442,1.4305115e-6,0.00046942523
0.3222975873134639,0.0005776882,0.00046942473
0.322299442021038,-0.0004864931,0.00046966082
0.3223186546036053,3.695488e-6,0.0005461705
0.3224398235906202,3.695488e-6,0.00046964016
0.32253286807309034,7.4625015e-5,0.00046975559
0.3227168377249834,-0.0002874136,0.00046885377
0.32271978101576115,-0.0006836653,0.00046957372
0.32276537855690035,1.4305115e-6,0.00046922686
0.32277064017028,0.00033140182,0.00046901143
0.3228728814733386,0.00014293194,0.00046967124
0.32293909972625523,-1.40070915e-5,0.000469715
0.32313640121065,0.00065743923,0.0004698691
0.3232286248126467,1.4305115e-6,0.0004691427
0.32325055360969135,0.00040352345,0.0004690919
0.3233013006576103,3.695488e-6,0.000469645
0.32334239956135635,0.00032746792,0.00047026
0.3234273176608633,0.00022697449,0.0004696318
0.32354943265360925,-0.00020295382,0.0004695818
0.32368771813782005,-0.000348866,0.0004693275
0.32372362136121524,0.00028574467,0.00046922144
0.3237255449179134,-0.00010830164,0.00046950148
0.3237447833192816,-0.0011126995,0.0005453502
0.3238659073632706,3.695488e-6,0.00046947962
0.32395899105042525,3.695488e-6,0.000469752
0.324142896634834,0.00029027462,0.0004686908
0.32414588869404304,0.00069093704,0.0004697796
0.3241914192987606,-0.00033062696,0.00046887
0.3241966541364044,0.00072431564,0.00046908174
0.3242989719377636,-7.7843666e-5,0.00046949738
0.3243652274840628,2.1338463e-5,0.0004697625
0.324562514625639,-0.0004878044,0.00046956452
0.3246546722483825,-0.00047904253,0.0004689891
0.32467658000756583,1.4305115e-6,0.00046892388
0.32472739781591087,3.695488e-6,0.00046956335
0.3247685311441023,-0.0001295209,0.00047007663
0.32485339187070084,3.695488e-6,0.0004693493
0.3249755518069396,-0.00079363585,0.00046945337
0.3251137713100296,-0.0005944371,0.00046940104
0.32514965540779917,1.4305115e-6,0.0004691157
0.3251516478145554,0.0006058216,0.00046979837
0.3251709110787233,0.0006762743,0.0005448829
0.3252919911359211,3.695488e-6,0.00046954324
0.32538511402799375,-0.00020635128,0.00046955116
0.3255689545875162,1.4305115e-6,0.0004686811
0.3255719973280925,-0.0005865693,0.0004695708
0.3256174609956882,-0.00027179718,0.00046879312
0.3256226681036961,1.4305115e-6,0.00046889044
0.3257250633602907,0.00019073486,0.00046955957
0.3257913552428042,-0.000119268894,0.00046952214
0.3259886280415619,-0.001204133,0.0004694479
0.32608071968318464,1.4305115e-6,0.0004690598
0.32610260640520683,1.4305115e-6,0.0004687693
0.32615349497514534,0.00048220158,0.0004696848
0.32619466272708164,0.00013685226,0.00047022203
0.3262794670358392,3.695488e-6,0.00046956824
0.32640167000356857,0.0010075569,0.00046956728
0.3265398244831731,0.00094771385,0.00046931542
0.3265756904110846,-2.771616e-5,0.00046902415
0.3265777507102635,-0.00033068657,0.00046947636
0.3265970388362974,0.00044739246,0.00054427475
0.3267180749067039,3.695488e-6,0.00046944187
0.3268112379617967,0.00021374226,0.0004695779
0.32699501349713345,1.4305115e-6,0.0004689527
0.3269981059609748,6.0796738e-5,0.00046959112
0.32704350173591434,-0.00047683716,0.00046876824
0.32704868302722245,-0.00011527538,0.00046868192
0.32715115382658333,3.695488e-6,0.00046942793
0.327217483001779,0.00012660027,0.00046954644
0.3274147414565509,0.0017029047,0.00046966184
0.3275067671175198,0.00021016598,0.00046929595
0.3275286318466133,1.4305115e-6,0.0004687661
0.3275795921346132,-0.00086039305,0.00046937302
0.32762079431052793,-0.00018185377,0.0004698743
0.3277055422009777,3.695488e-6,0.0004693822
0.3278277881992636,3.695488e-6,0.0004693922
0.32796587765538276,-0.00040900707,0.0004691319
0.32800172445860243,3.0517578e-5,0.00046897185
0.32800385360667195,7.164478e-5,0.00046972476
0.32802316755057304,3.695488e-6,0.0005433346
0.328144158678654,3.695488e-6,0.0004694306
0.3282373609391317,3.695488e-6,0.00046943856
0.32842107145144994,1.4305115e-6,0.00046857996
0.32842421363808927,0.00053679943,0.00046943262
0.32846954343284196,0.000605464,0.00046890878
0.32847469699334686,-0.0004977584,0.0004687764
0.32857724524724286,3.695488e-6,0.00046941047
0.3286436107605204,3.695488e-6,0.00046956408
0.32884085487107295,-7.098913e-5,0.0004694533
0.3289328145516216,0.00027310848,0.00046923978
0.32895465824355397,1.4305115e-6,0.00046883654
0.32900568929361407,0.0008677244,0.00046958387
0.32904692493844,0.00018918514,0.00046992637
0.3291316164103484,-0.00029736757,0.0004693574
0.32925390735166016,-0.0007548332,0.00046927924
0.3293919308271255,0.0004118681,0.00046908495
0.3294277585070541,1.4305115e-6,0.00046887543
0.3294299565040143,0.00027000904,0.00046956554
0.32944929530908096,3.695488e-6,0.00054279115
0.3295702414943694,3.695488e-6,0.00046939985
0.3296634839164666,3.695488e-6,0.00046952438
0.32984713036106705,1.4305115e-6,0.0004686273
0.3298503222726057,3.695488e-6,0.0004695511
0.3298955841749357,0.00048100948,0.00046888273
0.3299007109590043,0.0006173849,0.00046877947
0.3300033357121348,3.695488e-6,0.00046920092
0.33006973947549634,3.695488e-6,0.00046927348
0.33026696828606206,7.83205e-5,0.0004692936
0.3303588610308894,-0.00013488531,0.00046887173
0.3303806836851939,-0.0006261468,0.00046874236
0.3304317864521481,-0.0003554225,0.00046931297
0.3304730565221198,-0.0007189512,0.00046964656
0.33055769157665404,0.00021183491,0.00046936676
0.33068002554782217,0.0007622242,0.00046944866
0.3308179830424002,-0.00045531988,0.00046885514
0.3308537925545718,1.4305115e-6,0.0004688579
0.3308560584441882,3.695488e-6,0.0004692679
0.3308754240247572,3.695488e-6,0.0005422789
0.33099632526608613,3.695488e-6,0.0004692724
0.33108960785003616,3.695488e-6,0.0004696924
0.3312731892702174,-0.0003734827,0.0004683523
0.3312764299508876,3.695488e-6,0.00046922272
0.3313216249165626,1.4305115e-6,0.00046857644
0.3313267258820637,1.4305115e-6,0.0004687096
0.3314294261774935,-0.0004917979,0.0004691615
0.33149586723400426,3.695488e-6,0.0004692005
0.3316930817017514,3.695488e-6,0.00046905014
0.33178490846662534,-0.00042176247,0.0004687573
0.3318067100828349,0.00032258034,0.00046858285
0.331857883611149,0.00036275387,0.0004694766
0.33189918810556596,0.0007263422,0.00046985646
0.33198376674249275,9.6559525e-5,0.0004693273
0.3321061437439842,3.695488e-6,0.00046907557
0.3322440362153102,7.224083e-5,0.00046910954
0.33227982755762386,1.4305115e-6,0.0004685961
0.3322821613401298,-0.00048196316,0.00046906245
0.33230155178326515,3.695488e-6,0.0005414153
0.33242240903780274,3.695488e-6,0.00046918876
0.3325157308269041,-9.971857e-5,0.00046952258
0.3326992472236,0.00037634373,0.00046883436
0.3327025385842367,3.695488e-6,0.00046915296
0.3327476666134902,1.4305115e-6,0.00046864303
0.3327527398493554,-5.4955482e-5,0.00046842935
0.33285551760002074,-0.0003041029,0.00046908588
0.3329219949915784,3.695488e-6,0.00046910133
0.33311919511697385,-0.00036740303,0.00046909993
0.333210955900727,-0.00016438961,0.0004687886
0.3332327355242414,-0.0002167821,0.0004683325
0.3332839807710838,-5.096197e-5,0.00046926577
0.33332531968901224,-0.00049591064,0.00046952377
0.3334098409509296,-0.00078713894,0.00046907758
0.33353226194037955,-0.00054079294,0.00046907552
0.33367008938845366,0.00015103817,0.0004689583
0.33370586160444127,1.4305115e-6,0.0004687315
0.3337082642356044,3.695488e-6,0.00046910363
0.33372767954177307,3.695488e-6,0.0005406896
0.33384849280951934,3.695488e-6,0.000469113
0.3339418547609406,0.00010704994,0.00046945136
0.3341253061332172,1.4305115e-6,0.00046855255
0.33412864626181815,-0.0004543066,0.00046897362
0.3341737073541833,1.4305115e-6,0.00046853736
0.33417875381594675,-0.00027656555,0.00046834725
0.33428160806537954,0.00073957443,0.00046912185
0.33434812275031967,3.695488e-6,0.00046896504
0.33454530853102904,3.695488e-6,0.00046911507
0.3346370033348288,0.00072681904,0.0004688365
0.3346587619218825,0.0005260706,0.00046863957
0.33471007793008467,5.8293343e-5,0.00046908655
0.3347514512719917,0.00036096573,0.0004695423
0.33483591611653496,3.695488e-6,0.0004690958
0.33495838109300957,0.0005481243,0.00046904603
0.3350961425597295,0.00023782253,0.0004688778
0.335131895651959,-0.00013422966,0.00046824547
0.33513436713294675,0.0004892349,0.00046929554
0.33515380825651564,-0.0010743737,0.0005400194
0.33527457658123594,-0.00042009354,0.00046893847
0.33536797773920934,3.695488e-6,0.00046915785
0.3355513640865998,1.4305115e-6,0.00046819713
0.33555475489656794,0.00046157837,0.0004691176
0.3355997490520447,1.4305115e-6,0.00046830892
0.33560476778207116,0.00018620491,0.00046842368
0.3357076985300379,-0.00032955408,0.0004690041
0.335774250509528,-7.605553e-5,0.00046882188
0.3359714219462515,0.00017797947,0.00046909327
0.336063050769164,-0.00034677982,0.00046833119
0.336084787362822,-0.0003542304,0.0004682393
0.33613617413238417,3.695488e-6,0.00046914816
0.33626199032683946,-0.0009947419,0.00046893363
0.3363844992891716,3.695488e-6,0.0004689657
0.33652219573147224,1.4305115e-6,0.0004688936
0.33655792970041065,1.4305115e-6,0.0004684879
0.3365604700302891,-0.00023370981,0.000469008
0.3365799369712581,-0.00033444166,0.0005393823
0.3367006603524857,0.0004273653,0.0004691032
0.3367941007160774,3.695488e-6,0.00046905654
0.336977422996217,1.4305115e-6,0.0004680979
0.3369808625741495,3.695488e-6,0.00046892068
0.33702578979413844,1.4305115e-6,0.0004683373
0.33703078174819556,0.00015103817,0.00046852382
0.3371337899518647,0.0004043579,0.00046890517
0.33720037826803584,8.34465e-5,0.00046910465
0.33739753536194095,0.00020051003,0.0004689504
0.33748909820443296,0.00017917156,0.00046869798
0.337510813760463,9.763241e-5,0.00046842048
0.33756227129138505,-0.00044465065,0.00046901582
0.3376037144395846,0.00014591217,0.00046943413
0.3376880654924447,0.0017929077,0.00046910683
0.33781061748463315,3.695488e-6,0.00046892307
0.3379482489036819,-0.00083589554,0.00046852577
0.33798396470416303,0.00013709068,0.00046837295
0.33798657292576373,0.00024104118,0.00046890837
0.3380060647299995,0.0010142326,0.00053897884
0.3381267441242023,3.695488e-6,0.00046917488
0.33822022464871315,-0.00029700994,0.00046903073
0.3384034819053674,1.4305115e-6,0.0004679681
0.33840697120703167,-0.0004106164,0.00046882642
0.33845183149106606,-0.00039452314,0.0004683173
0.33845679571478693,1.4305115e-6,0.00046860057
0.3385598804176905,3.695488e-6,0.00046889563
0.3386265060260769,3.695488e-6,0.00046890305
0.33882364877692994,3.695488e-6,0.00046886527
0.3389151456401689,-0.00025594234,0.00046836652
0.33893683920186946,-0.0002424717,0.00046819032
0.33898836845038605,0.00045192242,0.00046900188
0.33902984602326436,3.695488e-6,0.000468871
0.3391141397013485,-0.00029742718,0.00046874137
0.3392367356814955,-4.0233135e-5,0.00046887528
0.3393743020768254,0.0008318424,0.0004687138
0.3394099987512139,-0.00020325184,0.00046825057
0.33941267582240564,3.695488e-6,0.0004689235
0.33943219344497544,3.695488e-6,0.0005381855
0.3395528278968528,-0.00040096045,0.00046891542
0.33964634762698187,0.00030434132,0.00046904135
0.33982953985875,-0.0005210042,0.0004678493
0.3398330788848466,0.00041794777,0.00046887476
0.3398778722312922,0.00039744377,0.0004683743
0.3398828096820786,-0.0003796816,0.00046837295
0.33998597088304927,3.695488e-6,0.00046903343
0.34005263378458483,-5.686283e-5,0.00046886044
0.340249762191452,-0.0010318756,0.00046879356
0.34034119307450406,0.0001718998,0.00046859766
0.3403628646432759,1.4305115e-6,0.00046811372
0.34041446560938693,-0.00092720985,0.0004687557
0.3404559766495422,-0.00031012297,0.00046902188
0.34054021486695385,3.695488e-6,0.00046880473
0.34066285483482595,4.7564507e-5,0.00046892118
0.34080035524903507,8.46386e-6,0.00046863593
0.34083603279873176,0.00020611286,0.00046838901
0.340838777762813,3.695488e-6,0.0004689801
0.34085832120348336,0.0004092455,0.0005375809
0.3409789116685694,0.00040829182,0.0004690439
0.3410724706052507,3.695488e-6,0.00046899926
0.341255598769301,1.9311905e-5,0.00046809885
0.34125918751889606,3.695488e-6,0.0004687973
0.34130391297198526,-0.00018972158,0.00046816192
0.341308824605138,0.0003825426,0.0004683538
0.34141206230417565,-0.00014150143,0.00046870517
0.3414787625002611,6.425381e-5,0.00046883212
0.3416758756064411,0.00015866756,0.00046904158
0.3417672395521377,0.00025880337,0.00046856105
0.34178889104091703,0.00050485134,0.00046832033
0.3418405627683878,0.0006117821,0.00046884708
0.3418821082339223,-0.0001617074,0.00046925351
0.34196628907632454,0.00030481815,0.00046885887
0.3420889730302875,3.695488e-6,0.00046883256
0.34222640746454314,1.4305115e-6,0.00046841768
0.3422620668469498,1.4305115e-6,0.00046819405
0.34226488065922156,1.4305115e-6,0.00046903788
0.342284449917292,3.695488e-6,0.00053686585
0.34240499448335104,-2.9861927e-5,0.0004689122
0.34249859453788634,-0.00045663118,0.00046873628
0.3426816567226836,0.00028145313,0.0004682133
0.3426852951964775,-0.00045895576,0.0004686484
0.34272995467008016,0.00019264221,0.000468118
0.34273483857079556,-8.028746e-5,0.00046799416
0.34283815276953444,0.0001488924,0.00046867126
0.342904890258769,-0.00072574615,0.00046861958
0.3431019890214301,0.00072813034,0.00046877746
0.34319328698717333,1.4305115e-6,0.0004683647
0.34321491648185654,1.4305115e-6,0.00046809833
0.3432666599273888,0.00032639503,0.00046872464
0.3433082398180689,0.00048279762,0.0004688374
0.34339236424192976,-0.00045007467,0.00046855066
0.3435150912257492,3.695488e-6,0.00046879041
0.343652460635819,1.4305115e-6,0.00046844297
0.34368810089470114,1.4305115e-6,0.00046814914
0.34369098355563,5.841255e-6,0.00046876742
0.3437105786329684,3.695488e-6,0.0005363264
0.3438310782553011,-0.00028043985,0.00046859277
0.3439247175147544,0.00046396255,0.00046884763
0.3441077156316005,0.00022602081,0.00046805266
0.3441114038302936,0.00046622753,0.00046857202
0.3441559954119404,1.4305115e-6,0.00046800583
0.34416085253691997,8.3208084e-5,0.00046815586
0.34426424323489324,-0.00010353327,0.00046842455
0.3443310180165766,3.695488e-6,0.00046866486
0.3445281014801844,0.00015974045,0.00046868037
0.3446193344226758,1.4305115e-6,0.0004684555
0.34464094287949754,-0.00023812056,0.00046830167
0.34469275613038863,-0.0005005002,0.0004683856
0.34473437140081487,-0.0002760291,0.00046887883
0.34481843845130045,0.00045740604,0.0004687172
0.3449412094228449,3.695488e-6,0.00046889347
0.34507851380826216,-0.0006186962,0.00046828453
0.34511413494128507,1.4305115e-6,0.0004678968
0.34511708645203854,-0.001290977,0.00046836684
0.3451367063924101,-0.00040262938,0.0005358719
0.3452571620274847,0.00032138824,0.0004687624
0.3453508404920893,3.695488e-6,0.00046890014
0.3455337735842827,-0.00026470423,0.00046785348
0.34553751150787504,-0.00040608644,0.0004684405
0.34558203710886803,-0.0004222989,0.00046791186
0.34558686650351134,1.4305115e-6,0.00046787702
0.3456903337004855,-0.0010995269,0.00046824876
0.3457571457753179,0.0007330179,0.0004686886
0.3459542148954069,-0.00076264143,0.00046835025
0.3460453818574779,1.4305115e-6,0.00046832568
0.3460669683218378,0.0001989603,0.0004681793
0.3461188532886892,0.0005078316,0.00046848535
0.3461605029837942,-0.00010174513,0.00046888646
0.34624451361713926,-0.0005635619,0.0004685545
0.34636732761947386,3.695488e-6,0.00046838415
0.34650456698117216,0.00043427944,0.00046849286
0.34654016898833595,1.4305115e-6,0.00046813628
0.34654318934844697,0.0012983084,0.0004688651
0.34656283510621877,-0.00012814999,0.00053522276
0.3466832457992013,3.695488e-6,0.00046853334
0.34677696347035813,-0.00060111284,0.00046868238
0.34695983249389994,0.00026762486,0.00046778546
0.34696362014169113,0.00041341782,0.00046850985
0.34700807784932763,0.00042521954,0.0004679676
0.3470128804710365,1.4305115e-6,0.0004678595
0.34711642512231233,-0.0008801222,0.00046840138
0.3471832735342928,3.695488e-6,0.0004687128
0.34738032831062937,0.0007699728,0.00046850476
0.34747142929181307,1.4305115e-6,0.0004679677
0.3474929937632443,4.351139e-5,0.00046816343
0.3475449504486239,3.695488e-6,0.0004683477
0.3475866345672405,6.759167e-5,0.00046899283
0.3476705878267434,0.0005708933,0.00046850336
0.34779344677140356,3.695488e-6,0.00046851154
0.34793062015338183,1.4305115e-6,0.0004681936
0.34796620399208833,-0.00018167496,0.00046784853
0.34796929128862086,3.695488e-6,0.0004685324
0.3479889638204944,0.0005418062,0.0005348979
0.34810932957045104,3.695488e-6,0.00046864388
0.3482030874039277,-9.23872e-5,0.0004686168
0.34838589044821633,-0.0010212064,0.00046746962
0.3483897278188056,-0.0004926324,0.0004683477
0.34843411858978723,-0.000962615,0.00046752408
0.34843889443762777,1.4305115e-6,0.00046798334
0.34854251558767113,0.00088751316,0.0004684271
0.3486094012930341,3.695488e-6,0.00046826227
0.3488064417256185,-0.0009432435,0.00046829894
0.3488974757696802,-0.00011175871,0.00046785068
0.3489190201604184,-0.00062835217,0.00046763758
0.3489710476083252,-0.00014662743,0.00046845796
0.3490127661516206,0.0003247261,0.00046887822
0.3490966620351803,-0.0004364848,0.00046822926
0.3492195649670986,-0.00043785572,0.0004682061
0.3493566723688899,0.0001887083,0.00046811902
0.34939223804054,0.00018453598,0.00046777184
0.3493953941852629,3.695488e-6,0.00046832382
0.3494150915790023,3.695488e-6,0.00053404766
0.34953541238546615,-0.00020223856,0.00046833648
0.3496292103812626,-0.00029957294,0.00046853948
0.34981194935783355,0.0009319782,0.00046761893
0.34981583645332204,9.894371e-5,0.00046843855
0.3498601602881155,1.4305115e-6,0.00046766788
0.3498649084035188,1.4305115e-6,0.00046776625
0.34996860605302993,-0.00037574768,0.00046832292
0.3500355290517755,3.695488e-6,0.00046837624
0.35023255514060747,0.0005917549,0.00046863654
0.3503235232051827,1.4305115e-6,0.00046796474
0.3503450456008911,1.4305115e-6,0.00046775976
0.35039714476662576,0.0001538992,0.000468461
0.35043889677883233,-0.0006045699,0.00046852493
0.350522737201019,0.00014662743,0.00046845118
0.3506456831632605,3.695488e-6,0.00046830653
0.35078272554039924,-4.643202e-5,0.0004682424
0.3508182720880577,1.4305115e-6,0.0004678416
0.3508214970819048,-0.00049751997,0.00046821867
0.35084122029467857,-0.00032556057,0.000533391
0.3509614961576497,0.00020956993,0.0004684128
0.3510553333585975,0.0010077953,0.00046845264
0.3512380073107493,9.357929e-5,0.00046763106
0.3512419441316039,0.0003927946,0.00046846853
0.3512862010297424,0.00096547604,0.0004678849
0.351290921414109,1.4305115e-6,0.00046769768
0.35139469651792177,0.0015934706,0.00046866667
0.3514616568102834,3.695488e-6,0.0004683111
0.3516586685565303,0.00017774105,0.00046854565
0.3517495706409185,0.00011467934,0.00046814678
0.35177107104229755,0.00021314621,0.00046786197
0.35182324096892525,-0.00037664175,0.0004681936
0.3518650283622786,3.695488e-6,0.00046855546
0.35194881141109013,4.553795e-5,0.0004683206
0.35207180136012295,0.0004451275,0.0004683438
0.35220877871330925,-0.0010676384,0.00046805208
0.3522443061348751,-0.0010052323,0.0004676383
0.35224759997831334,0.00017261505,0.00046843078
0.35226734900942114,0.00033283234,0.0005327334
0.3523875799303001,3.695488e-6,0.00046868855
0.3524814572917002,3.695488e-6,0.00046829786
0.3526640662203665,-0.0003504157,0.00046724908
0.35266805276495305,1.5497208e-5,0.0004682988
0.3527122417704355,-0.0006478429,0.0004674521
0.35271693538070026,1.4305115e-6,0.00046801087
0.35282078793998206,3.695488e-6,0.00046811797
0.352887784568091,-0.0010474324,0.00046803764
0.35308478197151927,-0.00013583899,0.0004682762
0.3531756180750203,-0.00012934208,0.00046758796
0.35319709744087235,-0.00011897087,0.0004678529
0.35324933812862647,0.00038397312,0.0004684243
0.3532911599457249,0.00053060055,0.00046863282
0.35337488657669536,0.0002590418,0.00046841896
0.3534979195565183,-0.00075495243,0.00046802533
0.3536348318864527,1.4305115e-6,0.00046812493
0.35367034018169263,1.4305115e-6,0.000467788
0.35367370287402145,-0.00068485737,0.00046798526
0.3536934777241636,3.695488e-6,0.0005322947
0.3538136637015499,3.695488e-6,0.00046802018
0.3539075802690351,3.695488e-6,0.00046833957
0.3540901241744494,0.00035333633,0.00046736962
0.35409416044183406,3.695488e-6,0.00046825674
0.3541382834673631,5.543232e-5,0.00046756442
0.3541429493472916,1.4305115e-6,0.00046773776
0.35424687840627467,3.695488e-6,0.00046808156
0.3543139123268323,-0.00018036366,0.0004681218
0.35451089538557445,0.00032782555,0.00046824265
0.354601665509122,-0.00015747547,0.0004677329
0.3546231228822788,0.0005398989,0.00046771785
0.3546754352883278,3.695488e-6,0.0004679263
0.35471729152870424,-0.00074338913,0.00046835188
0.3548009607855992,-0.00015485287,0.00046809978
0.35492403775268033,3.695488e-6,0.00046802746
0.35506088505796196,0.0011183023,0.00046807431
0.35509637422921037,0.001008153,0.00046747588
0.3550998048144288,0.00093972683,0.00046822225
0.35511960643890605,-0.00029021502,0.00053172524
0.35523974747233267,-0.00031799078,0.0004682169
0.3553337032470705,3.695488e-6,0.00046825313
0.3555161830843001,-0.00021994114,0.0004671402
0.35552026812011595,-0.00033521652,0.00046816692
0.355564324208523,0.0005967617,0.00046755993
0.355568963313883,-7.0929527e-6,0.00046755318
0.355672968870933,3.695488e-6,0.00046805493
0.3557400400858072,0.00018775463,0.00046806925
0.3559370088000966,3.695488e-6,0.00046801838
0.3560277119872226,0.00018548965,0.00046795857
0.3560491483232183,-0.0012200475,0.00046745475
0.3561015324468618,-0.00029969215,0.00046794885
0.3561434231126175,3.695488e-6,0.00046849804
0.3562270349949699,0.00016212463,0.00046809285
0.3563501569050769,3.695488e-6,0.00046803828
0.35648693727323666,-0.00024724007,0.00046761817
0.356522408277662,1.4305115e-6,0.00046754343
0.3565259077113042,-0.00029999018,0.00046806774
0.356545734197414,0.0002975464,0.00053117884
0.35666583028781473,-0.0005683303,0.0004680658
0.35675982622463887,-0.00026357174,0.000468219
0.3569422410367489,1.4305115e-6,0.00046713674
0.35694637675486585,0.00010848045,0.00046814833
0.3569903649503833,-0.0005816221,0.0004673601
0.3569949772800074,-0.00029850006,0.0004677253
0.3570990593355915,-0.0007174015,0.00046785065
0.3571661678443151,-0.0002707839,0.00046822682
0.3573631222160194,3.695488e-6,0.00046806014
0.35739378583834047,-0.00076144934,0.00044717392
0.35745375942272506,0.00010704994,0.00046777146
0.357475173763691,0.0012228489,0.00046756183
0.35752762864869436,0.00015223026,0.00046792533
0.3575695546969976,0.00083208084,0.00046855427
0.357653110161509,3.695488e-6,0.0004679372
0.3577762751007719,0.0007389784,0.00046792816
0.35791299044544633,0.0002501011,0.00046756465
0.35794844232517975,-6.222725e-5,0.0004676181
0.3579520106079461,0.00039196014,0.00046814178
0.35797186291309036,3.695488e-6,0.0005305061
0.35809191406046514,0.00089740753,0.0004679731
0.35818594920103997,3.695488e-6,0.00046809975
0.35836829994589925,-0.00028300285,0.00046725431
0.35837248443174685,0.00023770332,0.0004680223
0.3584164056917767,1.4305115e-6,0.00046720874
0.35842099124659876,0.00030994415,0.00046762382
0.3585251498018841,0.0007247925,0.00046789355
0.35859229560235606,0.0013291836,0.00046841474
0.3587892346752407,3.695488e-6,0.00046785627
0.35881984952843027,-0.00014829636,0.00044746127
0.3588798068582275,1.4305115e-6,0.00046750353
0.35890120016156546,-0.0004566908,0.00046727806
0.3589537258079287,0.00015842915,0.0004678949
0.3589956853237424,3.695488e-6,0.00046827536
0.3590791843708797,-0.00048530102,0.00046791718
0.35920239329693393,2.69413e-5,0.0004680828
0.3593390436185898,-0.001046896,0.00046742047
0.35937447637223063,-0.0001476407,0.00046732835
0.35937811350365423,3.695488e-6,0.00046792655
0.3593979916278328,-0.00027436018,0.00052996044
0.35951799783218186,3.695488e-6,0.00046789387
0.35961207313554333,0.00027096272,0.00046827193
0.3597943578992818,0.0005072355,0.00046727934
0.3597985930648626,3.695488e-6,0.00046788924
0.35984244738823745,0.00058448315,0.00046727437
0.35984700521319,1.4305115e-6,0.00046741765
0.35995124122417776,-0.0007376075,0.00046783252
0.360018423360864,-0.00024580956,0.0004677942
0.36021534808976285,3.695488e-6,0.0004679796
0.36024591321875354,-0.00058335066,0.00044693486
0.3603058542925627,-1.3113022e-6,0.00046753808
0.36032722560367236,0.0004595518,0.00046730635
0.36037982296763005,3.695488e-6,0.00046802382
0.36042181690625474,3.695488e-6,0.00046820077
0.36050525857954996,-0.0008844733,0.0004676697
0.3606285114935628,3.695488e-6,0.0004677809
0.3607650967907995,1.4305115e-6,0.00046755528
0.3608005104197485,0.0002142191,0.00046737125
0.3608042154438281,-0.00010663271,0.00046782146
0.3608241203421084,-0.00020670891,0.000529485
0.36094408064719696,-0.00040388107,0.0004678148
0.36103819611381205,-0.00047248602,0.00046785016
0.36122041680983286,-8.827448e-5,0.00046695772
0.36122470074244406,3.695488e-6,0.00046802993
0.3612684881289304,1.4305115e-6,0.00046733138
0.36127301822354674,-0.00063443184,0.00046710673
0.36137733168883623,-0.00036621094,0.00046766896
0.3614445511203057,-0.00015592575,0.00046784928
0.36164146150475185,3.695488e-6,0.00046778552
0.3616719769095438,2.0861626e-5,0.0004472933
0.36173190077019635,4.172325e-6,0.00046744235
0.3617532510450787,1.4305115e-6,0.00046716497
0.3618059191703964,-0.0009046793,0.00046777943
0.36184794849063495,3.695488e-6,0.0004682331
0.3619313327882203,0.0008112192,0.0004680737
0.3620546296899583,3.695488e-6,0.0004676608
0.36219114900630756,0.001049757,0.00046783348
0.3622265444672662,1.4305115e-6,0.00046733668
0.3622303183411705,0.00011396408,0.00046777146
0.36225024905615055,0.00049209595,0.0005290481
0.36237016441891357,3.695488e-6,0.00046785813
0.36246431909021315,0.00015890598,0.0004678842
0.36264647476321543,-0.00070023537,0.000466885
0.3626508084209593,3.695488e-6,0.000467765
0.36269452887009035,-0.00013655424,0.00046707693
0.3626990321901381,0.00063729286,0.00046734876
0.3628034221537281,0.00053703785,0.00046768328
0.36287067887881364,0.00041270256,0.00046783057
0.36306757491974084,3.695488e-6,0.00046770356
0.36309804060103423,-0.00046396255,0.00044706577
0.36315794820523195,1.4305115e-6,0.0004673799
0.36317927648601833,-0.00033837557,0.00046674837
0.36323201632893043,0.0009120703,0.00046809713
0.36327408007501505,3.695488e-6,0.0004681358
0.36335740795475946,0.00044882298,0.00046790802
0.36348074788541984,-0.00034844875,0.00046760557
0.3636172021775834,1.4305115e-6,0.00046744457
0.36365257851478405,1.4305115e-6,0.00046732445
0.3636564212375789,3.695488e-6,0.00046775508
0.36367637777159345,3.695488e-6,0.0005283757
0.363796248191564,0.00041115284,0.0004678373
0.3638904420670812,0.00030565262,0.00046789306
0.3640725336721323,0.00032746792,0.00046690457
0.3640769170547754,-1.1086464e-5,0.0004676919
0.3641205696121842,-1.9729137e-5,0.00046727227
0.3641250461562625,-0.00022852421,0.00046709445
0.36422951261908687,-0.00022959709,0.00046755842
0.3642968066368546,-0.00038152933,0.00046756337
0.3644936883349633,-0.00025844574,0.00046765653
0.3645241033358233,-0.0002539754,0.00044707497
0.3645839956407344,1.4305115e-6,0.00046730856
0.3646053028831925,1.4305115e-6,0.0004670985
0.3646581134879313,-1.9669533e-5,0.00046764774
0.3647002116575274,3.695488e-6,0.00046786468
0.3647834821648305,0.00012803078,0.00046766424
0.36490686608251566,-0.0006147623,0.00046761884
0.3650432553507269,-0.00013977289,0.00046727492
0.3650786125623018,-0.00056409836,0.00046710542
0.36508252317728596,3.695488e-6,0.00046763642
0.3651025064872697,-0.000402987,0.00052801805
0.36522233100704604,-0.00055378675,0.00046743065
0.36531656600065077,2.2530556e-5,0.00046809833
0.3654985916248146,0.00046670437,0.0004671122
0.36550302473235685,1.847744e-5,0.00046757568
0.36554661130957866,-6.991625e-5,0.00046696363
0.3655510601228539,0.00023138523,0.0004672557
0.365655603085146,0.0008146763,0.000467802
0.3657229343953625,0.00030350685,0.00046787554
0.3659198017501858,-2.1219254e-5,0.00046762027
0.3659501670256796,-0.0010317564,0.00044690157
0.3660100421193019,1.4305115e-6,0.00046728645
0.3660313283250658,0.0003412962,0.00046712815
0.36608420969069766,2.69413e-5,0.00046755892
0.36612634228473917,-0.00020003319,0.0004677783
0.36620955637350083,-0.00027269125,0.00046780336
0.366332984279378,0.0007261038,0.00046785752
0.36646930756763574,0.00014269352,0.00046738764
0.36650464660935267,1.4305115e-6,0.0004669746
0.3665086260736944,3.695488e-6,0.00046757513
0.36652863520131185,-1.5556812e-5,0.00052749977
0.36664841477876264,0.000451684,0.00046765676
0.3667426889789196,3.695488e-6,0.00046774227
0.36692464957913096,1.4305115e-6,0.00046664107
0.36692913336617283,3.695488e-6,0.0004676003
0.36697265205003826,0.00023198128,0.0004671561
0.3669770731332106,-0.0001269579,0.0004670066
0.3670816935507383,3.695488e-6,0.00046764335
0.36714906215457077,8.904934e-5,0.0004675036
0.36734591420894025,-0.0010668635,0.00046749448
0.36737623071670333,0.002533555,0.0004480495
0.36743608955363705,1.4305115e-6,0.00046717472
0.36745735376740607,-0.0008342266,0.00046671895
0.36751030684969854,3.695488e-6,0.0004676253
0.36755247386841894,-0.0003427863,0.00046786567
0.3676356305828715,0.00028002262,0.00046761543
0.36775910247483967,0.00025177002,0.0004675701
0.3678953607389116,-0.0001758933,0.00046719267
0.3679306806568705,1.4305115e-6,0.00046712928
0.36793472897080326,3.695488e-6,0.0004675877
0.3679547639162879,2.2888184e-5,0.00052675535
0.36807449855047936,-0.0005288124,0.00046751671
0.3681688119562545,3.695488e-6,0.00046771235
0.3683507084894486,1.4305115e-6,0.00046680652
0.36835524104328743,-0.00023782253,0.00046746965
0.36839869279049786,1.4305115e-6,0.00046687672
0.36840308709980196,0.00012981892,0.00046703825
0.3685077849713978,-0.00013625622,0.00046751383
0.3685751899133122,3.695488e-6,0.0004675108
0.36877202762392924,0.0010641813,0.00046781768
0.3688022944081938,0.0002117157,0.0004471329
0.3688621369879722,1.4305115e-6,0.00046726485
0.3688833792083456,1.4305115e-6,0.00046682978
0.36893640400963335,3.695488e-6,0.00046749844
0.3689786054520986,-0.0008262396,0.0004676088
0.3690617047922422,3.695488e-6,0.00046752632
0.36918522162676926,-0.0004056096,0.00046729084
0.3693214139106543,0.00017881393,0.00046723572
0.36935671470438824,0.0005669594,0.00046712728
0.36936083091121064,3.695488e-6,0.00046733487
0.36938089263103036,-0.00019305944,0.000526296
0.36950058136549446,0.0005322695,0.0004678697
0.3695949349335894,-3.9994717e-5,0.0004675947
0.36977676644213087,-0.00020647049,0.00046687227
0.3697813487208689,0.0002450943,0.0004674206
0.3698247335325916,1.4305115e-6,0.00046677957
0.3698291010666267,1.4305115e-6,0.00046686834
0.3699338754369901,0.0001436472,0.000467449
0.3700013176718201,-0.00048196316,0.00046746345
0.37019814103891824,0.0001733303,0.00046746916
0.370228358098984,0.00017118454,0.00044646044
0.37028818346700665,-0.00023812056,0.00046701593
0.37030940464881823,0.00081181526,0.00046715647
0.3703625002123997,-0.00043529272,0.0004673242
0.3704047370355449,3.695488e-6,0.00046782402
0.370487779958081,3.695488e-6,0.00046729186
0.37061133982293126,0.00017046928,0.00046741057
0.370747466125929,-2.3901463e-5,0.00046711738
0.3707827487519061,-0.0005759597,0.0004667967
0.37078693380668526,3.695488e-6,0.00046748423
0.3708070213457728,0.0006070137,0.0005259025
0.37092666513721106,-0.0011615753,0.0004672214
0.3710210579109243,-0.0002887845,0.00046749617
0.37120282535128113,-2.0802021e-5,0.00046660766
0.3712074573556188,-5.596876e-5,0.00046747644
0.37125077427445186,1.4305115e-6,0.00046676715
0.3712551140772169,1.4305115e-6,0.0004670201
0.37135996590258225,-0.00047683716,0.00046739253
0.371427445430328,-0.0007417202,0.00046734573
0.37162425445390734,0.00013101101,0.00046742003
0.3716544217893073,0.00032126904,0.00044758705
0.3717142309027426,0.00024104118,0.0004669611
0.37173543008975773,2.670288e-5,0.0004668553
0.3717885973709337,0.0004426241,0.0004673188
0.3718308686189912,0.0013837814,0.00046779864
0.3719138541676852,-0.0009255409,0.00046706613
0.3720374580197936,-0.00043028593,0.0004672671
0.372173519298839,2.682209e-5,0.00046720888
0.3722087827996573,0.0005788803,0.0004667963
0.3722130367030938,3.695488e-6,0.0004674475
0.3722331500605154,3.695488e-6,0.0005251443
0.37235274795339346,-6.0856342e-5,0.0004673754
0.3724471808877924,0.00033974648,0.00046783118
0.3726288833046637,-0.0012853742,0.00046646706
0.3726335650332002,6.330013e-5,0.00046748781
0.3726768159711461,1.4305115e-6,0.00046684968
0.37268112804380826,-0.00024807453,0.00046687655
0.37278605636794104,0.00036859512,0.0004676179
0.3728535731881355,0.0012346506,0.00046740574
0.37305036786889634,3.695488e-6,0.00046740528
0.3730804854793971,-0.00041633844,0.0004465253
0.37314027833684427,-0.00030738115,0.0004668221
0.37316145553186464,-9.149313e-5,0.00046678158
0.3732146945299346,-0.00010609627,0.00046724436
0.3732569992462029,3.695488e-6,0.00046768496
0.3733399283770559,0.00047397614,0.0004674595
0.3734635762161891,0.0006548166,0.0004672997
0.3735995724719825,1.4305115e-6,0.00046726054
0.3736348168464747,1.4305115e-6,0.00046670236
0.3736391386435012,-0.00011396408,0.00046720152
0.37365927877525784,-0.00017529726,0.00052470434
0.37377883172534354,0.0009932518,0.00046747224
0.37387330482136194,3.695488e-6,0.00046739177
0.3740549412589802,0.0001718998,0.00046677067
0.3740596727103147,3.695488e-6,0.00046739366
0.37410285671183907,-0.00025087595,0.00046653653
0.3741071410532312,-0.0011029243,0.00046668114
0.37421214683329984,-0.00051790476,0.00046731762
0.3742797009468769,3.695488e-6,0.00046737902
0.37447648032788416,-0.00016349554,0.00046736046
0.3745065491704207,1.4305115e-6,0.00044725172
0.3745663248147114,0.00031018257,0.00046697573
0.37458748097397143,9.441376e-5,0.00046674447
0.37464079073363477,-2.1576881e-5,0.00046720487
0.37468313082918225,-0.00058466196,0.0004674493
0.37476600258642656,0.0002938509,0.0004672013
0.3748896944114172,2.8967857e-5,0.0004673247
0.3750256246872572,1.4305115e-6,0.0004671487
0.37506085089399255,-0.00035578012,0.00046678045
0.3750652415401431,0.00012123585,0.00046740044
0.3750854074900004,3.695488e-6,0.0005242556
0.37520491549612633,3.695488e-6,0.0004673681
0.37529942779963077,-0.00071430206,0.00046735135
0.3754810001685974,0.0009493828,0.0004667243
0.3754857813441308,3.695488e-6,0.00046732396
0.375528897452999,1.4305115e-6,0.00046646487
0.375533155020056,0.0013554096,0.00046692946
0.37563823729865864,0.00043010712,0.0004671855
0.3757058287058517,-9.185076e-5,0.00046704966
0.37590259374217283,0.00017082691,0.00046738508
0.3759326128616778,-0.00011652708,0.00044683952
0.3759923722490466,1.4305115e-6,0.00046678106
0.3760135073711456,1.4305115e-6,0.00046662506
0.37606688789263576,3.695488e-6,0.0004672513
0.37610926241332887,-0.00012487173,0.00046725562
0.37619207679579725,3.695488e-6,0.00046710632
0.37631581260781266,3.695488e-6,0.0004671465
0.37645167785876654,1.4305115e-6,0.00046690786
0.37648688494174376,3.4332275e-5,0.00046648982
0.3764913444370185,3.695488e-6,0.0004673043
0.3765115371612109,3.695488e-6,0.00052374566
0.37663099831114144,-0.00018817186,0.00046735667
0.3767255507769657,3.695488e-6,0.00046723356
0.3769070581210462,1.4305115e-6,0.00046646147
0.3769118890221791,3.695488e-6,0.00046721616
0.37695493819485937,0.00025379658,0.0004665904
0.3769591680306462,-0.0012813807,0.00046648894
0.37706432776401744,0.00010347366,0.0004672178
0.3771319564645931,-0.00085127354,0.00046703138
0.37732870715809563,-0.00025755167,0.0004670168
0.3773586765527014,-0.00057297945,0.00044702564
0.37741841968454903,-0.00022470951,0.00046659337
0.3774395328118516,-0.00018674135,0.00046654805
0.3774929840944682,0.0001386404,0.00046736482
0.3775353939974756,0.00059199333,0.00046747885
0.37761815100516793,0.00017237663,0.00046718935
0.37774193080420804,3.695488e-6,0.000467243
0.37787773103191,1.4305115e-6,0.00046671648
0.377912918989495,0.000325799,0.00046666196
0.37791744637742586,3.695488e-6,0.00046739008
0.3779376658766538,-0.00093364716,0.0005232928
0.37805708208379196,0.000549078,0.00046720877
0.3781516737533668,-0.00026756525,0.00046725085
0.3783331160739619,0.00039994717,0.000466717
0.378337996699994,3.695488e-6,0.00046723295
0.3783809789362528,1.4305115e-6,0.00046661787
0.3783851819972375,1.4305115e-6,0.0004664201
0.37849041822937624,-2.3007393e-5,0.00046712856
0.37855808422240056,0.00095415115,0.00046725618
0.37875482057378507,0.00026488304,0.0004671344
0.37878473928655665,0.00046157837,0.00044715882
0.37884446616381695,-0.0014563799,0.00046666423
0.37886555825255774,1.4305115e-6,0.00046645995
0.3789190812530022,-0.00028055906,0.0004671297
0.3789615246242203,0.0001322031,0.00046734972
0.3790442252147721,3.695488e-6,0.00046710004
0.37916804900037004,3.695488e-6,0.0004670668
0.3793037832485854,-0.00025510788,0.00046671112
0.37933895208077817,1.4305115e-6,0.00046655422
0.37934354927313396,-0.00042897463,0.00046695766
0.37936379459139635,3.695488e-6,0.00052301295
0.3794831648997409,3.695488e-6,0.00046713214
0.3795777967316355,0.0009928942,0.00046746715
0.37975917498451295,-0.00023293495,0.00046614633
0.37976410437687513,3.695488e-6,0.0004670994
0.3798070196764789,1.4305115e-6,0.00046642107
0.3798111950075943,1.4305115e-6,0.00046650905
0.37991650869566884,0.00014126301,0.00046743455
0.3799842119809085,3.695488e-6,0.00046688766
0.3801809330318391,-0.00019860268,0.00046710903
0.3802108029768799,0.00011944771,0.00044721543
0.3802705135981521,-0.000449121,0.00046673085
0.380291583694898,-0.00049102306,0.00046648402
0.380345178412937,0.00028789043,0.00046704244
0.38038765620673276,3.695488e-6,0.00046734262
0.38047029942437627,-0.00049495697,0.00046718746
0.3805941671972324,-0.00061666965,0.0004670425
0.3807298364200947,1.4305115e-6,0.00046696904
0.380764986128296,-0.00077706575,0.00046629063
0.3807696512128409,3.695488e-6,0.00046716127
0.38078992330567185,0.0011199713,0.00052248244
0.38090924867099063,3.695488e-6,0.00046706662
0.3810039197099043,3.695488e-6,0.0004670797
0.3811852329383625,-0.0004966259,0.00046621525
0.3811902130106912,-5.120039e-5,0.00046694413
0.3812330613734065,-0.0007495284,0.00046608338
0.3812372089737187,0.0009778738,0.00046659485
0.38134259916102753,3.695488e-6,0.00046694546
0.3814103397403502,3.695488e-6,0.0004668623
0.38160704644636123,0.00020587444,0.0004670099
0.3816368666683705,0.0005335808,0.00044705434
0.3816965600757858,0.00045204163,0.00046684302
0.3817176091370048,0.00068211555,0.00046654374
0.3817712746161702,3.695488e-6,0.00046673606
0.38181378779111286,3.695488e-6,0.00046716462
0.38189637363281315,3.695488e-6,0.00046705018
0.38202028539362787,0.00062406063,0.0004670163
0.3821558886356028,0.0002579689,0.00046675434
0.38219102017581374,-0.0004977584,0.00046636938
0.38219575410994977,0.000436306,0.0004671567
0.382216052019714,-0.0010021925,0.0005216205
0.38233533148577226,3.695488e-6,0.0004670732
0.3824300426863054,3.695488e-6,0.00046702084
0.3826112908912781,-0.00032442808,0.0004662384
0.3826163206892065,-9.7990036e-5,0.00046699352
0.38265910211456644,1.4305115e-6,0.00046611432
0.3826632219831416,1.9311905e-5,0.00046657812
0.3827686896259195,3.695488e-6,0.00046698182
0.38283646749885814,-0.00044339895,0.00046678173
0.3830331598613502,-0.0002654791,0.00046676773
0.38306293035986094,-0.0005839467,0.00044637205
0.3831226075108213,0.0016853809,0.00046670364
0.38314363457771095,-0.00024044514,0.00046620757
0.38319737177470425,3.695488e-6,0.00046703088
0.38323991937549295,3.695488e-6,0.00046686232
0.38332244784218383,-0.0004170537,0.0004669592
0.38344640358885596,3.695488e-6,0.00046701808
0.38358194180687866,1.4305115e-6,0.00046662427
0.38361705422286463,0.0007799864,0.0004664956
0.38362185700705864,-0.00028258562,0.00046693653
0.3836421816913915,-0.0004811883,0.0005212045
0.3837614152581893,-0.0012844205,0.00046674698
0.3838561656631735,3.695488e-6,0.0004670802
0.3840373498004285,0.0010597706,0.00046654232
0.3840424283667879,-0.00091832876,0.00046688
0.3840851428566602,0.00075244904,0.0004661286
0.38408923594996636,0.00020670891,0.00046646525
0.38419478009057784,-6.8843365e-5,0.00046684628
0.3842625952568992,0.0004068613,0.00046663336
0.384459272320805,0.0001333952,0.000467013
0.3844889940501842,-0.00041735172,0.00044713164
0.3845486539900892,-0.00015383959,0.00046652087
0.38456966001865045,-0.00019216537,0.0004661552
0.38462346797700375,-5.143881e-5,0.00046688694
0.38466605095800543,3.695488e-6,0.0004670189
0.384748523008723,0.0009230375,0.0004670233
0.38487252178501796,3.695488e-6,0.00046674427
0.38500799498002214,-3.3915043e-5,0.00046653027
0.38504308827038247,1.4305115e-6,0.000466329
0.3850479589467657,-0.000472188,0.0004668216
0.3850683104070678,0.0010095835,0.0005210498
0.38518749807460506,0.00016105175,0.0004670112
0.38528228959674304,3.695488e-6,0.00046695684
0.38546340775287724,-0.0003671646,0.00046612206
0.38546853700013706,0.0006351471,0.00046686715
0.3855111835978201,-0.00030338764,0.00046613632
0.3855152489610235,8.4757805e-5,0.00046635856
0.38562087055663696,7.6174736e-5,0.00046686444
0.385688723015407,4.7564507e-5,0.00046673042
0.3858853857360275,-0.00046241283,0.00046703353
0.38591505774004065,0.0005867481,0.00044712573
0.3859747014248913,-0.00012981892,0.00046631324
0.3859956854600569,-0.0008288026,0.0004660131
0.38604956513600464,5.877018e-5,0.00046678932
0.38609218158545056,-0.00039708614,0.00046699855
0.386174596261859,-0.00015449524,0.00046672506
0.3862986399821138,3.695488e-6,0.00046674258
0.386434047196931,-3.8444996e-5,0.00046662427
0.3864691223179002,-0.00096845627,0.00046614936
0.3864740618422403,-0.00010150671,0.000466787
0.3864944391211099,0.00048851967,0.00052046345
0.38661358184562133,3.695488e-6,0.00046688932
0.38670841257501176,3.695488e-6,0.0004669537
0.38688946570719374,0.00037002563,0.00046623623
0.3868946446777185,0.00025725365,0.00046689514
0.3869372243382797,0.00018692017,0.00046599313
0.38694126197138023,-0.0003746152,0.00046619345
0.38704696102292957,3.695488e-6,0.0004667
0.38711484981838074,3.695488e-6,0.00046682046
0.38731149915008267,3.695488e-6,0.00046673027
0.3873411214317646,0.00042021275,0.00044693408
0.3874007488592265,0.00028800964,0.00046639435
0.3874217109021637,0.0004696846,0.00046640026
0.3874756613394713,-0.00047141314,0.00046653175
0.3875183131691303,-0.00069975853,0.0004668272
0.38760067047076285,0.00016188622,0.00046684998
0.3877247581782758,3.695488e-6,0.00046671167
0.38786010036820684,7.665157e-5,0.00046661397
0.3878951554091834,-0.0001925826,0.00046635687
0.387900163783348,0.00076568127,0.00046693202
0.3879205687923205,-0.00012165308,0.0005199401
0.38803966466040307,-0.0004671812,0.0004667664
0.38813453555234667,-0.00013017654,0.00046675422
0.3883155246175113,-0.00087702274,0.0004659736
0.38832075235529995,0.00019717216,0.00046702888
0.3883632650787393,-1.758337e-5,0.00046614764
0.38836727593750464,1.4305115e-6,0.000466204
0.38847305148735456,-7.3850155e-5,0.00046673793
0.38854097757712214,-0.0002503395,0.00046663976
0.38873761256530515,0.00060915947,0.00046693918
0.388767184167254,-0.00085264444,0.00044721738
0.388826795337327,-0.0003221035,0.0004661604
0.38884773634380365,1.4305115e-6,0.0004661736
0.3889017584987058,3.695488e-6,0.00046672116
0.3889444447525766,0.0009595156,0.00046721322
0.38902674467919973,-0.00044494867,0.00046648708
0.38915087637397083,-0.000220716,0.00046659104
0.389286152583715,-0.0006762147,0.00046644596
0.38932118945670124,0.00019550323,0.0004664021
0.38932626668069037,0.00010883808,0.00046677963
0.38934669750706297,-0.00013685226,0.00051971624
0.3894657484321197,0.0011343956,0.00046672203
0.3895606585296817,0.00013744831,0.00046673548
0.38974158257019353,-0.00040352345,0.0004658794
0.3897468600328814,3.695488e-6,0.0004667358
0.38978930581989923,0.0001398325,0.00046614688
0.38979328894716103,0.0003774166,0.00046617555
0.3898991419522464,-8.440018e-5,0.00046673714
0.38996710533563006,0.00011372566,0.0004667172
0.39016372502475993,3.695488e-6,0.00046676205
0.3901932478571104,0.00014591217,0.00044703792
0.3902528427725961,-0.00013679266,0.00046627814
0.39027376082804166,1.4305115e-6,0.0004660772
0.39032785470147213,0.0004787445,0.00046679264
0.39037057537978836,0.00015199184,0.000466821
0.3904528188895042,0.00045228004,0.0004665686
0.39057699457013284,0.00022804737,0.0004665174
0.39071220575545773,0.0005043745,0.00046648888
0.39074722350375213,0.0014705658,0.00046637986
0.39075236861993046,3.695488e-6,0.0004667057
0.39077282622180554,0.000269413,0.00051915954
0.39089183124853555,0.00047445297,0.00046679963
0.3909867815070166,3.695488e-6,0.00046657966
0.39116764052310926,0.00012302399,0.00046595634
0.39117296771046284,-0.00040632486,0.0004666421
0.39121534656199297,-0.0008237362,0.00046593623
0.3912193019582182,-0.00024288893,0.00046620084
0.3913252324176052,4.4107437e-5,0.0004668297
0.391393233094138,-0.0005081296,0.0004667274
0.3915898384397489,3.695488e-6,0.00046662262
0.39161931154743357,0.0007110834,0.000447223
0.3916788892520974,0.00032496452,0.0004662638
0.39169978626898116,0.00079894066,0.0004663069
0.391753951860473,3.695488e-6,0.00046659217
0.39179670696323465,3.695488e-6,0.00046683053
0.3918788930998087,-0.00024181604,0.00046653155
0.39200311276722866,3.695488e-6,0.00046667538
0.3921382579718997,0.00017607212,0.00046646013
0.39217325755126986,1.4305115e-6,0.00046616685
0.39217847151587204,-7.277727e-5,0.00046686438
0.39219895589278264,3.695488e-6,0.00051876466
0.39231791502025215,3.695488e-6,0.00046687882
0.39241290448388466,3.695488e-6,0.0004667792
0.3925936994334268,0.00053179264,0.00046609793
0.3925990763445124,-0.00015050173,0.00046660964
0.3926413873031529,0.00031137466,0.00046582503
0.39264531592574325,-0.00030314922,0.00046605925
0.3927513228838978,0.00012886524,0.00046651295
0.39281936085217894,-0.0006018877,0.00046661604
0.3930159518549714,-0.00047928095,0.0004665014
0.39304537523775684,1.4305115e-6,0.00044711732
0.39310493668643254,-0.00032007694,0.0004662458
0.39312581171038763,1.4305115e-6,0.00046605966
0.3931800490194739,-0.0005559325,0.00046646062
0.39322283854668083,3.695488e-6,0.00046683606
0.3933049673082456,0.00014388561,0.00046662142
0.39342923096339055,3.695488e-6,0.00046648495
0.3935643111450432,-0.00057041645,0.00046621513
0.3935992915987877,-0.0007839799,0.00046573585
0.39360457345604594,8.010864e-5,0.00046665728
0.3936250846075251,-0.00019013882,0.00051835447
0.39374399783526726,-0.0005763769,0.0004665142
0.39383902746121957,3.695488e-6,0.00046659505
0.39401975738750983,-0.0008432269,0.00046557284
0.39402518402232733,0.00056779385,0.00046655053
0.394067428043846,1.4305115e-6,0.00046587436
0.39407132893539965,0.0005503893,0.0004660714
0.3941774133492566,3.695488e-6,0.00046642974
0.39424548861068687,0.00017595291,0.00046648903
0.39444206431395934,3.695488e-6,0.00046644645
0.3944714379727794,-7.6174736e-5,0.0004461218
0.3945309831640662,1.4305115e-6,0.0004658867
0.3945518371527279,-8.893013e-5,0.000465706
0.39460614522224025,3.695488e-6,0.00046649983
0.39464897012966027,3.695488e-6,0.00046640198
0.39473104151714944,6.67572e-5,0.00046652326
0.39485534915861875,3.695488e-6,0.0004665418
0.39499036431655243,0.00023627281,0.00046623952
0.3950253246900709,0.00027430058,0.0004660225
0.3950306763533882,3.695488e-6,0.00046663135
0.39505121332226767,0.0001975298,0.0005179905
0.3951700806507493,-0.00019395351,0.00046655917
0.3952651504394884,-6.866455e-5,0.0004666774
0.39544581534042544,0.0014774799,0.0004658715
0.3954512916999088,-0.00075930357,0.0004663104
0.3954934687850059,0.00051665306,0.0004659133
0.39549734194505604,1.4305115e-6,0.00046592715
0.39560350381414844,3.695488e-6,0.00046655434
0.39567161636966164,-0.00029665232,0.00046644712
0.3958681777280145,0.00048661232,0.0004665635
0.3958975016645033,-9.512901e-5,0.00044630462
0.39595703059840137,0.00046122074,0.0004660259
0.39597786259413437,9.179115e-5,0.00046621243
0.3960322414250066,0.0005632639,0.0004666402
0.39607510075757235,3.695488e-6,0.0004665891
0.39615711572745393,-0.00061422586,0.00046630512
0.39628146735501424,3.695488e-6,0.000466497
0.39641641653182713,-0.00035899878,0.00046602648
0.3964513587378221,0.00042068958,0.00046595337
0.3964567782935621,-0.00022405386,0.00046639357
0.39647734299347814,-0.00020426512,0.0005174779
0.3965961644224659,0.0005261898,0.00046657815
0.3966912734168233,7.593632e-5,0.00046684346
0.3968718732928743,-0.0005220175,0.00046555756
0.39687739937819055,0.00015473366,0.00046647378
0.39691950952686617,1.4305115e-6,0.00046579514
0.3969233549549459,-0.00014132261,0.00046582942
0.39702959427950724,3.695488e-6,0.000466333
0.39709774412840304,0.0013930798,0.0004664963
0.3972942911430035,3.695488e-6,0.00046664278
0.39732356535459323,1.4305115e-6,0.00044735827
0.3973830770776693,-0.0002552867,0.00046608772
0.3974038880348405,-0.00023192167,0.00046562255
0.39745833858424096,-0.0016454458,0.0004662728
0.39750123234171897,-1.0550022e-5,0.00046635658
0.3975831899372916,0.0006637573,0.00046648952
0.3977075845951751,3.695488e-6,0.00046625224
0.3978424697049706,0.0006480217,0.00046627014
0.3978773927846395,1.4305115e-6,0.00046592645
0.3978828811899706,8.72612e-5,0.0004664901
0.39790347170892104,-0.0008267164,0.0005169561
0.398022247237948,0.00025880337,0.0004665119
0.3981173963934579,3.695488e-6,0.00046659185
0.3982979322020246,0.0005248785,0.00046578152
0.3983035070560055,0.00018024445,0.00046641706
0.3983455502682596,1.4305115e-6,0.00046569275
0.3983493689222376,-0.00016671419,0.0004661685
0.39845568474556636,3.695488e-6,0.00046641537
0.398523870929976,-0.00044620037,0.00046626016
0.3987204036026918,-1.3113022e-5,0.00046664441
0.39874962904468303,-0.00077319145,0.00044624173
0.39880912451317174,0.00010097027,0.00046580963
0.3988299134755465,-0.00045067072,0.0004656398
0.398884434786307,9.10759e-5,0.00046651435
0.3989273639246983,-9.983778e-5,0.00046635186
0.3990092641461953,-0.00019460917,0.00046625853
0.399133702791337,3.695488e-6,0.00046632052
0.3992685219216461,-0.00038057566,0.0004659928
0.3993034258759227,-0.0001642704,0.00046581996
0.3993089831301445,0.00014770031,0.00046658487
0.39932960137989815,-0.00011205673,0.0005165735
0.3994483310096646,-0.0002477169,0.00046644793
0.3995435193710263,-0.00061655045,0.00046664567
0.39972399015634097,1.4305115e-6,0.00046546178
0.39972961568888776,3.695488e-6,0.00046654447
0.3997715910084857,-0.0004915595,0.00046584813
0.39977538193329465,0.00031232834,0.0004660433
0.39988177521115864,-0.00061291456,0.00046633332
0.3999499986884839,3.695488e-6,0.00046632584
0.4001465170176808,-0.0005567074,0.00046619252
0.40017569273547315,0.00069594383,0.0004469631
0.40023517099127237,0.00015854836,0.0004660104
0.400255938916953,0.00047028065,0.00046586397
0.40031053194530786,3.695488e-6,0.00046629622
0.40035349550744426,3.20673e-5,0.00046662305
0.40043533835509915,-9.953976e-5,0.00046617183
0.4005598209881993,3.695488e-6,0.00046629005
0.4006945750931553,-0.0007620454,0.00046589356
0.40072945992437436,-0.00012725592,0.00046592433
0.4007350860260861,-0.00053572655,0.00046631755
0.40075573009417376,0.0009099245,0.0005164984
0.40087441382538014,0.00025498867,0.00046634217
0.40096964234882815,-0.00014352798,0.00046638702
0.4011500481101905,1.4305115e-6,0.00046556708
0.40115572336600225,0.0003836155,0.00046637445
0.4011976317491788,0.00049448013,0.00046565928
0.4012013949431845,-0.00016891956,0.00046579604
0.401307864719349,3.695488e-6,0.0004662079
0.40137612644792564,0.00045347214,0.0004663553
0.4015726294759683,3.695488e-6,0.00046630212
0.40160175547096255,-0.000344038,0.00044676292
0.4016612184251406,1.4305115e-6,0.00046586932
0.4016819634030586,0.00021803379,0.0004657463
0.4017366281490081,-0.00044572353,0.00046628076
0.40177962613535634,-0.00049996376,0.00046631202
0.4018614116082352,0.00030505657,0.00046636423
0.4019859391845948,-0.00026857853,0.0004660377
0.4021206273086635,-3.5226345e-5,0.0004658707
0.4021554939718921,-0.00050228834,0.0004656291
0.40216118796626,0.0005429983,0.00046645568
0.40218185976515086,0.00014543533,0.0005157913
0.4023004966410956,-0.0008212924,0.00046625588
0.40239576532639654,0.0006239414,0.0004666291
0.40257610606310623,-0.00031602383,0.00046549249
0.40258183104428413,5.90086e-5,0.00046626537
0.4026236724903387,1.4305115e-6,0.00046564726
0.40262740795260743,1.4305115e-6,0.0004658579
0.4027339551847078,-6.574392e-5,0.00046621662
0.40280225420643356,-0.00024169683,0.00046621883
0.4029987428909573,0.00058078766,0.0004663327
0.4030278191617528,0.00025582314,0.00044693146
0.40308726490394153,-0.0005592108,0.00046580264
0.4031079888444651,1.4305115e-6,0.00046546198
0.403162725308009,0.0013848543,0.0004665169
0.40320575771973644,0.00018584728,0.00046631077
0.4032874858183063,3.695488e-6,0.00046624
0.403412057379823,-0.00028002262,0.00046612142
0.40354668047993925,-1.3649464e-5,0.00046582834
0.403581528018943,0.0006777048,0.0004658212
0.40358729086360223,-7.56979e-6,0.00046619822
0.40360798848082713,0.000109791756,0.0005155661
0.4037265804128122,0.0003451109,0.00046639558
0.4038218883030311,0.00015079975,0.00046637302
0.40400216401602196,1.4305115e-6,0.00046543847
0.4040079387225659,-0.0006312132,0.00046604278
0.40404971323243244,-4.1007996e-5,0.0004655359
0.4040534209624973,-0.00024819374,0.00046572828
0.40416004565030006,0.00068962574,0.00046632672
0.4042283819644745,0.00015723705,0.00046633018
0.4044248563068801,-0.00038397312,0.00046625684
0.40445388285207595,-0.00015318394,0.00044712963
0.404513312339444,-3.2663345e-5,0.00046577925
0.4045340142854047,1.4305115e-6,0.0004655209
0.4045888215103084,8.08239e-5,0.00046623553
0.4046318893022489,0.00017178059,0.00046660873
0.4047135600279105,-0.00028324127,0.00046611487
0.4048381755762184,0.0002758503,0.00046619578
0.4049727326968482,5.3167343e-5,0.0004659313
0.4050075611102262,0.00016283989,0.00046543262
0.40501339280377613,1.4901161e-5,0.0004662613
0.40503411815180423,3.695488e-6,0.00051506015
0.40515266322829424,-0.00048315525,0.00046628233
0.405248011280366,3.695488e-6,0.0004663347
0.4054282229256392,1.4305115e-6,0.00046544409
0.4054340463996805,6.7949295e-6,0.00046632448
0.40547575397359237,4.386902e-5,0.00046547383
0.40547943397378783,0.0002914667,0.00046582212
0.4055861361158922,-0.0002706647,0.00046598134
0.4056545087667479,-0.00066167116,0.00046637942
0.40585096876563453,1.1444092e-5,0.00046609648
0.40587994558569773,0.0005015135,0.00044705978
0.40593935881801146,-0.0006644726,0.0004658395
0.40596003972681116,1.4305115e-6,0.00046537534
0.4060149186683756,-0.00071519613,0.00046594354
0.40605801992969404,-0.0009018183,0.0004662036
0.40613963423634725,0.000177145,0.00046641214
0.4062642937730807,0.0002784729,0.00046618373
0.406398784913757,0.0010367632,0.00046611382
0.406433595157744,-0.00034600496,0.00046592834
0.40643949569948434,-0.0002861023,0.00046631694
0.40646024686607984,-0.0009059906,0.00051468203
0.4065787460437763,0.0008171797,0.00046616065
0.40667413425863486,-0.0006430149,0.00046612366
0.4068542808797221,0.00031888485,0.00046554196
0.4068601540765615,0.0003427267,0.00046618574
0.40690179471428545,-0.0002334714,0.00046543355
0.4069054469846115,0.00013148785,0.00046569903
0.407012226581251,-0.00031024218,0.0004661464
0.40708063652618964,-0.00026744604,0.00046592663
0.4072770821796897,-0.00015574694,0.0004659956
0.4073060092774218,1.4305115e-6,0.000446905
0.4073654052961121,0.00049722195,0.00046578728
0.407386064211983,1.4305115e-6,0.00046534237
0.40744101487207574,3.695488e-6,0.00046617707
0.4074841515133738,0.00024986267,0.0004663754
0.40756570844571804,0.00011706352,0.00046640084
0.4076904119692427,-0.0006881952,0.00046603385
0.4078248380850329,1.4305115e-6,0.00046582072
0.40785962920526175,0.0003592968,0.00046569563
0.4078655976398916,-0.00010287762,0.00046615506
0.40788637653705695,-0.00017416477,0.0005141653
0.4080048298154929,2.682209e-5,0.00046609947
0.40810025723596977,0.00036752224,0.0004662903
0.40828033883333825,-0.00079602003,0.0004651914
0.4082862627106111,-0.00026589632,0.00046616758
0.40832783545451157,-8.672476e-5,0.0004653096
0.4083314599945014,1.4305115e-6,0.0004655345
0.4084383170466098,0.00013554096,0.00046601697
0.40850676428469745,0.0010318756,0.00046648138
0.40870319463867766,0.00040638447,0.00046627616
0.4087320729691457,-0.00017344952,0.00044700285
0.40879145273044726,0.0007663965,0.00046586836
0.40881208965338944,1.4305115e-6,0.0004654211
0.4088671110757759,0.0011531115,0.000466141
0.4089102830968201,-1.8239021e-5,0.00046620631
0.40899178169908756,3.695488e-6,0.00046615998
0.40911653016493776,0.0007044077,0.000466178
0.40925089030054107,0.00016248226,0.00046584618
0.40928566229654495,4.4703484e-5,0.00046538308
0.4092917005367671,0.00039994717,0.00046610463
0.40931250620803405,0.0010911226,0.00051403424
0.409430912630508,-0.000115156174,0.00046607098
0.4095263802128378,0.00024437904,0.00046629817
0.409706396785787,0.0006710291,0.00046532147
0.4097123703886594,0.0005658865,0.00046616167
0.4097538761956715,-0.00093716383,0.00046524516
0.40975747300415766,-0.0008698106,0.00046528442
0.4098644075119686,0.00028574467,0.00046604246
0.4099328920432054,-0.0002732277,0.0004659667
0.410129308054367,-0.00024491549,0.0004659583
0.41015813665900214,1.4305115e-6,0.00044705864
0.4102174992094817,-0.00070154667,0.00046552028
0.4102381150947959,1.4305115e-6,0.00046544528
0.41029320823384297,-0.0007169843,0.00046586012
0.41033641372403173,0.00092732906,0.0004663109
0.41041785590869173,-0.00028258562,0.00046609604
0.41054264836039944,-0.0007620454,0.00046570305
0.41067694347275063,-0.00043028593,0.00046574807
0.41071169634359583,-0.00041115284,0.000465465
0.410717802476941,3.695488e-6,0.0004659706
0.4107386349227765,3.695488e-6,0.0005135082
0.4108569954466904,0.0001373291,0.00046616356
0.41095250319017274,-0.00024092197,0.00046626423
0.41113245473870275,0.00012934208,0.00046527185
0.4111384780662408,-7.849932e-5,0.00046605433
0.41117991693776523,0.00062429905,0.0004655376
0.41118348601474786,-0.00014030933,0.00046546373
0.4112904970206258,0.00017797947,0.00046596458
0.4113590198017133,0.00028061867,0.00046606734
0.411555421469356,1.5497208e-5,0.00046618178
0.41158419939309077,0.00017631054,0.00044724264
0.41164354664521763,0.00049197674,0.00046575558
0.4117193044368428,0.0003784895,0.00046600835
0.411762545307478,3.695488e-6,0.00046609002
0.4118439301180624,-0.00017249584,0.00046584298
0.41196876560102713,0.00025951862,0.00046600917
0.4121029956896596,0.00034332275,0.00046591027
0.41213772943487903,0.00041401386,0.00046551175
0.41214390441664794,-0.0005430579,0.00046595113
0.4121647645946874,-1.3649464e-5,0.00051315676
0.4122830782628728,-0.0004479289,0.00046592116
0.41237862616750776,0.00029039383,0.0004662589
0.41255851269278565,-0.00037312508,0.00046509292
0.41256458574405575,-0.00054115057,0.00046577494
0.41260595767892516,1.4305115e-6,0.00046543244
0.41260949902557154,0.00023841858,0.00046539813
0.41271658748668505,-0.00073421,0.00046577855
0.4127851466035197,3.695488e-6,0.000465898
0.4129815339276435,0.00037682056,0.00046603146
0.413010263083881,-0.001101613,0.00044699782
0.41306959312331815,-0.0005723834,0.00046542444
0.41309016502090723,-4.762411e-5,0.00046546268
0.4131454015965441,3.695488e-6,0.00046589723
0.4131886768909243,-0.00022035837,0.00046583454
0.41327000337119857,0.00037491322,0.00046594656
0.41339488379812295,-5.00679e-6,0.0004657291
0.41352904886186925,9.1314316e-5,0.0004657456
0.4135637634823969,-0.00073057413,0.0004652502
0.4135700073130565,-0.0007420778,0.0004659398
0.41359089330943,2.0980835e-5,0.0005127495
0.41370916203412256,0.000320673,0.0004661576
0.41380474914484267,-7.9631805e-5,0.0004659941
0.4139845716031033,0.0003759861,0.00046538215
0.41399069342187067,-0.00018626451,0.00046610387
0.41403199841961824,0.0006401539,0.0004653813
0.41403551203616173,1.4305115e-6,0.00046541792
0.4141426779527442,0.0006569624,0.00046601854
0.41421127436202765,-0.00043928623,0.00046590128
0.4144076473426326,-2.4318695e-5,0.00046589642
0.41443632677560494,1.3589859e-5,0.00044711801
0.41449564055718646,1.4305115e-6,0.0004656304
0.4145161904623137,5.054474e-5,0.00046535544
0.41457149779931035,3.695488e-6,0.00046591432
0.4146148075176691,3.695488e-6,0.00046599706
0.41469607758056926,9.4890594e-5,0.0004658298
0.4148210019935845,-0.00046348572,0.00046574135
0.4149551010773773,-0.00023579597,0.00046551667
0.4149897975299146,-0.00024741888,0.00046524167
0.4149961092541642,0.0005503893,0.00046609232
0.41501702297970666,-0.0007022023,0.000512357
0.4151352448489043,-0.0006567836,0.00046596306
0.4152308721231114,3.695488e-6,0.00046603096
0.41541062955601893,1.4305115e-6,0.00046536053
0.4154168010994521,0.0005618334,0.0004659866
0.41545803916077817,-0.000769794,0.00046505252
0.4154615250458181,1.4305115e-6,0.0004654255
0.415568768417636,8.8214874e-5,0.00046564476
0.4156374021212359,-0.0011288524,0.0004657796
0.4158337598013869,-0.00078493357,0.00046590684
0.4158623895101605,-7.57575e-5,0.0004474748
0.4159216870352871,0.00015640259,0.00046558335
0.41594221590372016,-0.0005336404,0.0004655359
0.41599759400160985,0.00047147274,0.00046595477
0.4160409391018157,-0.00024700165,0.00046589566
0.41612215178993994,3.695488e-6,0.0004657818
0.41624712018998,-0.00012862682,0.00046582142
0.41638115329241854,0.00015687943,0.00046551108
0.4164158306214313,5.1259995e-5,0.00046527336
0.4164222121505726,3.695488e-6,0.00046582302
0.41644315265091725,3.695488e-6,0.0005119612
0.41656132766461973,0.0007544756,0.0004660152
0.4166569951004464,8.702278e-5,0.0004661881
0.4168366875087012,-0.00042384863,0.0004650353
0.41684290877703356,0.00026249886,0.00046612418
0.41688407894570345,-0.00011831522,0.00046504792
0.416887538055708,0.0007773638,0.0004654112
0.41699485792582636,-0.00010585785,0.0004657438
0.4170635298799773,-0.00019162893,0.00046577695
0.4172598732166094,3.695488e-6,0.0004657605
0.4172884532004838,-0.0011218786,0.00044696612
0.4173477335145549,-0.0008404255,0.00046539467
0.41736824038912546,-0.00027757883,0.00046523576
0.41742369116061073,-0.0004556179,0.00046573166
0.41746707068596234,0.00047838688,0.00046612744
0.417548225043076,-1.6868114e-5,0.00046576717
0.417673238386142,0.00060367584,0.000465899
0.417807206465562,-0.0002220869,0.0004655647
0.4178418646682487,-0.0006571412,0.00046515247
0.41784831409027967,0.0007493496,0.00046610428
0.4178692823223612,-0.0003401041,0.00051172986
0.41798741048056864,-0.00013136864,0.00046600823
0.418083118077081,-0.0003913045,0.00046594453
0.41826274546231734,0.00042676926,0.00046514155
0.418269016454615,3.695488e-6,0.00046571303
0.4183101196868634,0.0005927086,0.00046517514
0.4183135510660647,-0.00023335218,0.00046513998
0.41842094839211896,3.695488e-6,0.00046586245
0.4184896576375514,0.000641942,0.00046599263
0.4186859856760642,-0.0010553002,0.00046569676
0.4187145168903401,1.4305115e-6,0.00044748822
0.41877378095005735,0.0006557703,0.00046549464
0.4187942658298316,0.00049877167,0.00046529443
0.4188497873633771,0.00046288967,0.00046596644
0.41889320131270713,-0.00018918514,0.0004658122
0.41897429925268015,2.4199486e-5,0.0004658603
0.4190993565823039,0.00052154064,0.00046573338
0.4192332586822375,-0.00013321638,0.00046563798
0.4192678977595319,0.0008778572,0.00046515794
0.41927441603045357,3.695488e-6,0.00046594624
0.41929541103733725,0.00034737587,0.00051133725
0.41941349425228536,0.0001667738,0.00046586094
0.4195092410546494,-0.00018072128,0.0004658175
0.41968880341616677,-0.0002477765,0.0004652391
0.41969512413219656,-0.00025737286,0.00046577898
0.4197361604280234,1.4305115e-6,0.00046508617
0.41973956407735524,0.00023627281,0.00046524598
0.41984703885841157,-0.00061410666,0.00046562366
0.4199157844398247,-0.00047069788,0.00046562718
0.4201120990910532,3.695488e-6,0.0004658814
0.4201405796248957,0.0006133318,0.0004477859
0.420199827428158,-0.0006774068,0.00046545782
0.42022029127123806,0.0003181696,0.0004652991
0.4202758835661434,3.695488e-6,0.00046562497
0.4203193328954531,-0.00018250942,0.00046580905
0.4204003734622843,3.695488e-6,0.00046579938
0.4205254738222314,-0.00026589632,0.00046556385
0.4206593118537467,-0.001057744,0.00046525686
0.42069393180798353,-0.00045901537,0.0004650956
0.420700518926862,-0.0009921193,0.00046564743
0.4207215407076139,0.0007095337,0.0005110821
0.42083957706730046,-0.0009266734,0.00046565122
0.42093536403245124,0.0004850626,0.0004659777
0.42111486136954945,0.00025069714,0.00046528404
0.42112123180931105,0.00026464462,0.0004655962
0.4211622011687164,0.00030112267,0.00046505567
0.42116557708771196,-0.00067806244,0.00046504382
0.42127312932283656,0.000113129616,0.00046574493
0.4213419121992664,0.0011361837,0.00046586955
0.4215382115493407,0.0013222694,0.00046588568
0.42156664331661975,0.000751853,0.0004476164
0.42162587390602513,0.00021064281,0.0004652284
0.42164631575664335,-0.00010997057,0.00046486687
0.4217019807253778,3.695488e-6,0.0004659284
0.4217454644795997,-0.00081318617,0.00046580264
0.42182644671448666,-0.0002937913,0.00046563993
0.4219515920183933,0.00020885468,0.00046569738
0.4220853640692549,0.0010471344,0.00046538818
0.42211996489926673,1.4305115e-6,0.00046510287
0.4221266208670359,3.695488e-6,0.00046598824
0.422147670378591,3.695488e-6,0.0005105414
0.4222656598827824,0.0003579855,0.0004658592
0.42236148701001963,-0.0006830096,0.00046578035
0.4225409193224652,1.4305115e-6,0.00046500986
0.4225473394868925,-0.00071543455,0.00046545872
0.4225882419098763,-0.00092971325,0.00046487778
0.42259158914090034,9.942055e-5,0.0004650997
0.4226992197877284,3.695488e-6,0.00046562447
0.42276803995777434,0.00029563904,0.00046581452
0.42296432496362935,4.4703484e-5,0.0004657555
0.42299270605117534,1.4305115e-6,0.000447544
0.4230519213410606,0.0008609295,0.00046540116
0.4230723411982833,-0.0010610819,0.0004648893
0.4231280769283776,3.695488e-6,0.0004655616
0.42317159510774527,0.0006431341,0.0004659052
0.4232525209240907,-0.00048583746,0.00046571705
0.4233777102145553,6.8068504e-5,0.000465669
0.4235114162842961,1.4305115e-6,0.0004651425
0.4235459989463176,-0.00093638897,0.00046495328
0.4235527228072098,0.0002720356,0.0004656267
0.42357380005050194,3.695488e-6,0.0005102608
0.4236917426991983,-4.273653e-5,0.0004657016
0.4237876099866542,-9.87649e-5,0.0004658519
0.4239669772753808,1.4305115e-6,0.0004652028
0.42397344716540775,-0.0010942817,0.00046546085
0.42401428265103625,1.4305115e-6,0.00046490366
0.4240176021507902,-0.00042241812,0.00046494172
0.42412530929685266,0.000621438,0.00046562828
0.42419416675958077,0.0001860857,0.00046580713
0.42439043742308413,0.00046670437,0.00046563847
0.4244187697414986,-0.0003194213,0.00044749948
0.42447796782009506,-0.0007135272,0.00046485756
0.4244983656834551,1.4305115e-6,0.0004649844
0.42455417313114396,-6.407499e-5,0.00046589304
0.4245977266904911,3.695488e-6,0.00046569857
0.4246785941779272,3.695488e-6,0.000465448
0.42480382841095077,-0.0006496906,0.00046539854
0.4249374694574396,0.00039160252,0.0004652906
0.424972032036667,-0.00044959784,0.00046512668
0.42497882570361833,-0.0009800792,0.0004654244
0.4249999287652445,-0.0012866855,0.0005097246
0.42511782551468036,-2.6762486e-5,0.00046566906
0.4252137320077545,-0.00031787157,0.00046566693
0.425393036184998,1.4305115e-6,0.000465089
0.4253995548429893,0.00022780895,0.00046558245
0.42544032339242965,1.4305115e-6,0.0004646402
0.4254436151611469,4.696846e-5,0.00046514755
0.42555139976314527,3.695488e-6,0.00046562403
0.4256202945180887,3.695488e-6,0.000465694
0.42581655083900705,-0.00014072657,0.0004655998
0.42584483343228874,-0.0005452633,0.00044738787
0.42590401429866254,8.249283e-5,0.0004651549
0.4259243911248616,0.0011754036,0.00046518596
0.42598027028921104,-0.000849247,0.0004653263
0.4260238582741709,0.00021409988,0.000465847
0.4261046683872979,-0.00025755167,0.00046548177
0.4262299466078131,0.00047409534,0.00046552697
0.42636352167434854,-5.90086e-5,0.00046527042
0.4263980660844182,-2.926588e-5,0.00046508762
0.4264049276440257,0.00018644333,0.00046560235
0.42642605843575465,3.695488e-6,0.0005095892
0.42654390832969546,8.058548e-5,0.00046571554
0.4266398549860233,0.00060272217,0.00046584656
0.42681909413908103,1.4305115e-6,0.0004649287
0.4268256625198703,3.695488e-6,0.0004655207
0.4268663631775885,-0.00055116415,0.00046471143
0.42686962817243745,1.4305115e-6,0.00046501672
0.42697749022850395,-0.00048530102,0.00046543434
0.4270464222775304,-0.00033986568,0.00046552674
0.42724266329706106,-0.0001425147,0.00046551228
0.42727089616777814,1.4305115e-6,0.00044758557
0.4273300617329977,1.4305115e-6,0.00046513788
0.4273504156100334,-0.00035732985,0.00046505214
0.42740636649221087,0.000104904175,0.00046572258
0.4274499889013825,-0.0006560087,0.0004658568
0.42753074163996707,0.0010519028,0.00046566591
0.42765606384774046,0.00018656254,0.00046542104
0.42778957388938976,-3.8087368e-5,0.00046522915
0.42782409917640174,0.0016567707,0.00046535308
0.427831029584433,-0.0002849102,0.00046537386
0.42785218810673176,-0.00084251165,0.00050934934
0.42796999210141207,-0.00024205446,0.00046554406
0.4280659779633582,0.0002812147,0.00046571315
0.4282451520926971,-0.0011429191,0.00046470386
0.42825177019768523,0.00035190582,0.00046554426
0.42829240391781465,-0.0004993081,0.00046486253
0.42829564022655964,0.0003823042,0.00046505345
0.4284035797369278,3.695488e-6,0.00046544205
0.42847255003603835,3.695488e-6,0.00046555192
0.42866877671134973,-0.0002745986,0.00046555663
0.42869695985856837,-9.536743e-6,0.00044764028
0.42875610821109833,0.0008121729,0.00046525957
0.4287764410509729,0.000103116035,0.00046502397
0.42883246269567754,-0.00091159344,0.0004654476
0.4288761204848288,-0.000516057,0.00046574612
0.42895681584863743,3.695488e-6,0.0004653748
0.4290821820434355,-0.00016772747,0.0004653814
0.4292156270611325,4.1007996e-5,0.00046518334
0.4292501332239196,0.00093925,0.00046518142
0.4292571324808415,0.0007225275,0.00046563477
0.42927831777770886,0.0011419058,0.00050889206
0.42939607491689413,-0.00028914213,0.00046564927
0.4294921009402263,0.00033569336,0.00046576012
0.42967121004514586,1.4305115e-6,0.00046485107
0.42967787787573364,0.0007227659,0.00046571164
0.4297184446589746,0.0013679266,0.0004651222
0.4297216532364494,0.00058043003,0.00046505427
0.42982967020252005,3.695488e-6,0.00046534472
0.4298986768383116,-0.00010842085,0.00046554877
0.430094889171038,0.00034713745,0.0004656325
0.43012302259219004,0.00024402142,0.00044810824
0.4301821546896658,0.00022828579,0.00046517697
0.43020246553614483,-0.00040274858,0.0004644837
0.4302585588984439,3.695488e-6,0.00046539836
0.4303022520692089,9.727478e-5,0.0004658238
0.4303828891024739,3.695488e-6,0.00046523535
0.43050830023913056,-0.00022393465,0.00046535739
0.4306416792771075,-0.00039416552,0.00046507918
0.4306761663147358,1.4305115e-6,0.00046514513
0.4306832344210154,0.0005685091,0.00046562753
0.43070444744868597,-0.0001925826,0.00050853286
0.4308221577323762,3.695488e-6,0.0004652851
0.4309182239175612,-0.000179708,0.00046560838
0.43109726799852854,1.4305115e-6,0.00046471626
0.4311039865097831,3.5762787e-7,0.00046553233
0.4311444854010683,0.0006195307,0.0004648784
0.4311476662468062,-0.001087904,0.00046475753
0.43125576066787885,-3.707409e-5,0.00046528573
0.43132480459681954,-0.0002952218,0.00046539865
0.43152100258649384,0.00028192997,0.00046548413
0.43154908628321376,0.00018084049,0.00044772957
0.4316082011689337,2.670288e-5,0.00046494865
0.4316284909775513,-0.0008198619,0.00046468884
0.4316846560569779,0.00059854984,0.00046573445
0.43172838269642066,3.695488e-6,0.00046552843
0.4318089633127784,-6.8962574e-5,0.00046535823
0.4319344184357595,0.00022530556,0.00046549464
0.43206773149401645,0.00045406818,0.00046528404
0.4321022003617867,-0.00030833483,0.0004647037
0.4321093363611893,0.00046515465,0.00046557264
0.4321305771205969,3.695488e-6,0.0005083485
0.43224824054785826,-0.0007407665,0.00046552983
0.4323443468948962,-0.00018626451,0.00046566234
0.43252332595284493,0.0009006262,0.00046492548
0.43253009323042957,-0.00074732304,0.00046527726
0.43257052614222824,-0.00031399727,0.00046473453
0.4325736783009283,0.00024485588,0.0004649269
0.432681850177003,0.00053334236,0.00046550043
0.4327509323548605,-0.00046348572,0.000465392
0.43294711504478134,-0.0005298257,0.00046532945
0.43297514997423736,1.4305115e-6,0.00044739895
0.4330342486039692,-0.0002399087,0.0004650321
0.4330545154627231,0.00025856495,0.0004646605
0.43311075225974427,-0.00025504827,0.0004653721
0.43315451427893314,3.695488e-6,0.00046559557
0.4332350365652142,7.6293945e-5,0.00046532645
0.4333605356766207,-0.00010293722,0.00046550928
0.433493784666226,-0.00040262938,0.0004650946
0.4335282334530699,1.4305115e-6,0.0004647586
0.4335354392571309,1.6093254e-5,0.00046552453
0.433556706791574,0.000849843,0.00050790765
0.4336743233633402,0.00199759,0.00046563678
0.4337704698722311,0.0001436472,0.00046561775
0.4339493839062276,0.00024664402,0.0004643213
0.4339562009080111,0.00052928925,0.00046559036
0.4339965659266867,-0.0005811453,0.0004640105
0.433999691311285,1.4305115e-6,0.0004649268
0.4341079406423618,-0.0014364123,0.00046531964
0.4341770591571338,0.0002644062,0.00046551102
0.43437322845977044,7.259846e-5,0.00046548565
0.43440121270879295,-0.0012549162,0.0004473586
0.4344602950816029,-0.0013077259,0.0004647183
0.4344805409041296,-0.00018244982,0.00046475604
0.4344834896075781,0.00011634827,-1.42172385e-5
0.4345368484634444,-0.00048047304,0.00046543434
0.43458064490567794,0.00051665306,0.00046554639
0.4346611107738845,-0.00013750792,0.0004652219
0.43478665387231574,-4.774332e-5,0.00046533404
0.4349198368817342,1.847744e-5,0.00046509455
0.43495426750128807,0.00012636185,0.00046486882
0.4349615411980051,-0.00039321184,0.0004654013
0.4349828355056161,0.00035202503,0.0005075815
0.43510040617905577,3.695488e-6,0.00046527505
0.4351965093429251,7.2836876e-5,-1.42172385e-5
0.43537544185914323,-0.00027769804,0.00046451154
0.4353823085865264,3.695488e-6,0.00046534115
0.4354226066678466,0.0003168583,0.00046476888
0.43542570432164185,-0.0008199811,0.00046477676
0.4355340311077206,-0.00066941977,0.00046519836
0.43560318691634214,0.0006785393,0.00046550971
0.4357993409185248,0.00026535988,0.00046532007
0.4358272763995831,0.00063693523,0.00044828822
0.4358863415597035,1.4305115e-6,0.00046488547
0.43590656538883454,-0.00024700165,0.0004646752
0.4359095290782721,5.51939e-5,-1.42172385e-5
0.43596294466621077,0.0005288124,0.00046547572
0.43600677649005803,-2.1636486e-5,0.0004654562
0.43608718402795443,-0.00029224157,0.00046521093
0.43621277206754394,-0.00022768974,0.00046535363
0.4363458890967754,0.00020718575,0.00046514987
0.43638030059280475,0.00018632412,0.00046496914
0.43638764313887946,-2.0682812e-5,0.0004652539
0.43640896517729355,3.695488e-6,0.00050726347
0.4365264889938374,-0.00035989285,0.0004652682
0.43662254881361906,3.695488e-6,-1.42172385e-5
0.4368014998118255,-9.572506e-5,0.00046392644
0.4368084162641078,-0.0002643466,0.00046516306
0.43684864740900653,0.00033581257,0.00046433855
0.43685171637529707,0.00068962574,0.0004648842
0.43696012061684475,0.0003182888,0.0004653503
0.43702931467508344,-0.00042575598,0.0004652566
0.43722545433374727,0.000116825104,0.00046532255
0.4372533391336718,-0.0007020831,0.0004479299
0.43731238899520597,0.0009961128,0.000465158
0.437332590830241,0.00040638447,0.00046474577
0.43733556854896605,3.695488e-6,-1.42172385e-5
0.4373890418247448,0.0012520552,0.00046556443
0.43743290807397117,0.00094759464,0.00046564356
0.43751325823802556,0.00014483929,0.0004653582
0.4376388893074713,0.00057041645,0.00046536198
0.4377719422699189,-3.7550926e-6,0.0004651169
0.4378063346393887,1.4305115e-6,0.00046477
0.4378137450785864,0.00048410892,0.0004654565
0.43783509484920446,-0.00055515766,0.00050695334
0.43795257180931946,-0.00037819147,0.00046524222
0.43804858828431303,3.695488e-6,-1.42172385e-5
0.43822755776544164,-0.00039553642,0.00046425828
0.4382345239412223,-0.0006504655,0.0004652003
0.4382746871939319,-3.1471252e-5,0.00046422108
0.4382777293856538,0.0009804964,0.000464937
0.438386211082437,-0.00038176775,0.00046533774
0.438455441476423,-0.0002323389,0.00046543026
0.4386515667927352,-0.00062966347,0.0004652871
0.43867940282446194,0.00025105476,0.00044830373
0.4387384354744738,-4.23193e-6,0.000464827
0.4387586153154128,-0.00016570091,0.00046466585
0.43876160801966,3.695488e-6,-1.42172385e-5
0.43881513802751115,-0.00028800964,0.00046532956
0.43885903870071596,-0.00033789873,0.0004653714
0.43893933149046127,0.00029957294,0.00046530928
0.4390650075045671,-0.0002681017,0.0004649709
0.43919799448682784,-0.00076943636,0.00046497773
0.439232367730205,-0.0015958548,0.00046447245
0.439239847974061,3.695488e-6,0.00046530715
0.43926122451948124,3.695488e-6,0.00050662825
0.43937865462573533,0.0003350973,0.00046528628
0.4394746277550069,3.695488e-6,-1.42172385e-5
0.43965361571929107,-0.0008571744,0.00046403758
0.43966063161880375,-0.00015473366,0.00046516024
0.43970072793532533,-0.0003142357,0.0004642247
0.439703741439776,-0.00015419722,0.00046456503
0.43981230154849615,0.0002863407,0.00046520567
0.4398815692351643,-0.0003504157,0.00046514353
0.44007767925148955,0.00045323372,0.0004652826
0.44010546555901753,0.0001090765,0.00044775617
0.4401644819525744,7.033348e-6,0.00046486806
0.4401846407568193,0.00022363663,0.00046497103
0.44024123423097783,-0.00052034855,0.0004652296
0.44028517028416225,-0.0004862547,0.00046525817
0.44036540474313046,-0.00095391273,0.0004650988
0.4404911257007291,0.00020456314,0.00046518122
0.44062404670186905,-0.0009433627,0.00046480278
0.44065840082218855,-0.00028067827,0.00046479094
0.4406659499144684,-1.7464161e-5,0.00046536035
0.4406873541897579,-0.0009089112,0.00050614955
0.4408047374412174,-0.00044894218,0.00046525276
0.44107967367290724,2.348423e-5,0.0004642518
0.4410867392963853,0.0011036396,0.00046534947
0.4411267686757848,-0.000359416,0.00046438273
0.44112975444966573,-0.00038713217,0.00046472816
0.4412383910576203,0.0009509325,0.00046540727
0.44130769699437267,-0.0003347993,0.00046509109
0.44150379266647855,-0.00023025274,0.0004651914
0.44153152924980765,-0.00010353327,0.00044818598
0.44159052843044155,-0.00057703257,0.0004645966
0.4416106652422246,0.00089275837,0.00046497185
0.44166733043397766,-0.00011605024,0.00046504242
0.4417113009123077,0.00027799606,0.00046545808
0.44179147895250115,-0.0007365346,0.00046510735
0.441917243896891,7.4505806e-5,0.00046505968
0.44205009891737723,0.0009417534,0.00046521192
0.4420844348704067,-0.0002002716,0.000464622
0.4420920518553427,-1.1861324e-5,0.00046518535
0.442113483860735,-0.0006662011,0.0005058549
0.4422308202562325,0.00041759014,0.0004653628
0.4425057316255895,-0.00023370981,0.0004640266
0.44251284697396676,5.3167343e-5,0.00046525427
0.44255280941694486,0.00014567375,0.0004645753
0.4425557665037879,-4.339218e-5,0.0004646647
0.44266448152251225,3.695488e-6,0.0004651417
0.44273382379664594,-0.000679791,0.00046512808
0.44292990512476615,-0.00020438433,0.00046512677
0.44295759198436324,-0.00034093857,0.00044798857
0.4430165749092425,0.0004980564,0.0004649701
0.4430366897266961,-0.0007739067,0.0004646745
0.44309342759204473,0.0001386404,0.00046516897
0.443137432495754,0.0005081892,0.00046533573
0.44321755220633763,0.000313282,0.0004652029
0.44334336113705197,-0.0006617904,0.00046498587
0.4434761520895868,0.00022149086,0.00046514755
0.44351046796122295,0.0002835989,0.00046463177
0.4435181537955166,4.029274e-5,0.00046531946
0.4435396135326459,-1.2755394e-5,0.00050578575
0.44365690307171446,0.00045633316,0.00046519743
0.44393178957897206,0.00075626373,0.00046481777
0.443938954652482,-0.00031512976,0.000465177
0.44397884920187014,1.4305115e-6,0.00046474146
0.44398177951414464,0.00027048588,0.00046468625
0.44409057103116945,-0.00032800436,0.00046503067
0.4441599515546869,0.0010261536,0.00046523893
0.44435601853975515,0.00031983852,0.00046525532
0.4443836556751535,0.00024747849,0.0004478159
0.4444426223445115,-0.00029331446,0.0004647506
0.44446271516810254,0.00060868263,0.00046496492
0.4445195237948111,-0.00035977364,0.0004651868
0.44456356407849995,-0.00052273273,0.0004653097
0.4446436264159418,-0.00073462725,0.00046500735
0.44476947933344735,-0.0005657077,0.00046502112
0.44490220430649574,1.4305115e-6,0.00046502447
0.4449365010518058,0.00020313263,0.00046465767
0.4449442566914581,-0.00013071299,0.0004653077
0.44496574320362303,9.6440315e-5,0.0005054279
0.44508298588789696,-0.00022149086,0.00046504557
0.4451794517789084,-0.00029057264,0.00046533678
0.44535784753235463,-0.00020456314,0.00046431227
0.44536506233006345,0.00075268745,0.00046530596
0.44540488994326355,-0.00028806925,0.00046407696
0.4454077915682668,-0.0007355809,0.00046456224
0.4455166614969952,1.3709068e-5,0.00046504196
0.4455860793131948,-6.0796738e-6,0.00046516283
0.44578213099897646,-5.0008297e-5,0.00046535337
0.44580971840994243,0.00016117096,0.00044806077
0.44586866882331244,9.918213e-5,0.00046477656
0.44588873965420817,-9.9658966e-5,0.0004645908
0.4459456199978109,0.0006748438,0.00046514685
0.4459896947059451,-0.00017040968,0.00046515415
0.446069699668144,0.00017619133,0.00046517112
0.44619559752960936,0.00016248226,0.000465113
0.44632825652247077,1.4305115e-6,0.00046484108
0.4463625350986232,-7.134676e-5,0.00046463663
0.4463703586316321,9.214878e-5,0.0004652083
0.44639187287460014,-0.00031119585,0.0005049467
0.4465090687036124,-0.00016826391,0.00046505698
0.4466055747571771,0.0001705885,0.00046534734
0.4467839054859707,-0.0006580353,0.00046402044
0.44679117000717805,-0.00039929152,0.00046498745
0.44683093068465696,-0.0008981228,0.00046411075
0.44683380457862354,-6.920099e-5,0.0004645445
0.4469427519632878,0.0003222227,0.00046503727
0.447012206116402,-0.00076818466,0.00046524452
0.4472082434579643,-8.761883e-5,0.00046515954
0.44723578210096615,-0.0019470453,0.00044714366
0.4472947153011796,-0.00070899725,0.00046473768
0.4473147641393801,0.0001899004,0.00046461102
0.4473717162008106,-0.00064867735,0.00046507237
0.44741582628939136,7.4625015e-5,0.00046525427
0.44749577292151366,0.0006093979,0.000465108
0.4476217147695367,3.695488e-6,0.0004649663
0.44775430873774547,0.00068199635,0.00046500782
0.44778856819084023,0.0009971857,0.00046469126
0.4477964605727398,3.695488e-6,0.00046516935
0.44781800254557724,0.0013498068,0.0005050956
0.44793515151816066,0.00019156933,0.00046530672
0.4480316977345121,-0.0008713603,0.00046520357
0.44820996343958686,0.0002257824,0.00046458587
0.4482172776838256,0.00063192844,0.00046515244
0.44825697046864843,-6.347895e-5,0.0004644943
0.44825981663227876,-0.0002874136,0.00046449696
0.448368841471945,0.0009608269,0.0004652366
0.44843833387490994,-0.0007327199,0.00046505942
0.44863435687225295,0.00026535988,0.00046525427
0.44866184483552174,0.0014224052,0.00044894064
0.4487207617792801,-0.00016134977,0.0004646725
0.4487407895803196,0.00031530857,0.0004643269
0.44879781240357697,-0.00013428926,0.00046499586
0.4488419569166031,0.00014901161,0.00046540072
0.4489218461748832,-0.00011229515,0.00046500008
0.4490478329656987,3.695488e-6,0.00046508413
0.44918036095302016,0.00012934208,0.00046486297
0.4492146012825904,-0.0005183816,0.00046464885
0.4492225625129137,4.9591064e-5,0.00046516577
0.44924413317232204,0.00012898445,0.0005045566
0.44936123433317576,0.00021278858,0.0004652206
0.4494578207113802,3.695488e-6,0.00046528492
0.4496360213920356,-0.00075250864,0.00046430912
0.44964338536234094,-3.3974648e-5,0.00046487516
0.44968301121004184,7.891655e-5,0.00046443212
0.44968582868640095,0.00065505505,0.00046470884
0.44979493193637,-0.00040531158,0.0004650845
0.4498644606771832,0.00068712234,0.00046519164
0.4500604693319412,0.0002859831,0.00046520372
0.45008790852537806,-0.001979947,0.00044705573
0.4501468082578477,0.00049591064,0.00046464897
0.4501668140645576,-0.0010711551,0.00046429684
0.4502239086063433,0.0009161234,0.0004653724
0.4502680885009832,0.00050115585,0.00046533637
0.45034792038425386,-9.75132e-5,0.00046506766
0.45047395116139377,0.00043165684,0.00046503224
0.45060641412522984,-0.0006093979,0.00046456806
0.45064063532964127,0.00059616566,0.00046456233
0.45064866445238716,3.695488e-6,0.00046521256
0.45067026284329914,0.00059723854,0.0005044519
0.45078731714959164,2.2649765e-6,0.00046518448
0.45088394273248045,-7.748604e-6,0.00046533003
0.4510620793456517,0.0005928278,0.00046440048
0.4510694930408562,-0.00011819601,0.00046531332
0.45110905195143525,0.0008149147,0.00046455735
0.45111184169675766,-0.0010311604,0.00046428523
0.45122102144549425,-0.00058710575,0.00046502514
0.45129058843569114,0.0010108948,0.0004650649
0.45148658274763065,-0.0005963445,0.00046504298
0.4515139712601671,-0.0010098815,0.0004481575
0.4515728547371155,-0.0014685392,0.0004645279
0.451592838549963,-0.0003848076,0.00046435028
0.45165000480910966,-0.0007661581,0.00046487313
0.45169421912819485,-6.8068504e-5,0.00046519347
0.45177399363809034,0.00016188622,0.0004649465
0.4519000684017881,-0.00033843517,0.00046494932
0.4520324663421387,1.4305115e-6,0.00046486693
0.4520666684204575,8.094311e-5,0.00046470528
0.4520747673490292,-0.00028389692,0.0004651336
0.45209639251521005,0.00029921532,0.000504029
0.45221339996554055,-0.0003887415,0.0004650652
0.45231006570981547,0.00050008297,0.0004653207
0.4524881372997347,0.0002757311,0.0004644446
0.45249560071750383,-0.00023525953,0.00046487188
0.45253509173636064,-0.0001398921,0.00046433677
0.45253785375087985,0.00058221817,0.0004646666
0.45264711191178675,0.00022768974,0.0004650117
0.4527167161937321,0.0009019375,0.00046520014
0.45291269520568467,3.695488e-6,0.00046495142
0.45294003495119073,-0.0009911656,0.00044788752
0.4529989021721511,-0.00053340197,0.00046456186
0.4530188639920698,-5.1498413e-5,0.0004644726
0.45307610196811066,0.00048029423,0.00046516993
0.4531203507109408,-0.0006253123,0.00046505508
0.45320006689145986,0.00096571445,0.00046516635
0.4533261865988839,-0.00022280216,0.0004649619
0.4534585185581137,1.4305115e-6,0.0004647216
0.4534927015108069,1.4305115e-6,0.00046442173
0.4535008692892031,-0.0002940297,0.00046510773
0.45352252218618716,2.3007393e-5,0.0005038269
0.45363948278055566,0.00030601025,0.0004651022
0.4537361886871504,0.0005210638,0.0004653685
0.45391419525311727,1.4305115e-6,0.00046469213
0.4539217074383838,0.00019288063,0.00046516425
0.45396113247752057,0.00029098988,0.00046433255
0.4539638658052354,-0.00055891275,0.00046444568
0.454073201420911,-0.00036543608,0.0004649752
0.4541428429960055,0.00023782253,0.00046504932
0.45433880766397217,-0.0009531975,0.00046482426
0.4543660976857463,-3.9458275e-5,0.00044835982
0.4544249486497848,1.4305115e-6,0.00046458267
0.4544448884772416,5.00679e-5,0.00046453995
0.454502198170877,-0.0006144643,0.00046477647
0.45454648229368666,0.00013160706,0.0004651752
0.4546261401436622,-0.00011050701,0.00046495616
0.45475230479457895,0.00031101704,0.00046515372
0.4548845707736219,1.4305115e-6,0.00046495718
0.45491873555925855,-0.00034189224,0.0004644916
0.454926971229377,0.0002912283,0.00046512161
0.4549486518566973,-5.763769e-5,0.0005038209
0.4550655655960377,-0.0005081296,0.0004649705
0.4551623116654191,1.66893e-6,0.00046502557
0.45534025224979835,0.0010032654,0.00046468445
0.45534781511666556,-0.00038063526,0.00046500497
0.4553871732186805,0.00014281273,0.0004642817
0.4553898788148918,0.0009940863,0.0004646435
0.45549929188580285,0.00040638447,0.0004649952
0.4555689707554472,-0.00027680397,0.00046501137
0.45576492107896116,3.695488e-6,0.00046492973
0.45579216137653644,-0.000326097,0.00044857722
0.4558509951278853,0.0010521412,0.00046477412
0.4558709129619466,-9.250641e-5,0.00046442298
0.4559282943738767,-0.00022357702,0.00046483145
0.4559726129218322,-0.00029700994,0.00046501347
0.4560522143530329,-0.0001411438,0.0004649798
0.4561784220335725,-0.00042706728,0.00046498244
0.4563106229886631,-0.0006465316,0.00046467304
0.45634476865147555,0.000521183,0.0004645741
0.4563530731704847,0.00030136108,0.000465195
0.45637478152814126,-2.8431416e-5,0.00050331815
0.4564916484115198,-0.00024479628,0.00046516652
0.45658843368651947,-6.16312e-5,0.00046506696
0.45676631020318104,0.00061917305,0.00046455066
0.45677392279494744,-0.00017440319,0.00046496547
0.4568132130036059,0.0005276203,0.00046446422
0.456815890869014,-0.00013136864,0.0004644148
0.456925381394927,0.0005260706,0.0004651189
0.4569950975577205,0.00028407574,0.00046497319
0.4571910335386494,0.0007305145,0.00046511626
0.45721822411109203,-0.00045776367,0.0004478442
0.4572770416073867,0.00071394444,0.00046471867
0.45729693744665156,0.00048589706,0.00046440246
0.45735439057687655,0.0005761385,0.00046503212
0.45739874450574536,-0.00017380714,0.00046505555
0.45747828760710285,0.00056290627,0.00046513023
0.4576045402299679,0.00096428394,0.00046506381
0.4577366761618066,-0.00041931868,0.00046455654
0.45777080174182494,-7.0929527e-6,0.00046435412
0.4577791751106586,3.695488e-6,0.0004649286
0.4578009112000523,9.703636e-5,0.0005031045
0.45791773122700175,3.695488e-6,0.00046514417
0.45801455666338753,-0.00019407272,0.00046504146
0.4581923681565636,-0.0009790063,0.00046448028
0.4582000304720619,-8.1181526e-5,0.00046500913
0.45823925374429886,-0.0002349019,0.00046418197
0.45824190292406997,0.0009166002,0.00046442766
0.4583514718612196,3.528595e-5,0.00046481792
0.4584212253152946,-9.3758106e-5,0.00046484525
0.4586171459974039,-0.00019657612,0.00046496603
0.45864428780188227,0.0016365051,0.00044851613
0.458703088086421,0.0004825592,0.00046465054
0.45872296288805803,0.0009251833,0.00046459003
0.4587804867787091,0.0008223057,0.0004649625
0.45882487513249015,0.00012397766,0.00046512188
0.4589043608602389,-0.0005591512,0.00046482592
0.4590306574705957,-0.00091946125,0.00046462944
0.4591627283787155,-0.00045114756,0.00046468715
0.4591968348326412,-0.0006144047,0.00046435892
0.45920527704989866,-0.00015205145,0.000465009
0.45922704182679697,-0.0009122491,0.0005026762
0.4593438140427173,0.00031864643,0.0004649973
0.45944067964072244,-0.00032156706,0.0004652021
0.4596184261099462,-0.0010966063,0.00046415644
0.45962613814964337,-0.00012683868,0.00046492074
0.45966529352922425,0.00059866905,0.0004641942
0.45966791497819204,-0.00081926584,0.00046416651
0.45977756137034387,0.00019168854,0.0004649448
0.4598473530740359,0.00010108948,0.00046487784
0.4600432594123929,-0.0002233386,0.0004648411
0.4600703505359709,0.00033187866,0.0004487086
0.46012913456452165,0.00014388561,0.00046475904
0.4601489873736968,-0.00048679113,0.00046426262
0.46020658298240924,0.0002309084,0.00046478325
0.46025100671593644,-2.5093555e-5,0.00046496303
0.4603304341129081,-0.0002567768,0.00046481367
0.4604567756667577,-0.00063854456,0.0004649121
0.46058878059375674,0.0009900331,0.00046469958
0.4606228688801589,6.0796738e-5,0.0004643083
0.46063137994584025,3.695488e-6,0.00046507377
0.46065317149684026,0.00024414062,0.00050254184
0.4607698959021982,-1.8894672e-5,0.0004650606
0.4608668026187578,-6.532669e-5,0.00046508914
0.46104448406356235,0.00036287308,0.0004643592
0.4610522458272249,0.00064206123,0.0004649799
0.4610913342703842,-0.00031268597,0.00046399134
0.4610939279880819,1.4305115e-6,0.00046423535
0.46120365183476875,-0.00010699034,0.00046494932
0.4612734798770096,-0.0009018779,0.0004647687
0.4614693718711472,-0.00024592876,0.0004648019
0.4614964132705265,-0.00084108114,0.00044818813
0.4615551810423888,8.1300735e-5,0.00046465336
0.4615750118591021,1.4066696e-5,0.00046427717
0.4616326791861094,3.695488e-6,0.00046477723
0.461677137344082,0.00082194805,0.0004647622
0.4617565073653439,0.00071132183,0.0004648999
0.46188289386245274,0.0003004074,0.00046487615
0.4620148328092648,0.00036394596,0.0004646228
0.462048901972376,-0.0001977086,0.00046428872
0.46205748188694795,0.00015938282,0.00046501658
0.46207930116781737,-0.00032943487,0.0005023083
0.46219597871768026,0.0005630255,0.00046519202
0.46229292464009164,7.259846e-5,0.0004649977
0.4624705420162446,-0.0010920763,0.00046401183
0.46247835350480637,4.196167e-5,0.000464895
0.46251737405530946,0.000113248825,0.0004640585
0.46251994004127017,0.0001244545,0.00046435406
0.4626297413441265,7.3194504e-5,0.00046488672
0.46269960763551754,-0.00031363964,0.0004650586
0.46289548432943484,-0.00058990717,0.0004647488
0.46292247696225053,0.00019586086,0.00044907932
0.46298122752118975,0.0006117821,0.00046432615
0.4630010363435736,0.00043988228,0.00046428372
0.46305877538794193,-1.7344952e-5,0.0004648195
0.4631032689275283,0.00018405914,0.00046476367
0.4631825806191803,0.0002001524,0.00046484734
0.4633090111023801,0.00093472004,0.00046501227
0.46344088502523995,1.4305115e-6,0.00046457385
0.4634749350636592,-0.00035721064,0.0004642869
0.4634835838275887,-0.00011497736,0.00046475505
0.4635054308397283,0.00024163723,0.00050213153
0.4636220615324619,-0.0015039444,0.0004647583
0.46371904761649274,-0.00010818243,0.00046494562
0.4638965999696272,-2.1398067e-5,0.0004641202
0.46390446022615317,-0.00018060207,0.00046495706
0.4639434147964695,1.168251e-5,0.00046418808
0.46394595209562584,-0.0003646016,0.00046418188
0.46405583180971866,-0.0008006096,0.00046465857
0.46412573443732397,7.1525574e-5,0.00046495945
0.4643215967881892,0.0004749298,0.00046491358
0.464348539696806,-0.0002772212,0.00044802588
0.4644072740002242,3.5881996e-5,0.00046461646
0.46442706082827856,-0.00083357096,0.0004639703
0.4644848715902413,2.4676323e-5,0.00046478937
0.4645293995542731,-0.00050890446,0.00046464603
0.46460865387325023,-3.629923e-5,0.00046489417
0.4647351292994759,-9.608269e-5,0.00046467016
0.4648669372421488,0.00013446808,0.0004648202
0.464900968154242,-0.0007184744,0.00046428756
0.46490968576729574,0.00012230873,0.00046497263
0.46493156146694004,0.00018322468,0.00050190336
0.4650481443481773,-0.00016015768,0.00046483867
0.4651451705933608,-0.0007920265,0.00046488835
0.46532265792300975,0.00042045116,0.00046429786
0.4653305679039681,-0.0005013943,0.000464729
0.4653694555378628,-9.858608e-5,0.00046416261
0.4654819213188428,0.00026154518,0.0004648222
0.4655518621958319,0.00021743774,0.00046497886
0.4657477102038786,0.00078332424,0.00046490604
0.4657746033868959,7.510185e-5,0.00044905732
0.4658333214352597,-0.00075370073,0.00046439513
0.46585308627038535,-0.0005606413,0.00046406288
0.46591096779300767,-0.00015550852,0.00046468302
0.46595553113771937,-0.00087434053,0.00046490197
0.4660347280816871,0.00010764599,0.00046464187
0.4661612465394033,-0.0003311038,0.0004645625
0.4662929894581238,-0.0011185408,0.00046421788
0.46632700124482485,0.0009098053,0.0004643354
0.4663357877070027,-0.00031113625,0.00046486166
0.46635769113791703,8.070469e-5,0.0005016743
0.46647422716412634,0.00051915646,0.00046505762
0.4665712926151615,-7.7188015e-5,0.00046495782
0.4667487158766258,0.0009819269,0.00046445619
0.466756675581783,-2.0444393e-5,0.0004646771
0.46679549532302167,-0.00029706955,0.00046405132
0.46690801082796707,0.00022792816,0.0004649335
0.466977988999039,0.00021481514,0.0004648557
0.46717382266286644,-0.001224041,0.00046452592
0.46720066612168487,0.0013327599,0.00044914303
0.46725936791312683,1.4305115e-6,0.00046440592
0.4672791107562576,-0.00023049116,0.0004640803
0.4673370639967078,-0.0006259084,0.00046470066
0.467381661764931,-0.0005352497,0.00046474594
0.4674608013343563,-0.00038200617,0.00046457927
0.4675873647355653,0.00037503242,0.0004647552
0.4677190416733985,0.0007325411,0.00046485633
0.4677530352923426,0.0002681017,0.00046429047
0.46776188964764354,-0.0005787015,0.00046456914
0.4677838208091276,-0.00063687563,0.0005013149
0.4679003099796083,-8.606911e-5,0.00046477804
0.46799741559319674,0.0011140108,0.0004651573
0.46817477287400733,0.0003629923,0.00046395932
0.46818278325843066,-0.00015485287,0.00046468803
0.4682215360632478,-0.0012457371,0.00046390638
0.46833410129332587,0.0003669262,0.00046481303
0.4684041167575469,-0.0010299683,0.00046475756
0.4685999351206871,-0.00016719103,0.00046477863
0.46862672885624046,0.0010992289,0.0004491004
0.46868541439122746,1.4305115e-6,0.00046428046
0.46870513524096247,0.0003758669,0.00046436282
0.46876316019947417,0.00013029575,0.00046473325
0.4688077933483773,3.695488e-6,0.00046461122
0.46888687458749245,3.695488e-6,0.00046468797
0.46901348197549264,0.00041389465,0.00046485523
0.46914509484490785,0.00033771992,0.0004644978
0.4691790683845597,-0.00035375357,0.0004641848
0.46918799158875124,-0.00013840199,0.0004649236
0.4692099504794044,8.010864e-5,0.0005010849
0.46932639183838887,-2.6762486e-5,0.00046474193
0.4694235385700648,3.695488e-6,0.00046477842
0.4696008308273899,-0.00044107437,0.0004641175
0.4696088909362456,-0.0006198883,0.00046477013
0.46964757584840655,0.00025832653,0.00046416325
0.46976019080245,-0.00039464235,0.0004647337
0.46983024355982017,3.3020973e-5,0.00046492388
0.47002604757944144,0.00080287457,0.00046481518
0.4700527925470307,0.0006802082,0.0004496219
0.47011146086979494,-0.00078475475,0.00046422367
0.4701311597252006,-9.381771e-5,0.000464224
0.4701892564015402,-0.0002706647,0.00046453474
0.47023392397652286,-0.000790298,0.00046482615
0.4703129478415623,9.429455e-5,0.00046464388
0.4704396001711878,-0.0002413392,0.00046462152
0.4705711470608829,-0.0005443692,0.00046447612
0.4706051014758429,-0.0004426241,0.00046421777
0.4706140935284582,0.00011575222,0.00046471108
0.47063608110754984,2.4914742e-5,0.00050107826
0.47075247465387093,7.6532364e-5,0.0004647846
0.4708496605911652,-0.00049614906,0.0004649943
0.4710268887807726,-0.0001412034,0.00046407583
0.4710349976582928,0.0010328293,0.00046482627
0.47107361658979996,0.00026273727,0.00046417868
0.47118628126734186,-0.00034862757,0.00046454082
0.4712563713183281,1.2636185e-5,0.00046481824
0.47145216099536436,-1.8119812e-5,0.0004650318
0.4714788552815863,-0.0013818145,0.00044900196
0.4715375073492962,-0.0005966425,0.00046425083
0.47155718420990544,0.0004569292,0.00046422298
0.4716153526045399,-0.00040620565,0.00046458075
0.47166005555996904,4.4703484e-5,0.00046445747
0.47173902109469845,-0.0001527071,0.00046456393
0.4718657183673497,-0.0005688071,0.0004646444
0.4719971992777917,0.00018286705,0.00046475438
0.4720311345666591,-0.00021886826,0.00046415473
0.4720401954686321,0.00011765957,0.00046463747
0.4720622107792274,-0.00058966875,0.0005006364
0.4721785574702868,0.000780344,0.00046499915
0.4722757835685001,-0.0010634065,0.00046472094
0.47245294673415517,-0.00048577785,0.00046373197
0.47246110533587427,3.695488e-6,0.0004647327
0.47249965637472535,0.00026082993,0.00046390577
0.4726123707773999,0.00017905235,0.00046478937
0.4726824981201345,0.00024318695,0.0004648231
0.4728782734541187,-0.000900805,0.0004646079
0.4729049180156749,2.3961067e-5,0.0004493347
0.4729635538278637,0.0006905794,0.00046443622
0.4729832086960112,0.0002706051,0.00046419638
0.4730414488077732,-0.00081562996,0.0004644765
0.47308618618648046,-0.0008119345,0.00046462798
0.47316509434736764,-0.0008839369,0.00046441858
0.4732918356079775,-0.00031608343,0.0004646027
0.47342325149376685,-0.00032007694,0.00046450502
0.4734571676570085,-0.00011450052,0.00046421317
0.47346629740880597,-0.00095665455,0.0004646844
0.47348834044950405,-0.0011726022,0.0005003138
0.47360464028576876,-0.00045651197,0.00046460997
0.4737019065458351,-0.0012016892,0.00046473145
0.47387900468753785,-0.00020623207,0.00046407792
0.47388721301298875,-0.00033146143,0.00046460412
0.4739256971158853,-8.583069e-5,0.00046418878
0.47403846028699104,-0.00034588575,0.00046456914
0.47410862587864244,-0.0012135506,0.0004646199
0.4743043859124063,-0.00093889236,0.00046453308
0.47433098170646504,-0.00044578314,0.00044880318
0.47438960030549737,-0.00032931566,0.00046411686
0.47440923318164996,-7.6532364e-5,0.00046416704
0.47446754501077293,-0.00025445223,0.00046458145
0.4745123177692263,0.00029420853,0.00046484193
0.4745911676005038,-0.00081038475,0.00046446483
0.47471795380437287,0.0001436472,0.00046470048
0.4748493037092749,-0.001263082,0.0004642204
0.4748832007492255,0.00024962425,0.0004643069
0.47489239934897987,-0.00047039986,0.00046460156
0.47491447107624885,-0.00032275915,0.00050033757
0.47503072214454933,-0.0007864833,0.0004646916
0.47512802856716885,-0.0005120635,0.0004647786
0.47530506168421893,0.00028407574,0.00046417743
0.4753133206905702,-0.00018507242,0.0004645874
0.47535173690081056,-0.001954794,0.00046386267
0.4754645507518829,-0.0010721684,0.00046444245
0.47553475268184964,-8.6426735e-5,0.00046483174
0.47573049837116066,-0.0013053417,0.0004644677
0.47575704444172107,-0.0012358427,0.00044877332
0.475815646783598,0.00017106533,0.00046449283
0.4758352576663549,-6.067753e-5,0.00046409317
0.47589364121283895,0.0005031824,0.00046475994
0.47593844839737187,-0.000610888,0.00046473928
0.4760172408543403,-0.00063687563,0.00046452504
0.4761440710433664,-0.0002797842,0.00046475348
0.47627535592525005,-6.854534e-5,0.00046434757
0.4763092338414425,-0.0011023879,0.00046407696
0.47631850128915376,0.00012552738,0.00046474117
0.4763406007476929,-0.00036722422,0.00050017465
0.4764568049590976,0.00015306473,0.00046459978
0.47655415154473724,0.00014305115,0.00046495924
0.4767311196376015,7.939339e-5,0.00046434908
0.4767394274128509,-0.0004401803,0.00046456247
0.4767777776419705,4.6133995e-5,0.0004641771
0.4768906402603067,-0.0004298687,0.00046481003
0.47696088044035745,-0.0006222129,0.000464581
0.47715661178708346,0.00037443638,0.0004648273
0.47718310717651,-0.0006890297,0.00044946081
0.4772416932630993,-2.2292137e-5,0.00046418505
0.4772612821510598,0.0006483793,0.00046427574
0.4773197374156053,-0.00046885014,0.0004647091
0.4773645799815185,0.00037062168,0.0004645597
0.4774433141077098,-0.00046515465,0.00046457277
0.4775701892397619,-0.001101613,0.00046442053
0.4777014081419254,-0.00058192015,0.00046436818
0.47773526788802645,0.00011742115,0.00046411032
0.4777446041855623,-0.0006367564,0.00046482377
0.4777667304196038,0.0002808571,0.0004999989
0.47788288777551347,3.695488e-6,0.00046463037
0.47798027452207226,-0.0010801554,0.00046449207
0.4781571775909842,-0.00013369322,0.00046408272
0.47816553509043236,-0.00074243546,0.00046449472
0.47820381742642903,-0.0007761121,0.0004638829
0.4783167307263658,0.00029361248,0.0004647345
0.4783870072419304,6.425381e-5,0.00046470293
0.4785827242458379,-3.8206577e-5,0.0004648811
0.47860917086636645,-0.000538826,0.000449524
0.4786677397421337,-0.0005400777,0.00046416462
0.4786873066352979,-0.00059199333,0.00046404646
0.47874583361837164,3.695488e-6,0.00046483174
0.4787907106080298,0.00026738644,0.00046455406
0.478869387359912,-0.00031656027,0.00046460482
0.4789963064803897,-0.00019270182,0.0004646172
0.4791274603581339,-0.0010170937,0.0004642003
0.4791613009788428,0.00050222874,0.0004640982
0.4791707061259697,-0.00054836273,0.0004647437
0.4791928610463485,-0.00022125244,0.000499594
0.47930897059192923,-0.00023692846,0.00046470933
0.4794063965431725,3.4332275e-5,0.0004648607
0.47958323554436677,0.00024580956,0.0004642073
0.4795916427673135,3.695488e-6,0.00046453893
0.47962985816758896,-4.863739e-5,0.00046400135
0.4797428202364239,3.695488e-6,0.00046470386
0.4798131350006718,-0.00048184395,0.00046462793
0.48000883670389194,-0.0005239248,0.0004646797
0.48009378622023435,0.0004028082,0.00046424434
0.48011333112140353,-0.00077468157,0.00046391026
0.48017192982137147,-0.00020182133,0.00046457097
0.4802168421914761,-0.0010920763,0.00046455176
0.4802954606130482,0.00034463406,0.0004646714
0.4804224246765516,-0.0010385513,0.00046448637
0.48055351257317525,0.0001500845,0.00046450226
0.480587334070126,0.0004608631,0.00046429815
0.48059680806544314,1.0371208e-5,0.00046461268
0.4806189907173256,-0.000502944,0.0004994766
0.48073505245024295,-0.00011909008,0.00046465188
0.48083251952144135,-0.0007531643,0.0004645567
0.4810092934979828,-0.0010387897,0.00046379838
0.4810177504451284,-0.00023514032,0.00046458497
0.48105589795251424,-0.0008238554,0.00046400254
0.4811689097448476,-0.0006251335,0.00046455243
0.48123926180341203,-0.0005887747,0.00046469556
0.4814349491628799,0.00021636486,0.00046482522
0.48146129633501067,-0.0008241534,0.0004489542
0.48151983269833487,0.00042366982,0.0004642984
0.48153935560750927,-0.00038588047,0.00046391145
0.4815980260243712,-0.00010597706,0.00046482668
0.48164297281962165,-0.0009211302,0.0004645937
0.48172153291018316,-0.00045496225,0.00046460016
0.4818485419160121,3.4809113e-5,0.000464677
0.4819795647886833,-0.0010418892,0.00046427472
0.482013367162343,0.00027871132,0.00046433212
0.48202291000561703,-0.00033909082,0.00046459088
0.48204512134453736,-9.918213e-5,0.00049938785
0.48216113526525806,0.00020599365,0.00046484632
0.4822586415425417,-0.0009473562,0.0004646001
0.48243535049536435,2.8729439e-5,0.00046426288
0.48244385716694216,0.000113368034,0.00046478302
0.48248193773743964,-0.00056135654,0.0004641289
0.4825950002095061,-0.00073975325,0.00046451675
0.48266538956215344,-0.00097310543,0.00046454684
0.48286106162163434,-0.00041627884,0.00046458747
0.4828873600267347,-0.0005661845,0.00044967228
0.48294587917690246,4.7683716e-6,0.0004643952
0.4829653800917473,-0.00067430735,0.00046408383
0.48302412222713753,-0.00029933453,0.00046450947
0.48306910440306794,-0.00027644634,0.00046464137
0.4831476061635527,-0.0003193617,0.00046460878
0.4832746601121741,-0.00076925755,0.0004644285
0.48340561700465845,-0.0008957386,0.00046415304
0.4834394002536262,6.556511e-6,0.0004638546
0.48344901194672485,-0.0006399751,0.00046478515
0.48347125101551447,-0.00068998337,0.00049895153
0.48358721808074,6.7949295e-6,0.0004648095
0.4836847645189428,-0.00070399046,0.00046456337
0.4838614084487469,-0.00062155724,0.0004638904
0.4838699648447571,-0.0002834797,0.00046463328
0.48390797847883305,-0.0008916259,0.00046377457
0.4840210897186302,-0.0008428097,0.00046458014
0.4840915163637264,-0.000890255,0.0004646246
0.48428717503662333,-0.0006496906,0.0004646371
0.4843134227612903,-0.00069999695,0.00044918372
0.4843719256559368,-0.0005799532,0.0004641711
0.48439140457645224,-0.0002785325,0.00046393432
0.4844502184299039,-0.00070762634,0.00046444623
0.4844952350298126,-0.0007041693,0.00046446224
0.48457367941668883,-0.0010105371,0.00046451174
0.4847007773530353,-0.00071144104,0.0004646518
0.4848316692215673,-5.8174133e-5,0.0004642558
0.48486543334420906,-0.0010111332,0.0004640219
0.48487511388689875,-0.0009325743,0.00046450578
0.4848973816427261,-0.00076138973,0.0004987313
0.48501329994092135,-0.00057148933,0.00046458084
0.4851108874958109,-0.00036776066,0.00046476637
0.48528746640142917,-0.0002349019,0.00046413986
0.4852960725216382,-0.000492692,0.00046469175
0.485334018263058,-0.0011995435,0.0004638152
0.4854471792286883,-0.0014071465,0.0004645853
0.4855176441222343,-0.0004734993,0.00046477874
0.4857132874953777,-0.00081568956,0.0004646202
0.48573948549537893,-0.00030636787,0.00044961646
0.48579797213473774,-0.00022161007,0.00046403147
0.48581742906162406,-0.0010288358,0.00046385705
0.4858763146322034,-0.0010459423,0.00046442932
0.4859213666132589,-0.00012773275,0.00046479833
0.48599975266982487,-0.00076937675,0.00046452592
0.4861268955491973,-0.00048404932,0.00046455892
0.4862577214375423,-0.0011575222,0.0004642553
0.4862914664347918,-0.00059729815,0.0004639132
0.4863012158266057,-0.00037032366,0.00046467208
0.4863235113137032,-0.00026732683,0.0004986324
0.4864393827564033,-0.00063055754,0.00046474565
0.48653700951784506,-0.0017377138,0.0004643907
0.4867135243550452,-0.0005310774,0.00046416998
0.486722179242985,-0.00030255318,0.00046452938
0.4867600590042179,-0.0010049343,0.0004638166
0.48687326873781245,-0.00017857552,0.00046455069
0.4869437709254414,-0.0011722445,0.00046454158
0.48713939995413214,-0.0006236434,0.00046459696
0.48716554918616906,-0.00079756975,0.0004496049
0.4872240186126049,-0.000618577,0.00046416116
0.4872434535477298,-0.00036352873,0.00046394428
0.4873024108354366,-7.8856945e-5,0.00046466067
0.48734749724047066,-0.0008209348,0.00046447237
0.487425825922961,0.00018835068,0.00046482278
0.48755301278912466,-0.0011460185,0.00046458095
0.487683773652817,-0.00077599287,0.000464167
0.487717499526075,-0.0007401109,0.000463995
0.4877273177667796,-0.00069206953,0.00046472668
0.48774964194114834,3.695488e-6,0.0004986199
0.48786546557118504,-0.00079774857,0.00046456806
0.4879631324956468,-0.00047427416,0.00046483055
0.48813958135219326,-0.0012479424,0.0004638515
0.48814828692056644,-0.00036263466,0.00046464647
0.4881860987891433,-0.0005990863,0.0004640764
0.4882993592027043,-0.0005027056,0.00046462798
0.4883698977277148,-0.0005517006,0.00046459874
0.4885655124128866,-0.0010079741,0.00046455927
0.4885916119211916,-0.0010614991,0.00044982237
0.4886500641344709,5.9127808e-5,0.00046425732
0.4886694780329016,-6.568432e-5,0.00046401648
0.48872850703913673,-7.69496e-5,0.00046448945
0.48877362882391695,-0.0005788803,0.00046453063
0.4888518991756302,-0.0006954074,0.00046449836
0.488979130029052,-0.000549376,0.00046454906
0.4891098258680917,-0.00078982115,0.00046437245
0.489143532618292,-0.00043708086,0.00046415368
0.48915341875141927,-0.0003375411,0.00046467315
0.4891757716114251,-0.00086414814,0.0004979584
0.48929154743066594,-0.0007237196,0.000464679
0.48938925451628035,-0.00075250864,0.00046489658
0.48956563930557584,-0.0009754896,0.00046409437
0.48957439459838137,-0.0009665489,0.0004644302
0.4896121385743021,-0.0011027455,0.00046428718
0.48972544871182855,-0.0007970333,0.0004644131
0.4897960254862226,-0.0005789995,0.00046456174
0.4899916248718744,-0.0007890463,0.00046458453
0.4900176746559807,-0.0010278225,0.00044965465
0.49007611061303835,-0.00035595894,0.000463858
0.4900955025173731,-0.0005284548,0.0004639602
0.4901546032414361,-0.0010837317,0.0004644247
0.4901997594520624,0.00012922287,0.00046447228
0.49027797242876636,3.695488e-6,0.00046459943
0.4904052482247472,-0.00065785646,0.0004645743
0.49053587808406673,-0.0003785491,0.00046434926
0.4905695657095752,-0.0009661317,0.00046387847
0.49057952069182664,-0.0003528595,0.00046459658
0.49060190223957056,-0.00041651726,0.0004981432
0.49071763024661486,-0.0008059144,0.00046468616
0.49081537749361526,-0.0002656579,0.00046465307
0.4909916972589585,8.845329e-5,0.00046416695
0.49100050131996176,-0.0007404089,0.0004645589
0.4910381793156955,-0.0009818673,0.0004638543
0.4911515382209527,-0.00015693903,0.0004645592
0.491222152288496,-0.0009937882,0.0004644539
0.4914177373313292,-0.0012668967,0.00046452574
0.4914437373898358,-0.0010415912,0.0004496935
0.49150215709253975,-0.00068706274,0.00046399393
0.4915215270018446,-0.0011071563,0.000463979
0.4916258910355087,-0.00084990263,0.00046463672
0.4917040447263682,-0.00075018406,0.0004645534
0.4919619303009757,-0.000692904,0.00046429242
0.49199559880039156,-0.0006790757,0.000464022
0.49200562263106673,-9.852648e-5,0.000464665
0.4920280319112481,-0.00031775236,0.0004979434
0.4921437121058623,-0.0006825328,0.00046473998
0.49224150047095017,-8.350611e-5,0.00046490837
0.49241775425610657,-0.00015562773,0.00046419218
0.4924266089975432,-0.00086045265,0.00046449516
0.49246421909968696,5.1498413e-5,0.00046396544
0.49257762773007685,-0.00011098385,0.00046466806
0.49264828004653693,-0.00062322617,0.00046457894
0.4928438507463182,-0.0011862516,0.0004644
0.4928698010801591,0.0005939007,0.00045041504
0.4929282035711072,-0.00074630976,0.00046405802
0.4929475505307819,-0.0010299683,0.00046386078
0.4930067956469688,-0.00084394217,0.00046456934
0.4930520216622535,-0.00041782856,0.00046452857
0.4931301179797377,-0.00010728836,0.00046461914
0.49325748366177036,-0.00068354607,0.0004645478
0.4933879825169507,0.00016021729,0.00046429236
0.49342163189074095,-0.00033009052,0.00046410793
0.493431724571474,-0.000289917,0.00046462845
0.4934541625377594,-0.0013341904,0.00049768336
0.4935697949208775,-0.0012037754,0.00046453284
0.49366762249205054,-0.0006529689,0.00046464577
0.49384381220948914,0.0003517866,0.00046452464
0.49385271667512465,-0.0010612011,0.0004644966
0.49389025984108037,0.0001142025,0.00046395327
0.49400371819543565,-5.942583e-5,0.00046459257
0.4940744068488103,-0.0007452965,0.00046454446
0.4942699632046058,-0.0013036728,0.0004645498
0.4942958638147147,-0.0008171797,0.00044969114
0.4943542500487409,-0.0012426972,0.0004639709
0.4943735750168875,-0.0016005635,0.00046372146
0.49443289089420095,-0.00074094534,0.00046450802
0.4944781522885313,-0.00026988983,0.00046460092
0.49455619123194006,3.6358833e-5,0.00046467397
0.4946836009016977,-0.00057411194,0.00046460796
0.4948140347324589,-0.00060772896,0.0004641929
0.49484766498225763,-0.0008547306,0.0004643036
0.49485782651234833,0.00016748905,0.0004646943
0.49488029220826957,-0.0008812547,0.0004975109
0.49499587773635945,-5.722046e-5,0.00046465753
0.49509374546961893,0.00040578842,0.00046505188
0.4952698701631052,0.00044298172,0.0004644209
0.49527882339647145,-0.0006483197,0.0004646456
0.4953162996267061,-0.0015090108,0.00046376354
0.4954298077047933,-0.0007388592,0.0004644772
0.4955005336520174,4.3153763e-5,0.0004647241
0.49569607566265983,-0.00076407194,0.0004645913
0.4957219265502041,-0.0019654036,0.00044958672
0.4957802965268415,-0.00039929152,0.00046400167
0.49579959950205943,-0.00040960312,0.00046368898
0.49585898709626697,-0.0016002059,0.00046446142
0.4959042838729115,-0.0009766817,0.0004644453
0.4959822644853096,-0.0007582903,0.00046452455
0.4961097190969259,-0.0006225705,0.0004646282
0.4962400869484339,-0.0008248091,0.00046429393
0.49627369807424115,-0.00040340424,0.00046399076
0.4962839284525222,-0.00021356344,0.00046470438
0.49630642283618165,-3.5345554e-5,0.0004973847
0.49642195959560687,-0.0005478263,0.0004646849
0.4965198674909528,-0.00019347668,0.00046497112
0.49669592811672125,-0.000923872,0.0004640161
0.4967049310749868,5.710125e-5,0.0004646278
0.4967423394116315,-0.0008992553,0.0004638946
0.4968558972141509,-0.0008226037,0.00046451826
0.4969266614105253,-0.00057834387,0.00046464126
0.4971221881221146,-0.00077205896,0.00046460802
0.4971479892847597,0.00065732,0.00045053384
0.497206343005409,-0.00033307076,0.00046402044
0.4972256239867643,0.00013530254,0.00046406896
0.49728508329856635,-0.0007942915,0.00046457467
0.4973304145008235,-0.00075018406,0.00046469073
0.4974083367829115,-0.0009602308,0.00046460537
0.4975358363363863,-0.0004492998,0.00046449932
0.4976661391651094,-4.3988228e-5,0.00046437958
0.49769973116552435,-0.00024420023,0.0004640803
0.49771003039222916,-0.00053328276,0.000464642
0.4977325525078591,-0.0013035536,0.0004971733
0.4978480424113224,7.236004e-5,0.00046480002
0.4979459904682877,0.00032830238,0.00046457644
0.4981219851129355,-0.00040394068,0.00046424902
0.49813103875256826,0.0008097887,0.00046487045
0.49816838015232445,-0.0004892349,0.0004639696
0.49828198672327517,-0.0007107258,0.00046446288
0.4985483005818029,-0.00087970495,0.00046460307
0.49857405201838145,-0.0006580353,0.00045044103
0.4986323894849103,-0.0007620454,0.00046419373
0.4986516484710024,-0.0006183982,0.00046402568
0.4987111795013327,-0.00057935715,0.00046434015
0.49875654608356945,-0.0003167987,0.00046465656
0.49883441003604756,-0.0007150769,0.0004644529
0.4989619535772476,-0.0006790757,0.0004646853
0.4990921913813179,-7.164478e-5,0.00046440554
0.4991257642563406,-0.0009098053,0.00046385915
0.49913613233240306,-0.0001989007,0.00046488526
0.4991586831346039,0.000980258,0.0004972452
0.4992741242708033,-0.00038588047,0.00046455616
0.49937211248938806,-0.001253128,0.0004645501
0.49954804306631806,-0.00065904856,0.00046406835
0.4995571454734482,-0.0019396544,0.00046444352
0.49959441993724985,-0.00037747622,0.00046400135
0.49970807718863397,-0.0005275011,0.00046462385
0.4997789159708397,-0.0007249713,0.0004646265
0.4999744130398569,-0.0006377697,0.0004646589
