t_phase,flux,flux_err
-0.4999532134333482,0.0007622242,0.0008820314
-0.49993271760530833,0.00045120716,0.0008820244
-0.4998222523667305,-0.0021019578,0.0008818706
-0.4998091430079066,-0.00041675568,0.0008819968
-0.49972328177268954,-2.6345253e-5,0.00088289345
-0.4996755001983244,0.0011044741,0.00088265585
-0.4996495392570476,-0.00016838312,0.0008904683
-0.499634909403989,0.00059592724,0.00088172645
-0.4995568504950433,-0.0005349517,0.0008815762
-0.49955191430584567,-0.0009752512,0.0008835717
-0.49948028651900733,-0.00018668175,0.0008818102
-0.4993249699881339,0.0007325411,0.0008818515
-0.4993044948012463,0.0010912418,0.0008828118
-0.4991940371451704,0.00043725967,0.0008829739
-0.49918090630259104,1.0251999e-5,0.0008826882
-0.49909507371238127,-0.0009742975,0.00088201865
-0.49904726981217185,0.0002850294,0.0008830101
-0.4990212785408874,-0.0011746883,0.000890328
-0.4990067076624324,-0.0003105402,0.00088133314
-0.4989286550726496,0.0017186403,0.000881987
-0.4989236902383418,0.0005877018,0.00088386703
-0.4988520354911883,0.00046145916,0.0008819075
-0.4986967269644782,0.00041103363,0.00088185695
-0.4986762719975957,-0.00087714195,0.0008825183
-0.4985658223452718,-0.00041896105,0.0008821489
-0.4985526695980983,0.0024979115,0.00088278623
-0.4984668652312342,0.00042271614,0.00088233716
-0.49841903984726943,-0.000338912,0.0008819776
-0.4983930178244187,-0.0012840033,0.00089030026
-0.4983785059208756,0.0005310774,0.00088121864
-0.4983004596498444,-0.00030207634,0.0008817548
-0.4982954661709409,-0.0013054609,0.000883598
-0.4982237848847221,0.00037920475,0.0008819238
-0.49806848351946953,-0.0015742183,0.00088157953
-0.49804804919394496,0.0012903214,0.00088256685
-0.49793760712412305,0.00073075294,0.0008823905
-0.4979244328930914,0.00061523914,0.0008824384
-0.49783865717133724,0.001248002,0.0008827886
-0.49779080946080834,0.0007919073,0.0008823702
-0.4977647571079501,0.00015676022,0.00089099334
-0.4977503041797302,-0.0008416772,0.0008815408
-0.4976722642274507,-5.9604645e-7,0.00088208826
-0.49766724210323143,-0.0003221035,0.0008832926
-0.4975955338576229,0.00010418892,0.00088209746
-0.49744024007446086,-0.00018334389,0.0008815163
-0.49741982639029436,0.0010396242,0.00088237645
-0.49730939190256296,0.00014543533,0.0008820781
-0.4972961961878787,-0.0009301305,0.00088215974
-0.49721044869008746,0.00080657005,0.00088238093
-0.4971625794958031,-0.00073319674,0.0008824173
-0.4971364963917899,0.00087320805,0.00089126173
-0.49712210243827637,-8.702278e-6,0.00088215875
-0.4970440688050569,0.00071561337,0.00088272104
-0.4970390176142718,0.0007482767,0.00088398356
-0.4969672828302152,0.00060892105,0.0008815922
-0.4968119970505994,0.00048840046,0.00088316714
-0.4967916035862324,8.46386e-6,0.00088293
-0.4966811771023558,-0.0010628104,0.0008825838
-0.4966679599038133,8.2969666e-5,0.00088227226
-0.4965822406300876,-0.0011788607,0.00088276
-0.4965343491100619,0.00026381016,0.0008833767
-0.49650823567583546,-0.00036501884,0.00089063233
-0.49649390069702815,0.00037050247,0.00088202045
-0.49641587380350183,-6.66976e-5,0.0008816688
-0.4964107935470765,0.00014567375,0.00088407326
-0.49633903180270467,-0.0015262961,0.0008823236
-0.49618375360559075,0.00013685226,0.00088195066
-0.4961633807825817,0.000410676,0.0008829473
-0.49605296188110426,0.00022089481,0.0008824763
-0.4960397231989092,8.9645386e-5,0.0008823788
-0.49595403256998505,-0.00035578012,0.0008825983
-0.49590611914474814,-0.00056415796,0.00088204944
-0.4958799749596753,-0.0006801486,0.0008905202
-0.495865699377133,-0.0014486909,0.00088072085
-0.4957876783807995,-0.00025731325,0.00088164967
-0.49578256947936705,3.6239624e-5,0.00088395126
-0.49571078119623857,0.00066137314,0.0008829156
-0.49555551016099353,0.0009008646,0.00088241114
-0.4955351579789311,0.00035715103,0.00088311645
-0.495424747081617,4.6610832e-5,0.0008822548
-0.49541148649421074,2.7775764e-5,0.00088251056
-0.49532582408883796,0.00010085106,0.0008823971
-0.49527788875818424,0.00013196468,0.0008823958
-0.49525171424310377,1.1444092e-5,0.0008903702
-0.49523749763598757,-0.0010655522,0.00088142697
-0.4951594829583029,0.0014790297,0.00088191923
-0.4951543454116576,0.00036895275,0.0008835865
-0.4950825301684194,0.00019228458,0.0008817828
-0.4949272671373378,0.0009292364,0.00088207854
-0.49490693517486906,-0.00095659494,0.00088255195
-0.4947965318600569,-0.0008211136,0.0008822172
-0.49478324978910093,-0.000102460384,0.0008821223
-0.4946976160285297,-0.0010871291,0.0008824438
-0.4946496587932817,-0.0009454489,0.00088293897
-0.4946234535269437,0.00025367737,0.00089022703
-0.49460929589484226,-0.0003541708,0.0008814159
-0.49453128753590914,-0.0008826852,0.0008813936
-0.4945261213444624,0.0003656149,0.0008835498
-0.49445427914142315,-0.0013597608,0.00088149076
-0.4942990236920206,-4.2915344e-5,0.00088167476
-0.49427871237121845,-6.991625e-5,0.00088414585
-0.4941683166384967,-0.0012254715,0.0008827287
-0.49415501350503555,-0.00014472008,0.00088275806
-0.4940694079682213,0.00033044815,0.00088221655
-0.49402142840712926,-0.0009949803,0.0008822363
-0.4939951928107835,-0.0005123019,0.0008900878
-0.4939810941532855,0.00024282932,0.00088188914
-0.49390309253445697,0.0005726814,0.0008821622
-0.4938978968558113,-0.00031292439,0.00088404963
-0.49382602853516266,-0.00044298172,0.0008820662
-0.49367078024680633,0.00015091896,0.00088184763
-0.4936504891463177,0.00077676773,0.0008825214
-0.49354010183900954,0.0005210638,0.0008823778
-0.4935267768003371,0.0008032322,0.00088315277
-0.49344119948748566,0.00032281876,0.0008825897
-0.49339319844222684,-0.00029611588,0.0008822142
-0.49336693209462334,0.0003851652,0.0008902888
-0.4933528924121402,0.00094628334,0.0008820495
-0.4932748971119604,0.00025427341,0.0008813702
-0.49326967278810174,0.0005931854,0.00088361773
-0.4931977775074464,0.00044429302,0.0008818391
-0.4930425372230477,-0.0005996227,0.0008816664
-0.49302226634225577,0.0013515949,0.0008825746
-0.49291188661744945,-0.0016653538,0.0008817946
-0.492898540095433,-2.9206276e-6,0.0008825694
-0.4928129914274859,0.0006234646,0.0008826901
-0.49276496805566283,1.1444092e-5,0.0008832778
-0.49273867137805183,0.0009676218,0.0008905234
-0.49272469067068625,8.46386e-6,0.00088112045
-0.49264670168997804,8.356571e-5,0.00088287645
-0.4926414487203923,-0.0007123351,0.00088422035
-0.4925695264800387,-0.0006298423,0.000881837
-0.4924142937785533,5.9247017e-5,0.00088220974
-0.49239404353860505,0.0008586645,0.0008829173
-0.4922836718171394,-0.0005159378,0.00088211306
-0.49227030381157333,3.9935112e-5,0.0008831439
-0.49218478336728044,1.9431114e-5,0.0008823843
-0.4921367380907604,-0.00022310019,0.0008824192
-0.49211041066158323,0.0002297163,0.000890502
-0.4921104106615832,-0.0003950596,0.0008810279
-0.4920324275782735,7.402897e-5,0.00088211324
-0.492027145964092,0.00013434887,0.00088389247
-0.4919551971848789,-0.0002642274,0.00088202633
-0.4917999716444396,0.00018239021,0.00088195875
-0.4917797420460551,0.00038576126,0.000883044
-0.49166937790719417,-6.914139e-5,0.0008835804
-0.49165598841735847,-0.00030320883,0.00088245515
-0.49157049619723403,0.00080275536,0.0008824119
-0.4915224294372672,-0.0016026497,0.00088190107
-0.4914960712568322,0.000477314,0.0008898558
-0.4914822089206435,0.0005725622,0.00088138436
-0.4914042325768213,-0.0013228059,0.0008820451
-0.49139892189689677,-0.0004748106,0.0008835011
-0.4913269461573683,0.00024974346,0.0008820137
-0.49117172862037256,-0.00096029043,0.00088152516
-0.4911515192419931,-0.0008954406,0.0008825136
-0.4910411631072955,0.0006250143,0.00088209956
-0.49102775171245433,0.0007929802,0.00088315556
-0.4909422881372343,0.0002757311,0.00088235806
-0.49089419905080617,-0.00065612793,0.00088264415
-0.4908678105406721,0.00029218197,0.0008910007
-0.4908540071791896,-0.0012188554,0.00088120095
-0.4907760371543247,-0.00084608793,0.00088217575
-0.49077069782908445,-0.0005111098,0.0008843463
-0.49069869555100504,0.0006994009,0.0008818149
-0.4905434851758781,-0.00064361095,0.00088185
-0.49052329685959256,-0.0009214282,0.00088221364
-0.4904129478861468,-0.00012755394,0.0008828987
-0.490399515429006,-0.00095552206,0.00088228646
-0.4903140800770288,-0.00087332726,0.00088216737
-0.49026596908549236,1.1444092e-5,0.00088213565
-0.4902395498244091,0.00079250336,0.00088994834
-0.49022580543773575,-0.0009557605,0.00088191836
-0.49014784173172526,-0.00072067976,0.00088103977
-0.4901424733402277,8.2969666e-5,0.0008835705
-0.49007044452318593,0.0007646084,0.0008821031
-0.48991524215211957,-0.0005927086,0.00088186085
-0.48989507405594196,-0.0014339685,0.00088231487
-0.4897847330858368,8.46386e-6,0.00088244403
-0.4897712787237934,-0.0007714033,0.00088295416
-0.4896858715954704,-0.00075888634,0.00088189245
-0.4896377386993398,-0.00011104345,0.0008828659
-0.4896112891081461,0.0009889603,0.00088995975
-0.48959760411804615,-0.00061124563,0.0008815833
-0.4895196463092286,-0.0003501773,0.0008818212
-0.48951424927303244,-0.0013047457,0.00088328775
-0.48944219349598395,0.0005276203,0.00088163296
-0.48928699870690523,0.0013821125,0.00088238757
-0.4892668512522913,-0.0010088682,0.00088278786
-0.48915651786468806,0.0011687279,0.0008826667
-0.4891430420185807,-0.0001527071,0.00088206993
-0.48905766353557345,-0.0010008812,0.0008823063
-0.4890095087344374,0.0009391308,0.00088261627
-0.48898302839178026,-0.00032871962,0.0008892327
-0.48896940237690084,-0.0002207756,0.00088120473
-0.4888914513079821,-0.0006414056,0.0008817141
-0.48888602520563146,0.0005578995,0.00088411715
-0.4888139428898263,-0.00042641163,0.0008815308
-0.48865875526158803,-0.00031608343,0.00088223617
-0.4886386284482293,-0.0014657378,0.00088192784
-0.48852830306478945,0.00040876865,0.0008825759
-0.4885148057351324,0.0012443066,0.0008823505
-0.4884294554758822,1.21593475e-5,0.0008829059
-0.48838127876953497,-0.0016251206,0.0008822532
-0.48835476767562014,0.0005816221,0.00088972994
-0.48834120063544695,-0.00017356873,0.00088110595
-0.48826325588538266,0.0013811588,0.0008829286
-0.48825780113781914,0.00012648106,0.0008838976
-0.4881856918624186,-0.00038790703,0.0008821154
-0.4880305122379323,-0.00090003014,0.00088232994
-0.4880104056442701,-0.00029349327,0.00088251766
-0.48790008784322936,0.0011259317,0.0008826089
-0.48788656903022826,6.0081482e-5,0.0008826909
-0.48780124741577957,0.0005682707,0.0008828495
-0.487753048382971,-0.00041645765,0.00088277546
-0.48772650695935715,-0.000744462,0.00088916835
-0.48771299931524315,0.0008034706,0.0008815694
-0.48763506046288607,-0.00045645237,0.00088162953
-0.4876295770702125,-0.00035852194,0.0008843832
-0.487557441256261,0.00082683563,0.0008822291
-0.48740226879333504,0.0015593767,0.0008820542
-0.48738218284092805,-0.00057309866,0.0008820901
-0.4872718730433307,-0.0001423955,0.00088330335
-0.4872583323250156,-0.0010830164,0.00088250975
-0.48717303893422115,-0.0013411045,0.0008820286
-0.4871248184180686,-0.0009086132,0.00088271603
-0.48709824624309417,-0.0010604262,0.0008892768
-0.4870847975740978,0.00020432472,0.0008816475
-0.48700686546163957,0.0010458231,0.0008821302
-0.4870013530027087,0.0012613535,0.0008839804
-0.48692919022844194,-0.0005559325,0.0008822614
-0.4867740257693708,-0.00047945976,0.0008817748
-0.4867539600372774,0.00020170212,0.00088254624
-0.4866436582434321,0.0003796816,0.00088236545
-0.48663009604105306,-0.00030344725,0.0008820349
-0.48654483087463274,0.00024402142,0.0008823413
-0.48649658845337185,-0.0004349947,0.00088322355
-0.486469985526934,-0.00061774254,0.00088900066
-0.4864565958328496,0.00058329105,0.00088124524
-0.4863786700390401,-0.0013652444,0.00088174565
-0.4863731289356163,-0.0008369088,0.00088322343
-0.4863009396222843,-0.00026082993,0.00088186027
-0.48614578232405364,-0.00062555075,0.0008819138
-0.4861257372332154,0.0008366108,0.00088240876
-0.486015443021872,-0.0006121397,0.00088200293
-0.4860018593361489,-0.00076937675,0.0008820949
-0.48591662281442727,4.7683716e-6,0.00088289677
-0.4858683580670136,0.0002874136,0.0008828585
-0.48584172481046534,0.00037837029,0.00088952616
-0.4858283940913957,-0.001211226,0.00088102504
-0.48575047461623494,0.00056409836,0.0008823003
-0.4857449044465539,-0.00047188997,0.0008835031
-0.4856726885948766,-1.3709068e-6,0.0008827907
-0.48551753930070646,-0.00034713745,0.00088233367
-0.48549751442956474,-0.00025731325,0.00088243955
-0.48538722822197333,0.00021505356,0.00088264875
-0.4853736226314505,0.0005502701,0.0008822081
-0.485288414754119,0.00014781952,0.00088261004
-0.4852401281016998,-0.0019697547,0.00088191504
-0.48521346409420235,-3.695488e-6,0.0008891042
-0.4852001927715005,0.00015902519,0.00088170223
-0.4851222796150913,0.00042450428,0.00088229607
-0.48511668037884437,-0.0010094643,0.00088479574
-0.4850444379883076,0.00037932396,0.00088174804
-0.4848892958556978,0.00060009956,0.00088182546
-0.48486929162591413,-0.00027495623,0.0008823497
-0.48475901300082463,-0.000798285,0.00088224415
-0.4847453863473851,-8.6426735e-5,0.0008822117
-0.48466020669422205,-0.00063347816,0.00088239077
-0.4846118981367974,-0.0006272793,0.00088240317
-0.48458520337845357,-4.2259693e-5,0.00088910107
-0.4845719910302523,-0.00031125546,0.00088184426
-0.48449408419290324,-0.0005851388,0.00088174903
-0.48448845631175197,-0.0012629032,0.000883406
-0.4844161869608999,1.1444092e-5,0.0008822066
-0.4842610528318364,0.0010969639,0.00088357413
-0.48424106924310223,0.00015425682,0.0008823749
-0.48413079820061744,-0.00018370152,0.00088328664
-0.4841171496422753,0.00086951256,0.0008832086
-0.48403199821266363,-0.000620842,0.00088190363
-0.483983668171895,-0.00046145916,0.0008817781
-0.48395694266188205,-0.0007003546,0.00088907895
-0.4839437892887984,-0.00024282932,0.0008815255
-0.4838658887703038,-0.0005481243,0.000882261
-0.48386023224393965,9.1314316e-5,0.0008848424
-0.4837879363547423,-0.00031244755,0.00088189833
-0.4836328093865192,-4.8160553e-5,0.0008818472
-0.48361284643914304,-0.001160562,0.00088195445
-0.48350258340061597,-0.0004966855,0.00088286406
-0.483488913358827,-0.00095003843,0.00088214816
-0.4834037901527667,0.0010871887,0.0008831006
-0.4833554377856396,5.0783157e-5,0.0008832241
-0.4833286823665607,0.0014282465,0.00088943867
-0.48331558796890317,8.46386e-6,0.0008818538
-0.48323769376874876,0.0014644861,0.0008820308
-0.48323200817623013,0.00016820431,0.0008835795
-0.48315968532733455,-0.00025850534,0.0008817476
-0.4830045663628635,-0.0001912117,0.0008821753
-0.4829846236353896,8.46386e-6,0.0008835604
-0.4828743681794673,0.00018310547,0.00088220404
-0.48286067665392285,-0.0005275011,0.00088244857
-0.48277558209286975,-2.4020672e-5,0.00088266964
-0.4827272078204286,0.00022161007,0.0008827935
-0.4827004216504005,-0.00047826767,0.00088893104
-0.4826873862277578,-0.0010226965,0.0008808825
-0.48260949834656064,0.0020318031,0.0008822993
-0.48260378410872634,-0.00077557564,0.00088326586
-0.482531434721177,-0.00015813112,0.0008812972
-0.4823763229181634,1.1444092e-5,0.0008829713
-0.4823564008321503,-0.0014590621,0.0008824871
-0.4822461533795686,-0.00035578012,0.00088200415
-0.48223244036985746,0.00034201145,0.00088238146
-0.4821473740329728,0.00015079975,0.00088249915
-0.4820989778555262,1.1444092e-5,0.00088227127
-0.4820721609342404,-0.00064873695,0.00088880234
-0.4820591849074512,0.00044691563,0.00088193285
-0.48198130334521133,0.0002683401,0.00088241295
-0.4819755600413254,-0.00011742115,0.0008835688
-0.4819031836933579,-0.00094521046,0.0008814846
-0.4817480798945077,-0.0011817813,0.00088183506
-0.4817281780280883,0.0009847879,0.000883317
-0.4816179381580085,-0.00092095137,0.00088187534
-0.48160420366464485,-0.00011521578,0.00088241993
-0.48151916597307587,0.0005636215,0.0008824318
-0.48147074746957935,0.00066542625,0.0008826712
-0.4814439002183888,0.00077700615,0.0008894017
-0.48143098316630584,-0.00050860643,0.00088141515
-0.48135310792240615,0.00039219856,0.00088187814
-0.48134733597392443,1.1444092e-5,0.0008837828
-0.48127493308720026,0.00070500374,0.00088228687
-0.48111983644929335,0.00018584728,0.0008819003
-0.4810999556452764,-0.00020098686,0.00088239816
-0.4809897233579042,0.000813961,0.0008823911
-0.480975967380888,0.0004724264,0.00088260416
-0.48089095791276754,0.00013542175,0.00088225177
-0.4808425175043684,-0.00079506636,0.0008827579
-0.4808156395019201,-0.0008568764,0.0008886142
-0.4808027814251605,-0.0005713701,0.0008812488
-0.4807249125000124,-4.810095e-5,0.0008827505
-0.48071911190621497,0.00059473515,0.0008836782
-0.4806466824810427,0.00012302399,0.00088147545
-0.48049159342553477,0.00028514862,0.0008822541
-0.48047173284203715,0.00059461594,0.0008828184
-0.48036150855821125,-0.00067967176,0.0008819602
-0.48034773067639525,0.0009981394,0.0008824125
-0.4802627494316205,-0.00036758184,0.0008825473
-0.4802142875391574,0.000513196,0.0008827632
-0.48018737878534856,-0.00078320503,0.00088931253
-0.48017458010485387,0.00069355965,0.0008817095
-0.4800967174984574,7.069111e-5,0.0008820821
-0.4800908878387112,0.00027513504,0.0008838336
-0.480018431453635,-2.7477741e-5,0.0008819685
-0.4798633504018791,-0.0011714697,0.0008817225
-0.4798435100379751,-7.5280666e-5,0.0008827498
-0.47973329375790125,0.00052177906,0.0008820663
-0.4797194943923298,-7.945299e-5,0.00088180613
-0.47963454137131223,-0.00033897161,0.0008828665
-0.479586057574255,-0.0015813708,0.0008821938
-0.47955911849074706,-0.00083345175,0.00088892115
-0.4795463783637085,0.00038290024,0.0008816431
-0.4794685220760636,-0.00054979324,0.00088187796
-0.4794626637717216,0.00077855587,0.00088381465
-0.4793901808473745,-0.00067567825,0.0008820305
-0.47923510695697324,1.3113022e-5,0.0008824735
-0.47921528723401596,0.0005043745,0.000882692
-0.4791050785365468,-0.0013003945,0.00088194234
-0.4790912576871172,-0.0012155175,0.0008823373
-0.47900633331120956,-0.0009768605,0.0008822762
-0.4789578276092497,0.0008291006,0.0008829668
-0.4789308577744841,1.1444092e-5,0.000889346
-0.4789181770438133,0.00045609474,0.0008812676
-0.4788403270749199,-0.001124382,0.00088222837
-0.47883443970390926,7.5101852e-6,0.00088384637
-0.47876192981965826,1.1444092e-5,0.00088181294
-0.4786437209653086,0.00078213215,-2.9703971e-5
-0.4786068639329062,0.0005286932,0.0008821131
-0.4785870648515126,-0.0006226301,0.0008821948
-0.4784768637368539,-0.00073993206,0.00088203885
-0.47846302140377167,0.0007263422,0.0008828855
-0.47837812525151835,-0.00089102983,0.0008827889
-0.47832961432136745,0.0007311106,-2.9703971e-5
-0.47830259705811823,0.000710845,0.00088912615
-0.47828997530225653,0.0005649328,0.00088214077
-0.4782121316525262,-0.00027680397,0.0008823178
-0.47820621563609694,1.1444092e-5,0.00088377553
-0.47813367921350064,-0.00016903877,0.00088206027
-0.47801550767742634,0.0006799698,-2.9703971e-5
-0.4779786204877947,0.0014377832,0.00088278035
-0.47795884204786193,0.00069129467,0.0008823272
-0.4778486489369553,-0.00038337708,0.00088206935
-0.4778347846988676,-0.0012851357,0.0008824694
-0.4777499171916214,0.000116467476,0.0008823466
-0.47770140103348524,0.0006289482,-2.9703971e-5
-0.4776743363415467,-0.00010788441,0.00088839256
-0.47766177356069983,-0.0008537173,0.00088166207
-0.4775839366513825,-6.2942505e-5,0.0008815448
-0.477577991568696,0.00036156178,0.00088418805
-0.47750542860754874,-0.0005404949,0.00088236894
-0.4773872943895441,0.0005776882,-2.9703971e-5
-0.47735037746434467,-0.00047713518,0.0008824253
-0.47733061924421133,0.0006502867,0.0008830395
-0.4772204337153952,0.00036597252,0.0008824549
-0.4772065484148022,0.0009176731,0.00088228215
-0.4771217091313131,0.00033688545,0.000882513
-0.477073187745603,0.000521183,-2.9703971e-5
-0.4770460756253866,0.0002117157,0.00088866573
-0.47703357224080456,0.000664711,0.00088152464
-0.47695574122857737,0.00037169456,0.00088219915
-0.47694976750129503,-7.4505806e-5,0.00088320253
-0.4768771775798325,0.00016486645,0.0008813197
-0.4767590811016618,0.00045847893,-2.9703971e-5
-0.47672213444068895,0.00043451786,0.00088218565
-0.4767023968613994,0.00070667267,0.00088200514
-0.47659221891529086,-0.00037813187,0.00088239583
-0.47657831170948667,-0.0005559325,0.0008827134
-0.47649350107141614,-0.0003682971,0.00088308076
-0.4764449744577207,0.00036859512,-2.9703971e-5
-0.4764178153306822,-0.00039368868,0.00088798715
-0.4764053705000706,1.8239021e-5,0.0008818391
-0.47632754622743373,-0.0006213188,0.00088170276
-0.4763215434338941,-0.000423491,0.0008837317
-0.47624892697336635,-0.0003824234,0.00088195544
-0.4760938909953718,-0.00028192997,0.0008822672
-0.47607417405774877,0.0014410019,0.00088314875
-0.4759640041152894,-0.0001463294,0.000883713
-0.4759500754258327,0.0009254217,0.00088247535
-0.4758652930115192,-0.00039857626,0.00088316516
-0.4757895546145221,-0.00036883354,0.0008879685
-0.475777169179764,0.00077450275,0.00088235334
-0.47569935080462855,0.00054705143,0.00088267046
-0.4756933193660818,0.000736475,0.00088362844
-0.47562067636720873,0.00043725967,0.0008822613
-0.4754656479717161,-0.0009878874,0.0008823808
-0.4754459512545095,0.001175046,0.0008824155
-0.4753357893152879,-0.00023716688,0.00088226225
-0.47532183872133993,0.00064241886,0.0008826494
-0.4752370849512109,0.00048947334,0.0008824306
-0.4751612938980534,0.00024151802,0.0008886809
-0.4751489674382072,-5.51939e-5,0.0008819331
-0.4750711553819263,0.0007250309,0.0008829039
-0.4750650952986808,-0.0011312962,0.00088357896
-0.4749924257609483,0.0008453131,0.0008821359
-0.47483740494806037,-0.0001937747,0.00088245876
-0.4748177288716976,1.0728836e-6,0.000882747
-0.4747075740939335,-3.6895275e-5,0.000882685
-0.47469360243727454,-0.0011329055,0.00088238413
-0.47460887689100545,-0.00018322468,0.00088240043
-0.4745330331817904,0.00030648708,0.0008892345
-0.4745207661187234,-0.0006182194,0.0008818181
-0.47444296038109113,-0.00090128183,0.00088168884
-0.4744368712315884,0.00024318695,0.00088417216
-0.4743641747338491,-0.000107586384,0.00088165037
-0.47420916150315456,0.00053334236,0.0008815692
-0.4741895060676356,-6.502867e-5,0.00088204595
-0.474079359293932,-0.000111460686,0.00088215066
-0.47406536573195907,0.00028443336,0.00088306883
-0.47398066883100565,-3.8146973e-6,0.0008820409
-0.4739319870463988,-4.4345856e-5,0.00088222197
-0.4739047728868804,0.0011860132,0.0008883903
-0.47389256437716665,-0.00057041645,0.0008818548
-0.473814764958286,0.00033795834,0.00088261726
-0.47380864716387894,0.00037395954,0.0008839423
-0.4737359241272801,0.0011382103,0.0008825546
-0.47358091847908745,-0.00056910515,0.0008817588
-0.473561283263985,-5.5789948e-5,0.00088259456
-0.47345114449434195,0.0012644529,0.00088314875
-0.4734371294487164,-0.00049072504,0.0008824977
-0.4733524607711087,-0.000986278,0.00088245457
-0.47330375708149636,-2.7179718e-5,0.00088273356
-0.47327651217072025,-0.0008174181,0.00088776276
-0.47326436305686004,0.00031149387,0.00088194606
-0.47318656995683384,-0.00017672777,0.0008821812
-0.4731804230960666,-0.0007366538,0.0008845625
-0.473107673520814,0.00016117096,0.0008816272
-0.47295267545512326,0.0009723902,0.00088192144
-0.4729330608812759,0.00011122227,0.00088251854
-0.47282292969403195,0.00018107891,0.0008823569
-0.47280889316495955,-0.0009420514,0.0008823186
-0.4727242527110061,0.0005377531,0.0008831137
-0.4726755271164911,-0.0004298687,0.00088249746
-0.47264825145414874,0.0004553795,0.0008882377
-0.4726361613157147,0.00323236,0.000883104
-0.4725583749559987,0.00057065487,0.0008822581
-0.47255219902866563,-0.0004838705,0.0008841112
-0.47247942249371483,0.0003029108,0.00088208885
-0.472324432010526,0.00050008297,0.0008818734
-0.47230483807752244,-0.0006426573,0.00088290515
-0.4721947148939276,-0.00054848194,0.0008823254
-0.4721806564597469,0.0011860132,0.00088242564
-0.4720960446510063,0.00032413006,0.0008823887
-0.4720472971514858,0.0017720461,0.00088226487
-0.472019991159033,-0.00070244074,0.00088792405
-0.47200795999551093,0.0026899576,0.00088203634
-0.47193017953319355,0.00010883808,0.00088262185
-0.4719239749608533,0.0005108118,0.00088416407
-0.4718511718875572,-0.00032663345,0.0008819662
-0.47169618898687027,0.00045752525,0.00088216644
-0.4716766156951219,-0.00070619583,0.000881741
-0.47156649967267605,-0.0011541843,0.0008821905
-0.4715524201756815,0.0015693903,0.00088281085
-0.4714678365914179,0.00028336048,0.0008822909
-0.4714190671865834,0.00037801266,0.0008824049
-0.4713917304430785,0.00028073788,0.0008879812
-0.4713797582542627,0.00014066696,0.00088215637
-0.4713019845318442,0.0017200708,0.00088277715
-0.4712957508934524,0.0006753206,0.0008840266
-0.4712229212809882,0.0005239248,0.0008817929
-0.47106794596280316,-0.00028079748,0.00088196044
-0.47104839289147127,-0.0003143549,0.0008823528
-0.47093828487246886,0.00052165985,0.0008828268
-0.47092418347077736,-0.0007482767,0.000882118
-0.4708396285311096,-0.00031381845,0.00088310504
-0.47079083722137244,0.00042510033,0.00088268536
-0.4707634697269184,5.4955482e-5,0.00088819326
-0.47075155693436743,0.0009485483,0.0008823037
-0.4706737891093476,0.0005892515,0.000881376
-0.4706675268260514,-4.643202e-5,0.00088367064
-0.4705946706745221,-0.0011566877,0.0008817986
-0.47043970293914744,0.0004478693,0.00088218204
-0.47042017008782067,-0.00036656857,0.0008826939
-0.47031007007257025,0.00022876263,0.0008823993
-0.47029594718732903,0.00028061867,0.0008820556
-0.47021142047090414,5.9843063e-5,0.000882344
-0.47016260725636716,0.00024533272,0.00088313344
-0.47013520943200837,0.00019812584,0.00088813907
-0.4701233551932221,-0.00044631958,0.0008821072
-0.4700455941081011,-0.0001218915,0.0008821205
-0.47003930275865047,0.0005464554,0.0008836588
-0.4699664200682616,0.0010969639,0.0008819012
-0.46981145949424163,0.0004544258,0.0008822013
-0.46979194770500876,0.00025486946,0.0008837031
-0.4696818552725688,-0.0010315776,0.00088196195
-0.46966771090346937,0.00020718575,0.0008821707
-0.46958321241090434,-0.0011896491,0.0008827007
-0.4695343768702146,0.0008838177,0.0008829592
-0.46950694871584825,0.0015170574,0.00088811433
-0.46949515387332685,0.00064361095,0.00088185724
-0.4694173986857073,0.00033593178,0.00088278815
-0.46941107869124954,0.0009371042,0.00088427746
-0.4693381690412653,0.0012061596,0.00088167185
-0.469183216470586,0.0003002882,0.00088184804
-0.4691637249013581,-9.000301e-5,0.00088211184
-0.4690536404725673,0.0006505251,0.00088249194
-0.46903947419815384,0.0004056692,0.00088284677
-0.46895500435080173,-4.708767e-5,0.0008822078
-0.4689061469051065,0.00093364716,0.0008819634
-0.4688786879992767,-0.00014668703,0.0008881689
-0.46886695255302024,-0.00095415115,0.00088155933
-0.46878920368425514,0.0016285181,0.0008826456
-0.46878285462343716,-8.922815e-5,0.000884229
-0.46870991843469634,-9.536743e-5,0.0008820255
-0.4685549734468274,-0.00051659346,0.0008817958
-0.4685355025185462,0.0015476942,0.000882237
-0.4684254256726687,0.0010746717,0.0008824937
-0.4684112379148084,0.00022625923,0.00088212045
-0.4683267962909048,0.0002155304,0.0008827382
-0.46827791694010124,-0.00011497736,0.0008823475
-0.46825042770436665,0.00025451183,0.0008878985
-0.4682387508118749,0.0011515617,0.00088203273
-0.4681610082617585,-0.00012791157,0.0008817238
-0.46815463055603623,0.0003437996,0.0008840592
-0.4680816678281273,0.00031995773,0.0008816458
-0.46792673042286315,-0.00051671267,0.00088234444
-0.46790727971468987,-0.00078088045,0.0008824271
-0.4677972108724615,8.332729e-5,0.0008826034
-0.4677830016310515,0.0005193949,0.0008834584
-0.46769858823090504,0.00052297115,0.0008824815
-0.46764968697509596,-0.0005233884,0.0008825472
-0.4676221669882065,0.00046515465,0.00088765274
-0.46761054949167113,-3.963709e-5,0.00088132906
-0.46753281326061485,-0.00056540966,0.0008829781
-0.4675264064886353,-3.9577484e-5,0.0008829904
-0.4674534172223811,-0.00038337708,0.00088168413
-0.46729848697795734,-0.00025582314,0.000882026
-0.46727905733249503,0.0006533861,0.0008822547
-0.46716899565120995,-0.00019043684,0.0008826327
-0.4671547649259417,-0.0010343194,0.0008824839
-0.46707038017090524,0.0001450777,0.0008824956
-0.4670214570101935,-0.0008023381,0.0008815191
-0.466993906271635,-0.00030004978,0.0008876584
-0.46698234775021724,8.46386e-6,0.0008818296
-0.46690461825916263,-0.0012235045,0.0008822469
-0.466898182420823,-0.0011116862,0.00088508584
-0.46682516661612067,0.00027632713,0.0008821275
-0.4666702439541988,0.00057065487,0.00088171544
-0.4666508345288444,0.00017535686,0.0008823934
-0.4665407808511056,0.0008393526,0.0008827224
-0.4665265286418763,-0.0009215474,0.0008824366
-0.4664421721110083,-0.0010174513,0.00088212785
-0.46639322704529107,-0.0007292628,0.0008815097
-0.466365645976725,-0.0009840727,0.0008870986
-0.4663541464305277,0.0010285378,0.00088183413
-0.46627642283666604,-0.00036484003,0.0008820811
-0.4662699587746721,-0.00026375055,0.00088380725
-0.4661969160098602,-0.000271976,0.0008819659
-0.46604200093044024,0.0006759167,0.0008819649
-0.4660226121460325,0.0006598234,0.0008822102
-0.4659125660507956,0.0012100935,0.0008823025
-0.4658982923582223,0.00021231174,0.0008819129
-0.46581396405080283,-9.506941e-5,0.00088243687
-0.46576499707997726,0.000101327896,0.0008823756
-0.46573738526056485,0.00016319752,0.0008872919
-0.4657259451103239,-0.00061422586,0.00088145817
-0.4656482278353167,-0.0020735264,0.0008811088
-0.46564173470727116,-0.0001334548,0.0008836926
-0.4655686654034969,0.000101685524,0.00088233897
-0.4654137579067846,0.0011407137,0.00088383956
-0.46539438934238186,0.0002374649,0.0008827754
-0.4652843512511027,-0.0009943843,0.0008819846
-0.46527005607477395,-0.0005965233,0.00088213914
-0.46518575599080303,0.001539588,0.0008829021
-0.46513676711507485,0.00031471252,0.0008830647
-0.46510912496565476,-0.0005390644,0.00088722387
-0.46509774336887,-1.2516975e-6,0.0008814588
-0.46502003241251155,0.000546813,0.00088175235
-0.46501351063987023,0.00036168098,0.00088365824
-0.46494041479692794,-0.0011429191,0.0008817088
-0.4647855148828203,0.0006080866,0.0008815797
-0.46476616695998135,-0.00048667192,0.00088233134
-0.46465613645120407,0.0010951757,0.00088324683
-0.46464181936956134,-0.00077450275,0.0008820567
-0.4645575479307004,-0.0007427335,0.0008826953
-0.46450853715017243,-0.0010840893,0.00088209385
-0.4644808642497003,-0.0014494658,0.00088688993
-0.46446954204918045,-0.00048947334,0.000881284
-0.46439183741167644,0.00034570694,0.00088166376
-0.46438528657246925,-0.00039625168,0.0008841799
-0.46431216419107885,0.0003284216,0.00088244793
-0.46415727185906175,-0.00045752525,0.00088182493
-0.46413794457716945,0.00067555904,0.0008831808
-0.46402792165109974,8.46386e-6,0.0008821562
-0.46401358308559876,0.0008866787,0.0008826992
-0.46392934029164223,8.46386e-6,0.00088228896
-0.4638803071848586,-0.0004441738,0.0008822851
-0.46385260395437894,-0.002087891,0.00088662934
-0.46384134072928523,-0.00094383955,0.0008823922
-0.4637636424102242,0.0002259016,0.0008816939
-0.4637570625046569,0.0020371675,0.00088441046
-0.4636839131635683,-6.937981e-5,0.0008821022
-0.46352902841415594,-0.0001270771,0.0008818516
-0.4635097217733131,-8.523464e-5,0.0008826848
-0.46339970685109827,-2.7477741e-5,0.0008825882
-0.46338534680215043,0.00019431114,0.0008827088
-0.46330113223195096,0.00023114681,0.00088234065
-0.4632520772199562,-0.001283288,0.000882102
-0.4632243432380131,-7.2300434e-5,0.0008870906
-0.46321313898783134,3.9696693e-5,0.00088182825
-0.4631354469874191,0.00022602081,0.000882768
-0.463128838437256,-0.0004723668,0.00088391616
-0.463055662557205,0.0011256933,0.000881886
-0.46290078539029456,0.00031387806,0.0008831157
-0.46288149939080975,-0.00060242414,0.00088196393
-0.4627714920510968,8.46386e-6,0.000882143
-0.46275711009724635,-0.00034737587,0.0008821372
-0.46267292417184835,0.00083220005,0.000882645
-0.46262384725505373,-0.001856029,0.00088218757
-0.4625960829430002,-0.00021243095,0.0008875654
-0.46258493766762754,-0.0021061301,0.0008805817
-0.46250725198658393,-0.00083088875,0.00088108005
-0.4625006143694437,0.0004928112,0.0008838032
-0.46242741195094456,-0.0013574362,0.0008819527
-0.46227254236653603,-0.00019204617,0.0008819511
-0.4622532765874676,0.0004911423,0.00088282325
-0.4621432772509925,-0.00051140785,0.0008832508
-0.46212887381328377,-0.0004646778,0.00088215165
-0.46204471611154,0.0006508827,0.0008827593
-0.4619956172901513,-0.0007562041,0.0008824332
-0.4619678222267372,0.00011134148,0.0008870153
-0.4619567363477323,0.0003529787,0.0008811288
-0.46187905698533743,-0.0006432533,0.0008819455
-0.46187239072298425,0.00066268444,0.0008836105
-0.4617991613446841,-0.000580132,0.0008817605
-0.46164429934277745,-0.00034099817,0.00088193896
-0.4616250542046557,-0.00088882446,0.0008820229
-0.4615150624506825,0.0008684397,0.0008846533
-0.46150063752932124,-0.0009608269,0.0008822956
-0.4614165080518488,-0.000533998,0.00088355644
-0.4613673873252489,-0.00094795227,0.0008826078
-0.4613395619322386,-4.887581e-5,0.000886955
-0.4613285346064841,-0.00028550625,0.0008824671
-0.461250861562738,-0.0009189844,0.00088221586
-0.46124416665589185,-0.00084888935,0.00088327366
-0.46117091073852645,-0.00079900026,0.00088147225
-0.46101605631912174,-0.0013129115,0.00088209414
-0.46099683182204954,-0.00041389465,0.00088249147
-0.46088684765078386,-0.000369668,0.0008821233
-0.4608724012456672,-0.00079107285,0.000882294
-0.46078829999195187,0.00060999393,0.0008830322
-0.4607391573599351,0.0012180805,0.0008824481
-0.46071130121566706,0.00012493134,0.00088694616
-0.46070033328628035,-0.0006248951,0.00088092906
-0.46062266656118295,-0.0008685589,0.0008809493
-0.4606159425884909,3.8146973e-5,0.0008836733
-0.46054266013206036,0.00020134449,0.0008820963
-0.4603878132954661,0.0009287596,0.00088227633
-0.46036860901860455,0.0008493662,0.00088223425
-0.4602586328510909,-4.5776367e-5,0.0008830129
-0.46024416496221887,0.0008224249,0.0008827089
-0.46016009235309935,-0.00046223402,0.0008826051
-0.46011092781628277,0.00066542625,0.0008827586
-0.46008304092034563,-0.0005020499,0.0008872859
-0.4600721319663851,8.46386e-6,0.0008813992
-0.4599944715600393,0.0008393526,0.0008818718
-0.4599877185206786,0.00014221668,0.0008836118
-0.4599144095255942,0.0002862215,0.0008821498
-0.45975957027139897,-0.0005824566,0.0008826909
-0.45974038663620403,-0.00082296133,0.000882077
-0.4596304180508838,0.00021839142,0.00088215905
-0.4596159282569034,-0.0011628866,0.0008823078
-0.459531884292791,0.00016009808,0.00088190136
-0.45948269785138035,0.0008484125,0.0008828273
-0.45945478020459685,0.00066125393,0.0008870208
-0.4594439302251369,0.00087857246,0.0008819918
-0.4593662761376455,0.00054705143,0.0008821122
-0.4593594944532776,-0.0015380979,0.0008833928
-0.4592861589196423,-0.0002425313,0.0008817361
-0.45913132724774325,0.0005983114,0.00088197243
-0.45911216425339213,-0.0003284216,0.0008824341
-0.45900220325067664,0.00060892105,0.0008821217
-0.4589876919730437,0.00041508675,0.0008822715
-0.4589036762328941,-0.0003477931,0.00088222336
-0.45885446788606654,0.0007754564,0.0008827238
-0.4588265199096868,0.0016762018,0.0008868645
-0.4588157289049331,-0.00024849176,0.0008811002
-0.4587380811360905,-0.00023180246,0.0008825524
-0.4587312703858767,-0.0005738735,0.0008834732
-0.4586579083134847,0.0010052919,0.0008826107
-0.4585030842240876,-0.0014412403,0.0008816791
-0.458483941449433,0.0001295805,0.0008831856
-0.4583739884509837,0.00012814999,0.0008822371
-0.45835945568959535,0.0015838146,0.00088275
-0.45827546817299714,0.0006171465,0.0008821223
-0.4582262379211641,-0.00051259995,0.0008825442
-0.4581982591931153,0.0011996031,0.0008870331
-0.4581875275850379,-0.0008484721,0.00088133814
-0.45810988613494685,-0.00034058094,0.00088120904
-0.45810304673972585,9.3340874e-5,0.000884974
-0.45802965770732706,1.1444092e-5,0.00088147086
-0.45787484120012334,0.000118136406,0.0008821505
-0.4578557190669296,0.000934124,0.0008826306
-0.4577457736508794,-0.00046801567,0.00088274275
-0.45773121940594136,-0.0007838011,0.0008818788
-0.45764726011268886,-0.00048434734,0.0008825655
-0.45759800795626165,-0.00081545115,0.0008820621
-0.4575699988977939,-0.00081151724,0.00088663795
-0.4575593262650398,-0.0006172657,0.0008812286
-0.45748169113380316,-0.00041884184,0.0008825005
-0.45747482267191353,-0.00033402443,0.0008836197
-0.4574014075224196,-0.00026023388,0.00088276376
-0.45724659775511467,0.0004720688,0.00088212284
-0.45722749668452906,-0.00058943033,0.00088205666
-0.45711755885056937,0.0003452301,0.0008825786
-0.45710298312187597,-0.0001989007,0.0008826395
-0.457019052474042,-0.0008636713,0.0008827138
-0.45696977799135924,0.0003992319,0.00088308577
-0.45694173818163375,0.0007326603,0.00088745344
-0.4569311245235859,-0.0006697774,0.00088111736
-0.45685349571099804,-0.00066936016,0.0008817176
-0.4568465986041012,-0.00026607513,0.0008839677
-0.4567731569158506,-0.0006798506,0.00088176754
-0.45661835473145895,0.0009599924,0.0008831823
-0.45659927430182,-0.0006865859,0.000881758
-0.45648934405067076,8.46386e-6,0.00088196766
-0.45647474683801625,1.1444092e-5,0.0008821601
-0.45639084441435074,-0.00050234795,0.00088197435
-0.4563415480264568,-2.5987625e-5,0.0008828938
-0.45631347788703225,0.0005584955,0.0008869729
-0.45630292320369065,-0.00084525347,0.0008810524
-0.4562253007098544,0.00053977966,0.00088245096
-0.4562183745371116,0.0017569065,0.0008833597
-0.45614490630969295,-0.00023519993,0.00088240847
-0.45599011170780324,2.8252602e-5,0.0008824701
-0.45597105149806655,-1.8894672e-5,0.0008824524
-0.4558611292507721,0.00090026855,0.0008831412
-0.4558465101330093,0.00034213066,0.00088231824
-0.45576263635414527,8.46386e-6,0.00088198215
-0.455713318061143,0.0012902021,0.00088355504
-0.45568521759201935,-0.0015449524,0.0008866171
-0.45567472188379543,0.00085544586,0.0008817064
-0.4555971057087107,0.000279665,0.0008820796
-0.4555901504696078,-0.0007019639,0.0008837623
-0.4555166557035354,0.00016832352,0.00088196964
-0.45536186868435324,-0.0007479191,0.00088209513
-0.4553428291160774,0.00054979324,0.0008825424
-0.4552329148720208,-0.0012805462,0.00088212785
-0.4552182738496638,0.00010037422,0.00088255596
-0.45513442829393985,-0.0002618432,0.0008823592
-0.4550850880962406,-1.8119812e-5,0.000883629
-0.4550569568756535,-0.00051796436,0.00088687846
-0.45504652056348877,0.0010001659,0.00088163523
-0.45496891070715567,-5.185604e-5,0.0008816034
-0.45496192682314845,-0.0006483793,0.0008838449
-0.4548884050969664,0.00053703785,0.00088191486
-0.45473362566049186,-0.000872314,0.00088197866
-0.45471460673326547,-6.622076e-5,0.0008823743
-0.4546047000718136,-0.00038856268,0.00088232855
-0.4545900375655984,0.00036370754,0.00088247267
-0.454506220655293,-0.00010693073,0.00088325155
-0.4544568585525882,0.0014089346,0.0008831762
-0.4544286965807435,-0.0004774928,0.0008861849
-0.45441831882234346,-0.0005142689,0.00088141306
-0.45434071528476194,-0.0011267066,0.0008825596
-0.45433370275574747,0.00025212765,0.00088420586
-0.45426015449080875,0.0006220341,0.00088221714
-0.45410538263642475,-0.0005824566,0.000882537
-0.45408638435045356,0.0006828308,0.0008828334
-0.453976485271915,-0.00038915873,0.00088220084
-0.4539618012816359,-0.0010892749,0.0008820419
-0.45387801259498467,0.00025737286,0.0008821724
-0.45382862858727446,0.00026333332,0.00088379177
-0.45380043628573064,0.0011873245,0.0008869154
-0.4537901175024482,0.0009698868,0.00088202185
-0.45371252028361825,0.0010899305,0.0008820994
-0.4537054786882437,0.0007468462,0.0008838888
-0.4536319038846512,0.0009957552,0.00088202325
-0.45347713961276903,-0.00039613247,0.0008817212
-0.45345816154680296,-0.00014668703,0.0008830199
-0.4533482704719135,-0.00025433302,0.0008826623
-0.45333356499829036,0.00038301945,0.0008821625
-0.45324980453508773,0.0007624626,0.0008828767
-0.453200398622372,-0.00064504147,0.0008830364
-0.45317217556946765,0.0005735159,0.00088629336
-0.4531619161821416,-0.0004028678,0.0008817619
-0.4530843252820632,7.200241e-5,0.00088182895
-0.4530772546207399,-4.1544437e-5,0.0008833096
-0.45300365327849357,0.00041222572,0.0008824561
-0.45284889658911337,-0.0012370348,0.0008813538
-0.4528299391641967,-0.00090157986,0.0008821614
-0.4527200556717063,0.00013577938,0.0008824831
-0.45270532871463637,-0.0001463294,0.0008826699
-0.45262159689644094,0.00029826164,0.0008826779
-0.4525721686574696,-0.00039821863,0.0008828364
-0.4525439152743519,0.0014321804,0.0008866149
-0.45253371486183497,0.00072562695,0.0008812765
-0.4524561302809196,-0.00061160326,0.00088238134
-0.4524490309743834,-0.00013971329,0.0008836056
-0.45237540267233595,-0.00055879354,0.0008815539
-0.45222065398670774,0.00054883957,0.00088239956
-0.45220171678169335,0.001151681,0.00088232575
-0.4520918408718077,-0.00085139275,0.0008821247
-0.452077092430571,0.0004930496,0.00088188
-0.4519933888361326,0.0006145239,0.00088251143
-0.45194393869215577,-0.00052040815,0.00088249077
-0.45191565497903047,0.00044333935,0.00088638905
-0.4519055135419397,0.0004440546,0.0008834247
-0.4518279352797759,6.878376e-5,0.0008822746
-0.45182080690657106,0.00075662136,0.00088388816
-0.4517471524870171,-0.00023275614,0.00088176783
-0.4515924109626407,-0.00024205446,0.000882318
-0.45157349439919,0.00033545494,0.0008831106
-0.4514636260719091,0.00050640106,0.00088236306
-0.4514488561465056,0.0005931854,0.00088342064
-0.45136518077623566,0.0006672144,0.0008826522
-0.45131570914850344,0.00025582314,0.00088240317
-0.451287394263076,-0.00031501055,0.00088683626
-0.451277312222353,0.00049591064,0.00088145735
-0.45119973985697076,0.0006990433,0.0008818828
-0.4511925828394786,0.0007786751,0.0008841018
-0.45111890188085946,-0.0006132126,0.0008815422
-0.45096416793898497,0.0009537935,0.00088256586
-0.45094527201678947,-0.00053572655,0.00088210317
-0.4508354116928492,0.0011720657,0.00088280695
-0.4508206198628516,-0.00094878674,0.0008831813
-0.45073697313758887,0.00056791306,0.0008818634
-0.450687479183601,-0.000711143,0.00088292675
-0.450659133968166,0.00023841858,0.0008862519
-0.4506491104808991,0.00085008144,0.0008819436
-0.4505715448556214,0.00071430206,0.00088270206
-0.45056435877176915,-0.00031244755,0.00088428496
-0.4504906512747019,-0.0004898906,0.00088156713
-0.450335924915535,0.00028431416,0.000881632
-0.4503170496343889,0.0012477636,0.00088293786
-0.4502071968929506,0.00039207935,0.00088293693
-0.45019238357960895,7.843971e-5,0.00088242564
-0.45010876507769193,-0.00015366077,0.0008818765
-0.4500592492186986,0.0013380051,0.00088272843
-0.45003087367325595,0.0009125471,0.0008862497
-0.4500209091605925,0.0003581047,0.0008814216
-0.4499433498543749,-7.5399876e-5,0.0008821487
-0.4499361351252069,0.0001937151,0.0008840992
-0.4498624006684414,-0.00031882524,0.0008813287
-0.44970768189157073,0.0005091429,0.00088199804
-0.449688827251577,0.0003349781,0.00088240637
-0.4495789820930519,-0.0005582571,0.00088312273
-0.44956414729554356,0.0008174181,0.0008821058
-0.4494805570173836,-0.00015991926,0.0008827215
-0.4494310192533848,-0.0005956888,0.000882381
-0.4494026129570958,-0.0005584359,0.00088622526
-0.44939270784110863,0.0023400784,0.0008820245
-0.4493151548531284,-0.00011909008,0.0008825828
-0.4493079110581145,0.0005578995,0.00088358106
-0.449234150062181,0.0010699034,0.0008821276
-0.4490794388676065,0.0016739368,0.0008835123
-0.4490606044479264,0.000977397,0.0008838022
-0.4489507672927419,-0.00082713366,0.00088189845
-0.4489359110114782,0.00050997734,0.00088251266
-0.4488523493783254,-6.622076e-5,0.0008834231
-0.448802789288071,0.00018906593,0.00088226626
-0.4487743526617744,-0.0005809665,0.00088595145
-0.448764506520802,-0.00050771236,0.0008813498
-0.44868695985177903,-0.00032490492,0.0008815748
-0.44867968699061067,0.00016760826,0.0008841024
-0.4486058998770678,0.00022006035,0.00088219624
-0.44845119584395077,0.0001360178,0.00088200736
-0.44843238206521735,0.0008327961,0.00088305393
-0.4483225524928433,0.00024020672,0.000882495
-0.4483076747282355,0.00078999996,0.00088278635
-0.4482241413188398,-0.00074005127,0.0008821942
-0.44817455974483,-0.0010686517,0.00088218786
-0.44814609236686437,0.00081157684,0.0008859665
-0.44813630520049536,-0.00046408176,0.0008813531
-0.44805876442928244,0.00013840199,0.0008816022
-0.44805146334425416,1.1444092e-5,0.0008835354
-0.44797764927091016,0.001206398,0.00088196277
-0.44782295282019224,0.000121474266,0.000881897
-0.44780415968250825,-9.149313e-5,0.00088214886
-0.4476943381141948,8.46386e-6,0.00088228076
-0.44767943844447866,-0.0006355047,0.00088210637
-0.44759593325853153,-0.00039809942,0.00088266464
-0.4475463297798248,-0.0009768605,0.0008821157
-0.44751783207195434,-0.0004914999,0.0008856177
-0.44750810388060014,-0.00011432171,0.0008815849
-0.44743056942844733,0.00021862984,0.0008817337
-0.44742323927644184,-0.0014221668,0.0008837295
-0.44734939866495826,3.0398369e-5,0.00088181265
-0.44719470979643366,-8.201599e-5,0.00088215154
-0.4471759373003134,-0.0004683733,0.00088269945
-0.4470661233141933,-0.0010241866,0.0008821498
-0.447051201739266,-0.0008638501,0.0008815923
-0.4469677256194733,-0.00043195486,0.00088220026
-0.4469180998146138,0.00036132336,0.00088233675
-0.4468895713553828,-0.00040787458,0.00088604895
-0.44687990256039634,-8.755922e-5,0.0008814919
-0.4468023744268923,-0.00012242794,0.0008823681
-0.4467950152090409,0.0008431673,0.00088376517
-0.44672114805838925,0.00042498112,0.0008818658
-0.4465664667725723,-0.0008622408,0.00088122836
-0.4465477149179129,0.0007201433,0.00088336284
-0.4464379085139861,5.340576e-5,0.00088235585
-0.4464229658764507,-0.000813365,0.0008821898
-0.44633951755998774,0.00024950504,0.0008820015
-0.44628986984971136,0.00015163422,0.00088238035
-0.4462613110604728,-0.0011852384,0.0008853409
-0.44625170124039826,-0.0007122159,0.0008818142
-0.4461741794254401,3.1232834e-5,0.0008821687
-0.44616679156309574,-0.0001872778,0.00088476425
-0.44609289787327605,0.00058054924,0.00088287535
-0.44593822374891656,-0.0005765557,0.00088269456
-0.44591949253520385,-0.00065773726,0.0008831228
-0.4458096937136762,-0.0016164184,0.00088213565
-0.4457947295927967,0.00016009808,0.00088216213
-0.4457113099213409,0.0009784698,0.0008830898
-0.4456616403059562,-0.0009740591,0.00088264525
-0.44563305076556275,-0.0010473132,0.0008855069
-0.445623499920503,-0.00068581104,0.0008819021
-0.4455459844241936,-0.0004118085,0.0008818468
-0.44553856749538623,-0.00010120869,0.00088438275
-0.4454646472670156,-0.00021350384,0.00088232185
-0.44530998114671666,0.00083196163,0.0008822499
-0.4452912701527005,-0.0009750128,0.00088216073
-0.445181479335439,0.00042283535,0.00088248856
-0.4451664933093484,0.0010373592,0.0008830857
-0.4450831018610326,-0.00025254488,0.00088216277
-0.4450334103409509,-0.00017720461,0.0008830149
-0.44500479047065267,-0.00088882446,0.0008860772
-0.44499529860060777,-0.00031101704,0.0008812238
-0.4449177894228442,0.00059616566,0.0008820488
-0.44491034342767677,0.00059747696,0.0008837579
-0.4448363966607552,0.0005660057,0.00088281423
-0.44468173812264955,0.00052022934,0.00088176335
-0.44466304777029997,-0.00074517727,0.0008817909
-0.444553264535129,-0.00092458725,0.00088188035
-0.44453825702548866,-0.0008391142,0.00088220986
-0.4444548942219744,0.0002887249,0.0008824945
-0.4444051803758428,-7.212162e-6,0.00088198006
-0.44437653017594836,0.0007196665,0.0008864103
-0.44436709728071255,0.00097465515,0.0008821053
-0.4442895944217006,6.699562e-5,0.0008829455
-0.4442821197817316,4.9710274e-5,0.00088351924
-0.44420814647625906,-3.516674e-5,0.0008817357
-0.44405349509878816,-0.00031036139,0.00088268163
-0.4440348253878994,0.000931859,0.0008831362
-0.443925049734819,0.00028705597,0.0008829447
-0.4439100207414233,-5.2809715e-5,0.0008821297
-0.4438266861620775,0.0008391142,0.00088242284
-0.4437769508317791,0.00048792362,0.00088318076
-0.4437482698807298,-0.0005992055,0.00088585186
-0.4437388959604059,3.2305717e-5,0.00088169414
-0.4436613994204541,-0.00017917156,0.00088137214
-0.44365389571433067,-0.00022280216,0.00088420825
-0.44357989586969004,-0.00036478043,0.0008824283
-0.44342525207502964,0.00084769726,0.0008818017
-0.4434066030050875,-0.00013905764,0.00088258
-0.4432968353565819,0.0012214184,0.00088278257
-0.4432817844580778,0.000264287,0.00088277686
-0.44319847810218055,-0.000120937824,0.00088249665
-0.4431487208671852,0.000998497,0.00088341977
-0.4431200091642611,0.0006289482,0.000885803
-0.4431106942192605,0.0003556013,0.00088158314
-0.44303320441900185,0.00024402142,0.000881411
-0.44302567164662116,-0.00042665005,0.0008835408
-0.4429516452631211,-0.0006519556,0.0008818241
-0.44279700905127106,-0.00039196014,0.00088200346
-0.4427783806224813,0.0028976202,0.0008830186
-0.4426686205562719,0.0011427402,0.0008824868
-0.44265354817432095,-0.0008443594,0.0008823557
-0.4425702704631223,8.904934e-5,0.0008822938
-0.44252049090217993,-0.0007055998,0.00088185235
-0.44249174886935105,0.00048708916,0.00088544615
-0.4424824928990568,-1.5437603e-5,0.000881369
-0.4424050094178582,0.00032401085,0.0008814492
-0.4423974480001618,-0.00017488003,0.00088351703
-0.44232339507862495,0.00026512146,0.0008823141
-0.4421687664488655,-0.0014249682,0.00088091585
-0.4421501582402865,-0.0008494258,0.0008818626
-0.4420404057559619,-0.0013732314,0.0008822156
-0.4420253118906669,0.0006670952,0.0008818532
-0.44194206240322537,-0.0013349652,0.00088233425
-0.44189226135832194,-0.00023412704,0.00088238635
-0.441863488574441,-0.00061392784,0.00088644546
-0.441854291578853,8.46386e-6,0.0008815358
-0.4417768139953616,7.4863434e-5,0.00088159274
-0.44176922393276086,0.0012001991,0.00088454795
-0.4416951444724673,-0.00078749657,0.00088237855
-0.44154052342490124,6.663799e-5,0.00088190165
-0.4415219358575774,-2.4497509e-5,0.00088210334
-0.4414121909560632,-0.0011480451,0.0008825198
-0.4413970756067044,-1.8537045e-5,0.00088255137
-0.4413138547645786,0.0019575357,0.0008834193
-0.44126403139331666,0.0011845827,0.00088307407
-0.4412352282797367,0.00094747543,0.000885523
-0.44122609025916343,-0.0015277863,0.0008808981
-0.4411486189939094,-0.00083583593,0.0008811435
-0.4411409998655656,0.00042057037,0.00088417745
-0.44106689428714846,-0.0016735196,0.0008811228
-0.4409122804011427,-0.0008673072,0.0008818473
-0.44089371347486833,0.0010371208,0.0008827538
-0.4407839765774147,0.0013096333,0.0008824369
-0.44076883932274186,-0.0016095638,0.0008820628
-0.4406856467043731,0.00082838535,0.0008818138
-0.4406358014283114,1.1444092e-5,0.0008827881
-0.4406069679844153,-0.00053316355,0.00088577205
-0.4405978889389597,-0.0001667738,0.00088114484
-0.44052042399235436,-0.0004836917,0.0008823023
-0.44051277621900337,-0.0007312298,0.0008834212
-0.4404386436805795,-0.00061416626,0.00088188687
-0.4402840373778984,-0.0005387068,0.00088190765
-0.4402654910926735,0.001290679,0.00088322145
-0.4401557617775161,0.0005736351,0.00088265986
-0.44014060303929353,0.0010957718,0.00088252197
-0.44005743906562345,0.0007097721,0.0008826095
-0.44000757188465905,0.0022351742,0.00088352006
-0.43997870768929953,0.0009006262,0.0008859758
-0.4399696876187559,-0.00072687864,0.0008814165
-0.4398922289912107,0.00033044815,0.0008819822
-0.4398845521513967,0.0010050535,0.0008839922
-0.4398103930744219,1.1444092e-5,0.0008817528
-0.4396557943542427,0.00067448616,0.00088188675
-0.439637268710273,0.0013377666,0.0008826128
-0.4395275473984562,0.0009543896,0.0008826612
-0.4395123667556395,-0.00032800436,0.0008821456
-0.4394292310057265,0.0018343925,0.00088289607
-0.4393793419194481,0.0013012886,0.00088232034
-0.43935044739459517,-0.00025200844,0.00088504044
-0.4393414867203164,-0.00019574165,0.0008811705
-0.43926403399027275,-1.424551e-5,0.00088163844
-0.43925632808420145,0.00089633465,0.0008838295
-0.43918214288982294,-0.00010603666,0.00088168756
-0.4390275517514257,-9.852648e-5,0.0008824234
-0.43900904632746107,-0.0003798008,0.00088186853
-0.43889933259855757,-0.000256598,0.0008827478
-0.43888413047167696,-0.00036656857,0.0008835003
-0.4388010233667711,-0.0004915595,0.00088248507
-0.43875111237548725,0.0013254881,0.0008824413
-0.43872218709968513,-0.00068438053,0.0008847306
-0.4387132854004212,0.00072717667,0.0008824818
-0.4386358389889234,-0.0008661151,0.00088205433
-0.4386281044377421,-0.0004348755,0.0008831894
-0.4385538922833568,-0.0007081628,0.0008823865
-0.4383993087273586,0.00016856194,0.00088234077
-0.4383808243661049,7.426739e-5,0.00088260596
-0.4382711177986589,4.005432e-5,0.00088264566
-0.4382558941879201,-0.0001925826,0.0008820045
-0.4381728153067713,-0.00045466423,0.0008824574
-0.4381228824107905,0.0010385513,0.0008829264
-0.43809392680436376,0.0017251968,0.0008874055
-0.4380850840801146,-0.0017179847,0.0008817639
-0.43800764398736836,-0.00061017275,0.00088161253
-0.4379998803700326,0.0001180172,0.00088359526
-0.4379256420980379,0.00063717365,0.00088259263
-0.4377710657037029,-0.000731349,0.00088195904
-0.43775260198360155,0.00042295456,0.000882573
-0.43764290341959905,-0.0007889867,0.0008826524
-0.4376276583255162,-0.000592947,0.00088228553
-0.43754460766812453,0.00080668926,0.00088401756
-0.43749465244588803,-0.00011187792,0.00088289403
-0.4374656665091452,0.00060760975,0.0008852215
-0.43745688276001365,0.0010164976,0.000882258
-0.43737944898653325,-0.0004221201,0.00088147447
-0.4373716567238818,-0.0008072257,0.00088447955
-0.4372973914921888,0.0003222227,0.0008820275
-0.43714282310160585,0.00026655197,0.000883614
-0.4371243796010982,-0.001006186,0.0008827127
-0.4370146886197004,-0.00063049793,0.0008826969
-0.43699942204186215,-0.00025945902,0.0008825524
-0.43691639960791906,-0.0012946129,0.0008819903
-0.43686642290192723,-0.0015705824,0.00088254054
-0.4368374062141323,0.00017774105,0.0008854279
-0.4368286814401184,-0.00057423115,0.0008814916
-0.436751253985081,0.0001951456,0.00088285166
-0.43674343265637794,-0.00049072504,0.00088353193
-0.4366691413071785,0.0008100271,0.00088202493
-0.4365145800776416,-0.0010547042,0.0008823748
-0.436496157218492,0.00033950806,0.0008827058
-0.43638647424105187,-0.0008754134,0.0008823463
-0.43637118575779676,0.00020420551,0.00088238326
-0.43628819196916935,0.00034308434,0.00088250096
-0.4362381929369219,0.0006939173,0.0008826647
-0.4362091459196336,0.0002039671,0.00088549353
-0.4362004801201203,-0.00026613474,0.00088196964
-0.436123058983526,2.6226044e-6,0.00088178227
-0.4361152090101243,0.0001860857,0.00088400714
-0.43604089070102087,0.00033783913,0.00088187226
-0.4358863370535745,0.000677228,0.0008823456
-0.43586793483609143,-0.0011320114,0.0008822327
-0.43575825944074187,0.00037014484,0.0008821791
-0.43574294947393705,-7.927418e-5,0.000882856
-0.43565998433052255,0.0004976988,0.0008823922
-0.43560996339326963,-0.0010110736,0.00088241097
-0.4355808856247236,0.00091576576,0.0008859364
-0.4355722787999165,0.00033044815,0.0008824588
-0.43549486398238235,0.00062930584,0.0008813481
-0.43548698494251764,-0.00032174587,0.000883675
-0.43541264051590767,8.249283e-5,0.00088208326
-0.43525809403033017,-0.00023645163,0.00088216003
-0.4352397124538966,-0.0009843111,0.00088261155
-0.43513004464084326,0.00086832047,0.0008825921
-0.4351147131904887,-0.00025504827,0.0008821957
-0.4350317762706256,0.00018048286,0.00088358356
-0.43498173342836716,-3.0875206e-5,0.0008820797
-0.43495262532940215,1.1444092e-5,0.0008852036
-0.4349440774800213,0.0004888773,0.0008821249
-0.4348666689808273,0.0005159378,0.00088220095
-0.43485876087501385,-0.00017511845,0.00088486884
-0.4347843899093387,8.714199e-5,0.0008823603
-0.43462985142782173,-0.00044184923,0.0008815537
-0.4346114900710847,-0.0007699728,0.00088173704
-0.43450183026219474,0.0014871359,0.0008831349
-0.43448647690683473,-0.0019031167,0.0008822587
-0.43440356863167023,9.298325e-6,0.0008829512
-0.4343535038843035,0.000115156174,0.0008828936
-0.4343243650344921,-0.00072324276,0.0008843797
-0.4343158761600232,0.0018906593,0.00088200974
-0.4342384739796836,-0.00074982643,0.0008815891
-0.43423053722917154,0.0009973049,0.00088409986
-0.4341561397246369,-0.00032883883,0.00088151393
-0.4340016084038575,0.0003376007,0.0008821679
-0.4339832681097286,-0.00022172928,0.00088265876
-0.43387361546188474,0.0005925894,0.00088200986
-0.43385824104401943,0.00010585785,0.00088215765
-0.43377536057146476,-0.00018656254,0.0008825726
-0.43372527391919535,-0.00032788515,0.000882644
-0.4336961047395821,0.00072586536,0.0008855871
-0.4336876748398194,0.00095772743,0.0008813535
-0.43361027897854,-0.0005145073,0.00088314514
-0.4336023131613592,0.00087702274,0.00088385254
-0.4335278891184793,0.0004118681,0.0008822602
-0.43337336537979043,1.513958e-5,0.0008820396
-0.4333550457272252,0.0008033514,0.0008828158
-0.4332454010832362,-0.00093883276,0.0008818672
-0.43323000476036544,0.00085926056,0.0008825626
-0.43314715293302364,0.0007041693,0.0008826211
-0.4330970443757487,0.0018130541,0.0008828732
-0.43306784444456925,0.00052523613,0.0008856403
-0.4330594735199242,0.00048148632,0.00088198204
-0.43298208397739635,-0.0013177991,0.00088130805
-0.43297408951500266,0.00035464764,0.0008833132
-0.4328996389332632,0.00017225742,0.0008819216
-0.4327451227773848,-0.00023007393,0.0008818353
-0.4327268233445162,0.0002747774,0.00088267133
-0.43261718628333756,-0.0003578663,0.0008819235
-0.4326017684767114,-0.0003427267,0.000882239
-0.43251894529406826,0.00031387806,0.0008831748
-0.4324688144108463,-0.0010997653,0.0008829893
-0.4324395841493507,0.0003824234,0.00088550476
-0.43243127219992605,-0.0011962652,0.00088094216
-0.43235388897625265,0.000192523,0.00088178634
-0.43234586544749887,-0.00020724535,0.0008850701
-0.4322713883270028,-0.0008839369,0.00088196207
-0.4321168797539348,0.001835227,0.0008820296
-0.43209860096211566,-0.00030094385,0.00088218186
-0.4319889719046891,0.000113129616,0.0008833061
-0.4319735321930574,0.0010685921,0.00088405557
-0.4318907372338628,0.0005148649,0.0008826901
-0.43184058486678256,-0.00064605474,0.0008832778
-0.43181132385402926,-0.00085675716,0.0008844591
-0.4318030713009724,0.0012801886,0.0008818303
-0.4317256943959477,-0.00091576576,0.00088185776
-0.43171764180124517,0.0009278059,0.00088500284
-0.4316431381420953,-0.0005301237,0.0008817055
-0.4314886371513235,1.1444092e-5,0.0008819392
-0.4314703790008624,0.0012602806,0.00088241714
-0.43136075710437904,-0.0001628995,0.00088232144
-0.4313452963302421,0.001137495,0.000882313
-0.43126252959542166,-0.0016613007,0.00088260125
-0.43121235490188015,6.6161156e-5,0.00088278303
-0.43118306355953057,-0.00017940998,0.00088511925
-0.4311748699810772,0.0014292002,0.00088149763
-0.4310974993948041,0.00028073788,0.00088148634
-0.43108941773384424,-0.00029492378,0.00088327064
-0.4310148875359377,0.00031673908,0.0008816017
-0.43086039412725646,-0.0005337596,0.00088198937
-0.430842156618359,0.00083994865,0.00088280434
-0.43073254272552486,0.00070881844,0.0008824207
-0.4307170600462796,0.00015044212,0.000882455
-0.4306343219564663,-0.00026869774,0.00088230416
-0.4305841253582278,-0.00030750036,0.0008830228
-0.43055480326451767,-0.0003979802,0.00088463165
-0.43054666866107905,-0.0011897683,0.00088104344
-0.43046930439324904,-0.00057274103,0.00088189956
-0.43046119408738487,-0.001275301,0.00088396383
-0.43038663735072163,9.274483e-5,0.0008816913
-0.4302321511038064,0.00095808506,0.00088229496
-0.4302139342359585,-0.000510931,0.00088244874
-0.4301043279258319,-0.00020235777,0.00088294636
-0.4300888237629341,-0.00058221817,0.0008820054
-0.4300061138962608,-0.001060009,0.0008823451
-0.4299558953933254,8.9645386e-5,0.00088283385
-0.42992654296950483,0.0004708767,0.00088499446
-0.4299184673408753,0.0017734766,0.0008817926
-0.4298411093918997,-0.0008482933,0.00088132743
-0.4298329700198811,0.00071656704,0.00088448694
-0.42975838716550563,-0.0006862283,0.00088179635
-0.42960390850140084,0.0013263226,0.00088180107
-0.4295857118532494,-0.00031602383,0.00088282774
-0.42946058747928006,0.00094902515,0.000882832
-0.429377906257614,4.8995018e-5,0.00088290364
-0.4293276658492617,3.7312508e-5,0.0008831217
-0.4292982826745948,-0.0002696514,0.00088486425
-0.4292902660209801,0.00010418892,0.00088169856
-0.4292129143909617,0.0005259514,0.0008820266
-0.4292047463737302,-0.00011616945,0.0008832728
-0.4291301365595537,-0.0010554194,0.00088189944
-0.4289756654774366,-0.0009019971,0.00088244147
-0.42895748989199617,0.0015057325,0.00088352006
-0.42884789874666773,0.0003426075,0.00088229484
-0.42883235161646477,-0.0003863573,0.000882854
-0.42874969861896717,-0.0008227825,0.0008820035
-0.42869943588405074,-0.0013110638,0.0008826725
-0.4286700228006263,0.00033676624,0.0008846613
-0.4286620651223349,-0.00024467707,0.0008816837
-0.4285847193894067,-0.0010185242,0.0008814576
-0.4285765223060207,0.00067329407,0.0008836131
-0.4285018863746462,0.00062298775,0.00088233437
-0.42834742287472244,0.0001733303,0.0008818028
-0.4283292675095956,0.001423955,0.0008826777
-0.4282196843682249,-0.00084221363,0.00088178134
-0.4282041153328108,-0.00036388636,0.0008825861
-0.4281214905589674,-5.018711e-5,0.0008824996
-0.42807120634070694,-0.0010273457,0.0008816998
-0.42804176250561343,0.00023663044,0.0008853469
-0.4280338638020283,-0.000120699406,0.00088173215
-0.4279565243880573,6.401539e-5,0.0008826824
-0.427948298659767,0.0005978346,0.0008834044
-0.4278736361897387,-8.34465e-6,0.00088187016
-0.4277191798510668,-0.0004736185,0.00088250556
-0.4277010451269894,-0.0007439852,0.00088190543
-0.4275914695683263,0.00041806698,0.0008823371
-0.4275758790491567,-0.0002834797,0.00088233483
-0.42749328292001204,-0.00045663118,0.00088214816
-0.42744297637539314,0.0007389784,0.00088315195
-0.4274135022107034,-0.00088602304,0.0008849759
-0.4274056624817217,0.0012793541,0.00088202016
-0.42732832938711934,-0.000119805336,0.00088199804
-0.4273200745923661,-0.00033569336,0.00088361534
-0.4272453855835811,0.00048673153,0.0008824154
-0.4270909372488668,0.00015604496,0.0008823014
-0.42707282316573614,-5.543232e-5,0.0008824352
-0.42696325518926637,0.0011035204,0.0008829943
-0.4269476431867528,0.00033974648,0.0008824211
-0.4268650752813652,0.0006455183,0.000882781
-0.4268147468314323,0.00050246716,0.0008825579
-0.42678524191548484,-0.0002824068,0.0008842079
-0.4267774611618264,0.0007253885,0.0008817354
-0.4267001343855643,0.00022053719,0.00088211417
-0.4266918509459067,-0.0010561347,0.0008835393
-0.4266171353982622,0.0010052919,0.0008821164
-0.4264626942252111,0.00036025047,0.00088247197
-0.42644460078323276,-0.00074088573,0.0008824783
-0.4263350408103093,-0.00011575222,0.00088214886
-0.42631940690268744,-4.7922134e-5,0.00088251964
-0.42623686722136545,-0.0002283454,0.00088204566
-0.4261865168668384,-0.001262188,0.00088290515
-0.42615698162047194,-0.0012605786,0.000884263
-0.4261492598422397,-0.0011772513,0.0008811639
-0.42607193938421495,9.3102455e-5,0.000881983
-0.42606362687840293,-0.0011515021,0.00088392186
-0.4259888852133547,-0.00021451712,0.00088190066
-0.42583445120114405,0.00035357475,0.0008824224
-0.4258163784006266,0.00062537193,0.0008828729
-0.42570682601030785,0.001609087,0.0008826309
-0.42569117061862205,0.00073873997,0.0008822543
-0.42560865958241006,-0.00048726797,0.00088231487
-0.42555828732318607,0.00015974045,0.00088243344
-0.4255287213255619,7.033348e-6,0.00088417064
-0.42552105894328607,-0.00023132563,0.00088106486
-0.42544374480421854,0.00066769123,0.0008823654
-0.4254354032322521,-0.00029098988,0.0008835406
-0.4253606346071971,9.512901e-5,0.0008820369
-0.4252062085987385,2.8967857e-5,0.00088171766
-0.4251881564393733,-0.00022262335,0.00088247756
-0.42507861163165933,-0.0010479689,0.0008821586
-0.42506293433537945,0.0013141632,0.0008826902
-0.4249804519437632,-0.00032132864,0.00088255806
-0.42493005777912235,-0.0013763905,0.00088220125
-0.42490046145190197,-0.0001642108,0.00088471966
-0.4248928576229794,-0.00063073635,0.00088095723
-0.4248155498029721,-1.1324883e-6,0.0008825919
-0.4248071791648511,0.0008460283,0.0008839607
-0.4247323844218782,-0.00040996075,0.0008813815
-0.42457796557508276,-0.0007327199,0.0008822617
-0.4245599340568699,0.0008057356,0.00088339305
-0.424450396831555,-0.00024199486,0.00088221126
-0.4244346984728727,-0.00067192316,0.00088288484
-0.42435224430501356,-0.00013905764,0.00088233146
-0.4243018278139114,-0.0004954338,0.0008826288
-0.42427220115730047,-0.00095796585,0.0008847471
-0.4242646563033927,-0.0010800958,0.00088060036
-0.4241873548018284,0.00036656857,0.00088176806
-0.4241789555187003,-0.000277102,0.0008840592
-0.4241041342369707,-0.0006800294,0.00088128756
-0.42394972297267713,-0.0008036494,0.00088164606
-0.4239317120957195,0.000531435,0.0008824849
-0.4238221824528036,0.0018203259,0.00088293385
-0.42380646218891016,-0.0005477667,0.0008823363
-0.4237240362448081,0.00085806847,0.00088236365
-0.4236735982701562,0.00015580654,0.0008826745
-0.4236439408620819,-0.0009288192,0.0008840279
-0.4236364549831889,0.0008227825,0.0008824293
-0.4235591598004791,-0.00026136637,0.0008819838
-0.42355073145088795,0.000536561,0.0008832968
-0.4234758836308131,0.0009663105,0.0008817357
-0.4233214799486101,0.00020432472,0.000881572
-0.42330348971301046,0.00023806095,0.00088233216
-0.42319396807446363,-0.00011199713,0.00088233483
-0.4231782263265062,0.00026643276,0.0008821825
-0.42309582860616124,-0.0013962984,0.0008820549
-0.4230453683056652,-0.0007159114,0.00088260346
-0.4230156805667605,-0.0005081296,0.00088411174
-0.4230082540841324,-0.00037133694,0.0008815444
-0.42293096479923253,-0.00024539232,0.00088114856
-0.4229225078047371,-0.00011277199,0.00088397204
-0.4228476334459056,2.336502e-5,0.00088197994
-0.4226932373459988,-0.00042271614,0.00088180095
-0.42267526733030136,-0.00080150366,0.00088213786
-0.42256575327415363,0.0014059544,0.0008824078
-0.42254999004274935,0.0001436472,0.00088288984
-0.4224676209674116,-0.00076431036,0.0008822547
-0.4224171387616015,0.00062680244,0.00088237575
-0.42238742069310053,0.00082588196,0.000884394
-0.4223800527642372,4.053116e-6,0.0008813872
-0.42230276979798603,0.00040960312,0.000882754
-0.42229428373733613,0.00079762936,0.00088421773
-0.42221938326089525,-0.0009511113,0.00088156346
-0.4220649947437989,-0.00037699938,0.0008818087
-0.42204704536935667,0.00043118,0.0008827155
-0.4219375388951966,0.00012791157,0.00088253454
-0.4219217537589925,0.00022518635,0.0008817593
-0.4218394133284562,-0.0012324452,0.0008816106
-0.42178890921753776,0.00094366074,0.0008828622
-0.4217591603981905,0.00035429,0.0008847154
-0.4217518514440334,0.0014702082,0.00088183687
-0.4216745752178868,0.0004042387,0.0008818558
-0.42166606009077395,0.00086295605,0.00088345824
-0.42159113307567925,0.00064206123,0.0008817097
-0.42143675172014317,-0.00052827597,0.00088182633
-0.42141882298675043,-0.0006508827,0.00088184973
-0.4213093245164452,0.00029158592,0.00088263105
-0.4212935178963829,0.0007892847,0.00088213966
-0.4212112056898094,-0.000888288,0.00088200904
-0.42116067925304673,-0.0001487732,0.0008824635
-0.42113090010328047,0.00092983246,0.0008843191
-0.4211236505452854,0.0004938841,0.00088166975
-0.4210463802166403,0.00019645691,0.00088179315
-0.4210378364446231,-7.3075294e-5,0.00088365626
-0.4209628828907717,-0.00058305264,0.00088206085
-0.4208085091173262,0.00079762936,0.0008820071
-0.4207906010251886,0.0013611317,0.00088276376
-0.42068110971634093,0.00076520443,0.0008830483
-0.42066528161231753,0.0013868809,0.00088259287
-0.42058299762991247,-0.0005258918,0.0008821377
-0.42053244970929154,-0.00067555904,0.00088227715
-0.4205026402292092,0.0010980368,0.00088446785
-0.42049544922539017,0.0008972883,0.0008821386
-0.4204181852151881,-0.00016909838,0.0008816772
-0.42040961237722213,0.00066292286,0.0008837124
-0.4203346322845113,-0.0004889369,0.0008821046
-0.4201802660936705,-0.00045788288,0.00088167976
-0.4201623786429938,0.0013744831,0.00088336726
-0.42005289533758955,5.9366226e-5,0.0008826134
-0.42003704575022216,-0.00015360117,0.0008821641
-0.4199547899908542,0.0011537075,0.0008825792
-0.4199042201653307,0.0011231899,0.0008827711
-0.41987437993429916,0.00066769123,0.0008855503
-0.4198672479054949,-0.0003838539,0.0008815145
-0.41978999021363306,0.0012050867,0.0008822261
-0.4197813887310713,-0.00019425154,0.00088429544
-0.41970638209950095,-5.3465366e-5,0.0008816814
-0.41955202349126486,0.0003927946,0.00088211877
-0.41953415668184335,0.0006188154,0.0008826533
-0.41942468095883817,-0.001036942,0.00088230096
-0.4194088094664653,0.00020647049,0.0008824366
-0.41932658235179604,-0.00061643124,0.00088228757
-0.4192759902000169,-0.00034195185,0.0008819818
-0.4192461196395948,0.0004988909,0.0008849807
-0.4192390470068498,0.00097346306,0.0008813326
-0.41916179563404804,-0.0006455779,0.00088150013
-0.41915316466367036,-0.00018680096,0.00088387675
-0.4190781319145934,-0.0006006956,0.00088204443
-0.41892378046760914,0.0018335581,0.0008821852
-0.4189059342991343,3.385544e-5,0.0008826719
-0.41879646658018965,0.0002888441,0.0008828747
-0.4187805731826056,1.1444092e-5,0.0008826248
-0.4186983747131492,0.00028836727,0.0008821726
-0.41864776065636455,0.00046753883,0.0008819359
-0.41861785976593485,0.000651598,0.00088436314
-0.41861084568654316,1.2874603e-5,0.000881381
-0.41853360063259587,0.00018060207,0.00088239124
-0.41852494101710813,-0.00050520897,0.00088344776
-0.4184498817294803,-0.0004891753,0.00088207173
-0.41829553786479223,0.0012915134,0.00088162965
-0.41827771233767536,0.0004903078,0.0008827135
-0.41816825178029104,3.9219856e-5,0.0008817379
-0.4181523373200988,-0.00056254864,0.00088202703
-0.41807016707481093,-0.00065886974,0.00088249345
-0.41801953111302076,0.000833869,0.0008834551
-0.4179895994707163,-0.00069999695,0.00088402804
-0.4179826443666479,-0.00036078691,0.0008808893
-0.41790540563104084,-0.0006633997,0.0008816414
-0.4178967173709573,0.00057315826,0.0008838682
-0.4178216315444699,0.0010250807,0.0008820569
-0.4176672952619752,7.8201294e-5,0.0008823395
-0.41764948995527484,-0.0007712841,0.00088223314
-0.417540037401334,-0.00091934204,0.0008819868
-0.41752410103634197,-0.00024306774,0.0008827202
-0.41744195943585555,0.0003246069,0.0008826181
-0.4173913015690599,0.0008378029,0.00088319293
-0.4173613395967478,6.54459e-5,0.00088398694
-0.4173544434675914,-8.302927e-5,0.000881722
-0.41727721063030854,0.00021541119,0.0008818806
-0.41726849330314497,0.00018310547,0.00088355556
-0.41719338135987094,0.0016019344,0.00088196265
-0.4170390522387309,-0.00054615736,0.00088217744
-0.41702126799402156,0.0007548332,0.00088245736
-0.4169118230225826,-0.0005533695,0.0008825319
-0.41689586517393806,-0.00078368187,0.0008821656
-0.4168137513755472,0.00033009052,0.0008821882
-0.41676307160374615,0.00072193146,0.00088300207
-0.4167330793018378,0.00022244453,0.0008837773
-0.41672624214749043,0.00012660027,0.00088178995
-0.4166490160503121,0.00042378902,0.0008817071
-0.4166402696567884,0.00038146973,0.0008839395
-0.4165651307533019,0.00018167496,0.00088202086
-0.41641080963632526,-0.00020897388,0.0008819552
-0.4163930456113125,-2.4139881e-5,0.0008821124
-0.4162836082224783,-0.0004413724,0.0008818175
-0.4162676288899755,0.00033557415,0.000882218
-0.41618554373720895,0.0007132292,0.0008825625
-0.4161348420604023,0.0005686283,0.0008826125
-0.4161048190071335,-0.0009942651,0.0008838454
-0.4160980408278009,0.00089502335,0.00088199443
-0.41602082104885996,0.0012423992,0.00088125956
-0.41601204558959315,0.0003887415,0.00088396226
-0.4159368805680859,-0.0005431175,0.00088155124
-0.4157825666122582,0.00021326542,0.0008816305
-0.4157648236501621,8.46386e-6,0.00088290597
-0.41565539384341843,0.00011765957,0.000882164
-0.41563939302726305,0.0004233122,0.0008828206
-0.41555733609825357,-0.0010122061,0.0008827415
-0.41550661251664717,0.000754714,0.00088272267
-0.41547655913306214,-0.0004954338,0.0008833418
-0.41546983992884723,0.00033199787,0.0008819827
-0.4153926260473049,-0.0007530451,0.0008820312
-0.4153838219434423,-8.8751316e-5,0.0008839016
-0.4153086303830756,-5.3167343e-5,0.0008819164
-0.41515432400985264,-0.000520885,0.00088215765
-0.41513660168921734,0.00024175644,0.0008825741
-0.4150271794649756,0.00025761127,0.0008823786
-0.4150111567438147,0.0006312132,0.0008824128
-0.4149291284591954,0.00040864944,0.0008826469
-0.4148783829727891,-0.0006200671,0.00088285696
-0.4148482988379464,-0.00058329105,0.0008839914
-0.4148416386086434,0.0005030632,0.00088200095
-0.41476443104616123,0.0009971857,0.0008827059
-0.4147555982968801,0.00047016144,0.0008842849
-0.41468038019816805,0.000248909,0.00088194315
-0.414526081407447,0.001081109,0.0008818135
-0.4145083793065083,-0.00048077106,0.00088224217
-0.41439896508632706,0.0009639263,0.0008830082
-0.4143829208814108,0.0012470484,0.0008827186
-0.41430092082054853,0.001855731,0.00088201603
-0.41425015300747536,-0.0002784729,0.00088265317
-0.41422003896449217,-0.0001963377,0.00088403065
-0.414213437710204,3.4928322e-5,0.0008816998
-0.4141362364662677,-0.000831306,0.0008821086
-0.41412737422947915,-0.00038951635,0.00088345626
-0.4140521300136719,-0.0003168583,0.00088254013
-0.41389783838368843,-0.0005888343,0.0008818033
-0.41388015734504935,-0.00023913383,0.0008821627
-0.41377075070737,-1.7166138e-5,0.0008828096
-0.4137546845974483,-0.0019658208,0.0008818317
-0.4136727131819017,0.0014719963,0.0008832981
-0.413621923463823,-0.00091433525,0.00088241143
-0.41359177866958213,-0.0010219812,0.00088348746
-0.41358523639030875,-0.0006273389,0.00088162394
-0.41350804146471265,-0.0007979274,0.00088218047
-0.4134991505833283,-0.0005773902,0.0008833152
-0.41342387982835305,0.00026357174,0.000881548
-0.41337542988166265,-0.0003296733,0.00088696665
-0.41326959578118005,-0.00030004978,0.000881851
-0.4132519349626488,-0.0010514259,0.0008820012
-0.41314253590736855,-0.0003311634,0.0008822212
-0.41312644873494153,0.0004132986,0.0008820179
-0.4130445055432549,0.00089132786,0.00088245666
-0.4129936939203764,-0.001146853,0.0008823426
-0.4129635187959222,0.001203537,0.0008835388
-0.41295703549125223,-0.00045967102,0.00088101404
-0.412879846463569,-0.0011489391,0.0008816168
-0.4128709269371774,-6.264448e-5,0.00088404014
-0.4127956296430342,-0.0005298257,0.0008816671
-0.4127471973892596,-0.00034600496,0.0008871807
-0.41264135317856876,0.0008214712,0.000881937
-0.41262371300139555,0.0004917383,0.0008825001
-0.41251432152872003,0.00051927567,0.0008824088
-0.4124982124512875,-0.0008351803,0.0008827328
-0.41241629790419665,0.00056290627,0.00088232657
-0.41236546437651833,0.00028586388,0.000883006
-0.41233525850060077,-5.1259995e-6,0.00088366255
-0.4123288341711513,-0.0012477636,0.0008813394
-0.41225165188367546,-0.00082427263,0.0008823419
-0.41224270286936515,0.0004028082,0.00088386476
-0.41216737945853804,0.0019968748,0.0008822428
-0.4121189648968565,0.0005323887,0.0008874276
-0.41201311057606027,0.0012286901,0.00088236126
-0.41199549104014227,-0.000117361546,0.00088232174
-0.4118861071498658,-0.0006287694,0.00088223844
-0.4118699765888836,-0.0010461211,0.0008828285
-0.41178809026554986,0.00016188622,0.00088208594
-0.4117372344112046,0.00026917458,0.00088291673
-0.4117069986266323,4.4226646e-5,0.0008842588
-0.4117006328511532,5.352497e-5,0.0008809399
-0.41162345688212043,0.0014538765,0.0008825256
-0.4116144792229057,0.0006840229,0.0008838907
-0.4115391292735277,0.00079345703,0.0008824342
-0.41149073282529214,0.00059616566,0.00088725414
-0.41138486755230175,0.001111865,0.0008822226
-0.41136726865753603,0.00031721592,0.00088269974
-0.41125789277080593,8.201599e-5,0.00088346365
-0.4112417403048182,0.00019109249,0.0008823867
-0.411159882626903,0.00029957294,0.00088264846
-0.4111090048677579,0.000113487244,0.00088278524
-0.4110787383320308,1.1444092e-5,0.0008845488
-0.4110724319524052,6.830692e-5,0.0008816974
-0.41099526188097674,-0.0006605387,0.00088159513
-0.4109862555770634,0.0012022257,0.0008839168
-0.4109108790883117,-8.273125e-5,0.00088174164
-0.41086250033288907,-0.0003799796,0.000887262
-0.4107566249498962,-0.00035333633,0.0008819373
-0.4107390466962828,-0.00010830164,0.0008824596
-0.41062967839215736,0.0004711151,0.0008826106
-0.4106135044422086,-0.0004490614,0.0008823004
-0.4105316749878448,-0.00038337708,0.0008821777
-0.4104807753241056,0.0015749931,0.0008838127
-0.4104504784583709,0.0003682375,0.000884284
-0.4104442306323043,-0.00045746565,0.0008808488
-0.41036706730077466,0.0007766485,0.00088175776
-0.4103580315096625,-0.00030261278,0.0008835884
-0.41028262890299283,0.0008250475,0.00088217086
-0.410234267840486,-0.0005220771,0.0008870013
-0.41012838234749055,-0.00069755316,0.00088158826
-0.4101108247350295,-0.00040620565,0.0008823622
-0.41000146401371457,-0.00014787912,0.00088227715
-0.4099852681587603,0.0009036064,0.0008827541
-0.40990346734919797,0.00015592575,0.0008828107
-0.40985254578014474,-0.00026893616,0.00088260806
-0.409822218163358,1.1444092e-5,0.00088365056
-0.40981602973365916,-0.0009931922,0.00088208355
-0.4097388722993225,-0.00021636486,0.0008817374
-0.40972980786310026,-2.1219254e-5,0.00088370725
-0.4096543787180853,-7.3194504e-5,0.0008818992
-0.4096060353476716,-0.00019562244,0.00088727544
-0.4095001393235263,0.0011042356,0.0008821394
-0.4094826023524233,-0.0002117753,0.0008824139
-0.4093732492135074,8.46386e-6,0.000883464
-0.4093570322963564,-0.00011438131,0.00088300084
-0.4092752597101398,0.00049078465,0.000882305
-0.4092243162361839,0.0007454157,0.0008826679
-0.40919395828959526,0.0007070303,0.00088351715
-0.4091878284136611,-0.00036889315,0.00088110875
-0.40911067729838446,-0.0011026859,0.0008815815
-0.4091015842169494,-4.9054623e-5,0.00088382146
-0.4090261285333835,0.00029718876,0.00088230975
-0.4089778028552685,0.0006096363,0.00088658097
-0.40887189672101787,-0.00013005733,0.0008823456
-0.40885438039127286,-0.0009137988,0.00088239287
-0.4087450348345503,-0.000323534,0.0008827228
-0.4087287964335411,-0.0011215806,0.00088226394
-0.40864705207128726,0.00043058395,0.0008825449
-0.40859608669253156,0.0006220341,0.0008826189
-0.4085656984157296,0.00023066998,0.0008829014
-0.4085596275147074,0.00016760826,0.00088074955
-0.40848248271849097,0.00079905987,0.0008819018
-0.4084733601495485,4.1007996e-5,0.0008836908
-0.4083978783482703,-0.00018435717,0.0008824134
-0.4083495707841156,0.0010086298,0.00088751595
-0.40824365411861224,-0.00030875206,0.0008823223
-0.4082261584300196,0.001967311,0.0008828501
-0.40811682045610753,-0.0005763173,0.00088197534
-0.40810056014988705,0.0005648136,0.0008822883
-0.4080188444328461,-0.00042915344,0.00088200765
-0.4079678567278348,-0.0010567904,0.0008827326
-0.40793743812081956,-0.00036340952,0.00088361226
-0.40793142619481215,0.0011607409,0.00088150473
-0.4078542877169359,0.0005669594,0.00088147575
-0.40784513650298626,0.00071680546,0.0008848828
-0.4077696281629514,0.0007778406,0.00088189857
-0.40772133829130114,0.0003736019,0.00088693894
-0.40761541151589814,0.00023198128,0.00088220165
-0.40759793646856063,0.00018894672,0.0008818062
-0.40748860607715043,-0.00013071299,0.00088230846
-0.40747232428748315,-0.0011283159,0.0008822769
-0.4073906367941993,0.00014269352,0.0008821691
-0.40733962718387395,-1.9848347e-5,0.00088240433
-0.4073091782470568,0.0012571812,0.00088338414
-0.40730322529606416,0.00071012974,0.0008821667
-0.40722609271579224,0.0013489723,0.0008815856
-0.40721691285642403,9.250641e-5,0.00088410755
-0.4071413779782496,0.0014711618,0.00088223786
-0.40709310579889807,0.0004878044,0.0008870931
-0.4069871689133897,0.0001847744,0.00088294287
-0.4069697140861601,-0.00040143728,0.0008821103
-0.4068603916981934,-0.0005636811,0.0008826373
-0.40684408800382915,-0.0008779168,0.0008825802
-0.40676242915514105,-0.0017926693,0.0008816138
-0.4067113976399131,0.00015449524,0.0008828672
-0.40668091795183825,-0.0011427999,0.0008829099
-0.4066750239758604,0.00011217594,0.00088255806
-0.4065978981358987,0.0007494688,0.0008820737
-0.4065886892102732,-0.0001513958,0.0008840727
-0.4065131277933421,-2.8908253e-5,0.00088227255
-0.406464873306495,0.00088083744,0.00088692043
-0.406358925889734,0.00030696392,0.00088217313
-0.40634149212490683,0.0012139082,0.00088292535
-0.40623217731954486,-0.00020802021,0.00088327006
-0.40621585214101386,3.874302e-5,0.0008821859
-0.40613422151649425,-0.0007174611,0.0008829801
-0.4060831680964665,0.0002746582,0.0008826695
-0.4060526580781783,-9.36389e-5,0.00088349957
-0.40604682307721524,0.00027740002,0.00088335894
-0.40596970313434366,0.0016826391,0.0008820151
-0.4059604651432836,-0.00078099966,0.0008836189
-0.4058848776084346,0.0005635023,0.00088324916
-0.405836641235342,0.0010488033,0.0008868595
-0.40573068328732836,0.0005289316,0.00088223687
-0.4057132701634479,0.0008736849,0.00088241085
-0.40560396294089635,-2.5749207e-5,0.0008829739
-0.4055876162783014,-0.00036853552,0.00088212884
-0.4055060138778474,-0.00020897388,0.0008823727
-0.4054549385528141,0.00052011013,0.0008824065
-0.4054243982044155,0.00060641766,0.00088319683
-0.40541862217846725,6.2823296e-5,0.00088199455
-0.4053415085542444,-0.0006047487,0.0008815197
-0.40533224149672137,0.00016856194,0.0008839256
-0.40525662742321855,-0.0005111098,0.0008816419
-0.4052084087425276,-0.0010939837,0.00088732166
-0.4051024406849228,-0.0012775064,0.00088184484
-0.40508504820229746,0.0008556843,0.00088253076
-0.404975748562145,-0.0001989007,0.0008818224
-0.40495937999495596,-0.00011301041,0.00088199286
-0.4048778062387892,-0.0005132556,0.0008829013
-0.40482670900875045,1.1444092e-5,0.0008826607
-0.4047961379094026,2.193451e-5,0.0008831682
-0.4047904208582635,-0.0015077591,0.0008806191
-0.4047133135529979,0.00014126301,0.00088189496
-0.4047040178501592,-0.00065010786,0.00088328734
-0.40462837723800255,-0.00017291307,0.00088192575
-0.40458017624971315,8.72612e-5,0.0008866037
-0.40447419808210583,-0.00034695864,0.00088196236
-0.4044568258197941,1.21593475e-5,0.00088296423
-0.4043475341831879,0.0009548664,0.0008826607
-0.40433114413255206,-0.00060904026,0.0008829498
-0.4042495985999367,0.0020592213,0.0008823939
-0.4041984794648924,-0.00043207407,0.00088307017
-0.40416787803615406,-0.0016518235,0.00088293024
-0.4041622199596183,-0.0004953742,0.00088121206
-0.4040851185517514,-9.661913e-5,0.0008814731
-0.4040757937831696,-0.0012218356,0.00088385894
-0.40400012705330074,-7.3313713e-6,0.0008816789
-0.40395194417897157,0.0005607605,0.00088715897
-0.4038459554797002,0.00025773048,0.0008819332
-0.4038286038585408,-0.0001180768,0.00088241795
-0.4037193198045394,0.00026798248,0.000881751
-0.40370290826973676,0.0010924339,0.0008830212
-0.403621390961187,0.00055754185,0.00088197534
-0.40357024992113727,-0.00044602156,0.0008823073
-0.4035396181620828,-0.00073099136,0.0008829821
-0.40353401863962024,0.0010488033,0.0008812673
-0.40345692397165217,0.0004490614,0.00088116777
-0.4034475701369159,0.0005198717,0.0008837881
-0.4033718772896433,-0.00038081408,0.00088163605
-0.4033237116865685,-0.0001282692,0.0008865737
-0.4032177124560445,-0.00094133615,0.000881996
-0.4032003818971847,-0.00043797493,0.0008824228
-0.4030911054257881,0.0004376173,0.0008827222
-0.4030746719860827,0.0011361837,0.00088236365
-0.4029931833228487,0.00023972988,0.0008822601
-0.4029420203773821,-0.00075793266,0.0008823577
-0.40291135786676135,0.0009422302,0.00088343606
-0.4029058177406666,8.46386e-6,0.00088093657
-0.4028287289705085,0.00030088425,0.00088161655
-0.40281934649045653,0.0005390644,0.00088347757
-0.40274362710432443,-0.0009101629,0.0008818949
-0.4026954791937541,-0.00025570393,0.00088634604
-0.4025894698532275,0.00040781498,0.00088198483
-0.4025721599356229,-0.00021964312,0.0008824627
-0.402462891046831,8.46386e-6,0.00088231324
-0.4024464361236788,0.0004956722,0.0008826847
-0.4023649756837905,-0.00060522556,0.00088193716
-0.4023137908335241,-0.0005068183,0.00088310736
-0.4022830979931014,0.00030970573,0.0008829375
-0.40227761642036,-0.00020200014,0.0008822509
-0.4022005343908206,-0.00024294853,0.00088148715
-0.4021911228438943,-0.0002322793,0.00088363123
-0.40211537691941696,-0.0004826784,0.0008825683
-0.4020672471226011,-0.001395464,0.0008859801
-0.40196122725082195,7.987022e-6,0.0008821367
-0.401943937974781,0.0008097887,0.00088283565
-0.4018346766681825,2.3961067e-5,0.0008830773
-0.4018182002612749,1.1444092e-5,0.00088271167
-0.40173676804493796,-0.0005159378,0.0008823158
-0.40168556128987176,-0.00022310019,0.00088269124
-0.40165483811944147,-0.0012010336,0.00088288833
-0.40164941552171485,0.00011885166,0.00088164286
-0.4015723393892656,-0.0005837679,0.0008822273
-0.40156289919774346,-0.00010919571,0.000883592
-0.4014871267345095,0.0001693964,0.0008830708
-0.40143901463019804,-0.00085926056,0.0008856509
-0.4013329846484163,0.00082683563,0.00088212383
-0.40131571601332205,-0.0005694032,0.0008823968
-0.40120646228943113,-0.0011249781,0.00088231824
-0.4011899639772095,-0.0005353689,0.0008820369
-0.40110856040649684,-0.0002593994,0.00088193465
-0.4010573317464251,1.1444092e-5,0.0008826274
-0.4010265782457816,0.0010703802,0.0008832863
-0.40102121462337825,-0.000646472,0.00088153075
-0.40094414480916635,-0.0005829334,0.00088148826
-0.40093467513065106,0.0007715225,0.00088410533
-0.40085887654960195,-0.00024944544,0.0008825737
-0.4008107825586337,-0.00045645237,0.0008862877
-0.4007047420460107,0.00013148785,0.0008817246
-0.4006874940517603,0.00087952614,0.00088253856
-0.4005782479104741,-0.000695169,0.0008819685
-0.4005617281143943,0.0001335144,0.00088220363
-0.40048035276743865,-0.0008839965,0.00088231254
-0.40042910178111135,0.00013756752,0.00088263926
-0.40039831795046016,-0.00017356873,0.0008826292
-0.40039301330317445,8.46386e-6,0.0008821777
-0.40031594980791985,-0.0004813671,0.00088172004
-0.40030645148419164,-5.1379204e-5,0.00088409666
-0.4002306263642831,0.00022912025,0.00088186376
-0.40018255006581926,-0.0013865829,0.00088607764
-0.4000764994438108,0.00056660175,0.000881761
-0.40005927166966826,-5.555153e-5,0.00088224775
-0.39995003353182557,0.00028181076,0.0008824652
-0.3999334922524017,-0.00022566319,0.0008824474
-0.3998521455498362,-0.0014895201,0.00088248885
-0.3998008722372533,-0.0012441874,0.00088219775
-0.3997700580768002,0.0007157326,0.0008834373
-0.39976481240411793,0.00029623508,0.00088139187
-0.39968775522771777,0.00017511845,0.0008822905
-0.3996782278376294,4.4226646e-5,0.0008833043
-0.39960237660042,0.00028717518,0.0008817198
-0.39955431799466634,0.00070500374,0.0008865745
-0.3994482568410967,-0.0015243888,0.0008816217
-0.39943104970841503,-0.00013822317,0.00088206585
-0.399321819153177,-0.00016272068,0.0008825082
-0.39930525638989495,-0.00015127659,0.000882778
-0.39922393791108657,-0.00020515919,0.000882062
-0.39917264269349817,0.0012439489,0.00088284706
-0.3991417982034488,-0.0011424422,0.0008827619
-0.39913661150578134,-0.0006605387,0.00088154024
-0.3990595602265741,0.00017869473,0.00088187447
-0.39905000419178716,-3.3199787e-5,0.00088343315
-0.39897412641571817,-0.00014537573,0.0008815218
-0.3989260855025718,-0.00033897161,0.0008852206
-0.39882001423838254,0.00035607815,0.00088159856
-0.3988028277470589,0.0009810925,0.00088285597
-0.39869360477411714,0.00085926056,0.0008821353
-0.3986770201059324,-4.0352345e-5,0.0008818267
-0.3985957302721312,-0.00021660328,0.00088171853
-0.398544413149743,0.00022280216,0.0008833545
-0.39851353832968606,-3.9458275e-5,0.0008832034
-0.39850841018557753,-0.0012000799,0.00088094117
-0.3984313656465777,-0.00012421608,0.00088198617
-0.39842178012407764,-2.0980835e-5,0.00088560826
-0.3983458762308107,-0.00039958954,0.00088132825
-0.3982978530098602,0.0007908344,0.00088595256
-0.39819177163597697,-0.001349926,0.00088158593
-0.3981746057854971,-0.00046294928,0.0008823132
-0.3980653903954686,0.0012068748,0.00088225194
-0.3980487842435285,0.00085020065,0.00088256586
-0.39796752263348434,0.0010793209,0.0008827615
-0.39791618360609066,-0.00034946203,0.0008828982
-0.39788527845582045,-0.0007406473,0.00088223687
-0.397880209286521,-0.0010552406,0.00088111253
-0.3978031706451255,-0.00047045946,0.0008818898
-0.3977935564775154,0.00016736984,0.00088378787
-0.39771762604590316,0.00014603138,0.0008817732
-0.39766962093829583,0.00018703938,0.0008856467
-0.39756352861232125,-0.0006380677,0.0008818247
-0.3975463838243467,-0.00035870075,0.0008823869
-0.3974371760168201,0.0012518167,0.0008822934
-0.39742054838102175,0.0011651516,0.0008825935
-0.3973393149947347,0.0007352829,0.0008835577
-0.3972879540621298,-0.0008921623,0.00088221114
-0.3972570185817491,0.0004924536,0.00088250247
-0.3972520083878759,0.00013303757,0.0008818729
-0.39717497606523194,0.0003079176,0.00088165444
-0.39716533283136457,-0.00034296513,0.0008837077
-0.3970893762821429,0.0011175871,0.0008827196
-0.39704138844630416,-0.00028955936,0.0008855476
-0.3969352860098128,-0.0007866621,0.00088168314
-0.3969181618631963,8.46386e-6,0.0008819651
-0.3968089616380687,-0.00042641163,0.00088266534
-0.396792312518515,0.0010976791,0.00088259974
-0.396711107355985,6.735325e-5,0.00088176096
-0.39665972493962476,-0.0011373162,0.00088208274
-0.3966287582868391,0.00066673756,0.0008830261
-0.3966238070675693,0.0008983612,0.00088124425
-0.3965467810640883,-0.0019349456,0.000881301
-0.39653710918521373,0.00010621548,0.00088380696
-0.3964611260969269,0.0005953312,0.0008821027
-0.39641315637504837,0.00076818466,0.0008858189
-0.39630704340709866,0.0006021261,0.0008816286
-0.39628993990163447,-0.00021624565,0.00088293746
-0.3961807472591117,0.0012373924,0.00088251237
-0.3961640762346553,0.0003080368,0.0008824675
-0.39608290013858827,-0.00018030405,0.0008821805
-0.39603149539638377,0.0003863573,0.0008827078
-0.3960004984133848,-0.00015884638,0.00088226085
-0.39599560616892415,0.0016833544,0.0008820154
-0.39591858648378336,-0.00012433529,0.0008818511
-0.3959088855390629,-0.00027137995,0.00088463177
-0.3958328759120194,0.0006890297,0.0008817017
-0.39578492388233677,0.0003656149,0.0008857023
-0.3956788008046931,-0.00034099817,0.0008831553
-0.39566171794048405,0.0015684366,0.0008827117
-0.39555253288005177,-0.0010626912,0.0008825484
-0.39553584037184,0.00041270256,0.00088293565
-0.39545469249963294,-4.9889088e-5,0.0008821045
-0.3954032658523201,0.00035595894,0.0008834542
-0.3953722385395192,-2.926588e-5,0.00088247436
-0.39536740527027897,-0.0006235242,0.000881618
-0.39529039148222833,-0.0012157559,0.0008811306
-0.39528066147125057,-0.00026768446,0.000883486
-0.3952046257271119,-0.0001733303,0.0008820537
-0.39515669181077245,-7.0273876e-5,0.000885824
-0.39505055820249313,0.00016760826,0.0008816096
-0.3950334959795393,0.00011372566,0.00088263175
-0.3949243185017118,0.0015125275,0.0008825081
-0.3949076045097446,-1.0311604e-5,0.0008824743
-0.39482648486088323,0.00019586086,0.0008823655
-0.3947750363082564,-0.00029492378,0.00088280096
-0.3947439786654479,0.0013816357,0.00088368065
-0.39473920395038375,-2.8431416e-5,0.0008816787
-0.3946621969023348,-0.0007581711,0.00088193535
-0.39465243782509973,0.00014162064,0.00088357273
-0.3945763759630431,-0.0003233552,0.00088203826
-0.3945284597396195,8.46386e-6,0.00088551536
-0.39442231559967617,4.887581e-5,0.00088198646
-0.3944052740181832,0.0007472038,0.0008828455
-0.3942961045440048,0.0010745525,0.0008825805
-0.3942793686472379,-0.0010004044,0.00088206923
-0.3941982772220307,-0.00055348873,0.00088168535
-0.39414680676460406,1.1444092e-5,0.0008823514
-0.3941157187919937,-0.0001745224,0.00088220276
-0.39411100305173863,-0.0012152791,0.00088095816
-0.3940340019014996,0.00063991547,0.0008824125
-0.39402421417915456,-0.00061011314,0.00088332716
-0.39394812577813565,-0.0009780526,0.0008816404
-0.3939002272472164,0.0003900528,0.0008854088
-0.3937940729970649,0.0017989874,0.000882576
-0.3937770520566214,-0.0003092885,0.0008821836
-0.39366789016494497,0.00056672096,0.00088261714
-0.39365113278462827,0.001070857,0.00088349514
-0.3935700695829725,0.00030207634,0.00088229286
-0.39351857722095174,-2.69413e-5,0.0008826309
-0.39348745891833375,0.0001989603,0.0008835247
-0.39348280215268205,8.46386e-6,0.0008810675
-0.39340580732129754,0.00064766407,0.00088184956
-0.39339599053279806,0.000613451,0.0008838789
-0.3933198755932281,-0.00035655499,0.00088174513
-0.3932719951756521,0.00081944466,0.0008859033
-0.39316583039455644,-0.00081557035,0.00088166964
-0.39314883009547097,0.00079619884,0.0008824525
-0.3930396757867078,-0.0011657476,0.0008824422
-0.39302289692212156,-0.0006856322,0.0008824771
-0.39294186236588435,-0.00020897388,0.0008826703
-0.3928903476772994,0.00020503998,0.0008823192
-0.3928591990446738,0.00022673607,0.0008831848
-0.39285460125403693,0.00064849854,0.00088145403
-0.3927776123197425,-0.0015619993,0.000881301
-0.3927677668862358,8.916855e-5,0.0008836683
-0.39269162582946787,0.00022161007,0.00088195555
-0.392643762683249,-0.0002539754,0.0008856192
-0.392537587792048,0.00024318695,0.0008819477
-0.39252060813432055,-0.00066560507,0.0008821405
-0.39241146140795646,0.0005862713,0.0008826082
-0.3923946606383647,0.00033259392,0.0008823701
-0.39231365472713464,0.0018035173,0.0008824032
-0.3922621181332357,-0.00036644936,0.0008823409
-0.3922309391706025,-0.0002657175,0.0008824277
-0.3922263999337303,-0.0008035302,0.00088129035
-0.3921494177401575,0.00022292137,0.0008814215
-0.39213954324008493,-0.0008049011,0.0008834792
-0.39206337564445753,-0.00012075901,0.0008814372
-0.39201553061230177,-0.00012594461,0.00088587217
-0.3919093451896424,-0.00019943714,0.0008818295
-0.3918923861730673,-0.0013444424,0.00088240247
-0.39178324702899936,-0.00073474646,0.0008821322
-0.39176642477596074,-0.0005842447,0.000882762
-0.3916854470882821,9.679794e-5,0.0008824414
-0.39163388858958337,-0.00031906366,0.0008828374
-0.39160267929673687,-0.00016850233,0.0008824936
-0.39159819903487947,-5.6624413e-6,0.00088084175
-0.3915212231599554,-0.00020039082,0.0008816404
-0.3915113195939341,1.1444092e-5,0.0008830435
-0.39143512545934434,0.00027430058,0.00088211807
-0.3913872985409431,-0.00030821562,0.00088479725
-0.39128110258703114,-0.0010195374,0.00088168413
-0.39126416421160837,0.0006570816,0.0008826073
-0.39115503264993945,-0.0003630519,0.00088289106
-0.3911381889132483,-0.00014919043,0.00088230387
-0.39105723944953247,-0.0010076165,0.00088270375
-0.3910056590462396,0.00083625317,0.0008821776
-0.39097441942328265,3.6358833e-5,0.00088201993
-0.39096999813644007,-0.0011456013,0.0008809249
-0.3908930281584004,-0.0006554127,0.0008816282
-0.3908830955264303,0.0015619993,0.00088382297
-0.3908068756955841,0.00017118454,0.0008815642
-0.39075906604812866,0.00056147575,0.0008855588
-0.3906528599845227,0.0008751154,0.00088223774
-0.39063594225045795,-0.000111579895,0.00088166376
-0.390526818271291,0.00010859966,0.00088236365
-0.3905099530505359,0.0007073879,0.00088245753
-0.3904290322320329,0.00025618076,0.0008823362
-0.3903774295022787,0.0003298521,0.0008822117
-0.3903461595496227,-0.0009588599,0.00088216236
-0.39034179723738355,0.0006326437,0.0008806228
-0.39026483357850683,8.392334e-5,0.00088196987
-0.39025487187997093,0.00049829483,0.00088372687
-0.39017862551057375,0.00025475025,0.00088136335
-0.3901308339769757,5.3286552e-5,0.0008849617
-0.3900246178036757,-0.000531435,0.00088309264
-0.3900077202893075,0.00041282177,0.0008837638
-0.38989860431389256,8.46386e-6,0.0008827596
-0.38988171718833764,0.0006568432,0.0008833942
-0.3898008245931804,-4.428625e-5,0.0008826031
-0.389749199958215,-7.981062e-5,0.00088225096
-0.38971789967555137,0.0010482073,0.0008828223
-0.3897135959172826,0.00067460537,0.00088181323
-0.3896366385770546,0.00028920174,0.0008817066
-0.3896266482338201,0.00016152859,0.0008837199
-0.38955037574691637,-7.599592e-5,0.0008818993
-0.3895026014845726,-0.00031763315,0.0008849725
-0.38939637520085874,-0.00015550852,0.0008822979
-0.3893794987489958,-0.0014220476,0.00088212406
-0.38927038993483265,-0.0016133785,0.0008821317
-0.38925348132593374,6.330013e-5,0.0008824341
-0.3891726169541222,-0.00012421608,0.00088174274
-0.3891209708358128,-3.2007694e-5,0.00088207016
-0.3890896398018915,0.00073993206,0.0008826716
-0.38908539501884315,-0.0016542077,0.00088047434
-0.38900844399705825,0.001232624,0.0008817781
-0.3889984245878749,0.0008111,0.0008835859
-0.3889221255620089,-0.00016742945,0.00088167127
-0.3888743694134197,0.0004593134,0.0008853298
-0.3887681325981446,0.0009405613,0.0008824277
-0.3887512767878454,-0.00063699484,0.0008819497
-0.38864217555618413,0.00021970272,0.0008824996
-0.3886252454632213,0.00058960915,0.00088254357
-0.38854440973672544,-0.0008534789,0.00088213274
-0.3884927412921605,0.00047898293,0.000883027
-0.38846137992823154,0.00026404858,0.0008824876
-0.388457194120198,-0.0023624897,0.0008816875
-0.38838024941716465,5.567074e-5,0.00088137866
-0.38837020094141556,-0.00024682283,0.00088355126
-0.38829387537679283,-0.00016671419,0.00088182994
-0.3882461373418553,0.00045120716,0.0008851508
-0.38813988999563614,-0.00044590235,0.00088146375
-0.38812305482669496,0.0020941496,0.00088297273
-0.3880139611775356,0.00055134296,0.00088226196
-0.38799700960071454,0.0005491972,0.00088225334
-0.38791620209807864,0.0005465746,0.00088222144
-0.38786451174850817,-5.5253506e-5,0.0008841693
-0.3878331200545716,-0.00068050623,0.00088185514
-0.3878289932211415,0.0015935898,0.000882267
-0.3877520544157125,-5.1379204e-5,0.0008820765
-0.3877419772949562,-6.198883e-5,0.00088353525
-0.3876656256130326,0.0005379915,0.0008814728
-0.3876179052707024,-0.00029200315,0.00088495004
-0.3875116473932306,-0.00039064884,0.00088192493
-0.38749483286513314,0.0007545948,0.0008830612
-0.38738574721972585,-0.00023007393,0.00088353903
-0.38736877331706054,-3.1769276e-5,0.0008823078
-0.3872879944590204,0.0010840893,0.00088238105
-0.38723628220444445,0.00045597553,0.0008825903
-0.38720486018091166,0.0009996891,0.0008824568
-0.38720079232229065,-0.0013213754,0.000880716
-0.38712385983571607,-0.00051164627,0.00088138663
-0.38711375364880535,-0.0011299253,0.000884063
-0.38703737542853645,0.00085639954,0.0008821154
-0.3869896727782993,-0.000326097,0.0008853252
-0.38688340479082495,0.0011144876,0.0008823245
-0.3868666109039827,0.00055241585,0.0008823861
-0.3867575328410773,-0.000657022,0.00088214665
-0.38674053745465664,-0.00082719326,0.00088178343
-0.3866597872416237,-0.00063824654,0.0008824624
-0.3866080526607921,-0.00030237436,0.0008821324
-0.3865766003068404,0.0008034706,0.00088233023
-0.38657259142354267,-0.00037825108,0.00088126
-0.3864956652558225,0.0005759001,0.0008824796
-0.3864855300022431,6.401539e-5,0.0008833255
-0.3864091256644677,0.00069081783,0.0008820319
-0.386361440706735,0.0001963377,0.00088478974
-0.38625516218811085,-0.00032037497,0.0008820008
-0.3862383889428323,-0.00048184395,0.000882015
-0.38612931846242876,0.00080025196,0.0008828552
-0.38611230159184134,0.00067687035,0.000882579
-0.3860315796031826,0.00045883656,0.00088256504
-0.3859798231173455,-0.0008138418,0.0008823021
-0.38594834043318044,0.00065135956,0.00088262366
-0.3859443901035446,0.00046896935,0.0008816569
-0.3858674702546789,0.0004924536,0.0008813782
-0.3858573059348422,-0.00057017803,0.0008834169
-0.3857808754791488,0.0012856722,0.00088164187
-0.385733208635582,0.0003079176,0.00088480534
-0.38562691958560236,0.00037944317,0.0008825354
-0.3856101669812705,-0.00030696392,0.00088261307
-0.3855011040833689,0.00050342083,0.0008828288
-0.3854840657292318,-4.2676926e-5,0.0008824562
-0.38540337196433005,4.9471855e-5,0.000882232
-0.3853515939947376,0.0006097555,0.0008829012
-0.3853200805595205,-0.0003555417,0.0008823896
-0.3853161892046938,0.0006144047,0.00088241167
-0.38523927567437394,0.0004620552,0.0008823535
-0.38522908228869135,0.00140059,0.00088396744
-0.3851526257154914,-0.00048607588,0.00088154606
-0.3851049765644291,-0.0008991957,0.00088477106
-0.3849986769836082,-0.00013178587,0.0008822971
-0.3849819454413702,0.0016742945,0.0008824473
-0.3848728901259705,-0.0009953976,0.0008822852
-0.38485582986703354,-0.0010592341,0.00088161114
-0.38477516474652196,0.0005990267,0.00088237313
-0.3847233644506739,0.0005264282,0.00088269677
-0.38469182110711064,1.0967255e-5,0.0008819806
-0.38468798830594575,0.00051021576,0.00088132103
-0.38461108109427466,0.0010447502,0.00088193256
-0.38460085864243765,-0.00034552813,0.00088387623
-0.38452437553058394,-0.0008328557,0.00088146067
-0.38447674407161464,0.0018980503,0.000885119
-0.38437043480234984,-0.00037944317,0.00088250247
-0.3843537234802198,-0.0011451244,0.00088231405
-0.38424467574732196,0.00035953522,0.00088248594
-0.38422759400462964,-0.000585258,0.0008819544
-0.3841469571078751,-0.0001872778,0.0008825728
-0.3840951349070216,-0.000526309,0.00088258256
-0.3840635612336564,-0.0006175041,0.000881944
-0.3840597874071978,0.0008621216,0.0008814366
-0.38398288609333675,-9.894371e-5,0.0008818678
-0.38397263499618395,7.903576e-5,0.00088387495
-0.38389612576692655,-0.0003079176,0.0008815194
-0.38384851200046166,-0.0013164282,0.00088496984
-0.3837421921996357,7.939339e-5,0.00088201975
-0.38372550151906937,8.46386e-6,0.0008821053
-0.38361646136826205,-6.4730644e-5,0.0008827744
-0.38359935814181434,-0.0014197826,0.0008821647
-0.3835187494688169,0.00028443336,0.00088261114
-0.38346690536336925,-0.0008863807,0.0008825003
-0.38343530135958515,-0.0005375743,0.0008821539
-0.38343158650834697,-0.000106692314,0.00088130403
-0.3833546915131346,0.0021730661,0.00088211574
-0.38334441134982744,0.0006235838,0.00088389247
-0.38326787558160763,-0.00017499924,0.0008812688
-0.38322027992930874,-0.0010762215,0.0008842363
-0.3831139495968187,-0.00012487173,0.00088244927
-0.38309727955750755,0.0007317066,0.0008820013
-0.3829882474108636,4.851818e-5,0.0008823797
-0.38297112227941044,-0.00041282177,0.0008823049
-0.38289054225142016,-4.5716763e-5,0.00088231545
-0.382838676240967,0.00024199486,0.00088289403
-0.38280704148571953,0.00020515919,0.0008824969
-0.38280338560970184,0.00024485588,0.00088169234
-0.38272649693293254,0.0004837513,0.0008813487
-0.38271618770367655,0.00017499924,0.0008835045
-0.38263962581795025,0.0005104542,0.0008822069
-0.38259204785815576,-0.0005980134,0.0008845635
-0.3824857069944131,0.0001784563,0.00088177127
-0.3824690580171959,0.0013432503,0.00088341406
-0.3823600330322151,-0.00027644634,0.00088201585
-0.38234288641700653,-0.00029438734,0.0008834142
-0.38226233461277337,0.00043034554,0.0008821911
-0.38221044669690335,0.00109303,0.00088292244
-0.38217878161195673,0.0006365776,0.00088203815
-0.38217518471095385,-0.00039947033,0.0008813612
-0.38209830193199457,0.00034093857,0.0008816313
-0.38208796405742285,-0.00018554926,0.00088373636
-0.3820113756333513,-0.00070893764,0.0008809504
-0.3819638157869,0.0011228323,0.0008843848
-0.38185746439221324,0.00081706047,0.00088195386
-0.3818408360564568,-0.0005143881,0.00088216463
-0.3817318186535666,0.0013953447,0.000882842
-0.38171465055460263,-0.0010036826,0.00088203704
-0.3816341273953766,0.0011729002,0.00088254217
-0.381582217153251,0.0013376474,0.00088324945
-0.3815505217381939,-0.0003925562,0.0008819679
-0.38154698381200014,-0.0010255575,0.0008813858
-0.3814701073517925,-0.0016157031,0.00088142994
-0.38145974041096353,-4.10676e-5,0.0008833168
-0.38138312586959106,-0.001034677,0.00088190695
-0.3813355832941884,0.0006004572,0.0008842323
-0.38122922221085204,0.0007481575,0.0008821426
-0.38121261409489504,0.0010027885,0.00088212144
-0.38110360469575677,-0.00022220612,0.00088274456
-0.38108641469178733,0.00071144104,0.0008825944
-0.3810059197567298,-0.0010900497,0.00088267785
-0.38095398760980437,-0.00083738565,0.00088267936
-0.38092226228578413,-0.0018537045,0.0008815133
-0.380918782913355,-0.00025302172,0.0008822432
-0.3808419127715904,-0.0007343888,0.0008817637
-0.38083151676481264,0.00052523613,0.00088376884
-0.38075487610572795,0.00121665,0.00088183687
-0.3807073512230354,0.0006892681,0.00088549807
-0.3806009796080351,-0.00054198503,0.0008824535
-0.3805843921333332,0.00066137314,0.0008830947
-0.3804753903167998,-0.0016165376,0.000881621
-0.38045817882907484,0.00013077259,0.000882092
-0.3803777125389217,0.0011667013,0.0008826228
-0.3803257584870936,-0.00023823977,0.00088500476
-0.38029400241181566,-0.0014590621,0.0008813139
-0.3802905820146071,8.46386e-6,0.0008815079
-0.38021371777044677,-0.00033468008,0.00088172953
-0.38020329311855894,-0.00053685904,0.00088353816
-0.3801266259204091,-2.4974346e-5,0.0008819919
-0.3800791191514711,-0.00020384789,0.0008843188
-0.379972737005938,9.88245e-5,0.00088236755
-0.3799561705938443,-6.7949295e-5,0.00088275626
-0.37984717593845974,0.001250267,0.0008827534
-0.3798299429669795,-6.556511e-5,0.000882707
-0.37974950490027487,0.0019575357,0.00088264805
-0.37969752894313274,0.0002528429,0.0008828208
-0.37966574253805285,-0.000104784966,0.0008830724
-0.37966238111565337,0.0012867451,0.0008819356
-0.3795855231901418,6.198883e-5,0.0008826378
-0.3795750694723053,-0.00015699863,0.0008831856
-0.3794983761567517,1.1444092e-5,0.000881527
-0.3794508870799067,0.0001385212,0.00088438095
-0.37934449440342954,0.0012190342,0.0008821547
-0.379327948632591,-0.0010944605,0.0008816064
-0.37921896198064997,0.00091183186,0.0008826869
-0.37920170710457557,-6.020069e-6,0.0008818604
-0.3791212972612167,-0.00036144257,0.00088181946
-0.3790692993994804,0.0003796816,0.00088320475
-0.3790374826648043,-0.00019818544,0.0008822217
-0.37903417979575815,-0.0001129508,0.0008812536
-0.3789573286102482,-0.00026983023,0.00088142033
-0.37894684582615445,0.0009086132,0.0008833599
-0.3788701259720499,0.0005199909,0.00088196807
-0.3788226550091651,-0.00021612644,0.0008841757
-0.37871625180081825,-0.00018459558,0.0008818675
-0.37869972667113205,-3.7431717e-5,0.0008820602
-0.3785907476017958,-0.00033432245,0.00088227
-0.37857347124176033,0.0004798174,0.0008825698
-0.3784930900435114,-0.0002629757,0.0008824551
-0.37844106985541676,-0.00030642748,0.00088245375
-0.3784092232123945,0.00035846233,0.00088204595
-0.37840597889701016,-0.00036913157,0.00088099274
-0.37832913403035473,0.00023174286,0.00088226056
-0.37831862217969503,-0.00033193827,0.000884001
-0.3782418762080839,-0.00033581257,0.0008815759
-0.3781944229380122,0.00051259995,0.000884859
-0.3780880096192514,-0.00012332201,0.00088191946
-0.37807150513082033,-0.0001861453,0.00088230206
-0.37796253322335294,0.000313282,0.0008830079
-0.3779452353793564,-0.0013656616,0.00088203885
-0.37786488240517313,-0.00016069412,0.00088155427
-0.3778128407330145,-0.0007661581,0.0008820059
-0.37778096333832323,0.00015234947,0.00088188687
-0.37777777799805645,0.00046432018,0.00088101666
-0.3777009390291082,-0.0015206337,0.000881429
-0.3776903985334414,0.0009125471,0.00088394235
-0.377613626444118,-0.00052154064,0.0008813698
-0.3775661908664478,-0.0014497638,0.00088378775
-0.3774597670168458,0.00044834614,0.00088285474
-0.3774432831696699,-0.0001667738,0.0008828994
-0.3773343192659545,0.002240777,0.00088245753
-0.3773169995169525,0.00011467934,0.0008824845
-0.377236675187365,0.00061273575,0.0008821657
-0.3771846111893622,1.1444092e-5,0.00088351656
-0.3771527034642519,-0.0007227659,0.0008816992
-0.377149577099,0.0009433031,0.0008815517
-0.37707274444911176,0.00038540363,0.00088329933
-0.3770621748870848,-0.00021094084,0.00088350347
-0.3769853762594162,0.0006970167,0.00088137266
-0.3769379587952949,-0.0010385513,0.0008838625
-0.37683152441464585,0.0015082359,0.0008822797
-0.376815061208828,0.0006144047,0.00088309444
-0.3767061048868946,-0.000708282,0.0008820734
-0.37668876407579865,0.0016764402,0.00088370516
-0.37660846754840965,-0.00065636635,0.0008824138
-0.37655638164570987,0.00039815903,0.0008829623
-0.37652444401184204,0.0008651018,0.00088187074
-0.3765213762003548,0.00016760826,0.00088144897
-0.37644454986901255,0.00062942505,0.00088239386
-0.3764339512405226,0.00016772747,0.0008830972
-0.3763571264957588,8.1539154e-5,0.0008816025
-0.3763097267241419,0.0006849766,0.0008840824
-0.37620328223318183,0.0011367798,0.0008822572
-0.3761868396686192,0.00018024445,0.0008826494
-0.37607789092918764,-0.00026220083,0.0008821261
-0.3760605282129834,-0.0004529953,0.0008829009
-0.3759802603313214,0.001070857,0.00088271993
-0.37592815252320483,-0.00077855587,0.0008823534
-0.3758961841384907,-0.00038266182,0.0008819801
-0.37589317530191535,0.0006387234,0.00088191224
-0.375816355289119,-3.874302e-5,0.000881295
-0.3758057275945774,0.0014036894,0.0008843152
-0.3757288767317929,0.0004963875,0.0008825333
-0.37568149465288614,0.00075781345,0.0008841611
-0.37557503963046773,0.0005810261,0.0008824107
-0.3755586177070574,0.0007184744,0.00088306586
-0.3754496765504363,-0.0006740689,0.00088215264
-0.3754322923501681,0.001085639,0.0008826892
-0.37535205269267463,0.0001821518,0.0008821398
-0.37529992297924397,0.00053298473,0.00088242406
-0.3752679242645222,0.00067794323,0.00088188244
-0.37526497440306456,0.00010848045,0.0008813813
-0.37518816070881406,0.00015079975,0.00088137493
-0.37517750394842664,-0.00030827522,0.00088361715
-0.37510062654657683,0.00014972687,0.0008819823
-0.3750532625814247,-0.0008663535,0.0008842247
-0.37494679702826783,-5.954504e-5,0.0008817818
-0.3749303957462155,-0.0006880164,0.00088206795
-0.3748214625930379,-0.0010124445,0.0008819837
-0.3748040564881756,-8.356571e-5,0.00088221923
-0.3747238454748665,-0.0005380511,0.00088214607
-0.37467169343559165,-0.00082951784,0.00088251353
-0.37463966481170097,0.00034928322,0.00088173716
-0.37463677350400804,0.0003809929,0.0008816734
-0.374559965707259,-0.0001500845,0.00088161847
-0.3745492803020701,7.772446e-5,0.0008837078
-0.37447237678291945,0.0003427267,0.00088217336
-0.3744250305098603,-0.0005965233,0.0008838507
-0.3743185544258622,0.0011037588,0.0008819698
-0.37430217420600664,0.00012552738,0.0008823664
-0.37419324821408084,0.00066804886,0.0008831564
-0.37417582062566884,0.0011191368,0.0008825118
-0.37409563825716124,-1.40070915e-5,0.00088246085
-0.37404346431308655,0.0005797148,0.00088267785
-0.3740114049384524,0.0007017851,0.00088153564
-0.37400857302692153,-3.8981438e-5,0.0008817187
-0.37393177112777687,-0.0007956028,0.00088172144
-0.3739210566558164,-0.0002952814,0.00088314025
-0.37384412701946773,-0.0010555387,0.0008816982
-0.3737967984390159,-0.0017259717,0.0008842125
-0.3736903122443982,0.00014579296,0.0008819154
-0.3736739522444449,0.00028204918,0.00088302954
-0.37356503383532946,0.00012516975,0.00088240433
-0.37354758476295635,-3.838539e-5,0.00088306464
-0.3734674306184116,-0.0005530119,0.00088198273
-0.3734152347691257,0.0009006262,0.0008832935
-0.37338314548593976,1.859665e-5,0.00088135793
-0.3733035765474719,-8.547306e-5,0.0008815046
-0.37329283300956273,0.0001950264,0.00088448
-0.37321587683456026,-9.7453594e-5,0.0008822996
-0.3731685663675544,-0.00070387125,0.00088399183
-0.37306206964168404,-0.00097197294,0.0008817652
-0.37304573070454455,-0.00072938204,0.00088224735
-0.37293681987834243,0.0010040998,0.0008827936
-0.37291934890055245,0.0010876656,0.00088192924
-0.37283922340101483,-0.0005392432,0.0008824955
-0.3727870056467235,0.0002270937,0.0008827571
-0.372754885612177,0.0001527071,0.0008817958
-0.37275217122891136,0.0005391836,0.0008818608
-0.372675381967167,-0.0015354753,0.0008818219
-0.37266460936341184,0.0012449026,0.0008839233
-0.3725876270704915,-0.00022614002,0.00088216685
-0.3725403342959901,0.00033557415,0.0008848307
-0.37243382703927846,-0.00050497055,0.00088229234
-0.37241750874339413,-0.00033712387,0.00088215247
-0.3723086054992825,0.0005245209,0.00088229316
-0.37229111303814855,-0.00043582916,0.0008819376
-0.3722110157620595,7.83205e-5,0.00088245387
-0.3721587761029683,0.0004593134,0.0008827517
-0.37212662573831135,-0.0005684495,0.0008818508
-0.37212397033026623,0.00016880035,0.0008824428
-0.37204718738768483,-0.000644505,0.0008813511
-0.37203638571695247,-0.00047409534,0.0008834789
-0.37195937730683404,4.196167e-5,0.000882187
-0.3719121022252485,0.0007250309,0.0008837745
-0.37180558485832865,0.0006393194,0.0008817732
-0.3717892872034938,-0.0005463958,0.0008826768
-0.3716803915415756,0.0006684065,0.00088208186
-0.3716628775968919,7.712841e-5,0.00088260387
-0.37158280854455994,0.0009918213,0.0008822432
-0.37153054655921314,-0.0010086298,0.00088340085
-0.37149836628549016,0.0002809763,0.00088219775
-0.37149576943120965,0.00024676323,0.00088152237
-0.37141899238643833,-0.00051265955,0.0008816073
-0.3714081620704931,-0.00035136938,0.00088349846
-0.37133112754317665,0.00017356873,0.0008816054
-0.37128387015399267,8.749962e-5,0.000883886
-0.371177342255923,-0.0006157756,0.0008822092
-0.37116106524193204,0.00066149235,0.00088229374
-0.37105217716282424,0.00012397766,0.00088188826
-0.3710346417341795,-0.00012230873,0.000882026
-0.3709546009063245,-0.00019156933,0.0008827192
-0.3709023174368109,0.00095164776,0.00088212907
-0.37087010641203594,0.0009037256,0.00088271714
-0.37086756853256453,-0.0003196001,0.0008815955
-0.37079079780623625,-0.00024420023,0.00088127464
-0.37077993842454793,0.0012135506,0.0008841454
-0.3707028773582692,-0.00023311377,0.0008814292
-0.3706556380825312,-0.0006299019,0.00088345417
-0.37054910007435615,-0.0008177757,0.0008820618
-0.3705328437020317,0.001006484,0.0008823676
-0.3704239632052201,0.00094020367,0.00088318257
-0.3704064058713642,0.000269413,0.00088220305
-0.3703263936885164,0.00042498112,0.00088212115
-0.3702740878929529,0.0007368326,0.0008829453
-0.3702418469596261,1.335144e-5,0.0008818419
-0.3702393676339194,7.879734e-5,0.00088126643
-0.3701626032259313,0.0011814833,0.00088221725
-0.3701517147783971,0.00032043457,0.00088342634
-0.3700746275942004,0.0013052225,0.00088170485
-0.370027406432217,-0.0007291436,0.0008835558
-0.3699208574719506,-0.00033020973,0.0008828603
-0.3699046217408813,-0.001844585,0.00088158564
-0.36979574924771885,-0.00069475174,0.0008829291
-0.3697781700092688,-0.0008547902,0.00088215695
-0.3696981864707083,-0.00036656857,0.0008824173
-0.36964585877044787,0.00014150143,0.00088260416
-0.3696135870856576,-0.0006133318,0.00088110776
-0.3696111667352743,-0.001138866,0.0008815947
-0.3695344086460377,-0.0010665059,0.0008812916
-0.3695234911319377,-0.0001642704,0.0008830965
-0.3694463778302345,-9.4890594e-5,0.0008814094
-0.369399174361064,-0.00044041872,0.0008841974
-0.36929261486954496,-0.0004646778,0.00088143453
-0.36927640020056957,0.0010362864,0.00088302785
-0.3691675348689675,-0.00033307076,0.0008827496
-0.36914993414676206,0.00053715706,0.0008818961
-0.36906997883206144,-0.00052183867,0.0008819774
-0.3690176292266927,0.00015616417,0.0008824448
-0.36898532763314495,0.00031888485,0.0008821876
-0.36898296583662915,-7.945299e-5,0.00088191364
-0.3689062140661442,0.0013763905,0.0008820002
-0.368895267485684,0.001021862,0.00088371825
-0.36881812806688563,-0.00054848194,0.00088180514
-0.36877094229011675,0.000114798546,0.0008839957
-0.3686643726883895,0.00077068806,0.00088213716
-0.36864817823941914,-0.0008853674,0.0008823641
-0.3685393209115691,0.00014460087,0.0008823789
-0.3685216982841525,0.0006047487,0.00088215433
-0.3684417716143562,-2.5987625e-5,0.0008823575
-0.3683894001040848,-0.00026607513,0.00088241557
-0.36835706775948507,2.9802322e-5,0.00088195375
-0.3683547649375726,0.00020360947,0.0008813459
-0.36827801948583927,-0.0006791949,0.00088105764
-0.3682670438395332,-0.0005374551,0.0008836624
-0.36818987830322825,-0.0009711981,0.000881431
-0.3681427102187581,0.0013597012,0.00088369957
-0.3680361300855725,0.00022411346,0.0008819348
-0.3680199566995188,-0.0006533265,0.0008821937
-0.3679111065329206,-0.00031125546,0.0008815417
-0.3678934628428958,-0.0008074641,0.00088189583
-0.3678135639756065,0.0016665459,0.0008823983
-0.36776117056032964,0.00013923645,0.0008821782
-0.3677288083070752,0.000116825104,0.00088139303
-0.36772656403892745,-0.0004118085,0.0008817658
-0.36764982490594567,-0.00084108114,0.00088158855
-0.36763882019338234,-0.00010371208,0.0008837819
-0.36756162853946794,-8.749962e-5,0.0008816444
-0.36751447814719373,0.00072157383,0.0008844677
-0.3674078879041085,0.0006008148,0.0008815689
-0.36739173473795705,-0.0001809001,0.00088296615
-0.36728289257511076,-0.00016361475,0.0008830186
-0.36726522698038905,-0.0018972158,0.0008818096
-0.3671853567582098,-0.00023043156,0.0008825779
-0.36713294143782454,8.9883804e-5,0.0008820936
-0.36710054885466537,1.1444092e-5,0.0008816932
-0.367098363561121,-0.000567317,0.00088255835
-0.367021629904802,0.00064074993,0.00088136125
-0.3670105965468201,6.043911e-5,0.0008832695
-0.3669333783544576,0.000723958,0.00088173157
-0.3668862460762465,8.46386e-6,0.00088383077
-0.3667796453020114,-0.00111413,0.0008815929
-0.3667635131980567,-0.0003979802,0.0008818732
-0.36665467819646225,0.0011622906,0.00088190124
-0.36663699111798514,0.002061367,0.00088253967
-0.36655714954060736,0.00019490719,0.00088211126
-0.3665047118941722,0.0014894009,0.00088243914
-0.3664722889805941,0.00044369698,0.00088268763
-0.3664701626622702,-0.00080001354,0.0008811142
-0.3663934353244971,0.00045073032,0.0008816656
-0.3663823729004636,0.0002977848,0.0008837846
-0.36630512859059455,0.002114892,0.0008822552
-0.3662580144261379,-0.0012024045,0.00088399224
-0.3661514031208559,-0.0002567768,0.0008815692
-0.3661352912369063,0.000710845,0.00088213483
-0.36602646423885815,-0.0004222393,0.0008823191
-0.36600875525558124,0.0001296997,0.00088254025
-0.3659289419018577,0.0007069111,0.0008825469
-0.36587648277177,0.0015838146,0.00088311743
-0.3658440295281843,-0.00021511316,0.00088184595
-0.36584196176383077,0.00015866756,0.00088182953
-0.36576524074460354,0.00038909912,0.000881936
-0.36575414925451843,2.5987625e-5,0.0008840857
-0.3656768788269371,0.0006982088,0.00088175747
-0.3656297823545736,0.0003324747,0.00088371057
-0.3655231605180389,0.000859499,0.00088220835
-0.36550706969659463,8.46386e-6,0.0008822047
-0.36539825028104833,-4.8935413e-5,0.0008818904
-0.3653805198141189,-0.000528872,0.000881888
-0.36530073468435814,-0.000546515,0.0008820255
-0.3652482532277063,-0.0004338622,0.0008824507
-0.3652157696545243,-0.0009596944,0.0008813264
-0.3652137608647743,-6.109476e-5,0.0008817943
-0.36513704616440146,0.0003335476,0.0008812178
-0.36512592602920635,0.0009071827,0.0008840204
-0.3650486290631769,-3.0755997e-5,0.00088183454
-0.36500155028342063,0.00022113323,0.00088394503
-0.36489491791563333,7.9751015e-5,0.0008822341
-0.3648788481566943,0.00017488003,0.0008825363
-0.3647700359026055,-0.0008531213,0.0008826319
-0.3647522839516122,-0.0012040734,0.0008815546
-0.36467252746696144,-7.5280666e-5,0.00088177447
-0.3646200241053041,-0.00018852949,0.0008824206
-0.3645875102021145,0.0010000467,0.0008814711
-0.36458555996592346,-0.0007098317,0.00088287576
-0.3645088515841994,0.000826478,0.0008821457
-0.3644977023828498,-0.00027406216,0.00088362285
-0.364420379299211,-0.0008794069,0.0008818321
-0.3643733182122677,-0.0004453063,0.0008830873
-0.36426667573447785,-0.00036364794,0.0008817975
-0.3642506261955439,-0.00030219555,0.0008829402
-0.3641418219452071,-0.00034976006,0.00088236545
-0.3641240480892083,-0.00022941828,0.00088244176
-0.364044319828006,0.0002565384,0.00088228105
-0.36399179456165176,-0.0008277893,0.0008822132
-0.3639592507497047,-0.0020568967,0.0008810188
-0.363957359067484,4.6253204e-5,0.000881237
-0.3638806570045115,-0.00051277876,0.0008812517
-0.3638694787369046,-0.001040101,0.0008834517
-0.3637921295355536,0.0016297102,0.0008820638
-0.3637450865623648,0.00019013882,0.0008836048
-0.3636384331320722,-1.835823e-5,0.00088185986
-0.36362240465564355,0.00056505203,0.00088223
-0.36351360756625006,-8.34465e-7,0.00088231155
-0.3634958126480544,0.00012409687,0.0008824026
-0.3634161126103008,0.00042903423,0.00088211714
-0.363363565438941,-0.00048953295,0.0008829352
-0.36333099087563336,0.00057291985,0.0008828737
-0.36332915859008896,-0.0010536313,0.0008812521
-0.36325246242461795,4.9591064e-5,0.0008815998
-0.3632412550907538,-0.0009788275,0.00088291604
-0.3631638797717933,0.00021135807,0.00088235026
-0.3631168544908005,0.000441432,0.00088326476
-0.36301019095050535,-0.00014829636,0.0008825011
-0.3629941826940818,0.0009937286,0.00088257104
-0.36288539360874883,-0.00026476383,0.0008822445
-0.3628675767856505,0.0014050007,0.00088241743
-0.3627879053931098,0.0008043051,0.00088353833
-0.36273533589518586,-0.0010588765,0.0008828035
-0.3627027314232235,-0.000649631,0.0008812113
-0.36270095769103244,-0.0015279055,0.00088060147
-0.36262426784441587,0.00038588047,0.0008813463
-0.36261303144419155,-0.00060755014,0.0008840609
-0.3625356300080331,-0.00077843666,0.0008817603
-0.3624886224196475,-0.0003401041,0.00088321336
-0.3623819483476884,0.00048577785,0.0008819423
-0.3623659611538729,0.0011485815,0.00088253716
-0.3622571796513504,0.0001654625,0.0008826786
-0.3622393409228353,5.1021576e-5,0.0008822553
-0.3621596981754045,0.00045871735,0.00088232965
-0.3621071067727836,-0.00064724684,0.00088210974
-0.3620744719708137,0.0012475252,0.0008817274
-0.36207275679207873,0.00023138523,0.0008813562
-0.36199607326441946,-0.0005745888,0.00088173145
-0.36198480779783504,-0.0008378625,0.0008833045
-0.36190738024437574,-0.00023579597,0.0008817156
-0.36186039076995036,0.00034701824,0.0008835162
-0.36175370616694424,-1.5199184e-5,0.0008824432
-0.36173773961428113,-0.00071907043,0.00088195264
-0.3616289652723933,0.00040364265,0.0008820347
-0.36161110506043137,-0.00094753504,0.000882223
-0.3615314905364491,-0.00018042326,0.00088218244
-0.3614788772291313,-0.00010997057,0.0008823297
-0.3614462120971538,-0.00087440014,0.00088152674
-0.3614445558933308,-0.0014591813,0.00088126096
-0.3613678786845259,8.46386e-6,0.00088188495
-0.36135658415158134,-0.0010154843,0.0008831049
-0.36127913048040977,0.00046014786,0.0008815275
-0.3612321586984889,-0.001034379,0.0008831729
-0.36112546398568596,-0.00017160177,0.00088146416
-0.3611095176531307,0.0010726452,0.00088266213
-0.36100075131468634,-0.00077301264,0.00088270963
-0.3609828696192775,4.0888786e-5,0.00088214094
-0.3609032833192581,0.00023031235,0.00088249886
-0.36085064810672907,1.0848045e-5,0.00088248326
-0.3608179526446411,2.9087067e-5,0.0008815584
-0.3608163554159357,-0.0020519495,0.00088050676
-0.36073968410432383,0.001070857,0.00088166166
-0.36072836050573903,-0.00015699863,0.0008832094
-0.3606508807166495,0.0017536879,0.00088220363
-0.3606039266270274,0.002229929,0.00088395446
-0.3604972213829718,0.0008019209,0.00088194845
-0.360481296112819,-0.00019133091,0.000882393
-0.36037253735728797,0.00040721893,0.00088235503
-0.36035463375646226,0.00052154064,0.00088213815
-0.3602750761018614,1.2278557e-5,0.00088217284
-0.36022241856266535,0.0007866621,0.0008828966
-0.36018969319192273,-0.00020223856,0.00088240847
-0.3601881545170849,0.0009804964,0.00088162976
-0.36011148952412175,-0.0009890199,0.00088127237
-0.3601001368591768,-0.000338912,0.0008835369
-0.36002263095299214,0.0011814833,0.00088198227
-0.35997569497712456,-0.00023031235,0.0008834071
-0.3598689792018163,-0.0018138885,0.0008818422
-0.3598530745729187,0.00046777725,0.0008822577
-0.3597443229788451,-0.00042891502,0.00088248577
-0.35972639789405836,0.00039446354,0.0008821605
-0.3596468688841561,0.00041341782,0.00088249944
-0.35959418944026317,0.0005156994,0.0008825036
-0.35956143373951294,0.00093603134,0.00088179234
-0.3595599536183369,0.00027883053,0.0008812111
-0.35948329494422815,0.0008826256,0.0008825997
-0.3594719136339675,0.0005495548,0.00088435865
-0.3593943807680846,1.1444092e-5,0.0008818213
-0.3593474629055602,0.0015342236,0.0008828486
-0.3592407365993079,-0.00076812506,0.000881883
-0.3592248526117683,-0.00030082464,0.0008821058
-0.3591161090211382,0.0016213655,0.0008823208
-0.35909816245290455,-4.7683716e-7,0.00088284304
-0.35901866124520077,7.9870224e-5,0.00088207447
-0.358965960317861,0.00020956993,0.0008820606
-0.3589331738660587,-0.00026464462,0.00088155427
-0.358931752719589,-0.00031507015,0.00088169903
-0.3588551003642318,-0.00015795231,0.0008819882
-0.3588436899881252,0.0012266636,0.0008838922
-0.35876613142567737,0.00091934204,0.00088328373
-0.35871923125565736,-0.0005322695,0.00088331057
-0.35861249441804954,0.00017631054,0.0008817993
-0.35859663107145656,0.0010689497,0.0008827842
-0.35848789506343126,-0.00028586388,0.0008823929
-0.35846992659050064,-0.00017553568,0.00088233704
-0.358390454027804,0.0003708601,0.0008829388
-0.35833773077379727,0.000115156174,0.0008824868
-0.3583049144132375,-0.0005494952,0.0008813301
-0.35830355224198823,0.0013604164,0.0008816183
-0.3582269057840297,0.0012723207,0.0008815405
-0.3582154663419744,9.584427e-5,0.0008833101
-0.3581378816616086,-0.00030112267,0.000881592
-0.3580909991845044,0.00034224987,0.00088352227
-0.35798425181543825,0.0006197691,0.00088233914
-0.35796840953114484,0.0006865263,0.00088213454
-0.3578596811062385,-0.00021386147,0.0008821596
-0.35784169114934683,-0.00022268295,0.0008821777
-0.35776224681030444,-0.0006133318,0.0008825851
-0.35770950165139503,1.1444092e-5,0.00088271254
-0.35767665496062195,1.1444092e-5,0.00088139635
-0.35767535134324024,0.0002090931,0.0008815037
-0.3575987112041361,-0.0010516644,0.0008813916
-0.35758724269541214,-0.00037187338,0.0008833804
-0.35750963189795115,-0.00016880035,0.00088182045
-0.35746276753460154,-9.787083e-5,0.0008833132
-0.3573560096338714,0.001036644,0.0008822345
-0.35734018799124456,0.00084638596,0.00088269555
-0.35723146672728145,0.0011430979,0.0008828969
-0.35721345528653153,0.00040340424,0.0008824352
-0.3571340395925992,0.00022792816,0.0008819382
-0.3570812721077427,-0.00024473667,0.00088248006
-0.3570483955081093,6.604195e-5,0.00088192045
-0.35704715044449226,1.2278557e-5,0.0008816549
-0.35697051662413976,-0.00017940998,0.00088170293
-0.3569590190489528,0.0003902912,0.0008833219
-0.3568813821346023,-0.00021743774,0.00088213297
-0.35683453546334576,0.002050519,0.00088336575
-0.3567277674530244,0.0015215874,0.0008820782
-0.3567119660305055,-0.0012103915,0.00088184635
-0.3566032527695745,0.0010254383,0.00088315265
-0.35658521942412763,-0.00022220612,0.00088227337
-0.3565058323752025,-0.0012572408,0.0008821271
-0.3564530429849291,-0.0016303658,0.000882282
-0.35642013605559664,-0.0005309582,0.00088108896
-0.35641894954564146,-0.0009448528,0.00088129897
-0.3563423220439377,-0.00026345253,0.0008815435
-0.3563307954026991,0.0014814138,0.0008837136
-0.3562531323706364,-0.0003349781,0.00088221533
-0.35620630339188425,-0.00022417307,0.0008831199
-0.356099524850516,0.0005415678,0.0008816177
-0.3560837444901938,0.00078368187,0.0008822656
-0.35597503881217607,0.00033450127,0.00088231615
-0.3559569839829738,-0.00047397614,0.00088253774
-0.3558776247364528,0.000103116035,0.0008826913
-0.3558248138625269,-0.00040632486,0.0008821526
-0.3557918761823481,0.00014650822,0.0008821907
-0.35579074906824637,0.00037777424,0.0008820649
-0.35571412746404407,0.00095403194,0.0008833842
-0.35570257175654824,0.00024330616,0.00088327716
-0.35562488260656766,0.00041663647,0.00088217744
-0.3555780717419814,-0.00062030554,0.00088252337
-0.35547128266936046,0.00012552738,0.00088210986
-0.35545552294988214,0.00016403198,0.00088210293
-0.35534682485467484,-0.00039160252,0.0008828187
-0.3553287481201586,-0.001412332,0.00088242826
-0.35524941751874756,0.0016229153,0.0008826157
-0.3551965843188746,1.1444092e-5,0.0008824305
-0.3551636167295269,-0.00072950125,0.00088151015
-0.35516254816949844,-8.046627e-5,0.00088172033
-0.3550859328841506,0.00012350082,0.0008814635
-0.35507434853133896,0.0010228157,0.00088414276
-0.3549966328429102,0.0004415512,0.0008822281
-0.3549498400919757,-7.5399876e-5,0.0008835276
-0.3548430400669549,-0.00043219328,0.00088194874
-0.3548273014103932,0.0011627674,0.00088226236
-0.35471861047592346,-0.0013327599,0.00088189426
-0.3547005126790047,0.00044548512,0.0008821522
-0.35462121030135085,-6.645918e-5,0.0008824949
-0.35456835519647234,0.00088369846,0.0008831348
-0.3545353572768085,-0.0010017157,0.0008813663
-0.3545343472705448,-8.2075596e-5,0.0008815401
-0.35445773830384564,0.0011609793,0.0008820974
-0.3544461248850853,0.0005387068,0.0008835955
-0.35436838307925284,0.00082826614,0.0008822773
-0.3543216080205142,0.00025582314,0.0008839992
-0.354214797885388,0.0003222227,0.00088235864
-0.3541990798700815,-0.0010952353,0.0008822139
-0.35409039651831936,0.00083231926,0.00088297186
-0.3540722768166008,-0.0005027652,0.00088210334
-0.3539930030839541,-0.0007727742,0.0008827922
-0.35394012607365877,-0.00021642447,0.0008822164
-0.3539070978247072,0.0004771948,0.0008822576
-0.3539061467931497,0.001163125,0.00088144967
-0.35382954372395203,0.00020778179,0.0008822733
-0.3538179012393458,-0.00056040287,0.0008841448
-0.3537401333155954,0.00078451633,0.00088158564
-0.3536933763706114,-0.00079131126,0.0008830434
-0.35358655570423253,0.0001912117,0.00088185933
-0.3535708579085197,0.00044226646,0.00088219135
-0.353462182560921,0.00030100346,0.0008821577
-0.3534440409541969,5.4121017e-5,0.0008827228
-0.353364795866146,-0.00063848495,0.0008823624
-0.3533118965296979,-0.00084739923,0.00088280713
-0.3532788383722974,-0.0013548732,0.00088105164
-0.35327794589440176,-0.0013597608,0.00088091835
-0.35320134914405854,0.0008536577,0.0008820064
-0.3531896775927836,0.00084996223,0.0008837546
-0.3531118835515267,-0.00085246563,0.00088214333
-0.3530651442994584,0.0008252859,0.0008832774
-0.3529583131018269,0.0006033182,0.0008817456
-0.3529426363686194,-0.0008933544,0.0008825202
-0.3528339686034197,-0.0010311604,0.0008822355
-0.3528158055129403,-0.0010843277,0.00088270876
-0.35273658864874924,-0.0016741753,0.0008823212
-0.3526836674076042,0.00075149536,0.0008831689
-0.35265057891947615,-0.00043928623,0.0008811178
-0.35264974541669813,-0.0006739497,0.00088114507
-0.3525731545637536,-0.00044345856,0.0008809424
-0.3525614539462214,0.0011162758,0.0008837515
-0.3524836337878693,-0.00047332048,0.0008818132
-0.3524369126491442,0.00039184093,0.0008824257
-0.35233007092026003,-0.0005605221,0.00088171
-0.35231441482871906,-3.862381e-5,0.000882073
-0.35220575464571274,-0.00026613474,0.00088239205
-0.35218756965022785,-0.0005393028,0.00088179973
-0.3521083814313526,-9.000301e-5,0.0008817313
-0.352055438285202,-0.00045251846,0.0008828924
-0.35202231946665496,-0.00039356947,0.0008813247
-0.35202154451764167,8.1300735e-5,0.0008811616
-0.35194495998386,-7.075071e-5,0.0008819827
-0.35193323072132066,-0.00064247847,0.00088364875
-0.3518553840244176,-0.0003606081,0.00088218006
-0.3518086805779912,-0.0005888343,0.00088265707
-0.35170182873910455,-0.0011609793,0.00088182936
-0.3516861932888188,-0.0012135506,0.0008819426
-0.35157754068831437,-2.759695e-5,0.0008820936
-0.35155933420907404,-0.0005119443,0.00088193594
-0.35148017379229435,-3.7312508e-5,0.00088294793
-0.3514272087411383,-0.0015747547,0.00088228355
-0.35139406001424517,0.0010911226,0.0008817907
-0.35139334361899655,-0.0009152889,0.0008811926
-0.3513167654039665,-0.0002683401,0.0008821699
-0.35130500707516976,-0.0006170273,0.0008833081
-0.3512271346820103,7.760525e-5,0.000881352
-0.35118044892808836,0.0009639263,0.0008828052
-0.3510735861366989,-0.00070244074,0.0008814757
-0.35105797174850706,-0.0007352233,0.00088253367
-0.350949326309563,-0.00026917458,0.0008822273
-0.35093109834656727,0.0010935068,0.0008818701
-0.3508519665748976,0.00022864342,0.0008821619
-0.3507989796187361,-0.0005276203,0.00088220346
-0.3507658005622467,0.00048828125,0.00088185567
-0.3507651431418072,0.00043022633,0.0008814177
-0.35068857082366156,-0.00058060884,0.000881728
-0.350676783429019,9.918213e-5,0.00088360603
-0.35059888491804436,0.00069630146,0.00088244485
-0.35055221727808267,-0.00023376942,0.000882654
-0.3504453439555435,2.7418137e-6,0.0008819682
-0.3504297502086067,-0.0017282963,0.00088214385
-0.35032111235185603,0.0005398989,0.0008827718
-0.35030286290510493,0.0011485815,0.0008819912
-0.3502237593575009,-0.0004157424,0.00088231446
-0.35017075049633384,0.00033652782,0.0008821462
-0.35013754110973405,-0.00047039986,0.0008808257
-0.35013694224295633,8.46386e-6,0.0008812572
-0.3500603762433566,0.00066936016,0.0008816664
-0.35004855978245675,0.00093972683,0.0008836479
-0.34997063515407845,0.00041782856,0.0008820059
-0.34992398520662116,9.059906e-5,0.00088284584
-0.34981710177438796,1.1444092e-5,0.00088234677
-0.3498015286687064,0.00062322617,0.0008823044
-0.3496928983944576,-0.001752317,0.0008815783
-0.349674627042701,0.0038120747,0.0008834391
-0.3495955521400013,0.0004234314,0.0008822177
-0.3495425213739316,0.0010188818,0.0008829979
-0.34950928165701567,-0.0011481047,0.0008811934
-0.3495087413438998,-0.0012948513,0.0008818353
-0.349432181663463,0.0005105734,0.00088132865
-0.34942033613630585,0.00014579296,0.00088371924
-0.349342385390421,-1.9848347e-5,0.0008813588
-0.34929575355630693,9.4771385e-5,0.00088319887
-0.3491888595928211,-0.0004168749,0.0008818826
-0.3491733071283947,0.0012044907,0.00088260934
-0.3490646844369564,0.00053060055,0.0008826973
-0.34904639160144435,-0.00058209896,0.0008817663
-0.3489673449222961,-2.6226044e-5,0.0008823013
-0.34891429182986794,-0.0004388094,0.00088243285
-0.3488810222046059,0.00044965744,0.0008816032
-0.3488805408667105,-3.325939e-5,0.0008822062
-0.3488039875048196,-5.173683e-5,0.00088205846
-0.34879211291171364,-0.00088506937,0.0008834796
-0.3487141356269693,0.00014090538,0.0008815045
-0.34866752190671263,0.001288414,0.000882764
-0.3485606169904155,0.00053465366,0.0008820341
-0.3485450855884944,-0.00023275614,0.00088205317
-0.3484364704792494,0.00060367584,0.0008824753
-0.34841815573893764,0.0015308857,0.0008829782
-0.348339137704488,2.2411346e-5,0.0008820213
-0.3482860627070543,0.00024843216,0.0008823099
-0.34825276275209316,-0.00014686584,0.0008814432
-0.34825233996785965,-0.0014801621,0.00088123325
-0.34817579292461753,0.0014878511,0.0008816117
-0.3481638892652543,0.0004925728,0.0008837126
-0.3480858858630034,0.0005762577,0.0008818291
-0.34803928983545684,0.0005118847,0.0008829168
-0.34793237480926,-0.00052446127,0.0008820673
-0.347916863627344,0.00038802624,0.0008824861
-0.347808256521851,0.00090897083,0.00088234595
-0.34778992029778383,-0.0005249381,0.0008831815
-0.3477109304875026,0.00044083595,0.0008830316
-0.3476578335850635,0.00095641613,0.0008825145
-0.3476245032995805,0.0010797977,0.00088154775
-0.3476241394900532,0.000436306,0.00088252133
-0.3475475983446211,-0.00036978722,0.0008817522
-0.3475356656186921,-0.00015002489,0.00088375394
-0.34745763652028755,0.000477314,0.0008820387
-0.3474110581853483,-0.00059497356,0.0008828128
-0.3473041326276931,3.8027763e-5,0.0008834751
-0.3472886420870323,-9.870529e-5,0.00088273204
-0.34718004256445256,0.0003876686,0.000882887
-0.34716168443517426,0.00083625317,0.0008820376
-0.3470827232696945,-0.00063735247,0.00088209286
-0.3470296044625584,-0.00024366379,0.00088218186
-0.3469962438475821,0.0005129576,0.0008815539
-0.3469959385914081,0.00041282177,0.0008813585
-0.34691940376513897,-0.00070923567,0.00088074524
-0.3469074419725412,-0.00064742565,0.00088342
-0.34682938675683583,6.055832e-5,0.0008821777
-0.34678282653544545,0.0007033348,0.0008824774
-0.3466758904465376,0.0007594824,0.00088318635
-0.346660420547132,-0.00014609098,0.00088231754
-0.34655182860695133,-0.00024801493,0.00088264595
-0.3465334489939176,-0.0006130934,0.00088258844
-0.34645451605188643,-0.0006855726,0.00088184135
-0.34640137491859757,0.0003478527,0.0008826001
-0.3463679843947609,-0.00085526705,0.0008815649
-0.34636773811360166,-3.582239e-5,0.0008822205
-0.346291209184834,-0.0004887581,0.0008815143
-0.3462792187472291,0.00053858757,0.00088373455
-0.34620113699317845,-7.7843666e-5,0.000881774
-0.3461545944641896,0.00033676624,0.0008830528
-0.346047647844132,0.00052523613,0.0008819802
-0.3460321990072317,-0.0010083914,0.0008824215
-0.34592361464924437,-0.00052273273,0.0008824853
-0.34590521313141087,-3.749132e-5,0.00088303804
-0.34582630883490106,-0.00039821863,0.00088188594
-0.34577314579619534,-0.0007299781,0.00088264525
-0.34573972494193966,0.0011794567,0.0008816567
-0.34573953721495654,-0.000793159,0.00088208186
-0.3456630146045291,0.0012700558,0.0008817457
-0.3456509951010783,0.0008827448,0.00088446506
-0.3455728872291097,0.0010746717,0.00088152534
-0.34552636281397825,7.033348e-5,0.00088277797
-0.3454194056629766,-0.001100421,0.000881637
-0.34540397746692,-0.00092446804,0.0008830953
-0.34529540027018446,0.00022268295,0.0008822543
-0.34527697769005133,0.0010002851,0.0008829836
-0.34519810161709297,-0.00016248226,0.00088190986
-0.34514491667379316,0.00080013275,0.0008831418
-0.34511146548952987,1.1444092e-5,0.0008818689
-0.3451113367375615,0.0008018017,0.00088237406
-0.34503482002463554,0.0009241104,0.0008814534
-0.34502277145492743,-0.00069862604,0.0008836358
-0.3449446378864967,2.69413e-5,0.0008821672
-0.344898131163664,0.0002770424,0.0008824878
-0.34479116348182104,-0.00048059225,0.00088180084
-0.34477575592701964,0.0008581877,0.0008826211
-0.34466718631309456,-0.00014668703,0.0008819854
-0.3446487422487947,-7.3313713e-6,0.0008824059
-0.34456989439928487,-0.0019240379,0.0008817733
-0.34451668755128806,-0.0002643466,0.0008821522
-0.34448320603712,-0.0001142025,0.0008814169
-0.3444831358389164,0.0007851124,0.00088168937
-0.34440662586568355,-0.0010833144,0.0008814643
-0.34439454780877654,-0.00039970875,0.00088369224
-0.34431638812273646,-0.00019192696,0.0008813966
-0.3442698995137612,-0.0003054738,0.000882672
-0.3441690291949753,0.00071167946,-2.9686356e-5
-0.34416292130025417,-0.00015759468,0.0008822826
-0.3441475343871193,0.0003284216,0.00088259974
-0.3440389723553876,-0.00037771463,0.0008821101
-0.34402050638628795,0.0004159212,0.0008822595
-0.3439416871818881,0.00078833103,0.0008819983
-0.3438884584285773,-0.000692606,0.0008828195
-0.34385494658471016,-0.00034624338,0.0008815243
-0.3438549225510341,0.0005939007,-2.9686356e-5
-0.34377843128568714,-0.00035113096,0.0008813292
-0.3437663245838758,0.00033652782,0.0008833196
-0.3436416674428139,-0.0006157756,0.0008818019
-0.34354081590709296,0.0005259514,-2.9686356e-5
-0.3435346791190987,-0.0005366206,0.00088193704
-0.34351931284721904,5.3286552e-5,0.0008821717
-0.34341075839757784,0.0008685589,0.00088222517
-0.34339227094513414,0.0006507635,0.00088214723
-0.3433134799644914,-0.0001269579,0.0008817737
-0.3432602293057637,0.00078070164,0.00088285754
-0.34322670926315185,0.00041806698,-2.9686356e-5
-0.343226687131889,0.00017678738,0.00088179205
-0.3431502367057936,-0.0015851855,0.0008837406
-0.3431381009373136,-0.0012104511,0.0008838457
-0.3430598890169803,0.00021445751,0.0008818829
-0.3430134357927054,0.00010454655,0.0008821328
-0.34291260261921075,0.00035011768,-2.9686356e-5
-0.34290643651669306,-0.00065022707,0.00088257476
-0.3428910913069073,9.047985e-5,0.0008822696
-0.34278254444048795,7.4744225e-5,0.0008828832
-0.34276403508273023,0.00067055225,0.00088276376
-0.3426852727470947,0.0004683733,0.00088197377
-0.34263199976242,0.00068080425,0.0008824928
-0.3425984959752696,0.0002821684,-2.9686356e-5
-0.34259842810072927,0.0017721653,0.0008818331
-0.3425220421255915,-0.0006751418,0.0008815778
-0.3425098772911628,-0.0003631711,0.00088306156
-0.34243163925291153,-7.647276e-5,0.0008817114
-0.34238520414239115,-0.00036644936,0.00088189717
-0.3422843893313285,0.0003041029,-2.9686356e-5
-0.3422781943351262,-0.00015759468,0.0008833054
-0.3422628697668013,-0.00015217066,0.00088219444
-0.3421543304829867,0.0008393526,0.0008821795
-0.3421357996412679,0.0010890961,0.0008827331
-0.3420570655292866,-0.00036263466,0.00088260137
-0.3420037706399149,-0.0005300045,0.0008824453
-0.3419702826873874,0.0001462698,-2.9686356e-5
-0.3419701686483194,0.00056123734,0.0008812188
-0.3418938475455951,0.0010839701,0.0008816913
-0.3418816536450119,7.6174736e-5,0.0008835065
-0.34180338948925415,0.00028014183,0.0008816296
-0.341756972492694,-0.00066655874,0.0008826025
-0.34164995215397076,0.00096333027,0.0008820992
-0.3416346486483568,0.0006431341,0.00088247826
-0.3415261165253826,-0.0006354451,0.00088240573
-0.34150756420001127,-0.00017100573,0.00088197173
-0.34142885831188985,0.00014567375,0.0008821398
-0.341375541517307,7.557869e-5,0.0008826525
-0.3413419091959096,0.00061011314,0.00088179536
-0.34126565296570155,0.0005956888,0.0008819556
-0.3412534304196998,-0.0016539097,0.00088290445
-0.34117514014684686,0.00038135052,0.000881882
-0.3411287408427911,-0.0009909272,0.0008824878
-0.3410217099728152,-0.0003528595,0.00088150357
-0.3410064271084565,-3.2186508e-6,0.0008822507
-0.3408979025675728,0.0006445646,0.00088235096
-0.34087932833760737,-0.00076055527,0.00088195375
-0.34080065109449315,0.00047945976,0.0008825071
-0.34074731239480194,0.0011172295,0.00088282727
-0.3407136497434998,-0.00052654743,0.000881244
-0.3406374588070581,-0.0003068447,0.00088116113
-0.34062520677354896,-0.00021851063,0.00088288373
-0.34054689038318947,-3.516674e-5,0.0008824353
-0.34050050919257974,-0.0004312396,0.00088234217
-0.3403934677915569,0.00050616264,0.0008823469
-0.3403782055681448,-0.0011811852,0.0008822733
-0.34026968861017437,0.00073850155,0.000882825
-0.34025109289614497,0.0019446611,0.0008823678
-0.34017244387668505,0.00036108494,0.00088191405
-0.34011908327229684,-0.00054103136,0.00088188413
-0.34008539071192867,0.0012913942,0.00088182866
-0.340009264226856,-0.00031971931,0.0008822676
-0.3399969831273981,0.00020635128,0.00088354625
-0.3399186406191207,-0.00071048737,0.00088165695
-0.3398722775423684,0.00029087067,0.0008826074
-0.33976522561070993,0.0022509098,0.00088256673
-0.33974998402824447,0.0012426376,0.00088225567
-0.33964147465277594,-0.0012279153,0.00088188745
-0.33962285745488835,0.001996994,0.0008832502
-0.33954423665928835,-3.0398369e-6,0.0008823901
-0.33949085414989466,-0.00091838837,0.0008822439
-0.3394575303333158,-0.0003914833,0.000882245
-0.3394571312595189,0.0005159378,0.00088094414
-0.33938106964665393,0.00044095516,0.00088180864
-0.3393687599024974,0.0007876158,0.0008836499
-0.339290391276302,-0.0009251237,0.0008819812
-0.3392440458924655,-0.0008749366,0.0008824391
-0.33913698342914306,-0.00032824278,0.00088164746
-0.33912176248834414,0.0006878376,0.0008821535
-0.3390132606949662,-0.001347363,0.0008818514
-0.33899462159248445,-1.835823e-5,0.0008823132
-0.3389160294418916,-0.0006609559,0.00088222465
-0.3388626250272867,0.0005264282,0.0008826191
-0.3388293298561265,-0.00049096346,0.0008814733
-0.3388288718073147,-0.00020480156,0.0008816182
-0.33875287506696605,-0.0004453063,0.000881909
-0.33874053625634654,0.0004413128,0.00088372856
-0.338662141513056,-0.00071299076,0.00088199636
-0.33861581382131256,-0.00015515089,0.0008842321
-0.33850874124778185,0.00091540813,0.0008819091
-0.33849354094803247,4.374981e-5,0.00088205765
-0.3383850471588179,-0.00065124035,0.00088185095
-0.33836638615133063,-0.00053828955,0.00088215584
-0.3382878222240835,0.0005825758,0.0008820946
-0.33823439590447313,0.0014818907,0.00088328554
-0.3382011293787315,-0.0018953085,0.00088096847
-0.3382006123546992,-0.00035607815,0.00088091847
-0.33812468090801406,0.0006592274,0.0008816369
-0.3381123126097843,0.0004594326,0.0008832228
-0.33803389174929577,-0.00026130676,0.00088217226
-0.33798758217099834,0.0006235838,0.0008831392
-0.3378804990665235,-0.00053709745,0.000881284
-0.33786531940792647,-0.00047254562,0.0008822182
-0.33775683320141947,0.00062191486,0.00088220206
-0.3377381507101769,0.00080001354,0.00088239537
-0.33765961500668673,-0.0008441806,0.000881757
-0.33760616636102647,-0.0005580187,0.0008825967
-0.33757292847967496,7.9751015e-5,0.00088225637
-0.3375723533231281,-4.7683716e-6,0.0008814637
-0.337496486327812,0.00011634827,0.0008811712
-0.33748408896363347,0.0005429983,0.00088430464
-0.33740564240657994,0.00024175644,0.0008816626
-0.33735935052109545,0.0006016493,0.00088254723
-0.33725225646401513,0.00094401836,0.0008818409
-0.33723709786792333,0.00043606758,0.000882193
-0.3371286192436097,-0.0013055205,0.00088250847
-0.3371099148473615,-0.00033193827,0.00088206545
-0.3370314082105401,0.00044977665,0.0008832012
-0.33697793723862424,-0.0018157959,0.00088186114
-0.3369447280019714,-0.00082087517,0.00088214845
-0.33694409387092394,-0.00084239244,0.00088134763
-0.33686829174812416,-0.00075006485,0.000882708
-0.3368558657387327,0.00080120564,0.00088342483
-0.33677739264292256,0.0006649494,0.0008821107
-0.3367311188713983,-0.00029730797,0.0008828937
-0.3366240142828596,0.00037825108,0.00088161643
-0.3366088763283315,0.00066900253,0.00088223774
-0.3365004052862113,0.000305295,0.00088247913
-0.33648167940620777,-0.00020980835,0.00088354346
-0.336403200992732,-0.000119805336,0.00088263606
-0.3363497081159135,-0.0011340976,0.00088216213
-0.3363165271032234,-0.000539124,0.00088188786
-0.33631583441851415,-8.004904e-5,0.0008814641
-0.336240097167922,-0.00017559528,0.0008818694
-0.3362276420921705,-2.3543835e-5,0.00088333857
-0.33614914330051526,-0.0014262795,0.0008816684
-0.33610288722118686,-6.133318e-5,0.0008821517
-0.3359957721013956,0.0009151697,0.0008821607
-0.3359806552092699,-0.0010653734,0.00088216446
-0.33587219132881285,-0.0002413392,0.00088257046
-0.33585344396505395,-0.00039321184,0.00088294037
-0.3357749937753353,-0.0007199049,0.0008817937
-0.33572147899340843,0.00073063374,0.0008825764
-0.33568832662582837,-0.00089776516,0.00088177354
-0.33568757538735444,-0.00042039156,0.0008813555
-0.33561190300897004,-0.00030982494,0.00088129024
-0.33559941844601965,0.0012013912,0.0008836197
-0.335520893536755,-0.00033187866,0.00088159845
-0.33547465557097556,0.00011384487,0.0008821298
-0.33536752992013724,0.00014698505,0.00088142016
-0.3353524336690611,0.0008845329,0.0008825997
-0.3352439773710031,-0.00042533875,0.000882131
-0.33522520810223866,-0.0012827516,0.0008832983
-0.3351467865579386,0.0009878874,0.0008827599
-0.33509324987100625,1.1444092e-5,0.00088207424
-0.3350601261481248,6.723404e-5,0.0008830487
-0.3350593159345332,-0.0001436472,0.00088108686
-0.33498370842907654,8.46386e-6,0.00088138605
-0.33497119522111896,-0.0004772544,0.0008835374
-0.3348926441942449,-0.00071287155,0.0008816241
-0.33484642392107267,-0.00012302399,0.0008820165
-0.3347392877393931,0.00059366226,0.0008817782
-0.3347242121294693,0.00016522408,0.0008831151
-0.33461576341360466,9.250641e-5,0.00088204443
-0.33459697266108485,-0.00048559904,0.0008816045
-0.3345185793402333,0.00027883053,0.0008831802
-0.3344650207482955,0.00018262863,0.0008823729
-0.3344319252493768,-0.0013240576,0.0008815509
-0.33443105648191773,-0.00012230873,0.000881706
-0.3343555138487716,0.00048196316,0.00088189426
-0.3343429715745567,-0.00089389086,0.00088302675
-0.3342643944303818,-0.00031608343,0.0008821966
-0.3342181926924199,0.00082170963,0.0008826988
-0.3341110455578262,0.00020551682,0.0008818118
-0.3340959905891576,-0.00032669306,0.0008819028
-0.33398754945620623,-0.001977861,0.0008816055
-0.33396873721993103,-0.0012923479,0.00088291283
-0.3338903721225281,8.46386e-6,0.00088279956
-0.3338367916255848,-3.1530857e-5,0.00088219706
-0.33380372477198184,-0.00014138222,0.0008817702
-0.3338027974509637,0.0012516975,0.0008818718
-0.333727319268878,-0.00050985813,0.00088159693
-0.33371474792840583,0.00056004524,0.0008848299
-0.33363614508787165,0.00020170212,0.00088159286
-0.33358996104241423,0.00057446957,0.0008825112
-0.33348280337625935,-8.59499e-5,0.00088177784
-0.33346776904894876,-0.00045758486,0.00088218827
-0.33335933549839647,0.0003683567,0.0008821779
-0.3333405017787773,0.000100016594,0.00088165235
-0.3332621653263815,-0.001305759,0.00088204973
-0.33320856250318254,0.00014090538,0.00088245247
-0.3331755242943811,-0.0008634329,0.0008814219
-0.3331745379985539,0.00021374226,0.0008817196
-0.33309912511023454,-5.030632e-5,0.00088145037
-0.3330865247035051,0.000114917755,0.00088333566
-0.33300789532411146,5.1617622e-5,0.00088172226
-0.3329617293922028,0.00022923946,0.0008827201
-0.3328545611951039,-0.0004390478,0.0008817378
-0.33283954793019566,-0.00015479326,0.00088234415
-0.33273112154099804,0.0004554987,0.00088251877
-0.3327122659163734,0.00034976006,0.00088278187
-0.33263395810919044,-0.0015015006,0.0008813562
-0.332580333380986,-0.0003501773,0.00088265334
-0.3325473233956331,-0.00046384335,0.00088153407
-0.33254627896698274,0.0006939173,0.0008815909
-0.33247093053034105,-0.0010743737,0.0008808696
-0.3324583010573543,4.6491623e-5,0.00088352506
-0.3323796459817041,6.6399574e-5,0.00088171783
-0.3323334977423,-0.00020968914,0.0008831184
-0.3322263190139484,0.0008883476,0.000881942
-0.3322113263902954,0.0004911423,0.0008823564
-0.3321029080048497,0.00030338764,0.00088277186
-0.33208403047480817,-0.00087302923,0.0008823968
-0.33200575089138235,0.00041532516,0.0008821339
-0.33195210425827526,0.00021064281,0.00088338304
-0.3319191229181352,0.00022351742,0.00088143843
-0.3319180195143673,-0.00024217367,0.0008812354
-0.33184273595034464,0.0007625818,0.00088233216
-0.33183007741079207,-0.00035458803,0.000883113
-0.3317513962180467,-0.0006787777,0.0008815799
-0.3317052660922943,-0.00044608116,0.00088184426
-0.3315980768327929,-0.0002863407,0.000881527
-0.33158310485039505,-0.00092828274,0.00088181975
-0.33147469404745133,-9.530783e-5,0.0008829932
-0.33145579503365435,0.00019276142,0.0008825471
-0.3313775436737799,0.0010313988,0.00088292005
-0.3313238751355645,-0.00015282631,0.00088270317
-0.3312909224405345,-0.00021916628,0.0008821885
-0.3312897600618546,0.0006417036,0.00088147976
-0.33121454179139265,0.0007058382,0.00088159385
-0.3312018541854799,-0.00011473894,0.0008835453
-0.33112314687522804,-5.2452087e-6,0.00088166544
-0.3310770344420829,0.00013673306,0.0008823283
-0.3309548833101862,0.00031995773,0.0008820459
-0.3308464800896415,-0.00025814772,0.0008822569
-0.33082755959250054,-2.2828579e-5,0.0008825703
-0.3307493364565889,0.00018882751,0.0008823526
-0.330695646013368,0.0013121367,0.0008822704
-0.3306627215417865,0.0003181696,0.00088159315
-0.3306615010310034,0.0011543036,0.00088193704
-0.33058634721149904,-0.00011408329,0.00088140613
-0.3305736305397404,0.00035476685,0.00088340696
-0.33049489711157065,0.00032281876,0.00088145287
-0.33044880279218003,-0.0008980036,0.00088214467
-0.33034159247007056,1.1444092e-5,0.0008816755
-0.33032666219143314,3.33786e-6,0.0008818731
-0.33021826613193456,0.00010180473,0.0008819063
-0.33019932415093534,-0.0007469058,0.0008817773
-0.33012112966003093,0.00019931793,0.0008822381
-0.33006741689096575,-0.000156641,0.00088246603
-0.33003452106428866,0.00067317486,0.0008820047
-0.3300332415785936,-0.0009926558,0.0008820054
-0.32995815263119416,-0.0006149411,0.0008818785
-0.3299454068934868,-0.00054728985,0.00088342215
-0.3298666477691634,0.00046098232,0.00088217005
-0.32982057114217433,0.00022852421,0.0008825774
-0.32971335028922355,-0.00064224005,0.00088184176
-0.32969844065153286,-0.00019574165,0.0008821407
-0.3295900521748447,-5.2154064e-5,0.0008821709
-0.32957108828853143,-0.0003195405,0.00088252407
-0.32949292244242845,-8.755922e-5,0.0008821873
-0.3294391877681522,0.0009666681,0.0008824617
-0.32940632058668795,0.00046563148,0.00088180276
-0.32940498254702244,-0.00022393465,0.0008809805
-0.3293299584721393,-0.00078994036,0.00088088476
-0.3293171836682775,0.00011897087,0.00088319555
-0.3292383980051975,0.000113129616,0.0008815502
-0.32919233949196297,-0.0003157854,0.0008829583
-0.32908510810775954,-0.00020724535,0.00088147604
-0.329070219111324,0.00085294247,0.0008827683
-0.328961838638285,0.00017344952,0.0008820678
-0.3289428528473777,8.8214874e-5,0.00088269083
-0.3288647152249289,0.00041508675,0.0008817651
-0.3288109586455442,-0.00096076727,0.0008823403
-0.32877812010929286,0.00080406666,0.00088258553
-0.32877672309461264,0.0007559061,0.00088189467
-0.32870176389265715,-0.0011590719,0.00088213175
-0.32868896002212666,-0.0009741783,0.0008835146
-0.32861014866268734,0.00021493435,0.00088221673
-0.32856410826331023,0.00020217896,0.0008822944
-0.32845686592619266,-0.0001487732,0.00088152714
-0.3284419979925709,0.00033545494,0.0008818755
-0.32833362468057803,-0.00043195486,0.0008819874
-0.32831461740622386,-0.0007689595,0.00088205445
-0.3282365080074293,-0.0008661151,0.00088177616
-0.3281827295230392,0.00040650368,0.0008825792
-0.3281499192105449,0.0007839203,0.00088189816
-0.3281484640634529,0.00015163422,0.0008819643
-0.3280735693123522,-0.00034475327,0.0008819198
-0.3280607367971231,-5.1259995e-5,0.0008834098
-0.32798189932028005,0.00020933151,0.0008808259
-0.32793587661330453,-0.0001783371,0.0008812387
-0.3278286241662873,-0.00014978647,0.000881739
-0.3278137764526706,-0.0006529689,0.0008820321
-0.32770541072348813,0.00049495697,0.00088247913
-0.32768638196496724,4.5657158e-5,0.00088442414
-0.3276083012112827,0.0008804798,0.0008826175
-0.32755450040094547,0.0002245903,0.00088376564
-0.3275217187328413,8.702278e-5,0.00088170375
-0.3275202050322932,0.0009354353,0.00088167307
-0.3274453751534002,0.00043308735,0.00088173366
-0.3274325131508694,-0.00013935566,0.00088359375
-0.3273536495566226,1.1444092e-5,0.00088146725
-0.32730764496329884,0.0006301403,0.0008835796
-0.3272003819851318,-0.0007252097,0.0008821689
-0.32718555491246176,-0.001026988,0.0008823701
-0.3270771967660897,-0.0013696551,0.0008820294
-0.32705814652350484,-0.0010038018,0.0008823629
-0.32698009399368033,0.0003477335,0.00088197517
-0.32692627169938204,-0.00016891956,0.0008823861
-0.3268935182550349,-0.0005045533,0.0008828024
-0.3268919455797805,0.000102996826,0.0008819966
-0.3268171805738152,0.0007250309,0.000881496
-0.32680428950451285,0.0001667738,0.00088329386
-0.32672540021442104,0.00056266785,0.00088195474
-0.326679413313396,-0.00040352345,0.0008821415
-0.326572139804182,0.0010229349,0.0008817825
-0.3265573337937087,0.0016465187,0.0008833451
-0.3264489832295301,0.0008081198,0.0008822003
-0.3264299110823511,-0.0008099079,0.00088204234
-0.32635188677618077,-0.0001860261,0.0008819618
-0.3262980425767741,-0.0011649728,0.00088328065
-0.3262653177776399,-0.00072556734,0.00088112795
-0.3262636865483123,-0.001573503,0.00088130776
-0.3261889859935103,0.0007059574,0.0008813993
-0.3261760662792007,0.000819087,0.00088371476
-0.326097150871808,-0.0002219677,0.00088152156
-0.32605118208453754,-0.00018495321,0.0008824712
-0.32594389762282083,0.0005379915,0.00088168576
-0.3259291122538084,-0.00053966045,0.0008823708
-0.32582076927182313,0.0002822876,0.00088233285
-0.3258016752198443,-2.6106834e-5,0.00088192406
-0.3257236795586812,0.0011954308,0.00088222587
-0.3256698134545776,0.0011057854,0.00088213343
-0.32563711687920044,-0.00031125546,0.00088175555
-0.32563542709590243,-0.00022554398,0.00088126305
-0.3255607918345583,0.0010954142,0.00088174007
-0.32554784263335845,1.1444092e-5,0.00088316627
-0.3254689011077393,-0.0006248355,0.0008818673
-0.32542295043453184,0.00021600723,0.0008826946
-0.32531565544125396,0.00029718876,0.0008821504
-0.3253008911351582,-0.00048947334,0.0008822923
-0.32519255531432184,5.722046e-5,0.00088232197
-0.325173439778382,0.00059735775,0.00088229496
-0.32509547276232886,-0.00012606382,0.00088310195
-0.32504158433217534,0.00013637543,0.00088265917
-0.3250089164015997,0.0005480051,0.00088148715
-0.3250071680646399,9.512901e-5,0.000881926
-0.3249325972545619,0.00022864342,0.0008813949
-0.3249196194081492,-0.0005970001,0.00088307477
-0.324840651765332,0.00088727474,0.00088257954
-0.3247947187843204,0.00063180923,0.00088244834
-0.32468741326030415,-0.00093251467,0.0008816182
-0.32467266959525787,-0.0009313226,0.00088170933
-0.32456434135692347,-0.0012759566,0.00088228326
-0.3245452043372282,0.00036776066,0.00088267337
-0.3244672655448293,0.0003618002,0.0008825343
-0.32441335520936176,0.000828743,0.00088235707
-0.3243807159237933,-0.0006225109,0.00088135374
-0.3243789090333773,-0.00027501583,0.0008815886
-0.32430440309591846,8.46386e-6,0.0008821434
-0.32429139576158694,-0.00056540966,0.0008844187
-0.32421240200167456,0.00028419495,0.00088212825
-0.32416648755525634,-0.0007776618,0.0008819405
-0.3240591710791486,0.00057792664,0.0008822541
-0.32404444805494614,-0.00021278858,0.0008837668
-0.3239361278204666,0.0005106926,0.00088200247
-0.32391696889607435,7.045269e-5,0.00088237063
-0.323839058327124,-0.0008146167,0.0008825986
-0.323785126086651,-6.240606e-5,0.0008821978
-0.323752515446604,0.0006918907,0.0008823738
-0.3237506495809675,0.00038409233,0.0008812212
-0.32367620851602485,-0.0024867058,0.00088096526
-0.3236631721157446,0.00044190884,0.0008835564
-0.3235841526592673,-0.0007067323,0.0008816833
-0.323538255905662,-0.00015246868,0.00088168844
-0.3234309288976846,0.00018322468,0.0008821045
-0.32341622693629596,-2.2947788e-5,0.0008819846
-0.3233079138629653,0.00017285347,0.00088308036
-0.32328873345481773,0.0012636185,0.00088304613
-0.32321085153056606,1.4305115e-6,0.000882488
-0.32315689696414596,-0.0001847148,0.0008826175
-0.32312431496900323,0.000320673,0.0008820137
-0.32312239054949926,0.0006889105,0.00088130357
-0.32304801393571997,-0.0008301735,0.00088181946
-0.323034948890741,8.2969666e-5,0.0008838888
-0.32295590331644863,-0.00015801191,0.0008819207
-0.3229100242556563,-0.0006222725,0.0008818305
-0.3228026871374707,-0.00093102455,0.00088216964
-0.3227880053960871,-0.00081163645,0.0008822282
-0.32267969990597833,0.0013463497,0.00088257744
-0.3226604980135611,0.0009227991,0.00088276406
-0.32258264431347783,-0.00028431416,0.0008820351
-0.32252866784215506,-0.00062555075,0.000881904
-0.3224961140699467,-4.4047832e-5,0.00088190724
-0.3224941315182367,-0.00028812885,0.00088131614
-0.3224198197770765,0.00021362305,0.00088128645
-0.3224067252443845,-0.00023174286,0.00088299485
-0.32232765397404134,0.0005902052,0.0008823726
-0.3222817930267979,0.00081026554,0.000882818
-0.3221744449563152,0.00016748905,0.00088207034
-0.3221597842771284,0.00042903423,0.00088353216
-0.3220514863694186,0.00027251244,0.0008823468
-0.32203226257220163,-0.0002619028,0.0008819973
-0.32195443709597826,-0.0009810328,0.0008818128
-0.32190043914059163,0.0002734661,0.00088232313
-0.3218679135925517,0.00056385994,0.00088308705
-0.32186587206582684,0.00065898895,0.0008814198
-0.32179162519718296,0.00083470345,0.00088201364
-0.3217785020190724,0.00020086765,0.0008841856
-0.3216994042105896,-1.847744e-5,0.00088164164
-0.32165356137689505,0.0005275011,0.00088248623
-0.3215462027753654,-0.00086545944,0.00088154647
-0.3215315627374338,0.00049483776,0.0008830492
-0.32142327241160884,-6.2286854e-5,0.0008819725
-0.32140402713094496,0.0011599064,0.00088223227
-0.321326230299626,0.0005402565,0.00088214356
-0.321272210017778,0.00062680244,0.00088265573
-0.3212397131147453,0.00054371357,0.0008816744
-0.3212376130344614,0.00018978119,0.00088159385
-0.321163431038231,0.0007699728,0.0008818522
-0.32115027837292154,3.8146973e-5,0.00088387704
-0.32107115486787385,-0.0003181696,0.00088125607
-0.32102532972688935,0.0010380745,0.00088331016
-0.3209179605939014,-0.00077569485,0.0008819718
-0.32090334161878353,0.00013947487,0.00088235526
-0.3207950584542104,0.0012716055,0.0008822634
-0.3207757916896883,0.001999259,0.00088304747
-0.3206980230822293,-0.00080662966,0.00088287453
-0.32064398089578716,-0.00022798777,0.00088227
-0.3206115126373502,0.00040447712,0.00088289985
-0.3206093540031989,-0.0016921759,0.00088078406
-0.32053523645823456,-0.00039476156,0.00088262063
-0.32052205472697637,-0.0015536547,0.0008829408
-0.320442905525158,0.0006352663,0.0008813746
-0.32039709849813375,-0.00043195486,0.0008818068
-0.32028971841243736,0.00072073936,0.0008824505
-0.3202751200784718,-0.000605464,0.0008827397
-0.3201668449178564,0.00038862228,0.0008825416
-0.3201475562483288,-0.0011365414,0.0008831771
-0.3200698162859798,-0.0003862977,0.00088226126
-0.3200157517733849,0.00058591366,0.0008831368
-0.31998331215995524,0.000118136406,0.0008818531
-0.31998109455068624,0.0005735159,0.000881695
-0.31990704229938544,0.0018274784,0.00088199583
-0.3198938315017671,-0.00046247244,0.00088366686
-0.31981465618275073,0.00031411648,0.0008825749
-0.3197688668480252,0.0012586117,0.0008823971
-0.31966147623148755,-0.00040358305,0.00088143465
-0.3196468989598216,-0.00066018105,0.0008819701
-0.3195386309603552,-9.274483e-5,0.0008820017
-0.3195193208070721,0.0012264252,0.0008835355
-0.31944160906827457,-0.0016046762,0.0008821621
-0.31938752265057135,-0.00039684772,0.00088287913
-0.3193551116821488,-0.000559628,0.000882583
-0.31935283551952653,-0.0010030866,0.00088105036
-0.31927884771908055,8.46386e-6,0.00088181125
-0.3192656078553077,-5.954504e-5,0.00088365405
-0.31918640641909335,-0.00034195185,0.0008817175
-0.3191406356189611,0.0007317066,0.00088246
-0.31903323447158216,-0.00051635504,0.0008817062
-0.3190186774199213,-0.00011944771,0.00088199053
-0.3189104170028539,0.00045681,0.00088270026
-0.3188910853658155,1.1444092e-5,0.00088209537
-0.31881340185046647,0.0002757311,0.0008818491
-0.3187592935277578,-0.00026232004,0.0008821262
-0.31872691120475377,-0.0003040433,0.00088225724
-0.3187245764886753,0.00066137314,0.00088128523
-0.31865065313939267,0.000497818,0.0008828562
-0.3186373846306127,0.0010300875,0.00088367634
-0.3185581570768917,-0.0016756058,0.0008814132
-0.31851240396926395,-0.0006507635,0.0008818836
-0.3184049922900153,0.0015159845,0.00088143186
-0.3183904563009626,0.00101614,0.00088284945
-0.31828220346670555,-0.0004632473,0.0008826416
-0.3182628499246617,-0.00086313486,0.0008819131
-0.3181851950543198,-0.0005955696,0.0008815864
-0.3181310648266057,0.0010135174,0.00088284875
-0.31809871072735874,0.00025749207,0.0008817223
-0.31809631745720707,-0.0006738901,0.000880961
-0.3180224589805435,-0.00064611435,0.0008814553
-0.31800916098446186,0.0003193617,0.00088311784
-0.31792990773407304,-0.00046026707,0.00088161876
-0.3178841727404055,0.00058221817,0.00088228233
-0.3177767501086541,5.877018e-5,0.00088147144
-0.3177622347607537,0.0006915331,0.0008825222
-0.3176539895093072,-0.00062584877,0.0008826159
-0.31763461448350794,-0.00017476082,0.00088221143
-0.31755698783712877,-0.0008588433,0.0008817955
-0.317502835704512,-0.0005146861,0.00088267535
-0.3174705098287136,-0.00054085255,0.0008815662
-0.31746805842563597,0.000420928,0.000881908
-0.31739426440023855,9.4652176e-5,0.0008812709
-0.3173809377592526,0.00053679943,0.0008832527
-0.3173016583914601,-0.00062948465,0.0008816484
-0.31725594109009125,8.46386e-6,0.0008818372
-0.31714850792739574,0.00033795834,0.00088177447
-0.3171340136421035,0.0007637739,0.0008831172
-0.3170257759727475,-0.00033336878,0.0008818546
-0.31700637904204554,0.0004159212,0.00088204246
-0.3169287810407765,-0.00073844194,0.0008816837
-0.3168746065818012,-0.00018388033,0.0008822732
-0.3168423093509072,-0.00051647425,0.0008826702
-0.3168397989736375,-2.0205975e-5,0.00088070874
-0.3167660702418008,-0.0012404323,0.0008815543
-0.31675271411279315,-0.00015687943,0.00088304485
-0.31667340904925845,-6.2286854e-5,0.00088164693
-0.31662770986164424,-0.00033545494,0.00088261743
-0.31652026616779894,0.00079345703,0.0008823669
-0.3165057921024089,0.0014412403,0.00088304275
-0.3163975620153491,-6.109476e-5,0.0008827019
-0.3163781436007889,0.00043082237,0.0008817753
-0.3163005738229684,-0.00094789267,0.0008823698
-0.31624637745898765,-0.0009114146,0.00088192837
-0.3162141088732036,6.1035156e-5,0.00088145264
-0.31621153994237494,-0.0010940433,0.00088095746
-0.31613787566190726,0.0012288094,0.00088153
-0.31612449088789246,0.0007054806,0.0008836611
-0.31604515928560106,-0.0005455613,0.0008822712
-0.31599947821174135,-0.0007445812,0.00088229973
-0.31589202398623206,-3.5762787e-5,0.0008816617
-0.3158775709833473,7.104874e-5,0.0008825944
-0.3157693480576421,0.00026369095,0.0008820898
-0.3157499081596351,0.00072801113,0.00088235294
-0.31567236660577735,-0.0011656284,0.00088283076
-0.3156181487582469,-0.0011239648,0.00088190293
-0.3155859083961171,0.0005465746,0.0008814751
-0.3155832809109067,-0.000624001,0.0008816019
-0.3155096815029553,8.46386e-6,0.00088129874
-0.31549626724163876,-0.0012974739,0.00088358077
-0.3154169099427824,-0.0008904338,0.0008810288
-0.3153712469827801,8.833408e-5,0.00088215154
-0.31526378180487086,0.00068354607,0.00088206126
-0.3152493494432413,-5.00679e-5,0.00088243955
-0.3151411345211853,7.748604e-5,0.0008823802
-0.3151216727181728,0.0006633997,0.00088257616
-0.315044159809425,0.0006917715,0.0008823389
-0.31498991963574186,-3.9219856e-5,0.0008825449
-0.3149577079183107,6.7949295e-5,0.00088235777
-0.3149550218793356,-0.0004937053,0.00088113453
-0.3148814869227532,0.0022075176,0.0008820084
-0.3148680440164295,0.0003746748,0.0008835315
-0.3147886606000666,-0.000210464,0.00088227674
-0.31474301533256865,-0.00044482946,0.0008823215
-0.31463554004517114,0.001904726,0.00088311813
-0.3146211283247968,-0.0010712743,0.00088198157
-0.31451292056399255,0.00038444996,0.000884386
-0.31449343727691614,0.00017905235,0.0008819023
-0.3144159525916169,-0.0005350709,0.0008816794
-0.3143616905130311,-0.0009238124,0.00088201725
-0.31432950744071,-7.492304e-5,0.000882188
-0.31432676284817584,-3.9339066e-6,0.0008812674
-0.31425329276410974,-0.0002040863,0.0008815629
-0.31423982037027864,-0.000108003616,0.00088449894
-0.31416041125755645,0.00071787834,0.0008816446
-0.3141147841039159,3.159046e-5,0.0008824345
-0.31400729786401566,0.0007388592,0.0008819014
-0.31399290720573514,0.0018444061,0.00088234025
-0.3138847070278442,0.00058972836,0.000882146
-0.31386520183576233,-0.0002629161,0.0008828703
-0.3137877457954703,-0.00043684244,0.0008822817
-0.31373346139021746,0.0004029274,0.0008825964
-0.3137013069635206,-2.0980835e-5,0.0008821045
-0.31369850381722186,0.00025057793,0.00088151323
-0.3136250981842162,0.00030899048,0.000881839
-0.3136115967243335,-0.0010913014,0.00088535406
-0.31353216191556055,0.00037312508,0.00088204665
-0.3134865528754689,0.00089502335,0.0008825335
-0.3133790556824488,-0.00034832954,0.00088154903
-0.31336468566562914,-0.0004348755,0.00088222005
-0.3132564930701373,-5.6147575e-5,0.0008820455
-0.3132369663946085,-0.00013309717,0.000881895
-0.3131595385776622,-0.0014329553,0.0008818976
-0.31310523268906537,0.00027298927,0.0008825905
-0.3130731064857142,-0.00038349628,0.0008814764
-0.31307024478606216,0.00038337708,0.0008813493
-0.31299690402516134,0.00030362606,0.0008822327
-0.3129833734991242,-0.00042766333,0.00088332844
-0.31290391257274186,0.0003771782,0.0008815236
-0.3128583212252575,0.0011729002,0.00088294613
-0.31275081350098477,-0.00020420551,0.0008828418
-0.3127364645468761,-0.00061923265,0.0008824462
-0.31262827953388617,-0.0014634728,0.0008815717
-0.31260873095345476,-0.001203239,0.0008818901
-0.3125313317815156,0.0004812479,0.0008828105
-0.31247700356666314,0.0012638569,0.0008827307
-0.3124449060081135,0.0002092123,0.0008823346
-0.31244198575459387,0.00018191338,0.00088111294
-0.3123687098665179,-0.00055742264,0.00088158157
-0.3123551498526648,-0.001665175,0.0008828333
-0.31227566323002603,-0.0010172725,0.00088121946
-0.3122300899962962,-0.0011883974,0.00088220247
-0.3121225717409765,-0.0003489256,0.00088242465
-0.31210824342812304,-0.00013321638,0.0008823759
-0.31200006557648774,-6.2286854e-5,0.00088296377
-0.31198049551188956,0.000121712685,0.0008823185
-0.31190312456411884,0.00018668175,0.0008819182
-0.3118487744438495,-0.00014781952,0.00088199455
-0.3118167055306156,6.0796738e-5,0.0008819886
-0.31181372672312563,-0.0010413527,0.0008819256
-0.3117405152866244,-0.00064766407,0.0008820647
-0.31172692662776413,0.0006428957,0.00088387716
-0.3116474134666772,0.0002206564,0.0008818715
-0.31160185834659904,-0.0013102293,0.00088210043
-0.3114943295602324,0.00020372868,0.00088196906
-0.31148002188822277,-0.0002657771,0.0008822569
-0.3113718520400309,0.00010597706,0.0008827479
-0.31135226007073574,-0.0011326075,0.0008819918
-0.3112749177679722,0.00017404556,0.0008819498
-0.3112205457426974,0.0010790825,0.0008822899
-0.31118850505311774,-0.00022530556,0.00088158966
-0.31118546769196587,5.0902367e-5,0.0008812066
-0.31111232112756954,-0.00038838387,0.00088105496
-0.31109870298151043,-0.00029218197,0.0008836525
-0.3110191641242699,0.0001885891,0.00088200654
-0.31097362711763776,-3.504753e-5,0.00088269816
-0.3108660878002242,-0.0012960434,0.0008819333
-0.31085180076936686,0.0008111,0.00088366563
-0.31074363808232397,-0.00078624487,0.00088243594
-0.31072402462958193,0.00041747093,0.00088244147
-0.3106467105505755,0.0005736351,0.0008823528
-0.3105923166205009,0.00064611435,0.00088223204
-0.3105603045757227,-0.00050860643,0.0008821139
-0.3105572086610119,-0.0012325048,0.00088102435
-0.310484126547676,-0.00033444166,0.0008817709
-0.3104704797565068,-0.00029671192,0.0008830798
-0.31039091478175973,0.000970006,0.00088234124
-0.3103453958886765,0.0010339022,0.00088243274
-0.3102378456187601,-0.00027149916,0.0008822144
-0.31022357965061376,0.0012280941,0.0008824778
-0.31011542454617563,-0.000911355,0.000881528
-0.3100957891880167,0.000885129,0.00088299
-0.3100185037540175,0.0012423992,0.00088196906
-0.309964087497893,0.00025832653,0.00088258757
-0.30993210409801913,0.0004892349,0.0008819066
-0.3099289496298522,-0.0009139776,0.0008815293
-0.3098559323886212,0.00026094913,0.0008817005
-0.30984225611015026,-0.000821054,0.00088318565
-0.30976266543904396,0.00014472008,0.00088174915
-0.3097171642387736,-0.00086057186,0.0008820879
-0.3096096034376047,0.0005476475,0.0008822494
-0.3095953581106106,0.0005745888,0.0008824143
-0.3094872105889829,-0.00043219328,0.0008822252
-0.30946755374686297,-3.0636787e-5,0.0008822178
-0.3093902969578709,0.0004851818,0.0008832266
-0.3093358587963295,-8.98242e-5,0.0008823907
-0.3093039036205213,-0.00048404932,0.0008815206
-0.309300690598281,0.00023388863,0.00088125124
-0.30922773780841906,0.0005315542,0.0008824455
-0.3092140328851467,0.0004286766,0.00088351057
-0.3091344160962253,-0.0003362298,0.0008816882
-0.30908893301001805,-0.00042164326,0.00088211324
-0.3089813616776993,-0.000108242035,0.0008813619
-0.3089671369917547,0.0006375313,0.00088240416
-0.30885899705242326,-0.001298666,0.0008818463
-0.30883931830570915,-0.000759542,0.00088221865
-0.3087620897400628,0.00020515919,0.00088185095
-0.3087076296739273,2.2172928e-5,0.00088231475
-0.3086757031431262,0.0006248951,0.0008829188
-0.3086724315671213,-0.0005033612,0.00088097417
-0.30859954365008413,0.00018429756,0.0008813884
-0.3085858092393044,-0.00069469213,0.00088284776
-0.30850616675422937,-0.0008544326,0.00088148686
-0.30846070178126245,-0.0017183423,0.0008820731
-0.30835311949644095,0.0020893812,0.00088219065
-0.30833891587300166,-0.00042963028,0.0008823444
-0.3082307830948191,-4.5716763e-5,0.0008821977
-0.3082110832858055,-0.00034809113,0.0008818395
-0.30813388294371047,0.0010704994,0.00088203914
-0.30807940055152505,0.001916647,0.0008827817
-0.3080475026654227,0.00028312206,0.0008821032
-0.3080441725359616,3.4570694e-5,0.0008816033
-0.30797134907019064,0.0007264614,0.0008818705
-0.30795758601399226,-0.00058943033,0.0008836803
-0.3078779174117192,-0.00033396482,0.00088182365
-0.30783247055240404,-0.00012814999,0.00088320614
-0.3077248773149769,0.00095260143,0.00088197464
-0.3077106943329985,0.0018181801,0.00088276947
-0.3076025695588765,0.0008903742,0.00088217884
-0.3075828478446516,-0.0008261204,0.00088232453
-0.30750567572651943,0.00065279007,0.000882095
-0.30745117185037296,0.0004080534,0.0008825684
-0.3074193021879248,-0.0016162992,0.00088267104
-0.3074159135048019,-0.00017100573,0.00088161754
-0.30734315491113573,-0.001242876,0.0008810918
-0.30732936236763575,0.0012055635,0.0008838287
-0.3072496680690034,0.0005559921,0.000881951
-0.30720423890250115,-0.00024372339,0.0008824412
-0.30709663555466016,-0.00031012297,0.0008820765
-0.3070824732141426,0.0013924837,0.00088226015
-0.3069743560224196,-0.00033527613,0.00088277925
-0.30695461240308647,-0.00020211935,0.0008816145
-0.3068774689303728,-0.0008291602,0.00088176975
-0.3068229427275594,-0.0012401342,0.000882561
-0.3067911017103241,-0.0010814667,0.0008813847
-0.3067876544736422,0.00019693375,0.0008812593
-0.3067149607524923,0.00019109249,0.0008815156
-0.3067011391426322,-0.00077301264,0.00088302686
-0.3066214187265961,0.0005649328,0.00088186323
-0.30657600767405413,-0.0010659099,0.0008822982
-0.30646839337381315,1.1444092e-5,0.00088238326
-0.3064542520954924,-0.0007864833,0.00088202575
-0.30634614206471267,-0.00040763617,0.00088194263
-0.30632637696193266,0.0007787943,0.0008823388
-0.3062492617125647,-0.00015610456,0.0008819901
-0.30619471360515715,-0.00013357401,0.00088319293
-0.30616290123251766,-0.00060611963,0.00088196987
-0.30615939544207105,-0.0006801486,0.0008817286
-0.3060867661725988,-0.00029814243,0.00088123645
-0.30607291549617277,0.0015195608,0.00088361994
-0.30599316938408594,0.0003954172,0.00088196766
-0.30594777644499,0.0006365776,0.00088251306
-0.30584015161380496,0.00028550625,0.0008830798
-0.3058260309767393,-0.00013405085,0.0008820972
-0.3057179285285644,0.00015091896,0.00088217435
-0.3056981415207789,-3.695488e-6,0.00088171766
-0.3056210549164181,0.00027275085,0.0008824371
-0.30556648490421073,-6.240606e-5,0.00088214595
-0.30553470117668124,-0.00013941526,0.00088148634
-0.30553113641091134,2.69413e-5,0.00088157156
-0.305458572013544,0.0006817579,0.00088235596
-0.305444692271272,0.0010733604,0.0008839944
-0.30536492004157584,-0.00080883503,0.00088179373
-0.3053195452161316,0.000415802,0.00088176137
-0.30521190943244375,0.00037992,0.00088215707
-0.3051978094367362,0.0011376143,0.0008818933
-0.30508971457106315,0.00058448315,0.0008826184
-0.3050699060792137,0.00088739395,0.0008823742
-0.3049928481202715,0.00068330765,0.00088295783
-0.30493825578149997,-0.0010645986,0.0008822824
-0.30490650069918335,0.00027310848,0.0008825166
-0.30490287737975164,0.0007510185,0.00088131346
-0.30483037743334185,0.001093626,0.00088220084
-0.30481646904626847,-0.0015664101,0.00088296644
-0.3047366706989629,-0.000616014,0.0008822618
-0.3046913139873759,0.0010726452,0.000881878
-0.3045836676724355,-0.0008249879,0.00088166614
-0.304569588318086,3.9100647e-5,0.0008828724
-0.30446150103481195,-0.00047326088,0.00088188733
-0.30444167105930997,0.0016243458,0.00088306295
-0.3043646409024634,0.0006120205,0.0008826953
-0.3043100270800393,-0.0007148385,0.00088219537
-0.30427830022158264,-0.0014480352,0.0008816374
-0.30427461834859193,0.0011153221,0.0008817361
-0.3042021832745956,0.00025820732,0.0008806189
-0.30418824540001477,0.0006572008,0.0008831191
-0.3041084213561442,0.0005156994,0.00088179874
-0.30406308275841465,0.0007109642,0.00088226557
-0.30395542549117716,-0.0008445978,0.0008819946
-0.30394136719912723,-0.0007005334,0.0008817504
-0.30383328749845795,-3.9994717e-5,0.0008821691
-0.3038134356181562,-0.0008497834,0.0008816694
-0.30373643410600826,-0.00030755997,0.00088156003
-0.3036817979576371,0.00011277199,0.0008823056
-0.30365009974408474,0.0020678043,0.000883108
-0.30364635973857945,-0.00029063225,0.00088139664
-0.3035739891159521,-0.00082564354,0.0008810707
-0.303560022175114,-0.0010985732,0.0008828512
-0.3034801720139426,0.00040328503,0.00088134245
-0.3034348511085118,0.0003861189,0.0008822481
-0.30332718373127177,-0.000721395,0.0008817084
-0.3033131460803742,-2.515316e-5,0.0008829224
-0.3032050735409567,0.00063622,0.00088221114
-0.30318520017700235,0.0013586283,0.0008822709
-0.3031082273097588,0.00033581257,0.0008818288
-0.30305356925648497,0.0014487505,0.00088292034
-0.3030218992665869,0.0013113022,0.00088300754
-0.3030181007071112,-0.0004799962,0.00088115036
-0.30294579453575,-0.00058573484,0.0008819291
-0.30293179852865465,-0.00022953749,0.00088350894
-0.3028519230927854,0.00039994717,0.0008816668
-0.3028066198797562,-0.00015956163,0.0008823563
-0.3026989415499106,0.0005850792,0.0008817579
-0.3026849249615183,-0.00023925304,0.00088240055
-0.3025768600047056,1.4305115e-6,0.00088257284
-0.3025569647357457,-0.000102460384,0.0008824541
-0.3024800200923621,0.00142169,0.00088244345
-0.3024253401339799,0.00060272217,0.0008832202
-0.30239369878898614,-0.0007019043,0.00088116736
-0.3023898416759515,0.00027394295,0.00088119967
-0.3023176003770037,0.00039458275,0.00088206795
-0.30230357530365104,0.00039458275,0.0008833823
-0.3022236737503781,0.00038421154,0.00088195334
-0.30217838865100066,0.0007790327,0.00088177447
-0.3020706997895939,0.00023269653,0.0008816138
-0.3020567038424567,0.0015311241,0.00088310544
-0.30194864646835157,0.00012505054,0.00088273
-0.30192872971553353,-0.0005956888,0.0008822204
-0.30185181329590693,-0.0003719926,0.00088271615
-0.30179711101126916,-0.00057041645,0.0008825205
-0.30176549831117977,0.00022888184,0.00088168593
-0.3017615826446889,0.002223134,0.0008812035
-0.30168940621877166,-0.0007535219,0.000881187
-0.30167535165750026,0.00045478344,0.0008841359
-0.3015954244079708,-0.0005187988,0.0008817647
-0.3015501574223479,-0.00052011013,0.0008822237
-0.3014424576086441,0.0006713867,0.00088172813
-0.3014284823027621,-0.0011182427,0.0008824177
-0.3013204325109532,0.0006042719,0.0008827846
-0.30130049427437966,-0.00033521652,0.00088217214
-0.30122360649965746,-0.00045853853,0.0008827067
-0.30116888231011707,-0.0005686879,0.00088229374
-0.30113729783378473,0.0004428625,0.00088188803
-0.30113332361322065,-0.0007442236,0.000881175
-0.3010612116384667,-0.0009803176,0.0008815864
-0.301047128432291,-0.000115811825,0.0008839995
-0.30096717506515214,0.00034725666,0.0008822918
-0.30092192619348945,0.00037252903,0.0008817045
-0.3008142158487387,0.0005335808,0.00088191684
-0.30080026118411185,0.0011956692,0.000882202
-0.30069221897439347,-0.0007517934,0.00088170206
-0.30067225883312304,-0.00010329485,0.0008836705
-0.3005953992826721,0.001749754,0.0008822171
-0.30054065318792056,-0.00074738264,0.0008820812
-0.3005090977776398,-0.00086194277,0.00088155235
-0.3005050650033111,-0.000100016594,0.0008812196
-0.3004330174795148,0.00046730042,0.00088172406
-0.3004189047860373,-2.9146671e-5,0.00088382285
-0.3003389257227449,-0.00031268597,0.0008818151
-0.3002936949647339,8.46386e-6,0.0008819876
-0.3001859736672746,0.00015699863,0.0008820986
-0.3001720400651531,-0.0001963377,0.0008823925
-0.3000640054378338,-0.0009991527,0.0008819521
-0.3000440233916607,0.0005135536,0.0008820763
-0.29996719248611414,-0.0007439852,0.0008817761
-0.299912424486357,1.1444092e-5,0.00088287686
-0.29988089729983336,0.00072944164,0.00088297145
-0.29987680597204847,-0.00011104345,0.0008814417
-0.29980482332076847,-0.00017869473,0.00088145526
-0.29979068156113653,1.1444092e-5,0.0008832944
-0.2997106763806461,-0.0010038018,0.00088168745
-0.29966546373597824,0.0012112856,0.00088228175
-0.2995577319072664,-0.00054347515,0.0008818677
-0.29954381894640003,0.001190424,0.0008827437
-0.29943579148084676,-0.00038421154,0.00088271085
-0.29941578837175703,0.0011223555,0.0008826123
-0.299338985689659,-0.00021082163,0.000882131
-0.2992841953637492,-0.00052815676,0.0008824862
-0.2992526968224384,-0.00025439262,0.00088305573
-0.29924854694078595,9.024143e-5,0.0008815112
-0.2991766287406692,-0.0007392764,0.0008811211
-0.2991624583362358,-0.00017243624,0.00088283705
-0.2990824270379303,-0.0012460351,0.0008816176
-0.2990372325071199,0.0002720356,0.00088188675
-0.2989294897261109,-0.0007843971,0.00088148384
-0.29891559782774985,-0.00025302172,0.0008822942
-0.29880757794459556,-0.0015822053,0.0008825005
-0.2987875529306032,0.00062417984,0.00088241725
-0.29871077847215943,0.0004595518,0.00088183844
-0.29865596666249417,0.00033175945,0.00088272034
-0.298624496345249,-0.00015503168,0.00088161655
-0.2986202883312877,0.00016915798,0.00088216143
-0.29854843458192293,0.0005406141,0.00088111096
-0.29853423469008494,0.0003374815,0.00088364095
-0.2984541776951116,0.00010192394,0.00088151015
-0.2984090012783642,0.00086796284,0.00088278943
-0.2983012479662055,-1.3709068e-5,0.00088171154
-0.29828737670889394,8.3208084e-5,0.0008825654
-0.29817936440813875,0.0003401041,0.0008824149
-0.29815931748934654,-0.0006225109,0.0008833342
-0.2980825716758071,-0.0006878972,0.00088220276
-0.2980277375399891,0.000816226,0.00088223576
-0.2979962958676483,0.0011152029,0.0008825563
-0.2979920292997166,-0.00059860945,0.00088117755
-0.29792024042317666,0.0001732111,0.0008809916
-0.2979060114647728,0.0009877682,0.000883564
-0.2978259287739544,-0.0014410019,0.0008817284
-0.2977807700496087,0.00066006184,0.00088221155
-0.2976730057847415,-0.0006610155,0.0008816882
-0.29765915558983236,0.0003066063,0.00088180584
-0.29755115087199047,-0.00014215708,0.00088228035
-0.2975310820480899,0.0008751154,0.0008821918
-0.2974543648795576,0.00044989586,0.0008829667
-0.29739950883883703,0.0008817911,0.0008823203
-0.297368095811092,8.46386e-6,0.00088163774
-0.29736377026824834,0.00044476986,0.00088131375
-0.2972920458430774,0.0009086132,0.00088180654
-0.297277787818622,0.00086188316,0.00088383805
-0.2971976794315472,-0.0005939603,0.0008816494
-0.2971525388207502,0.00011360645,0.00088166416
-0.29704476402452756,-7.3075294e-5,0.0008819709
-0.2970309344711821,-0.0012486577,0.0008830035
-0.2969229369144892,5.3167343e-5,0.0008822755
-0.29690284702798053,0.0012801886,0.0008823218
-0.29682615808330814,0.00042641163,0.00088274165
-0.29677127971612627,0.00063943863,0.0008824813
-0.29673989533369693,-0.0007328987,0.00088241784
-0.29673551165864726,4.4465065e-5,0.00088122237
-0.29666385168433107,-0.00027227402,0.0008816115
-0.29664956459372127,-0.0004969835,0.000882722
-0.29656943008913983,-0.0008966923,0.0008814122
-0.29652430759199466,0.0006170273,0.0008824539
-0.2964165218435778,-0.0003245473,0.0008817579
-0.2964027133527376,0.0010124445,0.0008825102
-0.2962947233780323,0.00039601326,0.00088204787
-0.29627461158672386,-0.00023460388,0.0008817126
-0.29619795086591144,-0.00025951862,0.0008826992
-0.29614305101487126,-0.000116467476,0.00088310114
-0.2961116948558905,0.0013649464,0.000881804
-0.2961072526274875,0.0020684004,0.00088200637
-0.2960356575255848,-0.0006708503,0.0008812895
-0.29602134094715904,-0.00042408705,0.0008827714
-0.2959411807463212,-0.00028008223,0.00088214537
-0.29589607636323906,-0.00075250864,0.000882393
-0.2957882800836724,0.0004144907,0.00088198716
-0.2957744922337789,-0.00026786327,0.00088180666
-0.2956665098414727,-0.0005376935,0.00088183227
-0.29564637614546724,-0.000813365,0.00088216754
-0.29556974406976483,-0.00013870001,0.000882101
-0.29551482231413057,0.00071930885,0.0008823249
-0.2954834943784955,-0.0012183189,0.0008812071
-0.29547899359591645,0.0005848408,0.00088119216
-0.2954074633667356,-0.0003964901,0.00088189705
-0.2953931177222583,0.00031137466,0.0008832907
-0.2953129314039139,-0.00021231174,0.00088125607
-0.2952678451345863,-0.00091063976,0.0008827709
-0.295160038323767,-0.0006894469,0.00088154804
-0.29514627111482017,0.0010344982,0.00088336645
-0.29503829630532435,0.0004644394,0.00088247756
-0.29501814112535785,-4.863739e-5,0.00088278856
-0.2949415372732068,0.00039100647,0.000882055
-0.29488659319131694,-0.00044834614,0.0008823563
-0.2948552943223506,0.0003876686,0.00088196463
-0.29485073498559544,-0.0005107522,0.0008811175
-0.29477926878643074,-0.00043207407,0.0008810122
-0.29476489449735754,0.00015437603,0.00088343373
-0.2946846824827567,0.0008417368,0.00088263483
-0.29463961432697794,0.0006159544,0.0008820528
-0.2945317961426115,-0.00026220083,0.0008816769
-0.29451804999637565,6.210804e-5,0.00088205806
-0.2944100823481316,8.356571e-5,0.0008832641
-0.29438990568410117,-0.0014153719,0.0008821924
-0.2943133304770602,-5.1140785e-5,0.0008822225
-0.2942583644898563,-0.00051909685,0.00088272954
-0.29422709384454415,-0.00063604116,0.0008815534
-0.29422247595443574,-0.001119256,0.0008820978
-0.2941510746277873,0.00024020672,0.0008820192
-0.2941366708508982,0.0008261204,0.00088325556
-0.29405643314034946,0.0012898445,0.00088210404
-0.29401138309791386,0.00029540062,0.0008821796
-0.29390355438229476,0.00036764145,0.0008816692
-0.2938898288774169,-0.00076824427,0.0008825299
-0.2937818688117776,0.00031089783,0.0008822731
-0.29376167024284455,-0.0011585951,0.0008824908
-0.2936851232594578,-0.0011144876,0.0008821469
-0.2936301353673513,0.00017690659,0.00088243163
-0.29359889336714917,-7.349253e-5,0.0008819927
-0.2935942173449375,-0.00029319525,0.00088130706
-0.2935228804693495,-0.00010365248,0.0008811061
-0.29350844762589456,2.6106834e-5,0.0008837238
-0.2934281837978393,0.0013992786,0.0008812554
-0.2933831518694668,0.0007510185,0.000881868
-0.2932753126223894,-0.00043660402,0.0008826071
-0.2932616077584581,-0.00022137165,0.00088205916
-0.293153655275218,-0.0003643632,0.00088258274
-0.2931334352229409,0.0008329153,0.0008823935
-0.2930569164628998,0.0004938841,0.00088194857
-0.2930019066661992,0.0006123781,0.0008826217
-0.2929706928897541,0.0010988712,0.0008818876
-0.2929659583136749,-0.00073981285,0.0008811437
-0.2928946863105004,0.0006991625,0.00088184886
-0.2928802239797438,-0.00015282631,0.000883207
-0.2927999344551235,0.0009995699,0.00088177464
-0.29275492064081404,-0.0021409988,0.0008824928
-0.29264707044123384,0.0007927418,0.00088197715
-0.2926333866398079,0.00027942657,0.00088221923
-0.29252544173937817,-0.0007660389,0.0008816119
-0.292505199781787,0.0009915829,0.0008818129
-0.2924287096669589,-0.00031262636,0.00088189484
-0.29237367754379695,0.00053465366,0.0008825214
-0.2923424928336092,-4.184246e-5,0.00088193966
-0.2923376997034568,0.00033450127,0.000882042
-0.2922664917301955,0.0007369518,0.0008809762
-0.29225200075484303,0.0014688969,0.00088394934
-0.29217168553396633,0.00031280518,0.0008819909
-0.29212668941185277,-0.0007953644,0.00088181626
-0.2920188286809171,-0.001382649,0.0008823192
-0.29200516552115774,0.00064373016,0.0008823612
-0.2918972282029213,0.0006865263,0.0008824429
-0.2918769647615748,0.001578927,0.00088281155
-0.29180050287060655,-0.00031369925,0.000881942
-0.2917454488422334,-0.00036919117,0.00088212173
-0.29171429235580276,0.0005093813,0.0008817277
-0.29170944067188564,-0.001108706,0.00088042545
-0.2916382975717577,-0.0009204149,0.0008813406
-0.2916237775295309,0.0005977154,0.0008841834
-0.2915434361917647,-0.00029736757,0.0008814761
-0.29149845818309716,-1.2755394e-5,0.0008829475
-0.2913905869210117,0.00056397915,0.000882066
-0.2913769444024047,-0.000315547,0.0008819974
-0.29126901424511153,-0.00033664703,0.0008827498
-0.2912487293203182,-5.1259995e-5,0.00088225445
-0.2911722960740486,-0.000120162964,0.0008819031
-0.2911172201410813,-4.36306e-5,0.0008824678
-0.2910860918780992,0.00020670891,0.0008816039
-0.29108118164072594,0.0011172295,0.00088149303
-0.29101010341290856,0.0005310774,0.00088139775
-0.29099555388317433,0.0006712675,0.00088333146
-0.290915186848946,0.00093376637,0.00088148087
-0.29087022737569457,-0.00036156178,0.0008819872
-0.2907623447398562,-0.0011418462,0.00088178634
-0.2907487232834459,-0.00012767315,0.0008827215
-0.29064080070896325,0.00024592876,0.0008823151
-0.2906204938791644,-0.00012552738,0.00088255876
-0.2905440892781076,6.556511e-5,0.000883534
-0.2904889910186791,-0.00081276894,0.0008823176
-0.2904578918222628,5.686283e-5,0.0008813799
-0.290452923031022,0.0013104677,0.000881539
-0.29038190925385376,-0.0007580519,0.0008821012
-0.2903673306584793,-0.0014503598,0.00088271947
-0.29028693792758314,-0.0008878708,0.00088131207
-0.2902419961467333,0.001698494,0.00088214036
-0.2901341029799508,-0.0008072257,0.00088208047
-0.2901205021647957,-0.0006685257,0.00088263984
-0.2900125871728149,0.0002310276,0.00088190404
-0.28999225885895213,0.002289772,0.0008830981
-0.28991588206071095,-0.0011565089,0.0008823015
-0.28986076231721847,5.2690506e-5,0.0008826276
-0.2898296913444564,-0.00026392937,0.00088133896
-0.2898246644209067,-0.0008814931,0.00088095193
-0.28975371467396016,-0.0011479259,0.00088163203
-0.28973910701232847,-0.00015372038,0.0008839025
-0.28961376491777197,0.00014972687,0.00088251295
-0.2895058612199426,0.00037395954,0.000881883
-0.28949228104604263,0.0001282692,0.00088228344
-0.2893843736366666,-0.0013537407,0.00088196405
-0.2893640234176955,-0.0016329288,0.00088227674
-0.28928767526425575,0.00032627583,0.00088251184
-0.2892325336159635,0.00037300587,0.0008827896
-0.28920149086675284,-8.2314014e-5,0.0008816039
-0.28919640538933566,0.00021398067,0.0008814727
-0.28912552051490537,-0.0010094643,0.00088105624
-0.2891108837870163,-0.00013798475,0.00088341726
-0.2890304392429742,-0.00088369846,0.0008819267
-0.2889855336891192,-0.000184834,0.000882093
-0.28887761903847853,2.9921532e-5,0.00088171253
-0.28886405992708386,-7.492304e-5,0.00088210555
-0.2887561601001069,-9.49502e-5,0.00088228344
-0.2887357883977918,-0.0005887151,0.0008824876
-0.2886594684678006,-0.00035625696,0.00088162505
-0.2886043044935613,-0.00080639124,0.0008819082
-0.2885732908109164,-0.0005350709,0.00088165427
-0.2885681467796317,0.0009703636,0.0008817456
-0.2884973263562619,0.0010682344,0.0008815912
-0.2884826605621156,0.0017706156,0.0008837826
-0.2884021903218171,0.00092720985,0.0008816496
-0.2883573028819223,-0.00027483702,0.00088192563
-0.28824937727857314,-0.00023078918,0.00088232144
-0.2882358388084337,0.00018334389,0.0008819057
-0.28812794656395857,0.00083196163,0.00088258734
-0.28810755295663804,0.0015347004,0.0008823541
-0.288031261671654,0.00017666817,0.0008822841
-0.2879760757921006,-0.0011860728,0.0008814982
-0.28794509033311,8.46386e-6,0.0008815738
-0.287939887748472,-0.00015443563,0.00088236184
-0.28786913219761845,0.0007908344,0.0008814668
-0.2878544369159648,5.340576e-5,0.00088396395
-0.28777394097899844,0.0009034872,0.0008817018
-0.287729071652961,-2.7358532e-5,0.0008829638
-0.28762113551856494,0.0012891293,0.0008820622
-0.28760761768968063,-0.0002886057,0.00088245486
-0.2874997330278103,0.00051510334,0.0008824321
-0.2874793179367343,0.0003234148,0.00088170054
-0.2874030548755074,0.00029790401,0.0008821366
-0.2873478470908457,-0.0010641217,0.000881861
-0.2873168898555093,-0.000428617,0.000882267
-0.28731162913856234,0.00019729137,0.00088142976
-0.28724093803856365,-0.00080150366,0.00088170206
-0.28722621369106405,0.00018429756,0.00088369666
-0.28714569163628256,0.0011411905,0.0008819976
-0.28710084042399975,-0.00044751167,0.00088201964
-0.286992893758351,0.0006312132,0.00088356074
-0.286979396991972,-0.0009442568,0.00088176754
-0.2868715194912506,-6.03199e-5,0.00088167
-0.2868510824951691,0.0007401705,0.00088203134
-0.2867748480789494,7.677078e-5,0.0008820805
-0.2867196179684435,0.0013062954,0.00088252156
-0.28668868979926154,0.00073862076,0.00088148616
-0.28668337010740264,0.0003093481,0.00088132574
-0.28661274345867005,6.1035156e-5,0.00088161
-0.2865979904657519,-0.0002015233,0.00088337145
-0.28651744271543395,0.0010312796,0.0008820956
-0.28647260961680276,-0.00063985586,0.00088218995
-0.2863646515771955,0.000101685524,0.000882866
-0.2863511758733218,0.0012836456,0.0008826373
-0.2862433059551023,8.46386e-6,0.0008833595
-0.2862228474752654,-0.00089532137,0.0008821247
-0.28614664128280276,-0.0004950166,0.00088169874
-0.2860913892672914,-0.000569582,0.000881905
-0.28606048932176364,0.00039696693,0.000882067
-0.2860551114970816,0.00027036667,0.00088133255
-0.2859845493000266,-0.00014150143,0.0008815912
-0.28596976681929254,-0.00026220083,0.00088312995
-0.28588919337302665,6.914139e-5,0.000881795
-0.2858443783878415,-0.0007905364,0.0008820011
-0.2857364098172901,0.00034189224,0.00088172295
-0.2857229547546716,-0.0005161762,0.0008827069
-0.28561509199770385,-0.00022000074,0.0008821997
-0.28559461203411163,0.00013744831,0.00088190066
-0.2855184344868618,0.00039935112,0.0008815312
-0.28546316056613924,0.00025844574,0.0008825012
-0.2854322892656187,-0.0002271533,0.00088152883
-0.28542685288717207,0.00038826466,0.00088142767
-0.28535635514138313,-0.00046432018,0.000881816
-0.2853415435947003,-0.0015835762,0.0008825513
-0.2852609444514581,-4.87566e-5,0.0008814716
-0.2852161471588802,0.00025749207,0.0008817437
-0.2851081680572819,0.0008815527,0.00088233565
-0.28509473363591853,9.059906e-6,0.0008823983
-0.28498687846114423,0.00013113022,0.0008825039
-0.28496637701379657,-0.00040578842,0.0008819422
-0.28489022769040667,9.226799e-5,0.0008818551
-0.2848349314433256,0.0013318062,0.0008824369
-0.2848040887879152,0.00040602684,0.0008823766
-0.28479859385601236,-0.0002747774,0.00088139484
-0.28472816098232834,0.0004043579,0.00088177744
-0.28471332036938823,0.0005348921,0.00088352466
-0.2846326951086394,0.0005764961,0.0008821079
-0.28458791635147757,-1.3709068e-5,0.00088231376
-0.2844799262972737,-0.001210928,0.00088147225
-0.2844665125171655,-0.0013120174,0.00088196417
-0.2843586649249959,-0.0010229945,0.0008818613
-0.28433814157264276,-0.0009254813,0.00088188733
-0.28426202089395153,-0.0003876686,0.00088235736
-0.2842067027421735,0.0011435747,0.00088242383
-0.2841758883104173,-0.00054222345,0.0008818212
-0.28417033524569135,-0.0004823208,0.0008810906
-0.28409996682337635,-0.00033569336,0.0008813677
-0.2840850967229288,0.00064885616,0.00088288647
-0.2840044461874822,0.0017744303,0.0008820883
-0.28395968512272196,0.00040018559,0.00088224147
-0.2838516841159125,0.0010596514,0.0008821506
-0.2838382913983096,0.0014767647,0.0008830869
-0.28373045138884756,-0.0005532503,0.0008827104
-0.28370990655273903,-0.0003811717,0.00088192977
-0.2836338136765548,0.0008957386,0.00088201964
-0.28357847404102143,-0.00094115734,0.000882296
-0.28354768825427235,-0.00063198805,0.00088153244
-0.2835420766357817,-0.0006929636,0.0008830272
-0.2834717726650414,0.000233531,0.00088174455
-0.2834568734983366,-0.0016533136,0.00088315853
-0.2833761968454863,6.353855e-5,0.0008811971
-0.28333145431521645,-0.00014191866,0.000882314
-0.28322344235590424,-6.9737434e-6,0.00088326645
-0.2832100707008066,-0.0009639859,0.00088314875
-0.28310223785228794,0.0006623268,0.00088179676
-0.2830816711115852,0.0013182163,0.000883418
-0.28300560687999676,0.00045728683,0.00088173756
-0.2829502453394579,-2.9683113e-5,0.0008822298
-0.2829194877765688,0.00067412853,0.0008820873
-0.282913817604622,-0.00197196,0.0008816029
-0.2828435780847365,4.4584274e-5,0.00088123593
-0.28282865027343584,1.1444092e-5,0.0008832787
-0.28274794750266763,-1.9133091e-5,0.00088146835
-0.2827032230863581,0.0004684925,0.00088221446
-0.28259520059589605,0.0001180172,0.0008819794
-0.28258184958184784,-0.00024306774,0.0008827751
-0.2824740243161396,0.00014567375,0.0008818383
-0.28245343609168155,-0.0007278919,0.00088251143
-0.28237740008385015,0.0005518198,0.0008826944
-0.2823220162170557,0.00055754185,0.00088274555
-0.282291287720321,-0.00059467554,0.0008814481
-0.2822855589947124,-0.0015399456,0.0008807779
-0.28221538392578455,0.0004528761,0.0008817603
-0.28220042662687367,0.0003348589,0.00088326744
-0.2821196985810991,-0.000816524,0.0008820206
-0.2820749918577053,-0.0006657243,0.0008818641
-0.28196695883578493,-0.0009518266,0.0008813271
-0.28195362846278627,0.0004720688,0.00088202284
-0.28184581077999127,0.0008702278,0.0008816891
-0.2818252006501164,-0.0001423955,0.0008817499
-0.28174919328770354,0.000118255615,0.00088265695
-0.28169378751590357,-0.00010073185,0.0008823669
-0.28166308724272027,0.000467062,0.00088228943
-0.28165730038500847,-0.0011376739,0.0008810055
-0.2815871897674496,-0.0005623102,0.00088164594
-0.2815722034016644,0.0014933348,0.00088415924
-0.2814914492391032,-0.001052618,0.0008810411
-0.28144676105050837,7.224083e-5,0.00088199443
-0.28133871707577673,-0.0002722144,0.0008818114
-0.2813254073444446,-0.0015993714,0.00088243163
-0.281217597243843,0.0005939007,0.00088182255
-0.2811969656302127,-0.00069224834,0.0008822437
-0.2811209864911456,0.0006405115,0.0008825081
-0.2810655588147515,-0.0005916357,0.00088193
-0.281034887186164,0.0009907484,0.00088238134
-0.2810290417748932,0.0007009506,0.0008810274
-0.28095899560839477,0.0006723404,0.0008817876
-0.2809439801766608,-0.0006570816,0.00088284916
-0.2808632003178432,-0.00070405006,0.0008810903
-0.28081852982144423,0.0006234646,0.00088227174
-0.2807104753157685,-0.0004389286,0.0008816303
-0.28069718664694165,0.00022244453,0.00088269636
-0.28058938370728326,0.0011245012,0.0008827622
-0.28056873018905887,0.00038814545,0.00088270806
-0.280492779694999,-0.0004684925,0.0008822869
-0.2804373301135994,-0.0001412034,0.00088241004
-0.2804066867089746,-0.00031799078,0.0008810515
-0.28040078274332203,-0.0002760291,0.0008817984
-0.2803308014495457,6.055832e-5,0.0008812084
-0.28031575653092133,0.00026869774,0.0008835093
-0.280234950975333,-0.00016081333,0.0008810307
-0.2801902990138359,-0.00029027462,0.0008821686
-0.280082233134613,-0.0013622046,0.00088161905
-0.28006896552808574,0.00037550926,0.00088281144
-0.27996117017082645,0.00070917606,0.00088274106
-0.27994049516874375,-0.000295043,0.00088275765
-0.27986457289885236,-0.00051128864,0.00088196504
-0.2798091009907858,0.00057065487,0.00088233716
-0.27977848665282967,0.00029325485,0.0008814357
-0.27977252413341247,0.00062835217,0.00088114495
-0.2797026072907994,0.0007171631,0.0008812172
-0.27968753330560925,-0.0010342002,0.00088395487
-0.2796067020541758,-0.00019341707,0.0008811025
-0.27956206820633045,8.46386e-6,0.00088219077
-0.27945399137511895,0.00018548965,0.00088276557
-0.27944074440943556,-2.6762486e-5,0.000882589
-0.2793329566349867,-0.0012930036,0.0008822725
-0.27931225972759,-0.00019830465,0.00088161905
-0.27923636610270575,-0.001128912,0.00088212907
-0.2791808722896337,0.0002580881,0.00088319567
-0.27915028617522897,-0.00034832954,0.00088162086
-0.2791442655235028,0.00046622753,0.0008817657
-0.2790744131318474,2.6226044e-5,0.000881585
-0.2790593100802971,-0.00023335218,0.00088334474
-0.2789784531327101,-0.00048661232,0.0008818884
-0.2789338369773692,0.00020503998,0.0008831039
-0.2788257496148022,0.00085413456,0.0008819563
-0.2788125237119326,8.46386e-6,0.0008821324
-0.27870474309842697,0.0010933876,0.00088219374
-0.2786840247076863,0.0012520552,0.00088255963
-0.2786081593061477,0.00028693676,0.0008821598
-0.27855264358848153,-0.000739336,0.0008828375
-0.2785220861189812,-0.0014430285,0.00088107714
-0.2785160069134904,-0.00032126904,0.0008808695
-0.27844621897320393,0.0015568733,0.0008816627
-0.2784310864345576,-0.00024074316,0.00088368246
-0.2783502037902,-6.765127e-5,0.00088155904
-0.27830560616996647,-0.0004595518,0.00088196783
-0.27819750785448544,-0.00010061264,0.0008816664
-0.2781843025929739,-0.0014286637,0.0008816455
-0.27807652956197015,0.0007824898,0.0008826487
-0.27805578968778255,7.426739e-5,0.00088152714
-0.27797995250958973,-0.00019413233,0.0008823489
-0.2779244148869181,0.0005899668,0.00088261225
-0.2778938856414833,-0.00033962727,0.00088171044
-0.27788774830327223,0.0005685091,0.0008812868
-0.2778180248144576,-0.00053584576,0.000881636
-0.27780286320955405,-0.0025658011,0.00088264555
-0.27772195486904283,-0.001052618,0.0008810594
-0.2776773749412109,0.0004196167,0.0008822682
-0.27756926609458005,-0.00063842535,0.00088158884
-0.27755608147391225,0.00037693977,0.0008823801
-0.27744831644738044,-0.0010616183,0.0008816282
-0.2773517461351046,0.00021839142,0.00088255125
-0.27729618618576596,0.00017523766,0.0008822281
-0.27726568558513276,0.00019609928,0.00088138744
-0.2772594896933626,-0.00082951784,0.00088140805
-0.27718983023446125,0.00047683716,0.00088256673
-0.2771746399843448,-0.00027036667,0.00088382635
-0.2770937055264298,7.2836876e-5,0.00088218716
-0.2770491441337054,8.106232e-6,0.00088196987
-0.27694102433467466,-0.00029993057,0.00088233437
-0.27692786077651216,0.0009609461,0.00088239403
-0.27682010291123216,-0.00014156103,0.0008824459
-0.27679931922631373,0.00020301342,0.0008823457
-0.2767235393385466,-0.00027924776,0.00088262896
-0.2766679570633637,0.0002245903,0.0008824625
-0.27663748510732633,0.0008403063,0.0008817741
-0.2765616360758178,-0.000523448,0.00088119763
-0.27654641633778254,0.0009768009,0.0008832228
-0.27646545660516975,0.0008929968,0.0008813962
-0.27642091290505266,-0.00014597178,0.00088218163
-0.2763127825747693,1.1444092e-5,0.00088198954
-0.27629963965806764,0.00071418285,0.0008830266
-0.2761918893746725,0.0002220869,0.0008821262
-0.2761710837851599,1.5497208e-6,0.00088185706
-0.2760953325419886,0.00031340122,0.0008824581
-0.27603972836221163,-0.00067424774,0.00088212197
-0.2760092850511814,6.425381e-5,0.00088257185
-0.27600297205249896,0.000341177,0.0008817754
-0.2759334419168658,-2.759695e-5,0.0008817076
-0.2759181931128818,-0.0009756088,0.0008832222
-0.27583720726265964,-0.00058048964,0.00088124524
-0.27579268209744434,-0.00017350912,0.0008820659
-0.2756845408144525,0.0004092455,0.00088191044
-0.27567141853921173,0.00010347366,0.0008823455
-0.2755636758381128,-2.5629997e-6,0.00088181207
-0.2755428487652562,-0.00024181604,0.0008824319
-0.2754671257462533,-0.00014805794,0.00088215846
-0.2754114996609567,-0.00026756525,0.0008818829
-0.27538108457378635,7.557869e-5,0.000881855
-0.275374713442178,0.00030958652,0.0008817274
-0.2753052477581195,0.00014781952,0.00088117126
-0.27528996988798105,0.00043976307,0.00088372757
-0.2752089583415025,0.0003554821,0.00088217587
-0.2751644512899388,0.00012350082,0.00088205544
-0.2750562990545471,0.00088346004,0.00088280404
-0.27504319784140024,-0.00085788965,0.00088262587
-0.2749354623019645,-0.00030565262,0.0008820601
-0.27491461374494114,-4.2915344e-5,0.0008821457
-0.27483891894969537,-2.7954578e-5,0.00088246877
-0.274783270959496,-0.00040972233,0.0008821643
-0.27475288451723,-4.452467e-5,0.00088182435
-0.27474645483206267,0.0005156994,0.0008812343
-0.2746770535992704,-0.00018423796,0.0008816478
-0.27466174624141887,0.00035500526,0.00088359084
-0.27458070942003676,2.193451e-5,0.00088132836
-0.2745362200611833,0.0011483431,0.00088168576
-0.2744280572948474,0.00031542778,0.00088152837
-0.27441497672295573,0.00093507767,0.0008824736
-0.27430724876581614,-0.00052011013,0.0008823615
-0.2742863783037873,-0.00067448616,0.0008820351
-0.27421071215313736,-0.0009521842,0.0008816692
-0.2741550422583439,-0.0007969141,0.0008826154
-0.27412468403983503,0.00015962124,0.000881515
-0.27411819622205025,0.0009280443,0.00088155415
-0.27404885944021556,-0.00051754713,0.0008815868
-0.2740335230165181,0.0020416975,0.0008841275
-0.27395246007732094,0.00034105778,0.00088171504
-0.27390798925357496,0.0009328127,0.0008824093
-0.2737998151134863,-5.567074e-5,0.00088133407
-0.2737867556040998,-0.001172483,0.000882889
-0.2736790352293593,-5.00679e-5,0.0008821562
-0.2736581432838836,0.00047934055,0.0008826743
-0.27358250535699075,8.46386e-6,0.0008819469
-0.27352681355708897,-0.00031656027,0.0008827137
-0.2734964839838958,-0.0011613369,0.00088187354
-0.2734899376124491,0.0005888939,0.000881475
-0.27342066528188064,-3.886223e-5,0.00088127615
-0.2734052997919259,-0.00065732,0.0008829207
-0.2733242111563694,0.00078344345,0.00088143523
-0.27327975844606944,-0.00015443563,0.0008822156
-0.2731715733531695,0.00048327446,0.0008818855
-0.2731585349062884,0.00065493584,0.00088208006
-0.2730508216931082,4.518032e-5,0.00088331674
-0.2730299082638771,2.1457672e-5,0.0008824222
-0.27295429856084413,0.0007959604,0.0008820671
-0.27289858485562835,0.0004003048,0.0008822081
-0.27286828392754514,-0.0001810193,0.0008822981
-0.2728616790021281,0.00054359436,0.0008809663
-0.27279247112292865,-0.00042825937,0.00088143867
-0.27277707614546653,-0.0008262396,0.00088340184
-0.27269596223521225,0.00054597855,0.00088152726
-0.27265152763856393,0.0009886026,0.00088228437
-0.2725433315932641,0.00014257431,0.00088175153
-0.27253031378763815,-0.001283586,0.00088209176
-0.27242260815737124,-0.0011095405,0.00088269403
-0.27240167282262046,-9.280443e-5,0.00088310905
-0.2723260917646975,0.0004119873,0.00088219903
-0.2722703561544762,-0.00054579973,0.0008823065
-0.2722400834497387,-0.0014105439,0.0008808977
-0.27223342039191,0.00016486645,0.00088168663
-0.2721642769638738,5.00679e-6,0.00088188285
-0.27214885292015445,-0.00046736002,0.0008824235
-0.27206771289280496,-0.0004861951,0.0008821014
-0.2720232964097055,-1.5676022e-5,0.00088241603
-0.2719150898333587,-0.00031793118,0.00088126515
-0.27190209309023805,-0.0010115504,0.0008822965
-0.27179439504206165,5.6266785e-5,0.0008825246
-0.27177343780251106,0.0008339882,0.0008827685
-0.2716978849681395,-0.0012432337,0.0008817065
-0.27164212703207397,5.6266785e-5,0.0008822197
-0.2716118833935938,0.0010257959,0.00088278024
-0.2716051617823089,3.9339066e-6,0.0008820929
-0.2715360828055389,0.0010328293,0.00088143646
-0.2715206296952537,-0.0005657673,0.00088316447
-0.27143946397164775,0.0015670061,0.000881867
-0.27139506560220006,5.7458878e-5,0.0008822696
-0.2712868480734533,-0.0004643798,0.00088217796
-0.2712738719715878,0.0005514622,0.00088294415
-0.271166181505502,-0.00060993433,0.000881621
-0.27114520278250454,-0.000333488,0.0008810621
-0.271069678593243,0.00016629696,0.00088177103
-0.2710138983305105,0.0003311634,0.0008822955
-0.27098368291578745,0.0013524294,0.0008815977
-0.2709769031723993,0.0008739233,0.00088099367
-0.27090788864658694,-0.00026762486,0.00088183413
-0.27089240647035295,0.0018267632,0.00088342855
-0.2708112150500792,-0.00039672852,0.0008813385
-0.27076683479469454,-9.2208385e-5,0.00088187546
-0.27065860631313654,0.0006366968,0.00088215247
-0.2706456512737764,0.00036346912,0.0008820157
-0.2705379679693537,-0.0005425811,0.00088193425
-0.270516967762498,0.00034868717,0.00088192866
-0.2704414717970964,-0.00037109852,0.0008825284
-0.2703856696293584,0.0002734661,0.000882208
-0.2703554828596425,0.0003502369,0.0008821044
-0.2703486445624897,1.9073486e-5,0.0008811663
-0.2702796944875321,-0.0002413392,0.0008809687
-0.27026418282420206,-0.0004864931,0.00088378624
-0.2701829657076719,-8.34465e-6,0.0008824402
-0.27013860398729195,-0.00094753504,0.00088220957
-0.27003036455323115,0.00029623508,0.0008837909
-0.27001743015512614,0.00043416023,0.000883251
-0.26990975443289683,0.00021111965,0.00088257703
-0.2698887323211385,0.0001655817,0.0008822796
-0.26981326500053837,-0.00029605627,0.0008817575
-0.26975744092820625,1.1444092e-5,0.0008824069
-0.26972728280349756,-0.00026714802,0.0008817386
-0.2697203859521687,-2.759695e-5,0.0008816663
-0.2696515003288886,0.00084733963,0.0008815696
-0.26963595959889,0.00070488453,0.00088368444
-0.26955471678672044,0.0014448166,0.0008820114
-0.2695103727583307,0.0008443594,0.00088211877
-0.2694021227935315,-0.00071662664,0.0008817201
-0.26938920945772604,0.00032508373,0.00088200974
-0.2692815408966457,0.00021672249,0.0008821394
-0.2692604973012348,0.0014650822,0.00088278996
-0.26918505820439176,-3.0398369e-5,0.00088168774
-0.2691292122269513,0.0010368824,0.000882807
-0.26909908232569113,9.179115e-5,0.00088177464
-0.26909212734184773,6.067753e-5,0.00088114425
-0.2690233061702452,0.0013085604,0.00088143913
-0.2690077363739892,-0.0011700392,0.00088332494
-0.26892646786535757,-0.00022083521,0.00088118116
-0.26888214195061944,0.0005893707,0.0008822156
-0.26877388103331756,0.00075626373,0.0008824343
-0.26876098833866446,0.0005888939,0.0008827899
-0.26865332778174744,0.0012437105,0.0008824814
-0.2686322622812283,0.00028932095,0.00088251475
-0.26855685140824515,-0.00055754185,0.0008819519
-0.2684708822695462,-0.0002053976,0.00088220095
-0.26839511201160177,-0.0004079342,0.0008818171
-0.2683795131492942,0.00051903725,0.0008832944
-0.2682982185225389,-0.00048452616,0.000881497
-0.2682539111434225,-5.877018e-5,0.0008821505
-0.26814563969435373,0.00037300587,0.0008820342
-0.26813276764126437,0.0002579689,0.0008823078
-0.26802511424559916,-9.983778e-5,0.0008822227
-0.26800402726122174,0.0004541874,0.0008821456
-0.2679286446116872,-0.00024992228,0.00088233536
-0.26787275482392714,0.00015890598,0.00088216766
-0.2678426822134013,-0.00028979778,0.00088187505
-0.2678356105435871,-2.0861626e-6,0.0008814971
-0.2677669178525469,0.0009263754,0.0008819723
-0.2677512895029377,-0.0012406111,0.00088307826
-0.2676699696013817,-0.0007095337,0.0008810408
-0.26762568033601986,0.0010173321,0.00088257156
-0.26751739793444834,-0.00046479702,0.0008820386
-0.26750454652261413,-0.000620842,0.0008821962
-0.2673969007094509,0.000121712685,0.0008821839
-0.2673757918200679,0.0008547306,0.00088176713
-0.2673004382367906,0.0010621548,0.0008818239
-0.2672445261230836,-0.00048536062,0.00088279933
-0.26721448173600626,-0.0005301833,0.0008814708
-0.267207351933369,-0.00037014484,0.0008812782
-0.26713872369390346,5.5789948e-5,0.0008810975
-0.2671230662776255,1.1444092e-5,0.00088243495
-0.2670417206802245,-0.0012239218,0.00088139024
-0.26699744952830873,-6.425381e-5,0.00088196807
-0.26688915617454295,0.00073325634,0.00088222546
-0.26687632582480264,0.0008023977,0.0008822626
-0.26676868717289115,-0.00064116716,0.0008824433
-0.2667475567998557,-0.00031769276,0.00088176393
-0.266672231440644,0.0014330149,0.0008823199
-0.26661629742182863,0.0006006956,0.00088255113
-0.26658628167945,8.46386e-6,0.0008810905
-0.26657909332345936,0.00023829937,0.0008814343
-0.26651052953526,-0.0013042092,0.0008817255
-0.2664948430527248,0.0010792017,0.00088331406
-0.2664134717590673,-0.00029671192,0.0008819806
-0.2663692187208032,0.00061666965,0.00088240375
-0.2662609144145347,-0.0004657507,0.0008815806
-0.26624810470615246,-0.00039935112,0.00088224467
-0.26614047405799296,0.00031483173,0.0008820968
-0.2661193217798491,0.00045704842,0.00088195223
-0.26604402464418886,0.0003452301,0.0008819741
-0.2659880687204708,0.0015275478,0.0008827885
-0.2659580816229965,-0.0008366704,0.0008812359
-0.2659508347134469,0.00015461445,0.0008820877
-0.2658823353762052,-0.000887692,0.0008809788
-0.2658666194061626,0.0005759001,0.00088321755
-0.2657852228374988,0.00012111664,0.0008813642
-0.26574098791340056,-0.0004338026,0.0008816655
-0.2656326726543208,0.00046813488,0.0008824384
-0.26561988400875236,8.356571e-5,0.000882672
-0.2655122605215361,-0.00044482946,0.00088178006
-0.2654910867599454,-0.0014235973,0.00088169234
-0.26541581784793944,0.00048744678,0.00088237075
-0.2653598400193187,0.00024461746,0.00088262657
-0.26532988114591,1.9550323e-5,0.0008818324
-0.26532257610343446,-9.214878e-5,0.0008809244
-0.26525414121756175,-0.000980258,0.0008814124
-0.2652383961812618,-0.00014734268,0.0008830754
-0.2651569734950915,-0.0007869005,0.00088128005
-0.2651127571056894,-0.0004594326,0.00088280207
-0.2650044308944154,-0.0007570982,0.00088140747
-0.2649916628901021,8.46386e-6,0.000882598
-0.2648840469850793,0.00042164326,0.00088275445
-0.2648628513184831,-0.0006683469,0.00088154426
-0.26478761147304286,-0.0007033348,0.00088206155
-0.2647316113180638,0.00043666363,0.00088213576
-0.26470168108935366,0.0005220175,0.0008820206
-0.2646943174935248,-0.0012543201,0.00088125473
-0.26462594705850695,0.00034463406,0.0008810874
-0.26461017295636113,0.00023186207,0.0008830605
-0.2645287245739343,-0.0002645254,0.00088165887
-0.2644845258767281,3.1113625e-5,0.0008822649
-0.2643761891347157,0.00010228157,0.00088240596
-0.26436344219259916,-0.00033140182,0.00088219676
-0.26425583344913667,0.00068461895,0.000882184
-0.26423461629847655,0.000611186,0.00088235224
-0.2641594046765877,-0.00040251017,0.0008816849
-0.26410338261680877,-4.1544437e-5,0.0008829994
-0.2640734810329002,0.00063097477,0.0008819255
-0.26406605930465965,-1.5318394e-5,0.00088134396
-0.26399775289965777,0.0003219843,0.0008813011
-0.2639819497314604,6.484985e-5,0.00088283274
-0.26390047565267427,-0.00015419722,0.00088151
-0.2638562950693255,8.46386e-6,0.0008819902
-0.26374794737481033,0.00035583973,0.00088208844
-0.26373522107364045,0.0004903078,0.0008819852
-0.26362762033392995,-0.00074899197,0.0008822428
-0.26360638127857283,-0.0006774068,0.00088192883
-0.2635311978801326,-0.0002143979,0.00088148704
-0.263475153915451,7.247925e-5,0.00088273146
-0.2634452809770638,0.00012552738,0.0008822877
-0.2634378006946472,-0.0011535883,0.0008809091
-0.26336955874122003,0.0011470318,0.0008814554
-0.2633537260853095,0.0001770258,0.00088286615
-0.26327222673141426,0.00095009804,0.0008817164
-0.2632280642621285,-0.00010496378,0.0008825029
-0.26311970561449355,-0.00066405535,0.0008824264
-0.26310700037624035,0.00079643726,0.00088259595
-0.2629994067974731,-0.00033581257,0.0008818126
-0.26297814625866917,-0.0009974241,0.000882627
-0.26290299108398596,0.0003925562,0.0008829037
-0.26284692521388753,0.00020825863,0.0008821725
-0.26281708049925745,0.0005494356,0.0008814852
-0.2628095420846347,0.0016556978,0.0008816422
-0.26274136458216524,0.0002849102,0.00088121195
-0.2627255028599974,-0.00074261427,0.00088378525
-0.26264397781005133,-0.00039726496,0.0008818233
-0.26259983345441734,-0.00024330616,0.0008824229
-0.26249146385458816,-0.00013053417,0.0008822254
-0.2624787796784288,-9.5427036e-5,0.00088263967
-0.26237119326153047,0.00045478344,0.00088194833
-0.2623499112387655,0.0008920431,0.0008821894
-0.26227478470929516,0.0010968447,0.00088205497
-0.26221869651294105,0.0005928278,0.00088259846
-0.262188880442804,0.00085902214,0.00088199443
-0.2621812834747251,-0.001079917,0.0008821315
-0.2621131708445662,0.0002424717,0.0008813476
-0.26209727963509666,-0.00080651045,0.000883014
-0.2620157288887913,0.0008056164,0.0008819669
-0.26197160264670616,0.0014667511,0.0008829418
-0.26186322251593286,-0.00040125847,0.00088205776
-0.26185055855936723,0.00011241436,0.0008829336
-0.2617429801466322,-0.00012177229,0.0008822858
-0.2617216762184504,-0.00072818995,0.0008818173
-0.26164657791283996,-3.4570694e-6,0.00088264805
-0.26159046781178896,-0.0009787083,0.0008827519
-0.2615606803865562,-0.0001834631,0.000881395
-0.2615530252860656,-0.0007638335,0.00088155357
-0.2614849766861284,-0.0004887581,0.00088166416
-0.2614690564101959,0.0011576414,0.00088310725
-0.2613874795466926,2.1100044e-5,0.0008809535
-0.2613433722607593,0.00045216084,0.00088140974
-0.26123498075602747,-0.0010504127,0.0008817221
-0.26122233786237853,0.000595212,0.0008824571
-0.2611147666101754,-0.00015574694,0.00088189717
-0.2610934411985467,-0.0003427267,0.0008817121
-0.2610183711163848,-0.0009150505,0.0008820661
-0.26096223911032834,0.00020468235,0.0008828206
-0.2609324803304113,-8.916855e-5,0.00088167813
-0.2609247666757446,-0.0005662441,0.0008813445
-0.260856782527485,0.00033020973,0.0008814485
-0.2608408331848838,0.0008929968,0.00088404707
-0.260759230625124,0.0007081032,0.0008820997
-0.2607151414533567,-0.00023782253,0.0008818988
-0.26060673899571074,5.5909157e-5,0.00088172825
-0.2605941171649784,0.00029456615,0.00088174007
-0.2604865530737186,8.46386e-6,0.00088239857
-0.26046520575739285,0.00017249584,0.0008816908
-0.260390164741694,0.0004491806,0.0008818215
-0.26033401040907334,-0.00028961897,0.00088245276
-0.2603042798530162,-0.00029444695,0.0008813788
-0.260296508065835,0.00046908855,0.0008816723
-0.26022858836843016,-0.00034058094,0.0008812475
-0.26021260953873293,0.001070261,0.00088306353
-0.26013098170376114,-0.0001065135,0.0008814475
-0.2600869106455427,0.0019034147,0.0008833161
-0.2599784972354968,-0.00011253357,0.00088149233
-0.2599658960459168,8.46386e-6,0.0008828353
-0.25985833995882035,8.666515e-5,0.0008822084
-0.2598369707370778,-4.2915344e-5,0.00088210724
-0.2597619579452389,-0.00024074316,0.00088144303
-0.2597057821291714,-0.000559628,0.0008823737
-0.25967607979656276,0.000395298,0.00088110706
-0.25966824945592537,-0.000315845,0.0008813777
-0.25960039420958103,-0.00020945072,0.00088091614
-0.2595843863138322,-7.110834e-5,0.0008832131
-0.25950273278280966,0.00030958652,0.0008817729
-0.25945867983793436,-0.00025606155,0.0008821586
-0.25935025547589996,1.1444092e-5,0.000881861
-0.2593376753485167,-0.00056785345,0.00088232325
-0.2592301264225692,2.6106834e-5,0.0008827789
-0.2592087357171741,0.0002901554,0.0008824936
-0.25913375114878373,-0.0005643964,0.00088161736
-0.25907755342801925,-0.0010078549,0.0008824576
-0.25904787974031496,-5.51939e-5,0.0008815251
-0.25903999126726585,0.0005117655,0.0008817273
-0.2589722000508347,-0.00083494186,0.0008811216
-0.25895616308882863,-0.0010913014,0.0008830077
-0.25887448386165246,0.0005505085,0.0008815933
-0.25883044903042884,0.0009857416,0.0008817986
-0.25872201371599457,-0.0019257665,0.0008814734
-0.2587094546511166,-0.0005707741,0.00088192895
-0.25860191288611234,-0.00017976761,0.00088263757
-0.25858050069727045,6.3061714e-5,0.0008824762
-0.2585055447738872,-0.0005544424,0.00088186126
-0.25844932472655857,0.00085890293,0.00088230096
-0.25841967968417007,0.00050520897,0.000882342
-0.25841173265735623,-0.0005630851,0.00088121585
-0.2583440058920884,-0.00020456314,0.00088146253
-0.2583279398638251,-0.0003259182,0.000882927
-0.2582462349400839,-0.0012857318,0.0008815488
-0.2582022182229234,0.0011856556,0.0008827113
-0.2580937723769279,-0.00028657913,0.0008815093
-0.25808123353205503,-0.0007954836,0.00088243594
-0.2579736997712142,-0.0010461211,0.0008813307
-0.25795226567736673,-0.0003322959,0.00088242965
-0.2578773379776378,8.46386e-6,0.00088211324
-0.25782109602509795,0.00071167946,0.0008827127
-0.2577914796277166,0.00078475475,0.00088178145
-0.2577834744682853,-0.0008470416,0.0008810635
-0.2577158117332393,-1.6212463e-5,0.0008809585
-0.2576997162174685,-0.00018411875,0.0008828663
-0.2576179860186182,0.00013446808,0.0008819926
-0.257573987415315,0.00053048134,0.0008821406
-0.25746553061661115,-0.00025969744,0.0008817117
-0.25745301283424354,-0.0001630187,0.00088194176
-0.25734548623527154,0.0005750656,0.00088249746
-0.257324030657463,-4.684925e-5,0.0008825404
-0.25724913118138826,0.00039219856,0.00088214624
-0.25719286732415153,-0.00065362453,0.00088231405
-0.25716327957146884,-0.00041270256,0.0008817478
-0.25715521585837575,-0.0010585785,0.0008811011
-0.257087617574493,0.00064587593,0.0008817486
-0.2570714929925678,0.001386404,0.0008835287
-0.2569897370973582,0.00054705143,0.0008814081
-0.2569457566079124,-0.0004041195,0.0008814635
-0.25683728885670576,0.00021922588,0.0008819282
-0.25682479213684345,-0.0009160042,0.00088232895
-0.25671727311996195,0.0011948347,0.00088228495
-0.25669579563714795,0.00023257732,0.0008818551
-0.25662092480628607,0.0006996393,0.00088156346
-0.2565646386229994,6.4492226e-5,0.00088241906
-0.2565350790938681,5.221367e-5,0.00088144105
-0.2565269572486718,0.00023567677,0.00088118215
-0.2564594234157467,0.00077295303,0.00088196347
-0.2564432697672557,0.00045478344,0.0008838156
-0.25636148817661236,-8.0525875e-5,0.0008815009
-0.25631752580071543,0.0010755062,0.0008825048
-0.25620904709721176,-0.0002978444,0.000881888
-0.25619657143975183,0.00026798248,0.0008816798
-0.25608905958360795,-0.0011885166,0.00088167173
-0.2560675606172442,-0.00025570393,0.00088258565
-0.25599271801003665,0.00065016747,0.00088224164
-0.25593640992143596,1.8954277e-5,0.0008820569
-0.2559068790373118,0.0010061264,0.0008812975
-0.2558986990598066,0.0005425215,0.0008811764
-0.25583122967814764,-0.0007892251,0.00088108995
-0.25581504654194354,-0.00042259693,0.0008826215
-0.2557332392553523,-0.0014574528,0.0008810294
-0.25568929541415153,-0.0002630949,0.0008822523
-0.2555808057581451,-0.00059223175,0.00088225456
-0.2555683503207931,-0.00027251244,0.00088147254
-0.25546084604735686,-0.00054097176,0.00088138215
-0.25543932559734056,8.738041e-5,0.0008817881
-0.25536451121378717,-0.00044369698,0.00088284904
-0.2553081812202838,-0.0002554059,0.0008824019
-0.2552786789813726,0.00044953823,0.00088149554
-0.25527044044948566,-0.00026535988,0.00088107435
-0.2552030355194014,-0.00083333254,0.0008808309
-0.2551868228962041,-0.0010621548,0.0008826987
-0.2551049903338866,0.00020933151,0.0008817667
-0.2550610646065432,0.00037527084,0.0008831964
-0.2549525639978283,0.00053441525,0.00088163774
-0.2549401296229816,0.0005671978,0.0008823593
-0.2548326329321501,0.0010522604,0.00088227296
-0.25481109057702545,4.2557716e-5,0.000882365
-0.2547363048386849,0.00014960766,0.0008819501
-0.2546799529403818,-0.00031292439,0.00088266644
-0.2546504789250219,-0.0004553795,0.0008814225
-0.25464218226082613,3.540516e-5,0.0008807363
-0.2545748413606551,-0.00017768145,0.0008811575
-0.25455859967120054,0.00033783913,0.0008832316
-0.254476741412318,-0.0007493496,0.0008821674
-0.2544328337990377,-0.00024574995,0.0008819077
-0.25432432223833434,0.0004671812,0.0008820543
-0.2543119089259929,8.46386e-6,0.00088219985
-0.2542044193960018,0.00035870075,0.0008821388
-0.2541828555571218,-0.00057286024,0.0008831134
-0.2541080980425383,0.0003336668,0.0008829897
-0.2540517242392297,-0.00079107285,0.00088276004
-0.2540222788684656,-0.0003646016,0.0008818646
-0.25401392365091646,0.0007727146,0.0008813923
-0.25394664720180593,-0.0006503463,0.00088109233
-0.25393037644599126,-0.00061172247,0.00088328664
-0.25384849249116087,0.0003311634,0.0008817181
-0.25380460299153224,0.0006303787,0.0008821283
-0.2536960804783261,0.0010271072,0.00088178075
-0.25368368822818144,-0.00051242113,0.0008825257
-0.25357620628110356,0.00074362755,0.0008818931
-0.2535546205372181,0.00021636486,0.00088161137
-0.25347989166723045,0.0014066696,0.0008821983
-0.2534234955376662,0.00063204765,0.0008821836
-0.2533940788125264,6.1154366e-5,0.00088166253
-0.25338566546246266,0.0010687113,0.00088135985
-0.2533184530431625,0.0014418364,0.00088287453
-0.2533021532210905,-0.00022894144,0.0008832106
-0.25322024357031225,-0.0003668666,0.0008820468
-0.25317637260537973,-0.0009173751,0.0008816611
-0.25306783913936226,0.00029051304,0.0008814417
-0.25305546710911986,-0.0009525418,0.000882059
-0.2529479927448524,-0.00057178736,0.0008825977
-0.2529263855173144,0.0010765791,0.0008816567
-0.25285168487067244,-0.00044357777,0.0008819717
-0.2527952668363084,-3.1113625e-5,0.00088281813
-0.25276587875638146,-0.0016359687,0.00088098325
-0.25275740685224457,-0.00038427114,0.00088203605
-0.2526902588844162,-0.0013234615,0.00088124006
-0.2526739299960869,0.0002065897,0.0008827429
-0.2525919946488465,0.00012946129,0.0008813687
-0.2525481417976685,-0.002087295,0.00088170933
-0.25243959737945687,-0.00013530254,0.0008815399
-0.25242724641171976,0.0006850958,0.00088186975
-0.25231977962985136,-0.0005618334,0.0008821374
-0.25229815049730786,0.00043547153,0.00088202045
-0.2522234784961873,-0.0011714697,0.00088183716
-0.252167038135362,5.4121017e-5,0.000882735
-0.25213767870003084,0.0013048649,0.00088173785
-0.2521291486632765,-0.00016903877,0.0008820593
-0.25206206514671436,-0.00061798096,0.0008820976
-0.25204570634983325,-8.8989735e-5,0.00088306854
-0.251963745727278,0.00020718575,0.00088129326
-0.25191991099016303,-1.3232231e-5,0.0008819771
-0.2518113556194487,0.0006953478,0.00088227104
-0.25179902571431967,-8.893013e-5,0.00088197924
-0.2516915660934974,0.0003912449,0.00088200654
-0.2516699154770956,-0.0007138252,0.00088167307
-0.2515952716999379,-0.00086563826,0.00088198786
-0.25153880985545995,-0.00026398897,0.0008822485
-0.25150947822222447,-0.0004273057,0.0008826008
-0.25150089005357257,0.00034797192,0.00088180706
-0.2514338709880709,0.0004285574,0.00088162837
-0.2514174831247268,-0.00038659573,0.00088283146
-0.2513354968064293,0.00027740002,0.0008812222
-0.2512916806040105,-0.00030732155,0.00088225596
-0.2511831142806905,0.00039970875,0.0008818464
-0.2511708050169195,0.0003170967,0.0008822775
-0.25106335297849636,-0.00025433302,0.00088184734
-0.2510416804571919,0.0008454323,0.00088223716
-0.2509670653247328,0.0011621714,0.0008825335
-0.25091058115389653,-0.0014975071,0.0008819025
-0.2508812781660795,0.00011599064,0.0008816132
-0.25087263186491304,0.00029337406,0.0008817713
-0.2508056768293246,0.0003889799,0.0008813568
-0.2507892598994147,9.36985e-5,0.00088311813
-0.2507072478851693,0.00095140934,0.0008820704
-0.2506634497964022,-0.00024932623,0.00088235
-0.25055487252057945,-0.0006430149,0.0008814352
-0.25054258431910803,-0.0015771985,0.00088192103
-0.2504351394420395,-0.00015872717,0.00088192866
-0.2504134454372882,0.00030970573,0.0008824468
-0.2503388585285862,6.318092e-5,0.0008823338
-0.2502823524527444,-2.527237e-5,0.0008826454
-0.2502530781099346,0.00073063374,0.0008815223
-0.2502443732550034,0.0010086298,0.000882081
-0.2501774826703726,0.00025105476,0.0008816315
-0.2501610366748225,0.0003130436,0.0008832149
-0.25007899896380636,3.5881996e-5,0.0008815441
-0.2500352189888967,0.0012403727,0.00088249607
-0.24992663076026267,-0.0016037822,0.00088102254
-0.24991436362170794,0.0004963875,0.00088209123
-0.2498069263267299,0.00025999546,0.0008820711
-0.24978521041697313,-0.0011848211,0.0008814274
-0.24971065173233672,0.00071048737,0.0008820849
-0.24965412375159227,0.0011589527,0.00088282384
-0.2496248780533783,0.00027143955,0.000881717
-0.24961611506593256,0.0008928776,0.0008811566
-0.24954928851131777,0.0007466078,0.0008817951
-0.24953281344981887,0.0005759001,0.00088320766
-0.2494507500426492,0.0005567074,0.0008827763
-0.24940698860264132,-0.0005066395,0.0008823492
-0.24929838942191593,-0.00026905537,0.0008817674
-0.24928614292430784,-3.504753e-5,0.0008820888
-0.24917871279099296,0.00043427944,0.000883097
-0.24915697539706944,-0.00072574615,0.00088256685
-0.24908244535713167,-0.00019782782,0.00088166946
-0.24902589547127887,-0.00017309189,0.00088204833
-0.24899667799723335,8.46386e-6,0.00088145776
-0.2489878568769645,-0.000782609,0.0008809286
-0.24892109477392443,0.0019010305,0.0008824925
-0.24890458980346236,0.00062060356,0.0008846547
-0.24882250112138918,0.0009391308,0.0008819432
-0.24877875779503297,0.0015778542,0.0008823975
-0.2486701476619077,0.00089228153,0.0008824945
-0.24865792180524623,-0.0010573268,0.0008817853
-0.24855049967599194,-0.00027424097,0.00088247104
-0.24852874037716574,-0.0007583499,0.00088138273
-0.2484542385605737,0.00031113625,0.000882405
-0.24839766676981823,-0.00049489737,0.00088290905
-0.24836847794108843,0.0021119118,0.00088179886
-0.24835959826736342,-0.00024008751,0.00088080164
-0.24829290061528098,-1.347065e-5,0.0008814403
-0.24827636657845878,-0.00022357702,0.0008832979
-0.24819425220012914,-0.00033706427,0.0008816305
-0.2481505269875275,1.9431114e-5,0.0008818815
-0.2480419059020023,-0.0003607273,0.00088167493
-0.24802970110784614,7.212162e-5,0.0008823299
-0.2479222861395351,0.00040102005,0.00088265305
-0.2479005053571592,0.00033187866,0.0008821196
-0.24782603218567717,-0.00015807152,0.0008815538
-0.24776943806856327,0.00030124187,0.00088352186
-0.24774027788453212,-0.0008814335,0.00088076334
-0.24773134007870393,-0.00018829107,0.00088157423
-0.24766470645622615,-0.00036084652,0.0008820416
-0.24764814335345517,-0.0002657175,0.00088295306
-0.24756600370001638,-0.0003169775,0.00088133215
-0.24752229660127212,-0.00030368567,0.00088260445
-0.24741366456303848,-2.3543835e-5,0.000882859
-0.24740148041044605,-0.00071781874,0.0008821768
-0.24729407302463688,-0.0011990666,0.0008820952
-0.24727227033715266,5.1140785e-5,0.0008817642
-0.2471978253898391,0.00039494038,0.0008821493
-0.24714120936782255,0.0003709793,0.00088219554
-0.2471120778283872,-0.0006149411,0.0008820314
-0.24710308146838292,-0.00051760674,0.00088186003
-0.24703651229758272,0.00035429,0.00088164216
-0.24701992012855445,-0.0003784895,0.0008830862
-0.24693775477844782,-0.000305295,0.0008815113
-0.24689406579386947,0.00057816505,0.00088260276
-0.24678542280282456,0.00063312054,0.0008817979
-0.24677325971263456,-0.00036609173,0.00088179903
-0.24666585990963583,0.0013684034,0.00088234077
-0.24664403531704326,0.00020134449,0.0008820596
-0.24656961901463403,-0.00016850233,0.0008820265
-0.24651298108750916,-0.00028800964,0.0008827098
-0.24648387777224226,0.001765132,0.00088153774
-0.24647482327972342,-0.0006403923,0.0008810534
-0.2464083181392478,8.46386e-6,0.00088175636
-0.24639169690334517,-0.001000762,0.0008833564
-0.2463095058574963,0.0001885891,0.000881665
-0.24626583540771693,-0.0005556941,0.00088197784
-0.24615718146437499,-0.0003913641,0.0008815923
-0.24614503901523443,2.014637e-5,0.0008824578
-0.246037646373179,-0.0008291602,0.0008815342
-0.24601580029703674,-0.00031006336,0.00088257884
-0.24594141263932615,0.0006607771,0.0008831111
-0.2458847523860485,-0.00028544664,0.00088301377
-0.24585567771568595,-0.0007817149,0.00088128075
-0.24584656509106392,-0.0011365414,0.000881999
-0.24578012440154592,0.00037109852,0.0008816673
-0.2457634736781359,0.0015201569,0.00088348245
-0.24568125693633913,-0.0005120635,0.00088197086
-0.24563760459990291,-0.0011403561,0.0008822496
-0.2455289397044696,0.00036525726,0.0008820122
-0.24551681831783434,0.00073230267,0.00088251
-0.2454094332578694,-0.00077080727,0.00088172685
-0.2453875652770302,-0.00095432997,0.00088174426
-0.24531320584348806,-0.0009636283,0.0008817269
-0.24525652368520492,0.0006891489,0.0008823603
-0.24522747765954103,-8.916855e-5,0.0008811231
-0.2452183064811543,1.1444092e-5,0.0008823566
-0.2451519302424911,0.00039470196,0.0008810488
-0.24513525003219075,0.0005277395,0.00088357984
-0.24500937421375038,0.0004569292,0.00088237954
-0.2449006979441528,0.0014653206,0.00088254444
-0.24488859762043425,0.0009983778,0.0008828046
-0.2447812197217211,-0.0005686879,0.000881818
-0.24475933025692082,-0.0006917715,0.00088162033
-0.244684999468283,0.0011365414,0.00088225206
-0.24462829540530293,-0.001034975,0.0008821531
-0.24459927760339611,0.0003221035,0.0008817508
-0.24459004829239195,-0.0005598664,0.0008814941
-0.24452373608384764,-0.0006350279,0.0008818905
-0.24450702680698147,0.00045895576,0.00088303076
-0.24438114340603923,0.0018744469,0.00088287995
-0.24427245660549754,0.00053584576,0.0008823318
-0.24426037692303412,-0.0002515316,0.0008819754
-0.2441530066070286,0.0004631281,0.00088175305
-0.24413109523701712,0.0004478693,0.000882074
-0.24405679267172503,2.3841858e-6,0.0008825535
-0.24400006670373944,0.0011725426,0.0008827251
-0.2439710775468398,0.0013614893,0.0008818807
-0.2439617901034239,7.8201294e-5,0.0008813349
-0.24389554192479282,-0.00039970875,0.0008815963
-0.2438788035817722,0.00025832653,0.0008833802
-0.24379651059350063,0.00076651573,0.0008814987
-0.24375291301957816,0.0008612871,0.0008817452
-0.24364421484559215,-0.0007520914,0.0008824389
-0.24363215622522266,0.00077438354,0.0008825754
-0.24352479349192468,2.7418137e-6,0.0008818394
-0.24350286063826068,0.00040519238,0.0008824868
-0.2434285862968285,0.00035429,0.0008818815
-0.24337183800217593,-0.0007274151,0.0008825766
-0.24334287749069486,0.0014703274,0.0008823899
-0.2433335319147644,7.6413155e-5,0.00088127085
-0.24326734818739948,0.0005571842,0.0008814169
-0.24325058035707714,-0.0014814734,0.00088213914
-0.24316826167254912,-9.75728e-5,0.00088147406
-0.2431246822123812,-0.0004172325,0.0008820138
-0.24301597350693688,0.0003272295,0.000882348
-0.24300393552782254,-7.593632e-5,0.0008818705
-0.242896579955365,-0.00064337254,0.0008817209
-0.24287462561825413,-7.4505806e-5,0.00088168134
-0.24280037950027053,-0.00016409159,0.0008821229
-0.24274360972227393,-0.0003553033,0.0008824616
-0.24271467743454994,-0.00029057264,0.000881365
-0.24270527330475195,0.00077056885,0.0008815916
-0.24263915402875602,0.0008081198,0.0008815011
-0.24262235713217642,0.00144279,0.00088359445
-0.24254001275139195,1.1444092e-5,0.00088159484
-0.24249645182622867,0.00082838535,0.0008819197
-0.2423877317470315,-0.0015838146,0.00088204414
-0.24237571483001105,-0.00035971403,0.0008823828
-0.2422683668406725,-0.0011808276,0.00088171294
-0.24224639059835043,-8.457899e-5,0.00088226085
-0.242172173125374,-0.00075769424,0.0008812475
-0.24211538102153318,1.1444092e-5,0.0008823746
-0.24208647737799366,-0.0012360215,0.00088092656
-0.24207701511598956,-0.0004428625,0.000880921
-0.24201095986970123,-0.001096189,0.0008810953
-0.2419941339069671,0.0015307665,0.00088384113
-0.24191176382982338,1.1444092e-5,0.0008811524
-0.24186822101851746,0.0013346672,0.0008822696
-0.24175949040796485,0.0012205839,0.00088245125
-0.2417474941323024,0.00011587143,0.0008818684
-0.24164015330431848,0.0012851954,0.00088315405
-0.2416181555781382,1.1444092e-5,0.0008821986
-0.2415439667504775,0.00020086765,0.00088132295
-0.2414871523199697,0.00028550625,0.0008821933
-0.24145827774279027,0.000108122826,0.0008815332
-0.2414487569273301,9.560585e-5,0.000881557
-0.24138276613230786,3.0398369e-5,0.00088090426
-0.24136591026050774,-0.0005880594,0.00088257116
-0.24128351532991632,0.000187397,0.00088162825
-0.2412399906322621,-0.00025695562,0.0008825407
-0.24113124864805946,-7.2300434e-5,0.00088209193
-0.24111927343521083,0.00013232231,0.0008817691
-0.2410119401890089,-9.381771e-5,0.0008816931
-0.24098992055813168,0.00013256073,0.00088232156
-0.2409157599543309,-0.0004466772,0.00088200753
-0.2408589240396563,-0.000582695,0.00088241557
-0.24083007768654252,-0.0011674166,0.000881595
-0.2408204987384649,0.0014593601,0.00088110217
-0.2407545719736644,-0.00029420853,0.00088140514
-0.240737687035607,-0.0012200475,0.00088306353
-0.24065526640875912,-0.00026094913,0.00088128675
-0.24061176024610959,0.0007033348,0.0008819252
-0.24050300730940416,-0.0012102127,0.0008819766
-0.24049105273781074,-5.1617622e-5,0.0008819855
-0.2403837270741107,-2.9921532e-5,0.00088186935
-0.24036168553822795,-0.00037395954,0.00088182144
-0.24028755357943438,0.00010442734,0.00088245934
-0.2402306953389156,0.00021731853,0.0008836541
-0.24020187763080897,-0.0012494922,0.000881127
-0.2401922405497025,0.001098156,0.00088132796
-0.2401263778146096,0.0005328655,0.0008809256
-0.24010946381091197,-0.00024992228,0.0008838566
-0.2400270174876019,0.0004208088,0.00088159577
-0.23998352943870693,-0.00022602081,0.0008822237
-0.23987476554908738,-0.0004659891,0.0008818698
-0.23986283203999925,-0.00019043684,0.0008827332
-0.23975551395921252,0.000885725,0.0008827248
-0.23973345093926585,-6.3836575e-5,0.000882566
-0.23965934678287637,-0.0004005432,0.0008810755
-0.23960246663766066,-0.00037270784,0.0008822103
-0.23957367757425263,-0.0001103878,0.00088140636
-0.23956398236094018,-0.0008671284,0.0008811157
-0.23949818365576048,-0.0013930798,0.000880916
-0.23948124058559983,0.0008442402,0.00088346464
-0.23939876856644476,0.00012052059,0.00088153215
-0.23935529905214303,-4.3690205e-5,0.00088208285
-0.23924652421043213,-0.0003016591,0.0008814219
-0.23923461134259916,0.0008466244,0.0008817295
-0.23912730042306418,0.00010418892,0.0008825488
-0.23910521591925932,5.710125e-5,0.0008834343
-0.23903114040797985,-0.00068986416,0.0008821246
-0.23897423835745008,0.0003246069,0.00088246353
-0.2389454775177992,-0.0003566742,0.00088167744
-0.23893572375103056,0.0006198883,0.0008812659
-0.2388699899183671,-0.0007991195,0.0008817207
-0.2388530173604934,0.0007455349,0.00088305323
-0.2387705200661263,-0.00063061714,0.00088166277
-0.2387270686657848,-0.0005245209,0.00088222936
-0.23861828245052674,0.000554204,0.0008818446
-0.23860639064519906,0.0007556677,0.0008820641
-0.2384990873077546,0.0011125803,0.0008824844
-0.238402934032672,0.0006264448,0.0008824089
-0.2383460096558866,-0.0002259016,0.0008826121
-0.2383172774619628,-0.000207901,0.0008810307
-0.23830746556237103,-0.00017392635,0.0008816392
-0.23824179575992932,-0.0006366372,0.0008815402
-0.2382247941357984,-8.922815e-5,0.0008835927
-0.2381422711449691,-0.0010839701,0.00088081823
-0.23809883785858782,0.00017547607,0.0008816605
-0.23799004111187144,0.00072574615,0.00088165863
-0.23797816994738757,-0.00038439035,0.00088244356
-0.2378708741928564,0.00018656254,0.00088202185
-0.23784874587945193,-0.000119149685,0.0008818019
-0.23777472723631965,0.0009936094,0.00088214455
-0.2377177813759846,0.00041532516,0.00088234607
-0.2376890774054065,8.46386e-6,0.0008815474
-0.23767920737330017,0.00019621849,0.00088121643
-0.23761360160087452,-0.00056672096,0.00088101707
-0.23759657048964755,0.00013518333,0.0008828758
-0.2375140222238119,0.0004119873,0.0008815817
-0.23747060747212678,-0.00046545267,0.0008821256
-0.23736179935155466,-1.7046928e-5,0.00088155223
-0.23734994967092904,0.0004954338,0.00088198006
-0.23724266065670813,0.000320673,0.0008822509
-0.2372205108595482,0.00071406364,0.00088219525
-0.23714652086162885,-0.0007558465,0.0008818733
-0.23708955267503817,-0.0002399683,0.0008820835
-0.23706087734895304,-0.00094252825,0.00088131573
-0.23705094918464065,0.000161767,0.0008809563
-0.2369854078632755,0.00049448013,0.00088157016
-0.2369683472643354,-0.0009702444,0.0008830504
-0.23688577372390485,0.0006971359,0.0008817031
-0.2368423770856657,-0.0008723736,0.0008817751
-0.23673355801259083,0.00038838387,0.0008817737
-0.23672172897342608,8.702278e-5,0.00088170386
-0.23661444754139854,1.9073486e-5,0.0008822139
-0.23659227626048324,5.9604645e-5,0.00088231306
-0.23651831448632094,-0.00032550097,0.00088215165
-0.23646132397368036,1.1444092e-5,0.000882273
-0.23643267729270528,0.00065886974,0.0008817588
-0.23642269099639251,-0.0011101961,0.00088073395
-0.23635721370483775,-0.0008625388,0.0008815424
-0.236340124039229,-0.000600934,0.00088251836
-0.23625752480264484,-0.0005129576,0.00088103255
-0.23621414627846876,0.0008945465,0.00088237185
-0.23610531625299402,7.164478e-5,0.0008820044
-0.23609350827643738,0.00043737888,0.0008820591
-0.23598623442650035,0.00047886372,0.00088276697
-0.23596404124057951,0.0006817579,0.000882272
-0.23589010811121874,8.46386e-6,0.00088160625
-0.23583309569336697,0.0017206669,0.0008833038
-0.23580447765760476,-0.00017768145,0.0008818628
-0.23579443280732165,-0.00048708916,0.00088067097
-0.2357290195457829,-0.0005375147,0.0008823253
-0.23571190081422538,0.0007389784,0.0008835614
-0.2356292758811791,0.00058496,0.0008813157
-0.2355859158923162,0.00080001354,0.00088191155
-0.23547707491433872,-3.695488e-6,0.0008816546
-0.2354652875786259,-0.0006068349,0.00088161434
-0.2353580213116021,0.00024139881,0.0008825027
-0.23533580622067585,-0.0005222559,0.00088266376
-0.2352619013152778,0.002695322,0.0008823777
-0.23520486699242055,0.0001502037,0.00088297576
-0.23517627760135695,-0.00015872717,0.0008815662
-0.23516617461825073,0.00032615662,0.0008809062
-0.23510082580818387,-0.00021117926,0.0008813355
-0.23508367758922183,-0.0006983876,0.0008831319
-0.23500102738127204,0.0003874302,0.00088177685
-0.2349576855057523,-0.0006047487,0.0008813857
-0.23484883357527203,0.00057542324,0.0008817172
-0.2348370668808144,4.9591064e-5,0.00088207476
-0.23472980777504243,-0.00029361248,0.00088161556
-0.2347075712003608,0.00017130375,0.0008817391
-0.23463369494038128,-0.001116395,0.0008827763
-0.23457663871251855,-8.970499e-5,0.0008818512
-0.23453791642959126,0.0011081696,0.00088129425
-0.2344726316494376,0.0010597706,0.00088191667
-0.2344554543641154,-0.00078701973,0.00088332075
-0.2343727784603205,0.0017124414,0.0008821683
-0.23432945511939407,8.46386e-6,0.00088182057
-0.2342205918153667,-0.0012070537,0.00088162144
-0.23420884618382565,-0.00044703484,0.00088195136
-0.23410159466014424,0.00010192394,0.00088171946
-0.23407933660170716,0.00024020672,0.00088224886
-0.23400548856507342,0.0016382933,0.00088269636
-0.23394841001116073,-0.00061035156,0.0008822699
-0.23391987748896426,6.1154366e-5,0.0008816638
-0.23390965824093174,0.0016655922,0.0008819016
-0.2338444374904856,-8.046627e-5,0.0008807268
-0.2338272311391118,0.00042521954,0.0008831099
-0.23374452953875197,0.0008214712,0.00088133756
-0.2337012247331387,5.0663948e-5,0.0008820886
-0.2335923504767114,-0.00084507465,0.00088204886
-0.23358062548601416,-0.00042676926,0.0008822443
-0.23347338154524605,0.00012421608,0.00088220026
-0.2334511015818035,0.0009381771,0.00088225387
-0.23337728176872108,0.0008915663,0.0008824622
-0.2333201817308474,-0.0006132126,0.00088187004
-0.23329167743281937,0.00010609627,0.0008815032
-0.23328140005247794,0.00060236454,0.00088090333
-0.23321624375309224,-7.0929527e-6,0.0008820236
-0.2331990074932695,0.00010597706,0.0008839431
-0.23311628103863918,0.0015847683,0.0008816225
-0.23307299392563324,-0.00087320805,0.0008815021
-0.232964108716806,0.00032532215,0.0008820978
-0.23295240520955568,0.00034165382,0.00088211434
-0.23284516842993647,8.46386e-6,0.00088222226
-0.23282286656189977,-0.0011498928,0.00088208355
-0.23274907539372175,-0.0004684925,0.0008822487
-0.23269195302969525,-0.00032126904,0.0008822408
-0.23266347779761598,-0.0010889769,0.00088138954
-0.23265314186361274,-0.00059348345,0.0008810089
-0.2325880495944488,0.00080144405,0.0008811798
-0.2325707842679574,-0.00046759844,0.0008832131
-0.23248803211737917,-0.00010710955,0.000881797
-0.232444763539275,0.0008455515,0.0008823821
-0.23233586737835643,-0.00073343515,0.0008816044
-0.23232418451205272,0.00022280216,0.00088266487
-0.23221695531503822,-0.00018298626,0.0008826045
-0.2321946319632462,-0.00095921755,0.0008816123
-0.23212086901872236,0.00068581104,0.00088267884
-0.23206372474999892,0.0006622076,0.00088261423
-0.23203527774136823,0.00045895576,0.0008818929
-0.23202488367454183,7.05719e-5,0.00088142604
-0.231959855435394,-9.0658665e-5,0.00088105316
-0.23194256104285094,0.00020587444,0.0008835577
-0.23185978361736925,-2.3543835e-5,0.0008814906
-0.23181653315312245,0.00034487247,0.00088239164
-0.23170762603928974,0.00077593327,0.0008816901
-0.23169596381465257,-0.00046116114,0.0008819461
-0.23158874177888994,-0.00084745884,0.0008819274
-0.23156639694293113,0.00063335896,0.0008818795
-0.23149266264362017,-0.0006918311,0.0008814536
-0.2314354960485383,0.0010871887,0.0008834224
-0.23140707768501761,-0.00010770559,0.0008814049
-0.23139662548608803,0.00018560886,0.00088085386
-0.23133166169800062,0.0008357763,0.00088225637
-0.23131433781784738,-0.0011888742,0.0008828151
-0.23123153469621205,-0.0003604889,0.0008812584
-0.2311883027671756,8.46386e-6,0.0008837596
-0.23107938427917868,0.0007442236,0.00088192517
-0.23106774311725248,-0.0008197427,0.0008816686
-0.23096052866358036,-0.00015562773,0.00088214176
-0.2309381619230274,-0.0018873811,0.0008812465
-0.2308644558473707,0.00059616566,0.00088139257
-0.23080726776832777,0.00032377243,0.0008823036
-0.23077887762846128,0.00015592575,0.0008814529
-0.2307683672974285,-0.00017368793,0.0008811913
-0.23070346753935717,-0.00073343515,0.000881371
-0.23068611459284377,-0.0009601712,0.0008838346
-0.23060328619609932,-0.00081568956,0.0008824277
-0.2305600723806117,-0.00013440847,0.0008825621
-0.23045114294042052,0.0003669262,0.00088269403
-0.23043952284069114,-0.0012770891,0.00088186143
-0.23033231554837363,-0.00070774555,0.0008819837
-0.23030992732437383,0.00015211105,0.0008817876
-0.23023624947278276,-0.00032889843,0.0008815755
-0.23017903906738135,0.00047051907,0.0008824936
-0.23015067799377215,0.0011547804,0.0008818949
-0.2301401091085633,-0.0007939935,0.00088198227
-0.230075273801861,0.00036108494,0.00088142365
-0.23005789136794302,0.0002629757,0.0008837731
-0.22997503727483926,-0.0004605055,0.00088114926
-0.22993184199425348,-0.00081914663,0.0008818655
-0.2298229016016624,0.00014722347,0.0008818664
-0.22981130214329099,-0.00016349554,0.0008821207
-0.22970410243337258,-0.00061249733,0.0008817969
-0.2296816923044701,-0.00026398897,0.000881565
-0.22960804309747485,-0.0003721118,0.00088261446
-0.22955081078717082,0.00070023537,0.00088252535
-0.22952247793742153,-0.0003490448,0.00088155986
-0.22951185134074253,-0.00036734343,0.0008805183
-0.229447079642909,-0.0019404888,0.00088070653
-0.2294296681427338,0.001001358,0.0008828459
-0.22934678877524073,-0.00025075674,0.0008812525
-0.22930361160799811,-0.0012357235,0.00088215113
-0.22919465984175702,-0.00081300735,0.000881931
-0.2291830814458909,0.0011007786,0.00088279636
-0.22907588931888573,0.00042653084,0.0008822385
-0.22905345728446358,5.8412552e-5,0.00088205916
-0.2289798367222698,-5.8233738e-5,0.0008816037
-0.22892258208571015,-0.0013802052,0.00088209054
-0.22889427788086525,4.4345856e-5,0.000881763
-0.228883593152083,-0.00031769276,0.00088195706
-0.2288188854838542,-0.0013531446,0.0008808646
-0.2288014444964801,0.0010273457,0.0008832485
-0.22871853985408352,-0.00095432997,0.00088163425
-0.2286753812217427,-0.00067281723,0.00088219566
-0.2285664185027932,0.0004733801,0.00088181335
-0.2285548607480794,0.00037443638,0.0008822846
-0.22844767620357614,0.00020682812,0.00088212884
-0.22842522268550147,-0.00031143427,0.00088177656
-0.22835163034727046,9.357929e-5,0.0008816673
-0.22829435380580815,0.0013310909,0.0008827894
-0.22826607782492603,0.00051140785,0.0008816193
-0.2282553349636292,0.00056767464,0.00088210934
-0.22819069174676937,0.0006837845,0.0008820757
-0.22817322127199074,0.0003017187,0.0008837238
-0.22809029135376507,-0.0003182888,0.0008815792
-0.22804715083559018,-0.00011134148,0.0008825533
-0.22793817716403508,8.9764595e-5,0.00088196667
-0.22792664047192945,0.0017946959,0.0008824787
-0.22781946308826656,-0.00012904406,0.0008838631
-0.22779698766559775,-0.00038838387,0.00088168186
-0.22772342355091812,0.00017237663,0.00088183786
-0.22766612552590615,-0.000629127,0.00088234677
-0.22763787819003117,0.0002771616,0.00088146975
-0.22762707677496968,-0.00019854307,0.0008815197
-0.22756249758781738,-1.0430813e-5,0.0008808675
-0.2275449980466786,-0.00040888786,0.00088281336
-0.22746204243219653,3.6120415e-5,0.00088124914
-0.2274189204491291,0.0012135506,0.0008821729
-0.2273099354041297,-0.0007240176,0.00088248274
-0.2272984197745293,0.00038146973,0.00088217854
-0.22719124955252967,-0.00013452768,0.0008818045
-0.22716875264589975,3.862381e-5,0.0008829348
-0.2270952171760216,0.00072205067,0.00088182767
-0.2270378968246512,0.00050759315,0.000882541
-0.22700967813368056,0.001335144,0.0008819953
-0.22699881858589882,0.0018167496,0.0008816113
-0.22693430385001268,0.0007466078,0.0008819532
-0.22691677482136652,0.00016307831,0.0008835003
-0.22683379393228942,-0.00022172928,0.0008814213
-0.22679069006287372,-0.00054234266,0.0008819092
-0.22668169406516586,-0.00013810396,0.00088199804
-0.22667019907682068,0.00062406063,0.0008819253
-0.2265630364372201,0.00047576427,0.0008820983
-0.22654051804693764,0.0013740063,0.0008822067
-0.22646701080102227,-0.00040781498,0.0008822174
-0.2264096685444406,0.00022017956,0.000881979
-0.22638147807712428,-0.0007815957,0.0008824461
-0.2263705603972393,-0.00080120564,0.0008808444
-0.2263061096917806,0.0004515648,0.0008811705
-0.22628855159646577,0.0013266802,0.0008833348
-0.2262055450115436,-0.000821054,0.0008815586
-0.22616245967672122,0.00039243698,0.0008822491
-0.22605345272640776,1.1444092e-5,0.00088280806
-0.22604197880056787,8.225441e-6,0.00088264607
-0.2259348233220133,-0.00032877922,0.00088177837
-0.2259122830267254,0.0004299879,0.00088270835
-0.22583880442581722,0.00088357925,0.0008817333
-0.22578143984328852,0.00089359283,0.0008826001
-0.22575327844222942,3.33786e-5,0.0008819617
-0.22574230262982992,-0.00040066242,0.00088082475
-0.22567791553272576,0.0006417036,0.0008815575
-0.2256603283712565,0.0011377335,0.00088353944
-0.22557729651122516,0.00036466122,0.0008813616
-0.22553422929026012,-0.0011376143,0.00088133034
-0.22542521138775246,-0.00078451633,0.00088184787
-0.22541375810316772,0.00059473515,0.00088209735
-0.22530661020701231,8.46386e-6,0.00088233285
-0.22528404842807181,0.00045990944,0.0008826952
-0.2252105980509207,0.0004439354,0.00088180206
-0.2251532115635922,2.360344e-5,0.0008830738
-0.22512507838608453,0.00038290024,0.00088171853
-0.2251140444411704,0.0002361536,0.0008817953
-0.22504972179492105,-0.0003810525,0.00088150165
-0.22503210514625288,-5.5372715e-5,0.0008830139
-0.22494904758965661,4.9591064e-5,0.0008814217
-0.22490599890400476,-0.00031030178,0.00088211993
-0.22479696962784707,-0.00043267012,0.00088212284
-0.22478553740576762,0.00011277199,0.00088207657
-0.22467839709211407,-4.094839e-5,0.00088204304
-0.22465581340806529,-2.0682812e-5,0.0008824366
-0.22458239167592137,0.00062298775,0.00088252977
-0.2245249832832788,-0.00018495321,0.0008821654
-0.2244968783295282,0.00020349026,0.00088203215
-0.22448578625209947,-0.00049602985,0.0008811223
-0.2244215276362776,0.001137495,0.0008815532
-0.22440388192135213,-0.0006509423,0.00088284817
-0.2243207990901609,-0.00023788214,0.0008818814
-0.2242777685178522,0.00057685375,0.0008821853
-0.22416872828919182,0.00020170212,0.0008829547
-0.22415731712961762,-6.7830086e-5,0.0008817385
-0.22405018397721588,-0.0007044673,0.00088198856
-0.2240275783880587,-0.000990808,0.0008818666
-0.22395418530092198,0.00062918663,0.0008816235
-0.22389675458192104,-0.00018435717,0.00088264287
-0.2238686786946334,-0.00030094385,0.0008827222
-0.22385752806323428,0.0005778074,0.00088180345
-0.22379333389857575,0.00019276142,0.0008818684
-0.2237756582752013,0.0010465384,0.0008833035
-0.22369255016890088,0.00016903877,0.0008813213
-0.22364953813149402,0.0015633106,0.00088260975
-0.22354048695012513,0.00016272068,0.00088161783
-0.22352909643180613,-0.00012224913,0.00088224415
-0.2234219708619063,0.0002952814,0.0008826364
-0.22339934378919946,0.0015794039,0.0008825683
-0.2233259789258198,-0.0005854964,0.0008816526
-0.22326852630191618,-0.00042790174,0.0008824969
-0.22324047863848845,-0.0006481409,0.000881693
-0.22322927029603057,0.0013804436,0.0008817357
-0.22316513973982943,0.00075542927,0.00088210404
-0.2231474350503006,1.1444092e-5,0.0008831821
-0.2230643016686853,-0.00034725666,0.00088300154
-0.2230213077452386,0.0021208525,0.00088275096
-0.22291224561146988,1.1444092e-5,0.00088205707
-0.22290087573440603,-0.00020259619,0.00088207825
-0.2227937577470081,0.00071263313,0.0008833061
-0.22277110876919293,-0.0001577735,0.00088197016
-0.22269777212926178,-0.0006913543,0.00088242016
-0.22264029760066123,-0.00035506487,0.000882619
-0.22261227858193217,0.000101327896,0.0008813804
-0.2226010121073711,-0.0010970831,0.00088092755
-0.22253694600243612,-0.0009095073,0.0008820013
-0.22251921182498846,0.0004504919,0.00088353665
-0.22243605316836684,0.00073707104,0.0008819998
-0.22239307735898323,0.00030601025,0.00088167173
-0.22228400385187302,-0.00080388784,0.00088185124
-0.2222726554578447,8.499622e-5,0.0008819902
-0.2221655446321099,0.00040113926,0.0008820675
-0.22214287417084783,-0.00074362755,0.0008817274
-0.22206956575457099,0.00084388256,0.00088199717
-0.22201206932075923,0.00024080276,0.00088179304
-0.2219840789470373,-0.001031816,0.0008816333
-0.22197275391871157,-0.0004131794,0.0008810113
-0.22190875184379266,0.0007120371,0.0008822549
-0.2218909886000877,4.0650368e-5,0.00088331377
-0.22180780424720964,0.00039088726,0.000881609
-0.22176484697283072,0.0006477833,0.0008817405
-0.2216557625129092,-0.00090402365,0.000882124
-0.22164443476023887,-0.0015048385,0.0008819964
-0.22153733151690314,-0.00015097857,0.00088254194
-0.22151463915053277,-0.00019043684,0.00088161614
-0.2214413593794688,0.00081050396,0.0008825214
-0.2213838410406515,-0.0006415248,0.00088210974
-0.22135587889089242,-0.00012499094,0.00088188634
-0.22134449615119933,0.0015531778,0.00088197115
-0.2212805581063993,-0.0013677478,0.00088107074
-0.22126276537518696,0.00065779686,0.0008828143
-0.22117955574750825,0.00084400177,0.0008818552
-0.22113661700792825,-0.00045514107,0.00088188145
-0.22102752117384256,0.000116467476,0.00088169146
-0.22101621448429454,-0.00060784817,0.00088188
-0.22090911840190214,0.0012925863,0.00088279997
-0.22088640455167347,0.00056505203,0.00088182214
-0.22081315300416088,-0.00014704466,0.0008818797
-0.22075561233939656,-0.0004223585,0.00088223827
-0.22072767883433608,-0.00036889315,0.0008816844
-0.22071623796223128,0.00096035004,0.0008814536
-0.2206523639473445,0.00070130825,0.00088208483
-0.22063454214987488,-0.00014293194,0.0008830451
-0.22055130682635105,-0.0010074973,0.00088128104
-0.22050838662136435,0.00015413761,0.00088164594
-0.22039927983518726,-5.3346157e-5,0.0008818058
-0.22038799378689444,0.0010280609,0.0008824574
-0.2202809052870039,-0.0011895299,0.00088202546
-0.22025816953166694,0.0004335642,0.0008814877
-0.2201849466295729,-0.00032269955,0.00088211946
-0.2201273840598031,-0.00020837784,0.0008827265
-0.22009947919944128,0.00033974648,0.0008814498
-0.22008797977357175,0.00013756752,0.0008814077
-0.22002417020995113,0.0010303259,0.0008816565
-0.22000631892497413,0.00025379658,0.00088354683
-0.21992305832623832,0.0009357929,0.00088121206
-0.21988015623521184,-0.00015586615,0.0008819543
-0.21977103849653196,-0.0008878708,0.000881502
-0.21975977308908295,-0.0009715557,0.0008817418
-0.21965269217179717,0.0010741949,0.000882522
-0.2196299349329105,-0.0005002022,0.00088215334
-0.21955674025457356,0.0009223223,0.0008816818
-0.2194991557794897,-0.0003489256,0.00088216027
-0.21947127914329634,-6.4611435e-5,0.00088254135
-0.2194597220060595,1.1444092e-5,0.00088124105
-0.21939597605099914,0.00035846233,0.0008814237
-0.21937809570007338,-0.0002834797,0.0008827876
-0.2192948098262284,0.00068318844,0.00088158646
-0.21925192584875075,0.00027036667,0.0008824842
-0.21914279715787666,0.00040626526,0.00088187034
-0.21913155281293295,-0.00055754185,0.0008814281
-0.21902447905679612,0.00054109097,0.0008820204
-0.21900169991300683,0.00053453445,0.0008821099
-0.21892853387947137,-0.00029212236,0.00088134763
-0.21887092749927917,0.00025463104,0.00088219176
-0.21884307950799015,-0.00043952465,0.0008816491
-0.21883146381709145,-0.0004683137,0.0008807619
-0.2187677823132973,-4.172325e-5,0.0008817134
-0.21874987205392254,-0.0006276369,0.0008833703
-0.21866656090496833,0.0013660192,0.0008817762
-0.21862369546228966,-0.00066387653,0.000882101
-0.21851455539755993,-0.001254499,0.00088181865
-0.21850333211553286,0.00010120869,0.0008826111
-0.21839626594189793,-0.0012037754,0.00088192226
-0.21837346531404467,-0.00037306547,0.0008813351
-0.21824269879802422,0.00041878223,0.00088217045
-0.21820320604968207,-5.2452087e-5,0.0008813062
-0.2181395881548595,-0.0002503395,0.0008817049
-0.2181216488290218,-0.0013082623,0.00088285457
-0.21803831240506127,0.00019347668,0.00088164257
-0.21799546549759297,9.870529e-5,0.0008816262
-0.21788631405890463,-0.00016605854,0.00088179455
-0.2178751118389715,0.0005840063,0.0008826784
-0.2177680528266912,0.0003271103,0.00088247645
-0.21774523029403814,-0.00067925453,0.0008813942
-0.21767212112926693,-0.0014867783,0.0008815078
-0.21761447051812222,-0.00087988377,0.00088197936
-0.2175866798169504,0.00047636032,0.00088167057
-0.21757494786102255,-0.00081026554,0.0008808612
-0.21751139441715767,0.0005084276,0.00088202703
-0.2174934256037097,7.83205e-5,0.0008828856
-0.21741006390484563,0.00026094913,0.00088121975
-0.2173672351114404,-0.0017524362,0.00088169187
-0.21725807272024933,0.00040221214,0.00088250975
-0.2172468911413657,-0.00032782555,0.00088209176
-0.21713983971169015,-0.0005130172,0.0008821242
-0.21711699569579596,0.0003913641,0.00088209537
-0.21704391475437046,0.00024473667,0.0008822802
-0.21698624223822016,-0.0008214712,0.0008828876
-0.21695847976039412,0.00025510788,0.00088167586
-0.2169466900935103,0.00055873394,0.0008816985
-0.21688320025820568,-0.0007546544,0.00088052655
-0.21686520237880896,-0.0006403923,0.00088339974
-0.21678181498337995,2.0980835e-5,0.0008820469
-0.2167390047249793,2.1100044e-5,0.0008828769
-0.2166298313811827,0.00035464764,0.0008815399
-0.21661867086511283,-0.00034058094,0.00088243844
-0.2165116265967919,-3.7789345e-5,0.0008814498
-0.21648876067548084,-0.00063711405,0.0008817537
-0.21641570837906254,4.6491623e-6,0.00088188256
-0.21635801353665668,0.0007737875,0.0008830736
-0.21633027970394064,1.4662743e-5,0.0008812249
-0.21631843190515937,9.047985e-5,0.00088128255
-0.21625500652101803,-6.03199e-5,0.0008807751
-0.21623697915349682,0.0013440847,0.00088300364
-0.21615356648367856,0.00042414665,0.0008812674
-0.2161107747599741,-0.00088596344,0.0008822505
-0.2160015900425274,-0.00041866302,0.0008814607
-0.21599045016802126,-0.000608325,0.00088195794
-0.21588341348189372,-0.00058341026,0.00088208285
-0.21586052607641587,9.930134e-5,0.00088257005
-0.21578750200416602,-0.0003221631,0.00088185753
-0.21572978525675468,0.0004940033,0.0008820734
-0.21570208006894298,0.00014960766,0.00088123506
-0.21569017371608845,0.0014033318,0.0008816915
-0.21562681236206604,0.0007945299,0.00088140514
-0.2156087559283904,0.00058829784,0.0008833987
-0.21552531798377145,-0.0006015301,0.00088144495
-0.21548254437382153,-0.00016582012,0.0008820616
-0.21537334870387215,-0.0004580617,0.0008816125
-0.21536222989145992,-0.00050097704,0.0008819405
-0.215255200366687,-0.0010493398,0.00088139746
-0.2152322914781737,-0.0010710955,0.0008823293
-0.2151592956292695,-0.00015723705,0.0008820097
-0.21510155697726407,-0.0003669858,0.00088215194
-0.21507388001320943,0.00026583672,0.0008814774
-0.21506191594837054,0.00068569183,0.0008808417
-0.21499861862436415,-0.0005477071,0.00088196475
-0.21498053270369533,-0.00092583895,0.0008827756
-0.214897069483453,-0.0010086298,0.0008813747
-0.21485431398766902,-0.000454247,0.0008819247
-0.21474510736521685,0.00033211708,0.0008816226
-0.2147340091938541,0.0009022951,0.000882091
-0.21462698767273036,8.46386e-6,0.00088263565
-0.21460405645826997,-0.0003208518,0.0008820834
-0.21453108925396164,-0.0012608767,0.0008814419
-0.21447332869695068,0.0006453991,0.0008821043
-0.21444568037790324,-0.0003912449,0.0008812867
-0.2144336581808583,0.0008671284,0.00088145235
-0.2143704244657207,0.0008420944,0.00088132167
-0.21435230947879463,-0.0016114116,0.00088187336
-0.21426882056229585,-9.679794e-5,0.0008812602
-0.2142260840223552,0.00039601326,0.00088219764
-0.21411686602676727,-0.0004143715,0.0008817987
-0.21410578891790982,-0.00033050776,0.000881765
-0.21399877455803784,0.00026357174,0.0008824921
-0.213975821859205,-0.00047445297,0.00088163343
-0.21390288287906511,-0.0006056428,0.000881812
-0.2138450999953872,-0.00017720461,0.0008823841
-0.2138174803213469,0.0005939007,0.0008830278
-0.21380539999219877,0.0011609793,0.0008812703
-0.2137422307282245,0.00024414062,0.0008813617
-0.2137240862534825,-0.00023800135,0.00088243466
-0.21364057206238873,-0.00035053492,0.00088162796
-0.21359785363599698,0.0008199215,0.0008819474
-0.21348862468780344,3.5643578e-5,0.0008819457
-0.21347756864134843,0.0014077425,0.0008819609
-0.21337056144283112,-0.00018876791,0.0008820341
-0.21334758683888994,0.00014913082,0.00088151015
-0.2132746765041686,-0.0004131794,0.00088179857
-0.2132168717154852,0.00047302246,0.00088245794
-0.2131892806868635,-0.00033581257,0.0008813553
-0.21317714222478934,1.1444092e-5,0.00088108244
-0.21311403656947825,0.0002578497,0.00088134635
-0.21309586302858174,0.0014157295,0.0008831801
-0.21301232356248168,-6.848574e-5,0.000881456
-0.21296962325005014,0.0009723902,0.00088205753
-0.2128603833488396,0.0002644062,0.00088191236
-0.2128493479437426,0.0010904074,0.00088200293
-0.2127423483276244,-0.0007237196,0.0008815055
-0.21271935224023636,-0.0004962683,0.00088194513
-0.21264647012886073,0.00035607815,0.0008825297
-0.21258864343558315,-0.00011789799,0.00088233134
-0.21256108063030715,-0.000312984,0.0008821482
-0.21254888403582134,0.00013709068,0.00088057504
-0.2124858428318792,0.00028908253,0.0008813808
-0.2124676393824309,1.1444092e-5,0.00088316645
-0.21238407506257462,0.00017416477,0.0008811516
-0.21234139328483914,0.0003771782,0.00088179315
-0.21223214158913994,0.0006494522,0.0008819104
-0.2122211276674898,0.000113248825,0.0008817412
-0.21211413521293188,0.00022745132,0.00088216265
-0.21209111764189126,-0.000600338,0.000881754
-0.2120182637539642,0.00046539307,0.0008819618
-0.21196041515568115,0.0005184412,0.000882267
-0.21193288099510382,-0.0009608865,0.00088104507
-0.2119206262683091,-0.00051122904,0.0008805983
-0.21185764867323575,-0.00012338161,0.0008813827
-0.21183941615753016,0.00011408329,0.00088269735
-0.2117558265622561,-0.0008099079,0.00088189676
-0.2117131628983781,-0.0006354451,0.0008817166
-0.21160390025048464,0.001103282,0.0008818108
-0.21159290696998684,0.0007097721,0.0008824113
-0.21148592209803369,-0.0012144446,0.0008818104
-0.21146288262167906,1.1444092e-5,0.0008818151
-0.2113900573790677,-0.0012572408,0.00088152377
-0.21133218687536776,-0.0005030036,0.00088216335
-0.21130468136010616,-0.0005725026,0.00088113715
-0.21129236808006097,0.00095808506,0.0008815103
-0.21122945493573958,-0.0012167692,0.0008809667
-0.21121119293221807,-0.0006607771,0.00088281167
-0.21112757764109896,9.715557e-5,0.0008824796
-0.21108493293368136,0.0010476112,0.0008819569
-0.210975658911418,0.0007761717,0.00088189344
-0.21096468669383683,0.0003244877,0.00088225055
-0.2108577089827241,-0.00072801113,0.00088200136
-0.2108346480226141,0.0005726814,0.00088188116
-0.21076185100375977,0.0006272793,0.0008818509
-0.21070395817421567,0.0011183023,0.00088230363
-0.21067648130375555,0.00045239925,0.0008813387
-0.21066411031254872,0.0005418062,0.0008801834
-0.2106012607767876,-5.567074e-5,0.0008809684
-0.2105829697070088,-0.00050371885,0.0008829618
-0.21049932914119185,0.0005712509,0.00088152377
-0.2104567025475288,0.00076186657,0.00088220305
-0.21034741757255704,-0.0020478368,0.00088126224
-0.2103364664173783,0.0009651184,0.0008821
-0.21022949628887028,0.00044965744,0.00088214356
-0.21020641300271037,0.0005656481,0.0008819297
-0.2101336450501134,0.00052571297,0.0008821944
-0.21007572989431367,0.0008049011,0.000882334
-0.21004828166875783,0.00044465065,0.0008813062
-0.21003585254483076,-0.00029921532,0.0008808432
-0.20997306703939422,-4.7564507e-5,0.0008813183
-0.20995474648241658,0.0004749298,0.00088269915
-0.2098710806412848,0.00035381317,0.00088162627
-0.209828472582215,-0.000928998,0.0008816974
-0.20971917623379888,0.0003066063,0.00088180986
-0.20970824571987534,-0.0013595223,0.00088123675
-0.20960128317397209,0.00090169907,0.0008822643
-0.2095781784040568,0.0002925396,0.000882515
-0.20950543867521687,-0.0008408427,0.0008814611
-0.20944750161400028,-0.0006341338,0.0008821579
-0.20942008161251008,-0.00034719706,0.0008817287
-0.2094075943557599,-0.00010329485,0.00088167604
-0.20934487330158952,-0.00068998337,0.0008807137
-0.20932652325751583,-0.0005854964,0.00088281935
-0.20924283214127487,-0.0005553365,0.0008812517
-0.20920024219585676,0.00047183037,0.00088341127
-0.2090909348954521,0.0008916855,0.0008817394
-0.20908002544372534,0.0008263588,0.00088233885
-0.20897307005897103,-0.0005148649,0.00088288356
-0.20894994380540322,8.6307526e-5,0.0008818556
-0.20887723230032035,1.9192696e-5,0.0008816058
-0.20881927333409828,-0.00018519163,0.00088220736
-0.20879188197761528,-0.0010419488,0.00088121824
-0.20877933658835046,-0.00028949976,0.00088136736
-0.20871667914253467,0.00013458729,0.0008808843
-0.20869830003220374,0.00086319447,0.00088276545
-0.20861458364105928,0.00013744831,0.000881244
-0.20857201223085153,0.00071907043,0.0008820912
-0.20846269355638547,-0.00029343367,0.000882054
-0.20845180516736966,-0.0002823472,0.0008819234
-0.2083448569437643,-0.0007805228,0.0008816506
-0.2083217087850881,0.0003439188,0.0008822077
-0.2082490259250125,0.00083732605,0.0008814201
-0.20819104505419628,0.0014716387,0.00088250084
-0.20816368192147033,0.00036156178,0.0008814808
-0.20815107882114675,-0.0007710457,0.0008812124
-0.20808848540555275,-5.3942204e-5,0.0008809531
-0.208070076807303,-0.0002116561,0.00088271574
-0.20798633514115217,-0.00013935566,0.00088117906
-0.2079437818450075,-0.0001258254,0.00088279275
-0.2078344522175245,-0.00015348196,0.00088144495
-0.2078235844698667,0.0003938675,0.0008819861
-0.20771664382886612,0.0008493662,0.0008826077
-0.20769347418643452,0.00046932697,0.00088255835
-0.20762081954970457,0.0005002022,0.0008821811
-0.20756281677388289,-0.00064724684,0.00088278536
-0.20753548228616414,0.00019800663,0.00088188733
-0.20752282063228156,-0.00086534023,0.00088097266
-0.2074602912464979,0.00030183792,0.0008809534
-0.20744185358240225,-0.0010441542,0.0008823762
-0.2073580866412451,-0.00023788214,0.00088180904
-0.2073155518796937,0.00248003,0.00088251237
-0.2072062108787664,-0.00042051077,0.0008823715
-0.2071953641936139,0.0009940863,0.00088184985
-0.2070884311354237,-0.00034195185,0.0008811934
-0.20706523958798662,0.00036346912,0.0008822456
-0.20699261317521944,2.670288e-5,0.0008818072
-0.2069345884939809,0.0012726784,0.00088229054
-0.2069072826512693,-0.0006611943,0.00088133017
-0.20689456286446078,-0.0005365014,0.0008809563
-0.2068320975086932,-0.00077682734,0.0008807778
-0.2068136303570901,-0.00075387955,0.0008822034
-0.20672983771967657,-0.001070261,0.0008818762
-0.20668732149323266,0.00020873547,0.00088179373
-0.20657796996125838,0.000800848,0.0008820024
-0.20656714391725817,-0.00061297417,0.0008817245
-0.2064602180201141,-0.0016809702,0.00088109344
-0.20636440679991158,0.0010416508,0.0008823433
-0.2063063602140789,8.583069e-5,0.0008824946
-0.20627908259481587,0.00013577938,0.00088194036
-0.20626630509735994,0.00013399124,0.00088089495
-0.20620390377171122,0.00011396408,0.000880919
-0.20618540671063074,0.0011892319,0.00088345003
-0.20610158921976945,-0.0014498234,0.00088104856
-0.20605909152863872,-0.00074356794,0.0008811244
-0.20594972862260308,1.1444092e-5,0.0008818017
-0.20593892321975527,-0.000543952,0.00088161085
-0.20583200490501025,-0.0009880066,0.00088183867
-0.20580876996881226,-0.0006260872,0.0008816527
-0.20573620042470653,-0.0016255379,0.0008819659
-0.20567813151292674,-0.00093233585,0.00088208815
-0.20565088295961248,-0.00021892786,0.000882024
-0.20563804732984764,-0.00073480606,0.0008808565
-0.20557570961306776,-0.00056892633,0.00088115124
-0.20555718348562718,-7.879734e-5,0.0008833772
-0.2054733407198624,0.00070118904,0.0008812993
-0.20543086114207482,0.0008394718,0.00088187604
-0.20532148728363925,0.0005413294,0.00088161026
-0.2053107029435024,0.000108003616,0.00088260556
-0.2052037917900092,0.0013237,0.00088266766
-0.20518053537036435,0.00015926361,0.00088208175
-0.20510799447136863,-0.00051277876,0.0008821497
-0.20504990323302474,-0.00035399199,0.00088240736
-0.20502268290367326,0.00057315826,0.00088114664
-0.20500978914118817,0.0009930134,0.0008810408
-0.20494751587526305,-0.000541687,0.0008808917
-0.20492896026113783,0.0009703636,0.00088284805
-0.20484509221985248,-0.0007042885,0.0008809803
-0.20480263117696668,-0.00034350157,0.0008817219
-0.20469324594488114,-0.00069117546,0.00088161725
-0.2046824826673524,0.00025117397,0.00088222366
-0.20457557909605256,0.00035500526,0.0008832584
-0.20455230077171077,0.000106692314,0.0008822789
-0.20447978809606077,0.0007201433,0.00088238454
-0.20442167495271135,0.0007765293,0.00088247936
-0.20439448326857274,-5.877018e-5,0.00088111684
-0.2043815313734702,-0.00046414137,0.00088111765
-0.2043193217162082,0.00015091896,0.00088152324
-0.20430073703582569,0.00032532215,0.00088309014
-0.2042168437202539,-0.0006414056,0.00088182866
-0.20417440121196145,-0.0002309084,0.00088186434
-0.20406500460663723,-0.0012974739,0.0008818449
-0.2040542623912024,-0.0012093782,0.00088140194
-0.20394736598115432,-0.00044983625,0.00088180514
-0.20392406575149857,0.000313282,0.0008821199
-0.2038515817208557,1.2040138e-5,0.0008820054
-0.20379344667280935,0.0007292032,0.0008824155
-0.20376628363326654,-0.0001462102,0.00088139856
-0.2037532736057523,-0.00033825636,0.00088087027
-0.2036911279788149,7.081032e-5,0.0008815676
-0.2036725138105136,-0.0007336736,0.0008845896
-0.20358859521993544,-0.0011261106,0.00088064576
-0.20354617082570603,0.0010627508,0.00088208535
-0.20343676326757054,0.0004905462,0.00088183355
-0.20331915286615332,-4.8339367e-5,0.00088215113
-0.2032958311525364,-0.00061798096,0.00088186056
-0.20322337534585633,3.0994415e-5,0.00088189595
-0.20316521839290735,0.00091290474,0.0008826764
-0.20313808357732732,8.46386e-6,0.00088215614
-0.20312501583854858,-0.00021964312,0.0008812559
-0.20306293424142152,-0.00092226267,0.0008812738
-0.2030442905860242,0.0035418272,0.0008849671
-0.20296034671971985,-0.0003350973,0.00088094984
-0.20291794086080361,-0.00034868717,0.0008816383
-0.2028085219285039,0.0001540184,0.00088231696
-0.2027978214172409,-0.00041168928,0.0008816123
-0.20269093975115227,-7.18832e-5,0.00088225346
-0.20266759655388283,0.0010643005,0.000882423
-0.20259516897095986,0.00035500526,0.0008822879
-0.20253699011259396,-0.000639081,0.000882349
-0.2025098839422268,-3.6895275e-5,0.0008815595
-0.20249675807113915,-0.0016633272,0.00088055263
-0.20243474008236673,-0.0001232624,0.0008812792
-0.20241606736102064,-0.00074988604,0.0008826243
-0.20233209821970993,-0.001111567,0.00088111626
-0.20228971089559267,0.00014269352,0.000881719
-0.20218028059026,-0.0010985732,0.0008820404
-0.20216960114078236,-0.00050491095,0.00088126207
-0.20206272705750417,0.00197649,0.0008825051
-0.20203936195543493,-0.0013162494,0.00088138593
-0.20196696301731343,-0.0003761649,0.00088175974
-0.20190876183269196,-0.00038218498,0.0008824781
-0.2018816843069206,0.0008363724,0.0008821297
-0.2018684998820683,-0.0007100105,0.0008814624
-0.20180654634497336,-5.0783157e-5,0.0008820095
-0.20178784413581136,0.0010814667,0.0008831953
-0.20170384971980287,-0.00025480986,0.00088116457
-0.2016614805093373,5.3048134e-5,0.0008817266
-0.2015520392516047,1.0967255e-5,0.0008829081
-0.20154138086432383,-0.0007379651,0.00088176253
-0.20143451394240025,-0.00023841858,0.0008813558
-0.20141112693522267,-0.00011998415,0.00088207977
-0.2013387566420055,-0.0006185174,0.0008814499
-0.20128053355278996,-9.1433525e-5,0.0008823533
-0.20125348425077566,-0.0010614991,0.0008812638
-0.20124024211465885,0.0008368492,0.0008812669
-0.20117835260758,-0.00014829636,0.0008809635
-0.20115962091049922,-0.00040376186,0.00088283577
-0.20107560121989576,-0.0016347766,0.00088144775
-0.20103325054484622,-0.00025188923,0.00088114984
-0.20092379791253806,-0.00017982721,0.00088268245
-0.20091316016712946,-0.00044238567,0.0008813816
-0.2008063008273992,0.001424551,0.00088214705
-0.20078289233626057,-0.00028324127,0.00088234316
-0.20071055026710904,-7.349253e-5,0.0008818732
-0.20065230527288797,0.00025641918,0.00088257424
-0.20062528461588086,0.00072336197,0.0008818907
-0.20061198434724947,-0.0007658005,0.00088116527
-0.20053139768559852,0.0004913807,0.0008832944
-0.20044735271968017,0.0007338524,0.0008821203
-0.2004050205795324,0.0005699396,0.00088230736
-0.20029555657347142,-0.001201868,0.00088140473
-0.20028493989097945,-4.172325e-5,0.0008813683
-0.20017808813344257,0.0004504919,0.00088170974
-0.200154657737607,0.0012141466,0.00088286283
-0.20008234389221252,-0.00013834238,0.0008817938
-0.2000240769928831,0.00042653084,0.0008819914
-0.199997084980986,-0.00040829182,0.00088261237
-0.1999837265798401,-0.0004015565,0.00088087615
-0.19992196471113183,-0.0007298589,0.00088227884
-0.1999031744610063,-0.00041878223,0.00088280666
-0.19981910421967025,-0.0009998679,0.0008819101
-0.1997767906142186,0.0015654564,0.00088257506
-0.1996673156560662,-0.00031006336,0.00088205567
-0.19965671961452092,0.0017644167,0.0008819905
-0.19954987501813298,-0.00064206123,0.00088190386
-0.19952642313885055,-0.00060486794,0.0008816239
-0.19945413793825756,0.00047767162,0.00088156667
-0.19939584871267257,0.0008171797,0.00088239467
-0.1993688853456798,0.0006927252,0.0008813377
-0.19935546881243066,-0.00035995245,0.00088131987
-0.1992937705521799,0.00072550774,0.0008812957
-0.19927495081454694,-7.927418e-5,0.00088271656
-0.19919085572017453,-0.00044429302,0.0008817089
-0.1991485602280661,-0.0011618137,0.00088155444
-0.1990390743177195,-0.0010460019,0.0008813828
-0.19902849933826805,0.0004633665,0.0008821269
-0.19892166190354332,0.00044035912,0.000882098
-0.1988981885400941,-0.00045114756,0.0008815104
-0.19882593156325823,-0.00021648407,0.00088231347
-0.19876762043277052,0.00039196014,0.00088248216
-0.19874068528953487,-0.00076955557,0.00088123814
-0.19872721104460989,-5.096197e-5,0.00088063383
-0.198665576814478,-1.1265278e-5,0.0008807955
-0.1986467275892348,0.0002901554,0.0008827647
-0.19856260721985608,0.00025379658,0.0008813118
-0.19852033026295796,-0.0005803704,0.0008816966
-0.19841083297896134,0.000233531,0.0008812664
-0.19840027906211805,-0.0008663535,0.0008811682
-0.1982934492095867,0.0005711317,0.00088231044
-0.1982699539412348,0.00038969517,0.000882177
-0.19819772518815604,-0.0004311204,0.00088145834
-0.19813939215286852,-0.00013530254,0.0008813225
-0.19811248565464007,-0.0009509921,0.00088145555
-0.1980989532772005,0.00076293945,0.00088214345
-0.19803738307729035,0.0001180172,0.00088088674
-0.19801850436464258,0.0012495518,0.0008828049
-0.19793435871953763,-9.781122e-5,0.00088151393
-0.19789210029795268,0.0006235838,0.0008815426
-0.19778259164010037,-0.0013049841,0.0008816593
-0.1977720587856595,-0.00034058094,0.0008812463
-0.1976652360942771,-0.0011190176,0.00088165386
-0.19764171892122828,-0.00023645163,0.000882238
-0.1975695192340982,0.0013102293,0.00088201184
-0.19751116387255513,-0.00010788441,0.0008819527
-0.19748428601933388,-0.0010492206,0.00088162086
-0.19747069550979107,-3.1650066e-5,0.00088131067
-0.1974091889186469,0.00059080124,0.00088134146
-0.1973902811394333,0.00046122074,0.0008829449
-0.19730611021963057,0.0002874136,0.00088159926
-0.1972638703329474,0.00019228458,0.0008828287
-0.19715435030144507,0.0006953478,0.000881733
-0.19714383850920097,6.043911e-5,0.0008816556
-0.19703702340093754,0.0007852316,0.00088178297
-0.19701348432288324,0.00082969666,0.00088208634
-0.1969413128594074,-0.00012767315,0.00088127545
-0.19688293559265313,0.0010266304,0.00088277436
-0.19685608638443908,0.0010995865,0.00088174513
-0.1968424377423817,0.0012881756,0.00088156556
-0.196780995180945,0.00087571144,0.00088145235
-0.1967620579141212,0.0003837347,0.00088273763
-0.19667786171972346,-0.00081408024,0.00088233507
-0.19663564036804498,-3.582239e-5,0.0008826015
-0.19652610938393705,-0.0003402233,0.00088153983
-0.19651561781180088,0.0011861324,0.00088220584
-0.19640881028593649,0.00076425076,0.00088203856
-0.19638524972381827,-0.000107586384,0.00088219356
-0.1963131064845109,0.000103116035,0.00088311144
-0.19625470731275113,-0.00032627583,0.0008822945
-0.19622788632788274,0.0006221533,0.00088196906
-0.19621417997497226,-0.00047910213,0.0008808165
-0.19615280144344882,-0.00030952692,0.0008814327
-0.19613383468922047,-0.00038141012,0.00088331016
-0.19604961322012493,-0.00026661158,0.0008813205
-0.19600741040314257,0.00014305115,0.0008822254
-0.19589786804517895,3.2305717e-5,0.00088130817
-0.1958873975358566,0.0002449751,0.0008816423
-0.19578059717083263,-0.00010377169,0.0008825774
-0.19575701512495897,4.6491623e-5,0.000881689
-0.19568490010930584,0.0011718273,0.00088331493
-0.19562647903274627,-0.00012880564,0.0008816587
-0.1955996866926794,-0.0012707114,0.0008812191
-0.19558592220715149,0.00023269653,0.00088104897
-0.19552460770605545,9.1433525e-5,0.0008819973
-0.19550561146431972,-0.00018888712,0.00088295963
-0.19542136514115943,0.00029993057,0.00088182493
-0.19537918043782876,-9.2327595e-5,0.0008821274
-0.19526962670631798,0.0009723902,0.0008818949
-0.19525917725939806,4.684925e-5,0.0008822307
-0.19515238447677313,0.00013422966,0.0008817931
-0.19512878052651106,0.00019323826,0.0008818765
-0.1950566941555566,0.00051498413,0.0008821867
-0.1949982507527414,1.2755394e-5,0.00088213297
-0.19497148705809308,-0.00015735626,0.00088136696
-0.1949576644397421,0.00060737133,0.00088108814
-0.19489641354710352,0.00064992905,0.00088172837
-0.19487738823941897,0.00052177906,0.00088297465
-0.19479311664084098,-0.0006149411,0.0008817905
-0.1947509500516762,-0.00038337708,0.00088260166
-0.19464138536725134,0.00094759464,0.00088174274
-0.19463095698293953,2.026558e-5,0.00088280556
-0.19452417136187494,-0.00075757504,0.00088202505
-0.19450054592785748,-3.027916e-5,0.000881276
-0.19442848778066008,3.6478043e-5,0.00088141934
-0.19437002247263374,0.0006672144,0.000882261
-0.19434328742319829,0.00013530254,0.00088162645
-0.19432940667233267,0.00031745434,0.00088116404
-0.19426821980940162,0.0010746717,0.0008809894
-0.19424916501410688,-0.00028300285,0.0008827764
-0.1941648681412424,0.00083470345,0.00088139833
-0.19412272008646525,0.0003963709,0.00088188966
-0.1940131440288017,0.00031733513,0.00088295905
-0.1940027367069952,-0.0008480549,0.0008819749
-0.19389595866822684,0.0014377832,0.0008820418
-0.1938723113287925,-0.0010333657,0.00088099635
-0.19380028182680797,-0.00096154213,0.00088134845
-0.19374179419262888,-0.00092315674,0.0008821434
-0.1937150877878921,0.0010499954,0.00088152156
-0.19370114890482043,-0.0003979802,0.00088195753
-0.19364002607200825,-0.00078958273,0.00088087935
-0.19362094178920614,0.00010049343,0.0008825634
-0.19353661964123248,-2.0861626e-5,0.0008818301
-0.1934944901212543,8.46386e-6,0.0008823116
-0.19338490311139656,-0.00024342537,0.00088217814
-0.19337451643053666,-0.00085037947,0.0008815688
-0.19326774555291726,0.0016680956,0.00088259124
-0.19324407630858026,-0.0009332299,0.0008815704
-0.1931720754515001,0.0007247925,0.00088153314
-0.19311356591241835,0.000116825104,0.0008826879
-0.19308688773174715,0.00039970875,0.00088171597
-0.1930728911373082,0.000677228,0.000881113
-0.193011831913262,-9.953976e-6,0.00088093
-0.19299271856451106,-0.0018507242,0.0008820834
-0.19290837114111975,0.0003989935,0.0008821027
-0.19286626015655756,-0.0003670454,0.0008820101
-0.19275666177243272,-1.9609928e-5,0.0008813841
-0.19274629615407812,-0.00019562244,0.00088229246
-0.19263953285926916,-0.00026786327,0.00088259357
-0.19261584170982388,0.00056290627,0.0008820621
-0.1925942644971786,0.0004427433,-2.9703971e-5
-0.1925438690766036,-0.0010923743,0.00088189647
-0.19248533763210496,1.1444092e-5,0.0008822994
-0.19245868809685235,0.00065732,0.00088129245
-0.19244463336969309,-0.0006905198,0.0008807704
-0.1923836381755601,0.0003786087,0.0008812609
-0.19236449491815455,-0.00038903952,0.00088334817
-0.1922801578532375,0.0004903078,-2.9703971e-5
-0.19223803019165508,-0.00032180548,0.0008822439
-0.19212842043367462,0.0007711649,0.0008818228
-0.19211807587792812,0.0010557175,0.0008829302
-0.19201131974457664,-0.0003309846,0.0008817065
-0.19198760711158164,0.0010834932,0.0008821369
-0.19196605120929633,0.00049614906,-2.9703971e-5
-0.19191566312316288,9.047985e-5,0.0008820131
-0.19185710977386444,-0.0005864501,0.0008825845
-0.19183048846154616,-0.0005965233,0.00088113575
-0.19181637560218084,0.000495553,0.00088166416
-0.19175544443816678,-0.0005002618,0.00088190153
-0.1917362716928424,-0.0009405613,0.0008829614
-0.19165194456535523,0.00043034554,-2.9703971e-5
-0.19160980022644414,-0.0008457303,0.0008818104
-0.1915001795162694,0.00023388863,0.0008814291
-0.1914898556016753,-4.2438507e-5,0.00088148605
-0.19138310705072287,-0.0011059046,0.00088156323
-0.19135937251251667,0.00038456917,0.00088245387
-0.19133783792141407,0.0005912781,-2.9703971e-5
-0.19128745674795783,0.00032031536,0.0008825186
-0.19122888149385958,0.0014345646,0.00088250515
-0.19120228882634277,-0.0009458065,0.0008818467
-0.1911881182563301,-5.8472157e-5,0.00088092824
-0.19112725027952332,0.00022959709,0.0008814414
-0.19110804846794172,-0.00080257654,0.0008823364
-0.19102373127747296,0.0006387234,-2.9703971e-5
-0.19098157026143886,-0.00023955107,0.00088171894
-0.19087193817761416,-0.0011413693,0.0008811118
-0.19086163532542244,-0.0011983514,0.00088178884
-0.19075489393541328,0.00028705597,0.0008824629
-0.1907311379134517,0.00014293194,0.0008819129
-0.1907096246335318,0.0006862879,-2.9703971e-5
-0.19065925037275278,-0.00046128035,0.00088132784
-0.19060065321364905,0.0009212494,0.0008826532
-0.1905740891913451,0.00019478798,0.00088231947
-0.19055986048850931,0.00037288666,0.00088138273
-0.19049905654171861,-0.0009339452,0.00088152115
-0.19047982524304097,-0.0011059046,0.000883082
-0.1903955179895907,0.0007338524,-2.9703971e-5
-0.19035334029653644,0.0006631613,0.00088229426
-0.19024369683865033,0.0015385151,0.0008818686
-0.19023341504906677,0.00031661987,0.0008820522
-0.19012668124176518,0.0011866093,0.0008819191
-0.19010290331479812,-0.00064361095,0.0008811306
-0.19003104441931207,0.00049078465,0.0008817858
-0.18997242493374705,-0.00054836273,0.0008821492
-0.1899458895564503,-0.0006047487,0.0008810744
-0.1899316027208942,0.0002374649,0.0008812124
-0.18987086280432525,8.46386e-6,0.00088097155
-0.18985160201803736,0.00035309792,0.0008834267
-0.18972511033163403,-0.00090426207,0.00088206585
-0.1896154554996865,0.00034952164,0.00088173454
-0.18960519477291676,-0.0005765557,0.0008816195
-0.1894984681264556,0.000349164,0.00088191417
-0.1894746687161445,0.0006736517,0.0008818127
-0.189402838044107,3.9577484e-5,0.00088168966
-0.1893441966537422,-0.00033020973,0.0008825489
-0.18931768949999683,0.0007402897,0.00088164816
-0.18930334495338197,-7.867813e-6,0.0008813572
-0.18924266906693193,-0.00043523312,0.0008815838
-0.18922337879282808,-0.001740098,0.0008819166
-0.18909688036632022,-0.00014728308,0.00088179804
-0.18898721458248702,0.00044703484,0.0008815982
-0.1889769744966639,0.0007226467,0.0008819092
-0.1888702554328075,-0.0007414818,0.00088153867
-0.1888464341174909,-0.00024795532,0.0008818162
-0.18877463209015205,-0.0018219948,0.000882137
-0.18871596837373733,-0.00082302094,0.00088206347
-0.18868948986499917,2.1457672e-6,0.00088181946
-0.18867508718586973,0.0008189678,0.0008814223
-0.18861447490787708,3.695488e-6,0.0008817344
-0.18859515556792739,-0.0002490282,0.0008837897
-0.18846865040121208,0.00028073788,0.0008821803
-0.18835897324383172,-0.00021290779,0.0008815498
-0.18834875422020536,0.00029158592,0.00088179973
-0.1882420423179093,-0.00027912855,0.0008814284
-0.18821819951842594,-3.1113625e-5,0.00088185974
-0.18814642571525558,-0.0003029108,0.0008824273
-0.18808774009362966,5.4836273e-6,0.00088264706
-0.1880612902305157,0.00032305717,0.00088146783
-0.18804682941887169,0.00047767162,0.0008811727
-0.18798628117048377,8.940697e-6,0.0008810493
-0.18796693234302664,0.0016493797,0.0008829098
-0.18788238398374624,0.0010043383,0.00088079995
-0.18784042085776548,-0.0008906126,0.0008810058
-0.18773073232601517,-0.0014834404,0.00088083703
-0.1877205339440554,-0.0007792711,0.0008813936
-0.1876138296242612,8.46386e-6,0.00088284025
-0.18758996491977237,-0.00019735098,0.00088224193
-0.18751821976119776,-0.0007519126,0.000883083
-0.18745951223456636,0.00032019615,0.00088247843
-0.18743309059520952,-5.1498413e-5,0.0008818712
-0.187418572072301,2.9563904e-5,0.00088110194
-0.1873580874330904,0.00043046474,0.00088230567
-0.1873387091177145,0.0007046461,0.0008829102
-0.18725413548342779,0.00025129318,0.0008813753
-0.18721219089255448,0.0011746883,0.0008820908
-0.18710249098735993,-0.0008725524,0.0008810605
-0.18709231366780255,-0.000428617,0.0008813071
-0.18698561650936302,-0.00077682734,0.00088144315
-0.18696173032142732,-0.00030642748,0.0008817934
-0.18689001338630123,0.0007007122,0.00088179787
-0.18683128395487003,-0.0009572506,0.0008818636
-0.18680489095990332,-0.0003375411,0.0008816477
-0.18679031430448023,-0.00047332048,0.00088228093
-0.1867298936952857,0.00028049946,0.00088209595
-0.18671048589281375,0.0007637739,0.0008832263
-0.186625886983315,0.0006341934,0.00088053674
-0.18658396092734353,0.0007340908,0.00088174676
-0.18647424964870463,0.00058579445,0.00088157173
-0.186464093391344,0.00022912025,0.00088180543
-0.18635740381530352,0.0015765429,0.000882164
-0.18633349572246516,-0.0002900958,0.00088221225
-0.18626180743265486,0.00025606155,0.00088142895
-0.18620305567496803,0.00039887428,0.0008825012
-0.18617669132500847,-0.00015735626,0.0008814804
-0.18616205653748225,2.3841858e-6,0.0008816901
-0.18610169953664224,0.0010817051,0.0008813069
-0.186082262667913,0.0007916689,0.00088268245
-0.1859976389048637,-0.00019305944,0.0008806423
-0.18595573096264678,0.0011271238,0.0008821158
-0.18584600873129947,0.0011222363,0.00088206853
-0.1858358735364441,-0.0014624,0.00088101416
-0.18572919070040533,-3.5703182e-5,0.0008818736
-0.1857052611234002,0.0010150671,0.0008818752
-0.18563360105775834,-0.00038856268,0.0008819567
-0.1855748273947575,-0.0005121827,0.00088306644
-0.185548491689908,-0.0007060766,0.0008820726
-0.18553379876996995,-0.0003734827,0.0008813112
-0.18547350579924887,-0.0006156564,0.00088140205
-0.18545403902135082,9.274483e-5,0.0008839236
-0.18536939040495665,0.0002989769,0.0008805541
-0.18532750099774437,0.0016583204,0.0008830381
-0.18521776739223278,0.00023150444,0.00088154315
-0.18520765326019129,0.00021600723,0.00088279665
-0.18510097800634584,0.0007299185,0.0008814246
-0.185077026525158,-0.0006366372,0.0008818818
-0.185005394682759,-0.0005502701,0.00088157115
-0.18494659911475264,0.00021541119,0.00088223384
-0.18492029205491034,8.440018e-5,0.00088112114
-0.18490554142350213,0.00042438507,0.0008810276
-0.18484531206144417,0.00036406517,0.0008823439
-0.18482581579645008,0.0008357763,0.00088333536
-0.1847411419046382,-0.0004388094,0.0008812334
-0.18469927103243056,-0.00011599064,0.00088176125
-0.1845895260533718,-8.3208084e-5,0.00088143547
-0.18457943298373275,-0.0012577176,0.00088150165
-0.1844727653123892,-0.0007568598,0.0008817544
-0.18444879192640157,-0.00053328276,0.00088145584
-0.18437718872880404,-0.0011135936,0.0008812884
-0.18431837125610073,2.2530556e-5,0.0008819998
-0.18429209241991262,0.0006377697,0.0008816095
-0.18427728365568136,-0.00035005808,0.0008809287
-0.18421711832374227,0.0010709763,0.0008819476
-0.18419759257154933,0.0005033016,0.00088311796
-0.18411289382598123,-1.1384487e-5,0.00088091166
-0.18407104148857256,-0.00021153688,0.00088208675
-0.18396128513617233,0.00015318394,0.00088122603
-0.18395121270758275,0.0010069609,0.0008823971
-0.18384455219779955,0.00047826767,0.00088178884
-0.1838205573274394,0.0012267828,0.00088369416
-0.18374898235390752,0.00036263466,0.0008817035
-0.18369014297619873,0.00016081333,0.00088208966
-0.18366389278481215,0.00039958954,0.00088156987
-0.18364902588827198,0.00037896633,0.0008806486
-0.1835889245862461,-0.0007548928,0.00088064605
-0.18356936934654572,-0.0006957054,0.00088246725
-0.18348464532607417,-0.00085783005,0.00088099623
-0.18344281152356728,0.0023931265,0.00088275416
-0.18333304379751703,0.00079226494,0.0008819366
-0.18332299243132988,0.001945138,0.00088210154
-0.18321633950415145,-0.00039809942,0.00088208704
-0.1831923227283745,-0.0006827116,0.0008814613
-0.18312077639984975,0.00035309792,0.0008818672
-0.1830619146959882,-0.00011962652,0.00088197726
-0.1830356931498145,-0.00011956692,0.0008821957
-0.18302076854242122,0.0021555424,0.0008816798
-0.18296073042801403,-7.164478e-5,0.00088152103
-0.18294114612154216,0.0003244877,0.0008832477
-0.18285639682616706,-0.00023972988,0.0008810818
-0.18281458155897334,8.559227e-5,0.00088261446
-0.18270480287970048,-0.0008639693,0.00088215165
-0.18269477215507707,0.00028312206,0.0008821435
-0.18258812638884186,0.0001784563,0.0008821301
-0.18256408812972086,0.0010852814,0.00088222657
-0.18249257044579198,5.1140785e-5,0.0008817555
-0.18243368641577767,9.3102455e-5,0.00088229956
-0.18240749351481683,0.00030481815,0.00088165526
-0.18239251077490892,-0.00059455633,0.0008803322
-0.18233253669020932,-0.00013822317,0.00088082976
-0.18231292289643575,-0.0005887151,0.00088344153
-0.1822281487470987,0.00010073185,0.0008816318
-0.1821863515936596,-5.6803226e-5,0.00088247773
-0.18207656154104523,5.90086e-5,0.00088156795
-0.18206655187872134,-0.00014805794,0.0008814201
-0.18195991369519376,0.0006444454,0.0008818954
-0.18193585353127295,-0.0014101267,0.0008818442
-0.18186436407130685,-0.00040239096,0.0008814332
-0.18180545813608134,0.00010967255,0.0008830186
-0.18177929387992198,-0.0010101199,0.00088086136
-0.18176425342854396,0.00022482872,0.000880484
-0.18170434295240462,0.00035488605,0.00088189007
-0.181684699671535,0.0005238056,0.00088310504
-0.1815999002468831,1.4662743e-5,0.00088134286
-0.18144832062364002,1.1444092e-5,0.0008820887
-0.1814383320234101,0.00061774254,0.000881701
-0.18133170100154566,-1.6331673e-5,0.00088175846
-0.1813076189324137,-2.4497509e-5,0.00088193413
-0.18123615811766042,0.0007221699,0.00088153046
-0.18117723027742944,-0.00015723705,0.0008825306
-0.18115109424471865,9.846687e-5,0.00088214094
-0.18113599566103172,-0.00028276443,0.00088070944
-0.18107614921542264,-0.00071650743,0.0008809001
-0.1810564764465314,1.1444092e-5,0.0008834437
-0.18097165174728458,-0.0008132458,0.0008809132
-0.1809298920851048,-0.00011456013,0.0008823676
-0.18082007928498478,-0.0010258555,0.00088192144
-0.1808101117475686,0.00053215027,0.0008815831
-0.18070348788623608,0.0009031296,0.00088207127
-0.18067938475459883,0.00023901463,0.00088244077
-0.1806079517423525,-0.001052916,0.0008822272
-0.18054900199711604,0.000467062,0.00088228344
-0.18052289460951526,0.00023508072,0.0008817254
-0.18050773789351948,-0.00015062094,0.0008808945
-0.18044795547761788,-0.00038546324,0.00088103267
-0.18042825322132217,0.00052416325,0.0008832336
-0.1803434036686276,-0.00064593554,0.0008812489
-0.18030166211979098,-0.0006133318,0.0008820798
-0.18019183794622662,0.0011019707,0.00088200206
-0.1801818914713158,-0.00040990114,0.0008819738
-0.18007527519227945,-0.00087714195,0.0008816567
-0.18005115015594525,-0.0004440546,0.00088182586
-0.17997974578870612,8.46386e-6,0.00088156527
-0.17992077371721404,-0.00051796436,0.0008821254
-0.17989469497482613,8.46386e-6,0.0008813857
-0.1798794805473602,0.00083744526,0.0008805315
-0.1798197613185631,0.00027048588,0.0008810783
-0.17980002999642142,-0.0006303787,0.00088240346
-0.1797151551687205,0.00011241436,0.0008820835
-0.1796734321546829,-0.00030755997,0.00088178663
-0.17956359702851293,-0.00019007921,0.0008818629
-0.17955367119496007,-0.00016897917,0.0008819776
-0.1794470624985285,0.0010830164,0.0008817311
-0.17942291555729162,0.00045716763,0.0008818932
-0.1793515394138096,-0.00065773726,0.0008818538
-0.17929254585856214,0.00041747093,0.0008819117
-0.1792664953396228,6.1154366e-5,0.0008811115
-0.17925122277964223,0.00075507164,0.0008820987
-0.17919156758116972,-0.00046396255,0.0008816103
-0.1791718067714178,-0.0005476475,0.0008833005
-0.17908690708996067,-0.00012540817,0.00088067295
-0.1790452026109277,0.0003272295,0.0008814378
-0.17893535568985763,-6.2048435e-5,0.0008817119
-0.17892545091870726,-0.00050222874,0.00088120514
-0.1788188493840417,-0.00011432171,0.0008817349
-0.17879468095863804,-0.00086027384,0.00088182924
-0.17872333345975183,-0.0002707839,0.0008825664
-0.17866431757866014,-4.3272972e-5,0.000882276
-0.17863829570441941,-7.778406e-5,0.0008816954
-0.1786229654331744,0.0010824203,0.00088147365
-0.17856337384346788,0.00010383129,0.00088121876
-0.17854358312495844,-0.0018764734,0.00088252197
-0.17845865858974508,-0.000546515,0.00088125345
-0.17841697264592243,0.0002706051,0.0008818979
-0.17830711477245248,-0.00049334764,0.00088159373
-0.1782972310637045,0.0008401871,0.00088135124
-0.1781906366899822,0.0009782314,0.00088221097
-0.17816644635957307,-0.000543952,0.00088206003
-0.17809512750569406,-0.0011779666,0.000882015
-0.17803608929834674,-0.00035738945,0.000881921
-0.17801009606973028,-4.5359135e-5,0.0008817112
-0.1779947076659707,0.0002487898,0.0008812877
-0.1779351801059717,0.00017881393,0.00088118506
-0.1779153599000577,0.00027120113,0.00088270975
-0.17783041008983802,-0.0007169843,0.0008813178
-0.1777887431022701,0.0016995668,0.00088232616
-0.17767887343369432,-0.00012266636,0.0008815894
-0.1776690107873488,0.00035226345,0.0008818696
-0.17756242399592276,-0.0003719926,0.0008816651
-0.1775382117609195,-0.0017173886,0.0008818096
-0.17746692113079754,-0.0004297495,0.0008814988
-0.17740786143948917,-0.00019228458,0.00088180107
-0.17738189643462976,0.00045907497,0.0008818852
-0.1773664503198114,0.00041043758,0.0008804584
-0.17730698636857833,-0.0007703304,0.0008809416
-0.17728713667505414,-0.00033187866,0.00088261504
-0.1772021620110782,-0.00043189526,0.00088118884
-0.17716051313705916,0.00024211407,0.0008819274
-0.1770506325161863,-6.324053e-5,0.00088188675
-0.17704079051078747,-0.0012719035,0.00088147004
-0.176934211302686,0.000770092,0.0008820251
-0.1769099771624716,0.0011180639,0.00088195264
-0.1768387151771511,0.0007123947,0.00088166096
-0.17677963315979284,-0.00024229288,0.0008823897
-0.17675369679932357,-0.00019878149,0.0008817703
-0.17673819255240197,-0.00059372187,0.0008814604
-0.1766787922097292,-0.0015382171,0.00088081363
-0.17665891345005053,-0.0005015731,0.0008826578
-0.1765739135108626,0.0005239248,0.0008816606
-0.17653228317205388,0.00027489662,0.00088181824
-0.17642239117732533,-0.0003195405,0.00088092004
-0.17641257023463747,0.001200676,0.00088208384
-0.1763059981873764,-1.6570091e-5,0.0008817929
-0.17628174298475957,0.0016509295,0.0008836054
-0.17621050880184325,-0.00086033344,0.00088149065
-0.17615140487989084,4.7326088e-5,0.00088222726
-0.17612549716442877,6.937981e-5,0.00088154175
-0.17610993520624268,-0.0005373359,0.0008811111
-0.17605059847223303,0.00041091442,0.00088146015
-0.1760306902249441,-0.00026631355,0.00088271516
-0.17594566543220558,0.0016906261,0.00088218186
-0.17590405362881295,0.0016074181,0.00088151783
-0.17579415025981732,8.499622e-5,0.0008813567
-0.17578435037994322,-0.0011135936,0.00088084245
-0.17567778549331697,-0.0008365512,0.000882272
-0.17565350838579746,0.00192976,0.0008826859
-0.17558230284819681,-0.0004965663,0.00088190724
-0.1755231770208276,-0.001013875,0.0008824209
-0.17549729752953397,-6.389618e-5,0.0008817176
-0.1754816774384219,1.1444092e-5,0.00088155543
-0.1754224047347368,0.0005662441,0.0008811956
-0.17540246699963197,0.00072205067,0.00088319357
-0.17531741693219566,-0.0015477538,0.0008807959
-0.17527582366349914,-0.0003606677,0.00088165037
-0.1751659093423093,-0.0007609129,0.00088148756
-0.17515613010358755,-0.0008845329,0.00088124233
-0.17504957279966887,-0.0003644824,0.00088172726
-0.17502527378734956,0.0006644726,0.0008818173
-0.17495409689496177,0.0010877848,0.0008813627
-0.17489494874092554,0.0005944967,0.0008818993
-0.17486909789453625,-0.000600338,0.0008813159
-0.17485342009226262,0.00083601475,0.00088150287
-0.1747942109973435,3.0040741e-5,0.00088140095
-0.1747742437750398,-0.0008839369,0.0008827302
-0.17468916885343588,-0.00065267086,0.0008811531
-0.17464759411943542,0.0014619827,0.0008818034
-0.17453766800344833,-0.0005555749,0.0008812731
-0.1745279098270262,-8.1539154e-5,0.0008807805
-0.17442136010602077,0.00025355816,0.0008817071
-0.17439703918869592,-0.000116586685,0.0008820317
-0.17432589051965391,0.00059366226,0.00088230986
-0.17426672046102354,-0.0007272959,0.00088186766
-0.17424089825933292,0.00022101402,0.0008815537
-0.1742251623248532,-0.00040090084,0.0008807128
-0.1741660172596416,-0.0006045103,0.0008810462
-0.1741460205500362,0.0013427734,0.00088253926
-0.17406092035352877,-0.0010649562,0.00088110636
-0.174019364154533,-0.00028920174,0.0008814452
-0.17390942708594032,0.0007684231,0.0008832451
-0.17389968997233196,-3.7252903e-5,0.0008829597
-0.17379314699112258,0.0001449585,0.00088170334
-0.17376880458963095,0.00028717518,0.0008819014
-0.17369768456559614,0.0006673336,0.0008819215
-0.1736384926019603,-0.00036877394,0.0008826538
-0.1736126990456882,-0.0005018711,0.00088156416
-0.1735969049782825,-0.0010360479,0.0008811342
-0.17353782352193975,0.00019741058,0.00088195095
-0.17351779732492978,-0.0010654926,0.0008833946
-0.17343267227456327,-0.0005246997,0.00088082463
-0.173391134610675,-0.00037580729,0.0008815851
-0.17328118574718215,-0.00069737434,0.0008812675
-0.1732714696959763,0.0010744333,0.0008812702
-0.1731649342970631,-0.00024491549,0.0008814063
-0.1731405704120218,-0.0007953048,0.000881882
-0.1730694786119497,0.00015437603,0.000881925
-0.1730102643217497,6.747246e-5,0.000882414
-0.17298449941079336,-0.0005670786,0.0008818287
-0.17296864763212322,-0.00075244904,0.00088094117
-0.17290962978475205,-0.0010180473,0.00088085176
-0.17288957409992617,0.0007761717,0.00088293554
-0.17280442377455335,0.00050258636,0.0008817018
-0.17276290464566973,-0.0009394288,0.0008818973
-0.172652944829777,-0.001062274,0.0008819796
-0.1726432494194149,6.842613e-5,0.00088107336
-0.172536721603415,8.46386e-6,0.0008819384
-0.17251233581336822,3.7312508e-5,0.0008821375
-0.17244127223674466,0.00042068958,0.00088191254
-0.1723820360417449,0.0003978014,0.0008821709
-0.17235629977548717,0.0004143715,0.00088136
-0.17234038986471384,-0.0009985566,0.0008811227
-0.17228143562580012,0.00018525124,0.0008814511
-0.17226135045367252,-0.0005491972,0.0008825451
-0.17217617569589638,-0.0004131794,0.00088100345
-0.1720247034911217,0.00024044514,0.0008816545
-0.17201502956451503,-0.0006939173,0.00088195136
-0.1719085089097669,0.0006688833,0.00088190066
-0.17188410121492032,0.00062441826,0.0008818745
-0.17181306628299542,-0.0006144643,0.0008818973
-0.17175380818350433,-0.00028413534,0.0008824903
-0.17172810014059237,-0.00038021803,0.00088130916
-0.17171213251855455,-0.0006249547,0.0008813631
-0.17165324188809822,0.0013357401,0.0008823556
-0.17163312722877178,-0.0002142191,0.00088266906
-0.17154792719598932,0.00052189827,0.0008818824
-0.17150644513701213,0.0003851652,0.0008819149
-0.17139646257340801,0.0009829998,0.00088196096
-0.17138680928836503,-6.586313e-5,0.00088118395
-0.1712802962157074,-0.00082600117,0.00088159024
-0.17125586661585535,0.00011444092,0.0008819926
-0.171184860329349,0.00026011467,0.0008826695
-0.171125579903191,0.0003042221,0.0008824397
-0.17109990050528617,-0.00043451786,0.0008821506
-0.17108387517260093,0.0005683899,0.000881018
-0.17102504815091057,0.00022447109,0.0008820187
-0.1710049040035625,0.00021505356,0.00088274357
-0.1709196791173323,0.0017426014,0.00088178914
-0.1708782155933598,0.00069499016,0.0008820055
-0.1707682216559,-0.00013053417,0.0008822589
-0.17075858901211216,-0.00030207634,0.00088191865
-0.1706520831008092,-0.0002706647,0.0008818672
-0.17062763201699604,-0.00025099516,0.0008818044
-0.170556653954144,-0.00049471855,0.0008813867
-0.17049735204423055,-0.00035887957,0.0008815961
-0.1704717008700828,0.00021338463,0.0008816163
-0.17045561740488296,-0.0006008148,0.00088130403
-0.17039685441331154,-0.00033909082,0.0008811914
-0.17037668077835322,-0.0007471442,0.0008829086
-0.170291431038264,-0.00090420246,0.00088112865
-0.170249985628046,-0.00017464161,0.0008821673
-0.1701399803172447,-8.332729e-5,0.00088153506
-0.17013036915690377,-0.0017861724,0.0008809362
-0.17002387040685257,-0.0011835098,0.00088139094
-0.16999939783948975,-0.0009049177,0.00088163593
-0.1699284480003947,0.00027692318,0.0008818839
-0.1698691237646371,0.00027048588,0.00088261196
-0.16984350123549652,0.00011575222,0.0008808207
-0.16982736005841514,-0.00050485134,0.00088103476
-0.16976866067550683,-0.00030905008,0.0008806518
-0.1697484575536582,0.000477314,0.00088313676
-0.16966318253835688,0.00034034252,0.0008820579
-0.16962175608439367,-0.00019133091,0.0008817418
-0.16951173939953101,0.0006227493,0.00088138616
-0.16950214888075377,0.00027537346,0.00088211655
-0.16939565771289594,0.0005797148,0.0008819448
-0.1693711632407333,0.001042366,0.0008821524
-0.16930024204674832,8.46386e-6,0.00088145176
-0.16924089590598518,0.0018559694,0.0008830933
-0.1692153020218518,-0.00018507242,0.00088134094
-0.16919910271225586,-0.0005978942,0.00088090554
-0.16914046693811347,0.00026655197,0.00088115415
-0.16912023432844892,-0.00031977892,0.0008825847
-0.16903493446000845,0.000446558,0.00088096556
-0.16899352654074135,-2.8729439e-5,0.000882
-0.168883498482023,0.0015579462,0.0008816494
-0.16887392902585385,0.00078368187,0.00088189245
-0.16876744501945357,0.00034165382,0.00088167767
-0.16874292864207968,0.00075650215,0.0008816691
-0.16867203609310188,0.0009855032,0.0008816163
-0.16861266762567179,-0.00019490719,0.0008827401
-0.16858710238654562,-8.4102154e-5,0.00088239124
-0.16857084494474361,5.00679e-5,0.0008815912
-0.16851227320030876,-0.00013947487,0.00088114885
-0.16849201110323964,0.00025331974,0.00088297
-0.16840668595979286,0.0010386705,0.00088168634
-0.16836529657542754,-0.0006080866,0.00088227575
-0.1682552571433677,0.00042784214,0.00088157837
-0.16824570874929246,-0.00050371885,0.0008813161
-0.16813923232580547,-0.0007611513,0.0008818455
-0.16811469446436766,0.0005967617,0.00088235707
-0.16804382971789683,0.0005580187,0.0008820779
-0.1679844393457698,0.00079345703,0.00088234816
-0.16795890275165076,0.00045394897,0.00088097557
-0.16794258759848146,-0.00029563904,0.0008810389
-0.1678840794629154,-9.3340874e-5,0.00088117196
-0.16786378787854456,-0.0005888343,0.0008831066
-0.1677784378807245,-8.46982e-5,0.000881908
-0.1677370670317752,0.00019598007,0.00088210625
-0.16762701622596254,-0.0005373359,0.00088162086
-0.1676174888943926,0.00014412403,0.0008814191
-0.16751101963184883,0.0003950596,0.00088195794
-0.16748645986561123,0.0002399683,0.00088152575
-0.16741562376394192,0.0017435551,0.0008834434
-0.16735621148711788,0.0015324354,0.00088222243
-0.16733070311675596,0.0005415678,0.0008813201
-0.1673143302521165,0.00019788742,0.00088110956
-0.16725588572552208,-0.00034582615,0.0008804083
-0.1672355646536438,0.00086450577,0.0008834635
-0.16715018980206753,-0.0010195374,0.00088095653
-0.16710883748812289,-0.0006836057,0.0008817654
-0.16699877530855733,-1.2755394e-5,0.00088191737
-0.1669892686182426,0.0007045269,0.00088155555
-0.16688280651684778,8.46386e-6,0.0008818979
-0.16685822526736904,-0.00015801191,0.00088186644
-0.16678741781050122,0.00095534325,0.00088207
-0.16672798320721588,-5.2452087e-6,0.0008822945
-0.16670250348144977,-0.0007532835,0.0008811198
-0.16668607290595722,-0.00029087067,0.00088141445
-0.16662769156687862,0.0012750626,0.00088169455
-0.16660734100718444,0.00037312508,0.00088288105
-0.16652194130216047,-0.0010453463,0.0008815516
-0.16648060752291194,-2.682209e-6,0.0008818466
-0.1663705339694907,0.0003181696,0.00088182866
-0.1663610483416812,0.0005391836,0.0008822475
-0.16625459382319968,-0.00017809868,0.000882553
-0.16622999066830407,-0.00020307302,0.0008828362
-0.16615921185654625,-0.0007056594,0.0008812563
-0.16609975534815258,0.0010194778,0.0008830496
-0.16607430426739367,-0.0009150505,0.00088252936
-0.1660578155600036,0.00073230267,0.0008820574
-0.16599949782938245,-0.0005862117,0.00088091
-0.16597911778197516,0.00025320053,0.00088321854
-0.1658936932235035,-0.00042432547,0.0008812725
-0.16585237797915675,8.4877014e-5,0.0008818058
-0.1657422930520855,0.00050473213,0.0008816294
-0.16573282848678134,-0.0008183718,0.00088162883
-0.16562638112924305,-0.0004376173,0.000881452
-0.1656017564904892,0.0011265278,0.00088186923
-0.1655310059025913,-0.00068604946,0.0008823324
-0.16547152706783919,-0.0004080534,0.00088245247
-0.1654461046324988,-0.00081139803,0.0008818366
-0.16542955779259416,0.0017620325,0.00088216126
-0.16537130409168055,0.0001937151,0.0008809271
-0.16535089455707447,0.0010356903,0.000882836
-0.16526544514443514,0.00061166286,0.0008807055
-0.16522414843550443,0.00022554398,0.000881642
-0.16511405213468033,-0.0012062788,0.0008815605
-0.16510460821063133,0.0009588003,0.00088180386
-0.16499816843528642,0.00024795532,0.0008814303
-0.16497352189224695,0.00088346004,0.0008823362
-0.1649027995279005,-2.4795532e-5,0.00088175037
-0.16484329920959867,-0.0010203719,0.0008823517
-0.16481790499760401,0.00012338161,0.00088121474
-0.16480130044602348,0.00014996529,0.0008821033
-0.16474311035428718,-0.00061506033,0.00088132557
-0.1647226713323794,-6.9856644e-5,0.0008827431
-0.16463719664452803,0.00039613247,0.0008816272
-0.1645959188918521,0.0011212826,0.00088212884
-0.16448581079561364,0.00017368793,0.0008816621
-0.16447638835532002,-0.0012085438,0.00088193227
-0.16436995574163832,0.00022029877,0.00088278693
-0.16434528771484347,-0.0010877848,0.0008816616
-0.16427459357425406,0.0013725758,0.0008822779
-0.1642150709295938,-0.00023382902,0.0008834559
-0.16418970536240068,-0.0010602474,0.00088191224
-0.16417304309955566,-0.00094264746,0.00088187354
-0.16411491661648248,-0.0007395148,0.00088074774
-0.1640944481070673,0.00019907951,0.0008828343
-0.16400894856607678,0.00040984154,0.0008814079
-0.1639676889265383,0.00023949146,0.0008829997
-0.1638575698782085,0.0012902021,0.00088173104
-0.16384816807917002,-0.00018763542,0.0008815085
-0.1637417430481959,-0.0003144741,0.0008813043
-0.1637170531157785,-2.926588e-5,0.00088152837
-0.1636463876201963,0.00013661385,0.00088212575
-0.16358684307063337,0.0009829998,0.0008823482
-0.1635615061486531,0.0003849268,0.0008818514
-0.1635447857532935,1.1444092e-5,0.00088054896
-0.16348672287867777,0.00010764599,0.000881637
-0.16346622488196083,-0.0005136728,0.000882575
-0.1633807004872141,-0.00061297417,0.0008824936
-0.1633394593826803,-0.0007650256,0.0008828651
-0.16322932896080333,-0.0006325841,0.0008826398
-0.16321994822427016,-0.0010328889,0.0008813265
-0.16311353035423926,-0.0002309084,0.0008818971
-0.16308881851671359,-0.00031918287,0.0008820787
-0.1630181816663442,-0.00016790628,0.0008820257
-0.16295861479032003,0.0004594326,0.0008819535
-0.16293330651375826,0.0010849237,0.00088125485
-0.1629165284075456,0.00016319752,0.0008806931
-0.1628585291416958,0.00043857098,0.00088136323
-0.1628380016572658,-0.00052666664,0.0008828374
-0.16275245198689564,-0.00053179264,0.0008812142
-0.16271122983923364,-0.0014895201,0.0008815119
-0.16260108804339812,0.00044965744,0.0008816059
-0.16259172836937025,0.0013056993,0.0008822208
-0.16248531766028262,0.00033843517,0.0008826871
-0.16246058433931004,-0.000372231,0.00088161277
-0.16238997571259495,-0.0005404949,0.0008816916
-0.16233038693166812,-0.00042027235,0.00088263396
-0.16230510687855493,0.00048971176,0.0008819449
-0.16228827106097493,-0.0003375411,0.000881238
-0.1622303354038911,-8.4519386e-5,0.00088079524
-0.16220977843236506,-0.0002579093,0.0008826684
-0.16212420390823867,-0.00027394295,0.0008817119
-0.16208300029516992,0.00067412853,0.00088229583
-0.16197284670494855,7.903576e-5,0.0008817219
-0.16196350809280885,3.7908554e-5,0.0008817291
-0.16185710496684025,-0.0004672408,0.00088151783
-0.161832349740965,-0.0012769103,0.00088152493
-0.16176176933759562,-0.00011795759,0.00088148157
-0.16170215907322188,-0.00035828352,0.0008819898
-0.16167690766480736,0.00048279762,0.00088125723
-0.16166001371440425,0.00022733212,0.00088145415
-0.1616021416661892,0.0014708042,0.0008816445
-0.16158155478580283,9.012222e-5,0.0008833198
-0.1614959558295817,-0.0011616945,0.00088097656
-0.16145477075131193,0.0015283823,0.0008820206
-0.1613446057872348,0.0003234148,0.0008817958
-0.1613352882374976,0.0005700588,0.00088224694
-0.16122889227288362,0.00054585934,0.0008827725
-0.1612041151420029,0.00036597252,0.00088162324
-0.16113356338374352,-0.00068336725,0.00088109664
-0.16107393079311422,0.0013074875,0.0008827778
-0.16103175636865635,-3.5881996e-5,0.0008814666
-0.1609739479291044,-6.991625e-5,0.0008812765
-0.1609533315606964,-0.00071036816,0.0008823326
-0.1608677077511304,0.00030207634,0.0008809494
-0.16082654078661518,-0.0007624626,0.0008818408
-0.16071636486952112,-0.0009481907,0.0008822503
-0.160707067961759,0.0011693239,0.00088193116
-0.16060067957892699,0.0006891489,0.00088219024
-0.160575880964188,0.00049734116,0.0008827619
-0.16050535743009708,-0.00024318695,0.00088190014
-0.16044570293405092,6.914139e-6,0.00088217744
-0.16042050839470917,0.0004918575,0.0008811328
-0.16040349902249706,0.00030875206,0.0008822957
-0.16034575419129965,0.00017392635,0.0008809627
-0.1603251083356928,0.0005685091,0.0008827221
-0.16023945925091482,0.00030326843,0.00088065775
-0.16019831124296285,-0.00023967028,0.0008821911
-0.16008812395211597,2.0980835e-5,0.00088178687
-0.16007884810644774,-7.6532364e-5,0.00088221463
-0.15997246688527889,0.0015852451,0.00088221097
-0.15994764636553443,-0.0001951456,0.00088249583
-0.15987715147634785,-0.001073122,0.0008814469
-0.15981747465445745,0.00020360947,0.0008821799
-0.1597923091809616,0.00067818165,0.0008817795
-0.15977524125498482,-0.000810802,0.000880741
-0.1597175604535978,0.0008175373,0.00088196056
-0.15969688511068925,0.00057828426,0.0008829483
-0.1595700816988992,-0.0005392432,0.00088174245
-0.15945988303471076,3.7312508e-5,0.00088150933
-0.15945062782988634,0.0016294718,0.00088211783
-0.15934425419152792,-0.00036007166,0.0008818001
-0.15931941218813095,-0.0010520816,0.000881943
-0.15924894552239288,-1.3887882e-5,0.00088181545
-0.15918924679570268,0.00071132183,0.00088198564
-0.1591641095460668,0.00084769726,0.00088184956
-0.15914698390851695,0.0003156662,0.0008810947
-0.15908936671610163,0.0013167858,0.0008815897
-0.15906866188558283,-0.00028151274,0.00088293914
-0.15898296309349802,-0.00037825108,0.0008814017
-0.15894185215504114,-0.0011648536,0.00088170945
-0.15883164169595265,-1.8775463e-5,0.0008820628
-0.15882240797539782,0.0010957718,0.00088263676
-0.15871604149777702,-0.0015788078,0.0008817751
-0.15869117758947737,-0.0013846159,0.00088147575
-0.1586207395687465,0.00047039986,0.00088142697
-0.158561018515595,3.385544e-5,0.00088165613
-0.15853590991096628,0.00059235096,0.00088141527
-0.15851872656194632,-0.00065118074,0.00088033784
-0.15846117297870826,7.9751015e-5,0.0008818826
-0.15844043866057922,-0.00019866228,0.0008828231
-0.15835471501484105,-8.46386e-6,0.0008810479
-0.158313622611286,-0.00085765123,0.00088175596
-0.1582034007782389,0.001360178,0.0008813957
-0.1581941881203951,0.0005354881,0.0008816954
-0.1580878288039232,0.0003963709,0.00088235806
-0.1580629434116625,-0.00046551228,0.00088156655
-0.15799253361499727,0.00058603287,0.00088187575
-0.15793279065684024,0.00013363361,0.0008826158
-0.1579077106972187,-0.00059455633,0.00088237424
-0.1578904692160955,0.0007764101,0.00088068115
-0.1578329792413149,-0.00036877394,0.00088070944
-0.157812215435987,-0.00026202202,0.00088301563
-0.1577264665145226,-7.903576e-5,0.00088070804
-0.15768539306794221,-0.0008674264,0.00088152086
-0.15757515986083376,-0.0005065799,0.0008816671
-0.15756596784393656,0.0015007257,0.00088224234
-0.15745961611017228,9.906292e-5,0.0008818748
-0.15743470881300892,0.00033688545,0.0008821966
-0.1573643276610423,0.001486659,0.0008819351
-0.15730456279808552,-0.0011824965,0.0008817863
-0.15727951106222104,-0.000420928,0.0008816233
-0.1572622118698334,0.0001938343,0.000880913
-0.15720478550361305,-0.0003681779,0.0008812763
-0.15718399178942483,0.0006862879,0.0008832406
-0.1570982184356599,-0.00086557865,0.0008810921
-0.1570571635238785,0.00095939636,0.0008820002
-0.15694691894363427,-0.000436306,0.0008814406
-0.15693774798862525,-0.0007728934,0.0008807704
-0.15683140341642132,0.00033819675,0.0008821123
-0.156806474214561,-0.0005823374,0.00088174513
-0.15673612170739587,0.00031530857,0.0008821116
-0.15667633451818352,-9.62019e-5,0.0008818567
-0.15665131142712058,-0.001775384,0.00088097685
-0.15657659176611688,-0.0011843443,0.00088085525
-0.15655576856431835,0.001183033,0.0008830266
-0.15646997035690008,-0.0011414886,0.00088124775
-0.15642893397991764,-0.00064605474,0.0008819648
-0.15631867802581773,-0.0004708767,0.0008814175
-0.1563095281337254,-0.00029069185,0.0008814367
-0.15620319072256755,0.00015544891,0.0008822523
-0.1561782400369518,0.0007195473,0.00088212284
-0.15610791575364663,0.0017431974,0.00088279543
-0.15604810665922308,-7.1942806e-5,0.0008819766
-0.15602311221306447,0.00048589706,0.00088172266
-0.1560056975985592,0.0013617277,0.0008814192
-0.15594839760747342,-0.00045657158,0.00088087766
-0.1559275453393148,0.00018179417,0.0008833219
-0.15584172227855164,0.00013327599,0.00088055414
-0.15580070443657384,-0.00018054247,0.00088175084
-0.15569043710820685,-0.00047296286,0.0008814714
-0.15568130785788392,-0.0017222762,0.0008817286
-0.15557497802891945,-0.0014007092,0.0008811424
-0.15555000543788683,0.00011301041,0.0008818038
-0.15547970979969172,-0.00036597252,0.0008819703
-0.15541987880026265,-0.000118255615,0.000882324
-0.15539491257816962,-0.0015993714,0.00088111847
-0.15537744025229705,0.00018024445,0.0008814274
-0.15532020386977152,-0.0006840825,0.00088102167
-0.1552993221143112,-0.00047802925,0.0008825463
-0.15521347419948334,0.000741601,0.00088146306
-0.15517247489251013,0.0007246733,0.00088166137
-0.15506219576944874,0.0009458065,0.0008815806
-0.15505308800267548,-0.0015282631,0.0008808995
-0.1549467653351685,-0.00039488077,0.0008817429
-0.15492177126068907,0.0005043745,0.0008825389
-0.1548515038460453,0.00011277199,0.00088198425
-0.15479165052056632,-0.00048583746,0.0008819938
-0.15476671336473063,-0.0015806556,0.0008813572
-0.15474918290603495,0.0004339218,0.0008801298
-0.15469201013227535,-0.0007106066,0.0008803757
-0.1546710988894105,1.1444092e-5,0.0008829357
-0.15458522612062064,0.00042319298,0.00088202965
-0.15454424534865213,0.00041866302,0.00088173925
-0.15443395485194072,-0.00031793118,0.0008817214
-0.15442486814736422,-0.0018526316,0.0008810561
-0.15431855264121186,0.00064253807,0.0008821052
-0.15429353666203544,-0.00016695261,0.00088164833
-0.15422329747114877,-1.424551e-5,0.00088138005
-0.15416342266160588,-0.00038927794,0.00088186684
-0.15413851372952725,-0.0003954172,0.0008811891
-0.1541209255598756,0.00019609928,0.0008805106
-0.1540638163946763,0.0009877682,0.0008820179
-0.15404287566420122,0.0009800196,0.0008826991
-0.15395697804216935,0.00010287762,0.0008820391
-0.15391601580489694,0.000118494034,0.00088158157
-0.15380571393453552,-5.197525e-5,0.0008818879
-0.15379664787152275,0.0006173849,0.0008816853
-0.15369033994756376,0.001106143,0.00088289543
-0.15366530248442628,0.00045144558,0.00088167033
-0.15359509151739953,-0.00021612644,0.00088241603
-0.15353519480264544,3.1471252e-5,0.000882912
-0.15351031409432392,8.4519386e-5,0.0008810333
-0.1534926682134078,0.00015735626,0.0008828125
-0.1534356226568716,0.0012871027,0.0008809583
-0.1534146524391976,0.00077807903,0.0008828974
-0.1533287295422623,-0.0012772679,0.0008808792
-0.1532877862611418,0.0003553629,0.000882605
-0.15317747301692464,0.00062417984,0.00088233355
-0.1531684280163143,-0.000109791756,0.00088192575
-0.15306212767506294,-0.0009444952,0.0008814598
-0.1530370678853613,0.0005323887,0.0008822888
-0.15296688556344457,-0.0006750226,0.0008818595
-0.15290696652274344,4.6133995e-5,0.000882738
-0.15288211488088488,8.46386e-6,0.00088209735
-0.15286441086714564,-0.0008186102,0.00088143
-0.15280742891968396,-0.00041759014,0.00088162755
-0.15278642879345816,-0.00068575144,0.000882874
-0.15270048146360532,-0.0015036464,0.0008819709
-0.1526595567174895,8.46386e-6,0.0008817454
-0.15254923209941662,-7.516146e-5,0.00088124524
-0.15254020816100305,-0.00020849705,0.00088153005
-0.1524339149811063,0.00013828278,0.00088222214
-0.15240883370795782,-0.0009623766,0.00088133087
-0.1523386796093868,-0.0004364848,0.00088138226
-0.15227873866409153,-0.00042295456,0.00088217424
-0.1522539152456815,-0.00043785572,0.0008812843
-0.15223615352098635,-0.00017011166,0.0008806381
-0.15217923518208493,0.0008893013,0.00088130886
-0.15215820556814602,0.0006607771,0.0008829102
-0.15207223338453696,0.00034177303,0.00088093546
-0.15203132717352863,0.0007426739,0.00088200526
-0.15192099118232,-0.0012034774,0.00088124577
-0.15191198830610314,-0.00090795755,0.00088217395
-0.1518057022874582,-0.0004374385,0.0008815699
-0.15178059910950992,0.00039434433,0.00088254473
-0.15171047365604895,0.0006803274,0.00088230014
-0.1516505108053368,0.00038433075,0.0008823895
-0.15162571603172825,-0.00081694126,0.0008817538
-0.15160789659607715,-0.00013297796,0.0008810653
-0.15155104144428017,1.5497208e-5,0.00088161614
-0.15152998234283394,5.567074e-5,0.00088308443
-0.1514439853054686,0.0010566711,0.0008806124
-0.15140309762977344,0.0011527538,0.0008823562
-0.15129275026450345,0.00078332424,0.00088154984
-0.15128376802995314,8.46386e-6,0.00088193046
-0.15117748959370725,0.0009847879,0.0008819101
-0.1511523649317979,-0.0011900067,0.000882099
-0.151082267702094,0.00068473816,0.00088209327
-0.15102228252512628,0.00029814243,0.00088251545
-0.15099751639683345,0.0007754564,0.0008815743
-0.15097963924991786,-0.0008277893,0.0008809711
-0.15092284770709252,-0.0009833574,0.0008806358
-0.1509017591179332,0.00012457371,0.0008830185
-0.15081573722722302,0.0005916357,0.00088050397
-0.1507748685077826,-0.00034582615,0.0008820245
-0.1506645093467897,0.0010714531,0.0008816525
-0.15065554817505328,-0.0005931258,0.0008810413
-0.15054927689995634,-0.00018543005,0.0008825597
-0.15052413075408588,0.0007287264,0.0008815782
-0.15045406174803622,-0.0011672974,0.0008822085
-0.15039405466647437,-4.720688e-5,0.00088248245
-0.15036931718277735,0.00018179417,0.0008819259
-0.15035138190334718,0.000118255615,0.0008809421
-0.1502946539696992,0.00077724457,0.0008814082
-0.1502735358927239,-0.00034576654,0.0008828803
-0.1501874891484632,6.151199e-5,0.00088140473
-0.15014663896371888,-0.0015261769,0.0008820934
-0.1500362684292817,3.2901764e-5,0.0008816264
-0.15002732831974197,0.000942111,0.0008822197
-0.14992106420610252,1.21593475e-5,0.00088153494
-0.14989589615563798,-0.0005940795,0.0008815511
-0.14982585621594846,-3.5762787e-6,0.00088155904
-0.14976582680802814,0.00083708763,0.0008824708
-0.14974111754788255,-0.00032424927,0.0008813674
-0.1497231245571879,-0.00050765276,0.00088048924
-0.14966646023210017,0.0003054142,0.00088160665
-0.1496453126677203,0.0010793209,0.00088374823
-0.1495592410694977,0.0011005402,0.0008813106
-0.14951840941965522,0.00044822693,0.0008818786
-0.14940802751187654,0.00021183491,0.00088262104
-0.1493991084648421,0.00020217896,0.0008813648
-0.14929285151204308,-0.000510931,0.00088149536
-0.1492676619782345,0.00065100193,0.0008820349
-0.1491976502619935,-0.0014179945,0.000881325
-0.1491375989489649,0.00024735928,0.0008829202
-0.1491129183342378,-0.00041133165,0.0008810848
-0.1490948672110286,0.0004554987,0.0008812708
-0.14903826691554556,0.0005013943,0.00088052545
-0.14901708902156946,-0.00082057714,0.00088295667
-0.14893099299084073,0.0009151697,0.0008810395
-0.1488901798760029,-0.0010896921,0.00088267797
-0.14877978659447133,-0.0006707907,0.0008811961
-0.1487708881886921,0.0014270544,0.00088172895
-0.1486646392399536,-0.0003504157,0.0008816424
-0.14863942737916952,-0.00028842688,0.0008824974
-0.14856944430793573,0.0012634993,0.0008825313
-0.14850937066885717,5.1140785e-5,0.0008817565
-0.148484718699343,-0.00033026934,0.0008811821
-0.1484666102861194,1.1444092e-5,0.0008817157
-0.1484100731781522,-0.00027275085,0.000880737
-0.1483888657966687,-0.00014525652,0.0008824091
-0.14830274491218376,0.0005146265,0.00088143384
-0.14826195033214484,-0.00034302473,0.000882082
-0.14815154567675765,-0.0008326173,0.00088191946
-0.14814266833338086,0.0014992952,0.0008821012
-0.14803642654599697,0.0011438131,0.00088188803
-0.14801119320156036,-0.00012880564,0.00088134385
-0.1479412383542893,0.0013287067,0.0008824992
-0.14788114281041098,0.00094652176,0.00088245753
-0.14785651948559542,-6.5386295e-5,0.0008810701
-0.14783835293996012,-0.0004657507,0.00088115083
-0.14778187944075888,-0.00032550097,0.00088119385
-0.14776064257176802,0.00080156326,0.0008828155
-0.14767449683342393,-0.0009223223,0.0008818347
-0.1476337207883897,0.0005156994,0.0008816853
-0.14752330475924963,0.0006002188,0.0008816031
-0.14751444847848094,0.00026082993,0.000881947
-0.14740821385193748,-0.0007494688,0.0008814632
-0.14738295902415688,0.00081431866,0.0008817219
-0.14731303240064292,6.6280365e-5,0.00088161125
-0.14725291495175907,-0.0007969141,0.0008820039
-0.1472283198503921,0.00019705296,0.0008814786
-0.14721009559338943,0.0007816553,0.000880513
-0.14715368570295412,-0.00022995472,0.0008812096
-0.14713241934645588,-0.0005556941,0.00088274654
-0.14704624875445843,0.00031590462,0.00088028226
-0.1470054916658846,-0.0013089776,0.0008828648
-0.1468950638422558,0.00049352646,0.00088154647
-0.14688622862358103,-0.0010815859,0.0008807816
-0.1467800011585979,-4.5597553e-5,0.00088160986
-0.14675472442570897,0.0013847351,0.0008819172
-0.14668482644699649,-0.0006825328,0.00088120723
-0.14662468709269577,-0.0021361113,0.0008820846
-0.14660012063674738,0.0013428926,0.0008830238
-0.14658183866848024,0.00017619133,0.0008809299
-0.1465254919655608,0.00040316582,0.000880965
-0.14650419612155513,-0.00035214424,0.00088254234
-0.14641800067539007,-0.00048732758,0.0008816117
-0.1463772621222323,-0.00048404932,0.000881818
-0.1462668229247478,-0.00026106834,0.00088113546
-0.14625800876826978,0.00016605854,0.00088114745
-0.146151788464847,8.46386e-6,0.0008817427
-0.1461264902478941,-0.0010641217,0.000881786
-0.14605662049293872,8.6426735e-5,0.00088199077
-0.1459964588125881,1.1444092e-5,0.00088199973
-0.14597192100144113,0.0005902052,0.00088174036
-0.14595358132252662,0.0003452301,0.00088178675
-0.14589729822816744,0.0006392002,0.000880977
-0.14587597289665438,-0.0014989972,0.00088266947
-0.14578975259704163,-0.00014549494,0.0008801737
-0.14574903257857996,-0.00024616718,0.00088156835
-0.1456385820070341,-7.7188015e-5,0.0008825285
-0.14562978891336986,-7.3194504e-5,0.00088112435
-0.14552357619224332,-3.9875507e-5,0.00088146614
-0.14549825564903485,5.4359436e-5,0.0008816945
-0.14542841453929228,0.00046277046,0.0008816746
-0.14536823095383333,-0.00018852949,0.0008820039
-0.14534372178738508,-0.00024175644,0.0008813724
-0.1453253239760588,0.0008699894,0.0008821088
-0.14526910449036273,-0.0007889867,0.0008809019
-0.1452477492500922,0.0011204481,0.00088250637
-0.1451615045182818,0.0014818907,0.0008819158
-0.1451208034557664,0.00023758411,0.0008817951
-0.14501034108921756,-2.1338463e-5,0.0008815809
-0.14500156863721986,0.0007684231,0.000881634
-0.14489536349818383,-0.00036400557,0.0008816501
-0.14487002147183703,-0.0011832714,0.0008812627
-0.1448002085856459,0.0005440712,0.0008818883
-0.14474000309548996,0.001157999,0.00088245556
-0.14471552215290162,-0.00069099665,0.0008813544
-0.14469706705084107,-9.816885e-5,0.0008807288
-0.14464091075296936,-1.3709068e-5,0.0008806452
-0.14461952602519146,0.0004233122,0.00088260573
-0.14453325643962484,0.00020241737,0.00088070397
-0.14449257391211406,0.00065517426,0.00088245544
-0.14438210017181236,-0.00010108948,0.00088308
-0.1443733487819086,3.2305717e-5,0.00088143075
-0.14426715080453573,0.00031721592,0.0008824477
-0.14424178729443354,-0.00072556734,0.000881627
-0.14417200263158814,-0.0005043149,0.00088114484
-0.1441117752364267,-8.785725e-5,0.000883339
-0.14408732293884552,-0.00054329634,0.0008821018
-0.14406880970468178,0.0005545616,0.0008810273
-0.14401271701516466,-9.11355e-5,0.0008807542
-0.1439913028002907,-0.0006225109,0.0008828239
-0.14390500836096787,0.0018719435,0.00088125136
-0.14386434436846174,-0.00076919794,0.0008820858
-0.14375385925461287,-0.0014781356,0.00088209956
-0.1437451289270087,-0.00046014786,0.0008814158
-0.14363893811088763,0.00032651424,0.0008816853
-0.14361355269536857,0.00023651123,0.0008821357
-0.1435437966779417,0.0009473562,0.0008818586
-0.14348354737746627,0.0005850792,0.00088235654
-0.14345912372489228,0.0005738735,0.00088150013
-0.1434405523585225,-4.4345856e-5,0.00088132906
-0.14338452327756562,0.0005657673,0.0008811547
-0.14336307957538996,-0.0002759099,0.0008826651
-0.14327676028200237,0.0011771917,0.00088174804
-0.14323611524564817,0.00043559074,0.0008821482
-0.143125618337002,0.00024735928,0.00088177575
-0.14311690907210883,-0.0001630187,0.0008827832
-0.14301072583807828,-0.0009588003,0.00088147
-0.14298531851765656,-0.00078099966,0.00088172435
-0.14291559114513402,-0.0013492107,0.000881452
-0.1428553195187115,1.13248825e-5,0.00088217703
-0.142830924090306,0.0009585619,0.0008815545
-0.14281229543381896,-0.00013113022,0.0008806716
-0.14275632954037798,0.000510931,0.0008810127
-0.14273485635048921,1.1444092e-5,0.0008826976
-0.14264851220324254,0.0010154247,0.00088140264
-0.14260788570199584,-0.0013007522,0.00088203524
-0.14249737741918544,8.237362e-5,0.0008817364
-0.14248868921720892,0.00024199486,0.00088122685
-0.14238251314443018,-0.00018382072,0.0008822984
-0.1423570843401502,0.000111699104,0.000881984
-0.14228738519128192,7.593632e-5,0.00088221283
-0.1422270912388095,5.51939e-5,0.0008829108
-0.14220272487666125,0.00036644936,0.00088137947
-0.14218403808724833,-9.435415e-5,0.0008817067
-0.1421281358029846,-0.00041109324,0.0008808379
-0.14210663270392698,-0.0004851222,0.00088257174
-0.14202026412458557,-0.000598371,0.0008813487
-0.14197965615834351,0.0009382963,0.0008822311
-0.14186913650208882,-0.00035971403,0.0008815896
-0.14186046936189767,-0.0008839965,0.00088059943
-0.14175430045078208,-0.00063329935,0.00088197534
-0.14172884974190803,0.000526309,0.0008827611
-0.14165917923784122,-2.8967857e-5,0.0008815503
-0.1415988633801576,-0.00031036139,0.0008823347
-0.14157452524135505,0.0010545254,0.00088146
-0.1415557811621334,-0.0005018115,0.0008809837
-0.1414999420651799,0.0012811422,0.0008816316
-0.1414784094790263,-1.4722347e-5,0.0008829416
-0.14139201604562007,-0.00020968914,0.0008820212
-0.14135142703563275,0.0018435717,0.0008819875
-0.1412408955845808,0.00029969215,0.00088209193
-0.14123224950668922,9.012222e-5,0.0008815824
-0.14112608817797273,8.46386e-6,0.00088220247
-0.14110061556409315,-0.00017231703,0.0008816684
-0.14103097328419478,4.5895576e-5,0.0008818668
-0.14097063552119715,0.0008318424,0.0008822829
-0.14094632602729895,0.0003193617,0.0008817313
-0.14092752381617984,0.000351429,0.0008809165
-0.1408717483277866,-3.9339066e-6,0.0008813852
-0.14085018625371415,0.0020637512,0.00088361267
-0.1407637683881104,-4.1663647e-5,0.0008811736
-0.14072319749187756,-0.00016105175,0.00088209956
-0.14061265466696993,0.000538826,0.0008824977
-0.1406040296520979,-0.0014719963,0.000882426
-0.14049787548432463,-0.00035506487,0.0008821845
-0.14047238138638113,0.00094115734,0.000882518
-0.140402767330137,0.0009931326,0.00088177394
-0.14034240766244244,-0.00080144405,0.0008817276
-0.14031812681365424,-0.001432836,0.00088128087
-0.14029926689127065,-0.00082206726,0.0008799902
-0.14024355459039323,-0.00074225664,0.000881171
-0.14022196302860773,1.1444092e-5,0.000882994
-0.14013552030945337,-0.0011535883,0.0008795822
-0.14009496794822524,-6.633997e-5,0.0008822057
-0.13998441374915338,-0.00026023388,0.0008818195
-0.1399758097967866,0.00022292137,0.0008819734
-0.13986966279067653,-0.0004813671,0.00088189647
-0.13984414720928617,-0.00068223476,0.00088133983
-0.13977456137649064,0.00017523766,0.0008820125
-0.13971417980420192,0.00064086914,0.0008823405
-0.13968992717875944,0.0001654625,0.0008812687
-0.13967100954469996,-6.788969e-5,0.00088126375
-0.13961536085258852,-0.00038421154,0.0008807847
-0.13959373980391265,0.0027692318,0.00088331965
-0.13946673882582306,0.00042557716,0.0008819791
-0.13935617325299832,0.0007675886,0.0008819364
-0.1393475899415782,-0.00013834238,0.00088151684
-0.13924145051786713,0.000690341,0.00088154967
-0.1392159126106326,0.0023862123,0.0008819625
-0.1391463558440943,0.0008405447,0.0008819426
-0.13908595194513862,0.00088250637,0.0008821771
-0.13906172796470334,1.7881393e-6,0.00088168384
-0.13904275261948223,-4.0709972e-5,0.0008809527
-0.13898716711488662,0.00043535233,0.00088150107
-0.13896551615776181,0.00043118,0.0008824011
-0.13887902415213943,1.1444092e-5,0.0008814083
-0.13883850928175934,2.3961067e-5,0.0008820112
-0.13872793233579883,-0.0003619194,0.0008813333
-0.13871937008698682,-0.00077939034,0.0008811939
-0.13861323782421903,0.0016183853,0.0008819934
-0.13858767843281772,-0.0006555915,0.00088132924
-0.13851814989003652,-0.00021791458,0.000882137
-0.13845772408607532,0.0009404421,0.00088254316
-0.13843352875105863,0.0007674694,0.00088161114
-0.13841449527322008,-0.00052297115,0.0008808869
-0.13835897337739045,-0.0005927086,0.00088130153
-0.13833729293244973,0.0005630255,0.0008827894
-0.13825077607307107,-0.0006247163,0.00088118523
-0.13821028015915143,0.00044691563,0.00088164664
-0.1380996914180851,0.000751853,0.0008818309
-0.1380911502320869,-0.00033837557,0.00088088674
-0.13798502513057093,0.00022649765,0.00088222406
-0.13795944425500284,-6.175041e-5,0.00088153547
-0.13788994393618442,0.00038599968,0.0008822646
-0.1378294962278348,-0.0002117753,0.00088319724
-0.13780532911616378,-0.0008060336,0.000881806
-0.13778623834872228,-0.00025260448,0.0008808612
-0.13773078006124723,0.00084102154,0.0008809725
-0.13770906970754898,0.0005797148,0.0008825438
-0.1376225279944141,-6.508827e-5,0.0008820732
-0.13758205061570478,-5.9604645e-7,0.000882311
-0.1374714505003714,0.0008304119,0.00088158436
-0.13746293037677565,-0.0010576844,0.0008813849
-0.13735681285776158,-0.00074261427,0.00088161405
-0.13733121007759935,0.0017963648,0.00088248926
-0.13726173798243518,0.0007419586,0.0008819958
-0.13720126836877156,-0.00063192844,0.0008815429
-0.13717712990221054,-0.00061297417,0.0008813762
-0.137157981002563,-0.00026732683,0.00088166416
-0.13710258632354533,0.0010528564,0.00088153576
-0.13708084648264823,-8.457899e-5,0.0008829437
-0.13699428033700728,6.4611435e-5,0.0008810532
-0.1369538214928912,0.00073206425,0.0008821985
-0.13684320958317192,-0.001104176,0.00088150066
-0.1368347105215672,-6.377697e-6,0.0008813056
-0.13672860016411348,-0.00023287535,0.0008820284
-0.13670297547935717,0.0005893707,0.00088280294
-0.13663353245034743,-0.00018411875,0.0008819646
-0.13657304008845816,-0.00031399727,0.0008817876
-0.13654893068846297,0.0003336668,0.00088181224
-0.1365297240772424,0.0007892847,0.0008811621
-0.13647439258604915,0.00015211105,0.0008812548
-0.13645262325774749,-0.0007211566,0.0008825566
-0.13636603225835026,-0.00025349855,0.00088028924
-0.1363255919490332,0.0013868809,0.0008822548
-0.1362149686657667,-0.0010397434,0.00088167295
-0.13620649066656448,-0.0011088252,0.00088097906
-0.13610038747046538,0.0005623102,0.00088212185
-0.1360747413015423,0.00071048737,0.0008818367
-0.1360053264962896,-0.0014591813,0.0008815519
-0.13594481222980626,-0.0003606081,0.0008825157
-0.13592073105356817,5.9604645e-6,0.000881349
-0.1359014667310831,-0.0007927418,0.00088086596
-0.13584619884865579,0.00052571297,0.00088145025
-0.13582439961118525,-6.264448e-5,0.00088356057
-0.13569736282683664,0.0009614229,0.00088260276
-0.13558672774805303,0.000770092,0.00088216487
-0.13557827081166457,0.00013804436,0.00088152534
-0.13547217519806737,0.00036668777,0.0008823804
-0.1354465071237274,-0.00015968084,0.0008817418
-0.1353771205423347,-0.00023412704,0.00088146055
-0.13531658437115435,0.000104784966,0.00088192726
-0.13529253183961493,-0.0010074973,0.00088117295
-0.1352732098061739,0.00047016144,0.0008818175
-0.13521800511105675,-0.00084894896,0.000881323
-0.13519617638597597,0.00068354607,0.00088234205
-0.13510953610062498,-9.030104e-5,0.0008808798
-0.13506913370443446,0.00046992302,0.00088198896
-0.13495848725158943,-0.00031489134,0.0008811988
-0.13495005095645618,-0.0012099743,0.0008812902
-0.13484396250400793,0.0002912283,0.000882325
-0.13481827294673532,-0.00019723177,0.00088223466
-0.1347489145889968,-6.4611435e-5,0.000882037
-0.13468835651250244,0.00061059,0.0008821146
-0.13466433262586736,0.000233531,0.00088208105
-0.1346449528811619,-3.027916e-5,0.00088125863
-0.13458981137356058,8.46386e-6,0.0008810808
-0.1345679531613838,-0.0003039837,0.0008831168
-0.13448128802196796,0.00013566017,0.00088073965
-0.13444090416037074,8.46386e-6,0.0008816735
-0.13433024633418422,3.7908554e-5,0.0008812345
-0.1343218311014534,0.00082957745,0.00088240136
-0.1342157502313014,0.0001912117,0.0008815401
-0.13419003876922897,0.0005083084,0.0008820346
-0.1341207090561891,-0.0006162524,0.00088151696
-0.1340601286534392,-4.643202e-5,0.0008828759
-0.13403613299097256,-0.0007174611,0.00088186277
-0.13401669553469403,-0.0010323524,0.00088073214
-0.1339616176360644,-3.606081e-5,0.0008811271
-0.13393972993648307,-0.00018876791,0.00088304974
-0.1338530403647668,-0.00017011166,0.00088070665
-0.13381267503776284,-3.33786e-5,0.00088197016
-0.13370200541698474,0.00063991547,0.0008814031
-0.13369361124696488,0.0009409189,0.0008815761
-0.13358753753796182,0.0005681515,0.00088226126
-0.13356180417026686,-0.0009623766,0.00088170613
-0.133492503102337,-0.00025093555,0.00088184426
-0.13340793377701932,-6.7055225e-5,0.00088105287
-0.1333884386093735,-0.0006233454,0.0008805836
-0.13333342389846536,-0.00028467178,0.0008808592
-0.13331150628992083,0.0012332201,0.0008836968
-0.1332247922858013,0.0015522242,0.000881407
-0.13318444549400765,0.0005466938,0.0008819979
-0.1330737644991682,0.0005662441,0.0008817928
-0.13306539139165363,-0.0003862977,0.0008818135
-0.13295932526515247,-0.0002438426,0.0008818989
-0.13293356999245198,0.00020182133,0.0008814726
-0.13286429714858777,-0.00045192242,0.00088144455
-0.13280367293613538,-1.2397766e-5,0.0008823355
-0.13277973456327175,-0.00034672022,0.00088123325
-0.13276018126362554,0.000860095,0.0008807196
-0.1327052301609692,-0.0011680722,0.0008804244
-0.13268328306502009,0.00039732456,0.0008832461
-0.1325965442068358,0.00022137165,0.00088086305
-0.132556216371914,0.0014326572,0.0008826405
-0.13244552400280746,-0.00020825863,0.00088119815
-0.13243717153634238,-0.00065010786,0.00088136055
-0.13233111257119584,-0.0011287928,0.0008820359
-0.1323053358150485,-0.00013786554,0.00088364637
-0.13223609161588296,-0.00078493357,0.0008813089
-0.13217544507707207,-0.00015383959,0.00088302186
-0.13215153534962704,0.00033545494,0.00088213943
-0.13213192433861354,0.0003437996,0.0008814332
-0.13207703642347302,6.222725e-5,0.00088085176
-0.13205505984011934,0.00066649914,0.00088300835
-0.13196829654942893,-0.0013083816,0.0008810181
-0.13192798724910038,-0.00039231777,0.00088220823
-0.13181728308560797,-0.0006272793,0.00088157924
-0.13180895210269256,0.00021159649,0.00088142784
-0.13170289987785627,0.00045704842,0.0008818361
-0.13167710163785074,0.00042581558,0.0008826749
-0.13160788566223652,-0.00045448542,0.00088159094
-0.13154721721842016,0.00063335896,0.0008829684
-0.1315233357145265,-0.0004595518,0.00088125037
-0.13150366741360148,0.0010906458,0.0008815273
-0.13144884310712407,-0.00074899197,0.0008809012
-0.13142683661480725,-0.001285851,0.0008830156
-0.13134004847077196,0.00018274784,0.000882306
-0.13129975770513952,-0.00025963783,0.0008814087
-0.13118904216820276,0.0005338192,0.0008816175
-0.1311807322477927,-0.00065100193,0.00088165724
-0.13107468760545826,-0.0002720356,0.00088166614
-0.13104886746024152,-0.0006920099,0.00088229065
-0.13097967970848728,0.00057816505,0.00088150386
-0.1309189893597683,-7.343292e-5,0.00088193896
-0.1308951365004704,0.00023674965,0.00088194414
-0.13087541048869228,0.0012527704,0.0008813196
-0.1308206493697307,0.0003733635,0.00088096247
-0.1307986129686564,-0.00012034178,0.0008830426
-0.13071180039201213,0.0014976263,0.00088139524
-0.13067152858304582,-0.0016772747,0.00088141975
-0.13056080125038622,-0.00021559,0.0008814901
-0.13055251239289278,0.00025355816,0.0008814909
-0.13044647491139877,-0.0011446476,0.0008816996
-0.1304206332824267,0.0014623404,0.00088199804
-0.1302907615011164,-7.867813e-6,0.00088211696
-0.1302669372868257,7.6532364e-5,0.0008821268
-0.13024715314222446,-0.0009481907,0.00088081846
-0.13019245563223453,0.00053429604,0.000881259
-0.13017038974375567,-2.6226044e-5,0.0008828872
-0.13008355231304664,-0.0008891225,0.00088013214
-0.13004329946023224,-3.0517578e-5,0.00088233
-0.12993256075402548,0.0005824566,0.0008821093
-0.12992429253758153,0.00064074993,0.00088193576
-0.12981826263858942,-0.0012336969,0.000881703
-0.1297923986839788,0.0004631281,0.000882241
-0.12972326822234176,0.00038659573,0.00088183
-0.1296625336424645,0.00061035156,0.00088285515
-0.12963873807338666,0.00050246716,0.00088132254
-0.12961889621721245,0.00011742115,0.0008807603
-0.12956426189453268,-0.002347529,0.00088034966
-0.12954216651885492,-0.0012773871,0.0008828861
-0.12945530465563976,-0.00043475628,0.0008811516
-0.12941506991637425,-0.0013681054,0.000881988
-0.12930431983651747,0.00012421608,0.00088105287
-0.12929607268268162,-0.0005413294,0.0008810243
-0.12919004994494132,8.46386e-6,0.00088193314
-0.1291641645065753,-1.1026859e-5,0.000881538
-0.1290950622683868,-0.0003719926,0.00088148855
-0.1290343057834012,0.0002515316,0.00088221394
-0.12901053885943342,-0.0009622574,0.0008813463
-0.12899063929230326,6.67572e-5,0.0008817966
-0.12893606815672792,-0.0003632903,0.00088110886
-0.12891394329354278,0.0002477169,0.000883458
-0.12882705657718846,0.00043118,0.00088116055
-0.12878684079386915,0.0004388094,0.00088186277
-0.1286760789194208,0.0011008978,0.00088252046
-0.1286678528277817,0.0010789633,0.00088127726
-0.1285618376725433,-0.0002015233,0.0008817965
-0.1285359303289661,8.4757805e-5,0.00088194123
-0.12846685673588765,-0.00017106533,0.00088158675
-0.12840607792474928,-0.00059103966,0.0008826211
-0.12838233922423004,-0.000597775,0.0008815871
-0.12836238236708553,0.00023460388,0.0008807708
-0.1283078744193346,-0.00044590235,0.00088162464
-0.1282857196469806,-0.00022858381,0.0008831099
-0.12819880849812015,0.00020158291,0.0008803423
-0.1281586116713641,-0.0016576648,0.0008814318
-0.12804783800201563,-9.4771385e-5,0.0008823269
-0.12803963339372054,0.0002245903,0.0008814046
-0.12793362497858668,-0.0007147789,0.00088194874
-0.12790769615115127,-0.00021034479,0.0008822077
-0.12783865078203555,0.0019488335,0.0008830372
-0.1277778500663031,0.00018715858,0.0008820972
-0.12775414001079105,-0.00015342236,0.0008811127
-0.12773412502082337,-0.001255691,0.00087976555
-0.12767968068194124,0.001134634,0.0008820396
-0.1276574964224912,2.360344e-5,0.0008833897
-0.12757056084050755,8.8095665e-5,0.00088076544
-0.12753038254896187,0.0013918877,0.00088279805
-0.12741959750544918,0.000521183,0.00088131835
-0.12741141353882068,-0.00024187565,0.00088158326
-0.12730541270608586,-0.00042927265,0.0008817852
-0.1272794619737478,0.00023591518,0.00088207074
-0.12721044482797778,-8.2314014e-5,0.0008816281
-0.12714962220744552,-6.2584877e-6,0.0008825537
-0.12712594079683776,0.00014698505,0.0008815616
-0.12710586809591418,0.00029480457,0.0008804088
-0.12705148736538663,8.368492e-5,0.0008804234
-0.12702927319748764,0.0005298853,0.0008832543
-0.12694231276174778,-0.0008458495,0.0008805777
-0.12690215342625116,-0.00050860643,0.0008820691
-0.12679135658804397,-0.00060129166,0.0008816954
-0.12678319368392077,-0.0010203719,0.00088096585
-0.12667720043409925,0.00015735626,0.0008819911
-0.12665122779654997,0.0014414787,0.00088185014
-0.12658223929589002,-9.775162e-5,0.0008814665
-0.1265213947696323,0.0008113384,0.00088205485
-0.12649774158288452,0.0009074211,0.00088159443
-0.12647761117100498,0.00031805038,0.00088106515
-0.12642329362799332,0.0010071993,0.0008813819
-0.12640104955102827,-2.2411346e-5,0.0008826112
-0.12631406510423804,8.022785e-5,0.000880999
-0.12627392388249598,4.6491623e-6,0.0008815567
-0.12616311567063881,0.00058197975,0.0008816668
-0.12615497382860952,0.00038850307,0.00088161114
-0.12604898774003975,0.00013911724,0.0008820778
-0.12602299361883795,0.00032365322,0.00088181056
-0.12595403334214073,0.0005565882,0.00088143774
-0.1258931669109804,0.0019909143,0.00088279776
-0.1258695423692398,0.00025343895,0.0008814025
-0.1258493542464043,0.0009845495,0.0008817498
-0.12579509989080562,-0.0006073117,0.0008807437
-0.12577282632571612,-0.0012299418,0.0008833999
-0.12568581702599246,-0.00056040287,0.0008824127
-0.12564569476050513,-0.00056415796,0.0008821145
-0.12553487517448375,0.00011777878,0.00088120624
-0.1255267539737096,0.0015721321,0.00088203535
-0.1254207754672304,-0.00017744303,0.0008816931
-0.12539475944112594,-0.00088870525,0.00088158884
-0.12526493905232855,-0.0003528595,0.0008822774
-0.1252413431551837,2.515316e-5,0.0008810899
-0.12522109732118664,-0.0009420514,0.0008811042
-0.12516690615320664,0.0004503727,0.0008813566
-0.12514460310081538,0.0009255409,0.000883542
-0.1250575689469241,-0.00081139803,0.00088066794
-0.12501746563769156,-0.0005556941,0.00088221004
-0.1249066342566672,0.00025737286,0.0008815133
-0.12489853454005984,-0.0010737181,0.000880941
-0.1247925627735823,0.00050520897,0.0008819538
-0.12476652526392812,-2.6106834e-5,0.00088219886
-0.12469762185578953,-0.00010472536,0.0008813087
-0.12463671119357378,0.0006287098,0.0008826069
-0.1246131435202889,-5.1498413e-5,0.00088159146
-0.12459284039586604,-0.00026220083,0.000881337
-0.12453871241540188,-0.0018026233,0.0008804124
-0.12451637987622322,-6.878376e-5,0.00088337425
-0.1244293212892087,-0.00010430813,0.00088152784
-0.12438923651487793,-0.0010628104,0.0008814324
-0.12427839333885066,-0.0010100603,0.0008816838
-0.12427031468474853,0.00027036667,0.0008818841
-0.12416435050087576,0.0013588667,0.00088239205
-0.12413829108652463,-0.0003156066,0.00088193495
-0.12406941590204024,-0.0004991889,0.00088216143
-0.12400848333461334,-0.0012762547,0.0008821806
-0.1239849443066442,-0.0005007386,0.00088091724
-0.12396458347095685,-0.0006118417,0.00088052195
-0.12391051867800856,-6.681681e-5,0.0008808381
-0.12388815622976379,-0.00038647652,0.00088357547
-0.12380107321086026,0.00097322464,0.0008814828
-0.1237610073924757,0.0002834797,0.00088241446
-0.12365015284310693,9.214878e-5,0.00088162936
-0.12364209482984867,0.0002938509,0.00088163384
-0.12353613780712486,0.0007982254,0.00088180345
-0.12351005690881262,-0.00069862604,0.0008815301
-0.12344121036943828,9.930134e-5,0.0008820127
-0.12338025547596143,-0.0010780692,0.00088210986
-0.1233567450925881,0.0009166002,0.0008828846
-0.12333632654604765,0.00039732456,0.00088198896
-0.1232823249402038,-0.0007375479,0.00088084344
-0.1232599330044517,0.00048327446,0.00088345126
-0.12317282555345338,-0.00010859966,0.00088114606
-0.12313277826976499,0.00062310696,0.00088167324
-0.12302191192559891,-0.00028276443,0.0008812705
-0.12301387497494876,0.0006015301,0.0008819747
-0.12290792553472685,0.0002424717,0.0008818259
-0.1228818227311006,1.1444092e-5,0.00088217465
-0.12281300441538051,-2.2053719e-5,0.00088219024
-0.12275202761730952,-5.1617622e-5,0.0008821685
-0.12272854587894338,0.00096976757,0.00088199077
-0.12270806919988836,0.00029540062,0.00088081794
-0.12265413162406058,0.00014710426,0.000881302
-0.12263170977985949,0.00020575523,0.00088446157
-0.12254457747438502,-4.4107437e-5,0.0008811981
-0.12250454914725989,0.0015485287,0.00088189705
-0.12239367142913532,-0.00013911724,0.0008811949
-0.12238565554129899,8.46386e-6,0.00088118674
-0.12227971326232884,0.0006263256,0.00088167633
-0.12225358855369711,-0.00055766106,0.00088190293
-0.12218479888298417,7.236004e-5,0.00088194927
-0.12212379975824628,0.00043416023,0.0008821946
-0.12210034666529868,-8.696318e-5,0.00088175794
-0.12207981227456777,-0.00013262033,0.0008816822
-0.12202593788666727,0.0012046099,0.0008811606
-0.12200348613340012,0.00019419193,0.0008837933
-0.1219163298165668,-0.00016361475,0.00088178425
-0.12187632002485771,0.0003504753,0.0008823424
-0.12176543051173017,0.00080919266,0.00088217505
-0.12175743568598768,0.00014197826,0.00088129553
-0.12168937948945896,0.00010275841,-2.9703971e-5
-0.12165150056868074,0.0013272762,0.00088184007
-0.1216253543764993,-0.00026512146,0.0008814272
-0.12155659292933779,0.0006955862,0.00088239316
-0.12149557232084446,0.00018775463,0.0008820464
-0.12147214745165391,-0.00046247244,0.0008809405
-0.12145155534965862,-0.0011261702,0.0008809002
-0.12139774414886251,-0.00053042173,0.00088114524
-0.12137527284551786,1.1444092e-5,-2.9703971e-5
-0.12128808173790984,0.0006548166,0.0008817333
-0.12124809048120538,-0.00029689074,0.00088169146
-0.12113718959422215,-0.0005055666,0.00088166667
-0.1211292158308821,0.0014179945,0.0008822437
-0.12106116620157675,-7.969141e-5,-2.9703971e-5
-0.12102328829587139,0.0009688139,0.0008828101
-0.12099712019868447,-0.00021791458,0.00088130217
-0.12092838739653011,0.0011978149,0.0008822643
-0.12086734446219255,0.00045609474,0.0008823977
-0.12084394823759786,0.00058984756,0.0008818289
-0.1208232984249551,-0.00027650595,0.00088129035
-0.1207695504114692,0.00044703484,0.0008815774
-0.1207470595576356,-0.00017100573,-2.9703971e-5
-0.12065983408091435,0.0011316538,0.0008817508
-0.12061986135880315,-9.185076e-5,0.00088224735
-0.12050894909796422,-0.00022798777,0.00088175037
-0.120500996397438,0.0013691187,0.00088137365
-0.12043295291369449,-0.00026232004,-2.9703971e-5
-0.12039507602347338,-0.00014531612,0.00088202755
-0.12036888602107526,1.1444092e-5,0.0008814128
-0.12030018144288368,-0.0009151697,0.0008819002
-0.1202391166031293,0.0005453825,0.00088217214
-0.12021574902354176,-0.00036275387,0.00088110764
-0.1201950415000459,-0.00043988228,0.0008806423
-0.12014135667407583,0.0013605356,0.000881356
-0.12011884626975333,-0.00040251017,-2.9703971e-5
-0.12003158600184599,0.00024414062,0.00088158017
-0.11999163223598958,0.001267314,0.0008824051
-0.11988070818035335,-0.001039505,0.0008819261
-0.11987277654212675,0.0003861189,0.00088155933
-0.11980473962581223,-0.0004938245,-2.9703971e-5
-0.11976686332951675,-0.0010678768,0.00088212715
-0.1197406518438775,0.0009069443,0.0008820912
-0.11967197591069306,0.0009881258,0.0008821873
-0.1196108887444774,0.0003118515,0.00088276254
-0.11958754981030839,-0.00070238113,0.00088115345
-0.11956678457482817,-0.00046098232,0.00088205235
-0.11951316293627112,0.0005749464,0.0008803942
-0.11949063298187107,-0.0005850196,-2.9703971e-5
-0.11940333834402772,-0.0011038184,0.00088107685
-0.11936340311358734,0.0016664267,0.0008826445
-0.11925246768378689,-0.00011199713,0.0008818221
-0.11924455668702116,0.0015362501,0.0008825026
-0.11913865105681026,0.0011298656,0.00088147837
-0.11911241766647401,0.000741601,0.00088168815
-0.11904376995684096,0.00067937374,0.0008817274
-0.11898266088582549,-0.0016639829,0.0008820694
-0.11895935059625234,-0.00085675716,0.00088102213
-0.11893852764961044,-2.515316e-5,0.00088182825
-0.11888496961992218,0.0004951954,0.0008816033
-0.11877509026578215,-0.0011661053,0.00088079355
-0.1187351739911851,3.7789345e-5,0.0008815169
-0.1186242267665874,0.00040447712,0.00088107743
-0.11861633725357706,0.0010535717,0.0008819622
-0.11851043878461792,-0.00030452013,0.00088129484
-0.11848418348865913,-8.5413456e-5,0.0008818028
-0.11841556442403328,0.00077080727,0.00088244135
-0.11835443302717358,0.000816226,0.00088285
-0.11833115138219624,0.00017035007,0.0008813526
-0.11831027072470124,0.00033164024,0.000881125
-0.118256775882426,8.46386e-6,0.000880977
-0.11814684260827246,-7.098913e-5,0.0008803911
-0.11810694528962162,0.00019574165,0.0008827839
-0.11799598627043234,0.000113248825,0.0008817107
-0.11798811739867715,-1.4722347e-5,0.00088099245
-0.11788222609066129,0.0001758337,0.0008824857
-0.11785594931094712,-0.0005329251,0.0008815942
-0.1177873584703869,0.00028526783,0.00088254706
-0.11772620558966895,-5.2452087e-6,0.00088199816
-0.11770295216896287,-0.00020444393,0.0008811262
-0.11768201379999776,-4.5716763e-5,0.00088118995
-0.11762858214534122,-0.0007058382,0.00088087225
-0.11751859452951263,-0.00030261278,0.000880763
-0.11747871616721939,-0.0011592507,0.0008816478
-0.11736774535282146,-0.0011201501,0.0008809086
-0.11735989796461599,-0.00057703257,0.0008808229
-0.1172540138179548,-0.00025337934,0.0008821858
-0.11722771513344077,-0.0010598302,0.0008817553
-0.11715915293757923,-1.335144e-5,0.0008817473
-0.11709797773070851,-0.00018137693,0.0008824888
-0.11707475295490677,-0.00040239096,0.0008810307
-0.11705375729592732,-0.00038474798,0.000881243
-0.11700038840753646,-0.0012097359,0.0008815363
-0.11697769949087122,-0.0013149977,0.0008843902
-0.11689034687190009,-0.0007824898,0.00088102097
-0.11685048704481721,8.46386e-6,0.0008823613
-0.11673950485656354,4.8041344e-5,0.0008815
-0.1167316781095104,-0.00031775236,0.0008822828
-0.11662580154576246,7.045269e-5,0.0008816154
-0.11659948095644868,0.00059497356,0.00088174053
-0.11653094740518294,0.00072586536,0.00088147866
-0.1164697498720566,-0.00025969744,0.0008822902
-0.11644655374095353,0.00027894974,0.00088154455
-0.1164255003708124,-0.001139164,0.0008806673
-0.11637219466993742,0.00043118,0.0008812443
-0.11634947584430899,-0.00014901161,0.0008845869
-0.11626209879283173,0.0005193949,0.0008811873
-0.11622225792210644,-0.0001476407,0.0008814865
-0.11611126393905552,0.0016092062,0.000882389
-0.11610345825450769,0.00036025047,0.00088131573
-0.11599758885211436,-0.00015598536,0.0008820765
-0.1159712467786338,0.000385046,0.0008820947
-0.1159027414515365,0.0006529093,0.0008823095
-0.11584152201330189,0.00096416473,0.0008823889
-0.11581835452720596,-0.00037944317,0.00088083936
-0.11579724344610892,-0.00078231096,0.0008810746
-0.11574400135399987,-0.0010442138,0.0008801818
-0.1157212526194083,0.000113368034,0.00088440505
-0.11563385113563052,-0.00062829256,0.0008815583
-0.1155940287996014,0.00016379356,0.00088150986
-0.11548302344290046,0.00039887428,0.00088200474
-0.11547523882075506,-0.0018905401,0.0008809716
-0.11536937657940788,3.6239624e-5,0.00088189077
-0.11534301260092178,0.0007978678,0.0008820227
-0.11527453591872883,0.0013056993,0.0008816754
-0.11521329457559154,-0.00055903196,0.00088284357
-0.11519015531356125,0.0007560253,0.00088125234
-0.11516898652119972,-0.0004685521,0.00088071346
-0.11511580761619516,0.00021064281,0.0008812699
-0.11509302939450755,0.00092840195,0.0008854277
-0.11500560305697355,-0.00038534403,0.0008813262
-0.11496579967719917,1.21593475e-5,0.00088254025
-0.11485478252518677,0.0008263588,0.0008816785
-0.11484701896564947,-0.0012577176,0.00088136946
-0.11474116430670134,0.00033521652,0.00088161585
-0.11471477842382682,-2.1457672e-5,0.0008816809
-0.11464632996508245,-0.00016593933,0.0008816864
-0.11458506671693963,0.0005402565,0.0008816803
-0.11456195609991654,0.0007305145,0.0008817274
-0.11454072959629052,4.8160553e-5,0.0008816711
-0.11448761387859613,-0.00050759315,0.0008819635
-0.11446480574825385,0.00048601627,0.0008848389
-0.11437735539925814,0.00053429604,0.00088148506
-0.11433757055479693,-0.00069487095,0.0008816392
-0.11422654202872318,-0.0001912117,0.000881728
-0.11421879953189684,6.151199e-5,0.00088174106
-0.11411295203430333,0.00059628487,0.00088332983
-0.11408654466767348,-7.212162e-6,0.0008815126
-0.11401812443268611,-8.833408e-5,0.00088171376
-0.11395683885818486,6.1392784e-5,0.0008832925
-0.11393375688586044,-0.0011304021,0.00088114984
-0.11391247267096999,-0.0009279251,0.00088104233
-0.11385942014109995,-0.0007651448,0.00088060217
-0.11383658252304457,0.0006260872,0.0008855446
-0.11374910774174846,0.000259161,0.00088103773
-0.1137093414323947,0.00044047832,0.0008818827
-0.11359830111152364,-0.00059503317,0.00088136795
-0.11359057967730546,-0.0015298724,0.00088095095
-0.11348473934055242,-0.00031030178,0.00088146364
-0.1134583104898586,0.0019989014,0.0008816507
-0.11338991847903973,-0.0015992522,0.000881278
-0.11332861099943015,0.00093126297,0.0008831586
-0.11330555767221573,0.0015511513,0.00088206993
-0.11328421574575226,-0.0010830164,0.0008804245
-0.11323122640339806,-0.0014485121,0.0008803179
-0.11320835929814382,0.0007263422,0.0008853557
-0.11308111230958112,-0.00070005655,0.00088158774
-0.11297006061536857,0.00031757355,0.00088253873
-0.1129623602432443,-0.00038290024,0.00088096096
-0.11285652706784588,0.0003838539,0.0008819595
-0.11283007631204373,0.0012140274,0.00088183605
-0.11276171294623205,0.0002939701,0.00088160357
-0.11270038356182266,-0.0010539293,0.00088209787
-0.11267735845857102,0.0005723238,0.00088152767
-0.11265595924240168,-0.00027906895,0.00088095554
-0.11260303308725483,-0.0009843111,0.0008812536
-0.11258013565199299,-0.0009382367,0.0008851511
-0.11249261200568461,0.0002822876,0.00088102196
-0.11245288360842903,-0.00050777197,0.0008818698
-0.11234181969765489,-0.0005310774,0.0008813807
-0.11233414038803591,-0.000112235546,0.00088163407
-0.11222831479544787,-0.0008778572,0.0008821622
-0.11220184213464024,0.0009920597,0.0008816945
-0.11213350741352718,0.0012452602,0.0008821309
-0.11207215570275936,-9.685755e-5,0.0008825939
-0.11204915924451492,8.46386e-6,0.0008809909
-0.11202770231749248,-0.0008188486,0.00088098366
-0.11197483934975866,4.2676926e-5,0.0008815364
-0.1119519124266809,0.0010278225,0.00088617846
-0.1118643643479692,0.00040709972,0.00088189397
-0.1118246544860268,-0.00017476082,0.00088214333
-0.11171357920139696,-0.0001450181,0.000882168
-0.11170592095428328,-0.00010854006,0.0008814179
-0.11160010252325558,8.46386e-6,0.00088173395
-0.11157360795764815,0.000114917755,0.00088234077
-0.11150530146018933,-0.00020074844,0.00088297325
-0.11144392784431317,4.7922134e-5,0.0008819137
-0.11142096003087021,0.00028073788,0.0008816455
-0.11139944539217195,0.00036609173,0.0008815533
-0.11134664561205676,-0.00018137693,0.00088103063
-0.11132368920178015,-0.00016242266,0.0008855465
-0.1112361162690037,0.00038325787,0.0008815379
-0.11119642536321322,0.00016915798,0.0008824086
-0.11108533828399181,-0.00021350384,0.0008811212
-0.1110777010991777,8.785725e-5,0.0008810993
-0.11097188982929895,-8.046627e-5,0.000881567
-0.11094537377983327,-0.00083494186,0.0008814563
-0.11087709592738165,-0.00050371885,0.00088159234
-0.11081570040691135,0.00034105778,0.0008827548
-0.11079276081701983,0.00079619884,0.00088095246
-0.11077118846726275,0.00021958351,0.00088093634
-0.11071845187466345,0.00032687187,0.0008814269
-0.11069546555583498,0.0005322695,0.0008866162
-0.11060786861180255,4.2319298e-5,0.00088104425
-0.11056819624081099,-0.001414597,0.0008814383
-0.11045709778783674,4.8279762e-5,0.00088195386
-0.11044948166552787,-4.476309e-5,0.0008813991
-0.11034367755659241,0.0011007786,0.00088169234
-0.11031713960201839,-0.00021010637,0.000881609
-0.11024889039467684,-0.00031727552,0.0008812979
-0.11018747254805378,-0.0005745888,0.0008823132
-0.11016456160296373,0.00014674664,0.0008818371
-0.11014293196360364,-0.001019001,0.00088092225
-0.11009025813716727,-0.0003528595,0.00088143174
-0.1100672423306257,0.0009342432,0.000886019
-0.10997962095439567,0.00010597706,0.0008807573
-0.10993996753965884,-4.196167e-5,0.00088170357
-0.10982885729168163,-0.00060606,0.00088102673
-0.10982126181052515,-2.6583672e-5,0.00088138186
-0.10971546528419446,-0.0003106594,0.00088115956
-0.10968890584627639,-2.3245811e-6,0.0008825419
-0.10962068444133893,-0.001514256,0.00088078773
-0.10955924468929906,0.00089001656,0.0008822367
-0.10953636238952469,-4.6491623e-5,0.00088150374
-0.10951467503869444,0.0004466772,0.00088168617
-0.10946206482092119,0.0013964176,0.0008813881
-0.10943901868416633,-0.00066000223,0.0008863852
-0.1093513728757387,-0.00030124187,0.00088143256
-0.10931173841684527,0.00061523914,0.00088286324
-0.10920061637386508,0.00020086765,0.00088110066
-0.10919304237677252,-0.0012151599,0.00088137586
-0.10908725301138505,0.00083839893,0.00088256894
-0.10906067166877009,0.0007623434,0.0008818642
-0.10899247890894265,-0.0012251139,0.0008818536
-0.10893101725179438,0.0015149117,0.00088267546
-0.10888641811368244,0.0002529621,0.00088101835
-0.10883387108332215,0.00030875206,0.0008812035
-0.10881079545926559,0.0016168356,0.00088629697
-0.10872312521833183,-0.0010141134,0.00088009384
-0.10868350929423737,8.702278e-5,0.0008814984
-0.10857237587771001,0.0009486675,0.00088169787
-0.1085648225218726,-0.0021354556,0.0008813424
-0.10845904073898704,-0.0004864335,0.0008810744
-0.10843243749105808,-0.00068956614,0.0008821839
-0.10836427337613497,-0.0011256337,0.0008823117
-0.10830278939314247,-0.0010769963,0.000881892
-0.10827996396192674,-0.00037246943,0.00088184077
-0.10825816118846471,1.1444092e-5,0.0008816394
-0.10820567734551739,0.0005636215,0.00088106486
-0.10818257223426203,-0.0011289716,0.0008859993
-0.10809487756051356,-0.0003630519,0.0008809251
-0.10805528017173233,-4.2319298e-5,0.0008818452
-0.10794413538155495,0.00064623356,0.0008818058
-0.1079366030879143,0.00023508072,0.00088156946
-0.10783082846658909,-0.00043940544,0.0008816988
-0.1078042033132432,0.00032150745,0.00088161504
-0.1077360674220772,-0.0008068681,0.0008815546
-0.10767456153449062,0.0010250807,0.0008831043
-0.10765176516942926,-5.0663948e-5,0.00088150305
-0.1076299046848056,0.00025701523,0.00088101445
-0.10757748360843261,0.0010819435,0.00088143296
-0.10755434858800833,-0.0005096197,0.0008859774
-0.10746662948185659,0.0007876158,0.00088135566
-0.10742705147088871,-0.00016963482,0.00088185776
-0.1073158944641498,-0.00049996376,0.00088142167
-0.10730838323291159,0.0004671812,0.0008820758
-0.10720261577283813,-0.00027137995,0.00088143913
-0.10717596913583971,-0.00069630146,0.00088235893
-0.10710786188968086,-0.00086301565,0.00088162004
-0.10704633409667741,1.1444092e-5,0.0008823451
-0.10702356595578455,-0.00010108948,0.00088174
-0.1070016477597936,0.0010380745,0.0008813475
-0.10694929029198086,-0.0012455583,0.00088013406
-0.10692612536290191,0.00095140934,0.00088726287
-0.10683838182444971,0.0013509989,0.0008810686
-0.10679882234807514,-0.00034374,0.00088194903
-0.10668765396799468,0.0010529757,0.00088235707
-0.1066801637990561,0.0014373064,0.00088169967
-0.10657440350033731,0.0004491806,0.0008816898
-0.10654773537989204,-0.001132369,0.0008813851
-0.10647965635728457,-2.5629997e-6,0.00088228635
-0.1064181062380255,0.0008934736,0.0008824868
-0.10639536674183131,-0.00013720989,0.00088186085
-0.10637339083478153,0.0012482405,0.00088157266
-0.1063210965541761,0.00023138523,0.00088101905
-0.10629790171675102,-0.00049859285,0.00088697794
-0.1062101341666315,4.1127205e-5,0.0008807748
-0.10617059322536437,-0.0002553463,0.00088145596
-0.10605941305017813,-0.0005055666,0.0008814892
-0.10605194436499493,-0.00040352345,0.000881626
-0.10594619122773363,-0.0001538992,0.0008821478
-0.10591950120228283,0.0006222725,0.00088194275
-0.10585145040332966,9.918213e-5,0.0008813403
-0.10578987837937359,-0.00016826391,0.0008824766
-0.10576716752787807,-0.0006749034,0.0008807666
-0.10574513433112243,0.0011385679,0.0008811137
-0.10569290281709132,-0.00058841705,0.0008817056
-0.10566967849143893,0.00019776821,0.00088704773
-0.10558188650922462,-0.0008687377,0.0008808842
-0.10554236452452082,0.0010411739,0.0008818848
-0.10543117255402307,0.00029468536,0.0008821923
-0.10542372451030074,-0.00058072805,0.00088135217
-0.10531797895523276,-0.00029861927,0.0008815335
-0.105291267024468,-0.0005543828,0.0008816176
-0.10522324487083051,0.0010784864,0.00088188733
-0.10516165094156044,-0.00019967556,0.000881887
-0.1051389683142333,0.0015136003,0.0008832545
-0.10511687740590475,0.0002824068,0.00088188774
-0.10506470907938942,0.00027656555,0.00088116335
-0.1050414548448767,0.00030124187,0.0008871376
-0.10495363843056765,0.00068199635,0.0008815118
-0.10491413540170719,-0.0008816719,0.0008815055
-0.104802932057868,-0.00024795532,0.0008814502
-0.10479550507665092,-0.00020676851,0.0008814171
-0.10468976668252628,0.00038707256,0.0008818578
-0.10466303284737305,-0.0010139942,0.0008814008
-0.10459503933843417,-0.0007407665,0.00088225666
-0.10453342308290853,-0.0003452897,0.0008825154
-0.1045107691005886,0.0012687445,0.0008823864
-0.10448862090214278,0.00033938885,0.0008810215
-0.1044365157628348,0.0022560358,0.0008813298
-0.10441323162038735,-0.00012993813,0.0008876853
-0.10432539077316078,3.516674e-5,0.0008816862
-0.10428590670024657,-2.0861626e-5,0.0008825862
-0.10417469114005146,-0.00010317564,0.00088118826
-0.10416728564279543,0.0007776022,0.0008815128
-0.10406155440971687,0.00022029877,0.00088182214
-0.10403479909111679,0.0011570454,0.00088268623
-0.10396683380572935,-0.0003208518,0.0008816094
-0.10388257030778264,0.00074112415,0.0008822949
-0.10386036397723358,0.0005763769,0.0008815434
-0.10380832202544149,0.000767231,0.0008810989
-0.10378500839538374,0.0011116266,0.0008877398
-0.10369714311565109,-0.00047922134,0.00088102854
-0.10365767757815286,0.00012660027,0.000882129
-0.10354645064389639,0.00028812885,0.0008821689
-0.1035390657877927,-0.0011578798,0.00088134833
-0.10343334213773026,-0.0004043579,0.0008814655
-0.10340656491350764,0.0009857416,0.00088191545
-0.10333862785198011,0.0010932684,0.00088203745
-0.10327696778654633,-0.00048059225,0.0008820943
-0.10325437109413793,-0.0005030632,0.0008809975
-0.10323210705232438,-0.0005053282,0.00088193396
-0.10318012828763673,-0.00018936396,0.0008807771
-0.10315678474892437,0.0011725426,0.00088765804
-0.10306889545793568,-0.00019282103,0.00088053715
-0.10302944887700077,-0.00017350912,0.0008817795
-0.10291821014774133,0.00017762184,0.00088178675
-0.10291084635404008,-0.00020086765,0.0008817243
-0.10280512986522944,0.00032031536,0.0008811833
-0.10277833073569276,-0.00038188696,0.00088146795
-0.10271042231958377,-0.00024330616,0.00088174647
-0.10264873992779155,-0.00023567677,0.000882293
-0.10262617188069889,-0.00029927492,0.00088170957
-0.10260385054866533,0.0013642311,0.0008810164
-0.10255193455024342,-0.0012627244,0.0008810342
-0.10252856152402362,-2.5510788e-5,0.0008881266
-0.1024406478005288,0.0009185076,0.0008814851
-0.10240121975418714,0.0008407831,0.0008819747
-0.1022899696514834,-8.72612e-5,0.00088135205
-0.10228262692039031,-8.571148e-5,0.00088082295
-0.1021769175925229,-0.00071167946,0.0008815568
-0.10215009697953936,0.0004466772,0.0008813159
-0.10208221678687895,0.00026357174,0.0008824177
-0.10202051249038979,0.0012507439,0.0008821267
-0.10199797266674565,-0.00060868263,0.00088109664
-0.10197559362334474,-0.0008993745,0.00088070857
-0.1019237412341002,0.0005720854,0.0008811905
-0.10190033787776998,0.0003244877,0.0008887689
-0.10181240014312193,-0.0012509227,0.00088135817
-0.10177299105272652,0.0001591444,0.00088202703
-0.10166172873397539,0.00013458729,0.00088135415
-0.10165440706518186,0.0012513399,0.00088136626
-0.10154870532012494,-0.00035494566,0.0008822135
-0.10152186280213588,0.00032794476,0.00088199845
-0.1014540112543798,-0.0002863407,0.0008812659
-0.10139228463173788,-0.00014305115,0.000882467
-0.10136977345279236,-0.00018125772,0.00088176236
-0.10134733711968569,-0.0011251569,0.00088057085
-0.10129554749670683,-0.0002785325,0.0008820088
-0.10127211465276637,-0.000600338,0.00088765565
-0.1011841520643621,0.00064980984,0.0008822474
-0.10114476193022143,0.0006840229,0.00088228757
-0.1010334882376146,0.0005661249,0.0008816086
-0.10102618763122356,-0.00047010183,0.0008816635
-0.10092049304762407,-0.0007119179,0.0008820632
-0.10089362862432105,-0.001285255,0.0008817731
-0.10082580572198352,-0.00022417307,0.0008815838
-0.10076405719392467,0.0002719164,0.00088211213
-0.10074157466039779,-3.1590462e-6,0.00088157185
-0.10071908019508502,0.0001335144,0.0008808246
-0.10066735375931346,0.0003963709,0.0008815664
-0.10064389100661553,-0.00043827295,0.00088840345
-0.10055590440685241,-0.00052541494,0.0008812507
-0.10051653322948073,-6.7830086e-5,0.0008824588
-0.10040524774145954,-0.00075662136,0.0008810448
-0.10039796819777946,0.00030326843,0.0008819993
-0.10029228077491759,-0.00034570694,0.0008822871
-0.10026539486816766,0.0014892817,0.0008821077
-0.10019759976813142,0.0012583733,0.0008822605
-0.1001358293350671,-0.0005329251,0.00088213553
-0.10011337544634169,-8.1300735e-5,0.00088087085
-0.10009082369111738,-0.00036013126,0.00088061293
-0.10003916002150876,-0.0002720356,0.00088121474
-0.10001566778150911,-0.00019156933,0.0008890353
-0.09992765674923987,0.0006518364,0.0008812981
-0.0998883041066671,0.0006663799,0.00088254554
-0.09977700724520161,0.0013298988,0.00088128424
-0.09976974834257102,-0.00033724308,0.000880945
-0.09966406850210818,-0.00040864944,0.0008813087
-0.09963716069096984,-0.00036883354,0.00088135677
-0.09956939423563227,0.00019466877,0.0008815283
-0.099507601897871,-0.0015528202,0.00088193634
-0.09948517623269698,-0.000895679,0.00088122
-0.09946256676579684,0.0003811121,0.0008817693
-0.09941096670536553,-0.0015360117,0.0008806263
-0.09938744413525541,0.00018203259,0.0008896816
-0.09929940909173013,-8.9108944e-5,0.0008811706
-0.09926007540510362,-0.0020301342,0.00088176073
-0.09914876632748792,0.001385212,0.0008822145
-0.09914152890861272,0.0011879206,0.0008822407
-0.09903585622971023,-0.0006093979,0.00088142
-0.09900892651336068,-1.9848347e-5,0.0008817924
-0.09894118870313312,-0.0011302829,0.00088193244
-0.09887937403921909,1.1444092e-5,0.0008826305
-0.09885697701905222,-0.0008327365,0.00088162086
-0.09883431026213774,-0.0005315542,0.0008804946
-0.09878277296756083,0.00094258785,0.00088112993
-0.09875922091025185,0.00067543983,0.0008889152
-0.09867116143463178,0.00035846233,0.0008813211
-0.09863184628270144,-0.00071430206,0.0008817414
-0.09852052583133286,0.000826478,0.00088179513
-0.09851330947516862,-0.0007740259,0.00088117144
-0.09840764395751789,0.0003734827,0.0008815716
-0.0983806927567959,-0.00056517124,0.00088221335
-0.09831298317053117,0.00017011166,0.00088178844
-0.09825114660140594,0.00042653084,0.00088208006
-0.09822877822624626,0.001375556,0.0008818239
-0.09820605375847863,-0.0007275343,0.0008808426
-0.09815457922996179,0.00084519386,0.00088127144
-0.09813099726389529,0.0004786253,0.0008889224
-0.09804291377681357,-9.9778175e-5,0.00088114204
-0.09800361758124077,0.0010445118,0.0008820737
-0.09789228533507494,-0.00040274858,0.00088205887
-0.0978850900415188,0.0021066666,0.00088170427
-0.09777943168491421,0.0006273985,0.00088201335
-0.09775245857939241,0.0011417866,0.0008824366
-0.09768477763772349,-0.0013927221,0.000881515
-0.09762291874275403,0.0009996891,0.00088223553
-0.09760057901260155,-0.0010124445,0.0008809659
-0.09757779683377515,0.00028002262,0.00088052993
-0.09752638549277415,0.0001899004,0.00088127045
-0.09750277403889174,0.00034093857,0.00088909967
-0.09741466611909816,-0.0015881062,0.00088097673
-0.09737538845873572,-0.0008045435,0.0008814939
-0.09726404483881701,-0.00029230118,0.0008813962
-0.0972568701863104,0.00040125847,0.00088165613
-0.09715121941210486,0.00014078617,0.00088130997
-0.09712422440198892,-6.3836575e-5,0.00088133145
-0.09705657210532714,0.0006377697,0.00088183815
-0.09699469130535221,-0.00026118755,0.0008826785
-0.09697237979895684,0.0010430813,0.00088187616
-0.09694954032991038,0.00096488,0.0008821973
-0.09689819217621953,0.00040578842,0.0008807628
-0.09687455039263804,0.00017368793,0.0008900822
-0.09678641846158847,-0.00056284666,0.0008815108
-0.09674715975758358,-0.00066536665,0.00088183593
-0.09663580434266195,-2.4139881e-5,0.00088142056
-0.09662865075235205,2.002716e-5,0.0008808971
-0.09652300714001538,0.0005072355,0.0008816444
-0.09649599064573272,-0.0008263588,0.0008820571
-0.09642836615188644,0.0008414984,0.00088301965
-0.0963664634467003,-0.0003004074,0.00088233076
-0.09634418100615083,-0.0001707077,0.0008827566
-0.09632128340458979,-0.00072449446,0.0008808099
-0.0962699984386205,-0.00021624565,0.0008808488
-0.09624632716753162,-0.0008545518,0.00088901137
-0.0961581708041816,4.3153763e-5,0.00088098494
-0.09611893105643149,0.000390172,0.00088263355
-0.09600756342494826,-0.00012230873,0.0008815876
-0.09600043131870228,8.46386e-6,0.00088120817
-0.09589479486730884,-0.00033086538,0.0008820047
-0.0958677564680207,-0.0005786419,0.00088188134
-0.09580016061918162,0.00033903122,0.0008815511
-0.09573823600888715,0.00022101402,0.0008828408
-0.09571598179219759,-0.00062447786,0.00088126265
-0.0956930269011364,0.00054454803,0.0008817212
-0.0956418047014328,0.00064599514,0.0008812465
-0.09561810352096939,-0.0005489588,0.00089041446
-0.09552992272552463,0.00012803078,0.0008810902
-0.09549070193402925,0.0011855364,0.0008822501
-0.09537932292869034,-4.5835972e-5,0.00088162563
-0.09537221188494965,-0.0001450777,0.0008818467
-0.0952665825944995,-0.00036990643,0.0008819749
-0.09523952271186731,0.0014276505,0.0008820153
-0.0951719550864768,0.0007431507,0.00088239036
-0.0951100081499267,0.00026905537,0.0008825898
-0.09508778257845002,0.0016399622,0.00088230526
-0.09506477039747735,-0.00064998865,0.00088074035
-0.09501361096373095,-0.0010659099,0.00088074023
-0.09498988029606864,-0.00060510635,0.0008909738
-0.09490167506780922,-0.0005248189,0.0008810133
-0.09486247323246577,0.00027441978,0.0008821869
-0.09475108243253527,-0.0004746914,0.00088116026
-0.0947439924509913,0.000523448,0.0008817008
-0.09463837032210148,-0.00027102232,0.00088184734
-0.09461128853466955,-0.0011322498,0.0008823044
-0.09454374955428618,0.00027441978,0.000881429
-0.09448178071283347,0.00054609776,0.0008820248
-0.0944595833652167,-0.00044876337,0.0008813141
-0.09443651347225962,0.0004761219,0.00088140636
-0.0943854176472792,-0.0008533597,0.0008811313
-0.09436165665012347,-0.00023579597,0.0008905536
-0.09427342741029948,-0.00021803379,0.0008815344
-0.09423424453131368,-0.00040972233,0.0008814785
-0.09412284193617448,0.00010120869,0.00088110095
-0.09411577259609144,8.46386e-6,0.00088143686
-0.09401015804929214,-0.00074249506,0.0008815101
-0.09398305435695753,0.000116586685,0.0008818912
-0.09391554402168417,0.0010977983,0.0008816002
-0.09385355285418157,-0.0010382533,0.00088209374
-0.09383138457241069,0.0010185242,0.00088175613
-0.09380825696829198,-0.00044184923,0.0008812796
-0.09375722390988583,-0.0011706352,0.00088062545
-0.09373343342491419,0.00013101101,0.0008904803
-0.093645179753304,-0.0014033914,0.00088085345
-0.09360601540921998,-6.0737133e-5,0.00088193355
-0.09349460143991656,-6.16312e-5,0.000881362
-0.09348755316264734,0.0007674694,0.00088145287
-0.09338194577689413,0.0015214682,0.0008821669
-0.0933548206004956,1.1444092e-5,0.0008815365
-0.09328733848887649,-0.0013591647,0.00088141114
-0.09322532541636841,-4.595518e-5,0.0008826815
-0.09320318535835459,0.000109791756,0.0008807757
-0.09318000046463287,-0.00043779612,0.0008812717
-0.09312903017238966,-0.00011688471,0.0008809235
-0.09310520977845482,0.00023639202,0.0008908643
-0.09301693209548578,-0.0017882586,0.0008805967
-0.0929777867077593,0.0010344982,0.00088294374
-0.09286636094365863,-0.00072193146,0.00088124897
-0.09285933372858618,0.0008329153,0.0008822582
-0.09275373350449617,0.00070905685,0.0008819297
-0.09272658642309212,0.0007556677,0.00088279747
-0.0926591329564802,0.0001320839,0.00088162726
-0.09259709797896659,-0.0010730624,0.00088202406
-0.09257498656637136,0.0006760359,0.00088196725
-0.0925517435399294,0.0007984638,0.0008818378
-0.09250083685614358,0.0007535219,0.0008812522
-0.0924769865537598,-0.00090771914,0.0008909918
-0.09238868443766751,-0.000318408,0.000881475
-0.09234955800619582,-4.3153763e-5,0.0008827373
-0.09223812002625348,0.00017154217,0.0008819951
-0.09223111429473069,0.000860095,0.00088219024
-0.09212552123209816,0.0005043745,0.0008816577
-0.09209835266683586,0.0002603531,0.0008811591
-0.09203092742408386,-0.000659585,0.00088102696
-0.09196887012031468,0.001075387,0.0008827965
-0.09194678735231526,0.0018001795,0.000882621
-0.09192348703627029,0.001295805,0.0008823831
-0.09187264311854454,-0.0010527968,0.0008798706
-0.0918487629076089,-2.4974346e-5,0.00089064083
-0.09176043678026063,-0.00016987324,0.0008812455
-0.09172132930504373,0.0002002716,0.00088242634
-0.09160987953009841,0.0008544922,0.00088282884
-0.09160289486108092,-0.00019460917,0.0008817317
-0.09149730895970015,0.00028288364,0.0008826911
-0.09147011848932957,1.7523766e-5,0.0008819053
-0.09140272189158477,-0.0003401041,0.00088196533
-0.09134064268291286,-0.00036782026,0.0008824963
-0.09131858813825916,0.00081539154,0.0008814521
-0.09129523053219984,0.0002734661,0.00088126265
-0.09124444938104836,0.00015687943,0.00088142406
-0.09122053968239968,0.00074243546,0.00089214306
-0.09113218912285376,0.0010170937,0.000881568
-0.09109310018223016,-0.0007812381,0.0008819439
-0.09098163903353196,-0.00022220612,0.00088183203
-0.09097467542701976,0.0003787279,0.00088141556
-0.0908690966868908,0.00028407574,0.0008814538
-0.0908418847329705,-0.00073480606,0.0008815112
-0.0907745163588799,-0.00030070543,0.0008811865
-0.09071241482384962,0.00068998337,0.0008821557
-0.0906903893458646,4.3034554e-5,0.0008816682
-0.09066697402854074,2.1457672e-5,0.0008809964
-0.09061625564355213,-0.00033175945,0.0008813845
-0.09059231603614598,0.0002604723,0.0008912363
-0.09050394146575547,0.00046348572,0.00088113704
-0.09046487148107801,0.00062799454,0.0008820303
-0.0903533985373769,4.887581e-5,0.0008819519
-0.09034645599336993,-0.00039613247,0.0008810204
-0.09024088483574288,0.00072157383,0.00088181184
-0.09021365055546415,-0.00043070316,0.0008817804
-0.09014631082648361,0.00026738644,0.00088197115
-0.09008418738603646,0.0009114742,0.0008828354
-0.09006219013201416,0.00069248676,0.00088157976
-0.09003871710363154,0.000315547,0.0008808703
-0.08998806232720324,-0.0012719035,0.0008812246
-0.08996409238999514,0.0001283884,0.0008921166
-0.08987569422929015,0.00046992302,0.0008819749
-0.08983664277992592,0.0002412796,0.0008821386
-0.08972515804122183,-0.0002143979,0.0008819759
-0.08971823655972017,0.00032639503,0.0008812411
-0.08961267256293354,0.0009573698,0.00088242046
-0.08958541679961929,0.0001270771,0.0008818137
-0.08951810529398446,0.0002619028,0.00088152435
-0.08945595994904604,0.0006029606,0.0008823023
-0.08943399091826659,-0.000508368,0.0008810952
-0.08941046059997249,-0.0014610887,0.00088115566
-0.08935986858980988,-0.00072962046,0.0008806811
-0.0893358691650944,0.0011068583,0.0008922825
-0.08924744657147193,0.00044059753,0.0008810717
-0.08920841407877378,3.159046e-5,0.0008816567
-0.08909691754506677,0.0005835295,0.00088204094
-0.08909001670471745,-0.00086683035,0.00088157697
-0.08898446029032986,-0.000351727,0.00088160427
-0.08895718262180446,-0.00019049644,0.0008813463
-0.08888989976127964,0.00058078766,0.0008828092
-0.08882773209029127,0.0002746582,0.00088276074
-0.08880579212576917,-0.0011308789,0.00088159466
-0.08878220409590204,0.0011832714,0.00088115246
-0.08873167485200517,0.00020420551,0.0008820207
-0.08870764551853216,-0.00051772594,0.0008918983
-0.08861919891437359,0.00015199184,0.0008809693
-0.0885801853772103,-0.0007043481,0.00088135793
-0.0884686770489117,-0.0004911423,0.000880867
-0.08846179727096476,-0.00023978949,0.00088180724
-0.08835624801813757,-0.0001680255,0.0008820908
-0.08832894886534254,-0.00064593554,0.0008826177
-0.0882616942288833,-3.0040741e-5,0.0008814157
-0.08819950465258097,-0.00097572803,0.0008822928
-0.08817759291212446,0.0016766787,0.00088230055
-0.0881539475919344,-0.0007174015,0.00088064326
-0.08810348153545056,-0.00078713894,0.00088080944
-0.08807942229342575,-0.00029855967,0.0008918275
-0.08799095125686385,1.1444092e-5,0.0008820687
-0.08795195667585248,-0.0001834631,0.0008816464
-0.08784043655234525,0.0015304089,0.00088165427
-0.08783357783710932,-0.00013023615,0.00088140566
-0.08772803574573956,0.0006775856,0.0008821694
-0.08770071468783619,0.00023174286,0.0008815962
-0.08763348869607562,-0.0010611415,0.00088165276
-0.08757127721517916,-0.00020164251,0.000881852
-0.08754939411972984,0.001393795,0.0008818327
-0.08752569108858382,0.0007580519,0.00088169595
-0.08747528779846858,0.0003733635,0.0008818988
-0.08745119864748058,-0.00017344952,0.00089210976
-0.0873627035992513,-0.00031876564,0.0008826378
-0.08732372755365597,0.00035011768,0.00088213396
-0.08721219605619018,1.1444092e-5,0.00088152185
-0.08720535840335669,0.0012414455,0.0008817218
-0.08709982347293022,0.0014921427,0.00088174926
-0.0870724809316828,0.000228405,0.0008819577
-0.08700528316326794,4.696846e-5,0.00088207587
-0.08694304935652725,-0.00016790628,0.00088224374
-0.08692119490567374,0.00026082993,0.00088129786
-0.08689743416367463,0.0020298958,0.0008811759
-0.08684709406066388,-0.0015861392,0.0008810455
-0.08682297500102121,0.0011341572,0.0008933934
-0.08673445594143309,0.0008357763,0.00088166224
-0.08669549885209249,0.00043725967,0.0008824731
-0.08658395556024079,-0.0001835823,0.00088149623
-0.08657713896939834,-0.00020974874,0.0008816316
-0.0864716116217823,0.0003772974,0.00088250946
-0.08644424675427931,-0.0006200671,0.00088191545
-0.08637707763128305,0.00011134148,0.0008813861
-0.08631482191902262,-0.00021362305,0.00088206877
-0.08629299611327912,0.00088250637,0.0008810263
-0.08626917766001557,0.0006790161,0.00088102947
-0.08621890032285917,-3.2186508e-6,0.0008807658
-0.08619475177581193,-6.240606e-5,0.00089300436
-0.08610620828402621,0.00028252602,0.0008804107
-0.08606727015073468,-9.483099e-5,0.0008816137
-0.08595571506388,-0.0011422038,0.00088184443
-0.08594891953533718,1.8835068e-5,0.0008811907
-0.08584339934938434,-0.00023472309,0.0008817829
-0.08581601299781744,0.00028777122,0.0008821846
-0.08574887209888676,-0.0015500784,0.0008815682
-0.08568659448131227,7.593632e-5,0.00088208786
-0.08566479689932588,0.00049579144,0.000881228
-0.08564092115625366,-0.00025606155,0.0008812972
-0.08559070700712729,0.00024533272,0.0008814747
-0.08556652812966109,-0.00023901463,0.00089295005
-0.085477960626825,-2.8073788e-5,0.00088049885
-0.08543904144978826,0.00020480156,0.0008825627
-0.08532747456731354,-0.0010180473,0.00088126794
-0.0853207001020988,0.00081181526,0.0008819699
-0.08521518707657494,-1.5199184e-5,0.0008824347
-0.08518777882031109,0.0010778904,0.00088194356
-0.08512066656607908,0.0016307831,0.000881743
-0.08505836662224903,-0.00014293194,0.0008830155
-0.08503659810662273,-0.0010845065,0.0008815653
-0.08501266465228602,-0.0003272295,0.00088106457
-0.08496251326963111,0.0011856556,0.0008822498
-0.08493830490465748,-0.001399219,0.0008933912
-0.08484971296910959,0.00047075748,0.0008809528
-0.08481081274863617,0.00021743774,0.00088177656
-0.08469923407115848,0.0010495186,0.0008817359
-0.08469248066834617,7.4625015e-5,0.0008814688
-0.0845869748038684,-0.00037992,0.00088171306
-0.08455954506456909,-8.434057e-5,0.0008826998
-0.08449246103368274,0.00030863285,0.00088214816
-0.08443013918515574,9.6678734e-5,0.0008820664
-0.08440839889318369,-0.00029480457,0.00088090985
-0.08438440814862691,-0.0011698008,0.00088082213
-0.08433431953192921,-0.0007901788,0.00088104606
-0.08431008125840384,-6.508827e-5,0.0008939885
-0.08422146531139424,-0.0012580156,0.000880615
-0.08418258404707263,0.0006659031,0.0008822166
-0.08407099357500342,-0.0003310442,0.00088207057
-0.08406426123438782,0.0014317036,0.0008815202
-0.08395876253136758,-0.00042396784,0.0008812111
-0.08393131130800435,0.00044429302,0.00088215555
-0.08386425550128646,0.0019034147,0.00088233
-0.08380191174744539,-0.00054234266,0.0008825321
-0.0837802001005834,0.001216054,0.0008817422
-0.083756151644865,0.0008376837,0.0008812178
-0.0837061262153746,0.0008047819,0.00088115444
-0.08368185761204727,0.00094747543,0.00089391926
-0.08359321807544312,0.00053310394,0.0008808605
-0.08355435534592054,0.00018310547,0.0008814314
-0.08344275307874549,0.0011034012,0.00088163227
-0.08343604180073805,4.7445297e-5,0.00088184216
-0.08333055068063105,-0.00020247698,0.0008818302
-0.08330307713018947,-0.00035876036,0.00088217965
-0.08323604996847878,-0.0012204051,0.0008817313
-0.08317368388838214,0.00058043003,0.000882195
-0.0831520008865273,-0.00028014183,0.00088165747
-0.08312789514089736,0.00094401836,0.0008814609
-0.08307793247798129,0.0009201765,0.00088156946
-0.08305363438704372,0.00024592876,0.00089425535
-0.0829649704180363,0.0013729334,0.00088113145
-0.08292612664476845,0.0006150007,0.0008821369
-0.0828145125822819,0.00037372112,0.0008825711
-0.08280782236698542,-0.0007933974,0.00088109047
-0.08270233840782171,-0.000741601,0.0008823582
-0.08267484337403608,0.0011649132,0.000881867
-0.0826078444356711,0.00074756145,0.0008814725
-0.08254545645128886,0.00068092346,0.0008823029
-0.0825238020943384,-0.00073742867,0.0008817665
-0.0824996386372383,-0.0003515482,0.0008809771
-0.08244973874058792,0.00081300735,0.0008817164
-0.08242541074120141,-2.9444695e-5,0.0008945607
-0.08233672276062942,0.00066900253,0.0008807664
-0.0822978979436163,-0.00039970875,0.0008819802
-0.08218627208612683,9.36985e-5,0.00088155037
-0.08217960293302706,-0.00042754412,0.00088101585
-0.08207412613511517,-0.00027018785,0.00088147935
-0.08204660919663259,0.0014386177,0.0008817726
-0.08197963890327481,-0.00068229437,0.0008818438
-0.08191722901378423,0.00026226044,0.00088224764
-0.08189560288069364,-0.0006465912,0.0008813702
-0.08187138213347639,-0.0006287694,0.0008810278
-0.08182154500278321,-0.0003068447,0.0008807695
-0.08179718709463918,0.0013176203,0.00089491875
-0.08170847510281115,2.861023e-5,0.0008806835
-0.08166966924205282,-4.941225e-5,0.00088239624
-0.08155803159017744,-0.00047188997,0.0008819251
-0.0815513834989659,0.00045907497,0.00088123634
-0.08144591428427583,-0.0001385808,0.00088187505
-0.0814183754404792,-0.00095772743,0.00088132074
-0.08135143337087852,0.0002310276,0.0008817889
-0.08128900157617674,-0.0007041693,0.0008815437
-0.08126740408799049,-0.0005559325,0.00088124815
-0.08124312562971442,0.00013422966,0.00088103407
-0.08119335168663994,-0.0011264682,0.000881124
-0.08116896386953276,-0.00050228834,0.0008944539
-0.0810802274451986,-0.0008484125,0.00088083924
-0.0810414405405922,0.000993371,0.00088177796
-0.08092979109371384,-9.536743e-7,0.0008812756
-0.08092316448656622,-0.00041872263,0.00088128337
-0.08081770201146649,-0.0006060004,0.0008815525
-0.08079014168391446,0.0013614893,0.00088181265
-0.08072322783807084,0.00015842915,0.0008815556
-0.08066077371711344,0.00015473366,0.00088264677
-0.08063920487403725,-0.00022900105,0.00088101864
-0.0806148691264667,0.00018000603,0.000880904
-0.08056515794924662,0.00016593933,0.00088043936
-0.08054074022358759,0.00033795834,0.0008948732
-0.08045198020924754,0.0037304163,0.00088153104
-0.08041321183974859,0.0002977848,0.0008821761
-0.08030155059725025,0.00014805794,0.00088192144
-0.08029494505312212,-9.5665455e-5,0.00088078965
-0.08018948973875994,0.00045990944,0.00088270614
-0.08016190750651098,-0.00030177832,0.0008819471
-0.0800950223056745,-0.00056022406,0.0008817304
-0.08003254627971168,3.5762787e-5,0.0008820572
-0.08001100608164263,-0.0008454919,0.00088146824
-0.07998661262239626,-0.00040656328,0.0008811893
-0.07993696421144192,1.4901161e-5,0.0008808796
-0.07991251657743675,0.0006906986,0.00089514867
-0.07982373255184066,-0.0008187294,0.00088050065
-0.0797849831381851,-6.586313e-5,0.00088126626
-0.07967331010109518,1.1444092e-5,0.00088202744
-0.07966672561926669,-0.00042676926,0.0008817568
-0.07956127746625907,-0.00060915947,0.00088204007
-0.07953367375066611,-0.00024098158,0.0008816166
-0.0794668171949397,-0.0001667738,0.00088133034
-0.07940431884251559,0.00083494186,0.00088289415
-0.07938280686789512,0.0011358261,0.0008811761
-0.07935835611842862,-2.0861626e-6,0.0008812306
-0.07930877089529864,0.00019192696,0.0008809322
-0.07928429335212461,1.7166138e-5,0.0008951739
-0.07919548489402245,0.000911355,0.000881532
-0.07915675443672449,0.00022351742,0.00088174036
-0.07904506960483726,0.00037264824,0.0008819583
-0.07903850618520547,-0.0006548166,0.00088081416
-0.07893306561511121,0.0010927916,0.0008818581
-0.0789054395729541,-0.00024366379,0.0008819944
-0.07883861166213202,0.00018405914,0.0008808523
-0.0787760914049081,-0.00047075748,0.0008820331
-0.07875460807519197,-0.0006458163,0.0008818355
-0.0787300996146667,0.00023055077,0.0008810851
-0.0786805771575968,1.3828278e-5,0.00088139164
-0.07865606970566524,-0.000113129616,0.00089527294
-0.07856723723661557,0.00045871735,0.00088066485
-0.07852852615671962,-0.000864625,0.0008816866
-0.07841028675186423,8.738041e-5,0.0008814484
-0.0783048533427132,0.000700593,0.00088318397
-0.07827720581638936,1.1444092e-5,0.00088196015
-0.07821040612932434,-0.0013034344,0.000881242
-0.07814786396709489,-0.00043535233,0.0008818519
-0.07812640886154726,0.00096845627,0.0008815768
-0.07810184311100765,1.1444092e-5,0.0008810181
-0.0780523834198949,3.2424927e-5,0.0008815396
-0.07802784605941154,-0.0006816983,0.00089703663
-0.07793899000045879,-0.00082683563,0.0008805854
-0.07790029745556748,-0.00094103813,0.00088153477
-0.0777885886122186,1.1920929e-7,0.00088143116
-0.0777820673181116,0.00068724155,0.0008817304
-0.07767664106990385,-0.00024038553,0.00088110764
-0.07764897206023597,-0.00037568808,0.00088180095
-0.07758220059692805,-0.000192523,0.0008819088
-0.0775196361086487,-0.00041896105,0.00088258693
-0.07749821006915264,0.00091707706,0.00088152924
-0.07742419010395735,-0.00031161308,0.0008810743
-0.0773996224132607,3.5881996e-5,0.00089598395
-0.07731074234305191,-0.00043165684,0.0008811167
-0.07727206875441539,-0.00017082691,0.00088193006
-0.07716034853731363,-0.00013113022,0.0008816621
-0.07715384788425611,-0.0010293722,0.00088112324
-0.07704842921875599,0.0013642311,0.0008827605
-0.07702073830408257,-0.0005760789,0.0008817166
-0.07695399506422324,0.00015974045,0.0008815809
-0.07689140867124689,0.0009891987,0.0008826849
-0.07687001127634663,0.001543045,0.0008820028
-0.0768453301032781,-0.00012844801,0.00088119524
-0.07679599636656403,0.00039041042,0.0008811024
-0.07677139918805143,0.00014460087,0.000896486
-0.07668249468523369,0.001816988,0.00088149944
-0.07664384005295477,-0.0014783144,0.0008816418
-0.07653210804136423,3.4213066e-5,0.000881176
-0.07652562845050348,9.059906e-6,0.0008811734
-0.07642021694635798,0.0007683039,0.00088165415
-0.07639250412667908,-0.000459373,0.0008814473
-0.07632578953172409,-4.9889088e-5,0.00088225043
-0.07626318123353659,0.0014141798,0.000882842
-0.07624181206270192,0.0005238056,0.00088113686
-0.07621707359961899,0.0007483959,0.00088137656
-0.07616780262875927,6.353855e-5,0.00088083674
-0.07614317554179773,5.2452087e-5,0.0008971654
-0.07605424702751828,0.00049197674,0.0008808818
-0.07601561135169976,-0.001352489,0.0008823516
-0.07590386754479778,0.0006785393,0.00088250515
-0.075897409438001,0.0001707077,0.00088202226
-0.07579200467365144,-0.0002952218,0.00088167103
-0.07576427037011435,-0.00017869473,0.00088168203
-0.07563495379582624,-0.00022798777,0.00088205165
-0.0756136132703073,0.0006812811,0.0008823023
-0.07558881751762137,-0.0007981658,0.00088074617
-0.07553960931261605,-0.0003581047,0.00088124315
-0.07551495189564689,0.0001475811,0.00089675194
-0.07542599979167008,-8.332729e-5,0.0008812132
-0.07538738265095907,-2.2292137e-5,0.0008820937
-0.07527562704843704,0.00014269352,0.00088144286
-0.0752691900041455,0.00029098988,0.0008821775
-0.07516379282240071,0.0003424883,0.0008818037
-0.07513603661396095,0.0018064976,0.0008821005
-0.07506937888818155,-0.00047767162,0.0008815912
-0.07500672635842442,-0.0006430149,0.0008821801
-0.07498541447750134,5.9366226e-5,0.00088110636
-0.07496056101385945,0.00013077259,0.00088198495
-0.07491141557522274,-0.002030015,0.0008817729
-0.07488672867043761,-0.0010241866,0.00089684874
-0.0747977521342632,-0.00040841103,0.0008805664
-0.07475915437064568,0.000100016594,0.0008815576
-0.07464738655217912,0.00051379204,0.00088190177
-0.07464097057008434,-0.0011774898,0.00088125473
-0.0745355805500027,0.00116539,0.00088180654
-0.07450780243676319,0.0013529062,0.00088178384
-0.07444117335578526,8.46386e-6,0.00088166207
-0.07437849892122833,-0.00017219782,0.00088250777
-0.07435721526385658,0.0010586977,0.00088144874
-0.07433230450989181,0.00035226345,0.0008813482
-0.07428322183752084,0.00017857552,0.00088094384
-0.07425850502418396,-0.0005466342,0.0008971136
-0.07416950447685633,-0.00032567978,0.00088176364
-0.07413092566908219,-0.00023156404,0.0008815959
-0.07401914605592119,0.0015766621,0.0008812948
-0.07401275113643452,8.46386e-6,0.00088146405
-0.0739073686985463,-0.0010739565,0.0008813697
-0.07387956868040407,-0.000161767,0.0008812111
-0.07381296782297758,-0.0010587573,0.0008818207
-0.07375027106226789,3.361702e-5,0.00088243576
-0.07372901647146202,-0.00010031462,0.00088151795
-0.07370404800582137,0.00047838688,0.00088075415
-0.07365502852106909,0.0005995035,0.00088071974
-0.07363028137803307,-0.00082302094,0.00089751836
-0.07354125724059674,0.0007519722,0.0008809671
-0.07350269696834144,-0.00014460087,0.0008821619
-0.07339090555976613,-0.00050520897,0.00088145904
-0.07338453170299042,-0.000936985,0.0008815088
-0.07327915642604549,0.00050091743,0.00088182674
-0.07325133492383934,-0.00019007921,0.00088198675
-0.0731847622905813,-0.00028550625,0.00088098604
-0.0731220436245576,-0.0010023713,0.00088203937
-0.07310081725740591,0.00061810017,0.00088099577
-0.07307579150216231,-0.00019562244,0.00088063796
-0.07302683478367572,-0.0009891391,0.00088046776
-0.07300205773188223,0.00011265278,0.00089804904
-0.07291300958288133,-0.0008645654,0.00088082405
-0.07287446826677796,-0.0006865263,0.0008818653
-0.07276266548455262,-0.0004249215,0.0008808187
-0.07275631269028221,0.00040555,0.0008816017
-0.07265094457489757,-6.41346e-5,0.000882257
-0.07262310116768594,0.00070619583,0.0008818048
-0.07255655717912657,3.6239624e-5,0.00088163937
-0.07249381618736145,-0.00063204765,0.00088177173
-0.0724726184650113,0.0004994869,0.0008819782
-0.07244753541995902,0.00040626526,0.0008809392
-0.07239864104617955,-0.0003463626,0.0008806211
-0.07237383408573139,-0.0013655424,0.00089811237
-0.07228476234672454,0.00022649765,0.0008814856
-0.07224623998646457,-0.0013923645,0.00088137586
-0.0721344249882947,-0.00028043985,0.0008819256
-0.07212809325632391,-0.0019360781,0.0008811946
-0.07202273230219108,0.0006438494,0.0008819169
-0.07199486699028246,-0.00044089556,0.00088164525
-0.0719283516464217,-9.995699e-5,0.0008816316
-0.07186558874995969,0.00071418285,0.00088212796
-0.07184441967261668,0.00077712536,0.0008815485
-0.07181927891609424,-0.00066661835,0.00088089675
-0.0717704477297278,0.0012975931,0.00088155695
-0.0717456108604193,0.0005675554,0.0008982312
-0.07165651468921486,-0.0006879568,0.00088115875
-0.07161801128531248,0.00015354156,0.00088206993
-0.07150618449255103,-0.00028204918,0.00088137813
-0.07149987382267414,0.0011413097,0.00088198273
-0.07139452002969021,-0.0007789135,0.00088111
-0.07136663323402626,0.00057685375,0.00088212296
-0.07130014611423113,-0.0009531975,0.0008812884
-0.07123736131214653,0.0013734102,0.00088248483
-0.07121622087981067,-2.9206276e-5,0.0008812089
-0.07119102241202374,-0.00039321184,0.0008808956
-0.07114225399233443,0.00026762486,0.00088125904
-0.07111738721426847,-0.0006298423,0.00089894823
-0.07102826703149945,-1.8119812e-5,0.00088155345
-0.07098978258416033,-9.5784664e-5,0.00088166835
-0.07087794399639596,0.0011405945,0.0008823817
-0.07087165438861293,-0.0010164976,0.0008806264
-0.07076630817854235,0.0005193949,0.0008815408
-0.07073839947756433,-0.0006515384,0.0008815629
-0.07067194058152626,-0.0003193617,0.00088133797
-0.07060913387453904,-0.00037258863,0.0008822265
-0.07058802166575462,-0.0006673336,0.0008810839
-0.07056276590857036,0.00026881695,0.0008808565
-0.07051406025483825,-0.0012833476,0.00088084885
-0.07048916356842616,0.00042498112,0.0008987428
-0.07040001979534266,0.00045382977,0.0008805425
-0.07036155430425833,-0.00085014105,0.0008816886
-0.07024970349982951,-0.00057142973,0.0008818305
-0.07024343537621325,-0.00084388256,0.0008818249
-0.07013809590593867,-0.000101685524,0.00088175794
-0.07011016572141093,-0.00014609098,0.0008813358
-0.07004373547007153,-6.330013e-5,0.000881459
-0.06998090643703436,0.00019824505,0.0008821452
-0.06995982287336,0.0006791353,0.0008819334
-0.0699345098261614,0.0002989769,0.0008812467
-0.0698858669383865,0.00064754486,0.00088124233
-0.06986093992196674,-0.0006827116,0.00089894095
-0.06977177213783298,0.0003131628,0.0008815607
-0.06973332560269485,0.00023722649,0.00088197715
-0.06962146342451314,-0.00023031235,0.0008806076
-0.06961521594256348,-0.00017869473,0.00088130176
-0.06950988405437941,0.00025427341,0.00088194193
-0.06948193154421317,-0.0006105304,0.00088159536
-0.06941552993788092,0.0007227659,0.0008815985
-0.06935267899952974,0.0001552105,0.00088271574
-0.06933162408137677,-0.0010641813,0.0008808388
-0.06930625332250229,-0.00051146746,0.00088159664
-0.06925767320099313,-0.00069475174,0.00088135304
-0.06923271627540456,0.0006227493,0.00089916476
-0.06914352490157338,0.00062668324,0.0008826479
-0.06910509690154276,0.0010674,0.0008819074
-0.06899322292835808,0.0012243986,0.0008828752
-0.06898699650891371,0.00044858456,0.00088182016
-0.0688816717819814,0.0010918379,0.00088205497
-0.06885369778775124,0.00087046623,0.0008816277
-0.06878732440548463,-0.00010877848,0.000881779
-0.06872445156192225,-3.540516e-5,0.00088231463
-0.06870342486732067,-0.00024086237,0.00088115456
-0.06867799681853465,0.00083744526,0.0008809933
-0.06862947946359976,0.001378417,0.00088128465
-0.06860449305050381,0.00041115284,0.00090007856
-0.0685152772441665,-0.00043660402,0.00088100426
-0.06847686862164071,0.0008763075,0.00088166527
-0.06836498243251155,0.0028678179,0.00088251836
-0.06835877707516108,0.00046348572,0.00088183925
-0.0682534599310392,6.7830086e-5,0.0008815408
-0.06822546403128932,0.00052785873,0.0008823594
-0.06815911929392704,0.00057685375,0.00088141864
-0.06809622412452043,-6.753206e-5,0.0008824573
-0.06807522607451466,-5.7160854e-5,0.0008812542
-0.06804974073581715,0.00037789345,0.00088115793
-0.06800128572579506,-0.0006926656,0.0008807981
-0.06797626940404444,-0.0016471744,0.0008994734
-0.0678870295864511,-0.0015420318,0.00087920635
-0.06784863992007722,0.0018428564,0.00088181684
-0.06773674193604795,0.0017076731,0.0008818591
-0.06773055806245282,0.00036370754,0.0008820213
-0.06762524765833267,0.00063979626,0.00088236434
-0.06759723027513592,7.247925e-5,0.0008822288
-0.06753091376132508,0.0008969307,0.00088242965
-0.06746799668732434,0.00095009804,0.0008822312
-0.06744702728253144,0.00057411194,0.000881148
-0.06742148423236377,-0.00067055225,0.00088156015
-0.06737309240965184,0.0002645254,0.0008818577
-0.06734804575779074,-0.00032049417,0.00089980435
-0.0672587823501915,-0.00047028065,0.0008816846
-0.06722041164017523,0.0017616749,0.00088158436
-0.06710850186073158,-2.5749207e-5,0.0008810443
-0.06710233862880305,-0.0002052784,0.00088211126
-0.06699703580687627,0.0002168417,0.0008814135
-0.06696899651887972,0.00075888634,0.00088326924
-0.06690270822892874,0.0006917715,0.0008816625
-0.06683976924951118,-0.0012642741,0.00088184304
-0.06681882848972542,-0.0006980896,0.0008808712
-0.06679322772870466,-0.0006958246,0.00088098634
-0.06674489867225847,0.00097572803,0.0008807649
-0.0667198221116399,-0.00041168928,0.00089997996
-0.06663053469278463,0.00060510635,0.00088201056
-0.06659218293902314,-0.0007406473,0.0008823885
-0.06648026136488505,-0.0006146431,0.00088111125
-0.06647411919505042,8.440018e-5,0.00088152196
-0.06636882353468393,-0.00040364265,0.0008812533
-0.06634076276262352,-0.0004428029,0.000881247
-0.06627450311767974,-0.00028771162,0.00088130083
-0.0662115413906536,-0.0010820031,0.0008818352
-0.06619062927566938,-0.00015330315,0.0008814424
-0.06616497164588431,-0.0008149147,0.00088033825
-0.06611670493445376,-0.0014366508,0.00088158506
-0.06609159846548907,-0.00039857626,0.0009004086
-0.06600228745642217,-0.00037527084,0.00088140037
-0.06596395423745965,0.00056517124,0.0008815242
-0.06585202086862713,0.00024402142,0.00088196545
-0.06584590018234221,-0.00029534101,0.000880623
-0.06574061168322753,0.00027918816,0.00088178826
-0.06571252900626445,0.0001052618,0.00088147406
-0.06564629758497487,-0.00049448013,0.0008812476
-0.06558331395314893,0.0004118681,0.0008828631
-0.06556243048327476,-0.00025767088,0.00088156416
-0.06553671514222525,0.00045466423,0.00088144303
-0.06548851161831054,-0.0006248951,0.00088087836
-0.06546337481933817,-0.000906229,0.0009008442
-0.06537403979891249,0.0010911226,0.00088117016
-0.0653357259575576,-0.0006374717,0.0008818864
-0.06522378079351648,0.00051116943,0.00088135496
-0.06521768074869244,0.00068080425,0.0008820238
-0.065112399410521,-0.0010775328,0.00088132225
-0.0650842948287581,0.00047397614,0.00088186836
-0.06501809205257858,5.2571297e-5,0.00088146393
-0.0649550865156443,0.00051021576,0.0008820485
-0.06493423169057161,0.0013451576,0.00088184257
-0.06490845905981624,-0.00011116266,0.0008812358
-0.06486031788091717,-0.00013577938,0.0008808942
-0.06483515159402609,0.001464963,0.0009023834
-0.06474579256265284,-0.00017309189,0.00088072114
-0.06470749725640551,-0.00035440922,0.00088204263
-0.06459554029695003,-0.0002709031,0.0008814661
-0.06458946173629276,0.00013124943,0.0008813781
-0.06448418755937313,-0.000580132,0.00088125723
-0.06445606107291324,0.00066530704,0.00088197127
-0.06438988694132958,-0.0005901456,0.00088312005
-0.06432685907824254,-0.00019073486,0.0008821482
-0.06430603289807413,-0.00018692017,0.000881532
-0.06428020255615718,0.00032055378,0.0008807242
-0.06423212414311247,0.00047385693,0.0008809792
-0.06420692794787525,0.00069606304,0.00090172584
-0.06411754490524602,-0.0003297329,0.0008809449
-0.06407926897650351,-0.00017744303,0.00088174496
-0.06396729980079496,-0.0004620552,0.0008809266
-0.06396124230223155,0.0014102459,0.0008816358
-0.06385597528697512,-3.1888485e-5,0.0008820635
-0.0638278273163485,0.00020313263,0.00088175037
-0.0637616814086247,0.00045764446,0.0008821254
-0.06369863164053219,-0.0003222227,0.0008825145
-0.06367783410567951,0.00014972687,0.0008809283
-0.06365194605208668,-0.00055903196,0.00088240294
-0.06360393082655785,8.46386e-6,0.00088111544
-0.06348929766939776,0.00059747696,0.00088096014
-0.06345104027535137,0.00021624565,0.0008817715
-0.06333905972609571,0.00020992756,0.00088128867
-0.06333302286858178,-0.00040531158,0.0008810825
-0.0632277634357244,0.00111413,0.0008820627
-0.06319959355998944,-0.00046038628,0.0008818291
-0.06313347587622842,-0.0006405711,0.0008820371
-0.06307040420302756,-0.00013077259,0.000882309
-0.06304963489182913,-0.000934422,0.0008816581
-0.06302368996947205,-0.00017416477,0.0008811747
-0.06297573708916449,0.0004864931,0.0008809557
-0.06286105001168235,-0.0012401342,0.0008805772
-0.06282281199503803,3.7670135e-5,0.0008821302
-0.06271081922973493,0.0010228157,0.00088172336
-0.0627048038561821,0.0013473034,0.000882077
-0.062599551584268,-0.00033026934,0.00088093005
-0.06257135980373318,-0.0018387437,0.00088134035
-0.06250527076497936,0.0008673668,0.00088205974
-0.06244217718728723,0.0005136728,0.00088203314
-0.06242143609933165,8.46386e-6,0.0008813806
-0.06239543346601861,7.414818e-5,0.0008807181
-0.06234754335177117,-0.00027948618,0.00088085764
-0.06223280277511423,-0.00024491549,0.00088083727
-0.062194583715135976,0.0001039505,0.00088193535
-0.06208257873316847,0.001303196,0.0008815546
-0.06207658442212094,-0.0007086396,0.0008813364
-0.06197133931186999,0.0005404949,0.00088168384
-0.06194312604747698,0.0009433031,0.00088204216
-0.06187706523227454,0.0009771585,0.000882222
-0.06181394974947407,0.0011364222,0.0008819398
-0.061793237306834226,-0.000474751,0.00088084297
-0.06176717738360965,-0.0008855462,0.00088089786
-0.06171935003521656,0.0012754202,0.00088084704
-0.06160455553895744,0.00025212765,0.0008809839
-0.061566355013572494,0.0007724762,0.0008828274
-0.06145433865846922,0.0008229017,0.00088176236
-0.06144836540930987,-0.00061923265,0.00088052783
-0.06134312746061926,-0.0010902882,0.0008807028
-0.061314892291323586,0.0008351803,0.0008816719
-0.061248860121128346,0.00015819073,0.000882051
-0.06118572231166086,0.0005272627,0.0008823574
-0.06116503851443961,-0.0005052686,0.00088137586
-0.0611389208799506,0.0020780563,0.0008812328
-0.06109115629782319,0.0006824732,0.0008804117
-0.06097630788155062,0.000942111,0.00088135083
-0.060938126733464826,0.0013458729,0.0008821081
-0.06082609816231416,0.0002901554,0.0008816813
-0.0608201459756601,-0.0010128021,0.0008808629
-0.06071491518791272,-0.00096178055,0.0008811905
-0.06068665853486166,0.00024855137,0.00088192604
-0.06062065458873206,0.0008723736,0.0008824718
-0.0605574948742591,0.00074493885,0.0008830655
-0.06053683972173646,0.0015861988,0.0008814291
-0.06051066479743877,0.0001553297,0.0008811031
-0.060462962560841216,-0.0001155138,0.0008810365
-0.06034806064539383,0.0004121065,0.00088095193
-0.060309898032518405,0.0001502037,0.0008822646
-0.06019785808710065,0.00030505657,0.00088153215
-0.06019192696367176,0.0005453825,0.0008813282
-0.06008670333676486,-0.0004466772,0.000881315
-0.06005842477860546,0.000562191,0.0008818356
-0.05999244905592438,0.00028324127,0.0008815107
-0.05992926743685728,6.556511e-6,0.0008821273
-0.05990864092903331,0.0008534193,0.0008812953
-0.059882408293471134,0.00083708763,0.0008821361
-0.0598347692442866,0.00058197975,0.00088057603
-0.05971981298757556,0.0007725954,0.00088151457
-0.059681669752616406,-0.00037431717,0.0008814457
-0.05956961759063706,0.0012156963,0.00088140846
-0.0595637075296106,-0.00044459105,0.000881779
-0.05945849148551413,0.0001885891,0.0008813318
-0.059430191022863454,-0.0010109544,0.00088236626
-0.05936424394477818,0.0011901855,0.0008821601
-0.05930103999945552,0.0009236336,0.00088219956
-0.05928044171559427,0.00028276443,0.0008814398
-0.05925415221106217,-6.3598156e-5,0.0008806891
-0.059206575506481895,0.0001796484,0.0008808097
-0.05909156575141883,0.0016424656,0.00088192534
-0.059053441472303014,5.9604645e-7,0.0008812082
-0.058941377094481995,-0.00040853024,0.0008810981
-0.05893548809554944,0.00032377243,0.000882941
-0.05883027921280759,0.00041759014,0.0008813544
-0.05880195726629872,0.00049459934,0.0008815097
-0.05873603841238184,-0.00017821789,0.0008814118
-0.05867281256164231,0.0014162064,0.0008822981
-0.058652242922891173,0.0014382601,0.0008814175
-0.05862589612855035,-0.0005553365,0.00088081206
-0.05857838176908858,0.00084745884,0.00088115345
-0.058463318515467766,0.000826478,0.0008813586
-0.0584252127709452,0.0008177757,0.0008815664
-0.05831313701978269,0.00080370903,0.0008819474
-0.05830726908356115,-0.00021243095,0.00088131224
-0.058202067361659726,0.0008573532,0.0008823604
-0.05817372350973393,-0.00056922436,0.00088135805
-0.05810783330113284,-0.0001450777,0.00088187965
-0.058044585124240544,0.00089514256,0.0008823859
-0.058024044130188024,0.0010197163,0.0008817112
-0.05799763962458271,-5.6147575e-5,0.0008808302
-0.057993162439619994,-0.000104248524,-2.9686356e-5
-0.057950188452636775,0.0020034313,0.0008814078
-0.05783507085785522,0.001247406,0.0008812376
-0.05779698449094034,8.46386e-6,0.0008814409
-0.057684896523319096,0.00016832352,0.00088154647
-0.05767905579567889,7.605553e-5,-2.9686356e-5
-0.05757385551051181,0.0008275509,0.0008817111
-0.057545489753580537,0.00064349174,0.00088167255
-0.057479627768427966,0.0008279085,0.0008817483
-0.05741635768714726,0.00024306774,0.00088225986
-0.057395845337999074,7.760525e-5,0.00088127266
-0.057369383542173746,0.0007214546,0.0008815114
-0.05736494915173779,0.00018882751,-2.9686356e-5
-0.0573219947151406,-0.00082331896,0.0008808406
-0.05720682362128704,-0.0015112162,0.00088022597
-0.05716875621134687,0.0011231899,0.0008815374
-0.05705665644810559,0.0014584064,0.0008818227
-0.05705084250779663,0.00032866,-2.9686356e-5
-0.05694564323770246,0.0015153885,0.00088202977
-0.056917255997427196,0.0009906292,0.000881863
-0.05685142265687043,0.0008457899,0.00088132784
-0.05678813024943696,-0.00023901463,0.00088214345
-0.05676764654539879,0.0005978346,0.00088165427
-0.05674112703851464,0.00083494186,0.0008808905
-0.056736735863855525,0.0004413128,-2.9686356e-5
-0.05669380097774729,0.000926733,0.0008810796
-0.05657857596388016,0.0007343292,0.0008809211
-0.05654052750978339,0.00045526028,0.00088149187
-0.0564284159521562,-5.0485134e-5,0.0008809517
-0.056422629219914366,0.0005540848,-2.9686356e-5
-0.05631743138655454,0.0011036396,0.0008813766
-0.0562890222412738,0.00078344345,0.0008816308
-0.056223217124782676,0.0007748604,0.00088154676
-0.05615990281162375,0.00063574314,0.0008825269
-0.056139447752592775,0.0014294386,0.00088116614
-0.056112870956002814,0.0006457567,0.0008804301
-0.05610852257597326,0.00068473816,-2.9686356e-5
-0.05606560766129548,-0.00074726343,0.0008810033
-0.05595032872772343,0.003194213,0.0008813364
-0.05591229922957286,0.0010001659,0.0008818577
-0.055800175877251224,8.106232e-6,0.00088125555
-0.055794415932032104,0.00087308884,-2.9686356e-5
-0.055689219535406675,0.00041604042,0.00088149094
-0.05566078848470901,-0.00021266937,0.00088186655
-0.05559501201332795,0.0006839037,0.000881477
-0.05553167537422199,0.00026202202,0.00088229193
-0.055511248960198156,0.0008134842,0.00088183413
-0.05548461487390238,0.0007777214,0.00088051707
-0.055437413923799306,0.00014138222,0.00088201754
-0.05532208149177237,0.00034964085,0.0008797988
-0.05528407094997939,0.00073826313,0.00088164536
-0.05517193538068482,0.0013298988,0.00088152604
-0.05506100726290586,0.00043475628,0.0008826056
-0.05503255472855567,0.0012704134,0.0008819332
-0.05496680648052027,0.001488924,0.0008819235
-0.05490344835807026,0.00070273876,0.00088269386
-0.05488305016780359,-9.787083e-5,0.00088091986
-0.05485635836983188,0.0017596483,0.0008822024
-0.05480922018640594,0.0008339882,0.0008809188
-0.05469383383405696,-0.00013875961,0.0008802401
-0.054655842669666,0.0010396242,0.0008822102
-0.054543694884324034,0.0024437904,0.0008816549
-0.05443279541144941,0.0016548634,0.0008820957
-0.05440432097271081,0.00059223175,0.00088201155
-0.05433860136978541,0.00047135353,0.0008815178
-0.0542752209206685,1.1444092e-5,0.0008817064
-0.05425485137530611,0.0007278919,0.0008816179
-0.05422810228711439,0.0011782646,0.000880778
-0.05418102687005705,0.00027251244,0.0008811879
-0.05406558659759164,0.0012359619,0.00088067754
-0.054027613968205324,0.0007236004,0.00088181434
-0.0539154548093162,0.0004196167,0.00088134606
-0.05380458355989015,0.00043070316,0.00088118407
-0.05377608721624888,0.0017488003,0.00088227517
-0.05371039583697773,0.0011876822,0.0008818184
-0.05364699348285529,0.00037002563,0.00088183203
-0.05362665258260296,0.00056254864,0.0008813867
-0.053599846204602564,0.0002808571,0.000880572
-0.05355283313225229,0.0022290945,0.0008824827
-0.05343733936164058,0.00020098686,0.0008813285
-0.053399385688611856,8.46386e-6,0.0008814626
-0.053287214313469666,-0.0011196733,0.00088114955
-0.053281515298129134,0.0018115044,0.000882189
-0.05317637170905082,-0.0002502203,0.0008810203
-0.05314785345968415,0.0017222166,0.000881676
-0.0530821907254202,-3.385544e-5,0.00088196184
-0.053018766045453525,0.0010640621,0.00088190404
-0.052998453790208344,0.0003193617,0.0008813159
-0.0529715901221936,-3.0517578e-5,0.000880227
-0.052924639394858974,-0.0004595518,0.00088095514
-0.05280909212548385,0.0010706186,0.00088119216
-0.05277115740870986,-7.0929527e-6,0.00088178524
-0.052658974238153355,0.0011012554,0.0008808462
-0.05265329628531806,0.00034427643,0.0008812981
-0.05254815943634428,0.0011072159,0.00088127743
-0.05251961970353075,8.034706e-5,0.0008817149
-0.052453985193023855,-0.0005813241,0.00088155095
-0.05239053860805171,-5.77569e-5,0.00088218215
-0.05237025499771092,-0.00018680096,0.000881113
-0.05234333361853449,-0.0009252429,0.0008802281
-0.05229644607892142,0.0010472536,0.0008807597
-0.05218084446766558,6.818771e-5,0.00088084285
-0.052142929128396465,2.3961067e-5,0.0008815569
-0.05203073374179257,-8.434057e-5,0.00088065676
-0.052025077272918385,0.0019507408,0.0008824175
-0.05191994758478502,-0.0007222295,0.0008813548
-0.051891385947377355,0.00074231625,0.0008814409
-0.05182578008187766,-0.00040018559,0.00088105584
-0.05176231117023855,-7.253885e-5,0.0008823176
-0.05174205620500777,-0.0007380843,0.00088080217
-0.05171507753571414,0.0013614893,0.000881167
-0.05166825234121952,8.46386e-6,0.00088062946
-0.05155259723130312,-2.0742416e-5,0.00088043656
-0.051514700848185935,-0.0011250377,0.00088126666
-0.05140249366709332,0.00016069412,0.0008809566
-0.05139685783926862,0.0007684231,0.0008811543
-0.051291735734048494,0.0011371374,0.00088138063
-0.051263152191224015,-0.00081300735,0.0008809334
-0.05119757497073146,0.0010492802,0.0008815121
-0.05113408415408688,0.00016474724,0.0008821379
-0.05111385741261315,0.0010226965,0.00088142965
-0.051086821453305176,0.00018584728,0.00088054006
-0.05104005860351768,0.0021164417,0.000880926
-0.05092434999504353,4.374981e-5,0.0008805046
-0.05088647214693098,0.001142025,0.0008815229
-0.050774253592188345,-7.3194504e-5,0.0008810924
-0.050768638826457546,0.000915885,0.0008819456
-0.05066352388279777,8.46386e-6,0.00088131113
-0.050634918434659226,0.0008817911,0.000881339
-0.050569369437923783,8.46386e-6,0.0008808961
-0.05050585671668506,1.1444092e-5,0.000881023
-0.05048565861980714,2.9325485e-5,0.0008805811
-0.05045856537130755,1.1444092e-5,0.0008800582
-0.050411865287580127,8.46386e-6,0.00088031316
-0.05029610275919527,1.1444092e-5,0.00088092056
-0.05025824386744032,8.46386e-6,0.000881247
-0.05014601309603328,9.62019e-5,0.0008814563
-0.05014041939280778,0.0001809597,0.0008809932
-0.05003531203134137,8.46386e-6,0.00088098866
-0.050006684678505886,-3.4928322e-5,0.00088170054
-0.04994116432677759,8.46386e-6,0.0008817942
-0.049877629278871904,-9.906292e-5,0.00088114844
-0.04985745982700118,-3.582239e-5,0.0008803985
-0.049830308867545636,1.1444092e-5,0.0008798311
-0.04978367154987823,8.46386e-6,0.00088083744
-0.049667855101377056,1.1444092e-5,0.00088062044
-0.049630015587126985,-0.0002387762,0.00088085106
-0.049517773020716915,1.1444092e-5,0.0008809301
-0.049512200380408045,-0.00050359964,0.00088077894
-0.04940709975853197,8.46386e-6,0.0008806378
-0.04937845092255816,5.7935715e-5,0.0008810103
-0.0493129587943813,-6.425381e-5,0.000880331
-0.049249401841470086,0.00012207031,0.0008811418
-0.04922926103501796,5.2809715e-5,0.00088119117
-0.04920205278482809,1.1444092e-5,0.00087936793
-0.049155477812176385,-0.00014960766,0.00088013354
-0.0490396078650146,1.1444092e-5,0.00088016625
-0.04900178730681359,0.00025570393,0.0008808489
-0.04888953252415046,1.1444092e-5,0.000880585
-0.04888398136759703,0.00052058697,0.00088090915
-0.048778887907384105,-0.00045657158,0.0008806116
-0.048750217166199095,1.1444092e-5,0.00088085246
-0.04868475368282371,8.1181526e-5,0.0008821948
-0.048621174404068324,-4.851818e-5,0.0008808859
-0.04860106224262334,8.46386e-6,0.0008805405
-0.04857379670200773,1.1444092e-5,0.00087959657
-0.04852728449603311,0.00016653538,0.00088103546
-0.04841136062906354,-0.0018952489,0.0008794699
-0.048373559026911594,5.00679e-6,0.00088044605
-0.04826129244965688,1.1444092e-5,0.00088036625
-0.048255761933947205,8.46386e-6,0.00088058104
-0.04815067605623624,0.0004734993,0.00088080583
-0.04812198340963436,1.1444092e-5,0.0008805376
-0.048056548571677515,8.46386e-6,0.0008804632
-0.047992947387916596,7.1525574e-5,0.00088084454
-0.04797286344981733,8.46386e-6,0.0008797578
-0.04794554061959877,1.1444092e-5,0.0008805491
-0.0478990907582284,8.46386e-6,0.0008799873
-0.04778311339290675,0.001335144,0.0008796275
-0.04774533074670101,1.1920929e-5,0.0008801444
-0.04763305195339895,1.1444092e-5,0.00088006863
-0.04762754292154753,8.46386e-6,0.00088050636
-0.04752246420467693,8.46386e-6,0.00087979366
-0.047493750074731056,1.1444092e-5,0.0008803751
-0.0474283430389727,8.46386e-6,0.00088012405
-0.04736471995051483,1.1444092e-5,0.0008806463
-0.04734466465742271,8.46386e-6,0.00087977335
-0.047317284537395476,1.1444092e-5,0.0008791852
-0.04727089702083509,8.46386e-6,0.0008793463
-0.04715486615675002,0.0005944967,0.00087919086
-0.047117102466696203,8.46386e-6,0.00088060636
-0.047004811878185504,1.1444092e-5,0.0008794617
-0.04699932390914785,8.46386e-6,0.00088016404
-0.046894252353529065,8.46386e-6,0.00088057865
-0.04686551631857766,1.1444092e-5,0.00088024326
-0.04680013792751797,8.46386e-6,0.0008802592
-0.04673649251270162,1.1444092e-5,0.0008810359
-0.046716465865028145,8.46386e-6,0.00088054116
-0.04668902845478079,1.1444092e-5,0.0008797898
-0.04664270370469181,8.46386e-6,0.00087938574
-0.04652661849893175,1.1444092e-5,0.00087933475
-0.04648887418679415,8.46386e-6,0.0008800084
-0.04637657180328053,1.1444092e-5,0.00087934785
-0.04637110489674817,8.46386e-6,0.0008799416
-0.046266040081131055,-0.00030094385,0.0008795293
-0.04623728256232146,-0.0007340312,0.00087939843
-0.04617193239532735,8.46386e-6,0.0008797107
-0.04610826507529986,1.1444092e-5,0.00088066695
-0.04608826707222213,8.46386e-6,0.00087974634
-0.046060772371960435,1.1444092e-5,0.000878587
-0.04601450996688711,-0.0016354322,0.0008795801
-0.045898371262363624,1.1444092e-5,0.0008790589
-0.04586064590689215,8.46386e-6,0.0008792028
-0.04574833130712547,1.1444092e-5,0.00087929657
-0.04574288546268701,8.46386e-6,0.00087945757
-0.0456378282295718,0.00031781197,0.0008797092
-0.04560904880585953,0.000756979,0.00088069955
-0.04554372728418116,8.46386e-6,0.0008796306
-0.04548003805914813,1.1444092e-5,0.00087983476
-0.04546006827941612,-0.001547873,0.0008790181
-0.04543251586860991,1.1444092e-5,0.00087860966
-0.045386316229493795,0.00165236,0.0008795664
-0.04527012402661823,1.1444092e-5,0.0008789001
-0.04523241762699015,8.46386e-6,0.0008788308
-0.04512009123211763,-6.645918e-5,0.0008790548
-0.04511466645028733,8.46386e-6,0.0008798809
-0.04500961637842393,-0.00042963028,0.00087886536
-0.04498081504970619,1.1444092e-5,0.0008797469
-0.04491552217262357,8.46386e-6,0.00087981473
-0.044851810621334975,1.1444092e-5,0.00087976205
-0.04483186948702156,0.0015647411,0.0008792041
-0.04480425978609809,-1.2516975e-6,0.00087860605
-0.04475812291335052,8.46386e-6,0.00087852107
-0.04464187679035864,1.1444092e-5,0.00087868865
-0.04460418934667676,8.46386e-6,0.00087945344
-0.04449185073565404,8.940697e-5,0.0008789473
-0.044486447437887655,8.46386e-6,0.0008793542
-0.044381404527276014,-0.00047439337,0.0008788494
-0.044352581293758464,1.1444092e-5,0.00087917375
-0.04428731664022728,-0.00083988905,0.0008788034
-0.04422358318393321,1.1444092e-5,0.0008806848
-0.04420367069462694,8.46386e-6,0.00087900634
-0.044176003703689126,2.4199486e-5,0.00087802124
-0.044129929175957205,8.46386e-6,0.0008787674
-0.04401362955389332,1.1444092e-5,0.00087824475
-0.04397596106677476,8.46386e-6,0.0008788128
-0.04386361066033767,1.1444092e-5,0.0008787777
-0.043858228425076584,8.46386e-6,0.000879393
-0.04375319267571676,0.00092947483,0.0008794899
-0.04372434795854668,1.1444092e-5,0.0008789137
-0.043659111529081085,0.0008568764,0.0008799402
-0.043595356167781485,1.1444092e-5,0.0008792914
-0.04357547190182093,8.46386e-6,0.0008780134
-0.04354774762097158,1.1444092e-5,0.00087843725
-0.043501735438152445,8.46386e-6,0.00087835145
-0.04338538231773659,1.1444092e-5,0.00087798294
-0.04334773278687276,8.46386e-6,0.0008790064
-0.04323537058574123,1.1444092e-5,0.00087836926
-0.043230008991426816,8.46386e-6,0.0008782234
-0.04312498082456889,8.46386e-6,0.0008789426
-0.043096114202084757,1.1444092e-5,0.000878887
-0.043030906417523496,8.46386e-6,0.00087872124
-0.04296712873037972,1.1444092e-5,0.0008793208
-0.04294727310942631,8.46386e-6,0.00087824307
-0.042919491538254084,1.1444092e-5,0.00087806466
-0.04287354212159783,8.46386e-6,0.00087790407
-0.0427571350815798,1.1444092e-5,0.0008784367
-0.04271950450655937,-0.00029927492,0.00087820075
-0.04260713008948336,1.1444092e-5,0.00087824237
-0.04260178997902714,8.46386e-6,0.00087938015
-0.04249676897342103,-0.001303196,0.0008780215
-0.04246788044593136,1.1444092e-5,0.00087791815
-0.04240270130617163,8.46386e-6,0.0008785475
-0.04233890129287504,1.1444092e-5,0.00087886944
-0.042319074738693174,8.46386e-6,0.00087832025
-0.04229123545605079,1.1444092e-5,0.00087781384
-0.04224534838461591,-0.00023216009,0.00087706454
-0.042128887845320206,1.1444092e-5,0.00087753165
-0.04209127622665737,-0.00133425,0.00087803486
-0.04197889001437266,1.1444092e-5,0.00087771
-0.04197357096621607,8.46386e-6,0.0008786113
-0.041868557121861716,0.0013201237,0.00087815605
-0.04183964668967516,1.1444092e-5,0.00087793375
-0.04177449577367248,8.46386e-6,0.0008781508
-0.04171067427641484,1.1444092e-5,0.00087852404
-0.04169087594588722,8.46386e-6,0.0008774056
-0.04166297937364177,-0.00018382072,0.00087648135
-0.04161715464681115,0.0002490282,0.00087775645
-0.04150064060885489,1.1444092e-5,0.00087720185
-0.04146304794675537,0.0016589165,0.0008781
-0.04135064993946774,1.1444092e-5,0.000877474
-0.04134535195350786,8.46386e-6,0.0008785256
-0.04124034527071385,8.46386e-6,0.00087801757
-0.0412114129334189,1.1444092e-5,0.0008777041
-0.04114629066283482,-0.00043845177,0.00087778864
-0.04108244683901302,1.1444092e-5,0.0008781285
-0.041062677153081206,8.46386e-6,0.00087696576
-0.04103472329082142,0.00020670891,0.0008766085
-0.040988961330256535,8.46386e-6,0.00087705505
-0.040872392951036673,1.1444092e-5,0.00087682746
-0.04083481966644198,8.46386e-6,0.00087766914
-0.04072240986445991,1.1444092e-5,0.00087695254
-0.04071713294100532,8.46386e-6,0.00087769824
-0.04061213341956599,8.46386e-6,0.00087744073
-0.04058317959830998,1.1444092e-5,0.0008779343
-0.04051808555127723,0.0004553795,0.00087768096
-0.040454219401508396,1.1444092e-5,0.0008779586
-0.04043447836068659,8.46386e-6,0.0008775657
-0.040406467208412455,1.1444092e-5,0.0008760299
-0.04036076759327456,8.46386e-6,0.00087602134
-0.04024414571518842,1.1444092e-5,0.0008766176
-0.04020659180779007,8.46386e-6,0.00087732635
-0.04009416936820198,1.1444092e-5,0.00087735394
-0.04008891350776689,8.46386e-6,0.00087778625
-0.03998392156841807,8.46386e-6,0.00087767566
-0.039954945842053724,1.1444092e-5,0.0008770725
-0.03988988043992536,8.46386e-6,0.0008773744
-0.03982599238504819,1.1444092e-5,0.0008778581
-0.03980627956798344,8.46386e-6,0.00087737903
-0.03977821112600349,1.1444092e-5,0.0008768398
-0.039732573855469855,8.46386e-6,0.00087578665
-0.039615898478928824,1.1444092e-5,0.0008766597
-0.03957836352788807,8.46386e-6,0.000877511
-0.03946592929309134,1.1444092e-5,0.0008776631
-0.03946069449495582,8.46386e-6,0.0008775995
-0.03935570929560872,8.46386e-6,0.00087670307
-0.039326712086208915,1.1444092e-5,0.00087689696
-0.039261674907734745,8.46386e-6,0.00087740074
-0.039197764947646374,1.1444092e-5,0.0008774675
-0.03917808077548601,8.46386e-6,0.00087670283
-0.039149955043594475,1.1444092e-5,0.00087574695
-0.0391043805390181,-0.0005118847,0.00087658764
-0.03898765124256637,1.1444092e-5,0.000875952
-0.03895013524798607,8.46386e-6,0.0008766219
-0.03883768921777497,1.1444092e-5,0.0008769179
-0.0388324754821448,8.46386e-6,0.0008775795
-0.03872749744415227,8.46386e-6,0.00087678916
-0.038698478750894216,1.1444092e-5,0.0008773825
-0.03863346979617721,-0.00030380487,0.0008763037
-0.03856953751014175,1.1444092e-5,0.00087755127
-0.038549881983091394,8.46386e-6,0.00087590626
-0.038521699382435604,1.1444092e-5,0.0008754435
-0.03847618680152193,0.0005288124,0.00087634666
-0.038359404006409636,-1.4126301e-5,0.0008756922
-0.03832190696767268,8.46386e-6,0.0008787794
-0.038209448721825634,1.1444092e-5,0.0008765367
-0.03820425647015646,-0.0005233288,0.00087600644
-0.03809928559331294,8.46386e-6,0.00087662955
-0.03807024499453515,1.1444092e-5,0.0008764056
-0.03800526468482529,0.0003207922,0.00087653694
-0.037941310493887215,1.1444092e-5,0.000877183
-0.037921683611638335,8.46386e-6,0.0008764793
-0.03789344329961525,1.1444092e-5,0.0008753192
-0.03784799306392289,8.46386e-6,0.0008765069
-0.03773115677015004,3.707409e-5,0.00087647466
-0.03769367868756496,8.46386e-6,0.00087659503
-0.03758120864692066,1.1444092e-5,0.00087612116
-0.037576037457345446,0.0005402565,0.00087682344
-0.03747107374175368,8.46386e-6,0.0008764438
-0.03744201123827895,1.1444092e-5,0.0008762576
-0.03737705957357629,8.46386e-6,0.00087681133
-0.0373130830564854,1.1444092e-5,0.00087662716
-0.03729348481914091,8.46386e-6,0.0008758588
-0.037265187217206286,1.1444092e-5,0.0008747892
-0.03721979974767681,-0.00019192696,0.0008755394
-0.037102909533890394,-0.00019979477,0.000875076
-0.03706545082911877,8.46386e-6,0.00087592413
-0.03695296857170716,1.1444092e-5,0.0008753703
-0.03694781844463718,8.46386e-6,0.0008770825
-0.03684286189040009,8.46386e-6,0.0008762153
-0.03681377748202269,1.1444092e-5,0.0008759064
-0.036748854040871415,8.46386e-6,0.0008760629
-0.036684856040128055,1.1444092e-5,0.0008764022
-0.03666528602674629,8.46386e-6,0.00087562535
-0.036636931134797324,1.1444092e-5,0.00087461807
-0.03659160601018063,0.00020885468,0.0008754088
-0.03647466229773366,-9.7215176e-5,0.0008747774
-0.03643722254880538,8.46386e-6,0.00087630143
-0.03632472849669932,1.1444092e-5,0.00087539596
-0.036319599432546035,8.46386e-6,0.00087649154
-0.036214650039457896,8.46386e-6,0.00087489194
-0.03618554414711944,1.1444092e-5,0.00087568717
-0.03612064892972522,-0.00038427114,0.0008760106
-0.036056628602623375,1.1444092e-5,0.0008759898
-0.036037087234146004,-0.00074613094,0.0008762659
-0.036008675052388306,1.1444092e-5,0.00087485596
-0.035963412272787265,8.46386e-6,0.00087484316
-0.035846415061268344,0.00033152103,0.0008756184
-0.035808994268697714,8.46386e-6,0.0008752803
-0.03569648800054426,1.1444092e-5,0.00087492366
-0.03569138042014636,8.46386e-6,0.00087603735
-0.03558643818831003,8.46386e-6,0.0008761922
-0.035557310390657515,1.1444092e-5,0.0008749519
-0.035492443818476216,0.00040125847,0.0008747946
-0.03542840116491308,1.1444092e-5,0.00087639247
-0.03540888886259014,0.00076305866,0.00087470794
-0.03538041896987648,1.1444092e-5,0.0008747032
-0.03533521895664404,-0.00075387955,0.0008746378
-0.03521816782500875,1.1444092e-5,0.0008740256
-0.035180765989001384,8.46386e-6,0.00087623246
-0.035068247925639284,1.1444092e-5,0.0008751259
-0.035063160986085196,8.46386e-6,0.0008756746
-0.034958226758000865,8.46386e-6,0.0008748454
-0.03492907663440131,1.1444092e-5,0.00087462435
-0.03486423870722716,8.46386e-6,0.0008760315
-0.034800174148350016,-0.00089228153,0.0008758032
-0.03478069007019552,8.46386e-6,0.0008754281
-0.03475216288715899,1.1444092e-5,0.00087394967
-0.03470702521883928,0.00077080727,0.0008751583
-0.03458992058885196,-5.6743622e-5,0.0008740117
-0.034552538130349475,8.46386e-6,0.00087504357
-0.03444000785042578,1.1444092e-5,0.0008752525
-0.034434941973274125,-0.0019632578,0.0008747915
-0.034330014906544415,8.46386e-6,0.00087477284
-0.0343008432999094,1.1444092e-5,0.0008743626
-0.03423603359608096,8.46386e-6,0.00087478396
-0.03417194671125673,0.0009152889,0.0008754316
-0.03415249127800657,8.46386e-6,0.00087429915
-0.034123907226000116,1.1444092e-5,0.0008740919
-0.03407883148144597,8.46386e-6,0.00087388046
-0.03396167377394532,7.9751015e-5,0.00087321305
-0.03392430985003608,8.46386e-6,0.0008749722
-0.03381176777521233,1.1444092e-5,0.00087422394
-0.03380672296087445,0.0019801855,0.0008752144
-0.03370180305529369,8.46386e-6,0.0008746187
-0.03367260954334467,1.1444092e-5,0.0008743091
-0.033607828484729096,-0.00027179718,0.00087456696
-0.033543719695002194,1.1444092e-5,0.0008752406
-0.03352429248530342,8.46386e-6,0.0008743966
-0.033495651143591154,-0.0008428693,0.00087426347
-0.03345063816499422,-0.0011257529,0.0008742485
-0.03333342653778859,1.1444092e-5,0.00087385916
-0.033296081570134084,8.46386e-6,0.0008747667
-0.03318352770051303,1.1444092e-5,0.00087411446
-0.03317850394847477,8.46386e-6,0.00087489083
-0.033073591204145825,8.46386e-6,0.00087433186
-0.03304437578677988,1.1444092e-5,0.0008740077
-0.03297962295222995,0.0002887249,0.00087454834
-0.03291549225739471,1.1444092e-5,0.00087483757
-0.032896094113850416,8.46386e-6,0.0008733926
-0.03286739506107933,0.00086581707,0.0008733325
-0.03282244442729232,0.0011427402,0.00087481475
-0.03270517930122041,1.1444092e-5,0.00087288773
-0.032667853711482175,8.46386e-6,0.00087381137
-0.032555287625608054,1.1444092e-5,0.000874129
-0.03255028493576656,8.46386e-6,0.00087379874
-0.03244537935268943,8.46386e-6,0.0008743676
-0.03241614245187663,1.1444092e-5,0.000873838
-0.03235141784077522,8.46386e-6,0.0008738602
-0.03228726524114017,1.1444092e-5,0.0008745808
-0.032267895321661466,8.46386e-6,0.0008732993
-0.032239138978567505,1.1444092e-5,0.00087345426
-0.032194250690104675,8.46386e-6,0.0008725622
-0.03207693206506368,1.1444092e-5,0.0008729018
-0.032039625431580177,8.46386e-6,0.0008744072
-0.03192704712945299,1.1444092e-5,0.00087327755
-0.03192206592326402,8.46386e-6,0.00087439566
-0.03181716750143865,8.46386e-6,0.0008740335
-0.03178790869572323,-0.00061541796,0.00087343
-0.03172321272921763,8.46386e-6,0.0008733575
-0.03165903780363555,1.1444092e-5,0.00087373814
-0.031639696528958317,8.46386e-6,0.00087276805
-0.03161088331720291,1.1444092e-5,0.0008722433
-0.03156605695250564,-0.00012338161,0.0008723868
-0.03144868482890689,-0.00058561563,0.0008724045
-0.031411397151266784,-0.00033593178,0.00087456655
-0.03129880705454802,-0.00084364414,0.0008736822
-0.03129384691086434,8.46386e-6,0.0008745026
-0.031188955650702177,-0.0004016757,0.00087425864
-0.031159675360819983,0.00063836575,0.0008733929
-0.031095007618379966,8.46386e-6,0.0008737485
-0.031030810787483876,1.1444092e-5,0.0008736145
-0.031011497736255167,8.46386e-6,0.0008725706
-0.030982627234691085,1.1444092e-5,0.00087252667
-0.030937863635951024,0.00014030933,0.0008722242
-0.030820437592338767,0.0006085634,0.0008721563
-0.030783169292306345,0.0003528595,0.00087310007
-0.030670566979231706,0.00086665154,0.000873518
-0.030665627898156134,8.46386e-6,0.00087247515
-0.03056074379914292,-0.001024425,0.00087275205
-0.030531441604255194,1.1444092e-5,0.0008730036
-0.03046680250692524,8.46386e-6,0.0008728804
-0.030402583349773526,1.1444092e-5,0.0008727369
-0.030383299365110694,8.46386e-6,0.00087285606
-0.030354371152590653,1.1444092e-5,0.0008723224
-0.03030966989876338,8.46386e-6,0.00087226275
-0.030192190356182036,1.1444092e-5,0.0008724085
-0.030154941012712877,-0.00020337105,0.0008726442
-0.030042326904326733,1.1444092e-5,0.00087218656
-0.030037408885653594,-0.00037759542,0.0008727757
-0.02993253194768647,0.0014516115,0.0008737563
-0.029903207848101798,1.1444092e-5,0.0008731031
-0.02983859739536765,8.46386e-6,0.00087282213
-0.029774356333313323,1.1444092e-5,0.000873341
-0.029755100572304682,8.46386e-6,0.00087235554
-0.029726115069770298,-0.00015246868,0.00087179156
-0.029681476161164344,8.46386e-6,0.00087163737
-0.02956394312002525,1.1444092e-5,0.000871808
-0.029526713153649575,0.00022029877,0.00087311683
-0.02941408682942176,1.1444092e-5,0.0008718511
-0.029409189873253916,0.00039446354,0.00087269617
-0.029304320096847136,8.46386e-6,0.00087236456
-0.02927497451350708,1.1444092e-5,0.00087197137
-0.029210392284529985,8.46386e-6,0.0008733419
-0.029146128896117174,1.1444092e-5,0.00087317196
-0.029126901779910064,8.46386e-6,0.00087159505
-0.029097859408302895,0.00017547607,0.0008712549
-0.02905328284460973,8.46386e-6,0.00087181514
-0.028935695883868462,1.1444092e-5,0.0008713224
-0.028898484873439045,8.46386e-6,0.000872245
-0.028785846754105393,1.1444092e-5,0.0008728605
-0.028780970860545707,8.46386e-6,0.00087222137
-0.02867610824528788,-0.0012350082,0.00087147043
-0.028646740757045153,1.1444092e-5,0.0008720687
-0.028582187173280982,8.46386e-6,0.000872496
-0.0285179018799655,1.1444092e-5,0.0008733259
-0.02849870340876559,8.46386e-6,0.000871822
-0.02846960332579107,1.1444092e-5,0.000870951
-0.02842508910721636,8.46386e-6,0.0008710244
-0.028307449069167545,1.1444092e-5,0.0008706662
-0.02827025701468433,8.46386e-6,0.0008727049
-0.028157606679200475,1.1444092e-5,0.00087160646
-0.028152751848043167,8.46386e-6,0.0008718144
-0.028047896815081574,0.001251936,0.0008723373
-0.02801850742173051,1.1444092e-5,0.0008717611
-0.02795398206192906,8.46386e-6,0.0008716279
-0.027889674442255152,1.1444092e-5,0.00087231863
-0.027870504616370972,8.46386e-6,0.00087155536
-0.027841347243382053,1.1444092e-5,0.0008708526
-0.02779689536982305,8.46386e-6,0.0008719171
-0.027679201832702227,1.1444092e-5,0.00087035034
-0.02764202873478233,8.46386e-6,0.0008717618
-0.027529366604295502,1.1444092e-5,0.0008713691
-0.02752453283564349,8.46386e-6,0.00087170326
-0.027419684963830848,8.46386e-6,0.0008709235
-0.027390273665577114,1.1444092e-5,0.0008711394
-0.02732577652912138,8.46386e-6,0.0008709623
-0.027261447426000618,1.1444092e-5,0.000872416
-0.02724230582387349,8.46386e-6,0.0008717827
-0.027213091582634574,1.1444092e-5,0.0008707093
-0.027168702053679772,-0.00033164024,0.00087091385
-0.02705095459623691,1.1444092e-5,0.0008701244
-0.027013800876130423,8.46386e-6,0.00087104127
-0.02690112610814044,1.1444092e-5,0.0008711136
-0.026896314244493957,8.46386e-6,0.0008713633
-0.02679147311247726,8.46386e-6,0.00087128975
-0.026762040330673864,1.1444092e-5,0.00087109895
-0.026697571417975186,8.46386e-6,0.000871731
-0.026633219988598855,1.1444092e-5,0.00087234407
-0.026614107452420488,8.46386e-6,0.00087106344
-0.02658483549981422,1.1444092e-5,0.00087022915
-0.026540508315875067,0.00034856796,0.00087055576
-0.026422707360080178,1.1444092e-5,0.0008700034
-0.026385572595919893,8.46386e-6,0.0008715012
-0.026272886033132603,1.1444092e-5,0.00087067735
-0.026268095232094224,8.46386e-6,0.0008716857
-0.026163261261226534,8.46386e-6,0.0008708493
-0.02613380657452047,1.1444092e-5,0.0008713908
-0.02606936630682899,-0.00068211555,0.0008705545
-0.026004992972447183,-0.00017428398,0.00087144814
-0.02598590866002587,8.46386e-6,0.0008706921
-0.025956579838243954,1.1444092e-5,0.00086977286
-0.025912314578481754,8.46386e-6,0.00087110256
-0.02579446012392339,1.1444092e-5,0.0008700009
-0.025757344737165122,8.46386e-6,0.00087245903
-0.0256446459579191,1.1444092e-5,0.00087060954
-0.02563987621928321,8.46386e-6,0.00087055424
-0.025535049409975807,8.46386e-6,0.00087022985
-0.025505572817955735,1.1444092e-5,0.00087022193
-0.0254411611952714,0.0006990433,0.00087036
-0.025376765955884062,0.00019729137,0.0008716375
-0.025357710288470003,8.46386e-6,0.0008700129
-0.025328323756246385,1.1444092e-5,0.00086950464
-0.025284120841088387,8.46386e-6,0.00087049097
-0.025166213308913887,1.1444092e-5,0.000870051
-0.025129116457674516,8.46386e-6,0.0008706913
-0.025016405883014126,1.1444092e-5,0.00087019906
-0.02501165720688353,-0.00021207333,0.0008704182
-0.024906837558827888,8.46386e-6,0.0008699129
-0.02487733948305243,1.1444092e-5,0.00086999015
-0.024812956084125204,8.46386e-6,0.00087006023
-0.02474853851827663,1.1444092e-5,0.0008713234
-0.02472951149566399,8.46386e-6,0.00086996786
-0.02470006767373456,1.1444092e-5,0.00086963736
-0.02465592752453377,8.46386e-6,0.00086939207
-0.024537966072448625,-0.0006084442,0.0008689314
-0.024500888598611215,8.46386e-6,0.0008706791
-0.024388165808006346,1.1444092e-5,0.00087066914
-0.024383438194175266,0.00022900105,0.00087043724
-0.024278626128621583,-3.5703182e-5,0.0008702647
-0.02424910572710476,1.1444092e-5,0.0008707825
-0.024184750973184732,8.46386e-6,0.00087019114
-0.024120311502330627,1.1444092e-5,0.0008713872
-0.024101312703680766,8.46386e-6,0.00087046734
-0.024071812012267157,1.1444092e-5,0.00086938863
-0.024027733787140404,8.46386e-6,0.0008698274
-0.023909718836291838,0.0006314516,0.00086980313
-0.023872660318297823,-0.001467824,0.00087003305
-0.02375992573279284,1.1444092e-5,0.00087016576
-0.023755219181467058,8.46386e-6,0.0008695124
-0.023650414277165188,5.2690506e-5,0.0008695581
-0.023620872391995784,1.1444092e-5,0.00086975633
-0.023556545861832867,8.46386e-6,0.0008713211
-0.02349208406492881,1.1444092e-5,0.00087074086
-0.0234731143321249,8.46386e-6,0.00087111996
-0.023443555929446802,1.1444092e-5,0.0008687717
-0.0233995400493357,8.46386e-6,0.00086950115
-0.023281471600340775,1.1444092e-5,0.0008698926
-0.023244432460057307,0.0011303425,0.0008694868
-0.023131685657887868,1.1444092e-5,0.0008693974
-0.023127000169273104,8.46386e-6,0.0008693441
-0.023022202426222993,8.46386e-6,0.00086943817
-0.02299263863543105,-0.0012871623,0.0008697893
-0.022928340750275278,8.46386e-6,0.00086955965
-0.022863857048365743,-0.0005964041,0.0008698929
-0.02284491553931889,8.46386e-6,0.0008695192
-0.02281530026828793,-0.00032103062,0.0008684086
-0.022771346732883946,8.46386e-6,0.00086879154
-0.02265322478502274,1.1444092e-5,0.0008689039
-0.022616204179743915,0.00036287308,0.00087016367
-0.022503445582982895,-0.00021868944,0.0008687291
-0.02249878115687337,-8.85725e-5,0.00086929393
-0.022393990574869405,-0.00029987097,0.0008693837
-0.022364405300527745,0.0013101101,0.000869738
-0.02230013563912908,8.46386e-6,0.00086951186
-0.02223563003221407,0.00061941147,0.0008706749
-0.022216717168585753,8.46386e-6,0.00086921285
-0.022187044186187443,0.000344038,0.0008686054
-0.02214315299579911,-7.581711e-5,0.0008681466
-0.022024977548660285,-0.000207901,0.000868529
-0.02198797632068067,8.46386e-6,0.0008694488
-0.021875205507975115,0.00024163723,0.0008695862
-0.021870562565312446,-0.00020128489,0.00086906354
-0.021765779144560238,0.0003168583,0.00087000075
-0.021736171544374405,1.1444092e-5,0.0008696054
-0.021671930527571492,8.46386e-6,0.0008685466
-0.021607402594812253,1.1444092e-5,0.00087014626
-0.021588518376191135,8.46386e-6,0.0008687708
-0.021558788524925765,1.1444092e-5,0.0008677469
-0.021514959257994404,9.274483e-5,0.000868288
-0.02139673031240069,0.0002309084,0.00086828094
-0.02135974846202876,8.46386e-6,0.00086892326
-0.02124696543296728,-0.00035631657,0.0008682918
-0.0212423435527071,0.00031542778,0.00086898066
-0.021137567293618043,-0.000318408,0.00086868985
-0.021107938209368238,1.1444092e-5,0.00086892204
-0.021043725416425296,8.46386e-6,0.000868995
-0.02097917557866058,1.1444092e-5,0.0008694262
-0.02096032000463527,8.46386e-6,0.00086868095
-0.02093053244231108,1.1444092e-5,0.00086827617
-0.020886765520292505,8.46386e-6,0.00086755416
-0.020768483076141098,1.1444092e-5,0.00086869
-0.02073152018212676,8.46386e-6,0.00086849683
-0.020618725357856638,-0.00086688995,0.0008680899
-0.020614124540307366,8.46386e-6,0.0008681087
-0.02050935544247018,0.00033533573,0.00086864835
-0.020479704874156457,1.1444092e-5,0.0008683601
-0.0204155203052791,8.46386e-6,0.0008683315
-0.020350948562097515,1.1444092e-5,0.0008691321
-0.020332121211829257,8.46386e-6,0.0008682215
-0.020302276781049344,1.1444092e-5,0.0008676467
-0.020258572204457814,8.46386e-6,0.0008673161
-0.0201402362612344,1.1444092e-5,0.0008683052
-0.020103292323474853,8.46386e-6,0.00086906983
-0.019990485282848802,0.001257658,0.00086859684
-0.01998590552780488,8.46386e-6,0.0008690642
-0.019881143591013728,8.46386e-6,0.0008682855
-0.01985147111800306,1.1444092e-5,0.00086830196
-0.019787315614971657,8.46386e-6,0.0008683874
-0.019722721124387166,1.1444092e-5,0.0008693334
-0.019703922840684784,8.46386e-6,0.00086816365
-0.01967402069853752,1.1444092e-5,0.0008675429
-0.019630378467064502,8.46386e-6,0.0008672633
-0.019511989024872,1.1444092e-5,0.0008675785
-0.01947506446441155,8.46386e-6,0.0008689589
-0.019362245207841022,1.1444092e-5,0.00086823205
-0.019357686515096673,8.46386e-6,0.0008686895
-0.019252932161013092,-0.000106334686,0.0008680554
-0.01922323778330548,1.1444092e-5,0.000867781
-0.01915911050382546,8.46386e-6,0.0008680149
-0.019094494108544025,1.1444092e-5,0.0008691973
-0.019075724048290166,8.46386e-6,0.0008679073
-0.019045765037378648,1.1444092e-5,0.0008673374
-0.01900218472925974,-0.00047266483,0.0008674009
-0.01888374178861235,1.1444092e-5,0.0008670652
-0.018846836184509552,8.46386e-6,0.0008680853
-0.01873400513273038,-6.28829e-5,0.00086776604
-0.018729467923947085,-0.00074356794,0.0008686249
-0.018624720309865228,0.0001232624,0.00086920266
-0.018595004026843553,-9.119511e-5,0.0008673101
-0.018530905392679264,-0.0003376603,0.00086718897
-0.01846626709198096,1.1444092e-5,0.00086843397
-0.0184475256767343,8.46386e-6,0.0008674858
-0.018417509375911245,1.1444092e-5,0.0008665607
-0.018373990991557898,0.00048959255,0.00086667505
-0.01825549497401424,1.1444092e-5,0.00086736033
-0.018218608325549113,-7.0273876e-5,0.000867466
-0.018105765057722545,8.583069e-5,0.00086780114
-0.018101248911753076,0.00076043606,0.00086835405
-0.01799650845851164,8.46386e-6,0.0008676426
-0.017966770691631773,0.0001142025,0.0008668051
-0.017902700281533068,0.00035464764,0.0008678183
-0.017838039654373472,-0.00038522482,0.00086806505
-0.01781932688433968,8.46386e-6,0.00086786767
-0.017789253293193752,1.1444092e-5,0.00086629676
-0.017745797675311814,8.46386e-6,0.00086701877
-0.01762724773785751,1.1444092e-5,0.0008661852
-0.017590380466588673,8.72612e-5,0.0008677633
-0.01747752498271471,1.1444092e-5,0.000867711
-0.017473029898942005,8.46386e-6,0.00086729863
-0.017368297028202473,8.46386e-6,0.0008679597
-0.017338536935478377,1.1444092e-5,0.0008668294
-0.01727449516997548,8.46386e-6,0.0008674924
-0.01720981263842747,-0.0007265806,0.00086809037
-0.017191128513195153,8.46386e-6,0.0008680758
-0.01716099763224055,1.1444092e-5,0.00086630904
-0.017117603937918446,8.46386e-6,0.00086637685
-0.01699900050128933,1.1444092e-5,0.000866445
-0.01696215260814249,8.46386e-6,0.00086728
-0.016849285329059882,1.1444092e-5,0.0008670663
-0.01684481088633666,8.46386e-6,0.0008676796
-0.01674008517705461,8.46386e-6,0.0008669783
-0.016710303600472265,1.1444092e-5,0.000866764
-0.016646290058520752,8.46386e-6,0.00086749345
-0.016581585622275796,0.0011463165,0.0008683559
-0.016562929720389197,8.46386e-6,0.00086702826
-0.016532741549831587,1.1444092e-5,0.0008660633
-0.016489410200216603,8.46386e-6,0.0008665356
-0.016370753685971295,1.1444092e-5,0.0008654353
-0.016333924328240434,8.46386e-6,0.0008671457
-0.01622104525415491,1.1444092e-5,0.0008671721
-0.01621659229539274,8.46386e-6,0.00086639164
-0.016111873326112414,8.46386e-6,0.0008678064
-0.016082070265466153,1.1444092e-5,0.0008671149
-0.016018084947683087,8.46386e-6,0.00086653745
-0.015953358184462585,-0.00016212463,0.0008673471
-0.01593473134924467,8.46386e-6,0.0008675164
-0.015904485888672715,1.1444092e-5,0.00086614554
-0.01586121688397052,8.46386e-6,0.00086626114
-0.015742506449814564,1.1444092e-5,0.0008670073
-0.01570569646917719,8.46386e-6,0.00086787366
-0.015592805178941405,1.1444092e-5,0.0008668252
-0.015588373282993062,8.46386e-6,0.00086651783
-0.015483661895906109,8.46386e-6,0.00086654496
-0.015453836509107088,1.1444092e-5,0.00086645974
-0.015389879836125497,8.46386e-6,0.0008664937
-0.015325131168002382,2.1338463e-5,0.00086718553
-0.01530653255685005,8.46386e-6,0.00086690974
-0.015276230227513787,1.1444092e-5,0.0008656798
-0.015233023146577152,8.46386e-6,0.000866467
-0.01511425963531926,1.1444092e-5,0.00086543756
-0.01507746861052528,8.46386e-6,0.00086676545
-0.014964565103933625,-0.0002567768,0.00086668204
-0.014960154270181991,-0.00035738945,0.0008663813
-0.014855450044449658,8.46386e-6,0.00086669286
-0.014825603174203783,1.1444092e-5,0.0008663613
-0.01476167472467077,-0.00032281876,0.00086614623
-0.014696904151747847,0.00017523766,0.0008674846
-0.014678334185397046,8.46386e-6,0.00086622086
-0.014647974144693432,1.1444092e-5,0.00086567417
-0.014604829408875308,8.46386e-6,0.0008664921
-0.014486012398751136,1.1444092e-5,0.0008661489
-0.014449240751873371,8.46386e-6,0.0008663237
-0.014336325029028651,0.0002797842,0.00086695637
-0.014331935257473782,0.00037431717,0.0008671614
-0.014227238193301794,8.46386e-6,0.0008666785
-0.014197369839506202,1.1444092e-5,0.00086604746
-0.014133469613833105,0.00033974648,0.0008667021
-0.014068676714757422,1.1444092e-5,0.0008671833
-0.014050135392899565,-7.8737736e-5,0.0008664855
-0.01401971848353456,-0.00010025501,0.0008656641
-0.013976635671379078,8.46386e-6,0.0008648634
-0.013857765162183011,-0.00025111437,0.0008654128
-0.013821012893221463,8.46386e-6,0.00086651935
-0.013708084953815147,1.1444092e-5,0.0008674831
-0.013703716666221388,-0.0004274249,0.00086624245
-0.013599026762992628,8.46386e-6,0.00086572784
-0.013569136082941469,1.1444092e-5,0.0008662356
-0.013505264923525662,8.46386e-6,0.0008659327
-0.013440449698194357,1.1444092e-5,0.0008670633
-0.013421937021755037,9.572506e-5,0.00086665247
-0.013391462822375688,-0.00037062168,0.0008653761
-0.013348442355030188,-5.4478645e-5,0.0008658641
-0.013229518347687708,0.00027406216,0.0008653394
-0.013192785034569554,8.46386e-6,0.0008658858
-0.013079844878807312,1.1444092e-5,0.00086566515
-0.01307549765382171,0.00044441223,0.00086705113
-0.012970814911844764,8.46386e-6,0.0008663723
-0.012940902747832495,1.1444092e-5,0.0008658513
-0.012877059812173797,-0.0018630624,0.00086606777
-0.012812222681631291,1.1444092e-5,0.0008669937
-0.012793738229051943,-0.0002657771,0.00086587796
-0.012763207160805479,0.0005054474,0.0008657493
-0.012720248617225427,7.1406364e-5,0.00086606684
-0.012601271111428114,1.1444092e-5,0.00086488464
-0.012564556754256218,8.46386e-6,0.0008662484
-0.012451604803902339,-7.146597e-5,0.0008659873
-0.012447278641216308,8.46386e-6,0.00086598325
-0.012342603060696844,8.46386e-6,0.00086575956
-0.012312669412826382,1.1444092e-5,0.0008661112
-0.012248854700924738,0.0018799305,0.00086558104
-0.012183995665890957,-5.7816505e-6,0.0008667554
-0.012165539857804553,0.00012028217,0.0008659329
-0.012134951078396461,-0.0005325675,0.00086553424
-0.012092054880140646,8.46386e-6,0.0008653489
-0.011973024296212942,-0.00048583746,0.00086491136
-0.011936328895604309,8.46386e-6,0.0008665106
-0.01182336472899742,9.441376e-5,0.0008672136
-0.011819060049963914,8.46386e-6,0.0008667869
-0.01171439163079907,8.46386e-6,0.00086600904
-0.011684435656570125,1.1444092e-5,0.00086526375
-0.01162064958967568,8.46386e-6,0.000865265
-0.011555768649739284,2.8729439e-5,0.00086703565
-0.01153734148666008,0.00017094612,0.0008658742
-0.011506695417237589,0.0005555153,0.0008649541
-0.011463861142644471,8.46386e-6,0.0008648884
-0.011344777059644762,0.00050878525,0.00086421217
-0.011308101036541007,-5.888939e-5,0.00086608843
-0.011195125075651069,1.1444092e-5,0.0008662764
-0.011190841037461374,8.46386e-6,0.00086525956
-0.011086179779548344,8.46386e-6,0.0008659322
-0.011056202321666875,1.1444092e-5,0.00086639595
-0.010992444478529484,8.46386e-6,0.0008659549
-0.010927541211926128,1.1444092e-5,0.0008672288
-0.01090914269395693,8.46386e-6,0.0008658676
-0.010878439756078717,-0.0004054308,0.000865305
-0.010835667826295525,-0.0005597472,0.00086466107
-0.01071653024473812,1.1444092e-5,0.0008641886
-0.01067987317768343,7.581711e-5,0.00086569524
-0.010566885000437565,-0.00029611588,0.0008655159
-0.010562622446106118,-0.00022661686,0.0008654785
-0.01045796834934204,8.46386e-6,0.0008657381
-0.010427968986455038,1.1444092e-5,0.0008653136
-0.010364239788324847,-0.0010858774,0.000865227
-0.010299314195363063,1.1444092e-5,0.0008669294
-0.010280944322503871,-0.00095260143,0.0008652154
-0.010250184095125514,0.0004284382,0.00086497114
-0.010207474088799351,0.00057673454,0.0008648372
-0.010088283008787058,-5.3346157e-5,0.00086516846
-0.01005164531923719,8.46386e-6,0.00086566835
-0.009938644925121254,0.00031912327,0.0008648773
-0.009934403433603578,0.00024354458,0.0008646735
-0.00982975649819412,-0.00025999546,0.0008652362
-0.009799735230198836,1.1444092e-5,0.00086552906
-0.009736034677075844,0.0005209446,0.0008647616
-0.009671087179211335,1.1444092e-5,0.00086622284
-0.009652745530109252,0.00096952915,0.0008653566
-0.009621928433658111,1.1444092e-5,0.00086480624
-0.009579280351303177,8.46386e-6,0.00086493033
-0.009460036193880417,-0.00028777122,0.0008646382
-0.009423417460585282,8.46386e-6,0.00086517597
-0.00931040485021628,1.1444092e-5,0.00086542167
-0.009306184421101038,-0.00092607737,0.00086524244
-0.00920154506819354,0.00027692318,0.00086525397
-0.009171501895706924,-0.00037151575,0.0008644707
-0.009107829565929648,0.0005904436,0.00086453115
-0.009042860163368194,-0.0013313293,0.00086535176
-0.00902454715896478,-0.00029152632,0.00086465373
-0.00895108661370414,8.46386e-6,0.0008653603
-0.008831788957415099,-0.0002900958,0.00086416956
-0.008795189601522035,8.46386e-6,0.0008651288
-0.008682164775311307,1.1444092e-5,0.0008646507
-0.008677965829745782,0.0009430647,0.0008656343
-0.008573333216737089,-0.000284791,0.00086550234
-0.008543268560392281,0.00039446354,0.0008649317
-0.008479624454474921,-5.888939e-5,0.00086457597
-0.00841463314690799,-0.0005891919,0.0008666088
-0.008396348787408858,0.00030851364,0.0008653786
-0.008365416689781746,-0.0014471412,0.00086444046
-0.00832289287589938,8.46386e-6,0.0008647314
-0.008203542142405595,0.00037562847,0.0008643581
-0.008166961742561596,-0.0007187128,0.00086503086
-0.008053925121656424,-0.0002900958,0.00086606585
-0.008049746817346104,-0.0015003085,0.0008648223
-0.007945121786839315,8.4877014e-5,0.00086496666
-0.007915035225077638,-0.00037527084,0.000864897
-0.007851419343225863,7.581711e-5,0.00086497574
-0.007786405709094779,0.00033044815,0.0008660482
-0.007768149995014295,-0.0005402565,0.0008648573
-0.007737161028520012,-0.0016889572,0.00086514995
-0.007694699559756157,-0.0008163452,0.00086371583
-0.007575294906248864,-0.0011073947,0.00086421217
-0.007538733883806825,-0.00081151724,0.0008652225
-0.007425685046340114,-0.001242578,0.0008653131
-0.00742152822609371,0.0012495518,0.0008657709
-0.007316909935588589,-0.0007889867,0.00086642784
-0.007286801468924242,-0.00047641993,0.00086497003
-0.007223214653329757,-0.00046002865,0.00086389633
-0.0071581786933545,-0.0007662773,0.0008654819
-0.007139951624075436,-0.0011348128,0.00086421624
-0.007108905367258278,-0.0008175373,0.00086449884
-0.007066505822362845,-0.0008337498,0.00086427695
-0.006947048091342167,0.0003130436,0.0008648971
-0.00691050602556631,-0.002244711,0.0008646939
-0.00679744497143514,-0.0009226799,0.000864987
-0.00679330921359117,-0.0013375282,0.0008640032
-0.0066886985053822845,-0.0019207001,0.00086512277
-0.006658568134020992,-0.0012971163,0.0008648287
-0.006595009541977892,-4.9889088e-5,0.0008644782
-0.0065299516770999655,-0.0010715723,0.0008658626
-0.006511753252622432,8.46386e-6,0.0008647795
-0.006480649705893737,-0.0018832088,0.0008653035
-0.006438312084558084,-0.0005308986,0.0008639297
-0.006318800854876905,-0.0022475123,0.00086423
-0.006282278166503064,-0.0019724965,0.0008646028
-0.006169204896735836,-0.0013099909,0.0008645915
-0.006165090201191492,-7.8856945e-5,0.00086517446
-0.006060486654234365,-0.0012449622,0.000864893
-0.006030334799117687,-0.00014269352,0.0008647666
-0.005966804430728834,-0.00019437075,0.00086469157
-0.005901724660639707,-0.0019254088,0.0008650007
-0.005883554459919282,-0.0019291639,0.0008648383
-0.0058523940447348655,-0.002359748,0.0008638148
-0.005810118347164772,-0.0011459589,0.0008638802
-0.005690554039661677,-0.0016841888,0.00086368714
-0.005654050307542624,-0.0021064281,0.0008652878
-0.005540965242772478,-0.001992166,0.0008650267
-0.005536871609733374,-0.0010489821,0.0008656936
-0.005432275224233785,-0.0010399222,0.00086556043
-0.005402101463803044,-0.0013259053,0.0008641052
-0.005338599740729921,-0.002470374,0.0008637688
-0.005273497644076641,-0.003008008,0.00086579326
-0.005255356088774754,-0.002570212,0.00086461555
-0.005224138383781662,-0.0008819699,0.0008649122
-0.00518192503102155,-0.00061273575,0.00086482335
-0.00506230722496076,-0.0006581545,0.0008638529
-0.0050258224491992465,-0.0020679832,0.0008652016
-0.004912725167558973,-0.0022199154,0.00086512335
-0.004908652597230834,-0.0012744069,0.00086424913
-0.004804063372777334,-0.0014425516,0.0008649306
-0.004773867707649704,-0.002584219,0.00086459605
-0.004710394629378056,-0.0008793473,0.0008643579
-0.004645270627924969,-0.0026601553,0.0008651536
-0.004627157717218888,-0.0018381476,0.0008642668
-0.004595882722211453,-0.0013399124,0.00086422276
-0.0045537312932167895,-0.0015521646,0.00086327846
-0.004434059988803973,-0.0016432405,0.0008637605
-0.004397594590135945,-0.002225995,0.000865012
-0.004284485092654,-0.001917541,0.00086437585
-0.004280434005875577,-0.0013219714,0.00086460996
-0.004175851942468167,-0.0026017427,0.0008644517
-0.004145634373054929,-0.0028471947,0.0008644408
-0.004082189518128998,-0.0020855665,0.0008645643
-0.004017043611773297,-0.0025573373,0.0008649254
-0.00399895892482427,-0.0012131929,0.000864215
-0.003967627060846857,-0.0025143027,0.00086407387
-0.003925537555823477,-0.002273202,0.00086474075
-0.003805813173485939,-0.0021945834,0.00086339796
-0.0037693667311755052,-0.0020789504,0.000864841
-0.003656245017749027,-0.0012981296,0.00086452684
-0.0036522149930645065,-0.002522409,0.00086432265
-0.0035476400913203032,-0.0014089346,0.0008647299
-0.0035174010378431486,-0.0025902987,0.0008644137
-0.0034539844068799397,-0.002292335,0.0008644992
-0.003388816595210231,-0.003123343,0.00086531317
-0.0033707605536797414,-0.0035127401,0.0008639308
-0.0033393709783350323,-0.0039227605,0.0008636192
-0.0032973438184301096,-0.0025367737,0.0008634023
-0.0031775659373292076,-0.0017436147,0.00086263544
-0.0031411392940822735,-0.0016072392,0.0008657097
-0.0030280053639913374,-0.0021595955,0.0008656485
-0.0030239964021206434,-0.001815021,0.0008646268
-0.0029194286614225295,-0.002513826,0.00086500146
-0.00288916770252845,-0.0031865835,0.0008641706
-0.002825779716778165,-0.0017898679,0.0008636434
-0.002760589157808413,-0.0028691888,0.00086515985
-0.0027425621821238755,-0.003158927,0.0008644725
-0.0027111153170732982,-0.0024389625,0.0008644598
-0.0026691500806254043,-0.0025179982,0.00086285267
-0.002549319122422511,-0.0035143495,0.0008636861
-0.002512911435430365,-0.0026471615,0.00086470967
-0.002399765288777833,-0.0026891232,0.00086429925
-0.0023957773897209655,-0.0015867352,0.0008643882
-0.0022912168098632724,-0.0034555793,0.0008641097
-0.0022609343676252003,-0.0032428503,0.0008642463
-0.002197574605220576,-0.0025516152,0.0008643539
-0.0021323621418624095,-0.0031996965,0.0008653017
-0.0021143638109794027,-0.00330472,0.00086454226
-0.0020828596563258195,-0.0040184855,0.0008633117
-0.0020409567644821824,-0.0030354261,0.00086406776
-0.0019210723075158698,-0.0024760962,0.00086316664
-0.0018846835763670633,-0.002620995,0.0008653024
-0.0017715252138728599,-0.0023856163,0.00086499023
-0.0017675587982628471,-0.0033949018,0.0008639819
-0.0016630053799654987,-0.0033459663,0.0008639418
-0.0016327010327219504,-0.003384173,0.0008640336
-0.0015693694940743796,-0.0024257898,0.00086390396
-0.0015041351255050128,-0.0028823018,0.0008656089
-0.0014861650185847841,-0.0031821132,0.0008645787
-0.0014546039947555545,-0.0018934011,0.0008643075
-0.0014127630270888147,-0.003720522,0.0008625904
-0.0012928250709477451,-0.002316475,0.00086315296
-0.0012564557173038171,-0.0028574467,0.0008643974
-0.0011432855604237013,-0.0023038983,0.00086442987
-0.0011393402068047287,-0.002590835,0.0008649349
-0.0010347935291261101,-0.0021625757,0.00086524646
-0.0010044672765685547,-0.0026658177,0.0008636587
-0.0009411648043839982,-0.0027390122,0.00086421333
-0.0008759081089419474,-0.0035845637,0.00086533255
-0.0008579666474402559,-0.0025312304,0.0008641153
-0.000826348333185345,-0.0025805235,0.00086374
-0.0007845692892841094,-0.0025859475,0.0008645937
-0.0006645782558353797,-0.0034909248,0.00086329406
-0.0006282278586519086,-0.0015047193,0.00086456805
-0.0005150454851073349,-0.00297153,0.000864443
-0.0005111211944050509,-0.0012575984,0.0008645799
-0.00040658209891980546,-0.0021278858,0.0008647778
-0.00037623394125391174,-0.0029337406,0.00086437585
-0.00031295969292927106,-0.0034742355,0.0008636452
-0.00024768109279027506,-0.0034703612,0.0008651154
-0.00022976827588438997,-0.0041298866,0.0008642388
-0.00019809309368795658,-0.0027608275,0.00086404564
-0.0001563755518907417,-0.0026226044,0.0008631807
-3.633144113440734e-5,-0.0030474663,0.0008634824
0.0,-0.0041850805,0.00086453714
0.00011319459000330712,-0.0023764372,0.00086544635
0.00011709739674453656,-0.0023932457,0.00086467556
0.00022162933138936136,-0.0022995472,0.000864578
0.0002519993936493936,-0.003242612,0.0008643158
0.0003152449972753657,-0.002917409,0.0008633909
0.00038054592336139725,-0.0030106306,0.00086474034
0.0003984300956714759,-0.0018927455,0.0008647825
0.0004301625674709708,-0.0032362342,0.0008641786
0.0004718181855025705,-0.0040168166,0.00086309673
0.0005919157950223242,-0.0015918016,0.00086331874
0.0006282274377102937,-0.0028213859,0.0008653218
0.0007414342437609966,-0.0026984215,0.0008640481
0.0007453164095556075,-0.002340138,0.0008644677
0.0008498411821258323,-0.0031799078,0.0008653308
0.0008802327283469746,-0.0035524368,0.0008635563
0.0009434501082158375,-0.0024920106,0.0008641237
0.0010087729395130696,-0.0028818846,0.0008651038
0.001026628466404611,-0.0031579137,0.0008643019
0.0010584182290411803,-0.00249511,0.0008643556
0.0011000119233073313,-0.003496945,0.0008633472
0.0012201626099290208,-0.003180623,0.0008633841
0.0012564552964650644,-0.0031238198,0.00086558465
0.001369674318768832,-0.0030449033,0.0008644287
0.0013735350007051395,-0.0031933784,0.0008634567
0.001478052612434999,-0.0038148165,0.0008639659
0.0015084660634559488,-0.0024846792,0.00086407154
0.001571655219567758,-0.002909243,0.0008631124
0.0016369999560761905,-0.0019630194,0.0008650989
0.0016548272592106228,-0.0026150942,0.0008643103
0.0016866738906114453,-0.0022667646,0.0008652896
0.001728205239656222,-0.0028492212,0.0008631648
0.0018484094249385241,-0.0031425953,0.0008629806
0.001884683155116973,-0.0019797087,0.00086464186
0.0019979139724236594,-0.0025699735,0.00086475286
0.0020017540128991484,-0.0027261376,0.0008644121
0.002106264042744166,-0.003335297,0.0008637637
0.002136699398770592,-0.0031648874,0.00086400687
0.0021998599098752014,-0.0023090243,0.00086409907
0.002265226972227863,-0.0039313436,0.0008649557
0.0022830256307664887,-0.00363034,0.00086424546
0.0023149295517703172,-0.003648162,0.0008642075
0.0023563989771523963,-0.0039860606,0.0008634358
0.0024766566614037866,-0.0025404096,0.0008632161
0.0025129110140774125,-0.002563715,0.0008650881
0.002626154047534357,-0.0020077825,0.000865118
0.002629972604357267,-0.0016403794,0.000864046
0.0027344758938920855,-0.0020117164,0.0008651712
0.0027649327336738416,-0.001979947,0.0008641026
0.0028280650210213976,-0.0028232336,0.00086417067
0.0028934539881738663,-0.0024656653,0.000865589
0.002911224001499624,-0.0020313263,0.0008647796
0.002943185212620658,-0.0019769669,0.0008642633
0.002984592714648626,-0.0021312833,0.0008641247
0.0031049034763104277,-0.0022381544,0.0008628886
0.0031411384515820373,-0.00070387125,0.0008650797
0.003254394122542137,-0.0025800467,0.0008651372
0.0032581911958153853,-0.0021557212,0.0008641496
0.003362687323789859,-0.0022155643,0.0008643567
0.003393166068577147,-0.0025974512,0.0008639517
0.0034562697113288965,-0.0018491149,0.0008639911
0.0035216810046340696,-0.0032481551,0.00086518365
0.0035394223730554897,-0.0036686063,0.0008651649
0.003571440873882392,-0.0023537874,0.0008647566
0.0036127864522476627,-0.00282228,0.0008634033
0.0037331502912171244,-0.0009894967,0.00086373434
0.003769366310233946,-0.0024878383,0.00086500775
0.003882633775888489,-0.0016567111,0.00086469477
0.0038864102080093943,-0.0019187331,0.0008641149
0.003990899174937723,-0.000770092,0.0008652223
0.004021399403480397,-0.001447618,0.00086404197
0.004084474822475093,-0.0014084578,0.00086432724
0.0041499080210943284,-0.0028167963,0.0008654391
0.004167620744611411,-0.0027793646,0.0008641016
0.004199696535246933,-0.002496779,0.00086418336
0.004240980189743837,-0.0021840334,0.0008634653
0.004361397106535159,-0.0011239052,0.0008635782
0.004397594168885854,-0.0015114546,0.00086478546
0.0045108738512048,-0.00082463026,0.0008642824
0.004514628799467457,-0.0013170838,0.0008645426
0.00461911060524689,-0.0023357272,0.00086452696
0.004649633160045186,-0.0017986894,0.00086413807
0.004712679933621289,-0.0013182759,0.00086406595
0.004778135037246001,-0.0014531612,0.0008654492
0.00479581953700603,-0.0030778646,0.00086455
0.004827952196508667,-0.0015636086,0.0008640056
0.004869173927240011,-0.0003001094,0.0008642388
0.00498964434269189,-0.0014815927,0.00086298556
0.005025821606287617,-0.0009843111,0.0008656154
0.0051391135051682135,-0.0006734729,0.0008650987
0.005142847390925576,-0.0017930269,0.000864154
0.005247322035144664,-0.0008337498,0.0008649195
0.0052778664949484355,-0.0019254088,0.0008643341
0.005340884623517339,-0.0008172989,0.0008650017
0.005406362053500535,-0.0015003085,0.0008652575
0.0054240179081505024,-0.0012150407,0.00086535345
0.005456207436520255,-0.0012747049,0.00086494
0.0054973672435889576,-0.0019593239,0.0008637085
0.005617891157598531,-0.00054323673,0.0008653654
0.005654049465350919,-0.00053340197,0.0008654932
0.005767353580175993,-0.0017518401,0.00086454855
0.0057710664033252534,-0.0005039573,0.00086454285
0.0058755334654538305,-0.0019014478,0.0008652793
0.0059060998296460165,-0.0034090877,0.00086418225
0.005969089734663535,-0.0020997524,0.00086425693
0.00603458906975507,1.1444092e-5,0.0008655473
0.006052216279295031,-0.0024727583,0.000864069
0.0060844630976791825,-0.0014808774,0.00086444727
0.006125560981085132,-0.0018284917,0.0008637679
0.006246137972608035,-0.001516521,0.00086283864
0.006282277324002827,-0.00079876184,0.0008654032
0.006395593655080967,-0.00039762259,0.00086503534
0.006399284994474841,-0.00097602606,0.00086463225
0.006503745316807419,-0.0008304119,0.0008649006
0.006534333164857853,-0.00053465366,0.0008647018
0.006597294424971034,-0.00056916475,0.000864555
0.006662816086112411,1.1444092e-5,0.00086620956
0.006680414650850897,-0.0008864403,0.0008651848
0.006712718759043723,0.00072824955,0.0008643427
0.006753754718581306,0.000674963,0.0008646245
0.006874384787617538,-0.00013715029,0.0008639767
0.00691050476140459,0.00089752674,0.0008652771
0.0070238333087358495,0.0005193949,0.00086510176
0.0070275035857272905,-0.00018751621,0.0008642461
0.007131956746499468,8.46386e-6,0.00086495327
0.007162566500069634,0.00039827824,0.00086478534
0.00722549953611723,8.46386e-6,0.0008637711
0.007291043102264139,0.00033414364,0.0008668316
0.007308613021995425,-0.0008138418,0.000865332
0.007340974420613988,-0.00044721365,0.00086422346
0.007381948456180343,0.0019649267,0.0008647856
0.007502632023979994,-6.03199e-5,0.0008639138
0.007538732620467892,-0.00020593405,0.0008657062
0.007652073383949354,-0.0007467866,0.0008649556
0.007655722598435499,-0.00057148933,0.0008647737
0.007760168176397297,2.503395e-6,0.00086577085
0.007790799834972939,1.1444092e-5,0.00086510467
0.00785370422601328,-0.0004942417,0.0008638818
0.007919270118210142,-0.0019145012,0.00086592743
0.007936811393139953,0.00053060055,0.0008650049
0.007969230081567136,1.1444092e-5,0.0008649863
0.008010142193573655,-0.0008802414,0.0008636669
0.008130878838989553,-5.465746e-5,0.0008641959
0.008166960057869654,-0.0006660819,0.00086524535
0.008280313037707043,1.1444092e-5,0.000865004
0.008283941189585087,8.46386e-6,0.00086464384
0.008388380027956499,8.46386e-6,0.0008648081
0.008419033169979051,-0.00042372942,0.0008652069
0.00848190933757087,8.46386e-6,0.00086428307
0.008547497134773208,0.0012220144,0.00086610916
0.008565009764695763,-0.00051373243,0.0008647969
0.008597485321475973,-0.00024670362,0.00086544285
0.008638335931069885,-0.0021095872,0.0008640156
0.008759125653999056,0.0008753538,0.0008648674
0.008795187916521563,0.0002143383,0.0008661238
0.008908553112200623,1.1444092e-5,0.00086521346
0.008912159781146012,8.46386e-6,0.0008656634
0.009016591457854273,2.2530556e-5,0.0008656004
0.009047266504985108,1.1444092e-5,0.0008649534
0.009110114027466976,8.46386e-6,0.00086479174
0.009175724151130549,-0.0003848672,0.00086602714
0.009193208135840347,0.00026607513,0.00086591137
0.009225740982634845,1.1444092e-5,0.00086499745
0.009266529668771728,0.00015795231,0.0008636682
0.009387372468905641,-0.0008523464,0.00086376135
0.009423415354334774,0.00056648254,0.00086546893
0.009536792765958313,1.1444092e-5,0.0008656163
0.009540378372706937,8.46386e-6,0.0008652281
0.009644802887752046,-5.543232e-6,0.0008657313
0.009675499840094082,1.1444092e-5,0.000864785
0.009738319138613116,8.46386e-6,0.0008651617
0.009803951167385083,-0.00080269575,0.0008660295
0.009821406507293351,-0.0002490878,0.0008653304
0.009853996643793717,0.00021958351,0.00086607673
0.009894722984915005,-0.00014102459,0.00086461613
0.010015619283812338,1.1444092e-5,0.0008647288
0.010051643212986683,-0.00075536966,0.0008660589
0.010165032841171873,1.1444092e-5,0.00086559914
0.010168597384695333,8.46386e-6,0.00086570694
0.010273014318061269,0.00026786327,0.00086572405
0.010303733174997443,0.00018846989,0.00086567336
0.01036652382892067,8.46386e-6,0.0008649075
0.010432177762389583,1.1444092e-5,0.0008664725
0.010449604878746355,8.46386e-6,0.0008657123
0.01048225188411378,-0.00019657612,0.0008655948
0.010522916722411235,-0.0009843111,0.0008645397
0.010643866099027455,2.002716e-5,0.00086453743
0.010679871071638591,0.0008648634,0.0008666519
0.010793272495238093,0.00025641918,0.0008661422
0.010796815975947727,8.46386e-6,0.000864944
0.010901226169209188,-0.00025093555,0.0008653617
0.010931966509694968,-5.221367e-5,0.00086612493
0.010994728940066811,0.0008991957,0.00086531654
0.0110604047785412,1.1444092e-5,0.0008664851
0.011077803249685214,8.46386e-6,0.0008658879
0.011110507545272652,1.1444092e-5,0.00086543284
0.011151110460113078,0.0014690161,0.00086449547
0.011272113335287104,2.861023e-6,0.0008655035
0.011308098509040354,-0.0004093647,0.0008660967
0.011421512570143011,-0.0002334714,0.00086705957
0.011425034567405845,0.0006581545,0.0008657834
0.011529437599106962,8.46386e-6,0.0008660889
0.011560199845009667,-0.00010186434,0.000865766
0.011622933629962917,-0.0008735657,0.0008651849
0.011688631795001458,1.1444092e-5,0.0008669021
0.011706002042285446,0.00026023388,0.0008664268
0.011738763206431524,1.1444092e-5,0.0008651993
0.011779304197917728,0.00050508976,0.0008645802
0.011900360149782352,1.1444092e-5,0.00086600863
0.011936326367692263,-0.0004299879,0.00086606795
0.01204975222359217,1.1444092e-5,0.00086650247
0.012053253158555433,-0.0006412864,0.0008657851
0.012157649029004736,0.00020563602,0.00086646696
0.01218843318011864,1.1444092e-5,0.00086567743
0.012251138741520506,-2.3841858e-7,0.00086546934
0.012316858811255993,1.1444092e-5,0.00086705585
0.012334200413841367,-0.00015723705,0.0008656825
0.012367018446751699,1.1444092e-5,0.0008654443
0.012407497935311151,-0.0010538697,0.0008644502
0.012528606965100386,0.00023019314,0.00086473214
0.012564553805505474,8.46386e-6,0.0008677187
0.012677992298702812,1.1444092e-5,0.00086656533
0.012681472170955055,8.46386e-6,0.0008658633
0.0127216045792522,-0.00057923794,-2.9686356e-5
0.012785860459313847,-0.0001886487,0.0008663776
0.012816666515124697,1.1444092e-5,0.00086623966
0.01287934343182795,8.46386e-6,0.0008658753
0.01294508582740772,1.1444092e-5,0.00086693844
0.012962398784780227,-7.748604e-5,0.0008660976
0.01299527410791057,1.1444092e-5,0.0008664617
0.013035711223193358,-0.00029873848,-2.9686356e-5
0.01315685378041842,-0.00016534328,0.0008656819
0.013192781242907237,8.46386e-6,0.00086695474
0.013306231952769143,1.1444092e-5,0.0008664211
0.01330969076251598,8.46386e-6,0.0008661106
0.013349817867134517,8.46386e-6,-2.9686356e-5
0.013414071889520152,8.46386e-6,0.0008666395
0.013444899428880719,1.1444092e-5,0.00086574437
0.013507548121724056,9.071827e-5,0.00086681894
0.013573312843765062,1.1444092e-5,0.00086752797
0.0135905971559247,8.46386e-6,0.0008660016
0.013623529769069442,0.00017046928,0.0008662133
0.013663924511075676,8.46386e-6,-2.9686356e-5
0.013785100595325117,-3.0398369e-5,0.0008651791
0.013821009101970483,8.46386e-6,0.0008668428
0.013934471606115384,1.1444092e-5,0.00086664944
0.013937909353665567,8.46386e-6,0.0008668187
0.013978031155016724,8.46386e-6,-2.9686356e-5
0.01404228374035954,8.46386e-6,0.0008667616
0.014073132763783969,1.1444092e-5,0.0008660621
0.014135753232870196,0.00015544891,0.0008664136
0.014201539860019596,1.1444092e-5,0.00086708454
0.014218795527377703,8.46386e-6,0.0008669205
0.01425178500897828,-0.00014746189,0.00086625817
0.014292137798957882,8.46386e-6,-2.9686356e-5
0.014413347410231814,1.1444092e-5,0.00086563727
0.01444923653957797,8.46386e-6,0.0008667833
0.01456271168112322,1.1444092e-5,0.00086730334
0.014566127944815155,8.46386e-6,0.00086604257
0.014606244442899041,8.46386e-6,-2.9686356e-5
0.014670495170668651,8.46386e-6,0.000867015
0.01470136609899586,1.1444092e-5,0.0008660216
0.014763957923074833,-0.0002207756,0.0008659137
0.014829766455023985,1.1444092e-5,0.0008678727
0.014846993898830818,0.0003902912,0.000867429
0.014880040669931427,0.00031495094,0.0008663774
0.014920351086840089,8.46386e-6,-2.9686356e-5
0.0150415942251384,0.00093603134,0.0008661134
0.015077464398024154,8.46386e-6,0.0008678794
0.015190951334983827,1.1444092e-5,0.0008673599
0.015194346536067549,8.46386e-6,0.0008665691
0.01529870660077215,8.46386e-6,0.00086642563
0.015329599434001917,1.1444092e-5,0.0008664901
0.015392163034323891,0.00024974346,0.00086567167
0.015457993471381437,1.1444092e-5,0.0008678988
0.01547519226997529,-0.0003734231,0.0008665735
0.015508295910148684,-0.00029194355,0.0008663578
0.015669841040456434,-0.00091302395,0.0008668725
0.015705691835426028,8.46386e-6,0.00086760765
0.015819191410300082,1.1444092e-5,0.0008671887
0.015822565127525667,8.46386e-6,0.0008663866
0.01592691803077273,8.46386e-6,0.0008678435
0.01595783276849383,0.00039803982,0.0008668194
0.01602036772380866,-0.00023287535,0.0008665352
0.01608622048763597,1.1444092e-5,0.00086844387
0.01610339064122257,0.0001270771,0.0008668617
0.016136551571616087,3.0636787e-5,0.0008666504
0.01629808785536313,1.1444092e-5,0.00086600415
0.016333919273239128,8.46386e-6,0.0008675797
0.016447431063954965,1.1444092e-5,0.0008682798
0.016450783719086703,8.46386e-6,0.00086824794
0.016555129460979146,8.46386e-6,0.0008679502
0.016586066103808528,-0.00037503242,0.0008667209
0.016648572414116103,8.46386e-6,0.00086727185
0.016714447503890506,1.1444092e-5,0.0008685308
0.016731589012675685,-0.00011014938,0.000867261
0.016764806811524924,-7.6293945e-6,0.0008672273
0.016926334669961185,1.1444092e-5,0.000866124
0.016962147131891037,8.46386e-6,0.00086827634
0.017075670717404123,1.1444092e-5,0.00086744194
0.017079002731177795,8.46386e-6,0.0008669631
0.01718334089087692,0.0004911423,0.0008679108
0.01721429943902031,1.1444092e-5,0.0008675075
0.017276777525673692,8.46386e-6,0.00086713105
0.017342674520042123,0.0012134314,0.0008691183
0.017359787383820158,8.46386e-6,0.0008683893
0.017393062472683796,1.1444092e-5,0.0008677529
0.01743304741444185,8.46386e-6,0.0008666533
0.017554581485176413,0.0010935068,0.00086607755
0.01759037456929291,8.46386e-6,0.00086813234
0.017703910792617683,1.1444092e-5,0.0008684223
0.017707221322635913,0.0005866289,0.0008682831
0.0178115523208775,-0.00047415495,0.00086786866
0.017842532774026365,1.1444092e-5,0.0008674359
0.01790498221515835,8.46386e-6,0.00086815096
0.017970901114943705,-0.0011904836,0.0008689591
0.017987985333714596,0.00066423416,0.0008675506
0.01802131771269544,1.1444092e-5,0.0008679857
0.018061241151835272,8.46386e-6,0.0008676975
0.018182828300494447,-0.0010704994,0.00086670724
0.01821860200710601,8.46386e-6,0.0008688053
0.018332150446581097,1.1444092e-5,0.0008686263
0.01833543991419684,-0.0005697012,0.0008674477
0.01843976375087808,8.46386e-6,0.0008682416
0.018470766108929726,1.1444092e-5,0.00086811517
0.01853318732671594,8.46386e-6,0.000868182
0.01859912813150677,0.0004878044,0.0008690842
0.018616183705270406,-0.00064730644,0.000867782
0.018649573374162842,1.1444092e-5,0.00086773833
0.018689434889228584,8.46386e-6,0.00086766615
0.018811075115401144,1.1444092e-5,0.0008671041
0.018846829865963644,8.46386e-6,0.0008684311
0.018960390100030255,1.1444092e-5,0.0008684921
0.018963658505346426,2.2292137e-5,0.0008678163
0.019067975602026,8.46386e-6,0.00086828275
0.01909899902258283,1.1444092e-5,0.0008680596
0.019161392017023382,8.46386e-6,0.0008674907
0.019227355147658498,-0.00046479702,0.00086896773
0.01924438207641499,8.46386e-6,0.00086808257
0.019277828614071568,1.1444092e-5,0.0008683252
0.019317628627033345,8.46386e-6,0.00086729496
0.01943932193030773,1.1444092e-5,0.0008677111
0.019475057303468324,8.46386e-6,0.00086856284
0.019588630174935173,0.001001358,0.000869257
0.019591877096496013,-5.3048134e-6,0.00086756004
0.019696187032232304,0.00025570393,0.00086870906
0.01972723235789753,1.1444092e-5,0.00086804153
0.019789596706919488,8.46386e-6,0.0008677144
0.019855582163810226,0.00031507015,0.00086969935
0.019872580447559463,0.0007908344,0.00086804014
0.019906084275024716,1.1444092e-5,0.0008688765
0.019945822364426657,8.46386e-6,0.0008685706
0.0200675687450087,1.1444092e-5,0.0008679636
0.020103284740561556,8.46386e-6,0.0008686054
0.020216869828898587,-0.0009783506,0.0008699546
0.0202200956876456,8.46386e-6,0.00086874026
0.020324398462232995,-0.0002387762,0.00086874247
0.020355465692800778,1.1444092e-5,0.0008682807
0.020417801397021318,8.46386e-6,0.000868358
0.020483809180270374,-0.00029206276,0.0008693286
0.020500778819115384,-0.0007739067,0.00086872844
0.020534339514933553,1.1444092e-5,0.00086918124
0.02057401610181997,8.46386e-6,0.00086859794
0.02069581556022393,1.1444092e-5,0.0008679732
0.020731512599624802,8.46386e-6,0.000868903
0.020845109482862,1.1444092e-5,0.00086878473
0.020848314279206526,8.46386e-6,0.000868544
0.02095260989213077,8.46386e-6,0.00086902967
0.02098369902729269,1.1444092e-5,0.00086876954
0.021046006508270265,8.46386e-6,0.00086817663
0.021112035775274873,1.1444092e-5,0.0008705294
0.021128977190259857,8.46386e-6,0.00086874363
0.021162595176503762,1.1444092e-5,0.00086928374
0.02120220983962473,7.176399e-5,0.00086882676
0.021324062375439157,1.1444092e-5,0.000868718
0.021359740037335095,0.0012865067,0.00086975086
0.02147334955776692,1.1444092e-5,0.00086981495
0.021476532870356113,8.46386e-6,0.0008703681
0.021580821322337074,8.46386e-6,0.00086900644
0.021611932362607278,1.1444092e-5,0.00086889695
0.02167421119826929,8.46386e-6,0.00086959475
0.02174026279142649,1.1444092e-5,0.00087032473
0.02175717556140433,8.46386e-6,0.00086918956
0.02179085041672102,1.1444092e-5,0.0008693376
0.021830403577223767,-5.4836273e-5,0.00086918904
0.02195230919014013,1.1444092e-5,0.0008685917
0.021987967474428438,-0.0012695789,0.00087010517
0.022101589211216077,1.1444092e-5,0.0008696775
0.022104751461299976,8.46386e-6,0.0008685078
0.022209032752337654,8.46386e-6,0.00086907117
0.02224016527667183,1.1444092e-5,0.0008692978
0.022302415888165394,8.46386e-6,0.00086869387
0.022368489807578218,1.1444092e-5,0.0008711832
0.02238537393296025,8.46386e-6,0.0008692221
0.02241910607798281,1.1444092e-5,0.00086923566
0.02245859731461708,8.46386e-6,0.00086921017
0.022580556005046715,1.1444092e-5,0.00086835463
0.0226161949118302,8.46386e-6,0.00087111356
0.022729828865282298,1.1444092e-5,0.0008696742
0.022732970052655288,8.46386e-6,0.00086890836
0.022837244182235428,8.46386e-6,0.000869676
0.02286839861157519,1.1444092e-5,0.0008695959
0.022930620999620066,8.46386e-6,0.00086918974
0.0229967164024798,0.0006546974,0.00087174115
0.023013572304104724,8.46386e-6,0.0008707553
0.023047361317480197,0.00021898746,0.0008700811
0.023086791051804778,8.46386e-6,0.00086940516
0.023208802820261942,1.1444092e-5,0.0008690769
0.023244422349643412,8.46386e-6,0.0008704948
0.02335806894039294,1.1444092e-5,0.00086985185
0.023361188644216213,8.46386e-6,0.00087054604
0.023465455612338926,0.000369668,0.0008707176
0.02349663194647844,1.1444092e-5,0.000870128
0.023558825689824703,8.46386e-6,0.00086872553
0.023624943419042865,-0.00063169,0.0008715916
0.023641770675249196,8.46386e-6,0.000869737
0.023675616557800372,-0.00019598007,0.0008699852
0.023714984789609428,8.46386e-6,0.0008700198
0.02383704963547717,1.1444092e-5,0.0008687345
0.02387265020870666,8.46386e-6,0.00087072694
0.02398630859384221,1.1444092e-5,0.00087058876
0.023989407235160187,8.46386e-6,0.0008697259
0.024093667042339506,-0.0003527403,0.0008706234
0.02412486528138169,1.1444092e-5,0.000869819
0.024187030379515084,8.46386e-6,0.00086888747
0.024253170435194593,1.1444092e-5,0.0008713545
0.024269968625554972,8.46386e-6,0.0008705795
0.02430387221937058,1.1444092e-5,0.0008702123
0.024343178527208464,8.46386e-6,0.00087016216
0.024465296450383756,1.1444092e-5,0.0008689125
0.02450087764610842,8.46386e-6,0.0008710997
0.02461454824749698,1.1444092e-5,0.00087050465
0.024617625826515388,8.46386e-6,0.0008699426
0.024721878472340197,8.46386e-6,0.0008700749
0.02475309861669639,1.1444092e-5,0.00087020907
0.02481523506971972,8.46386e-6,0.00087024807
0.02488139745134621,1.1444092e-5,0.0008707121
0.024898166997008087,8.46386e-6,0.0008707428
0.02493212745886797,1.1444092e-5,0.00087137346
0.024971372264396163,0.0002193451,0.00087102014
0.025093543265084728,1.1444092e-5,0.0008702855
0.025129105083510295,8.46386e-6,0.0008716476
0.025242787901563313,1.1444092e-5,0.000871366
0.025245844418076313,8.46386e-6,0.0008703043
0.025350089902443584,8.46386e-6,0.0008710689
0.025381331530349494,1.1444092e-5,0.00087045383
0.025443440181174393,0.00040233135,0.0008705278
0.02550962404665924,1.1444092e-5,0.0008718036
0.025526365368255366,8.46386e-6,0.000871065
0.025560382698776696,1.1444092e-5,0.0008708821
0.025599566002200813,-0.00020247698,0.00087056984
0.025721789659152616,1.1444092e-5,0.0008702042
0.02575733252122059,8.46386e-6,0.0008727139
0.025871027976673955,1.1444092e-5,0.00087147846
0.0258740630092259,8.46386e-6,0.0008709407
0.025978301332752807,8.46386e-6,0.0008706577
0.02600956486504713,1.1444092e-5,0.00087103044
0.026071644870864885,-0.00038546324,0.00086994626
0.026137851062810857,1.1444092e-5,0.00087191997
0.0261545637389885,8.46386e-6,0.0008712248
0.026188638360038485,1.1444092e-5,0.0008711623
0.02622775973979985,8.46386e-6,0.0008712643
0.026350036474265037,1.1444092e-5,0.0008701267
0.02638555995872527,8.46386e-6,0.00087169494
0.026499267630431644,1.1444092e-5,0.0008715791
0.026502281600375488,8.46386e-6,0.0008711602
0.02660651276265058,8.46386e-6,0.0008723059
0.026637798200156104,0.000114917755,0.0008712256
0.02669984956076099,8.46386e-6,0.00087186665
0.026766078078962585,1.1444092e-5,0.0008726985
0.026782762110544422,8.46386e-6,0.0008709667
0.026816893600255742,1.1444092e-5,0.00087107165
0.02685595347729608,8.46386e-6,0.00087207014
0.02697828328896601,1.1444092e-5,0.0008703251
0.027013787395715583,8.46386e-6,0.00087160827
0.027127507283777996,1.1444092e-5,0.0008717315
0.027130500191525075,8.46386e-6,0.0008723839
0.02723472419234263,8.46386e-6,0.00087134156
0.02726603153547069,-9.191036e-5,0.0008712534
0.027328054250965517,8.46386e-6,0.000871269
0.027394304674275505,1.1444092e-5,0.0008723453
0.027410960482100344,8.46386e-6,0.0008717574
0.027445148840575917,1.1444092e-5,0.00087124214
0.027484147214997923,8.46386e-6,0.0008724459
0.027606530103872595,0.00021350384,0.0008714283
0.027642014833528794,8.46386e-6,0.0008725806
0.027755746937844217,1.1444092e-5,0.0008727533
0.027758718783086,8.46386e-6,0.00087178027
0.027862935622548934,8.46386e-6,0.00087187334
0.027894264449123907,1.1444092e-5,0.00087256427
0.027956259362214575,8.46386e-6,0.00087091455
0.028022531690427233,1.1444092e-5,0.0008731453
0.028039158431583333,8.46386e-6,0.0008720087
0.028073404501426258,1.1444092e-5,0.0008716998
0.028112340952391346,8.46386e-6,0.0008723931
0.028234776918779292,-0.00019049644,0.0008714452
0.028270242271342005,8.46386e-6,0.00087244686
0.028383987013057665,1.1444092e-5,0.00087250967
0.028386937374235588,8.46386e-6,0.0008720157
0.02849114705275524,8.46386e-6,0.00087204995
0.028522497784027157,0.00010597706,0.0008722804
0.02858446405211068,8.46386e-6,0.00087181805
0.02865075870657896,1.1444092e-5,0.0008731959
0.028667356803139254,8.46386e-6,0.0008724484
0.0287016597414379,1.1444092e-5,0.0008718515
0.028740534689784658,8.46386e-6,0.0008735145
0.028863023734097326,1.1444092e-5,0.0008719279
0.028898469708743768,8.46386e-6,0.0008720119
0.029012226666404017,1.1444092e-5,0.0008728797
0.029015155965796513,8.46386e-6,0.0008719626
0.0291193584824474,8.46386e-6,0.0008731384
0.029150731118930406,-8.2969666e-5,0.0008719224
0.029212668742315318,0.00017488003,0.00087223836
0.029278985301480542,1.1444092e-5,0.0008738789
0.029295555174695065,8.46386e-6,0.0008720681
0.029329914981552352,1.1444092e-5,0.0008718179
0.029368728427589308,8.46386e-6,0.0008729537
0.029491270128062408,1.1444092e-5,0.0008715176
0.029526697567395677,0.0006607771,0.00087328354
0.0296404663200589,1.1444092e-5,0.00087353075
0.02964337455725463,8.46386e-6,0.0008725664
0.029747569912550897,8.46386e-6,0.00087219285
0.02977896403299496,1.1444092e-5,0.0008725894
0.029840873432519954,-0.00015795231,0.00087226334
0.029907212318043608,1.1444092e-5,0.0008738186
0.02992375354583965,8.46386e-6,0.0008729898
0.029958170221461078,1.1444092e-5,0.00087345816
0.02999692216498273,8.46386e-6,0.0008745919
0.030119516942660574,1.1444092e-5,0.0008718536
0.03015492500479744,-0.0006438494,0.00087356905
0.03026870597412512,1.1444092e-5,0.00087329367
0.030271592726845653,8.46386e-6,0.0008733352
0.030375780921609863,8.46386e-6,0.00087285886
0.03040719736789821,1.1444092e-5,0.00087344146
0.03046907812241606,8.46386e-6,0.00087228674
0.03053543891325372,0.00010693073,0.0008741533
0.030551951917292652,8.46386e-6,0.0008747758
0.03058642546147272,1.1444092e-5,0.00087292865
0.030625115902376043,8.46386e-6,0.000873546
0.03074776375756716,1.1444092e-5,0.00087370747
0.03078315244261065,8.46386e-6,0.0008736182
0.03089694562819134,1.1444092e-5,0.00087432325
0.03089981131799524,8.46386e-6,0.00087292
0.031003992351302023,8.46386e-6,0.00087364996
0.031035430702595845,1.1444092e-5,0.00087372086
0.031097282812414972,8.46386e-6,0.00087365403
0.031163665929096807,-8.3982944e-5,0.0008742371
0.031180149867289897,8.46386e-6,0.0008729308
0.0312146811227344,1.1444092e-5,0.00087282097
0.03125330963987227,8.46386e-6,0.0008742471
0.03137601057288519,1.1444092e-5,0.0008726615
0.03141137988001241,8.46386e-6,0.00087404234
0.031525185281846224,1.1444092e-5,0.0008737201
0.031528029909556166,8.46386e-6,0.0008741812
0.0316322037811998,8.46386e-6,0.00087396736
0.03166366361655759,1.1444092e-5,0.0008735071
0.031725487923869644,8.46386e-6,0.0008729888
0.031791892945248534,1.1444092e-5,0.00087481044
0.03180834823843437,8.46386e-6,0.0008738804
0.03184293636264324,1.1444092e-5,0.0008742118
0.031881503377574116,8.46386e-6,0.00087497075
0.03200425738779189,1.1444092e-5,0.0008742648
0.03203960689616414,8.46386e-6,0.00087469455
0.032153425356339804,1.1444092e-5,0.0008742122
0.03215624850070575,8.46386e-6,0.00087364606
0.0322604152114061,8.46386e-6,0.00087341585
0.03229189695176937,1.1444092e-5,0.00087384175
0.03235369261376575,8.46386e-6,0.0008734749
0.032420119540561565,1.1444092e-5,0.0008757022
0.03243654660978457,8.46386e-6,0.00087393186
0.032471191602860494,1.1444092e-5,0.0008751464
0.03250969711537888,8.46386e-6,0.00087541
0.03263250378144844,1.1444092e-5,0.00087385596
0.03266783433397735,0.00065112114,0.0008746607
0.032781665010097494,1.1444092e-5,0.0008755064
0.03278446709185534,8.46386e-6,0.0008745973
0.032888626641612406,7.9751015e-5,0.00087397586
0.03292013028667262,1.1444092e-5,0.0008737995
0.032981897303661856,1.1920929e-5,0.0008738915
0.03304834655671318,1.1444092e-5,0.00087531714
0.03306474455978181,8.46386e-6,0.0008741335
0.03309944684287214,1.1444092e-5,0.00087346375
0.03313789085246366,1.7881393e-5,0.00087542867
0.03326075059635514,1.1444092e-5,0.00087327993
0.033296061771379115,-0.0006341934,0.0008757218
0.03340990466406091,1.1444092e-5,0.00087504846
0.033412685683416266,0.0016450882,0.00087427394
0.03351683807151018,-6.2823296e-5,0.00087423006
0.033548363200737175,1.1444092e-5,0.0008742349
0.0336101019939693,5.00679e-6,0.0008737256
0.033676573151614764,1.1444092e-5,0.0008761711
0.0336929429310292,8.46386e-6,0.0008751903
0.033727702082780864,1.1444092e-5,0.00087496475
0.03376608501141565,-9.536743e-7,0.000876326
0.03388899741167306,1.1444092e-5,0.00087385176
0.03392428920878088,8.46386e-6,0.00087489135
0.03403814431771579,1.1444092e-5,0.00087519066
0.03404090385331571,-0.0016281009,0.00087422883
0.03414504950151076,8.46386e-6,0.0008750512
0.034176596535640424,1.1444092e-5,0.00087447645
0.034238306683865405,8.46386e-6,0.0008747585
0.03430480016776649,1.1444092e-5,0.00087580073
0.034321141302173674,8.46386e-6,0.0008748981
0.0343559573226897,1.1444092e-5,0.00087420805
0.0343942787492203,8.46386e-6,0.0008765823
0.03451724380574106,0.00021255016,0.0008749667
0.03455251664659409,0.0010817051,0.00087557256
0.03466638397147348,1.1444092e-5,0.00087529863
0.034669122444465295,8.46386e-6,0.00087495777
0.034773260931717176,8.46386e-6,0.00087425404
0.03480482944929364,1.1444092e-5,0.00087471784
0.03486651137376151,8.46386e-6,0.00087485055
0.03493302676307941,1.1444092e-5,0.0008760909
0.03494933967362668,8.46386e-6,0.0008747383
0.03498421256259843,1.1444092e-5,0.00087561796
0.03502247248620227,0.00055778027,0.0008767256
0.03514549062023631,-0.00018960238,0.00087435875
0.03518074408399585,-0.0010647774,0.00087598397
0.03529462362523117,1.1444092e-5,0.00087562116
0.03529734103561488,8.46386e-6,0.0008753206
0.035401471940364804,0.00014305115,0.0008757102
0.03543306278419689,1.1444092e-5,0.00087442814
0.035494716064068954,8.46386e-6,0.0008754406
0.03556125377964248,0.00016379356,0.0008762463
0.03557753762382965,8.46386e-6,0.0008754111
0.0356124678029186,1.1444092e-5,0.0008749293
0.03565066622400703,-0.00054085255,0.0008774518
0.03577373743524581,1.1444092e-5,0.0008749902
0.035808971521397615,8.46386e-6,0.00087650033
0.035922863279091666,1.1444092e-5,0.00087608356
0.03592555962717581,8.46386e-6,0.00087571464
0.036029683370673915,-0.00012618303,0.00087558397
0.03606129611920306,1.1444092e-5,0.00087644055
0.03612292075396506,8.46386e-6,0.0008753384
0.03618948037413272,-0.00014084578,0.0008770956
0.036205735994768506,8.46386e-6,0.0008753524
0.03624072346407747,1.1444092e-5,0.0008754094
0.036278859961811794,8.46386e-6,0.00087779283
0.03640198425046104,1.1444092e-5,0.0008749878
0.036437198959210826,8.46386e-6,0.0008761031
0.036551102933157886,1.1444092e-5,0.00087596587
0.03655377821873684,8.46386e-6,0.0008761593
0.03665789480088022,8.46386e-6,0.00087663555
0.03668952903316469,1.1444092e-5,0.00087622716
0.036751125443861166,8.46386e-6,0.00087624067
0.036817707390387255,1.1444092e-5,0.0008774327
0.03683393436622151,8.46386e-6,0.00087559444
0.0368689787039862,1.1444092e-5,0.00087605446
0.036907053699205106,8.46386e-6,0.0008782383
0.03703023064411759,1.1444092e-5,0.00087539933
0.03706542639661259,8.46386e-6,0.0008758907
0.037179342586607156,1.1444092e-5,0.00087682845
0.037181996388224836,0.00029945374,0.0008756851
0.03728610623046957,8.46386e-6,0.0008766501
0.03731776236806794,1.1444092e-5,0.00087683054
0.03737933013416861,8.46386e-6,0.0008762105
0.03744593398559737,1.1444092e-5,0.00087745074
0.03746213231642448,0.0011062622,0.00087618607
0.037497233944306374,1.1444092e-5,0.00087640656
0.03753524743690695,0.0005110502,0.0008782527
0.03765847745912709,1.1444092e-5,0.0008753695
0.037693653412764316,8.46386e-6,0.00087747787
0.03780758224026193,1.1444092e-5,0.0008766936
0.03781021497978587,-0.0002824664,0.0008761566
0.03791431766036735,0.0005339384,0.0008769455
0.03794599528182396,1.1444092e-5,0.0008764039
0.038007534824064715,8.46386e-6,0.0008768499
0.038074161001749096,1.1444092e-5,0.000877889
0.03809033068736323,-0.00010091066,0.0008774621
0.0381254891842151,1.1444092e-5,0.000877095
0.03816344117440318,-0.0004941225,0.0008786339
0.038286724274136597,1.1444092e-5,0.0008759997
0.03832188085016608,8.46386e-6,0.0008769215
0.038435821894122535,0.0012905598,0.0008776367
0.0384384335713468,8.46386e-6,0.00087717123
0.03854252866942631,-0.0005169511,0.00087696925
0.038574228617035855,1.1444092e-5,0.00087683776
0.03863573951396082,8.46386e-6,0.0008774504
0.03870238759665068,1.1444092e-5,0.0008784689
0.038718529058713425,-0.0009800196,0.0008764246
0.03875374442412394,7.033348e-5,0.0008771121
0.03879163491179649,8.46386e-6,0.0008790092
0.03891497066779315,1.1444092e-5,0.0008764402
0.03895010828797929,8.46386e-6,0.00087749853
0.03906406196913037,-0.0012193918,0.0008768827
0.039066652162496385,8.46386e-6,0.0008774607
0.039170740099324086,8.46386e-6,0.000876866
0.03920246153068896,1.1444092e-5,0.0008777663
0.03926394462510696,8.46386e-6,0.00087679183
0.03933061461290521,1.1444092e-5,0.0008780958
0.0393467270090192,0.0001809597,0.0008767112
0.03938199966403266,-4.7326088e-5,0.00087668834
0.03941982907043995,0.00051403046,0.00087963324
0.03954321748290546,1.1444092e-5,0.0008765516
0.03957833572558678,8.46386e-6,0.0008779731
0.03969230162288806,-3.6776066e-5,0.0008770021
0.039694870332395826,8.46386e-6,0.00087827287
0.03979895152922197,8.46386e-6,0.0008766797
0.039830694865695127,1.1444092e-5,0.00087754003
0.039892149315414516,8.46386e-6,0.0008771364
0.039958841208115325,1.1444092e-5,0.0008776344
0.03997492538016367,-0.00016409159,0.000877284
0.040010254903735776,1.1444092e-5,0.00087671075
0.04004802280783326,-0.00049710274,0.00088051555
0.040171463876664815,1.1444092e-5,0.0008774872
0.04020656316278293,8.46386e-6,0.00087813055
0.04032054127654294,1.1444092e-5,0.0008784088
0.040323088923545414,8.46386e-6,0.0008783087
0.04042716295953108,8.46386e-6,0.0008777202
0.04045892777945115,1.1444092e-5,0.0008780349
0.04052035400572196,8.46386e-6,0.00087765424
0.04058706822467839,1.1444092e-5,0.00087891606
0.04060312333005811,0.0005429983,0.0008789341
0.04063851014395303,0.0011121035,0.0008771916
0.04067621654563802,8.46386e-6,0.0008813511
0.04079971069167432,1.1444092e-5,0.000877417
0.040834790178934544,8.46386e-6,0.0008777354
0.040948780930506246,1.1444092e-5,0.0008778992
0.04095130751510634,0.0008480549,0.0008777166
0.04105537396817871,8.46386e-6,0.0008778053
0.0410871611143544,0.00041735172,0.00087835884
0.041148558695206616,8.46386e-6,0.00087753584
0.04121529481927144,1.1444092e-5,0.00087868964
0.0412313217013055,-0.0005261302,0.00087765476
0.041266764962920255,-0.0010891557,0.0008781317
0.041304410283031334,8.46386e-6,0.0008813452
0.041427957506581015,1.1444092e-5,0.00087726617
0.041463017616747755,8.46386e-6,0.00087871065
0.04157702058446966,1.1444092e-5,0.0008781997
0.04157952568500589,-0.00083112717,0.00087790494
0.041683585398076484,8.46386e-6,0.0008780604
0.041715394028213226,-0.00039440393,0.00087811734
0.04177676338551417,8.46386e-6,0.00087774167
0.041843521835525976,1.1444092e-5,0.00087963534
0.041859520072758505,0.00029540062,0.00087830407
0.04189502020282898,1.1444092e-5,0.0008781513
0.04193260402073318,8.46386e-6,0.0008819272
0.042056203900237565,1.1444092e-5,0.00087896496
0.04209124505414952,8.46386e-6,0.00087872363
0.04220526023791882,1.1444092e-5,0.000878957
0.04220774427615537,8.46386e-6,0.00087859016
0.04231179682797426,7.8082085e-5,0.0008786147
0.042343627363219394,1.1444092e-5,0.0008785575
0.04240496765457147,8.46386e-6,0.00087869016
0.04247174843063317,0.00018298626,0.0008799121
0.04248771802265294,-0.0002784133,0.0008780679
0.04252327544273782,1.1444092e-5,0.0008783357
0.04256079775843513,0.00025498867,0.000882922
0.0426844507155556,1.1444092e-5,0.00087854033
0.042719472070301245,8.46386e-6,0.0008792262
0.0428334998915737,0.00034880638,0.00087856146
0.042835962867716404,8.46386e-6,0.00087874895
0.04294000825828348,-6.109476e-5,0.0008782334
0.042971860276975415,1.1444092e-5,0.00087868964
0.043033172344467574,8.46386e-6,0.0008793083
0.0430999754467849,-0.00015997887,0.00087908225
0.04311591639390022,8.46386e-6,0.0008788184
0.04315153068274935,1.1444092e-5,0.0008788418
0.043188991916872865,-0.00023806095,0.0008826413
0.04331269710921215,1.1444092e-5,0.00087867497
0.043347699508114346,8.46386e-6,0.0008798768
0.04346173912428697,-0.000325799,0.0008788822
0.043464181037615846,8.46386e-6,0.00087871915
0.043568219267342556,8.46386e-6,0.00087998604
0.04360009361208439,1.1444092e-5,0.00087903335
0.04366137703467221,8.46386e-6,0.00087841356
0.04372820204178929,1.1444092e-5,0.0008801749
0.04374411434410319,8.46386e-6,0.00087829743
0.04377978592296672,1.1444092e-5,0.0008783638
0.04381718565457471,8.46386e-6,0.0008828873
0.04394094392411885,1.1444092e-5,0.0008794125
0.04397592694572183,8.46386e-6,0.000879193
0.04408997877804466,1.1444092e-5,0.0008799095
0.044092399628354095,8.46386e-6,0.00087906205
0.04419643069682888,0.0002156496,0.00087837176
0.04422832652584041,1.1444092e-5,0.00087990216
0.04428958172467112,0.00013232231,0.0008784362
0.0443564286369994,1.1444092e-5,0.0008809329
0.044372312715247664,0.0003554821,0.0008789711
0.044408041162875445,1.1444092e-5,0.0008797308
0.04444537939227666,8.46386e-6,0.00088308565
0.044569190318186735,1.1444092e-5,0.00087810855
0.04460415396197637,8.46386e-6,0.0008799509
0.04471821843169954,1.1444092e-5,0.0008793847
0.044720617798664875,0.0015335083,0.00088016404
0.044824642127138103,-0.00019878149,0.00087823294
0.04485655986084647,1.1444092e-5,0.0008799955
0.04491778641456723,-0.00011539459,0.00087899587
0.044984655653562466,1.1444092e-5,0.00088054937
0.04500051066555344,-0.000338614,0.0008791975
0.04503629640257856,1.1444092e-5,0.0008791873
0.04507357312946425,8.46386e-6,0.0008841897
0.04519743713309343,1.1444092e-5,0.0008786197
0.04523238139906971,8.46386e-6,0.00088088895
0.045346458085354424,1.1444092e-5,0.0008800245
0.0453488363902258,-0.0015165806,0.0008792913
0.04545285313619718,8.46386e-6,0.0008791423
0.04548479277449968,0.00042557716,0.00087972265
0.045545991104463335,8.46386e-6,0.00087904424
0.04561288224846405,1.1444092e-5,0.0008806946
0.04562870903710936,8.46386e-6,0.0008793924
0.04566455164248728,0.00057554245,0.00087939174
0.045701766867166094,8.46386e-6,0.0008836988
0.04582568352674998,1.1444092e-5,0.0008794031
0.04586060883688281,8.46386e-6,0.00088012393
0.045974697739420645,1.1444092e-5,0.0008801566
0.04597705498137539,8.46386e-6,0.00088041736
0.046081064566094954,8.46386e-6,0.0008800694
0.04611302610940293,-0.00040262938,0.00088013505
0.04617419579435944,8.46386e-6,0.000878942
0.04624110926441005,7.593632e-5,0.0008817553
0.04625690698659235,0.00027120113,0.00087966846
0.04629280646155731,-0.00055253506,0.00087885425
0.04632996102611808,8.46386e-6,0.00088498055
0.04645393034165657,1.1444092e-5,0.0008789659
0.04648883585334307,8.46386e-6,0.00088069227
0.04660293739328125,1.1444092e-5,0.0008798892
0.04660527315158347,8.46386e-6,0.00088010996
0.04670927599599273,8.46386e-6,0.00087987847
0.046741259023467485,1.1444092e-5,0.0008801786
0.046802400484666884,8.46386e-6,0.00087945146
0.04686933585951736,0.000513196,0.00088154385
0.046885105357736934,-0.00025433302,0.000880099
0.04692106170167176,1.1444092e-5,0.0008793282
0.046958154763511506,0.00063717365,0.0008845285
0.047082176735107395,1.1444092e-5,0.00087961066
0.0471170632904363,0.00046622753,0.000880462
0.04723117704673041,0.00052285194,0.0008806196
0.047233491742835865,8.46386e-6,0.0008801408
0.047337487004640355,0.00051665306,0.00088019035
0.047369492358370735,1.1444092e-5,0.00088083773
0.04743060517456299,8.46386e-6,0.0008798333
0.04749756245483039,-0.0005546212,0.00088099926
0.04751330330804271,0.00056540966,0.00088072463
0.047549316941683406,1.1444092e-5,0.00087987294
0.04758634850090482,-0.00062030554,0.0008857606
0.047710423550219816,0.00044560432,0.00087996956
0.047745290306999366,-0.00044935942,0.0008808712
0.04785941670038518,-0.00049984455,0.0008796686
0.047861709912735306,3.1471252e-5,0.00088053546
0.04796569843494958,-0.00049966574,0.00088121014
0.04799772527202395,0.0008416176,0.0008811437
0.048058809864459096,8.46386e-6,0.0008804178
0.04812578947077639,0.00019943714,0.0008814154
0.04814150167918718,8.46386e-6,0.00087994285
0.04817757218128371,1.1444092e-5,0.0008806499
0.04821454223840105,8.46386e-6,0.0008863184
0.048338669944287704,-0.00042259693,0.0008800848
0.04837351774470977,8.46386e-6,0.000881697
0.048487656354451514,0.00022304058,0.000880999
0.048489928503884894,-1.4483929e-5,0.0008800251
0.048593909443597205,8.46386e-6,0.00088039617
0.048625958185985585,-0.0008186102,0.0008807716
0.04868701455476654,8.46386e-6,0.00088009663
0.048754016065677974,1.1444092e-5,0.00088181056
0.04876969962908162,-0.00054848194,0.00088050135
0.048805827421603776,0.0007814169,0.0008805656
0.04884273639735304,8.46386e-6,0.0008869399
0.0489669167591944,1.1444092e-5,0.0008794415
0.049001744760964305,8.46386e-6,0.0008810061
0.049115896008106286,-0.00020003319,0.00088089716
0.049118146674195784,8.46386e-6,0.00088109996
0.04922212087349498,8.46386e-6,0.00088101655
0.04925419152099175,6.508827e-5,0.0008815104
0.049315219244662645,0.0005030632,0.0008804585
0.04938224266088809,-0.00017648935,0.00088170863
0.04939789800063743,8.46386e-6,0.0008809284
0.049434082240571,-0.0007584691,0.000880077
0.04947093013474635,0.0006043911,0.0008873486
0.04959516315285095,1.1444092e-5,0.0008802035
0.04962997219836607,8.46386e-6,0.0008811445
0.04974413566176117,0.00044190884,0.0008812754
0.049746365265550985,8.46386e-6,0.0008809199
0.04985033230380409,0.0003604889,0.0008811006
0.049882424434644856,-4.2140484e-5,0.00088237255
0.049943423513308605,8.583069e-5,0.0008812513
0.050010469677348235,0.000731349,0.00088230666
0.050026095950943206,8.46386e-6,0.00088065513
0.05006233748017119,0.00058066845,0.0008809013
0.05009912387224247,-0.0005874634,0.00088687276
0.05022340996775754,0.0006483793,0.00088091946
0.05025819963576783,8.46386e-6,0.000881923
0.050372374894165906,1.1444092e-5,0.00088090776
0.05037458385649485,8.46386e-6,0.0008813153
0.05047854331245183,-0.00034362078,0.0008811427
0.05051065734829807,1.1444092e-5,0.0008811929
0.05057162820361605,-0.0005634427,0.00088106905
0.05063869627224982,-0.0007083416,0.0008823509
0.05065429432208779,8.46386e-6,0.0008813522
0.05069059272008003,0.00021243095,0.0008811255
0.05072731760994442,0.00017511845,0.0008880168
0.05085165636182554,1.1444092e-5,0.0008809027
0.05088642665222809,0.000300169,0.0008814072
0.051000614548232126,0.00080156326,0.0008815893
0.05100280202670293,8.46386e-6,0.0008810709
0.05110675474204107,0.0011531115,0.00088088424
0.05113889068320132,1.1444092e-5,0.00088173605
0.051199832893512154,8.46386e-6,0.0008815552
0.051266922866945785,0.00046861172,0.00088316016
0.051282492271982116,0.00033962727,0.0008813827
0.05131884753873872,0.0018798113,0.0008809705
0.05135551176858788,-0.00015819073,0.0008885051
0.05147990317673212,0.0007151365,0.0008805018
0.051514653668482624,-0.00028318167,0.00088148867
0.05162885420219554,0.00019967556,0.00088129845
0.05163102061816105,8.46386e-6,0.0008815321
0.05173496575099723,-0.00036889315,0.00088079256
0.051767123597265874,0.0007632971,0.0008813439
0.05182803758340826,8.46386e-6,0.0008809672
0.05189514988340593,0.00048220158,0.00088195386
0.05191069064343512,8.46386e-6,0.0008816972
0.051947102779058785,0.0014209747,0.00088105607
0.05198370550639253,0.00022745132,0.00088808645
0.05210814957018306,-0.0004956722,0.0008806116
0.05214288110547305,8.46386e-6,0.00088210945
0.05225709385554189,0.00047409534,0.0008816886
0.05225923878785477,8.46386e-6,0.0008821323
0.05236317718130645,0.0020743608,0.00088136207
0.05239535651091909,-0.0007402897,0.00088186614
0.0524562422737157,0.0010430813,0.0008814466
0.052523376478616046,0.0013179779,0.00088222726
0.052538888593432365,0.00101614,0.000880908
0.05257535801937896,0.00019061565,0.00088134763
0.05261189924419729,0.0003926754,0.00088851585
0.05273639596414814,0.0008238554,0.0008804731
0.052771108122036114,0.0010044575,0.00088298885
0.052885333509196775,0.0001732111,0.0008823009
0.05288745695775421,0.0025855303,0.00088297954
0.052991388611204226,0.0010694265,0.0008813295
0.05302358984582234,1.1444092e-5,0.00088169036
0.05308444696381753,0.0005810261,0.00088107993
0.053151603073312015,0.00065374374,0.0008825
0.053167086542915465,0.0008137226,0.0008815126
0.0532036128376262,0.0012814999,0.0008812664
0.0532400934024293,0.00050759315,0.0008887627
0.05336464277936326,0.0007685423,0.0008810151
0.053399335559849326,8.46386e-6,0.0008819958
0.053513573163262995,0.0012472868,0.0008812274
0.053515675549315245,0.0012083054,0.0008814194
0.0536195996202633,0.0019506216,0.000881971
0.05365182275988689,0.0009673834,0.00088197005
0.05371265123246349,0.0021960735,0.0008819457
0.0537798296682136,0.00200212,0.00088301866
0.053795284914471275,0.0013535023,0.0008816088
0.053831868077637846,0.00036025047,0.0008812016
0.05386828714023406,-0.00016850233,0.0008887313
0.05399288917301981,0.0002924204,0.0008812661
0.05402756257600094,0.0007430315,0.0008819472
0.05414181239566773,0.0001386404,0.00088145555
0.054143893719214686,0.0010025501,0.0008819455
0.05424781105016108,8.72612e-5,0.000881031
0.054280055673540106,0.0017414093,0.00088352023
0.054340855922462405,0.0013124943,0.0008825137
0.05440805668477666,0.0010607243,0.00088235637
0.05442348286477705,0.00090408325,0.0008812336
0.054460123317855214,0.0009473562,0.0008813395
0.05449648087803882,0.0014306307,0.000889778
0.05462113556677928,0.0013846159,0.00088180724
0.05465579001371135,0.0011671782,0.00088171015
0.054770052049322615,0.00045466423,0.00088180706
0.054772112310364274,0.0007995367,0.00088151015
0.054876022058808704,0.00067329407,0.0008809091
0.054908289008443356,4.8995018e-5,0.0008814415
0.05496906061266704,0.00061011314,0.0008816157
0.05503628327988386,0.0005569458,0.0008824179
0.055051681235510186,0.00090551376,0.0008814564
0.055088378136513794,0.001137495,0.000880825
0.05512467503627083,0.00089228153,0.00088971754
0.05524938238178878,0.0004117489,0.0008810479
0.05528401702996588,0.00040316582,0.00088178366
0.0553982917029775,-0.00038778782,0.00088198646
0.055400330480675164,0.0011546612,0.0008822524
0.05550423348901501,0.0015925169,0.0008816016
0.05553652192209646,0.00010871887,0.0008814041
0.05559726530256315,0.001652956,0.00088278705
0.05566450987478544,0.0003297329,0.00088206615
0.05567987918581596,-0.00084650517,0.0008810567
0.05571663337652544,0.0003066063,0.00088034774
0.055752868773664255,0.0009304285,0.0008900292
0.055877628775650945,0.00059485435,0.0008816688
0.0559122440461175,0.0006045103,0.0008816634
0.05602653135673519,-0.0016072392,0.00088141003
0.056028549072030365,0.000111460686,0.0008820691
0.05613244449797128,-0.0008658767,0.00088120624
0.056164754835749675,0.00052440166,0.00088244065
0.05622546999225353,0.00034821033,0.00088179205
0.05629273646948141,0.00036406517,0.0008819529
0.05630807713612174,0.00084233284,0.00088181684
0.056344888195286935,0.000649333,0.0008813725
0.056381062511468905,0.0003902912,0.0008898216
0.056505875169307496,-0.00047653913,0.0008802989
0.05654047148351926,0.0010755062,0.0008819826
0.056654770589448455,1.1444092e-5,0.00088150846
0.056656767242032724,0.00075912476,0.0008821244
0.05676065592786905,0.00093591213,0.0008816686
0.056792988171064374,0.0003913641,0.0008818402
0.05685367426131094,0.0015513897,0.00088194455
0.056920963486044474,1.1444092e-5,0.00088251283
0.05693627550726632,-0.000109016895,0.00088152575
0.05697314343519577,0.0002439022,0.0008802457
0.0570092566705237,0.0022382736,0.0008918427
0.05713412198400847,0.0007647276,0.0008814602
0.05716869849967099,0.0008649826,0.00088224764
0.05728301024310334,0.00086796284,0.0008816205
0.057284985411623635,0.0006058216,0.00088201335
0.057388866936310956,-0.0001847148,0.0008806751
0.05742122108471748,0.0012991428,0.00088195706
0.05748187895141266,6.842613e-5,0.0008826678
0.05754919008115167,0.0012919903,0.00088242395
0.05756447345746918,0.0010111332,0.00088134274
0.05760139867541303,0.0010720491,0.00088135
0.057637450407917123,0.00039470196,0.000890718
0.05776236837766502,-6.03199e-5,0.0008800632
0.057796925516234054,0.00048804283,0.00088191783
0.05791124989686103,0.00058984756,0.0008820443
0.05791320400318456,0.00038564205,0.0008818215
0.05801707836662018,0.00045371056,0.0008816628
0.05804945399837069,-0.00017309189,0.0008821908
0.05811008364110304,0.00052404404,0.0008814399
0.05817741667584764,-0.00088739395,0.00088208134
0.05819267140746642,0.00031757355,0.0008813835
0.05822965349417453,0.0006312132,0.00088124396
0.058265644145310436,0.0001386404,0.00089048233
0.05839061477173302,0.00044584274,0.00088074675
0.05842515295363582,-0.00023472309,0.0008822642
0.05853948955061872,0.00044035912,0.00088156667
0.058541422173289726,-0.00043553114,0.0008815651
0.05864528937547353,0.00015234947,0.0008816016
0.058677686912435245,1.1444092e-5,0.000881803
0.05873828791005753,-0.00043523312,0.00088198105
0.05880564327116056,0.00059986115,0.0008822363
0.05882086977861101,8.46386e-6,0.00088141713
0.05885790873408325,0.0006637573,0.00088138453
0.05889383830436523,0.0012397766,0.00089141243
0.059018861586948135,9.1433525e-5,0.0008808448
0.059053379969787545,7.212162e-5,0.0008822995
0.059167728783023454,0.0008199215,0.00088139303
0.05916964076423359,-0.00081545115,0.00088241056
0.059273500383915545,0.00068056583,0.00088195154
0.059305920247338495,0.0006738901,0.00088171416
0.059366492600262166,0.00032436848,0.00088158017
0.05943386986626786,-0.00026619434,0.000882329
0.05944906772871106,-0.00020712614,0.000881211
0.059486163552741944,0.00041043758,0.00088149274
0.059522032041758655,-0.00020223856,0.00089090044
0.0596471079807076,0.0014952421,0.00088092
0.05968160698635061,-0.0003272295,0.000881858
0.05979596843698687,0.0010826588,0.0008816743
0.05979785893454448,-0.00015223026,0.0008812937
0.059901711814224656,-0.00024014711,0.00088215014
0.0599341531609916,-0.00036609173,0.0008817771
0.05999469729015827,0.00038933754,0.0008827975
0.06006209646127225,0.0013608932,0.00088308525
0.060077265679016834,0.00032746792,0.0008817044
0.06011441879265078,-3.695488e-6,0.0008805179
0.060150226200402,0.0010157824,0.0008915728
0.06030983400250234,-0.00039947033,0.0008815608
0.06042420809074456,0.0006439686,0.0008812069
0.060426077104649645,8.46386e-6,0.0008827376
0.06052992282307801,-0.0006301403,0.00088096777
0.060562386074644814,0.0010610819,0.0008823756
0.060622901980465715,0.0011944771,0.0008817418
0.060690323477526786,0.00059247017,0.0008821199
0.060705464050161306,0.0011175871,0.00088230835
0.06074267361172081,-0.0011863112,0.0008819342
0.06077841993820676,0.0009545088,0.0008925007
0.060903600768020705,0.0007121563,0.00088066916
0.0609380614399041,-1.1622906e-5,0.000882331
0.061052447323149295,-0.0003502965,0.0008814647
0.06105429569590204,0.0005323887,0.00088171585
0.06115813425277017,-0.000685215,0.0008813827
0.061190618988400836,-0.0007632375,0.0008820035
0.061251106249111786,0.00069344044,0.0008820785
0.06131855007242837,0.00032758713,0.0008824906
0.06133366199985002,0.0007839203,0.0008811445
0.06137092843037939,0.00027561188,0.0008808955
0.061406613675600075,8.785725e-5,0.0008917469
0.06153184758333874,0.00037634373,0.0008809329
0.061566288456467166,0.00027370453,0.00088150374
0.0616806869770099,-0.00014281273,0.000880933
0.0616825138659044,0.00013720989,0.0008826746
0.0617863452614178,0.0010939837,0.00088133686
0.06181885190236258,-1.847744e-5,0.00088161376
0.06187931093900778,-0.0003798008,0.00088126626
0.06194677666763848,0.0012370348,0.00088255195
0.06196185995005299,-0.00032109022,0.0008816831
0.06199918367028823,0.0005648136,0.0008810144
0.062034807834552064,0.0004618168,0.00089138525
0.06216009397658384,0.0010910034,0.00088189193
0.062194515472618894,-0.00013452768,0.0008827655
0.06230892663076759,0.0007777214,0.0008815682
0.06231073203580384,-9.059906e-6,0.0008816387
0.06241455627047687,-0.00013959408,0.0008812423
0.06244708523726583,-0.00046563148,0.0008817988
0.0625075156290068,0.00073087215,0.00088148436
0.06257500326264298,0.00070369244,0.00088314904
0.06259005832150599,0.00086665154,0.00088167883
0.06262743848894692,-0.00034230947,0.0008804268
0.06266300157225402,-0.0004733801,0.0008923593
0.06278834037024039,0.00021219254,0.0008825542
0.06282274248877051,-0.00045454502,0.00088159234
0.06293716586327514,-0.00079387426,0.0008824659
0.06293895020601181,0.00036168098,0.00088158855
0.06304276770058037,8.46386e-6,0.00088192936
0.06307531815102185,-6.80089e-5,0.000881625
0.0631357198979613,-0.00059872866,0.00088149443
0.06320322985713311,0.00021982193,0.0008829548
0.0632182562711947,0.0009788275,0.00088122376
0.06325569372885564,0.0012915134,0.0008813788
0.06329119573069175,-0.00095528364,0.000892509
0.06341658676430839,-0.0003888011,0.0008816392
0.06345096950492224,-0.0007261634,0.0008820156
0.06356540551693002,0.00178051,0.00088176405
0.06356716879726432,0.00025856495,0.0008817412
0.0636709787093308,-6.5505505e-5,0.0008816697
0.06370355106498349,0.00010025501,0.00088163617
0.06376392458826874,-0.0009099841,0.00088123826
0.06383145645244614,0.0010408163,0.00088287116
0.06384645422139767,-0.0009992719,0.00088139245
0.06388394854792567,-0.0012592673,0.00088112795
0.06391938946808506,0.00065016747,0.00089271
0.06404483357962643,-0.00031083822,0.00088029145
0.0640791965214853,-3.629923e-5,0.0008814787
0.0641936451705849,0.00020515919,0.00088175945
0.06419538696675242,-0.0009796619,0.00088149006
0.0642991901393315,-0.0012972951,0.00088111986
0.0643317839786367,-0.000377357,0.00088162586
0.06439212927785631,-0.0007287264,0.0008813535
0.06445968304765626,-0.0007070899,0.0008819719
0.06447465217160064,0.00048446655,0.0008816214
0.0645122037878344,0.0011469126,0.0008817128
0.06454758362703705,0.0003234148,0.00089260226
0.06467307997328298,0.00027358532,0.0008809949
0.06470742395909279,-0.0008968711,0.0008818003
0.06482188440340109,-3.1352043e-5,0.00088145817
0.0648236051370632,-0.0007687211,0.000881226
0.06492740114818485,-0.00076687336,0.00088167324
0.06496001689239272,-0.000330925,0.00088166
0.0650203335468108,-2.2172928e-5,0.00088190835
0.06508791006391079,0.0012623072,0.0008830037
0.06510285054253939,-0.00016778708,0.00088171934
0.06514045860628737,0.0002539158,0.0008810125
0.06517577736453328,-0.00038778782,0.0008930991
0.065301326366631,-0.0011312962,0.0008807093
0.0653356509750388,0.00095260143,0.0008822584
0.06545012405705586,3.385544e-5,0.00088177645
0.06545182330727117,0.0007596016,0.0008822942
0.0655556121569354,-0.0008215904,0.00088171085
0.06558824980614875,0.00024914742,0.0008818068
0.06564853823711825,2.026558e-5,0.000881804
0.06571613665881237,0.00030851364,0.000882214
0.06573104849263955,0.00011527538,0.0008811497
0.06576871342515178,0.0006635189,0.0008809396
0.06580397152317674,-2.527237e-5,0.0008937187
0.06592957276059608,0.0016807318,0.00088191254
0.06596387799160186,0.00051796436,0.00088245433
0.06607836371071074,-0.00044184923,0.0008810144
0.06608004189852368,0.00087320805,0.0008820617
0.06618382358693597,-0.00014740229,0.00088128535
0.06621648271980185,0.00062966347,0.0008824624
0.06627674250535287,-3.33786e-6,0.0008815556
0.06634436325371396,0.0005890131,0.00088280946
0.06635924644294533,-0.00022900105,0.0008812525
0.06639696866547196,-0.0019459724,0.0008810738
0.06643216526087858,0.000988245,0.000894092
0.06655781915466397,-0.00033777952,0.0008813824
0.0665921050079592,0.0014955997,0.0008824299
0.06670660294352693,-0.00043118,0.00088196975
0.06670826006862884,-0.00026100874,0.0008815343
0.06681203459578933,-0.0003015995,0.00088146783
0.06684471605491082,0.00043654442,0.0008826565
0.0669049471953519,0.0010098219,0.0008817875
0.06697258984902688,0.00031149387,0.00088306016
0.06698744439283966,-1.5556812e-5,0.0008813916
0.06702522348413054,-0.00055348873,0.00088144717
0.06706035941983057,-0.00030303,0.00089458923
0.06718606554790918,0.00022959709,0.0008810917
0.0672203320239052,0.00061655045,0.0008824397
0.0673348425971817,-0.00034624338,0.0008813813
0.06733647823863109,-0.0007300973,0.0008818319
0.06744024560443707,-8.636713e-5,0.00088222406
0.06747294896866685,0.0001527071,0.00088155566
0.06753315188555642,7.522106e-5,0.0008818068
0.06760081644392846,-0.00046622753,0.00088216265
0.0676156423427341,-0.00080883503,0.000881673
0.06765347830278923,-0.00074386597,0.0008807869
0.06768855315722389,0.00096166134,0.00089398277
0.06784855904005693,0.0011445284,0.0008816537
0.06796308182958655,0.00048244,0.0008816485
0.06796469640863345,0.0006495714,0.000882245
0.06806845703443765,-0.0009536743,0.0008815608
0.06810118188242287,0.00054991245,0.0008817843
0.06816135615420249,-8.08239e-5,0.0008817155
0.0682290430384187,-0.0003067851,0.00088248076
0.06824384071398137,0.0007954836,0.0008815293
0.0682817331212422,0.0006495714,0.00088103407
0.06831674731597015,0.00048542023,0.0008948316
0.06844255875667804,-0.0012675524,0.000880953
0.06847678605662,0.00047028065,0.00088195666
0.06859132148324132,0.00026333332,0.00088121975
0.0685929145785329,-7.5280666e-5,0.000882143
0.0686966680433938,0.0007292032,0.00088181533
0.0687294147962817,0.00091791153,0.0008822209
0.0687895608442014,-0.000523448,0.0008818748
0.06885726963373162,0.00010097027,0.0008825273
0.06887203866418434,0.0004285574,0.00088155916
0.06890998836145956,-0.0009098053,0.0008809757
0.0689449410536721,-0.00013762712,0.0008946818
0.06907080515054032,0.00034880638,0.00088100217
0.06910501307308026,-0.00042569637,0.0008828678
0.06921956071564617,0.000557065,0.0008816208
0.06922113316968248,-0.00041919947,0.000881775
0.06932487905204154,0.001532197,0.0008824713
0.06935764771003772,-0.00027614832,0.0008825845
0.0694177651131559,0.001440525,0.00088227505
0.06948549622904465,-0.000108122826,0.0008825878
0.06950023661407878,-0.0008755326,0.000881741
0.06953824318042667,0.00020337105,0.0008815408
0.06957313521231556,0.00045192242,0.0008950955
0.0696990515446082,-0.002310276,0.00088004686
0.06973324008933479,-0.00050348043,0.00088156835
0.06984780036971239,6.830692e-5,0.0008809982
0.06984935133999337,0.0006555319,0.00088164955
0.06995309006079209,0.00025069714,0.00088189956
0.06998588062379374,-0.0003709793,0.0008817167
0.07004596980346334,-0.0008735657,0.0008815441
0.07011372282394623,-0.00031399727,0.00088297005
0.07012843456438456,-0.00019699335,0.000881388
0.07016649799887964,-0.0010609627,0.00088101934
0.07020132894970887,-0.0007299781,0.00089553656
0.07032729793805903,0.0004557371,0.0008812649
0.07036146710507507,0.00092840195,0.0008825487
0.07047604002336716,-9.214878e-5,0.00088152115
0.07047756950989281,-0.00043785572,0.0008818032
0.07058130149079267,0.000243783,0.0008815481
0.07061411353744695,0.00062835217,0.00088174007
0.0706741740721093,0.00021672249,0.00088164944
0.07074194941884782,-0.0003541112,0.0008826033
0.07075663251469033,-0.0005030632,0.00088231004
0.07079475281753833,0.0003068447,0.0008809141
0.07082952310876367,0.0007299185,0.00089577463
0.07095554433171558,-0.00042283535,0.0008806002
0.07098969412163814,5.686283e-5,0.0008818692
0.07110427925577201,-4.5359135e-5,0.00088153477
0.07110578768010078,-0.00062292814,0.00088197493
0.0712095124994403,0.0009572506,0.0008831928
0.07124234645110006,-0.0006046295,0.00088150613
0.0713023787620054,0.00064742565,0.0008820347
0.0713701760137494,0.0014374256,0.00088357297
0.07138483046417332,0.00011563301,0.0008813654
0.0714230080578585,7.092953e-5,0.0008806598
0.07145771684615698,-0.00027054548,0.0008961923
0.07158379072568066,0.00039744377,0.00088091363
0.0716179211380984,0.00022304058,0.00088202854
0.07173251890983823,-0.00058072805,0.000881548
0.07173400585030876,0.0005276203,0.0008821242
0.07183772350839657,0.0011980534,0.000881978
0.0718705793650618,0.0005968809,0.0008816574
0.07193058303106281,-0.00076025724,0.0008820826
0.07199840260906232,0.0007368326,0.0008821824
0.07201302883572924,0.00058054924,0.00088169356
0.07205126287672281,-0.001298368,0.0008806025
0.07208591100521189,0.00013840199,0.00089675566
0.07221203711944013,-0.0013608336,0.00088038103
0.07224614815394148,-0.0010715127,0.00088132056
0.07236075814224296,0.00033938885,0.00088199397
0.07236222402000259,-0.0011894107,0.0008817427
0.07246593451714711,-6.353855e-5,0.000881137
0.07249881227881783,0.00020945072,0.00088188436
0.07255878772095892,0.00046873093,0.00088166527
0.0726266292039639,-0.00075376034,0.0008822692
0.07264122678603502,-0.00038522482,0.0008812473
0.07267951769548431,6.937981e-5,0.00088082894
0.07271410516416388,0.0003285408,0.0008967319
0.07284028351309668,0.00082850456,0.00088075455
0.07287437517050455,-7.086992e-5,0.0008819211
0.07298899779589785,0.00060772896,0.0008811157
0.07299044218990203,-4.6491623e-5,0.00088159676
0.0730941459472505,0.00023925304,0.00088197226
0.07312704519247104,0.0004477501,0.0008820554
0.07318699198960488,0.0017796755,0.0008818494
0.07325485579886548,0.0006971359,0.0008828333
0.07326942473551801,0.00020205975,0.00088129
0.07330777251383447,0.00095307827,0.0008809187
0.07334229890124866,0.00046002865,0.00089672266
0.07346852990675323,0.000516057,0.00088106387
0.0735026021869648,0.00083875656,0.0008820825
0.07361723702830258,0.00029230118,0.00088138215
0.07361866078136015,-0.00016963482,0.0008819809
0.07372235695630958,0.00070273876,0.0008812947
0.07375527810643268,0.0011273623,0.00088187936
0.07381519667991232,0.0011147261,0.00088157255
0.0738830823941784,-0.00019609928,0.0008819405
0.07389762268541245,-0.00063735247,0.00088171306
0.0739360273329045,-0.0004376769,0.0008810682
0.07397049305989212,0.0005451441,0.0008971229
0.07409677630071831,0.00012075901,0.00088092906
0.07413082920321934,-0.00016593933,0.000883817
0.07424547668195747,0.00014805794,0.0008829038
0.0742468789513625,-0.0006073117,0.00088239484
0.07435056796475159,0.0022511482,0.00088167505
0.0743835110201887,-0.00023424625,0.00088143925
0.07444340094855828,-9.638071e-5,0.0008817761
0.0745113089890801,-0.00027137995,0.00088323036
0.07452582063571822,-0.0005785227,0.0008820668
0.07456428257312187,0.00034713745,0.00088041794
0.07459868721894691,8.940697e-5,0.0008972314
0.0747250226946834,0.0006132126,0.0008809134
0.07475905621937107,-0.0007556081,0.0008820581
0.07487371591477354,-8.46386e-6,0.00088162767
0.07487509712126195,0.00055527687,0.00088262936
0.07497877897360494,0.0006133318,0.000882124
0.07501174393384191,0.00035190582,0.0008815918
0.07507160563845439,-0.00028675795,0.0008816536
0.07513953558398168,-0.0005352497,0.00088250224
0.07515401858561255,-2.0861626e-5,0.00088174397
0.07519253739147191,-0.00033658743,0.0008805394
0.07522688095634023,5.90086e-5,0.0008970569
0.07535326908813422,0.00066673756,0.0008816798
0.07538728281427265,-7.688999e-5,0.0008827438
0.07550195514717828,-0.0008562803,0.0008814135
0.07550331529146992,0.0009852648,0.0008822522
0.07560698998266402,4.4345856e-5,0.0008818888
0.07563997684749502,-0.00014525652,0.000881689
0.0756998099075118,-0.0005450249,0.0008815224
0.0757677621792946,-0.0013141632,0.00088182726
0.07578221653550699,-0.00033557415,0.00088128913
0.0758207922101306,-0.00061285496,0.00088083866
0.07585507511498368,2.002716e-5,0.0008976518
0.07598151548179077,0.0002104044,0.000881766
0.07613019480083316,-0.00054860115,0.0008814886
0.076131533461678,-0.00065648556,0.00088175654
0.07623520141256179,-0.0013659,0.00088138843
0.07626820976114823,-0.00017499924,0.0008818253
0.0763280145974079,-0.000104248524,0.0008818554
0.07641041448581276,1.847744e-5,0.00088176643
0.0764490470287893,-1.1980534e-5,0.00088081387
0.07648326927403859,0.0011200905,0.0008983907
0.07660976187544732,-0.00055140257,0.0008822451
0.07664373684698733,0.00016069412,0.0008824197
0.07675843403334082,-0.0006660223,0.0008814132
0.07675975163157744,8.6426735e-5,0.00088196486
0.07686341242120942,-0.00032031536,0.00088118546
0.07689644267521278,0.0007866621,0.00088233943
0.07695621886605386,0.0012347698,0.00088170776
0.07702421536909776,-0.0005251765,0.0008819493
0.07703861243611854,0.00027024746,0.0008813163
0.07707730184785933,-0.00045192242,0.0008813418
0.07711146301174043,0.000695467,0.0008986552
0.07723800826910387,-0.00012797117,0.00088113325
0.07727196386272772,0.0005648136,0.0008817287
0.0773866736870985,-0.00022566319,0.00088204944
0.07738796980127127,0.0011771917,0.00088201184
0.07749162342985716,0.0010281801,0.00088170776
0.07752467558886589,-0.0010246634,0.0008828607
0.0775844235563613,-0.0001538992,0.0008815192
0.07765244196399934,1.1444092e-5,0.0008823799
0.07766681038601297,0.0004441738,0.0008824512
0.07770555666692935,-0.0004208684,0.0008812735
0.0777396571704867,-0.00040864944,0.00089858717
0.07786625466317176,-0.0006236434,0.000881234
0.07790019087929079,8.46386e-6,0.0008820521
0.07801491291970897,0.0003503561,0.0008814728
0.07801618797147925,0.00047266483,0.00088239036
0.07811983443891612,0.0004504919,0.0008817695
0.0781529085025191,-2.0861626e-5,0.00088170596
0.07821262782500726,-0.00078219175,0.00088068837
0.07828066855890092,-0.00048190355,0.0008818578
0.0782950083359073,-0.0009498596,0.0008816576
0.07833381148517671,-6.902218e-5,0.00088108884
0.07836785132913016,-0.001263082,0.00089864654
0.07849450105682831,0.00032401085,0.0008809197
0.07852841789585385,-8.46386e-6,0.00088207476
0.07864315257336374,-0.000960052,0.0008832034
0.07864440614168722,-0.0011940598,0.0008821997
0.07874804544756386,-0.00032538176,0.0008815462
0.07878114141658366,-0.000490129,0.0008820829
0.07884083251490337,0.00016999245,0.0008820063
0.07890889515421384,0.0002746582,0.00088237424
0.07892320628611027,0.00022017956,0.0008815328
0.0789620663039382,-0.0009872913,0.00088045915
0.078996045066832,0.00051677227,0.0008996943
0.07912274745048486,0.00014650822,0.0008807731
0.07915664449075543,0.00016820431,0.00088218995
0.07927139180556286,0.0005840063,0.0008823081
0.07927262431138105,0.0004581213,0.0008819723
0.07937625645621149,-0.00013774633,0.0008810727
0.07940937433023676,1.3589859e-5,0.00088207104
0.07946903678354933,-0.000810802,0.0008815521
0.07953712132786539,-0.0014860034,0.00088222773
0.07955140423610751,-0.00045228004,0.00088133104
0.07959032112290532,0.00042891502,0.0008811652
0.07962423922557837,-0.000831306,0.00089949067
0.07975099384455286,-0.00041341782,0.0008812868
0.07978487150721558,-0.0016392469,0.0008817538
0.07989963103837894,-0.00046688318,0.0008813839
0.07990084248158902,0.00019609928,0.00088210136
0.08000446746527057,0.0012649298,0.00088314724
0.08003760724388997,6.854534e-5,0.00088216254
0.08009724105260674,0.0003066063,0.0008831428
0.08016534792276697,-3.7014484e-5,0.0008817483
0.08017960218620757,-1.4901161e-6,0.00088182115
0.08021857594156401,-0.0003425479,0.0008805605
0.08025243338422172,5.853176e-5,0.0009004091
0.08037924023820942,-0.00019472837,0.0008814291
0.08041309852347012,-0.0005954504,0.0008813185
0.08052787069223954,-0.00013381243,0.0008812033
0.08052906065179699,0.00053310394,0.00088191265
0.08063267889516834,-0.0014662147,0.0008811486
0.08066584015754319,0.0006958246,0.00088252977
0.08072544574270857,-0.00063222647,0.0008810755
0.08079357451807989,-0.0006533861,0.0008824017
0.08080780013651334,0.00012922287,0.0008821059
0.0808468307603255,0.00081312656,0.00088130357
0.08088062754317371,-8.624792e-5,0.00090071483
0.08100748663186597,-0.00041896105,0.000881069
0.08104132553962184,0.0012760162,0.000881947
0.08115610992474709,0.00094497204,0.00088158983
0.08115727882169654,0.0005277395,0.000882131
0.08126088990361036,-2.7358532e-5,0.00088146195
0.0812940730711963,-0.00056272745,0.0008812629
0.0813536500111488,0.0010154247,0.000881809
0.08142180111298147,-0.00030189753,0.00088244124
0.08143599808620205,0.0010434389,0.00088248175
0.081475085579087,0.00043165684,0.00088098645
0.08150882128066994,0.0003758669,0.0009013876
0.08163573260427237,0.0010336637,0.00088176917
0.08166955213452343,0.00066792965,0.00088212604
0.08178434915725474,-0.000503242,0.000881412
0.08178549699169879,0.000116467476,0.00088177307
0.08188910091246371,-0.00030744076,0.00088107114
0.08192230556401081,0.0004775524,0.00088246283
0.08198185428020621,-0.00045895576,0.00088150566
0.08205002770788306,0.0005674362,0.000882093
0.08206419603609649,-0.00017994642,0.0008818271
0.0821033403977457,0.0010899305,0.00088090973
0.0821370154393134,0.00015103817,0.00090222387
0.08226397899803173,-0.0003529787,0.0008813773
0.08229777915067515,0.00021374226,0.00088247226
0.08241258881090963,-0.0005068183,0.000881808
0.08241371516170115,0.00043678284,0.00088196347
0.08251731192152278,0.00038909912,0.00088121067
0.08255053847766392,8.1300735e-5,0.00088252535
0.08261005897030793,0.0005284548,0.000882164
0.08267825430278464,1.1444092e-5,0.000883142
0.08269239398629946,0.0004181862,0.0008813581
0.08273159521661011,-0.001224041,0.00088051875
0.08276520959826539,-0.0017516017,0.00090073905
0.08289222539199681,0.0009959936,0.0008816928
0.08292600616723822,-0.00052022934,0.00088161835
0.0830408280436229,-0.0002924204,0.00088179286
0.08304193333180632,0.0011643171,0.00088246504
0.08314552293017041,3.838539e-5,0.00088161137
0.08317877139131713,0.00075125694,0.00088210095
0.08323826323905681,0.00037693977,0.00088156963
0.08330648089778914,-0.00051158667,0.00088189315
0.0833205919362967,0.00013899803,0.00088120624
0.08335985003537161,0.000662446,0.0008811579
0.08339340375701165,-0.00045490265,0.00090204645
0.08352047178565336,-0.0007736087,0.0008806356
0.0835542327621398,0.0007561445,0.00088177767
0.08366906769738058,0.0008382797,0.00088174373
0.08367015108045561,0.0007060766,0.00088186027
0.08377373393922949,0.0004132986,0.0008813784
0.08380700430538168,-0.0011027455,0.0008818387
0.0838664675080113,-0.00033295155,0.0008814247
0.0839347070717491,-0.0003862381,0.0008840576
0.08394878988619103,7.259846e-5,0.0008814361
0.0839881048541331,-0.00022381544,0.0008812464
0.08402159749440496,-0.0013706684,0.0009021431
0.08414871817941283,0.000238657,0.00088034826
0.08418245977859995,-0.00018298626,0.00088174624
0.08429730692937398,0.0002617836,0.000881618
0.08429836925045797,-0.00089752674,0.00088171294
0.08440194494787712,-0.00019413233,0.0008809451
0.08443523721903479,0.00015890598,0.0008825315
0.0844946721979074,0.00017273426,0.0008812185
0.08456293366665069,0.0005040169,0.00088280876
0.084576987836394,-0.000803411,0.0008819191
0.08461635967279169,-0.00013029575,0.0008805333
0.08464979165325415,0.00029730797,0.0009028455
0.08477696457337791,-5.3822994e-5,0.0008812232
0.08481068679506021,0.0007636547,0.0008820488
0.08492554616219006,0.0014350414,0.00088210485
0.08492658742066594,-0.00076186657,0.0008827876
0.08503015595652486,0.0009524822,0.0008821796
0.085063470132688,-0.0010133982,0.00088169327
0.08512287646665617,0.00041985512,0.0008816058
0.08519116026165507,0.0005340576,0.0008823454
0.08520518578639125,-0.00092065334,0.00088106596
0.08524461449145038,0.0006945133,0.000880598
0.08527798581200041,-0.00063347816,0.0009031355
0.08540521096703446,-0.0013535023,0.0008806266
0.08543891338975618,-0.0001258254,0.00088253774
0.08555378539500624,0.00047552586,0.00088225893
0.08555480559056539,-7.748604e-6,0.0008820477
0.08565836696517248,-0.000723958,0.0008817029
0.0856917030463411,1.1444092e-5,0.00088219246
0.08575108073540505,0.00041353703,0.00088155235
0.08581938685686519,0.0003759861,0.0008830353
0.08583338373628568,-0.00031590462,0.0008817607
0.08587286888927037,5.877018e-5,0.0008814444
0.08590617997074668,-0.00021153688,0.00090333686
0.08603345693944087,-0.0008857846,0.0008807553
0.0860671404059078,0.0005991459,0.0008817022
0.08618202504866113,0.00028765202,0.00088125287
0.08618302376056775,-0.00086551905,0.0008810598
0.08628657797423156,0.00044119358,0.00088142965
0.08631993553884709,-0.00039112568,0.0008824461
0.08637928542530116,6.3061714e-5,0.00088134734
0.08644761345176677,0.0010079145,0.00088227255
0.08646158168638574,-0.0001527071,0.0008813121
0.08650112370792895,-4.643202e-5,0.0008810401
0.08653437412959586,-0.00032538176,0.0009038535
0.08666170333320022,0.0011018515,0.00088174676
0.08669536700122082,-0.0005939603,0.00088128116
0.08681026428106586,-0.00012511015,0.00088153617
0.08681124193077572,0.00025248528,0.00088195794
0.08691478898329064,-0.00064843893,0.0008815397
0.08694816845280873,-0.00040519238,0.0008819984
0.08700748969415284,-0.0005955696,0.0008811884
0.08707583962541832,-0.0003054142,0.000882297
0.08708977963669151,0.00035822392,0.00088134763
0.08712937852658764,-0.0007676482,0.0008825235
0.08716256828865065,-0.0012478828,0.00090432394
0.08728994972654824,0.0015033484,0.0008811687
0.08732359401737244,-0.00015735626,0.000881618
0.0874385035134706,0.00024724007,0.0008824037
0.08743946010067527,0.000104904175,0.0008823675
0.08754299999152693,-0.00083351135,0.0008810978
0.08757640136646194,0.00031661987,0.0008817685
0.0876356939629016,0.00015890598,0.00088186364
0.08770406622073124,0.0007536411,0.00088260655
0.08771797758658595,-0.0003554225,0.00088166946
0.08775763334524633,0.00011754036,0.00088161184
0.08779076244729411,-0.0008980036,0.00090423226
0.08791819612061624,-0.00019693375,0.00088064815
0.08795182061227402,-0.00026714802,0.00088177796
0.08806674316753682,0.00068962574,0.0008815144
0.08806767827067752,0.00070893764,0.0008819666
0.088171211000586,7.1167946e-5,0.00088162994
0.08820463428021796,0.00056529045,0.00088276574
0.08826389865290063,-0.0009713173,0.000880853
0.08833229281563282,-0.00019550323,0.0008821231
0.08834617553627466,0.00043714046,0.0008813636
0.08838588816390502,-0.00047016144,0.0008823912
0.08841895618468754,-0.00055104494,0.00090534176
0.08854644209333118,1.1444092e-5,0.00088129437
0.08858004762842575,0.0009891987,0.0008824847
0.08869498239994156,0.001124382,0.0008829808
0.08869589601963546,0.0003976822,0.00088153046
0.08879942200964497,0.00040471554,0.0008819831
0.0888328671941796,-0.00035238266,0.0008816672
0.0888921029217522,-0.0009584427,0.0008812787
0.0889605194105344,0.0006849766,0.0008829412
0.08897437306522749,0.0013605356,0.00088176643
0.08901414256172491,0.000893116,0.00088158174
0.08904715034374233,-0.00052922964,0.00090555265
0.08917468848709054,-9.435415e-5,0.0008817898
0.08920827464498882,0.000233531,0.00088168547
0.08932322163203776,0.00057673454,0.0008822625
0.0893241141895349,-0.0003399849,0.0008826205
0.08942763301788137,0.0011291504,0.0008816627
0.08946109968658267,0.00028073788,0.00088214455
0.08952030719050108,-0.00018382072,0.00088108913
0.08958874558428875,0.0006122589,0.0008828512
0.08960257101543034,-0.0002387762,0.0008813551
0.0896423973803836,-0.00054323673,0.00088097743
0.08967534450238579,-0.00041270256,0.0009060155
0.08980293488074709,0.0011214018,0.0008817753
0.08983650124009612,-0.001706183,0.00088245136
0.08995146086475103,0.000118136406,0.00088178634
0.08995233235943434,-0.0011937022,0.0008822336
0.09005584402694033,0.00017905235,0.0008816467
0.09008933260023588,0.0007072687,0.0008819412
0.09014851145924996,0.0013245344,0.0008817666
0.09021697217949887,-0.0006145239,0.0008825847
0.09023076896532478,0.00019919872,0.00088171585
0.09027065219883657,-0.00067412853,0.0008811065
0.09030353866082352,0.00044548512,0.0009067852
0.09043118127440364,-5.453825e-5,0.0008808044
0.09046472783479198,0.00045847893,0.0008821612
0.09057970009756722,0.00062429905,0.0008823595
0.0905805505294367,-0.000510931,0.00088208925
0.0906840550358966,-0.00048321486,0.00088104635
0.0907175655139919,-0.00016409159,0.00088165014
0.09077671614935168,0.0003374815,0.0008813682
0.09084519877481179,-0.0007494688,0.00088161556
0.09085896691563056,0.0002373457,0.0008815154
0.09089890701770087,0.00041246414,0.0008808069
0.0909317328196727,0.0002872944,0.00090687966
0.09105942724722149,0.0010951757,0.0008813607
0.09109295485135505,0.00090420246,0.00088217395
0.0912079397512221,0.00072801113,0.0008816882
0.09120876869964467,0.00057423115,0.0008822951
0.0913122660442357,0.00046503544,0.00088153494
0.09134579842774793,-0.0008646846,0.0008817387
0.09140492041810055,-0.0009797812,0.00088128424
0.09147342536940484,0.00022232533,0.0008828196
0.091487164865525,-0.00068080425,0.0008809742
0.09152716183677101,0.0014812946,0.0008812858
0.0915599269787275,0.0006468296,0.0009078473
0.09168767364087804,0.00040614605,0.0008808987
0.09172118144646235,0.0010690689,0.0008823085
0.09183617898362684,-8.5651875e-5,0.0008812983
0.09183698644870542,0.00020313263,0.0008820826
0.09194047705288344,0.00022912025,0.0008812973
0.09197403092035661,0.0007662773,0.00088216533
0.09203312468684932,-0.0009663105,0.000881084
0.09210165154315919,0.00044894218,0.00088279793
0.09211536281541932,-2.0086765e-5,0.00088130037
0.09215541623417955,0.00046372414,0.000881151
0.09218812113737096,0.0003656149,0.0009080386
0.09231592003412326,0.00039827824,0.00088078843
0.09234940846240836,0.0012795925,0.00088150124
0.09246441821603157,0.00042283535,0.00088150555
0.09246520461829644,-9.948015e-5,0.00088197435
0.0925686880619424,-0.00085002184,0.0008820616
0.09260226383411263,-0.0010262728,0.00088150334
0.092661328955701,-0.00010704994,0.0008813408
0.0927298781382665,0.00061678886,0.00088210223
0.09274356034447506,0.000975132,0.00088121474
0.09278367105283813,0.00020265579,0.00088193704
0.09281631529642576,-0.00016963482,0.0009082966
0.092944166006941,-0.00081789494,0.0008813768
0.09297763505730994,-0.001044333,0.0008815686
0.09309265744884776,-0.00034725666,0.0008812898
0.09309342278850441,0.00014853477,0.0008814367
0.09319689864975145,8.46386e-6,0.000881368
0.09323049674786865,-3.1352043e-5,0.0008816699
0.09328953322475841,-0.00064742565,0.0008815641
0.09335810473316808,0.00018572807,0.0008824175
0.0934119258712911,0.00018143654,0.0008815335
0.09344450945506921,0.001054287,0.00091022166
0.093572412401009,0.0006581545,0.0008815454
0.093605862073873,-0.0014681816,0.00088154705
0.0937208966812525,-0.00021487474,0.00088171987
0.09372164095881519,-0.00019425154,0.00088180037
0.09382510965839908,-0.00029486418,0.0008811472
0.09385872924047745,0.00030601025,0.00088207214
0.09391773791465452,0.0008575916,0.0008816521
0.09398633090692243,0.00038266182,0.00088277285
0.09399995624426383,-0.0001347661,0.000881855
0.09404018026900829,-0.0014558434,0.0008809562
0.09407270361371267,0.0010581017,0.00090987294
0.09420065879466555,0.00036370754,0.0008811198
0.09423408866908312,-0.00072199106,0.000881681
0.09434913633470166,-0.00021106005,0.00088157016
0.09434985870715606,-0.000854969,0.00088185153
0.0944533206670467,-0.0010043383,0.0008810656
0.09448696215423347,0.0011860132,0.0008821216
0.09454594218330048,0.00078082085,0.0008819565
0.09461455750192682,0.0006355047,0.0008828716
0.09462815419415826,0.0008125305,0.0008816536
0.0946684350879754,0.0008430481,0.000881001
0.09470089777276747,-5.2511692e-5,0.00090949243
0.09482890476707195,0.00022435188,0.0008819244
0.0948623152640875,-0.0013923645,0.0008818421
0.09497737556731212,-0.000121712685,0.0008814719
0.09497807687715842,-0.00055605173,0.000881751
0.09508153167600297,0.0005065203,0.00088173343
0.09511519506798949,-0.0007329583,0.0008811925
0.09517414645235778,2.7418137e-5,0.00088168174
0.09524278409703413,0.0010002851,0.00088218146
0.09525635214415551,0.0014321804,0.00088142825
0.09529668990642837,-0.00075525045,0.00088063406
0.09532909193141093,0.00057280064,0.00091047894
0.0954571511607285,-0.00028508902,0.00088135665
0.09549054228023923,-0.00021660328,0.0008819296
0.09560629504726359,-0.00089102983,0.00088188116
0.09570974268475352,-0.0008406043,0.0008821506
0.09574342798164259,0.0003466606,0.0008816934
0.09580235072100385,-0.0005569458,0.00088152505
0.0958710102710969,-4.3272972e-5,0.00088267995
0.09588454967310833,3.2544136e-5,0.00088119495
0.09592494430383702,-2.8073788e-5,0.00088070164
0.09595728609005438,0.00036144257,0.00091063435
0.09608539755479639,0.0006992817,0.00088163186
0.09611876887534643,0.00032126904,0.0008816547
0.09623385403253293,0.00013661385,0.00088167324
0.09623451279632433,-7.2836876e-5,0.00088114897
0.09633795369298981,-0.00076282024,0.0008814131
0.09637166047404566,0.00036656857,0.00088202377
0.09643055498944408,0.0001770258,0.0008820899
0.09649923686579287,-0.0010966063,0.0008819731
0.09651274762300266,-0.00017988682,0.0008817267
0.09655319912290705,0.00011765957,0.00088129326
0.09658548024910918,-0.00082474947,0.0009116656
0.09671364352720291,-0.00020712614,0.00088047585
0.09674699589160096,0.0006104708,0.0008822181
0.09686209326493767,-0.00036388636,0.0008815068
0.09686273096622378,-0.00019007921,0.0008814481
0.09696616470204877,-0.0010890961,0.00088099774
0.09699989338800741,-0.00035089254,0.0008820877
0.09705875925829577,0.0005180836,0.0008824574
0.09712746346069445,0.00017130375,0.00088196626
0.09714094557330843,-0.0004339218,0.0008808177
0.09718145352052121,-0.00084120035,0.0008810647
0.09721367440795836,-0.00078624487,0.0009119664
0.09734188992065373,0.0010890961,0.00088162057
0.09737522248619401,3.4332275e-5,0.0008822023
0.09749033249734251,-0.0006145239,0.00088167057
0.09749094913612322,-0.000103116035,0.0008819296
0.09759437528985782,0.0002809763,0.00088154
0.09762812630176343,-0.00035101175,0.000881688
0.09768696352735318,-0.0009933114,0.00088200293
0.09775568963465442,-0.00064849854,0.000882405
0.09776914352361421,0.0010690689,0.0008821101
0.09780970833928282,0.00087201595,0.000881508
0.09784186856670463,0.00024604797,0.0009128431
0.09797013631431029,0.00050258636,0.0008815555
0.09800344908150704,-0.0003604293,0.0008818307
0.09811857173015859,-0.00043672323,0.0008815966
0.09811916688518396,-3.361702e-5,0.00088174717
0.09822258629850544,-0.0016040206,0.00088142353
0.0982563587941665,1.1444092e-5,0.0008813515
0.09831516779579341,-0.00015586615,0.0008818887
0.09838391622965881,-0.0005787611,0.0008818666
0.09839734105184716,0.00057041645,0.000882162
0.09843796315763287,0.0008698702,0.00088136777
0.09847006272503955,0.00037992,0.000913171
0.09859838228692241,-0.00033473969,0.0008817262
0.09863167567671716,0.00082588196,0.00088246854
0.09874681096256333,1.1444092e-5,0.0008814587
0.0987473850550834,-0.00020384789,0.0008817708
0.0988507973074616,0.00022768974,0.0008812953
0.09888459170812813,0.0005390644,0.0008814985
0.09894337248589524,-7.349253e-5,0.00088168547
0.0990121428245605,0.0005687475,0.00088240876
0.09902553900215294,-3.1590462e-6,0.00088117184
0.09906621755545286,-0.0002566576,0.00088089413
0.0990982573053445,-0.00017720461,0.000913514
0.0992266286809903,-0.00027161837,0.00088059535
0.09925990269297169,-0.0013293624,0.00088226085
0.09937505061601248,0.00027179718,0.00088171
0.09937560322477723,-0.0013712645,0.0008811449
0.09947900831621215,-0.00040262938,0.00088120514
0.09951282420063412,-0.00035345554,0.0008819851
0.09957157675495254,-0.00019413233,0.00088175066
0.09964036899821194,-0.0005634427,0.0008823904
0.09965373695245872,-0.0004917979,0.00088181987
0.09969447237431717,-0.00031608343,0.000881163
0.09972645146429648,-0.0005028248,0.00091360905
0.09985487465339682,-0.0009985566,0.00088089786
0.09988812928787327,-0.00013267994,0.0008823066
0.10000328984872586,-0.00031214952,0.0008824946
0.10000382097363225,0.00033020973,0.00088165654
0.10010721932485989,-0.0008111596,0.00088070345
0.1001997810235985,-0.0008919835,0.00088118186
0.10026859559342205,9.3340874e-5,0.00088285474
0.10028193490235315,0.0009770393,0.0008816336
0.1003227267715201,0.0015645027,0.00088155485
0.10035464562263141,-0.0013949275,0.00091511523
0.10048312104684765,0.0016198158,0.00088164676
0.10051635588277485,0.0011856556,0.0008825202
0.10063152908143913,5.4240227e-5,0.000881176
0.10063203914394314,0.00035309792,0.0008820407
0.10073542991225737,-0.0011609197,0.00088145724
0.10076929002794044,-0.00025111437,0.000881842
0.10082798529265591,0.00028789043,0.0008824917
0.10089682176738202,-0.0009046793,0.0008821119
0.10091013243120306,0.0011622906,0.0008821918
0.10095098159017868,-0.00064754486,0.00088146003
0.1009828397816862,-0.00032538176,0.0009150458
0.10111136701956269,1.1444092e-5,0.0008821065
0.10114458247808777,0.00043213367,0.0008820378
0.10125976831384387,-0.0008312464,0.0008816934
0.10126025689259255,0.0007869005,0.0008817119
0.10136364092090511,-0.0003554225,0.00088152953
0.10139752252034351,-0.00037235022,0.0008817599
0.10145618956130187,0.00016367435,0.0008824358
0.10152504836207799,-0.0006991029,0.0008825031
0.1015383303812003,-0.001194179,0.000881469
0.10157923598758722,1.1444092e-5,0.0008815964
0.1016110339406382,0.0005836487,0.00091550074
0.10173961341352777,-0.00073456764,0.00088076
0.1017728094942395,2.5868416e-5,0.000882619
0.10188800754635141,0.0013487339,0.0008819871
0.10188847506290333,0.00039708614,0.0008820963
0.10199185192996418,-0.00078064203,0.00088118925
0.10202575543440806,0.0003823042,0.00088191585
0.10208439382994783,-0.0002861023,0.00088203937
0.1021532749572881,-0.0007445812,0.0008833047
0.10216652833119755,1.3232231e-5,0.00088205567
0.10220749080665736,0.00095140934,0.0008820314
0.10223922809897312,0.0008968115,0.000917467
0.10236785938572845,-0.00020569563,0.000881447
0.10240103608914108,-0.0014480352,0.0008810493
0.10251624677844773,0.00079858303,0.00088148523
0.10251669323280277,8.46386e-6,0.0008828936
0.10262006293861181,0.0003567934,0.00088145066
0.10265398792681113,0.0009791851,0.0008818276
0.1027125980985939,0.0002580881,0.0008820278
0.10283574520447725,0.0011663437,0.0008816317
0.10286742267927806,-0.000695765,0.00091685605
0.102996105779385,-0.0007619858,0.0008810926
0.1030292626843512,-0.0005515218,0.00088151905
0.1031444860112638,0.00027441978,0.0008815581
0.10314491098145218,0.00026631355,0.0008824897
0.10324827352631794,-0.0002859831,0.00088200613
0.10328222084046423,-0.00037664175,0.00088166527
0.1033408023676512,0.00033330917,0.0008816097
0.10340972772594392,-0.001354456,0.0008828123
0.10342292380973628,-0.00046730042,0.00088133937
0.10346400002272449,-0.0012590289,0.0008808014
0.10349561683812714,0.00022673607,0.00091735204
0.10362435175210005,-0.00015258789,0.00088141527
0.10365748927935559,0.00048172474,0.00088152237
0.10377272524387426,-0.00021106005,0.0008814936
0.10377312915135162,-0.0012202859,0.0008816279
0.1038764845352741,5.4836273e-6,0.00088166445
0.10391045333327875,-0.00083971024,0.0008818747
0.1039690066366058,0.0004887581,0.0008821939
0.10403795389959547,-0.00042897463,0.0008824454
0.10405112176004205,-0.0007994175,0.0008812144
0.10409225442013315,0.000623703,0.00088103104
0.10412381099687351,0.0011795759,0.00091852254
0.10425259814606513,-0.0018163323,0.0008808149
0.10428571587425717,0.000611186,0.00088195805
0.10440096447607328,-6.300211e-5,0.0008814254
0.10440134690000102,-0.0015547276,0.0008817658
0.10450469554371611,0.0002590418,0.00088130584
0.10453868624693186,-0.0003529787,0.0008823109
0.10459721090494323,0.0006995201,0.0008822142
0.10466618049490839,0.00172019,0.0008831271
0.10467931928868635,-0.000600338,0.00088195817
0.10472050881795303,-0.0012961626,0.00088059134
0.1047520051558255,-0.001101613,0.00091879466
0.10488084411847154,8.8095665e-5,0.0008813011
0.10491394246946728,-0.00060105324,0.0008815169
0.10502920370847801,-0.0005989671,0.0008820365
0.10502956507031191,-3.2126904e-5,0.0008817236
0.10513290655236374,0.0007930994,0.0008822696
0.10516691916058507,0.00022125244,0.00088172796
0.10522541517400053,0.00045847893,0.0008816752
0.10529440666876555,-0.0008701086,0.0008820153
0.10530751723858078,-0.00071132183,0.0008813852
0.10534876363661172,1.1444092e-5,0.00088083826
0.105380199735719,1.5258789e-5,0.00091989693
0.10550909051192237,-0.00028043985,0.00088084943
0.10554216948572182,0.00019073486,0.0008817148
0.1056574429412942,-0.00014269352,0.0008812799
0.10565778281896121,0.00041556358,0.000881377
0.10576111714017278,0.0007240772,0.0008811097
0.10579515165298814,0.001749754,0.0008825975
0.10585361944295513,-0.00043058395,0.0008816719
0.10592263326366713,-0.0008687377,0.0008824006
0.1059357147675336,-0.00065886974,0.00088126207
0.10597701803402026,-0.00017231703,0.0008812259
0.10600839389446526,-3.33786e-5,0.0009197887
0.10613733648432888,-0.00045657158,0.0008811441
0.1061703960806234,8.8214874e-5,0.0008818933
0.10628568217400747,-0.00017356873,0.0008815944
0.1062860009892721,-0.0007790327,0.00088212924
0.1063893281488204,-0.00054085255,0.0008817009
0.10642338456664124,-0.00040829182,0.00088187755
0.10648182371129256,8.46386e-6,0.00088246044
0.10655085943711295,-0.00019866228,0.000882919
0.10656391271753085,-0.00069242716,0.00088161684
0.10660527285278176,-0.0016063452,0.00088054163
0.10663658805321163,0.0002065897,0.0009203607
0.10676558287839677,0.000223279,0.0008812244
0.10679862267552498,0.0012379885,0.00088292384
0.10691392140651512,1.1444092e-5,0.0008815194
0.10691421873822993,0.0006338358,0.00088209746
0.10701753915746803,2.0623207e-5,0.0008813699
0.10705161705945576,0.00063955784,0.00088196556
0.10711002798034985,-0.0015992522,0.00088115555
0.10717908603242587,0.0015249252,0.0008829536
0.1071921106676309,8.46386e-6,0.00088126067
0.10723352725029311,-9.4652176e-5,0.0008812898
0.1072647822120607,-0.00040102005,0.0009207461
0.10739382885080317,-0.0007199645,0.00088098197
0.10742684927042656,-6.914139e-5,0.00088168005
0.10754216063850841,-0.0010123849,0.0008821797
0.10754243690782095,0.0005557537,0.0008817502
0.10764574974517416,0.0004246235,0.0008815675
0.10767984997310887,-0.00080919266,0.00088197645
0.10773823224920154,0.0001244545,0.0008814755
0.10780731220628303,0.0016257763,0.0008832355
0.10782030819668653,0.0005968809,0.0008821099
0.10786178164790738,0.0011355877,0.0008812725
0.10789297679236565,0.00023269653,0.000922299
0.10802207524445973,-0.00097060204,0.0008809608
0.10805507586573959,0.0008113384,0.0008815738
0.1081703998713246,0.0013564825,0.0008819004
0.10817065465647024,0.000646472,0.0008829693
0.10827396075413043,0.001093626,0.0008822934
0.10830808246551193,0.001042366,0.0008818498
0.10836643651764188,-0.00054329634,0.00088147837
0.108435538800979,0.00026977062,0.00088171207
0.10844850614637525,0.001065135,0.0008826693
0.10849003646666888,-0.0003954172,0.0008808306
0.10852117095080338,-0.00017380714,0.00092234876
0.10865032121686624,0.00044548512,0.00088136434
0.10868330246064117,-0.00010472536,0.0008819127
0.10879863910414067,-0.0007248521,0.0008814978
0.10879887282678113,6.353855e-5,0.000881722
0.10890217176277805,0.00027227402,0.00088135543
0.10893631537957649,-0.00016826391,0.00088244665
0.10899464078628784,-0.0010141134,0.0008823041
0.10906376497463044,0.0001809597,0.00088271144
0.10907670367501954,-0.00046223402,0.00088204176
0.10911829086418035,-0.0006238818,0.0008806244
0.10914936510965256,0.0001872778,0.0009229901
0.10927856718968398,0.001019001,0.00088194537
0.10931152905585129,0.00039851665,0.00088199816
0.10942687791488404,0.0012574196,0.00088176643
0.10953038235027845,-0.00031369925,0.0008814511
0.10956454787197956,-0.00013786554,0.0008821686
0.10962284505534525,-0.001016736,0.0008817064
0.10969199156994347,0.00021457672,0.0008828919
0.1097049016252225,-0.0007304549,0.00088170863
0.10974654526158889,-0.00070512295,0.00088050315
0.1097775596899575,0.0011696815,0.0009237454
0.10990681358375198,0.00086188316,0.0008822332
0.1099397556510614,0.00030577183,0.0008827137
0.11005511714728877,0.00023591518,0.0008815213
0.11005530874532998,0.0006155968,0.0008820447
0.11015859335923472,0.0007787943,0.0008809319
0.11019278036438263,1.1444092e-5,0.0008819693
0.11025104932429974,0.00014781952,0.00088177447
0.11032021774390344,-0.00010406971,0.00088253716
0.11033309915417533,6.365776e-5,0.0008812515
0.11037480008024758,0.00038433075,0.000882081
0.11040575384839524,0.0006836653,0.0009245421
0.11053505955574705,-0.0001809001,0.0008812855
0.11056798224575726,0.00019168854,0.00088171236
0.11068335638010485,0.0011280775,0.00088191126
0.11068352649397939,0.00050365925,0.00088198856
0.1107868039466322,0.0008635521,0.00088116486
0.11082101327844718,-0.00021278858,0.0008817944
0.11087925359304851,0.0004980564,0.00088165957
0.11094844433890783,-0.0018348098,0.0008821794
0.11096129710406977,0.0015474558,0.000881951
0.11100305447796466,-0.00033581257,0.0008812242
0.11103394842849446,0.0011173487,0.0009261075
0.1111633059494036,0.0008227825,0.0008812143
0.11119620884065884,-0.0010835528,0.0008814611
0.11131159561292103,0.00020337105,0.00088144996
0.11131174424304002,0.0015331507,0.0008819782
0.11141501495507422,-0.00068950653,0.00088129984
0.11144924577085025,0.0012469292,0.00088272116
0.11150745786169458,0.0007702112,0.00088192895
0.11157667051214792,0.0010854006,0.00088323164
0.11158949463281687,0.0009768009,0.00088171795
0.11163130887547601,0.0012090206,0.00088180427
0.11166214258754936,-2.9802322e-5,0.0009261968
0.11179155192222134,0.000110030174,0.00088166597
0.11182443543597187,-0.00010377169,0.00088166795
0.11193983484532577,0.0011944771,0.0008818935
0.11193996241335091,0.00057935715,0.00088194537
0.1120432259641333,-0.0015028715,0.00088118966
0.11207747868450346,0.0011047125,0.0008821551
0.11213566170939893,0.0006622076,0.00088214024
0.11220489668621081,0.0005761385,0.00088304
0.11221769258301983,0.0001077652,0.0008814223
0.11225956327288455,0.0001835823,0.0008810364
0.11229033674588418,-0.00017368793,0.0009271162
0.11241979789462786,-8.970499e-5,0.0008810098
0.11245266203087345,0.00038778782,0.0008815762
0.11256807407742198,3.194809e-5,0.0008819909
0.11256818016158887,5.9604645e-7,0.00088196906
0.1126714365517365,-0.00077939034,0.00088080775
0.11270571117690642,0.0013546944,0.0008818758
0.1127638659781478,0.001052022,0.0008827358
0.11283312328152373,0.0005134344,0.00088248495
0.11284589053291427,-0.001036346,0.0008816288
0.11288781809154325,-0.00024724007,0.0008809272
0.11291853132608631,0.00065624714,0.0009288204
0.11304804428828441,-0.001617372,0.00088151376
0.11308088862577503,-1.2636185e-5,0.00088242756
0.11319631331013524,-0.001085341,0.0008813255
0.11319639833189976,-0.00021451712,0.0008822732
0.11329964756048705,-0.00038439035,0.00088124734
0.11333394409097097,-0.000105679035,0.0008819645
0.11339207024679376,-0.00016325712,0.00088156236
0.11346134945476383,0.0025326014,0.0008832266
0.11347408806155856,8.46386e-6,0.00088113686
0.11351607248895179,0.00039291382,0.00088198634
0.11354672548514111,-0.00049191713,0.0009283443
0.11367629026079373,-0.00082081556,0.00088071544
0.11370911522108795,-0.0008150935,0.0008820895
0.11382455254295143,0.00059354305,0.00088194315
0.1138246160809605,-0.0005403757,0.0008817882
0.11392785814819317,-0.00096958876,0.00088120176
0.11396217658378549,0.00042116642,0.00088208483
0.11402027451564545,-0.00016468763,0.0008814838
0.11408957604966552,-0.00054073334,0.00088244927
0.11410228601186434,0.00025045872,0.0008814373
0.11414432688677179,0.0009977818,0.0008809586
0.11417492006503471,-0.00079238415,0.0009298221
0.11430453623350867,0.0013059378,0.00088126905
0.11433734139494511,0.0006117821,0.00088259135
0.11445279135369468,-0.00038695335,0.000881253
0.11445283382919846,-4.440546e-5,0.0008820004
0.1145560691568408,8.46386e-6,0.00088164816
0.11459040907577711,0.00017118454,0.00088197016
0.11464847878439421,0.00068330765,0.0008826689
0.1147178022237283,0.00095140934,0.0008832593
0.11473048354050863,0.0001887083,0.0008821251
0.11477258128418033,-0.0007022023,0.0008807207
0.11480311422367817,-0.0007349849,0.00093003537
0.11493278262757656,5.1498413e-5,0.0008810056
0.1149655679898467,-0.00029224157,0.0008825944
0.11508103058620223,-0.00046294928,0.0008812343
0.11508105199920082,-0.0003824234,0.0008816616
0.11518428016548854,0.00022816658,0.0008817656
0.11521864198943033,0.00091683865,0.0008830549
0.11527668305314309,0.00015842915,0.00088172377
0.11534602839779118,-0.00027406216,0.0008827631
0.11540083568138315,0.0006661415,0.00088112033
0.11543130880357166,0.00068855286,0.0009301847
0.11556102859957162,-0.0008997321,0.00088105194
0.11559379458454266,-0.00013905764,0.00088250526
0.11570926974815876,0.0005829334,0.0008818043
0.1157092698189156,0.0006046295,0.000881489
0.11581249075298894,0.001704812,0.0008821087
0.11584687448224473,0.0006183386,0.0008820112
0.11590488732199478,-0.0014607906,0.0008815061
0.11597425499269276,-0.0009012222,0.0008823026
0.1159868790194587,0.00035429,0.0008819295
0.11602909007899742,0.0008620024,0.00088102976
0.11605950296262657,-1.6212463e-5,0.00093173125
0.11618927457208095,0.00044989586,0.0008803951
0.11622202117985558,-0.0008484721,0.0008815983
0.1163374874972195,0.0005248785,0.0008822174
0.11633750905173168,-8.934736e-5,0.000881956
0.11644070176173948,-3.8266182e-5,0.0008817638
0.1164751069746478,0.00038552284,0.00088169996
0.11653309116949351,0.0014125109,0.00088139856
0.1166024811663442,-0.00028949976,0.0008821364
0.11661507654810299,0.0012347698,0.00088139443
0.11665734489806745,0.00223732,0.00088101515
0.11668769754252006,0.0006980896,0.0009324017
0.11681752054459027,-0.00039184093,0.0008811245
0.11685024777496289,3.2663345e-5,0.0008821686
0.11696570566711895,-0.0016359687,0.0008815211
0.11696574828413642,-0.00040388107,0.00088144693
0.11706891234934269,0.001414895,0.00088176806
0.11710333988830102,0.00013685226,0.000881824
0.11716129543824227,-0.0016483068,0.0008813614
0.11723070734040708,-0.0003658533,0.0008826971
0.11724327449799732,0.00046610832,0.00088138646
0.117285599295476,3.2782555e-5,0.0008810976
0.11731589170157486,0.00041103363,0.0009330891
0.11744576693824682,-0.0015361309,0.0008806327
0.11747847436965875,-0.00033700466,0.0008817263
0.11759392341576824,0.0008407831,0.0008819685
0.11759398751633554,-0.000377357,0.00088160916
0.11769712335809324,-0.00058859587,0.00088106404
0.11773157238080689,-0.00012427568,0.0008817066
0.11778949970709396,-8.4757805e-5,0.0008818478
0.11785893393530866,-6.854534e-6,0.00088236365
0.11787147202705306,0.0013563633,0.00088171416
0.11791385369288454,-0.0008556247,0.00088242587
0.11794408628167419,5.0663948e-5,0.00093383004
0.11807401291096176,-0.000433743,0.0008810647
0.11810670096456033,-0.0023697019,0.00088214624
0.11822214116482899,0.0015971661,0.0008817965
0.11822222632769586,0.00086069107,0.0008817916
0.11832533394579936,0.00022101402,0.00088196405
0.11835980487351849,-0.00049972534,0.0008816107
0.11841770397584284,0.0005053282,0.0008820781
0.11848716010854876,0.00050091743,0.0008824215
0.11849966997694739,0.0003324747,0.00088184234
0.11854210809008747,0.0003708601,0.0008811055
0.11857228086136207,0.0004273653,0.00093478116
0.11870225888347108,0.00028145313,0.0008811562
0.11873492713862321,-0.0013639331,0.00088167045
0.11885035933472854,-0.0009506345,0.0008819965
0.11885046556051193,9.1552734e-5,0.00088207476
0.11895354495485844,-0.00058966875,0.0008815337
0.11898803778758305,0.0005850792,0.00088228437
0.1190459082445916,0.0002669096,0.00088163716
0.11911538628261165,0.0010398626,0.0008838714
0.11912786750559168,-0.0002028346,0.0008812214
0.11917036248780455,0.00018537045,0.00088090607
0.11920047502041686,-0.00067836046,0.00093565916
0.11933050485587748,0.00046801567,0.00088182325
0.11936315373383333,0.0001872778,0.0008815254
0.1194785770830693,-0.00017267466,0.0008821833
0.11947870479271105,-4.5478344e-5,0.0008818572
0.11958175554194739,-0.0009890199,0.0008811413
0.11961627027957478,-6.765127e-5,0.00088211783
0.11967411209198753,0.000749588,0.000882539
0.11974361287792457,-0.00030505657,0.0008822818
0.11975606545589745,-0.00011199713,0.0008811383
0.11979861688552162,-0.00031244755,0.00088146346
0.11982866960051608,-0.00043463707,0.00093674427
0.11995875124984257,7.6293945e-6,0.0008818716
0.11999138032883772,0.0017365217,0.0008823216
0.12010679483202724,0.00095820427,0.0008835622
0.12010694402511579,-0.0012246966,0.0008809381
0.12020996655069793,-0.00077462196,0.0008811668
0.12024450277208065,0.001306653,0.00088205957
0.12030231636094202,0.00036096573,0.0008819655
0.12037183905157611,-0.00017404556,0.00088230614
0.12038426298485028,0.0003914833,0.00088218454
0.12042687128272445,-0.00045496225,0.0008820314
0.12045686375895381,0.00018155575,0.0009380738
0.12058699722235189,-0.00020307302,0.0008818002
0.1206196069237393,-0.0010241866,0.0008817661
0.12073501258108799,0.0006186962,0.00088187994
0.12073518283657902,0.0009384155,0.0008822536
0.12083817713830125,0.0014104843,0.00088134507
0.12087273568604229,-0.00062555075,0.0008815877
0.12093052062989651,-0.00045633316,0.0008813865
0.12100006522522755,-0.00020003319,0.0008823431
0.12101246051359749,-0.00048029423,0.0008813804
0.1210551256801331,-0.0002796054,0.0008816239
0.12108505833925876,-0.0018649101,0.0009380404
0.1212152431947583,8.583069e-5,0.0008810492
0.12124783309759646,-0.0011380315,0.0008816403
0.12136323075098743,-3.5583973e-5,0.00088185293
0.12136342206929229,0.00010418892,0.00088184024
0.12146638772569873,0.0006623268,0.000881841
0.12150096817844536,-0.00030201674,0.0008819485
0.12155872489833686,-0.00072675943,0.00088211766
0.12162829182012913,-0.00014525652,0.00088255445
0.12164065846349181,0.0007276535,0.0008819666
0.12168338007795299,0.0008301735,0.00088189327
0.12171325291935797,-0.00031483173,0.00093923014
0.12184348916716481,-0.00012207031,0.0008813371
0.12187605969260096,0.0002629757,0.0008821819
0.12199144850004817,-0.001442194,0.0008821849
0.12199166130169703,-0.00046658516,0.00088147086
0.12209459873444928,0.00079858303,0.0008815203
0.12212920067095134,-0.00018495321,0.0008818283
0.1221869287459384,8.428097e-5,0.00088207517
0.12225651799419202,1.1444092e-5,0.0008823491
0.12226885599244464,-0.0002914071,0.00088140566
0.12231163447556725,-0.0010208488,0.00088065077
0.12234144707779582,0.00038266182,0.00094145804
0.12247173513957121,-1.6450882e-5,0.00088139286
0.12250428628719401,0.002188325,0.0008821752
0.12261966624869758,-0.0005068779,0.00088239764
0.12261990053389604,0.00040137768,0.00088167563
0.1227228093221554,0.0002975464,0.0008814975
0.12275743358470736,-4.607439e-5,0.00088157994
0.1228151330149958,-9.506941e-5,0.00088209304
0.12288474416784345,0.0002977848,0.00088309543
0.12289705352119185,-0.0003439188,0.0008816735
0.1229398888729758,0.0006645918,0.00088241504
0.12296964165810076,0.00028562546,0.0009420145
0.12309998111238907,0.0002257824,0.00088115927
0.12313251246125678,-0.00094360113,0.000881323
0.12324788399734687,-0.00079363585,0.0008819019
0.12324813934535928,-8.940697e-6,0.0008820208
0.12335102033121448,-0.0009860396,0.0008812462
0.12338566607731605,-0.00023126602,0.0008819705
0.12344333728364176,-0.00091427565,0.00088107254
0.12351297034128927,0.0005854368,0.0008825267
0.12352525147067484,-0.0003052354,0.00088188524
0.12356814327017862,0.0009456873,0.0008812549
0.12359783623819998,-0.00031125546,0.00094178354
0.12372822750604562,-0.00086408854,0.00088170206
0.1237607390564669,0.0014076233,0.0008819982
0.12387610174599628,0.0003489256,0.00088245614
0.12387637857807254,-6.043911e-5,0.0008817478
0.12397923091861207,-0.0015010238,0.0008807283
0.12401389857013057,0.00026476383,0.0008819075
0.12407154155269917,0.0016260147,0.0008817902
0.12414119693639658,1.3113022e-6,0.0008826764
0.12415344899973046,0.00056934357,0.00088145304
0.12419639766758717,1.1444092e-5,0.0008818165
0.12422603081809347,0.0008896589,0.0009435592
0.12435647347845202,-0.00050473213,0.0008812749
0.1243889656514714,-0.00034803152,0.0008817065
0.12450431991589572,-0.0005084872,0.00088162394
0.12450461781027167,0.00038826466,0.00088199385
0.12460744192705397,-0.00044459105,0.00088112016
0.12464213106232791,0.00044035912,0.0008823865
0.12469974540009499,-0.0005803704,0.0008813643
0.12476942311045935,-2.8669834e-5,0.0008823247
0.1247816465287862,0.00023174286,0.00088145287
0.12482465206540716,-0.00043684244,0.0008809672
0.12485422497683984,0.0005670786,0.00094420946
0.12498471945126988,4.6491623e-5,0.000880689
0.12501719182532856,-0.00023853779,0.00088223786
0.12513253766495647,0.0009046793,0.0008829321
0.12513285662142626,0.0015944242,0.0008816037
0.1252356525146573,-0.0017948747,0.0008808649
0.12527036355473098,0.0008504391,0.00088352244
0.12532794966874095,-0.0011191368,0.0008811527
0.1253976492841109,2.5868416e-5,0.0008824006
0.1254098444782692,-0.0005800724,0.0008812055
0.1254529064628157,0.0003556013,0.00088151015
0.12548241955683614,-0.0005722642,0.00094438274
0.12561296542367628,0.0005931854,0.00088145665
0.12564541842033294,0.0008022785,0.00088167284
0.12576075541360587,8.46386e-6,0.00088193954
0.125761095853831,0.0012022257,0.0008818444
0.12586386310246622,0.0014671087,0.0008820392
0.12589859646869261,-0.0014826655,0.00088143966
0.12595615393738702,0.0003350973,0.00088175474
0.12602587545776234,0.0010894537,0.0008824121
0.12603804200732494,0.0009602308,0.0008818994
0.12608116086022425,-0.000395298,0.0008811742
0.12611061413693547,0.001311183,0.00094598305
0.1262412113960827,0.00040578842,0.0008814618
0.12627364501533744,-0.00048714876,0.0008816094
0.12638897316266662,-0.001023829,0.000882853
0.12638933508664718,-0.00038218498,0.0008821249
0.12649207411090824,7.56979e-5,0.0008817201
0.1265268289611986,0.00047647953,0.00088195695
0.12658435778478283,-0.0006098747,0.00088143715
0.12665410205266392,-0.0016664267,0.0008823586
0.12666623953638056,-5.298853e-5,0.00088218733
0.1267094152576328,-0.00027871132,0.0008813302
0.12673880871693188,-0.0005630255,0.00094666076
0.1268694573684892,0.000116705894,0.00088078
0.12690187118898888,-0.00084733963,0.0008817881
0.12701719091152164,-0.0003337264,0.0008819161
0.1270175738980075,0.00071692467,0.00088167517
0.12712028469851144,-0.000104010105,0.00088114553
0.12715506145360167,-0.00084644556,0.0008816671
0.12721256205384024,-0.00020432472,0.0008819347
0.1272823282267268,0.0012618303,0.0008828279
0.127294437486275,-0.0002207756,0.0008810571
0.1273376696554528,-6.198883e-5,0.00088086975
0.1273670032971339,0.0014665127,0.00094756216
0.12749770334068988,-0.0006546378,0.00088134606
0.12753009778389046,0.00024056435,0.0008816423
0.12764540865996532,-0.00026637316,0.0008821819
0.1276458131302065,-0.00010895729,0.00088178186
0.12774849528632037,0.00042939186,0.00088111364
0.12778329394600474,-0.00066000223,0.00088195654
0.1278407663224862,0.00070917606,0.00088296604
0.12791055440037824,-0.00095933676,0.00088208064
0.1279226350151249,0.00035512447,0.0008818215
0.12796592363202264,0.00015699863,0.0008812958
0.12799519787743885,0.00095152855,0.0009497492
0.128125949313302,0.0003387928,0.00088065176
0.12815832395785043,0.00017786026,0.00088224834
0.12827362640861473,-0.00072962046,0.000881871
0.1282740519413612,2.8967857e-5,0.00088238623
0.1283767062949681,-2.5749207e-5,0.00088122196
0.12841152643871623,-0.00081050396,0.00088302704
0.12846897016988212,0.00018298626,0.0008815118
0.12853878057382406,-8.445978e-5,0.0008829201
0.12855083254387212,0.0011059046,0.0008816959
0.12859417802901973,-0.0008664131,0.000880631
0.12862339203577378,-0.00028723478,0.00095054007
0.12875419528611987,0.00013911724,0.00088105164
0.12878655055285493,0.00042903423,0.00088198873
0.12890184415767547,0.00062155724,0.0008822535
0.12890229117417729,4.529953e-5,0.0008813695
0.12900491688277704,0.0019458532,0.00088187197
0.12903975935267797,0.00084877014,0.0008819049
0.12909717443893942,7.6293945e-6,0.0008815389
0.12916700674778403,0.0011026859,0.0008833212
0.12917903007261922,-0.00015515089,0.0008812563
0.12922243242642828,-0.00060230494,0.00088089186
0.1292515866159759,-0.0010275245,0.0009502821
0.12938244125852638,0.001073122,0.0008810804
0.12941477672650636,-0.0003695488,0.0008818922
0.1295300623275749,-0.0002747178,0.00088178075
0.12953053040658213,0.00013709068,0.0008814575
0.12963312747017464,0.00051248074,0.00088143
0.12966799184487532,-8.0525875e-5,0.000881776
0.12972537870758538,-0.0003631711,0.0008812862
0.12979523334299414,-0.0009769797,0.00088228175
0.12980722802251365,8.46386e-6,0.0008813265
0.12985068682424827,-0.0014337897,0.0008811696
0.12987978119628074,-0.00069892406,0.00095196953
0.1300106872309328,-0.00093209743,0.00088112813
0.13004300332171648,0.0007867813,0.00088225247
0.13015828007622432,0.00013577938,0.0008818892
0.13015876921773673,0.0006377697,0.0008820385
0.13026133847882226,-7.098913e-5,0.000881409
0.1302962243372784,0.0005391836,0.00088205904
0.13035358255539264,-0.00019669533,0.0008813528
0.1304234595166457,0.0005418062,0.00088255
0.13043542555146648,-0.000793159,0.00088108995
0.13047894122165682,-0.00064766407,0.00088113395
0.130507975775763,0.00037240982,0.0009529353
0.1306389332034421,-0.00036376715,0.0008810044
0.13067122949547083,0.0005862713,0.00088202127
0.13078649782528506,0.0010800362,0.0008817685
0.13078700845014146,0.0005027056,0.00088270404
0.13088954906621986,0.00023627281,0.00088150165
0.1309244568300929,-0.0004324317,0.00088153884
0.13098178682434725,-0.0002283454,0.0008817665
0.13105168569070857,1.1444092e-5,0.000882491
0.1310636230804193,0.0010560751,0.00088168465
0.13110719561906536,-0.0011070371,0.0008810334
0.13113617035606795,0.00011444092,0.000954466
0.13126717917615705,2.360344e-5,0.0008809772
0.1312994560903724,0.0004222393,0.00088222005
0.13141471557414008,-0.0008724928,0.0008815828
0.1314152472617075,-0.00031536818,0.000881159
0.13151775965361745,0.000672102,0.0008822104
0.13155268932249597,0.0006862879,0.00088284235
0.13160999067143453,0.0011450052,0.0008817548
0.13167991186436,0.00061535835,0.0008829188
0.13169182060885787,-0.0008172989,0.000881872
0.13173544959532668,0.0013667345,0.0008819928
0.13176436493637278,7.522106e-5,0.00095493597
0.13189542514856345,-0.00022476912,0.0008813276
0.13192768226433238,-6.657839e-5,0.0008816967
0.1320429333228923,0.00062167645,0.0008825221
0.1320434864945237,0.0015366077,0.0008819276
0.13214597024142638,0.001062274,0.0008819294
0.13218092181489904,0.00017952919,0.00088184595
0.1322381949400805,-0.0005056858,0.0008823511
0.13230813803801145,0.0003976822,0.00088258716
0.13232001855906084,-0.00026381016,0.00088164833
0.13236370399283803,0.0009379387,0.0008814119
0.13239255951585505,0.00056135654,0.00095607294
0.13252367112076424,-0.00019943714,0.00088106154
0.13255590885933688,-0.0013664961,0.0008817169
0.13267115107123317,0.00090682507,0.0008827224
0.13267172572651698,-0.00095897913,0.0008818622
0.132774181250074,-0.00010091066,0.0008816365
0.132809154307302,-0.00031977892,0.00088225096
0.1328663992091379,0.0008279085,0.00088133925
0.132936364211663,-0.0005759597,0.00088270596
0.13294821608801366,0.00077855587,0.0008828169
0.1329919583904523,-0.00038939714,0.0008815683
0.13302075409585146,-0.0005533695,0.00095739745
0.13315191709347918,0.0007675886,0.0008811579
0.13318413503298832,-0.0005978942,0.00088196533
0.13329936882029392,-0.0006118417,0.00088231626
0.13329996453767168,-0.00013554096,0.0008816442
0.13340239183788294,0.0006520748,0.00088185584
0.13343738722136655,0.00032126904,0.0008818468
0.13349460305694516,0.00030863285,0.0008826064
0.13356459038541724,0.00017952919,0.0008823157
0.13357641361645223,-8.106232e-5,0.00088137924
0.13362021278786085,0.00020861626,0.00088105677
0.13364894867605348,0.0002888441,0.00095917436
0.13378016306619422,0.0005067587,0.00088108884
0.1338123616278899,-0.00024604797,0.0008816434
0.13392758656925174,0.0009044409,0.00088189065
0.13392820377048775,-0.0012153983,0.0008815767
0.13403060242548626,0.00064992905,0.0008814348
0.13406561971397535,-0.00027787685,0.00088207703
0.13412280732559112,0.00015413761,0.00088206225
0.13419281655937731,0.00053453445,0.0008824867
0.13420461114530224,-9.88245e-5,0.0008813942
0.13424846676412217,-0.0005199313,0.0008814758
0.13427714325635842,-1.40070915e-5,0.0009601127
0.13440840903860063,0.001059413,0.0008813471
0.13444058780184986,-0.00068080425,0.0008821698
0.13455580431759262,0.00026583672,0.0008831041
0.13455644258164245,4.36306e-5,0.0008819495
0.13465881301267812,-0.0025066137,0.00088075537
0.13475101117298705,-0.0011476874,0.0008814542
0.1348210431542789,0.00040626526,0.0008827212
0.13483280867435787,-0.00022858381,0.0008814377
0.13487672116163363,0.0005993843,0.0008815702
0.13490533783625203,-6.645918e-5,0.0009611008
0.13503665501110995,0.0026632547,0.00088144926
0.13506881397580994,0.00063705444,0.0008831518
0.13518402206665336,0.000608325,0.00088237843
0.1351846818140472,-0.0011251569,0.0008814714
0.13528702402132575,0.00026881695,0.0008819246
0.13532208469857576,7.987022e-6,0.0008815386
0.13537921544194154,-0.0002206564,0.0008810276
0.13544926932803325,0.00027501583,0.000882507
0.1354610066240466,3.8981438e-5,0.0008819328
0.13550497555904217,0.0009533167,0.00088222855
0.13553353241614552,-0.00038474798,0.00096245494
0.13566490098361916,0.0011168718,0.0008819198
0.1356970405705058,0.00038981438,0.00088217703
0.13581223981550838,-0.0010618567,0.000881507
0.1358129206253047,-0.00034230947,0.0008814133
0.13591523460913468,0.001224041,0.00088183646
0.13595031719139028,-0.0010535717,0.0008811326
0.13600741928944027,0.00019681454,0.0008821035
0.13607749550199322,-0.0002785921,0.0008828953
0.1360892041528966,0.0007058382,0.0008820492
0.1361332295355091,0.001403451,0.0008815619
0.13616172699645046,-0.0005737543,0.0009627335
0.1362931469562314,0.0010032654,0.0008813059
0.13632526674415735,-0.0010409951,0.00088199455
0.1364404575642606,0.00010550022,0.0008823474
0.13644115985801797,0.00046098232,0.0008813942
0.13654344519653228,-0.0018552542,0.00088180165
0.13657854968379335,-0.0002413392,0.00088203285
0.1366356235576749,0.0002759695,0.0008818864
0.13670572167564465,0.0012943745,0.0008832186
0.13671740168195223,-0.00028282404,0.0008827986
0.13676148393302057,-0.000213027,0.0008809259
0.13678992157634406,-0.00021511316,0.0009648358
0.13692139292874062,-0.00041246414,0.0008818671
0.13695349291822012,8.46386e-6,0.00088222587
0.1370686753130128,0.001226306,0.0008819532
0.137069398669584,0.0009354353,0.0008823896
0.13717165578392987,-0.00043010712,0.00088136084
0.1372067821761963,-0.0009198785,0.0008816657
0.13726382740548215,-0.0011883974,0.00088136096
0.1373339478492962,-0.0003618002,0.0008832178
0.13734559921059653,-0.00042128563,0.0008817798
0.1373897383304291,0.0003387928,0.000881018
0.13741811657789904,-0.00024199486,0.00096619065
0.1375496389008386,-0.00055754185,0.0008810565
0.1375817195131217,-0.00036621094,0.000882186
0.13769689306166222,0.00032532215,0.00088205433
0.13769763790168021,-0.00095295906,0.00088173285
0.1377998663717388,0.0004953146,0.00088195404
0.13783501466859938,0.00063431263,0.00088259624
0.13789203167453945,8.46386e-6,0.00088145264
0.13796217402305044,-0.0016943812,0.0008823585
0.13797379673924082,-0.00054198503,0.00088183116
0.1380179923065875,0.0003311634,0.00088049495
0.13804631115799826,-0.00024038553,0.0009668484
0.138177884873245,4.1246414e-5,0.00088165974
0.13820994568677325,-0.00083738565,0.0008825242
0.13832511081062004,-0.0002604723,0.0008815919
0.13832587671293772,-0.00035363436,0.0008812138
0.13842807738069507,0.0010384321,0.00088269415
0.1384632471614139,0.00032687187,0.00088228204
0.13852023552152393,-0.0005081296,0.00088156667
0.1385904001968048,-0.00083208084,0.00088236906
0.13860199426798803,-0.00060117245,0.00088126044
0.13864624670399606,1.5258789e-5,0.00088095263
0.13867450573768614,0.00036013126,0.00096837064
0.13880613084606286,0.0009496212,0.00088157726
0.13883817186083602,0.00056135654,0.00088280207
0.13895332855937226,-0.0007993579,0.0008819096
0.13895411594554818,-0.0004811883,0.0008812046
0.13905628796819547,-0.0003889203,0.00088110316
0.1390914796542283,-0.0005738735,0.00088200916
0.13914843979058134,0.00076401234,0.0008816
0.13921862637066196,-0.0010050535,0.0008827153
0.13923019179694085,0.00052297115,0.00088153465
0.13927450110181605,0.00053560734,0.00088082
0.13930270031788827,0.0014154911,0.0009697207
0.1394343768187778,-0.0004861951,0.00088083
0.13946639845594333,-0.00020492077,0.00088208326
0.13958154588677152,-2.783537e-5,0.0008827299
0.13958235475670278,-0.00032752752,0.0008815486
0.1396844985551816,-0.0004917979,0.0008813188
0.13971971214622003,-0.00053954124,0.0008818503
0.1397766436383886,-0.00031590462,0.000882195
0.1398468525444163,0.0007675886,0.00088325073
0.13985838974683518,-0.00034153461,0.0008812262
0.13990275507797445,-0.00027441978,0.0008824781
0.1399308948980903,0.00032293797,0.0009707719
0.14006262279128712,-0.00065511465,0.000881174
0.14009462462959488,-0.0008084774,0.00088219007
0.14020976363572946,0.00089895725,0.00088239845
0.14021059356796028,-0.0001142025,0.000881485
0.14031270914299054,-3.4093857e-5,0.00088146044
0.1403479446386231,0.00026464462,0.0008820508
0.14040484790703456,0.00063991547,0.0008813809
0.14047507871817067,-0.00087463856,0.0008826154
0.14048658727589092,-0.0004028678,0.0008814319
0.14053100947507446,0.00034689903,0.00088094553
0.14055908989902832,0.0008351803,0.00097274786
0.14069086834203204,0.00044834614,0.00088153826
0.1407228508030406,0.0005197525,0.000882297
0.14083798138448167,0.0014668703,0.0008836681
0.14083883280046794,-0.00031131506,0.0008819524
0.14094091973079947,-0.00082588196,0.00088234065
0.1409761771314375,-0.00021904707,0.0008816784
0.1410330517546361,-0.0005966425,0.00088164135
0.14110330489202783,-0.0014660358,0.0008822983
0.14111478480484374,0.00050365925,0.00088167767
0.1411592634515415,0.00051903725,0.0008809779
0.14118728447892182,0.0007597208,0.00097404065
0.1413191143148499,-0.00059998035,0.00088101457
0.14135107697710347,0.0002850294,0.00088210264
0.14146619913313097,-0.00025558472,0.0008821828
0.14146707161182825,-0.00015723705,0.0008815821
0.14156913031778573,-0.001065135,0.0008809504
0.14160440962384058,0.00016486645,0.0008833658
0.14166125602338497,0.00011694431,0.0008811878
0.14173153106578207,0.0007097721,0.00088235876
0.1417429823331795,0.0011541843,0.00088149065
0.1417875178493614,7.6293945e-6,0.00088097004
0.14181547905922676,-0.0005480647,0.0009758858
0.14194736028766763,-0.00084239244,0.00088105426
0.14197930357221078,-3.629923e-5,0.00088171224
0.1420944168820889,-0.001491487,0.00088118797
0.14209531084464433,0.00014734268,0.00088150374
0.14219734090559466,0.00092697144,0.00088219263
0.14223264211624365,-0.00038069487,0.00088204665
0.1422894598708837,0.0009742975,0.0008820662
0.14235975723953642,-0.0002567768,0.0008830373
0.14237117986223513,0.00039613247,0.0008813308
0.1424157718255199,0.00065886974,0.0008811392
0.14244367363912036,-0.00023758411,0.00097593106
0.1425756062596627,0.00044620037,0.0008819465
0.1426075297456565,0.0009777546,0.00088135136
0.14272263463084112,-0.0006828904,0.0008814351
0.1427235496555933,0.00019967556,0.00088331144
0.14282555191455082,0.00044178963,0.0008815844
0.14286087460874952,0.0002014637,0.00088226184
0.14291766413952967,-0.00090682507,0.0008818533
0.14298798341318797,-0.00017499924,0.0008826028
0.14299937739118795,0.0011894703,0.00088219706
0.14304402622292844,-0.0011620522,0.0008811925
0.143071868640264,0.000818491,0.000978009
0.14320385223217202,-0.0008881092,0.00088070944
0.14323575591971938,4.887581e-5,0.000882089
0.14335085237949052,-0.00047069788,0.00088167045
0.14335178888799804,0.000115036964,0.0008815545
0.14345376250205133,1.3113022e-6,0.00088212837
0.14348910710146112,-0.0005362034,0.0008819553
0.1435458679869256,-0.0013020039,0.00088183297
0.1436162095868394,0.00081157684,0.00088363455
0.14362757491952372,0.00015246868,0.0008822193
0.14367228062013127,-0.001453042,0.0008819131
0.14370006322056894,-0.001128912,0.000979367
0.14383209778363693,0.0001090765,0.0008806344
0.14386398209357654,-7.2956085e-5,0.0008826025
0.14397907012834554,0.00030732155,0.000882058
0.14398002769946128,-0.0011294484,0.00088142056
0.14408197308965454,-0.0005634427,0.00088130526
0.14411733959427553,-0.00027698278,0.00088189665
0.14417407183473285,0.00093889236,0.0008815422
0.14424443576079937,-0.00040531158,0.00088238367
0.144255772448168,0.0014435053,0.0008816034
0.1443005345965983,-0.00022649765,0.00088180904
0.1443282582219183,0.00022315979,0.000980794
0.14446034375645478,-0.0012397766,0.0008813792
0.1444922082673309,0.0007464886,0.0008821467
0.1446072874558476,0.0006707907,0.0008815454
0.14460826651071879,0.0008069277,0.0008825647
0.14471018367715494,0.0009573698,0.0008822698
0.14474557208626726,0.00015461445,0.000882117
0.1448022761033788,-0.0005623102,0.00088229007
0.14487266193455373,0.00019800663,0.00088246685
0.14488396997722364,-0.0005646348,0.0008816547
0.14492878857306524,-0.0005468726,0.00088102435
0.1449564528018118,0.0003310442,0.0009827367
0.14508858972886118,0.0007224083,0.000881435
0.14512043444108524,-0.0006481409,0.00088134076
0.14523550520459982,-5.507469e-5,0.00088216225
0.14523650574312352,0.0004876852,0.0008816024
0.14533839426465534,-0.00066769123,0.00088152237
0.14537380457877314,-0.000893116,0.00088163937
0.14543047995108327,0.00039350986,0.00088174024
0.1455008881084109,0.00023961067,0.0008835122
0.14551216750586793,0.0006662607,0.00088123494
0.14555704297026817,2.3126602e-5,0.000881356
0.1455846473818082,-0.0012233853,0.0009835968
0.14571683570095906,-1.21593475e-5,0.0008811793
0.14574866103598683,-4.7922134e-5,0.00088181417
0.14586372295324923,-3.027916e-5,0.00088252843
0.14586474455427823,0.00024998188,0.0008821502
0.14596660485205293,-0.0005193949,0.00088110013
0.14600203707148474,0.0008453131,0.0008823315
0.14605868379878761,0.00024950504,0.00088113407
0.14612911428247377,0.0003014803,0.00088320766
0.14614036503451222,-0.0009993911,0.00088105095
0.14618529694642657,-0.0010334849,0.0008813885
0.1462128423832605,8.46386e-6,0.0009860689
0.1463450816736741,-0.0006777644,0.000881453
0.146376887209844,0.0006662607,0.00088213256
0.14649194070220717,-0.00039982796,0.00088256784
0.14649298336574135,-0.00064224005,0.0008812537
0.14659481543945052,-0.00045466423,0.0008806814
0.14663026914263777,5.9247017e-5,0.00088184176
0.14668688806722796,0.00010418892,0.00088280305
0.1467573404559196,-0.0004646182,0.00088258274
0.14676856256356796,0.00019216537,0.0008815982
0.14681355134414364,0.00018060207,0.00088102615
0.14684103696315398,-0.0018453002,0.0009869125
0.1469733272252418,0.0007145405,0.0008814714
0.14700511338359823,0.00083100796,0.0008821845
0.147120158451165,-0.00044763088,0.00088146696
0.14712122259845462,0.0006933212,0.0008823473
0.14722302602725945,-0.00043958426,0.00088222214
0.14725850163514365,0.0007827282,0.0008818341
0.1473150919148295,-0.00051659346,0.0008812029
0.14738556662957103,-6.055832e-5,0.00088317326
0.14739676009252078,-0.000207901,0.0008816967
0.14744180532061069,0.0010054111,0.0008812072
0.14746923196470907,0.00015747547,0.0009887499
0.14760157319733969,-0.00068223476,0.0008821205
0.14763333955694125,-0.00033849478,0.0008811849
0.14774837577835864,-0.0013247728,0.00088145066
0.1477494614094036,0.00088107586,0.00088196545
0.14785123661465704,0.0006095171,0.000881009
0.14788673412764952,0.00017368793,0.00088234455
0.1479432961838869,-0.00021070242,0.0008811801
0.148013792803531,0.0002733469,0.00088221056
0.14802495762126788,0.0006098747,0.00088259915
0.14807005971801923,-0.0012190342,0.00088142353
0.148097426545014,-0.00023633242,0.0009899033
0.148229819169849,0.00036144257,0.00088113605
0.14826156573100413,0.00036883354,0.0008832488
0.14837659352731647,0.00043821335,0.0008819974
0.1483777002205583,-0.0012210011,0.000881884
0.14847944720226025,-9.36985e-5,0.0008814865
0.14851496662025832,0.00058960915,0.00088271545
0.148571500031077,0.00021612644,0.00088162965
0.1486420185560352,-0.0007741451,0.0008822327
0.14865315514991218,-0.00014644861,0.00088174455
0.14869831369397202,-0.00085932016,0.00088167866
0.1487256215457462,-0.0014401078,0.000991829
0.14885806472100538,0.0004194975,0.00088230975
0.1488897919049641,7.033348e-5,0.00088239927
0.1490048112762744,-0.00018447638,0.0008820132
0.14900593945337437,0.000477314,0.0008821097
0.14910765779006918,-0.00010704994,0.00088117766
0.14914319911307272,-0.00038266182,0.00088165235
0.14919970387847292,0.0009649992,0.0008816581
0.14927024472968675,0.0011171103,0.00088246
0.149281352678865,-0.0010259151,0.0008811664
0.14932656767054187,0.00080025196,0.0008810988
0.1493538161257426,0.00013077259,0.0009935733
0.14948631069372031,8.3088875e-5,0.00088143616
0.14951801807871845,-0.0011227727,0.0008816313
0.1496330290247181,-3.8027763e-5,0.00088221417
0.14963417826452907,0.00023031235,0.00088192034
0.14973586837726116,8.070469e-5,0.0008810034
0.14977143160527007,0.0010864735,0.0008823128
0.14982790772617738,0.00034737587,0.0008821103
0.1498984709033382,-0.00045961142,0.0008832114
0.1499095502076122,-0.0007598996,0.00088174816
0.14995482206815602,0.00067448616,0.0008811618
0.1499820111271949,0.0020259619,0.0009950016
0.15011455666643525,0.00046432018,0.0008813474
0.1501462442525756,-0.00096064806,0.00088185485
0.15026124635211735,0.0010735989,0.0008819395
0.15026241707568366,0.0004618168,0.0008814507
0.15036407896465864,1.5616417e-5,0.0008810392
0.15039966409767314,-0.0005454421,0.00088174234
0.15045611199513187,0.00024831295,0.00088118325
0.15052669707729827,-0.0002475977,0.00088263623
0.1505377477362565,0.0012491941,0.0008815644
0.1505830760441088,0.00080919266,0.00088129734
0.15061020570708838,8.46386e-6,0.0009962481
0.1507428022173859,-0.00051647425,0.00088164525
0.15077447042632985,-0.000161767,0.00088209566
0.15088946410107518,-0.00094789267,0.00088171236
0.15089065588683837,0.0010120869,0.00088228926
0.15099228955236477,-0.0008519888,0.0008818104
0.15102789616903178,-0.001652956,0.0008817823
0.15108431584252768,-0.001252532,0.0008819463
0.15115492325125823,-0.00026792288,0.00088269945
0.15116594526520932,0.001786232,0.000882531
0.15121133002026732,-0.00026905537,0.0008806034
0.15123840070823202,0.000824213,0.0009985653
0.1513710481897924,0.00035238266,0.00088237174
0.1514026966000842,0.00030100346,0.00088239514
0.15151768185003311,0.0023726225,0.00088218553
0.1515188951192431,0.00034296513,0.0008812572
0.15162050013986517,0.0007312298,0.00088142214
0.15165612866153777,1.3232231e-5,0.0008816305
0.15171251969002642,0.00023651123,0.0008815694
0.15178314942470406,-0.00069236755,0.00088290195
0.15179414279395642,0.00062179565,0.0008815991
0.15183958441767587,0.0005071163,0.0008812567
0.1518665957097871,0.00022149086,0.0009997748
0.15199929416250735,0.00061380863,0.00088164175
0.15203092277373575,-0.001270473,0.000881585
0.15214589917743238,6.330013e-5,0.0008817902
0.15214713393080914,0.0020332336,0.00088153017
0.15224871072726276,0.00092315674,0.00088182965
0.15228436115404365,8.928776e-5,0.0008816581
0.15234072395898102,-0.00057041645,0.0008816311
0.1524113755983555,-0.00011509657,0.0008823187
0.1524223403226007,-5.51939e-5,0.00088171463
0.1524678383942457,-0.0019105673,0.0008814398
0.1524947902896806,0.0007044077,0.001002638
0.15262753971376652,0.0016605854,0.00088119967
0.1526591489473872,-0.0004043579,0.00088250707
0.1527741169261846,-0.0005605817,0.00088298135
0.15277537274196373,0.00022625923,0.0008822405
0.15287692131496888,-0.0002579093,0.00088132976
0.15291259364644672,0.0002937317,0.0008818033
0.15296892780637683,0.0002425909,0.00088141876
0.15303960135116823,0.0005352497,0.0008829735
0.15305053743020058,0.0003015995,0.0008826043
0.15309609237071264,-0.0012350082,0.00088064244
0.15312298529082435,0.00011622906,0.0010041243
0.15325578568617293,-0.0018038154,0.00088101864
0.15328737512134716,0.0005584955,0.0008821153
0.15340233467514253,-0.0007221103,0.00088163745
0.15340361155311844,-0.0008665323,0.0008814314
0.153505131902675,0.0016130209,0.00088242133
0.15354082613915832,-0.0001436472,0.00088170194
0.15359713165377276,0.00033080578,0.0008826093
0.15366782752481978,0.0006477833,0.0008828859
0.1536787349589478,0.00061810017,0.00088154036
0.15372434676781266,-0.00030761957,0.000881339
0.15375118029237933,-0.00047153234,0.0010051003
0.15388403165857945,-0.00017541647,0.00088165014
0.1539156012951015,0.0002951622,0.0008823003
0.1540305520025418,8.46386e-6,0.0008819149
0.15403185078552317,-0.0008391142,0.00088298036
0.1541333424900725,7.83205e-5,0.00088221644
0.15416905821061977,-0.001373589,0.0008812543
0.15422533550158002,-0.00032669306,0.00088201516
0.1542960536984712,0.0006299019,0.000882445
0.1543069324876949,-0.00051242113,0.0008816649
0.15435260074397117,-0.0003169775,0.00088053016
0.15437937487268427,0.00012671947,0.0010069547
0.15451227721014715,-0.00070387125,0.0008812363
0.15454382746895867,-7.3730946e-5,0.00088196597
0.15465876975098547,0.00083839893,0.00088252284
0.15466008959678068,-0.0002501607,0.0008814337
0.15476155307726447,0.0001103878,0.0008817836
0.15479729070281711,0.00086045265,0.00088232575
0.15485353977022598,0.0002822876,0.00088178297
0.15492427987212265,0.00028443336,0.0008824301
0.1549351300165449,-0.00013685226,0.0008813053
0.1549808547205409,0.00011074543,0.000881533
0.1550075698738279,0.00097191334,0.0010092237
0.15514052318275928,0.0007690191,0.0008818307
0.15517205364302156,0.00032651424,0.0008827125
0.1552869874999433,0.0011731386,0.00088245416
0.1552883284082438,-0.00046414137,0.00088105147
0.15538976366497048,0.0010203123,0.0008820908
0.15542552319522018,0.0015751123,0.0008822008
0.1554817436176219,-0.00052565336,0.000881693
0.15555250604618553,-0.0010136366,0.0008823965
0.155563327545292,-0.0002937317,0.00088124943
0.15560910869669942,0.00050807,0.00088117877
0.15563576487497155,0.00017881393,0.0010105625
0.15576876873370993,-0.00070375204,0.00088083005
0.15580027981646738,-0.0015742183,0.00088212156
0.1559152048276511,-0.0007107258,0.0008815788
0.1559165672193985,-0.0002117753,0.0008813876
0.15601797383142657,0.00030732155,0.0008812499
0.1560537556880347,0.00014400482,0.00088167575
0.15610994746542906,-0.0014207959,0.00088153104
0.1561807322200427,-7.867813e-6,0.00088232104
0.1561915250740391,-0.0015106201,0.0008810922
0.15623736309410796,-3.2782555e-6,0.00088061247
0.15626395987652664,-0.00081533194,0.0010129219
0.15639701470611633,-0.00017929077,0.0008814872
0.15642850556886867,0.00014150143,0.0008824051
0.1565434225763005,0.00040996075,0.0008823844
0.1565448060305531,-0.0003170967,0.0008817456
0.15664618441861844,-0.00037431717,0.00088149065
0.15668198818043777,0.00062918663,0.0008815267
0.15673815131282498,-0.0008723736,0.00088138826
0.15680895797223837,-0.0008753538,0.0008827866
0.15681972260288912,-8.606911e-5,0.000882271
0.15686561707026647,0.00017082691,0.0008811837
0.15689215445642013,0.000104665756,0.0010143473
0.15702526067852285,0.00018882751,0.0008805082
0.15705673174282875,0.0006271601,0.0008814093
0.1571716399041111,0.0004762411,0.00088227954
0.15717304526336928,6.9737434e-5,0.00088154565
0.15727439500632445,-0.0010098219,0.0008805536
0.1573102202515907,-0.0010201335,0.0008820692
0.1573663551602209,-4.7326088e-5,0.00088186807
0.15743718414588992,0.00013625622,0.0008826998
0.15744792013194475,-0.0005071163,0.0008814329
0.15749387104652768,0.0004965067,0.0008808822
0.1575203494578724,-0.00046116114,0.0010160321
0.1576535062296791,-0.00071567297,0.00088047876
0.157684957916583,3.1471252e-5,0.0008819538
0.1577998576527605,-0.0002515316,0.00088204426
0.15780128407452387,-0.0002747774,0.0008816105
0.15790260559403058,-0.00017160177,0.00088195794
0.15793845274399376,0.00064349174,0.0008819238
0.1579945594292782,0.00025820732,0.0008820784
0.1580654103199527,0.00013804436,0.00088291
0.158076117239339,0.0008867979,0.00088208524
0.15812212502299472,0.00077295303,0.00088191853
0.15828175220249696,-0.0007402897,0.00088084396
0.15831318409023454,-0.0009919405,0.00088144484
0.1584280754014099,0.000947237,0.00088228955
0.15842952288567858,-0.0006405115,0.00088122627
0.15853081618142817,0.00030517578,0.0008816679
0.15856668523680817,-0.0010837317,0.00088155083
0.15862276327667413,-0.00030732155,0.00088167674
0.15869363649360424,-0.00022488832,0.00088247645
0.15870431476777758,0.00043725967,0.0008815815
0.15875037899915312,0.00022256374,0.000880762
0.15890999775365333,-0.00029945374,0.0008815155
0.15894141026388597,0.00059998035,0.00088230363
0.15905629272891197,0.0020251274,0.0008830332
0.15905776169693608,0.0010946989,0.0008821352
0.1591590267692371,0.0009394884,0.0008817122
0.15919491730816682,0.0011351109,0.00088237
0.15925096712406994,0.0003644228,0.000881844
0.15932186224600553,0.00041496754,0.0008833058
0.1593325122967304,-0.0008419156,0.00088090607
0.15937863297541444,-0.0006286502,0.00088063517
0.15953824372605974,0.00018417835,0.0008810923
0.15956963643784605,-5.6028366e-5,0.0008825632
0.1596845104776642,-0.000397861,0.0008823734
0.1596860005081936,-0.0007840395,0.0008815684
0.1597872373566347,-0.0015403032,0.0008802051
0.15982314980036416,-0.00029820204,0.0008824924
0.15987917097146587,-0.00011175871,0.0008810696
0.15996070982568322,7.081032e-5,0.0008812058
0.1600068873729259,0.0007688999,0.00088098185
0.16016648927762744,0.0005288124,0.00088129804
0.16019786219055587,0.000395298,0.0008824879
0.16031272780526917,-0.00031125546,0.00088178273
0.1603142393195539,-4.6789646e-5,0.0008816858
0.16041544752278214,-0.0019018054,0.00088123744
0.16045138229276723,-0.0002619028,0.0008815126
0.16050737481927313,-0.0005927086,0.0008810036
0.1605783145940285,-4.6491623e-6,0.00088247645
0.16058890735432751,0.00084888935,0.00088182196
0.1606351413490843,0.0003091097,0.00088130735
0.16079473525003396,0.00045144558,0.00088128954
0.1608260883640017,0.0006700754,0.0008824778
0.16094094555402128,-0.0008571744,0.0008815868
0.16094247813081142,0.001383543,0.0008820651
0.16104365811017973,-0.0003361702,0.00088102964
0.1610796143643316,0.0005635023,0.00088292593
0.1611355786670804,-0.0011326075,0.00088229426
0.16120654076778274,0.00022447109,0.00088287867
0.1612171044621331,-0.00043302774,0.00088118383
0.16126339532555134,-0.00020372868,0.00088093855
0.16142298080119022,1.1444092e-5,0.00088080176
0.16145431453796166,-0.0006849766,0.00088233576
0.16156916288172907,2.8848648e-5,0.00088171
0.16157071694206881,-0.00015825033,0.0008819036
0.16167186869768013,0.00023436546,0.0008817574
0.16170784685673467,0.00030243397,0.0008823856
0.16176378293531501,0.0007838011,0.0008816836
0.1618347665197728,0.00024735928,0.00088303926
0.1618453019907774,-0.00016188622,0.00088113855
0.16189164930181255,0.00030589104,0.00088171876
0.16205122677359673,-0.0008851886,0.0008812092
0.16208254071192174,8.547306e-5,0.00088141527
0.1621973806307898,0.00033473969,0.0008822342
0.16219895617467928,-0.0006172657,0.00088176626
0.16230007928538626,-6.93202e-5,0.0008816633
0.16233607934913774,0.00016987324,0.0008821522
0.16239198678312228,0.00062453747,0.0008819473
0.16246299269383557,0.00024557114,0.00088277383
0.1624734995194217,0.0005527735,0.0008824716
0.16251990327797106,-0.0003286004,0.0008812334
0.1626794723248559,-0.00027441978,0.0008814252
0.16271076646411742,0.0011711121,0.0008820823
0.16282559795777773,8.08239e-5,0.0008821887
0.16282719498583398,3.7312508e-5,0.00088134
0.16292828987278385,-0.00014007092,0.0008815841
0.16296431142029066,-0.00023436546,0.0008822025
0.16302019063092954,-0.0003684163,0.0008818879
0.16309121886779565,-0.0004236102,0.0008831128
0.16310169704847732,0.0005443096,0.00088189286
0.16314815725412946,-2.2172928e-5,0.0008808882
0.16333899263776885,0.00095272064,0.00088217884
0.16345381570652995,-1.1920929e-5,0.0008822318
0.1634554337970915,-2.4020672e-5,0.00088124507
0.16355650003934263,0.0012469292,0.0008817164
0.16359254391310518,-0.00027036667,0.0008818464
0.16364839447791402,0.00034296513,0.0008818345
0.16371944461988852,9.775162e-6,0.00088311796
0.16372989415587158,0.0002105236,0.0008821531
0.16377641123028797,-0.0004890561,0.0008810956
0.16393596384872722,0.0005668402,0.0008816248
0.16396721881183174,0.0007134676,0.00088259287
0.16408203303423774,-0.00078356266,0.0008815347
0.16408367260834889,-0.0003736019,0.00088240526
0.16418471062715156,0.0013978481,0.000881757
0.16422077640581667,-0.00038415194,0.0008815249
0.16427659832572128,0.0007414818,0.0008816046
0.16435809168451587,0.00037264824,0.00088229525
0.16439777925229004,-0.0002810359,-2.9703971e-5
0.16440466520685781,1.1444092e-5,0.0008811311
0.16456420982123654,0.00039720535,0.00088126014
0.16459544456443875,0.0014381409,0.0008827217
0.16471025078288715,0.0003361702,0.00088179234
0.1647118858962312,-0.00020945072,-2.9703971e-5
0.16481292121413782,0.00032901764,0.0008816464
0.16484900847666117,-0.0009421706,0.0008810814
0.16490480217352854,-5.6266785e-5,0.0008819775
0.16497589696760284,0.0008158684,0.0008838296
0.16498628921316016,-0.00062942505,0.00088162685
0.16502599254017236,-0.00011187792,-2.9703971e-5
0.1650329191830162,0.0004361868,0.0008811604
0.16519245537270133,0.00043189526,0.0008816663
0.1652236707380903,-0.00034081936,0.00088206027
0.16533846811038921,4.5776367e-5,0.0008822338
0.1653400991841134,-1.4364719e-5,-2.9703971e-5
0.16544113180163822,0.0013594627,0.0008819114
0.16547724096906424,0.00095391273,0.00088232575
0.16553300602092436,0.0009838343,0.0008820742
0.16560412272041558,0.0004812479,0.0008823312
0.16561448674190726,-0.00027656555,0.0008815163
0.16565420582805457,0.00010895729,-2.9703971e-5
0.1656611731588662,0.00026214123,0.0008809478
0.1658207009238577,0.00040829182,0.00088185014
0.16585189691184465,-0.000710845,0.00088197924
0.16596668585914143,-0.00039047003,0.0008816635
0.16596831247199573,0.0002065897,-2.9703971e-5
0.1660693419680942,-0.0003787279,0.0008814766
0.16610547346187865,-0.0014322996,0.0008816732
0.16616120986832028,0.0010583401,0.0008813414
0.16623234889406702,-0.000108242035,0.00088250503
0.16624268384960994,-0.00025731325,0.00088183925
0.16628241911593689,0.00027811527,-2.9703971e-5
0.16628942713533312,0.00066041946,0.0008810902
0.16644894689636702,0.001087904,0.00088186807
0.16648012266455448,0.0004930496,0.0008817302
0.1665949031867464,0.00088846684,0.0008824112
0.16659652575987793,0.00035834312,-2.9703971e-5
0.1666975525554918,0.0010890961,0.0008816533
0.16673370553303157,0.0006197691,0.0008830552
0.1667894137157161,-0.00033533573,0.0008826025
0.16686057506730712,1.1444092e-5,0.0008824928
0.16687088137825423,0.00045382977,0.0008811822
0.16691768111190297,-2.3543835e-5,0.00088130287
0.1670771924476262,-0.0007185936,0.00088119745
0.16710834883820602,-0.0003118515,0.00088225724
0.167223120514557,-0.0007804036,0.00088157674
0.16732576314288938,-0.0007393956,0.0008802224
0.16736193802543464,0.00012588501,0.00088167493
0.16741761756352336,8.46386e-6,0.0008828974
0.16748880082011985,-0.00012916327,0.00088260823
0.16749907890730997,0.0010187626,0.0008816946
0.16754593508806137,8.702278e-6,0.0008813596
0.16770543841962127,-0.00016385317,0.0008809491
0.1677365745904017,-8.177757e-5,0.0008826232
0.1678513382630007,-0.0001437664,0.00088185834
0.16795397330944817,0.0014667511,0.00088189746
0.16799017009699901,0.00011777878,0.000881959
0.16804582141091928,-0.00057703257,0.00088169344
0.16811702699418274,-0.00020641088,0.00088265666
0.16812727601501265,0.0009868145,0.00088270655
0.16817418906421988,-0.00036597252,0.00088109757
0.16833368397118897,7.903576e-5,0.00088199927
0.16836480076446458,-0.0010038614,0.0008821821
0.16847955559060568,-0.0008434057,0.0008820988
0.1685821838972571,0.0012936592,0.0008816659
0.16861840258981342,-0.0010936856,0.00088198826
0.1686740252583152,8.46386e-6,0.000881364
0.1687452527461727,-0.00044065714,0.00088233856
0.1687554735433484,-0.0004579425,0.0008811514
0.16880244304017267,-0.0009754896,0.00088075123
0.16896192952275668,-0.00035345554,0.00088076707
0.16899302693832174,0.0012060404,0.0008825114
0.16910777333966642,0.00065875053,0.00088234793
0.16910958309840884,0.0011428595,0.00088101556
0.1692103944846547,-0.00038462877,0.0008813667
0.16924663466096646,1.7762184e-5,0.00088186114
0.16930222910612236,-0.0005248189,0.0008814724
0.16937347891992705,-0.0007879734,0.00088247185
0.16938367107240415,0.00015234947,0.0008812415
0.1694306970165368,0.0006631613,0.0008812125
0.1695901754951631,0.0006483793,0.0008812147
0.16962125269082595,-0.00089102983,0.00088174106
0.16973599066675715,0.00026786327,0.00088179816
0.16973782190956355,-0.00037407875,0.0008806901
0.16983860507174375,-0.0002552271,0.0008822503
0.16987486715295808,-0.00062805414,0.00088198954
0.16993043295351828,-0.00068581104,0.0008814455
0.17000170509388712,0.0021685362,0.0008834029
0.17001186818010683,-0.0012757182,0.0008820841
0.17005895099310664,0.00051403046,0.00088164816
0.17021842104631946,0.0003899336,0.00088125473
0.1702494788645802,-0.00055521727,0.0008818953
0.17036420799425922,8.6307526e-5,0.00088171125
0.1703660607211296,0.0021147728,0.0008813857
0.17046681523819973,-7.468462e-5,0.00088120415
0.17050309964577248,-0.00087058544,0.00088133314
0.17055863680122274,-0.00044310093,0.00088227575
0.17062993084669986,0.00093722343,0.00088321185
0.17064006570885393,-0.00019550323,0.0008819023
0.17068720496905931,0.0009100437,0.0008810998
0.17084666659747583,0.0011481047,0.00088141224
0.1708777046169816,-0.0004236102,0.0008815593
0.17099242574311424,0.00085651875,0.000881983
0.17099429953228418,0.0017962456,0.0008811671
0.17109502582600866,-0.0005378127,0.0008813316
0.17113133171733685,-0.0007536411,0.000881596
0.17118684064892709,0.0005532503,0.00088219374
0.1712581570203513,0.00027120113,0.0008831582
0.17126826323770394,8.6426735e-5,0.0008817107
0.17131545852396768,-0.0005142689,0.0008812508
0.17147491257029357,-0.00014132261,0.00088169146
0.17150593079094167,-0.00017547607,0.000883375
0.17162064307092495,-0.0005660057,0.00088239426
0.17162253834343888,0.0009018183,0.00088126096
0.17172323599184758,0.00052809715,0.0008815694
0.17175956420932859,-5.5491924e-5,0.00088198856
0.1718150444961173,0.00014710426,0.0008812874
0.17188638277254698,0.0003451109,0.00088287034
0.171896460345201,-0.00044739246,0.0008809509
0.17194371250043472,-0.00041908026,0.00088089384
0.17210315812144994,-0.0012718439,0.0008817804
0.17213415654344588,-0.00026786327,0.00088202616
0.1722488603983242,-0.00021070242,0.0008824098
0.17225077715500492,0.00067043304,0.0008811418
0.1723514465795537,-0.00012999773,0.0008826958
0.17238779628058432,7.9751015e-5,0.00088169693
0.1724432483435132,0.0011649132,0.0008817986
0.17251460894640414,-0.0015838146,0.0008818223
0.1725246578739481,-0.00025510788,0.00088114204
0.17257196647690165,-0.00043731928,0.0008811524
0.17273140367229778,-2.7239323e-5,0.0008812908
0.17276238271709732,-7.748604e-6,0.00088228955
0.1728770781469735,0.00044178963,0.00088360783
0.1728790159661595,0.0019801855,0.0008817759
0.17297965716736263,-0.00035470724,0.00088100915
0.17301602877329592,-0.00064742565,0.0008822213
0.17307145219132047,9.381771e-5,0.0008812328
0.17314283512046702,-0.00044173002,0.00088309526
0.17315285498134236,-0.0004950166,0.0008813316
0.17335964922376268,-0.00065767765,0.00088081055
0.17339060846970433,-0.000775218,0.0008815696
0.17350529547478422,0.00023663044,0.00088190846
0.1735072547773142,-0.00014930964,0.0008813356
0.17360786733351008,0.00041639805,0.00088190613
0.1736442608448603,-0.0005324483,0.0008822242
0.1736996560387163,0.0010749102,0.00088208116
0.1737710608726627,9.88245e-5,0.00088229886
0.17378105250998666,8.46386e-6,0.000882082
0.17382847442901284,-0.0005348921,0.000881196
0.17398789519658042,-0.00043094158,0.0008814594
0.1740188346434587,-5.2273273e-5,0.0008814812
0.17413351280218348,-0.00096827745,0.00088229834
0.17413549316721877,0.0008212328,0.0008817567
0.17423607792090767,0.0006740093,0.0008821053
0.17427249333726336,9.262562e-5,0.0008823047
0.1743278598861122,-0.0006311536,0.0008819833
0.17439928704651986,-0.0005864501,0.00088292407
0.17440925003893948,0.00086307526,0.00088179985
0.17445672798422973,-0.0004157424,0.00088138686
0.1746161407477368,-0.00087314844,0.00088113546
0.1746470603959629,0.0006724596,0.0008820528
0.17476173055062716,0.0004005432,0.000882754
0.17486428850830527,-0.00019842386,0.0008810934
0.17490072540821067,0.00041985512,0.0008822862
0.17495606373381656,-0.00037187338,0.00088195864
0.1750275127993326,0.0014129877,0.0008824803
0.17503744714643643,-0.00071418285,0.000881083
0.17508498196069677,-0.00082707405,0.0008809992
0.17524438629889316,4.7683716e-7,0.0008814835
0.17527528614857002,0.000346303,0.00088202546
0.17538994787823203,0.00043964386,0.0008820019
0.1753919707899394,-0.00036513805,0.00088193716
0.17549249867486405,-0.0002976656,0.0008811693
0.17552895747956931,-3.5762787e-7,0.0008820145
0.17558426758152101,-0.0009086728,0.0008818212
0.17565573897298414,0.00030255318,0.0008828713
0.17566564467508072,0.00086164474,0.0008816376
0.17571323593664956,-0.00049847364,0.00088130997
0.17587263227129957,0.0011062622,0.00088176056
0.17590351232232426,0.0007828474,0.0008820358
0.17601816520604274,0.0017858744,0.00088250317
0.176020209601094,0.0010553598,0.00088156015
0.17612070926226164,-0.001316607,0.0008818679
0.17615718997238372,-0.00041514635,0.0008816956
0.17621247142891694,-0.0005643964,0.0008815886
0.17628396472538543,-0.00018912554,0.0008831517
0.1762938417827835,8.46386e-6,0.0008814383
0.17634148991280796,0.00011968613,0.0008808128
0.17650087782286727,0.0007648468,0.00088155695
0.17653173807482847,-0.00024455786,0.00088255893
0.176646382533442,-0.0007184744,0.0008819708
0.1766484484122487,0.00053060055,0.0008815323
0.1767489194284091,-0.00087863207,0.0008808386
0.1767854220432281,0.00061261654,0.0008823858
0.17684067527641567,-0.00033801794,0.00088164466
0.17691219089903698,0.0018296242,0.0008835749
0.1769220393115306,-7.790327e-5,0.0008815336
0.17696974388896647,1.2516975e-5,0.00088111043
0.17712912337402364,-1.680851e-5,0.0008816957
0.17715996424868574,-0.0003541708,0.00088188896
0.17727460028250264,-0.00028389692,0.00088180153
0.17727668722340328,0.00072979927,0.0008815372
0.17737713001621802,-0.0018383265,0.00088114146
0.177413654535734,0.00021517277,0.0008820899
0.17746887912412002,0.0004503727,0.00088199775
0.17754041665184972,-0.00049453974,0.00088261376
0.17755023641913048,0.0017716885,0.0008830542
0.17759799744428617,-0.001014471,0.0008811282
0.1777573689249743,0.0007060766,0.0008815428
0.17778819000108703,0.0003271103,0.000882031
0.1779028176099019,-0.00050359964,0.00088192924
0.1779049260346608,-0.0004606247,0.00088143925
0.17800534018236558,0.0010399818,0.0008812754
0.17804188660709264,0.00053822994,0.0008829001
0.17809708297151594,-1.2993813e-5,0.00088159094
0.17816864282550116,-0.0013575554,0.0008824005
0.17817843394818622,-0.0006311536,0.00088113477
0.1782262514207531,0.00044560432,0.00088104245
0.17838561447613066,0.0007984638,0.0008818618
0.17841641575359124,-0.000982523,0.00088122144
0.17853103493730116,0.0010581017,0.00088193244
0.17853316442487388,-0.00079131126,0.0008818624
0.1786335507701745,0.0014725924,0.00088293076
0.17867011909990715,0.0003786087,0.0008821406
0.178725286397456,0.00041806698,0.00088182336
0.17879686857769683,0.00038826466,0.00088284333
0.17880663105537464,-0.0009624958,0.0008809765
0.17885450539660308,0.0006554127,0.00088295306
0.1790138604488456,4.1246414e-5,0.00088145165
0.1790446419273456,0.00026929379,0.00088214077
0.17915925226470042,0.001385808,0.000881682
0.17916140323602858,0.00015449524,0.00088175724
0.17926176093652768,0.00078582764,0.0008824658
0.17929835117106008,0.00023674965,0.00088210317
0.17935349024516045,0.0012921095,0.0008825925
0.1794250947516569,8.165836e-5,0.00088273943
0.17943482858401893,-0.0001552701,0.00088189467
0.17948275895151145,0.00021028519,0.0008814935
0.1796421060003105,0.00073468685,0.0008815928
0.17967286767995272,0.0014789104,0.0008824371
0.1797874695922026,-0.0005336404,0.0008822007
0.17978964204697756,-0.00021487474,0.0008816327
0.17988997152371955,0.00054717064,0.00088181795
0.1799265832420074,0.0003581047,0.00088186905
0.1799816940928648,5.7697296e-5,0.0008816102
0.18005332050436673,-0.00063169,0.0008833203
0.1800630256916188,0.00026476383,0.0008829875
0.18011101292808118,-0.00040358305,0.00088109507
0.18027035155146687,0.0006326437,0.0008813278
0.18030109343276546,0.0007904768,0.0008820458
0.18041568734116042,0.00057423115,0.0008820823
0.18041788085844068,-8.827448e-5,0.0008815329
0.180518181689867,0.00030219555,0.00088127184
0.180554815734719,-0.00034242868,0.0008819059
0.18060989794026072,0.00085151196,0.0008820317
0.18068154625676813,-0.0007018447,0.0008827201
0.18069122322067455,0.001029253,0.00088142924
0.1807392669042397,0.00020265579,0.0008810563
0.1808985971024175,-0.0013394356,0.00088100083
0.18092931918496113,-0.0008985996,0.0008817944
0.18104390466855969,0.00069606304,0.0008825533
0.18104611966990392,0.00031971931,0.00088141294
0.18114639227767593,-0.000574708,0.00088097824
0.18118304780618044,-0.00024843216,0.0008816103
0.18123810178806798,0.0009036064,0.000881934
0.18130977243041968,0.0015386343,0.0008828027
0.1813194203280687,0.00024485588,0.00088176015
0.18136752045914806,-7.7843666e-5,0.00088102685
0.1815268426538823,-0.00064116716,0.00088134577
0.18155754535861257,0.0005302429,0.0008818817
0.1816721219963704,-0.00020128489,0.0008820171
0.18167435805980836,1.1444092e-5,0.00088231807
0.18177460244382337,-0.00044202805,0.00088179664
0.1818112802983778,-6.300211e-5,0.0008819432
0.1818663056354638,0.0003002882,0.000882193
0.1819379981829239,0.00094795227,0.00088244275
0.18194761785671298,-0.00052565336,0.0008813065
0.18199577443530646,-0.0001399517,0.0008818137
0.1821550882053472,-0.0004709959,0.0008819154
0.1821857711113225,0.0002219677,0.00088184763
0.182300339324181,0.00046944618,0.0008822152
0.18230259687106587,-0.0014286637,0.000882034
0.18240281303122097,-0.00013512373,0.0008814769
0.18243951236953082,0.00074636936,0.0008820782
0.18249450906160958,-0.00059223175,0.00088124175
0.18256622435688385,-6.9737434e-6,0.00088348304
0.18257581496451858,8.46386e-6,0.00088092766
0.18262402841156777,0.0001885891,0.0008813656
0.18278333375629785,-5.6743622e-5,0.0008813788
0.1828139968638267,0.0023874044,0.00088206585
0.18292855665116892,0.00039100647,0.000882265
0.18293083568232338,-0.00023645163,0.0008813822
0.18303102319777975,0.00031471252,0.0008815244
0.18306774444099227,-0.0001283288,0.0008817493
0.18312271290941684,-0.0006915927,0.0008814175
0.18319445010928526,-4.0233135e-5,0.000883014
0.18320401249316287,-0.00062304735,0.0008814953
0.18325228196678467,0.0005404949,0.00088133366
0.18341157972870425,0.00021755695,0.00088150153
0.1834422226162281,0.000213027,0.0008819066
0.18355677397856818,-0.0014349222,0.0008816048
0.1835590744936837,0.0011312962,0.0008820898
0.18365923378538307,0.00043404102,0.00088188914
0.18369597693370388,0.00042128563,0.0008819392
0.18375091675681277,-0.00096178055,0.00088095944
0.18382267628273108,-0.0003425479,0.0008828514
0.18383220960055702,-6.735325e-6,0.0008819874
0.18388053594294307,-0.0002593398,0.0008810705
0.18403982528027207,-0.00029945374,0.0008824648
0.18407044879018808,0.001120925,0.00088240334
0.18418499172762892,-0.00061029196,0.0008824132
0.1841873133049412,-0.00038152933,0.0008814686
0.18428744395163332,6.604195e-5,0.0008819489
0.1843242090048568,-0.0006363392,0.00088219484
0.18437912060420858,-7.015467e-5,0.0008817558
0.18445090203554382,0.00014269352,0.0008835163
0.18446040712961276,0.00044488907,0.0008820521
0.18450878949795424,0.0013673306,0.0008812664
0.18466807083163406,0.0017529726,0.0008829126
0.184698674542898,-0.0016207099,0.0008823347
0.18481320905502818,0.00037634373,0.0008821145
0.18481555169453723,-0.0014714003,0.00088131934
0.18491565453872238,0.001674056,0.0008823846
0.1849524410758041,0.00014269352,0.0008826602
0.1850073244517073,0.00072324276,0.00088173
0.18507912778815083,-0.0008428693,0.00088307296
0.1850886042370069,0.0004492998,0.0008816659
0.18513704347421556,-0.0002797246,0.0008809341
0.18529631638289323,-0.00045633316,0.0008815684
0.1853269002952994,-0.00021499395,0.0008833095
0.18544142638242744,-0.0003347993,0.00088213495
0.18554386470528128,0.0008944273,0.0008819307
0.18558067356861851,5.3286552e-5,0.000882118
0.18563552787816162,-0.00055104494,0.00088165054
0.18570735396190519,0.00021779537,0.00088258757
0.18571680134419544,0.0001142025,0.0008814091
0.18576529702912392,0.0004042387,0.0008811531
0.18592456193374107,-0.0005980134,0.00088135304
0.1859551260474951,-0.0015764832,0.0008815664
0.18606964371023804,8.46386e-6,0.0008826992
0.1860720293175665,-0.0006533861,0.000882186
0.18617207487173726,0.00088477135,0.0008816645
0.18620890563997716,-0.0005989671,0.0008821687
0.18626373172596888,0.00019037724,0.0008829268
0.18633557971461512,-0.00032955408,0.00088212924
0.18634499887314826,0.001055479,0.000881885
0.18639355100548805,0.0011413097,0.00088182156
0.18655280748530878,0.00047659874,0.0008820464
0.1865833518002049,0.00032246113,0.00088245235
0.18669786103804864,0.000618577,0.0008829089
0.18670026770757386,5.221367e-5,0.00088182633
0.18680028545882632,-2.0623207e-5,0.0008812878
0.18683713771092447,-0.0005389452,0.0008823343
0.18689193557295336,-0.0016511679,0.0008811066
0.1869638054670164,-0.0015613437,0.00088273745
0.18697319598085094,0.0012258291,0.00088209193
0.18702180456049922,0.0006353855,0.00088197266
0.18718105303667076,0.00011086464,0.00088118314
0.18721157755291484,-0.00052934885,0.0008822794
0.1873260783654479,-0.0011082292,0.0008824767
0.18732850651872845,-0.00013160706,0.00088137074
0.1874284956253851,0.00023019314,0.0008819723
0.1874653697820774,-0.00030702353,0.00088217226
0.18752013942076062,0.000248909,0.0008818672
0.18759203164066796,-0.00178653,0.0008825903
0.18760139350949523,0.00013709068,0.0008819536
0.18765005853676053,1.1444092e-5,0.0008815145
0.1878092985876214,-0.00037544966,0.0008809588
0.18783980372636067,0.0008189678,0.00088273373
0.18795429569243582,3.528595e-5,0.0008821093
0.18795674532988316,-0.00029218197,0.0008820342
0.18805670621298842,0.00080013275,0.000882782
0.1880936022748918,0.0018311739,0.0008824442
0.18814834284731785,-0.00067162514,0.0008817155
0.18822025739317216,1.1444092e-5,0.00088438013
0.18822959061730082,-0.00052297115,0.0008808823
0.1882783120916689,-0.0009587407,0.0008812987
0.18843754413877778,-0.00030481815,0.00088175765
0.18846802947876207,-0.00044381618,0.0008818794
0.18858251302024642,-0.0003182888,0.0008828329
0.18858498372009624,0.00018060207,0.00088158523
0.18868491637923868,0.0013035536,0.0008820222
0.18872183434625045,0.00032937527,0.00088164443
0.18877654669430233,-0.0012709498,0.0008813636
0.18884848314567637,-0.0011969805,0.0008825443
0.18885778772469497,-0.0011638999,0.0008813316
0.1889065660678274,-0.00076556206,0.00088114507
0.18906578968993415,0.0003796816,0.00088122877
0.1890962552315748,0.00094616413,0.00088254065
0.18921073034805713,-0.00032413006,0.00088163826
0.18921322253135375,0.00101614,0.000882095
0.18931312654548904,-2.8967857e-5,0.0008822078
0.1893500664175063,-0.0010566711,0.00088222185
0.18940475054180106,0.000106573105,0.0008822141
0.18947670931953353,-0.0002439022,0.00088332366
0.18948598525333926,-2.425909e-5,0.00088150956
0.1895348196231471,0.001242876,0.0008816317
0.18969403524150186,-0.00083237886,0.0008810483
0.18972448098418182,-0.0005978942,0.0008822788
0.18983894767504494,-0.0007469058,0.0008817464
0.189841461342097,0.00024306774,0.0008809322
0.18994133713288652,-0.00034487247,0.0008809424
0.18997829848835068,-0.00010615587,0.00088190305
0.19003295396825537,0.0012066364,0.00088191807
0.19010493507203774,-0.00023913383,0.0008827474
0.19011418236114486,-0.00040131807,0.0008811134
0.1901630735993055,0.00042057037,0.0008812356
0.19032228079306956,-0.00034713745,0.0008811259
0.19035270673658322,-0.0007163882,0.000882438
0.19046716500285565,-0.0005388856,0.0008826432
0.1904696997324129,1.1444092e-5,0.0008813702
0.1905695472993426,0.00064635277,0.00088150945
0.1906065309811652,0.0005569458,0.00088190276
0.19066115781606263,0.00042140484,0.0008818005
0.19073316082454195,-0.0004761815,0.0008831891
0.190742379468539,-0.00070792437,0.0008814762
0.19079132715380254,0.00020122528,0.00088091585
0.1909505263438145,0.00021803379,0.0008812697
0.19098093248908743,0.0004911423,0.00088216615
0.19109538233066625,-0.0002875924,0.000882256
0.19109793854397894,0.0016512871,0.0008817631
0.19119775746559287,0.0013397932,0.00088211714
0.19123476305262666,-0.00048559904,0.00088275084
0.19128936166345845,0.0003824234,0.00088231557
0.1913613869983991,0.00026774406,0.00088293385
0.1913705769971833,-0.0010611415,0.0008813537
0.19141958113037238,-0.00041866302,0.000880864
0.19157877189497086,-0.00047558546,0.00088101975
0.19160915824179736,-0.000472188,0.0008823779
0.1917235996580655,-3.3140182e-5,0.00088191876
0.19182596805299046,-0.0006480217,0.000881323
0.19186299512347105,-0.0013118386,0.0008818944
0.19191756508960423,5.531311e-5,0.0008812427
0.19198961275090332,0.00028383732,0.000882898
0.1919987741049889,0.0008174181,0.0008817845
0.1920478346856921,0.0012149811,0.00088158174
0.19220701744653856,-0.0006287694,0.00088134245
0.19223738399419876,-3.7014484e-5,0.00088218483
0.19235181698546477,0.00071549416,0.00088208925
0.1923544157450381,0.00044810772,0.00088223215
0.19245417821944644,-0.00020724535,0.0008814158
0.19249122719462408,-0.0006902814,0.0008817619
0.1925457689374115,-0.0004749894,0.00088158593
0.19261783850340752,0.00057661533,0.0008833581
0.19262697121269157,-0.00022786856,0.000882222
0.19267608824060045,-0.000187397,0.0008810294
0.19283526299769493,-0.00027257204,0.00088138663
0.19286560974639444,-0.0009416342,0.0008819119
0.19298003431286403,-0.0003297925,0.0008823885
0.1929826545561928,0.00028467178,0.0008817665
0.1930823883856967,-0.0010911822,0.00088112324
0.19311945926618834,0.0004734993,0.0008822788
0.1931739727848074,0.0014979839,0.00088216574
0.19324606425580892,1.1444092e-5,0.0008827865
0.19325516874143878,0.000852108,0.0008814582
0.19330434221675885,-9.9003315e-5,0.00088145415
0.1934635085488512,0.0013502836,0.0008824136
0.19349383549920718,0.0006303787,0.0008823187
0.19360825164067463,-0.00045841932,0.0008819241
0.19361089336775883,-0.00077843666,0.00088161114
0.1937105989733,-0.000656724,0.0008806396
0.19374769175900286,0.0002387762,0.00088195706
0.1938021762109532,-0.0003324747,0.0008828759
0.19387429042946036,0.0009953976,0.00088305265
0.19388336584842158,9.1552734e-5,0.00088169787
0.19393259577166722,-0.0009444952,0.00088090444
0.19409175410011037,1.1444092e-5,0.00088102405
0.1941220612518142,-0.00012779236,0.0008824401
0.1942364689680739,0.00049865246,0.0008820412
0.19423913175766327,-0.0002591014,0.0008814569
0.1943388091398588,-0.0008252859,0.0008815914
0.19437592383015578,0.0003439188,0.0008819814
0.19443038005876045,-0.00041860342,0.00088125106
0.1945025161821703,1.1444092e-5,0.00088244915
0.19451156295622718,-7.665157e-5,0.0008816173
0.19456084932698692,-6.41942e-5,0.0008814074
0.19471999965157527,0.001978159,0.00088237785
0.1947502870043184,-3.8146973e-6,0.0008821807
0.19486468629547316,0.000918746,0.0008822344
0.19486737056850945,0.00036513805,0.00088184344
0.19496701930569782,-0.00032895803,0.00088228873
0.19500415590089737,-0.00062114,0.00088203733
0.19505858390615627,0.000477314,0.0008814398
0.1951307419346745,0.00014472008,0.0008822793
0.19513976048518,0.0004811287,0.00088157866
0.19518910330314543,0.0014842749,0.0008816378
0.19534824520314298,-0.00054985285,0.0008813038
0.19537851275702833,-0.000782609,0.0008832939
0.19549290362328386,-7.236004e-5,0.0008826766
0.19549560895872253,-0.0011042953,0.00088116474
0.19559522947194807,-0.0016199946,0.00088122924
0.19563238797246174,-0.0008305311,0.00088342064
0.19568678733230205,0.0003466606,0.00088161655
0.1957589676870759,-0.0011892319,0.0008828452
0.19576795759226562,-6.622076e-5,0.0008820703
0.19581735685784807,0.00014150143,0.00088174036
0.19597649033274067,0.0009138584,0.0008819255
0.19600673850942973,8.46386e-6,0.00088247226
0.19612112095068313,0.00046491623,0.0008824758
0.19612384777028857,0.0012022257,0.00088167866
0.1962234400595514,0.0008690357,0.0008819921
0.196260620044026,0.00041222572,0.0008821579
0.1963149911801093,-0.0009122491,0.0008833029
0.19638719386103587,-0.00039881468,0.000883117
0.1963961547000712,0.00038838387,0.00088162115
0.19644561041275643,-0.0010988116,0.0008808743
0.19660473588399985,0.00068950653,0.00088137324
0.19663496426193394,7.915497e-5,0.000882602
0.1967493382780824,0.0001963377,0.00088181184
0.19675208616019313,0.00011074543,0.00088119315
0.19685165022580164,-1.1622906e-5,0.0008823386
0.1968888521147676,0.00037407875,0.0008828343
0.1969431946062551,8.714199e-5,0.00088115345
0.19701541961354008,0.0009139776,0.00088371936
0.1970243518077739,0.00094270706,0.00088165863
0.19707386438912056,-0.00026792288,0.0008809073
0.19723298143536194,0.00012457371,0.00088177086
0.19726319001443815,-0.0008136034,0.00088194484
0.19737755518464284,0.000906229,0.0008820209
0.19738032497134772,-0.00034707785,0.000881524
0.1974798603920519,-0.000256598,0.00088116736
0.19751708460727346,-0.00011974573,0.00088191614
0.19757139845365101,0.0012197495,0.0008821243
0.19764364536594148,0.0013054609,0.0008829387
0.197652549336521,8.85725e-5,0.00088198297
0.19770211794444026,0.00089633465,0.00088132895
0.1978612269865182,-7.170439e-5,0.00088106835
0.1978914153455894,0.0002799034,0.0008819985
0.1980057725120421,0.00041162968,0.00088193815
0.19800856336125228,-0.0001578927,0.0008816424
0.19810807055840507,0.0005557537,0.00088194193
0.19814531667873503,0.0006008148,0.00088216935
0.19819960188020813,0.00013184547,0.0008815085
0.19827187111834288,0.00035715103,0.0008826979
0.19828074644412097,6.198883e-5,0.0008827247
0.19833037149934862,-0.0010088682,0.00088035397
0.1984894725377775,-0.001701355,0.0008810125
0.19851964109819642,0.00012671947,0.0008821335
0.19863398983944136,8.46386e-6,0.0008820934
0.19863680217281832,-0.00020456314,0.0008822552
0.198736281146214,-0.0007509589,0.0008821775
0.1987735487502993,0.0020828247,0.0008836058
0.19882780572760406,-0.00074613094,0.00088150724
0.19890009687074428,-0.0010030866,0.0008821495
0.19890894355161792,-0.0011792183,0.0008815711
0.19895862505405126,0.0009108782,0.0008819497
0.19911771808903667,-0.0012958646,0.00088101026
0.19914786685070063,-0.00035393238,0.0008817073
0.19926220716725207,-0.00087815523,0.00088184327
0.19926504056272287,0.0010114908,0.0008813375
0.19936449131236156,0.0009864569,0.0008817001
0.19940178082145232,0.0008841753,0.0008824395
0.19945600957499987,0.0008933544,0.0008823143
0.19952832304480705,0.000844717,0.0008828833
0.199537140659115,0.0005711317,0.00088282157
0.1995868790305182,-0.00039982796,0.00088076
0.19974596364019293,-1.847744e-5,0.00088093773
0.19977609260320495,-8.815527e-5,0.00088176795
0.19989042449465133,-0.00077682734,0.0008818829
0.19989327937367185,-0.00048804283,0.0008816932
0.19999270147830328,-0.00043463707,0.00088150747
0.20003001289229672,0.0004850626,0.00088228023
0.200084213001557,-0.0004171133,0.0008820453
0.20015654879720846,-1.1146069e-5,0.000884334
0.20016533776650913,0.00047302246,0.00088148937
0.2002151325857351,-0.0004917383,0.0008812419
0.20037420877040768,0.00095939636,0.0008811696
0.20040431835581196,0.00021123886,0.00088207284
0.2005186418220506,0.00041913986,0.00088162976
0.20052151776378202,-0.00014340878,0.00088150904
0.20062091164465645,0.00035214424,0.0008818383
0.20065824496375817,0.00054335594,0.00088236487
0.20071241684915864,-0.0013549924,0.0008810838
0.2007847745499184,-0.00090420246,0.00088281627
0.20079353529515342,-0.00033652782,0.00088163983
0.20084338614043773,0.0007354021,0.00088074245
0.20100245432166686,0.0005069971,0.0008822998
0.20103254410831617,-8.070469e-5,0.0008819182
0.2011468587281997,0.00047671795,0.0008832576
0.20114975657534806,0.0003285408,0.00088162965
0.20124912181121524,-0.00023716688,0.0008814575
0.20128647703532254,-0.000972569,0.00088197814
0.20134062027530442,-0.0005027056,0.00088172255
0.20141300030262832,0.00020885468,0.0008835453
0.2014217324028562,0.0005337,0.0008817249
0.2014716396953461,0.0013463497,0.00088143715
0.20163069987282323,0.0010709763,0.000882014
0.20166076943957034,-0.00016385317,0.0008817639
0.2017750760560103,-4.0233135e-5,0.00088174513
0.20177799496525262,0.0015809536,0.00088187977
0.20187733197715707,0.00090277195,0.0008810584
0.20191470910616693,9.715557e-5,0.0008820333
0.20196882412249462,0.00025892258,0.00088145444
0.202041226054824,-0.0005750656,0.00088286115
0.20204992951035328,-0.0001052022,0.00088162546
0.20209989325025446,0.0015912056,0.000881728
0.2022589454239796,0.00019824505,0.000881453
0.20228899519217736,-0.0006952882,0.0008823842
0.2024032933836153,-0.0004338026,0.0008818175
0.2024062337764072,-0.0007235408,0.00088173966
0.20250554256476028,-0.00052660704,0.00088122365
0.20254294117742278,-0.0012845993,0.00088135916
0.20259702754905173,-0.00016015768,0.0008812469
0.2026694518072254,0.0006467104,0.00088284124
0.20267812661795315,0.00064229965,0.00088241114
0.20272814680557416,0.00038135052,0.00088208175
0.20288719097513597,5.6147575e-5,0.0008812891
0.20291722094468156,0.00054085255,0.0008822617
0.20303151071080883,0.00044846535,0.0008820849
0.20303447216641468,0.00041651726,0.0008815242
0.20313375273131917,-0.00071388483,0.0008823428
0.20317117324878142,0.00046908855,0.00088196463
0.20322523139665327,0.00048351288,0.0008815908
0.20329767798128817,0.0011333227,0.00088265975
0.20330632372575863,0.0004351139,0.00088136
0.20335640078193828,-0.0011044741,0.00088077283
0.20351543610545353,-0.0019912124,0.00088181556
0.20354544669718577,0.00064349174,0.0008820944
0.20365972803861954,-0.00060743093,0.0008818084
0.2036627109778778,-0.0003170967,0.0008816008
0.20376196289746662,0.00017595291,0.00088140497
0.2037994053203458,-0.00032430887,0.00088212057
0.20385343482259333,0.0005186796,0.0008812763
0.20392590373368957,-0.000977099,0.00088238675
0.20393452083294716,-0.00040078163,0.00088182755
0.20398465433664104,-8.761883e-5,0.000881196
0.2041436816566099,-0.0009860396,0.00088211184
0.20417367202833703,0.0002516508,0.00088231196
0.20428794494497438,-0.0006599426,0.00088176545
0.20429094936778236,0.00038278103,0.0008815012
0.20439017306361407,0.0012427568,0.0008817474
0.20442763739149872,-0.0005044937,0.00088232395
0.2044816386704006,0.0002630949,0.00088145083
0.20455412948609097,0.00028979778,0.00088384544
0.20456271794054703,-0.00036633015,0.000881647
0.2046129078915493,-0.00088614225,0.0008810924
0.20477192720776627,5.9604645e-5,0.00088114117
0.20480189778094415,0.00035440922,0.0008821943
0.2049161622721679,-0.00094372034,0.0008821878
0.20491918817873134,-0.00016486645,0.00088168634
0.20501838322986443,-0.00034832954,0.00088121014
0.20505586946244603,0.0009890795,0.00088219537
0.2051098420967521,0.00019824505,0.00088175246
0.20518235523849238,-0.00080120564,0.00088278536
0.20519091546960266,0.00041472912,0.0008813045
0.2052411614468691,-0.0001655817,0.0008811093
0.20540017233808383,0.00050377846,0.0008813459
0.2054301235337569,0.001380682,0.0008824098
0.20554437959956717,0.0005592108,0.00088207633
0.2055474265686359,7.426739e-5,0.00088188535
0.2056465933963204,0.00097358227,0.0008820295
0.20568410153390748,0.0005698204,0.0008822798
0.20573804552300068,0.0011856556,0.0008818913
0.20581058099130511,1.1444092e-5,0.00088269415
0.2058191125767912,0.0002373457,0.0008815837
0.20586941500177736,0.0011160374,0.0008818814
0.2060284178892402,0.0007684231,0.00088111096
0.20605834886470242,-0.00024122,0.0008820202
0.20617259692737777,6.7949295e-6,0.0008820898
0.2061756649589518,0.00064849854,0.0008811944
0.20627480356246786,-0.00077170134,0.00088212447
0.20631233360536894,-0.000238657,0.000881831
0.20636624937070513,-0.0011005998,0.00088183925
0.20643880674391213,-9.214878e-5,0.00088295236
0.20644730968439107,-0.00044471025,0.0008819462
0.20649766855668572,0.000111579895,0.00088124844
0.20665666344039646,0.0016276836,0.000881929
0.20668657461730955,0.00047278404,0.0008818744
0.20680081383383553,0.00082075596,0.00088190904
0.2068039037703121,-0.0005982518,0.0008824554
0.2069030137286153,0.0007340908,0.0008812191
0.20694056567631625,0.00029301643,0.0008820746
0.20699445279685091,-0.000236094,0.00088250835
0.2070670324961078,-0.0005186796,0.0008827625
0.20707550679219666,-0.0018575788,0.00088105764
0.20712592211159409,0.00016200542,0.00088184164
0.20728490899155283,0.0009855032,0.00088127295
0.2073148003701223,-6.991625e-5,0.00088320905
0.2074290311613376,8.106232e-6,0.00088187953
0.20743214216031947,-0.00014829636,0.00088248024
0.2075312238951742,0.0008277893,0.00088209845
0.20756879774746917,0.00095534325,0.00088235043
0.20762265664424673,-0.00014090538,0.0008823287
0.2076952582485092,1.13248825e-5,0.00088275323
0.2077037038995908,0.0010255575,0.00088137906
0.20775417566660526,-0.000818491,0.0008813484
0.20791315412145905,-0.0014333129,0.00088200823
0.20794302570106782,0.0006028414,0.0008822494
0.20805724848873686,-0.00036513805,0.0008811125
0.20806038097116564,0.0011668205,0.00088267785
0.20815943406132165,0.0012406111,0.000882083
0.20819702981893073,0.00020229816,0.00088283786
0.20825086007049542,0.0005158186,0.00088197016
0.20832348400132195,0.001008153,0.00088271964
0.20833190100698507,8.46386e-6,0.0008812555
0.20838242922182215,-0.000659287,0.00088106375
0.20854139967302676,-0.0011408329,0.00088091736
0.20857125145346922,-0.00047290325,0.00088191876
0.2086854653950917,-0.0012893677,0.0008812537
0.20868861936148153,5.3167343e-5,0.00088192074
0.20878764464913058,0.0020668507,0.00088177714
0.2088252618903922,-0.0006683469,0.00088251056
0.20887906391799416,-0.0009391904,0.00088153424
0.20895170975372335,0.00017213821,0.0008829728
0.2089600981143792,-0.0005710125,0.00088140165
0.20901068277673052,-0.0012344718,0.0008810168
0.20916964522418313,-0.0014314651,0.0008813577
0.20919947720617915,2.8371811e-5,0.00088267267
0.20931368272259387,0.00061261654,0.00088195154
0.20931685775169462,0.00016570091,0.00088113995
0.20941585481558656,0.0005861521,0.00088161364
0.2094534939615451,-9.804964e-5,0.0008819047
0.20950726734434555,-0.000831306,0.00088166306
0.20957993550612464,0.00014197826,0.0008827548
0.2095882952221848,4.708767e-5,0.0008815134
0.20963893633163888,0.00055491924,0.00088097673
0.20979789035408936,-0.0011631846,0.0008815335
0.20982770253763894,0.0006605387,0.0008824831
0.2099419000496845,0.00012373924,0.00088184583
0.2099450965625408,-0.0008149147,0.0008826049
0.21004406498142547,0.0004515648,0.0008822736
0.21008172603249242,1.8119812e-5,0.0008830724
0.21013547077059413,-0.0004181862,0.0008813466
0.21020816125852604,0.0011844635,0.00088274793
0.21021649232957895,-0.0004708171,0.0008814454
0.21026718988665005,0.0003517866,0.0008816831
0.21042613590524573,0.00023281574,0.00088135403
0.21045592829004034,-0.00065112114,0.0008817354
0.21057011695624506,0.0011121035,0.00088256685
0.21057333495244523,-3.015995e-5,0.00088270404
0.21067227514757292,-0.00024664402,0.00088234956
0.21070995810405668,-0.00059455633,0.0008823959
0.2107636746182986,-0.00024604797,0.00088191166
0.21083638701133878,0.00087189674,0.0008837412
0.2108446894369732,-0.00042188168,0.0008826744
0.21089544344166122,-0.00040972233,0.00088111043
0.2110543814565049,0.0006393194,0.0008817754
0.21108415362098587,-0.00060266256,0.000882122
0.21119833428395285,-0.00027352571,0.0008819185
0.21120157334276124,-6.914139e-5,0.0008820287
0.21130048531413181,-0.0008273721,0.0008812232
0.21133819017541533,-0.0015678406,0.0008822892
0.2113918780448557,0.00047326088,0.0008819956
0.21146461276415152,1.1444092e-5,0.0008827155
0.2114728865447787,-0.0013059974,0.0008817437
0.2115236969967753,-0.0009448528,0.0008813834
0.21168262658671966,0.0005072355,0.0008814363
0.2117123793736958,0.0009915829,0.0008824393
0.21182655161145503,-0.0006573796,0.0008827142
0.21182981215422436,0.00024211407,0.00088276545
0.21196642224636264,-0.001152873,0.0008820574
0.21202008147069296,-0.000693202,0.0008818104
0.21209283851614158,-0.00089365244,0.0008826545
0.21210108365217295,-0.00044608116,0.00088280044
0.21215195055178648,-0.00021362305,0.00088107184
0.21231087213787603,0.00015735626,0.00088167563
0.2123406047051556,0.0016201735,0.0008828705
0.21245476851780987,-4.3690205e-5,0.00088169036
0.21245805054423172,0.0004566908,0.00088239746
0.2125569056464267,-0.00034844875,0.0008830263
0.21259465431751556,0.00064635277,0.0008820739
0.2126482853183974,-0.00024968386,0.0008811798
0.21272106426854298,-0.00037544966,0.00088383345
0.21272928075997843,-0.00028932095,0.00088093133
0.21278020410679765,0.00086820126,0.0008818674
0.21293911726757653,0.00028944016,0.00088182854
0.21296883045735127,0.00091326237,0.0008825332
0.21308298584531193,0.00084626675,0.0008821415
0.21308628893372494,0.00015234947,0.00088094565
0.2131851158129856,-0.0001514554,0.00088152324
0.21322288638907994,0.0004364252,0.0008820736
0.21327648874495453,-4.172325e-5,0.000882031
0.21334929002135572,-0.00026023388,0.0008826347
0.21335747786768122,-0.0013715029,0.00088104437
0.21340845766191174,0.00056672096,0.0008816696
0.21356736281914424,0.001101017,0.0008820316
0.2135970562100612,-0.0003658533,0.00088149565
0.21371120275156397,0.001193285,0.00088301476
0.21371452732404084,0.00013625622,0.000881953
0.2138133259795444,-0.00026404858,0.0008818018
0.21385111803918844,0.0013563633,0.0008823977
0.21390469217068897,-0.0006452203,0.00088144385
0.213977515773757,-7.3313713e-6,0.00088291575
0.21398567497476684,0.00038135052,0.00088197144
0.21403671121682,-0.00060915947,0.00088132406
0.21419560837050633,-0.00095552206,0.0008812257
0.21422528154152098,5.888939e-5,0.0008823081
0.21433942007896323,0.0010738373,0.0008830684
0.21434276613560688,0.00044620037,0.00088172517
0.21444153614569184,-9.137392e-5,0.000881779
0.21447935011044428,0.0006340742,0.0008827365
0.2145328960181877,-0.00059974194,0.00088146905
0.2146057415261584,0.00051760674,0.0008832215
0.2146138720821611,0.0005193949,0.0008817907
0.21466496477183128,0.000854969,0.0008813139
0.21482385350051536,-0.00028705597,0.0008822818
0.21485350687267224,-0.000659585,0.00088195095
0.2149676374063625,-0.0005598664,0.00088289194
0.2150697458901778,-0.00029081106,0.00088150817
0.21510758218128867,-0.00036007166,0.0008815401
0.215161099444642,0.0011868477,0.0008819202
0.21523396727897115,-0.0007965565,0.00088325544
0.21524206918996658,0.0003745556,0.00088259333
0.2152932179055923,0.00052535534,0.0008815287
0.21545209905177454,-0.0015023947,0.0008810694
0.21548173262517645,-0.00075757504,0.00088160747
0.21559585431282013,-0.00047892332,0.0008814993
0.21559924291510746,-0.00088357925,0.0008814112
0.2156979560567367,0.0008223057,0.0008820871
0.21573581425285304,0.0008826256,0.0008826641
0.21578930287119913,0.00013875961,0.00088134035
0.2158621930317839,1.1444092e-5,0.0008831513
0.21587026629736084,2.169609e-5,0.0008815271
0.21592147146008933,-0.00035840273,0.00088127324
0.21608034418168076,-0.000600338,0.00088089064
0.2161099579564305,0.0006711483,0.0008824004
0.2162240716403222,-5.7518482e-5,0.000882153
0.21622748130532055,1.1444092e-5,0.00088178524
0.2163261662232956,-0.0016826391,0.00088132056
0.2163640463243145,-0.000805974,0.0008817801
0.21641750671859505,8.46386e-6,0.0008816602
0.2164904187841853,-0.00018799305,0.00088251196
0.21649846340475498,-0.0009070635,0.0008816338
0.21654972501540903,0.00047898293,0.00088147953
0.21670858973304286,-0.0006568432,0.000881119
0.21673818370903764,1.4901161e-5,0.0008822142
0.21685228854667704,0.0001757145,0.0008824557
0.21685572011688659,-0.00034171343,0.0008818855
0.2169543763890316,-0.0005097985,0.00088134716
0.216992278395159,-0.00040620565,0.00088201533
0.21704571014474083,-2.9444695e-5,0.00088153785
0.21711864453617524,-0.00039869547,0.00088256114
0.21712666051256058,0.00038003922,0.00088152534
0.21717797857072874,-0.0013461709,0.000881671
0.2173368348630519,-2.3305416e-5,0.00088252977
0.2173664090401889,0.0003196001,0.0008822656
0.21748050587448775,-0.0013170838,0.0008818494
0.21748395850679103,0.00013935566,0.00088219467
0.21758258655559048,0.0021951199,0.0008821802
0.21762051004506178,-0.00024980307,0.00088168704
0.21767391357129795,0.00035822392,0.00088132545
0.2177468702889881,2.9921532e-5,0.0008824765
0.21775485762026325,-0.0005380511,0.00088146364
0.2178062321256371,0.00042915344,0.0008809027
0.21796508041389973,0.00024306774,0.000881566
0.2179946347926931,-0.0003964901,0.0008825305
0.21810872278043114,0.00023901463,0.0008819087
0.21811219689638706,0.000113487244,0.00088236644
0.21821079672214927,0.000308156,0.0008814715
0.21824874211662615,-0.00082427263,0.0008818081
0.21830211699744373,-0.00038951635,0.00088138034
0.21837509604180083,0.0004066229,0.0008829995
0.21838305472776032,8.46386e-6,0.00088163296
0.21843448568054546,-0.00090432167,0.00088059664
0.2185933255442173,-0.0009833574,0.0008814813
0.21862286012415288,0.0002799034,0.000882309
0.2187369401078304,-0.0011264682,0.0008825918
0.21874043528660014,-0.00044441223,0.0008819172
0.21883900688829672,0.0002706051,0.000882159
0.2188769741880876,-0.00020188093,0.00088252936
0.21900332179379078,-0.00068736076,0.0008825828
0.21901125183515446,0.0008842945,0.00088218454
0.21906273881420368,0.00023305416,0.00088241143
0.2192215710956822,0.00045239925,0.0008814826
0.21925108545530414,3.3140182e-5,0.0008821268
0.21936515701428816,-9.5784664e-5,0.00088221126
0.21936867409816618,-0.00088471174,0.0008829491
0.21946721705444427,-0.00088852644,0.0008814098
0.21950520625934344,-0.00015318394,0.00088231656
0.21955852427098532,0.00027763844,0.0008821685
0.219631547546295,-0.0012372136,0.0008820626
0.21963944894285725,0.000777483,0.0008821863
0.21969099236952339,-0.00044947863,0.00088126486
0.21984981622569122,-0.00013434887,0.0008810801
0.21987931120780835,-3.85046e-5,0.0008818115
0.21999337434179023,9.4771385e-5,0.0008822034
0.2199969124877622,-0.0002052784,0.0008815673
0.22009542722059172,0.0014097691,0.0008818958
0.22013343833049637,0.0007148981,0.00088238623
0.22018672769754255,0.0004943609,0.0008816603
0.22025977329900492,-0.00016230345,0.0008828133
0.2202676460503542,-0.00020641088,0.0008820913
0.22031924592443175,0.000846982,0.00088124815
0.2204780617768476,0.0003759861,0.0008822347
0.22050753653926825,0.0008735657,0.00088287116
0.22062159124793934,0.0015223026,0.0008828318
0.22062515087776957,0.0012737513,0.0008823379
0.2207236373871505,-8.821487e-6,0.0008817865
0.2207616699807078,0.0005105734,0.00088217994
0.22081493112368833,0.00030088425,0.0008818276
0.22088799905181766,9.250641e-5,0.00088279933
0.22089584315774846,0.001142621,0.0008824062
0.22094749947903158,0.00011396408,0.00088185864
0.22110630690634248,0.0005596876,0.0008824631
0.2211357618704195,0.00024616718,0.0008818005
0.22124980857554433,5.0783157e-5,0.0008822919
0.22125338926787985,-0.00037127733,0.0008821043
0.22135184713204792,-0.0008236766,0.00088142406
0.22138990205196363,0.00066030025,0.000881797
0.22144313497149548,0.00011098385,0.00088154944
0.22151622438296892,0.00026845932,0.0008823548
0.2215240398440982,-0.0002757311,0.0008812462
0.2215757526127926,0.00033211708,0.00088141044
0.22173455245791018,-0.00023925304,0.00088142045
0.2217639876229237,0.0010963678,0.0008821134
0.2218780254821049,0.0006021261,0.00088185165
0.22188162765819575,0.00019907951,0.0008815552
0.22198005729819537,0.0009793043,0.0008816275
0.2220181341227052,0.0003849268,0.00088185753
0.22207133839764126,-0.00014358759,0.00088171783
0.2221444501351646,-0.00038582087,0.00088263175
0.22215223695159525,-0.00051128864,0.000881858
0.2222040061679067,0.0001860857,0.0008819674
0.22236279758822775,0.0006443262,0.0008813301
0.22239221295417777,-0.0004979372,0.00088183646
0.22250624280950415,0.0007261038,0.0008820514
0.2225098660481003,-0.00036513805,0.00088212074
0.22260826746475415,0.00048422813,0.00088187814
0.22264636619426947,-0.00010627508,0.00088199397
0.22269954182378704,0.00067293644,0.00088182674
0.22277267588777172,-0.00048303604,0.00088341534
0.2227804340590923,0.0014052391,0.00088178145
0.2228322597232264,0.00038659573,0.0008813584
0.22299104271772263,0.0010998249,0.0008826182
0.22302043828532903,-0.0008214712,0.0008824374
0.22313445971544754,-0.00045657158,0.0008825933
0.22313810443779913,-0.0006995797,0.0008817636
0.2232364776309017,0.0018410683,0.0008821662
0.2232745978445837,-0.00015503168,0.00088330003
0.22332774525034427,0.00017559528,0.00088145555
0.22340090164058446,-5.0246716e-5,0.00088358053
0.22340863116669218,1.4781952e-5,0.00088189373
0.2236192882689818,0.0007418394,0.00088119204
0.22364866403793615,-0.00096434355,0.0008821983
0.22376267704315533,-7.259846e-5,0.0008817522
0.22376634324915945,0.0014110804,0.0008821644
0.2238646877973577,-2.5629997e-5,0.0008817166
0.22390282991573673,1.1444092e-5,0.000881803
0.22395594867649005,-0.00054085255,0.0008819582
0.22402912739278014,0.00175035,0.0008833095
0.22403682827418914,-0.0012671351,0.00088113046
0.22408876641158726,-6.9737434e-6,0.0008810629
0.22424753339919656,-0.00028192997,0.0008810522
0.2242768893691902,-0.0004298687,0.00088226947
0.2243908939496131,-0.001352787,0.00088312716
0.22439458163947534,-0.00026351213,0.000881541
0.22449289796381366,-0.0009173751,0.00088100776
0.22453106198688966,4.518032e-5,0.0008820333
0.22458415210263583,0.0009874105,0.0008820695
0.22465735314518154,-0.00024944544,0.0008827012
0.2246650253816862,0.00013363361,0.00088168465
0.22471701996680415,7.021427e-5,0.0008815809
0.22487577895076427,-0.0004414916,0.0008812045
0.22490511470065,0.00048029423,0.0008822193
0.22501911085555648,-2.9087067e-5,0.0008827344
0.2250228200291743,0.00046217442,0.0008818972
0.22512110770850535,-0.0003374219,0.00088218506
0.22515929405804258,-0.00018566847,0.0008823365
0.22521235595003164,0.0014795065,0.00088181644
0.2252855784765384,0.00023388863,0.0008833814
0.22529322206803604,8.46386e-6,0.0008811526
0.2253452731007709,3.862381e-5,0.00088128174
0.2255040240806705,-0.00086236,0.0008814736
0.2255333400322127,-0.00019747019,0.00088185025
0.22564732818326427,-5.9604645e-5,0.0008824996
0.22565105841907873,-0.00091934204,0.00088150974
0.2257493178746528,0.0012341738,0.0008818335
0.2257875257083568,-2.2172928e-5,0.0008827251
0.22584055937658876,0.0005658865,0.0008816515
0.22591380422935115,-5.209446e-5,0.00088337547
0.225921419175533,-0.00033384562,0.0008821698
0.22597352665547366,0.00018393993,0.0008816785
0.2261322692103711,-0.00039100647,0.0008815405
0.22616156578430546,-0.00087594986,0.0008823116
0.22627554508972203,0.0006685257,0.0008825535
0.22627929680929182,0.00011634827,0.0008814474
0.22637752804121158,0.0028676987,0.0008829535
0.22641575777950984,0.00048971176,0.00088274345
0.22646876280304307,-0.00014728308,0.00088171614
0.22654202998175255,0.00082206726,0.0008833975
0.22654961628303005,-0.00012743473,0.00088167767
0.2266017802103819,0.00024175644,0.00088185427
0.2267605147617331,-0.00021278858,0.00088147493
0.22678979111555964,-0.0005119443,0.000881912
0.22690376199587114,0.0006984472,0.0008822965
0.2269075351995049,-0.0004646182,0.0008815293
0.22700573820735914,0.0017533302,0.00088196085
0.22704398985035423,-0.00011777878,0.0008816958
0.22709696622888031,-0.00088226795,0.00088135723
0.22717025573415395,0.0006586313,0.00088296074
0.22717781339062992,6.353855e-5,0.00088172057
0.22723003334404024,-0.00020051003,0.0008811872
0.22738875989205065,-0.00076037645,0.000880843
0.22741801644691662,-0.00018507242,0.00088306447
0.2275319793232704,0.00016438961,0.00088167243
0.22753577358940946,0.0008504391,0.00088158186
0.22763394795225644,0.00095164776,0.0008818397
0.22767222150056565,7.7962875e-5,0.00088237197
0.22772516965543754,0.0009614229,0.0008833431
0.2277984814869667,0.00029182434,0.0008825341
0.22780601049843552,0.000104784966,0.0008812735
0.22785828689935994,-0.00075536966,0.0008809878
0.2280170054428985,0.00015878677,0.00088139006
0.22804624177817068,0.00046658516,0.00088232063
0.22816019622952244,0.00013959408,0.00088231673
0.2281640119791083,0.0006030798,0.00088141504
0.22826215811871242,-0.00090509653,0.0008814417
0.2283004535721299,0.0012806654,0.0008819496
0.22835337308178894,-0.00053560734,0.00088137155
0.22842670681811794,-0.00067937374,0.00088292646
0.22843420718457963,0.00043416023,0.00088132714
0.22848654003322388,0.00019001961,0.00088157837
0.22864525057290763,0.00091421604,0.00088184304
0.22867446710942485,-0.00088351965,0.0008822157
0.22878841313598008,0.0006761551,0.00088261766
0.22879225036932138,-8.517504e-5,0.00088189624
0.2288903682851684,-0.0008587241,0.0008817454
0.22892868564328295,1.1444092e-5,0.00088187796
0.2289815765077291,-0.00045526028,0.0008809976
0.22905493257031362,1.1444092e-5,0.0008829326
0.22906240429176805,0.0009967089,0.0008815472
0.22911479358792652,-0.0006853938,0.0008815642
0.22927349570301947,0.00029027462,0.0008819416
0.22930269244078172,-0.00042778254,0.00088208227
0.22941663046337935,-0.00015062094,0.00088184944
0.22942048875953447,-0.0004144907,0.0008819771
0.22951857845131596,-0.00031924248,0.00088102923
0.22955691729318572,0.0006016493,0.00088242505
0.22960977993428622,-0.0007991195,0.0008819725
0.22968315832302355,-6.9499016e-5,0.0008825709
0.22969060139936792,-0.0003989339,0.00088144967
0.22974304672158474,-0.00012993813,0.00088152784
0.22990174083333714,0.0012798309,0.0008817698
0.22993091777234442,0.00071549416,0.0008824778
0.23004484736963138,5.2332878e-5,0.0008820908
0.2300487271492333,0.0012896061,0.0008819181
0.23014678819600753,-0.0003787279,0.0008811495
0.23018514936433876,-0.0007144213,0.00088256167
0.2302379833606376,-0.00049096346,0.0008815287
0.23031138407573348,-1.9133091e-5,0.00088277634
0.23031879850717352,0.0009807348,0.0008817309
0.23037130027690444,0.00018310547,0.0008813797
0.2305299863844935,1.1444092e-5,0.00088255305
0.23055914352474582,0.0014090538,0.00088207365
0.23067306427608902,-0.0006374717,0.00088138744
0.23067696553913786,0.00027501583,0.000881924
0.23077499836256643,0.0014579296,0.00088182057
0.23081338101465299,-0.00018578768,0.00088159856
0.2308661867868863,2.4676323e-5,0.0008814626
0.23093960940688474,0.00032663345,0.00088294136
0.2309469951931119,-0.00019401312,0.0008820371
0.2309995538318128,-0.0010115504,0.0008808105
0.231158231514194,-0.0003745556,0.0008815626
0.23118736885569136,3.7431717e-5,0.0008822942
0.23130128160348828,-0.0006017089,0.0008821707
0.23130520392945375,8.749962e-5,0.00088196096
0.2314032085289196,0.0011584759,0.00088201853
0.2314416130858059,0.000119805336,0.00088185776
0.23149439063438504,0.0007362366,0.0008814975
0.23156783515928614,-0.0005836487,0.0008826495
0.23157519230071177,0.00095295906,0.00088285486
0.23162780696547103,-0.00019901991,0.00088127714
0.23178647664410024,-0.00034970045,0.0008816101
0.23181559418704833,0.0004426241,0.00088252086
0.23192949850974032,0.0010781288,0.00088254357
0.23193344231956403,0.0006674528,0.00088266685
0.2320314182736113,-0.00060129166,0.00088154705
0.2320698451567531,-0.00020051003,0.0008823081
0.23212259406053082,6.604195e-5,0.00088147516
0.23219606091179035,-0.00018495321,0.00088287314
0.23220338940851737,8.46386e-6,0.0008818258
0.2322560605203794,-0.00068330765,0.0008810125
0.23241472219566794,1.7404556e-5,0.00088106154
0.23244381951861093,3.5762787e-6,0.0008823885
0.23255771541619796,-0.0009100437,0.0008823712
0.2325616807095714,1.1444092e-5,0.00088184816
0.23265962844006727,-0.0012693405,0.0008818287
0.23269807680686172,0.0003169775,0.0008823355
0.23275079748698513,8.094311e-5,0.0008814796
0.23282428666450017,0.00058317184,0.000882898
0.23283158651591152,-0.00028401613,0.00088141864
0.23288431365444906,0.000698328,0.00088167674
0.23304296732557417,-0.00089532137,0.00088184344
0.23307204484955657,0.0014925003,0.00088292523
0.2331859323223472,-0.00027310848,0.00088282494
0.23318991909916742,-0.0017698407,0.0008817368
0.23328783860652325,-0.0006403327,0.0008813788
0.2333263088784261,0.0006196499,0.0008820642
0.23337900091323371,-0.00070631504,0.0008816094
0.23345251199565153,-0.0012241006,0.0008819095
0.23345978320246696,-0.0013260245,0.00088147924
0.2335125667884158,0.0019145012,0.0008818046
0.2336712124554804,0.0012425184,0.0008817504
0.23370027018070783,-0.00055998564,0.00088265067
0.23381414964974645,-2.9444695e-5,0.0008819075
0.23381815748907198,-0.0008956194,0.00088241464
0.23391604835142055,-0.00038546324,0.0008807526
0.23395454052832887,4.184246e-5,0.00088202854
0.2340072043393795,-0.00017440319,0.0008813026
0.2340807377478472,0.00011098385,0.00088313635
0.23408798030986122,-0.00076138973,0.00088216417
0.23414082034301564,-0.0007202029,0.0008814415
0.23429945758538662,-0.00032907724,0.00088139024
0.2343284955121676,-0.0009331703,0.00088197115
0.2344423665563069,0.00014328957,0.0008823257
0.23444639587938787,-0.0005902648,0.00088174426
0.2345442585176709,0.0010863543,0.00088271755
0.2345827725994818,-0.00024914742,0.00088222674
0.23463540776573089,-0.0003928542,0.0008812988
0.23470896350065995,9.36985e-5,0.0008826614
0.23471617741725537,0.00025343895,0.00088269287
0.23476907347667386,-0.00029575825,0.00088129455
0.23492770313695432,0.0007072687,0.0008825013
0.2349567208436274,-0.0004800558,0.0008821614
0.23507058346245613,0.0002155304,0.00088212086
0.23507463426929243,-0.00059503317,0.00088169466
0.23517246868392117,0.00050759315,0.0008824689
0.2352110042494876,-0.00097328424,0.00088174175
0.23526361119197958,-9.405613e-5,0.0008827778
0.23533718883201693,0.00015115738,0.00088321243
0.23534437410339948,-0.00031518936,0.00088161265
0.23539732703168503,0.00025868416,0.00088143605
0.23555594826706627,-0.00023400784,0.0008822096
0.23558494617477865,0.00022935867,0.0008821165
0.23569880036860524,-5.3346157e-5,0.00088297477
0.23570287265919698,0.00023293495,0.0008817498
0.2358006784290243,0.0018953085,0.0008816906
0.23583923632094905,-0.00024122,0.0008825576
0.2358918146184339,-0.0003786087,0.0008823018
0.23596541458452114,0.00036418438,0.0008831291
0.23597257121079362,0.00037622452,0.0008817194
0.23602558016544617,-0.00057154894,0.0008809014
0.23618419339676688,0.00030136108,0.0008817607
0.2362131715059299,0.0008983612,0.0008826204
0.2363270176961073,6.3061714e-5,0.00088169426
0.23633111104910154,-0.0011430383,0.00088208227
0.23642888859527456,-0.00090277195,0.00088079995
0.23646746839210198,0.0006028414,0.00088228355
0.236520018044991,0.0003581047,0.0008814859
0.23659364033702535,0.00026643276,0.00088323205
0.23660076831859922,0.0004194975,0.00088163296
0.23665383372056015,-0.0017867684,0.0008810161
0.2368124385266731,-0.00038558245,0.00088211306
0.2368413968374926,-0.00022625923,0.0008821343
0.23695523460256507,0.0011777878,0.00088307465
0.23695934943941743,0.0007789135,0.00088186644
0.23705709834027477,-4.4107437e-6,0.00088203873
0.23709570004179914,0.0007456541,0.00088285754
0.23714822147082826,1.8954277e-5,0.00088138174
0.2372218656681766,0.00030076504,0.00088298076
0.23722896500474333,0.00022614002,0.00088261964
0.23728208685421837,-0.00011986494,0.00088143663
0.23744068365699067,-0.0003837347,0.00088162394
0.23746962216864387,0.00062417984,0.0008831941
0.23758345150912563,8.058548e-5,0.00088211993
0.23758758782973333,-0.0013456345,0.00088185584
0.23768530850662795,-0.00011307001,0.00088165124
0.2377239321132606,0.0015729666,0.00088213343
0.2377764244758268,0.0010969639,0.00088206166
0.23785009142078362,0.00014853477,0.0008834689
0.23785716211254881,0.0001348257,0.00088173326
0.2379103399879795,0.00082206726,0.00088147767
0.2380689287868969,0.0007082224,0.0008815205
0.2380978474995894,0.0012674332,0.00088191207
0.23821166841496622,-4.5716763e-5,0.0008833922
0.23821582621922655,-6.4492226e-5,0.0008819741
0.2383135186728782,0.00040888786,0.00088120624
0.238352163763472,-0.0008851886,0.0008820319
0.2384046279021782,0.0012540817,0.0008815466
0.23847831717328782,-5.2571297e-5,0.00088355347
0.2384853592202516,-7.724762e-5,0.000881457
0.2385385935431964,-0.000733912,0.0008823396
0.23869717433805326,0.0010118484,0.000881677
0.23872607283104919,-5.2452087e-6,0.0008824017
0.23883988532142386,-0.0002297163,0.0008823409
0.2388440646092339,2.6583672e-5,0.0008812866
0.23894172841808414,0.0014631748,0.00088249217
0.23898039583462494,-0.0007018447,0.0008818993
0.2390328313284268,0.0004981756,0.0008829282
0.23910654250413055,-0.00055766106,0.0008826587
0.23911355590608718,-4.6610832e-5,0.0008821475
0.23916684667685462,-0.00015121698,0.0008814679
0.2393254194679595,-0.00061380863,0.0008815905
0.23935429816250908,0.00034976006,0.0008824835
0.23946810222798443,-0.00022137165,0.0008828183
0.239472302999447,-0.00024658442,0.0008818754
0.23956993858464293,-0.00012212992,0.0008817308
0.23960862748463063,0.00047278404,0.0008822862
0.23966103475467548,-1.9669533e-6,0.0008812765
0.2397347682569433,-2.0861626e-6,0.00088297087
0.23974175301389267,8.7976456e-5,0.0008812986
0.23979509981061564,0.0009886026,0.0008811284
0.23995366459827705,-0.0012972355,0.0008807653
0.2399825230724102,-0.0005862117,0.0008826189
0.24009631955497235,-0.00055384636,0.0008821858
0.2401005409681014,-5.0246716e-5,0.00088155724
0.2401981483291289,3.9339066e-5,0.00088121614
0.24023685955588647,-1.2636185e-5,0.00088250905
0.24028923818102688,4.351139e-5,0.0008820554
0.24036299358840318,-0.00036156178,0.00088277995
0.2403699497003453,-1.9609928e-5,0.000882578
0.24042335336562692,0.00063347816,0.0008812884
0.24058190972849192,0.00022768974,0.0008810958
0.24061074840397279,-0.00034952164,0.0008820411
0.24072453646122427,0.000213027,0.0008820752
0.24072877935800596,0.00095415115,0.0008818912
0.24082635849537926,0.0007983446,0.0008821631
0.24086509120599497,0.00057923794,0.00088260963
0.2409174416075841,-0.00029468536,0.0008816878
0.2409912193409074,0.0012128353,0.0008834662
0.24099814680743092,-0.00053191185,0.00088100147
0.2410516064988737,1.1444092e-5,0.0008819207
0.2412101548580896,-3.606081e-5,0.00088183477
0.24123897373512415,-0.00052922964,0.0008815496
0.24135275336768203,-3.5345554e-5,0.0008819463
0.24135701774801332,0.0009237528,0.0008819365
0.2414545682405851,-0.0004299879,0.0008815566
0.24149332285600078,-0.00052827597,0.000882072
0.24154564503372988,0.00037395954,0.0008822517
0.2416194450935144,-0.00030434132,0.00088277116
0.24162634391523652,-0.00040364265,0.0008817317
0.24167985963294336,0.00013136864,0.00088225387
0.24183839998799583,-0.0002092123,0.000881735
0.2418671990662754,0.0004942417,0.00088215194
0.24198097027424248,0.0011972189,0.0008823874
0.2419852561382264,0.00056123734,0.0008820083
0.24208277840673265,-0.00024086237,0.0008821069
0.24212155492684517,4.3272972e-5,0.00088276074
0.24217384845987566,-0.00043857098,0.00088129815
0.24224767042466566,-0.0014519095,0.0008834012
0.24225454060158635,0.0007340908,0.00088220433
0.24230811276701303,0.0005810261,0.0008819395
0.24246664511800486,0.0002654791,0.0008810648
0.24249542439742666,0.00082063675,0.00088217703
0.2426091871803917,0.0004312992,0.00088251237
0.2426134945285423,0.0002835989,0.00088189036
0.24271098815173275,0.00024974346,0.00088198273
0.2427497865771594,-0.00038987398,0.00088192447
0.24280205188643278,0.0015803576,0.00088179106
0.24287589617716987,0.00022923946,0.0008823222
0.2428827377090833,-0.00011211634,0.00088179734
0.24293636632192128,-0.0005982518,0.00088097603
0.2430948902480139,-0.00011628866,0.0008816039
0.24312364972868072,0.0006200075,0.00088245334
0.24323740408654082,0.00019001961,0.0008821845
0.24324173291813833,-0.0013360977,0.00088198204
0.24333919831818884,0.00043082237,0.00088157825
0.24337801864851805,0.00021624565,0.0008820537
0.24343025531257856,-0.00013071299,0.0008814822
0.24350412150842404,0.0007402897,0.0008827437
0.24351093439533023,2.1457672e-6,0.00088166754
0.2435646194555796,0.0012971163,0.0008809529
0.24372313537812584,0.00042247772,0.0008817143
0.2437518750601405,0.0009112358,0.0008826948
0.24386562099310138,-0.00056916475,0.00088297954
0.24386997088689566,-0.0003719926,0.0008814936
0.24396740806349748,-0.0003540516,0.00088141597
0.24400625029852374,0.0003055334,0.00088247744
0.24405845831726847,0.00028955936,0.00088201684
0.24413234726082544,0.00071036816,0.00088357774
0.24413913150272448,-0.001299262,0.0008814949
0.24419287258923783,-0.00031244755,0.0008810578
0.2443513809292822,-0.00085514784,0.0008822979
0.24438009997004173,9.357929e-5,0.00088184205
0.2444938378992505,-0.0002669692,0.00088201533
0.24449820927700583,-0.00022137165,0.00088241795
0.24459561822964504,0.00072157383,0.0008810135
0.24463448236977947,0.000577569,0.000881899
0.24468666174361997,-0.00092339516,0.0008813553
0.24476057259228523,0.0017806292,0.0008832912
0.24476732818917712,-0.0012238622,0.00088177546
0.2448211257233074,-0.00056892633,0.0008814561
0.24497962605929124,0.0013672113,0.0008819609
0.2450083253012958,-0.00088864565,0.00088187953
0.245122054805194,-0.00038057566,0.0008828596
0.2451264476670133,-0.0002849698,0.00088196783
0.24522382797433662,-0.0009762645,0.0008811831
0.24526271401968236,-0.0010803938,0.00088271196
0.2453148651701771,-0.00012767315,0.0008818757
0.24538879834478944,-0.0009613037,0.0008828011
0.24539552529667408,0.0004901886,0.0008819591
0.24544937885696572,-0.00039708614,0.0008821584
0.245607871189506,0.00051522255,0.0008814387
0.24563655063275558,-0.00085926056,0.00088277133
0.24575027171154884,0.001278162,0.0008821261
0.24575468605702067,0.00036394596,0.00088199007
0.2458520381406898,0.0006248951,0.0008823157
0.24589094566989378,0.00043010712,0.00088217424
0.24594306859632287,-0.0009985566,0.00088157976
0.24601702409719073,0.0013067722,0.0008834244
0.2460237219828182,0.0001707077,0.0008817205
0.24607763241156544,0.0007688999,0.0008820158
0.24623611631941233,-8.827448e-5,0.0008815462
0.24626477596390683,-0.00070780516,0.000881654
0.2463784886181094,0.0003452301,0.00088182854
0.24638292444692522,0.0009698868,0.00088194374
0.24648024788599854,-0.00070887804,0.00088216935
0.24651917774114962,-0.0003580451,0.00088246603
0.2465712720228801,0.00042021275,0.0008819011
0.24664524942865063,0.0007572174,0.00088299415
0.24665191909052087,-0.00019621849,0.0008818529
0.24670588554532658,-0.0005995035,0.0008813881
0.24686436144942137,0.00093591213,0.0008818833
0.24689300087391086,-0.0008728504,0.0008817824
0.24700670552425852,0.00073599815,0.00088223733
0.24701116241588816,0.0022808313,0.0008824781
0.24710845805183745,-0.0007947087,0.00088077784
0.24714740939064106,-0.00085413456,0.0008819293
0.24719947544902587,-0.00016897917,0.00088135456
0.24727347518115483,0.0005668402,0.00088361796
0.24728011577676778,0.0003670454,0.00088202005
0.24733413867919052,-0.00072288513,0.00088103197
0.2474926065794304,-0.0004799962,0.00088179205
0.24752122620537065,-7.224083e-5,0.0008819986
0.24763492243040763,-0.00022470951,0.0008821139
0.24763940080610125,0.0009406805,0.0008829764
0.2477366677970434,0.00018203259,0.00088227063
0.24777564104095529,-0.0008046627,0.00088201516
0.2478276784539215,0.00021159649,0.00088172616
0.2479017005123061,-0.0005206466,0.0008833922
0.24790831288436777,0.00010383129,0.00088154676
0.24796239181326007,-7.253885e-5,0.00088152377
0.24812085170933673,-0.00020492077,0.00088274013
0.24814945153652201,-0.002016008,0.00088157237
0.24826313933655686,0.00082957745,0.0008833832
0.24826763919580008,0.0007183552,0.00088170596
0.24836487754235215,0.0028185844,0.0008823038
0.24840387311251966,0.00028514862,0.0008819619
0.2484558818800673,-0.00013321638,0.00088158995
0.2485299262647075,-0.00011199713,0.0008831346
0.24853650957092321,-0.00015747547,0.00088241627
0.2485906449469184,0.0015541315,0.0008811955
0.2487490968395515,0.0008581877,0.00088175177
0.24877767644642312,-0.0012275577,0.00088189705
0.2488913562431173,-0.00063097477,0.00088244723
0.24889587758570464,-0.00012612343,0.0008821234
0.2489930877084996,-0.0018740892,0.00088169903
0.24903210476242243,0.00066304207,0.00088270183
0.24908408530621307,0.0013430119,0.0008820015
0.24915815159585875,0.0005158186,0.00088350824
0.24916470667800883,-3.939867e-5,0.000881973
0.2492188980803709,0.00046813488,0.00088149
0.24937734196956052,-7.009506e-5,0.00088180345
0.24940590177767719,-0.0005738735,0.00088208076
0.24951957314926654,1.1920929e-6,0.0008817291
0.24952411555466758,0.00082468987,0.0008825347
0.2496212974533969,-0.0006842017,0.00088141405
0.24966033683357547,-0.00021350384,0.0008822773
0.24971228873277018,-7.516146e-5,0.00088109187
0.24978637734867148,0.00041389465,0.00088272674
0.24979290336425575,-0.0008148551,0.00088173064
0.24984715121423484,0.00041759014,0.00088112376
0.25000558709946674,-0.00044947863,0.00088200974
0.2500341271091371,-0.0014690161,0.00088179705
0.25014779005541565,-0.00014346838,0.00088174565
0.25015235394467494,-0.00035983324,0.00088149623
0.25024950761954434,-0.001342833,0.0008818391
0.25028856848347825,-0.00021535158,0.00088195724
0.2503404917376658,0.00020289421,0.00088187924
0.25041460267982274,-3.027916e-5,0.00088366127
0.2504211004718556,0.0011459589,0.000881937
0.25047540476955454,0.00084507465,0.000881554
0.2506338322296815,-2.3424625e-5,0.0008813645
0.25066235201944953,0.00020992756,0.0008828433
0.2507760069619762,-0.00062412024,0.00088159915
0.2507805923345795,-0.00015431643,0.0008823551
0.2508777173648531,-0.0015127063,0.0008812479
0.2509168001337925,-0.00026732683,0.00088214723
0.25096869516422304,0.0011575222,0.00088228326
0.251042828010974,-0.0010938048,0.00088274124
0.25104929715810254,0.00017976761,0.00088216277
0.25110365790300715,0.00026011467,0.00088135345
0.2512620769384405,0.00025177002,0.0008817186
0.25129057735029237,0.0013225079,0.00088287226
0.25140422386812533,9.9658966e-5,0.00088249147
0.251408830303234,0.0002617836,0.0008821284
0.2515059271097505,-0.0026041865,0.00088019227
0.25154503178369536,0.00019657612,0.0008822703
0.25159689859067735,-0.00021255016,0.00088172057
0.25167105376378673,-0.0002425313,0.00088320853
0.25167749384434945,0.00026726723,0.0008815206
0.25173191103666537,6.484985e-5,0.000881192
0.2518903220683467,0.00092351437,0.00088180724
0.25191880268175215,0.0017375946,0.00088244636
0.25203244077427445,-0.0005840063,0.0008823424
0.2520370686935499,-0.0013653636,0.000881295
0.25213413727589795,8.46386e-6,0.0008815271
0.25217326385453975,0.0004235506,0.0008824576
0.2522251020165146,-0.00059080124,0.0008815756
0.252299279094938,-0.0007725358,0.0008830435
0.2523056909519493,0.00032269955,0.0008829715
0.2523601641706321,0.00022649765,0.0008810734
0.25251856719825294,0.0004222393,0.0008811329
0.2525470275920646,0.00077188015,0.00088210887
0.252660657680835,4.172325e-6,0.0008827071
0.2526653070836601,0.0004401207,0.0008829973
0.2527623470212067,0.0009225607,0.00088267116
0.2528014955047512,0.00020635128,0.0008821779
0.2528533050218216,0.00018644333,0.00088131113
0.2529275048473394,-0.0014500618,0.0008825172
0.2529338876385048,0.0009974241,0.00088167883
0.25298841730459887,-0.00039064884,0.0008812537
0.25314681232785063,-0.0004864931,0.0008821267
0.25317525292290743,0.00058686733,0.0008828327
0.25328887458698424,0.0005646944,0.00088249426
0.2532935450521089,-0.0016595721,0.0008817049
0.253390556766104,-9.870529e-5,0.00088121725
0.2534297271550654,0.00022852421,0.0008820754
0.2534815084482759,0.00021612644,0.00088242703
0.253555730178902,0.00042808056,0.00088315667
0.25356208474589903,0.00011754036,0.00088136556
0.2536166704382571,0.00014436245,0.0008815993
0.2537750574580654,7.545948e-5,0.0008822521
0.25380347783291135,6.747246e-5,0.000882228
0.25391709149313335,0.00037682056,0.00088152743
0.25392178344201344,-0.0013110638,0.00088139746
0.2540187669326629,0.00016212463,0.0008821431
0.2540579592262183,1.1444092e-5,0.0008825312
0.25410971187411313,0.00012552738,0.00088142353
0.2541839559313034,-0.0007635951,0.00088253396
0.25419028143204314,-7.110834e-5,0.0008814934
0.2542449235717097,-3.0398369e-5,0.0008817725
0.25440330258838306,0.00020956993,0.0008814626
0.25443170316426833,-0.000106573105,0.0008818467
0.2545453083996939,-0.00014668703,0.00088212994
0.25455002183232933,-0.0012506843,0.00088178756
0.2546469766777659,0.0009989738,0.0008819785
0.2546861908761212,-0.0009302497,0.0008819027
0.2547379153002589,-0.0007148981,0.00088154245
0.25481218126245464,5.352497e-5,0.0008830756
0.2548184781185986,8.34465e-5,0.0008813669
0.2548731767053679,-0.0007545352,0.0008810293
0.2550315477182893,0.00017142296,0.00088151207
0.2550599280745809,-0.00028687716,0.0008822582
0.2551735248845929,-0.0002605915,0.00088324724
0.25517825980098374,-0.0008544326,0.0008815332
0.2552751864224576,0.00011527538,0.0008817617
0.2553144225260241,0.00068199635,0.00088254444
0.255366118305566,0.00017690659,0.0008820174
0.2554404065936059,-0.0012569427,0.00088251976
0.25544667522599274,-4.6133995e-5,0.0008814479
0.2555014298394376,0.0012624264,0.0008820102
0.2556597928481955,0.0010207891,0.000881606
0.25568815340573214,0.0008183718,0.0008822678
0.2558017417907421,-0.00012791157,0.00088176434
0.2558064981908883,-0.0013983846,0.000881702
0.25590339658860506,-0.0005506873,0.0008816791
0.2559426541763383,0.0004980564,0.0008818604
0.2559943217320203,-0.00064349174,0.0008815813
0.25606863234641863,0.00043964386,0.0008830467
0.25607487191213685,-6.133318e-5,0.000882573
0.2561296829730958,-0.0009189844,0.0008810522
0.25628803797810173,-0.00046366453,0.00088201487
0.2563163787366778,0.0006427765,0.0008823281
0.2564299586968912,-6.0081482e-5,0.00088173186
0.25643473658079285,0.0007420778,0.0008825018
0.2565316063339138,0.0001733303,0.00088166026
0.25657088624749125,1.1444092e-5,0.0008822868
0.2566225251582689,0.0010896921,0.0008821979
0.2566968576777756,-0.0012072921,0.0008836066
0.25670306901994244,0.0004131794,0.0008817574
0.256757936106754,-0.0007959604,0.0008818534
0.25691628268716926,-0.001151979,0.00088130706
0.2569446036467846,-0.0001628995,0.00088173704
0.2570581756034518,-0.0005299449,0.000882374
0.2570629745498587,0.0011934042,0.0008819607
0.2571598160788111,-0.00013929605,0.00088124245
0.2571991178971884,0.00049340725,0.0008815558
0.2572507281631645,-0.00049704313,0.00088200986
0.2573250834299713,0.00019395351,0.000883496
0.2573861888191622,-0.0011413097,0.0008803834
0.2575445278170755,-0.0010730624,0.0008810993
0.25757282855709707,0.00093722343,0.0008824971
0.25768639251001224,-0.0011633635,0.00088194676
0.2576912129400718,-0.00011128187,0.0008822014
0.25778802624495867,0.00079512596,0.00088204263
0.2578273495472969,0.00011301041,0.0008821686
0.25787893158961883,0.00052666664,0.0008817666
0.25795330876112255,-0.00046366453,0.0008830273
0.25795946239223055,-1.0669231e-5,0.000882983
0.25801444195323175,0.00086569786,0.0008817317
0.258172772946776,-0.0006136894,0.0008813412
0.2582010538880427,0.0006815195,0.00088229665
0.25831460941575,0.00074219704,0.00088200334
0.2583194509084177,-0.0007238984,0.0008817973
0.2584162359902673,8.46386e-6,0.00088184886
0.25845558119761114,-0.0006481409,0.0008819976
0.2585071345946174,-0.0012803674,0.00088221504
0.25858153409268525,0.00029408932,0.00088330836
0.25858765950003615,-0.00061553717,0.0008823694
0.2586426950871985,-0.00022172928,0.00088129565
0.25880101807688793,8.1539154e-5,0.00088165095
0.25882927879814954,0.00031876564,0.00088278484
0.25894282590106044,-0.0012282729,0.00088137976
0.25894768929832224,0.0005840063,0.0008828159
0.25904444573547325,-0.00042372942,0.0008818026
0.25908381284751403,-0.00041353703,0.0008829487
0.25913533802076316,0.0004862547,0.00088212005
0.25920975984508665,-0.0006828308,0.0008838221
0.25921585618618015,-0.0018076301,0.0008818027
0.2592709482205483,1.1444092e-5,0.0008819129
0.2594292632072055,0.0010080338,0.0008816541
0.25945750412971225,2.9325485e-5,0.000882369
0.259571042807621,-0.0007353425,0.0008822696
0.259575927267388,0.0017904043,0.00088233326
0.25967265548047347,0.00059068203,0.00088171655
0.25971204491866695,-0.00075882673,0.0008819902
0.25976354144721747,0.00045454502,0.0008819449
0.2598379851762379,-0.0014716387,0.0008827155
0.25984405287232426,-0.00022184849,0.00088138034
0.2598992013542065,-0.00024294853,0.0008814443
0.26005750833711183,0.000441432,0.00088161975
0.26008572903961336,0.0014415979,0.00088277826
0.2601992597133588,-0.0005643964,0.00088168075
0.26020416565729254,0.0005530119,0.0008821411
0.2603008656462096,-5.054474e-5,0.00088115013
0.26034027656856984,-0.00032359362,0.00088227494
0.2603917444522159,-0.00040763617,0.00088177377
0.26046621050738916,-0.0008932948,0.00088282616
0.2604722495588797,0.0006979704,0.00088223926
0.26052745448786474,-0.0002539754,0.00088104856
0.2606857530457679,0.0001655817,0.000881471
0.2607139543707646,-3.9994717e-5,0.0008815567
0.260827476619508,-8.326769e-5,0.00088226586
0.2608324040471971,1.1444092e-5,0.00088148203
0.26092907539151833,0.0003540516,0.0008816563
0.26096850821888407,-0.00052779913,0.00088251976
0.2610199478783617,0.0010823011,0.00088194315
0.2610944362602019,0.00035381317,0.0008829989
0.26110044666627397,9.36985e-5,0.0008821913
0.2611557076216259,-8.678436e-5,0.0008818109
0.26131399817577694,0.00013172626,0.0008816894
0.26134217928066583,0.00054216385,0.0008823136
0.2614556931048184,0.00013494492,0.0008822601
0.2614606420158515,-0.000119268894,0.0008817663
0.26155728513672416,0.0002683401,0.00088260707
0.26159673986878695,0.0011864901,0.00088237907
0.2616481513047132,-0.00039577484,0.0008832415
0.2617226615917645,-0.0007954836,0.0008830211
0.26172864335241797,-0.0013577938,0.00088125694
0.2617839607555926,3.0398369e-5,0.0008813896
0.2619422433059918,-0.00013387203,0.0008818903
0.2619704041909783,-0.00014519691,0.0008818822
0.2620839100113789,0.00038051605,0.00088211306
0.2620888804061674,0.00023448467,0.0008819729
0.26218549488131304,-0.0010168552,0.0008811444
0.26222497151868973,-0.00087070465,0.00088182295
0.26227635430971175,0.00034570694,0.0008813683
0.2623508869225044,-0.0005393028,0.0008828864
0.2623568400389735,0.00086021423,0.00088166766
0.2624122134680007,0.00026273727,0.0008810024
0.26257048843589803,-0.0002490282,0.0008816407
0.26259862952212965,-0.00025117397,0.0008823395
0.2627121269175281,0.0011253357,0.000882282
0.26271711837523326,-0.0003684163,0.000882145
0.2628137046266217,0.0007082224,0.00088167883
0.26285320316900396,-0.00047653913,0.00088248483
0.26290455773596033,-0.0004106164,0.00088167633
0.2629791126749058,0.0006904602,0.0008831218
0.2629850371465734,-0.0005005002,0.00088168617
0.26304046660176184,0.0005323887,0.000881167
0.2631987331443484,0.00075781345,0.0008806621
0.26322685443203075,0.00020825863,0.0008823519
0.2633403438236772,0.00028419495,0.0008828149
0.2633453567647265,-0.0010539293,0.0008815616
0.26344191479307777,3.4093857e-5,0.00088257465
0.26348143481890685,0.000323534,0.00088231126
0.2635327607410617,-0.0003451109,0.00088173687
0.2636073380064684,0.0014622211,0.0008837073
0.2636132338328203,-0.00053215027,0.00088190957
0.2636687197357286,-0.0006119609,0.0008820773
0.26382697827456314,-0.0011348128,0.0008813524
0.26385507976359335,-0.0014250875,0.00088197936
0.26396856030898763,-0.00019401312,0.0008822147
0.2639735947334837,0.000910759,0.0008821524
0.2640701245380779,9.75132e-5,0.0008828283
0.26410966646880973,0.0010112524,0.00088267215
0.2641609641673103,-0.00038790703,0.0008813387
0.26423556333761966,-0.0006944537,0.0008831738
0.2642414305186558,0.0013234615,0.00088153884
0.2642969728693868,-0.00024086237,0.0008809649
0.264455223404778,-0.00044310093,0.00088196824
0.26448330467349457,0.0002490282,0.0008827206
0.26459677721513675,0.000109910965,0.00088224676
0.26460183312349106,-0.00055140257,0.00088135235
0.2646983342829753,2.5391579e-5,0.000882228
0.264737898540374,0.00038957596,0.00088256825
0.2647891671723088,0.0002989769,0.0008818788
0.264863788668771,0.0007097721,0.00088268536
0.26486962720521134,-0.0019034147,0.00088125054
0.26492522600314794,0.00015234947,0.00088218786
0.2650834681134341,0.00045406818,0.0008824413
0.2651115295833957,-0.00050896406,0.00088285975
0.2652249941208745,0.00038290024,0.0008831262
0.2652300710921456,0.00063061714,0.00088187674
0.2653265440278726,-0.00083738565,0.0008812388
0.2653661301902769,-0.0005453229,0.00088166463
0.26541737059866033,-0.0007260442,0.00088176713
0.26549201442158377,0.0019936562,0.0008830284
0.265497824312914,0.0005283356,0.00088165473
0.26555347871565893,-0.000692606,0.0008814746
0.2657117132434431,-0.0015906692,0.0008814954
0.26573975449370824,-0.0006392002,0.0008820387
0.26585321060618505,3.2186508e-5,0.0008815468
0.26585830948225575,0.00043308735,0.0008820195
0.26595475377318134,1.04904175e-5,0.00088195974
0.26599436184017977,-0.0009998679,0.000882482
0.2660455736039673,-0.00088214874,0.0008816255
0.26612023975314636,0.0014311075,0.00088302215
0.2661260209987496,0.00017988682,0.0008819914
0.2661817318489058,0.00047636032,0.00088132557
0.2663399583730409,0.000890851,0.0008827579
0.2663679798248595,-0.0002503395,0.0008819003
0.2664814275127455,8.392334e-5,0.00088200765
0.2664865474510131,-5.429983e-5,0.00088212726
0.26658296351807875,-0.0005609989,0.0008815965
0.26662259349008255,0.000649333,0.00088273745
0.2666737770301131,0.0014890432,0.0008822156
0.2667484650842976,0.0010743141,0.0008829355
0.26675421768530505,-0.000662148,0.0008809606
0.26680998498297537,0.0007585287,0.00088153215
0.26696820308210834,-0.00021266937,0.0008811511
0.2669962047347607,0.000980258,0.000882331
0.26710964441889473,0.00026369095,0.0008825845
0.2671147854197703,-0.0004954338,0.00088222604
0.26721117326297605,-0.0009595752,0.00088207424
0.26725082514008824,-0.0007354021,0.00088200276
0.2673019800348031,-0.00019919872,0.00088142825
0.26737669041503753,-0.00028192997,0.00088315434
0.2673824143717576,-0.00047916174,0.0008814143
0.2674382376957949,0.00026535988,0.00088142673
0.2675964482123231,0.00050473213,0.0008820967
0.2676244296446618,-7.802248e-5,0.0008822797
0.26773786090410223,8.46386e-6,0.00088235096
0.2677430238098806,0.00044715405,0.00088302017
0.267839383008182,0.0005313158,0.00088132324
0.26787905679029966,-0.0003130436,0.0008826783
0.2679301834611545,-0.00033569336,0.0008811033
0.26800491616785027,0.00030314922,0.0008834274
0.2680106110580046,-0.00047647953,0.00088149594
0.2680664908294531,0.0010929108,0.0008812245
0.2682246933419208,-0.0008903146,0.00088110554
0.26825265455466585,-0.00035220385,0.0008818542
0.26836607781035426,0.00047433376,0.000882012
0.2683712617786378,0.0005337,0.00088149257
0.26846759317443225,-0.0019341111,0.0008815553
0.26850728844020255,-0.001463294,0.0008820727
0.2685583864664616,0.00048077106,0.0008819573
0.268633141499413,6.902218e-5,0.0008829309
0.26863880774435434,0.00015068054,0.0008821381
0.2686947439631113,-0.0006428361,0.00088155275
0.268852938050577,0.000120043755,0.00088144897
0.26888087988612563,0.0006380081,0.0008822113
0.2689942947165034,0.00067710876,0.0008818257
0.26899950016864527,0.0003014803,0.00088212243
0.2690958029195354,0.0007485151,0.0008818224
0.26913552009020825,-0.0017981529,0.0008822535
0.26918658989240163,0.0013087988,0.000881488
0.2692613668301528,3.4093857e-5,0.00088293495
0.2692670048517485,-0.00031030178,0.0008818654
0.2693229966755195,0.00019073486,0.0008810622
0.26948118318089453,-0.0005994439,0.00088107743
0.26950910479602685,-7.3850155e-5,0.0008836059
0.26962251120140246,-0.00084108114,0.0008816749
0.2696277381372997,-0.00076138973,0.0008821145
0.269724012664844,-0.0016123652,0.00088127266
0.26976375174041956,-0.00026154518,0.0008819744
0.269814792897503,0.00012648106,0.0008816431
0.26988959216140695,-0.001224339,0.00088264694
0.2698952015379954,0.0010191202,0.0008821036
0.2699512498095892,-0.00038534403,0.0008823966
0.2701094283111093,-3.8981438e-5,0.000881067
0.2701373297063393,-0.00038975477,0.0008820514
0.2702507281075516,-1.5318394e-5,0.00088154775
0.27025597652720423,0.00050771236,0.00088239554
0.2703522224095357,-0.0008057952,0.00088159536
0.27039198339032244,-0.00083845854,0.00088244694
0.2704429963240602,0.00016152859,0.0008823595
0.27051781749286674,-0.00060999393,0.0008835879
0.27052339822444804,-0.00030106306,0.00088158075
0.2705795029432474,-0.00082427263,0.00088103453
0.2707376730198683,0.00045764446,0.00088190683
0.27076555461665186,0.00016093254,0.00088217703
0.27087894501411214,-0.0012802482,0.00088168384
0.27088421449627,-0.00063085556,0.000881721
0.2709804321544331,0.00037884712,0.0008818634
0.27102021504032814,0.00011360645,0.0008820963
0.27107119932895585,0.0008113384,0.0008812942
0.2711460432456795,0.00033712387,0.0008834967
0.27115159491059215,0.0006066561,0.0008815585
0.27120775565534694,0.0013014078,0.00088128727
0.27136591814936317,6.198883e-5,0.00088149635
0.27139377952614163,0.0008958578,0.00088246923
0.2715071614990112,0.00010240078,0.00088220934
0.2715124524649245,-0.00010967255,0.0008820241
0.27160864189963896,0.0009964705,0.0008814337
0.27164844669033383,0.0004326105,0.00088226266
0.27169940275551296,-0.00048089027,0.0008815111
0.27177426857683074,-0.0005787611,0.0008831508
0.27177979159683907,0.002961278,0.000882593
0.2718360087893138,-0.000108122826,0.00088121626
0.2719941628584307,-5.8352947e-5,0.00088151655
0.2720220048573958,0.0004943609,0.00088232406
0.2721353784055718,-0.00037771463,0.00088270445
0.27214069085482895,0.00048220158,0.00088225346
0.2722368516446392,-5.555153e-5,0.0008823234
0.2722766783402367,1.2397766e-5,0.00088193634
0.2723276057604087,-0.0006456971,0.0008809071
0.2724024939077764,-0.00020772219,0.00088383653
0.272407988283086,-0.00039184093,0.00088135217
0.27246426192338336,0.0007929802,0.00088090834
0.27262240798874826,-0.0012463927,0.0008811677
0.27265022976760545,0.0007736683,0.0008822984
0.2727635948906765,0.00029945374,0.0008827778
0.272768928823792,-0.0003812909,0.0008821223
0.2728650613895366,0.0016130209,0.00088261766
0.27290490999044814,-0.00012612343,0.00088316447
0.27295580876530434,-0.00038397312,0.00088166044
0.27303071923913325,-0.0005916357,0.0008837857
0.2730361849694358,-8.59499e-5,0.0008823474
0.27309251463579154,0.00068306923,0.00088141684
0.27325065311824315,0.001040101,0.000881451
0.27327845467750667,-0.00040978193,0.0008818528
0.27339181179662,-0.0010505319,0.00088208
0.2733971667925492,-0.00032234192,0.00088153564
0.2734932711346396,-0.00029313564,0.0008816822
0.27353314164045384,-0.00031363964,0.0008821361
0.2735840121914501,0.0002667904,0.0008819114
0.27365894457069595,0.00014865398,0.00088349835
0.2736643820772413,0.0010458231,0.00088208244
0.27372076776944976,-0.0003515482,0.000881503
0.27387889782700214,0.00011634827,0.00088102586
0.2739066795875107,-0.0002374649,0.00088183774
0.27402002828151895,0.00022780895,0.0008823565
0.2740254051824538,-0.0004657507,0.00088177004
0.27412148087994836,0.00059115887,0.0008822401
0.2741613732903566,0.00084757805,0.0008832926
0.27421221519634575,-0.0013713837,0.000882378
0.2742871699015387,-0.00077557564,0.0008831305
0.2742925787631797,-0.00016963482,0.0008817976
0.2743490204816522,0.0002720356,0.0008809088
0.2745071429572169,-0.0006015301,0.0008815176
0.27453490449772033,0.00028824806,0.00088181795
0.2746482451880795,0.00031518936,0.00088199094
0.2746536431511082,0.00025463104,0.0008827341
0.27474969062484567,0.0002528429,0.0008817803
0.2747896049404652,0.00027132034,0.00088223023
0.27484041862290287,-0.0003618002,0.00088130846
0.2749153956540429,-1.1146069e-5,0.0008830741
0.27492077544952953,0.00056767464,0.0008815815
0.27497727361551616,-0.000433743,0.00088190835
0.2751353876662844,-0.0020623207,0.00088096375
0.2751631294080329,0.0014927387,0.0008818915
0.2752818811197627,0.0007983446,0.00088148395
0.27537790036953735,-0.00013071299,0.00088169455
0.2754178365904709,-0.00066554546,0.0008819689
0.2754686216277986,-0.00061553717,0.0008817353
0.27554362098539986,0.00071394444,0.0008833801
0.275548972136085,0.00084245205,0.00088224513
0.2756055263283357,0.00022935867,0.0008822902
0.27576363279619065,-0.0005424619,0.0008806909
0.275791354317934,-0.00011396408,0.0008821765
0.2759046785791277,-0.00029975176,0.00088213256
0.2759101195100786,0.00023257732,0.0008816784
0.2760061101147433,-1.7642975e-5,0.0008816303
0.2760460682404766,0.00025475025,0.000882548
0.2760968246331056,0.0005528927,0.000881295
0.27617184631696245,-0.00044858456,0.00088301575
0.27617716882192056,0.00031888485,0.00088203605
0.2762337794617882,-0.00088334084,0.000880954
0.2763918775045382,0.0011039972,0.0008816001
0.2764195792275267,-0.00042521954,0.0008828895
0.2765328950644381,0.00023674965,0.00088285515
0.276538357478733,-3.8981438e-5,0.0008824979
0.27663431985994913,-0.0001872778,0.0008818744
0.2766742998903794,0.0011041164,0.0008831225
0.2767250280595599,0.0005861521,0.0008816559
0.2768000716481137,-0.00018852949,0.00088312756
0.2768053655083731,0.00050878525,0.00088197057
0.27686203217419636,0.0012130737,0.0008815255
0.27702012263454734,0.0005296469,0.0008821154
0.27704780413773633,-0.00013428926,0.00088199275
0.27716111197079296,0.0003720522,0.0008827667
0.2771665954473874,-0.0013133287,0.00088236696
0.2772625296046408,8.785725e-5,0.00088171364
0.2773025315402823,0.0002757311,0.00088227435
0.2773532310641471,0.000805974,0.00088183745
0.27742829697905935,-0.00036293268,0.00088388025
0.27743356219492854,-0.0015586615,0.0008821765
0.2774902853081631,0.00066924095,0.00088165054
0.27764836734340914,-0.0011671782,0.0008815713
0.2776760290480489,-0.00037783384,0.00088253035
0.27778932845579485,0.00014126301,0.00088211254
0.2777948338377034,-0.0011300445,0.00088171
0.27789073934984665,-0.0011829138,0.0008815682
0.2779307631905965,0.0003311634,0.00088257174
0.2779814340694541,0.00038063526,0.00088141265
0.27805652231051914,0.0014640093,0.0008839897
0.27806175888107265,0.0012947321,0.00088205753
0.2781185380208797,5.9843063e-5,0.00088191323
0.2782766124734182,0.0014140606,0.0008816473
0.2783042539576416,0.001127243,0.0008833299
0.27841754536163554,-0.00047290325,0.0008824708
0.27842307180635784,0.00026226044,0.00088170666
0.2785189490950526,0.00034332275,0.0008829532
0.27855899441924925,0.00019145012,0.00088215293
0.2786096374959084,-0.00014460087,0.0008824355
0.2786847476419789,-0.0002413392,0.0008833515
0.27868995556721676,0.0006825924,0.00088166463
0.27874679115453804,-4.0709972e-5,0.000881346
0.27890485718217717,0.0010020733,0.00088148576
0.2789324788676455,0.0003029108,0.0008822028
0.27904576184694596,-0.0006467104,0.00088197883
0.27905130977501225,0.0014491081,0.00088245503
0.27914715883995,-0.0005835295,0.00088162743
0.2792378405004956,-0.00045782328,0.000881989
0.27931297297292446,-0.00079005957,0.0008832758
0.2793181522533609,-0.0003899932,0.00088188745
0.2793750438667405,-0.00040364265,0.00088139006
0.2795331023120834,0.00046396255,0.00088178593
0.27956070377775244,-0.0010635853,0.0008821588
0.2796739787533008,0.00014829636,0.0008818984
0.27967954774366666,2.861023e-6,0.0008818507
0.2797753685848473,0.001119256,0.0008826602
0.27981545771936345,0.001160264,0.0008820488
0.27986604350539124,0.00035345554,0.0008816226
0.27994119830438435,0.0006541014,0.0008828705
0.2799463489399163,0.00038850307,0.0008821119
0.2800032970003987,-0.0010926723,0.0008823458
0.280161347021048,-0.00015711784,0.00088193174
0.2801889286880649,0.0017436743,0.0008823837
0.28030219523799416,-0.00076025724,0.00088186155
0.2803077861335712,1.1444092e-5,0.00088241254
0.2804035783298475,0.0003950596,0.0008820011
0.28044368936936914,0.0002706051,0.00088243093
0.28049424693194835,0.0001899004,0.0008820831
0.28056942363584414,-0.000685513,0.0008829229
0.28057454562606043,-0.00018423796,0.0008819127
0.28063154971321824,-0.00034171343,0.00088156946
0.28078959215126287,-0.0010024905,0.0008814978
0.2808171535979661,0.00086700916,0.0008827488
0.2809304121445546,-0.00015735626,0.0008819352
0.28093602410263707,-0.00026881695,0.00088163593
0.2810317876538033,-0.00024688244,0.00088144816
0.28107192101927203,-0.00033646822,0.0008819535
0.28112244993725544,0.0019733906,0.0008827855
0.2811976489669954,0.0012372732,0.00088340655
0.28120274231220443,-0.0002644062,0.0008825262
0.2812598024256263,-0.0010640025,0.00088165427
0.2814178368597132,-0.00080537796,0.0008815205
0.2814453785078672,-0.0011622906,0.00088222825
0.2815586286296594,0.00024676323,0.0008824292
0.2815642620712915,-0.0009455085,0.00088227936
0.2816599973987006,0.00055634975,0.00088201766
0.2817001526691749,0.000692606,0.0008831484
0.28175065294215107,8.46386e-6,0.0008817869
0.28182587429814665,0.00080919266,0.0008831798
0.2818309389987599,0.0015621185,0.000881831
0.28188805555928453,0.00060892105,0.0008813758
0.2820460815683694,0.00034844875,0.0008817072
0.2820736034181798,-0.0011265874,0.0008818069
0.2821868451146613,-0.0006018281,0.00088210276
0.2821925000399459,-0.0007072091,0.0008818862
0.28228820714370084,-0.00015062094,0.0008819918
0.2823283843190777,9.286404e-5,0.0008826647
0.2823788559470467,-0.00075656176,0.0008813279
0.2824540996294007,0.00023674965,0.0008831553
0.282459135684904,-0.0007773042,0.00088174385
0.2825163082716927,-2.2828579e-5,0.00088094984
0.28267432669858417,0.00014650822,0.00088154903
0.282701828328081,-0.0008699298,0.00088203105
0.28281506202091333,0.0006315708,0.000882254
0.28282073800901175,3.4332275e-5,0.00088168005
0.2829164168889068,0.00027525425,0.0008814654
0.2829566155481419,0.00039350986,0.00088256935
0.283007059373501,-0.0013344884,0.00088140427
0.2830823249608605,7.712841e-5,0.0008835725
0.28308733237145944,6.937981e-5,0.0008817614
0.2831445614057624,0.0014863014,0.00088203046
0.28330257140734316,0.0010169744,0.00088174647
0.2833300532377764,-0.00058841705,0.0008821938
0.2834432785058123,-0.0003810525,0.0008822057
0.2834489763989163,0.0005694628,0.0008819156
0.2835446266338041,0.0014891624,0.0008815846
0.2835848471980448,-7.122755e-5,0.0008830879
0.28363526237849956,-0.00026929379,0.0008821383
0.28371055029201186,0.00014865398,0.0008833365
0.2837155290578093,8.46386e-6,0.0008814993
0.283772814118479,-0.0007556081,0.0008806191
0.2839308165372494,0.001127243,0.0008819216
0.2839582781478833,0.0017191172,0.0008824596
0.2840714949910199,0.0003554821,0.0008823818
0.2840772143675707,-0.00082081556,0.00088345964
0.28417283637911284,0.0006066561,0.0008821698
0.28421307884794755,-0.0006351471,0.00088216976
0.28426346538298386,0.00027227402,0.0008816085
0.2843387756229574,0.00082337856,0.0008829618
0.28434372574374767,-7.212162e-6,0.0008820711
0.28440106683057864,-0.00047546625,0.0008816195
0.28455906124590546,-0.0013465285,0.0008812375
0.28458650305819577,-4.3034554e-5,0.00088264537
0.28469971189727195,-1.847744e-6,0.0008823128
0.28470545233622513,-0.00042688847,0.0008815979
0.2848010461244216,0.0005854368,0.00088218297
0.2848413104982618,-0.00028568506,0.000882414
0.28489166838829094,2.8252602e-5,0.0008825309
0.28496700095452,0.0011478662,0.000883151
0.2849719224303031,0.00053191185,0.00088210404
0.28502931996423686,-0.0003566742,0.00088203885
0.285187305954973,-0.00067424774,0.0008816983
0.28521472754684685,0.0010809898,0.00088283885
0.2853279283821709,-0.0002632141,0.0008820772
0.28533369030498246,7.867813e-6,0.0008818113
0.2854292554476574,-0.0005053878,0.0008818654
0.28546954214816467,-0.0003745556,0.00088234677
0.28551987181484806,-0.00056403875,0.0008817253
0.28559522628587697,-0.0008749962,0.0008832028
0.28560011911665284,-5.298853e-5,0.0008817249
0.2856575726770564,0.0008113384,0.0008811508
0.28581555108508494,-0.00047075748,0.0008816269
0.2858429524571594,1.66893e-5,0.0008833042
0.2859561448673785,0.00018846989,0.00088274677
0.2859619282739454,0.00044631958,0.0008819918
0.2860574651925548,0.0011640787,0.00088233134
0.2860977733768174,8.9883804e-5,0.0008824248
0.2861480748197437,0.0014970303,0.00088279974
0.2862234516170282,-0.00047677755,0.00088336674
0.2862283158025912,-0.0010633469,0.0008813887
0.28628582538946445,0.00060498714,0.0008818298
0.2864437957935353,0.00079989433,0.00088150194
0.2864711773670606,-0.00043916702,0.0008824459
0.28658436177363056,0.0008535385,0.0008826511
0.2865901662425998,0.0002937317,0.00088202365
0.28668567493786357,-0.00088340044,0.00088161696
0.2867260050267203,-0.00018435717,0.00088216324
0.28677627782494797,0.0012180805,0.0008817214
0.2868516769482824,0.0011228323,0.0008832138
0.28685651248873534,-0.0009506345,0.00088141096
0.28691407810187264,0.0007519722,0.00088215555
0.2870720405021915,-0.00070244074,0.0008818385
0.28709940227696173,8.46386e-6,0.00088209595
0.28721257825852964,-0.0011839867,0.00088183745
0.2872184046326073,-0.00076186657,0.0008822267
0.28731388468276087,0.00077962875,0.00088110217
0.2873542366766231,0.0012083054,0.0008824739
0.2874044808299464,0.00038981438,0.00088202226
0.28747990227953646,0.0010068417,0.00088439195
0.28748470875404064,0.0007889271,0.00088284543
0.28754233123553086,-0.00068736076,0.0008813652
0.2877002856320977,0.00034606457,0.0008815092
0.28772762718686296,-0.00010830164,0.0008822524
0.28784079474363433,-0.0010340214,0.0008817093
0.2878466426015702,0.00038552284,0.00088174385
0.2879420944276583,-0.00078457594,0.00088186195
0.2879824683269373,-0.0009999275,0.0008816308
0.28803268383484215,-0.0010344982,0.0008817885
0.28810812761089344,0.000995636,0.00088302087
0.2881129054404933,-0.0006008148,0.0008816607
0.28817058394804185,0.00046622753,0.0008816299
0.2883285303407538,0.0004975796,0.00088176253
0.28835585209676406,-0.00053840876,0.00088232703
0.28846901164988636,0.0010914803,0.0008832155
0.28847488057022463,0.00015366077,0.00088177505
0.2885703037517169,-0.00017940998,0.0008816677
0.28861069955559004,0.00012493134,0.0008822854
0.2886608868399435,-5.2392483e-5,0.0008811096
0.2887363529421476,-0.00016903877,0.0008830049
0.2887411021267402,0.00013768673,0.0008825446
0.28879883666075856,0.00041127205,0.0008816277
0.2889567750498213,4.339218e-5,0.0008822752
0.2889840765858265,0.00015175343,0.00088243454
0.28909722813488825,-0.0007710457,0.0008822308
0.28910311853898196,-0.00014281273,0.00088201475
0.28919851349702563,-0.00079864264,0.0008815819
0.28923893120549293,-0.0016679764,0.0008819222
0.2892890902661921,0.0009589195,0.0008825607
0.28936457827299034,5.2809715e-5,0.00088323187
0.2893692988128843,-2.783537e-5,0.0008818193
0.28942708937316663,0.00089240074,0.00088133966
0.28958502017972754,0.00047159195,0.000881342
0.2896123014957277,0.00030207634,0.0008827406
0.28972544461999294,-0.0011641383,0.00088247214
0.2897313565077392,0.0006855726,0.00088221615
0.28982672324192293,-0.0013998747,0.000881341
0.28986716285580716,-0.00072205067,0.0008818083
0.28991729327119053,-0.000187397,0.0008820398
0.28999280360455293,-0.00016009808,0.00088282657
0.28999749549923404,-0.00046128035,0.0008814171
0.29005534250682485,0.00019645691,0.00088141067
0.2902132648883837,0.0009586811,0.0008812052
0.2902405264056288,0.0004286766,0.00088220247
0.29035366110499483,-0.00054210424,0.00088254537
0.2903595944763936,0.00035440922,0.00088182325
0.2904549329865118,-0.0013034344,0.00088150287
0.29049539450571005,0.00058197975,0.0008827507
0.2905454962760863,-0.00039821863,0.0008814232
0.2906210289360127,-7.0929527e-6,0.000883286
0.29062569218548107,0.00022423267,0.0008818531
0.29068359521933584,-0.00028824806,0.00088162656
0.29084150959745125,-0.00018113852,0.0008815315
0.2908687508946912,7.033348e-5,0.0008822733
0.29098187801124686,-0.0017367601,0.0008814079
0.2909878324452537,0.00080001354,0.0008818875
0.2910831423104676,-0.00044250488,0.0008817942
0.2911236257343628,-0.0004798174,0.00088191853
0.29117369928129044,-0.00024992228,0.0008818678
0.2912492542672669,-0.0013648868,0.0008835214
0.291253888871728,0.0008958578,0.0008821502
0.29131184793184683,0.0003015995,0.0008816336
0.29146975430610733,-0.0005723834,0.0008816974
0.29149697580459244,-0.0009741783,0.0008818548
0.29161009449614594,0.0010789633,0.0008822107
0.29161607041401105,-0.00063854456,0.0008817011
0.29171135205577636,0.00016057491,0.0008823425
0.29175185738426557,-0.00044101477,0.00088218536
0.2918019022864946,0.0019408464,0.00088231615
0.29187747959862376,-0.00041145086,0.0008828761
0.29188208513682756,-0.00076544285,0.00088128034
0.29194010064446063,0.0005004406,0.00088182325
0.29212520071449355,-0.00045979023,0.00088165986
0.29223831098135344,-0.00010585785,0.0008821746
0.2922443083827684,-0.0005915165,0.00088201714
0.2923395618002623,0.0029257536,0.0008824811
0.29238008903427126,-0.00010120869,0.00088162627
0.2924301052911846,0.00042903423,0.00088117475
0.2925057049297751,0.0003848076,0.0008834639
0.2925102818230745,0.0005829334,0.0008819083
0.2925683533569716,0.00016820431,0.00088206265
0.29272624414466974,0.00019443035,0.0008819425
0.2927534256248061,0.0002554655,0.00088248705
0.29286652746656106,0.00043058395,0.000883558
0.2928725463516284,0.00127244,0.0008823652
0.2929677715455711,-0.00025838614,0.00088209484
0.29300832026323265,9.787083e-5,0.0008824041
0.2930583082963888,0.0013574362,0.00088245404
0.2931339302610292,0.00087463856,0.0008839064
0.2931966060694826,0.0013849735,0.00088165014
0.29335448885342863,0.000218153,0.00088165584
0.2933816501134572,0.00093972683,0.0008825352
0.29349474437250456,0.00034749508,0.0008828512
0.29350078432038573,-0.00036376715,0.00088233023
0.2935959808696297,-0.0007882118,0.0008821927
0.2936365519131354,-0.0012304187,0.0008821609
0.29368651130159307,0.001979351,0.00088235736
0.29376215559228325,-0.0004491806,0.0008828787
0.29376667519567123,-0.0009326935,0.0008813719
0.29382485920314083,-0.00011116266,0.0008814473
0.29398273356239335,-0.0013641715,0.0008811815
0.2940098750233583,0.0005785227,0.00088265265
0.29412296085760925,0.0007431507,0.0008823714
0.29412902228914306,0.0006939173,0.0008821848
0.294224190614527,-0.0005303025,0.0008816928
0.2942647835631411,-0.0015021563,0.00088180415
0.2943147147275331,-1.8298626e-5,0.0008816565
0.29439038050218447,-0.0002246499,0.00088352925
0.29439487188191815,0.00066387653,0.00088244525
0.294453111915549,-9.280443e-5,0.0008822153
0.29461097827104943,7.5101852e-6,0.00088180345
0.29463809951200937,-0.0018493533,0.0008817543
0.29475117734291967,-0.0005763173,0.00088227686
0.29475726025779747,0.0008639097,0.0008821357
0.2948524003594244,0.0002913475,0.0008818556
0.2948930147921024,0.00028169155,0.0008823436
0.2949429177326345,0.00074231625,0.0008825012
0.29501860583364425,0.00019991398,0.00088339736
0.29502306814691504,-0.00064337254,0.0008816308
0.29508136462836854,-0.0010212064,0.00088146125
0.29523922340105857,-6.854534e-5,0.0008818321
0.2952663244223219,-0.00074762106,0.0008821471
0.295379393827613,0.00046372414,0.0008825721
0.29538549822604054,-0.00037544966,0.00088196545
0.29548060968307166,0.00019526482,0.00088164705
0.2955212464420053,0.00073611736,0.0008824233
0.29557112073794156,0.00020980835,0.0008814086
0.2956468311648983,-0.000705719,0.00088332593
0.29565126483326476,0.0007764101,0.0008817379
0.2957096173407766,6.997585e-5,0.0008810617
0.2958674681100232,-0.00083494186,0.0008815857
0.2958945493326345,-0.001201272,0.00088192784
0.2960076103125121,-0.00087714195,0.0008814619
0.2960137361951063,-0.00033324957,0.00088171277
0.2961088194283804,-0.00090777874,0.00088135217
0.29614947767076083,9.10759e-5,0.00088233256
0.2961993237428372,-0.00040334463,0.0008819082
0.2962750564960497,0.00038409233,0.0008836812
0.29627946151940887,0.000918746,0.0008827657
0.29633787005277346,0.00083851814,0.0008815995
0.29649571281867937,-0.0006943345,0.0008814584
0.2965227738208741,0.0012111664,0.00088193594
0.2966358267977197,-0.0013340116,0.000881978
0.29664197416417215,3.9458275e-5,0.00088287686
0.2967370291732777,4.2438507e-5,0.0008815899
0.2967777093207665,0.000756979,0.0008822565
0.29682752674773283,-0.0004990101,0.00088157144
0.29690328182750947,0.00043201447,0.0008832814
0.2969076582056558,1.2755394e-5,0.0008821377
0.296966122765593,-0.00011020899,0.0008814083
0.29712395752743825,-0.00040763617,0.0008810728
0.29715099873118667,0.0006403923,0.00088249845
0.29726404370417736,0.00021362305,0.0008830913
0.29727021213282656,-0.00058305264,0.0008817489
0.297365238496925,6.258488e-5,0.00088257174
0.2974059409706694,-0.00043839216,0.0008822638
0.2974557297527314,0.00043344498,0.0008820548
0.29753150715876353,-0.0007341504,0.0008833155
0.2975358544708583,-0.0002759695,0.0008816783
0.2975943754784124,-0.0007736683,0.0008823086
0.29775220223619725,-0.00017684698,0.0008820034
0.2977792232202491,0.000359416,0.0008823432
0.29789226018907644,0.00026011467,0.00088268745
0.29789845010148097,1.7046928e-5,0.00088210334
0.2979934482422337,0.0010483265,0.0008822784
0.2980341721995279,6.496906e-5,0.0008823663
0.29808393275793554,-0.0007173419,0.0008812653
0.29815973206866475,3.4213066e-5,0.0008836349
0.29816405115741373,-0.00032657385,0.00088222756
0.29822262819082057,-0.00067067146,0.0008809882
0.298380446944442,0.0004284382,0.0008822883
0.29840744812973885,-0.00091820955,0.0008823696
0.29852047667407833,0.0014528036,0.000882189
0.2985266880701355,-0.00019490719,0.00088171504
0.29862165798713114,-0.0007086396,0.00088181125
0.2986624038495336,-0.0006559491,0.00088287826
0.2987121357628313,-7.6293945e-5,0.0008811784
0.298787957399816,-0.00071555376,0.0008841571
0.29879224784355785,0.0016833544,0.00088185526
0.29885088090322875,-0.00019282103,0.00088109233
0.2989357646310722,-0.00055235624,-2.9686356e-5
0.29900869207475966,0.0008453131,0.00088145485
0.2990356730397429,-0.0007123351,0.00088241475
0.29914869315928594,-0.0010377765,0.0008814204
0.29915492603920124,-0.00032383204,0.0008822046
0.29924987127501335,-0.00039696693,-2.9686356e-5
0.2992906350782891,-0.0005105138,0.0008817227
0.29934033876782973,-0.00011563301,0.00088105176
0.29941618273096726,-0.0004416108,0.00088279933
0.29942044452970185,0.0011023283,0.00088268676
0.29947913361563683,-0.0016341805,0.00088112993
0.2995639779189545,-0.0002515316,-2.9686356e-5
0.2996369367837243,-0.0005630851,0.000881665
0.2996638975287025,0.0003927946,0.0008824664
0.2997769096441849,8.46386e-6,0.00088227977
0.29978316400785576,0.0006533861,0.0008821957
0.29987808456289555,-0.00011605024,-2.9686356e-5
0.2999188667283976,0.0009585619,0.00088298623
0.2999685417730339,0.0014022589,0.00088251365
0.30004440806252985,-0.0006684661,0.00088278344
0.30004864079500726,-0.0007367134,0.0008817328
0.30010738632845635,0.001090765,0.00088236004
0.3001921912068367,3.9339066e-5,-2.9686356e-5
0.30026518149248327,0.0007792711,0.0008819832
0.30029212243901504,0.0008648634,0.00088299747
0.30040512612887826,0.0011225939,0.0008829813
0.30041140197630445,-0.00063866377,0.0008833669
0.30050629785077787,0.00017476082,-2.9686356e-5
0.3005470983784033,0.00027775764,0.0008823326
0.30059674477792964,-0.00037246943,0.00088171416
0.3006726333936811,9.846687e-5,0.0008831843
0.30067683748115137,0.00055241585,0.00088220387
0.30073563904086453,0.002247572,0.0008814804
0.30082040449471903,0.00033009052,-2.9686356e-5
0.30089342620113935,1.1444092e-5,0.00088188855
0.3009203469276661,-0.00034731627,0.00088255224
0.3010333426140859,-0.0014007092,0.00088201684
0.3010396399451646,-0.00038671494,0.0008825044
0.3011345111386601,0.00046563148,-2.9686356e-5
0.301175329607159,0.00029814243,0.0008828146
0.3012249477832366,-0.00036621094,0.00088162336
0.30130085830358233,0.0012540817,0.0008833548
0.30130503416708976,-0.0015521646,0.0008814179
0.3013638917530669,-0.0006569624,0.0008811931
0.30152167090979554,-0.00013065338,0.00088192313
0.3015485718372587,-0.0003825426,0.00088185305
0.3016615590992935,-0.0018996,0.00088190945
0.30166787791423044,0.00061917305,0.00088205124
0.30180356125706187,-0.0011377931,0.00088256004
0.3018531507885437,-0.00020110607,0.0008821255
0.3019290836351449,-0.0005424619,0.00088289805
0.30193323043218945,0.0015473366,0.00088260387
0.30199214446547507,0.0019663572,0.00088173395
0.30214991561886306,-0.0008863807,0.0008810583
0.3021767963262183,3.874302e-5,0.0008822467
0.30228977558419257,-0.00014853477,0.0008819041
0.30229611588288485,2.3245811e-5,0.0008821079
0.3024317924857146,-4.2021275e-5,0.00088224787
0.302481353793028,-0.0004942417,0.0008814951
0.3025573089662962,-0.0006273985,0.00088261446
0.3025614271187449,-0.0011277199,0.00088217465
0.30262039717808886,0.00066125393,0.00088138896
0.30277816032751914,-0.00047421455,0.000882612
0.3028050208152807,0.00019168854,0.0008823745
0.302917992069503,0.0003796816,0.0008826002
0.30292435385153926,-0.0003489256,0.0008826562
0.30306002413602884,0.0011364222,0.0008826721
0.3031095567979236,0.0006328821,0.0008818288
0.30318553429744755,-0.0001450181,0.0008832813
0.3031896238048889,8.46386e-6,0.00088158756
0.3032486498909084,-0.0001283288,0.0008816813
0.3034064050357639,0.0002822876,0.00088166964
0.3034332457248734,-0.00020581484,0.0008820162
0.30354620855440195,-0.0008060336,0.00088212505
0.3035525918201937,0.00014352798,0.0008826408
0.30364733426254364,0.0016126633,0.00088233955
0.3036882553646816,-0.00058734417,0.0008820065
0.3037377598032307,-0.00022774935,0.0008827289
0.30381375920776,-0.00036525726,0.0008843907
0.3038178200701943,0.00016784668,0.0008821603
0.30387690260331657,-0.0008675456,0.0008814815
0.3040346497448314,-0.00037372112,0.0008815324
0.304061470213833,-0.000723958,0.0008822669
0.30417442503930103,0.0005915165,0.00088244316
0.3041808293680094,-0.0007482767,0.00088210386
0.30427554400764667,0.0014801025,0.0008823972
0.3043164870148929,-0.001394093,0.0008821847
0.3043659623868763,0.00074005127,0.00088149967
0.30444198453891136,-1.1265278e-5,0.00088364223
0.3044460167563384,-0.0001232624,0.0008816745
0.304505155315519,-0.001090467,0.00088167575
0.30466289445389894,0.0011763573,0.00088120217
0.30468969512414545,1.0609627e-5,0.0008826373
0.3048026415242001,-0.00019955635,0.00088232616
0.3048090673366639,0.00083351135,0.00088201714
0.30490375333139685,-0.0005401373,0.0008820492
0.30494471824385416,-0.0012646317,0.00088216783
0.30499416539177193,-7.95722e-5,0.00088134926
0.3050702098700626,0.00030362606,0.0008837667
0.3050742134424824,0.0009975433,0.00088205084
0.3051334076069856,-2.9146671e-5,0.0008815654
0.305291139162555,-0.0005809665,0.00088143843
0.30531791961279653,-0.0008378029,0.0008818599
0.305430858009202,0.0018330812,0.0008820145
0.3054373053051126,0.00058186054,0.000881895
0.3055319630759856,0.00055134296,0.0008823939
0.3055729498935513,-0.00024932623,0.00088204595
0.305622368397079,-0.00037372112,0.0008815758
0.30569843520121387,0.00091362,0.0008834006
0.30570240970778784,0.00029182434,0.00088214956
0.3057616603197022,0.0007838011,0.00088141626
0.3059193838712112,0.0016015768,0.0008822151
0.30594614452269775,-0.0010854006,0.0008822176
0.3060590744944096,-0.00016188622,0.00088237005
0.30606554327407554,-0.0012196898,0.00088203035
0.30616017240004423,0.001355648,0.00088223466
0.30620118112220407,0.00065636635,0.0008822589
0.306250571402386,-6.93202e-5,0.0008816555
0.3063266601115264,0.0011726618,0.00088354514
0.30633060639393184,0.0006593466,0.00088206877
0.30638991303190466,6.4611435e-5,0.0008813462
0.3065476285798673,6.604195e-5,0.0008817474
0.3065743690113488,6.842613e-5,0.0008823336
0.3066872909793086,7.331371e-5,0.0008822019
0.3066937812430386,0.0006287098,0.0008820512
0.30678838214514725,-2.9325485e-5,0.0008822503
0.3068294127724155,0.00039982796,0.0008825916
0.30687877440728173,0.0012904406,0.00088254537
0.3069548854428833,-0.00062555075,0.0008829702
0.30695880308007595,0.00010788441,0.0008815824
0.30701816574431284,-0.00017684698,0.0008811892
0.3071758732889348,-0.0007379651,0.00088148704
0.30720259350041124,-0.0008316636,0.0008817788
0.307315507464619,8.46386e-6,0.0008823143
0.307322019211693,0.00056397915,0.000882075
0.3074165914685889,-0.00044053793,0.0008826392
0.30745764400117104,0.00015032291,0.0008823995
0.30750697741217736,0.0007442236,0.0008823553
0.30758311077382894,0.00030350685,0.00088320306
0.3075869993449699,-0.00017160177,0.000882274
0.3076464184567209,-0.00021511316,0.00088221644
0.3078041179975909,0.001177311,0.0008817968
0.30783081841031235,0.0006657839,0.00088242727
0.3079437239499294,0.0005078316,0.00088279444
0.30795025675909726,-3.761053e-5,0.0008817726
0.30804480121389755,0.0015832186,0.0008824132
0.3080858756510739,-0.0001219511,0.0008827684
0.30813518041748444,2.5749207e-5,0.00088225823
0.30821133568373005,0.00059580803,0.0008832904
0.30821519603152536,-4.6491623e-5,0.0008815763
0.30827467116954044,-0.0003732443,0.0008812521
0.30843236270604135,0.0011210442,0.0008819268
0.3084590428989634,0.001362443,0.0008823696
0.30857194043441716,0.0014220476,0.0008827007
0.3085784947278546,0.0014588833,0.0008825521
0.30867301053775054,0.0007356405,0.0008819125
0.30871410687972667,0.0018476248,0.0008821521
0.3087633834223801,-8.362532e-5,0.0008810659
0.30883956101529275,-0.00046908855,0.000883756
0.30884339229672797,-0.0008611083,0.00088170025
0.3089029234609042,0.000549078,0.0008815501
0.30906060741469754,-0.00010174513,0.00088233064
0.30908726738802583,0.00017821789,0.00088236254
0.30920015691941904,0.00040519238,0.0008822909
0.30920673269681753,0.0016168356,0.00088189635
0.30930122028275076,0.00014448166,0.00088214694
0.30934233810879086,-0.00019413233,0.0008828986
0.3093915860056142,0.0005764961,0.00088223245
0.309467786346444,-0.0011678338,0.00088306883
0.30947158898256344,0.00041866302,0.00088169234
0.30953117617310666,0.0010854006,0.0008821465
0.30968885212366215,0.00016748905,0.00088170863
0.3097154918766769,-0.0008417964,0.00088213285
0.30982837340462666,-0.00023889542,0.0008821431
0.30983497066547205,-0.00015771389,0.00088219164
0.30992942960670655,-0.00056540966,0.0008826321
0.30997056975889936,0.00012099743,0.00088224025
0.3100197890109213,-8.821487e-6,0.00088150264
0.3100960112563451,0.0005737543,0.0008831648
0.3100997856691189,-0.00034499168,0.00088204496
0.31015942888551473,-4.696846e-5,0.0008814589
0.31031709683262676,-0.00011485815,0.00088292337
0.3103437167865781,0.00072979927,0.0008828109
0.3104565898895256,-0.0014954209,0.0008821894
0.31046320863392074,-1.3589859e-5,0.0008821505
0.3105576389303538,-0.00049108267,0.00088191667
0.3105988009873464,0.0018230677,0.00088266365
0.3106479920162284,-0.0002580285,0.00088157796
0.31072423658749637,0.0007175207,0.0008833356
0.3107279819342186,-0.0007107258,0.0008813854
0.31078768159833425,-0.0004401207,0.0008810774
0.31094534154128295,-8.863211e-5,0.00088194653
0.31097194127564054,8.46386e-6,0.00088237296
0.3110848063745275,-0.00016003847,0.00088238064
0.31109144618173645,-0.00036621094,0.00088170264
0.31118584867535404,0.00022554398,0.0008827197
0.31122703263724927,-0.0005467534,0.00088246027
0.311276195021124,0.0003554821,0.0008812636
0.3113524619190591,0.0013024807,0.00088318466
0.31135617862015696,-0.0011451244,0.000881457
0.31141593431074244,0.00061285496,0.0008812765
0.3115735862497334,0.00035452843,0.0008813777
0.3116001657642916,0.00042676926,0.0008819586
0.3117130228597351,-0.00011688471,0.00088250963
0.3117196841505966,-0.00012785196,0.00088241516
0.3118140579991041,0.0009804964,0.00088234135
0.31185526386631335,0.00043845177,0.00088234944
0.3119043980263282,-0.0004121065,0.00088139385
0.31198068682937163,0.0007020235,0.0008840736
0.3119843748854624,0.00014185905,0.0008818584
0.3120441866019005,1.1444092e-5,0.00088143523
0.312201830958698,-0.0006095171,0.0008814288
0.3122283906741927,0.00041651726,0.0008825345
0.3123412389237954,0.00028324127,0.00088183244
0.3123479221193539,1.1444092e-5,0.0008820717
0.3124422677440014,0.00069379807,0.000882568
0.3124834950949661,-0.00014609098,0.0008818837
0.31253260103132674,0.0006444454,0.00088176294
0.31260891216011144,0.00022435188,0.00088308135
0.3126125715718121,6.2704086e-5,0.0008818242
0.31267243931430855,-0.00091534853,0.0008817495
0.31283007566766274,0.0016621351,0.0008818289
0.3128566151628438,-0.0013311505,0.00088271406
0.3129694554086945,0.00034093857,0.00088319805
0.312976159666861,0.0006824732,0.00088191323
0.3130704770678544,-0.001219213,0.0008820015
0.313111726744869,-0.0004671216,0.00088219444
0.31316080361497234,-0.000533998,0.0008816578
0.31323713707001266,3.2782555e-5,0.0008831544
0.313240767836809,0.00025331974,0.0008820117
0.31330069202671673,0.0010877848,0.00088148424
0.31345831995486306,-0.0014624596,0.0008815384
0.3134848396514949,0.0010631084,0.0008835947
0.313597671893285,0.00057423115,0.0008834675
0.3136043976355155,0.0003620386,0.0008822369
0.3136986863916045,-0.00044864416,0.00088250317
0.3137399579735217,0.0010205507,0.0008822613
0.3137890066201765,0.000115156174,0.0008813711
0.31386536240157525,0.00026130676,0.00088324543
0.3138689645232615,0.00011253357,0.0008821429
0.3139289443182861,-0.00083994865,0.0008811981
0.31408656466351914,1.1444092e-5,0.0008819082
0.3141130641405573,0.0005595684,0.00088290416
0.31422588837849263,0.000119805336,0.0008818887
0.31423263560437564,-0.0012580156,0.0008828118
0.3143268961368104,-0.00058710575,0.00088216906
0.3143681892025858,0.00017726421,0.00088229345
0.31441720962517505,0.00010347366,0.00088256045
0.3144935877327265,0.00018513203,0.0008833087
0.3144971607881555,8.46386e-6,0.0008818619
0.3145571970306943,-0.00019657612,0.00088133814
0.31471480937258667,0.0008801222,0.000881412
0.31474128862920836,-0.0002850294,0.0008823424
0.31485410486380305,0.00039362907,0.00088284706
0.31486087357313286,-0.00036120415,0.0008823295
0.314955105460869,0.0009306669,0.0008825902
0.3149964208527972,0.0007466078,0.000882126
0.3150454126300707,-0.00025987625,0.00088168937
0.31512181264262773,-0.00015860796,0.00088355195
0.3151253574744024,-0.00045448542,0.0008817531
0.31518544974310236,0.0001449585,0.0008813795
0.31534305408144847,-0.00042259693,0.0008818298
0.3153695135395209,1.001358e-5,0.00088205066
0.3154823213483935,0.0007236004,0.00088232284
0.3154891111202287,0.00026333332,0.0008815025
0.3155833152054578,0.0005630255,0.0008824113
0.31562465208114143,0.00014579296,0.0008823632
0.3156736152137162,0.0018092394,0.0008822018
0.3157500379738818,-0.0003643632,0.0008834086
0.3157535537393993,0.00059223175,0.0008827501
0.3158137020343632,0.00050604343,0.0008815091
0.31597129879010466,0.0006196499,0.00088139204
0.3159977380284804,0.00032377243,0.00088243996
0.31611053741235096,0.00030875206,0.0008823852
0.31611734908929445,0.0007363558,0.0008826049
0.31621152452920787,-0.0008493066,0.00088335207
0.3162528833097942,-0.0011640191,0.00088243425
0.31630181821892045,0.00025486946,0.00088139024
0.31637826288409154,0.00019800663,0.00088349154
0.3163817504255434,0.00038325787,0.0008823897
0.3164419547468742,4.2796135e-5,0.0008823335
0.316599543498555,0.000118136406,0.00088174053
0.31662596251682296,0.00025320053,0.00088272186
0.3167387538976615,-0.000103235245,0.00088206807
0.3167455870582575,0.000695467,0.00088196434
0.31683973385306086,8.46386e-6,0.00088283344
0.3168811149601084,0.00022149086,0.0008826406
0.3169300212241246,-0.0003040433,0.0008814426
0.31700648821565414,-0.0005233288,0.0008829126
0.317009946690643,-0.0011865497,0.0008815402
0.317070207459488,1.1444092e-5,0.00088161806
0.31722778820762254,0.00033581257,0.00088186807
0.31725418700547403,0.0002579689,0.00088293117
0.31736697038256045,-0.00036782026,0.00088219193
0.3173738246057647,0.00049614906,0.0008819155
0.3174679435980611,-0.0016451478,0.000882341
0.31750934618876114,0.0004504919,0.00088219927
0.31755822422881463,0.0007919073,0.0008815758
0.31763471354639405,-0.0013163686,0.00088279956
0.31763814337689,-0.0005105734,0.0008816444
0.31769845975074895,-0.00012207031,0.00088113284
0.3178560324952343,-0.00027745962,0.0008818398
0.31788241149453644,-8.3982944e-5,0.0008819875
0.31799518686745953,0.00019562244,0.0008822801
0.3180020625744191,0.0014048815,0.00088208646
0.31809615292181115,-0.00044751167,0.00088242954
0.3181375774174139,-0.0006004572,0.0008815544
0.31818642681276865,0.00016844273,0.0008813208
0.3182629384567066,-0.0002978444,0.0008833018
0.3182663396420925,-0.00031864643,0.00088260573
0.31832671246325994,0.000436306,0.0008814291
0.31848427720368466,-0.00014168024,0.00088171504
0.3185106359831875,-0.00034427643,0.0008823215
0.3186234033523586,-0.000639081,0.000881954
0.3186303005430735,-0.00089251995,0.0008818081
0.31872436224566414,8.702278e-6,0.00088287017
0.3187658090673168,0.00027358532,0.0008822847
0.3188146298179729,-0.0015875101,0.0008814367
0.3188911637882692,-0.0005398989,0.0008830869
0.3188945359073978,-0.0009022951,0.00088188256
0.3189549647546236,0.0003080368,0.0008821764
0.31911252191234085,-0.0006389618,0.0008815312
0.3191388604718386,-0.00052404404,0.0008825466
0.3192516194164189,-9.441376e-5,0.00088181644
0.3192585380908892,-9.3996525e-5,0.0008816991
0.31935257156972274,-0.0010505915,0.00088211615
0.31939404029638085,0.00018393993,0.0008819227
0.31944283282266284,-0.00040763617,0.00088158954
0.3195193886977591,0.0008097887,0.00088398147
0.3195227325932334,-7.18832e-5,0.00088198896
0.3195832174670318,-0.0010040402,0.0008811999
0.3197407666214084,0.00049829483,0.0008819766
0.319767084960901,-0.00063049793,0.0008823975
0.31987983590131797,-5.9723854e-5,0.00088182045
0.31988677605954363,-0.0008019209,0.0008819146
0.31998078131462004,0.0014463663,0.0008822456
0.32002227152544505,0.00054073334,0.00088254677
0.32007103540661697,1.168251e-5,0.0008808645
0.32014761402901315,0.00044190884,0.00088292034
0.3201509288584359,-0.0011783838,0.0008822225
0.3202114697582926,-0.0006518364,0.0008816228
0.32036901090912284,0.0006953478,0.000882365
0.3203953094498606,-0.0002259016,0.00088271283
0.32050805238621705,-5.3048134e-6,0.0008822109
0.32051501360653667,-0.0016425252,0.0008814863
0.3206089906380617,0.00078594685,0.0008824907
0.32065050275368634,0.00013744831,0.000882251
0.32069923841182113,0.00068700314,0.0008816141
0.3207758389392228,0.00044763088,0.00088343816
0.32077912554499133,0.00029277802,0.00088222604
0.3208397224708036,-0.00055360794,0.0008812549
0.32099725561788184,-0.0014363527,0.00088202924
0.3210235339386145,0.0010045767,0.0008827252
0.32113626887152746,-0.0004222393,0.00088224077
0.3211432515756024,-2.8789043e-5,0.0008823819
0.3212371999619146,0.000341177,0.0008823431
0.32127873440369203,-0.00058430433,0.00088225596
0.3213274414167169,-0.0010181665,0.0008811265
0.3214040642707855,0.00092482567,0.0008844532
0.32140732180957676,0.0002863407,0.0008822533
0.32146797518280035,-7.659197e-5,0.000881928
0.3216255003261266,0.00020337105,0.00088162103
0.32165175842685423,0.00024831295,0.0008829939
0.3217644849351764,-0.0012361407,0.00088176935
0.3217714895446683,-0.0004363656,0.0008815964
0.3218654097072233,8.225441e-6,0.0008822265
0.3219069656326534,-0.0005964041,0.000882394
0.32195564400036236,0.00037693977,0.00088165374
0.3220322891806866,-0.0001975894,0.00088316586
0.32203551807457365,-0.00051373243,0.0008822115
0.3220962274743697,-0.00033217669,0.0008822405
0.32225374503478277,0.00050902367,0.0008828373
0.32227998291591664,-0.0007762313,0.0008826273
0.32239270142007537,8.046627e-5,0.0008821686
0.32239972709207254,-0.0010345578,0.000881486
0.32249361903066487,0.00013947487,0.00088252843
0.32253519686130616,-0.00053560734,0.0008821834
0.3225838470053609,-0.000502944,0.0008816926
0.32266051451163225,0.00013232231,0.0008840043
0.32266371476092337,-0.00075268745,0.0008818516
0.32272448018718924,0.00048565865,0.0008815376
0.32288198932260015,0.0007455349,0.00088186323
0.32290820740497905,0.000315547,0.000882339
0.3230209179053859,-8.606911e-5,0.0008822428
0.32302796506072706,0.0003144741,0.0008820807
0.32312182835451786,9.191036e-5,0.00088312477
0.3231634280899589,-0.0011339784,0.0008824475
0.3232120500105651,0.0009851456,0.0008826425
0.3232887394217391,-0.0004825592,0.00088311365
0.3232919110262287,-0.0002399087,0.000881741
0.3233527324783473,-0.00026363134,0.00088125793
0.3235102340312562,-0.0010180473,0.0008813449
0.3235364318932187,0.00038790703,0.0008836453
0.32364913396903483,-0.0012034774,0.0008819276
0.3236562026081313,0.0009486675,0.000881976
0.32375003767857646,-0.0002629161,0.00088218844
0.3237916597399646,0.0010465384,0.0008825575
0.3238402525942107,-0.00052553415,0.00088182825
0.3239169647533017,-5.1379204e-5,0.0008830774
0.3239201077123728,0.00018882751,0.0008820433
0.32398098519075547,0.00032007694,0.0008811636
0.3241384787399124,0.0007725954,0.0008818061
0.32416465638197267,0.0003721714,0.00088244677
0.3242773504539338,0.00039494038,0.0008825941
0.3242844405771972,-0.00017035007,0.00088213914
0.32437824700222373,0.0013533831,0.00088316726
0.3244198909689259,-0.00048965216,0.0008820914
0.3244684555992092,-0.00011605024,0.0008818008
0.32454518966289436,-0.0005520582,0.00088318257
0.32454830397726675,4.2676926e-5,0.00088153576
0.3246092374819135,1.1444092e-5,0.00088202796
0.3247667234486714,0.0005429983,0.0008814629
0.32479288087093217,0.000526309,0.00088272546
0.3249055669392442,0.00019347668,0.0008823639
0.32491267812460145,-0.0007522106,0.00088200474
0.3250064567475325,0.0008838177,0.00088254904
0.32504812219798995,-0.0013341308,0.0008820167
0.3250966586044134,0.0008234978,0.0008814339
0.3251734149941484,-0.0007683635,0.00088348903
0.32517650024257216,-0.00070762634,0.00088199455
0.3252374897734829,-0.00043165684,0.0008816355
0.3253949677363859,-0.0008302927,0.0008812796
0.3254211053599947,-0.00073587894,0.0008820287
0.32553378300289315,-0.0002425909,0.00088300405
0.32554091609294744,0.00033664703,0.00088293763
0.32563466607117975,0.0007545948,0.0008828719
0.32567635342633416,-0.00038081408,0.00088263355
0.325724861188059,-0.0010945797,0.0008817223
0.32580163990425526,0.0012944937,0.0008835896
0.3258046969287163,0.0005387068,0.00088179146
0.32586574248589106,-0.00011217594,0.00088131207
0.3260232124454534,0.0006636381,0.0008821887
0.32604932984864565,0.0006186962,0.000882488
0.32616199948779223,0.0005646944,0.0008820737
0.3261691540619104,0.0015002489,0.0008825289
0.3262628753948269,0.0008740425,0.0008825759
0.3263045846550897,0.0005122423,0.000882617
0.32635306419305743,-0.0014607906,0.0008816453
0.3264298648145678,-0.00046503544,0.0008835536
0.32643289319361024,-0.00030499697,0.0008815598
0.32649399477674057,-0.00015515089,0.0008812208
0.32665145715380106,-0.00024318695,0.0008831735
0.3266775543372967,0.00014317036,0.0008821691
0.32679021555144117,0.0002632141,0.00088226347
0.3267973916097261,0.0008749962,0.00088245014
0.32689108471847417,-0.0006930828,0.000882532
0.3269328158839482,0.00010919571,0.00088259927
0.32698126677701156,-0.0017816424,0.00088085845
0.32705809014571907,-0.0002874136,0.00088383886
0.32706108945891554,0.00044488907,0.0008817728
0.32712224748925145,5.0663948e-5,0.00088201097
0.3272797014413099,-0.00070130825,0.000881322
0.32730577882635925,-0.0012309551,0.0008825268
0.3274184320367516,-0.00020641088,0.0008821568
0.3274256295783805,-0.00015050173,0.0008822886
0.32751929404212143,-0.0012427568,0.00088158576
0.32756104753385107,0.0002052784,0.00088251615
0.3276094697819072,-0.0010005236,0.00088122365
0.32768631505541457,0.00051629543,0.0008833177
0.32768928614505966,-3.1888485e-5,0.00088178075
0.3277504997806152,-4.130602e-5,0.00088119734
0.3279079461501717,-0.00037294626,0.00088218716
0.3279340033150102,-0.0003695488,0.00088245777
0.3280466485219592,-0.0013481975,0.0008814568
0.3280538671257849,2.861023e-5,0.0008817747
0.32814750336618004,-0.0009782314,0.00088208047
0.3281892787626066,2.9802322e-6,0.00088250637
0.3282376723655528,0.00016498566,0.0008817132
0.32831454038687435,0.0014768839,0.00088409206
0.32831748241036496,-0.0017375946,0.0008813182
0.3283787520721846,-0.0016703606,0.00088168413
0.32853619043757776,-0.00022953749,0.0008818322
0.32856222780335276,-0.00033026934,0.00088236853
0.3286748645852996,-0.00023537874,0.0008824168
0.3286821050944393,0.00080418587,0.0008826773
0.32877571311107745,0.00040388107,0.0008824387
0.3288175099913623,0.00020301342,0.00088294345
0.3288658753708599,0.00072169304,0.00088156335
0.3289427652970841,-0.00030112267,0.0008838493
0.32894567867546465,0.00030314922,0.0008816659
0.32900700478459277,-0.0012695193,0.0008809748
0.32916443514633664,-0.0006069541,0.00088174595
0.32919045229231236,0.0013638735,0.0008826803
0.32930308107061,-0.00014853477,0.0008816237
0.329310342642255,-0.0002220869,0.00088239665
0.32940392243513605,-0.001116693,0.00088246795
0.32944574122022063,0.0006799698,0.0008819312
0.32949407795450536,0.00030612946,0.00088161044
0.3295709902067796,0.0004698038,0.0008833211
0.329573874940153,-0.0003848672,0.00088185363
0.3296352570755451,0.0007916689,0.00088333304
0.32979267985509564,-1.2278557e-5,0.0008817062
0.32981867636012474,0.0009403229,0.00088211434
0.3299312971345675,0.00024819374,0.0008822638
0.32993858018965927,-0.00076186657,0.00088161195
0.33003213175909185,-0.00013059378,0.00088233186
0.3300739724492848,4.053116e-6,0.0008820754
0.3301222809594011,0.00012409687,0.0008814274
0.3301992155382394,-0.0003619194,0.0008830462
0.330202071626297,-0.00025117397,0.00088266865
0.33026350936701165,0.00016117096,0.00088298874
0.3304209241427074,-8.165836e-5,0.00088145665
0.3304469008487757,0.00081419945,0.00088307966
0.33055951361915803,-0.0014212132,0.0008823422
0.33056681815810807,0.0016280413,0.0008822193
0.3306603410824306,-0.00026136637,0.0008820644
0.33070220367773184,2.1576881e-5,0.0008824963
0.3307504839647081,5.51939e-5,0.0008816996
0.33082744044844903,0.00088346004,0.00088322803
0.3308302678916024,0.0005810261,0.00088173215
0.33089176207972837,-0.0006045103,0.0008817313
0.33104916885177493,-0.00037282705,0.0008818608
0.3310751253378382,-0.0006006956,0.00088233245
0.3311877301040571,7.724762e-5,0.0008822814
0.33119505570551244,0.0011941195,0.00088243274
0.33128855040607785,0.0008163452,0.00088273437
0.3313304349063846,-0.00074213743,0.000882029
0.331378686548765,0.00069594383,0.0008820425
0.3314556657796003,0.00011897087,0.00088329235
0.3314584641564964,0.000325799,0.00088171783
0.3315200143706807,0.0014810562,0.0008816242
0.33167741313897525,1.1444092e-5,0.0008815862
0.3317033498264892,-0.0011886358,0.000882119
0.3318159461681174,0.0009161234,0.00088215637
0.3318232936744754,0.0009278059,0.00088204164
0.33191675973013646,-0.00020444393,0.0008826111
0.33195866613534586,-0.0013476014,0.0008828153
0.33200688955366076,0.00030648708,0.0008821213
0.3320838906895015,0.00040364265,0.000883558
0.33208666042139035,-0.00067836046,0.00088199315
0.3321482666618387,2.026558e-6,0.00088157394
0.33230565784763133,-3.4332275e-5,0.00088216807
0.33233157431514027,-0.000646472,0.00088357966
0.332444162653325,-0.0006952882,0.00088244176
0.3324515312221882,-6.7055225e-5,0.0008821316
0.3325449690537837,0.00014412403,0.0008828604
0.3325868973641015,1.9907951e-5,0.0008826018
0.3326350921369977,-0.0010348558,0.00088150485
0.33271211559950553,0.0010261536,0.000883616
0.3327148571079458,0.00026142597,0.00088174676
0.3327765193745553,0.001086235,0.00088234496
0.3329339021350374,0.0007485151,0.00088284275
0.3329597983825412,0.0014215708,0.0008830684
0.33307237871707673,0.0010983944,0.00088194956
0.3330797691908427,-0.0009302497,0.00088207563
0.333173178377431,0.00042009354,0.00088219217
0.33321512859275426,-0.00036919117,0.0008823927
0.33326329472095184,0.0007687807,0.0008818987
0.3333403409309653,-0.00011265278,0.00088396843
0.3333430533730455,0.00073742867,0.0008822198
0.3334047716660219,6.914139e-5,0.0008813981
0.33356214684369345,-0.00020700693,0.00088180526
0.33358802287119227,-0.000261724,0.0008832275
0.3337005952019758,0.00079250336,0.0008826184
0.33370800673804135,0.00038278103,0.0008822085
0.3338013877014896,-0.00037121773,0.0008822696
0.333843359821407,-0.0011316538,0.00088156847
0.3338914977262589,0.0006483793,0.00088219484
0.3339685658408664,-0.000946939,0.0008830016
0.33397124963804226,0.00038731098,0.000881708
0.33403302395717993,1.1444092e-5,0.00088239403
0.334190391552761,0.00021529198,0.0008817992
0.3342162473602547,8.46386e-6,0.0008822585
0.3343288112659333,0.00043118,0.0008820941
0.33433624428585706,-0.0005700588,0.0008820672
0.3344295970254454,0.0016443729,0.0008823457
0.3344715914716183,0.00080120564,0.0008828644
0.3345197003094931,0.0003207922,0.0008819202
0.3345967907505619,0.0003077984,0.00088337174
0.33459944590303914,0.000977993,0.00088198204
0.33466127624813224,0.00076937675,0.00088221516
0.334818635840167,0.00045776367,0.00088176585
0.33484447184890576,0.001603365,0.0008827418
0.33495702775093517,-0.00034475327,0.00088209385
0.3349644822547172,0.0006933212,0.00088194775
0.3350578067704456,0.00081670284,0.00088335475
0.3350998227005796,-0.0007503629,0.0008827309
0.33514790331480016,8.46386e-6,0.00088232715
0.3352250160821245,0.00045371056,0.00088325277
0.3352276421681387,0.00080287457,0.00088205363
0.33528952896054043,0.0026566982,0.00088218274
0.3354468805488231,-0.00087428093,0.0008822648
0.33547269591671813,-0.0008722544,0.00088259834
0.33558524381417276,-0.00056266785,0.0008825066
0.33559271980191574,-3.1352043e-5,0.0008822153
0.3356860160936814,-4.6491623e-6,0.0008824793
0.3357280539290267,0.0009204149,0.000882985
0.3357761058988571,0.00041556358,0.00088165386
0.33585324099223146,0.00011706352,0.000883077
0.33585583885438575,0.00024688244,0.0008822272
0.3359177812521098,3.2663345e-5,0.00088222156
0.3360751248366406,-0.00017476082,0.000881926
0.3361009204055748,8.46386e-6,0.00088262715
0.33621345987823303,0.0001373291,0.0008820925
0.33622095777057026,0.0005594492,0.0008825042
0.33631422541774014,0.00054836273,0.0008821573
0.33635628515767946,0.0009711981,0.0008822616
0.3364043089037527,-9.894371e-5,0.00088136975
0.33648146590213257,-0.0004556775,0.00088349386
0.3364840351189712,0.0007891655,0.00088287855
0.33654603354326784,0.0006814003,0.00088214315
0.33670336954529667,-0.0009854436,0.0008814393
0.3367291448940203,0.0004529953,0.0008827192
0.33684167636354345,0.000841856,0.0008821407
0.336849195318386,-0.00076949596,0.0008821274
0.33694243474179875,0.00081694126,0.00088211417
0.33698451638674354,-0.000451684,0.00088296784
0.33703251148770685,7.915497e-5,0.00088214496
0.33710969123338674,-0.00040519238,0.00088340405
0.3371122313842765,0.00065100193,0.00088206714
0.3371742858344259,-6.765127e-5,0.0008813098
0.3373316138327027,0.0012401342,0.00088214094
0.33735736938267125,-0.0013073683,0.00088182074
0.3374698924271924,0.0011111498,0.0008827593
0.33747743286609877,-0.0008637309,0.0008815812
0.33757064406503456,0.0016385317,0.0008826142
0.3376127476153963,0.00025975704,0.00088248466
0.3376607144927053,0.0001090765,0.00088160945
0.33773791614339066,-0.00012099743,0.00088323187
0.3377404276493762,-8.7201595e-5,0.0008818843
0.3378025381255839,-0.00046747923,0.00088172575
0.3379598585413588,0.0008530617,0.00088277995
0.3379855934504836,-0.00044876337,0.0008826511
0.3380981089124,0.00081145763,0.0008825116
0.3381056708348561,-0.00093209743,0.0008822588
0.33819885338909317,-0.00010496378,0.00088185375
0.338240978844049,-0.0003271103,0.0008818617
0.3382889170763509,0.00019967556,0.00088194676
0.3383661410534975,-0.000210464,0.000884337
0.33836862391437295,-0.00081962347,0.0008822329
0.33843079083840344,0.0005390644,0.00088146963
0.33858810282876484,0.00028800964,0.00088152295
0.3386138179391347,-0.0005784035,0.00088236475
0.33872632497615185,0.00012218952,0.0008819353
0.338733908381849,-0.00028645992,0.00088208617
0.3388270627131519,-0.00027126074,0.00088249566
0.33886921007270177,-0.0010398626,0.0008825031
0.3389943659635015,0.00054717064,0.0008837564
0.33899682017957544,0.0015531778,0.0008817637
0.33905904312987,0.0013147593,0.0008822451
0.3392163471165822,-6.198883e-5,0.0008813526
0.3392420420065356,0.00041532516,0.00088225765
0.3393545414610508,0.00054216385,0.00088258355
0.33936214592966474,0.00061297417,0.00088194956
0.33945527203679915,0.00028920174,0.00088237925
0.33949744130176596,-0.0014977455,0.0008821141
0.3395453226648921,0.00091362,0.00088155404
0.33962259129434424,0.0007420778,0.00088326464
0.33962501686571955,8.46386e-6,0.00088198215
0.3396872954207195,0.0004285574,0.0008830698
0.3398445918252384,0.00091969967,0.00088183896
0.3398702664951867,0.00077044964,0.0008822267
0.33998275752469975,-0.00068461895,0.0008820257
0.3399903838986277,2.7060509e-5,0.00088214554
0.340083480939402,-6.2823296e-5,0.0008817708
0.3401256721093743,0.00039744377,0.0008827375
0.34017352524894906,0.000874877,0.000881532
0.3402508162046568,-0.00047701597,0.00088285474
0.34025321313071644,-0.00011408329,0.00088187575
0.34031554771187755,-0.00051921606,0.0008816173
0.34047283611264434,0.00026905537,0.000882574
0.3404984909842491,0.00031030178,0.00088244
0.3406109735883487,-0.00037145615,0.00088187424
0.3406186214457235,-0.0007647872,0.00088226615
0.34071169026315207,-0.00021219254,0.00088259985
0.3407539033378213,0.00042784214,0.0008820955
0.34080172783259466,0.0005850792,0.00088180247
0.34087904111486655,-0.00060868263,0.00088352774
0.34088140939591893,-0.000106334686,0.00088161364
0.3409438000031384,-0.00028127432,0.00088204263
0.34110108082171187,-0.0006735325,0.0008823625
0.3411267150519586,0.0005350113,0.00088251557
0.3412391900736592,-0.00079780817,0.0008821392
0.3412468589931278,-0.0002452731,0.00088269945
0.34133989958690214,-0.0003143549,0.00088235474
0.3413821345668854,-0.00027823448,0.0008819197
0.3414299308377988,8.46386e-6,0.00088272826
0.3415072660248706,-9.4115734e-5,0.0008828065
0.3415096056608129,-0.0020086765,0.00088121294
0.34157205229439924,0.00050389767,0.0008817312
0.3417293251091179,-4.976988e-5,0.0008817918
0.3417549395403011,-0.00044345856,0.0008828107
0.34186740613730815,0.00060272217,0.0008825862
0.3418750965409435,-0.00091689825,0.0008822164
0.3419681089105494,-1.7404556e-5,0.00088241865
0.34201036579574384,-0.000634253,0.0008825659
0.34205813342175295,-8.827448e-5,0.0008818685
0.34213549135622745,-0.001009345,0.00088367384
0.34213780192580967,-0.0002808571,0.00088175974
0.342200304585763,0.0014795065,0.00088187755
0.34235756939652395,0.00053179264,0.000881537
0.3423831636081135,0.0011078119,0.00088298705
0.3424956222012656,6.914139e-5,0.00088217086
0.34250333451000936,-7.736683e-5,0.00088195776
0.3425963182341967,-0.00025093555,0.0008821729
0.34263859702419097,0.0004233122,0.00088323397
0.3426863360051928,-5.030632e-5,0.00088168454
0.34276371626612867,-0.0004236102,0.00088368217
0.34276599819101217,-0.0006325841,0.0008816153
0.34282855687692104,0.00062406063,0.0008820756
0.34298581410518003,0.00023794174,0.00088242505
0.343011388097073,-6.914139e-5,0.0008824921
0.3431238386864731,-0.00070363283,0.00088201667
0.34313157205741374,-0.0009925365,0.00088246336
0.3432245275582553,-0.00020986795,0.0008823716
0.3432668282528437,-0.00073343515,0.0008822726
0.343314539010397,-0.0006186366,0.00088135636
0.3433919411761327,2.1457672e-6,0.00088333886
0.3433941944563176,0.0004800558,0.0008820029
0.3434568091681819,0.000111699104,0.0008813942
0.34361405839238035,-0.00034672022,0.00088173326
0.34363961258541553,-0.0006673336,0.0008817387
0.34375205474991644,-0.0021343827,0.0008816933
0.34375980960440666,-0.0015694499,0.00088181184
0.34385273688190254,-0.00082808733,0.00088213873
0.3438950594819078,0.00052785873,0.00088307715
0.3439427415943511,-0.0006619096,0.0008811084
0.3440201660861366,-5.477667e-5,0.0008833341
0.34402239072121155,3.2186508e-5,0.00088193966
0.34408506145964846,0.0027846098,0.0008820825
0.3442423031014479,0.00013113022,0.0008818545
0.34426783665281646,-0.0014638901,0.0008819239
0.34438027081356537,0.0031694174,0.0008825112
0.3443880471522224,0.0006608963,0.00088243425
0.34448094620585834,1.9073486e-6,0.00088258187
0.34452329071086907,0.00033640862,0.00088240294
0.344570944177791,-0.0005713701,0.00088234857
0.34464839099603783,0.0005543232,0.0008843058
0.344650586985797,-0.0005250573,0.00088195055
0.34471331417205664,-1.7762184e-5,0.00088175683
0.344896061141879,-0.00030601025,0.00088298524
0.345008487298773,0.0004093647,0.00088243565
0.3450162851212881,0.0005527735,0.00088229944
0.34510915552981414,8.46386e-6,0.0008820536
0.3451515219396246,-0.00023579597,0.0008820395
0.3451991471826866,-7.5519085e-5,0.00088186306
0.3452766163274976,-0.0005720258,0.000883222
0.3452787832509995,-0.0004940033,0.00088171125
0.3453415664633175,-0.0009059906,0.00088160776
0.3454987916765685,-0.0004106164,0.0008810208
0.34552428520969125,0.00029301643,0.0008825806
0.3456367033625247,0.00048220158,0.00088362145
0.34564452266828116,-2.1576881e-5,0.0008826583
0.3457373648532557,0.0011748075,0.0008826241
0.345779753167866,0.0004439354,0.0008818155
0.34582734976674356,0.0006005764,0.0008826522
0.34590484123750165,-0.0008022189,0.00088329386
0.3459069795163049,0.0005110502,0.00088194874
0.34596981875457833,1.9073486e-5,0.000882251
0.3461270363853275,0.0004556179,0.00088204537
0.3461525096983423,0.0013943911,0.0008828682
0.34626491942617366,-0.00079631805,0.0008820552
0.34627276021578834,0.000106334686,0.00088238256
0.34636557417690295,0.00095260143,0.00088265765
0.3464079843969301,-0.00024294853,0.0008823745
0.3464555523505948,-0.00047141314,0.0008825058
0.34653306614740276,0.0005931854,0.00088301784
0.3465351757808903,-0.00024443865,0.0008817647
0.34659807104573637,0.00087976456,0.0008815192
0.3467552806727334,0.00023794174,0.00088239444
0.34678073376574325,-0.00084513426,0.0008824637
0.34689313591138127,0.0005810261,0.00088247436
0.34690099776350114,-0.0010607839,0.00088224886
0.3469937830796086,0.0006599426,0.00088249194
0.34703621520474415,-0.00069999695,0.0008826236
0.3470837553555933,-0.0010004044,0.0008817399
0.3471612910576125,0.00029695034,0.000883948
0.3471633720460928,-0.00016766787,0.000881368
0.3472263229159528,-0.00063061714,0.00088174926
0.3473835249603452,8.058548e-5,0.00088221644
0.3474089578334527,-0.00044494867,0.0008825975
0.34752135197533873,-0.0006686449,0.000883342
0.347529235732567,-0.00030261278,0.0008818488
0.34762199240335867,-0.00034302473,0.0008821983
0.34766444643298555,-0.00042039156,0.00088222214
0.34771195793934173,-0.0006789565,0.0008817073
0.34778951596761654,-0.0006367564,0.0008831487
0.3477915683113981,0.00077164173,0.00088213175
0.34785457520721375,0.0010303259,0.0008818971
0.3480117696691042,8.225441e-6,0.0008818167
0.3480371823222067,-0.00053215027,0.00088204636
0.34814956803898767,-0.0009511113,0.00088233023
0.34815747327997126,0.0019478798,0.0008824398
0.34825020172700594,-0.0005007386,0.00088257936
0.3482926776616383,0.00012338161,0.0008827685
0.34834016052319294,7.557869e-5,0.0008820563
0.34841774087751765,0.001420021,0.00088372425
0.3484197645762921,-0.0006303787,0.0008821054
0.3484828274983718,-0.00060254335,0.0008813648
0.3486400139562017,0.0007581711,0.00088207534
0.3486654063891962,-0.0004363656,0.0008825222
0.3487777841024309,0.00043988228,0.0008824264
0.3487857108271699,0.002221465,0.00088245294
0.34887841105096173,8.46386e-6,0.0008824516
0.3489209088907024,-0.0007494688,0.0008819742
0.34896836310683854,1.859665e-5,0.00088191376
0.3490459662086689,0.00020241737,0.00088347757
0.3490479608415975,-0.00093847513,0.00088117516
0.3491110797895297,0.00047385693,0.0008822657
0.3492682582440191,0.00080275536,0.00088214275
0.3492936308782587,0.001122117,0.000883431
0.3494060005877414,-0.0001540184,0.0008821696
0.34941394837478,0.0013006926,0.000882271
0.34950662037491753,0.00042438507,0.00088264426
0.34954914011976657,-0.00033545494,0.0008827121
0.34959656569058695,-0.0014015436,0.000881926
0.3496741911185701,0.00060105324,0.00088334794
0.34967615710649147,0.00017535686,0.00088157336
0.34973933208068775,0.00066125393,0.000881837
0.34989650253173366,0.00027227402,0.0008832705
0.349921854946071,0.00027763844,0.0008828301
0.35003421665159595,-0.0010721684,0.00088265893
0.3500421859225957,-0.00066149235,0.0008821691
0.3501348296985648,0.00046539307,0.00088238035
0.35017737092716916,0.00076806545,0.0008823797
0.3502247686957911,-0.0015716553,0.00088104024
0.35030241602888257,0.0006093979,0.0008837344
0.35030435337138544,4.339218e-5,0.00088186254
0.35036758437225723,-0.00045657158,0.00088236644
0.35052474724049254,-0.0014205575,0.00088130264
0.3505500790134719,0.0005172491,0.000882449
0.3506624327150393,-0.0013776422,0.00088209065
0.35067042346969146,-0.0014066696,0.00088252616
0.3507630386010647,-0.00064206123,0.0008825476
0.3508056021555134,-0.00040239096,0.00088226015
0.3508529712794367,-0.00028401613,0.00088262535
0.3509306409387838,0.0005426407,0.0008834615
0.3509325496362794,-0.0003169179,0.00088221795
0.3509958366634153,-0.0006636977,0.0008817413
0.3511529915278986,-0.0003579855,0.0008815661
0.351178303502123,-0.0020356178,0.0008820913
0.35129064877899674,-0.00038647652,0.00088262645
0.35129866101719864,0.0001348257,0.0008822324
0.3513912479250205,-0.00083738565,0.00088256923
0.35143383338447465,0.0008647442,0.00088269496
0.3514811738631851,9.286404e-5,0.0008815565
0.3515588658486849,-0.0009557605,0.0008840452
0.35156074590117337,0.00039553642,0.0008817953
0.3516240889542648,-0.00017625093,0.00088159373
0.3517812358153046,-2.8192997e-5,0.00088156946
0.3518065275695239,-1.180172e-5,0.0008824464
0.3519188648429542,-0.00142771,0.0008819259
0.3519268989860588,0.00046741962,0.00088194496
0.3520194572486678,0.00043785572,0.00088250265
0.35206206461353884,-0.00060009956,0.00088234275
0.35210937644713924,0.00046777725,0.00088191306
0.35218709075899746,-0.0007548928,0.0008833709
0.3521889421664788,0.0007917881,0.0008816712
0.35225234124573124,-0.00027686357,0.00088289985
0.3524094801030192,-7.18236e-5,0.00088134344
0.35243475205858643,2.8729439e-5,0.00088276283
0.3525470813278533,0.00040745735,0.000882323
0.3525551365338745,0.0010519028,0.0008822726
0.35264766657210933,0.0014790297,0.00088270404
0.35269029584178013,0.0012481213,0.0008824292
0.35273757903078473,-1.9609928e-5,0.00088150013
0.3528153156688987,0.00044047832,0.0008834661
0.35281713843137275,-0.0007480979,0.00088223006
0.3528805935373007,-0.00021266937,0.00088240847
0.35303772439052805,-0.00020468235,0.00088198425
0.35306297612598736,0.00021409988,0.00088310865
0.353175297391605,0.0012471676,0.00088306144
0.35318337408127887,0.0003889799,0.00088216265
0.353275875474815,-0.00017732382,0.0008829066
0.35331852664928565,7.069111e-5,0.0008820488
0.3533657820357833,8.165836e-5,0.0008818684
0.3534435405787998,-0.0004490614,0.00088344386
0.35344533469667805,-0.0010005236,0.0008815777
0.3535088454072086,2.69413e-5,0.0008817603
0.3536659690987728,-0.00085550547,0.00088167144
0.3536912001933883,0.00085008144,0.0008824652
0.35380351345535677,0.0008068085,0.00088303344
0.3538116116284775,0.00061643124,0.00088184146
0.3539040847987708,0.0011117458,0.0008826366
0.3539467578782469,0.00041341782,0.0008837163
0.3539939846197374,0.00050866604,0.00088203716
0.35407176548911234,-0.0009521246,0.0008832219
0.35407353096177774,-0.0006623864,0.00088166463
0.35413709769836665,1.2516975e-5,0.00088216254
0.35431942426120056,-0.00038409233,0.0008826546
0.3544317295192114,-0.0011550784,0.00088324415
0.3544398491761903,0.0006042719,0.0008818025
0.35453229412241805,-0.0015827417,0.00088145107
0.354574989107311,-0.0003886819,0.0008821643
0.3546221872033829,0.00067687035,0.00088146434
0.35469999039901345,0.0007144213,0.0008837799
0.3547017272264661,0.0004477501,0.0008820405
0.35476534998931897,-0.0011804104,0.0008817806
0.35494764874985163,0.00049233437,0.0008825917
0.3550599455829633,8.46386e-6,0.00088208355
0.3550680867239032,0.00042450428,0.0008823606
0.35516050344647665,9.3102455e-5,0.00088329316
0.35520322033596385,6.1392784e-5,0.00088282453
0.3552503897870285,8.46386e-6,0.000882143
0.3553282153089147,-0.00017219782,0.00088381616
0.3553299234917714,-0.00033962727,0.0008819323
0.35539360228068273,-0.00011140108,0.00088138186
0.3555507019618136,-2.0861626e-5,0.0008816767
0.35557587281725267,-0.0005532503,0.00088283466
0.355688161646715,0.00013744831,0.0008820998
0.35569632427110187,-0.00087821484,0.0008820191
0.3557887123488739,0.0002259016,0.00088244665
0.3558314511431607,-0.0009407997,0.0008833973
0.35587859237108543,-0.00012916327,0.0008815829
0.35595644064006593,0.0007312298,0.0008835134
0.3559581197568711,-0.00026685,0.0008818381
0.3560218545722521,-0.00010210276,0.00088161376
0.35617894624921964,7.593632e-5,0.0008822233
0.35620409688506494,0.00084733963,0.0008824344
0.3563163777105697,0.0007606745,0.0008821075
0.35632456181850614,1.1444092e-5,0.0008821095
0.35641692167252115,0.0005072355,0.0008823013
0.3564596823720192,0.00014662743,0.00088251964
0.35650679495514237,0.0021935701,0.0008817847
0.3565846655503785,0.0004069805,0.0008840989
0.3565863160215593,0.000202775,0.0008817473
0.3566501064419544,0.0003119707,0.0008819354
0.3568071909576701,0.0007157326,0.00088194816
0.356832321373716,0.0011556149,0.0008824482
0.35694459419557156,0.00025427341,0.0008819719
0.35695279936621904,0.0005323887,0.00088231463
0.3570451309962712,0.00025093555,0.00088252657
0.3570879136010833,-0.0015069246,0.00088204746
0.35713499753878797,-0.001077652,0.0008817166
0.3572128904604853,0.00041103363,0.000884078
0.3572145122867618,0.0011321306,0.0008822151
0.3572783587331124,-0.0013141632,0.00088121824
0.35743543524528176,8.583069e-6,0.0008822002
0.35746054544111694,0.00086176395,0.0008821544
0.3575728102593233,-0.00041341782,0.00088264345
0.35758103691393195,0.0010383129,0.00088265626
0.35767333989877115,-0.0009803176,0.00088312407
0.35771614440828026,5.8174133e-5,0.00088292774
0.35776320054337507,0.0010329485,0.00088194036
0.3578411153701808,0.0018210411,0.0008840672
0.3578427081307143,0.00034320354,0.00088116026
0.357906611024579,-0.0008409023,0.0008814681
0.35806367953309914,6.735325e-5,0.00088220986
0.3580887695089293,-4.2438507e-5,0.000883318
0.35820102632317796,-0.0005053878,0.0008820526
0.3582092744613362,1.1444092e-5,0.00088231824
0.35830154922262414,-0.0014036298,0.0008820525
0.358344375636933,-0.0007942319,0.00088217005
0.3583914031273292,-1.4841557e-5,0.00088176224
0.3584693402800819,0.00037562847,0.00088364026
0.35847090439560825,0.00024437904,0.00088141725
0.35853486331604545,-0.000569582,0.00088203134
0.35869192382019666,-0.00032514334,0.00088135
0.35871699357633025,-0.00011283159,0.0008822012
0.3588292423868269,0.0012323856,0.0008821406
0.35883751200853486,-0.00021559,0.0008825573
0.3589297585462714,0.0006388426,0.00088288594
0.35897260686579147,4.684925e-5,0.0008828727
0.35901960571138614,-0.0004799962,0.0008814728
0.3590975651903945,-0.00052165985,0.0008834206
0.359099100660605,0.0011626482,0.00088237383
0.35916311518595345,0.0012367964,0.0008820934
0.3593201681077055,-0.0014572144,0.00088145444
0.3593452176437312,0.0003656149,0.000882314
0.35945745845057875,0.0011248589,0.00088205433
0.3594657495563506,-0.0010424256,0.0008817139
0.35955796744907986,-0.0010491014,0.0008817555
0.3596008376736055,-0.000515759,0.00088223827
0.3596478082947231,0.000446558,0.0008818493
0.3597257901002957,-0.0014139414,0.000883243
0.3597272969256019,-0.00013566017,0.0008823384
0.35979136747690577,0.00012505054,0.0008819197
0.3599484123953173,0.00028514862,0.00088192883
0.35997344213238225,4.708767e-5,0.00088248076
0.3600856745145362,0.0016162395,0.00088263093
0.36009398710396057,0.00067162514,0.0008839251
0.3601861767731386,0.00063180923,0.00088286
0.36022906890225825,0.0006135702,0.00088281574
0.3602760108786772,-0.0006431341,0.00088159996
0.3603540150101968,1.1444092e-5,0.00088406086
0.3603554931907016,-0.0005143881,0.00088180846
0.36041961976837233,0.00033211708,0.000881872
0.36057665668313466,0.00078547,0.00088215066
0.3606016662001945,-0.0011184812,0.0008819939
0.36071389057818515,0.00025331974,0.0008826106
0.3607222246511592,0.00086832047,0.00088231516
0.3608143860963744,7.7843666e-5,0.0008824052
0.36085730013070527,-0.0014182329,0.0008820644
0.36090421346273416,-0.0012292266,0.0008816094
0.36098223992009804,-0.0006456971,0.00088310643
0.36098368945569836,8.46386e-6,0.00088207086
0.36104787163858876,0.0003142357,0.0008818354
0.3612049009705407,-0.0024874806,0.0008816347
0.36122989026780117,0.0012466908,0.0008825004
0.3613421066419369,-0.00041294098,0.00088284316
0.3613504621985636,0.0005431175,0.00088246213
0.36144259499887443,8.2969666e-5,0.0008833847
0.3614855309384164,0.0011047125,0.00088281505
0.36153241604637976,-0.0004145503,0.0008817516
0.3616104648304105,-3.85046e-5,0.0008837363
0.3616118852994451,-0.0013830662,0.0008818478
0.3616761239295412,0.000739336,0.0008818954
0.361833145257741,-0.0005004406,0.0008824361
0.3618581143349965,0.00045907497,0.0008823331
0.36197032270568874,0.0017781258,0.0008824449
0.3619786997463793,-0.0012111068,0.0008816367
0.36207080432283023,0.00013673306,0.0008822892
0.3621137621673777,-0.0010365248,0.00088311196
0.3621606186304367,0.00017988682,0.0008817695
0.36223868974062023,-0.0006684661,0.00088306575
0.3622400815645448,0.0012457371,0.0008818403
0.3623043762206991,0.00034284592,0.0008814417
0.3624613895454556,-0.00012892485,0.00088242925
0.3624863384023974,-0.0012774467,0.00088210555
0.3625985387695433,0.0008119345,0.0008820798
0.3626069372939893,-0.0008338094,0.0008816754
0.3626990136464774,0.0005888939,0.0008820548
0.3627419933958248,-2.8908253e-5,0.0008829289
0.3627888212140823,0.0006816387,0.0008827213
0.3628669142289628,0.00058960915,0.0008837014
0.36286827782954156,0.0009782314,0.0008824357
0.3629326280906071,-0.00062805414,0.00088241923
0.36308963383317017,0.00037670135,0.00088258676
0.3631145624702098,-0.00037121773,0.00088224054
0.36322675483360367,-0.00031715631,0.0008820503
0.3632351748414965,-0.0005224943,0.0008820427
0.3633272225489774,-0.00092709064,0.0008827349
0.3633702242032274,0.0002862215,0.00088389876
0.3634170237977278,-0.00053459406,0.00088127714
0.3634951391388639,-0.0008869171,0.00088317116
0.36349647409474406,0.00020897388,0.00088190346
0.3635608803821765,-0.00043153763,0.0008813498
0.3637178781203705,-0.00096040964,0.0008813741
0.3637427865376107,-0.0009807944,0.00088228297
0.3638549708970469,0.0011731386,0.00088226434
0.3638634123885923,-0.0014217496,0.0008815174
0.3639554318729332,-0.00026488304,0.0008821464
0.3639984554322916,-1.3709068e-5,0.0008829201
0.3640452263813734,0.00064885616,0.0008829777
0.36412336404917645,0.00023448467,0.0008832034
0.3641246703600495,0.0014157295,0.000882403
0.36418913267364306,2.5510788e-5,0.00088154146
0.3643461224077764,-0.0001154542,0.0008817753
0.36437101060501165,6.4373016e-5,0.00088343903
0.36448318696090154,0.00044846535,0.0008828603
0.36449164993640804,-0.00043058395,0.0008819053
0.3645836407757418,3.695488e-5,0.00088255806
0.3646266862398999,0.00031530857,0.00088239484
0.364673428965019,0.00013554096,0.0008821247
0.36475158895907756,0.00033986568,0.0008835201
0.36475286620328196,6.1154366e-5,0.0008830138
0.3648173845432424,0.0011039972,0.00088154885
0.364974366695491,8.4877014e-5,0.00088319526
0.3649992346728239,-0.00024592876,0.00088276766
0.3651114030249618,-0.000282228,0.0008822057
0.36511988748412083,9.083748e-5,0.00088258093
0.36521185009938895,-0.00010377169,0.0008820699
0.36525491746855265,-0.00020772219,0.0008816762
0.3653016315490759,0.0006353855,0.0008816734
0.3653798138689788,-0.00071173906,0.00088396866
0.36538106246827873,0.0002590418,0.0008827524
0.36544563683440046,-0.00014281273,0.0008820902
0.36560261098320557,0.00034976006,0.0008817432
0.3656274591616807,0.00054335594,0.0008827929
0.3657396190883022,-0.0008839965,0.0008820794
0.3657481250312167,-0.00045448542,0.0008820307
0.3658400590017862,0.00038194656,0.00088286266
0.3658831482757495,-0.00010550022,0.0008825118
0.3659298341327214,-0.00059717894,0.00088169303
0.36600803877929133,4.9233437e-5,0.0008832611
0.3660092587334812,0.0004823208,0.00088232924
0.3660738887047198,0.00031530857,0.0008819657
0.3662308552706116,0.0008852482,0.000882225
0.36625568322918456,0.0008994341,0.00088316173
0.36636783515205407,-0.00030392408,0.0008823521
0.36637636257862094,-0.0014218688,0.00088113546
0.3664682683258448,-3.4570694e-5,0.00088206946
0.3665113795048137,0.0005441904,0.0008829032
0.36655803671677833,0.0002824068,0.0008824695
0.3666362636896039,0.0002168417,0.00088366424
0.3666374549983752,0.00020647049,0.000881573
0.36670214099587783,0.0008403063,0.00088274217
0.36685909955781193,-0.00011199713,0.0008816988
0.36688390729627696,-0.00065898895,0.00088319526
0.3669960512159087,0.00022757053,0.00088217313
0.3670046001260253,3.2782555e-5,0.00088306743
0.3670964772282419,0.001475811,0.00088272896
0.3671396107336722,0.0009442568,0.00088266324
0.36718623930062966,-0.0014917254,0.00088105485
0.367264488599505,-0.001167953,0.00088337966
0.3672656508421219,-0.0003812909,0.0008814091
0.3673303932870359,-0.0013545752,0.00088140497
0.367487343845218,3.5643578e-5,0.00088126
0.3675121313640892,-0.00067943335,0.00088284165
0.367624267279969,0.0010095835,0.00088237796
0.3676328372525909,-0.0010411739,0.0008817647
0.36772468655158064,0.0010914803,0.0008828427
0.36776784154086906,-5.6624413e-5,0.0008825912
0.36781444188406953,-0.0010783076,0.0008815103
0.3678927135089948,-0.0016265512,0.0008834239
0.3678938471073244,-0.00096201897,0.00088200107
0.36795864515694376,0.0012404919,0.00088234094
0.36811558813303535,-0.00037747622,0.0008820919
0.3681403554317987,-4.3928623e-5,0.00088235474
0.3682524829223678,0.00010025501,0.0008827459
0.3682610748004066,-0.00042283535,0.00088240765
0.36835289587553643,-0.00062412024,0.00088250637
0.3683960727695218,0.000700593,0.0008821392
0.36844264446802355,-0.00028687716,0.0008816466
0.36852093841930733,0.00041770935,0.00088422984
0.36852204337262984,-2.9802322e-5,0.00088151445
0.3685868974482046,0.0003707409,0.00088209624
0.3687438324204414,0.0006707907,0.00088203134
0.3687685794988912,8.46386e-6,0.00088209176
0.3688806989860167,-0.00059497356,0.00088219525
0.36888931234739963,-0.0007829666,0.0008816996
0.3689811047783449,-0.00026476383,0.00088332774
0.36902430357733584,0.00014948845,0.0008823575
0.3690708470519777,-0.0006673336,0.00088155316
0.3691491633296199,-9.918213e-5,0.0008836325
0.36915023921627366,-0.00044876337,0.00088222715
0.36921514931842103,0.0002052784,0.0008807414
0.36937207670784744,-0.00045275688,0.00088179315
0.36939680356670346,0.0019915104,0.0008828872
0.3695089150500771,-0.0009639859,0.0008818802
0.3695175498949067,0.00015246868,0.0008821588
0.36960931410199216,-0.0007714033,0.00088263536
0.3696525348062971,0.00012111664,0.0008823551
0.36969904963541755,-0.0007702112,0.0008816152
0.3697773878178595,3.4809113e-5,0.0008838294
0.3697784354811676,-0.00047069788,0.0008819848
0.36984340160957907,0.0001487732,0.00088166114
0.3700003209952534,0.00010883808,0.000881822
0.3700250272131629,-0.0010536313,0.0008825243
0.37013713111372604,-0.0014317632,0.0008821414
0.3701457874426196,-0.0010012388,0.0008821608
0.37023752300480073,-0.0005669594,0.0008825681
0.37028076561380263,0.00031352043,0.0008823101
0.37032725221906315,0.00082695484,0.00088256923
0.37040561272786354,-0.00013774633,0.0008834509
0.37040663174647304,0.00018656254,0.00088210765
0.3704716534795899,-0.0006353855,0.00088138843
0.37062856528307087,-0.0006710291,0.0008821722
0.3706532512806666,0.0009492636,0.00088254426
0.37076534717716925,-0.00072038174,0.00088273484
0.370774024990024,0.0003106594,0.0008828508
0.37086573190719785,0.00057673454,0.0008822301
0.37090899684204404,-0.0008172989,0.00088215456
0.37095545438186994,-0.00042253733,0.00088105374
0.3710338376380733,-0.0010766387,0.0008838101
0.37103482759011686,-0.00016897917,0.0008817053
0.3710999057708507,-0.0006329417,0.00088187715
0.37125680957078533,0.00039863586,0.00088171696
0.37128147534806766,0.0014207363,0.0008825506
0.3713935632410239,0.0005965233,0.00088353705
0.37140226253753117,0.0019073486,0.0008828813
0.3714939412308451,8.237362e-5,0.0008821859
0.37153722764985797,-0.00092095137,0.0008823547
0.37158365696572115,0.00023150444,0.0008816469
0.37166206254838574,-0.00095432997,0.00088374753
0.3716630238550108,0.0011160374,0.00088205206
0.3717281576407587,-0.000605464,0.0008812772
0.37188505385788284,-9.775162e-6,0.00088217994
0.3719096994154686,-0.00051671267,0.0008821448
0.3720217793050843,3.9339066e-6,0.00088282
0.3720304996637882,0.00020742416,0.0008821724
0.37212215013324224,0.0001988411,0.0008825597
0.37216545887881924,1.1444092e-5,0.0008830091
0.37221185954946956,-0.00016766787,0.0008824292
0.37229028745828696,-0.0011203885,0.000882957
0.37229122012031624,-0.0003759265,0.0008826467
0.37235640951087234,-0.00066554546,0.0008818443
0.3725132981452889,0.00044596195,0.00088157656
0.37253792348317805,0.0017682314,0.0008827834
0.3726499949474831,8.46386e-6,0.0008823061
0.3726587372113982,-0.00042945147,0.00088194
0.3727503594568895,0.0002695322,0.0008823563
0.3727936896859134,0.00042378902,0.00088290684
0.37284006213321796,0.00028192997,0.0008815004
0.37291851236798246,0.00079369545,0.0008835307
0.37291941596396005,-0.00017744303,0.00088225614
0.3729846618021332,-0.0005646944,0.00088119105
0.37314154243310627,0.0004837513,0.0008814226
0.3731661475506818,-0.0015705824,0.00088224927
0.37327821101154335,-0.0016263723,0.00088154443
0.3732869747592139,0.0006070137,0.0008818631
0.37337856835969807,0.0010151863,0.0008825038
0.37342192091456616,-0.00061923265,0.00088280166
0.3734682647170693,0.0018185377,0.00088217587
0.37354673685683915,-0.0002297163,0.000884012
0.373547612228854,0.00056505203,0.0008826505
0.3736129136721439,0.000613451,0.000881568
0.37376978629926216,-0.00060498714,0.0008814534
0.3737943716176714,0.0007196665,0.0008828859
0.3739064270751924,0.00071156025,0.0008821807
0.37391521230641256,0.0019993782,0.0008825775
0.37400677768334534,0.0014654398,0.0008826109
0.3740501517223802,1.1444092e-5,0.00088241196
0.3740964673008177,0.0014426708,0.00088247226
0.3741749617671517,6.151199e-5,0.0008827537
0.37417580849415943,-0.00066518784,0.0008819586
0.37424116596350765,-0.0012386441,0.0008814365
0.3743980305866682,0.0010988712,0.0008821614
0.37442259568548375,0.0013388395,0.0008826935
0.3745346431388413,0.0006592274,0.0008825466
0.3745434494325668,0.0016878843,0.0008821092
0.3746349865861538,0.00040364265,0.00088275183
0.37467838253019414,0.00023567677,0.000882731
0.37472466988415465,-0.0008417964,0.00088151905
0.3748031866767443,0.00080502033,0.0008847279
0.37480400433780325,0.00033783913,0.00088165293
0.37486941783351846,0.00073719025,0.0008819973
0.37502627487407425,-0.0009652376,0.00088180124
0.375050819753296,-0.0007253289,0.0008821339
0.37516285920249026,-0.0006458163,0.0008822397
0.3751716869801768,0.0013182163,0.0008824783
0.3752631959100068,-0.00021523237,0.0008827496
0.3753066137588469,0.0001296997,0.0008821345
0.37535287204696155,0.00033569336,0.00088199275
0.3754314115867483,0.00046300888,0.00088347483
0.3754322006026972,0.000582695,0.00088178215
0.37549766970352916,0.000569582,0.00088176766
0.37565451916189163,0.00079250336,0.0008817229
0.3756790433994469,-0.00018262863,0.00088244304
0.37579107484499186,-0.00075513124,0.0008816252
0.37579992452768396,-0.00050854683,0.00088223733
0.3758914048121982,-0.00054585934,0.00088219467
0.3759348445662496,0.00017631054,0.0008836496
0.37598107463081276,0.0009942055,0.0008817891
0.37605963649685514,0.00088799,0.0008835966
0.3760603964467525,-0.00046765804,0.00088202924
0.3761259219946872,0.00018966198,0.00088187377
0.376282763449709,0.00095534325,0.00088209077
0.37630726746715637,-0.0009809136,0.00088202005
0.37641929090894943,-0.0004168749,0.0008822182
0.37642816207519114,0.00047194958,0.0008826306
0.3765196137145954,6.7830086e-5,0.0008827589
0.3765630757953137,1.1444092e-5,0.0008827938
0.37660927721456117,0.00034332275,0.0008817624
0.37668786098591767,0.0012472868,0.0008834443
0.37668859271164645,-7.1525574e-7,0.0008822984
0.37675417386418375,0.0006881952,0.0008818765
0.3769110077367037,-0.00063562393,0.0008817016
0.3769354915346602,0.001791358,0.0008828582
0.37704750697259837,-4.8577785e-5,0.0008819576
0.37705639920134537,0.00090789795,0.000882444
0.377147823038654,-0.0005916357,0.00088247954
0.37719130660271627,-0.0011217594,0.00088236696
0.3772374797985153,-0.00021451712,0.0008820968
0.3773160858958188,0.0005761385,0.00088361563
0.37731678897654053,0.001328826,0.0008820785
0.3773824257345031,-0.0013673306,0.0008820165
0.3775392516029624,0.0006738901,0.0008819423
0.37756371560206115,6.0915947e-5,0.0008823611
0.37767572303665864,3.1471252e-5,0.00088186894
0.3776846367490583,1.1444092e-5,0.00088260847
0.37777603194105114,-0.00053435564,0.00088200415
0.37781953740970764,0.00038313866,0.00088317355
0.3778656823821609,-0.0006286502,0.00088146405
0.37794431080572,1.1444092e-5,0.00088337046
0.3779449848204929,-0.00020384789,0.00088262715
0.37801067802607247,0.0011488199,0.00088141416
0.378167495890677,0.0002516508,0.00088144327
0.3781919396694621,-0.00044494867,0.00088270986
0.3783039386794689,1.1205673e-5,0.00088234065
0.3783128742967711,-0.0005901456,0.00088259706
0.37840424084344826,-0.00033581257,0.00088226644
0.3784477686387717,0.00075018406,0.0008829326
0.37849388454465915,0.0003976822,0.00088158593
0.37857253571603244,0.00029277802,0.0008834704
0.3785731810856954,5.0663948e-5,0.000882155
0.37863892989598036,-0.0007431507,0.00088157837
0.37879574017808304,0.00067698956,0.00088191655
0.37882016331561297,0.0006966591,0.00088207953
0.3789321547427065,0.00055933,0.0008822916
0.3789411118439697,0.00029039383,0.0008823605
0.37903245016750686,-6.5386295e-5,0.00088262255
0.37907599944658577,-0.00036877394,0.0008821641
0.3791220871286133,-0.001987815,0.00088145
0.3792007602046835,-0.0012995601,0.00088294555
0.3792013769293393,0.00028431416,0.00088274904
0.37926718176588836,-0.0002040863,0.0008817073
0.3794239844655919,-0.0012872219,0.00088148523
0.37944838738342523,-0.0005617142,0.0008821425
0.3795603708063554,-0.00090903044,0.00088237145
0.37956934897012395,0.0015013218,0.0008824948
0.3796606590701097,-0.0004390478,0.0008822153
0.3797042306752385,-0.0010077357,0.0008820957
0.37975028971225877,-0.00044190884,0.0008816607
0.379828985114379,5.888939e-5,0.0008842488
0.3798295731943361,0.0008664131,0.0008825906
0.3798954340570464,-0.001028955,0.00088218873
0.38005222875310074,-0.0013256669,0.0008821767
0.38007661145082616,-0.00083339214,0.0008823518
0.3801885868704157,-0.00017035007,0.000882349
0.38019758651783686,-0.0010152459,0.0008816225
0.38028886797260975,-0.00027310848,0.00088246114
0.3803324614826411,-0.00039345026,0.0008829817
0.3803784922960072,-0.0010553598,0.00088205066
0.38045721002448585,3.5762787e-5,0.0008835148
0.38045776903828854,-0.0007662773,0.0008818726
0.38052368592736563,0.00015676022,0.0008819608
0.38068047261925664,4.005432e-5,0.00088173366
0.38070483551853573,8.46386e-6,0.00088257407
0.3808168025128146,0.00076436996,0.00088221586
0.38082582406534404,0.00032043457,0.0008824926
0.3809170772963598,-0.00017350912,0.0008822691
0.3809606922900438,0.0003796816,0.00088201294
0.38100669445850555,-0.0008020997,0.00088122935
0.3810854349347984,-0.0006747246,0.0008832516
0.3810859653031825,-0.0004710555,0.0008814978
0.3811519377972735,1.1444092e-5,0.0008816939
0.3813087169069712,-5.3346157e-5,0.0008823396
0.38133305916499505,-0.001096189,0.00088225544
0.3814450185764635,0.000741601,0.00088271074
0.3814540611914983,9.357929e-5,0.00088232453
0.38154528619896266,-0.0005823374,0.0008834628
0.3815889235191079,0.0009857416,0.00088280893
0.38163489704235676,-0.00084513426,0.0008818461
0.3817136594234495,-0.00045973063,0.0008831407
0.3817141611466206,-6.657839e-5,0.00088225905
0.3817801896669758,1.1444092e-5,0.00088161643
0.38193696119448006,-0.0003913641,0.000882575
0.38196128323219036,-0.0020294785,0.00088210375
0.3820732346405238,0.0012170076,0.0008829801
0.38208229873890254,-0.0011687875,0.00088225893
0.3821734951014627,8.46386e-6,0.0008825549
0.3822171543265105,-0.00049221516,0.0008822211
0.3822630996264137,0.00036621094,0.0008819664
0.3823418843333506,-0.0008947253,0.0008831245
0.382342357411926,-0.00052797794,0.00088181766
0.38240844195813384,0.0019237995,0.0008822792
0.38256520506063596,-7.587671e-5,0.000881953
0.3825895072995913,0.0002937317,0.0008817364
0.382701450283334,-0.00043278933,0.00088237145
0.38271053628671825,0.00018644333,0.00088232575
0.38280170442480144,-0.00073856115,0.00088229246
0.38284538513370747,0.00011587143,0.0008822758
0.38289130220975076,-0.0003310442,0.00088201853
0.3829701092433546,0.00041127205,0.00088351656
0.3829705536770257,-6.914139e-5,0.00088192377
0.38303669382824745,-0.0005323291,0.0008819609
0.383193449348042,-0.0011624098,0.0008818257
0.3832177309461535,-0.0006520748,0.0008821578
0.38332966634698296,0.0001552105,0.00088189467
0.3833387734130782,0.0006107092,0.000882318
0.3834299133276099,-0.0003247857,0.0008821608
0.3834736159413158,0.00025570393,0.0008823637
0.38351950437245474,0.0013564825,0.00088166684
0.3835983337323142,0.00070154667,0.00088369084
0.38359874952077233,0.00010883808,0.0008816057
0.3836649456985668,0.00069892406,0.0008825158
0.38382169363544805,0.0002834797,0.00088204513
0.38384595501355445,-0.00075155497,0.0008826228
0.38395788241022055,9.953976e-5,0.0008820633
0.38396701096027686,-0.00073444843,0.0008818872
0.38405812223031555,0.00064730644,0.00088310015
0.3841018471703799,-0.00063830614,0.0008824395
0.3841477069565117,-0.00060623884,0.0008817071
0.38422655864221533,-0.0009823442,0.00088302465
0.3842269453647248,0.00036644936,0.0008816838
0.3842931975684747,1.1444092e-5,0.0008816328
0.3844499375020154,0.00018692017,0.00088199973
0.3844741790809554,4.7683716e-5,0.0008825304
0.3845860980530307,-0.00026136637,0.00088262255
0.3845952480864311,-0.00027310848,0.0008827419
0.3846863311328156,0.00032114983,0.00088202616
0.3847300779777826,0.0013080835,0.00088311126
0.38477590953984864,-4.6014786e-5,0.0008817631
0.38485478355191083,0.0010658503,0.0008839872
0.38485514162961876,-0.00015872717,0.00088204973
0.38492144943817697,0.00069475174,0.00088200043
0.3850781817894213,-0.00025087595,0.0008822793
0.3851024027274148,0.0012946129,0.00088267634
0.38521431411709106,-0.00019586086,0.000882241
0.3852234856342468,-0.0004364848,0.0008832605
0.38531454045666846,-0.0006406903,0.0008820669
0.3853583087851852,-0.00075155497,0.0008829902
0.3854041117025526,0.0017799139,0.00088217575
0.38548300804087043,-0.0008453131,0.0008831274
0.3854833374732627,-0.0013403893,0.000881388
0.3855497017296434,-0.00014549494,0.0008814642
0.38570642607682737,-0.0016964674,0.00088142016
0.38573062679512427,8.928776e-5,0.0008819408
0.3858425297590785,0.00045883656,0.0008835432
0.3858517231816512,0.0009610653,0.0008828448
0.3859427493590657,-0.00011539459,0.00088221114
0.3859865400138379,2.5987625e-5,0.00088272814
0.38603231428660956,-0.00021129847,0.00088133506
0.3861112329510802,0.0007568598,0.00088343053
0.386111533738568,-0.00013905764,0.00088213856
0.38617795359985996,-0.00029158592,0.0008819014
0.3863346699433947,-0.0017428994,0.00088155596
0.38635885044127516,-0.00044053793,0.00088214525
0.3864707458231388,0.00037920475,0.0008821715
0.3864799603078053,-0.0017806292,0.0008822228
0.3865709582615656,0.00059366226,0.00088195776
0.38661477082165197,-0.0004786253,0.00088220375
0.38666051687025516,-0.0009934306,0.00088140875
0.3867394578609813,-0.00057560205,0.0008832777
0.3867397295822118,-5.9604645e-5,0.00088261307
0.3868062054695621,0.0004541874,0.0008823526
0.38696291423080076,8.237362e-5,0.0008816014
0.38698707450847036,0.0007148981,0.0008830367
0.38709896188719917,-0.0004348755,0.00088196306
0.38710819785520967,-0.0010632873,0.00088206644
0.38719916716406566,0.0004183054,0.0008823734
0.38724300162905456,-0.00037282705,0.0008820224
0.3872887190326506,-0.0006682873,0.0008814122
0.3873676823497352,-3.9696693e-5,0.0008836134
0.3873679258471059,0.00041019917,0.00088186725
0.38743445733947013,0.00032424927,0.00088244374
0.3875911585182067,-0.00032317638,0.00088199525
0.38761529857628274,0.0020538568,0.0008830713
0.38772717752959796,-0.00031644106,0.0008827854
0.38773643498177524,0.00011610985,0.0008825817
0.3878273764877129,-5.3465366e-5,0.0008826434
0.38787123243625155,0.0004028082,0.00088239333
0.3879169216162962,0.0005015135,0.0008818539
0.3879959072597392,-0.00065904856,0.0008837893
0.3879961216908525,-0.0006263256,0.00088218146
0.38806270920978936,0.000977993,0.00088190066
0.3882194023843627,-0.00010418892,0.0008815614
0.38824352222263925,-0.00065881014,0.00088278024
0.3883553935932469,0.00046861172,0.00088216225
0.38836467252948814,-0.00015455484,0.0008827799
0.3884555853904186,1.2993813e-5,0.00088293175
0.3884994632439628,0.0005286932,0.00088278763
0.38854512420035314,-0.00010102987,0.0008817196
0.38862413216984604,0.00049448013,0.0008831882
0.388624317956055,-0.0005338788,0.00088186323
0.388690961079903,0.00068473816,0.0008813232
0.38884764667176863,0.00023758411,0.0008824982
0.38887174628983445,-0.0003246665,0.0008831168
0.3889836092356458,-4.5716763e-5,0.00088174245
0.388992910076584,0.00031113625,0.0008832724
0.3890837942929186,-3.272295e-5,0.0008823437
0.38912769447292406,-0.0014830232,0.0008829357
0.3891733263627486,0.0011713505,0.00088186434
0.3892523566585999,0.00044345856,0.00088367274
0.3892525138001103,0.000600934,0.0008829388
0.389319212949811,-0.0012114644,0.00088153506
0.389475890959586,0.0010443926,0.00088159245
0.38949996993598535,-0.0011963844,0.0008818152
0.38961182529970606,0.00026237965,0.00088242174
0.3896211472027382,-0.00044429302,0.0008821208
0.38971200319552135,2.2053719e-5,0.00088284316
0.38975592528032665,0.00054609776,0.00088329986
0.3898015289463942,8.46386e-6,0.0008813509
0.38988058156860395,0.0006904602,0.00088373374
0.38988070964334276,0.00011789799,0.0008817746
0.38994746481951315,0.00072312355,0.00088122283
0.390104134825742,0.00042045116,0.00088192726
0.3901281940037976,0.00079345703,0.0008825532
0.39024004094210496,0.00025045872,0.0008823317
0.39024938475055393,-6.914139e-5,0.00088251877
0.3903402120983299,0.00041913986,0.0008820143
0.39038415608772925,-0.0002760291,0.00088245055
0.390429731109201,0.00036084652,0.0008812331
0.39050880605746074,-0.0003015399,0.00088334735
0.3905089059086482,0.0016177893,0.00088186073
0.39057571668942104,0.00021517277,0.0008824607
0.39073237911314795,-0.0003182888,0.0008818436
0.39075641765015423,0.00080883503,0.00088269357
0.3908682570057539,-0.0008147359,0.00088238966
0.39087762187670816,-0.00042140484,0.0008820253
0.3909684210005214,0.0021556616,0.00088320824
0.39101238689523476,0.00023400784,0.00088242703
0.3910579336928466,0.0003168583,0.0008818982
0.39113703096746466,-0.00016438961,0.0008833031
0.39113710175270344,-0.0014384985,0.0008812016
0.3912039685597404,-0.0012309551,0.0008816132
0.39136062297930396,0.00054705143,0.0008815612
0.39138464171765797,0.0011790991,0.0008825491
0.39149647264856413,0.0007016659,0.00088247797
0.3915058594241124,0.00012266636,0.0008822474
0.3915966303243743,0.0007648468,0.0008825306
0.391640617702946,-0.00019943714,0.00088376534
0.3916861362769035,-0.000856936,0.0008820809
0.3917652558774687,-0.001412332,0.0008832252
0.39176529801718596,0.00068199635,0.0008817255
0.39183222042964827,-0.0003592372,0.0008817273
0.3919888672668128,0.0008624792,0.0008818957
0.39201286536391167,0.000831604,0.0008830044
0.39212468871221307,0.0006984472,0.00088408985
0.39213409655026665,-0.000749588,0.0008824894
0.3922248392271829,0.0004937649,0.00088234735
0.39226884893159875,0.0008738041,0.00088252197
0.3923143384395046,0.000202775,0.0008816139
0.3923934803663255,0.00101614,0.00088456064
0.3923934938612412,0.0001462698,0.00088248623
0.3924604722995563,0.000213027,0.0008812575
0.39261711113327724,-0.00048607588,0.0008820353
0.3926410894315183,-0.00046038628,0.0008824312
0.39275290435461185,-0.00011909008,0.000882393
0.39276233409808237,-0.00035738945,0.00088242657
0.39285304812937427,0.0006548166,0.0008829955
0.3928970797387956,-0.0008749962,0.0008821532
0.3930216897052965,0.0014913082,0.0008820656
0.3930217052762266,5.030632e-5,0.0008835336
0.39308872416946417,-0.00035774708,0.00088197325
0.3932453554206833,-0.00018852949,0.00088177
0.393269313077772,0.00083231926,0.00088264566
0.39338112041867224,-0.00052911043,0.00088239583
0.39339057122464793,-0.00047898293,0.0008830613
0.3934812570317715,0.00028717518,0.0008823657
0.39352531054660966,1.1444092e-5,0.0008825729
0.3935707431853399,0.00035011768,0.00088217016
0.39364988597019046,-0.0006021857,0.0008821297
0.3936499297649805,-0.00016409159,0.0008834053
0.3937169760397835,0.0006041527,0.00088169944
0.39387359928663346,0.0014656782,0.0008818382
0.3938975371448644,-8.3982944e-5,0.0008824209
0.394009336061071,0.001187563,0.0008826942
0.39401880877164097,0.0010293722,0.00088212953
0.39410946593437424,0.0003592968,0.00088250363
0.394153541354218,-0.00029450655,0.0008820937
0.39419894576939685,-0.0006617904,0.0008814033
0.3942780818141429,9.3221664e-5,0.0008816498
0.3942781546749845,0.0004194975,0.0008840136
0.39434522791010274,-0.00044101477,0.00088155037
0.39450184357434803,-0.0007906556,0.00088287826
0.39452576079142665,-0.0010879636,0.0008818116
0.39463755212471996,0.00033652782,0.000882676
0.394647045897898,-0.00066798925,0.0008817499
0.3947376748371828,-0.00031495094,0.00088339596
0.3947817721617235,0.00015962124,0.0008824415
0.3948271479317923,0.00019109249,0.00088137435
0.39490627765788955,0.00031995773,0.0008823397
0.3949063791636356,0.00028586388,0.00088373484
0.3949734797795993,-0.0006710291,0.00088249985
0.39513008744081246,0.00096571445,0.0008828391
0.3951539844378861,0.0011341572,0.00088268146
0.3952657677675302,-0.00063711405,0.0008829517
0.39527528302436077,0.0011669397,0.00088276784
0.3953658837395799,-7.8976154e-5,0.000882407
0.395410002969229,0.00053977966,0.0008827801
0.3954553505154379,0.0007812977,0.00088178995
0.3955344739227836,-0.0006376505,0.0008818049
0.3955346040738452,0.00083076954,0.000883728
0.3956017316495072,-0.00028961897,0.00088175334
0.3957583317282185,1.1444092e-5,0.0008812503
0.3957822085053898,0.00020051003,0.00088182854
0.39589398383117913,0.0004121065,0.0008820904
0.39590352057176503,0.00036215782,0.00088261644
0.39599409264197716,-0.00046557188,0.0008822274
0.3960382337766316,-0.00016152859,0.00088248716
0.3960835526782448,-0.0004518032,0.00088155136
0.39616266976642744,-0.00024026632,0.0008812684
0.39616282898384925,-0.00029844046,0.00088393345
0.396229983519518,-0.0002117753,0.0008818873
0.3963865755944773,0.0009909868,0.0008815391
0.3964104321517463,0.001509428,0.0008828929
0.3965221994735779,0.00028800964,0.0008818494
0.3965317576980222,-0.0010278225,0.0008815601
0.3966223015447856,0.0013040304,0.0008825895
0.3966664650054901,-0.00059604645,0.0008822378
0.396711755262096,-0.0013349652,0.0008812563
0.3967908656100714,0.00020647049,0.0008815991
0.3967910534725003,-0.00013399124,0.0008837749
0.3968582353895288,-0.00011533499,0.00088240125
0.39701481988198617,-8.0645084e-5,0.00088154554
0.3970386557978972,-0.0007086396,0.0008826777
0.3971504151159768,0.00016880035,0.00088255317
0.39715999524552936,0.001196146,0.00088191766
0.39725051044718274,-0.0010228157,0.0008823929
0.3972946958129956,-0.00039708614,0.0008826828
0.39733995742459427,0.0001308918,0.0008821777
0.3974190618753767,0.00037908554,0.0008817705
0.3974192783827101,-0.00031095743,0.0008832593
0.3974864872596424,-0.0010822415,0.00088152307
0.3976430637483478,-3.4451485e-5,0.0008822114
0.39766687986540095,0.0007853508,0.0008819413
0.3977786311800371,-0.00034976006,0.00088212587
0.3977882323718892,0.00037407875,0.0008820415
0.3978787197706244,-0.0002861023,0.0008828397
0.39792292662008966,0.00039160252,0.0008824859
0.3980472577190205,-0.00033777952,0.0008818954
0.39804750287146395,-0.00014686584,0.00088389445
0.3981147391296531,0.00019109249,0.00088223926
0.39827130803585664,-5.6505203e-5,0.0008820989
0.39829510351165465,-0.0004554987,0.0008822538
0.3984068468226416,-0.0007650256,0.00088219246
0.3984164699197049,-2.9444695e-5,0.0008828201
0.39850692867333004,-0.0007688403,0.00088178826
0.3985511574279037,0.0012905598,0.0008825658
0.39859636217094385,-7.44462e-5,0.0008817243
0.39867545356297296,-0.00072568655,0.00088174804
0.39867572778136506,0.00018501282,0.0008838155
0.3987429909996639,0.00041019917,0.0008815379
0.398899551901704,0.0007827282,0.0008829132
0.39892332715780554,-0.00026333332,0.0008822129
0.3990350628860849,0.0004979372,0.00088312407
0.3990447070455506,0.00029361248,0.00088233565
0.3991351375760357,0.00072455406,0.0008830283
0.39917938823561483,0.0005182028,0.00088231324
0.39922456475469226,8.46386e-6,0.00088193093
0.3993036494069253,-0.00016605854,0.0008808741
0.39930395227001614,0.000662446,0.00088407344
0.39937124286977754,-0.00032013655,0.0008818633
0.3995277961895214,-0.00073575974,0.0008814102
0.399551551225515,-0.0001835823,0.0008824255
0.39966327852889516,0.000541687,0.0008834682
0.39967294417180776,-0.0007183552,0.0008818802
0.3997633464784328,-0.00013971329,0.00088268216
0.39980761904312034,0.0006906986,0.00088268466
0.3998527669167792,7.9631805e-5,0.0008824195
0.39993184567161366,0.00010788441,0.0008824731
0.39993217717991736,-0.00097060204,0.0008841399
0.39999949473968544,-0.0004863739,0.0008809873
0.400156040055883,-0.001475811,0.00088099705
0.4001797748717687,0.0007246733,0.0008825477
0.4002914941714997,-0.00033074617,0.0008820459
0.40030118171941775,9.214878e-5,0.00088335027
0.4003915553812414,0.00031781197,0.00088235165
0.40043584985052294,-0.00091546774,0.00088195415
0.4004809695008361,7.331371e-5,0.00088127103
0.400560041515566,0.0004273653,0.0008823815
0.40056040166897977,0.00010597706,0.0008838115
0.4006277461884461,0.0011919737,0.00088289473
0.4007842839221417,0.00048053265,0.00088196626
0.4008079985179196,0.0007363558,0.0008828558
0.4009197102349429,-9.0658665e-5,0.00088246656
0.4009294188456748,-0.0008600354,0.0008822226
0.4010197642836385,-3.0040741e-5,0.0008836251
0.40106408065792565,-0.0007504821,0.000882415
0.4011091716635401,-0.0008945465,0.0008814987
0.40118862615763085,-0.00044858456,0.0008834078
0.4012559980584569,2.1100044e-5,0.0008820267
0.4014125282096507,0.0004553795,0.0008825071
0.40143622258562905,-0.00062942505,0.00088226405
0.40154792587734167,0.0007765293,0.0008833679
0.4015576559719318,0.00025427341,0.0008820144
0.4016479731860356,0.00060606,0.00088238984
0.4016923114657396,-0.00076270103,0.00088173064
0.40173737382603836,-0.00038218498,0.0008820139
0.4018164332029567,0.00050354004,0.0008820252
0.4018168510678405,0.00037050247,0.00088382355
0.4018842499283648,-0.0013503432,0.0008813183
0.4020407720758066,-0.0008261204,0.00088128884
0.40206444623188276,0.00026893616,0.0008827884
0.4021761415201519,-0.00027126074,0.0008824097
0.4021858935193362,6.914139e-5,0.0008817929
0.40227618208843285,-0.0007157326,0.00088293984
0.4023205422731423,0.00012481213,0.00088280824
0.4023655764098897,0.00079393387,0.00088168925
0.40244462946785065,-7.1525574e-7,0.00088227727
0.4024450755568001,-2.0325184e-5,0.0008829045
0.4025125017985812,0.0013558865,0.0008822963
0.40266901636352115,0.00093925,0.00088181713
0.40269266987803354,-0.0016846061,0.0008820125
0.4028043575841094,3.194809e-5,0.00088293944
0.40281413064579896,0.0005258322,0.00088242895
0.4029043909909328,0.00034415722,0.0008820383
0.40294877308013355,-0.0023998618,0.0008815616
0.40299377857228513,0.0003671646,0.00088194566
0.4030728253119059,4.7802925e-5,0.00088185247
0.4030733004664956,-0.0006765723,0.00088308594
0.40314075366859203,0.00018525124,0.0008815245
0.40329726022977985,-0.0005046129,0.00088154996
0.40332089352449296,-0.00085675716,0.0008823072
0.4034325732266111,-0.0003067255,0.0008828719
0.4034423677722617,9.775162e-5,0.0008828602
0.4035325994723884,8.46386e-6,0.0008821331
0.4035770038879476,-0.0001513958,0.00088202866
0.40362198115603354,-0.00061404705,0.00088170177
0.40370102115575546,-0.0009254813,0.00088140636
0.40370152495514666,0.00025463104,0.0008832426
0.4037690051172499,-0.0014860034,0.0008812644
0.4039255040955244,-0.0009781718,0.00088237383
0.4039491175919967,-0.00030106306,0.00088297564
0.40406078886901,-5.173683e-5,0.0008825967
0.4040706053194604,0.00123775,0.0008820609
0.4041608083747855,8.46386e-6,0.00088235573
0.40420523469576153,0.00021862984,0.000882861
0.4042501833187375,0.00087726116,0.0008820334
0.4043292169993993,0.00046098232,0.00088380114
0.4043297498654591,-7.4505806e-5,0.00088414556
0.4043972569871578,0.00045764446,0.00088185625
0.40455374838293046,-0.0010216832,0.0008814158
0.4045773412381476,0.00038659573,0.0008830458
0.4046890045116145,0.00042438507,0.0008827872
0.4046988424456146,-0.0004299879,0.0008827399
0.4047890172775941,-0.00096154213,0.00088235096
0.40483346550316424,0.00029671192,0.0008830293
0.404878385481133,0.0008569956,0.0008819588
0.404957412843146,-0.00022554398,0.00088195933
0.4049579743541102,1.1444092e-5,0.0008831628
0.4050255088570657,-0.0006046295,0.0008811683
0.4051819922494977,-0.0017766953,0.0008821014
0.4052055648842984,0.00059473515,0.0008828276
0.40531722057536623,0.0006067753,0.0008840186
0.40532707957207736,-0.0004722476,0.0008821716
0.40541722618040255,-0.00067800283,0.00088404946
0.40546169631056683,-0.0011664629,0.000883008
0.4055065880648814,-0.0006456971,0.0008813763
0.4055856091083485,-0.0004606247,0.00088220974
0.40558619884276126,0.00091958046,0.0008830505
0.405653760727385,-0.00038695335,0.0008828433
0.40581023611606504,-8.8989735e-5,0.00088159664
0.4058337885307578,-0.0011281967,0.0008824519
0.4059454362174566,-0.0006222725,0.0008819245
0.40595531711958455,0.0010683537,0.00088270643
0.40604543508238833,-0.00029051304,0.00088315416
0.40608992711796954,6.842613e-5,0.00088212924
0.40613479022737964,-0.0007965565,0.0008812183
0.40621380495199244,0.00018179417,0.00088177127
0.4062144237526625,-0.0013664961,0.0008832022
0.40628201217604276,0.00013434887,0.00088224834
0.4064384804034711,6.234646e-5,0.00088220084
0.4064620121772172,-0.00016874075,0.0008822546
0.4065736518602667,-0.0009523034,0.0008819693
0.4065835542457388,-0.00018066168,0.0008819089
0.4066736439851969,0.00013506413,0.00088324613
0.4067181579257835,-0.00070011616,0.00088201003
0.4067629923899808,0.00040113926,0.0008822271
0.40684200079573907,0.00014197826,0.00088186405
0.4068426482417249,-0.0015573502,0.0008827631
0.40691026404564223,1.1444092e-5,0.0008820538
0.40706672426931845,0.00041627884,0.0008822127
0.4070902358231623,-0.0003555417,0.00088222476
0.40720186750297416,-2.259016e-5,0.0008825289
0.407211791371893,-0.00044870377,0.0008821577
0.40730185288790255,4.4584274e-5,0.0008823179
0.4073463887331862,1.1444092e-5,0.00088198326
0.40739119497403775,0.0001538992,0.00088254863
0.40747019663969153,-0.0005297065,0.00088154554
0.4074708731518317,0.0012606382,0.00088549976
0.40753851591585866,0.00020325184,0.00088114076
0.4076949681357829,0.0002924204,0.0008820409
0.40771845989087185,0.0013046265,0.000882552
0.4078300835667259,8.46386e-6,0.0008832807
0.40784002849804724,-0.0009407997,0.0008820787
0.40793006178999114,0.00038433075,0.00088285
0.4079746195405888,-0.00011950731,0.00088219054
0.4080193971362275,0.00036633015,0.0008814058
0.40809839248333535,6.914139e-5,0.0008821588
0.4080990976402771,0.0004916191,0.0008833709
0.40816676736492785,0.00018155575,0.0008822026
0.40832321242360026,0.000118374825,0.0008820947
0.40834668353733117,-0.0020105839,0.00088192394
0.4084582992093304,0.0006866455,0.00088297715
0.40846826604586295,0.00074219704,0.00088205765
0.40855827069238826,-0.0007382035,0.00088198716
0.4086028503484028,0.00014829636,0.0008827979
0.40864759929882866,-0.00085037947,0.00088225346
0.4087265883273906,0.0007195473,0.0008825328
0.40872732212892815,0.00046503544,0.0008833668
0.40879501923483574,0.00034809113,0.000881806
0.4089514562894476,0.0005658865,0.00088247313
0.40897490718327634,0.0003478527,0.0008830199
0.4090865148518321,-0.0010161996,0.00088212406
0.4090965031720172,0.00053703785,0.00088274165
0.40918647959519683,-0.00020164251,0.00088240596
0.4092310807345554,-0.00032049417,0.00088217173
0.4092758018828856,0.0009204149,0.0008818348
0.4093547841714459,-1.8417835e-5,0.0008820689
0.4093555470392407,0.0010433197,0.0008834436
0.40942327110474375,0.00016474724,0.0008815899
0.40957970015570644,-0.00018912554,0.0008823585
0.40960313082942723,0.00013637543,0.00088235515
0.4097147304943338,-0.00084245205,0.0008818067
0.4097247402981714,-0.0017252564,0.00088171626
0.4098146884980054,-0.00019329786,0.00088219944
0.409859311541958,0.00072288513,0.0008823376
0.4099040040449725,-0.00058436394,0.00088119326
0.4099829804359285,-0.000864625,0.0008818291
0.4099837715278918,-0.00055116415,0.00088337075
0.4100515225531959,0.0005750656,0.00088134885
0.41020794402206806,0.0005444288,0.000882066
0.41023135447588654,-0.0018623471,0.0008823379
0.4103429461367326,0.00065755844,0.0008829275
0.41035297742432564,-0.001106143,0.00088267215
0.41044289697915237,0.000385046,0.00088258827
0.410487542349772,7.2717667e-6,0.0008827269
0.4105322062076765,-0.00013971329,0.0008814791
0.41061117627967514,0.0018018484,0.0008820321
0.41061199601654275,-0.0014060736,0.0008826195
0.4106797744234123,-0.00021070242,0.00088221935
0.41083618830988544,-0.0010147095,0.00088151154
0.41085957812234597,8.46386e-6,0.00088258885
0.41097116220038155,-4.1484833e-5,0.00088252424
0.41098121455047987,0.0014228821,0.00088227756
0.4110711058815495,-0.0011826754,0.0008826253
0.4111157731571746,-0.00061637163,0.00088258774
0.41116040879173343,0.0012123585,0.0008819785
0.4112393721236276,0.0006906986,0.0008830955
0.41124022092644397,-0.0010557771,0.0008835933
0.4113080262936287,-0.00038987398,0.00088128756
0.41146443217604134,0.0011059046,0.0008819976
0.41148780176849675,-0.0003656149,0.0008821772
0.411599377843089,-0.00018590689,0.0008828505
0.4116094520982956,-0.0013751984,0.000881621
0.41169931478435806,-0.00027751923,0.00088174094
0.41174400396457733,-0.00044721365,0.00088189694
0.4117886109541289,-0.00016897917,0.0008817014
0.4118675679672714,0.0019420385,0.00088243105
0.4118684454155064,-9.340048e-5,0.0008833111
0.41193627774208086,0.00035977364,0.0008816894
0.4120926760419915,-0.0005416274,0.00088177196
0.4121160254144419,0.0013241768,0.000882647
0.4122275934855907,-0.0011216998,0.0008822075
0.4122376892244497,-0.000810802,0.00088156457
0.4123275236867552,0.00064742565,0.0008827813
0.41237223477197993,0.00022411346,0.00088265125
0.41241681311652434,0.0006660223,0.0008814056
0.41249576381091535,-0.00052958727,0.000881572
0.412496669904466,-0.00026327372,0.0008834228
0.41256452961198875,0.0002720356,0.00088188995
0.41272091990835313,-1.680851e-5,0.0008819059
0.41274424906100415,0.0006223917,0.0008827677
0.4128558091281952,-0.00038021803,0.0008821086
0.41286592635060393,0.0013988018,0.00088231347
0.41295573258874096,0.0011034012,0.00088243955
0.4130004655793825,-0.00059849024,0.0008827034
0.4130450152789198,-0.00055742264,0.0008814986
0.4131239596549706,0.000623703,0.00088192365
0.41312489481405856,0.0006585121,0.00088385097
0.41319278106095514,-0.00064480305,0.000882245
0.4133491637749205,-0.0009150505,0.000881624
0.41337247270736066,0.0001500845,0.0008823358
0.41348402477100543,0.00023460388,0.00088332244
0.4134941634771696,0.001811266,0.00088308234
0.4135839410702994,0.0010612011,0.00088289723
0.41362869638719657,-0.0002143979,0.00088224246
0.4136732178629767,0.0008286238,0.0008819765
0.4137521554990259,0.00015866756,0.00088205875
0.413753119303121,-0.0006608963,0.0008833837
0.41382103293117156,0.00065398216,0.000881871
0.4139774080621208,-0.00010085106,0.0008820652
0.41400069635330583,0.0013538599,0.00088284194
0.4141122404131985,6.9499016e-5,0.0008823068
0.41412240060332384,-0.00016462803,0.0008823036
0.41421214997310796,0.00033676624,0.0008828316
0.41425692677334913,0.0001231432,0.00088250823
0.4143014200253722,-0.0003709793,0.00088169414
0.4143803513426697,-0.00065505505,0.00088224496
0.4143813437920806,0.0005325079,0.00088301365
0.41444928480107956,-0.0010490417,0.00088156323
0.4146056519282767,-0.00036865473,0.0008820215
0.41462891999986806,-0.001116693,0.0008821009
0.4147404560555974,0.0008035898,0.00088248204
0.41475063772947807,-0.00046378374,0.00088214915
0.4148403588755051,-0.00029236078,0.0008823068
0.41488515758075173,0.0008251667,0.00088244496
0.41492962218776763,0.0006715059,0.00088201865
0.4150085471863135,-0.00046294928,0.0008822113
0.41500956870167327,-0.00066906214,0.00088300364
0.4150775362495317,-0.0007802844,0.0008814932
0.4152338957947411,-0.00042259693,0.000881867
0.41525714364622457,0.00040125847,0.0008831365
0.41536867211955486,-0.00040704012,0.00088295824
0.41537887527688233,0.0008035898,0.00088258757
0.41546856777821073,-0.00019907951,0.00088217703
0.4155133883885658,-0.0009726882,0.0008822588
0.41555782435057453,-0.0014029145,0.00088122283
0.4156367430303688,0.0004937649,0.0008819574
0.41563779319032435,-0.00022542477,0.0008833097
0.4157057881198509,-0.000364542,0.0008813703
0.41586213966120555,0.001205802,0.0008824879
0.41588536729247827,0.0017107725,0.0008833359
0.41599688776205657,0.00051283836,0.00088236836
0.4160071124031395,-0.00017148256,0.0008820598
0.41609677668071077,-0.00018626451,0.0008825682
0.41614161919596837,8.1419945e-5,0.0008826083
0.41618602651297,0.00023293495,0.0008821368
0.4162649388740127,-0.000479877,0.0008818148
0.41626601767938676,0.0009738207,0.0008836144
0.4163340395687145,-0.0005480051,0.0008823078
0.41649038352736156,0.00033962727,0.0008820095
0.41651359093873197,-0.00021708012,0.00088251615
0.41662510340445535,-0.00036215782,0.0008822198
0.41663534952960224,0.0004787445,0.00088236097
0.41672498516185774,-0.0005451441,0.00088225765
0.4167698500033711,0.0007545948,0.00088260847
0.4168142290970269,-0.00017255545,0.00088223064
0.4168931347172452,0.0011899471,0.00088222005
0.41689424216844917,-0.0006772876,0.0008833991
0.4169622914384167,0.00015330315,0.00088171894
0.41711862739331174,0.0005784035,0.00088195497
0.41714181458488286,-0.00049978495,0.00088230846
0.41725331904705987,0.0006068945,0.0008824626
0.41726358665575647,-0.00086313486,0.0008820091
0.4173531940645635,0.0009982586,0.0008821295
0.41739808038952364,0.00013017654,0.00088297756
0.4174424312596281,0.00030303,0.0008817647
0.4175213305613005,-0.0004324317,0.00088173634
0.4175224670783503,-7.075071e-5,0.0008833498
0.41759054288707453,-0.0002670884,0.00088157906
0.41774687125946763,-0.00033801794,0.0008823353
0.41777003823123937,-0.00019204617,0.00088303577
0.4178815346898701,-0.0003684163,0.0008831679
0.4178918237820135,0.00082468987,0.0008832968
0.41798140296706343,0.00024020672,0.0008818012
0.41802631119702904,7.593632e-5,0.0008824655
0.4180706334218178,0.0006827116,0.0008819514
0.41814952640535574,-0.00024455786,0.00088186056
0.41815069156659,-0.00054723024,0.0008838766
0.4182187947569824,0.00016081333,0.0008824568
0.418375115547285,0.00022733212,0.00088211324
0.41839826187749307,8.46386e-6,0.0008823938
0.4185097503322689,0.00019919872,0.00088227633
0.41852006090847627,-0.00059336424,0.0008821791
0.41860961186946055,7.379055e-5,0.00088221376
0.4186545420047403,0.0003579855,0.0008823965
0.4186988355842133,0.0008087158,0.0008816519
0.41877772224899956,0.0008672476,0.00088167173
0.41877891605565243,0.0006810427,0.0008835399
0.4188470462060516,0.0009045601,0.000882054
0.419003359413441,0.0003798008,0.0008824077
0.4190264855237468,-0.00044810772,0.000882062
0.41913796597446207,0.000116825104,0.0008822236
0.4191482980346305,0.00030994415,0.0008821059
0.41923782035060764,0.00064730644,0.0008827368
0.4192827728121429,0.00035095215,0.00088287645
0.41932703774702007,8.46386e-6,0.00088193896
0.4194059180929519,-0.00047266483,0.00088157225
0.41940714054471484,0.00090932846,0.0008840405
0.41947529807626815,0.0013679266,0.00088142656
0.4196316032795969,0.00025820732,0.0008826861
0.41965470874885313,0.0007312298,0.00088307797
0.4197661816171695,-0.00037837029,0.00088219193
0.41977653516088753,5.543232e-5,0.0008823909
0.4198660292533133,-0.0011966228,0.0008828415
0.41991100319839825,-6.66976e-5,0.00088310754
0.4199552399094155,0.0003298521,0.0008819615
0.42003411393669865,0.00026261806,0.00088249246
0.4200353654542046,0.0007405281,0.00088347384
0.42010354952461737,0.0006363392,0.0008818525
0.4202598471457528,-0.0010182858,0.0008812532
0.42028293239510683,8.46386e-6,0.00088275044
0.4203943972598768,1.13248825e-5,0.00088255876
0.42040477228714457,0.00053310394,0.00088276906
0.42049423815601905,0.00015687943,0.0008828154
0.4205392340061095,0.0015259981,0.0008832114
0.4205834424930611,0.00065505505,0.0008819628
0.4206623097803426,-0.00047647953,0.0008818654
0.4206635899429586,5.2452087e-5,0.0008834219
0.4207318009732752,0.0007542372,0.0008814894
0.42088809101232005,0.00019347668,0.00088179443
0.42091115604136053,0.000513196,0.000882902
0.42102261290207,0.000854373,0.00088279287
0.4210330094132988,0.0003927946,0.0008823412
0.4211224466369603,0.00033545494,0.00088248483
0.4211674648135121,0.00041556358,0.0008824384
0.4212116446558679,0.00022768974,0.00088151905
0.42129050562429493,-5.2154064e-5,0.0008821229
0.4212918144319181,0.0001705885,0.0008837817
0.42136005284359446,-0.0003593564,0.0008814663
0.4215163348787846,0.00063169,0.0008820354
0.42153937968771704,-0.0013489723,0.0008822176
0.4216508285447773,-0.0004454255,0.00088286115
0.42166124653976156,0.00056672096,0.0008827339
0.42175065553966606,-0.0005046725,0.0008829237
0.4217956956209147,-0.00014030933,0.0008821363
0.4218398468185719,-0.00043535233,0.00088258047
0.42191870146804167,0.00072312355,0.0008834122
0.4219200389209806,1.1444092e-5,0.00088383455
0.4219883042922523,-0.00015860796,0.0008819141
0.42214457874463196,0.00029563904,0.0008818525
0.42216760333386794,-0.0003067255,0.0008825412
0.42227904418748474,-0.0007753372,0.00088238897
0.4222894836660187,0.00072836876,0.00088247564
0.4223788644423717,0.00023889542,0.0008822896
0.42242392600717016,-0.00011509657,0.0008827036
0.42246804898107027,0.0003862381,0.00088248966
0.4225468973116855,-0.0005198717,0.0008814826
0.4225482634096316,-4.172325e-6,0.00088342
0.4226165561621602,-0.00078845024,0.0008815371
0.42277282261078786,-0.0015395284,0.0008827806
0.42279582698012164,-0.0004975796,0.0008826495
0.42290725982988353,0.00056898594,0.00088268856
0.42291772079217294,-0.000728786,0.0008819744
0.4230070729233131,-0.0017802715,0.0008821999
0.42305215681467556,-0.00039333105,0.0008820739
0.4230962511434657,-0.0004016757,0.0008815406
0.42317509315563795,0.0003248453,0.0008824474
0.4231764883193271,-4.4345856e-5,0.0008841286
0.42324480761081806,-0.00085026026,0.0008823916
0.4234010664773551,-0.00042766333,0.00088157895
0.4234240502053309,0.0011020899,0.0008824748
0.42353547547228243,0.00017082691,0.0008830255
0.4235459579185328,0.00032949448,0.00088207016
0.4236352818257102,0.0005840063,0.0008822632
0.4236803876222839,-0.0012506843,0.00088214275
0.4237244533060669,0.0010217428,0.00088193954
0.4238032889995903,-0.00058048964,0.0008820061
0.4238047128081839,0.0005031824,0.00088388403
0.42387305905988726,-0.0003709793,0.00088168686
0.4240293103435111,0.00015556812,0.00088201417
0.4240522738514817,7.867813e-5,0.0008829921
0.424163691114784,0.00053071976,0.00088269485
0.4241741950447899,0.0012427568,0.00088273134
0.42426349072851877,-0.0010022521,0.00088230567
0.42430861800853925,0.0002424717,0.00088247046
0.42435265546856515,-0.00032526255,0.0008815943
0.42443148484323423,-0.000502944,0.000881742
0.4244329372972463,-0.00077599287,0.00088341825
0.4245013109302066,0.00010240078,0.000882124
0.424657554209667,-2.5629997e-5,0.0008825468
0.4246804974977354,0.00032114983,0.000882531
0.42479190675749146,8.46386e-6,0.0008826147
0.42480243217104696,4.053116e-5,0.0008821107
0.42489169920987147,0.0006762743,0.00088361645
0.42493684881604477,-0.0004093647,0.00088274997
0.4249808576306521,-0.00025707483,0.0008815776
0.42505968068667244,-0.0007070303,0.00088188867
0.42506116178558884,0.0010101795,0.0008839927
0.425129562378453,-0.0004950762,0.00088196015
0.4252857980758229,0.00036728382,0.00088201923
0.4253087211439891,0.00024616718,0.0008836252
0.42542012239989024,-5.2511692e-5,0.0008821415
0.4254306692972012,0.0007792711,0.0008823013
0.4255199081122686,0.00039589405,0.00088228675
0.4255650796236531,-0.0004132986,0.0008827728
0.42560905979345887,0.00019228458,0.00088219007
0.42568787610937475,0.0010674,0.00088208105
0.42568938627454844,0.00036406517,0.00088335277
0.42575781382721367,0.00026595592,0.0008815764
0.42591404194239013,-0.00043177605,0.00088242715
0.42593694436909557,-0.00082075596,0.0008819561
0.42604833804239195,0.0013939142,0.0008827476
0.4260589064233554,-0.0006194711,0.0008821726
0.4261481165935185,-0.00020235777,0.00088239956
0.42619331000980565,0.0009469986,0.0008827588
0.42623726195616285,-0.0005967617,0.00088119105
0.4263160719533271,0.0008431673,0.00088240264
0.42631761076361085,2.7179718e-5,0.00088358496
0.4263860656972245,0.00036752224,0.00088249875
0.4265422858089575,0.00015044212,0.0008829066
0.4265651680156578,-0.0004259348,0.0008831041
0.42667655326384923,8.72612e-5,0.0008825288
0.426687143549921,-0.0003065467,0.0008825808
0.42677632549622413,0.0011628866,0.00088276615
0.42682154081731116,0.0006213188,0.00088295265
0.4268654641186612,-8.583069e-6,0.00088169717
0.4269442677967653,-0.00097477436,0.0008818383
0.42694583567351196,-0.00026243925,0.0008836389
0.4270143171458822,-0.00013786554,0.0008812674
0.42717052967470204,0.0003144741,0.0008820108
0.427193391661603,-0.0009672642,0.00088236906
0.427304768906248,0.0010864735,0.00088211516
0.4273153806760752,-0.001024425,0.00088214956
0.42740453439862136,-0.0002194047,0.0008824264
0.4274497716248167,1.1444092e-5,0.0008824342
0.4274936662812623,-0.00020116568,0.00088141195
0.42757246364071766,0.00047123432,0.0008822977
0.42757406016216304,-0.001008451,0.00088376336
0.42779877354096074,8.356571e-5,0.00088173785
0.42782161530775376,0.00033450127,0.0008831565
0.42793298454874973,-0.00048601627,0.0008818888
0.42794361780222945,0.000666976,0.000884346
0.4280327428795627,0.00057792664,0.0008823461
0.4280780020109691,-0.00040715933,0.0008821946
0.42812186844376066,0.00059461594,0.00088195916
0.4282006594846701,0.00013411045,0.00088155933
0.4282022846508141,-0.0008403063,0.0008834328
0.4282708200436093,0.00024795532,0.0008824233
0.42842701740721956,-0.00032174587,0.0008818929
0.42844983853296303,-0.00012779236,0.00088306493
0.42856120019145716,-0.00093871355,0.00088247657
0.4285718549286922,0.0004671812,0.00088189746
0.4286609517823712,-0.00040191412,0.000882268
0.42870623281868037,-0.000569582,0.0008825995
0.4287500706062589,-0.00066792965,0.00088233716
0.42882885532831394,0.00016844273,0.0008816675
0.4288305091398765,-0.0006710291,0.0008834765
0.42889907191351717,-0.0006405115,0.0008820822
0.42905526127337545,-0.0002963543,0.0008822803
0.42907806217921673,-0.00034987926,0.00088209385
0.42918941583385595,-9.983778e-5,0.0008823143
0.42920009205494924,-0.00091284513,0.00088258233
0.4292891602637239,0.0009986162,0.00088246533
0.42933446320493573,0.00011026859,0.0008825671
0.4293782727688601,-0.00024551153,0.0008813836
0.4294570511723692,-0.0010533929,0.00088197255
0.4294587336285276,4.6610832e-5,0.0008836404
0.42952732336248356,0.00032949448,0.0008816013
0.4296835051397371,-0.0011420846,0.0008817236
0.42970628582536763,0.00037825108,0.0008827921
0.42981763147625485,-0.0001462102,0.0008819624
0.4298283291811035,0.0005069971,0.0008821824
0.4299173691662239,-0.0011975169,0.0008826667
0.42996269401233833,5.733967e-5,0.0008827163
0.43000647493125554,-0.0005582571,0.00088169926
0.430085246594763,-5.7280064e-5,0.00088209193
0.43008695811697295,-0.00033658743,0.0008836902
0.4301555748112442,-0.0010032058,0.00088155747
0.4303117490059958,-0.00041025877,0.0008819156
0.430334509050474,0.0009188652,0.0008828301
0.430445847119065,0.00032782555,0.00088215235
0.4304565663072577,-0.0005069375,0.00088195544
0.43054557764767953,0.0002617836,0.0008834291
0.43059092482004957,-0.00018179417,0.0008821674
0.4306346770937538,-0.0003092885,0.00088154717
0.4307134424384068,8.46386e-6,0.0008820172
0.43071518260582975,0.00020337105,0.0008832959
0.43078382625990197,-0.00035518408,0.000881873
0.4309399928722546,-0.0005838871,0.00088176626
0.4309627326970362,0.00054883957,0.00088233856
0.4310740623402137,0.0012636185,0.00088347925
0.43108480343341193,0.001101613,0.0008839493
0.43117378655007665,8.46386e-6,0.00088292424
0.43121915520630494,-0.0012218356,0.00088187633
0.4312628792562522,-0.0002976656,0.00088132627
0.4313416382824621,-0.00010877848,0.0008821781
0.43134340709489216,-0.00026106834,0.00088340556
0.43141207812981,0.0007891655,0.0008819861
0.4315682367386162,-7.748604e-5,0.00088212953
0.43159095592193697,-0.00093501806,0.00088167633
0.4317022779826126,-0.0004313588,0.0008819512
0.4317130405599776,-0.00012266636,0.00088183273
0.43180199503132655,0.00083673,0.0008828333
0.43184738601370753,0.0016350746,0.0008829192
0.43189108141885324,-0.00032782555,0.00088146
0.431969834126106,0.0009599924,0.0008822843
0.43197163158354324,0.0001745224,0.0008836213
0.4320403295781592,-0.00045138597,0.0008814468
0.4321964801836249,0.0005277395,0.00088219746
0.43221917956788214,-2.8431416e-5,0.00088237005
0.4323304936251142,0.0004452467,0.0008836876
0.43234127768613184,-0.0003402233,0.00088217907
0.4324302039340322,0.0005788803,0.0008835092
0.4324756163998601,0.00037562847,0.0008821281
0.43251928358166014,-0.00064349174,0.0008816
0.43259802996974983,0.00018930435,0.00088293175
0.43259985649344435,0.0013126135,0.00088401185
0.4326685810271256,-0.001257658,0.000882019
0.4328247240498836,0.000436306,0.0008827772
0.43284740321434145,0.0012439489,0.0008827352
0.43295870926782165,0.0006117821,0.00088262797
0.4329695143910359,1.1444092e-5,0.0008820562
0.4330584124151793,0.00014221668,0.0008825676
0.4331038472072627,-0.0015277863,0.00088328845
0.43314748574384987,-6.097555e-5,0.0008821867
0.4332262253921436,0.0014878511,0.00088284886
0.4332280809821982,-0.00023633242,0.00088346744
0.43329683247619477,-0.00068992376,0.0008819871
0.4334529679160395,-0.0007354021,0.00088166783
0.43347562643955073,0.00048291683,0.0008827786
0.4335869249106319,-0.0003336072,0.0008819276
0.4335977515176015,-0.0002989173,0.00088206603
0.4336866213175764,-0.0014641285,0.0008820112
0.4337320775938266,0.00019276142,0.00088268914
0.43377568790645105,9.4890594e-5,0.00088209397
0.4338544212361989,-0.00026488304,0.0008819318
0.43385630547115783,-0.00041669607,0.0008833232
0.43392508392485263,0.00048398972,0.0008817713
0.4340812117821954,-9.9778175e-5,0.0008816897
0.4341038500854959,-0.00055998564,0.0008822385
0.434215140131472,-0.0009635091,0.0008831863
0.4342259886437557,-0.0003452897,0.00088187854
0.4343148297988263,-0.00070017576,0.0008822402
0.4343603084012293,-0.00038462877,0.00088214094
0.43440389006925784,0.00044357777,0.0008816909
0.43448261708025415,-0.00093466043,0.0008813753
0.4344845299598089,7.009506e-5,0.0008838994
0.4345533353735104,0.0004724264,0.00088147126
0.43470945564876273,-0.00018775463,0.00088158605
0.4347320733107052,0.0006234646,0.0008823001
0.43484335577417943,-0.00020480156,0.0008823165
0.43485422576990995,1.6331673e-5,0.00088279543
0.43494303870153195,-5.4836273e-5,0.00088241056
0.43498853878738186,0.00057566166,0.0008822997
0.4350320922314477,-0.00020372868,0.00088145974
0.43511081292348663,-0.00085264444,0.00088193954
0.43511275444825426,-0.00034427643,0.00088374794
0.4351815872434184,0.0009920597,0.0008822835
0.43533769951491863,0.00014603138,0.00088273507
0.4353602969571646,0.00054073334,0.00088241056
0.43547157141698967,0.00010049343,0.0008820801
0.4354824628960642,-0.0013902783,0.00088219886
0.43557124718309037,0.0003721714,0.0008832634
0.4356167695951958,0.0003579855,0.0008824518
0.43566029439404874,0.0005341768,0.0008816171
0.43573900834629176,0.0003131628,0.00088179886
0.43574097893721386,0.0004887581,0.0008834584
0.43580983869248757,-0.0008084774,0.0008819263
0.4359659429598245,0.00023448467,0.00088197226
0.43598852018206535,-0.0005569458,0.0008818395
0.4360997870589771,-0.00053066015,0.0008833873
0.4361107000222184,-0.00062668324,0.0008822398
0.43619945608517896,0.00058829784,0.0008823767
0.4362450004025985,-0.00037270784,0.00088294334
0.43628849655685564,0.00043797493,0.00088134385
0.436367204190347,0.0010734797,0.00088244624
0.43636920342617347,0.00024318695,0.0008841976
0.4364380901411453,0.0004899502,0.000881491
0.4365941868262889,-0.00039821863,0.00088195223
0.43661674382821614,0.00012207031,0.00088268536
0.4367280022802287,-0.0010336637,0.0008822738
0.43673893672753394,0.0008382797,0.0008824851
0.4368276645666346,-0.00036293268,0.00088243774
0.43687323078875095,1.1444092e-5,0.0008822393
0.4369166987192511,0.000603199,0.0008815888
0.4369954000335795,-0.00023692846,0.00088208023
0.43699742791482454,0.00028657913,0.0008837694
0.43706634158959745,0.0006736517,0.000881506
0.4372224306925476,0.0010831356,0.00088228745
0.4372449670532197,4.6014786e-5,0.000882684
0.437356217922936,0.0014175177,0.00088242115
0.4373671738536882,-0.00074607134,0.0008819804
0.43750146117531497,-0.00037318468,0.0008825099
0.4375449004603964,0.0005130768,0.0008819606
0.4376235958776348,0.00044298172,0.00088258315
0.43762565240388696,0.0009576082,0.00088389585
0.43769459303846103,0.0007367134,0.0008817657
0.43785067455870363,0.0018349886,0.00088216126
0.4378731906996791,-9.924173e-5,0.0008825146
0.43798443356574623,0.00012612343,0.00088252267
0.4379954109798424,-1.7523766e-5,0.0008823434
0.4380840819501788,-0.00028419495,0.0008823612
0.43812969198271756,2.4676323e-5,0.0008826909
0.43817310262279185,-4.339218e-5,0.0008824551
0.4382517913004399,0.0001090765,0.0008818284
0.43825387689253803,-0.0007330775,0.00088406686
0.4383228444875302,-0.0004643798,0.0008814239
0.43847891842485953,0.0004888773,0.0008819608
0.43850141392457986,-0.0010439157,0.0008819129
0.43861264920814513,8.428097e-5,0.0008827516
0.43862364810640797,-0.0013055801,0.00088222354
0.4387122904314287,0.000502944,0.00088236266
0.4387579223688701,0.0005021095,0.0008828027
0.43880130478559876,-0.0002529025,0.0008811309
0.4388799871440837,0.00035572052,0.00088222313
0.4388821013811891,-0.000541389,0.0008831057
0.438951095936188,-0.0008099079,0.00088145403
0.4391071618697653,-0.0006439686,0.0008811687
0.43912963757052503,0.0006427765,0.0008823797
0.4392408644292938,-0.0003901124,0.00088220433
0.4392518852325622,0.0005068779,0.00088240835
0.4393404993341343,-0.0002799034,0.0008825159
0.4393861531762727,0.00026774406,0.0008824697
0.4394295069479942,-0.0005136132,0.00088190497
0.43950818298772765,2.5391579e-5,0.0008826517
0.439510325869943,-0.001996994,0.00088309357
0.43957934738484583,0.0005066395,0.0008825078
0.43973540573633263,0.0002117157,0.0008826101
0.4397578607958371,-8.2433224e-5,0.0008826043
0.439869080072104,0.00077700615,0.00088398997
0.4398801219374663,-0.00027638674,0.00088223733
0.43996870781569275,-0.00031656027,0.00088361255
0.4400143835628366,0.00013661385,0.0008833621
0.44005770911038966,0.00088238716,0.0008812603
0.44013637841012143,0.0013437271,0.0008820532
0.44013855035869687,0.00013327599,0.00088379433
0.44020759883329796,0.00013101101,0.00088247325
0.4403636496024885,0.00043308735,0.0008818113
0.4403860844421936,-0.0003848672,0.00088253693
0.4404972957145029,0.00039553642,0.00088264083
0.4405083590636205,0.0010118484,0.0008824818
0.44059691671808987,-9.9122524e-5,0.0008826665
0.44064261437044494,0.00015819073,0.0008838561
0.44068591127319645,0.0012390614,0.00088156527
0.4407645742541766,-0.0006674528,0.00088187953
0.44076677484755356,-0.00039172173,0.0008830336
0.44083585028226435,0.0012922287,0.0008815467
0.4409918934686444,-0.0006130934,0.0008820756
0.4410143076671973,0.00010025501,0.00088288134
0.44112551093544594,-0.00053077936,0.00088211015
0.44113659618987766,0.00069236755,0.000882652
0.44122512519923696,-0.0005592704,0.00088237104
0.4412708447563918,-0.0005976558,0.0008826932
0.44131411301434176,0.001131177,0.0008820287
0.4413927700978205,-0.00048470497,0.00088160636
0.44139499933620463,0.00067412853,0.00088404637
0.44146410173123063,0.0004518032,0.0008827407
0.4416201369135503,0.0011380911,0.000881916
0.4416425313136566,0.00019729137,0.00088292133
0.44175372657805045,0.0008535385,0.00088234746
0.4417648328950903,0.0019152164,0.00088229525
0.4418533336807954,-0.00017869473,0.0008835883
0.4419423151767372,0.00021958351,0.0008814018
0.4420209655202143,-0.00040841103,0.00088191376
0.4420232238249585,-0.001311481,0.00088335125
0.44209235317968276,-0.00075882673,0.0008817614
0.4422483807797062,1.1444092e-5,0.00088204746
0.44227075453855735,-0.0012598038,0.00088231947
0.4423819422208607,0.0014238358,0.0008825451
0.4423930700212445,-0.00029492378,0.0008818186
0.4424815425831925,0.0006890297,0.00088277535
0.4425273059503584,0.0002155304,0.00088261085
0.4425705173395441,-0.00013417006,0.00088109466
0.44264916136426957,-6.2167645e-5,0.00088207546
0.4426514483139181,0.0003925562,0.00088367553
0.4427206046283406,0.0002863407,0.00088140013
0.4428766246462734,-9.4115734e-5,0.0008821891
0.4428989777634581,-0.00037539005,0.00088283664
0.44301015744200933,0.0010966063,0.0008824824
0.44302130714750154,-0.000336051,0.0008822295
0.4431097510643395,-0.0009140372,0.0008825497
0.44315553633651095,0.0003966093,0.0008835372
0.44319871950193956,-0.00033420324,0.00088161696
0.4432773572079134,-0.00048983097,0.00088180247
0.4432796728025692,3.2663345e-5,0.0008834672
0.4433488560774098,1.1444092e-5,0.0008816957
0.4435048680911793,-0.00014734268,0.00088172994
0.4435272014097118,0.0001654625,0.0008822662
0.44363837308481957,-0.001139462,0.0008824875
0.4436495442739643,0.00040853024,0.0008827343
0.4437379595458979,-0.0010938644,0.00088267284
0.44378376714391354,0.0002465248,0.00088237535
0.443826921664335,0.00044202805,0.00088130945
0.4439055526306157,-0.00021833181,0.0008822647
0.44390789687007304,0.00024032593,0.00088419736
0.4439771075262733,-1.090765e-5,0.00088182784
0.44413311195712946,0.0009946823,0.00088316895
0.44415542463471536,0.0005632639,0.00088265404
0.4442665883059683,0.0005636215,0.0008823294
0.4442777809788684,0.0011357069,0.0008821686
0.44436616844829513,0.0015894175,0.0008829933
0.4444119975300661,1.1444092e-5,0.0008821749
0.44445512340589177,5.531311e-5,0.00088196044
0.44453374847456806,-0.0003156662,0.0008810233
0.4445361213588269,-0.0006132126,0.00088392047
0.44460535897503395,-0.00096040964,0.00088224787
0.444761355823594,-0.00070142746,0.00088140625
0.44478364785982183,-0.00060129166,0.00088265963
0.4448948039483671,-0.00028723478,0.0008822779
0.44490601810512553,-0.00048094988,0.0008829177
0.4449943769294421,-0.000980258,0.0008824125
0.44504022791663,0.0004390478,0.0008823819
0.4450833255682872,0.0008327961,0.0008824367
0.44516194431800626,-0.0005438924,0.0008816675
0.445164345847478,-0.00034171343,0.0008834053
0.4452336104233833,-0.00041270256,0.00088158867
0.4453895992688083,0.0003694296,0.00088201754
0.44541187150607553,1.66893e-6,0.0008829158
0.445523019590766,0.00078094006,0.00088202173
0.44553425523138257,-0.0007351637,0.0008825499
0.4456225854110005,5.6028366e-5,0.000882706
0.44566845872444405,8.940697e-6,0.0008825564
0.4457115277306827,0.0006378889,0.00088125875
0.4457901397407086,0.0011184216,0.0008837589
0.4457925703364375,-7.3075294e-5,0.0008835117
0.445861861872041,-0.0004787445,0.00088168593
0.4460178431349642,-0.0009896159,0.00088267465
0.4460400947312848,-0.0009165406,0.0008828563
0.44615123481191477,-8.362532e-5,0.0008822707
0.44616249193628665,0.001103282,0.000882398
0.4462507938921476,8.571148e-5,0.0008825186
0.44629668911018516,0.0001283884,0.00088257453
0.44633972989348947,0.00023758411,0.00088174583
0.44641833558466093,-0.0011919737,0.000882676
0.4464207948251915,-0.00012403727,0.00088359596
0.4464901133211102,0.00043034554,0.0008823663
0.4466460870011201,0.001557827,0.0008828617
0.4466683179565969,-0.0008507967,0.00088218955
0.446779450454725,-0.00060766935,0.00088229816
0.4467907290626466,-0.000929296,0.0008822343
0.44687900279454473,-0.00032758713,0.0008822713
0.44692491991758787,-0.00076824427,0.0008822857
0.4469679316349434,0.0004658699,0.0008814655
0.4470465310068491,0.00013709068,0.00088266144
0.44704901931384244,-0.0005530119,0.00088406116
0.4471183643485179,-0.00022268295,0.0008812444
0.44727433044612874,-0.0005573034,0.0008813064
0.44729654160243915,-0.00051534176,0.0008824948
0.44740766567587364,-0.000990808,0.0008821316
0.44741896618890364,0.00032389164,0.00088354293
0.44750721127610316,0.00022888184,0.0008833913
0.44755315030415177,-0.0012495518,0.00088209106
0.4475961337974417,-0.00010532141,0.0008819773
0.4476747268504929,9.047985e-5,0.0008822308
0.44767724380280205,-0.00067287683,0.00088331505
0.4477466157971758,0.00067698956,0.0008822626
0.44790257431259317,-0.00042116642,0.0008818752
0.4479247648274428,0.0008586645,0.0008825905
0.4480358813186839,-0.0010390282,0.00088245666
0.44804720289391065,2.9325485e-5,0.0008820888
0.44813541975725024,0.00048279762,0.0008824032
0.4481813806903042,0.0006150007,0.00088233594
0.4482243359594258,-0.0006352663,0.00088133855
0.4483029226944454,0.00013136864,0.0008815459
0.44830546829155604,0.0007865429,0.00088365027
0.44837486724583364,-0.0001628995,0.0008817718
0.4485308181787492,-7.426739e-5,0.00088190316
0.4485529880525492,-0.00049746037,0.00088229845
0.44866409654014117,0.00063443184,0.00088309974
0.4486754400202706,0.0012180805,0.0008824132
0.4487636282383972,0.00038671494,0.0008825514
0.4488096110764568,-0.0012953877,0.00088211655
0.44885253770098243,0.0013623238,0.00088219886
0.4489311181171476,0.000338912,0.00088156905
0.448933692780207,0.00028383732,0.00088319724
0.44900311869490284,-0.0010253787,0.00088176224
0.4491590616234492,0.00075924397,0.00088188576
0.4491812112774499,0.00025820732,0.0008824727
0.4492923121822314,-0.00045454502,0.00088305125
0.4493036767252775,0.00022041798,0.0008821163
0.44939183714079434,-0.00038951635,0.00088312826
0.4494378418839623,-0.00037282705,0.0008824637
0.44948073986378934,-0.00053328276,0.0008815952
0.4495593139607915,0.00042808056,0.0008816533
0.4495619172690638,0.000567317,0.0008846084
0.44963137014397203,9.274483e-5,0.0008825095
0.44978730549001655,0.0014055967,0.0008827164
0.4498094349237036,0.0010060072,0.00088271033
0.4499205274033802,-0.0003966093,0.0008820793
0.44993191385153464,3.528595e-5,0.00088215974
0.45002004562235276,-0.00013917685,0.000882544
0.4500660722704234,-0.001316011,0.00088213553
0.45010894202577334,-0.0010760427,0.00088119146
0.4501875093832881,-7.349253e-5,0.0008825842
0.45019014133656754,0.00022232533,0.0008843518
0.45025962159221844,-0.0005080104,0.000881924
0.45041554893512803,-0.00089520216,0.00088143256
0.4504376581489129,0.0003374815,0.00088310713
0.4505487430461904,0.00017511845,0.0008826316
0.45056015097768887,-0.0012426972,0.00088213675
0.4506482541038084,0.00075638294,0.00088299694
0.4506943026569873,-0.0007259846,0.00088243844
0.4507371437673301,-0.0003594756,0.00088356517
0.45081570522724057,-0.0004736781,0.0008817653
0.45081836582532153,-9.655952e-6,0.0008843667
0.45088787261972896,0.00047028065,0.0008826148
0.45104379280138684,0.00020289421,0.00088215235
0.451065881374225,0.00074374676,0.00088349945
0.45117695826733917,0.0006546974,0.00088291086
0.4511883876821816,0.00045275688,0.0008820614
0.45127646258464693,-0.00076293945,0.000882175
0.45132253346397855,0.0021989346,0.0008826945
0.4513653459300341,-0.00072836876,0.0008810676
0.45144390064963424,3.0398369e-5,0.0008822432
0.4514465903139725,0.00024747849,0.0008836056
0.45151612406869535,0.0005842447,0.000881998
0.4516720362463955,-0.0023043752,0.00088136015
0.45169410459912573,-0.0005173087,0.00088278507
0.45180517390973796,-6.735325e-5,0.000882702
0.4518166248087472,0.00024080276,0.0008828857
0.4519046714874554,-7.802248e-5,0.0008826495
0.4519507638502339,-0.000587821,0.00088270515
0.45199354809253245,-0.00040507317,0.0008815209
0.452072096493381,0.00048220158,0.0008822301
0.4520748148029321,-0.0002925396,0.00088375027
0.4521443755173532,-0.0010511279,0.0008826994
0.4523002801125514,-0.00056934357,0.0008823419
0.45232232782382076,0.0012737513,0.00088277133
0.45243338913129805,-8.85725e-5,0.000882559
0.4524448615140627,-0.00019317865,0.0008825471
0.4525328799688081,0.0009223223,0.00088258047
0.452578994236695,0.0015255213,0.0008831414
0.4526217498338835,-0.00070643425,0.0008812253
0.4527002919160833,0.0011714697,0.00088184304
0.4527030392918917,-0.0001425147,0.000883583
0.45277262696601095,0.000100016594,0.00088211684
0.45292852397891303,-1.1622906e-5,0.0008818531
0.45295055104892723,0.00062954426,0.00088246464
0.4530616047740055,0.00072181225,0.0008823065
0.45307309864021694,-0.00044995546,0.00088215654
0.45316108844974945,0.0012620687,0.0008827562
0.45320722462284746,0.0005463362,0.0008827096
0.45324995199638174,-0.0011823773,0.0008813105
0.4533284877597271,8.46386e-6,0.00088173547
0.45333126378033706,-0.0007965565,0.00088321377
0.4534008779935216,0.00017726421,0.00088216335
0.4535567674239216,-0.00047409534,0.00088218576
0.45357877469548946,3.8146973e-5,0.0008823108
0.45368981999525704,0.00045096874,0.0008821802
0.453701335345121,0.00013720989,0.0008822803
0.4537892969313079,-0.00020116568,0.0008826383
0.453835455430353,-0.0003861785,0.0008829483
0.45387815415888,-0.00044250488,0.0008814173
0.4539566831821209,-0.00040739775,0.0008819744
0.453959487847738,-0.00021606684,0.0008836967
0.45402912944228224,0.0006092787,0.0008826948
0.45418501128976907,0.0002411604,0.0008814769
0.4542069979201845,-0.0004325509,0.0008823149
0.4543180356372445,-0.0012136698,0.00088257197
0.45432957247127526,-0.00023716688,0.0008816617
0.4544175054126607,-0.0009869337,0.0008819765
0.45446368581660834,0.00011456013,0.0008826356
0.45448741666188275,-0.00037127733,0.0008974255
0.4545063559000254,0.0014033318,0.00088159385
0.45458487902617617,-6.2048435e-5,0.0008821436
0.4545877123368005,0.0006278753,0.00088405865
0.4546573808911457,-0.00014513731,0.00088202936
0.4548132547346748,-0.0007956028,0.00088186475
0.45483522114508523,0.00075137615,0.0008828369
0.4549462508588046,0.00092709064,0.0008826064
0.4549578091765908,0.00011384487,0.0008822365
0.4550457138939106,0.0004695654,0.0008825137
0.45509191620296663,-0.00017368793,0.00088291016
0.45511567779908735,-0.00027894974,0.0008968598
0.45513455806242087,0.00088763237,0.0008818257
0.45521307444856995,0.00038981438,0.00088192377
0.4552159368254515,-0.0013586283,0.0008846479
0.4552856323399064,0.00051033497,0.0008814782
0.45544149860124217,-0.00013703108,0.00088195544
0.4554634443701917,0.0010336637,0.0008829117
0.45557446608036467,-0.00089102983,0.0008818995
0.4555860463027449,-0.0001898408,0.0008826635
0.4556739227964105,0.00012648106,0.00088285445
0.45572014658953053,-5.3286552e-5,0.00088232174
0.4557439389369089,-0.0007556081,0.00089617155
0.4557627598039776,-0.0014583468,0.0008814921
0.4558412702922138,-0.0001078248,0.00088179903
0.45584416131410255,0.00032866,0.0008833923
0.4559138833674169,0.00061130524,0.0008819433
0.45606974204655937,0.00045013428,0.0008823803
0.4560916675955038,-0.00039035082,0.00088232453
0.4562026817223521,0.001537323,0.0008823078
0.4562142830074434,0.0002475977,0.00088178756
0.4563021312775576,0.0011496544,0.00088266743
0.45634837697547737,-0.0015210509,0.0008823951
0.4563721996532748,4.351139e-5,0.00089670334
0.4563909619663731,-0.00034362078,0.0008816967
0.456469465715019,0.0008227825,0.0008818731
0.4564723853815035,3.2186508e-5,0.00088347524
0.45654213481607475,-0.0003311634,0.0008818391
0.45669798591271527,0.0010615587,0.0008821722
0.45671989082040454,8.46386e-6,0.00088317273
0.4568308969439123,-0.0007855296,0.0008821381
0.45684252013380333,-0.00013124943,0.00088265917
0.4569303397590131,-0.0007763505,0.0008828116
0.45697660778287996,-0.00087326765,0.0008821181
0.4570004607907878,2.7060509e-5,0.0008961335
0.4570191637077241,0.00085651875,0.00088213786
0.4570976615586628,0.00030374527,0.0008819736
0.457100609870566,0.00046372414,0.00088387064
0.4571703862647326,-0.00085794926,0.00088204787
0.4573262293572097,-3.761053e-5,0.00088237773
0.4573481140453053,-0.00018900633,0.0008822828
0.45745911258661964,0.00020134449,0.0008832211
0.45747075683911875,-0.00018620491,0.00088173663
0.457558548240263,0.00015258789,0.0008833631
0.45760483816923825,-0.00041246414,0.00088255
0.4576287215070508,-0.000618577,0.0008960988
0.4576473658705309,0.0009938478,0.0008819427
0.4577258569810566,-0.0012421012,0.0008820779
0.4577288343594227,-3.4928322e-5,0.00088386994
0.45779863729255166,-0.00040322542,0.0008813518
0.4579544728025269,0.00041770935,0.0008823234
0.4579763372706174,-0.0003388524,0.00088297867
0.4580873278078712,7.6532364e-5,0.00088206737
0.458098993965273,-0.00060880184,0.0008822054
0.45818675672141007,0.00028765202,0.0008821586
0.4582330685554936,-0.00054973364,0.00088267645
0.4582755680327206,-0.0007534027,0.00088120997
0.45835405240386173,-0.00044864416,0.00088221114
0.45835705884786804,0.00049197674,0.00088433677
0.4584268887412095,-0.00040644407,0.000881621
0.4585827166690941,-0.00026154518,0.0008822785
0.4586045604955181,-0.00011605024,0.0008831358
0.45871554302901996,0.0018560886,0.0008825159
0.4587272306701772,0.00027048588,0.0008823092
0.4588149652028657,-0.00076687336,0.0008830731
0.458861298941749,0.0004825592,0.0008826417
0.4588852433606212,4.839897e-5,0.00089582
0.45890376977407166,0.0011419058,0.0008819434
0.458982248247917,0.0011421442,0.00088238926
0.4589852833365191,8.189678e-5,0.0008835183
0.45905514018986726,-2.6464462e-5,0.00088199874
0.45921096011358853,-0.00091063976,0.0008821185
0.45923278372021314,-0.00028848648,0.0008821514
0.45934375867141874,-0.00033932924,0.0008822343
0.4593554677963314,-1.2278557e-5,0.00088203134
0.45944317368411547,0.00032627583,0.0008824908
0.45948952932790155,-0.00040984154,0.0008822329
0.45951350449844286,-1.2516975e-5,0.0008960959
0.45953197193687856,0.00073873997,0.000881982
0.4596104436703108,0.0006508827,0.00088215317
0.4596135074043315,-0.0003656149,0.0008843064
0.4596833912175835,0.0010945797,0.00088198297
0.45983920397984734,0.0018868446,0.0008820358
0.4598610069454224,-0.00053310394,0.000882714
0.45997197389297895,-0.0013244152,0.00088203297
0.45998370450164683,0.00014781952,0.00088265113
0.46007138216526255,-0.00011628866,0.00088282494
0.46011775971436264,-0.00030517578,0.0008822967
0.4601417652141916,-0.00019043684,0.00089551177
0.46016017367781825,-0.00071549416,0.0008816152
0.4602386395139546,-7.70092e-5,0.0008821573
0.46024173189298256,0.0002465248,0.0008841196
0.46031164266634417,0.00057697296,0.00088200095
0.46046744742506174,0.0010716915,0.0008834682
0.4604892301706317,0.00014078617,0.00088214426
0.4606001891141276,0.0011571646,0.00088313175
0.46061194162780106,0.0013786554,0.00088257063
0.46069959064661525,0.0006251335,0.00088277314
0.46074599052207377,0.00055861473,0.0008830541
0.4607700263516019,0.0005965233,0.0008961611
0.4607883758402137,0.00013661385,0.00088099553
0.4608668349366569,0.00029218197,0.00088177726
0.4608699563816335,-0.0014799833,0.00088332244
0.4609398936937519,-0.00023812056,0.00088141445
0.461095691291629,0.001704216,0.0008821961
0.46111745339553245,-0.00025731325,0.00088239124
0.4612284047565265,-0.0008711219,0.0008820688
0.46124017833249953,-0.0008060932,0.00088268286
0.46132779912786515,7.736683e-5,0.00088211824
0.4613742209080206,0.00018274784,0.00088321534
0.46139828706817343,-2.3543835e-5,0.0008957412
0.46141657758166754,-3.7133694e-5,0.00088198745
0.4614950303591535,-0.00042676926,0.0008819347
0.4614981804494459,0.0011810064,0.0008836656
0.46156814514240974,0.00027954578,0.00088203483
0.46172393473653484,0.00056791306,0.0008817742
0.46174567662084454,0.00042390823,0.0008827702
0.4618566199780866,-0.000156641,0.00088195165
0.4618684154589623,5.2928925e-5,0.00088218064
0.46195600760911504,-0.000351727,0.00088277645
0.46200245129417317,-0.000454247,0.00088287017
0.462026548205995,0.00042557716,0.000895726
0.4620447797443715,0.0001244545,0.0008819367
0.462123226202386,-0.00020337105,0.0008814899
0.4621264049383026,0.0006583929,0.00088392134
0.46219639659086187,-0.00028008223,0.0008824035
0.46235217818123486,0.0004121065,0.0008821483
0.4623738998457453,-0.00043070316,0.0008826939
0.46248483519923533,-7.18832e-5,0.0008820724
0.4624966521641749,-0.000344038,0.0008823603
0.46258421609046774,8.46386e-6,0.00088276074
0.46263068168073707,0.0006672144,0.0008824411
0.4626548093434053,0.00036907196,0.0008949736
0.46267298148551683,0.0010677576,0.0008818167
0.46275142162519123,0.00013422966,0.0008822892
0.4627546294270566,-0.0003851056,0.00088372116
0.4628246476184753,-0.0007659197,0.0008815145
0.4629804220475965,0.0005031824,0.00088228646
0.46300212307064603,0.00016343594,0.00088295975
0.4631130504203841,8.225441e-5,0.0008819616
0.4631248888690791,-0.0004273653,0.00088243844
0.46321242457171763,-0.00015550852,0.0008828716
0.4632589120668896,0.0022166967,0.0008827474
0.46328307005925684,3.8146973e-5,0.00089534005
0.4633011836479124,0.0012631416,0.0008823245
0.4633796174692464,-2.8967857e-5,0.0008818348
0.463382853915399,-0.0004236102,0.0008839914
0.4634528990675445,0.0003068447,0.0008820401
0.4636086654929137,0.00040626526,0.00088261033
0.4636303462955468,-0.000318408,0.00088362413
0.4637412660630914,-0.0003825426,0.0008823014
0.46375312599523333,-0.0009019375,0.00088264706
0.4638406330529675,-0.0010239482,0.000882122
0.4638871424530421,0.0008199215,0.0008829003
0.46391133119676997,-0.00012356043,0.0008948286
0.46392938538946904,-0.0013301969,0.0008815276
0.46400781289164017,8.2969666e-5,0.0008827518
0.4640110779832114,0.00011217594,0.00088387117
0.4640811500949522,-0.00052273273,0.0008816553
0.4642369089376138,-0.0016179085,0.0008816431
0.46425856952055033,-0.0006710887,0.00088315964
0.46436948128434297,-0.0005829334,0.00088224217
0.4643813627002402,-0.0007850528,0.00088233507
0.4644688415341146,7.1525574e-5,0.00088302075
0.46451537283919464,0.00018334389,0.00088259735
0.46453959191313576,0.0003504753,0.0008948031
0.4645575875518645,0.0007843971,0.00088186376
0.4646360083143425,0.0007021427,0.00088234147
0.464639302472171,0.0001578331,0.00088388147
0.46470940154360996,0.00088202953,0.0008820269
0.4648651528037697,-0.00034320354,0.0008819225
0.4648867927457596,8.46386e-6,0.0008819982
0.4649976965054917,0.00070130825,0.00088258105
0.46500959940545294,1.1444092e-5,0.0008829772
0.4650970500155702,0.00020074844,0.00088243984
0.46514360322575854,-0.0010005236,0.00088372716
0.4651678530505461,0.0011537075,0.0008950899
0.4651857892930099,-0.00076675415,0.00088174694
0.4652642041580892,0.00012946129,0.00088151096
0.46526752696051354,-0.00031882524,0.0008833383
0.46533765257101767,-0.0006656647,0.0008812089
0.4654933962488812,-0.00092834234,0.0008819731
0.46551501597066036,0.0006980896,0.00088239205
0.465625911726949,0.00013804436,0.00088259525
0.4656378365316072,-0.00042515993,0.00088272337
0.46572525849702573,0.00054872036,0.00088313525
0.4657718336121168,-0.00021743774,0.00088256557
0.4657961137668091,-0.00013577938,0.00089491706
0.46581399103456655,0.0012289286,0.000881945
0.465892399580483,0.00042295456,0.0008819145
0.4658957510279145,-0.0002539754,0.0008835003
0.46596590402008686,-7.7068806e-5,0.00088156544
0.4661216396941984,-0.0010490417,0.0008819033
0.46614323919597256,0.00026082993,0.0008823978
0.4662541273694507,0.0010509491,0.000882709
0.46626607323630553,-0.0005186796,0.0008820059
0.46640006399806366,1.1444092e-5,0.00088249956
0.4664243749043221,0.000495553,0.00089450274
0.466442193196962,0.00020134449,0.00088124967
0.4665205950030824,-0.001224339,0.0008815736
0.4665239755169769,0.00026619434,0.00088393484
0.4665941550474946,0.00031268597,0.0008820101
0.4667498835603543,-0.00069999695,0.0008818682
0.46677146242128464,0.0012081861,0.0008830442
0.46688234259059935,0.0003193617,0.000882308
0.46689430994162107,3.9815903e-5,0.00088276016
0.4669816754593198,9.703636e-5,0.0008828638
0.46702829438462756,0.0005633831,0.00088316284
0.467052635620688,-0.0004837513,0.0008942644
0.4670703949381074,-0.0007209182,0.00088089466
0.46714879084682914,0.0005209446,0.0008814696
0.4671522000060393,0.00044178963,0.00088474544
0.4672224064959467,0.00029981136,0.0008822468
0.46737812700505443,0.00011253357,0.00088182965
0.4673996852245239,-0.0005713701,0.00088219444
0.4675105578117481,-0.0009860396,0.00088298204
0.467522547067981,-9.781122e-5,0.0008821637
0.4676098839408782,-0.000310421,0.00088218274
0.46765652477098574,-0.0007637143,0.00088275014
0.46768089675850955,0.0006289482,0.00089418935
0.4676985971009142,0.00011599064,0.0008826426
0.46777698626932573,-0.00084245205,0.00088092254
0.4677804240734402,0.0008100271,0.0008840771
0.4678506575233544,-0.00015735626,0.0008818734
0.4680063704499603,-0.00090897083,0.00088165316
0.46802790844942466,-0.0010700822,0.0008824872
0.4681387730333082,-0.00075906515,0.00088215224
0.4682380924218196,-0.0005159378,0.0008823903
0.4682847551569326,-0.0011354685,0.0008825914
0.468309157474464,2.0742416e-5,0.00089446426
0.46832679884205963,-9.4652176e-5,0.0008811906
0.46840518169192524,-0.00035101175,0.000881744
0.46840864856167996,-4.2140484e-5,0.0008834692
0.4684789085511736,-9.608269e-5,0.00088234444
0.46863461431652753,0.0010793209,0.0008821568
0.46865613167473674,0.0007163286,0.0008824534
0.4687669886759128,-0.0009345412,0.00088188803
0.4687790204779949,0.00038337708,0.0008829568
0.4688663009031724,-7.849932e-5,0.0008819431
0.46891298554308514,0.00028312206,0.0008824184
0.4689374181906242,0.00046873093,0.0008938567
0.46895500058320494,0.000541687,0.00088142796
0.46903337711473037,-0.00014901161,0.00088246743
0.46903687262949223,0.00035095215,0.0008839947
0.46910716000003705,-0.0007774234,0.0008818001
0.4692628577614334,0.00078725815,0.0008817929
0.4692843548996375,0.00059592724,0.0008817874
0.46939520389685585,-0.00022310019,0.00088244904
0.46940725760414914,-0.00028800964,0.0008833579
0.4694945093847307,0.000697732,0.000882746
0.46954121592964904,0.00010406971,0.0008823676
0.4695656793280344,0.0016175508,0.00089457247
0.46958320274601173,-0.0002734661,0.0008813111
0.4696615729583742,-0.001511693,0.00088162854
0.46966509711855475,-5.8948994e-5,0.0008837141
0.46973541102754757,4.374981e-5,0.00088209525
0.46989110120633915,-0.00041019917,0.0008822492
0.46991257812453824,0.0006965399,0.0008826297
0.470023419118313,0.00051116943,0.00088260334
0.47003549430936176,0.00015985966,0.0008821535
0.4701227178658778,-0.00046128035,0.00088269706
0.4701694463160073,0.00012874603,0.00088249205
0.47019394004419457,0.00046920776,0.0008939264
0.47021140448715715,-0.00011062622,0.00088172156
0.47028976838056225,-0.0006855726,0.0008815625
0.4702933216067944,-8.380413e-5,0.0008840461
0.4703636624758969,-0.0003851056,0.0008811905
0.470519344651245,-0.0003719926,0.0008824773
0.4705408013495418,0.00025594234,0.00088248955
0.4706516343397703,-0.00024944544,0.0008818764
0.47066373101436876,0.00014650822,0.0008822739
0.47075092634702487,0.00018882751,0.00088304625
0.4707976767022627,-0.00027614832,0.00088216964
0.47082220118201623,-0.00025582314,0.0008938028
0.4708396066495526,-0.00036156178,0.0008812704
0.47091796380326456,-0.00010967255,0.0008828412
0.47092154567460676,-0.0005565882,0.00088318676
0.47099191350371594,0.0006660223,0.0008821812
0.47114758851781235,0.0004720688,0.0008818572
0.4711690241535009,-0.00044471025,0.00088284566
0.47127984956071334,6.8068504e-5,0.00088198023
0.47129196814011165,5.865097e-5,0.0008830543
0.47137913482827476,-0.00088852644,0.0008822062
0.4714259070881067,-0.00030136108,0.0008821716
0.4714504618981763,-0.00042837858,0.0008939396
0.47146780839110936,0.0006150007,0.0008820804
0.4715461592259669,0.0008673668,0.00088237773
0.47154977016366917,7.998943e-5,0.00088370295
0.4716201645313294,-2.0980835e-5,0.00088233437
0.47177583196292383,-0.00038963556,0.00088251126
0.4717972473788131,-0.0004348755,0.00088293274
0.4719080647821706,0.000590086,0.00088257657
0.47192020484542707,-0.00028705597,0.00088239624
0.47200734330973027,-0.00045645237,0.0008820516
0.4720541374746706,0.0009047985,0.00088266464
0.4720787230355866,-0.0003194213,0.00089309854
0.4720960101325632,-0.0010253191,0.000881795
0.4721743550694051,0.00049340725,0.0008822893
0.47217799465232024,0.0013034344,0.0008837861
0.4722484159797815,0.0004800558,0.00088244135
0.47240407540762397,-0.00039476156,0.00088216027
0.47242547060340534,-0.00070619583,0.00088211783
0.4725362800036279,-1.0550022e-5,0.00088250026
0.4725484415506398,0.0011408329,0.0008825627
0.4726355513696272,0.00030314922,0.0008826226
0.4726823678611317,-0.0003708601,0.00088224927
0.4727069837517467,0.00035858154,0.00089457404
0.47272421229506145,-0.000505805,0.0008814501
0.4728025504921074,0.0005874634,0.0008824551
0.47280621871972117,-0.00093996525,0.00088369945
0.4728766670071892,-0.00041377544,0.0008818636
0.4730323188525297,-0.000510633,0.00088220934
0.4730536938286145,0.0005441904,0.0008821743
0.4731644956460267,0.0012942553,0.00088267465
0.4731766782556467,0.00021481514,0.00088279374
0.4732637598507743,-0.00017255545,0.00088420924
0.47331059824697563,-0.000119030476,0.0008822354
0.473335244889157,0.0004696846,0.000893609
0.4733524140357954,8.46386e-6,0.0008828657
0.4734307459148097,0.00053429604,0.00088196306
0.47343444320837225,0.00050246716,0.00088372437
0.4735049184562584,0.00048947334,0.0008821788
0.4736605622978469,0.00046145916,0.0008824068
0.47368191663267656,0.0007728338,0.0008825295
0.47379271086727837,0.00020742416,0.00088316516
0.4738049153818009,0.0011425018,0.00088280794
0.4738919683323327,-0.00080662966,0.00088225113
0.4739388286331282,0.00040876865,0.00088232005
0.47396350560572853,-0.00087314844,0.000893054
0.4739806157773522,-0.00042915344,0.0008814043
0.4740589413372034,-0.0004644394,0.0008827132
0.4740626672761845,-0.00037932396,0.00088371465
0.47413316948397466,0.0005886555,0.0008824017
0.4742888061640028,-0.0013881922,0.0008814189
0.47431013985716597,0.0015776157,0.00088321895
0.4744209260885299,-0.0001860261,0.0008824139
0.474433152086705,-0.0006519556,0.0008823484
0.4745201768134797,0.00021016598,0.00088319264
0.4745670590196921,-0.0011827946,0.0008814511
0.4745917663218886,5.4836273e-6,0.0008935309
0.47460881751890893,-0.000883162,0.00088252133
0.47468713718125866,0.00041770935,0.0008824322
0.4746908917648356,-0.00024122,0.0008837104
0.4747614205114852,0.0004774332,0.00088247226
0.4749170496089087,0.0012806654,0.00088228117
0.4749383630821695,0.00037038326,0.0008823702
0.4750491413098843,0.00062692165,0.00088357594
0.47506138879202053,0.00094366074,0.0008822883
0.4751483852946268,-0.0007943511,0.00088231516
0.475195289406256,0.0002592802,0.00088295114
0.4752200274590932,0.0012737513,0.0008933604
0.47523701968089305,-0.00021499395,0.0008811671
0.47531533260365244,0.0013211966,0.00088281266
0.475319115831928,-0.00032627583,0.0008835879
0.47538967153848155,0.00040745735,0.0008818226
0.47554529305381443,-7.724762e-5,0.0008822454
0.47556658588612866,-0.0007262826,0.0008821364
0.47567735653103305,-0.00077593327,0.00088277314
0.47568962549692473,0.00062191486,0.000882777
0.4757765937761852,0.00065147877,0.00088229397
0.47582351979240856,7.1525574e-6,0.00088256027
0.4758482881755619,3.0994415e-6,0.00089318055
0.4758652214224497,0.00067305565,0.0008818054
0.4759435280260462,-0.00077438354,0.0008815881
0.4759473403208876,-0.00060385466,0.00088312576
0.4760179229871394,-0.000210464,0.0008820963
0.47617353649913163,-0.0011342168,0.0008820088
0.47619480911144074,-0.00054883957,0.00088222674
0.4763055717522846,-0.0011366606,0.00088216265
0.47631786220141736,0.0005710125,0.0008824787
0.47640480183608214,0.00012481213,0.00088259275
0.47645175017814967,0.00046777725,0.0008827942
0.47647654931328065,-0.00012403727,0.0008933075
0.47649342316400645,0.00017356873,0.0008810535
0.47657172344844,0.0005003214,0.0008822509
0.47657556438869997,6.318092e-5,0.0008835339
0.47664617401495846,0.0002669096,0.00088204874
0.47680177994444883,0.0010409355,0.00088220387
0.4768230323363415,-0.0003721118,0.0008825603
0.4769337869737419,8.46386e-6,0.00088221504
0.47694609932798304,0.0003811121,0.0008830717
0.4770330103172291,-0.0005431771,0.0008818604
0.47707998014346353,3.4451485e-5,0.00088282255
0.47710481002944083,-0.00018590689,0.0008929238
0.4771216253264019,0.00034475327,0.00088259793
0.4771999188709366,-0.0012276769,0.0008818144
0.47720378887735104,0.00030982494,0.00088416645
0.47727442504236617,0.00016891956,0.0008819805
0.47743002338894325,0.0008453131,0.00088196405
0.4774512551399922,0.0002117157,0.00088352954
0.47756200219489064,0.000880003,0.0008824616
0.47757433603329846,-0.0009406805,0.0008821326
0.47766121879878753,1.5974045e-5,0.0008824827
0.47770821053002743,-0.0002487898,0.0008822158
0.4777330707456009,-0.00091952085,0.000893236
0.47774982706775293,-0.0013639331,0.0008807154
0.4778281142936389,0.00017905235,0.000881993
0.477832013366002,0.00020468235,0.00088348106
0.4779026760697739,0.00062966347,0.00088197103
0.4780582668338491,0.00058090687,0.0008820826
0.4780794783653043,-0.0007482767,0.0008823226
0.4781902174161422,0.0005494356,0.0008823044
0.47820257273820266,0.0013494492,0.0008824384
0.4782894272799346,0.0010792017,0.0008819908
0.47833644091576855,0.0005787611,0.00088220474
0.4783613318828055,-0.0019080043,0.00089303416
0.47837802880900115,0.0007715225,0.0008820606
0.47845631013728274,-0.00039243698,0.0008820141
0.47846023743340305,-0.0011200309,0.0008834467
0.47853092751853454,0.0002501011,0.0008820536
0.4786865102788578,0.0016349554,0.00088244636
0.47870770159020504,-0.0005777478,0.00088295765
0.4788184326375995,0.0002387762,0.0008821867
0.47883080944310674,-0.00057828426,0.00088228635
0.4789176357610817,8.46386e-6,0.00088284985
0.478964671302024,0.00018060207,0.0008824977
0.478989592599377,-0.00038570166,0.00089265767
0.4790062305502494,0.0010795593,0.000881692
0.47908450556008786,-0.00041747093,0.00088171527
0.47908846192246546,-0.0012130141,0.0008836195
0.4791591785462508,-2.926588e-5,0.0008823368
0.4793147541451165,0.0006443262,0.0008819896
0.4793359243936499,0.0011180639,0.0008841624
0.47944664785874824,-0.0009863973,0.0008818534
0.4794590461480108,0.0012277365,0.00088324083
0.47954584382139,-0.0005156994,0.0008820114
0.479592901688485,-0.00075906515,0.0008822921
0.47961785373699295,-0.0008432865,0.0008924152
0.4796344322913947,-0.00062954426,0.00088182784
0.4797127009828931,-0.00033324957,0.0008823767
0.4797166859898664,-0.0001243949,0.0008832766
0.47978742957406983,-0.0002143979,0.0008825976
0.47994299759022796,-0.00028276443,0.00088257703
0.4799641476187564,0.0010074377,0.00088276505
0.4800748630799998,-0.00034582615,0.0008823263
0.48008728285332636,-7.671118e-5,0.00088236894
0.4801740523028456,-0.0012117028,0.0008822548
0.4802211320750489,-0.0007483959,0.0008819908
0.4802461144529474,0.00013160706,0.00089266483
0.48026263445379014,0.00032806396,0.0008816933
0.48034089640487543,-0.0005521178,0.00088243984
0.48034491047831174,-0.001026988,0.0008831342
0.480415680601169,0.0011627674,0.00088190765
0.48057124103523663,-0.0013782382,0.00088261353
0.48059237042281844,-0.0004377365,0.0008828305
0.4807030783014571,0.000505805,0.0008827366
0.48071551955823044,0.0013810396,0.00088298996
0.4808022607840955,0.000102996826,0.0008824699
0.48084936246120147,-0.00068712234,0.00088274403
0.4808743751691076,0.002164483,0.0008928099
0.4808908361953469,0.00027012825,0.0008826146
0.48096909182768055,9.9897385e-5,0.00088186783
0.4809731345459184,-0.0016553998,0.0008830718
0.4810439320499297,-0.0002989173,0.0008816287
0.4811994844802453,0.00026726723,0.00088205136
0.4812205936477192,-0.00016582012,0.00088267436
0.48133129352260573,-0.0003247857,0.0008825048
0.48134375668417906,-0.0007067323,0.0008828243
0.48143046926483113,0.00031888485,0.0008834402
0.48147759242589827,0.00032508373,0.00088240835
0.48150263630692913,0.00010406971,0.0008937166
0.4815190379364922,0.00079250336,0.000882157
0.48159728725038287,-0.0004941225,0.0008812526
0.4816013590349808,0.0003361702,0.0008845213
0.4816721830773374,-0.0010647178,0.000882099
0.4818277279253568,0.0008403063,0.0008820979
0.4818488164513698,-0.00024026632,0.00088255736
0.4819595087438573,-0.00046998262,0.0008821361
0.48197199338928887,-0.00083994865,0.0008818849
0.4820586773251394,-9.959936e-5,0.0008818748
0.48210582281225645,0.00038707256,0.0008830348
0.48213089702339784,-0.00022953749,0.00089185557
0.48214723967794615,-0.0011622906,0.0008818792
0.4822254826724681,-0.0004991293,0.0008816965
0.48222958310238173,0.00011777878,0.000883764
0.4823004341047451,0.0013815165,0.00088238984
0.48245597137026264,0.00024056435,0.00088198524
0.48247703967627054,-0.00037539005,0.00088241213
0.48258772396510896,-0.00046801567,0.0008826976
0.4826002300946043,0.0005264282,0.00088241714
0.48268688580669783,0.00049746037,0.00088297157
0.48273405319882035,-0.00066185,0.00088218966
0.4827591577396608,1.1444092e-5,0.00089326693
0.4827754414194,0.00040602684,0.000881704
0.48285367809527324,6.747246e-5,0.0008818905
0.4828578071701941,0.000911355,0.00088386063
0.48292868513246134,-0.00053954124,0.0008817254
0.4830842148152713,0.00054872036,0.00088222575
0.4831052624803325,-0.00066143274,0.00088286796
0.48321593918646333,0.0010002851,0.0008822467
0.4832284667995085,3.9100647e-5,0.0008820076
0.48331509428743347,0.0006400347,0.0008829021
0.4833622835846644,0.0003629923,0.00088233553
0.4833874188766597,0.0009583235,0.00089273544
0.4834036435815897,-5.4180622e-5,0.0008816264
0.48348187351797556,-0.0004905462,0.0008818284
0.4834860316588452,0.00040197372,0.00088370725
0.483556936159972,0.00041353703,0.00088204653
0.48371245826028,-0.0009050369,0.00088165037
0.4837334857052332,0.00052785873,0.000882756
0.4838441544080234,8.583069e-6,0.00088209024
0.48385670350441257,0.0007442236,0.00088257843
0.48394330234774185,-0.00023156404,0.0008827265
0.48399051397091974,-0.00053340197,0.0008824132
0.4840156795928199,-0.0006401539,0.0008929337
0.48403184532294086,0.0011332035,0.00088204246
0.48411006894047215,9.429455e-5,0.00088246807
0.4841142557262461,0.00026512146,0.00088386965
0.4841851871873797,1.6570091e-5,0.00088299473
0.4843407017051857,8.3208084e-5,0.00088209234
0.48436170850888394,0.0011267662,0.00088293786
0.48447236962886364,0.00065779686,0.00088228635
0.48448494020931665,0.0008829832,0.00088286377
0.4845715108293003,-0.000752151,0.0008824816
0.4846187439360279,0.0005083084,0.0008833012
0.4846439403093914,-0.0016889572,0.0008924992
0.4846600470644975,-0.0005635619,0.0008813894
0.4847382647841161,-0.001755774,0.00088233483
0.4847424802148972,-0.00031280518,0.00088419754
0.4848134382150959,-0.00028961897,0.00088199857
0.4849689451504001,2.8371811e-5,0.00088204903
0.484989931734196,-0.00070631504,0.00088231615
0.4851005848503209,-0.00031381845,0.00088238664
0.4851131769146322,-0.0008842945,0.000882375
0.48519971931044725,-0.00037294626,0.0008828198
0.4852469743225918,0.0002772808,0.0008825632
0.4852722014468016,2.6226044e-6,0.0008921835
0.4852882488054372,9.357929e-5,0.000881339
0.48536646020650975,-0.00019878149,0.000882307
0.4853707042824009,0.0012786388,0.0008837772
0.48544168924260644,9.346008e-5,0.00088220317
0.4855971885954087,-0.000490129,0.0008818179
0.4856181545378466,8.46386e-6,0.00088345894
0.48572879965063087,0.00043523312,0.0008824906
0.48574141361953627,0.00013101101,0.0008831799
0.4858279273703442,0.0003862381,0.00088247476
0.48587520470874435,-0.0009702444,0.00088324415
0.4859004621629618,0.00061678886,0.00089228665
0.4859164505465825,0.0007983446,0.0008823143
0.485994655629315,0.00058436394,0.0008826456
0.4859989287713605,-0.00036656857,0.00088367006
0.4860699406912643,-0.00035375357,0.0008815468
0.48622543204031454,3.182888e-5,0.0008817093
0.4862463777627474,0.0010756254,0.0008835437
0.4863570148714711,6.723404e-5,0.0008822488
0.48636965032423474,-0.0008596778,0.0008821619
0.4864561358514913,0.0012762547,0.00088256045
0.4865034350946912,0.00020754337,0.0008824977
0.4865287228792248,0.0012145042,0.00089216215
0.48654465228803645,0.00020468235,0.0008814784
0.48662285105170866,0.0012357235,0.000881502
0.48662715283876146,3.325939e-5,0.00088469853
0.486698191718672,-4.2259693e-5,0.0008814716
0.48685367548552894,0.00025081635,0.00088197127
0.4868746005668094,-0.0006890297,0.0008825557
0.48698523009272265,-1.2040138e-5,0.0008835285
0.48699788702944735,0.00076806545,0.0008824694
0.4870843443330497,-0.0003387332,0.0008822647
0.48713166505990213,-0.0012353659,0.0008825117
0.48715698359569337,-0.0007439852,0.00089161046
0.4871728540294903,0.0005596876,0.0008816643
0.48725104647410244,-0.00030636787,0.0008824551
0.48725537732741253,0.0020016432,0.0008844656
0.4873264427460797,4.2557716e-5,0.00088176905
0.4874819189305375,-0.00072366,0.000881634
0.48750282379171017,-0.00012201071,0.0008826329
0.48761344531407713,-0.00082844496,0.00088205625
0.4876261237346601,-0.0006144047,0.00088227977
0.48771255239294664,0.00021016598,0.0008826366
0.4877598954463632,0.00021529198,0.0008828398
0.48778524473351503,0.0014206171,0.0008916931
0.4878010557706357,0.0005646944,0.0008818694
0.48787924189680476,0.000364542,0.00088223576
0.4878836013952249,-0.00039809942,0.00088344346
0.4879546937738988,-0.0002670884,0.000881625
0.48811016237544336,-0.00066787004,0.0008817661
0.4881310465953608,0.00096571445,0.0008825765
0.4882416605356372,0.0008177757,0.0008824229
0.48825436043956416,-0.0009610653,0.0008821332
0.4883407608740936,0.00075256824,0.0008826134
0.48841350544926376,0.00036728382,0.00089235976
0.48842925793313396,-0.0010206103,0.0008821658
0.48850743731930135,-0.00045257807,0.0008818109
0.48851182546262584,-0.00014990568,0.0008842666
0.4885829448013065,-0.0006673932,0.0008814365
0.4887384058203491,-0.0002503991,0.000881772
0.48875926982067286,2.4676323e-5,0.0008822247
0.488869875756786,-0.0004208088,0.0008826651
0.48888259714446824,-0.0013763905,0.0008819231
0.48896896935565204,-0.00025826693,0.00088323717
0.4890163557972125,0.00015056133,0.00088277215
0.48904176616552675,0.00085771084,0.0008923346
0.4890574596745878,-0.0006636381,0.0008812231
0.48913563274190086,0.00037384033,0.0008817209
0.4891400499512769,-0.00025689602,0.0008836044
0.4892111958287142,-0.00061011314,0.00088107097
0.48936664926525497,-0.0006438494,0.00088166154
0.4893874926243236,0.00097084045,0.0008832
0.48949809097793473,-0.0009126067,0.00088205916
0.48951083384947525,-0.00016278028,0.0008824199
0.489597177415549,0.0014921427,0.00088300556
0.48964458618367357,-0.00015342236,0.0008827064
0.4896700273030399,0.0010876656,0.0008926327
0.4896856614157332,-0.0001770854,0.0008822164
0.489763828164706,0.00045466423,0.00088206236
0.48976827401878065,-1.0311604e-5,0.00088368665
0.4898394468561219,-0.00016105175,0.0008823247
0.48999489271057217,-0.0006325841,0.0008817949
0.4900157154279742,0.0008467436,0.00088329986
0.4901263057782447,0.0008946657,0.0008833385
0.49013907055468786,0.0005013943,0.00088221097
0.4902253858970046,0.0004988909,0.0008825214
0.49027281657013466,0.0007661581,0.00088302215
0.49029828801920006,-0.0003579855,0.0008915734
0.4903138631568785,0.0005569458,0.0008823785
0.49039202358689404,0.0002863407,0.00088164
0.4903964980862845,0.0004440546,0.00088453287
0.4904676978835296,-7.075071e-5,0.0008815672
0.4906231357342279,-9.804964e-5,0.00088248437
0.4906439386528749,-0.0017442107,0.000882829
0.49075452099939343,-0.00018948317,0.0008821434
0.49076730725959206,-0.00082582235,0.0008823707
0.49085359395721007,-0.00087827444,0.0008824076
0.4909010465350371,0.00028324127,0.0008824188
0.49092654873566866,-3.0755997e-5,0.0008913635
0.4909420648984353,-0.00015431643,0.0008816183
0.49102021900949355,0.0021153688,0.00088244234
0.4910247225751412,-5.453825e-5,0.0008832421
0.4910959489113488,0.00036764145,0.0008820463
0.49125137917913364,-0.00018137693,0.00088174583
0.49127216145693686,-0.00015771389,0.0008824
0.49138273622033646,0.0006837845,0.0008826491
0.4913955439642904,-0.00029021502,0.00088319316
0.4914818024381514,-0.0016377568,0.000882306
0.4915292769209839,0.00032901764,0.0008822589
0.49155480945193164,0.0015672445,0.00089192414
0.4915702666395806,-9.846687e-5,0.0008814548
0.4916484144322987,-0.0007930398,0.0008816724
0.4916529466425422,0.0007754564,0.0008838739
0.4917241999387565,-0.0015254617,0.0008820201
0.4918796226240395,-9.036064e-5,0.00088200084
0.4919003842609989,-0.00029301643,0.0008827604
0.4920109514416908,-0.00090032816,0.0008829629
0.49202378066960595,6.7949295e-5,0.0008818677
0.4921100109192984,-3.7252903e-5,0.000882321
0.4921575073075478,0.0008609295,0.0008826243
0.4921830701680918,0.00016403198,0.0008919689
0.492198468380726,-0.000307858,0.0008816353
0.49227660985448674,0.0012367964,0.00088229356
0.4922811711312961,0.00073587894,0.00088407076
0.4923524509659585,0.0005301237,0.000881986
0.49250786606894525,0.00045883656,0.000882005
0.4925286074854883,-0.0006942749,0.00088196085
0.492639166663251,-0.0009294152,0.00088251824
0.49265201737471576,-0.0006245971,0.0008820023
0.4927382189795039,0.00067198277,0.00088213553
0.49278573727265595,-0.0006828308,0.00088335027
0.49281133130550203,-0.00039440393,0.0008914661
0.49282667012228265,-0.0009267926,0.0008814393
0.4929048052768805,-0.0008251667,0.000881397
0.49290939519900556,0.000341177,0.00088378834
0.4929807019936747,0.0017493963,0.0008817886
0.49313610951426246,0.00027108192,0.00088173046
0.49315683028955026,0.0014967918,0.000882978
0.49326738146314963,-0.00138551,0.00088215584
0.49328025407972276,0.0007967949,0.000882384
0.49336642746075376,-9.649992e-5,0.00088420993
0.4934139676586028,-9.4771385e-5,0.0008825751
0.4934395920216622,0.00047576427,0.0008914018
0.49345487186342807,-0.0024864674,0.00088101946
0.4935330002782299,-0.0001129508,0.0008819942
0.4935376192664065,-0.0009458661,0.00088318466
0.4936089526001408,0.00033795834,0.0008820906
0.4937643529591683,9.000301e-5,0.0008836561
0.4937850530936123,-0.0010617375,0.00088222715
0.4938955966847097,-0.00108248,0.0008816633
0.49390849078472965,-6.854534e-6,0.00088206923
0.4939946355206507,0.0002527237,0.0008826751
0.49404219804475524,0.0001296997,0.0008824224
0.4940678527382337,1.1444092e-5,0.0008912886
0.4940830736045734,9.1671944e-5,0.00088178355
0.494161195701035,0.00047588348,0.0008825389
0.49416584375516037,-0.0007030368,0.00088344596
0.4942372036275485,-0.00069803,0.0008815683
0.49439259640386846,-0.00095158815,0.00088206114
0.4944132763181016,7.748604e-6,0.000882779
0.4945238119058585,-0.0006042719,0.00088271266
0.49453672748963384,0.00039446354,0.0008824252
0.4946228440021063,-0.0014138222,0.00088211586
0.4946704280100691,0.00022387505,0.00088243914
0.4946961134543939,-0.00010859966,0.000890804
0.49471127534613013,-0.0003502965,0.00088164286
0.4947893911234288,-0.0003618002,0.00088272186
0.49479406782286983,-0.00012010336,0.0008835843
0.49486545465495624,0.00030374527,0.0008824478
0.49502083984897993,0.0003322363,0.0008824777
0.4950414991217523,-0.00017786026,0.0008822337
0.49515202712700723,0.0005514622,0.00088201475
0.49516496419474365,0.0003119707,0.0008824631
0.4952510520623118,-6.4373016e-5,0.00088254816
0.4952986583964273,0.00067961216,0.00088236254
0.49532437417024555,0.00042808056,0.00089140056
0.49533947708727544,0.00023722649,0.0008822446
0.4954175865458226,0.00050747395,0.00088183925
0.49542229189027087,0.00014209747,0.0008841468
0.49549370568246687,-8.3982944e-5,0.0008817893
0.495649082873047,4.1604042e-5,0.0008822318
0.49566972192581427,2.169609e-5,0.0008824996
0.49578024192690584,0.00013625622,0.00088260946
0.4957932004785005,0.00021445751,0.000882241
0.49587926054345877,-0.00055861473,0.00088268414
0.4959268883614326,-0.00033837557,0.00088241376
0.4959526353079643,0.00077962875,0.0008914993
0.49596767882842085,0.002125144,0.0008820204
0.4960457819686277,0.00024068356,0.0008819342
0.49605051637902475,0.0014857054,0.0008841647
0.4961219567101831,-0.0009863973,0.0008812853
0.49627732631795285,-0.001031518,0.0008823497
0.4962979447298763,0.00042784214,0.00088241074
0.4964084571480546,0.00029921532,0.0008822712
0.49642143718309606,0.0010973215,0.0008835368
0.4965074686031501,-0.000918448,0.00088214007
0.496555118747688,0.00033557415,0.0008827228
0.4965808960245358,-0.000367105,0.00089100015
0.4965958805699776,0.0010361671,0.0008820039
0.4966739773910215,-0.00013518333,0.0008820475
0.4966787404465285,-0.000751853,0.00088442635
0.4967502077375908,0.0012741089,0.0008824939
0.4969055697628586,-0.00033324957,0.00088291033
0.49692616795477706,-0.00022137165,0.0008826308
0.4970366723696147,0.00026977062,0.0008826926
0.4970496738884116,0.00054085255,0.0008827756
0.4971356770847085,0.0017293692,0.00088376837
0.49718334913404616,-0.00036489964,0.0008835064
0.497209156740696,-0.00032931566,0.0008917363
0.49722408231143145,7.104874e-5,0.00088143046
0.49730217281341516,-1.4960766e-5,0.00088197476
0.49730696451413514,0.00028407574,0.00088390964
0.4973784587647928,0.00060749054,0.00088225777
0.49753381320786727,0.00030338764,0.0008817106
0.49755439075811914,0.00012278557,0.00088258553
0.4976648875907633,2.8848648e-5,0.000882306
0.4976779105936242,0.00023162365,0.0008825866
0.49776388514481107,0.0002322197,0.0008824183
0.4978115790990515,0.00011777878,0.00088258414
0.49783741745685606,-0.00026118755,0.0008916
0.49785228405267967,-0.00086706877,0.00088087225
0.4979303682362204,-0.0011320114,0.00088235375
0.4979351885819475,-0.001083374,0.0008834298
0.4980067097922005,6.2942505e-5,0.0008818292
0.49816205665308166,-0.0004130602,0.0008820553
0.49818261356207827,-0.00022298098,0.00088266237
0.4982931023910734,6.54459e-5,0.0008818421
0.4983061472986312,1.5497208e-6,0.00088223215
0.49839209362575243,-0.00068861246,0.0008819912
0.4984398094848955,0.0003131628,0.00088373874
0.4984656781728105,0.00072431564,0.0008906151
0.49848048579341364,0.00011539459,0.0008810945
0.49855856365861406,0.001465559,0.0008819765
0.49856341307039287,0.00027370453,0.00088375283
0.49863496039876953,-9.6559525e-5,0.0008814268
0.49879029967673727,0.0015553236,0.00088239135
0.4988108363661403,0.0011380911,0.0008829411
0.49892131761253067,0.0006520748,0.0008826548
0.4989343840035353,-0.0004144907,0.000881942
0.4990203016859579,0.00086295605,0.0008823673
0.4990680394502093,-0.0011379123,0.00088194554
0.4990939388892792,0.0008288622,0.00089097105
0.49910868711372025,2.3007393e-5,0.00088126695
0.49918675908100785,4.9591064e-5,0.00088240334
0.4991916371377938,3.9339066e-5,0.00088350096
0.4992632114264858,-0.0011025071,0.0008824
0.4994185431214374,-0.0012244582,0.0008814032
0.4994390591693796,0.0010025501,0.0008829497
0.4995495328333709,0.0001591444,0.00088259915
0.49956262070802804,-0.00047528744,0.0008827304
0.4996485101674135,-0.0002782941,0.0008832558
0.49969626983667037,-0.00033009052,0.0008820606
0.49972220002699796,-0.0004145503,0.0008912089
0.499736888855277,0.00018954277,0.0008812669
0.49981495408256293,0.00073862076,0.000881814
0.49981986120540045,-0.0011594892,0.00088357157
0.4998914624539963,6.6399574e-5,0.00088169833
