t_phase,flux,fluxerr
-0.5,1.0205491781234741,0.0016943393275141716
-0.49997035546159113,0.9889991879463196,0.001732786651700735
-0.49995769202147095,1.0132337808609009,0.0016929699340835214
-0.4998464002092287,0.9990721940994263,0.0016857989830896258
-0.49983581092273655,0.9953058362007141,0.0016868604579940438
-0.4997930074511168,1.0352834463119507,0.0017021368257701397
-0.4997241133976434,1.006729245185852,0.001688544056378305
-0.49962501476182725,0.9976754784584045,0.0016861401963979006
-0.4995718191456797,1.0053404569625854,0.0016957969637587667
-0.49946765942921906,1.0174057483673096,0.0016933795996010303
-0.49944667488033967,1.0100085735321045,0.0016922926297411323
-0.49942257430317805,0.998635470867157,0.001709076575934887
-0.49933150378514396,0.9939691424369812,0.00168439035769552
-0.4992512106621955,1.0269360542297363,0.001693631405942142
-0.4992273766331544,1.0076730251312256,0.001689744065515697
-0.4991869622776791,1.0147165060043335,0.0017156359972432256
-0.49909022460695956,1.0046097040176392,0.0016866798978298903
-0.49905864797309335,0.9910886883735657,0.0016862746560946107
-0.4990531297833422,1.0291683673858643,0.0017335164593532681
-0.49894059507136795,1.0162441730499268,0.0016930516576394439
-0.49894008889334646,1.0043139457702637,0.0016874688444659114
-0.49887856398600616,1.0009433031082153,0.0016896916786208749
-0.49883201282424977,0.9905258417129517,0.0016845206264406443
-0.49880300737497946,0.9950045943260193,0.001715221325866878
-0.49871403365452605,1.019569993019104,0.0016944941598922014
-0.49868439817032995,0.9893896579742432,0.0017335036536678672
-0.4986717118793122,1.012534737586975,0.001692762947641313
-0.49856042890507446,1.0036602020263672,0.0016871924744918942
-0.4985498264684163,0.99969083070755,0.0016885304357856512
-0.49850704714115307,1.0288840532302856,0.0016986406408250332
-0.49843812441663793,1.0018651485443115,0.0016863245982676744
-0.49833904992496775,0.9973570704460144,0.001686940435320139
-0.4982858402971902,1.0026952028274536,0.0016924765659496188
-0.4981816898503083,1.0196449756622314,0.0016938347835093737
-0.4981606917194784,1.0098286867141724,0.0016927951946854591
-0.4981366152881469,0.998073399066925,0.001708304975181818
-0.498045516313595,0.9947056174278259,0.0016848130617290735
-0.4979652473343713,1.0340874195098877,0.001696880324743688
-0.49794138377177205,1.0055248737335205,0.0016882603522390127
-0.49790098472180655,1.0134059190750122,0.0017146205063909292
-0.49780425653645255,1.0054817199707031,0.001687229610979557
-0.49777266632210965,0.992530345916748,0.0016871863044798374
-0.4977671718455619,1.0335047245025635,0.001736173522658646
-0.4976546220432332,1.0129940509796143,0.001692238380201161
-0.4976541029299907,1.0133635997772217,0.0016904594376683235
-0.49759260216763873,0.9972970485687256,0.0016861231997609138
-0.49751703068204456,0.9924175143241882,0.0017123286379501224
-0.4974280673086311,1.0188127756118774,0.0016940346686169505
-0.4973984408786475,0.9875354170799255,0.001732577569782734
-0.49738573152157695,1.0145200490951538,0.0016942020738497376
-0.49727445781649665,1.0023897886276245,0.0016870815306901932
-0.4972638420145171,0.9988980293273926,0.0016884577926248312
-0.49722108683139987,1.0373880863189697,0.001702435896731913
-0.4971521354360537,1.0044965744018555,0.0016875298460945487
-0.4970530850885293,0.9933903813362122,0.0016848697559908032
-0.49699986123207185,1.0079981088638306,0.0016963811358436942
-0.49689572027076606,1.018977403640747,0.0016941279172897339
-0.49687470877419365,1.0089486837387085,0.0016917919274419546
-0.4968506560562761,0.9936841130256653,0.0017071872716769576
-0.49675952884162505,0.9986819624900818,0.0016863474156707525
-0.4966792840065473,1.0239845514297485,0.0016905086813494563
-0.4966553909099689,1.008544921875,0.0016891666455194354
-0.49661500695077865,1.0156306028366089,0.0017156810499727726
-0.49651828868194336,1.0048432350158691,0.0016858445014804602
-0.4964866846707049,0.9947932958602905,0.001687140902504325
-0.49648121390778166,1.0318976640701294,0.0017351898131892085
-0.49636864879889053,1.0145233869552612,0.001692542340606451
-0.49636811696663496,1.0072853565216064,0.0016892077401280403
-0.49630664034884997,0.9998881220817566,0.0016875051660463214
-0.4962600314128045,0.9892737865447998,0.0016841095639392734
-0.49623105420468616,0.998735249042511,0.001716047991067171
-0.4961421009627361,1.0209288597106934,0.0016948183765634894
-0.49611248337138875,0.9908495545387268,0.0017332419520244002
-0.4960997513792077,1.0143988132476807,0.0016938012558966875
-0.4959884865129739,1.0028327703475952,0.0016871411353349686
-0.49597785756019686,1.0006197690963745,0.0016890896949917078
-0.4959351263060701,1.0289078950881958,0.0016983957029879093
-0.49586614645441646,1.0022939443588257,0.0016866805963218212
-0.4957671204680884,1.0011897087097168,0.0016884299693629146
-0.49571388238337183,1.0093146562576294,0.0016974450554698706
-0.49560975069122354,1.0191084146499634,0.0016941343201324344
-0.4955887256137534,1.0082594156265259,0.0016915163723751903
-0.49556469703998185,0.9954869747161865,0.00170775200240314
-0.49547354158481033,0.9955623745918274,0.0016852887347340584
-0.4953933206787231,1.0304218530654907,0.0016968721756711602
-0.4953693980481655,1.0082734823226929,0.0016893628053367138
-0.4953290293949061,1.014145016670227,0.0017156261019408703
-0.49523232082701285,1.0072355270385742,0.0016876691952347755
-0.49520070301930014,0.9925686717033386,0.001686661853455007
-0.4951952559693698,1.0341236591339111,0.0017367646796628833
-0.4950826755543374,1.0144412517547607,0.0016924578230828047
-0.49508213100454257,1.0066355466842651,0.0016889807302504778
-0.4950206785304823,1.0016160011291504,0.0016882618656381965
-0.49497404070739753,0.9935827851295471,0.0016855518333613873
-0.49494507751154077,0.9949538111686707,0.0017140042036771774
-0.4948561346174727,1.021757960319519,0.0016952977748587728
-0.4948265260797063,0.9883624911308289,0.0017317497404292226
-0.4948137710208406,1.013952612876892,0.0016939436318352818
-0.4947025152086091,1.0040934085845947,0.0016887220554053783
-0.49469187310629764,0.9977736473083496,0.0016880343900993466
-0.4946491659969484,1.0359770059585571,0.001700948690995574
-0.4945801574736215,1.004091739654541,0.0016877463785931468
-0.49448115563164974,0.9938466548919678,0.0016846278449520469
-0.49442790353530364,1.0049562454223633,0.0016936444444581866
-0.4943237813270473,1.0177046060562134,0.0016936796018853784
-0.4943027426688897,1.0075111389160156,0.0016908770194277167
-0.49427873802368755,0.9937982559204102,0.0017072143964469433
-0.4941875541124193,0.9956030249595642,0.0016852186527103186
-0.4941073573508991,1.028924822807312,0.001694754115305841
-0.4940834051876252,1.0060182809829712,0.0016878274036571383
-0.49404305183903374,1.0149015188217163,0.0017155539244413376
-0.4939463529720824,1.0040900707244873,0.0016861404292285442
-0.49391472136831643,0.9929692149162292,0.0016873363638296723
-0.49390929824695534,1.0314960479736328,0.001735805650241673
-0.49379670231062633,1.0160645246505737,0.0016930252313613892
-0.4937961452571844,1.0072687864303589,0.0016895110020413995
-0.4937347167125359,0.9993758201599121,0.0016878386959433556
-0.49368804978620373,0.9904724955558777,0.0016840847674757242
-0.4936591008179741,0.9948717355728149,0.0017140815034508705
-0.49357016827220923,1.0199007987976074,0.001694587874226272
-0.49354056878802405,0.9873477220535278,0.0017325966618955135
-0.4935277908780503,1.0091636180877686,0.0016911691054701805
-0.4934165439052969,1.0044046640396118,0.0016880094772204757
-0.49340588865324075,0.9928348660469055,0.001686443341895938
-0.49336320547267126,1.0329748392105103,0.0016994124744087458
-0.493294168492195,1.0020122528076172,0.0016863165656104684
-0.49319519079479024,0.9980489015579224,0.0016875392757356167
-0.4931419246859723,1.0090007781982422,0.0016962515655905008
-0.49303781174813655,1.018666386604309,0.0016937346663326025
-0.4930167595088705,1.0089203119277954,0.001691665267571807
-0.4929927790071828,0.9978846311569214,0.0017093431670218706
-0.4929015666412914,0.9946984648704529,0.0016849199309945107
-0.49282139402433806,1.0283151865005493,0.0016942285001277924
-0.49279741232624286,1.0080276727676392,0.0016897845780476928
-0.4927570740688477,1.0181303024291992,0.0017168988706544042
-0.49266038511715216,1.005672574043274,0.001686100848019123
-0.49262873971628013,0.9920657873153687,0.0016865693032741547
-0.49262334030854354,1.0257383584976196,0.001731948577798903
-0.49251072906670473,1.0153471231460571,0.0016926516545936465
-0.49251015929382885,1.0103404521942139,0.0016902597853913903
-0.4924487548935367,0.9968528747558594,0.0016871141269803047
-0.49240205908100726,0.9934501647949219,0.0016850742977112532
-0.49237312433998415,0.9970606565475464,0.0017144224839285016
-0.49228420192673533,1.0189563035964966,0.001693784142844379
-0.49225461149676264,0.992313802242279,0.0017336677992716432
-0.4922418105209466,1.0167980194091797,0.0016949004493653774
-0.49213057260156384,0.999586284160614,0.0016857451992109418
-0.4921199041989205,0.9964290857315063,0.0016877929447218776
-0.49200817929561325,1.0026757717132568,0.0016869845567271113
-0.4919092259579308,0.996780514717102,0.0016864500939846039
-0.4918559458364302,1.0019333362579346,0.001693509635515511
-0.4917518421698572,1.0205471515655518,0.00169468077365309
-0.49173077656400677,1.0076814889907837,0.001692888094112277
-0.4917068199915201,0.994369387626648,0.0017070729518309236
-0.4916155791693214,0.9975529909133911,0.001685813651420176
-0.49153543069693506,1.0285985469818115,0.0016946739051491022
-0.49151141946443966,1.00572669506073,0.001688672578893602
-0.4914710965133964,1.0168802738189697,0.0017160902498289943
-0.49137441704664514,1.0041518211364746,0.001685784081928432
-0.4913427580642438,0.9932315945625305,0.0016868896782398224
-0.4913373823701317,1.027078628540039,0.0017343697836622596
-0.49122475582320396,1.0157145261764526,0.0016934867016971111
-0.4912241733308942,1.0083966255187988,0.0016891186824068427
-0.49116279307537947,0.9975636005401611,0.0016868098173290491
-0.4911160683747584,0.992978036403656,0.0016852139960974455
-0.4910871476464175,0.9957670569419861,0.001713800709694624
-0.4909982355808403,1.0208802223205566,0.0016945439856499434
-0.49096865398950384,0.9907270669937134,0.0017329879337921739
-0.49095583037857715,1.0127609968185425,0.0016919852932915092
-0.49084460129740953,1.0027354955673218,0.0016878858441486955
-0.4908339197446002,0.9973973631858826,0.0016872616251930594
-0.49079128463758853,1.0344407558441162,0.001701008528470993
-0.49072219031544984,1.0038257837295532,0.0016882719937711954
-0.49062326112149235,0.9997877478599548,0.0016873207641765475
-0.49056996677131187,1.0074968338012695,0.0016962438821792603
-0.4904658725901044,1.0192538499832153,0.0016943621449172497
-0.490444793618722,1.0103282928466797,0.0016924821538850665
-0.49042086097522564,0.9975602626800537,0.0017087170854210854
-0.4903295916969302,0.9958388805389404,0.0016851117834448814
-0.49024946736911085,1.0300981998443604,0.0016958190826699138
-0.4902254266030573,1.0067483186721802,0.0016882900381460786
-0.4901851187419475,1.0131068229675293,0.0017153554363176227
-0.4900884491929778,1.0056426525115967,0.0016877006273716688
-0.49005677662799435,0.9918280243873596,0.0016861790791153908
-0.4900514244321409,1.028159260749817,0.0017342041246592999
-0.4899387825786508,1.0180132389068604,0.0016935613239184022
-0.48993818736753864,1.0091396570205688,0.0016891425475478172
-0.48987683125659076,0.9999526143074036,0.0016885552322492003
-0.4898300776685094,0.9928207993507385,0.0016856716247275472
-0.489801170953272,0.993553102016449,0.0017128178151324391
-0.4897122694505219,1.0202192068099976,0.0016949967248365283
-0.4896826966978214,0.9864738583564758,0.0017324291402474046
-0.48966985002021035,1.012771487236023,0.0016935024177655578
-0.4895586299936763,1.0015978813171387,0.0016865817597135901
-0.48954793529028,0.9979863166809082,0.001687904354184866
-0.48950532432846683,1.0346838235855103,0.0017003861721605062
-0.4894362013340233,1.0050208568572998,0.0016874459106475115
-0.48933729628463285,0.996911883354187,0.00168582983314991
-0.4892839879219803,1.0039775371551514,0.0016949089476838708
-0.4891799030103516,1.018367052078247,0.0016936726169660687
-0.48915881045786075,1.0081180334091187,0.0016921384958550334
-0.48913490174314433,0.996002733707428,0.0017077350057661533
-0.4890436042245392,0.996458888053894,0.001685403403826058
-0.48896350425728446,1.0262731313705444,0.0016938732005655766
-0.4889394339568304,1.0075669288635254,0.001688770018517971
-0.4888991411860749,1.014917254447937,0.0017154025845229626
-0.4888024813384686,1.0095053911209106,0.0016880668699741364
-0.48877079497701065,0.994586169719696,0.0016874131979420781
-0.4887654664937291,1.0291368961334229,0.0017354004085063934
-0.48865280933409766,1.0170888900756836,0.00169313361402601
-0.48865220140481447,1.0100200176239014,0.0016902185743674636
-0.4885908694375918,0.9961497187614441,0.001686381408944726
-0.48854408696331314,0.9931572675704956,0.001685357536189258
-0.48851519447654523,0.9932126402854919,0.001713228179141879
-0.488426303105048,1.0204236507415771,0.0016946103423833847
-0.48839673940740225,0.9880350828170776,0.0017317107412964106
-0.48838386987742005,1.0137697458267212,0.001694255042821169
-0.4882726589050985,1.0008012056350708,0.0016854365821927786
-0.48826195062038347,0.9957023859024048,0.0016869459068402648
-0.48821936401850313,1.0325356721878052,0.0017000975785776973
-0.4881502123525968,1.0046712160110474,0.0016882093623280525
-0.4880513316633497,0.99873948097229,0.0016868703532963991
-0.48799800907391205,1.0056508779525757,0.0016959910281002522
-0.48789393364722794,1.0201326608657837,0.0016943595837801695
-0.48787282751299704,1.0084909200668335,0.0016913088038563728
-0.4878489427274816,0.9935927391052246,0.0017081142868846655
-0.4877576169677245,0.9969775080680847,0.0016862788470461965
-0.4876534410956586,1.0039573907852173,0.0016880477778613567
-0.4876131636299918,1.017554521560669,0.0017164306482300162
-0.4875165134835381,1.007833480834961,0.0016874076100066304
-0.48748481332623744,0.9911400079727173,0.0016863008495420218
-0.4874795087708938,1.027214527130127,0.0017324895597994328
-0.48736683609059706,1.014428734779358,0.0016925783129408956
-0.4873662154420905,1.0083379745483398,0.0016891786362975836
-0.4873049076194346,1.0004419088363647,0.0016882078489288688
-0.4872580960421191,0.9902706146240234,0.001683908049017191
-0.4872292177829785,0.9928795695304871,0.0017138456460088491
-0.48714033675915297,1.0221331119537354,0.001695592189207673
-0.48711078211614106,0.9854432344436646,0.0017315970035269856
-0.48709788973462953,1.0078094005584717,0.0016903352225199342
-0.4869866876009442,0.9983336329460144,0.0016861595213413239
-0.4869759661671158,0.9972335696220398,0.0016879710601642728
-0.48686422337159135,1.0020512342453003,0.001685796887613833
-0.48676536682691124,0.9941425919532776,0.0016846135258674622
-0.48671203022500154,1.0054022073745728,0.0016956104664132
-0.4866079640676854,1.021321177482605,0.0016952931182458997
-0.4865868443527673,1.0091989040374756,0.0016924883238971233
-0.4865629837116084,0.9956560134887695,0.0017074673669412732
-0.48647162949638606,0.9961258769035339,0.0016852576518431306
-0.48636744823448697,1.0060914754867554,0.0016885095974430442
-0.48632718585917445,1.0163713693618774,0.001716389087960124
-0.48623054541345234,1.0034587383270264,0.001686271745711565
-0.48619883167420114,0.9985716342926025,0.0016884773503988981
-0.48619355083248195,1.0283303260803223,0.001734865945763886
-0.4860808628460439,1.017714023590088,0.0016935057938098907
-0.48608022947873475,1.0073440074920654,0.0016888703685253859
-0.48601894580064586,0.9978993535041809,0.00168667605612427
-0.48597210533671237,0.9921355247497559,0.00168519071303308
-0.48594324108941206,0.9900974631309509,0.0017118110554292798
-0.485854370413258,1.0228389501571655,0.00169535749591887
-0.4858248246088821,0.9879545569419861,0.0017316072480753064
-0.4858119093766837,1.012916088104248,0.0016933389706537127
-0.48570071629721095,0.9963909983634949,0.0016850038664415479
-0.4856899817134271,0.9978283643722534,0.0016880525508895516
-0.4856474431834201,1.0311377048492432,0.0016991314478218555
-0.4855782343907964,1.0012152194976807,0.0016865178477019072
-0.4854794019908938,0.9979928135871887,0.001686402945779264
-0.48542605137567024,1.008811354637146,0.0016959268832579255
-0.4853219944879326,1.0165973901748657,0.0016930486308410764
-0.4853008614081141,1.0100057125091553,0.0016916642198339105
-0.4852770246961562,0.9961923360824585,0.0017084905412048101
-0.4851856420246266,0.9953001737594604,0.001684852410107851
-0.4850814553726836,1.0069061517715454,0.0016890905098989606
-0.4850412083037229,1.0146564245224,0.0017157800029963255
-0.4849445775585219,1.0031709671020508,0.0016852552071213722
-0.4849128500223754,0.9961050152778625,0.001687787240371108
-0.48490759289449115,1.030747652053833,0.0017351132119074464
-0.4847948898170671,1.016457200050354,0.0016933135921135545
-0.4847942437313766,1.0081220865249634,0.001689091557636857
-0.4847329839822782,0.9954268336296082,0.0016862270422279835
-0.4846861146304633,0.9916805624961853,0.0016843363409861922
-0.48465726461184316,0.9930232763290405,0.001713286153972149
-0.48456840406778406,1.0217316150665283,0.0016953182639554143
-0.48453886731719986,0.9913821816444397,0.0017326162196695805
-0.4844147449938989,1.0023846626281738,0.0016873596468940377
-0.4844039972591069,0.9984662532806396,0.001688157208263874
-0.4843614828736669,1.0337138175964355,0.0017006680136546493
-0.48429224541000143,1.0016419887542725,0.0016865500947460532
-0.48419343715445534,0.9983127117156982,0.0016864852514117956
-0.4841400725271808,1.0056356191635132,0.0016952560981735587
-0.4840360249090219,1.0190954208374023,0.0016937516629695892
-0.48401487846282937,1.0102399587631226,0.0016924829687923193
-0.4839910656796514,0.9930420517921448,0.0017078443197533488
-0.4838996545522356,0.9961416721343994,0.0016850813990458846
-0.48381965094598806,1.0243562459945679,0.0016934409504756331
-0.48379546251130123,1.0018001794815063,0.0016875884030014277
-0.4837552307486926,1.016507625579834,0.0017162211006507277
-0.4836586097035914,1.0055230855941772,0.0016865166835486889
-0.4836268683713916,0.9900729060173035,0.0016857594018802047
-0.48362163495734245,1.0224170684814453,0.001730141812004149
-0.48350891657398753,1.015558123588562,0.0016936541069298983
-0.4835082577680211,1.0069068670272827,0.0016886283410713077
-0.4834470221641213,0.9971224069595337,0.0016874035354703665
-0.483400123924425,0.9911113381385803,0.0016843220219016075
-0.4833712879182765,0.9946936964988708,0.001713916310109198
-0.4832824377227314,1.0166078805923462,0.0016936265164986253
-0.4832529100255174,0.9887291193008423,0.0017324265791103244
-0.48312877390574216,1.0017675161361694,0.0016868808306753635
-0.4831180128052079,0.9984356760978699,0.0016876134322956204
-0.4830755223487582,1.033671498298645,0.0017002882668748498
-0.4830062564285749,1.00298273563385,0.0016866419464349747
-0.4829074723175957,0.9938694834709167,0.0016850518295541406
-0.4828540934620624,1.0124235153198242,0.0016982528613880277
-0.482750055545477,1.021139144897461,0.0016947478288784623
-0.48272889530196805,1.0063107013702393,0.0016898418543860316
-0.48270510666314664,0.9960311055183411,0.0017080481629818678
-0.48261366708026565,0.9957488179206848,0.0016858899034559727
-0.4825336878341614,1.0255001783370972,0.0016935581807047129
-0.4825094698654954,1.0063797235488892,0.0016885912045836449
-0.48246925297766474,1.0120453834533691,0.0017152796499431133
-0.48237264184866097,1.0038862228393555,0.0016857454320415854
-0.48234088693556343,0.9953482151031494,0.0016870988765731454
-0.48233567723450715,1.029736876487732,0.0017350262496620417
-0.482222943330487,1.015924334526062,0.0016925008967518806
-0.48222227180508637,1.0084306001663208,0.0016902589704841375
-0.482161060345122,0.9958081841468811,0.0016859174938872457
-0.4821141332196496,0.9919397234916687,0.0016847850056365132
-0.48208531122513104,0.9921607375144958,0.0017106488812714815
-0.48199647137725743,1.0241658687591553,0.0016959988279268146
-0.4819669527342562,0.9876177906990051,0.0017317581223323941
-0.48195396873442026,1.0107641220092773,0.0016930631827563047
-0.4818428026015879,1.0019036531448364,0.0016869365936145186
-0.4818320283508876,0.9964995384216309,0.001686931005679071
-0.4817895620398471,1.0293887853622437,0.001698218402452767
-0.4817202672313614,1.0060250759124756,0.0016885095974430442
-0.48162150769631273,0.9979066848754883,0.001686069299466908
-0.4815681146133626,1.0035330057144165,0.0016924174269661307
-0.48146408596677676,1.0200327634811401,0.001694507198408246
-0.4814429123577359,1.0073997974395752,0.0016911642160266638
-0.48141914764769445,0.9949016571044922,0.001707809162326157
-0.4813276798234509,0.9963299632072449,0.0016851701075211167
-0.48124772450675846,1.0325549840927124,0.0016958601772785187
-0.48122347700453405,1.003814458847046,0.0016873517306521535
-0.4811832754217922,1.0158172845840454,0.0017161248251795769
-0.4810866739941517,1.0052199363708496,0.0016860776813700795
-0.48105490528415845,0.9925347566604614,0.0016868547536432743
-0.4810497192960953,1.028222680091858,0.001733040320686996
-0.48093697008593383,1.014297604560852,0.001692068763077259
-0.48093628584299397,1.009768009185791,0.001689797267317772
-0.48087509852717536,0.9963918924331665,0.0016872764099389315
-0.48082814251424283,0.9915741086006165,0.0016838832525536418
-0.4807993347479832,0.9974468946456909,0.0017147387843579054
-0.4807105050313625,1.0205837488174438,0.0016950854333117604
-0.48068099544257376,0.985744297504425,0.0017313434509560466
-0.48066798859162996,1.014164924621582,0.0016933648148551583
-0.4805568312974336,1.0009019374847412,0.0016868221573531628
-0.4805460438969884,0.9961565732955933,0.0016878644237294793
-0.4805036015149383,1.0346925258636475,0.001701083267107606
-0.48043427825098745,1.003001093864441,0.0016864276258274913
-0.48033554285987423,1.000706434249878,0.0016870805993676186
-0.4802821357644521,1.007272720336914,0.0016963601810857654
-0.480178116387024,1.0200411081314087,0.0016943104565143585
-0.4801569291975062,1.0111916065216064,0.00169201975222677
-0.4801331886314002,0.9911847114562988,0.0017064864514395595
-0.480041692351481,0.994388222694397,0.0016846141079440713
-0.4799617611797763,1.0313156843185425,0.001696585793979466
-0.47993748414315196,1.0041589736938477,0.0016880650073289871
-0.47989729786591956,1.0164803266525269,0.001716465107165277
-0.47980070614048437,1.0073174238204956,0.0016870021354407072
-0.47976892363233264,0.9951676726341248,0.0016881843330338597
-0.47976376135810456,1.0299540758132935,0.0017354866722598672
-0.4796509968413807,1.0153651237487793,0.0016930012498050928
-0.47965029987963825,1.0071558952331543,0.0016886943485587835
-0.47958913670838665,1.0015146732330322,0.0016896544257178903
-0.47954215180799376,0.9938768148422241,0.0016847732476890087
-0.479513358054206,0.9965049028396606,0.0017128796316683292
-0.47942453868546747,1.023635983467102,0.001695900340564549
-0.479395037935315,0.9860342741012573,0.001731347874738276
-0.47938200823326294,1.0120264291763306,0.001693500205874443
-0.47927085999370034,0.9982342720031738,0.0016859666211530566
-0.47926005944351024,0.9950600266456604,0.0016872157575562596
-0.47921764120560617,1.035803198814392,0.0017012429889291525
-0.47914828927040304,1.0015642642974854,0.001686565112322569
-0.4790495780230148,0.9955235719680786,0.0016854351852089167
-0.47899615691512076,1.0052496194839478,0.001695935963653028
-0.4788921470228475,1.0162602663040161,0.0016930728452280164
-0.47887094625222143,1.0097830295562744,0.0016917665489017963
-0.4788472296148954,0.9959831833839417,0.0017089192988350987
-0.478755704879932,0.9951805472373962,0.0016849986277520657
-0.47867579785237335,1.0323805809020996,0.0016965775284916162
-0.47865149128134854,1.0048401355743408,0.001687600975856185
-0.47861132009426016,1.0122804641723633,0.0017142216674983501
-0.47851473828555413,1.003183126449585,0.0016857601003721356
-0.4784829419805069,0.9941527843475342,0.0016877374146133661
-0.4784778034196927,1.0252676010131836,0.0017301570624113083
-0.4783650235970378,1.0165199041366577,0.001693366444669664
-0.47836431413185926,1.005021095275879,0.001688438351266086
-0.47830317488938767,0.9978746175765991,0.0016868796665221453
-0.47825616110195524,0.9893077611923218,0.001684211427345872
-0.47822738157684763,0.9940519332885742,0.0017117124516516924
-0.4781385725555701,1.01509690284729,0.0016930928686633706
-0.47810908064405355,0.9869361519813538,0.0017313893185928464
-0.47809602809089363,1.0118634700775146,0.0016932920552790165
-0.4779848889051226,1.001589298248291,0.0016865197103470564
-0.47797407498919,1.0008208751678467,0.0016892963321879506
-0.4779316808958529,1.0291316509246826,0.0016974463360384107
-0.4778623002889765,1.0044140815734863,0.001687522861175239
-0.47776361318615507,1.0011520385742188,0.0016887070378288627
-0.47771017806642074,1.0046428442001343,0.001693117432296276
-0.4776061774441473,1.021830677986145,0.0016952446894720197
-0.4775849633067262,1.0051329135894775,0.0016903553623706102
-0.4775612703836562,0.9923545718193054,0.001706841285340488
-0.47746971740733024,0.9952219128608704,0.0016853720881044865
-0.47738983452454914,1.02674400806427,0.001693288329988718
-0.4773654986351217,1.006306529045105,0.0016888201935216784
-0.47732534253901915,1.0169154405593872,0.0017163690645247698
-0.4772287702150471,1.006656289100647,0.0016866687219589949
-0.47719696032931264,0.9919247031211853,0.0016866718651726842
-0.4771918456968574,1.0291444063186646,0.0017347029643133283
-0.4770790505691138,1.015425443649292,0.0016919393092393875
-0.47707832816892454,1.0082577466964722,0.0016894112341105938
-0.4770172130712305,0.9951134920120239,0.0016857354203239083
-0.4769701703965485,0.9910158514976501,0.001684193266555667
-0.47694140488328113,0.9948619604110718,0.0017135846428573132
-0.47685260620967507,1.0227833986282349,0.001695864018984139
-0.4768231233523711,0.991899311542511,0.0017329540569335222
-0.47681004794894544,1.0123388767242432,0.0016932169673964381
-0.4766989176009683,1.002834677696228,0.0016878792084753513
-0.47668809053529104,0.9910870790481567,0.0016856882721185684
-0.4766457205860997,1.0397815704345703,0.0017024053959175944
-0.4765763113073395,1.0045974254608154,0.0016871602274477482
-0.4764776485652932,0.9999104142189026,0.001686345785856247
-0.4764241992168789,1.00987708568573,0.0016988824354484677
-0.4763202078643945,1.0182679891586304,0.0016941559733822942
-0.47629898014565436,1.0101497173309326,0.0016922482755035162
-0.4762753113673619,0.9947169423103333,0.0017079042736440897
-0.47618373015114734,0.992328405380249,0.0016845747595652938
-0.4761038714123017,1.0322265625,0.001695549231953919
-0.4760795057737393,1.0058915615081787,0.0016880570910871029
-0.47603936498440985,1.0195369720458984,0.0017170441569760442
-0.47594280236053765,1.00877046585083,0.0016886902740225196
-0.47591097889369494,0.9916389584541321,0.0016863332130014896
-0.4759058877584456,1.0296804904937744,0.0017334638396278024
-0.47579307732456066,1.0185942649841309,0.0016938840271905065
-0.4757923422064111,1.007525086402893,0.001689078868366778
-0.47573125125244176,0.9951425194740295,0.001686013420112431
-0.47568417947598624,0.9932220578193665,0.001685371738858521
-0.47565542818971446,0.9973430633544922,0.0017122372519224882
-0.4755666398637801,1.0194151401519775,0.0016948165139183402
-0.47553716606068885,0.9871510863304138,0.001731224823743105
-0.47552406759099963,1.0135513544082642,0.001692267251200974
-0.4754129462980773,0.9999764561653137,0.0016855007270351052
-0.4754021060809708,0.9969702363014221,0.0016880312468856573
-0.47535976006076996,1.034723162651062,0.0017006498528644443
-0.4752903223257025,1.008069634437561,0.0016887800302356482
-0.4751916837284337,0.9997772574424744,0.0016871325206011534
-0.4751382203675474,1.0041917562484741,0.0016949529526755214
-0.4750342385010603,1.0175305604934692,0.0016932075377553701
-0.4750129972012117,1.0087307691574097,0.0016922199865803123
-0.47498935235085715,0.9930775165557861,0.0017067136941477656
-0.47489774267875634,0.9936447739601135,0.001684530870988965
-0.4748179080844775,1.0304393768310547,0.001695890910923481
-0.4747935129127782,1.0067722797393799,0.0016887839883565903
-0.47475338721296095,1.0165421962738037,0.0017164429882541299
-0.4746568345056074,1.0017492771148682,0.0016843966441228986
-0.4746249972422902,0.9930225610733032,0.0016866797814145684
-0.47461992981982326,1.0319087505340576,0.0017362214857712388
-0.47450710408084956,1.0176916122436523,0.001693533267825842
-0.47450635624347637,1.0097647905349731,0.0016902140341699123
-0.47444528943344255,0.9988977313041687,0.001688065705820918
-0.4743981887699477,0.992627739906311,0.0016849047970026731
-0.4743694517127771,0.9981105923652649,0.0017139678820967674
-0.47428067351830616,1.019173502922058,0.0016947115072980523
-0.47425120855385117,0.989618718624115,0.0017316907178610563
-0.4742380874482091,1.012922763824463,0.0016935687744989991
-0.47412697499434403,1.0066006183624268,0.0016885219374671578
-0.47411612162707156,0.9954066872596741,0.0016877602320164442
-0.4740737997510167,1.0318511724472046,0.0017000832594931126
-0.4740043333455391,1.0045961141586304,0.0016872502164915204
-0.4739057188922055,0.9988764524459839,0.0016855027060955763
-0.47385224151947913,1.0021179914474487,0.0016929975245147943
-0.47374826892193883,1.0191621780395508,0.0016940225614234805
-0.473727014256348,1.0057141780853271,0.0016909242840483785
-0.47370339333519446,0.9939271211624146,0.0017076320946216583
-0.4736117552067861,0.9944278597831726,0.0016844547353684902
-0.473531944756443,1.0386782884597778,0.0017001294763758779
-0.4735075202669724,1.0057084560394287,0.00168902229052037
-0.4734674096568779,1.0201658010482788,0.001717382576316595
-0.47337086665067696,1.0052279233932495,0.0016863788478076458
-0.4733390155913065,0.9927323460578918,0.0016873817658051848
-0.4733339720976195,1.0279170274734497,0.0017337310127913952
-0.47322113083777,1.0146960020065308,0.0016928237164393067
-0.4732203704956972,1.0084739923477173,0.0016900196205824614
-0.4731593276152856,0.9972779154777527,0.0016862382180988789
-0.4731121980639092,0.9924155473709106,0.0016853741835802794
-0.4730834750198422,0.996679961681366,0.0017148104961961508
-0.47299470717325326,1.019331455230713,0.0016942220972850919
-0.47296525126301076,0.9864334464073181,0.0017308524111285806
-0.47295210730541887,1.0134851932525635,0.0016944176750257611
-0.4728410039057662,1.0013236999511719,0.001686958596110344
-0.47283013717401445,0.995915949344635,0.0016873604618012905
-0.47278783944168457,1.0373742580413818,0.001701396075077355
-0.47271834436495463,1.0031285285949707,0.0016867337981238961
-0.4726197542715541,0.9976280331611633,0.001686577219516039
-0.4725662624552026,1.0084842443466187,0.0016975852195173502
-0.4724622993423966,1.0210919380187988,0.0016945780953392386
-0.4724410313116948,1.006515622138977,0.00169051019474864
-0.4724174343193212,0.9954100251197815,0.0017091073095798492
-0.4723257677356582,0.9945177435874939,0.0016850198153406382
-0.47224598142925034,1.0261205434799194,0.001691861660219729
-0.472221527405169,1.0074790716171265,0.0016887463862076402
-0.4721814321016368,1.0141850709915161,0.0017148761544376612
-0.4720848987957465,1.0033771991729736,0.0016850805841386318
-0.47205303393926995,0.9909593462944031,0.0016864831559360027
-0.4719351578090037,1.0167449712753296,0.001693451777100563
-0.47193438453234166,1.0100301504135132,0.0016900072805583477
-0.4718733657969179,0.9970808029174805,0.001687405863776803
-0.47182620735850245,0.9895840883255005,0.0016837562434375286
-0.47179749854185205,0.9942724108695984,0.0017098457319661975
-0.47170874104335586,1.0208044052124023,0.0016947811236605048
-0.47167929397174957,0.9875597357749939,0.00173095369245857
-0.47166612694747284,1.0116701126098633,0.001692510093562305
-0.47155503260161197,0.9998771548271179,0.0016863394994288683
-0.4715441527196944,0.9962253570556641,0.0016870625549927354
-0.4715018789163548,1.0338256359100342,0.0017004264518618584
-0.4714323553833176,1.0032507181167603,0.001687116571702063
-0.4713337894346946,0.997772216796875,0.001686228672042489
-0.47128028360566077,1.006137490272522,0.001696686609648168
-0.4711763299790624,1.019749402999878,0.0016942020738497376
-0.47115504815146503,1.012122631072998,0.0016929853009060025
-0.471131475303869,0.9882360100746155,0.001705677597783506
-0.47103978047884376,0.9969523549079895,0.0016854745335876942
-0.4709600183174237,1.0294724702835083,0.0016961043002083898
-0.4709355345437866,1.0068175792694092,0.0016883282223716378
-0.4708954545457645,1.0195738077163696,0.0017175119137391448
-0.47079893094123704,1.004449725151062,0.0016863205237314105
-0.4707670525028102,0.9923880696296692,0.0016865527722984552
-0.47064918456445054,1.016125202178955,0.001693238620646298
-0.47064839857024904,1.0110381841659546,0.0016901607159525156
-0.47058740397897125,0.9933958649635315,0.0016851229593157768
-0.4705402166530954,0.9897975325584412,0.001684302114881575
-0.4705115218482856,0.9941613078117371,0.0017097939271479845
-0.47042277469746085,1.0192439556121826,0.0016946586547419429
-0.4703933366800671,0.9895874261856079,0.0017318481113761663
-0.4703801468053141,1.013371229171753,0.0016936286119744182
-0.47026906129745766,1.0012729167938232,0.0016868264647200704
-0.47025816826537414,0.9969800114631653,0.0016873338026925921
-0.4702159186070226,1.030135154724121,0.0016979530919343233
-0.47014636640252266,1.005423665046692,0.0016877487068995833
-0.47004782459825617,0.9982630610466003,0.001686630304902792
-0.4699943047563292,1.0055687427520752,0.0016945080133154988
-0.46989036039930937,1.0164459943771362,0.0016929956618696451
-0.4698690652061803,1.0116795301437378,0.0016926761018112302
-0.46984551628736404,0.9952729940414429,0.0017086712177842855
-0.46975379300645254,0.9916943907737732,0.0016842277254909277
-0.46967405499044174,1.0354564189910889,0.0016979214269667864
-0.46964954189882285,1.0063198804855347,0.0016881991177797318
-0.4696094767747364,1.0150080919265747,0.0017160604475066066
-0.4695129630875699,1.004117488861084,0.0016857713926583529
-0.4694810708509844,0.993614912033081,0.0016870534745976329
-0.4694760984996447,1.0255879163742065,0.0017330535920336843
-0.4693632113198974,1.0156038999557495,0.0016930040437728167
-0.46936241260731454,1.0076345205307007,0.001688796328380704
-0.46930144215997227,0.9971648454666138,0.001687701209448278
-0.4692542259474782,0.9911330938339233,0.001684437389485538
-0.46922554515450837,1.0012813806533813,0.0017148060724139214
-0.4691368083515659,1.0217700004577637,0.0016954261809587479
-0.46910737917280837,0.987403154373169,0.001730603165924549
-0.46909416666315534,1.0131489038467407,0.0016932933358475566
-0.4689830902093009,1.001056432723999,0.0016859651077538729
-0.46897218381105393,0.9972047805786133,0.0016877681482583284
-0.4689299582985325,1.0345555543899536,0.0017012361204251647
-0.46886037742109615,1.0081660747528076,0.0016880183247849345
-0.468761859976973,0.9985527396202087,0.0016872927080839872
-0.4687083259069979,1.0068467855453491,0.001696073915809393
-0.4686043910353436,1.0218755006790161,0.0016949239652603865
-0.46858308226089557,1.0044379234313965,0.0016889985417947173
-0.46855955727085924,0.992154061794281,0.0017070126486942172
-0.46846780553448253,0.993470311164856,0.001684538321569562
-0.4683880916630388,1.0305286645889282,0.0016953012673184276
-0.4683635490370195,1.0062521696090698,0.0016885624499991536
-0.46832349921949556,1.015745759010315,0.0017161837313324213
-0.46822699523263944,1.0049734115600586,0.0016859204042702913
-0.46819508919979014,0.9945238828659058,0.0016872270498424768
-0.46819014056123287,1.0347342491149902,0.0017374344170093536
-0.46807723829113107,1.0168107748031616,0.0016937783220782876
-0.4680764268595353,1.0111838579177856,0.0016908722463995218
-0.46801548055654957,0.9999436140060425,0.0016884526703506708
-0.46796823524143966,0.9947603940963745,0.0016857102746143937
-0.46793956867715003,0.9950064420700073,0.0017120810225605965
-0.46785084200609195,1.0226373672485352,0.0016960356151685119
-0.4678214218815469,0.9853940606117249,0.001731063355691731
-0.4678081865203648,1.0095936059951782,0.0016922909999266267
-0.46769711890577836,1.0006382465362549,0.0016870247200131416
-0.4676861995727313,0.9961904287338257,0.0016865546349436045
-0.46764399798877926,1.033275842666626,0.0017011649906635284
-0.4675743884400907,1.0054905414581299,0.0016881643095985055
-0.46747589514011356,0.9984105229377747,0.0016857506707310677
-0.4674223470580874,1.0032119750976562,0.001694479607976973
-0.46731842145664343,1.0190179347991943,0.0016946889227256179
-0.4672970991004553,1.011974573135376,0.001692991703748703
-0.46727359825540704,0.9927088022232056,0.0017069467576220632
-0.46718181827829963,0.9996265769004822,0.0016866687219589949
-0.46710212855079114,1.038073182106018,0.0016980284126475453
-0.4670775561752163,1.0052334070205688,0.0016884859651327133
-0.4670375216634125,1.0130144357681274,0.001715129124931991
-0.4669410273777092,1.006206750869751,0.0016863958444446325
-0.46690910776459327,0.990459680557251,0.0016861059702932835
-0.4669041826228211,1.0279186964035034,0.0017318811733275652
-0.4667912650480516,1.015680193901062,0.0016930440906435251
-0.4667904408961798,1.0131703615188599,0.00169122195802629
-0.4667295187386029,0.9968230128288269,0.0016863662749528885
-0.46668224453540136,0.9930000901222229,0.0016848333179950714
-0.4666535919840046,0.9950917959213257,0.0017120452830567956
-0.466564875660197,1.019850730895996,0.0016939404886215925
-0.4665354645898647,0.9844518899917603,0.001729639247059822
-0.466522206161998,1.013983130455017,0.0016943105729296803
-0.46641114781783216,0.9980712532997131,0.001685445662587881
-0.4664002151196741,0.9960489869117737,0.0016875232104212046
-0.4663580374634497,1.0332682132720947,0.0016998726641759276
-0.46628839945929573,1.0052549839019775,0.0016877625603228807
-0.46618993030367506,0.9992038011550903,0.0016869703540578485
-0.46613636820959814,1.004281759262085,0.0016957607585936785
-0.4660324518775222,1.0199300050735474,0.0016945635434240103
-0.4660111161555916,1.0111932754516602,0.0016928119584918022
-0.4659876392391128,0.9932824969291687,0.001708520925603807
-0.4658958308065402,0.9952118992805481,0.0016856719739735126
-0.4658161652229669,1.0327229499816895,0.0016961288638412952
-0.4657915635289894,1.0078107118606567,0.0016892995918169618
-0.46575154410838215,1.0139963626861572,0.001715290592983365
-0.46565505952319974,1.001633882522583,0.0016858965391293168
-0.46562312611276746,0.9906604886054993,0.0016863212222233415
-0.4656182248997752,1.0297597646713257,0.0017341666389256716
-0.46550529180413,1.0134531259536743,0.0016921526985242963
-0.4655044549328241,1.0070610046386719,0.0016885832883417606
-0.4654435569198142,0.9966754913330078,0.0016865504439920187
-0.46539625383062594,0.9942103624343872,0.001684771734289825
-0.4653676155068565,0.9978838562965393,0.00171424332074821
-0.46527890952987855,1.0195648670196533,0.0016948217526078224
-0.46524950729818226,0.9860271215438843,0.0017310419352725148
-0.4652362260196288,1.0107736587524414,0.001692560501396656
-0.4651251765140989,1.0040881633758545,0.0016885098302736878
-0.46511423066535384,0.9961097836494446,0.0016868405509740114
-0.46507207715369653,1.0365296602249146,0.0017014661571010947
-0.4650024104776587,1.005272626876831,0.0016870946856215596
-0.4649039656823919,0.9966295957565308,0.001685937400907278
-0.46485038936068784,1.0072660446166992,0.0016961011569947004
-0.46474648251397727,1.017776608467102,0.0016936012543737888
-0.46472513321114894,1.0091606378555298,0.0016914783045649529
-0.46470168022260805,0.9921929240226746,0.0017074837815016508
-0.4646098433341489,0.9932754635810852,0.0016844213241711259
-0.46453020189493244,1.0342185497283936,0.0016952084843069315
-0.4645055706676071,1.0067647695541382,0.001688596443273127
-0.4644655663369331,1.0173841714859009,0.0017172199441120028
-0.4643690916682693,1.0048904418945312,0.0016860885079950094
-0.4643371444609417,0.9882698059082031,0.0016856364673003554
-0.4643322669611529,1.027448296546936,0.0017329857219010592
-0.4642193187753638,1.0172746181488037,0.001693994621746242
-0.4642184691860975,1.0077768564224243,0.0016894079744815826
-0.46415759510081495,0.9965513944625854,0.0016869595274329185
-0.46411026312500864,0.9886357188224792,0.0016824856866151094
-0.46408163881371106,0.9946252107620239,0.0017118350369855762
-0.4639929431844046,1.0234849452972412,0.0016963181551545858
-0.46396354979092347,0.9873431324958801,0.0017304449575021863
-0.4639502458772593,1.0145100355148315,0.0016935643507167697
-0.4638392052099446,0.9988609552383423,0.0016854958375915885
-0.46382824621103386,0.9970135688781738,0.001687568030320108
-0.4637861168439433,1.030169129371643,0.001699320157058537
-0.4637164214970743,1.0036633014678955,0.0016867844387888908
-0.46361800084595345,0.9962802529335022,0.0016856971196830273
-0.4635644105119878,1.001405954360962,0.0016934139421209693
-0.46346051293443496,1.0171643495559692,0.0016933396691456437
-0.4634391502658642,1.0092538595199585,0.0016924770316109061
-0.46341572120610325,0.9909623265266418,0.0017066772561520338
-0.46332385607712395,0.9953654408454895,0.0016850888496264815
-0.4632442387824742,1.0332711935043335,0.001695813611149788
-0.46321957802264335,1.0078277587890625,0.00168849085457623
-0.46317958878148174,1.0197808742523193,0.0017178410198539495
-0.4630831238133388,1.0039966106414795,0.0016859066672623158
-0.46305116280974745,0.991401731967926,0.0016865635989233851
-0.4630463090235831,1.0293720960617065,0.0017344363732263446
-0.46293334553186327,1.0152661800384521,0.0016929978737607598
-0.46293248322337355,1.0115760564804077,0.0016901297494769096
-0.46287163328181574,0.99925297498703,0.0016875305445864797
-0.4628242724189701,0.9930867552757263,0.0016851113177835941
-0.4627956623357211,1.001950740814209,0.0017154660308733582
-0.4627069768391412,1.019541621208191,0.0016948662232607603
-0.4626775924990305,0.9853863716125488,0.0017302950145676732
-0.46266426551973455,1.0118457078933716,0.001692874589934945
-0.46255323412136684,1.0053867101669312,0.0016895434819161892
-0.46254226175713464,0.9944503903388977,0.0016861220356076956
-0.46250015653461113,1.0303616523742676,0.0016983007080852985
-0.46243043273164536,1.0052011013031006,0.0016876281006261706
-0.46233203600993605,0.9999372959136963,0.0016868113307282329
-0.462278431662446,1.0073274374008179,0.0016968094278126955
-0.462174543570469,1.0237504243850708,0.0016953629674389958
-0.4621531671047924,1.0084797143936157,0.0016907271929085255
-0.462129762189809,0.9922025203704834,0.0017078161472454667
-0.4620378686057855,0.9975969791412354,0.0016863838536664844
-0.4619582754554923,1.0304979085922241,0.0016943435184657574
-0.46193358516083993,1.0031232833862305,0.0016879369504749775
-0.4618936112268722,1.0156328678131104,0.0017161910654976964
-0.4617971559588296,1.0054113864898682,0.0016856732545420527
-0.46176518137412975,0.9896996021270752,0.0016864228527992964
-0.4617603513007476,1.0314520597457886,0.0017363309161737561
-0.4616473722873101,1.0150425434112549,0.0016928792465478182
-0.4616464972600178,1.0105563402175903,0.0016910108970478177
-0.4615856714638693,0.9959657192230225,0.0016864868812263012
-0.46153828192892915,0.9910222291946411,0.0016842277254909277
-0.46150968564215444,0.9980868101119995,0.001713441452011466
-0.4614210107094543,1.0234825611114502,0.001695500686764717
-0.4613916352079798,0.983732283115387,0.0017300251638516784
-0.4613782853773653,1.0131428241729736,0.0016941120848059654
-0.46126726281721253,0.9973140954971313,0.0016851481050252914
-0.46125627730323543,0.9999562501907349,0.001688868971541524
-0.4612141960092814,1.0395907163619995,0.0017035403288900852
-0.4611444437506399,1.0049419403076172,0.0016872948035597801
-0.4610460713886531,0.9980670809745789,0.0016859302995726466
-0.46099245281311446,1.0064314603805542,0.0016952399164438248
-0.46088857399134775,1.017356038093567,0.0016943884547799826
-0.4608671841605602,1.0141798257827759,0.0016932119615375996
-0.46084380317477786,0.9908150434494019,0.0017074312781915069
-0.4607518813498129,0.9976389408111572,0.0016860476462170482
-0.46067231212766807,1.0322004556655884,0.001695747021585703
-0.46064759251461307,1.004107117652893,0.0016884084325283766
-0.4606076336709999,1.0160799026489258,0.001715842168778181
-0.4605111881043201,1.00735342502594,0.001687687006779015
-0.460479199722725,0.9930418729782104,0.0016872010892257094
-0.46047439336212526,1.0250654220581055,0.0017321539344266057
-0.4603613992583333,1.0161949396133423,0.0016929020639508963
-0.46036051151265983,1.00518798828125,0.0016876099398359656
-0.4602997096463437,0.995273768901825,0.0016862188931554556
-0.46025229122289085,0.9920308589935303,0.0016840433236211538
-0.460223709163954,0.9939145445823669,0.0017093154601752758
-0.4601350443635593,1.0204508304595947,0.0016952735604718328
-0.4601056779167184,0.9863276481628418,0.0017295335419476032
-0.4600923052345748,1.0130391120910645,0.0016931798309087753
-0.4599812917286348,0.9969702363014221,0.001684445422142744
-0.45997029284975727,0.9959015846252441,0.0016875561559572816
-0.4599282356995281,1.0355993509292603,0.0017011690651997924
-0.45985845477005544,1.0077472925186157,0.0016886565135791898
-0.45976010655221444,0.9964701533317566,0.001685221679508686
-0.45970647396462516,1.009117603302002,0.0016960903303697705
-0.459602604627382,1.020277976989746,0.0016947599360719323
-0.4595812012161175,1.006983995437622,0.0016913545550778508
-0.4595578441589046,0.9958160519599915,0.001708960859104991
-0.45946589387742187,0.99379563331604,0.0016839370364323258
-0.45938634901584163,1.0338679552078247,0.0016967511037364602
-0.4593615996538625,1.0026894807815552,0.0016874021384865046
-0.45932165589934026,1.0162237882614136,0.0017160802381113172
-0.45922522025023177,1.0078973770141602,0.0016873704735189676
-0.4591932182864755,0.9929652810096741,0.0016864181961864233
-0.459188435424345,1.0326248407363892,0.0017359242774546146
-0.45907542601399065,1.023782730102539,0.0016951394500210881
-0.4590745255493041,1.0099608898162842,0.0016905872616916895
-0.459013748042921,0.99726402759552,0.0016872535925358534
-0.4589663005176944,0.9923988580703735,0.0016847348306328058
-0.4589377324710191,0.996684193611145,0.0017129631014540792
-0.45884907801766434,1.0203410387039185,0.0016952923033386469
-0.4588197204103017,0.9886535406112671,0.0017317773308604956
-0.4588063250917845,1.0117930173873901,0.0016942463116720319
-0.45869532042553307,1.0032451152801514,0.0016874793218448758
-0.4586843083952265,0.9967973828315735,0.001687553129158914
-0.458642275390196,1.031103253364563,0.0016983157256618142
-0.458572465788629,1.0049055814743042,0.0016876461450010538
-0.4584741419309315,0.9981350302696228,0.0016861745389178395
-0.45842049511571464,1.0035837888717651,0.0016936655156314373
-0.45831663504783954,1.0167369842529297,0.0016934822779148817
-0.4582952182708328,1.0085071325302124,0.0016914393054321408
-0.45827188514261036,0.9919756054878235,0.001708249095827341
-0.4581799064048203,0.9954503178596497,0.0016853550914674997
-0.4581003856892806,1.0315217971801758,0.0016954164020717144
-0.45807560700826716,1.004303216934204,0.0016882725758478045
-0.45803567834325737,1.0195475816726685,0.0017173928208649158
-0.45793925239530153,1.0011446475982666,0.001684302929788828
-0.4579072366346498,0.9895398616790771,0.0016863031778484583
-0.4579024777015097,1.0277743339538574,0.0017335035372525454
-0.4577894529860666,1.0150983333587646,0.0016926650423556566
-0.4577885395863696,1.0080112218856812,0.0016889352118596435
-0.45772778622392174,0.998428225517273,0.001687275362201035
-0.4576803098120771,0.9912461638450623,0.0016848475206643343
-0.45765175599429203,0.9994581341743469,0.0017141025746241212
-0.4575631116721904,1.0173912048339844,0.0016936172032728791
-0.4575337631190403,0.9841005802154541,0.0017298716120421886
-0.45752034494899396,1.0125055313110352,0.0016934919403865933
-0.45740934912201053,0.9987300634384155,0.0016856787260621786
-0.45739832394069596,0.9963488578796387,0.0016871719853952527
-0.45735631508107427,1.0368763208389282,0.0017025269335135818
-0.4572864768069919,1.0041370391845703,0.0016871461411938071
-0.457188177094072,0.9960819482803345,0.0016852251719683409
-0.45713451626680435,1.0067914724349976,0.0016948959091678262
-0.4570306654695604,1.0163404941558838,0.0016930795973166823
-0.45700923532533755,1.0114206075668335,0.0016923777293413877
-0.45698592612715816,0.9917449355125427,0.0017074433853849769
-0.4568939191477951,0.9934262037277222,0.0016847995575517416
-0.4568144223614566,1.032906174659729,0.001697680214419961
-0.4567896141464638,1.0056865215301514,0.0016875864239409566
-0.4567497007873848,1.0151952505111694,0.0017155160894617438
-0.4566532845401605,1.0058289766311646,0.0016870478866621852
-0.456621254983245,0.9917934536933899,0.0016863136552274227
-0.4566165197635189,1.0289154052734375,0.001734391087666154
-0.45650347974277655,1.0195090770721436,0.0016941375797614455
-0.4565025538394325,1.0078951120376587,0.0016890526749193668
-0.45644182440597536,0.9937658309936523,0.0016857796581462026
-0.45639431910603856,0.9923957586288452,0.0016832493711262941
-0.4563657793007256,0.9975108504295349,0.0017127064056694508
-0.45627714554187193,1.018947720527649,0.0016946111572906375
-0.4562478058273581,0.9856548309326172,0.0017298831371590495
-0.45623436459104816,1.0134124755859375,0.0016941744834184647
-0.4561233780334328,0.998693585395813,0.001686228672042489
-0.4561123397027943,0.9955504536628723,0.0016870659310370684
-0.4560703547719526,1.033164620399475,0.0017004539258778095
-0.45600048782619695,1.0063087940216064,0.0016877573216333985
-0.45590221225763355,0.9973440766334534,0.0016862747725099325
-0.45584853741747283,1.0076305866241455,0.0016959179192781448
-0.45574469610601565,1.0183241367340088,0.0016938885673880577
-0.45572325216426574,1.007359266281128,0.0016903039067983627
-0.4556999671106534,0.9932848215103149,0.0017079777317121625
-0.45560793167666724,0.9942399859428406,0.0016851540422067046
-0.4555284592492089,1.0314174890518188,0.0016955164028331637
-0.45550362150023693,1.0072218179702759,0.0016887426609173417
-0.4554637232327755,1.017917513847351,0.0017169977072626352
-0.4553673166858616,1.0086395740509033,0.0016874060966074467
-0.4553352735478378,0.9915942549705505,0.0016866334481164813
-0.45533056182573867,1.030367136001587,0.0017334650037810206
-0.45521750671379974,1.0193700790405273,0.0016942847287282348
-0.45521656787586623,1.0092636346817017,0.0016912216087803245
-0.4551558625869761,0.9962564706802368,0.0016860482282936573
-0.4551083284004213,0.9886085987091064,0.001683459966443479
-0.4550798026069486,0.997925877571106,0.0017127663595601916
-0.454991179196398,1.015709400177002,0.001693827100098133
-0.4549618485356756,0.9841634631156921,0.0017294144490733743
-0.454948384449521,1.0128661394119263,0.0016934863524511456
-0.4548374067296995,1.0023142099380493,0.0016872595297172666
-0.4548263552488951,0.9960497617721558,0.001687128795310855
-0.45478439424662287,1.0332704782485962,0.001698759850114584
-0.4547144988451915,1.006145715713501,0.0016879421891644597
-0.4546162476363504,0.9970079064369202,0.0016849974635988474
-0.4545625585681415,1.0082679986953735,0.0016958544729277492
-0.4544587265264734,1.016497015953064,0.0016933019505813718
-0.4544372692202441,1.0116969347000122,0.001692710560746491
-0.45441400830972495,0.9908426403999329,0.001707258983515203
-0.4543219444206948,0.9940458536148071,0.0016844600904732943
-0.4542424959211744,1.0376625061035156,0.001697205938398838
-0.454217628638223,1.0057929754257202,0.0016883780481293797
-0.4541777456775345,1.0182018280029297,0.0017165378667414188
-0.4540813488309313,1.0018815994262695,0.0016854748828336596
-0.45404929189643306,0.996336817741394,0.0016888536047190428
-0.4540446041026928,1.0255266427993774,0.0017333575524389744
-0.4539315334694571,1.0159534215927124,0.0016929844859987497
-0.4539305819131423,1.0072684288024902,0.0016892201965674758
-0.4538699007679769,0.9975761771202087,0.0016883964417502284
-0.4538223376943828,0.9919693470001221,0.0016840395983308554
-0.45379382612959,0.9990772008895874,0.0017136698588728905
-0.4537052128513451,1.0200610160827637,0.0016947363037616014
-0.4536758910282063,0.9844478368759155,0.0017297688173130155
-0.4536624043067307,1.0121182203292847,0.001693153171800077
-0.4535514356411217,1.000292420387268,0.0016867360100150108
-0.4535403707952064,0.99760901927948,0.0016869710525497794
-0.4534984339368696,1.0334442853927612,0.0017007043352350593
-0.4534285098646071,1.0060129165649414,0.0016867552185431123
-0.45333028279991194,0.996676504611969,0.0016864999197423458
-0.45327657971923097,1.007177472114563,0.0016965419054031372
-0.45317275716250743,1.0191048383712769,0.0016935471212491393
-0.45315128627559087,1.006665825843811,0.0016896893503144383
-0.4531280492934307,0.9919878840446472,0.0017079897224903107
-0.45303595694809307,0.9960808753967285,0.0016853684792295098
-0.4529565328087162,1.028428316116333,0.0016928007826209068
-0.45293163599304875,1.0056170225143433,0.0016881452174857259
-0.4528917679058751,1.01577627658844,0.0017162903677672148
-0.4527953809764219,0.9989829659461975,0.0016843662597239017
-0.4527633102450283,0.9902955889701843,0.0016859449679031968
-0.45275864616512307,1.0258729457855225,0.0017324358923360705
-0.45264556022574604,1.018638014793396,0.0016945871757343411
-0.45264459616536307,1.008062481880188,0.0016896218294277787
-0.4525839391647647,0.9921419620513916,0.0016855900175869465
-0.45253634698897605,0.9914593696594238,0.0016839889576658607
-0.4525078494360235,0.9969481825828552,0.0017110445769503713
-0.4524192467208161,1.0208320617675781,0.001695356098935008
-0.45238993373631337,0.9870378375053406,0.0017302515916526318
-0.4523764241639402,1.0136120319366455,0.0016937442123889923
-0.45226546433696746,0.9961405396461487,0.0016835303977131844
-0.4522543863415177,0.9996222257614136,0.0016880681505426764
-0.45221247362753747,1.0363056659698486,0.0017006094567477703
-0.4521425208829701,1.0077372789382935,0.0016886638477444649
-0.45204431817947105,0.9966135025024414,0.0016852814005687833
-0.4519906008707417,1.0038880109786987,0.0016937822801992297
-0.4518867877985417,1.016082763671875,0.0016940230270847678
-0.4518653033300956,1.0109434127807617,0.0016925121890380979
-0.4518420902771364,0.989538311958313,0.0017074819188565016
-0.4517499694763336,0.9963690042495728,0.0016860959585756063
-0.45167056948173406,1.0396853685379028,0.0016999465879052877
-0.4516456431320876,1.0090599060058594,0.0016892404528334737
-0.4516057903508446,1.0155892372131348,0.0017162342555820942
-0.451509413122123,1.00723397731781,0.001687334617599845
-0.45147732880877883,0.9928738474845886,0.0016870441613718867
-0.4514726884420773,1.028275728225708,0.0017334005096927285
-0.45135958719676916,1.015805721282959,0.0016931878635659814
-0.45135861020242857,1.0094465017318726,0.0016897899331524968
-0.451297977345976,0.9956750273704529,0.001686643110588193
-0.4512503562839901,0.9911924004554749,0.0016836385475471616
-0.4512218729584544,1.000316858291626,0.0017128072213381529
-0.45113328037555267,1.021519422531128,0.001695467159152031
-0.4511039764454732,0.9872510433197021,0.001730333548039198
-0.45097949324838965,1.0000832080841064,0.0016871184343472123
-0.4509684018871977,0.99659663438797,0.0016870747786015272
-0.45085653211690957,1.0043394565582275,0.0016877512680366635
-0.45075835334240083,0.9963830709457397,0.0016857516020536423
-0.4507046220218312,1.0077288150787354,0.001697066007182002
-0.45060081821942044,1.017733097076416,0.0016945952083915472
-0.45057932038565296,1.0110639333724976,0.0016922731883823872
-0.4505561312612632,0.992793619632721,0.0017081176629289985
-0.4504639822195191,0.99433833360672,0.0016847789520397782
-0.4503846061536995,1.0276178121566772,0.0016936224419623613
-0.45035965048586074,1.0045958757400513,0.0016879215836524963
-0.4503198127949722,1.019160270690918,0.001716687809675932
-0.4502234452669822,1.0033363103866577,0.0016858299495652318
-0.4501913471569531,0.9958891272544861,0.0016875849105417728
-0.4501867305034549,1.0297205448150635,0.0017345587257295847
-0.4500736139532686,1.0183145999908447,0.0016944323433563113
-0.45007262445591245,1.0071266889572144,0.0016895500011742115
-0.4500120155284506,0.9924168586730957,0.0016853587003424764
-0.44996436579352805,0.9899858832359314,0.0016833472764119506
-0.4499358962655195,0.9969817399978638,0.0017122522694990039
-0.4498473140296577,1.020872712135315,0.001695015118457377
-0.4498180191537907,0.9847943186759949,0.0017290241084992886
-0.44980446366362514,1.016729474067688,0.001695870771072805
-0.4496935219446564,1.0010126829147339,0.001687337295152247
-0.44968241743287746,0.9929163455963135,0.0016860748874023557
-0.44957054313674616,1.0083062648773193,0.001688264892436564
-0.44947238872174944,0.9954094290733337,0.0016851607942953706
-0.4494186431724999,1.0091323852539062,0.0016967963892966509
-0.4493148488554545,1.0189943313598633,0.0016940849600359797
-0.4492933374403682,1.0117642879486084,0.0016907589742913842
-0.44927017224496896,0.9922815561294556,0.0017080114921554923
-0.44917799474754894,0.994267463684082,0.0016844829078763723
-0.4490986430420834,1.029682993888855,0.0016950315330177546
-0.4490736576244784,1.0073996782302856,0.0016892149578779936
-0.4490338352388891,1.018747091293335,0.0017161304131150246
-0.4489374774128938,0.9994629621505737,0.001683767419308424
-0.44890536572070383,0.9906073808670044,0.001685944851487875
-0.4489007725658852,1.0238374471664429,0.0017320675542578101
-0.4487876409249235,1.0150402784347534,0.0016931575955823064
-0.44878663849255696,1.007694125175476,0.001688888412900269
-0.4487260537100829,0.9916190505027771,0.0016853063134476542
-0.44867837508748976,0.9890227317810059,0.0016836789436638355
-0.44864991978731905,0.999899685382843,0.0017130286432802677
-0.44856134789912877,1.0177077054977417,0.0016945095267146826
-0.4485320616463215,0.9832091927528381,0.001728450646623969
-0.4485184835216767,1.0110478401184082,0.0016932229045778513
-0.44840755085734174,0.9957772493362427,0.001684157527051866
-0.4483964331945548,0.997658371925354,0.0016885676886886358
-0.4483545926986988,1.036868691444397,0.001701385248452425
-0.44828455415616175,1.0038766860961914,0.0016868673264980316
-0.44818642388488994,0.9944148659706116,0.0016843655612319708
-0.44813266432316834,1.0056051015853882,0.0016946124378591776
-0.4480288792759122,1.0184324979782104,0.0016940406057983637
-0.44800735427992794,1.0089349746704102,0.0016913504805415869
-0.44798421322951676,0.9925665855407715,0.0017075883224606514
-0.447892007491366,0.9939541220664978,0.0016847312217578292
-0.4478126797155225,1.0349324941635132,0.0016973393503576517
-0.4477876649782515,1.0032821893692017,0.0016876921290531754
-0.44774785768364805,1.015545129776001,0.0017160306451842189
-0.44765150955775285,1.002456784248352,0.0016858010785654187
-0.4476193840692991,0.9927131533622742,0.0016872546402737498
-0.4476148148430499,1.0297207832336426,0.0017340920167043805
-0.4475016678961574,1.015336513519287,0.0016930748242884874
-0.44750065252920124,1.0113027095794678,0.0016908859834074974
-0.44744009210687075,0.9954943656921387,0.001686963252723217
-0.4473923843820828,0.9921321868896484,0.001685001072473824
-0.44736394309459443,1.00117826461792,0.0017124031437560916
-0.4472753815538653,1.021349549293518,0.0016959543572738767
-0.44724610435527057,0.9844663143157959,0.0017289376119151711
-0.4472325033788864,1.0133050680160522,0.001694284612312913
-0.44712157955318765,1.0014469623565674,0.001686914125457406
-0.4471104487406556,0.9966542720794678,0.0016876475419849157
-0.4470686323889456,1.0354914665222168,0.0017006611451506615
-0.4469985651745247,1.005403995513916,0.0016873297281563282
-0.4469004592636068,0.9998558759689331,0.0016875413712114096
-0.44684668547425804,1.0087299346923828,0.001696224557235837
-0.4467429099132093,1.0174208879470825,0.001693678554147482
-0.44672137133506423,1.013510823249817,0.0016933477018028498
-0.44669825421427506,0.9903085827827454,0.0017073326744139194
-0.4466060200187645,0.9954422116279602,0.0016856315778568387
-0.44652671660327486,1.03109610080719,0.001695909770205617
-0.4465016723324457,1.0071741342544556,0.0016889127437025309
-0.44646188012819676,1.0149118900299072,0.0017153475200757384
-0.44636554170261183,1.0029492378234863,0.0016851553227752447
-0.44633340241873637,0.9910009503364563,0.0016861336771398783
-0.44632885690442753,1.0298672914505005,0.0017349696718156338
-0.44621569465223565,1.0143897533416748,0.0016928630648180842
-0.44621466678121147,1.0112229585647583,0.001690629287622869
-0.44615413028871376,0.9938459396362305,0.001685350900515914
-0.44610639367667604,0.9935892820358276,0.0016852482222020626
-0.446077966616394,0.9989913702011108,0.0017117727547883987
-0.44598941542354686,1.0218818187713623,0.0016956644831225276
-0.4459601470640093,0.9865877032279968,0.001730122952722013
-0.4459465232358854,1.0132166147232056,0.0016935706371441483
-0.4458356084646099,1.0003682374954224,0.0016876284498721361
-0.44582446428717737,0.9947481751441956,0.001686637056991458
-0.44578267186403686,1.0335869789123535,0.0017009865259751678
-0.4457125761928877,1.0074139833450317,0.0016878911992534995
-0.44561449442716833,0.9942774176597595,0.0016850883839651942
-0.4455607066249265,1.0111103057861328,0.0016966979019343853
-0.4454569403340881,1.0185470581054688,0.0016947719268500805
-0.4454353883897795,1.0091784000396729,0.0016906417440623045
-0.4454122951977703,0.9941809773445129,0.0017089758766815066
-0.44532003276279186,0.9956791996955872,0.0016852626577019691
-0.4452407532752403,1.0311552286148071,0.0016944652888923883
-0.4452156794712739,1.0050219297409058,0.001687313662841916
-0.4451759025731662,1.0182820558547974,0.0017168201738968492
-0.4450795740641002,1.0042519569396973,0.001684723887592554
-0.4450474209824869,0.9923683404922485,0.0016867142403498292
-0.44504289918138173,1.029932975769043,0.001734377583488822
-0.4449297216234695,1.0190321207046509,0.0016944661037996411
-0.4449286808184875,1.009778380393982,0.00168974744156003
-0.44486816846971455,0.9976881742477417,0.0016882193740457296
-0.44482040297105857,0.9927706122398376,0.0016840053722262383
-0.4447034490780729,1.021942377090454,0.0016956236213445663
-0.44467418977316897,0.9841108918190002,0.0017282000044360757
-0.44466054309372666,1.01292085647583,0.0016935949679464102
-0.44454963716087664,0.996749758720398,0.0016833090921863914
-0.4445384798328574,0.997489869594574,0.0016884738579392433
-0.4444967115551257,1.0316623449325562,0.0016981118824332952
-0.4444265874270377,1.0069050788879395,0.0016888846876099706
-0.4443285298058854,0.9971653819084167,0.001685236464254558
-0.44427472799159273,1.0128843784332275,0.001698084524832666
-0.44417097097012237,1.01832914352417,0.0016940938076004386
-0.4441494054453368,1.0153000354766846,0.0016950162826105952
-0.44412633618147607,0.9886173009872437,0.0017067180015146732
-0.4440340452901903,0.9954907298088074,0.0016854159766808152
-0.44395479016278216,1.0345388650894165,0.0016964153619483113
-0.44392968682483647,1.0088589191436768,0.0016888044774532318
-0.4438899248015068,1.0204137563705444,0.00171735230833292
-0.44379360620916974,1.003580927848816,0.0016856712754815817
-0.4437614393306611,0.9914901256561279,0.0016867667436599731
-0.443756941243812,1.0214927196502686,0.0017305288929492235
-0.4436437483791269,1.0158356428146362,0.0016935259336605668
-0.4436426950719714,1.0079437494277954,0.0016902058850973845
-0.44358220686650235,0.9909153580665588,0.0016844937345013022
-0.44353441248059655,0.9908340573310852,0.001684423303231597
-0.44350601344588997,0.9994247555732727,0.0017130125779658556
-0.4434174827328095,1.020160436630249,0.0016945614479482174
-0.4433882322656997,0.9862014055252075,0.0017298927996307611
-0.44337456295093636,1.011157751083374,0.001693449099548161
-0.44326366607229883,1.0000829696655273,0.0016872702399268746
-0.44325249559390295,0.9979667067527771,0.0016880190232768655
-0.443210751245162,1.0402625799179077,0.001703570713289082
-0.4431405984468743,1.0016658306121826,0.0016849570674821734
-0.44304256496944694,0.9941674470901489,0.001683945069089532
-0.44298874914352426,1.0045329332351685,0.001694281934760511
-0.44288500139058007,1.0181766748428345,0.001693958998657763
-0.44286342249984156,1.0117833614349365,0.001691019395366311
-0.44284037716518154,0.9898774027824402,0.0017073499038815498
-0.4427480580340072,0.9948590993881226,0.001684872549958527
-0.44266882683495795,1.0298693180084229,0.0016952080186456442
-0.44264369417945193,1.0091357231140137,0.0016893771244212985
-0.44260394724542373,1.0171934366226196,0.0017160801216959953
-0.4425076383546603,1.0063832998275757,0.0016855014255270362
-0.4424754578948329,0.9944595098495483,0.0016874087741598487
-0.44247098330666323,1.0291388034820557,0.001734424033202231
-0.44235777535099235,1.0167486667633057,0.0016937111504375935
-0.4423567091086159,1.0104353427886963,0.001690911827608943
-0.44229624504771364,0.9949288964271545,0.0016859684837982059
-0.44224842177455825,0.9887596368789673,0.0016834420384839177
-0.44222003675316557,0.9997985363006592,0.0017116726376116276
-0.44213151660228056,1.0221515893936157,0.0016956172185018659
-0.4421022749738067,0.9843078255653381,0.0017285289941355586
-0.4420885828085669,1.0130400657653809,0.0016943957889452577
-0.4419776949837211,1.001064658164978,0.0016863300697878003
-0.4419665111406355,0.9979552626609802,0.0016876176232472062
-0.4419247909360403,1.0326361656188965,0.00170004996471107
-0.44185460946607935,1.0077993869781494,0.0016891076229512691
-0.4417566003487953,0.9991403222084045,0.0016869514947757125
-0.44170277029419297,1.0050815343856812,0.001696183579042554
-0.4415990320266141,1.017258644104004,0.0016945420065894723
-0.44157743955434625,1.0159400701522827,0.001693942816928029
-0.44155441836446385,0.9931257963180542,0.0017082651611417532
-0.4414620705628792,0.9973273277282715,0.0016859034076333046
-0.44138286372355257,1.0347447395324707,0.0016977954655885696
-0.44135770131806956,1.008196234703064,0.0016886339290067554
-0.4413179696903934,1.0162495374679565,0.0017159569542855024
-0.4412216705001511,1.0043281316757202,0.0016858711605891585
-0.4411894762438492,0.9896309971809387,0.0016858835006132722
-0.44118502558361744,1.0307519435882568,0.0017353696748614311
-0.44107180210728103,1.0166666507720947,0.0016939176712185144
-0.4410707233606262,1.0079349279403687,0.001689282013103366
-0.44101028322892494,0.9917910099029541,0.0016852598637342453
-0.44096243106978283,0.9907715916633606,0.0016841156175360084
-0.4409340602749649,0.9988580346107483,0.0017125552985817194
-0.44084555025722766,1.0226926803588867,0.001695678336545825
-0.44081631768296653,0.9796183705329895,0.0017264497000724077
-0.44080260245146313,1.0131514072418213,0.0016944862436503172
-0.4406917236799878,1.0007206201553345,0.0016858752351254225
-0.4406805266871573,0.9945804476737976,0.0016867861850187182
-0.4406388306262871,1.0342060327529907,0.001701050903648138
-0.44056862048444234,1.0056514739990234,0.001686527393758297
-0.44047063551172533,0.9959552884101868,0.0016856322763487697
-0.4404167914448614,1.007313847541809,0.0016950141871348023
-0.4403130626630694,1.0163264274597168,0.00169305969029665
-0.44029145661032465,1.0123120546340942,0.0016918311594054103
-0.4402684593485906,0.9900372624397278,0.0017073792405426502
-0.4401760833060648,0.9943637847900391,0.0016847305232658982
-0.4400969003955178,1.0273600816726685,0.0016933127772063017
-0.44007170867247425,1.0064433813095093,0.0016888892278075218
-0.4400319921349419,1.0196559429168701,0.0017171718645840883
-0.4399357026452206,1.0015597343444824,0.0016849025851115584
-0.4399034948080207,0.994504451751709,0.0016877389280125499
-0.4398990676449951,1.0272308588027954,0.0017328769899904728
-0.43978582907893593,1.0143152475357056,0.0016930976416915655
-0.439784737397902,1.0109000205993652,0.0016905006486922503
-0.43972432141055745,0.9938355684280396,0.0016853443812578917
-0.43964808379676446,0.9964300394058228,0.0017081656260415912
-0.4395595841266985,1.0232256650924683,0.0016958324704319239
-0.43953036039107357,0.9828603267669678,0.0017270491225644946
-0.4395166223086729,1.014886736869812,0.0016939792549237609
-0.4394057525920416,0.9975152611732483,0.0016858185408636928
-0.43939454223262653,0.9941636323928833,0.001686817267909646
-0.43935287031653386,1.0335755348205566,0.0017007180722430348
-0.43928263150385793,1.0052433013916016,0.0016875059809535742
-0.43918467089128443,0.9958521127700806,0.0016854925779625773
-0.4391308125955301,1.0080466270446777,0.0016962953377515078
-0.4390270930835269,1.0188452005386353,0.0016941206995397806
-0.43900547366567144,1.0127702951431274,0.001692452235147357
-0.43898250033229635,0.9913924336433411,0.0017074741190299392
-0.4388900958334633,0.9935014247894287,0.001684708520770073
-0.43881093728305987,1.031893014907837,0.0016969983698800206
-0.43878571602687894,1.0062332153320312,0.0016883154166862369
-0.43874601457949053,1.0191831588745117,0.0017170596402138472
-0.43864973479113223,1.006467580795288,0.0016873071435838938
-0.43861751315619496,0.9923262596130371,0.0016865002689883113
-0.4386131099230016,1.0278035402297974,0.0017329257680103183
-0.43849985605016983,1.0142371654510498,0.0016924841329455376
-0.4384987516505441,1.0074808597564697,0.0016901172930374742
-0.43843835980818735,0.9925452470779419,0.001686022849753499
-0.43839044987370357,0.9911569952964783,0.001684501999989152
-0.438362107103198,1.0021411180496216,0.0017121514538303018
-0.438273617780593,1.0223267078399658,0.0016955221071839333
-0.4382444028836043,0.9814210534095764,0.0017278054729104042
-0.43823064216588237,1.0107591152191162,0.001693420228548348
-0.43811978128851886,1.001747727394104,0.0016879834001883864
-0.4381085579936723,0.9953568577766418,0.001686715055257082
-0.4380669100072017,1.0317245721817017,0.0016995877958834171
-0.437996642738429,1.0061017274856567,0.0016870811814442277
-0.4378987060544247,0.9989545345306396,0.0016869178507477045
-0.4378448337466196,1.007051944732666,0.0016951081342995167
-0.4377411237201927,1.0194333791732788,0.0016951615689322352
-0.43771949072017613,1.0121715068817139,0.0016919542104005814
-0.4376965413160021,0.989431619644165,0.0017067687585949898
-0.43760410857643806,0.995659589767456,0.0016852508997544646
-0.43752497395649875,1.035191535949707,0.0016970380675047636
-0.43749972316507557,1.003522276878357,0.0016878576716408134
-0.43746003702361796,1.0156811475753784,0.0017157350666821003
-0.43736376693599144,1.004424810409546,0.001686098170466721
-0.4373315317199457,0.9942911267280579,0.0016872662818059325
-0.4373271519843793,1.0314983129501343,0.0017359943594783545
-0.437213882805827,1.016132116317749,0.0016936080064624548
-0.43721276568803036,1.0079330205917358,0.001689606811851263
-0.43715239798981964,0.9945261478424072,0.001686752075329423
-0.43710445916766505,0.9905989766120911,0.0016840874450281262
-0.4370761306260499,0.9974406361579895,0.001710816752165556
-0.4369876516511166,1.0215222835540771,0.0016945976531133056
-0.43695844559276414,0.9817695617675781,0.001727987197227776
-0.4369446620228815,1.014295220375061,0.0016944933449849486
-0.4368338101999411,0.9965298175811768,0.0016853209817782044
-0.43682257353935205,0.9953271150588989,0.0016867185477167368
-0.43678094969744846,1.0318416357040405,0.0016982292290776968
-0.4367106537574235,1.0084466934204102,0.001689241616986692
-0.4366127414329313,0.9964417815208435,0.001686104922555387
-0.43655885489855134,1.012062907218933,0.0016975071048364043
-0.43645515435727955,1.0181245803833008,0.0016937393229454756
-0.4364335077748914,1.0103569030761719,0.001692326390184462
-0.43641058230012886,0.9896948933601379,0.001707184361293912
-0.4363181211048891,0.9951135516166687,0.0016846536891534925
-0.4362390108448828,1.0304538011550903,0.0016942996298894286
-0.4362137305188487,1.009049654006958,0.001689781667664647
-0.43617405946774557,1.0187339782714844,0.0017171032959595323
-0.436077799296427,1.0016953945159912,0.0016841384349390864
-0.43604555006854095,0.9899526834487915,0.0016865230863913894
-0.4360411942613335,1.021968126296997,0.0017293136334046721
-0.4359279097774819,1.0157402753829956,0.001693011145107448
-0.43592677994004064,1.010007381439209,0.0016908155521377921
-0.43586643617166254,0.9917246103286743,0.001684735412709415
-0.4358184684616267,0.9895452260971069,0.0016835054848343134
-0.4357901539329045,1.0040311813354492,0.0017118240939453244
-0.43570168530522163,1.0209863185882568,0.0016947455005720258
-0.4356724883010817,0.9829469323158264,0.0017276941798627377
-0.4356586818807226,1.0091605186462402,0.0016927467659115791
-0.4355478391111528,0.9963435530662537,0.0016852604458108544
-0.43553658908629517,0.9956252574920654,0.0016870021354407072
-0.43549498938769526,1.0370177030563354,0.0017027996946126223
-0.435424664775997,1.0072154998779297,0.0016888414975255728
-0.4353267765967033,0.9967041611671448,0.001685089198872447
-0.4352728760492198,1.0054404735565186,0.001695042010396719
-0.43516918477773703,1.0185023546218872,0.0016947141848504543
-0.43514752482960645,1.0140621662139893,0.0016922310460358858
-0.4351246232846767,0.9885627627372742,0.0017071765614673495
-0.4350321338493377,0.9960768222808838,0.0016855434514582157
-0.4349530475168481,1.031846523284912,0.0016957054613158107
-0.43492773787304284,1.006256103515625,0.0016885950462892652
-0.43488808191250455,1.016143560409546,0.0017151596257463098
-0.43479183144233857,1.0024349689483643,0.0016851738328114152
-0.4347595686322915,0.9916345477104187,0.0016865110956132412
-0.4347552363229217,1.0307953357696533,0.0017352389404550195
-0.4346419365331393,1.0200738906860352,0.001695370301604271
-0.43464079397647465,1.010218620300293,0.0016906865639612079
-0.4345804745682398,0.989128053188324,0.0016849564854055643
-0.4345324777568513,0.9930645823478699,0.0016848189989104867
-0.43450417745533537,1.0061167478561401,0.001712977304123342
-0.4344157189597479,1.0212218761444092,0.0016950353747233748
-0.4343865310091887,0.9865153431892395,0.0017285514622926712
-0.4343727017391954,1.0085837841033936,0.001692808698862791
-0.43426186780763004,1.0037586688995361,0.0016874521970748901
-0.43425060463260645,0.9990627765655518,0.0016876377630978823
-0.4342090290777315,1.0394229888916016,0.0017027430003508925
-0.4341386760101468,1.003090262413025,0.0016860015457496047
-0.43404081197542016,0.9952994585037231,0.0016851380933076143
-0.433986897415465,1.008866786956787,0.001697699772194028
-0.4338832154137713,1.0174696445465088,0.001693734317086637
-0.43386154167000845,1.015825867652893,0.0016938060289248824
-0.43383866448438,0.9892762303352356,0.001707259682007134
-0.43366708440460044,1.0295982360839844,0.0016945884563028812
-0.4336417450116607,1.007110595703125,0.0016883471980690956
-0.43360210435642144,1.0198757648468018,0.001717640901915729
-0.43350586358782917,1.0052649974822998,0.0016862360062077641
-0.4334735869808867,0.9928091168403625,0.001686746603809297
-0.4334692786000864,1.0237377882003784,0.0017304349457845092
-0.4333559635043732,1.016686201095581,0.001693352940492332
-0.4333548082295375,1.0109355449676514,0.0016913414001464844
-0.4332945127494513,0.9931999444961548,0.00168627651873976
-0.43324648726681053,0.9906520843505859,0.001684081507846713
-0.43321820076261097,1.0065925121307373,0.0017133097862824798
-0.4331297528298503,1.0209850072860718,0.0016948201227933168
-0.43310057350171943,0.9849642515182495,0.0017278001178056002
-0.4330867215964051,1.0093872547149658,0.001693475409410894
-0.4329758967190523,0.9992253184318542,0.0016863597556948662
-0.43296462039365224,0.993994414806366,0.0016868283273652196
-0.43292306876860986,1.028318166732788,0.0016959276981651783
-0.43285268702935187,1.0044920444488525,0.001687429379671812
-0.4327548473545582,0.9979159235954285,0.001686063944362104
-0.43270091856655446,1.0001399517059326,0.0016911651473492384
-0.43259724583422904,1.0197852849960327,0.0016947871772572398
-0.43257555872514475,1.012176513671875,0.0016914504813030362
-0.43255270546808555,0.990725040435791,0.001707519288174808
-0.43238112107677645,1.0319703817367554,0.001696949708275497
-0.4323557523662759,1.0111281871795654,0.0016904333606362343
-0.43231612680139114,1.017376184463501,0.001717031467705965
-0.4322198957333199,1.0042903423309326,0.0016857226146385074
-0.4321876055459006,0.9940552711486816,0.001687919138930738
-0.4321833206623061,1.032641887664795,0.001736604142934084
-0.43206999047687,1.0179417133331299,0.0016942530637606978
-0.43206882226660304,1.0136964321136475,0.0016912720166146755
-0.4320085509306626,0.9940251708030701,0.001686181640252471
-0.431960496560772,0.9913259744644165,0.001684002112597227
-0.4319322242844105,1.0001758337020874,0.0017099801916629076
-0.43184378648395527,1.0208392143249512,0.0016943936934694648
-0.431814616210037,0.9840329885482788,0.0017273729899898171
-0.4318007414534041,1.0108160972595215,0.0016935612075030804
-0.4316899256308958,0.9991744756698608,0.001686910050921142
-0.4316786359401741,0.9944518208503723,0.001687247189693153
-0.4315666980485569,1.0079739093780518,0.0016889338148757815
-0.43146888251833027,0.9964774250984192,0.0016857237787917256
-0.43141493971722317,1.005872368812561,0.0016963029047474265
-0.43131127647026307,1.0192780494689941,0.00169465783983469
-0.43128957577986005,1.013742208480835,0.0016929476987570524
-0.43126674645179125,0.9911220073699951,0.0017076692311093211
-0.43117417186373835,0.9929950833320618,0.0016828476218506694
-0.4310951579651603,1.0291255712509155,0.001693016616627574
-0.431069759720049,1.0050398111343384,0.0016870963154360652
-0.4310301492467817,1.0214351415634155,0.0017175923567265272
-0.43093392787838947,1.0068614482879639,0.0016874694265425205
-0.43090162389407477,0.9907665848731995,0.0016855577705428004
-0.4308973629392603,1.0308456420898438,0.0017346155364066362
-0.43078401723294835,1.0152952671051025,0.0016935645835474133
-0.43078283651945537,1.0106768608093262,0.001689877244643867
-0.43072258932745044,0.991722583770752,0.0016852448461577296
-0.43067450585515477,0.9935311675071716,0.00168569793459028
-0.4306462475906333,1.0008965730667114,0.0017110405024141073
-0.43055782035447887,1.020125150680542,0.0016945888055488467
-0.43052865891961783,0.9848151803016663,0.0017288440139964223
-0.43051476131124533,1.0136653184890747,0.0016941571375355124
-0.430403954327373,0.996213436126709,0.001685718190856278
-0.4303926514858538,0.9975827932357788,0.0016874714056029916
-0.4303511481503665,1.0298783779144287,0.001697365427389741
-0.43028070906755145,1.0065391063690186,0.0016876783920451999
-0.4301829178968366,0.9953200221061707,0.0016846585785970092
-0.43012896086852315,1.0096161365509033,0.0016975280595943332
-0.4300253071067184,1.0153660774230957,0.0016931351274251938
-0.43000359283541734,1.011314034461975,0.0016913304571062326
-0.42998078743591805,0.9891740083694458,0.0017061957623809576
-0.42988818439176835,0.9921674132347107,0.0016832650871947408
-0.4298091946371258,1.033071756362915,0.001697247731499374
-0.4297837670742432,1.0054445266723633,0.001687979674898088
-0.4297441716906988,1.0196382999420166,0.0017175646498799324
-0.4296479602390355,0.9997528791427612,0.0016834354028105736
-0.4296156424578255,0.994566023349762,0.0016876250738278031
-0.42961140500169054,1.0228800773620605,0.0017296121222898364
-0.42949804420418225,1.016959547996521,0.001693517668172717
-0.42949685055673137,1.0087260007858276,0.0016895394073799253
-0.42943662750908274,0.9898066520690918,0.0016844868659973145
-0.4293885153655348,0.9900190830230713,0.001684082904830575
-0.4293602711126434,1.0045653581619263,0.001711481367237866
-0.4292718540083734,1.0204638242721558,0.0016942399088293314
-0.42924270162856715,0.983968198299408,0.001727476716041565
-0.4292287811684548,1.0137349367141724,0.0016942931106314063
-0.42911798323858474,1.0024622678756714,0.0016867258818820119
-0.42910666724753116,0.9945685267448425,0.001686737174168229
-0.42906518784040276,1.0362637042999268,0.0017011979361996055
-0.42899472030254354,1.0053035020828247,0.0016870938707143068
-0.4288969530608192,0.999417781829834,0.001686752657406032
-0.4288429820198234,1.0102871656417847,0.0016971785807982087
-0.42873933774338396,1.017427921295166,0.0016938651679083705
-0.42871760988992186,1.0131756067276,0.0016926465323194861
-0.4286948284196238,0.986762285232544,0.0017058077501133084
-0.42860219713558545,0.9926553964614868,0.0016840548487380147
-0.42852323152487815,1.0262995958328247,0.0016933651641011238
-0.42849777442927944,1.0092915296554565,0.0016898324247449636
-0.42845819391903917,1.0194987058639526,0.0017172471852973104
-0.4283619923847366,1.0051554441452026,0.0016865208745002747
-0.42832966080599955,0.992173969745636,0.001686656498350203
-0.42832544727990784,1.027841567993164,0.0017343604704365134
-0.42821207117541593,1.0148675441741943,0.0016927213873714209
-0.4282108648089522,1.0133694410324097,0.001692017656750977
-0.42815066590587053,0.9906957745552063,0.0016842667246237397
-0.4281025246599173,0.9896339774131775,0.0016833572881296277
-0.4280742946354953,1.0024566650390625,0.001711603021249175
-0.4279858878778444,1.0210005044937134,0.0016950271092355251
-0.42795674412109763,0.9827426075935364,0.0017272854456678033
-0.42794280102608556,1.011805772781372,0.0016941037029027939
-0.42783201215084904,0.9996490478515625,0.0016867779195308685
-0.42782068279363217,1.000434160232544,0.001688774791546166
-0.4277792275312811,1.0309637784957886,0.0016980164218693972
-0.4277087313209065,1.0077085494995117,0.0016883211210370064
-0.4276109884393257,0.9923353791236877,0.0016835362184792757
-0.4274533681644732,1.0185059309005737,0.0016937804175540805
-0.42743162694526865,1.0140550136566162,0.0016932834405452013
-0.42740886961890606,0.9905503392219543,0.0017076883232221007
-0.4273162098785602,0.9924790859222412,0.0016839265590533614
-0.42723726841347276,1.0325205326080322,0.0016957268817350268
-0.4272117815674761,1.0110653638839722,0.0016896913293749094
-0.4271722163631668,1.020090937614441,0.0017176029505208135
-0.4270760245295958,1.002779483795166,0.001685484778136015
-0.4270436793701713,0.9938305020332336,0.0016870772233232856
-0.4270394893412855,1.0301958322525024,0.001735383877530694
-0.42692609814664984,1.0216008424758911,0.00169526191893965
-0.426924879061173,1.009784460067749,0.0016907815588638186
-0.4268647040877134,0.9890937805175781,0.0016841890756040812
-0.42681653395387903,0.9910154938697815,0.0016841990873217583
-0.42678831794298144,0.9971383213996887,0.001708432799205184
-0.42669992153279157,1.023604154586792,0.001695304294116795
-0.4266707868302575,0.9798285961151123,0.0017257222207263112
-0.4266568208839268,1.0132246017456055,0.0016948309494182467
-0.42654604084669473,0.9953135251998901,0.0016847068909555674
-0.4265346983393119,1.0000879764556885,0.001687986426986754
-0.42649326722152786,1.035966396331787,0.0017010810552164912
-0.42642274233926947,1.0087239742279053,0.0016889397520571947
-0.42632502381783205,0.9963200688362122,0.0016856335569173098
-0.4261673988009285,1.019526481628418,0.0016942069632932544
-0.42614564400040494,1.0165495872497559,0.0016940173227339983
-0.4261229106030328,0.9904296398162842,0.0017074542120099068
-0.4260302224061692,0.9951853156089783,0.0016854408895596862
-0.4259513050860696,1.0301264524459839,0.001695258542895317
-0.4259257889210387,1.01162850856781,0.0016898572212085128
-0.4258862388072942,1.0165939331054688,0.0017163692973554134
-0.42579005667466535,1.004759669303894,0.0016861158655956388
-0.42575769771960864,0.9911661148071289,0.001685747760348022
-0.4257535316184502,1.020255446434021,0.0017287450609728694
-0.42564012490272823,1.0180461406707764,0.0016940905479714274
-0.4256388930982385,1.0119905471801758,0.0016914287116378546
-0.4255787422699775,0.9968166947364807,0.0016878357855603099
-0.425530543463417,0.9906457662582397,0.0016839265590533614
-0.425502341464781,1.0017820596694946,0.0017107099993154407
-0.42541395540226257,1.0206820964813232,0.0016947718104347587
-0.42538482953836454,0.9846237301826477,0.0017280395841225982
-0.4253708407409258,1.0118731260299683,0.0016942847287282348
-0.4252600697579065,1.001036524772644,0.0016870652325451374
-0.4252487141014103,0.9945678114891052,0.0016863177297636867
-0.42520730691177466,1.033500075340271,0.0017008634749799967
-0.42513675357426156,1.007381558418274,0.0016874645370990038
-0.4250390589818146,0.993773877620697,0.0016845163190737367
-0.4249850456878265,1.0039362907409668,0.001693706028163433
-0.42488142943696255,1.0182921886444092,0.001694129896350205
-0.4248596610551202,1.0123140811920166,0.001692224876023829
-0.42483695158673856,0.9877376556396484,0.0017063001869246364
-0.4247442351506178,0.9905210733413696,0.001683378010056913
-0.42466534197424316,1.0293248891830444,0.001695425366051495
-0.4246397962746013,1.0074881315231323,0.0016890608239918947
-0.42460026125268496,1.0187504291534424,0.0017171847866848111
-0.4245040890361535,1.0057293176651,0.001686069997958839
-0.42447171628335933,0.9928609132766724,0.0016872395062819123
-0.42446757368003835,1.0293971300125122,0.0017337915487587452
-0.4243541518745937,1.0142786502838135,0.0016923689981922507
-0.4243529073508803,1.0098286867141724,0.0016896050656214356
-0.4242927806667653,0.9933735132217407,0.0016862034099176526
-0.4242445527577995,0.9861205816268921,0.0016827592626214027
-0.42421636477121427,1.0079654455184937,0.0017140890704467893
-0.42412798927257567,1.0238953828811646,0.001696123043075204
-0.42409887203089525,0.983048677444458,0.0017272874247282743
-0.4240848605989776,1.0098012685775757,0.0016933417646214366
-0.4239740986699602,0.9963226318359375,0.0016847087536007166
-0.42396272964687953,0.9941287636756897,0.0016864578938111663
-0.4239213466018109,1.0327601432800293,0.0016987958224490285
-0.4238507645932561,1.0112069845199585,0.0016901498893275857
-0.42375309436053166,0.9955101609230042,0.001685418770648539
-0.4236990668384952,1.007480263710022,0.0016966726398095489
-0.4235954598574203,1.0155203342437744,0.0016934507293626666
-0.423573678110467,1.0134637355804443,0.0016925878589972854
-0.4235509925704443,0.9907222986221313,0.0017081911209970713
-0.42345824767885815,0.9958704710006714,0.0016853736015036702
-0.4233538036292165,1.010384440422058,0.0016902897041290998
-0.4233142836972334,1.016318440437317,0.0017153966473415494
-0.42321812118164426,1.0023109912872314,0.001685391296632588
-0.4231857346315336,0.9895727038383484,0.001685669762082398
-0.42318161595720283,1.0272152423858643,0.001733308075927198
-0.4230681788464589,1.0147504806518555,0.0016929643461480737
-0.42306692138836666,1.0135600566864014,0.0016911558341234922
-0.4230068188479766,0.9900931715965271,0.001684438670054078
-0.4229585622677588,0.9885125160217285,0.001683439128100872
-0.42293038829406643,1.004155158996582,0.0017101330449804664
-0.4228420229271017,1.0195732116699219,0.001694661215879023
-0.4228129147392128,0.9855017066001892,0.0017273635603487492
-0.4227988804559766,1.0123002529144287,0.0016942508518695831
-0.4226881275818035,0.9994524121284485,0.0016870055114850402
-0.4226767451931908,0.9942529201507568,0.0016859917668625712
-0.42263538629184716,1.037508249282837,0.0017028431175276637
-0.42256477582782714,1.007856845855713,0.0016878078458830714
-0.42246712973966954,0.9973033666610718,0.0016861034091562033
-0.42241308799042676,1.0091437101364136,0.0016963013913482428
-0.42230949049345456,1.0208606719970703,0.0016951512079685926
-0.4222876951649717,1.0144087076187134,0.0016929677221924067
-0.4222650337701474,0.9899752736091614,0.0017068812157958746
-0.42217226042183315,0.9955878853797913,0.001684654620476067
-0.42209341553417123,1.0291284322738647,0.0016946661053225398
-0.42206781098425294,1.008608102798462,0.0016887154197320342
-0.422028306141361,1.0198379755020142,0.0017175175016745925
-0.42193215332713485,1.0034154653549194,0.0016856560250744224
-0.42189975319570516,0.9913234710693359,0.001686180243268609
-0.421895658019212,1.0225234031677246,0.0017311177216470242
-0.4217822058181139,1.0166724920272827,0.0016937052132561803
-0.42178093564037716,1.0110217332839966,0.0016903039067983627
-0.4217208572447644,0.9919673204421997,0.0016851375112310052
-0.4216725715625623,0.996026873588562,0.0016859787283465266
-0.4216444116002894,1.0041266679763794,0.0017122485442087054
-0.4215560567967833,1.0209425687789917,0.0016946113901212811
-0.42152695744753055,0.9831132888793945,0.0017268878873437643
-0.42151290031381783,1.0154459476470947,0.001695254584774375
-0.42140215627849126,0.9956614971160889,0.001685114111751318
-0.42139076095571043,0.9930586218833923,0.0016861441545188427
-0.42134942598335706,1.0340758562088013,0.001700837048701942
-0.42127878684640063,1.0096157789230347,0.0016892384737730026
-0.4211811649032311,0.9992527961730957,0.0016865403158590198
-0.42112710914151646,1.0076425075531006,0.0016960542416200042
-0.4210235211294886,1.0168007612228394,0.0016927686519920826
-0.42100171243610557,1.0150701999664307,0.001692858524620533
-0.4209790747546952,0.9922572374343872,0.001707822666503489
-0.4208862731658605,0.9933615922927856,0.001683786977082491
-0.42080745242234485,1.0282624959945679,0.0016940274508669972
-0.4207818183378156,1.0079330205917358,0.0016885357908904552
-0.42074232858612,1.016616702079773,0.0017159238923341036
-0.4206461856877809,1.0006412267684937,0.0016841695178300142
-0.4206137717600874,0.9909055829048157,0.001685783383436501
-0.4206097002963768,1.0256125926971436,0.0017335511511191726
-0.4204962325737712,1.0164768695831299,0.0016934106824919581
-0.42049494989238745,1.0134047269821167,0.001691710203886032
-0.4204348954259757,0.9913559556007385,0.00168511550873518
-0.420386580856945,0.9923473000526428,0.001685018534772098
-0.42035843512293086,1.0057458877563477,0.0017116280505433679
-0.42027009045151986,1.019950270652771,0.0016942471265792847
-0.42024100015647964,0.9811870455741882,0.001726236892864108
-0.42022692017229063,1.0141314268112183,0.0016944664530456066
-0.420116185189703,0.9981921911239624,0.001685650204308331
-0.42010477650117967,0.9988672137260437,0.0016876973677426577
-0.42006346567423536,1.0322405099868774,0.0017000004881992936
-0.4199927978649742,1.0103893280029297,0.0016901228809729218
-0.41989520028194816,0.9946881532669067,0.0016851166728883982
-0.41984113050776145,1.0110347270965576,0.001697362749837339
-0.41973755176678595,1.0206438302993774,0.001694316859357059
-0.4197157294918734,1.0140448808670044,0.0016925159143283963
-0.419693115738822,0.9883447885513306,0.0017064668936654925
-0.419600285693259,0.9968708753585815,0.0016851864056661725
-0.41952148909452064,1.036645770072937,0.0016981733497232199
-0.4194958256913782,1.010051965713501,0.0016896473243832588
-0.41945635103003687,1.019783616065979,0.0017176750116050243
-0.41936021783285043,1.0033411979675293,0.001684787799604237
-0.4193277901088932,0.9899460673332214,0.001686439267359674
-0.41932374235796493,1.0261512994766235,0.0017320811748504639
-0.4192102595450049,1.0182888507843018,0.001694090198725462
-0.41920896393029483,1.0113943815231323,0.0016908209072425961
-0.4191489338231845,0.9896070957183838,0.0016842166660353541
-0.41910059036648306,0.9911094903945923,0.0016844029305502772
-0.41907245864536197,1.007298469543457,0.0017119160620495677
-0.4189841243209909,1.020338535308838,0.0016943281516432762
-0.4189550426490104,0.9836176037788391,0.001726807444356382
-0.4189409400295001,1.0162265300750732,0.001695497427135706
-0.4188302141009147,0.9960671663284302,0.0016848774394020438
-0.41881879226222546,0.9942912459373474,0.001687116571702063
-0.41877750536427166,1.0332460403442383,0.001699890592135489
-0.41870680910038727,1.007399320602417,0.0016876569716259837
-0.41860923566150726,0.9969975352287292,0.0016854029381647706
-0.4185551516584301,1.0050067901611328,0.001693233265541494
-0.4184515824032412,1.0195002555847168,0.0016954378224909306
-0.41842974654637816,1.0194705724716187,0.0016955117462202907
-0.41840715693810426,0.9867774248123169,0.0017064388375729322
-0.41831429843707607,0.9946396946907043,0.001684569171629846
-0.4182355259822729,1.0279736518859863,0.0016936338506639004
-0.4182098328308379,1.0088907480239868,0.0016896129818633199
-0.41817037347500663,1.014306664466858,0.0017151724314317107
-0.4180742499783412,0.9993013739585876,0.0016853741835802794
-0.41804180867264396,0.9934700131416321,0.0016876959707587957
-0.4180377846355507,1.0274685621261597,0.001733129844069481
-0.4179242865162388,1.0164228677749634,0.0016935532912611961
-0.4179229781833579,1.009177565574646,0.0016896890010684729
-0.41786297200439604,0.9939255118370056,0.0016863298369571567
-0.41781459966044454,0.9904277920722961,0.0016843430930748582
-0.4177864819517953,1.0037469863891602,0.0017103123245760798
-0.4176981579750959,1.0239441394805908,0.0016958474880084395
-0.41766908535732794,0.9846891164779663,0.0017270853277295828
-0.4176549598864993,1.017418384552002,0.001695647370070219
-0.417544243013179,0.9967699646949768,0.0016861438052728772
-0.41753280780790525,0.9962023496627808,0.0016870812978595495
-0.4174915450553605,1.0367579460144043,0.0017016226192936301
-0.4174208201193818,1.0089360475540161,0.0016883463831618428
-0.41732327082443704,0.9963226318359375,0.00168549211230129
-0.4172691728090986,1.0060129165649414,0.001695175189524889
-0.41716561282369874,1.0186982154846191,0.0016944229137152433
-0.4171437636010934,1.0135204792022705,0.0016931481659412384
-0.41712119792181,0.9881507754325867,0.0017066559521481395
-0.4170283111806824,0.9940511584281921,0.001684647868387401
-0.41694956287065704,1.0302835702896118,0.001695801387540996
-0.41692384018545314,1.0069223642349243,0.0016889923717826605
-0.41688439591955506,1.0172885656356812,0.0017168500926345587
-0.41678828212341074,1.0023845434188843,0.0016855137655511498
-0.4167558270208179,0.9905494451522827,0.0016851676627993584
-0.41675182669798094,1.0271254777908325,0.0017332411371171474
-0.4166383134874727,1.0161664485931396,0.0016938295448198915
-0.4166369922197916,1.0122697353363037,0.0016907621175050735
-0.41657701040118383,0.9933051466941833,0.0016854202840477228
-0.4165286091704038,0.9925616383552551,0.0016847336664795876
-0.4165005054742264,1.0068044662475586,0.0017118192045018077
-0.41641219184561956,1.0217186212539673,0.0016945420065894723
-0.4163831280669088,0.9836285710334778,0.0017270029056817293
-0.4163689797434983,1.0165129899978638,0.0016951969591900706
-0.4162582717088142,0.9979920387268066,0.0016857980517670512
-0.416246823353585,0.994527280330658,0.0016865403158590198
-0.41620558474560726,1.0340378284454346,0.0017005687113851309
-0.41613483135353185,1.0110726356506348,0.001689783064648509
-0.41603730620294355,0.9948980212211609,0.001685218303464353
-0.41598319396081984,1.0089167356491089,0.0016960715875029564
-0.41587964346015405,1.0164302587509155,0.0016936595784500241
-0.4158577806558087,1.0169835090637207,0.0016941344365477562
-0.41583523890593677,0.9890317320823669,0.0017073748167604208
-0.41574232392386795,0.9980262517929077,0.0016863126074895263
-0.4156635995434644,1.0335363149642944,0.0016970980213955045
-0.4156378475390158,1.0082976818084717,0.0016893984284251928
-0.41559841836368266,1.0163692235946655,0.0017169222701340914
-0.41550231448405683,1.0015740394592285,0.0016851479886099696
-0.4154698455849897,0.9882634282112122,0.0016850573010742664
-0.41546586897556664,1.0262871980667114,0.0017323317006230354
-0.4153523404599695,1.0183837413787842,0.0016943026566877961
-0.4153510064718019,1.0147758722305298,0.0016925027593970299
-0.41529104858365823,0.9929868578910828,0.001685547293163836
-0.4152426184652073,0.9906158447265625,0.0016847659135237336
-0.4152145287806599,1.0063767433166504,0.001711652847006917
-0.41512622571572216,1.0236810445785522,0.0016957230400294065
-0.4150971707758579,0.9844323396682739,0.0017271452816203237
-0.415082999600708,1.0152931213378906,0.0016955813625827432
-0.4149723006200259,0.9927653670310974,0.0016838926821947098
-0.4149608391161044,0.9958565831184387,0.0016870350809767842
-0.41491962443564356,1.0362619161605835,0.001702081528492272
-0.41484884237210534,1.0081353187561035,0.001688450574874878
-0.4147513415825025,0.9942287802696228,0.0016845406498759985
-0.4146972153276963,1.0080267190933228,0.001695588231086731
-0.4145936740961881,1.019398808479309,0.0016942768124863505
-0.41457179771052394,1.0142405033111572,0.0016924189403653145
-0.4145492798896425,0.988333523273468,0.0017067661974579096
-0.41445633645210844,0.992133617401123,0.0016833004774525762
-0.41437763643163794,1.0298343896865845,0.0016950948629528284
-0.41435185489257836,1.0095924139022827,0.0016895289300009608
-0.41431244080823115,1.0180258750915527,0.0017161162104457617
-0.4142163466303894,0.9990231394767761,0.001683679991401732
-0.4141838641487405,0.99453204870224,0.0016872333362698555
-0.41417991103715485,1.0265398025512695,0.0017324112122878432
-0.41406636721604784,1.0163253545761108,0.001693757250905037
-0.41406502072402296,1.0133792161941528,0.0016916528111323714
-0.4140050869808671,0.9938910007476807,0.00168688187841326
-0.41395662797516636,0.9903818964958191,0.0016838914016261697
-0.4139285523026698,1.0009857416152954,0.001710177748464048
-0.4138402593702482,1.0245918035507202,0.0016957485349848866
-0.4138112132683886,0.9794207215309143,0.0017249607481062412
-0.4137970194591808,1.0143340826034546,0.0016952765872702003
-0.41368632953271145,0.9963840246200562,0.0016857536975294352
-0.41367485466220516,0.995392918586731,0.0016872225096449256
-0.4136336641256798,1.0292099714279175,0.0016978897619992495
-0.4135628533913104,1.005467414855957,0.001687809475697577
-0.4134653767454325,0.9931643605232239,0.0016839078161865473
-0.41341123647836503,1.0089629888534546,0.0016973293386399746
-0.41330770473222234,1.016676902770996,0.0016934041632339358
-0.4132858147665023,1.0138450860977173,0.0016928942641243339
-0.4132633210889246,0.9855328798294067,0.001705350587144494
-0.4131703491950833,0.9934212565422058,0.0016842182958498597
-0.4130916733193903,1.0325628519058228,0.0016959403874352574
-0.4130658622463515,1.0081474781036377,0.0016890919068828225
-0.4130264634679353,1.0196541547775269,0.0017176152905449271
-0.41293037899145674,1.003962516784668,0.0016857765149325132
-0.4128978824973357,0.9930940866470337,0.0016865654615685344
-0.41289395331431955,1.0306146144866943,0.0017340368358418345
-0.41278039418728174,1.0123611688613892,0.0016922024078667164
-0.4127790347619303,1.0136957168579102,0.001691622193902731
-0.41271912516207837,0.9903498888015747,0.0016840840689837933
-0.41267063726912806,0.9912649989128113,0.0016842051409184933
-0.41255429323992976,1.022840142250061,0.001695410581305623
-0.41252525597670614,0.982910692691803,0.0017264944035559893
-0.4125110393170218,1.0138601064682007,0.0016941424692049623
-0.41240035844497575,0.9954999685287476,0.0016842092154547572
-0.41238887042346145,0.9954759478569031,0.0016874847933650017
-0.41234770381592656,1.0352485179901123,0.001701879664324224
-0.41227686462651303,1.010627269744873,0.0016896913293749094
-0.41217941212478104,0.9963162541389465,0.0016849135281518102
-0.4121252576294545,1.0043314695358276,0.0016905645607039332
-0.41202173536825637,1.0200023651123047,0.001694757491350174
-0.4119998318216386,1.0163757801055908,0.0016937835607677698
-0.4119773620726303,0.989606499671936,0.0017075177747756243
-0.4118843619391108,0.9968870282173157,0.0016858245944604278
-0.4118057099915663,1.027696132659912,0.0016929545672610402
-0.41177986960138774,1.0081865787506104,0.0016890277620404959
-0.4117404859120627,1.0201243162155151,0.0017176641849800944
-0.4116444111365263,1.0008364915847778,0.001684836228378117
-0.41161190106234935,0.9905298352241516,0.0016863072523847222
-0.41160799537632875,1.0292329788208008,0.001733244163915515
-0.4114944211589365,1.0151177644729614,0.001692853751592338
-0.41149304901478284,1.0130101442337036,0.0016906120581552386
-0.4114331635588664,0.9927151203155518,0.0016845675418153405
-0.4113846467790871,0.9904584288597107,0.0016836250433698297
-0.41135659913279754,1.0062130689620972,0.001709718257188797
-0.4112683271096111,1.021009087562561,0.0016946118557825685
-0.41123929868502396,0.9827394485473633,0.0017263803165405989
-0.411225059174021,1.0130574703216553,0.001694602076895535
-0.4111143873561875,0.9958596229553223,0.0016858269227668643
-0.4111028859699835,0.9973447918891907,0.001687907730229199
-0.41106174372259197,1.0334440469741821,0.0017011045711115003
-0.4109908756450863,1.006486415863037,0.0016868379898369312
-0.41089344750391893,0.9955675601959229,0.0016854973509907722
-0.4108392789956995,1.0125936269760132,0.0017001020023599267
-0.4107357657891351,1.0193103551864624,0.001694549573585391
-0.4107138488763538,1.022068977355957,0.0016962435329332948
-0.41069140305633606,0.9890376925468445,0.0017072451300919056
-0.410598374467983,0.9923034310340881,0.001684569171629846
-0.41051974687973963,1.0318183898925781,0.00169724365696311
-0.4104938769557924,1.0114538669586182,0.0016902476781979203
-0.41045450835745323,1.0213781595230103,0.0017178180860355496
-0.4103584432815958,1.0027754306793213,0.0016850726678967476
-0.4103259196261001,0.9938586950302124,0.0016870414838194847
-0.4102084481301704,1.0131510496139526,0.0016929622506722808
-0.4102070632667931,1.0117098093032837,0.0016908178804442286
-0.4101472017400777,0.9919411540031433,0.0016857433365657926
-0.4100986560743119,0.9886594414710999,0.001684164279140532
-0.41007062265480737,1.0077458620071411,0.0017116295639425516
-0.4099823607643479,1.0212578773498535,0.0016947826370596886
-0.4099533413937625,0.9828447103500366,0.0017260045278817415
-0.40993907903207283,1.0131914615631104,0.0016946934629231691
-0.40982841605182263,0.9969710111618042,0.0016853194683790207
-0.40981690173102925,0.9992504715919495,0.0016881892224773765
-0.40977578341325976,1.031474232673645,0.0016998366918414831
-0.40970488687923634,1.008053183555603,0.0016883158823475242
-0.409607482882636,0.9948439598083496,0.0016843461198732257
-0.40955330014636815,1.0057024955749512,0.0016961467918008566
-0.4094497964264325,1.019103765487671,0.0016942884540185332
-0.4094278659317006,1.023053765296936,0.0016954041784629226
-0.4094054442566709,0.9886418581008911,0.0017069969326257706
-0.40931238721095775,0.9940837025642395,0.0016849588137120008
-0.409233783767492,1.02817702293396,0.0016950509743764997
-0.40920788430935506,1.0078696012496948,0.0016885170480236411
-0.4091685308020019,1.0204823017120361,0.001717747189104557
-0.40907247564224186,1.00735604763031,0.0016863676719367504
-0.4090399379742743,0.9947952032089233,0.0016869254177436233
-0.40903607993065794,1.0266467332839966,0.0017295253928750753
-0.4089224751014043,1.0167583227157593,0.0016938528278842568
-0.40892107730427946,1.0118539333343506,0.0016908140387386084
-0.40886124013728653,0.9900833368301392,0.0016844047931954265
-0.4088126655838499,0.9873324036598206,0.0016835125861689448
-0.4087846461768174,1.0066946744918823,0.0017111360793933272
-0.4086963946338187,1.0239129066467285,0.0016960158245638013
-0.40866738388650375,0.9794158339500427,0.0017261143075302243
-0.40865309888907175,1.014953851699829,0.001695025246590376
-0.4085424449632449,0.9979031682014465,0.001686170813627541
-0.4085309172773406,0.9978091716766357,0.001687807496637106
-0.40848982310392756,1.0342836380004883,0.0017020575469359756
-0.4084188978984413,1.0121177434921265,0.0016903383657336235
-0.40832151804640804,0.9971180558204651,0.001686725066974759
-0.4082673212974577,1.0052014589309692,0.0016944172093644738
-0.40816382706246673,1.0223257541656494,0.001695182640105486
-0.40814188298620535,1.0210717916488647,0.0016946508549153805
-0.4081194852410082,0.987728476524353,0.001705544302240014
-0.40802639995393275,0.9957465529441833,0.0016853056149557233
-0.407947820439668,1.0242350101470947,0.0016918195178732276
-0.40792189166397047,1.0110794305801392,0.0016901529161259532
-0.4078825532461293,1.019686222076416,0.0017171964282169938
-0.4077865077877326,1.0033552646636963,0.0016851052641868591
-0.4077539565380248,0.991155743598938,0.0016865782672539353
-0.40775012199266714,1.0269168615341187,0.0017327663954347372
-0.40763650207263796,1.0145841836929321,0.0016925190575420856
-0.40763509155628996,1.0102429389953613,0.0016903989017009735
-0.4075752783184978,0.9906960725784302,0.0016853485722094774
-0.40752667487781136,0.990218997001648,0.0016844619531184435
-0.40749866948325075,1.0101568698883057,0.0017106672748923302
-0.4074104285035003,1.0176059007644653,0.0016935293097048998
-0.4073814265948213,0.9783839583396912,0.001723786466754973
-0.407367118746913,1.016185998916626,0.0016955258324742317
-0.4072564738752987,0.9950642585754395,0.001685439725406468
-0.4072449330390179,0.9951863884925842,0.0016867575468495488
-0.4072038627950164,1.030204176902771,0.0016995060723274946
-0.4071329091332229,1.00577712059021,0.0016864853678271174
-0.4070355534249144,0.9951839447021484,0.0016854892019182444
-0.4069813424487579,1.0046179294586182,0.0016957094194367528
-0.40687785769850077,1.0160585641860962,0.001693393336609006
-0.40685590004176264,1.0178786516189575,0.001693681930191815
-0.40683352622471397,0.9914103746414185,0.0017075404757633805
-0.406740412697118,0.9924948215484619,0.0016843839548528194
-0.4066618573278413,1.0337506532669067,0.0016969579737633467
-0.40663589901816466,1.0153098106384277,0.001691305311396718
-0.406596575690257,1.0147316455841064,0.0017160003772005439
-0.4065005399328022,0.9994927048683167,0.0016831897664815187
-0.4064679751021966,0.9930320382118225,0.001687023090198636
-0.40646416426983184,1.0219852924346924,0.00173219945281744
-0.40635052904429286,1.0184109210968018,0.001694398932158947
-0.4063491058091423,1.0139261484146118,0.0016917686443775892
-0.4062893167152857,0.9901549220085144,0.0016856133006513119
-0.40624068438734956,0.9899131655693054,0.0016847471706569195
-0.40621269300568186,1.0030415058135986,0.0017088025342673063
-0.40612446215823683,1.0234084129333496,0.0016957754269242287
-0.4060954693037706,0.9838037490844727,0.0017261713510379195
-0.4060811388201201,1.012134075164795,0.0016939117340371013
-0.40597050278651037,0.9944822192192078,0.0016839656746014953
-0.40595894858469767,0.9945821166038513,0.001686585834249854
-0.40591790248505266,1.0303460359573364,0.0016985012916848063
-0.40584692015221746,1.009932518005371,0.0016886965604498982
-0.4057495888036314,0.9959713220596313,0.0016864505596458912
-0.4056953638156344,1.007336974143982,0.001696167979389429
-0.4055918883349561,1.0179749727249146,0.0016937892651185393
-0.40556991731247527,1.0216867923736572,0.0016959283966571093
-0.4055475674244173,0.9886015057563782,0.0017063642153516412
-0.4054544252253586,0.9938650727272034,0.001685139024630189
-0.40537589421559367,1.0342466831207275,0.0016976366750895977
-0.40534990637256935,1.0151586532592773,0.001691800425760448
-0.40531059813438436,1.0203237533569336,0.0017174744280055165
-0.40521457229344826,1.0008832216262817,0.0016852793050929904
-0.4051819934516339,0.9947370290756226,0.0016874658176675439
-0.40517820633142004,1.0233455896377563,0.0017309486865997314
-0.40506455601678987,1.0146201848983765,0.0016933068400248885
-0.40506312006178413,1.0051910877227783,0.0016873931745067239
-0.40500335489691797,0.9931591153144836,0.0016855162102729082
-0.4049546936817321,0.9880041480064392,0.00168284319806844
-0.40492671652853374,1.002753734588623,0.0017078882083296776
-0.40483849602854993,1.0242044925689697,0.001696091378107667
-0.4048095117963011,0.9798627495765686,0.0017247269861400127
-0.4047951586773298,1.0152257680892944,0.0016946716932579875
-0.4046845316987747,0.9996436834335327,0.0016880970215424895
-0.404672964346375,0.9970340132713318,0.0016881016781553626
-0.40463194217508897,1.0346910953521729,0.001701719593256712
-0.4045609313863675,1.012838363647461,0.0016896019224077463
-0.4044636241831905,0.993955671787262,0.0016848848899826407
-0.4044093849663031,1.0092787742614746,0.0016971798613667488
-0.4043059189709901,1.0180044174194336,0.0016940382774919271
-0.4042839343671905,1.0171598196029663,0.0016928390832617879
-0.40426160840812275,0.9900540113449097,0.001707220682874322
-0.40416843796959645,0.9965559244155884,0.0016853890847414732
-0.4040899311041883,1.0261002779006958,0.001693598460406065
-0.40406391372613193,1.0147007703781128,0.001691520563326776
-0.40402462057893307,1.017916202545166,0.0017171269282698631
-0.40392860443978085,0.9970777630805969,0.0016831753309816122
-0.40389601201538466,0.9911115169525146,0.001687076990492642
-0.40389224860858475,1.0268563032150269,0.0017308654496446252
-0.40377858298802355,1.0124491453170776,0.0016925528179854155
-0.40377713409842864,1.013453722000122,0.0016915452433750033
-0.40371739329433753,0.989768385887146,0.001684066141024232
-0.4036687031925332,0.9905937910079956,0.0016839506570249796
-0.40364073983538834,1.0073087215423584,0.0017111790366470814
-0.40355252989865253,1.0184617042541504,0.0016938308253884315
-0.40352355450461885,0.9788517951965332,0.0017241747118532658
-0.4035091785351708,1.0162984132766724,0.0016956940526142716
-0.40339856061146,0.9924135804176331,0.0016838426236063242
-0.40338697989205474,0.9990592002868652,0.0016884960932657123
-0.40334598186533577,1.0305397510528564,0.0017008197028189898
-0.403274942404941,1.0060869455337524,0.0016866896767169237
-0.40317765934612027,0.9915788769721985,0.0016844836063683033
-0.4031234061169715,1.0067627429962158,0.0016957564512267709
-0.40301994960702436,1.0182549953460693,0.0016940080095082521
-0.4029979514223268,1.018196702003479,0.0016948636621236801
-0.4029756493918285,0.9884173274040222,0.0017068443121388555
-0.40288245071278195,0.9957980513572693,0.0016844714991748333
-0.40280396777678507,1.0283318758010864,0.001693746424280107
-0.40277792107990507,1.013321042060852,0.0016914455918595195
-0.4027386430239025,1.0194952487945557,0.001717686653137207
-0.4026426368008482,1.0022646188735962,0.0016850543906912208
-0.4026100305791352,0.9915069341659546,0.0016859269235283136
-0.40249260995925745,1.018172264099121,0.0016942658694460988
-0.40249114835128097,1.01023268699646,0.0016905012307688594
-0.4024314314761804,0.9939435124397278,0.0016863669734448195
-0.4023827124864949,0.9889675378799438,0.0016844432102516294
-0.40235476335802994,1.0126043558120728,0.0017126103630289435
-0.4022665635527576,1.0223227739334106,0.0016950301360338926
-0.402237597213568,0.9827145338058472,0.0017255541170015931
-0.40222319839217,1.0146968364715576,0.001694887992925942
-0.4021125895226717,0.9972497820854187,0.0016853853594511747
-0.4021009956541531,0.9948093295097351,0.0016864676726981997
-0.40206002177115907,1.0281825065612793,0.0016977213090285659
-0.40198895363951204,1.01023268699646,0.0016891557024791837
-0.4018916947254689,0.9944328665733337,0.0016853148117661476
-0.40183742748363777,1.0123534202575684,0.0016977149061858654
-0.4017339802443215,1.0212416648864746,0.0016955173341557384
-0.40171196847704205,1.019657015800476,0.001694733276963234
-0.4016896905911108,0.9871237874031067,0.001706484705209732
-0.4015964634559675,0.9966384172439575,0.0016859605675563216
-0.40151800466453763,1.0319488048553467,0.0016966870753094554
-0.4014919284343098,1.0099482536315918,0.0016893077408894897
-0.4014526654684512,1.0217680931091309,0.0017184270545840263
-0.4013566689459177,1.0004360675811768,0.0016841260949149728
-0.401324049143307,0.9899969696998596,0.0016866038786247373
-0.40132033294902175,1.0270862579345703,0.0017324674408882856
-0.4012066369309124,1.0155727863311768,0.0016937160398811102
-0.40120516260329125,1.013883113861084,0.0016918265027925372
-0.4011454698729682,0.9922756552696228,0.001685832510702312
-0.40109672199603286,0.9881882667541504,0.0016843194607645273
-0.4010687868798293,1.0068446397781372,0.0017105072038248181
-0.4009805974224391,1.0191007852554321,0.0016938839107751846
-0.40095163992251726,0.9834856986999512,0.001726415939629078
-0.4009372182493797,1.0120397806167603,0.0016937635373324156
-0.40082661843388345,0.9951074123382568,0.0016853720881044865
-0.40081501120088564,0.9991593360900879,0.0016879888717085123
-0.40077406146203737,1.0319056510925293,0.001701468019746244
-0.40070296465892763,1.0086301565170288,0.001689376775175333
-0.400605730104607,0.9923141002655029,0.0016840938478708267
-0.40055144863472725,1.0069783926010132,0.001694709644652903
-0.40044801066520025,1.0161195993423462,0.001692595542408526
-0.40042598553238884,1.0149809122085571,0.0016933735460042953
-0.400403731574606,0.9866862893104553,0.0017068381421267986
-0.4003104761997843,0.9965540170669556,0.0016855457797646523
-0.40023204155271097,1.0319405794143677,0.0016952751902863383
-0.400205936004291,1.0124729871749878,0.0016909354599192739
-0.40016668791299964,1.018842339515686,0.00171686802059412
-0.4000707013065638,1.0017732381820679,0.0016849302919581532
-0.40003806749190224,0.9929530620574951,0.001687315758317709
-0.40003437522618646,1.027047038078308,0.0017322050407528877
-0.3999206639021461,1.0186151266098022,0.0016947138356044888
-0.39991917685635436,1.0127818584442139,0.0016916925087571144
-0.39985950805417947,0.9899709224700928,0.001684747519902885
-0.3998107315059919,0.985740602016449,0.001682439586147666
-0.3997828101862628,1.0106549263000488,0.001709585078060627
-0.3996946312925417,1.0240322351455688,0.0016956335166469216
-0.39966568241567957,0.9766477346420288,0.001723146066069603
-0.3996512381078523,1.0150216817855835,0.00169517588801682
-0.3995406473453057,0.9970110654830933,0.0016860936302691698
-0.39952902696193143,0.9968409538269043,0.0016877884045243263
-0.39948810115207367,1.0333659648895264,0.0017012734897434711
-0.39941697589349867,1.0081874132156372,0.0016875732690095901
-0.3993197654833238,0.9921687245368958,0.0016849137609824538
-0.399265469786238,1.0071130990982056,0.0016956476029008627
-0.3991620413012345,1.0213180780410767,0.001696297200396657
-0.3991400025881567,1.0190321207046509,0.0016944488743320107
-0.3991177727745199,0.9874899387359619,0.0017065894789993763
-0.3990244887280249,0.9930081367492676,0.0016841121250763535
-0.3989460784404633,1.0320345163345337,0.0016958215273916721
-0.3989199433584852,1.0120909214019775,0.0016899190377444029
-0.398880710357127,1.017874002456665,0.0017172255320474505
-0.39878473345163334,1.0034363269805908,0.0016855449648573995
-0.39875208605649504,0.9929709434509277,0.001686745323240757
-0.39874841728777466,1.0288587808609009,0.0017329099355265498
-0.398634690873801,1.015177607536316,0.0016921707428991795
-0.3986331908942617,1.0113661289215088,0.0016902878414839506
-0.3985735464513883,0.9884235262870789,0.0016842572949826717
-0.39852474080037464,0.992906391620636,0.0016859486931934953
-0.39849683370827266,1.01033353805542,0.0017105622682720423
-0.39840866494664673,1.020264983177185,0.001694090198725462
-0.3983797251239971,0.9803460836410522,0.0017250768141821027
-0.3983652579656936,1.0142006874084473,0.001694436650723219
-0.39825467625672795,0.9949486255645752,0.0016850592801347375
-0.39824304250761117,0.9935930371284485,0.0016860839677974582
-0.3982021408423202,1.0343198776245117,0.0017008613795042038
-0.3981309869124932,1.0068532228469849,0.001687722746282816
-0.3980338008624619,0.9944052696228027,0.0016852027038112283
-0.397979491152483,1.007248044013977,0.0016962746158242226
-0.39787607193726854,1.0196181535720825,0.0016948831034824252
-0.3978540198584485,1.0190449953079224,0.0016944683156907558
-0.39783181375822557,0.9852150082588196,0.001705814152956009
-0.39773850147163126,0.9973940849304199,0.0016858846647664905
-0.3976601151126393,1.027269959449768,0.001692942576482892
-0.39763395071310037,1.0131447315216064,0.001690950128249824
-0.39759473301683124,1.0201952457427979,0.0017182427691295743
-0.3974987658127004,0.9962866902351379,0.0016829679952934384
-0.39746610462024556,0.9899060130119324,0.0016854755813255906
-0.39746245956536036,1.0305544137954712,0.001733984798192978
-0.39734871784587694,1.0179520845413208,0.0016944098751991987
-0.3973472051462722,1.0103163719177246,0.0016905252123251557
-0.39728758484817617,0.9937872290611267,0.0016855797730386257
-0.39723875031075473,0.9882983565330505,0.0016833364497870207
-0.39721085723070376,1.0101062059402466,0.0017101042903959751
-0.3971226988163283,1.0230295658111572,0.001695386366918683
-0.39709376783231465,0.9839637875556946,0.0017262811306864023
-0.3970792780382691,1.014695405960083,0.0016948896227404475
-0.3969687051687817,0.9967946410179138,0.0016854344867169857
-0.39695705826886746,0.9989820122718811,0.001687652082182467
-0.39691618053383027,1.02999746799469,0.0016986631089821458
-0.396844998146643,1.0085883140563965,0.001688684686087072
-0.3967478362411787,0.9938257336616516,0.0016841773176565766
-0.39669351230294114,1.006456971168518,0.0016960235079750419
-0.3965901025733028,1.020355224609375,0.0016951477155089378
-0.3965680369131637,1.0167229175567627,0.001692792633548379
-0.39654585474235216,0.9871299266815186,0.0017062743427231908
-0.39645251421481675,0.9958145022392273,0.0016850052634254098
-0.39637415200081266,1.0283105373382568,0.0016935785533860326
-0.396347958066663,1.014744758605957,0.001690658158622682
-0.3963087554609586,1.0217379331588745,0.0017181753646582365
-0.39621279795777015,1.0018011331558228,0.0016849153907969594
-0.3961801231837858,0.9890845417976379,0.0016852531116455793
-0.39617650184252484,1.0203169584274292,0.001728616887703538
-0.3960627448171106,1.0147159099578857,0.001693042111583054
-0.3960612193982825,1.0181801319122314,0.0016923574730753899
-0.3960016230293877,0.9928668141365051,0.001686184317804873
-0.3959527596047162,0.9918732643127441,0.0016842163167893887
-0.3959248805384004,1.010279655456543,0.0017103268764913082
-0.3958367326864308,1.0205936431884766,0.0016941631911322474
-0.3958078103254769,0.9781249165534973,0.0017239816952496767
-0.3957932978954788,1.013590693473816,0.0016940024215728045
-0.39568273386525893,0.9949464201927185,0.0016839606687426567
-0.3956710738151788,0.9961221218109131,0.0016871824627742171
-0.3956302202247086,1.0301576852798462,0.0017003028187900782
-0.395559009380793,1.0118004083633423,0.001689834869466722
-0.3954618714043192,0.9963751435279846,0.0016867477679625154
-0.3954075336698177,1.006920576095581,0.0016955926548689604
-0.3953041332097579,1.0173979997634888,0.0016930856509134173
-0.39528205396787897,1.0183058977127075,0.0016949258279055357
-0.3952598959428975,0.9882822632789612,0.0017068091547116637
-0.39516652695800203,0.9919490218162537,0.0016840210882946849
-0.39508818888856523,1.0274592638015747,0.0016943692462518811
-0.39506196542022565,1.0108380317687988,0.0016897189198061824
-0.3950227779055071,1.0172382593154907,0.0017171469517052174
-0.39492683010347124,1.0007977485656738,0.0016841274918988347
-0.39489414153259156,0.990430474281311,0.001686037052422762
-0.3947767717887656,1.0134035348892212,0.0016925177769735456
-0.39477523365050327,1.0119445323944092,0.0016914744628593326
-0.39471566142659653,0.9883216023445129,0.0016846851212903857
-0.3946667691140439,0.9915698766708374,0.00168469303753227
-0.39463890406041024,1.0061872005462646,0.0017087667947635055
-0.3945507665569545,1.0213029384613037,0.0016944418894127011
-0.39452185303379467,0.9798197150230408,0.001724820933304727
-0.39450731775268827,1.0154128074645996,0.0016955023165792227
-0.3943967627771022,0.9907404780387878,0.0016837059520184994
-0.39438508957748764,0.9983155727386475,0.0016876006266102195
-0.3943442601303212,1.0303970575332642,0.001700091641396284
-0.3942730203999981,1.0122933387756348,0.0016894558211788535
-0.3941759067836678,0.9925684332847595,0.001684623770415783
-0.3941215548209074,1.0080065727233887,0.0016958233900368214
-0.39401816384579214,1.0213932991027832,0.0016948663396760821
-0.39399607102301526,1.0136094093322754,0.001692677498795092
-0.39397393692660326,0.9841718077659607,0.001704722410067916
-0.39388053970160863,0.9944239258766174,0.0016845337813720107
-0.3938022257769491,1.0274724960327148,0.0016938656335696578
-0.39377597277484083,1.0106406211853027,0.001689708442427218
-0.3937368003508978,1.0189472436904907,0.0017178698908537626
-0.3936408624651699,1.0015087127685547,0.001685232506133616
-0.3936081600963423,0.9935896992683411,0.001686780946329236
-0.39349079875999926,1.0138940811157227,0.001692936522886157
-0.3934892476879898,1.0091817378997803,0.001690227072685957
-0.3934296996078078,0.991702139377594,0.0016851987456902862
-0.3933807786246345,0.9891586303710938,0.0016843198100104928
-0.39335292758242035,1.0093135833740234,0.001709676580503583
-0.3932648002114805,1.0196605920791626,0.0016946200048550963
-0.39323589574211226,0.9785868525505066,0.0017244989285245538
-0.39322133761116107,1.0151821374893188,0.0016948828706517816
-0.3931107916893665,0.99676913022995,0.0016861401963979006
-0.3930991051231674,0.9946032762527466,0.0016863418277353048
-0.39305829982056795,1.0342473983764648,0.0017018718644976616
-0.39298703163477966,1.0088764429092407,0.001688730320893228
-0.39288994216217416,0.9904305934906006,0.0016836298163980246
-0.3928355759724179,1.0084306001663208,0.0016968012787401676
-0.3927321944818264,1.0202134847640991,0.0016943678492680192
-0.39271008829457016,1.0193625688552856,0.001694601378403604
-0.3926879781258855,0.9928712248802185,0.001708273426629603
-0.3925945524456362,0.9956410527229309,0.001684489892795682
-0.39251626266533296,1.0309315919876099,0.0016954231541603804
-0.392489980129035,1.0116422176361084,0.0016900103073567152
-0.39245082279502524,1.019884467124939,0.0017182996962219477
-0.3923548948258159,1.0025007724761963,0.0016853157430887222
-0.3923221786605139,0.9907646775245667,0.0016863413620740175
-0.39231862845844245,1.0339267253875732,0.0017351181013509631
-0.39220482573123316,1.0177710056304932,0.0016940436325967312
-0.3922032619412632,1.011703372001648,0.0016906635137274861
-0.3921437380050167,0.9883481860160828,0.0016835600836202502
-0.39209478791943825,0.9883495569229126,0.0016838902374729514
-0.3920669508892749,1.0090242624282837,0.001707234070636332
-0.39197883408116185,1.0189200639724731,0.0016937226755544543
-0.3919499384504298,0.9753813147544861,0.001723260385915637
-0.3919353574687918,1.0138620138168335,0.0016944645904004574
-0.3918248206005782,0.9932573437690735,0.0016848489176481962
-0.3918131208844237,0.9964133501052856,0.0016872154083102942
-0.39177233951081475,1.0322319269180298,0.0016996886115521193
-0.3917010426537742,1.0065838098526,0.0016875264700502157
-0.39160397754089116,0.9892509579658508,0.0016825490165501833
-0.3915495973390841,1.0026214122772217,0.0016938115004450083
-0.3914462251182814,1.0162805318832397,0.0016934263985604048
-0.3914241053492852,1.0174009799957275,0.0016925518866628408
-0.39140201910959127,0.9871218800544739,0.0017064734129235148
-0.391308564973666,0.9966175556182861,0.0016845455393195152
-0.3912302995530855,1.03144109249115,0.0016948325792327523
-0.3912039876990162,1.0105878114700317,0.0016902834177017212
-0.39116484523915285,1.016795039176941,0.0017163945594802499
-0.3910689269708857,0.9991893172264099,0.0016837468137964606
-0.39103619722552774,0.9912145733833313,0.0016867814119905233
-0.39103267052045165,1.026618242263794,0.001732130884192884
-0.39091885270288806,1.015533447265625,0.001694248290732503
-0.3909172761932735,1.01140558719635,0.0016920933267101645
-0.3908577764026465,0.992799699306488,0.0016859909519553185
-0.39080879742897623,0.9909086227416992,0.0016846702201291919
-0.39078097441128473,1.0109121799468994,0.001711823744699359
-0.39069286795084346,1.0214205980300903,0.0016947905533015728
-0.390663980943171,0.9778665900230408,0.0017245818162336946
-0.39064937732600136,1.0104851722717285,0.0016940056812018156
-0.39053884951178996,0.9954949617385864,0.0016860681353136897
-0.39052713664631156,0.9955678582191467,0.0016869916580617428
-0.39048637920148255,1.030738115310669,0.0016993063036352396
-0.39041505388792425,1.0076626539230347,0.0016868930542841554
-0.3903180129204503,0.9938410520553589,0.0016842311015352607
-0.3902636184897526,1.0087252855300903,0.0016963556408882141
-0.39016025575473673,1.0186810493469238,0.0016937965992838144
-0.3901381224040004,1.0158884525299072,0.0016935605090111494
-0.3901160603086628,0.9860468506813049,0.0017064370913431048
-0.39002257771748305,0.9967238903045654,0.0016856517177075148
-0.38994433622568236,1.0320476293563843,0.0016968799754977226
-0.38991799505257885,1.012980341911316,0.0016902359202504158
-0.38987886768370134,1.0187208652496338,0.001717760693281889
-0.38978295933153173,0.9985149502754211,0.0016838951269164681
-0.38975021557370193,0.9916412830352783,0.0016866775695234537
-0.38974671279761636,1.0243315696716309,0.0017301291227340698
-0.3896328796745428,1.013702154159546,0.0016927135875448585
-0.38963129044549427,1.0141154527664185,0.0016919043846428394
-0.3895718145836473,0.9880109429359436,0.001683506416156888
-0.38952280693893526,0.9903371930122375,0.001684266491793096
-0.3894949979341369,1.0127965211868286,0.001710927695967257
-0.389406901820946,1.0220401287078857,0.0016954989405348897
-0.3893780236519098,0.9787906408309937,0.0017241028835996985
-0.3893633973994191,1.0145176649093628,0.0016945409588515759
-0.38925287842321216,0.9952235221862793,0.0016856191214174032
-0.38924115219262306,0.9957711696624756,0.0016871079569682479
-0.38920041910730585,1.0323985815048218,0.0017008946742862463
-0.3891290651224953,1.0086643695831299,0.0016884739743545651
-0.38897763985599754,1.008371114730835,0.0016972129233181477
-0.3888742863916128,1.0200884342193604,0.0016944799572229385
-0.3888521394591367,1.0167417526245117,0.0016940075438469648
-0.3888301012930001,0.9838618040084839,0.0017061333637684584
-0.38873659046045805,0.9929268956184387,0.0016840399475768209
-0.38863200240719403,1.0124132633209229,0.0016909899422898889
-0.3885928903434055,1.0190261602401733,0.001717440434731543
-0.38849699147660127,1.0021828413009644,0.001685825060121715
-0.3884642341374527,0.9924536943435669,0.001686466857790947
-0.38834690664661875,1.0172992944717407,0.001693611964583397
-0.3883453046983468,1.013303279876709,0.0016908954130485654
-0.38828585298106666,0.988187849521637,0.0016840544994920492
-0.38823681623289674,0.9916468858718872,0.0016852915287017822
-0.3882090212409912,1.0066609382629395,0.001708714640699327
-0.38812093569062756,1.0207518339157104,0.0016940117347985506
-0.38809206636022736,0.9801485538482666,0.0017251534154638648
-0.3880774172564181,1.0157943964004517,0.0016954074380919337
-0.38796690733526595,0.9907424449920654,0.0016831904649734497
-0.3879551679543004,0.9965569376945496,0.0016866270452737808
-0.38791445879755265,1.0333575010299683,0.0017010739538818598
-0.3878430761423319,1.010854721069336,0.0016897565219551325
-0.38774608367872626,0.9945902824401855,0.0016854089917615056
-0.3876916610064557,1.0043268203735352,0.001694298000074923
-0.38758831702764707,1.0170351266860962,0.0016934905434027314
-0.38756615651469406,1.0146009922027588,0.001692744204774499
-0.38754414249228236,0.9852572679519653,0.0017056128708645701
-0.3874506032036434,0.9959394335746765,0.0016850241227075458
-0.3873724100011872,1.0296578407287598,0.0016967646079137921
-0.3873460097622305,1.0099033117294312,0.0016896058805286884
-0.3873069127881644,1.0237681865692139,0.0017179964343085885
-0.38721102383766837,1.00309419631958,0.001685789437033236
-0.3871782527009927,0.9922075271606445,0.001686622854322195
-0.38717479713805336,1.02910578250885,0.0017346402164548635
-0.38706093361785265,1.0138133764266968,0.0016925730742514133
-0.38705931895119916,1.0091274976730347,0.0016892823623493314
-0.386950825742856,0.9895945191383362,0.001685524359345436
-0.3869230447630013,1.0043936967849731,0.0017074422212317586
-0.3868349693447326,1.0180951356887817,0.0016937920590862632
-0.3868061088533896,0.9786328673362732,0.0017231652745977044
-0.3867914371136278,1.0140843391418457,0.001694532809779048
-0.3866809364633173,0.9964489340782166,0.0016856775619089603
-0.38666918349998014,0.9975541830062866,0.001687840442173183
-0.386628498488431,1.0288422107696533,0.001699142507277429
-0.3865570873764819,1.0114983320236206,0.0016892002895474434
-0.3864601190574433,0.9948509931564331,0.0016851259861141443
-0.3864056823733323,1.0091958045959473,0.0016974486643448472
-0.3863023476634706,1.018785834312439,0.0016933745937421918
-0.38628017378540686,1.021192193031311,0.0016955783357843757
-0.3862581834757776,0.9882124066352844,0.00170706189237535
-0.38616461594746043,0.9952952861785889,0.0016845352947711945
-0.38608644688936056,1.0285724401474,0.0016958549385890365
-0.38606001711579313,1.0121920108795166,0.0016905430238693953
-0.3860209352329234,1.019038438796997,0.0017172861844301224
-0.3859250559827379,0.9999223351478577,0.0016841673059388995
-0.38589227126537495,0.9908320307731628,0.0016860460164025426
-0.38588883941521807,1.0232501029968262,0.0017281932523474097
-0.38577496058887584,1.0158780813217163,0.0016941617941483855
-0.3857733329882647,1.0106319189071655,0.0016913439612835646
-0.38571392955906597,0.9928513765335083,0.0016856133006513119
-0.3856648352530256,0.9870138168334961,0.001683481503278017
-0.3856370682854322,1.0124022960662842,0.0017110437620431185
-0.3855490032148352,1.0220413208007812,0.0016948914853855968
-0.38552015156297026,0.9778478145599365,0.0017237026477232575
-0.3855054569716796,1.0144098997116089,0.0016953371232375503
-0.38539496537473955,0.9930121898651123,0.001683830632828176
-0.38538319926123643,0.997957170009613,0.0016870159888640046
-0.3853425381793093,1.0338740348815918,0.00170117465313524
-0.3852710986106317,1.009810447692871,0.0016883619828149676
-0.3851741544361601,0.9962688684463501,0.0016858477611094713
-0.38511970352526403,1.0052971839904785,0.0016944215167313814
-0.3850163783001364,1.0169957876205444,0.001693393336609006
-0.3849941908401221,1.0123125314712524,0.001690818346105516
-0.3849722244601149,0.9865155220031738,0.0017057613003998995
-0.3848786286912773,0.9958716630935669,0.0016854897839948535
-0.38480048377711307,1.0253692865371704,0.0016933254664763808
-0.38477402468493205,1.0099579095840454,0.0016890052938833833
-0.38473495767705107,1.015881896018982,0.0017168403137475252
-0.3846390883438052,0.9998488426208496,0.0016845731297507882
-0.3846062898303888,0.9892892241477966,0.001685537165030837
-0.38460288169238277,1.0268090963363647,0.001731935772113502
-0.38448898756074124,1.0140337944030762,0.0016919703921303153
-0.3844873472404855,1.0169601440429688,0.0016933254664763808
-0.3844279679562748,0.9890391826629639,0.001684322371147573
-0.38437884476235307,0.9903725385665894,0.0016852065455168486
-0.38435109180744226,1.014068841934204,0.0017113529611378908
-0.3842630370853588,1.020433783531189,0.0016945537645369768
-0.384234194271288,0.9744598269462585,0.0017223148606717587
-0.3842194770448866,1.015684962272644,0.0016950315330177546
-0.38410899428616174,0.9949227571487427,0.0016845858190208673
-0.3840972150229138,0.995635986328125,0.0016868442762643099
-0.38405657808555366,1.028708815574646,0.0016997677739709616
-0.38398510962920523,1.0114473104476929,0.0016900829505175352
-0.3838881895997217,0.994804322719574,0.001685276278294623
-0.38383372467593246,1.012318730354309,0.0016987246926873922
-0.38373040893617066,1.0182596445083618,0.0016936329193413258
-0.38370820789483734,1.0197532176971436,0.0016956533072516322
-0.3836862656598182,0.9854225516319275,0.001706017297692597
-0.38359264143488386,0.9922748804092407,0.0016833667177706957
-0.3835145206648654,1.0272189378738403,0.0016927235992625356
-0.3834880320387052,1.0150033235549927,0.0016909741098061204
-0.3834489801215995,1.0148849487304688,0.0017162519507110119
-0.38335312049013787,1.0001534223556519,0.0016845614882186055
-0.38332030817856305,0.9906975626945496,0.0016859269235283136
-0.38331692375397075,1.028857946395874,0.0017345413798466325
-0.3832030147475515,1.020477056503296,0.0016956889303401113
-0.3832013614927063,1.0103318691253662,0.001690773293375969
-0.3831420063530626,0.9917051792144775,0.0016853456618264318
-0.3830928540571568,0.9903547167778015,0.0016853631241247058
-0.3830651151138758,1.014374017715454,0.0017111777560785413
-0.3829770709554614,1.0217839479446411,0.001695124083198607
-0.38294823697960556,0.9751713275909424,0.0017229398945346475
-0.3829334969025174,1.0160716772079468,0.0016952331643551588
-0.38282302319821554,0.9957743883132935,0.0016858407761901617
-0.38281123056943556,0.9972595572471619,0.0016875197179615498
-0.38277061777580046,1.0317639112472534,0.0017009078292176127
-0.3826991208637763,1.0098387002944946,0.001689014839939773
-0.3826022249784385,0.9917222261428833,0.0016845109639689326
-0.3825477460419672,1.0060651302337646,0.0016962202498689294
-0.38244443957262575,1.0194813013076782,0.001694219303317368
-0.3824222251655502,1.0178685188293457,0.0016938550397753716
-0.38240030664436603,0.9859024286270142,0.0017062596743926406
-0.38230665417806914,0.9964861273765564,0.0016849488019943237
-0.38222855755303875,1.0344769954681396,0.0016978955827653408
-0.3822020393931101,1.0091614723205566,0.0016898895846679807
-0.38216300278130366,1.0159369707107544,0.0017162146978080273
-0.3820671528507839,0.9952571988105774,0.0016823547193780541
-0.382034326742103,0.9950805306434631,0.0016873228596523404
-0.38203096603113545,1.0241056680679321,0.0017301985062658787
-0.3819170417185748,1.0151242017745972,0.0016930729616433382
-0.3819153757453481,1.0157749652862549,0.0016927445540204644
-0.3818560445342739,0.9955556392669678,0.0016876163426786661
-0.3818068635666948,0.9876261949539185,0.0016836612485349178
-0.38177913863714874,1.0130261182785034,0.0017089274479076266
-0.38169110482514296,1.0219991207122803,0.001694635022431612
-0.3816622794723468,0.9782260060310364,0.0017236913554370403
-0.38164751675972686,1.0160465240478516,0.001695632585324347
-0.3815370521094273,0.9941964745521545,0.0016839569434523582
-0.3815252463311129,0.9937495589256287,0.0016864014323800802
-0.3814846574660472,1.0276521444320679,0.0016989556606858969
-0.3814131320991894,1.0093551874160767,0.0016880515031516552
-0.38131626035715555,0.9887128472328186,0.0016829983796924353
-0.38126176719326715,1.0059192180633545,0.001695524319075048
-0.3811584702099231,1.0231467485427856,0.0016956378240138292
-0.38113624222026543,1.0180712938308716,0.0016942291986197233
-0.38111434784343756,0.9862388372421265,0.0017055005300790071
-0.3810206669212547,0.9976972937583923,0.001685864757746458
-0.38094259422605686,1.0295945405960083,0.0016933289589360356
-0.38091604696351233,1.0088993310928345,0.0016893264837563038
-0.3808770252254311,1.0174449682235718,0.001717209815979004
-0.38078118499585345,1.0035890340805054,0.0016859963070601225
-0.3807483453064854,0.9930800795555115,0.0016866123769432306
-0.38074500830872116,1.0248732566833496,0.0017313002608716488
-0.38063106869086133,1.0139999389648438,0.001693191472440958
-0.3806293899984112,1.0109447240829468,0.0016907061217352748
-0.38057008293148276,0.986552357673645,0.0016826592618599534
-0.38052087307665383,0.9896297454833984,0.001684425980783999
-0.38049316215957985,1.009652018547058,0.0017084073042497039
-0.3804051386948243,1.018605351448059,0.0016943719238042831
-0.38037632218066436,0.9801381826400757,0.0017238326836377382
-0.38036153661693656,1.0163670778274536,0.0016948365373536944
-0.3802510810208495,0.9924932718276978,0.0016838816227391362
-0.38023926209279024,0.995983898639679,0.0016872613923624158
-0.38019869737229156,1.0280029773712158,0.0016999427461996675
-0.3801271431177629,1.015164852142334,0.001690940116532147
-0.38003029573650415,0.9902021288871765,0.0016836654394865036
-0.37997578855951214,1.0009223222732544,0.0016939353663474321
-0.37987250084595714,1.0133143663406372,0.0016921664355322719
-0.3798502592754017,1.0166772603988647,0.001693763304501772
-0.37982838882693276,0.9858882427215576,0.001706408802419901
-0.3797346796657033,0.9960265159606934,0.0016847429797053337
-0.3796566311142302,1.0264003276824951,0.0016924049705266953
-0.37963005431728547,1.0115081071853638,0.0016908140387386084
-0.37959104767082186,1.0210860967636108,0.0017178249545395374
-0.3794952173564997,0.9966835975646973,0.0016833615954965353
-0.3794623638706571,0.9937102794647217,0.0016863377531990409
-0.37945905037030936,1.0280117988586426,0.001732389791868627
-0.37934509566293706,1.0122133493423462,0.0016924699302762747
-0.37934340425105306,1.0125685930252075,0.0016914065927267075
-0.3792841213286916,0.9896988272666931,0.001684062066487968
-0.3792348825874552,0.9883204698562622,0.0016846322687342763
-0.3792071854660132,1.0177451372146606,0.0017122142016887665
-0.37911917234935055,1.021882176399231,0.00169459730386734
-0.3790903648894032,0.9824012517929077,0.0017246545758098364
-0.3790755566909857,1.0148241519927979,0.0016955536557361484
-0.37896510993311383,0.9979847073554993,0.0016860434552654624
-0.3789532776384702,0.9978477358818054,0.0016875672154128551
-0.37891273706253836,1.02794349193573,0.0016996540362015367
-0.3788411543519129,1.0110825300216675,0.0016884369542822242
-0.37874433111585254,0.99495929479599,0.001685889670625329
-0.37868980971060184,1.0069828033447266,0.0016963541274890304
-0.37858653169756795,1.0179446935653687,0.0016936054453253746
-0.37856427654695657,1.0164287090301514,0.0016933713341131806
-0.3785424300270571,0.9836018681526184,0.001704549533315003
-0.3784486924093096,0.9957962036132812,0.0016850702231749892
-0.3783440616710586,1.0089184045791626,0.0016892654821276665
-0.3783050701153703,1.0187113285064697,0.001717642298899591
-0.37820924971714576,0.998055636882782,0.0016837831353768706
-0.37817638243524976,0.9896717071533203,0.0016851772088557482
-0.37817309264747406,1.027941346168518,0.001732395845465362
-0.37805912263417096,1.0114142894744873,0.0016917601460590959
-0.3780574185039054,1.0109385251998901,0.0016899649053812027
-0.3779981597263215,0.989311158657074,0.0016840002499520779
-0.37794889188141667,0.9883407950401306,0.0016845809295773506
-0.3779212089880232,1.0114628076553345,0.0017084544524550438
-0.3778332062190319,1.0224452018737793,0.0016949803102761507
-0.3778044073821442,0.9759030938148499,0.0017229682998731732
-0.37778957654861645,1.0113173723220825,0.001694388105534017
-0.3776791388449571,0.9959428906440735,0.0016853815177455544
-0.37766729339972627,0.9979175925254822,0.0016874519642442465
-0.3776267767527851,1.0303833484649658,0.0016997507773339748
-0.377555165586484,1.015514612197876,0.001690572826191783
-0.3774583664949906,0.9945412874221802,0.0016855582362040877
-0.3774038310774784,1.0045456886291504,0.0016950089484453201
-0.37730056233339143,1.0167243480682373,0.0016936310566961765
-0.37727829360167164,1.0184311866760254,0.0016934541054069996
-0.3772564712263394,0.9879257678985596,0.0017067701555788517
-0.37716270515249517,0.9945963621139526,0.0016842035111039877
-0.37708470488973506,1.0271971225738525,0.001694242935627699
-0.3770580692416714,1.0109636783599854,0.0016898071626201272
-0.3770190925594977,1.0182393789291382,0.0017176917754113674
-0.37692328186263635,1.0004732608795166,0.0016836744034662843
-0.37689040099878995,0.9913830161094666,0.0016863171476870775
-0.3768871349250598,1.0265265703201294,0.0017317166784778237
-0.37677314982077087,1.0151909589767456,0.0016937321051955223
-0.37677143275591585,1.0162789821624756,0.0016932134749367833
-0.376712197907533,0.9863796830177307,0.001683532726019621
-0.37666290139095465,0.9902797937393188,0.0016848419327288866
-0.37663523251003306,1.013160228729248,0.0017104160506278276
-0.37654724008871343,1.0211933851242065,0.0016949883429333568
-0.376518450090462,0.9777611494064331,0.001723038381896913
-0.37650359640582615,1.0162522792816162,0.0016953337471932173
-0.37639316775680054,0.9927496314048767,0.001684575923718512
-0.37638130916161433,0.9995531439781189,0.0016886069206520915
-0.37634081665902946,1.0321965217590332,0.001700270688161254
-0.37626917660589954,1.0110522508621216,0.001689485739916563
-0.37617240187370765,0.9945954084396362,0.0016852347180247307
-0.37611785222793653,1.0057947635650635,0.0016952013829723
-0.3760145929692152,1.0186522006988525,0.0016940002096816897
-0.3759923106563869,1.0193411111831665,0.0016948706470429897
-0.37597051220983463,0.9859822988510132,0.0017063496634364128
-0.37587671789568045,0.9940599203109741,0.0016845931531861424
-0.37579874177790845,1.030019998550415,0.0016964711248874664
-0.3757720765958656,1.01095712184906,0.0016906120581552386
-0.37573311521920183,1.01746666431427,0.0017167878104373813
-0.37563731422370344,0.9968380928039551,0.0016829570522531867
-0.3756044195623302,0.9899654388427734,0.0016863662749528885
-0.375601176987069,1.02670156955719,0.0017310904804617167
-0.37548717679179405,1.0159602165222168,0.0016924516530707479
-0.3754854470081367,1.0116459131240845,0.001689941855147481
-0.3754262363041103,0.9909067153930664,0.001685233204625547
-0.3753769109009139,0.9873195290565491,0.0016842283075675368
-0.37534925603246416,1.0146161317825317,0.001709722331725061
-0.37526127395881603,1.0228917598724365,0.001695528975687921
-0.37523249279920057,0.9809520840644836,0.0017240826273337007
-0.3752176164786122,1.0141788721084595,0.0016950389835983515
-0.37510719666822256,0.9941208958625793,0.0016847882652655244
-0.3750953247079256,0.9954482316970825,0.001686802483163774
-0.37505485634927627,1.0305434465408325,0.0016981993103399873
-0.3749831878404706,1.0084353685379028,0.0016883143689483404
-0.3748864372524245,0.9916691184043884,0.0016849071253091097
-0.37483187359502357,1.008233904838562,0.0016974193276837468
-0.3747286236060915,1.019353985786438,0.0016944266390055418
-0.3747063279266787,1.0177291631698608,0.0016937718028202653
-0.3746845534097482,0.9836698174476624,0.00170462008100003
-0.37459073063928705,0.9918742775917053,0.0016835147980600595
-0.3745127786656608,1.030216097831726,0.0016943435184657574
-0.37448608394963867,1.0113463401794434,0.0016904021613299847
-0.37444713766332927,1.016357660293579,0.00171684252563864
-0.37435134658519154,0.9990330934524536,0.0016844250494614244
-0.3743184381269228,0.9929280877113342,0.0016866863006725907
-0.3743152192650758,1.020841121673584,0.0017293923301622272
-0.37420120376387,1.0151596069335938,0.001693307189270854
-0.37419946104562296,1.0137486457824707,0.001692096353508532
-0.37414027470152966,0.9907528758049011,0.0016847677761688828
-0.37409092041087294,0.987031877040863,0.0016842365730553865
-0.37406327933952926,1.0080164670944214,0.0017065730644389987
-0.37397530782933963,1.0180809497833252,0.0016944350209087133
-0.37394653550751833,0.9779835343360901,0.001722050947137177
-0.37393163633582166,1.012169361114502,0.00169412384275347
-0.3738212257952213,0.9925001859664917,0.0016849422827363014
-0.37380934046960296,0.9919971823692322,0.001685492810793221
-0.373768896039523,1.0327975749969482,0.0017023596446961164
-0.3736971990746206,1.0126339197158813,0.0016901904018595815
-0.3736004726315626,0.9919341206550598,0.0016845661448314786
-0.3735458947454817,1.0037317276000977,0.0016967211849987507
-0.3734426542425466,1.0154551267623901,0.0016933813458308578
-0.373420344981815,1.0175386667251587,0.001693994039669633
-0.37339859439345396,0.9864311218261719,0.0017058082157745957
-0.3733047433837354,0.9977815747261047,0.001686269766651094
-0.3732268155534133,1.031890630722046,0.0016962948720902205
-0.37320009151898836,1.0098445415496826,0.001690081087872386
-0.3731611601085095,1.0181010961532593,0.0017172809457406402
-0.37306537873068235,1.0006095170974731,0.0016846669605001807
-0.3730324564748865,0.9867780208587646,0.0016847994411364198
-0.3730292615422405,1.0263433456420898,0.0017309689428657293
-0.3729152307355247,1.014471411705017,0.0016928811091929674
-0.372913475298265,1.0140992403030396,0.0016916353488340974
-0.3728543130983175,0.9903426170349121,0.001683954382315278
-0.372804929921253,0.9888209104537964,0.0016843659104779363
-0.3727773028621707,1.006589412689209,0.0017065572319552302
-0.37268934169944223,1.0173567533493042,0.0016940382774919271
-0.37266057800068036,0.9798534512519836,0.0017233705148100853
-0.3726456561934524,1.019802451133728,0.0016965109389275312
-0.3725352547070646,0.9920760989189148,0.0016835995484143496
-0.37252335623085925,0.9975417256355286,0.0016867960803210735
-0.3724829359459777,1.0232809782028198,0.0016961817163974047
-0.37241121030877045,1.0140177011489868,0.0016904835356399417
-0.37231450801027943,0.9911604523658752,0.0016838189912959933
-0.3722599161123583,1.0035101175308228,0.0016958342166617513
-0.3721566848792124,1.0191209316253662,0.0016937348991632462
-0.37213436203779326,1.017922043800354,0.0016939612105488777
-0.3721126355925257,0.9838635325431824,0.001704877126030624
-0.3720187561269209,0.9953251481056213,0.0016848138766363263
-0.37194085244158664,1.0292422771453857,0.0016951672732830048
-0.3719140988727615,1.0089102983474731,0.0016894903965294361
-0.37187518255326846,1.020764708518982,0.0017180911963805556
-0.3717794110913284,0.9992107152938843,0.0016846103826537728
-0.3717464750392688,0.9943112730979919,0.0016873012064024806
-0.37174330381919446,1.027350902557373,0.001731711789034307
-0.3716292577073902,1.0140361785888672,0.0016931688878685236
-0.37162748955090685,1.0105040073394775,0.0016906638629734516
-0.3715683512795288,0.990230143070221,0.0016857875743880868
-0.37151893921500423,0.9858112335205078,0.0016829661326482892
-0.3714913263846018,1.0161150693893433,0.0017115292139351368
-0.37140337556912384,1.020082950592041,0.0016946421237662435
-0.3713746207098402,0.9733054637908936,0.0017216773703694344
-0.3713596762670807,1.0151004791259766,0.0016951188445091248
-0.37124928361848686,0.9966638088226318,0.001684914343059063
-0.37123737177653904,0.9965714812278748,0.0016880042385309935
-0.371196975636856,1.0278702974319458,0.0016990767326205969
-0.371125221327765,1.0101864337921143,0.0016891617560759187
-0.3710285433889965,0.9904834628105164,0.0016837744042277336
-0.37097393726429007,1.0024774074554443,0.0016945605166256428
-0.37087071551587797,1.0177061557769775,0.0016939245397225022
-0.3708483793080851,1.0139585733413696,0.0016924410592764616
-0.370826676576863,0.98646479845047,0.0017059517558664083
-0.3707327688701062,0.9936613440513611,0.0016840341268107295
-0.37065488933018126,1.0247000455856323,0.0016927181277424097
-0.37062810622779774,1.011968970298767,0.0016911252168938518
-0.3705892052129724,1.017478585243225,0.0017168211052194238
-0.3704934434519745,0.9987413287162781,0.0016838314477354288
-0.3704604936042826,0.9898743033409119,0.0016854922287166119
-0.3704573458814142,1.024811029434204,0.0017311513656750321
-0.37034328489483215,1.01068115234375,0.001691534067504108
-0.3703415038031277,1.0137081146240234,0.0016915849409997463
-0.37028238967610605,0.9852184653282166,0.0016826558858156204
-0.37023294872433166,0.988453209400177,0.001684504677541554
-0.3702053499066116,1.0097894668579102,0.0017068283632397652
-0.37011740943880533,1.0186558961868286,0.0016942830989137292
-0.3700886634181577,0.9750189781188965,0.001722342916764319
-0.3700736961247112,1.0155971050262451,0.00169550406280905
-0.3699633125307511,0.9943087697029114,0.001685079769231379
-0.36995138753905843,0.9954355359077454,0.001686764182522893
-0.3699110153275238,1.026991605758667,0.0016997279599308968
-0.3698392325623361,1.0140806436538696,0.0016906314995139837
-0.36974257876813454,0.9931506514549255,0.0016854838468134403
-0.36968795863053505,1.0104402303695679,0.0016981682274490595
-0.3695847461519122,1.0175286531448364,0.0016935467720031738
-0.3695623963628003,1.0178182125091553,0.0016944593517109752
-0.36954071777656633,0.986487865447998,0.001706243259832263
-0.3694467816137128,0.9937019944190979,0.0016842865152284503
-0.3693689262183546,1.02957284450531,0.0016953876474872231
-0.3693421137975684,1.0082206726074219,0.0016892347484827042
-0.3693032276575211,1.0173373222351074,0.0017170673236250877
-0.36920747559704403,0.9971389770507812,0.0016833364497870207
-0.36917451216803315,0.9921852946281433,0.0016865615034475923
-0.36917138815857886,1.0269261598587036,0.0017316096927970648
-0.36905731186606583,1.0145046710968018,0.0016930074198171496
-0.3690555180553487,1.0134774446487427,0.0016920830821618438
-0.36899642807352545,0.9868081212043762,0.0016838368028402328
-0.3689469582351328,0.9881174564361572,0.0016839175950735807
-0.3689193734286217,1.0101245641708374,0.0017088985769078135
-0.36883144330890794,1.0207369327545166,0.0016941282665356994
-0.36880270591132003,0.9743742346763611,0.0017219122964888811
-0.36878771598234195,1.0158787965774536,0.0016954176826402545
-0.3686773414425944,0.9971734285354614,0.0016857327427715063
-0.3686654033007357,0.9929971694946289,0.001686499104835093
-0.3686250552333471,1.0317102670669556,0.0017021156381815672
-0.3685532437973281,1.0107638835906982,0.0016884243814274669
-0.36845661414769343,0.9920760989189148,0.0016843058401718736
-0.368401979780993,1.001619815826416,0.0016951875295490026
-0.36829877700352276,1.0175061225891113,0.0016932431608438492
-0.3682764134179366,1.0160716772079468,0.001693067024461925
-0.36825475876111413,0.9829738140106201,0.001705327769741416
-0.3681607943577404,0.9943355917930603,0.0016841392498463392
-0.36808296310610694,1.0270545482635498,0.0016933203442022204
-0.36805612115134156,1.010091781616211,0.0016904191579669714
-0.3680172501016485,1.0183825492858887,0.0017171569634228945
-0.3679215079576901,0.9947448968887329,0.0016827658982947469
-0.36788853073157335,0.9926713705062866,0.001686655916273594
-0.3678854304355331,1.0207443237304688,0.001729251234792173
-0.36777133883729973,1.0153547525405884,0.0016932254657149315
-0.3677695323088326,1.011060357093811,0.0016910359263420105
-0.36771046647157657,0.9884173274040222,0.0016836855793371797
-0.3676609677455128,0.9870945811271667,0.0016836733557283878
-0.36763339673505524,1.010634422302246,0.0017084167338907719
-0.3675454771785893,1.017621397972107,0.0016934577142819762
-0.3675167486196378,0.9767714738845825,0.0017216023989021778
-0.367501736055128,1.0121924877166748,0.0016934978775680065
-0.3673913703540166,0.9914637207984924,0.0016834469279274344
-0.367379419061992,0.9954553246498108,0.0016869842074811459
-0.3673390949235939,1.0263032913208008,0.0016980294603854418
-0.36726725503189916,1.0132800340652466,0.0016898339381441474
-0.36717064952683154,0.9927011132240295,0.0016850692918524146
-0.3671160011470277,1.0043385028839111,0.001695946091786027
-0.3670128076393465,1.0180530548095703,0.0016937965992838144
-0.36699043068885995,1.0169072151184082,0.0016923689981922507
-0.36696879996018567,0.9858886003494263,0.0017053032061085105
-0.3668748071013467,0.9970746636390686,0.0016853100387379527
-0.3667969999938595,1.0355349779129028,0.0016979624051600695
-0.36677012872111225,1.0081427097320557,0.0016889453399926424
-0.3667312727613524,1.0202066898345947,0.0017177964327856898
-0.36663554031875717,1.0002100467681885,0.0016841948963701725
-0.3666025492951136,0.9915825128555298,0.001686328207142651
-0.3665994727133294,1.0253812074661255,0.0017311256378889084
-0.36648536602389936,1.0153881311416626,0.0016935199964791536
-0.3664835465614744,1.0103427171707153,0.0016901367343962193
-0.3664245048681539,0.9873676300048828,0.001684564515016973
-0.3663749772548406,0.9883702993392944,0.0016844989731907845
-0.36634742025706507,1.0132842063903809,0.0017096241936087608
-0.3662595110482708,1.0173653364181519,0.0016937963664531708
-0.36623079132795533,0.9792306423187256,0.0017236118437722325
-0.3662157559123377,1.0145235061645508,0.0016950878780335188
-0.3661053994814364,0.989464282989502,0.0016830151434987783
-0.36609343460767174,0.996049702167511,0.001687041949480772
-0.36605313482983826,1.032257318496704,0.0017017330974340439
-0.3659812662660492,1.0119719505310059,0.0016898175235837698
-0.3658846849055484,0.9905551671981812,0.0016831455286592245
-0.3658300225132727,1.0058085918426514,0.0016962405061349273
-0.36572683827517005,1.0144879817962646,0.0016923443181440234
-0.36570444774420674,1.0152614116668701,0.0016937640029937029
-0.3656828411592574,0.9825013279914856,0.001704895868897438
-0.36558881984453223,0.9944482445716858,0.0016842993209138513
-0.36551103688203285,1.0253983736038208,0.0016915678279474378
-0.3654841360757275,1.010832667350769,0.0016900221817195415
-0.3654452952059011,1.0201839208602905,0.0017175800167024136
-0.36534957246424793,0.9971751570701599,0.0016831448301672935
-0.36531656785970623,0.9916791319847107,0.001686488976702094
-0.3653135147749175,1.0255156755447388,0.0017315393779426813
-0.36519939299492277,1.016312837600708,0.0016947118565440178
-0.3651975608136954,1.0137742757797241,0.00169301254209131
-0.36513854304915466,0.9883503913879395,0.001683583832345903
-0.365088986764168,0.9856880903244019,0.0016837796429172158
-0.3650614437801277,1.0117775201797485,0.001708103925921023
-0.3649735449192155,1.0217469930648804,0.0016947698313742876
-0.3649448338211176,0.9776124358177185,0.0017227055504918098
-0.3649297757701787,1.0160313844680786,0.0016950183780863881
-0.36481942839285864,0.9958887696266174,0.001685212249867618
-0.36480745036892803,0.9934285283088684,0.0016863394994288683
-0.364767174520085,1.0270310640335083,0.0016972237499430776
-0.36469527728504375,1.0122599601745605,0.001690551871433854
-0.3645987202842654,0.9925006031990051,0.0016844866331666708
-0.36454404366520443,1.0090569257736206,0.0016987054841592908
-0.3644408689124674,1.0210968255996704,0.0016937355976551771
-0.3644184650144983,1.0158838033676147,0.0016927385004237294
-0.3643968821438052,0.9866479635238647,0.00170612963847816
-0.36430283258771756,0.9966927170753479,0.0016845822101458907
-0.3642250737697852,1.0279861688613892,0.001693570171482861
-0.3641981436454982,1.0115535259246826,0.0016904354561120272
-0.36415931765066006,1.0160843133926392,0.0017164000310003757
-0.3640636048257361,0.9952142238616943,0.0016825804486870766
-0.3640305864247201,0.9909214973449707,0.0016862867632880807
-0.36402755705208223,1.027357816696167,0.001732435543090105
-0.36391341996741977,1.015257477760315,0.0016933282604441047
-0.3639115750659162,1.0085947513580322,0.0016886688536033034
-0.36385258144678456,0.9875569343566895,0.001684066141024232
-0.36380299627370605,0.9850138425827026,0.0016826614737510681
-0.3637754673027691,1.010830283164978,0.0017081176629289985
-0.36368757878931807,1.0183308124542236,0.0016934204613789916
-0.3636588765294352,0.9764220714569092,0.0017223142785951495
-0.3636437958435965,1.0126959085464478,0.0016936430474743247
-0.3635334573042809,0.9958795309066772,0.001686328323557973
-0.36352146613144765,0.9958992600440979,0.0016865730285644531
-0.3634812142103318,1.0277044773101807,0.0016997320344671607
-0.36340928852003584,1.0113303661346436,0.001689582597464323
-0.36331275587897977,0.9905017018318176,0.0016836978029459715
-0.36325806503208097,1.0022133588790894,0.0016944203525781631
-0.36315489954934377,1.0189385414123535,0.0016941684298217297
-0.36313248206921356,1.0192621946334839,0.0016930866986513138
-0.3631109233430875,0.9819222092628479,0.0017040114616975188
-0.36301684533132406,0.9939082264900208,0.0016847065417096019
-0.3629391106575377,1.033239483833313,0.0016969849821180105
-0.3629121509992713,1.0097599029541016,0.0016898197354748845
-0.3628733400954193,1.018988847732544,0.001717368490062654
-0.36277763718680317,0.9990530610084534,0.0016845305217429996
-0.3627446049882603,0.9883841276168823,0.0016857722075656056
-0.36274159932903616,1.0214933156967163,0.0017291224794462323
-0.3626274471548615,1.0136479139328003,0.0016922696959227324
-0.36262558931813704,1.0125470161437988,0.001691731857135892
-0.36256661984357236,0.9888255000114441,0.001684647286310792
-0.3625170057845072,0.9864822626113892,0.0016836385475471616
-0.36248949060920266,1.0136598348617554,0.0017099769320338964
-0.3624016126589996,1.0193995237350464,0.0016941565554589033
-0.36237291923775294,0.9755206108093262,0.0017214269610121846
-0.36235781570122705,1.0199702978134155,0.0016969211865216494
-0.3622474862161241,0.9913618564605713,0.0016832296969369054
-0.362235481893125,0.997848391532898,0.0016876276349648833
-0.3621952541161551,1.0277698040008545,0.0016991515876725316
-0.36212329975418567,1.0123217105865479,0.0016902690986171365
-0.3620267912576968,0.9911433458328247,0.0016843846533447504
-0.3619720861825389,1.0073606967926025,0.0016974781174212694
-0.36186893040074375,1.0175185203552246,0.0016936436295509338
-0.36184649912434985,1.018574833869934,0.0016945750685408711
-0.36182496432658273,0.987606406211853,0.0017074373317882419
-0.36173085807514094,0.9925590753555298,0.0016828180523589253
-0.361626158568621,1.0131008625030518,0.0016914306906983256
-0.3615873627551232,1.0188078880310059,0.0017183379968628287
-0.36149166954744927,0.9955117106437683,0.0016824250342324376
-0.36145862355180025,0.9938766360282898,0.0016875766450539231
-0.3614556416068324,1.021536111831665,0.001729352748952806
-0.3613414741258849,1.014752745628357,0.0016928930999711156
-0.36128065824014965,0.9859886169433594,0.00168264948297292
-0.3612310150791004,0.9863489866256714,0.0016830069944262505
-0.36120351413163376,1.0086215734481812,0.0017069808673113585
-0.3611156465286812,1.0200023651123047,0.0016944207018241286
-0.3610869617304939,0.9749873280525208,0.0017220292938873172
-0.3610718355584368,1.0135400295257568,0.001694419072009623
-0.3609494974388048,0.9964550137519836,0.001687232288531959
-0.3609092938068229,1.027994155883789,0.0016978802159428596
-0.3608373109887567,1.0083264112472534,0.0016885276418179274
-0.3607408266364139,0.9923282861709595,0.0016853134147822857
-0.36068610754962616,1.0014721155166626,0.0016946170944720507
-0.3605829610374096,1.0184129476547241,0.0016938730841502547
-0.3605605163950627,1.0168843269348145,0.0016935819294303656
-0.36053900552565427,0.9818690419197083,0.0017046083230525255
-0.36044487081895804,1.001672625541687,0.0016864828066900373
-0.3603671844334634,1.0325785875320435,0.0016956472536548972
-0.36034016592281515,1.0099574327468872,0.0016902387142181396
-0.3603013851992506,1.0161058902740479,0.0017158769769594073
-0.360205701692519,0.9996150135993958,0.0016842684708535671
-0.3601726421163931,0.987007737159729,0.001684590126387775
-0.36016968388526027,1.0233508348464966,0.0017301379702985287
-0.3600555010979607,1.0138541460037231,0.0016930144047364593
-0.36005361782426293,1.0159156322479248,0.00169316993560642
-0.35999469663672695,0.986934244632721,0.0016836418071761727
-0.3599450245884279,0.987934410572052,0.0016842220211401582
-0.35991753765364365,1.009690761566162,0.0017092472407966852
-0.3598296803983627,1.0200244188308716,0.0016945248935371637
-0.3598010044386012,0.9739980101585388,0.0017212305683642626
-0.3597858556312228,1.0165461301803589,0.001695691142231226
-0.3596755442558083,0.9941957592964172,0.0016863024793565273
-0.35966351320048207,0.9940064549446106,0.001687080366536975
-0.3596233337139093,1.0326858758926392,0.001702160225249827
-0.35955132222290676,1.0126885175704956,0.001690031262114644
-0.35945486201555177,0.9853605031967163,0.0016820692690089345
-0.3594001287000841,1.0028173923492432,0.0016962678637355566
-0.35929699167344364,1.0160629749298096,0.0016934155719354749
-0.35927453345062,1.0142922401428223,0.0016923518851399422
-0.3592530467249365,0.9813737869262695,0.0017032435862347484
-0.35915888356256453,0.9908071756362915,0.0016822308534756303
-0.359081221322479,1.0344840288162231,0.001696805004030466
-0.35905417349300695,1.0086801052093506,0.0016894484870135784
-0.3590154076437993,1.0197330713272095,0.0017181620933115482
-0.358919734053165,1.0016674995422363,0.0016853587003424764
-0.35888666067993336,0.9951374530792236,0.0016878191381692886
-0.3588837259468484,1.025361180305481,0.0017317656893283129
-0.3587695282847711,1.017234444618225,0.0016942579532042146
-0.35876763207648377,1.013120174407959,0.0016910713165998459
-0.35870873503351475,0.9909368753433228,0.0016854885034263134
-0.35865903409880817,0.9863719940185547,0.001683669863268733
-0.35863156117565365,1.0134470462799072,0.0017098616808652878
-0.3585437142684651,1.0173743963241577,0.0016937004402279854
-0.35851504714797133,0.9732904434204102,0.0017214437248185277
-0.35849987548885354,1.013990879058838,0.001693758531473577
-0.35838957316723047,0.9932727813720703,0.0016846556682139635
-0.35837752896173836,0.9936574101448059,0.0016864698845893145
-0.3583373734041561,1.028589129447937,0.0016976951155811548
-0.3582653334574778,1.0117113590240479,0.0016891181003302336
-0.3581688973951108,0.989556610584259,0.0016844908241182566
-0.3581141500661188,0.9998875260353088,0.0016935450257733464
-0.3580110223092674,1.015994668006897,0.0016930426936596632
-0.35798855072133284,1.0164060592651367,0.0016936172032728791
-0.3579670877099054,0.9842389822006226,0.001705122645944357
-0.35787289630574987,0.9932329654693604,0.0016839521704241633
-0.35779525821023134,1.0275591611862183,0.0016919126501306891
-0.3577681808472011,1.0127201080322266,0.001691261655651033
-0.35772943030392423,1.0143041610717773,0.0017158843111246824
-0.35763376641360056,0.9976169466972351,0.0016839989693835378
-0.3576006792443156,0.9914846420288086,0.0016865510260686278
-0.3575977682238026,1.0252587795257568,0.001730890478938818
-0.3574835552557942,1.0096867084503174,0.0016907398821786046
-0.3574816463291256,1.012047529220581,0.001691700890660286
-0.35742277321598914,0.9869324564933777,0.0016836391296237707
-0.3573730436087672,0.9890816807746887,0.0016846852377057076
-0.35734558469808453,1.0127018690109253,0.0017089933389797807
-0.3572577481381467,1.0170931816101074,0.001693194848485291
-0.35722908985713114,0.9733760356903076,0.0017201307928189635
-0.35721389556248184,1.0161195993423462,0.0016949600540101528
-0.3571036020786527,0.9897597432136536,0.0016825617058202624
-0.3570915447236262,0.9957243204116821,0.0016870055114850402
-0.3570514133099794,1.0253528356552124,0.0016982650849968195
-0.3569793444773144,1.008959174156189,0.0016879294998943806
-0.35688293277424893,0.9882624745368958,0.0016834993148222566
-0.35682817143320583,1.0044227838516235,0.001697064726613462
-0.3567250531606674,1.0181955099105835,0.0016929312841966748
-0.35670256777604803,1.0148588418960571,0.0016929166158661246
-0.3566811289096087,0.985390305519104,0.0017054935451596975
-0.3565869090489354,0.9940215349197388,0.0016844042111188173
-0.3565092950977732,1.0298126935958862,0.0016944363014772534
-0.35648218841697177,1.0119913816452026,0.0016901694471016526
-0.356443452748894,1.0198618173599243,0.0017181114526465535
-0.3563477987752992,0.9956067204475403,0.0016827915096655488
-0.3563146978084872,0.9906611442565918,0.0016863595228642225
-0.3563118105015989,1.0271283388137817,0.0017308939713984728
-0.3561975824423942,1.0144805908203125,0.001693084486760199
-0.3561956605813466,1.0151866674423218,0.001692580757662654
-0.3561368116134087,0.9869820475578308,0.0016839064192026854
-0.35608705311893674,0.9893831610679626,0.001684544957242906
-0.3560596080053602,1.0180983543395996,0.0017127933679148555
-0.3559717820078282,1.0165200233459473,0.001693620579317212
-0.3559431323498722,0.9778655171394348,0.0017226197523996234
-0.3559279154201124,1.0162562131881714,0.0016958329360932112
-0.3558176312060725,0.9955811500549316,0.0016862673219293356
-0.35580556048551404,0.9950200915336609,0.001686361967585981
-0.3557654530006472,1.029273509979248,0.001698447740636766
-0.35569335571146443,1.009070873260498,0.0016891638515517116
-0.35559696815296576,0.9928357601165771,0.0016855840804055333
-0.35554219258429554,0.9992973208427429,0.0016939187189564109
-0.35543908379754374,1.0199518203735352,0.0016935463063418865
-0.35541658504633966,1.0131733417510986,0.0016918407054618
-0.355395170108891,0.9873737692832947,0.0017062942497432232
-0.3553009217925417,0.9966294765472412,0.0016847110819071531
-0.35522333198615724,1.033171534538269,0.0016961569199338555
-0.3551961957707449,1.0141390562057495,0.0016914651496335864
-0.35515747519302143,1.0209863185882568,0.0017182007431983948
-0.3550618309212108,0.9997116327285767,0.0016846249345690012
-0.35502871637223793,0.988335371017456,0.0016851824475452304
-0.3550258527787636,1.0199193954467773,0.001729101873934269
-0.3549116094144701,1.0146952867507935,0.0016931057907640934
-0.3549096748344095,1.0142625570297241,0.0016918492037802935
-0.35485085000998606,0.9828759431838989,0.0016822109464555979
-0.3548010626282643,0.9888831973075867,0.0016842990880832076
-0.35477363152779107,1.0052508115768433,0.0017036357894539833
-0.3546858158787729,1.0157232284545898,0.0016934251179918647
-0.35465717505861094,0.9764443635940552,0.001722786226309836
-0.3546419354928986,1.0164982080459595,0.0016955692553892732
-0.3545316601174947,0.9942240715026855,0.0016844503115862608
-0.35451957624677033,0.9939426183700562,0.001686846953816712
-0.3544794929064703,1.0295861959457397,0.001700469059869647
-0.35440736694561426,1.0102087259292603,0.0016896221786737442
-0.3543110035316828,0.9940997362136841,0.0016848257509991527
-0.3541531144348409,1.0154139995574951,0.0016925865784287453
-0.35413060210105485,1.0193183422088623,0.0016950570279732347
-0.35410921109343874,0.9844685792922974,0.0017045114655047655
-0.35401493475214585,0.995324969291687,0.0016844182973727584
-0.3539373688739096,1.0287938117980957,0.0016924196388572454
-0.3539102033400944,1.0080077648162842,0.0016893427819013596
-0.3538714978525148,1.017172932624817,0.0017161802388727665
-0.3537758632818569,1.0006040334701538,0.0016845393693074584
-0.35374273493662023,0.9912780523300171,0.0016861179610714316
-0.35373989484014123,1.0223780870437622,0.0017299065366387367
-0.35362563638696687,1.0132187604904175,0.0016927426913753152
-0.35362368930262783,1.0130795240402222,0.0016912684077396989
-0.3535648884076159,0.9869434237480164,0.0016841841861605644
-0.3535150721378025,0.987934410572052,0.001684213406406343
-0.3534876550498011,1.0186364650726318,0.0017116139642894268
-0.3533998497488755,1.0205047130584717,0.0016946450341492891
-0.3533712177669285,0.9761202335357666,0.0017215105472132564
-0.3533559553501081,1.0186091661453247,0.0016961704241111875
-0.35324568902891695,0.9909679889678955,0.0016834884881973267
-0.3532335917928711,0.9940345883369446,0.0016867356607690454
-0.3531935325967171,1.025724172592163,0.0016974462196230888
-0.3531213781797643,1.0094878673553467,0.001689064665697515
-0.3530250389108207,0.9876958727836609,0.0016831665998324752
-0.35286714507066463,1.0196164846420288,0.0016942288493737578
-0.3528446193717677,1.01827073097229,0.0016937109176069498
-0.3528232522925103,0.9854936599731445,0.0017054970376193523
-0.3527289474957522,0.9949966669082642,0.001684722607024014
-0.35265140597723843,1.0303398370742798,0.0016945176757872105
-0.3526242106944993,1.010494589805603,0.0016901675844565034
-0.35258552029727397,1.0174229145050049,0.0017172791995108128
-0.3524898956429242,0.9983608722686768,0.0016842333134263754
-0.35245675350016026,0.9908111691474915,0.0016855604480952024
-0.3524539371170952,1.0194298028945923,0.001727198134176433
-0.35233966357356683,1.0172680616378784,0.0016940776258707047
-0.3523377035548486,1.0124093294143677,0.001691497745923698
-0.35227892680419326,0.9897101521492004,0.0016829620581120253
-0.35222908164797206,0.9876445531845093,0.0016840534517541528
-0.35220167857181095,1.0119224786758423,0.0017062152037397027
-0.352113883618557,1.0165170431137085,0.0016932624857872725
-0.35208526025966974,0.9753962159156799,0.0017218256834894419
-0.35206997520773886,1.0157853364944458,0.0016951002180576324
-0.35195971815717886,0.992209792137146,0.001683531329035759
-0.3519476075541274,0.9946639537811279,0.001687249168753624
-0.35190757250254046,1.027251124382019,0.0016991578740999103
-0.35183538941433534,1.013506293296814,0.0016905259108170867
-0.3517390745051142,0.9870259165763855,0.0016826605424284935
-0.35158117592206467,1.0197780132293701,0.0016935858875513077
-0.35155863642774604,1.0187327861785889,0.0016950881108641624
-0.351537293491582,0.9863929152488708,0.0017057141521945596
-0.35144296023893773,0.9947504997253418,0.0016840251628309488
-0.3513654428647802,1.0280851125717163,0.001694503123871982
-0.3513382182644803,1.0092413425445557,0.0016900859773159027
-0.35129954295697796,1.0173953771591187,0.0017169252969324589
-0.35120392800357025,0.9961555004119873,0.0016831719549372792
-0.35117077206475306,0.9901525974273682,0.0016858477611094713
-0.3511679793942599,1.0231128931045532,0.001729881390929222
-0.35105369054459,1.0125020742416382,0.001692257821559906
-0.35105171780749067,1.011488676071167,0.001690559322014451
-0.3509929652007705,0.9885411262512207,0.0016844574129208922
-0.3509430911581416,0.987733006477356,0.0016841518227010965
-0.35091570209424205,1.0125030279159546,0.0017087394371628761
-0.3508279174882386,1.017877459526062,0.0016934978775680065
-0.3507993029677768,0.9752997756004333,0.0017216018168255687
-0.3507839952811564,1.015423059463501,0.001696141203865409
-0.3506737470690221,0.9925684332847595,0.0016846002545207739
-0.3506616233153837,0.9941861629486084,0.0016868609236553311
-0.3506216121927872,1.0253900289535522,0.0016972108278423548
-0.3505494006497485,1.010335087776184,0.0016882163472473621
-0.35045310988383105,0.9866108298301697,0.0016832227120175958
-0.350295206558941,1.0142364501953125,0.0016921240603551269
-0.35027265369803784,1.014116644859314,0.0016915800515562296
-0.3502513344752878,0.9819462299346924,0.00170369993429631
-0.350156972982123,0.995760440826416,0.0016846103826537728
-0.35007947975316434,1.0324935913085938,0.001695300335995853
-0.350052225834251,1.0113493204116821,0.0016905866796150804
-0.3500135654015264,1.0186601877212524,0.0017177540576085448
-0.3499179603642163,0.9980524778366089,0.0016839412273839116
-0.3498847906297669,0.9894077181816101,0.0016856814036145806
-0.3498820216722667,1.0223972797393799,0.0017289682291448116
-0.34976771773224247,1.0129833221435547,0.001692274585366249
-0.34976573205971145,1.0123608112335205,0.0016917063621804118
-0.34970700359755835,0.9846324324607849,0.0016829556552693248
-0.34965710066810063,0.9851504564285278,0.0016832049004733562
-0.34962972561667316,1.0114991664886475,0.0017084957798942924
-0.3495419513577096,1.0196423530578613,0.0016943075461313128
-0.349513345675884,0.9721330404281616,0.0017208472127094865
-0.3494980151389977,1.0140401124954224,0.001693788799457252
-0.34938777598044435,0.9968448877334595,0.001685950206592679
-0.3493756390779031,0.9920415282249451,0.001685648923739791
-0.3493356520990315,1.0310101509094238,0.0017013761680573225
-0.3492634118838985,1.0143442153930664,0.0016909908736124635
-0.34916714526296916,0.9910352230072021,0.0016841664910316467
-0.3490092371947645,1.0168616771697998,0.0016929206904023886
-0.3489866707527531,1.0152839422225952,0.0016934785526245832
-0.34896537567456987,0.9838215708732605,0.0017051069298759103
-0.3488709857265716,0.9949413537979126,0.0016842130571603775
-0.3487935166421797,1.021380066871643,0.0016898618778213859
-0.34876623318802413,1.0090222358703613,0.001689797267317772
-0.34872758784691715,1.0149770975112915,0.0017161160940304399
-0.34863199250907534,0.999660313129425,0.0016842774348333478
-0.3485988091933069,0.9927336573600769,0.0016865239012986422
-0.3485960639492209,1.0250154733657837,0.0017318605678156018
-0.34848174470326565,1.015618085861206,0.0016931456048041582
-0.3484797463123533,1.0135164260864258,0.0016920644557103515
-0.34842104199434615,0.9879378080368042,0.0016844836063683033
-0.3483711101784809,0.9842218160629272,0.0016825237544253469
-0.3483437489239486,1.0144438743591309,0.0017093538772314787
-0.3482559852280225,1.0184519290924072,0.0016938585322350264
-0.3482273881694671,0.9779300093650818,0.0017223898321390152
-0.3482120352122047,1.0144257545471191,0.001695880782790482
-0.3481018051074431,0.9907637238502502,0.00168294133618474
-0.34808965483958043,0.9963312745094299,0.0016867341473698616
-0.34804969178969936,1.0224494934082031,0.001695713377557695
-0.3479774231180485,1.0089361667633057,0.0016886796802282333
-0.34788118064252826,0.9909238219261169,0.0016845964128151536
-0.3477232680461648,1.0184589624404907,0.0016932771541178226
-0.3477006880234659,1.017600417137146,0.0016944666858762503
-0.3476794168742732,0.984137773513794,0.001704184920527041
-0.3475849984701782,0.9967836737632751,0.0016852357657626271
-0.3475075535299323,1.0327955484390259,0.0016968823038041592
-0.3474802407577948,1.0072330236434937,0.001688626827672124
-0.3474416105066211,1.0220649242401123,0.0017191898077726364
-0.3473460248695109,0.9963688850402832,0.0016826026840135455
-0.34731282775684713,0.9913177490234375,0.0016863496275618672
-0.34731010622701713,1.0161885023117065,0.0017262054607272148
-0.3471957718907076,1.009930968284607,0.0016919804038479924
-0.3471937605658374,1.0115082263946533,0.001691079931333661
-0.34713508039176555,0.9843035936355591,0.0016817266587167978
-0.3470851196878084,0.9890918135643005,0.0016843648627400398
-0.3470577724459586,1.0076079368591309,0.0017067285953089595
-0.3469700190977041,1.0192095041275024,0.001694096950814128
-0.34694143087778484,0.9718440175056458,0.0017204827163368464
-0.34692605506941443,1.0177918672561646,0.0016958649503067136
-0.3468158340188653,0.9934295415878296,0.0016841107280924916
-0.3468036706008367,0.9918166399002075,0.0016853096894919872
-0.34676373169636476,1.0278233289718628,0.0016987903509289026
-0.34669143435261934,1.0092631578445435,0.0016885439399629831
-0.34659521602166615,0.988806426525116,0.0016832740511745214
-0.34643729868304085,1.0187797546386719,0.0016937721520662308
-0.34641470507860217,1.0215418338775635,0.0016958354972302914
-0.3463934578579789,0.9815413355827332,0.0017039573285728693
-0.34629901142894004,0.9919539093971252,0.0016838829033076763
-0.3461942483284076,1.01393723487854,0.0016913983272388577
-0.3461556329507487,1.0185835361480713,0.0017171105137094855
-0.3460600572314201,0.9957542419433594,0.0016825733473524451
-0.3460268463205979,0.9881274104118347,0.001685564056970179
-0.3460241482898684,1.0234442949295044,0.0017291205003857613
-0.3459097988623625,1.0159028768539429,0.0016935034655034542
-0.34590777481805823,1.01603364944458,0.0016924780793488026
-0.3458491187891849,0.9902064800262451,0.0016850315732881427
-0.34579912919713585,0.9898070096969604,0.0016843731282278895
-0.345771795967758,1.0109400749206543,0.0017090620240196586
-0.3456840529673856,1.0170063972473145,0.001693829894065857
-0.3456554735858919,0.974494218826294,0.001721277367323637
-0.3456400751422004,1.018378734588623,0.001696655759587884
-0.3455298629307086,0.9943627119064331,0.0016849982785061002
-0.345517686362093,0.9954562783241272,0.0016869943356141448
-0.3454777713870325,1.028311014175415,0.0016992497257888317
-0.34540544558719044,1.0138578414916992,0.0016912485007196665
-0.34530925140038315,0.987690269947052,0.001682374975644052
-0.3451513293194962,1.0169479846954346,0.0016926857642829418
-0.3451287223497358,1.0139789581298828,0.0016917027533054352
-0.34510749905810323,0.9837369322776794,0.0017044327687472105
-0.3450130241721253,0.9944695234298706,0.0016838726587593555
-0.344935627305858,1.0262995958328247,0.0016919950721785426
-0.34490825568218075,1.0100311040878296,0.0016890729311853647
-0.3448696556102422,1.0158430337905884,0.0017168526537716389
-0.3447740895929084,0.9967709183692932,0.00168401631526649
-0.3447408648851905,0.9896471500396729,0.0016866513760760427
-0.34473819056703314,1.0225826501846313,0.0017308453097939491
-0.34462382604917274,1.0113641023635864,0.0016915332525968552
-0.34462178907027896,1.012628436088562,0.0016917717875912786
-0.34456315718639374,0.9865143299102783,0.0016835733549669385
-0.3445131387079372,0.9878871440887451,0.0016841515898704529
-0.3444858194903996,1.0135389566421509,0.001709433039650321
-0.34439808683811973,1.0181018114089966,0.0016939009074121714
-0.3443695160792647,0.9713610410690308,0.0017191923689097166
-0.34435409499941017,1.018511176109314,0.0016959026688709855
-0.34424389205770733,0.9898428320884705,0.0016811595996841788
-0.3442317021233493,0.9961526393890381,0.0016869815299287438
-0.34419181129285586,1.0276209115982056,0.0017000098014250398
-0.3441194568221825,1.0095741748809814,0.0016887575620785356
-0.34402328699467655,0.9930118918418884,0.0016849003732204437
-0.3438653601717383,1.0157818794250488,0.0016923450166359544
-0.3438427394044511,1.019791841506958,0.0016955607570707798
-0.34382154025843814,0.9829626083374023,0.0017043607076629996
-0.3437270369153108,0.9942254424095154,0.001684259856119752
-0.3436496644091868,1.0282235145568848,0.001694054459221661
-0.3436222632515304,1.0133219957351685,0.0016911359271034598
-0.343583678054159,1.0203028917312622,0.0017178513808175921
-0.34348812195334394,0.9980306625366211,0.0016837696311995387
-0.3434548836655703,0.9865899085998535,0.0016844641650095582
-0.34345223284398707,1.0217117071151733,0.0017301456537097692
-0.3433378530210382,1.0111310482025146,0.0016931315185502172
-0.3433358033224998,1.012948989868164,0.0016912095015868545
-0.3432771955840236,0.9860108494758606,0.0016840135212987661
-0.3432271484338938,0.9884260296821594,0.0016844370402395725
-0.34319984301240947,1.0074142217636108,0.0017080766847357154
-0.3431121209240094,1.017543077468872,0.0016937974141910672
-0.34308355878800323,0.9742696285247803,0.0017209622310474515
-0.3430681150726172,1.014614462852478,0.001694172853603959
-0.3429579209695506,0.9980300664901733,0.0016865205252543092
-0.34294571767008186,0.994013786315918,0.0016867738449946046
-0.34290585098310267,1.0267912149429321,0.0016991497250273824
-0.3428334680563325,1.0094318389892578,0.0016888633836060762
-0.3427373223738146,0.9889662861824036,0.001683757291175425
-0.34257939080756206,1.0160881280899048,0.001693048165179789
-0.34255675667453234,1.0152965784072876,0.0016922488575801253
-0.34253558124193334,0.9847153425216675,0.0017036024946719408
-0.3424410496595489,0.995347797870636,0.0016847477527335286
-0.34236370129672883,1.0303322076797485,0.0016949963755905628
-0.34233627082088003,1.0111291408538818,0.0016897073946893215
-0.3422977004995498,1.0198816061019897,0.0017177029512822628
-0.34220215431462153,1.0006483793258667,0.0016845465870574117
-0.34216890222911056,0.9886506199836731,0.001685171271674335
-0.3421662751209413,1.026702880859375,0.0017310334369540215
-0.3420518802076379,1.0132818222045898,0.0016933595761656761
-0.3420498177907184,1.0141901969909668,0.0016924578230828047
-0.34199123398060094,0.9856125116348267,0.0016828113002702594
-0.34194115794322133,0.9861050844192505,0.0016829181695356965
-0.3419138665348405,1.0088117122650146,0.0017070696922019124
-0.34182615479369094,1.0178171396255493,0.0016936418833211064
-0.3417976014971631,0.9731948375701904,0.0017210760852321982
-0.34178213493109,1.0218452215194702,0.0016977889463305473
-0.3416719500978125,0.9870662093162537,0.0016816951101645827
-0.34165973343196965,0.9943885803222656,0.0016855292487889528
-0.34161989088892575,1.024904727935791,0.0016979144420474768
-0.34154747929027207,1.0098674297332764,0.0016892176354303956
-0.34145135775253144,0.9904116988182068,0.0016838711453601718
-0.3412934214435963,1.0165183544158936,0.001692539663054049
-0.3412707739454557,1.0178157091140747,0.0016937738982960582
-0.3412496224412154,0.9853211641311646,0.0017057410441339016
-0.3411550624033658,0.9967578053474426,0.0016850914107635617
-0.3410777381842707,1.0315040349960327,0.0016935282619670033
-0.3410502781750743,1.0111773014068604,0.0016903497744351625
-0.3410117231600958,1.0178338289260864,0.0017170071369037032
-0.3409161866752676,0.9948515892028809,0.0016825174679979682
-0.3408829207928611,0.9925183653831482,0.0016871620900928974
-0.340880317398106,1.0202488899230957,0.001727646216750145
-0.3407659071788718,1.0114986896514893,0.0016919522313401103
-0.34076383204420224,1.0108319520950317,0.001690199482254684
-0.3407052723771782,0.989290177822113,0.0016842910554260015
-0.34065516745254876,0.9861369729042053,0.0016831905813887715
-0.34062789005811367,1.0137299299240112,0.0017111776396632195
-0.3405401886631617,1.0199297666549683,0.001694782986305654
-0.3405116439896938,0.9708804488182068,0.0017190976068377495
-0.34049615500387603,1.0190513134002686,0.0016970826545730233
-0.34038597900923473,0.9948070645332336,0.0016842219047248363
-0.34037374919322594,0.9977149963378906,0.0016878091264516115
-0.340333930578962,1.0315699577331543,0.001700837747193873
-0.3402614903094771,1.0125445127487183,0.0016900787595659494
-0.3401653931312485,0.9876983761787415,0.001683410257101059
-0.3400074522960489,1.0185121297836304,0.0016933731967583299
-0.339984791000592,1.0157947540283203,0.001693235826678574
-0.3399636636404977,0.9785833954811096,0.0017012553289532661
-0.33986907536212785,0.9935249090194702,0.0016831922112032771
-0.33979177507202296,1.0283331871032715,0.0016928691184148192
-0.339764285745687,1.006945013999939,0.0016889892285689712
-0.3397257456040127,1.0181998014450073,0.0017172498628497124
-0.33963021882033717,0.9953861832618713,0.001683069160208106
-0.33959693935745394,0.9890416860580444,0.001685586292296648
-0.33959435967590224,1.020937442779541,0.00172923703212291
-0.339479934366524,1.0129114389419556,0.001692609628662467
-0.3394193105583897,0.9868865609169006,0.0016835139831528068
-0.33936917696292884,0.989494800567627,0.0016852406552061439
-0.339341913364547,1.0077651739120483,0.0017060941318050027
-0.3392542225326328,1.0148370265960693,0.0016933914739638567
-0.33922568669780084,0.9731029868125916,0.0017205614130944014
-0.33921017486108573,1.0177327394485474,0.001696359133347869
-0.339100007920657,0.992729127407074,0.0016843591583892703
-0.33908776495490334,0.9932666420936584,0.001685735653154552
-0.33904797048541685,1.0283869504928589,0.0017003834946081042
-0.33897550154404815,1.010748267173767,0.001689668046310544
-0.3388794287259629,0.9893436431884766,0.0016833037370815873
-0.33872148293187265,1.014043927192688,0.0016917408211156726
-0.3386988082717258,1.0127521753311157,0.0016921944916248322
-0.33867770483977994,0.9850444197654724,0.0017055190401151776
-0.3385830881057342,0.9942439198493958,0.0016844634665176272
-0.33850581196103857,1.030460238456726,0.001693793572485447
-0.33847829331503665,1.0103086233139038,0.001690711360424757
-0.3384397682643484,1.0199737548828125,0.0017180758295580745
-0.3383442511807727,1.0004794597625732,0.0016853593988344073
-0.33831095792099414,0.9908177256584167,0.0016855373978614807
-0.3383084019528564,1.0201495885849,0.0017281239852309227
-0.33819396155375553,1.0132864713668823,0.0016922428039833903
-0.33819186054864386,1.0141980648040771,0.0016928821569308639
-0.33813334895517755,0.9868714213371277,0.001683086040429771
-0.33808318647373015,0.9839934706687927,0.0016821386525407434
-0.3380559368865571,1.0142865180969238,0.001709837350063026
-0.3379682564031564,1.016069769859314,0.0016939293127506971
-0.3379397294069607,0.9746196866035461,0.0017209157813340425
-0.3379241949342928,1.0137672424316406,0.0016938966000452638
-0.33781403704765567,0.9900620579719543,0.0016826119972392917
-0.3378017807161596,0.9962615370750427,0.001686754054389894
-0.33776201017566365,1.027160406112671,0.0016991014126688242
-0.3376895129946166,1.0066900253295898,0.0016874736174941063
-0.3375934641053115,0.9907223582267761,0.001684699091129005
-0.33753849085363063,0.9990706443786621,0.0016963511006906629
-0.33743551378327274,1.0216346979141235,0.0016938449116423726
-0.3374128253268621,1.0234572887420654,0.001697053899988532
-0.33739174582390674,0.9834761023521423,0.0017045886488631368
-0.33729710084891973,0.9932051301002502,0.0016841713804751635
-0.33721984884942247,1.0285239219665527,0.0016948020784184337
-0.33719230088438634,1.0111503601074219,0.001690021832473576
-0.33715379070847584,1.0185785293579102,0.001717590494081378
-0.3370582835420503,0.9939665794372559,0.0016823053592815995
-0.3370249764853762,0.9901279807090759,0.0016866985242813826
-0.3370224440144446,1.0210307836532593,0.0017286528600379825
-0.3369079885254105,1.0111899375915527,0.0016914962325245142
-0.3369058748012859,1.0157443284988403,0.0016916644526645541
-0.3368473873523864,0.9864545464515686,0.001683793612755835
-0.3367971959830577,0.9882587790489197,0.0016842673067003489
-0.3367699604083564,1.00919508934021,0.0017070871545001864
-0.33668229027283797,1.0130480527877808,0.001691554207354784
-0.3366537718994912,0.9711057543754578,0.0017199765425175428
-0.33663821479213407,1.020466685295105,0.0016975358594208956
-0.3365280659590779,0.9940332174301147,0.0016854895511642098
-0.3365157964778369,0.9951163530349731,0.0016866896767169237
-0.33647605008190795,1.024741530418396,0.0016981916269287467
-0.3364035242291876,1.0141665935516357,0.0016911389539018273
-0.3363074994846601,0.9858554005622864,0.001682522357441485
-0.3362525122198756,0.9967182874679565,0.0016956983599811792
-0.33614954442014905,1.0197606086730957,0.0016941976500675082
-0.33612684259715364,1.0165114402770996,0.001693839323706925
-0.3361057870231888,0.9840992093086243,0.0017045108834281564
-0.336011113592526,0.9960170984268188,0.0016846396028995514
-0.3359338859525408,1.0302408933639526,0.0016939574852585793
-0.3359063082394226,1.0123553276062012,0.0016911085695028305
-0.3358678133681798,1.0191020965576172,0.0017177760601043701
-0.3357723159039597,0.9946783185005188,0.0016823624027892947
-0.33573899504954796,0.9921315908432007,0.001686719129793346
-0.33562201571222067,1.0136373043060303,0.0016933090519160032
-0.33561988905413825,1.012641191482544,0.0016920898342505097
-0.33556142596475075,0.9806912541389465,0.001681836904026568
-0.3355112054923851,0.9882402420043945,0.0016841290052980185
-0.335483983930156,1.009036898612976,0.0017075116047635674
-0.335396324142309,1.0175622701644897,0.0016941216308623552
-0.33536781460759846,0.9700397849082947,0.0017196628032252192
-0.33535223486555166,1.0185515880584717,0.0016961847431957722
-0.3352420950864975,0.9916242361068726,0.001682755770161748
-0.33522981223993525,0.994209885597229,0.0016865599900484085
-0.33519008998899436,1.02785062789917,0.0016994880279526114
-0.33511753546333767,1.0115108489990234,0.0016891383565962315
-0.33502153486337694,0.9862313270568848,0.001682390458881855
-0.3349665333711758,0.9981764554977417,0.0016958621563389897
-0.33486357505660413,1.0200591087341309,0.0016940647037699819
-0.33484085965186894,1.0191535949707031,0.0016943234950304031
-0.334819828222471,0.983065128326416,0.001703908434137702
-0.33472512655213016,0.9929004311561584,0.0016839919844642282
-0.3346479228411354,1.0278072357177734,0.0016930780839174986
-0.33462031580919327,1.011624813079834,0.0016902991337701678
-0.3345818358127285,1.0154273509979248,0.0017162860604003072
-0.3344863482643952,0.9964304566383362,0.0016838120063766837
-0.3344530136132987,0.9893168807029724,0.001685626688413322
-0.3344505285700369,1.0166481733322144,0.0017256878782063723
-0.3343360426834545,1.0097839832305908,0.0016909658443182707
-0.33433390352256714,1.0109384059906006,0.001690957578830421
-0.33427546436238065,0.9870889186859131,0.00168451142963022
-0.3342252150027655,0.9865231513977051,0.0016838955925777555
-0.3341980074534289,1.0114796161651611,0.0017081976402550936
-0.3341103582286197,1.015278935432434,0.0016935860039666295
-0.33408185731675805,0.9716750979423523,0.001718827523291111
-0.33406625493833786,1.0182582139968872,0.0016967608826234937
-0.3339561239983408,0.9936825633049011,0.0016848501982167363
-0.33394382800098105,0.9943364262580872,0.0016868122620508075
-0.33390412967924116,1.0258687734603882,0.0016984740504994988
-0.3338315466979087,1.008710265159607,0.001688504358753562
-0.33373557045746,0.9919294714927673,0.001684793271124363
-0.33368055473847336,0.9955154061317444,0.0016954212915152311
-0.33357760590884644,1.0153884887695312,0.0016924900701269507
-0.33355487692258173,1.0159562826156616,0.0016935125458985567
-0.33353386942217433,0.9872802495956421,0.0017054652562364936
-0.33343913929510494,0.9947341084480286,0.0016844045603647828
-0.3333619597288877,1.031639814376831,0.0016956860199570656
-0.33333432337854296,1.0127465724945068,0.0016907057724893093
-0.3332958582572769,1.0152912139892578,0.00171675905585289
-0.33320038062483076,0.9971913695335388,0.0016835933784022927
-0.3331670323930468,0.989140510559082,0.0016861314652487636
-0.33316457084762263,1.0297707319259644,0.001732342061586678
-0.3330500698706858,1.0160220861434937,0.0016936523607000709
-0.33304791777478815,1.0142900943756104,0.0016929010162129998
-0.332989502760221,0.9878316521644592,0.0016842314507812262
-0.3329392245127245,0.9890329241752625,0.0016842917539179325
-0.3329120309762811,1.0096780061721802,0.0017084592254832387
-0.3328243920991433,1.016465187072754,0.0016937119653448462
-0.3327958998094993,0.9715914726257324,0.0017193304374814034
-0.3327802747955474,1.0154173374176025,0.0016957661136984825
-0.33267015312618164,0.989888608455658,0.001683517824858427
-0.3326578437628689,0.992872953414917,0.0016863353084772825
-0.33261816958506446,1.0286601781845093,0.0017007114365696907
-0.3325455579326903,1.0140992403030396,0.0016913103172555566
-0.3324496058368084,0.9904456734657288,0.001683801063336432
-0.33239457610471856,0.9990513324737549,0.0016964594833552837
-0.33229163654467,1.0168160200119019,0.0016931509599089622
-0.33226889419329453,1.0133062601089478,0.0016928405966609716
-0.3322479106222987,0.9836791753768921,0.0017044896958395839
-0.33215315203892204,0.9967846274375916,0.0016846454236656427
-0.33207599661642956,1.033202052116394,0.0016944239614531398
-0.33204833094789266,1.012040376663208,0.0016904670046642423
-0.3320098809178229,1.0229229927062988,0.0017186718760058284
-0.3319144129863189,0.9985108971595764,0.0016833576373755932
-0.33188105095679754,0.9876720905303955,0.0016848238883540034
-0.33187861312478734,1.0197718143463135,0.0017269476084038615
-0.331764097057496,1.0121573209762573,0.0016925925156101584
-0.33176193202700893,1.0119967460632324,0.0016915628220885992
-0.33170354115679834,0.9849355220794678,0.001682841219007969
-0.3316532342384706,0.9849759936332703,0.0016828295774757862
-0.33162605449808036,1.008294939994812,0.0017068557208403945
-0.33153842596882466,1.0196378231048584,0.0016951815923675895
-0.33150994251760635,0.9747477173805237,0.0017199559370055795
-0.3314942948687546,1.0160101652145386,0.0016953181475400925
-0.3313841820380249,0.99170982837677,0.0016842103796079755
-0.3313718595241252,0.9944695234298706,0.0016867562662810087
-0.33133220927510076,1.026214361190796,0.0016991306329146028
-0.3312595691666296,1.0087264776229858,0.0016889780526980758
-0.33116364121552544,0.9886404871940613,0.0016832550754770637
-0.33110859747096355,1.0012335777282715,0.0016975601902231574
-0.33100566739628057,1.0166875123977661,0.0016929960111156106
-0.3309829112488518,1.0171810388565063,0.0016944031231105328
-0.3309619516064255,0.9880271553993225,0.001705417176708579
-0.33086716499810487,0.994216799736023,0.0016840166645124555
-0.33079003371954785,1.0261845588684082,0.0016914361622184515
-0.3307623383016658,1.011167049407959,0.0016905177617445588
-0.33072390336174007,1.015316128730774,0.0017163536977022886
-0.33062844534696495,0.997570812702179,0.001683442504145205
-0.3305950695213904,0.9898062944412231,0.0016856068978086114
-0.3304781240287299,1.0120010375976562,0.0016924863448366523
-0.33047594627965077,1.0156688690185547,0.0016921550268307328
-0.33041757955358614,0.9858118891716003,0.001683916081674397
-0.330367243747798,0.9870147705078125,0.0016839337768033147
-0.330340078020722,1.0105955600738525,0.0017077364027500153
-0.33025245983829565,1.0158913135528564,0.0016932216240093112
-0.33022398522571356,0.9754977226257324,0.0017207552446052432
-0.3302083147259641,1.0154118537902832,0.0016952456207945943
-0.33008587528580247,0.9984881281852722,0.0016877521993592381
-0.3300462491807133,1.0231506824493408,0.0016970112919807434
-0.32997358040162167,1.0085560083389282,0.0016889466205611825
-0.3298776768098188,0.990346372127533,0.0016838924493640661
-0.3298226186222638,1.0010905265808105,0.0016974002355709672
-0.3297196980329463,1.0187246799468994,0.001693235244601965
-0.3296969285191437,1.0118205547332764,0.0016915996093302965
-0.3296759928057075,0.9851810932159424,0.0017037163488566875
-0.32958117774213247,0.99498450756073,0.0016843052580952644
-0.32950407060730047,1.0268361568450928,0.001692730002105236
-0.32947634587227853,1.0126678943634033,0.001691104262135923
-0.32943792602123345,1.0215873718261719,0.0017184364842250943
-0.3293424777074005,0.9964370131492615,0.0016832839464768767
-0.32930908808619375,0.9922838807106018,0.0016875335713848472
-0.3293066976795378,1.0209262371063232,0.0017277857987210155
-0.32919215121680345,1.0123937129974365,0.0016921099741011858
-0.3291899607478691,1.0123956203460693,0.0016914119478315115
-0.32913161795037393,0.9879025220870972,0.0016841063043102622
-0.32908125325733606,0.9881889224052429,0.0016841881442815065
-0.3290541013271555,1.008154273033142,0.0017064689891412854
-0.3289664939233432,1.017302393913269,0.0016939728520810604
-0.32893802771929664,0.9726415276527405,0.0017199479043483734
-0.32892233479917143,1.0154961347579956,0.001695657498203218
-0.3288122400764459,0.9963579177856445,0.0016850584652274847
-0.32879989104832186,0.9945804476737976,0.001686304691247642
-0.32876028908737864,1.0300081968307495,0.0016995540354400873
-0.3286875916357717,1.014186143875122,0.001690576085820794
-0.3285917121883253,0.9842876195907593,0.0016821721801534295
-0.32853663998914034,0.9974985122680664,0.0016962905647233129
-0.3284337288843464,1.015433430671692,0.0016927921678870916
-0.3284109457892247,1.0224353075027466,0.0016971426084637642
-0.3283900340049898,0.9856283664703369,0.0017051637405529618
-0.3282951904857388,0.9946112036705017,0.0016839932650327682
-0.32821810749631586,1.02911376953125,0.0016938198823481798
-0.3281903534420492,1.0120816230773926,0.0016908770194277167
-0.3281519484666242,1.0158263444900513,0.0017160435672849417
-0.32805651006783604,0.9976846575737,0.0016837760340422392
-0.3280231066497337,0.9909895658493042,0.0016863005002960563
-0.32802073995670245,1.025422215461731,0.0017313496209681034
-0.3279061784040347,1.0136831998825073,0.0016928149852901697
-0.3279039750009322,1.0136388540267944,0.001691661775112152
-0.3278456563471618,0.9825705885887146,0.0016813073307275772
-0.3277952627675058,0.9902521371841431,0.0016851964173838496
-0.3277681248491654,1.0122315883636475,0.0017077558441087604
-0.32768052779386686,1.0188595056533813,0.0016941672656685114
-0.3276520704288775,0.9713852405548096,0.0017187281046062708
-0.3276363548732205,1.0161471366882324,0.0016957499319687486
-0.32752626920344463,0.9885243773460388,0.0016812901012599468
-0.32751390680957815,0.999508798122406,0.0016886392841115594
-0.32747432877762545,1.0258482694625854,0.0016993287717923522
-0.32740160287034276,1.01259183883667,0.0016906806267797947
-0.32730574756767394,0.9910271763801575,0.0016848314553499222
-0.3272506613558064,0.9994924068450928,0.0016971670556813478
-0.3271477595212227,1.0157731771469116,0.0016922701615840197
-0.3271249628445715,1.0132120847702026,0.0016921062488108873
-0.3271040752046931,0.9798430800437927,0.0017030533635988832
-0.32700920344450085,0.9937442541122437,0.0016837341245263815
-0.3269321443847,1.032459020614624,0.0016945409588515759
-0.32690436101139864,1.0122711658477783,0.0016905941301956773
-0.3268659711271702,1.0165680646896362,0.0017172558000311255
-0.32677054242932435,0.9943845868110657,0.0016826660139486194
-0.32673712521348447,0.9936229586601257,0.0016871977131813765
-0.326734782233867,1.0203930139541626,0.001727800932712853
-0.3266202053752686,1.0122536420822144,0.001692366087809205
-0.32661798925357405,1.0142159461975098,0.0016917875036597252
-0.32655969474437063,0.9863613843917847,0.0016834972193464637
-0.32650927227767534,0.9883091449737549,0.001684570568613708
-0.3264821483715965,1.013188123703003,0.0017089993925765157
-0.3263945616633379,1.0156915187835693,0.0016936633037403226
-0.32636611313698455,0.9734205007553101,0.0017195225227624178
-0.3263503747304302,1.0129517316818237,0.0016945095267146826
-0.3262402981146564,0.9923744201660156,0.0016840244643390179
-0.32622792257083444,0.9931471943855286,0.001686434610746801
-0.32618836868323825,1.0234109163284302,0.0016973360907286406
-0.3261156141057559,1.0132306814193726,0.001689548371359706
-0.3260197831632303,0.9881314039230347,0.0016830364475026727
-0.3259646827220516,0.9974611401557922,0.0016964116366580129
-0.32586179037325436,1.0180721282958984,0.0016939127817749977
-0.32583898011528434,1.014997959136963,0.0016938626067712903
-0.3258181164039752,0.9887489080429077,0.0017065424472093582
-0.3257232161876862,0.9969667792320251,0.001684933784417808
-0.3256461814878183,1.0281434059143066,0.001694212551228702
-0.3256183685811694,1.014127254486084,0.0016912047285586596
-0.32557999357108713,1.0182888507843018,0.0017171783838421106
-0.32548457479123355,0.998613178730011,0.0016832868568599224
-0.3254511439928115,0.9905860424041748,0.001686361152678728
-0.32544882451166324,1.0196998119354248,0.0017282270127907395
-0.3253342325620788,1.0099163055419922,0.0016907192766666412
-0.3252737331411584,0.9856632947921753,0.0016832482069730759
-0.32522328200321093,0.9860695004463196,0.0016837461153045297
-0.3251961718940274,1.013847827911377,0.0017082036938518286
-0.3251085955328087,1.0154073238372803,0.0016934305895119905
-0.32508015562951526,0.9720035791397095,0.0017199862049892545
-0.32506439480321625,1.0185216665267944,0.0016963293310254812
-0.3249543272427077,0.9902636408805847,0.0016835666028782725
-0.32494193833209073,0.9945873618125916,0.0016871723346412182
-0.3249024085896931,1.0282950401306152,0.0016994649777188897
-0.3248296253399059,1.011907696723938,0.0016899891197681427
-0.3247338185419474,0.9892079830169678,0.0016835874412208796
-0.3246787040882966,0.9983116984367371,0.0016969130374491215
-0.3245758210092886,1.0141853094100952,0.001692153629846871
-0.3245529973864182,1.0143171548843384,0.0016935582971200347
-0.3245321573876809,0.9822790026664734,0.0017027765279635787
-0.3243602183764127,1.0324066877365112,0.00169615657068789
-0.3243323761511506,1.0123658180236816,0.0016902474453672767
-0.32429401623058074,1.017211675643921,0.001716773142106831
-0.3241986071516691,0.9980020523071289,0.001683195005171001
-0.3241651625569833,0.9881711602210999,0.0016851311083883047
-0.3241628667886174,1.0203907489776611,0.0017284582136198878
-0.3240482597488892,1.0149251222610474,0.0016934361774474382
-0.32404601797359217,1.0171695947647095,0.0016939927591010928
-0.3239877715379462,0.9874088168144226,0.0016841471660882235
-0.323937291513591,0.9881402850151062,0.0016841274918988347
-0.3239101954168795,1.0100704431533813,0.0017074422212317586
-0.3238226296193299,1.0156489610671997,0.0016935631865635514
-0.32379419833867484,0.9726153612136841,0.0017195128602907062
-0.32377841466042595,1.017810344696045,0.0016964046517387033
-0.3236683563705485,0.9950131773948669,0.001684288727119565
-0.3236559540937681,0.9950156211853027,0.001686968025751412
-0.32361644828036096,1.0240302085876465,0.0016970767173916101
-0.3235436365740557,1.013663411140442,0.001690665609203279
-0.3234478539204537,0.9903755187988281,0.0016838160809129477
-0.323392725239386,0.9958482980728149,0.0016960576176643372
-0.3232898518613202,1.0193036794662476,0.0016933854203671217
-0.3232670144409229,1.018675684928894,0.0016941357171162963
-0.3232461985873842,0.9826709628105164,0.001703742309473455
-0.3231512418906861,1.0001702308654785,0.0016863254131749272
-0.3230742552639545,1.0249667167663574,0.0016903745708987117
-0.3230463837211318,1.0127676725387573,0.0016907298704609275
-0.3230080386747082,1.0157166719436646,0.0017168379854410887
-0.32291263951210464,0.9973294138908386,0.0016829433152452111
-0.32287918112199715,0.9883366823196411,0.0016853921115398407
-0.3227622867205439,1.0140091180801392,0.0016931085847318172
-0.3227600322262342,1.0132752656936646,0.001691471436060965
-0.3227018099359974,0.9847292304039001,0.0016825373750180006
-0.3226513010229187,0.9858003258705139,0.0016826525097712874
-0.3226242189386789,1.0073691606521606,0.0017045179847627878
-0.32253666348985355,1.0122592449188232,0.0016928375698626041
-0.3225082410467821,0.9711432456970215,0.0017192818922922015
-0.322492434733633,1.0152329206466675,0.0016952701844274998
-0.3223823852819708,0.9928379654884338,0.0016835100250318646
-0.32236996985628746,0.9931347370147705,0.001685507595539093
-0.3223304881870263,1.0274698734283447,0.0016994628822430968
-0.32225764780799526,1.0115264654159546,0.001690638018772006
-0.32216188951537883,0.9873329401016235,0.0016831372631713748
-0.3221067466056312,0.9945151805877686,0.0016958925407379866
-0.32200388249735445,1.0164581537246704,0.0016929034609347582
-0.3219810317110039,1.0129215717315674,0.0016927906544879079
-0.32196023978666644,0.9837026000022888,0.0017048029694706202
-0.32186525463450316,0.9919266700744629,0.0016821210738271475
-0.32178829236707307,1.029454231262207,0.0016938825137913227
-0.3217603912904815,1.0093955993652344,0.0016900754999369383
-0.32172206133525416,1.0196237564086914,0.0017181789735332131
-0.32162667187359273,0.9919157028198242,0.001681679510511458
-0.3215931996857477,0.9886811375617981,0.0016860500909388065
-0.3215909511273703,1.0234273672103882,0.0017306806985288858
-0.3214763139081964,1.0121482610702515,0.0016918458277359605
-0.3214740464792971,1.0147037506103516,0.0016917436150833964
-0.32141584833320624,0.9880338907241821,0.0016844769706949592
-0.32136531053308826,0.9893255829811096,0.0016841901233419776
-0.3213382424604784,1.013693928718567,0.0017106833402067423
-0.32125069735932454,1.0192984342575073,0.0016942898510023952
-0.3212222835393126,0.970828652381897,0.0017179470742121339
-0.32120645480768234,1.01500403881073,0.0016952630830928683
-0.3210964144093905,0.9966234564781189,0.0016851630061864853
-0.32108398561754375,0.9938381910324097,0.0016866297228261828
-0.32104452809263906,1.0233210325241089,0.0016974720638245344
-0.3209716590427768,1.011987328529358,0.0016900959890335798
-0.32087592489409567,0.9903254508972168,0.001684550428763032
-0.3208207679725078,0.9992676973342896,0.001697248313575983
-0.320717913348965,1.0190575122833252,0.0016935581807047129
-0.3206950489821378,1.0166435241699219,0.0016933558508753777
-0.3206742809859485,0.9841026663780212,0.001704340917058289
-0.3205792673776885,0.9960355162620544,0.0016849752282723784
-0.32050232925482536,1.0308947563171387,0.0016948030097410083
-0.32047439885983114,1.0105892419815063,0.0016901976196095347
-0.32043608377980287,1.0150730609893799,0.0017162070143967867
-0.3203407042340283,0.994766354560852,0.0016826856881380081
-0.3203072184650749,0.9885639548301697,0.0016855213325470686
-0.32030499340516655,1.0173925161361694,0.0017281579785048962
-0.32019034109542766,1.0131031274795532,0.0016927962424233556
-0.3201880607319389,1.0140047073364258,0.0016917303437367082
-0.3201298867299941,0.984216034412384,0.0016817187424749136
-0.32007932025862385,0.9890230894088745,0.0016843910561874509
-0.3200522659833303,1.008811354637146,0.0017077894881367683
-0.3199647312287956,1.015043020248413,0.0016938825137913227
-0.3199363262476304,0.9744284152984619,0.0017195983091369271
-0.3199204746648918,1.017499327659607,0.0016964086098596454
-0.31981044332081277,0.9914113283157349,0.0016840753378346562
-0.3197980013785895,0.9952332973480225,0.001687444280833006
-0.31975856778267514,1.0266900062561035,0.001697908854112029
-0.3196856704937665,1.0130271911621094,0.0016908703837543726
-0.31953478933980556,0.9974304437637329,0.001696009305305779
-0.3194319439856308,1.0184599161148071,0.0016925662057474256
-0.31940906603727404,1.0149894952774048,0.0016934139421209693
-0.31938832218565183,0.986529529094696,0.0017055266071110964
-0.31929328033624,0.9944503903388977,0.0016836661379784346
-0.31921636614257765,1.0270134210586548,0.0016923889052122831
-0.31918840621402533,1.0128154754638672,0.0016906543169170618
-0.3191501064399278,1.017247200012207,0.0017168773338198662
-0.3190547365944638,0.9974091649055481,0.001683262875303626
-0.31902123702924673,0.9855029582977295,0.0016845996724441648
-0.31901903568338386,1.0196305513381958,0.0017273867269977927
-0.3189043682828696,1.0170867443084717,0.0016947630792856216
-0.31890207519973623,1.0138134956359863,0.001691829296760261
-0.31884392512678184,0.9857499003410339,0.0016830870881676674
-0.3187933297681618,0.9911623001098633,0.0016850915271788836
-0.3187662895057614,1.0090044736862183,0.0017068732995539904
-0.3186787653140537,1.0157525539398193,0.001693470636382699
-0.31865036895594795,0.974017322063446,0.0017200491856783628
-0.3186344947376781,1.0163462162017822,0.0016962125664576888
-0.31852447244781135,0.9914519190788269,0.0016838195733726025
-0.3185120171404774,0.9932875037193298,0.001686843577772379
-0.3184726076893405,1.0252201557159424,0.0016988192219287157
-0.318399681727706,1.007550835609436,0.0016880999319255352
-0.31830399586668506,0.9882415533065796,0.001683151931501925
-0.31824881070605054,0.9952263236045837,0.0016963556408882141
-0.3181459748378729,1.0158895254135132,0.0016925751697272062
-0.3181230833079869,1.0202652215957642,0.0016948300180956721
-0.31810236338577613,0.9833894371986389,0.0017034317133948207
-0.3180072930804779,0.995631992816925,0.0016850108513608575
-0.3179304032465381,1.0308531522750854,0.0016955637838691473
-0.317902413783796,1.0109965801239014,0.0016907652607187629
-0.31786412910047385,1.0212465524673462,0.0017183616291731596
-0.3177687689559522,0.9986585378646851,0.0016837860457599163
-0.31773525559299726,0.9860666394233704,0.0016847874503582716
-0.31773307796054834,1.0185644626617432,0.0017289401730522513
-0.31761839546946935,1.0121344327926636,0.0016916412860155106
-0.31761608945195724,1.0163590908050537,0.0016941181384027004
-0.31755796373914624,0.9861275553703308,0.001683478127233684
-0.31750733927833164,0.9849137663841248,0.001683118985965848
-0.31748031302840307,1.0154300928115845,0.001708421972580254
-0.3173927991845771,1.0155127048492432,0.00169298832770437
-0.3173644114493207,0.9731684327125549,0.0017181332223117352
-0.3173485148108851,1.0185067653656006,0.0016970058204606175
-0.31723850135902304,0.9925072193145752,0.0016841921024024487
-0.3172260329021547,0.9922031164169312,0.0016861438052728772
-0.3171866475949533,1.0260707139968872,0.0016993231838569045
-0.31711369296164527,1.011710286140442,0.0016899845795705914
-0.31701803124624417,0.9874919056892395,0.00168301397934556
-0.3169628320722955,0.9963746070861816,0.001697107101790607
-0.31686000547432824,1.0172579288482666,0.0016931042773649096
-0.31683710057912073,1.0169339179992676,0.0016944538801908493
-0.31681640458547944,0.9856833219528198,0.00170433078892529
-0.3167213058245055,0.9959189295768738,0.0016846598591655493
-0.3166444401349222,1.0288622379302979,0.0016931048594415188
-0.31661642135398776,1.0114398002624512,0.001690558739937842
-0.31657815154439095,1.0148024559020996,0.0017157752299681306
-0.31648280131701934,0.9991032481193542,0.0016852936241775751
-0.31644927415759005,0.9870370030403137,0.0016846070066094398
-0.31644712023771304,1.020012617111206,0.001727780676446855
-0.31633242244070325,1.0135377645492554,0.0016928046243265271
-0.3163301037054411,1.0121904611587524,0.001691182260401547
-0.3162720021363551,0.9842138290405273,0.0016833784757182002
-0.3162213490032356,0.9871869683265686,0.0016836514696478844
-0.31619433655020235,1.0123517513275146,0.0017095361836254597
-0.31610683305404813,1.0133779048919678,0.001692848396487534
-0.31607845415742775,0.9709720015525818,0.0017185312462970614
-0.31606253466809486,1.017873764038086,0.0016961345681920648
-0.3159525304866534,0.9916493892669678,0.0016833683475852013
-0.3159400486642533,0.993712306022644,0.0016862339107319713
-0.3159006875005661,1.0196141004562378,0.001694330247119069
-0.31582770419663736,1.009840726852417,0.0016901304479688406
-0.31573206684180066,0.9872249364852905,0.001682946691289544
-0.3156768532229642,0.995812177658081,0.0016963103553280234
-0.3155740363259388,1.0134670734405518,0.001692003570497036
-0.31555111784941253,1.0172275304794312,0.0016944340895861387
-0.3155304455691852,0.9831451773643494,0.0017029705923050642
-0.3154353187832673,0.9924863576889038,0.0016833782428875566
-0.3153584770230955,1.0284535884857178,0.0016933775041252375
-0.31533042892375845,1.0090131759643555,0.0016897545428946614
-0.3152921742038844,1.0181148052215576,0.0017168647609651089
-0.3151968336782969,0.9917579293251038,0.001680167973972857
-0.31516329293733814,0.9917149543762207,0.0016874485881999135
-0.3151611625152988,1.0207209587097168,0.0017299603205174208
-0.31504644962751344,1.010402798652649,0.0016917478060349822
-0.3150441181736595,1.0129168033599854,0.0016915085725486279
-0.3149860405331429,0.9886475801467896,0.0016843111952766776
-0.3149353585136157,0.9860426783561707,0.0016835748683661222
-0.31490836007221246,1.0108646154403687,0.0017067253356799483
-0.31482086713993773,1.0169570446014404,0.0016938525950536132
-0.314792496650169,0.977009117603302,0.0017201927257701755
-0.3147765547413019,1.015143632888794,0.0016957223415374756
-0.3146665596149152,0.9925982356071472,0.0016829334199428558
-0.3146540646408753,0.9918293356895447,0.0016855272697284818
-0.31461472719165495,1.0295860767364502,0.0016999468207359314
-0.31454171543120846,1.0076336860656738,0.0016892849234864116
-0.31444610222030717,0.9872398376464844,0.0016831888351589441
-0.31439087458920917,0.9925832152366638,0.001695831771939993
-0.31428806696197303,1.0162798166275024,0.0016923167277127504
-0.31426513490391705,1.0189030170440674,0.0016936793690547347
-0.3142444867684673,0.9853478670120239,0.0017050794558599591
-0.3141493315262423,0.9964792132377625,0.0016856204019859433
-0.31407251412705595,1.0270981788635254,0.001692412537522614
-0.3140444364931081,1.0113348960876465,0.00169059366453439
-0.3140061966480118,1.0159039497375488,0.001716275466606021
-0.3139108660387324,0.9983184337615967,0.0016835004789754748
-0.3138773115010889,0.9881495833396912,0.0016854138812050223
-0.31387520479246345,1.013628363609314,0.0017247260548174381
-0.31376047681432384,1.0109304189682007,0.0016919111367315054
-0.3137581324258803,1.0130420923233032,0.0016920726047828794
-0.3137000789299307,0.9822622537612915,0.0016811990644782782
-0.3136493680244168,0.9864498972892761,0.001683353679254651
-0.31362238359506434,1.0096890926361084,0.0017069512978196144
-0.31353490101088244,1.0145868062973022,0.0016930376878008246
-0.31350653935974987,0.9698103666305542,0.0017173410160467029
-0.3134905748149302,1.0193333625793457,0.0016966087277978659
-0.31338058852633743,0.9926255345344543,0.0016838583396747708
-0.3133680804019211,0.9926754236221313,0.0016856687143445015
-0.31332876709747826,1.0257720947265625,0.00169848941732198
-0.31325572666599,1.0085023641586304,0.0016884292708709836
-0.31316013759881367,0.9877279996871948,0.0016823874320834875
-0.31310489595671726,0.9975192546844482,0.0016971483128145337
-0.3130020978140046,1.0169154405593872,0.0016931190621107817
-0.3129791521748404,1.0181139707565308,0.0016944315284490585
-0.3129585279681706,0.983121395111084,0.001703728106804192
-0.31286334448479364,0.9946844577789307,0.0016844460042193532
-0.31278655101459796,1.027944803237915,0.001693067024461925
-0.31275844406245756,1.0114309787750244,0.0016895709559321404
-0.3127202193085581,1.0169931650161743,0.0017165289027616382
-0.3126248983993785,0.9948301315307617,0.0016825684579089284
-0.3125913300652607,0.9847044944763184,0.0016838229494169354
-0.3125892470696282,1.021402359008789,0.0017290739342570305
-0.3124745040023972,1.0113930702209473,0.0016920346533879638
-0.3124721466781013,1.015080213546753,0.0016931704012677073
-0.31241411732713953,0.9873417615890503,0.0016844694036990404
-0.3123633777493208,0.9850656390190125,0.0016824867343530059
-0.3123364071168639,1.0066953897476196,0.0017054763156920671
-0.31224893488035343,1.0129443407058716,0.0016927903052419424
-0.31222058206869896,0.9721310138702393,0.0017184559255838394
-0.3122045946719292,1.0159265995025635,0.0016955139581114054
-0.31209461765312574,0.9938879013061523,0.0016856442671269178
-0.3120820961640195,0.998572587966919,0.0016877468442544341
-0.3120428070037226,1.0284013748168945,0.0016991306329146028
-0.3119697381155058,1.0149638652801514,0.0016921000787988305
-0.3118741731939491,0.9859269261360168,0.001682430156506598
-0.3118189173233835,0.9914238452911377,0.001695210812613368
-0.31171612866561543,1.0160346031188965,0.0016929407138377428
-0.3116931694455532,1.0140173435211182,0.0016922004288062453
-0.31167256916745284,0.9869792461395264,0.0017046504653990269
-0.31157735722924224,0.9928624629974365,0.0016841256292536855
-0.31147245163222825,1.011480689048767,0.0016908663092181087
-0.311434241753738,1.0178229808807373,0.0017166290199384093
-0.31133893097644316,0.9962132573127747,0.0016832572873681784
-0.3113053488445877,0.9842727184295654,0.0016848827945068479
-0.31118853118962864,1.0161809921264648,0.0016938555054366589
-0.3111861611456881,1.0113623142242432,0.001690842560492456
-0.31112815572476943,0.9859486222267151,0.0016830991953611374
-0.3110773872586483,0.9883981347084045,0.0016837678849697113
-0.31105043042392877,1.0076112747192383,0.0017044533742591739
-0.31096296896540077,1.0147039890289307,0.001692910329438746
-0.31093462456122967,0.9717094302177429,0.0017189184436574578
-0.310918614745347,1.0174221992492676,0.0016960528446361423
-0.31080864678075604,0.9885689616203308,0.0016816394636407495
-0.3107961119256968,0.9944208264350891,0.0016862170305103064
-0.31075684690996674,1.0301320552825928,0.0016997209750115871
-0.31068374934965587,1.0082300901412964,0.0016884548822417855
-0.31058820857266617,0.9888314604759216,0.0016837251605466008
-0.3105329386896285,0.993916928768158,0.0016966124530881643
-0.31043015930164947,1.0167570114135742,0.0016925940290093422
-0.31040718671668704,1.0134190320968628,0.0016931643476709723
-0.3103866103667351,0.9815362095832825,0.001702614827081561
-0.3102913701888461,0.9934772253036499,0.0016846101498231292
-0.31021462500567915,1.0264486074447632,0.0016932759899646044
-0.3101864592022095,1.0086886882781982,0.0016889299731701612
-0.3101482644132315,1.0172418355941772,0.0017170507926493883
-0.3100529633368787,0.9972876906394958,0.0016828790539875627
-0.31001936740897007,0.9887640476226807,0.0016858875751495361
-0.3100173316239574,1.0214332342147827,0.0017298865132033825
-0.3099025581608623,1.0100795030593872,0.0016917044995352626
-0.30990017539896153,1.0167219638824463,0.0016932043945416808
-0.3098421943375548,0.9841542840003967,0.0016825388884171844
-0.30979139676818657,0.9845757484436035,0.0016829852247610688
-0.309764453947202,1.011779546737671,0.0017082870472222567
-0.30967700283508237,1.015618085861206,0.0016939651686698198
-0.3096486672695472,0.971846342086792,0.0017172991065308452
-0.30963263481813297,1.0148414373397827,0.0016959706554189324
-0.30951012768758485,0.9950755834579468,0.001687261858023703
-0.3094708866002135,1.026288628578186,0.001699412357993424
-0.30939776058506896,1.0122872591018677,0.0016912923892959952
-0.309302244166749,0.9860701560974121,0.0016815835842862725
-0.3092469600562945,0.9920475482940674,0.001695854589343071
-0.3091441901545233,1.014931082725525,0.001691821264103055
-0.3091212037711918,1.0152587890625,0.001692945952527225
-0.3091006515660172,0.9852908849716187,0.0017038981895893812
-0.3090053829318211,0.9946380853652954,0.0016836936119943857
-0.3089286618934315,1.0322978496551514,0.001693698693998158
-0.30890046677219074,1.0107167959213257,0.00169025466311723
-0.3088622870729356,1.0160866975784302,0.0017157767433673143
-0.30876699569731425,0.9949178099632263,0.0016820937162265182
-0.30873338597377337,0.9919825196266174,0.0016866103978827596
-0.30873137390154315,1.0140057802200317,0.0017259047599509358
-0.3086165853480938,1.0132874250411987,0.0016930802958086133
-0.3086141898676009,1.0161703824996948,0.0016931131249293685
-0.30855623273434263,0.98095703125,0.0016816960414871573
-0.30850540649393265,0.989425778388977,0.001683676615357399
-0.3084784774690015,1.0095762014389038,0.0017071731854230165
-0.30839103670476387,1.011404037475586,0.0016925318632274866
-0.30836270997786497,0.9738736152648926,0.0017183886375278234
-0.30834665489070867,1.016431450843811,0.0016961154760792851
-0.3082241434494727,0.9963347315788269,0.0016866090008988976
-0.3081849265068789,1.0256425142288208,0.0016958542400971055
-0.30811177181985056,1.0105998516082764,0.0016885617515072227
-0.30801627954525557,0.9920162558555603,0.001685831230133772
-0.3079609814225397,0.9928051233291626,0.0016961931250989437
-0.3078582210065549,1.0210278034210205,0.0016937318723648787
-0.3078352210412728,1.016503930091858,0.001693421509116888
-0.30781469276529944,0.982578456401825,0.0017033877084031701
-0.307719395675638,0.9937059879302979,0.0016840619500726461
-0.30764269899718155,1.0237572193145752,0.0016899449983611703
-0.3076144743415404,1.007405161857605,0.0016892144922167063
-0.30757630951790516,1.0135681629180908,0.0017161646392196417
-0.3074810280588024,0.9989411234855652,0.0016830095555633307
-0.3074474047531004,0.9899630546569824,0.0016862479969859123
-0.3074454161787078,1.0178717374801636,0.0017278371378779411
-0.30733061253490396,1.0130010843276978,0.001692878664471209
-0.30732820411982187,1.017430305480957,0.0016935912426561117
-0.3072702711311305,0.9834905862808228,0.0016829421510919929
-0.3072194160045232,0.9892358779907227,0.0016837959410622716
-0.3071925009908008,1.009584903717041,0.0017068329034373164
-0.3071050707906535,1.0141853094100952,0.0016931513091549277
-0.30707675247102706,0.9715983867645264,0.001717782928608358
-0.3070606747489708,1.0146647691726685,0.0016943634254857898
-0.3069507339465968,0.994057297706604,0.0016841451870277524
-0.306938159210729,0.9919774532318115,0.0016854071291163564
-0.3068989664124917,1.0281672477722168,0.0016994825564324856
-0.3068257832693666,1.0084681510925293,0.0016878945752978325
-0.30673031514039095,0.9849997162818909,0.0016816367860883474
-0.30667500278941623,0.9936553239822388,0.001696920022368431
-0.30657225164258917,1.0168721675872803,0.0016923492075875401
-0.3065492383128277,1.0176913738250732,0.0016937404870986938
-0.3065287339656343,0.98549884557724,0.0017056451179087162
-0.30643340863440005,0.9937442541122437,0.0016838517040014267
-0.3063567358849339,1.0327107906341553,0.001696855528280139
-0.3063284821268876,1.0121172666549683,0.001691497745923698
-0.30629033217739854,1.0139271020889282,0.001716113300062716
-0.3061950604198697,0.9986616969108582,0.0016848774394020438
-0.30616142331685114,0.9865041375160217,0.0016848763916641474
-0.30615945845629355,1.017904281616211,0.0017279349267482758
-0.30604463972171436,1.010437250137329,0.0016921304631978273
-0.3060422183724637,1.011157751083374,0.0016892381245270371
-0.3059843095283393,0.9856712222099304,0.001682983827777207
-0.3059334255140612,0.9846897125244141,0.0016815258422866464
-0.30590652451281064,1.0125218629837036,0.0017086194129660726
-0.3058191046601246,1.015752911567688,0.001693622674793005
-0.3057907951793448,0.9691715836524963,0.0017173889791592956
-0.3057746948225991,1.016250491142273,0.0016954545862972736
-0.3056647628584401,0.9945367574691772,0.001684271963313222
-0.30565217497198527,0.9929298758506775,0.0016860694158822298
-0.30561300631810445,1.0239113569259644,0.0016974512254819274
-0.3055397945043585,1.009212851524353,0.0016897538444027305
-0.3054443505203711,0.9858784079551697,0.0016825966304168105
-0.30538902415629277,0.9949718713760376,0.0016975156031548977
-0.30528628249419976,1.0189130306243896,0.0016934669110924006
-0.30526325558396156,1.020446538925171,0.001696342253126204
-0.3052427751655481,0.9784327149391174,0.001701644156128168
-0.3051474213780064,0.9932754635810852,0.0016842036275193095
-0.3050707727735283,1.02623450756073,0.0016919856425374746
-0.30504248969750036,1.013996958732605,0.0016911117127165198
-0.30500435462215775,1.0186389684677124,0.0017169287893921137
-0.3049090927809368,0.992072582244873,0.001681908150203526
-0.3048754418806019,0.9884613156318665,0.0016863270429894328
-0.30487350073472136,1.0146170854568481,0.001727449707686901
-0.3047586669085246,1.0087717771530151,0.001691652461886406
-0.3047562328402611,1.0169590711593628,0.001692680991254747
-0.3046983479251271,0.985437273979187,0.0016833697445690632
-0.3046474352391757,0.9918246865272522,0.0016849626554176211
-0.30462054803482075,1.0110054016113281,0.0017066015861928463
-0.3045331387462245,1.0168808698654175,0.001694257720373571
-0.30450483788766236,0.9697355628013611,0.0017170538194477558
-0.3044887148953851,1.0163427591323853,0.0016960602952167392
-0.3043787919862809,0.9893120527267456,0.0016819885931909084
-0.3043661909492389,0.9935805201530457,0.0016861535841599107
-0.3043270460091933,1.0306857824325562,0.001701053697615862
-0.3042538057385085,1.013719916343689,0.0016908616526052356
-0.30415838611445395,0.9866517782211304,0.0016827917424961925
-0.304103045522538,0.9899574518203735,0.001695350743830204
-0.304000313130234,1.0145864486694336,0.001691878424026072
-0.30397727285404286,1.0111751556396484,0.001691238023340702
-0.3039568163648302,0.9836257100105286,0.0017035406781360507
-0.3038614343374,0.989803671836853,0.0016830316744744778
-0.3037848098779099,1.0270333290100098,0.0016922884387895465
-0.30375649726685006,1.014701008796692,0.0016914092702791095
-0.30371837728228274,1.0169167518615723,0.0017158167902380228
-0.30362312514158285,0.9946637153625488,0.0016827340004965663
-0.303589460659929,0.9869764447212219,0.0016839707968756557
-0.30358754301188606,1.0140231847763062,0.0017263359623029828
-0.30347269409575606,1.0111627578735352,0.0016923031071200967
-0.3034702470929029,1.0145410299301147,0.001692232210189104
-0.3034123865374915,0.9855637550354004,0.0016841860488057137
-0.30336144474997706,0.985480010509491,0.001682749018073082
-0.30324717261716916,1.0132769346237183,0.001693326630629599
-0.30321888038103517,0.9711386561393738,0.0017175804823637009
-0.3032027349679606,1.0179052352905273,0.0016965182730928063
-0.3030928211130689,0.9943099021911621,0.0016846152720972896
-0.30308020671091623,0.9940119385719299,0.0016865937504917383
-0.3030410859148061,1.0198242664337158,0.0016942411893978715
-0.30296781697307956,1.0094248056411743,0.0016900079790502787
-0.30287242149296045,0.9880532622337341,0.0016832412220537663
-0.30281706667362746,0.9901303052902222,0.0016952856676653028
-0.3027143439822656,1.0139108896255493,0.0016915970481932163
-0.30269128990854755,1.0188781023025513,0.0016952035948634148
-0.3026708575645335,0.983974277973175,0.0017039524391293526
-0.30257544708037476,0.9949208498001099,0.0016844930360093713
-0.30249884676545175,1.0305850505828857,0.0016935736639425159
-0.3024705048361995,1.0125020742416382,0.0016906087985262275
-0.3024323999419867,1.0148595571517944,0.0017163627780973911
-0.30233715771780545,0.995019257068634,0.0016818043077364564
-0.30230347922494283,0.9863646626472473,0.0016844889614731073
-0.3023015852890506,1.0170823335647583,0.0017274231649935246
-0.3021867212838294,1.0100579261779785,0.0016913582803681493
-0.30218426156133177,1.0147590637207031,0.0016920554917305708
-0.3021264249347003,0.9836389422416687,0.0016832525143399835
-0.30207545447551265,0.9876624941825867,0.0016837918665260077
-0.3020485950805248,1.010047197341919,0.001709630130790174
-0.3019612064866402,1.010988473892212,0.0016915570013225079
-0.3019329230891422,0.9701200127601624,0.0017172925872728229
-0.30191675482495983,1.0140715837478638,0.0016949797281995416
-0.3018068502398572,0.9936162233352661,0.0016830121167004108
-0.3017942224730148,0.9949079751968384,0.0016867521917447448
-0.30175512582041863,1.026515245437622,0.001698882202617824
-0.30168182842322716,1.011353850364685,0.0016892178682610393
-0.30158645708809595,0.985679030418396,0.0016820902237668633
-0.30153108803987266,0.9935340881347656,0.0016964535461738706
-0.3014283748338762,1.0193843841552734,0.001693284371867776
-0.30140530717883934,1.0173207521438599,0.0016945773968473077
-0.3013848987638158,0.9827584624290466,0.0017030598828569055
-0.3012894600399787,0.9947723150253296,0.0016843427438288927
-0.30118451240554917,1.0135705471038818,0.0016909538535401225
-0.3011464223867458,1.0187599658966064,0.0017175301909446716
-0.3010511900790831,0.9966174960136414,0.001683499664068222
-0.3010174977891146,0.9878147840499878,0.0016850453102961183
-0.30101562756621525,1.016146183013916,0.0017274627462029457
-0.3009007484706398,1.0128012895584106,0.0016924069495871663
-0.3008982758133423,1.013742446899414,0.0016914914594963193
-0.3008404633314881,0.9848827719688416,0.0016821026802062988
-0.30078946398505063,0.9864683151245117,0.001682995818555355
-0.30076261860253484,1.0086102485656738,0.001706435577943921
-0.30067524057168776,1.0160495042800903,0.001693635480478406
-0.3006469655818834,0.9753446578979492,0.001719045452773571
-0.30063077489900913,1.0190634727478027,0.001697147497907281
-0.30052087915212145,0.9899727702140808,0.0016818661242723465
-0.3005082382340606,0.9923856258392334,0.0016855431022122502
-0.300469165726242,1.0294723510742188,0.0017010478768497705
-0.3003958396573772,1.009189486503601,0.0016891758423298597
-0.30030049246660245,0.9893506765365601,0.0016851413529366255
-0.30024510940611765,0.9949809908866882,0.0016974384197965264
-0.300142405685908,1.0177817344665527,0.001692663412541151
-0.3001193244497624,1.0179978609085083,0.0016952621517702937
-0.3000989399630978,0.9834027290344238,0.0017036681529134512
-0.3000034727829537,0.9957801103591919,0.0016853025881573558
-0.29992692075653293,1.0371662378311157,0.0016970682190731168
-0.2998985199753199,1.0112215280532837,0.0016897404566407204
-0.2998604450462393,1.0186481475830078,0.0017169670900329947
-0.29976522243951864,0.9915940165519714,0.0016806788044050336
-0.29973151656844166,0.9908009767532349,0.001686363248154521
-0.29972966984338,1.015906810760498,0.0017258343286812305
-0.29961477565745,1.0133951902389526,0.001693587750196457
-0.2996122900664051,1.013131856918335,0.0016913360450416803
-0.29955450172869696,0.9851660132408142,0.0016833790577948093
-0.2995034734945886,0.9885233044624329,0.0016840064199641347
-0.29947664212538677,1.0156757831573486,0.0017098146490752697
-0.2993892744413693,1.014663815498352,0.001693865517154336
-0.29936100829083273,0.9688470363616943,0.001715948572382331
-0.2993447949726372,1.017356276512146,0.001696086605079472
-0.29923490827912025,0.9956128597259521,0.0016846200451254845
-0.29922225399510616,0.9902278184890747,0.0016852214466780424
-0.29918320563290735,1.0213927030563354,0.0016961510991677642
-0.2991098508923691,1.0085731744766235,0.0016882966738194227
-0.2990145280606853,0.983289897441864,0.0016818137373775244
-0.2989591307736257,0.9937240481376648,0.0016968278214335442
-0.29885643632320535,1.0158896446228027,0.0016927276737987995
-0.29883334172068576,1.016165018081665,0.0016939585329964757
-0.2988129811623801,0.9852847456932068,0.0017045964486896992
-0.298717485742347,0.9933416247367859,0.0016842924524098635
-0.2986409578598618,1.0275824069976807,0.0016925171948969364
-0.29861252754593265,1.0141884088516235,0.0016913594445213675
-0.2985744677059432,1.016161561012268,0.0017166459001600742
-0.29847925480100673,0.9960271120071411,0.0016828726511448622
-0.2984455351326134,0.9872099161148071,0.0016857713926583529
-0.2984437121209657,1.018333077430725,0.0017289638053625822
-0.29832880284468144,1.0093016624450684,0.0016907874960452318
-0.29832630453420245,1.0150146484375,0.0016925089294090867
-0.2982685403419034,0.9854332208633423,0.0016837067669257522
-0.2982174832197032,0.9868127107620239,0.0016833952395245433
-0.2981906656471863,1.0076425075531006,0.001705734757706523
-0.2981033085266272,1.013222575187683,0.0016928700497373939
-0.2980750509997818,0.9745430946350098,0.0017182338051497936
-0.2980588150452127,1.0126619338989258,0.0016951514407992363
-0.29794893740654005,0.9880828261375427,0.0016820974415168166
-0.29793626997320205,0.9980501532554626,0.0016883761854842305
-0.29789724553978325,1.024939775466919,0.0016976756742224097
-0.29772856343940235,0.9834756255149841,0.0016818009316921234
-0.297673152140292,0.9898771047592163,0.0016956784529611468
-0.29757046717481594,1.0153223276138306,0.00169186235871166
-0.2975473589913986,1.0187922716140747,0.0016957184998318553
-0.29752702236145184,0.9786818027496338,0.00170199538115412
-0.2974314984867957,0.9917235374450684,0.0016839075833559036
-0.29735499474803534,1.0324054956436157,0.0016943613300099969
-0.2973265351152823,1.0140571594238281,0.0016908891266211867
-0.29728849015133396,1.0161820650100708,0.0017160041024908423
-0.2971932871620738,0.9928037524223328,0.001681790454313159
-0.29715955369636393,0.9892966151237488,0.0016850646352395415
-0.2971577543981304,1.0164285898208618,0.0017275485442951322
-0.2970428300314917,1.009941577911377,0.0016913128783926368
-0.2970403187868443,1.0174593925476074,0.001692998455837369
-0.2969825787386912,0.9792034029960632,0.0016805847408249974
-0.29693149273050445,0.9849914908409119,0.0016823543701320887
-0.29681734239672974,1.015441656112671,0.001693876925855875
-0.29678909349294413,0.9700157046318054,0.0017171475337818265
-0.2967728351186305,1.0165655612945557,0.0016963462112471461
-0.29666296653395985,0.9903347492218018,0.0016830677632242441
-0.2966502857353006,0.9966158270835876,0.0016872184351086617
-0.2966112852298195,1.0268092155456543,0.0016991834854707122
-0.29644259903453773,0.9893898963928223,0.0016841096803545952
-0.296387173506537,0.9933494925498962,0.0016973334131762385
-0.29628449802642653,1.0211855173110962,0.0016936493339017034
-0.29626137626253246,1.0156688690185547,0.0016944467788562179
-0.2962410635613657,0.9839363694190979,0.001704059774056077
-0.2961455114455575,0.9923216700553894,0.0016836640425026417
-0.2960690318513642,1.027960181236267,0.0016935515450313687
-0.29604054290020854,1.0136488676071167,0.0016907780664041638
-0.29600251281145895,1.0168267488479614,0.001717054401524365
-0.29590731952271987,0.9995627403259277,0.0016845393693074584
-0.2958735724763228,0.9887341260910034,0.0016853460110723972
-0.2958717966752949,1.0181615352630615,0.0017289717216044664
-0.29575685721893363,1.0111398696899414,0.0016921578207984567
-0.2956966171359003,0.9878208041191101,0.001684885355643928
-0.29564550245604004,0.9892002940177917,0.0016845237696543336
-0.2956187126918378,1.0089093446731567,0.0017088705208152533
-0.2955313764819879,1.014577865600586,0.0016930110286921263
-0.2955031362012617,0.9694779515266418,0.0017167446203529835
-0.29548685497584004,1.0142346620559692,0.0016952481819316745
-0.2953769956609586,0.9930310845375061,0.0016843288904055953
-0.2953643014963464,0.9946140050888062,0.0016865723300725222
-0.2953253251356428,1.0267754793167114,0.001698967069387436
-0.2951566344143074,0.9816924929618835,0.0016809393418952823
-0.2951011948727819,0.9918082356452942,0.0016966098919510841
-0.2949985286624608,1.0120632648468018,0.0016909961123019457
-0.2949753935326135,1.0166891813278198,0.0016939208144322038
-0.29495510476064773,0.9793232679367065,0.0017022978281602263
-0.29485952440410906,0.9940360188484192,0.0016853080596774817
-0.2947830687397481,1.0301140546798706,0.0016941321082413197
-0.2947545504706108,1.0169181823730469,0.0016920348862186074
-0.2947165354711629,1.0182021856307983,0.0017171551007777452
-0.2946213520993635,0.9971485733985901,0.0016835926799103618
-0.2945875910407051,0.9861457347869873,0.001685730996541679
-0.29458583895288065,1.0162218809127808,0.0017275052377954125
-0.2944708844063754,1.009035587310791,0.0016912143910303712
-0.2944683475081257,1.016733169555664,0.0016930969431996346
-0.2944106555326881,0.9820420145988464,0.00168159743770957
-0.2943595119655781,0.9859509468078613,0.001683656475506723
-0.2943327362142687,1.0052363872528076,0.0017038782825693488
-0.2942454103525115,1.0157214403152466,0.001693953643552959
-0.29421717890957944,0.9731696248054504,0.0017183630261570215
-0.29420087504862624,1.0189324617385864,0.0016969579737633467
-0.2940910245732229,0.9950003027915955,0.001684129354543984
-0.2940783172573922,0.9990226626396179,0.0016878091264516115
-0.2940393650423082,1.020715594291687,0.0016955267637968063
-0.29387067000839023,0.9897150993347168,0.001684241578914225
-0.2938152162390271,0.9917850494384766,0.0016963351517915726
-0.2937125595140713,1.0170373916625977,0.0016932168509811163
-0.2936894105871182,1.0143139362335205,0.0016925947275012732
-0.29366914596035104,0.9842531085014343,0.001703870133496821
-0.29357353714708384,0.9937877058982849,0.001684364047832787
-0.2934971058441297,1.0295404195785522,0.0016947201220318675
-0.293468558040592,1.015102744102478,0.0016909751575440168
-0.2934305579152905,1.014917016029358,0.0017155827954411507
-0.2933353844600098,0.9939473867416382,0.0016815660055726767
-0.29330160982003217,0.9866185188293457,0.0016854879213497043
-0.2931849115931856,1.0130687952041626,0.0016933316364884377
-0.29318236197592307,1.0159845352172852,0.0016931958962231874
-0.29312469414505243,0.9825583696365356,0.0016825407510623336
-0.29307352169111367,0.9889957308769226,0.0016844655619934201
-0.2930467597369103,1.0080528259277344,0.0017054630443453789
-0.29295944443882216,1.0126217603683472,0.0016931096324697137
-0.29293122140274147,0.9701098203659058,0.0017160295974463224
-0.29291489512183333,1.017111897468567,0.0016963054658845067
-0.2928050537000109,0.9950070381164551,0.0016843457706272602
-0.29279233323422477,0.9959070086479187,0.0016866495134308934
-0.2927534049479208,1.0251179933547974,0.0016987635754048824
-0.2925847053871073,0.9871740937232971,0.0016826052451506257
-0.29252923760569316,0.9889601469039917,0.001694690203294158
-0.2924265903661032,1.0150845050811768,0.0016916741151362658
-0.2924034278582521,1.0160388946533203,0.001694852369837463
-0.2923831871608964,0.9856557846069336,0.0017053032061085105
-0.29228755010668794,0.9948086142539978,0.0016845131758600473
-0.29218256560994166,1.0118454694747925,0.0016905078664422035
-0.2921445805749945,1.0202571153640747,0.0017181463772431016
-0.2920494168206559,0.9968299865722656,0.0016829143278300762
-0.2920156283842039,0.9880349040031433,0.0016850518295541406
-0.29201392350847316,1.0123165845870972,0.0017246066126972437
-0.29189893878041706,1.0126464366912842,0.0016927460674196482
-0.2918387325422613,0.9861893057823181,0.001683680689893663
-0.2917875312006516,0.9857577085494995,0.0016826011706143618
-0.29176078325870963,1.008362054824829,0.001707020215690136
-0.2916734783082932,1.0126487016677856,0.0016929844859987497
-0.29164526411105923,0.9720519781112671,0.0017175667453557253
-0.2916289151950406,1.0173147916793823,0.0016965260729193687
-0.29151908282679917,0.993614912033081,0.00168419920373708
-0.29150634899674416,0.9954668283462524,0.001686593983322382
-0.2914674448535336,1.0271387100219727,0.001699336338788271
-0.29129874098203223,0.9846771955490112,0.0016820613527670503
-0.29124325897235914,0.9933692216873169,0.0016974265454337
-0.2911406212177137,1.0163283348083496,0.0016928731929510832
-0.29111744512896487,1.0158134698867798,0.0016938851913437247
-0.2910972283601787,0.9844671487808228,0.0017035320634022355
-0.2910015628511363,0.9938900470733643,0.001684066141024232
-0.29092517983521093,1.028521180152893,0.0016939188353717327
-0.2908965731790806,1.0150249004364014,0.001691343612037599
-0.2908586032351195,1.0149774551391602,0.0017140271374955773
-0.2907634491817229,0.9932581186294556,0.0016826556529849768
-0.290729647163531,0.9896740317344666,0.0016860554460436106
-0.2907279660012144,1.0158692598342896,0.0017284380737692118
-0.2906129659672273,1.0117182731628418,0.00169243139680475
-0.2906103906963622,1.0179164409637451,0.0016931601567193866
-0.2905527709390491,0.9779946208000183,0.0016804808983579278
-0.29050154092660846,0.986198365688324,0.0016829660162329674
-0.2904748067807197,1.0039021968841553,0.0017049565212801099
-0.2903875123935511,1.0142544507980347,0.0016929811099544168
-0.29035930660380027,0.972847580909729,0.0017176071414723992
-0.29034293526866867,1.014778733253479,0.0016960990615189075
-0.29023311195463997,0.9921289086341858,0.0016827015206217766
-0.2902203647586322,0.9942233562469482,0.0016870080726221204
-0.2901814847593569,1.028252363204956,0.0016993023455142975
-0.29001277657611524,0.9872208833694458,0.0016830643871799111
-0.28995728033944645,0.9870714545249939,0.0016948485281318426
-0.28985465185416903,1.0133507251739502,0.0016908950638026
-0.2898314623998882,1.0172741413116455,0.0016942665679380298
-0.28981126955946074,0.9825586080551147,0.001703306450508535
-0.2897155758096879,0.9941623210906982,0.0016853215638548136
-0.2896392167229632,1.0308712720870972,0.001696418272331357
-0.28961058096379627,1.016282558441162,0.001691616838797927
-0.2895726256800891,1.0203745365142822,0.0017175213433802128
-0.2894774817579455,0.9980794191360474,0.0016838209703564644
-0.28944366572770275,0.9884265661239624,0.0016863548662513494
-0.28932699315403776,1.0111949443817139,0.001691664569079876
-0.28932440494984635,1.0145349502563477,0.0016905124066397548
-0.2892668095514135,0.9824255108833313,0.0016823221230879426
-0.2892155504365675,0.9867904782295227,0.00168318091891706
-0.2891888303033613,1.0127464532852173,0.001710590673610568
-0.2891015462632326,1.0109859704971313,0.0016925998497754335
-0.28907334931211803,0.9728487730026245,0.0017172727966681123
-0.28905695512566787,1.0177044868469238,0.0016960683278739452
-0.288934380519678,0.9931604266166687,0.0016853355336934328
-0.2888955246651802,1.0204336643218994,0.00169656565412879
-0.2887268119548321,0.9870980381965637,0.0016833681147545576
-0.28867130170611244,0.9913049340248108,0.0016965680988505483
-0.28856868270704267,1.0202510356903076,0.0016942692454904318
-0.28854547966996924,1.018524169921875,0.0016950899735093117
-0.288525310758743,0.9809996485710144,0.0017024548724293709
-0.28842958855266265,0.989678680896759,0.001683198963291943
-0.28835325382629207,1.0211025476455688,0.0016893231077119708
-0.288324588534409,1.0101360082626343,0.001689945231191814
-0.2882866483402141,1.0192092657089233,0.00171750714071095
-0.28819151411943367,0.9902312159538269,0.0016807954525575042
-0.2881576842927166,0.9888331890106201,0.001686160103417933
-0.2881560505559646,1.0195913314819336,0.0017290418036282063
-0.288041020341269,1.0088177919387817,0.001691208453848958
-0.28803841941764363,1.0181195735931396,0.0016933777369558811
-0.28798084794862233,0.9816790819168091,0.0016822682227939367
-0.28792956016168203,0.9892246723175049,0.001684423303231597
-0.2879028538260027,1.0096708536148071,0.0017080755205824971
-0.2878155803484907,1.01406991481781,0.0016934375744313002
-0.2877873920204356,0.9736385941505432,0.0017172680236399174
-0.28777097519824335,1.0134717226028442,0.0016952151199802756
-0.28764839649735263,0.9969370365142822,0.0016873523127287626
-0.2876095645722666,1.0260988473892212,0.0016984072281047702
-0.2874408475491257,0.9862145781517029,0.0016822150209918618
-0.2873853230723574,0.9907474517822266,0.0016966345719993114
-0.2872827135586532,1.0160090923309326,0.0016918450128287077
-0.2872594969402611,1.015379786491394,0.0016921538626775146
-0.28723935195781475,0.9829240441322327,0.0017038782825693488
-0.2871436015122668,0.9933145642280579,0.0016842238837853074
-0.2870672907144657,1.029082179069519,0.0016941360663622618
-0.2870385961046008,1.0133086442947388,0.0016911127604544163
-0.2870006710005496,1.0147353410720825,0.0017153037479147315
-0.28690554648050076,0.9989228844642639,0.0016860195901244879
-0.2868717030720437,0.9888493418693542,0.001685784780420363
-0.28687009283312936,1.0153753757476807,0.0017261177999898791
-0.28675504752871095,1.0126690864562988,0.0016922190552577376
-0.2866948863460417,0.9855399131774902,0.0016830188687890768
-0.28664356967164106,0.9852644205093384,0.0016828671796247363
-0.2866168773484338,1.0067073106765747,0.0017062642145901918
-0.2865296142185933,1.0119938850402832,0.0016923256916925311
-0.28650143451359783,0.9690019488334656,0.0017157373949885368
-0.2864849952722927,1.015882968902588,0.0016958670457825065
-0.2863751991209018,0.9987038373947144,0.0016845588106662035
-0.2863624122583984,0.9929108619689941,0.0016856335569173098
-0.28632360447851096,1.0248215198516846,0.0016982097877189517
-0.286154882928474,0.9851488471031189,0.0016822320176288486
-0.28609934443860263,0.9891442656517029,0.0016956937033683062
-0.285996744410264,1.0153262615203857,0.001690904377028346
-0.28597351421181594,1.0187228918075562,0.0016949307173490524
-0.2859533931577286,0.9821270108222961,0.001702852314338088
-0.28585761447144964,0.9945215582847595,0.0016849071253091097
-0.28578132781779453,1.0283777713775635,0.0016952620353549719
-0.2857526036737399,1.0156500339508057,0.0016921816859394312
-0.28571469344446676,1.0176277160644531,0.0017164535820484161
-0.28561957905672336,0.9934999346733093,0.0016812453977763653
-0.28558572163579443,0.9880936145782471,0.001685802941210568
-0.285584135110294,1.0192413330078125,0.0017288667149841785
-0.2854690747161527,1.009780764579773,0.0016912984428927302
-0.2854089249590376,0.9813768863677979,0.0016816300339996815
-0.28535757939759765,0.9858009219169617,0.0016830152599141002
-0.28533090087044366,1.0108489990234375,0.0017096680821850896
-0.2852436483038512,1.0115735530853271,0.0016930074198171496
-0.2852154772225469,0.9720842242240906,0.0017170110950246453
-0.2851990153459208,1.0179427862167358,0.0016970676369965076
-0.2850892282479006,0.9894664287567139,0.0016818225849419832
-0.2850764280194442,0.9940689206123352,0.0016867637168616056
-0.28503764416875754,1.0224735736846924,0.001696871011517942
-0.28486891852382024,0.9847509264945984,0.0016822901088744402
-0.2848133658052686,0.9923825860023499,0.0016970265423879027
-0.2847107752618746,1.01833975315094,0.001693395315669477
-0.2846875314827393,1.0169352293014526,0.0016941684298217297
-0.28466743435701064,0.9780715703964233,0.0017017978243529797
-0.28457162721526674,0.9911786913871765,0.001683735870756209
-0.2844953647055468,1.0244345664978027,0.001691002631559968
-0.28446661145929764,1.0106645822525024,0.0016892951680347323
-0.28433361141779046,0.992679238319397,0.0016818318981677294
-0.28429974041512146,0.9862581491470337,0.0016846884973347187
-0.28429817738787977,1.0144540071487427,0.001727231894619763
-0.28418310190296314,1.014517068862915,0.0016947902040556073
-0.2841804623907246,1.017169713973999,0.0016927424585446715
-0.2841229633558254,0.9853846430778503,0.0016831659013405442
-0.28407158912313324,0.986085057258606,0.0016831392422318459
-0.28404492439245377,1.0066066980361938,0.0017047818982973695
-0.2839576821741643,1.0118495225906372,0.0016931655118241906
-0.28392951971591973,0.9705920815467834,0.0017156805843114853
-0.28391303541849633,1.0142825841903687,0.0016951840370893478
-0.2838032573755309,0.9976848363876343,0.0016853410052135587
-0.28379044378154256,0.9956504702568054,0.0016867023659870028
-0.28375168407521234,1.0243501663208008,0.0016982696251943707
-0.2835829541181136,0.9907562732696533,0.0016837614821270108
-0.2835273871723559,0.990093469619751,0.001696086605079472
-0.28342480589790886,1.0159236192703247,0.0016917693428695202
-0.28340154875282053,1.0137852430343628,0.0016931433929130435
-0.2833814755560824,0.9819456934928894,0.0017031359020620584
-0.2832856401738181,0.9946408867835999,0.0016849254025146365
-0.283209401810139,1.0280269384384155,0.0016946931136772037
-0.28318061902906816,1.0114262104034424,0.0016899073962122202
-0.28314273876387464,1.018083095550537,0.001717330887913704
-0.2830476437784365,0.9963539242744446,0.001683356356807053
-0.2830137589788722,0.9866621494293213,0.0016853921115398407
-0.2830122196650445,1.0097635984420776,0.0017248186049982905
-0.2828971290897733,1.0059826374053955,0.001689393655396998
-0.28289447685936425,1.0115169286727905,0.0016904255608096719
-0.28283700175261317,0.98204505443573,0.0016825631028041244
-0.2827855986330925,0.9847908020019531,0.0016831123502925038
-0.28275894791488465,1.0093750953674316,0.0017073353519663215
-0.28267171626047494,1.01126229763031,0.0016920020570978522
-0.2826435624246585,0.9765040874481201,0.0017184547614306211
-0.28262705549107203,1.0145184993743896,0.0016956990584731102
-0.2825044597587964,0.9940730333328247,0.0016864833887666464
-0.28246572398082515,1.0230575799942017,0.0016977128107100725
-0.28229698949683063,0.9856310486793518,0.0016819864977151155
-0.28224140875459847,0.9928129315376282,0.001696926774457097
-0.28213883674994045,1.0166341066360474,0.0016922993818297982
-0.2821155660231121,1.0139966011047363,0.0016930520068854094
-0.2820955167559962,0.983801007270813,0.0017045929562300444
-0.2819996531325799,0.9906230568885803,0.0016838182928040624
-0.2819234389138889,1.0261337757110596,0.0016931822756305337
-0.2818946265992599,1.0153193473815918,0.0016923926305025816
-0.2818567614239996,1.0142306089401245,0.0017151368083432317
-0.2817616763546591,0.9982950091362,0.0016831856919452548
-0.28172777775925206,0.984144926071167,0.0016843144549056888
-0.28172626194220896,1.014615774154663,0.0017264886992052197
-0.28161115627700484,1.0127991437911987,0.0016929510748013854
-0.28160849132695104,1.0179665088653564,0.0016923886723816395
-0.2815510403653986,0.9849059581756592,0.0016818912699818611
-0.28149960835820703,0.9896932244300842,0.0016843482153490186
-0.28147297143689465,1.0045312643051147,0.0017049345187842846
-0.2813857501301565,1.0110509395599365,0.001692247693426907
-0.28135760513297603,0.9733152389526367,0.001717057661153376
-0.281341075563858,1.0126477479934692,0.0016943521331995726
-0.2812313156293177,0.9929473400115967,0.0016834759153425694
-0.28121847552068424,0.9918020963668823,0.0016856996808201075
-0.28117976388664845,1.0248905420303345,0.0016991877928376198
-0.2811060092529828,1.0130058526992798,0.001690712058916688
-0.2810110250917555,0.9895145893096924,0.0016844175988808274
-0.28095543012084345,0.98975670337677,0.0016961286310106516
-0.28085286760197226,1.0160691738128662,0.001692021731287241
-0.2808295832934039,1.0178484916687012,0.0016943366499617696
-0.2808095579556993,0.9825026988983154,0.0017032291507348418
-0.2807136658770285,0.9919971823692322,0.001683968584984541
-0.2806374758016412,1.0261478424072266,0.0016946964897215366
-0.28060863438397554,1.013995885848999,0.0016907226527109742
-0.2805707838693904,1.01758873462677,0.0017167252954095602
-0.2804757087157262,0.9939944744110107,0.0016822406323626637
-0.28044179632363414,0.9866645932197571,0.0016854628920555115
-0.28044030421937366,1.0169802904129028,0.0017274890560656786
-0.28032518346381496,1.011544942855835,0.0016931096324697137
-0.2803225055789613,1.0150060653686523,0.0016911423299461603
-0.280213617867745,0.9848793148994446,0.0016827600775286555
-0.28018699517532314,1.0107017755508423,0.0017093356000259519
-0.28009978421541437,1.0117415189743042,0.0016922132344916463
-0.2800716476257173,0.9727368950843811,0.0017166195902973413
-0.2800550956374863,1.0161879062652588,0.0016953290905803442
-0.27993249128173003,0.9976086616516113,0.001687820185907185
-0.27989380379247175,1.0243993997573853,0.0016976899933069944
-0.2798200207027094,1.010514736175537,0.001690594363026321
-0.2797250606858386,0.9860926270484924,0.0016822443576529622
-0.27966945148708844,0.9936127066612244,0.0016982179367914796
-0.27956689845442495,1.0152138471603394,0.0016919939080253243
-0.27954360056495875,1.0145952701568604,0.0016929751727730036
-0.27952359915582364,0.9779092669487,0.001701689325273037
-0.2794276788364219,0.9922067523002625,0.0016843441408127546
-0.27935151290497007,1.0224870443344116,0.0016920838970690966
-0.27932264195311474,1.0142027139663696,0.0016910242848098278
-0.2792848065290943,1.0197557210922241,0.0017176740802824497
-0.27918974107721456,0.9938708543777466,0.0016825414495542645
-0.2791558151029614,0.9856487512588501,0.0016845442587509751
-0.2791543464969594,1.0144093036651611,0.0017273579724133015
-0.27903921086620176,1.0111180543899536,0.0016917383763939142
-0.2790365200476007,1.015439748764038,0.001692313700914383
-0.2789791173745507,0.9796597957611084,0.0016818586736917496
-0.2789276275934911,0.9849905967712402,0.0016830803360790014
-0.2789010186983858,1.000219702720642,0.001701850793324411
-0.2788138183006724,1.0119534730911255,0.0016925614327192307
-0.27878569033403483,0.9729619026184082,0.001715784426778555
-0.2787691157106934,1.0158665180206299,0.0016960835782811046
-0.2786465072585628,0.995114266872406,0.0016859591705724597
-0.27860784369829483,1.020416259765625,0.0016974613536149263
-0.27853403193812254,1.0103123188018799,0.0016899071633815765
-0.2784390960645554,0.9892721772193909,0.0016837917501106858
-0.27838347285375464,0.9891602993011475,0.0016963619273155928
-0.27828092930645654,1.0153321027755737,0.0016918379114940763
-0.2782576178356716,1.0193270444869995,0.0016946701798588037
-0.2782376403548954,0.9793503284454346,0.0017028840957209468
-0.2781416915793969,0.9929474592208862,0.00168439035769552
-0.2780655497927226,1.0279263257980347,0.0016957714688032866
-0.2780366495233064,1.0121511220932007,0.0016907383687794209
-0.27799882918879826,1.013646125793457,0.0017156428657472134
-0.2779037736538582,0.9905207753181458,0.0016798395663499832
-0.27786983366713325,0.9868059754371643,0.0016853096894919872
-0.2778683887753872,1.0154693126678467,0.0017267379444092512
-0.27775323805427526,1.0091253519058228,0.0016913003055378795
-0.27775053430024255,1.0176703929901123,0.0016932442085817456
-0.2776931557711281,0.9830613136291504,0.0016823399346321821
-0.2776416373192372,0.9889733791351318,0.0016843760386109352
-0.27761504222018507,1.0078679323196411,0.0017059283563867211
-0.27752785217035403,1.012216567993164,0.0016926426906138659
-0.2774997328267761,0.973979115486145,0.0017170400824397802
-0.27748313556832416,1.0161746740341187,0.001696375198662281
-0.2773734030119981,0.9909003376960754,0.0016820522723719478
-0.2773605230210822,0.9922816157341003,0.0016857597511261702
-0.27732188360453924,1.026787519454956,0.0016985401744022965
-0.27724804338826986,1.0153905153274536,0.0016920696943998337
-0.27715313165884903,0.9886474609375,0.0016840365715324879
-0.2770974942204207,0.9904603362083435,0.001696362509392202
-0.2769949601580673,1.0174109935760498,0.0016925145173445344
-0.2769716351059631,1.0137676000595093,0.001692914287559688
-0.27695168155396716,0.9816994667053223,0.0017027229769155383
-0.27685570453900077,0.9925546050071716,0.0016853422857820988
-0.27677958689647253,1.018968105316162,0.0016895716544240713
-0.27675065730865367,1.0150563716888428,0.0016916465247049928
-0.27671285184892325,1.0149011611938477,0.0017149194609373808
-0.27661780601450425,0.9957165718078613,0.001683066482655704
-0.2765838524464602,0.987204372882843,0.001685695257037878
-0.2765824312681284,1.0187880992889404,0.0017287444788962603
-0.2764672652415065,1.0117875337600708,0.0016925957752391696
-0.27646454876846116,1.011020302772522,0.0016900458140298724
-0.2764071941685474,0.9822252988815308,0.0016822472680360079
-0.27635564682919644,0.9851343035697937,0.0016825702041387558
-0.2763290657421952,1.0064976215362549,0.0017050394089892507
-0.2762418862560331,1.0162296295166016,0.0016933229053393006
-0.2762137755355146,0.9700629115104675,0.0017153332009911537
-0.27619715564195224,1.0167776346206665,0.0016956307226791978
-0.2760874321389969,0.9917353391647339,0.0016829526284709573
-0.27607453878297006,0.997952401638031,0.0016875963192433119
-0.27603592351036255,1.024195909500122,0.0016975841717794538
-0.2759620546224199,1.0136237144470215,0.0016914617735892534
-0.2758671672535634,0.983498215675354,0.0016807862557470798
-0.2758115155875077,0.9927626848220825,0.0016974720638245344
-0.2757089907941013,1.0155287981033325,0.001692080986686051
-0.27568565237688647,1.0191107988357544,0.0016954269958660007
-0.2756657229696678,0.9795992374420166,0.0016999182989820838
-0.2755697174975523,0.9915990233421326,0.0016839231830090284
-0.2754936239998014,1.0257792472839355,0.001693894388154149
-0.2754646648786347,1.012474536895752,0.0016907822573557496
-0.27542687429389295,1.0159555673599243,0.001716360915452242
-0.2753318383751503,0.9957939386367798,0.0016830031527206302
-0.2752978710106321,0.9895699620246887,0.0016859032912179828
-0.27529647354529296,1.0154129266738892,0.001726861228235066
-0.2751812924283169,1.0074963569641113,0.0016912551363930106
-0.27517856323710055,1.0188548564910889,0.0016936752945184708
-0.2751212327821748,0.987602710723877,0.001683627488091588
-0.275069656554311,0.9850861430168152,0.001682827714830637
-0.27504308926420507,1.0109151601791382,0.0017093333881348372
-0.27495592012571446,1.012835144996643,0.001693419530056417
-0.2749278182438324,0.9709144234657288,0.0017163773300126195
-0.27491117571452794,1.0148184299468994,0.0016961843939498067
-0.2747885547595924,0.9938194155693054,0.0016861207550391555
-0.274676066072778,1.0143531560897827,0.0016918895998969674
-0.2745812026335436,0.9874501824378967,0.001682717353105545
-0.2745255369537529,0.9898785948753357,0.001696477411314845
-0.2744230216457121,1.0127958059310913,0.001691160723567009
-0.2743996696469677,1.016191005706787,0.0016934988088905811
-0.27437976416895005,0.9797912836074829,0.0017021630192175508
-0.2742837304569457,0.9921340942382812,0.0016842549666762352
-0.27420766088755366,1.0269688367843628,0.0016955244354903698
-0.27417867266419244,1.0127501487731934,0.0016910048434510827
-0.2741408969540179,1.013787031173706,0.0017157582333311439
-0.2740458709517939,0.9973833560943604,0.0016840153839439154
-0.27401188979080116,0.9879128336906433,0.0016858879243955016
-0.27389531961512714,1.0094205141067505,0.0016915249871090055
-0.2738925774893213,1.0181491374969482,0.0016931588761508465
-0.27383527117896267,0.9798499941825867,0.0016813705442473292
-0.2737836662794255,0.9865766763687134,0.0016835969872772694
-0.27375711278621506,1.0052210092544556,0.0017054416239261627
-0.27366995421139356,1.0143189430236816,0.001692923135124147
-0.2736418607365735,0.9708790183067322,0.0017156116664409637
-0.2736251957871034,1.0178993940353394,0.0016960506327450275
-0.27351549039341516,0.9924130439758301,0.001682959613390267
-0.2735025705208487,0.9933780431747437,0.0016857563750818372
-0.27346400332369325,1.0224132537841797,0.0016975714825093746
-0.27339007730671727,1.011446237564087,0.0016909744590520859
-0.2732952382278369,0.9854726195335388,0.001682066940702498
-0.2732395583197874,0.9921492338180542,0.001697421888820827
-0.2731370524971122,1.0174074172973633,0.00169268436729908
-0.27311368691810156,1.0132668018341064,0.001692128018476069
-0.27309380536802186,0.9849980473518372,0.0017044140258803964
-0.27299774320055226,0.9925718903541565,0.0016848861705511808
-0.2729216979921456,1.0247235298156738,0.0016938458429649472
-0.2728926802335421,1.0145986080169678,0.001691176788881421
-0.2728549196137221,1.0153635740280151,0.0017155844252556562
-0.27275990331244,0.9956379532814026,0.0016824882477521896
-0.2727259083543414,0.9836601614952087,0.001683564274571836
-0.27272455810004337,1.0153334140777588,0.0017273081466555595
-0.27260934680172705,1.0133976936340332,0.001693090540356934
-0.2726065919569081,1.0156031847000122,0.0016912323189899325
-0.27254930979111647,0.9834749698638916,0.0016830767272040248
-0.27249767579022666,0.9885220527648926,0.001684281276538968
-0.27247113630948805,1.0074596405029297,0.0017069167224690318
-0.27238398829791477,1.0095813274383545,0.0016929709818214178
-0.27235590344531224,0.9722540378570557,0.0017156240064650774
-0.2723392158607315,1.0153887271881104,0.0016957047628238797
-0.27222951952125607,0.9922967553138733,0.0016826883656904101
-0.2722165864976815,0.9955567717552185,0.0016870059771463275
-0.27217804322951655,1.020409107208252,0.0016992047894746065
-0.2721040887572859,1.0089210271835327,0.0016904107760637999
-0.27200927382213047,0.9900544881820679,0.001684337854385376
-0.27195357968666395,0.986903190612793,0.0016955595929175615
-0.27185108334977554,1.0125302076339722,0.00169030437245965
-0.2718277041888144,1.0176485776901245,0.001694482984021306
-0.27180784656793544,0.9875208139419556,0.0017050293972715735
-0.2717117561593141,0.9918593168258667,0.0016837603179737926
-0.2716357350958957,1.0209037065505981,0.0016902904026210308
-0.27160668780268127,1.0131064653396606,0.0016906228847801685
-0.27156894227342604,1.0166015625,0.0017166711622849107
-0.27147393567308603,0.9939391016960144,0.0016815776471048594
-0.2714399271343,0.9849874377250671,0.0016841583419591188
-0.2714386003772081,1.0167871713638306,0.0017270150128751993
-0.27132337420474534,1.0108085870742798,0.0016924559604376554
-0.2713206062097605,1.018568515777588,0.001693550031632185
-0.27126334818853587,0.9805924296379089,0.0016814362024888396
-0.2712116855157622,0.9870522618293762,0.001684012939222157
-0.27118515983191915,1.0040675401687622,0.0017033214680850506
-0.27109802216759626,1.0128839015960693,0.0016927978722378612
-0.2710699459380532,0.9762768745422363,0.0017168739577755332
-0.2710532359339388,1.015920639038086,0.0016965812537819147
-0.27094354864867587,0.9981344938278198,0.0016847207443788648
-0.2709306022602009,0.9971210360527039,0.0016870546387508512
-0.2708920831353397,1.0235426425933838,0.0016979346983134747
-0.270818099991857,1.013106107711792,0.001691183540970087
-0.2707233092012683,0.9857773184776306,0.0016828274819999933
-0.27066760105290916,0.9931163191795349,0.0016976651968434453
-0.2705651142022282,1.0151197910308838,0.0016919197514653206
-0.270541721459106,1.0174647569656372,0.0016943404916673899
-0.27052188776721775,0.9781044125556946,0.0017006105044856668
-0.27042576911870747,0.9905524849891663,0.001683220500126481
-0.27034977198364807,1.0285247564315796,0.0016950826393440366
-0.270320695588239,1.01227605342865,0.0016906487289816141
-0.270282964933551,1.0158790349960327,0.0017155956011265516
-0.2701879682497297,0.9950336813926697,0.0016831309767439961
-0.2701539459136273,0.9881198406219482,0.0016853914130479097
-0.2701526426541623,1.0125322341918945,0.0017256313003599644
-0.27003740139197685,1.0104928016662598,0.0016911585116758943
-0.270034620677979,1.0154458284378052,0.0016908685211092234
-0.2699773868009002,0.9867413640022278,0.0016842061886563897
-0.26992569524087673,0.9868854284286499,0.001683662412688136
-0.269899183353929,1.0086796283721924,0.0017064351122826338
-0.2698120562528542,1.0151190757751465,0.001693063648417592
-0.2697839886467921,0.9744502902030945,0.001716275466606021
-0.2697672560073564,1.0166350603103638,0.0016957473708316684
-0.26965757777630617,0.9888152480125427,0.0016817825380712748
-0.2696446180218782,0.9945315718650818,0.0016860779142007232
-0.269606123041163,1.0217411518096924,0.0016959111671894789
-0.2695321114415835,1.00930917263031,0.0016896972665563226
-0.2694373447955619,0.9873930811882019,0.0016818091971799731
-0.2693816226351517,0.9896212816238403,0.00169681990519166
-0.26927914505383876,1.0125066041946411,0.0016914709703996778
-0.2692557387298188,1.0152239799499512,0.0016930466517806053
-0.26923592896628945,0.9797191619873047,0.0017023705877363682
-0.26913978186168247,0.9932817816734314,0.001684721326455474
-0.2690638090869769,1.019439935684204,0.0016893070423975587
-0.2690347031580097,1.0127692222595215,0.0016906526871025562
-0.2689969873776784,1.0149632692337036,0.0017164821038022637
-0.26890200061121783,0.992763876914978,0.0016816904535517097
-0.26886796447779904,0.9870442152023315,0.0016847924562171102
-0.2688666849311162,1.0174587965011597,0.0017278394661843777
-0.2687514285796291,1.0089219808578491,0.0016915809828788042
-0.26874863514661845,1.0214961767196655,0.0016948145348578691
-0.268691425197688,0.9817050695419312,0.0016822072211652994
-0.26863970475041477,0.9882346391677856,0.0016838377341628075
-0.2686132068763601,1.0089480876922607,0.001707779592834413
-0.26852609033811226,1.0134563446044922,0.0016930578276515007
-0.2684980313559517,0.9722041487693787,0.0017156507819890976
-0.2684812760799321,1.0149515867233276,0.0016957742627710104
-0.26837160690309436,0.9908192753791809,0.0016817109426483512
-0.268358633998711,0.9936877489089966,0.0016854879213497043
-0.2683201629469863,1.0242806673049927,0.0016979995416477323
-0.2682461226761544,1.0134402513504028,0.0016917767934501171
-0.2681513803898553,0.9843905568122864,0.0016819878946989775
-0.2680956440026598,0.9923142790794373,0.0016975593753159046
-0.2679931759058706,1.0160692930221558,0.0016917281318455935
-0.2679697560001106,1.0156110525131226,0.0016941283829510212
-0.26794997016536104,0.9808996319770813,0.0017028434667736292
-0.26785379482128635,0.9924098253250122,0.0016841917531564832
-0.26777784619030576,1.0219305753707886,0.001692366786301136
-0.2677487109437777,1.0146688222885132,0.0016919991467148066
-0.2677110100378036,1.0149785280227661,0.001715024933218956
-0.2676160331878614,0.9949870109558105,0.0016838954761624336
-0.2675819832583892,0.9904788136482239,0.0016865790821611881
-0.26746545576686054,1.0122781991958618,0.0016929437406361103
-0.26746264939862874,1.0155357122421265,0.001691178884357214
-0.26740546380984187,0.9806085824966431,0.001681555062532425
-0.2673537144759505,0.9857696890830994,0.0016827702056616545
-0.2673272303983699,1.0014538764953613,0.0017025807173922658
-0.2672401242077938,1.01088547706604,0.0016919628251343966
-0.26721207384869294,0.9734888672828674,0.001716259284876287
-0.2671952961527181,1.0156018733978271,0.0016963654197752476
-0.26708563603009294,0.9973743557929993,0.0016855275025591254
-0.26707264976059886,0.9981438517570496,0.0016876219306141138
-0.26703420285323065,1.0231053829193115,0.00169775215908885
-0.26696013412588093,1.0111972093582153,0.0016903365030884743
-0.26686541598414865,0.9863227009773254,0.001682880218140781
-0.266809665368905,0.988423228263855,0.0016955443425104022
-0.26670720675748116,1.0150587558746338,0.0016926283715292811
-0.2666837732704024,1.0156235694885254,0.0016937123145908117
-0.2666640115810619,0.9823250770568848,0.0017033165786415339
-0.2665678077813115,0.9907411336898804,0.0016840087482705712
-0.2664918830784793,1.0244126319885254,0.0016941498033702374
-0.2664627185129169,1.0135990381240845,0.0016909452388063073
-0.2664250326987707,1.0147857666015625,0.0017155022360384464
-0.26633006554850747,0.9924600124359131,0.0016817008145153522
-0.26629600182213997,0.9849738478660583,0.0016840682365000248
-0.2662947697018643,1.0200471878051758,0.0017285411013290286
-0.2661794831692473,1.0079493522644043,0.0016904966905713081
-0.2661195022064191,0.9855793118476868,0.0016840110765770078
-0.26606772420232816,0.9862759709358215,0.0016835195710882545
-0.26604125392038,1.0096312761306763,0.0017087029991671443
-0.2659541582934729,1.0146044492721558,0.0016940874047577381
-0.2659261165574317,0.9719640612602234,0.0017151155043393373
-0.2659093162263464,1.0160402059555054,0.0016954925376921892
-0.2657996651570917,0.992205798625946,0.0016830284148454666
-0.26578666573722115,0.9968021512031555,0.0016867739614099264
-0.26574824275905395,1.025619387626648,0.001698361593298614
-0.265674145360873,1.012098789215088,0.0016912196297198534
-0.26557945136286565,0.9869678020477295,0.0016825118800625205
-0.2655236867351499,0.9908593893051147,0.0016974806785583496
-0.2654212376090919,1.0162055492401123,0.001692000194452703
-0.2653977905419572,1.0208594799041748,0.0016965405084192753
-0.26537805278160725,0.9812973141670227,0.0017031591851264238
-0.26528182073986284,0.9930518269538879,0.0016846323851495981
-0.2652059201818082,1.0246673822402954,0.0016947841504588723
-0.26517672629847466,1.0104676485061646,0.0016908140387386084
-0.2651390553584746,1.0172443389892578,0.0017155312234535813
-0.26504409812473007,0.9943794012069702,0.0016827598446980119
-0.26501002060146706,0.988457202911377,0.0016854471759870648
-0.26500881197945003,1.0124698877334595,0.001725406269542873
-0.26489351035605746,1.0113283395767212,0.0016925830859690905
-0.26489067833527596,1.023582935333252,0.0016969083808362484
-0.26483354060447006,0.9806736707687378,0.0016817656578496099
-0.26478173371186614,0.986678957939148,0.0016834944253787398
-0.26475527744302163,1.0017355680465698,0.0017010776791721582
-0.2646681923787308,1.0122883319854736,0.0016926565440371633
-0.26464015905017274,0.9701092839241028,0.0017147227190434933
-0.2646233362995535,1.0140838623046875,0.0016950835706666112
-0.26451369428409044,0.9973483085632324,0.0016848099185153842
-0.2645006814993195,0.9944109916687012,0.0016858059680089355
-0.26446228266487704,1.0266461372375488,0.0017000858206301928
-0.2643881568116522,1.0103591680526733,0.0016903121722862124
-0.26429348695842236,0.9854108095169067,0.0016818837029859424
-0.2642377081011844,0.9909871816635132,0.0016970611177384853
-0.26413526846049196,1.0165598392486572,0.0016928338445723057
-0.26411180781266985,1.014709234237671,0.001692505436949432
-0.264092093980679,0.9800441861152649,0.0017016098136082292
-0.26399583348283784,0.9897570610046387,0.0016834543785080314
-0.26391995728513706,1.020983099937439,0.0016918859910219908
-0.26389073386908746,1.0141043663024902,0.0016913518775254488
-0.2638530780181786,1.017441987991333,0.0017165542813017964
-0.26375813048579716,0.9943997263908386,0.001681869151070714
-0.2637240393807943,0.9870349168777466,0.0016852092230692506
-0.2637228542578778,1.0168647766113281,0.0017279450548812747
-0.2636075375426574,1.0106281042099,0.0016913691069930792
-0.2636046925881285,1.0166969299316406,0.0016925005475059152
-0.26354757921746597,0.9825493097305298,0.0016823713667690754
-0.2634957434369807,0.9892213344573975,0.0016837074654176831
-0.263469300965663,1.0105304718017578,0.0017096148803830147
-0.26338222624883334,1.0147404670715332,0.0016935861203819513
-0.2633542017584905,0.9704815745353699,0.0017140727723017335
-0.2633373563727608,1.0164453983306885,0.00169601000379771
-0.26322772341235234,0.9917467832565308,0.0016816582065075636
-0.26321469726099683,0.99505615234375,0.0016866789665073156
-0.26317632257196344,1.0252344608306885,0.00169864681083709
-0.2631021680455915,1.0104135274887085,0.0016900949412956834
-0.26300752255313675,0.986735463142395,0.0016829418018460274
-0.2629517294672189,0.9905598163604736,0.001697177067399025
-0.2628492993127341,1.0214552879333496,0.001694296719506383
-0.2628258250829616,1.0172924995422363,0.0016952741425484419
-0.26280613517975054,0.9814492464065552,0.0017033288022503257
-0.26270984644159967,0.9926539063453674,0.0016842475160956383
-0.26263399417331035,1.0250146389007568,0.0016947081312537193
-0.2626047416540136,1.0134496688842773,0.0016910203266888857
-0.2625671004623062,1.0155458450317383,0.0017163470620289445
-0.26247216284644326,0.9971352815628052,0.0016838258597999811
-0.2624380579443343,0.9854426980018616,0.0016844253987073898
-0.26243689653504254,1.0154539346694946,0.001727008493617177
-0.2623215649448336,1.0095959901809692,0.0016915594460442662
-0.26231870705571536,1.0225322246551514,0.0016932227881625295
-0.26226161761404326,0.9833176136016846,0.0016831421526148915
-0.26220975316251627,0.9861461520195007,0.0016824571648612618
-0.2621833247036707,1.0044379234313965,0.0017042328836396337
-0.2620962603353546,1.0153396129608154,0.0016931032296270132
-0.26206824425165254,0.9767659902572632,0.001716879545710981
-0.26205137644554677,1.0183061361312866,0.0016959246713668108
-0.26194175253977214,0.995543360710144,0.001684454269707203
-0.2619287132378296,0.9924138188362122,0.0016853827983140945
-0.2618903624782078,1.0214502811431885,0.0016974834725260735
-0.261816179495318,1.0098286867141724,0.00168998958542943
-0.26172155814743014,0.9836670756340027,0.001681436551734805
-0.26166575105030376,0.9915862083435059,0.0016968506388366222
-0.26156333016560795,1.0108219385147095,0.0016900334740057588
-0.2615398423532534,1.016510248184204,0.0016938169719651341
-0.2615201763798749,0.9811303019523621,0.0017020764062181115
-0.26142385940099305,0.9931368827819824,0.001684751478023827
-0.2613480312770603,1.0181010961532593,0.0016919209156185389
-0.26131874922315257,1.0149381160736084,0.0016919125337153673
-0.26128112312201013,1.0121777057647705,0.0017133682267740369
-0.2611861954226658,0.9948955774307251,0.0016829899977892637
-0.2611520767247142,0.9883605241775513,0.0016855595167726278
-0.26115093881220697,1.0168932676315308,0.0017266852082684636
-0.26103559213290695,1.0091133117675781,0.0016903317300602794
-0.2609756562272497,0.9833508133888245,0.0016824266640469432
-0.26092376288847285,0.9890770316123962,0.0016839427407830954
-0.2608973482256805,1.0042287111282349,0.0017056679353117943
-0.26081029442061265,1.0135477781295776,0.0016933076549321413
-0.2607822869599703,0.9729993939399719,0.0017151683568954468
-0.2607653965183328,1.0167895555496216,0.0016965543618425727
-0.2606557816667709,0.9948159456253052,0.0016829026862978935
-0.26064272899950697,0.994137704372406,0.0016858107410371304
-0.2606044023840311,1.0199350118637085,0.001695571350865066
-0.26053019094567614,1.0118768215179443,0.001691182260401547
-0.26043559374214476,0.9859741926193237,0.001683287788182497
-0.26037977241739074,0.9875876307487488,0.001696544117294252
-0.26027736101721854,1.0113509893417358,0.0016902178758755326
-0.26025385962354497,1.0159763097763062,0.001692729303613305
-0.2602342175789466,0.9824427962303162,0.0017038382356986403
-0.2601378723608077,0.9906766414642334,0.0016833427362143993
-0.2600620683812314,1.0228420495986938,0.001693593105301261
-0.2600327570078682,1.0153182744979858,0.001691892626695335
-0.2599002277845752,0.9965799450874329,0.001683400827459991
-0.259866095289307,0.9926784634590149,0.001687526353634894
-0.2598649813047377,1.0138639211654663,0.0017251080134883523
-0.2597496193205594,1.008424997329712,0.0016919177724048495
-0.2597467357757335,1.0186810493469238,0.0016931287245824933
-0.259689694839614,0.9844837188720703,0.0016834080452099442
-0.2596377723984321,0.98619145154953,0.0016827835934236646
-0.25961137174769033,1.003466010093689,0.0017045428976416588
-0.2595243282902942,1.0126508474349976,0.0016925857635214925
-0.25949632966828784,0.976284384727478,0.0017165025928989053
-0.25947941659154006,1.0166367292404175,0.0016963313100859523
-0.2593698107944012,0.9924286007881165,0.0016826759092509747
-0.25935674497633976,0.9964287281036377,0.0016874494031071663
-0.25931844250543096,1.023868203163147,0.0016984648536890745
-0.25924420218045774,1.01114821434021,0.0016909429104998708
-0.2591496291208616,0.9862067699432373,0.0016820632154121995
-0.25909379378342523,0.9881690740585327,0.0016961360815912485
-0.2589913918686188,1.0151234865188599,0.0016920453635975718
-0.2589678768950998,1.016606330871582,0.0016950967255979776
-0.2589482589935947,0.9808071255683899,0.0017023952677845955
-0.25885188531956954,0.9964160323143005,0.0016852009575814009
-0.25874676457806,1.0151256322860718,0.0016920549096539617
-0.25870916844310243,1.0167969465255737,0.0017156900139525533
-0.2586142603612188,0.9902401566505432,0.0016812507528811693
-0.258580114068634,0.9863023161888123,0.0016845394857227802
-0.25857902358169194,1.0167688131332397,0.0017284315545111895
-0.25846364672273564,1.018466591835022,0.0016944981180131435
-0.25846075024479387,1.0199923515319824,0.0016925500240176916
-0.2584037332361913,0.9812068939208984,0.0016810920787975192
-0.25835178212354665,0.9866883754730225,0.0016834690468385816
-0.25832539527012144,1.0053834915161133,0.0017073481576517224
-0.2582383623759731,1.011514663696289,0.0016929081175476313
-0.25819343666516814,1.0177055597305298,0.0016963495872914791
-0.2580838399211892,0.9920412302017212,0.001683523296378553
-0.25807076073843815,0.9955966472625732,0.001686807256191969
-0.25803248241125404,1.025598168373108,0.0016986752161756158
-0.2579582136306051,1.010441541671753,0.0016905940137803555
-0.25786366471515515,0.9853674173355103,0.001682352856732905
-0.257807815150302,0.9904033541679382,0.001696735736913979
-0.25770542272086094,1.0154668092727661,0.0016921632923185825
-0.25768189416581266,1.0151536464691162,0.0016937453765422106
-0.25766230019287695,0.9785130620002747,0.001701929490081966
-0.2575658980627551,0.996151328086853,0.0016855630092322826
-0.2574901423721021,1.021324634552002,0.0016934926388785243
-0.25746077236424925,1.0127382278442383,0.0016906593227759004
-0.2574231911028063,1.0160737037658691,0.0017154414672404528
-0.25732829272186486,0.9932648539543152,0.001682380330748856
-0.2572941328483823,0.986763596534729,0.0016855925787240267
-0.2572930658596987,1.015331745147705,0.0017266181530430913
-0.25717767391017765,1.0078247785568237,0.0016900720074772835
-0.25717476471301226,1.0189862251281738,0.00169362872838974
-0.25711777184834517,0.9870660305023193,0.0016836747527122498
-0.2570657918486612,0.9854812622070312,0.0016830647364258766
-0.2570394187929736,1.0051075220108032,0.0017035501077771187
-0.2569523964612312,1.010170817375183,0.0016918478067964315
-0.25690745673837545,1.0168462991714478,0.0016961798537522554
-0.256797869048188,0.9935858845710754,0.0016829886008054018
-0.25678477671632355,0.9932329654693604,0.001685742405243218
-0.2567465223174984,1.0196527242660522,0.0016963192028924823
-0.2566722248647551,1.0113980770111084,0.0016906862147152424
-0.2565777003094485,0.9869053959846497,0.0016817322466522455
-0.256521836516547,0.9877960085868835,0.0016961467918008566
-0.25641945357247153,1.014467716217041,0.0016914793523028493
-0.25639591165168096,1.0171995162963867,0.0016942501533776522
-0.25637634139215926,0.9795461297035217,0.0017023864202201366
-0.2562799110221484,0.9886695146560669,0.0016836284194141626
-0.25620417947606244,1.018662452697754,0.0016899637412279844
-0.2561747801489647,1.0165331363677979,0.0016921970527619123
-0.2561372137629313,1.0161997079849243,0.0017156722024083138
-0.25604232529808746,0.9936428666114807,0.0016836677677929401
-0.25600815141213284,0.9865546226501465,0.0016848873347043991
-0.2560071081366526,1.0114222764968872,0.0017244063783437014
-0.25589170109698783,1.0097053050994873,0.0016903845826163888
-0.25588877918080954,1.0209559202194214,0.0016920146299526095
-0.2557798015741968,0.9841318726539612,0.0016817243304103613
-0.2557534423154045,1.0060189962387085,0.0017052743351086974
-0.2556664305464893,1.0111231803894043,0.0016921175410971045
-0.25562147681179304,1.016553521156311,0.0016964385285973549
-0.2555118981751867,0.9952714443206787,0.001684144837781787
-0.2554987924773693,0.994247555732727,0.0016867140075191855
-0.2554605622233217,1.0249866247177124,0.0016978756757453084
-0.25538623631448165,1.0119709968566895,0.0016913319705054164
-0.2552917359037421,0.9876998066902161,0.0016839532181620598
-0.25523585809878957,0.98965984582901,0.0016963598318397999
-0.2551334844240823,1.0136159658432007,0.0016913737636059523
-0.2551099289223936,1.0182864665985107,0.0016952770529314876
-0.25509038259207306,0.9771134853363037,0.0017007699934765697
-0.2549939239815421,0.9903421401977539,0.0016832512337714434
-0.2549182165793913,1.021580696105957,0.001694865059107542
-0.25488878771810386,1.013220191001892,0.0016907535027712584
-0.2548512364226353,1.0164425373077393,0.001715769642032683
-0.2547563576587335,0.9918740391731262,0.0016823909245431423
-0.25472217019188115,0.9868611693382263,0.0016850511310622096
-0.2547211504136068,1.0139074325561523,0.0017257793806493282
-0.2546057284993746,1.0098750591278076,0.0016913849394768476
-0.25460279343387265,1.0172173976898193,0.0016919239424169064
-0.2545458488583394,0.9818280339241028,0.0016824607737362385
-0.2544938112997323,0.9878629446029663,0.0016838287701830268
-0.25446746583741453,1.006738305091858,0.0017075366340577602
-0.2543804644165917,1.0138981342315674,0.0016931156860664487
-0.2543354968843685,1.0159077644348145,0.0016957147745415568
-0.25422592751818307,0.990320086479187,0.0016815921990200877
-0.25421280845420213,0.9946286082267761,0.0016861401963979006
-0.254174602129145,1.0267971754074097,0.001699874410405755
-0.25410024776547113,1.010617733001709,0.0016906961100175977
-0.25400577149929854,0.9850727319717407,0.0016815888229757547
-0.2539498794656663,0.9884035587310791,0.001696319435723126
-0.2538475152761139,1.0157568454742432,0.0016924289520829916
-0.25382394619268533,1.0174967050552368,0.0016944861272349954
-0.2538044240075632,0.9862226247787476,0.0017056616488844156
-0.2537079369407249,0.9923737049102783,0.0016850694082677364
-0.2536322536827204,1.0171695947647095,0.0016907105455175042
-0.2536027955042932,1.0134878158569336,0.0016913538565859199
-0.2535652590823394,1.0160006284713745,0.0017154427478089929
-0.25347039023537715,0.9943774342536926,0.001682440284639597
-0.25343618897184,0.9876083731651306,0.001684935879893601
-0.2533197556859745,1.0065311193466187,0.0016908522229641676
-0.2533168079014595,1.021432876586914,0.0016928337281569839
-0.25325988725554827,0.9830208420753479,0.0016824223566800356
-0.25320782102568895,0.9840899705886841,0.0016822643810883164
-0.2531814893594244,0.9987452030181885,0.0017017072532325983
-0.25309449850269183,1.0094975233078003,0.0016918557230383158
-0.2530495171727313,1.016663670539856,0.0016965381801128387
-0.252939956646445,0.9953435659408569,0.0016834728885442019
-0.2529268242154584,0.9959902763366699,0.0016864662757143378
-0.25288864203538935,1.022098183631897,0.001697008265182376
-0.2528142590000422,1.0139378309249878,0.0016924755182117224
-0.25271980687843665,0.987042248249054,0.0016820692690089345
-0.25266390083170076,0.9902697801589966,0.001696579740382731
-0.25256154612814574,1.0157012939453125,0.001692103804089129
-0.2525379634638192,1.014296054840088,0.0016925715608522296
-0.2525184652072665,0.9816907644271851,0.0017033792100846767
-0.25242194989948674,0.9892314672470093,0.0016833784757182002
-0.25234629057089375,1.0189145803451538,0.0016936535248532891
-0.2523168030742744,1.0136698484420776,0.0016918611945584416
-0.2522792815268879,1.018623948097229,0.0017157896654680371
-0.25218442259602325,0.9934857487678528,0.0016837215516716242
-0.25215020753538,0.9875931739807129,0.0016861656913533807
-0.2521492351847759,1.019943356513977,0.001728759496472776
-0.25203378287341627,1.0115077495574951,0.0016915651503950357
-0.25203082236988833,1.019044041633606,0.0016928247641772032
-0.2519739258683336,0.9807015657424927,0.001681214664131403
-0.251921830535648,0.9882311820983887,0.0016841379692777991
-0.2518955128818555,1.008411169052124,0.0017090477049350739
-0.2518085325883709,1.0174058675765991,0.001694028964266181
-0.25176353724551725,1.016269326210022,0.0016958762425929308
-0.25165398577344344,0.990684449672699,0.0016816637944430113
-0.25164084019271205,0.9938249588012695,0.0016865903744474053
-0.25160268194121244,1.0202785730361938,0.0016964355017989874
-0.2515282704497687,1.0090569257736206,0.0016893981955945492
-0.25143384247273,0.9859497547149658,0.0016826515784487128
-0.2513779221987878,0.9881975650787354,0.0016964441165328026
-0.2512755769805983,1.0135356187820435,0.0016914141597226262
-0.25125198073453203,1.0177388191223145,0.0016955372411757708
-0.2511359628582488,0.992553174495697,0.001684557762928307
-0.2510308108589901,1.0129948854446411,0.0016906472155824304
-0.25099330418743393,1.0164421796798706,0.0017158219125121832
-0.25089845517224585,0.9943205714225769,0.0016812176909297705
-0.2508642263155494,0.9899768233299255,0.0016856908332556486
-0.25086327746257214,1.0109155178070068,0.0017237461870536208
-0.2507478102770663,1.0120482444763184,0.0016911451239138842
-0.25074483683810667,1.0144516229629517,0.0016908353427425027
-0.2506879642659635,0.9830039739608765,0.0016812897520139813
-0.25063584026076247,0.986595094203949,0.0016826782375574112
-0.25060953661944185,1.00098717212677,0.0017040030797943473
-0.250522566673629,1.011739730834961,0.0016923791263252497
-0.25047755731893506,1.0159024000167847,0.0016961663495749235
-0.25036801490044225,0.9958437085151672,0.0016847786027938128
-0.25035485595523166,0.9950037598609924,0.0016859498573467135
-0.2503167218474568,1.0221192836761475,0.001697910251095891
-0.25024228189949504,1.0119200944900513,0.0016907212557271123
-0.2501478780674446,0.9891056418418884,0.0016836818540468812
-0.2500919437803988,0.9895179867744446,0.0016968031413853168
-0.24998960783220892,1.0145684480667114,0.0016919028712436557
-0.24996599800482383,1.0131908655166626,0.0016925327945500612
-0.2499465476064624,0.9807520508766174,0.0017036407953128219
-0.24984997560185512,0.9910984635353088,0.0016839408781379461
-0.24974481864391607,1.0114505290985107,0.0016901773633435369
-0.24970732684755909,1.012998342514038,0.0017141111893579364
-0.2496124877497315,0.9957360625267029,0.0016828089719638228
-0.24957824509487642,0.9891917705535889,0.0016855859430506825
-0.2495773197395263,1.0128225088119507,0.0017243692418560386
-0.2494618374638765,1.0089045763015747,0.0016911914572119713
-0.2494588510903275,1.0205662250518799,0.0016926433891057968
-0.24934984998629806,0.988963782787323,0.0016838648589327931
-0.24923660075888687,1.013548493385315,0.0016932239523157477
-0.2491915773927737,1.0177850723266602,0.0016966063994914293
-0.24908204402786205,0.9878671765327454,0.0016814268892630935
-0.24906887193206428,0.9985218644142151,0.0016867885133251548
-0.2490307619696987,1.024177074432373,0.001698442967608571
-0.2489562931336451,1.0109875202178955,0.0016906652599573135
-0.24886191366173793,0.9876846671104431,0.0016828551888465881
-0.2488059651464335,0.9903008937835693,0.00169666379224509
-0.24870363868360917,1.0130184888839722,0.0016911630518734455
-0.2486800152755364,1.0204927921295166,0.001694939681328833
-0.24866058902111066,0.9816340208053589,0.001703341375105083
-0.24856398856145923,0.9905004501342773,0.0016837366856634617
-0.2484588262132657,1.0173674821853638,0.0016928446711972356
-0.24842134950726302,1.0157966613769531,0.0017160293646156788
-0.2483265201107986,0.9903583526611328,0.001680685207247734
-0.24829226387399317,0.9873960614204407,0.0016843603225424886
-0.24829136201669083,1.011702537536621,0.0017252153484150767
-0.24817586486605275,1.0096869468688965,0.0016910922713577747
-0.24817286555875634,1.022127628326416,0.0016948804259300232
-0.24811604149027094,0.9847396016120911,0.0016828636871650815
-0.24806385971225486,0.9879992008209229,0.001683842740021646
-0.24803758366514594,1.0047333240509033,0.001703662215732038
-0.24795063462856842,1.012539029121399,0.0016927861142903566
-0.24790559746555973,1.0166642665863037,0.0016962556401267648
-0.2477960731548608,0.9926049113273621,0.0016828203806653619
-0.24778288769332057,0.9947677850723267,0.0016864958452060819
-0.247744801875522,1.0234264135360718,0.00169848813675344
-0.24767030458463474,1.0089656114578247,0.0016894787549972534
-0.24757594925603132,0.985740065574646,0.0016825365601107478
-0.24751998651394158,0.9911489486694336,0.0016972357407212257
-0.24741766953585131,1.0128929615020752,0.0016911826096475124
-0.2473940327614047,1.018090009689331,0.0016944671515375376
-0.24737463022039297,0.9815030097961426,0.0017043529078364372
-0.2472780015206421,0.9905989766120911,0.0016836223658174276
-0.24717283399945505,1.0117545127868652,0.001690883538685739
-0.24713537216696702,1.0160281658172607,0.0017153777880594134
-0.2470405526870212,0.9939812421798706,0.0016824660124257207
-0.2470062824387963,0.9887961149215698,0.001685633324086666
-0.24700540451027408,1.0147126913070679,0.0017261657631024718
-0.2468898920534947,1.0124791860580444,0.001693054218776524
-0.2468868800263434,1.0191677808761597,0.0016919136978685856
-0.24683007988705874,0.979092001914978,0.0016816246788948774
-0.2467778694373694,0.9878451228141785,0.0016839472809806466
-0.24666466871382653,1.0101277828216553,0.0016921554924920201
-0.24661961753834594,1.0155304670333862,0.0016961018554866314
-0.2465101024974361,0.998358428478241,0.0016839471645653248
-0.24649690367057442,0.9949101209640503,0.0016870894469320774
-0.24645884178176636,1.021014928817749,0.0016964501701295376
-0.24638431603478234,1.0103700160980225,0.0016905280062928796
-0.24628998485032488,0.9809964299201965,0.001680106739513576
-0.24623400788102884,0.990943968296051,0.001697094994597137
-0.24613170038746207,1.0109783411026,0.0016904632793739438
-0.24610805003211755,1.0159844160079956,0.001693470636382699
-0.246088671419675,0.9812290072441101,0.0017035811906680465
-0.2459920144800355,0.9924948215484619,0.0016849307576194406
-0.24588684178480225,1.0151891708374023,0.0016921048518270254
-0.24584939482709195,1.014580488204956,0.0017145553138107061
-0.24575458504766723,0.9907495975494385,0.0016815658891573548
-0.24572030121896565,0.9900403022766113,0.0016857680166140199
-0.2457194467872283,1.0126630067825317,0.001726230955682695
-0.24560391945588145,1.0091863870620728,0.0016916367458179593
-0.2456008944949828,1.0193246603012085,0.001692007528617978
-0.2455441184994231,0.9792841672897339,0.0016804918413981795
-0.245491879162905,0.9848870038986206,0.0016830198001116514
-0.24546563070916583,0.9986860752105713,0.0017010681331157684
-0.2453787027995054,1.0104033946990967,0.0016919898334890604
-0.24533363761176352,1.0108222961425781,0.0016931294230744243
-0.24522413162485568,0.9906370639801025,0.0016792066162452102
-0.24521091964824931,0.9976257085800171,0.0016862608026713133
-0.24517288168758944,1.0227841138839722,0.0016980449436232448
-0.24509832726893216,1.013685703277588,0.001691896002739668
-0.24500402044461822,0.9890837073326111,0.0016843279590830207
-0.24494802946263983,0.9908512234687805,0.0016962867230176926
-0.2448457312388621,1.0156488418579102,0.0016917063621804118
-0.2448220673036724,1.0152426958084106,0.001693736994639039
-0.24470602743858705,0.990344226360321,0.00168331537861377
-0.24460084935415194,1.0151269435882568,0.0016922588692978024
-0.24456341748742771,1.0164170265197754,0.0017149803461506963
-0.24446861762367933,0.9933338761329651,0.0016823788173496723
-0.24443431999829268,0.9893850088119507,0.0016857754671946168
-0.2444334890641825,1.012387990951538,0.0017253865953534842
-0.2443179466431129,1.007056713104248,0.0016905746888369322
-0.24431490896383268,1.0184929370880127,0.0016921712085604668
-0.2442581568968425,0.9807143211364746,0.0016813038382679224
-0.24420588888801953,0.9851730465888977,0.0016829195665195584
-0.24417965423117594,1.0012692213058472,0.0017052085604518652
-0.2440927368851845,1.0134097337722778,0.00169266143348068
-0.24404765768518133,1.012255311012268,0.0016949925338849425
-0.24393816075269648,0.998445451259613,0.00168477778788656
-0.2439249354099266,0.9945558905601501,0.0016868369420990348
-0.24388692159341274,1.021520733833313,0.0016978599596768618
-0.24381233871907976,1.0099360942840576,0.001690321252681315
-0.24371805603996438,0.9884605407714844,0.0016833203844726086
-0.24366205082867431,0.9896320104598999,0.001696729683317244
-0.24355976230668075,1.0133111476898193,0.0016913440776988864
-0.24353608457396397,1.018388271331787,0.0016942714573815465
-0.24351675403423712,0.9813968539237976,0.001703426823951304
-0.24342004039734888,0.9932926893234253,0.0016841031610965729
-0.24331485713991996,1.0116808414459229,0.001690582139417529
-0.2432774401477632,1.019213080406189,0.0017170083010569215
-0.24318265020053348,0.9928419589996338,0.0016827585641294718
-0.24314833856183293,0.9867708683013916,0.0016849363455548882
-0.24314753134218925,1.0099945068359375,0.0017239904263988137
-0.2430319740461312,1.0116374492645264,0.0016922267386689782
-0.24302892343141952,1.020798683166504,0.0016920430352911353
-0.2429721955089963,0.9826433062553406,0.0016824462218210101
-0.24291989861355506,0.9878140687942505,0.0016833060653880239
-0.24289367775318577,1.0075656175613403,0.0017064668936654925
-0.24280677097128467,1.0069148540496826,0.0016898337053135037
-0.24276167775838836,1.0151668787002563,0.001694477628916502
-0.24265218988011628,0.9912081360816956,0.0016817941796034575
-0.24263895138675945,0.9965962767601013,0.001686755451373756
-0.2426009614996571,1.0223443508148193,0.0016976823098957539
-0.2425263501688063,1.0111442804336548,0.0016908444231376052
-0.24243209163488932,0.9852559566497803,0.0016819387674331665
-0.2423760721949193,0.9901610016822815,0.001696679973974824
-0.2422737931587126,1.0168874263763428,0.0016929346602410078
-0.24225010184425577,1.0174614191055298,0.0016940732020884752
-0.24223079523351915,0.9817104339599609,0.001704005291685462
-0.24213405335674226,0.9894091486930847,0.001683687441982329
-0.2420288649252672,1.0108723640441895,0.0016912213759496808
-0.24199146280746714,1.0142320394515991,0.0017147393664345145
-0.24189668256117952,0.9932660460472107,0.0016817633295431733
-0.24186235734094946,0.9898222088813782,0.0016863467171788216
-0.24186157383471973,1.0185993909835815,0.0017287684604525566
-0.24174600123273088,1.0088847875595093,0.0016908964607864618
-0.2417429376836403,1.0182082653045654,0.0016923056682571769
-0.2416862341222027,0.9812194108963013,0.0016819833545014262
-0.2416339081243562,0.9856849908828735,0.0016824600752443075
-0.24160770149182498,1.0044000148773193,0.0017035780474543571
-0.24152080505696377,1.0130902528762817,0.0016937560867518187
-0.2414756980467509,1.0193521976470947,0.0016972316661849618
-0.24136621922269158,0.9933270215988159,0.0016827716026455164
-0.24135296714801574,0.9968599677085876,0.0016868668608367443
-0.2413150016210569,1.0186433792114258,0.0016958351479843259
-0.24124036161937473,1.0092271566390991,0.0016900731716305017
-0.24114612701360638,0.9853025674819946,0.001682132831774652
-0.24109009377758306,0.9883873462677002,0.0016963403904810548
-0.24098782401116525,1.0153255462646484,0.001692978199571371
-0.24096411933012407,1.0180326700210571,0.0016944593517109752
-0.24094483643406456,0.9775201082229614,0.0017013767501339316
-0.24084806631613587,0.9936095476150513,0.0016846653306856751
-0.24074287271061445,1.0146567821502686,0.0016917586326599121
-0.2407054854671713,1.0152732133865356,0.0017152763903141022
-0.24061071513782317,0.9930674433708191,0.001681989524513483
-0.24057637612153981,0.98847496509552,0.0016852207481861115
-0.24057561611167394,1.0103275775909424,0.0017245652852579951
-0.2404600286359599,1.0091689825057983,0.0016918256878852844
-0.24045695215143764,1.0173325538635254,0.0016927191754803061
-0.24040027252025387,0.9842358231544495,0.0016828132793307304
-0.24034791784947074,0.9865017533302307,0.0016836822032928467
-0.24032172501446636,1.000820517539978,0.0017041506944224238
-0.24023483892664532,1.0123291015625,0.0016923978691920638
-0.24018971811953715,1.0173802375793457,0.0016971479635685682
-0.24008024834969033,0.9958277940750122,0.0016825699713081121
-0.24006698312526958,0.9962182641029358,0.0016864874633029103
-0.24002904152687998,1.0228791236877441,0.0016988030401989818
-0.23995437285394577,1.0123671293258667,0.0016910869162529707
-0.23986016260832077,0.985601544380188,0.0016822615871205926
-0.2398041151442491,0.9893307685852051,0.0016960592474788427
-0.2397018548625653,1.0156103372573853,0.0016912944847717881
-0.23967813660041565,1.0183615684509277,0.0016943501541391015
-0.23965887784934436,0.9798471331596375,0.0017022022511810064
-0.2395620792753187,0.9918848276138306,0.0016846180660650134
-0.2394568802799641,1.0126464366912842,0.001691518584266305
-0.2394195081272963,1.0134761333465576,0.0017136061796918511
-0.23932474749973232,0.9922367334365845,0.001682368223555386
-0.23929039490149867,0.9869664311408997,0.001684623770415783
-0.23928965838883864,1.0151511430740356,0.0017252122052013874
-0.23917405582255963,1.0078502893447876,0.0016910596750676632
-0.23917096661986648,1.0201210975646973,0.0016923578223213553
-0.23911431113240744,0.9811404943466187,0.0016816130373626947
-0.23906192757458522,0.9845659732818604,0.0016821094322949648
-0.23890373819274419,1.0154181718826294,0.0016947777476161718
-0.2387942774771099,0.9925013184547424,0.0016813845140859485
-0.23878099888736792,0.9952006936073303,0.0016860623145475984
-0.23874308143312434,1.0213992595672607,0.0016974665923044086
-0.23866838430367232,1.011049509048462,0.0016908601392060518
-0.23857419820261433,0.9860547184944153,0.0016821312019601464
-0.23851813651091514,0.9873021245002747,0.001695345970802009
-0.23841588571396555,1.0120258331298828,0.001690504839643836
-0.23839215387197055,1.0167993307113647,0.0016936887986958027
-0.23837291904862645,0.9834533929824829,0.001704865600913763
-0.23827609223408075,0.9939907193183899,0.0016848561353981495
-0.23817088806489006,1.017451286315918,0.0016930655110627413
-0.23803878007595491,0.9931063652038574,0.0016818454023450613
-0.2380044136806152,0.9861289858818054,0.0016843508929014206
-0.23800370066684545,1.0149741172790527,0.0017268392257392406
-0.2378880832247358,1.0078856945037842,0.0016905127558857203
-0.23788498108871664,1.020117163658142,0.001692410558462143
-0.2378283497445613,0.9842858910560608,0.0016825650818645954
-0.23777593729969976,0.9863859415054321,0.0016835466958582401
-0.2377497720589073,0.995553731918335,0.0016985555412247777
-0.23761775826553044,1.0137988328933716,0.0016944094095379114
-0.2375083066041087,0.9916288256645203,0.0016822637990117073
-0.23749501486462182,0.996453046798706,0.0016870348481461406
-0.2374571213395792,1.0200090408325195,0.0016961345681920648
-0.2373823957538197,1.0111550092697144,0.001690602395683527
-0.23728823379690772,0.9840247631072998,0.0016820430755615234
-0.23723215809357873,0.9952215552330017,0.001698435633443296
-0.2371299165664182,1.0163501501083374,0.0016922666691243649
-0.23710617114268334,1.0170848369598389,0.0016938833286985755
-0.2370869602479087,0.9770517349243164,0.00170125684235245
-0.23699010519284258,0.9924443960189819,0.0016850513638928533
-0.2368848958502373,1.0114816427230835,0.0016905697993934155
-0.23684755344712521,1.0130430459976196,0.0017144689336419106
-0.2367528126521775,0.9945537447929382,0.0016832025721669197
-0.236718432245208,0.9923700094223022,0.0016864477656781673
-0.23671774316063904,1.0141968727111816,0.0017267090734094381
-0.23660211041238832,1.0073142051696777,0.0016905642114579678
-0.23659899555651398,1.0177747011184692,0.0016914280131459236
-0.2365423881413491,0.9841036796569824,0.0016824507620185614
-0.23648994702523535,0.9858245253562927,0.0016826546052470803
-0.23646379558091735,1.0066715478897095,0.0017053429037332535
-0.23637694118284042,1.0137122869491577,0.0016934124287217855
-0.23633177833894803,1.0182514190673828,0.0016967267729341984
-0.2362223359473155,0.9967570304870605,0.0016839498421177268
-0.23620903084187567,0.9979755878448486,0.0016870831605046988
-0.2361711614616106,1.0236632823944092,0.001698116073384881
-0.23609640720354624,1.0133841037750244,0.0016912157880142331
-0.23600226939120106,0.9848362803459167,0.0016828820807859302
-0.23594617945982388,0.9916539788246155,0.0016973112942650914
-0.23584394763339478,1.0133345127105713,0.0016910115955397487
-0.23582018862855164,1.016344666481018,0.0016934822779148817
-0.23580100166276752,0.9798133969306946,0.0017029840964823961
-0.23570411815286751,0.9955516457557678,0.0016848865197971463
-0.2355989036360056,1.0140538215637207,0.0016918197507038713
-0.23556157610809247,1.0151898860931396,0.0017142007127404213
-0.23546684501261306,0.9923471808433533,0.001681200577877462
-0.23543245102453508,0.9871143698692322,0.001684112474322319
-0.23543178543759324,1.011866569519043,0.0017259343294426799
-0.2353161378151961,1.0118311643600464,0.0016925163799896836
-0.23531301002431126,1.0246328115463257,0.0016937738982960582
-0.23525642675371344,0.9813945889472961,0.0016824115300551057
-0.2352039567516132,0.9838745594024658,0.0016817286377772689
-0.23517781910292723,1.0019465684890747,0.0017054806230589747
-0.2350909752680983,1.0140758752822876,0.0016926367534324527
-0.23504579841278683,1.0152944326400757,0.0016957683255895972
-0.23493636507494586,0.9925155639648438,0.0016813680995255709
-0.23492304660313196,0.9966117739677429,0.0016872533597052097
-0.2348852013674339,1.0242774486541748,0.0016981321386992931
-0.23481041843811734,1.01143479347229,0.00169151381123811
-0.23471630498528412,0.9850592017173767,0.0016810038359835744
-0.23466020082585837,0.9883252382278442,0.0016959758941084146
-0.2345579784856371,1.0124682188034058,0.0016911948332563043
-0.23453420589926427,1.0218664407730103,0.0016958991764113307
-0.2345150428624706,0.9791436195373535,0.001702781766653061
-0.23441813111205062,0.9928578734397888,0.0016856453148648143
-0.2343428095899241,1.0164258480072021,0.0016940238419920206
-0.2343129112057763,1.0095444917678833,0.0016895434819161892
-0.2341808775886251,0.9922561049461365,0.0016815508715808392
-0.23414646980428339,0.9913462996482849,0.001686345785856247
-0.23414582771475795,1.0131489038467407,0.001723704393953085
-0.23403016500263807,1.0092997550964355,0.0016904541989788413
-0.23402702449274015,1.0167232751846313,0.001689992961473763
-0.23397046536649885,0.9816973805427551,0.0016820452874526381
-0.23391796647672775,0.9875674843788147,0.0016836621798574924
-0.23389184284093484,1.001206398010254,0.0017041065730154514
-0.2338050093537774,1.0107288360595703,0.0016922024078667164
-0.23375981870114937,1.0153745412826538,0.0016957377083599567
-0.2336503942019446,0.9931769371032715,0.001682680449448526
-0.23363706257996475,0.9967407584190369,0.0016869496321305633
-0.23359924127325699,1.021960973739624,0.0016973607707768679
-0.233524429889107,1.013126015663147,0.001691583776846528
-0.23343034058063006,0.9845485091209412,0.0016824095509946346
-0.2333742224083114,0.9896646738052368,0.001697055296972394
-0.23327200933766873,1.0134780406951904,0.0016916056629270315
-0.23322908406175286,0.9791373014450073,0.0017029998125508428
-0.23313214407081245,0.9950942993164062,0.0016860963078215718
-0.23305684669304244,1.0151442289352417,0.0016937378095462918
-0.23302691899133382,1.0109283924102783,0.0016916922759264708
-0.23298962142750035,1.0116088390350342,0.0017133000073954463
-0.23289491016568975,0.9960657358169556,0.0016831650864332914
-0.23286048858403147,0.9913712739944458,0.0016858815215528011
-0.2328598699927647,1.0168787240982056,0.0017259056912735105
-0.2327441924048143,1.0082037448883057,0.0016901267226785421
-0.2327410387455925,1.0241305828094482,0.0016943697119131684
-0.23268450376328664,0.9821135401725769,0.0016819459851831198
-0.23263197620184228,0.9874274134635925,0.0016839473973959684
-0.23260586636378677,1.0005635023117065,0.0017021131934598088
-0.23251904343987756,1.009883165359497,0.001692099729552865
-0.2324738387739354,1.0195950269699097,0.0016968216514214873
-0.2323644235449407,0.9898470640182495,0.0016823590267449617
-0.23235107855679737,0.9950160384178162,0.0016864573117345572
-0.23231328117950134,1.0196647644042969,0.0016976523911580443
-0.2322384413388333,1.0133322477340698,0.001691315439529717
-0.23214437617576572,0.9894554615020752,0.0016838910523802042
-0.23208824377497767,0.9922600984573364,0.0016976037295535207
-0.23198604018927949,1.012508749961853,0.0016912511782720685
-0.23196224065584536,1.0154109001159668,0.0016927281394600868
-0.23194312547661167,0.9809896349906921,0.0017040518578141928
-0.2318461570295745,0.9904225468635559,0.0016837666044011712
-0.23177088379721333,1.0109567642211914,0.0016921318601816893
-0.23174092677604952,1.0141254663467407,0.001691931625828147
-0.23170364408720429,1.0134419202804565,0.001714086625725031
-0.23160894252633585,0.9949248433113098,0.0016840461175888777
-0.23157450736335877,0.9890918731689453,0.0016851688269525766
-0.23157391248529519,1.014073133468628,0.0017262178007513285
-0.2314582195916245,1.0094883441925049,0.0016910308040678501
-0.231398542375651,0.9818545579910278,0.001681600697338581
-0.23134598592800937,0.9850294589996338,0.0016832390101626515
-0.23131988988621788,1.009555459022522,0.0017089811153709888
-0.23123307752555644,1.010321021080017,0.001690973062068224
-0.23118785884672166,1.0186219215393066,0.001696040970273316
-0.2310784526719395,0.9922505021095276,0.0016816427232697606
-0.23106509431847466,0.9932911992073059,0.0016860075993463397
-0.2310273213009012,1.0201125144958496,0.0016965093091130257
-0.23095245278855986,1.011427402496338,0.0016907722456380725
-0.23085841177005906,0.98689866065979,0.001681789173744619
-0.2308022651420647,0.9904605150222778,0.0016959820641204715
-0.23070007104152163,1.0134379863739014,0.0016911689890548587
-0.2306762579269792,1.018385410308838,0.0016956867184489965
-0.23065716667631475,0.9780316352844238,0.0017023454420268536
-0.23056016998875734,0.9897743463516235,0.0016841822071000934
-0.23048492090054218,1.010339379310608,0.0016918197507038713
-0.2304549345609757,1.0149608850479126,0.0016923140501603484
-0.23041766674669772,1.0154699087142944,0.0017145226011052728
-0.23032297510297944,0.9907437562942505,0.0016807510983198881
-0.23028852592795157,0.9921838045120239,0.0016861754702404141
-0.2302879547622494,1.0161899328231812,0.0017265044152736664
-0.230172246994643,1.0111806392669678,0.001692000194452703
-0.23016906768160839,1.0235302448272705,0.0016934487503021955
-0.23011258098927845,0.9864606857299805,0.0016837141010910273
-0.23005999565375546,0.9855034351348877,0.0016827787039801478
-0.2300339134082277,0.9976167678833008,0.0017028464935719967
-0.22994711161081455,1.010611653327942,0.0016918268520385027
-0.2299018789199287,1.0166034698486328,0.0016960001084953547
-0.22979248179893824,0.9952279329299927,0.0016832273686304688
-0.2297791102965706,0.9921540021896362,0.0016858981689438224
-0.2297413612067245,1.0183957815170288,0.0016944981180131435
-0.22966646402313096,1.0136500597000122,0.0016919361660256982
-0.22957244736477367,0.9855679273605347,0.0016819883603602648
-0.22951628672367574,0.9896367788314819,0.0016964564565569162
-0.22941410210849816,1.013945460319519,0.001691786921583116
-0.2293902751972708,1.0164451599121094,0.0016935608582571149
-0.22937120809117356,0.978922963142395,0.001703241840004921
-0.22927418294878227,0.9926287531852722,0.0016840607859194279
-0.22919895800366052,1.0127452611923218,0.001692486461251974
-0.22916894234674395,1.013019323348999,0.0016916214954108
-0.2291316894074545,1.0145562887191772,0.0017141043208539486
-0.22903700768046514,0.9931449890136719,0.0016833589179441333
-0.2290025447070681,0.9895361065864563,0.001685609109699726
-0.2290019970394141,1.016250491142273,0.0017265388742089272
-0.22888627439681924,1.0116084814071655,0.0016913606086745858
-0.22888308214940573,1.0232489109039307,0.001692752935923636
-0.2288266196020638,0.9825258851051331,0.0016818015137687325
-0.22877400537887,0.9868119359016418,0.0016829031519591808
-0.22874793693023776,1.0023669004440308,0.0017056558281183243
-0.2286611456960726,1.0113394260406494,0.0016922014765441418
-0.22861589920955433,1.0145326852798462,0.0016958977794274688
-0.22850651114193454,0.9931963682174683,0.0016820707824081182
-0.2284931262734034,0.9959468841552734,0.0016868154052644968
-0.2284554011123371,1.0255202054977417,0.0016990294679999352
-0.22838047547369933,1.0154472589492798,0.0016924267401918769
-0.22828648295906706,0.9837419986724854,0.001681494410149753
-0.22823030808971018,0.9891031384468079,0.001696650986559689
-0.22812813296010898,1.0159831047058105,0.0016919253394007683
-0.22810429246798358,1.0147619247436523,0.0016934002051129937
-0.22808524929129792,0.9778159260749817,0.0017030370654538274
-0.22798819590754432,0.9913116097450256,0.0016847470542415977
-0.22791299510762092,1.012455701828003,0.00169348472263664
-0.22788295013209098,1.0107977390289307,0.0016903264913707972
-0.22784571206800053,1.0157063007354736,0.0017150756902992725
-0.22775104004111119,0.9916607141494751,0.0016819668235257268
-0.22771656348618463,0.9862998127937317,0.0016845592763274908
-0.2277160395321553,1.0141363143920898,0.0017259778687730432
-0.22760030158362943,1.0093713998794556,0.0016907707322388887
-0.22759709661762412,1.0206953287124634,0.001692655379883945
-0.22754065799885165,0.9767700433731079,0.0016797514399513602
-0.22748801510398453,0.9880455136299133,0.0016832291148602962
-0.2274619606682452,1.0014303922653198,0.0017054821364581585
-0.22737517978175154,1.0127867460250854,0.0016923305811360478
-0.2273299192823406,1.015684962272644,0.001695609069429338
-0.2272205402695649,0.9928317070007324,0.0016829147934913635
-0.2272071420346597,0.9936438202857971,0.0016861391486600041
-0.22716944101794984,1.0198692083358765,0.0016971604200080037
-0.22709448692384693,1.0123839378356934,0.001691811135970056
-0.2270005185533604,0.9881012439727783,0.0016837723087519407
-0.226944329672374,0.989158570766449,0.0016964130336418748
-0.22684216381256161,1.015119194984436,0.0016920207999646664
-0.22681830995385194,1.021188497543335,0.0016956994077190757
-0.226799290491001,0.9825308918952942,0.001704685389995575
-0.22670220886630615,0.9928715229034424,0.001684571267105639
-0.22662703221137104,1.0105748176574707,0.0016916018212214112
-0.22659695791743822,1.0126246213912964,0.0016916318563744426
-0.22655973472770446,1.0138683319091797,0.0017140079289674759
-0.22646507261733378,0.9898572564125061,0.0016815288690850139
-0.22643058226677504,0.9876267910003662,0.001684972201474011
-0.22643008180974084,1.0115519762039185,0.0017250715754926205
-0.2263143289872795,1.0107451677322388,0.0016912473365664482
-0.2263111110862635,1.0221232175827026,0.0016926530515775084
-0.226254696611216,0.9804251194000244,0.0016821124590933323
-0.22620202482888857,0.9853217005729675,0.0016831704415380955
-0.2261759841906763,1.0018752813339233,0.001706420094706118
-0.2260892138670096,1.0088435411453247,0.0016918720211833715
-0.22604393935512662,1.0151293277740479,0.0016952934674918652
-0.22593456939719497,0.9944497346878052,0.0016825522761791945
-0.22592115801191354,0.9953724145889282,0.0016862335614860058
-0.2258834811406128,1.0250189304351807,0.0016989075811579823
-0.22580849837357347,1.0156376361846924,0.0016918984474614263
-0.22571455414744346,0.984764575958252,0.0016810426022857428
-0.22565835103904003,0.9931808114051819,0.0016970055876299739
-0.2255561946645932,1.0133719444274902,0.0016916686436161399
-0.2255323272245645,1.0156084299087524,0.001693962374702096
-0.22551333190585982,0.9770013689994812,0.0017023739637807012
-0.22541622182548926,0.9922476410865784,0.0016841973410919309
-0.22534106931554193,1.0104944705963135,0.0016920974012464285
-0.22531096570236442,1.0088223218917847,0.0016899872571229935
-0.22527375738782968,1.0170751810073853,0.0017151369247585535
-0.22517910519334589,0.9909182786941528,0.0016814086120575666
-0.22514460104694434,0.989295482635498,0.0016852128319442272
-0.22514412408690554,1.0173429250717163,0.0017274051206186414
-0.22502835639029778,1.0138814449310303,0.0016930579440668225
-0.22502512555448184,1.020370602607727,0.0016926790121942759
-0.22496873522358035,0.9783656001091003,0.0016808767104521394
-0.22491603455505566,0.9865727424621582,0.001683240057900548
-0.22489000771352824,1.0023865699768066,0.0017056785291060805
-0.2248032479522677,1.0099151134490967,0.0016916345339268446
-0.22475795942833388,1.0168440341949463,0.0016959586646407843
-0.22464859873977028,0.994060218334198,0.0016826738137751818
-0.22463517398958843,0.9945382475852966,0.0016870914259925485
-0.2245975210472782,1.0201534032821655,0.0016972743906080723
-0.22452250982329985,1.0131397247314453,0.0016915382584556937
-0.2244285897415263,0.9877015948295593,0.001684131333604455
-0.224372372405706,0.990506112575531,0.001696418272331357
-0.22427022573220157,1.0108757019042969,0.0016901582712307572
-0.2242463444961194,1.0164189338684082,0.0016934731975197792
-0.22422737310556312,0.9779189825057983,0.001702703069895506
-0.22413023478509314,0.9900684952735901,0.0016835028072819114
-0.22405510641866028,1.0134426355361938,0.0016930964775383472
-0.22402497327255616,1.015519380569458,0.0016924956580623984
-0.2239877800475336,1.0142987966537476,0.0017140466952696443
-0.22389313776935793,0.9916937947273254,0.0016823551850393414
-0.22385861982606092,0.9906712174415588,0.0016855420544743538
-0.22385816658048885,1.0194393396377563,0.0017274545971304178
-0.22374238357689769,1.0079869031906128,0.0016903516370803118
-0.22373914002270018,1.020206332206726,0.0016928303521126509
-0.2236827738363657,0.9806872010231018,0.0016813951078802347
-0.2236300444965888,0.9865026473999023,0.0016834832495078444
-0.2236040312355383,0.999806821346283,0.0017039626836776733
-0.2235172818223703,1.0098075866699219,0.0016916835447773337
-0.2234719797166964,1.0149487257003784,0.0016957875341176987
-0.22336262786676903,0.9928885102272034,0.001680673100054264
-0.22334918975126578,0.9915008544921875,0.0016854626592248678
-0.22331156095289095,1.019603967666626,0.0016963912639766932
-0.2232365212742895,1.009475588798523,0.0016900899354368448
-0.22314262533708296,0.9851028323173523,0.0016816087299957871
-0.22308639398752755,0.9909544587135315,0.0016969108255580068
-0.22298425658381216,1.010837435722351,0.0016905531520023942
-0.2229603619819877,1.0167123079299927,0.0016927780816331506
-0.2229414145204217,0.979525089263916,0.0017042167019098997
-0.22284424774427603,0.9939625263214111,0.001685042749159038
-0.22276914352177862,1.0088579654693604,0.0016925276722759008
-0.22273898105853474,1.0123018026351929,0.0016914567677304149
-0.22270180270723755,1.0155596733093262,0.0017148104961961508
-0.22260717013084608,0.9929108619689941,0.0016836837166920304
-0.22257263860517768,0.9916613698005676,0.0016861041076481342
-0.22257220885870616,1.0137922763824463,0.0017257684376090765
-0.22245641097928442,1.006203293800354,0.00168990611564368
-0.22245315449049752,1.024841070175171,0.0016942669171839952
-0.22239681223315355,0.980949342250824,0.0016824647318571806
-0.22234405422170334,0.9878129363059998,0.0016834121197462082
-0.22231805475733762,1.0000966787338257,0.0017049888847395778
-0.22223131590825967,1.0093213319778442,0.001691376673988998
-0.222185999790114,1.0131293535232544,0.0016942592337727547
-0.22207665699418883,1.001079797744751,0.001686849514953792
-0.22206320572809857,0.9946337938308716,0.0016865866491571069
-0.22202560107492214,1.0205078125,0.0016973504098132253
-0.2219505327244371,1.0127012729644775,0.0016909606056287885
-0.2218566609322184,0.985937774181366,0.001682652742601931
-0.22180041535377276,0.9896830916404724,0.0016964110545814037
-0.2216982874354227,1.0118699073791504,0.0016912422142922878
-0.2216743792522795,1.0205286741256714,0.0016958762425929308
-0.22165545571970396,0.9733685851097107,0.0017013748874887824
-0.22155826070303808,0.9888339638710022,0.0016828455263748765
-0.22148318062594957,1.010939359664917,0.0016928158001974225
-0.22145298884325038,1.013804316520691,0.0016922964714467525
-0.22141582536736254,1.0141061544418335,0.0017145660240203142
-0.22132120270748973,0.9907686114311218,0.0016821589088067412
-0.2212866571689282,0.9895555973052979,0.0016853741835802794
-0.22128625113566036,1.010389804840088,0.0017238479340448976
-0.22117043838167116,1.0081323385238647,0.0016901952913030982
-0.22116716895829486,1.0232205390930176,0.0016921096248552203
-0.22111085084551785,0.9823307394981384,0.0016820961609482765
-0.22105806394723893,0.9839756488800049,0.001682413974776864
-0.22103207849555578,1.0039091110229492,0.0017054483760148287
-0.22094534999414933,1.0135735273361206,0.0016929428093135357
-0.2209000198635318,1.014992117881775,0.0016958434134721756
-0.2207906863367639,0.9923823475837708,0.0016816097777336836
-0.22077722170493141,0.9902136325836182,0.0016841894248500466
-0.22073964098074544,1.0196443796157837,0.0016975302714854479
-0.22066454395858687,1.0164157152175903,0.001692820806056261
-0.2205706967418778,0.988334059715271,0.001683038892224431
-0.2205144369362258,0.9903003573417664,0.001696516526862979
-0.22041231828766505,1.0118188858032227,0.0016910639824345708
-0.22038839652257108,1.0160349607467651,0.001694368664175272
-0.22036949691940727,0.9796026945114136,0.0017040612874552608
-0.2202722736617999,0.9910995960235596,0.0016843966441228986
-0.22019721772906786,1.0116500854492188,0.0016926644602790475
-0.22016699662817657,1.0130618810653687,0.0016917930915951729
-0.22012984802748775,1.016062617301941,0.0017147085163742304
-0.22003523528413332,0.9909840822219849,0.0016812285175547004
-0.22000067594951855,0.9889978170394897,0.0016854464774951339
-0.22000029362840134,1.0179100036621094,0.001728877192363143
-0.21988446556911317,1.0101419687271118,0.001691082026809454
-0.21988118342672375,1.0238006114959717,0.0016945833340287209
-0.21982488945830303,0.9777772426605225,0.0016807030187919736
-0.21977207367235346,0.9866331815719604,0.001683042268268764
-0.21974610201756561,1.0099854469299316,0.001709301839582622
-0.21965938407940744,1.0097137689590454,0.001691236742772162
-0.21961403993631784,1.0168098211288452,0.0016958717023953795
-0.21950471546376266,0.9937752485275269,0.0016836096765473485
-0.21949123768218504,0.999657154083252,0.0016883214702829719
-0.21945368088656875,1.0205159187316895,0.0016962705412879586
-0.21937855540831347,1.0129973888397217,0.0016918282490223646
-0.2192847323368029,0.9877482652664185,0.001682958216406405
-0.2192284583022603,0.9898334741592407,0.0016965088434517384
-0.2191263493546416,1.0160824060440063,0.0016923581715673208
-0.21910241400886038,1.016710638999939,0.0016933100996538997
-0.21908353833426586,0.9791896939277649,0.0017036418430507183
-0.2189862866209828,0.9933745861053467,0.0016848186496645212
-0.2189112548321862,1.0140089988708496,0.0016935305902734399
-0.21888100441310254,1.0134825706481934,0.0016914955340325832
-0.21884387068803374,1.0181560516357422,0.00171413435600698
-0.21874926786119797,0.9931146502494812,0.001682633301243186
-0.2187146947294772,0.9914798736572266,0.0016863091150298715
-0.21871433590556605,1.0111734867095947,0.0017237428110092878
-0.21859849297128936,1.01023530960083,0.0016921240603551269
-0.2185951978951528,1.0199666023254395,0.0016914786538109183
-0.21853892807150943,0.982064425945282,0.0016826513456180692
-0.21848608339788922,0.9872124791145325,0.0016833078116178513
-0.21846012553999672,1.000508189201355,0.0017039687372744083
-0.21837341838024182,1.0101286172866821,0.001691838027909398
-0.21832806022510143,1.0156062841415405,0.0016953186132013798
-0.21821874480760106,0.9912071824073792,0.001680949004366994
-0.2182052534440731,0.9937027096748352,0.0016861303010955453
-0.2181677210077579,1.021781086921692,0.0016985161928460002
-0.21809256685804002,1.0136451721191406,0.0016910569975152612
-0.2179987679310963,0.9874398708343506,0.0016831262037158012
-0.21794247966934754,0.9895158410072327,0.0016959331696853042
-0.21784038020625218,1.0155974626541138,0.001691756653599441
-0.21781643128041528,1.023696780204773,0.0016968267736956477
-0.2177975795335481,0.9779096245765686,0.0017028674483299255
-0.2177002995803764,0.9916577935218811,0.0016839824384078383
-0.21762529193635738,1.0104846954345703,0.0016923905350267887
-0.2175950121984498,1.0144563913345337,0.001692416612058878
-0.21755789334773767,1.0147889852523804,0.0017144412267953157
-0.21746330043742057,0.9909220933914185,0.001682421425357461
-0.21742871350859394,0.9938775300979614,0.0016871674451977015
-0.21742837818273075,1.013795256614685,0.0017258314182981849
-0.2173125203745182,1.0085303783416748,0.001691104262135923
-0.2173092123633712,1.026458501815796,0.0016949611017480493
-0.21725296668429483,0.9829009175300598,0.0016809743829071522
-0.2172000931236353,0.9855614900588989,0.0016829248052090406
-0.21717414906326987,0.9991655349731445,0.0017035624478012323
-0.21708745246592093,1.0122750997543335,0.0016922574723139405
-0.21704208029788763,1.0148526430130005,0.0016954715829342604
-0.21693277393502086,0.996540367603302,0.0016825695056468248
-0.21691926942153728,0.9953264594078064,0.0016866542864590883
-0.21688176091337064,1.0190434455871582,0.0016960959183052182
-0.21680657830881894,1.0150240659713745,0.0016922004288062453
-0.21671280352538985,0.9849051237106323,0.0016825301572680473
-0.21665650125243213,0.9924425482749939,0.001697054016403854
-0.2165544110591261,1.01138174533844,0.001690543838776648
-0.21653044876628336,1.0186015367507935,0.0016939828637987375
-0.2165116209484067,0.97732013463974,0.001703231013379991
-0.21641431253976978,0.99376380443573,0.0016845541540533304
-0.21633932904010728,1.010023832321167,0.00169215421192348
-0.21630901998463908,1.009200096130371,0.0016901317285373807
-0.2162719160072311,1.0192540884017944,0.0017154442612081766
-0.21617733279785611,0.9915923476219177,0.0016826525097712874
-0.21614273228876307,0.9882463216781616,0.0016845045611262321
-0.216142420675893,1.012202501296997,0.0017252771649509668
-0.2160265475625917,1.0130276679992676,0.0016925737727433443
-0.21602322683116854,1.023829460144043,0.0016938846092671156
-0.21596700508108263,0.9821459650993347,0.0016825932543724775
-0.21591410284853935,0.9859270453453064,0.0016832479741424322
-0.21588817280085626,1.000820517539978,0.0017056090291589499
-0.21580148655117903,1.0140690803527832,0.0016926171956583858
-0.21575610037109472,1.0152716636657715,0.0016951304860413074
-0.21564680327759594,0.9928870797157288,0.001682600355707109
-0.21563328539879112,0.9937614798545837,0.0016856322763487697
-0.21559580082003604,1.0218404531478882,0.0016980154905468225
-0.21552058975917704,1.0126289129257202,0.0016913098515942693
-0.2154268391194727,0.9815601706504822,0.0016808492364361882
-0.21537052261846662,0.9897022247314453,0.0016959512140601873
-0.21526844212694474,1.0106121301651,0.0016901311464607716
-0.21524446603657515,1.016457200050354,0.0016930392012000084
-0.21522566214811,0.9757797122001648,0.0017026602290570736
-0.21512832549895283,0.992706835269928,0.0016844079364091158
-0.21505336614406767,1.0107345581054688,0.001692689605988562
-0.21502302776956528,1.0121971368789673,0.0016916377935558558
-0.21498593866798787,1.0157281160354614,0.0017146706813946366
-0.21489136537386822,0.9911260008811951,0.0016822461038827896
-0.21485675106787983,0.9912286996841431,0.0016860247123986483
-0.2148564629530575,1.0189610719680786,0.00172778544947505
-0.21474057496476795,1.0105055570602417,0.0016913748113438487
-0.21473724129896582,1.0232077836990356,0.0016927344258874655
-0.21468104369344698,0.9781087636947632,0.0016807750798761845
-0.21462811257449593,0.9907740950584412,0.0016848049126565456
-0.2146021963228661,1.0011755228042603,0.001705520786345005
-0.21451552063643686,1.0135239362716675,0.0016927304677665234
-0.21447012066072058,1.0146909952163696,0.0016961876535788178
-0.2143608324045947,0.9958626627922058,0.0016835650894790888
-0.2143473013756239,0.994572639465332,0.0016858815215528011
-0.21430984094122535,1.0211656093597412,0.0016971967415884137
-0.21423460120890359,1.013612985610962,0.001691601937636733
-0.21414087471355553,0.9844231605529785,0.0016816479619592428
-0.2140845442000776,0.9914006590843201,0.0016966641414910555
-0.21398247297834477,1.01344633102417,0.0016908841207623482
-0.213958483307288,1.0160502195358276,0.0016942962538450956
-0.21393970356423192,0.9789659380912781,0.0017034376505762339
-0.21384233845771466,0.9897502064704895,0.0016833175905048847
-0.21376740324718596,1.0095067024230957,0.0016927879769355059
-0.21373703555449125,1.0136702060699463,0.0016919253394007683
-0.21369996132853386,1.0094949007034302,0.001711124088615179
-0.21360539795009081,0.990177571773529,0.0016817622818052769
-0.21357076984699636,0.9910972714424133,0.0016856543952599168
-0.2135705052302222,1.0114496946334839,0.0017247542273253202
-0.21345460236694414,1.0093470811843872,0.0016909459372982383
-0.21345125576802626,1.0164649486541748,0.0016907660756260157
-0.2133950823062324,0.9834655523300171,0.0016828367952257395
-0.21334212230003152,0.9841261506080627,0.001682553207501769
-0.21331621984466564,1.007248878479004,0.0017058548983186483
-0.21322955472211602,1.007699966430664,0.001690592966042459
-0.2131841407335066,1.0132815837860107,0.0016935638850554824
-0.21307486174695944,0.99673992395401,0.0016834139823913574
-0.2130613171368802,0.9937512874603271,0.0016863980563357472
-0.2130238808476802,1.025079369544983,0.0017002274980768561
-0.21294861265905096,1.010959506034851,0.0016908820252865553
-0.2128549103086912,0.9823022484779358,0.0016803917242214084
-0.21279856556632282,0.9894278049468994,0.001696112914942205
-0.21269650382995553,1.0122721195220947,0.0016908867983147502
-0.21267250079315608,1.0181792974472046,0.0016943213995546103
-0.21265374476351417,0.9776462316513062,0.0017036658246070147
-0.2125563514164765,0.9931892156600952,0.0016847650986164808
-0.21254995249949798,1.0008615255355835,0.0016832277178764343
-0.21248144035051486,1.0078997611999512,0.0016923630610108376
-0.2124510433406806,1.0116196870803833,0.0016906083328649402
-0.2124139839882378,1.0172407627105713,0.0017146837199106812
-0.21231943052715546,0.9878755807876587,0.0016808819491416216
-0.2122847886271657,0.9877455830574036,0.0016851593973115087
-0.2122845477233845,1.015637993812561,0.001726719317957759
-0.21216862976933087,1.0078483819961548,0.001691239420324564
-0.2121652702362446,1.0242291688919067,0.001694263657554984
-0.21210912091859674,0.9823476076126099,0.0016812796238809824
-0.2120561322413541,0.986712634563446,0.001683031558059156
-0.21203024336646498,1.0005943775177002,0.0017054302152246237
-0.21194358880779512,1.0121601819992065,0.001692110439762473
-0.2118981608062926,1.0170691013336182,0.0016962517984211445
-0.2117888908745898,0.9947021007537842,0.0016835781279951334
-0.21177533311413405,0.9945980906486511,0.001686385367065668
-0.21173792075476644,1.01707923412323,0.0016950374701991677
-0.2116626241087775,1.0127207040786743,0.0016914417501538992
-0.21156894590340558,0.9831920266151428,0.0016820474993437529
-0.21151258714877585,0.9916810393333435,0.0016970231663435698
-0.21141053489714268,1.0099657773971558,0.001690592267550528
-0.21138651806386888,1.0141618251800537,0.001692532910965383
-0.21136778617837276,0.975487470626831,0.0017024516128003597
-0.2112703645912361,0.9919599890708923,0.0016843947814777493
-0.21126397774696193,1.0021016597747803,0.0016830782406032085
-0.21119547745468598,1.0077342987060547,0.0016921873902902007
-0.2111650511260278,1.0128731727600098,0.0016917893663048744
-0.21112800664773146,1.0139576196670532,0.0017137553077191114
-0.21103346310379906,0.9932935833930969,0.0016825031489133835
-0.2109988074069138,0.9901918768882751,0.0016854382120072842
-0.2109985900005492,1.0167840719223022,0.0017246331553906202
-0.21088265717171784,1.0148314237594604,0.001692742109298706
-0.21087928470404194,1.0260545015335083,0.0016944068484008312
-0.21082315953096104,0.9869197607040405,0.0016834157286211848
-0.2107701419671002,0.985974907875061,0.0016834064153954387
-0.21074426688973819,1.0019111633300781,0.00170489854644984
-0.21065762289389506,1.0111773014068604,0.0016915142768993974
-0.2106121810946554,1.0155495405197144,0.0016954030143097043
-0.21050292000158854,0.9942859411239624,0.00168223783839494
-0.21048934909180894,0.9976043105125427,0.0016873349668458104
-0.21045196087616624,1.0243021249771118,0.0016997904749587178
-0.2103766355589251,1.0135563611984253,0.0016913949511945248
-0.2102829814983307,0.9845277070999146,0.001681318273767829
-0.21022660851607344,0.9875953197479248,0.0016952260630205274
-0.21012456574917426,1.0136778354644775,0.0016917813336476684
-0.21010053555057928,1.0207889080047607,0.0016951654106378555
-0.21008182737807607,0.9763292074203491,0.0017025426495820284
-0.20998437755084004,0.9896504282951355,0.0016834072303026915
-0.20997800277779677,1.0055984258651733,0.0016841005999594927
-0.20990951455780432,1.0072399377822876,0.0016922993818297982
-0.209879058910954,1.0130181312561035,0.0016911537386476994
-0.20984202952280145,1.0162231922149658,0.001714311889372766
-0.2097474956804427,0.9919841885566711,0.0016822712495923042
-0.2097128261868726,0.9924132227897644,0.0016861783806234598
-0.20971263227855597,1.0153485536575317,0.0017271507531404495
-0.20959668435979117,1.0132356882095337,0.0016920766793191433
-0.20959329917183928,1.0190154314041138,0.0016912121791392565
-0.20953719814374644,0.9772069454193115,0.0016789792571216822
-0.20948415169221474,0.98423832654953,0.0016820869641378522
-0.20945829062816662,1.0022817850112915,0.001705267932265997
-0.2093716569791531,1.012030839920044,0.0016921375645324588
-0.20932620116744138,1.012152910232544,0.0016946324612945318
-0.20921694934458462,0.9921990633010864,0.0016819898737594485
-0.20920336506906279,0.9949926137924194,0.0016868016682565212
-0.20916600078177905,1.015000820159912,0.0016933244187384844
-0.20909064700949354,1.0115259885787964,0.0016908278921619058
-0.20899701730883213,0.9865715503692627,0.0016824410995468497
-0.20894063009789499,0.9917412996292114,0.0016960701905190945
-0.20883859681636158,1.014778733253479,0.0016915315063670278
-0.20881455282066053,1.017130970954895,0.0016926371026784182
-0.20879586879293466,0.9780881404876709,0.001703282818198204
-0.20869839051002287,0.9916328191757202,0.001683517824858427
-0.2086920280242081,1.0033469200134277,0.0016834866255521774
-0.20862355166092267,1.005362868309021,0.0016908233519643545
-0.20859306669588001,1.0149238109588623,0.0016921904170885682
-0.20855605218334744,1.014557957649231,0.0017134411027655005
-0.20846152804193085,0.9878494739532471,0.0016806963831186295
-0.20842684496598918,0.9885817766189575,0.001684794551692903
-0.208426674771718,1.0154986381530762,0.0017277369042858481
-0.20831071176259913,1.0062047243118286,0.0016892342828214169
-0.20830731363963662,1.0245423316955566,0.0016932955477386713
-0.20825123654053423,0.9809855818748474,0.001682442962191999
-0.20819816141732927,0.9854397177696228,0.0016827558865770698
-0.20817231414996618,1.0008472204208374,0.0017044872511178255
-0.20808569106420072,1.012075662612915,0.0016917303437367082
-0.20804022124149052,1.0151056051254272,0.0016953678568825126
-0.20793097868842303,0.9919264316558838,0.001681764144450426
-0.20791738104589563,0.9946573376655579,0.0016858201706781983
-0.20788004090296813,1.0202840566635132,0.0016967772971838713
-0.20780465845900958,1.0135350227355957,0.0016918586334213614
-0.2077110529031257,0.9848804473876953,0.0016814321279525757
-0.20765465146414014,0.9897680878639221,0.0016965469112619758
-0.2075526276679721,1.0110228061676025,0.001690494711510837
-0.2075285703071602,1.0163724422454834,0.001693415455520153
-0.2075099099922169,0.9739399552345276,0.0017023698892444372
-0.20741240346878492,0.99115389585495,0.001684358692727983
-0.20740605305651677,1.0052989721298218,0.0016841585747897625
-0.2073375887642515,1.0063835382461548,0.0016918807523325086
-0.2073070744808062,1.0111150741577148,0.001691195648163557
-0.20727007484347243,1.0146257877349854,0.001712946337647736
-0.2071755606179429,0.989089846611023,0.0016809144290164113
-0.20714086374531643,0.9877694845199585,0.0016845028148964047
-0.2071407170488827,1.0137461423873901,0.0017249522497877479
-0.20702473916498587,1.0098283290863037,0.0016912840073928237
-0.20702132810869722,1.0250179767608643,0.0016923652729019523
-0.20696527515353014,0.9798676371574402,0.0016811835812404752
-0.2069121711428648,0.9878151416778564,0.0016834457637742162
-0.20688633767260756,1.0026952028274536,0.001706159207969904
-0.2067997251500901,1.0111786127090454,0.0016916573513299227
-0.20675424153027433,1.0179214477539062,0.0016961083747446537
-0.20664500781542178,0.9944483041763306,0.0016826486680656672
-0.20663139680715192,0.9942330718040466,0.0016861221520230174
-0.20659408080879144,1.025101900100708,0.001699969288893044
-0.20651866990936768,1.0148022174835205,0.0016921019414439797
-0.2064250884972086,0.9836320281028748,0.001681711757555604
-0.20636867304659323,0.9912339448928833,0.0016961176879703999
-0.20626665852084602,1.0144394636154175,0.0016922728391364217
-0.20624258757745195,1.019163727760315,0.0016945896204560995
-0.20622395140707572,0.9762952327728271,0.0017031755996868014
-0.20612641642754675,0.9907551407814026,0.00168365309946239
-0.2061200783039807,1.0028516054153442,0.0016828600782901049
-0.20605162608378846,1.0107228755950928,0.0016933254664763808
-0.206021082482572,1.0137302875518799,0.0016915634041652083
-0.20598409750380792,1.0182125568389893,0.0017152860527858138
-0.205889593193955,0.9949958920478821,0.0016842111945152283
-0.2058548825259066,0.9907222986221313,0.001685603754594922
-0.20585475954204502,1.0206044912338257,0.0017286164220422506
-0.20573876656800416,1.0084738731384277,0.0016910291742533445
-0.20573534257691561,1.0206066370010376,0.001691251527518034
-0.20567931376652604,0.9779762029647827,0.0016804157057777047
-0.2056261810839769,0.9882181882858276,0.0016836677677929401
-0.2056003611946176,1.005499005317688,0.0017066823784261942
-0.2055137592353482,1.0122959613800049,0.0016922499053180218
-0.20546826160306036,1.0178990364074707,0.0016957870684564114
-0.20535903715799686,0.9916514754295349,0.001681133289821446
-0.20534541278524782,0.9945205450057983,0.0016865171492099762
-0.20530812093103334,1.0208286046981812,0.0016978472704067826
-0.20523268135951506,1.0130337476730347,0.0016908710822463036
-0.20513912409129142,0.9872475266456604,0.001682353438809514
-0.20508269441262772,0.9915329217910767,0.0016964268870651722
-0.20498068958845417,1.0109171867370605,0.0016899011097848415
-0.2049566048481648,1.0173976421356201,0.0016941515496000648
-0.2049379926063578,0.9762380719184875,0.0017034545307978988
-0.2048404293875719,0.992830216884613,0.0016846414655447006
-0.20483410333481555,1.005516767501831,0.0016841174801811576
-0.20476566318816986,1.0076733827590942,0.001692365389317274
-0.20473509026791903,1.0124281644821167,0.0016916326712816954
-0.20469812016414363,1.013898491859436,0.001713308971375227
-0.20460362577017754,0.988341212272644,0.0016815696144476533
-0.2045689013058654,0.9887513518333435,0.0016851344844326377
-0.20456880181920972,1.0070310831069946,0.0017209068173542619
-0.2044527939701804,1.0083566904067993,0.0016908852849155664
-0.20444935704471295,1.0220601558685303,0.0016929189441725612
-0.2043933523788904,0.9824081659317017,0.0016827029176056385
-0.20434019080993354,0.9856594800949097,0.0016823757905513048
-0.204314384932204,0.9965402483940125,0.0017027260037139058
-0.2042277933206063,1.0088239908218384,0.0016912868013605475
-0.20418228167626762,1.018554925918579,0.001696237944997847
-0.2040730662847851,0.9913874268531799,0.001681257039308548
-0.2040594287625015,0.9937188625335693,0.0016859108582139015
-0.20402216083664615,1.0168668031692505,0.0016949237324297428
-0.20394669281008365,1.0138357877731323,0.0016913990257307887
-0.20385315968558498,0.9859808683395386,0.0016825752099975944
-0.20379671599529126,0.9903357028961182,0.0016967507544904947
-0.2036947204400647,1.010627269744873,0.0016903182258829474
-0.20365203402163762,0.9758701920509338,0.0017029120353981853
-0.20355444256233135,0.9918878674507141,0.0016842774348333478
-0.2035481285812269,1.005872368812561,0.001683550770394504
-0.2034797002914987,1.0036755800247192,0.0016914665466174483
-0.20344909805284522,1.011559009552002,0.0016910869162529707
-0.20341214282384756,1.0178543329238892,0.0017145866295322776
-0.20331765834640014,0.9884660243988037,0.0016805818304419518
-0.20328292008498194,0.9891526699066162,0.0016848392551764846
-0.2032828440963742,1.0156327486038208,0.0017277597216889262
-0.20316682137256736,1.011118769645691,0.0016915954183787107
-0.2031633715129313,1.0236930847167969,0.0016929038101807237
-0.2031073909916758,0.9798889756202698,0.0016812140820547938
-0.20305420053483753,0.9851632118225098,0.0016831614775583148
-0.2030284084546351,1.0050816535949707,0.0017071835463866591
-0.2029418274062854,1.0121831893920898,0.0016919014742597938
-0.20289630196463015,1.0169237852096558,0.0016954021994024515
-0.20278709562714992,0.9980891346931458,0.0016849739477038383
-0.20277344473933429,0.9952992796897888,0.0016868641832843423
-0.20273620074225873,1.0217076539993286,0.0016986025730147958
-0.20266070426023125,1.0154387950897217,0.0016913814470171928
-0.20256719549629693,0.9855457544326782,0.001681989524513483
-0.20251073736195752,0.9917406439781189,0.0016969582065939903
-0.2024087515072518,1.0164222717285156,0.0016915993764996529
-0.20238463960558778,1.0190211534500122,0.0016958392225205898
-0.20236607522134092,0.97487473487854,0.0017015245975926518
-0.20226845552109313,0.9912737607955933,0.0016845350619405508
-0.2022621538278488,1.0076640844345093,0.0016845169011503458
-0.2021937373948276,1.0071250200271606,0.0016922620125114918
-0.20216310583819247,1.014382004737854,0.0016919556073844433
-0.202126165483341,1.0133600234985352,0.00171266112010926
-0.20203169092388584,0.9928891062736511,0.0016830872045829892
-0.20199693886430925,0.9891636371612549,0.001684783841483295
-0.20199688658953646,1.012573003768921,0.001725309994071722
-0.20188084855937755,1.0081689357757568,0.0016904148506000638
-0.20187738619630513,1.0267704725265503,0.0016947396798059344
-0.20182142960403993,0.98260498046875,0.0016821343451738358
-0.20176821025974156,0.9870224595069885,0.0016838202718645334
-0.20174243197706598,1.0006338357925415,0.0017043816624209285
-0.20165586170754085,1.0122805833816528,0.0016918922774493694
-0.2016103220374162,1.0168259143829346,0.0016953267622739077
-0.2015011247549907,0.990281343460083,0.0016789735527709126
-0.20148746071616713,0.99561607837677,0.0016871427651494741
-0.2014502408649217,1.0190085172653198,0.0016963320085778832
-0.20137471570995757,1.012824296951294,0.0016919354675337672
-0.20128123109101131,0.9830262064933777,0.0016818877775222063
-0.201224758943779,0.9927754998207092,0.0016966117545962334
-0.2011227823588626,1.0113669633865356,0.0016899442998692393
-0.20109865709145608,1.019501805305481,0.001694116392172873
-0.20108011663704156,0.9756750464439392,0.001703560585156083
-0.200982468480276,0.9970291256904602,0.0016857223818078637
-0.20097617885952568,1.0102412700653076,0.0016851283144205809
-0.20090777449878822,1.0086100101470947,0.0016931564314290881
-0.2008771136239605,1.0141222476959229,0.0016924086958169937
-0.20084018814283444,1.0157556533813477,0.0017140537966042757
-0.2007457235005295,0.9919874668121338,0.0016820268938317895
-0.20071095764363628,0.9877762198448181,0.0016850194660946727
-0.20071092886670117,1.0141937732696533,0.0017264841590076685
-0.20059487596218534,1.0048493146896362,0.0016897005261853337
-0.20059140066473402,1.0202254056930542,0.0016907781828194857
-0.20053546821640428,0.9782256484031677,0.0016805501654744148
-0.2004822202016957,0.9846447706222534,0.0016826142091304064
-0.20045645549991814,1.0002232789993286,0.0017055693315342069
-0.200369895793641,1.0114191770553589,0.001691838726401329
-0.20032434232619978,1.0139029026031494,0.001693949569016695
-0.20021515409798685,0.9983188509941101,0.0016841141041368246
-0.20020147669278943,0.9974061846733093,0.0016876879381015897
-0.20016428077137655,1.014366626739502,0.0016940223285928369
-0.20008872715968418,1.0139259099960327,0.0016918184701353312
-0.19999526668572593,0.9848976731300354,0.0016814095433801413
-0.1999387805260216,0.991379976272583,0.001696523861028254
-0.19983681342647075,1.0111045837402344,0.0016898243920877576
-0.1998126743615371,1.018711805343628,0.00169569649733603
-0.19979415783674492,0.9754104018211365,0.001703073037788272
-0.19969648143903806,0.9888607859611511,0.0016830984968692064
-0.19969020410677935,1.0053538084030151,0.0016829008236527443
-0.19962181160190656,1.0077366828918457,0.0016923402436077595
-0.19959112140930774,1.0146859884262085,0.0016922878567129374
-0.19955421101895698,1.011928915977478,0.0017122618155553937
-0.1994597560767521,0.9897828698158264,0.0016817698488011956
-0.19942497642422669,0.9900712370872498,0.0016850108513608575
-0.1994249713594422,1.0084173679351807,0.0017208816716447473
-0.1993089033658354,1.0068870782852173,0.0016900375485420227
-0.1993054151331629,1.0253279209136963,0.001694293925538659
-0.19924950682918963,0.9803970456123352,0.001681707100942731
-0.19919622992765257,0.9862360954284668,0.0016833378467708826
-0.19917047923729397,0.9951830506324768,0.0017017113277688622
-0.19908392987868834,1.0114996433258057,0.0016913297586143017
-0.19903836239982808,1.0173999071121216,0.0016959917265921831
-0.19892918322561715,0.9972719550132751,0.0016831125831231475
-0.19891549245509826,0.9964626431465149,0.001686715753749013
-0.19887832089256585,1.0238176584243774,0.001699630985967815
-0.1988027386098315,1.0124239921569824,0.0016910660779103637
-0.19870930228086137,0.985640823841095,0.001682338654063642
-0.19865280189226653,0.9943860173225403,0.001697792555205524
-0.19855084427808128,1.0125946998596191,0.0016912560677155852
-0.198526691848037,1.0125316381454468,0.0016914531588554382
-0.19850819925160368,0.9791542291641235,0.0017044033156707883
-0.19841049439843145,0.9911239743232727,0.0016839094460010529
-0.19840422913824568,1.0066406726837158,0.001683704787865281
-0.1983358487052354,1.0084172487258911,0.0016923998482525349
-0.19830512919423393,1.0132343769073486,0.0016915160231292248
-0.19826823367992424,1.0164769887924194,0.00171424332074821
-0.19817378865381674,0.9905770421028137,0.0016819387674331665
-0.198138995203975,0.9897341132164001,0.0016852099215611815
-0.19802293076822214,1.007501482963562,0.0016905670054256916
-0.19801942960096025,1.025816798210144,0.0016929086996242404
-0.19796354544155398,0.9841019511222839,0.0016825351631268859
-0.19791023965255655,0.987755537033081,0.0016837865114212036
-0.19788450275909353,0.9996776580810547,0.0017030533635988832
-0.1977979639637359,1.0082576274871826,0.0016899233451113105
-0.19775238247303512,1.01569402217865,0.0016955469036474824
-0.197643212568824,0.9954550862312317,0.0016824948834255338
-0.19762950843277316,0.99221271276474,0.0016855361172929406
-0.19759236079838893,1.0167925357818604,0.0016944685485213995
-0.19751675006018965,1.0168399810791016,0.0016922855284065008
-0.19742333787494443,0.987511932849884,0.0016825839411467314
-0.19736682347408807,0.9925832152366638,0.001697622356005013
-0.19726487534590015,1.0131134986877441,0.0016909317346289754
-0.19724070911959185,1.0212301015853882,0.0016956303734332323
-0.19722224045088577,0.9737149477005005,0.0017026362475007772
-0.1971245075734014,0.9917360544204712,0.0016840968746691942
-0.19711825438570962,1.009567141532898,0.0016846242360770702
-0.19704988602414075,1.0074374675750732,0.0016925798263400793
-0.19701913719473646,1.0168341398239136,0.0016936890315264463
-0.19698225633941768,1.0131243467330933,0.0017124377191066742
-0.19688782122982879,0.9931201338768005,0.0016829543747007847
-0.1968530559141926,1.0155556201934814,0.0017264310736209154
-0.19685301398330202,0.989288330078125,0.001685453113168478
-0.19673695817060888,1.0102136135101318,0.00169146538246423
-0.1967334440691786,1.028222680091858,0.0016953860176727176
-0.19667758405391833,0.9786376357078552,0.0016797122079879045
-0.19662424959303687,0.9836515784263611,0.0016815243288874626
-0.19659852628194546,1.0038883686065674,0.0017055930802598596
-0.19651199804983605,1.014324426651001,0.0016930012498050928
-0.19646640276139787,1.0142041444778442,0.0016939789056777954
-0.1963572419113993,0.9926252365112305,0.001682366942986846
-0.196343524409606,0.9934121966362,0.0016866113292053342
-0.1963064009197888,1.0223426818847656,0.0016980338841676712
-0.19623076151054775,1.0169382095336914,0.0016922608483582735
-0.19613737368460382,0.985060453414917,0.00168163375928998
-0.19608084484159638,0.9884265661239624,0.001695506740361452
-0.19597890619856334,1.0091447830200195,0.0016897747991606593
-0.19595472660545998,1.0189663171768188,0.0016947871772572398
-0.19593628186574458,0.9733554720878601,0.0017025769921019673
-0.19583852053216344,0.9909704923629761,0.00168383598793298
-0.19583227963212102,1.0076133012771606,0.001683633541688323
-0.19576392312746965,1.0070784091949463,0.0016923515358939767
-0.1957331449800837,1.0089116096496582,0.00169023172929883
-0.19569627899891112,1.0156631469726562,0.0017132079228758812
-0.19560185359026433,0.9909033179283142,0.0016820111777633429
-0.19556709840819697,1.0103336572647095,0.0017251836834475398
-0.19556703276326087,0.9902320504188538,0.0016853389097377658
-0.1954509855734169,1.010290503501892,0.0016914457082748413
-0.19544745853697615,1.028273582458496,0.0016951423604041338
-0.19539162266670368,0.9817724227905273,0.0016824583290144801
-0.19533825931899373,0.9860553741455078,0.0016836941940709949
-0.19531255001995307,1.00151789188385,0.0017046440625563264
-0.19522603213509393,1.0124170780181885,0.0016922922804951668
-0.1951804228341839,1.0186983346939087,0.0016968235140666366
-0.19507127103839783,0.9940548539161682,0.0016818701988086104
-0.19505754038685985,0.99205082654953,0.0016859215684235096
-0.19502044082624365,1.0196864604949951,0.0016975925536826253
-0.19494477296027407,1.0147168636322021,0.0016921426868066192
-0.19485140927889716,0.9837712645530701,0.001681334339082241
-0.19479486642383892,0.9912970662117004,0.0016959841595962644
-0.19469293705017388,1.0138145685195923,0.0016915977466851473
-0.19466874387554123,1.015989065170288,0.0016929503763094544
-0.1946503232803926,0.9770478010177612,0.0017044567503035069
-0.19455253349134627,0.9948909878730774,0.0016853567212820053
-0.19454630487853236,1.0105830430984497,0.0016842172481119633
-0.1944779602320616,1.0048048496246338,0.001690950826741755
-0.19444715276564145,1.0133837461471558,0.001691468176431954
-0.19441030165945733,1.013772964477539,0.001713183824904263
-0.19431588616648693,0.9912179112434387,0.0016816846327856183
-0.19428114068536168,1.0141369104385376,0.0017262788023799658
-0.1942810515423774,0.9884045124053955,0.00168437953107059
-0.19416501297580357,1.0064098834991455,0.0016897906316444278
-0.19416147300519448,1.0307490825653076,0.001694561680778861
-0.19410566127991014,0.9796619415283203,0.0016815783455967903
-0.19405226904537137,0.9857380390167236,0.0016819327138364315
-0.1940265735425945,1.003425121307373,0.0017065588617697358
-0.19394006643571804,1.0130501985549927,0.00169152591843158
-0.19389444312380955,1.0133678913116455,0.001694733859039843
-0.19378530038076258,0.9949421882629395,0.0016832300461828709
-0.19377155636369242,0.9934360384941101,0.001686524716205895
-0.19373448094743273,1.016623616218567,0.0016950356075540185
-0.19365878441000062,1.0120185613632202,0.0016904902877286077
-0.19356544487319072,0.9837725758552551,0.0016805656487122178
-0.1935088877900839,0.9922440052032471,0.0016980747459456325
-0.1934069681173612,1.0127043724060059,0.001691271085292101
-0.19338276136204108,1.022599458694458,0.0016955719329416752
-0.19336436448030647,0.9766486883163452,0.0017043566331267357
-0.19326654645010832,0.9932207465171814,0.001684430055320263
-0.1932603299095777,1.010744333267212,0.0016855233116075397
-0.1931919973358115,1.0051641464233398,0.0016914104344323277
-0.1931611605511992,1.0104374885559082,0.0016909665428102016
-0.19312432453452733,1.0152702331542969,0.0017133040819317102
-0.19302991874270953,0.9881160855293274,0.0016812907997518778
-0.1929951831781027,1.011196494102478,0.0017248973017558455
-0.19299507032170443,0.9906754493713379,0.0016857859445735812
-0.19287904037819031,1.0089741945266724,0.00169031647965312
-0.19287548768983143,1.0304584503173828,0.0016957862535491586
-0.19281969967711898,0.9828988313674927,0.0016819683369249105
-0.19276627877027536,0.9875309467315674,0.0016831393586471677
-0.19274059706439406,1.002554178237915,0.0017043283442035317
-0.19265410052160764,1.0111417770385742,0.0016911394195631146
-0.19260846319701685,1.0144567489624023,0.0016949510900303721
-0.1924993297231274,0.9968376159667969,0.0016837363364174962
-0.19248557234094632,0.994185745716095,0.0016866093501448631
-0.19244852085325603,1.023422122001648,0.0017000652151182294
-0.19237279586077977,1.0143189430236816,0.0016921191709116101
-0.19227948046811566,0.9884584546089172,0.0016835140995681286
-0.1922229093719054,0.9914343953132629,0.0016963679809123278
-0.19212099918454834,1.013287901878357,0.0016914436127990484
-0.1920967788483302,1.014051079750061,0.0016922574723139405
-0.19207840589516523,0.9746668338775635,0.0017033922486007214
-0.1919805596248677,0.993167519569397,0.0016842451877892017
-0.19197435515619954,1.006678819656372,0.0016828913940116763
-0.19190603443914056,1.0072654485702515,0.0016934855375438929
-0.19187516833654616,1.0139868259429932,0.0016923570074141026
-0.1918383471948628,1.0171724557876587,0.0017138993134722114
-0.19174395132019523,0.9912905097007751,0.0016825338825583458
-0.19170922545568841,1.0192232131958008,0.0017286842921748757
-0.1917090891018738,0.9886932373046875,0.001685079769231379
-0.1915930677812086,1.0110359191894531,0.00169180310331285
-0.19158950215762877,1.0280520915985107,0.001695081708021462
-0.19153373828948334,0.9767035841941833,0.0016797343268990517
-0.1914802887107559,0.9850525259971619,0.001682846574112773
-0.1914546205864039,1.0022187232971191,0.0017054169438779354
-0.19136813460728658,1.0132313966751099,0.0016923056682571769
-0.1913224834853794,1.015864372253418,0.0016953111626207829
-0.19121335885138924,0.9914404153823853,0.0016817522700875998
-0.19119958831862116,0.9953631162643433,0.0016866934020072222
-0.191162560975498,1.0172621011734009,0.0016951909055933356
-0.1910868073111377,1.0135539770126343,0.001691769459284842
-0.19099351627861733,0.98317950963974,0.001681328983977437
-0.19093693095372716,0.9940953850746155,0.0016972866142168641
-0.19083503003615887,1.0091458559036255,0.0016899212496355176
-0.19081079611946405,1.0208927392959595,0.001696188934147358
-0.19079244709444731,0.9756823778152466,0.0017034824704751372
-0.19069457258489264,0.9910843968391418,0.0016842051409184933
-0.19068838040408476,1.0116811990737915,0.0016843231860548258
-0.19062007175846696,1.0061440467834473,0.0016922749346122146
-0.19058917633704892,1.0149587392807007,0.0016921528149396181
-0.1905523698549878,1.0136725902557373,0.0017120512202382088
-0.19045798389683882,0.9923690557479858,0.0016823506448417902
-0.19042326794842968,1.0129804611206055,0.0017234154511243105
-0.1904231078816221,0.9898893237113953,0.001685375696979463
-0.19030709518422712,1.010066270828247,0.0016908999532461166
-0.1903035166254261,1.0320874452590942,0.0016954640159383416
-0.1902477769018477,0.9816417098045349,0.0016824482008814812
-0.19019429843671254,0.9894289374351501,0.0016838606679812074
-0.19016864432483255,0.99852055311203,0.0017034350894391537
-0.19008216869338673,1.0097873210906982,0.0016903860960155725
-0.19003650355816543,1.016827940940857,0.0016964111709967256
-0.18992738819480637,0.9943060874938965,0.0016827268991619349
-0.1899136042952435,0.9950547814369202,0.001686968025751412
-0.18987660088111075,1.017143726348877,0.0016957988264039159
-0.18980081876086424,1.018017292022705,0.0016929821576923132
-0.18970755187333171,0.9866201281547546,0.001682231086306274
-0.18965095232123524,0.9914689660072327,0.0016961597139015794
-0.189549061103767,1.007869839668274,0.0016881056362763047
-0.18952481360512186,1.0162543058395386,0.0016925628297030926
-0.18950648851035867,0.9769852757453918,0.0017042197287082672
-0.1894085855436547,0.9917625188827515,0.0016839461168274283
-0.18940240543555115,1.0097002983093262,0.0016841950127854943
-0.1893341088617958,1.0039393901824951,0.0016913211438804865
-0.1893031841219749,1.0129040479660034,0.001691897283308208
-0.18926639251469174,1.0145124197006226,0.001711821649223566
-0.18917201647306142,0.9867467284202576,0.0016804194310680032
-0.18913731022559438,1.018384575843811,0.0017278478480875492
-0.18913712666137023,0.9916821718215942,0.0016855457797646523
-0.1890211225870349,1.007601261138916,0.001690983073785901
-0.18901753109322345,1.0319647789001465,0.0016958974301815033
-0.18896181551463304,0.979894757270813,0.0016813257243484259
-0.18890830837782463,0.9895965456962585,0.0016844207420945168
-0.18888266784663188,1.0017377138137817,0.0017052082112058997
-0.18879620277843429,1.012635350227356,0.001692090998403728
-0.18875052384631746,1.0155032873153687,0.0016947839176282287
-0.18864141732159462,0.9932363033294678,0.0016818358562886715
-0.18862762027270785,0.9955997467041016,0.0016868454404175282
-0.18859064100314193,1.022730827331543,0.0017000881489366293
-0.18851483042595657,1.0150763988494873,0.0016924547962844372
-0.18842158746846716,0.9838671088218689,0.0016815336421132088
-0.18836497390347778,0.9916389584541321,0.001696149935014546
-0.18826309195600932,1.01524019241333,0.001692789839580655
-0.18823883087520293,1.015344500541687,0.0016933581791818142
-0.18822052992584903,0.9754327535629272,0.0017035192577168345
-0.18812259871799308,0.993683934211731,0.0016845646314322948
-0.18811643068217299,1.0103172063827515,0.0016839011805132031
-0.18804814596512465,1.0044718980789185,0.0016914366278797388
-0.18801719190732213,1.0121861696243286,0.001691710320301354
-0.18798041517502745,1.015276312828064,0.0017134612426161766
-0.18788604904991557,0.9901541471481323,0.0016822580946609378
-0.18785135250275886,1.0108411312103271,0.0017239674925804138
-0.18785114544069748,0.9870790839195251,0.0016844926867634058
-0.18773514998942165,1.007867693901062,0.0016903923824429512
-0.18773154556144178,1.0331894159317017,0.0016950916033238173
-0.1876758541269974,0.9773797988891602,0.001679791952483356
-0.18762231810357072,0.9877927899360657,0.0016838922165334225
-0.18759669136927354,1.0048142671585083,0.0017076045041903853
-0.18751023707905817,1.0083227157592773,0.0016902750357985497
-0.18746454391973522,1.0180212259292603,0.0016961742658168077
-0.18735544666480147,0.998482346534729,0.0016849240055307746
-0.1873416362495407,0.993284285068512,0.0016859715105965734
-0.1873046809093863,1.0176912546157837,0.0016950750723481178
-0.18722884187547262,1.0145268440246582,0.0016917106695473194
-0.18713562327812672,0.9833447337150574,0.0016811212990432978
-0.18707899548529927,0.9966738224029541,0.0016976435435935855
-0.18697712302382802,1.0135365724563599,0.0016904815565794706
-0.18695284836191328,1.0186779499053955,0.001694146660156548
-0.18693457112513112,0.9786955714225769,0.0017051191534847021
-0.18683661167675492,0.9955313205718994,0.0016859007300809026
-0.18683045592942643,1.00980544090271,0.0016836414579302073
-0.1867621830684535,1.0065782070159912,0.0016925577074289322
-0.18673119990866693,1.014500379562378,0.0016917682951316237
-0.1866944380500974,1.0119858980178833,0.0017108973115682602
-0.18660008162592745,0.9918836951255798,0.0016822416801005602
-0.18656539499550007,1.0186823606491089,0.001727526425383985
-0.18656516422002456,0.9867485165596008,0.0016843921039253473
-0.1864491773918086,1.008414387702942,0.0016904501244425774
-0.18644556024607872,1.0331761837005615,0.0016959399217739701
-0.18638989273936152,0.9801672697067261,0.0016819137381389737
-0.1863363278284747,0.9855360388755798,0.0016826280625537038
-0.18631071510812297,0.9978504776954651,0.001703858026303351
-0.18622427116515833,1.0123978853225708,0.0016919003101065755
-0.1861785642085188,1.0187596082687378,0.0016966074472293258
-0.18606947600737678,0.9943375587463379,0.001681564492173493
-0.18605565222679454,0.993408203125,0.0016863462515175343
-0.1860187210307861,1.0165764093399048,0.001695107901468873
-0.18594285332646227,1.009605050086975,0.0016901862109079957
-0.18584965887220956,0.9837443828582764,0.0016808792715892196
-0.18579301685196553,0.9934074878692627,0.0016968917334452271
-0.18569115387585983,1.014415979385376,0.0016914957668632269
-0.18566686563199453,1.0199573040008545,0.0016954191960394382
-0.18564861253998988,0.9738553166389465,0.001703915884718299
-0.1855506246359378,0.9937190413475037,0.0016848179511725903
-0.18554448117583777,1.0138553380966187,0.0016840413445606828
-0.1854762201717824,1.0029162168502808,0.0016916164895519614
-0.18544520769401396,1.013482689857483,0.0016920813359320164
-0.18540846070980138,1.0144978761672974,0.0017126895254477859
-0.18531411420215005,0.9922536611557007,0.0016828732332214713
-0.18527943727308582,1.0150126218795776,0.001726697781123221
-0.18527918321619125,0.9900839328765869,0.0016852911794558167
-0.1851632047946164,1.0059341192245483,0.0016890560509636998
-0.18515957471387606,1.0313524007797241,0.0016944921808317304
-0.18510393135172587,0.9796721339225769,0.0016813019756227732
-0.1850503377691658,0.9878992438316345,0.0016833596164360642
-0.18502473863013308,0.9968766570091248,0.0017038026126101613
-0.18493830525020588,1.008585810661316,0.001690041390247643
-0.1848925842821471,1.0171618461608887,0.0016951323486864567
-0.1847835053497413,0.9945470690727234,0.001680997433140874
-0.18476966820489044,0.9945806860923767,0.0016866017831489444
-0.184732761152607,1.0212795734405518,0.0016991145676001906
-0.1846568647770307,1.013238787651062,0.0016917787725105882
-0.18456369446650295,0.9830448031425476,0.0016802981263026595
-0.18450703843378702,0.9907864332199097,0.0016951818251982331
-0.18440518494304692,1.0125640630722046,0.0016916547901928425
-0.1843808831184942,1.0177693367004395,0.0016930479323491454
-0.18436265373906163,0.9758094549179077,0.001704475493170321
-0.18426463781153946,0.9952420592308044,0.0016850177198648453
-0.18425850642245967,1.0115169286727905,0.0016843018820509315
-0.18419025749195084,1.0047129392623901,0.0016916700406000018
-0.18415921547894015,1.01706862449646,0.0016934933373704553
-0.18412248337076842,1.016718864440918,0.001713922480121255
-0.1840281467783726,0.9891472458839417,0.0016818841686472297
-0.18399347976582708,1.0102014541625977,0.0017227266216650605
-0.18399320199593955,0.9896435737609863,0.001685290946625173
-0.1838772321978452,1.0087262392044067,0.0016905993688851595
-0.1838735891816734,1.0334529876708984,0.0016964608803391457
-0.18381797017945622,0.9825213551521301,0.0016820819582790136
-0.18376434749491188,0.9868921637535095,0.0016835720743983984
-0.1837387621519324,1.0044344663619995,0.0017065134597942233
-0.18365233933609532,1.011488914489746,0.0016917262692004442
-0.1836066045709307,1.0160200595855713,0.0016947800759226084
-0.18349753447652956,0.9950228929519653,0.0016833258559927344
-0.18348368418172306,0.9914559125900269,0.001685560680925846
-0.1834468010584301,1.0169895887374878,0.0016959921922534704
-0.18337087622654674,1.01700758934021,0.0016926127718761563
-0.183277730276373,0.9847995042800903,0.0016819769516587257
-0.183221059800032,0.9878372550010681,0.0016949932323768735
-0.18311921579465745,1.0105785131454468,0.0016904306830838323
-0.1830949006056256,1.0207908153533936,0.0016959123313426971
-0.18307669515455177,0.9771589040756226,0.001704537309706211
-0.1829786507703013,0.9942241311073303,0.0016845923382788897
-0.18297253145434728,1.0119339227676392,0.0016842265613377094
-0.18290429459570073,1.0068223476409912,0.001692286692559719
-0.1828732234798639,1.0157675743103027,0.001692664111033082
-0.18283650603110413,1.0146698951721191,0.0017133079236373305
-0.18274217957059274,0.9902142286300659,0.0016827001236379147
-0.18270752204341256,1.0169790983200073,0.0017284315545111895
-0.18270722077526658,0.9904645681381226,0.0016855895519256592
-0.1825912596006532,1.0062477588653564,0.0016899845795705914
-0.18258760364989174,1.0317002534866333,0.0016956398030743003
-0.18253200879287318,0.9795914888381958,0.0016805786872282624
-0.18247835722065797,0.9874853491783142,0.0016840514726936817
-0.18245278588930824,1.0027174949645996,0.0017065861029550433
-0.18236637363735092,1.0087299346923828,0.0016907498938962817
-0.18232062464371673,1.013123631477356,0.0016948378179222345
-0.1822115638199469,0.9905929565429688,0.0016805195482447743
-0.18219770015855585,0.9930090308189392,0.0016862780321389437
-0.18216084117982995,1.0198144912719727,0.0016978082712739706
-0.18208488767690484,1.0152453184127808,0.0016914947191253304
-0.18199176587108745,0.9911978244781494,0.0016842553159222007
-0.1819350813822746,0.9946969151496887,0.0016973608871921897
-0.1818332468618446,1.0113346576690674,0.0016910015838220716
-0.18179073656941058,0.9736538529396057,0.0017038367222994566
-0.18169266372906312,0.9929817914962769,0.0016841201577335596
-0.18168655670139022,1.0132321119308472,0.0016852958360686898
-0.1816183316990298,1.0066237449645996,0.001692052697762847
-0.18158723126605297,1.0122580528259277,0.0016917306929826736
-0.18155052890617407,1.0139551162719727,0.0017112558707594872
-0.18145621214807844,0.9905681610107422,0.0016817267751321197
-0.18142156453741692,1.0098416805267334,0.0017244858900085092
-0.18142123955459388,0.9907736778259277,0.0016855939757078886
-0.18130528700303994,1.008461356163025,0.001690552569925785
-0.18130161811832085,1.0298384428024292,0.0016951262950897217
-0.18124604740607958,0.981232762336731,0.0016812796238809824
-0.18119236716177006,0.9827709197998047,0.0016818656586110592
-0.1811668094113183,0.9987989068031311,0.0017032123869284987
-0.18108040772260903,1.0112836360931396,0.0016907016979530454
-0.1810346449320795,1.0160645246505737,0.0016951177967712283
-0.1809255931637851,0.9960066080093384,0.0016832243418321013
-0.18091171613517815,0.9954767823219299,0.0016866017831489444
-0.1808748810862848,1.0186541080474854,0.0016975125763565302
-0.18079889912663116,1.0136680603027344,0.0016920636408030987
-0.18070580146622306,0.9847545623779297,0.0016808732179924846
-0.18064910296493836,0.9911037683486938,0.0016960955690592527
-0.1805472779290317,1.0088932514190674,0.0016899212496355176
-0.180522935361575,1.020755648612976,0.0016948070842772722
-0.18050477776848212,0.9737263917922974,0.0017030936433002353
-0.18040667690382273,0.9944121837615967,0.001684708520770073
-0.18040058194843311,1.0114904642105103,0.0016836620634421706
-0.18033236901835625,1.0078805685043335,0.0016929316334426403
-0.18030123905097917,1.0121865272521973,0.001691094716079533
-0.180264551565878,1.0146262645721436,0.0017130887135863304
-0.18017024472430104,0.9878679513931274,0.001681140623986721
-0.18013560681458163,1.0166927576065063,0.0017270518001168966
-0.1801352583339209,0.9907723665237427,0.0016854515997692943
-0.18001931440542668,1.0096477270126343,0.0016915325541049242
-0.18001563280232624,1.0308194160461426,0.0016952567966654897
-0.17996008601844393,0.9782716631889343,0.0016813736874610186
-0.17990637688772665,0.9852093458175659,0.0016827427316457033
-0.17988083293395973,1.0035113096237183,0.0017060497775673866
-0.17979444180849846,1.0130205154418945,0.001692144083790481
-0.17974866500528658,1.0144753456115723,0.0016945530660450459
-0.17963962229057334,0.9956365823745728,0.001682421425357461
-0.17962573211264254,0.9955796003341675,0.0016865396173670888
-0.17958892120747388,1.0176447629928589,0.001697927014902234
-0.17951291079235532,1.0138424634933472,0.0016917758621275425
-0.179419837276514,0.9827367663383484,0.0016808044165372849
-0.1793631243316044,0.9891860485076904,0.0016957122134044766
-0.17926130878190555,1.0104681253433228,0.001690634642727673
-0.1792369528472328,1.017816424369812,0.001693864818662405
-0.17921881918397248,0.9729503989219666,0.0017032561590895057
-0.1791206898632161,0.9914699792861938,0.0016839499585330486
-0.17911460719505495,1.0146288871765137,0.0016847841907292604
-0.1790464061216851,1.0031267404556274,0.0016914475709199905
-0.17901524705148192,1.0165200233459473,0.0016931300051510334
-0.178978574225582,1.0187474489212036,0.00171402667183429
-0.17888427730052364,0.9872426390647888,0.001681298715993762
-0.1788496493073229,1.014727234840393,0.0017272430704906583
-0.17884927711451132,0.9896723031997681,0.001685072318650782
-0.1787333418082344,1.0073438882827759,0.0016903342911973596
-0.17872964727012358,1.0312374830245972,0.0016967575065791607
-0.17867412463122928,0.9825835227966309,0.0016820571618154645
-0.1786203868282072,0.9837701916694641,0.0016828281804919243
-0.1785948566721779,1.0034546852111816,0.0017046208959072828
-0.17850847610912257,1.0099523067474365,0.0016903894720599055
-0.17846268529428067,1.0158921480178833,0.0016953260637819767
-0.17835365163293815,0.9922157526016235,0.0016819230513647199
-0.17833974809073844,0.9948123097419739,0.0016867680242285132
-0.1783029611132972,1.0149239301681519,0.001695933286100626
-0.1782269222427132,1.0128178596496582,0.00169087341055274
-0.1781338728714389,0.9865442514419556,0.0016816591378301382
-0.17807714591342588,0.9942552447319031,0.0016979263164103031
-0.1779753398495137,1.0100406408309937,0.001689995639026165
-0.17795097011836664,1.0196318626403809,0.0016946109244599938
-0.17793286059883107,0.9734336137771606,0.001703407964669168
-0.1778347028226097,0.9937486052513123,0.0016846429789438844
-0.17782863244167685,1.013512134552002,0.0016841650940477848
-0.1777292548364079,1.0102938413619995,0.0016910366248339415
-0.1776925968859175,1.0146994590759277,0.0017124766018241644
-0.1775983098771673,0.9900846481323242,0.0016820586752146482
-0.17756369158448737,1.009209156036377,0.0017233936814591289
-0.17756329589425962,0.9889279007911682,0.0016849059611558914
-0.17744736921062138,1.013012170791626,0.001692572608590126
-0.17744366173771037,1.0283054113388062,0.0016932791331782937
-0.17738816324359363,0.9813922047615051,0.0016816360875964165
-0.17733439655395328,0.9883944392204285,0.0016836760332807899
-0.17730888019460878,1.0018422603607178,0.0017041675746440887
-0.1772225101943804,1.0084632635116577,0.0016910326667129993
-0.17717670536769847,1.0173876285552979,0.0016960138455033302
-0.1770676809763555,0.9911664128303528,0.001681485795415938
-0.17705376406757128,0.9946351051330566,0.00168740120716393
-0.1770170012355391,1.0193495750427246,0.0016970429569482803
-0.17694093369222924,1.0159087181091309,0.001692909630946815
-0.17684790846552195,0.9864377975463867,0.0016831849934533238
-0.17679116749524743,0.9890484809875488,0.001695416052825749
-0.1766893707011245,1.0083866119384766,0.0016894472064450383
-0.17666498760549781,1.0209201574325562,0.0016951713478192687
-0.17664690179853437,0.9763386249542236,0.0017049402231350541
-0.1765487159969481,0.9935461282730103,0.0016844563651829958
-0.1765426576889303,1.0147382020950317,0.0016844015335664153
-0.1764744803283428,1.0022541284561157,0.0016911941347643733
-0.17644326262175514,1.0131129026412964,0.0016920958878472447
-0.17640661976182948,1.01512610912323,0.001713117235340178
-0.17631234245338984,0.9885522723197937,0.001681516063399613
-0.17627773407701808,1.011304497718811,0.0017246655188500881
-0.1762773148891632,0.9897428750991821,0.0016842529876157641
-0.17616139661300811,1.0078052282333374,0.0016909618861973286
-0.17615767642171581,1.0321301221847534,0.001696996157988906
-0.17610220185595776,0.9818416237831116,0.001682253205217421
-0.17604840649506537,0.9855169057846069,0.0016818217700347304
-0.17602290371746088,0.9991514682769775,0.0017020358936861157
-0.17593654428048056,1.0124629735946655,0.001691137091256678
-0.175890725656061,1.0150146484375,0.0016946953255683184
-0.17578171031893058,0.9896163940429688,0.0016811573877930641
-0.17576778004419336,0.9931960105895996,0.0016864496283233166
-0.17573104135735995,1.0165749788284302,0.0016963804373517632
-0.17565494514279784,1.0169813632965088,0.001692569232545793
-0.17556194427539185,0.9860932230949402,0.0016817264258861542
-0.17550518907748996,0.9919498562812805,0.0016966498224064708
-0.1754034017687326,1.0101902484893799,0.0016903994837775826
-0.17537900487557906,1.0189865827560425,0.001695169834420085
-0.17536094321402473,0.9739704728126526,0.0017036227509379387
-0.17526272895549938,0.9909664392471313,0.0016832123510539532
-0.17525668293618368,1.012394666671753,0.0016845097998157144
-0.1751885176472482,1.002914309501648,0.0016903438372537494
-0.17515727062352093,1.0148663520812988,0.0016920401249080896
-0.1751206424219547,1.0164448022842407,0.0017133442452177405
-0.17502637502961244,0.9917235374450684,0.0016828234074637294
-0.17499177635481433,1.0087965726852417,0.0017247498035430908
-0.1749913336689113,0.99090576171875,0.0016856086440384388
-0.17487542401665795,1.007938027381897,0.0016897115856409073
-0.17487169088993415,1.0271053314208984,0.0016928368713706732
-0.17481624046832211,0.9797093868255615,0.0016812750836834311
-0.1747624162201799,0.9826017618179321,0.0016824338817968965
-0.17473692745483677,1.005690097808838,0.001707684714347124
-0.17465057858110467,1.0123482942581177,0.0016911777202039957
-0.1746047457286365,1.0178956985473633,0.0016960022039711475
-0.17449573966129533,0.9917981028556824,0.0016806124476715922
-0.17448179602165775,0.9940890073776245,0.0016865178477019072
-0.17444508126360408,1.0185997486114502,0.0016976242186501622
-0.1743689565929452,1.0135223865509033,0.001691353740170598
-0.17427597986968524,0.98482346534729,0.0016810692613944411
-0.17421921044457722,0.9933620095252991,0.001696562278084457
-0.17411743283591968,1.0138062238693237,0.0016913062427192926
-0.17409302236123686,1.0188145637512207,0.0016948250122368336
-0.17407498462867282,0.9741086959838867,0.0017029116861522198
-0.17397674213089037,0.9917286038398743,0.0016840450698509812
-0.17397070818322657,1.0125393867492676,0.001684093032963574
-0.17390255475099808,1.0032145977020264,0.0016912552528083324
-0.1738712784084469,1.0116322040557861,0.0016919811023399234
-0.17383466508250073,1.0128892660140991,0.0017120472621172667
-0.17374040760583503,0.9881617426872253,0.0016814639093354344
-0.17370581884755532,1.0129565000534058,0.0017256218707188964
-0.17370535244823854,0.9890196919441223,0.0016848841914907098
-0.17358945163504225,1.0125133991241455,0.001692114514298737
-0.17358570535857354,1.0301145315170288,0.00169422198086977
-0.17353027908047597,0.9764120578765869,0.001680018031038344
-0.1734764261615025,0.9863516092300415,0.0016838663723319769
-0.17345095097663632,1.0029760599136353,0.0017053865594789386
-0.1733646126669941,1.012762427330017,0.001691917423158884
-0.1733187660176308,1.0149857997894287,0.0016952436417341232
-0.17320976878892563,0.9945104122161865,0.001682762522250414
-0.17319581199849055,0.9919630289077759,0.0016856403090059757
-0.17315912138500394,1.0186570882797241,0.0016975291073322296
-0.17308296825887987,1.0157346725463867,0.0016924785450100899
-0.1729900156795553,0.9845756888389587,0.0016827895306050777
-0.17293323202681976,0.99092036485672,0.0016960204811766744
-0.17283146368753027,1.0098732709884644,0.0016906269593164325
-0.17280703984794704,1.0146578550338745,0.0016930141719058156
-0.17278902582879713,0.9740127921104431,0.0017040498787537217
-0.17269075509049447,0.9934716820716858,0.0016842453042045236
-0.17268473342984847,1.0140033960342407,0.0016842745244503021
-0.17261659185495848,1.0007275342941284,0.001690680393949151
-0.17258528640894966,1.0124404430389404,0.001691864337772131
-0.17254868795757067,1.0163605213165283,0.00171269488055259
-0.17245444018247869,0.9905933737754822,0.0016817298019304872
-0.17241986112472008,1.011690616607666,0.0017251372337341309
-0.17241937122756562,0.9884633421897888,0.001684456248767674
-0.1723034790374292,1.006493091583252,0.0016899209003895521
-0.17229971982679193,1.0318043231964111,0.0016952803125604987
-0.17224431769347182,0.9826782941818237,0.0016822366742417216
-0.17219043588640653,0.9880450963973999,0.001683964510448277
-0.17216497449864615,0.9993470311164856,0.0017027765279635787
-0.1720786467526732,1.0113407373428345,0.0016908763209357858
-0.1720327863064144,1.0183196067810059,0.0016959309577941895
-0.17192379813192177,0.992772102355957,0.0016797252465039492
-0.1719098279757444,0.995062530040741,0.001687360112555325
-0.1718731615064038,1.0179288387298584,0.0016976435435935855
-0.17179697970923796,1.011952519416809,0.001690310426056385
-0.17170405127426974,0.978955864906311,0.0016793669201433659
-0.1716472536086413,0.9902673363685608,0.001696441206149757
-0.17154549475471736,1.0103759765625,0.0016899195034056902
-0.1715210573342364,1.0196515321731567,0.0016947658732533455
-0.17150306724365594,0.9806273579597473,0.0017061451217159629
-0.1714047680492563,0.9949184060096741,0.001684312243014574
-0.17139875846089403,1.0163706541061401,0.0016853983979672194
-0.17133062917449537,1.0016045570373535,0.001690716715529561
-0.17129929419513895,1.014897108078003,0.0016923102084547281
-0.1712627106170641,1.014611840248108,0.0017119792755693197
-0.17116847275996439,0.9897534847259521,0.0016817832365632057
-0.17113390361788233,1.0147669315338135,0.001727465889416635
-0.17113339000731392,0.989966869354248,0.001685588387772441
-0.17101750643981595,1.0085464715957642,0.0016910831909626722
-0.17101373451016577,1.0277458429336548,0.0016938922926783562
-0.17095835630625722,0.9799625277519226,0.0016815864946693182
-0.17090444582793968,0.9857969284057617,0.001682825619354844
-0.1708789982370748,0.998517632484436,0.0017060067038983107
-0.1707926810535078,1.0121041536331177,0.001691540819592774
-0.17074680638004247,1.015468716621399,0.001694299979135394
-0.17063782747512862,0.9961761832237244,0.0016844157362356782
-0.1706238439532088,0.9915005564689636,0.0016855014255270362
-0.17058720141264788,1.019524335861206,0.001697303494438529
-0.1705109911589643,1.018173336982727,0.001693411380983889
-0.17041808686856308,0.9860338568687439,0.001682366942986846
-0.1703612749748863,0.9910188317298889,0.0016962885856628418
-0.17025952582232573,1.0112731456756592,0.0016906331293284893
-0.17023507460515974,1.0189425945281982,0.0016937839100137353
-0.17021710865830403,0.9706673622131348,0.0017025558045133948
-0.1701187812240157,0.991745114326477,0.0016839082818478346
-0.17011278370793692,1.0131304264068604,0.0016841309843584895
-0.1700446662782455,1.0053800344467163,0.0016914857551455498
-0.17001330219606248,1.0118858814239502,0.0016919781919568777
-0.16997673327676804,1.0149532556533813,0.001713225501589477
-0.16988250555176349,0.990840494632721,0.0016821793979033828
-0.16984794589504704,1.012482762336731,0.0017262122128158808
-0.16984740900305956,0.9875436425209045,0.0016846904763951898
-0.1697315338422027,1.0080783367156982,0.0016904347576200962
-0.1697277489779631,1.0303720235824585,0.0016961843939498067
-0.16967239491925312,0.9808060526847839,0.0016817363211885095
-0.16961845555431732,0.9880571961402893,0.0016835372662171721
-0.16959302176013724,1.0009270906448364,0.0017042647814378142
-0.1695067151391867,1.0115474462509155,0.001691659213975072
-0.16946082666819473,1.0163311958312988,0.0016956772888079286
-0.16935185681749337,0.9920499920845032,0.0016809084918349981
-0.16933785992983108,0.9955022931098938,0.0016870618565008044
-0.16930124153404774,1.0178805589675903,0.001695979735814035
-0.16922500260848033,1.0175693035125732,0.0016933443257585168
-0.16913212267906474,0.9838732481002808,0.0016808902146294713
-0.16907529655712905,0.991913914680481,0.001696352963335812
-0.16897355667519937,1.0112732648849487,0.0016899789916351438
-0.16894909209081727,1.0175062417984009,0.0016943668015301228
-0.1689311500737944,0.9758138060569763,0.0017036530189216137
-0.16883279418277775,0.9926939606666565,0.001684327726252377
-0.16882680895455882,1.0159534215927124,0.0016845432110130787
-0.16875870338157434,1.0023373365402222,0.001691051060333848
-0.16872730998098873,1.0120456218719482,0.0016913000727072358
-0.1686907561526803,1.0155582427978516,0.001712589175440371
-0.16859653812798586,0.9880358576774597,0.0016815211856737733
-0.16856198838820907,1.0133881568908691,0.001726430025883019
-0.16856142778280792,0.9894769787788391,0.001685628085397184
-0.16844556124501048,1.008716344833374,0.0016909944824874401
-0.16844176344618145,1.0253373384475708,0.0016928011318668723
-0.16838643374782553,0.9827330112457275,0.0016822345787659287
-0.16833246549479786,0.9833399653434753,0.0016824360936880112
-0.1683070452819368,1.0031633377075195,0.0017049728194251657
-0.1682207492244448,1.0126874446868896,0.0016911651473492384
-0.16817484674077027,1.0162843465805054,0.0016952446894720197
-0.16806588616006846,0.9923514723777771,0.001681419787928462
-0.16805187590750598,0.9953916072845459,0.001687244395725429
-0.1680152816554476,1.0188993215560913,0.0016976954648271203
-0.16793901427441477,1.011078119277954,0.0016911443090066314
-0.16784615827441068,0.9818583130836487,0.0016802845057100058
-0.16778931813895054,0.9914465546607971,0.001695352839305997
-0.1676875877423865,1.012576937675476,0.00169180310331285
-0.16766310957668562,1.0209554433822632,0.0016953793819993734
-0.16764519127307642,0.9759290814399719,0.0017046253196895123
-0.16754680735753713,0.9932550191879272,0.0016839280724525452
-0.1675408342011807,1.0150587558746338,0.0016845972277224064
-0.16747274070047974,1.0043137073516846,0.0016916581662371755
-0.1674413179814912,1.0117608308792114,0.0016916083404794335
-0.16740477881343685,1.0123366117477417,0.0017108492320403457
-0.16731057070462946,0.9933587312698364,0.0016827911604195833
-0.16727603066600533,1.0124189853668213,0.001725803012959659
-0.16727544656213494,0.9902049899101257,0.001685289666056633
-0.16715958864739744,1.0068480968475342,0.001690537086687982
-0.16715577813018684,1.0276870727539062,0.001695191953331232
-0.16710047236018988,0.9807888865470886,0.00168190011754632
-0.1670464752197019,0.9906843304634094,0.0016841524047777057
-0.16702106901952318,1.003149390220642,0.0017044375417754054
-0.16693478352527918,1.0122466087341309,0.0016912056598812342
-0.16688886702997485,1.0138334035873413,0.0016942486399784684
-0.1667799155034858,0.9927417039871216,0.0016821434255689383
-0.16676589188412805,0.9877946376800537,0.0016840114258229733
-0.16672932156127068,1.0167518854141235,0.0016969378339126706
-0.16665302572456236,1.0134546756744385,0.001692031743004918
-0.16656019408428058,0.983677864074707,0.001680971821770072
-0.16650333972119313,0.9913215637207031,0.0016965457471087575
-0.16640161880957383,1.0103563070297241,0.0016904470976442099
-0.1663771268476089,1.020293951034546,0.0016946084797382355
-0.16635923268772468,0.9735797643661499,0.0017034218180924654
-0.16626082031714107,0.9921389818191528,0.0016838536830618978
-0.16625485944906565,1.0164846181869507,0.0016844989731907845
-0.16618677780380858,1.006751537322998,0.0016920591006055474
-0.1661553257664174,1.015307903289795,0.0016923286020755768
-0.1661188014731408,1.0178579092025757,0.0017136569367721677
-0.16602460328085206,0.9889859557151794,0.001681544934399426
-0.16599007315853603,1.0113781690597534,0.0017259751912206411
-0.16598946534146225,0.9871873259544373,0.0016837120056152344
-0.16587361626578173,1.006376028060913,0.0016904618823900819
-0.16586979259861573,1.0256297588348389,0.0016927036922425032
-0.16581451097255423,0.9774863123893738,0.0016800862504169345
-0.16576048516039293,0.9860935807228088,0.0016831906978040934
-0.16573509254216479,1.004491925239563,0.0017086212756112218
-0.16564881761116884,1.0092865228652954,0.001690979697741568
-0.16560288731875844,1.0138744115829468,0.0016931485151872039
-0.16549394463027406,0.9931005835533142,0.001681854366324842
-0.1654799078615924,0.9929409623146057,0.001686465460807085
-0.16544336168267054,1.0167714357376099,0.0016973168822005391
-0.16536703717513096,1.0142779350280762,0.0016920744674280286
-0.16527422967857414,0.9807822108268738,0.0016806087223812938
-0.16521736108870122,0.9936622977256775,0.0016970625147223473
-0.1651156498771819,1.0106325149536133,0.0016895863227546215
-0.1650911443332665,1.0139318704605103,0.0016906240489333868
-0.16507327410237277,0.9732046723365784,0.0017039895756170154
-0.1649748334912689,0.9936230778694153,0.0016849389066919684
-0.16496888469610854,1.0161778926849365,0.0016842021141201258
-0.16490081512271398,1.0022562742233276,0.0016914918087422848
-0.16486933376797275,1.0176992416381836,0.0016932646976783872
-0.16483282434842123,1.015682578086853,0.0017125470330938697
-0.16473863585707466,0.9914421439170837,0.0016823704354465008
-0.16470411543654284,1.0141884088516235,0.0017253354890272021
-0.16470348433762894,0.9916263222694397,0.0016858115559443831
-0.16458764366943157,1.0072120428085327,0.001690500881522894
-0.16458380706641307,1.0244842767715454,0.0016919351182878017
-0.16452854958470786,0.9824442267417908,0.001682234462350607
-0.16447449488613902,0.9842657446861267,0.0016824885969981551
-0.16444911606396412,0.9968028664588928,0.0017021880485117435
-0.16436285191179295,1.0109186172485352,0.0016911380225792527
-0.16431690739217625,1.0187245607376099,0.0016968598356470466
-0.1642079739734807,0.9945096969604492,0.0016815288690850139
-0.16419392383968834,0.9948922991752625,0.0016864598728716373
-0.16415740180533345,1.0159554481506348,0.0016958568012341857
-0.16408104884022334,1.0142911672592163,0.001691829296760261
-0.16398826548844403,0.9840618371963501,0.0016818256117403507
-0.1639313826705227,0.9919925928115845,0.0016969917342066765
-0.1638296807287925,1.0104854106903076,0.0016906952951103449
-0.1638051618199769,1.0234873294830322,0.0016967252595350146
-0.16378731551807363,0.9728010892868042,0.001703409943729639
-0.1636888464506625,0.9939533472061157,0.0016842983895912766
-0.16368290994273044,1.0147604942321777,0.001684541697613895
-0.16361485222646388,1.0008660554885864,0.0016907094977796078
-0.16358334155353027,1.0142534971237183,0.0016920940252020955
-0.163546847008757,1.018338918685913,0.0017127424944192171
-0.1634526684337183,0.9879477620124817,0.0016812739195302129
-0.16341815792928382,1.014278769493103,0.0017280294559895992
-0.16341750311737724,0.9894827008247375,0.00168501993175596
-0.1633016710718183,1.0064963102340698,0.0016898238100111485
-0.1632978217497869,1.0326635837554932,0.0016957729822024703
-0.16324258819686166,0.9830964803695679,0.0016827896470203996
-0.16318850482788266,0.9878460764884949,0.0016840124735608697
-0.16316313980239278,1.0026905536651611,0.001705371541902423
-0.16307688599789283,1.0127285718917847,0.0016912496648728848
-0.16303092768117033,1.0153862237930298,0.0016940609784796834
-0.162922003316477,0.9962629079818726,0.0016825605416670442
-0.16290793981652119,0.9944467544555664,0.0016871487023308873
-0.1628714417115778,1.0140907764434814,0.0016962634399533272
-0.1627950602897394,1.015057921409607,0.0016925072995945811
-0.16270230108273742,0.9847896099090576,0.0016816037241369486
-0.16264540425234442,0.991836428642273,0.0016964842798188329
-0.1625437117959796,1.0118634700775146,0.0016913358122110367
-0.1625191793071083,1.0218675136566162,0.0016952133737504482
-0.16250135671861904,0.971881091594696,0.0017034776974469423
-0.16240285962500084,0.994408130645752,0.0016831140965223312
-0.16239693518935233,1.0173901319503784,0.0016843340126797557
-0.16232888933021372,1.0053632259368896,0.0016914989100769162
-0.16229734955403297,1.0162372589111328,0.0016926801763474941
-0.16226086966825037,1.0192184448242188,0.0017140938434749842
-0.16216670122635946,0.9926089644432068,0.0016829275991767645
-0.16213220020623803,1.0095040798187256,0.0017237791325896978
-0.16213152189670427,0.9912494421005249,0.0016856207512319088
-0.16201569847420527,1.0090619325637817,0.0016907633980736136
-0.16201183621863702,1.0253441333770752,0.0016934151062741876
-0.16195662681006812,0.9777024388313293,0.0016796787967905402
-0.16190251476857376,0.9907439351081848,0.00168514100369066
-0.16187716332482366,1.0050479173660278,0.0017074525821954012
-0.161790920083572,1.009850025177002,0.0016907270764932036
-0.16174494796953287,1.017135500907898,0.0016960168723016977
-0.1616360326590523,0.9975572228431702,0.0016841302858665586
-0.16162195579314348,0.9924623370170593,0.00168573425617069
-0.16158548183297744,1.0162906646728516,0.0016966111725196242
-0.16150907174072882,1.0160080194473267,0.0016925552627071738
-0.16141633689302853,0.9857891798019409,0.0016828663647174835
-0.16135942583416596,0.9923155903816223,0.0016964100068435073
-0.1612577428631669,1.0114492177963257,0.0016907253302633762
-0.16123319657718937,1.0192548036575317,0.001694365288130939
-0.16121539813326707,0.9729018211364746,0.0017041777027770877
-0.16111687258418372,0.992159366607666,0.0016839469317346811
-0.16111096065155073,1.0148272514343262,0.0016838390147313476
-0.16104292664996117,1.0041416883468628,0.0016916521126404405
-0.1610113573393802,1.015392780303955,0.00169191334862262
-0.16097489254437292,1.0196813344955444,0.0017136393580585718
-0.1608807338030031,0.9944109916687012,0.0016840697498992085
-0.16084624269961084,1.0127314329147339,0.0017269854433834553
-0.16084554067603157,0.9895274043083191,0.0016852268017828465
-0.1607297260921685,1.0075567960739136,0.001690625911578536
-0.16072585090264246,1.0212136507034302,0.0016907773679122329
-0.16067066542222191,0.9840109944343567,0.0016834094421938062
-0.16061652449368824,0.9836066365242004,0.0016825058264657855
-0.1605049543844066,1.0121434926986694,0.0016907311510294676
-0.16045896804210863,1.0136511325836182,0.001694181584753096
-0.16035006200225893,0.9913501143455505,0.0016805205959826708
-0.16033597198534205,0.9959137439727783,0.001686779549345374
-0.1602995219547983,1.018386721611023,0.0016967630945146084
-0.16022308340687397,1.0166455507278442,0.0016930169658735394
-0.16013037248732187,0.9849634766578674,0.0016810523811727762
-0.1600734474164085,0.9946907758712769,0.0016968443524092436
-0.15997177393077505,1.010621428489685,0.0016908852849155664
-0.15994721406284718,1.0209078788757324,0.0016954405000433326
-0.1599294395479154,0.9758937954902649,0.0017043454572558403
-0.15983088575978538,0.9954888224601746,0.0016851448453962803
-0.15982498589859362,1.0161798000335693,0.0016843024641275406
-0.15975696375371107,1.0058224201202393,0.0016920426860451698
-0.1597253653405143,1.01182222366333,0.0016913159051910043
-0.1596889152044979,1.016904354095459,0.0017125395825132728
-0.1595947663792257,0.9909658432006836,0.0016817089635878801
-0.15956028497677555,1.0156736373901367,0.001726234331727028
-0.15955955967093516,0.9902477860450745,0.001685389899648726
-0.15944375349434475,1.0060334205627441,0.001690341392531991
-0.15943986537043975,1.0296684503555298,0.0016951063880696893
-0.15938470425079437,0.9799304008483887,0.001680852030403912
-0.15933053443564243,0.9838050603866577,0.0016823168843984604
-0.15921898847008548,1.0106247663497925,0.001690983190201223
-0.15917298833026067,1.0151947736740112,0.0016950034769251943
-0.15906409134462368,0.9980357885360718,0.0016841330798342824
-0.15904998796301695,0.9963942170143127,0.0016871941043063998
-0.1590135618606216,1.0184392929077148,0.0016977167688310146
-0.15893709485639002,1.0113507509231567,0.0016911451239138842
-0.15884440829782331,0.9831389784812927,0.0016813675174489617
-0.15878746878391659,0.9933609366416931,0.001696650288067758
-0.15868580478364874,1.0079028606414795,0.0016889633843675256
-0.15866123154871525,1.0172399282455444,0.001691762008704245
-0.15864348096361625,0.9759814739227295,0.0017052144976332784
-0.1585448987185472,0.995002806186676,0.0016848252853378654
-0.15853901114584706,1.0154801607131958,0.0016842576442286372
-0.15847100107261647,1.0025975704193115,0.001691073877736926
-0.15843937312607204,1.015023112297058,0.0016924096271395683
-0.15840293786420184,1.018761157989502,0.001713719335384667
-0.1583087989554483,0.987421452999115,0.0016804860206320882
-0.15827432746951653,1.0135000944137573,0.0017271747346967459
-0.15827357845068324,0.9910593032836914,0.0016855411231517792
-0.1581577808977841,1.0056369304656982,0.0016895548906177282
-0.1581538798380266,1.030550479888916,0.0016959405038505793
-0.15809874286442183,0.9819415807723999,0.001682717353105545
-0.15804454416117802,0.9873272180557251,0.0016831537941470742
-0.1580192341068512,1.0047030448913574,0.0017058594385161996
-0.15793302277092008,1.0130635499954224,0.001691293902695179
-0.15788700861946525,1.0144237279891968,0.0016946581890806556
-0.15777812068719899,0.9974380731582642,0.0016840064199641347
-0.1577640039411129,0.9958334565162659,0.001687141484580934
-0.15772760198202124,1.0208498239517212,0.0016991283046081662
-0.15765110630590584,1.0143663883209229,0.0016923982184380293
-0.15755844389316948,0.9870942234992981,0.0016822280595079064
-0.15750149036573807,0.9937386512756348,0.0016965775284916162
-0.15739983585083606,1.0106104612350464,0.0016914962325245142
-0.1573752490354256,1.0156018733978271,0.0016928312834352255
-0.15735752216268778,0.9739219546318054,0.001704155351035297
-0.1572589118928856,0.9921990633010864,0.001683390000835061
-0.15725303639310045,1.0153634548187256,0.0016841500764712691
-0.1571850381759453,1.0054612159729004,0.0016919646877795458
-0.1571533811265745,1.015424370765686,0.0016928588738664985
-0.1571169607399034,1.0165290832519531,0.0017125983722507954
-0.1570228315320919,0.9928799271583557,0.0016832161927595735
-0.15698836996204724,1.0147470235824585,0.0017270819516852498
-0.15698759723064204,0.9885098338127136,0.001683873706497252
-0.1568718083010131,1.0048078298568726,0.001689924392849207
-0.1568678945211897,1.0255316495895386,0.0016929161502048373
-0.15681278147678612,0.9815234541893005,0.0016819594893604517
-0.15675855410186906,0.9880926609039307,0.0016841908218339086
-0.1567332578444376,1.000794529914856,0.0017032078467309475
-0.15664705685617797,1.0102800130844116,0.0016902447678148746
-0.1566010286935146,1.0163222551345825,0.0016950994031503797
-0.15649215003040562,0.9907297492027283,0.001678316155448556
-0.1564780199177352,0.99365234375,0.0016867858357727528
-0.15644164210342104,1.0112367868423462,0.0016929057892411947
-0.15636511797120872,1.0164340734481812,0.001692393096163869
-0.15627247970303937,0.986542820930481,0.0016821824247017503
-0.15621551194755984,0.9899278283119202,0.0016957289772108197
-0.15611386691802315,1.0104213953018188,0.0016908111283555627
-0.15607156357733604,0.9747077822685242,0.0017049657180905342
-0.15597292485143716,0.9921591877937317,0.0016834327252581716
-0.15596706164014362,1.0164599418640137,0.001684772432781756
-0.15589907549485071,1.001137614250183,0.0016904622316360474
-0.1558673889112902,1.0114827156066895,0.0016908752731978893
-0.15583098339960755,1.0189250707626343,0.0017143258592113853
-0.15573686432389106,0.9896748065948486,0.0016812492394819856
-0.15570241223900144,1.011458396911621,0.0017247684299945831
-0.15570161622617718,0.9913678765296936,0.0016851772088557482
-0.1555858359189764,1.0082093477249146,0.0016911885468289256
-0.15558190899025037,1.0242431163787842,0.001693587051704526
-0.15552682008893998,0.9784689545631409,0.0016809951048344374
-0.1554725640425601,0.9865976572036743,0.001682728761807084
-0.1554472813677108,1.0058032274246216,0.0017083215061575174
-0.15536109115743363,1.0122039318084717,0.0016913709696382284
-0.15531504898166665,1.0142571926116943,0.0016945687821134925
-0.15520617937361247,0.9967886805534363,0.0016845832578837872
-0.15519203589435748,0.9925558567047119,0.0016862575430423021
-0.1551556822248209,1.0167168378829956,0.001697302097454667
-0.15507912942219837,1.017488718032837,0.0016924634110182524
-0.15498651529733298,0.9835373759269714,0.0016811180394142866
-0.15492953352980238,0.9879494905471802,0.0016950757708400488
-0.1548278979856313,1.009467363357544,0.001690662233158946
-0.15480328379242758,1.0182048082351685,0.0016953337471932173
-0.15478560499219463,0.9763765931129456,0.0017044872511178255
-0.15468693802640704,0.9963151812553406,0.0016855584690347314
-0.15468108688676546,1.0140138864517212,0.001683659851551056
-0.15461311259796906,1.0025110244750977,0.001690779346972704
-0.1545813969124245,1.0125457048416138,0.0016912721330299973
-0.15454500605994304,1.0133305788040161,0.0017101983539760113
-0.1544508969001136,0.9909871220588684,0.001682781963609159
-0.15441645473300558,1.0118231773376465,0.001726325019262731
-0.15441563500592553,0.9885408878326416,0.0016845983918756247
-0.15429986332178414,1.0059974193572998,0.0016905973898246884
-0.15429592367446626,1.0253533124923706,0.0016935837920755148
-0.1542408589166701,0.9822726845741272,0.0016823852201923728
-0.15418657376767464,0.9901293516159058,0.0016844745259732008
-0.15416130489014168,0.9991839528083801,0.001703160349279642
-0.15407512524269168,1.0102086067199707,0.0016911976272240281
-0.15402906926981869,1.0202457904815674,0.0016973320161923766
-0.15392020871660878,0.9919098615646362,0.001680981949903071
-0.15390605187203238,0.9976404905319214,0.0016878400929272175
-0.15386972213106503,1.0186748504638672,0.001697014202363789
-0.15379314087255647,1.0106709003448486,0.0016906324308365583
-0.15370055110720288,0.9850053787231445,0.0016817792784422636
-0.15364355511162392,0.9905387163162231,0.0016959873028099537
-0.15354192905281838,1.006949543952942,0.0016896812012419105
-0.15349964640705344,0.9769278764724731,0.0017058178782463074
-0.15340095098643197,0.9939877390861511,0.0016842993209138513
-0.15339511213338736,1.0154070854187012,0.0016837812727317214
-0.15332714970192968,1.0022422075271606,0.001691049779765308
-0.15329540491334803,1.0125961303710938,0.0016913675935938954
-0.15325902893627608,1.0190362930297852,0.0017137461109086871
-0.15316492947675703,0.9931396842002869,0.001682234462350607
-0.15313049701080184,1.0082088708877563,0.0017227716743946075
-0.15312965378525256,0.9913126230239868,0.0016852732514962554
-0.15301389072417088,1.007637858390808,0.001690182602033019
-0.1530099381420531,1.0220510959625244,0.0016920967027544975
-0.15295489752903446,0.9805505871772766,0.001681085443124175
-0.15290058370962883,0.9852399826049805,0.0016823080368340015
-0.152875328627728,1.0026593208312988,0.0017056099604815245
-0.15278915954436817,1.00959312915802,0.0016897235764190555
-0.152743089343447,1.018202781677246,0.0016951787983998656
-0.15263423805918386,0.9937748908996582,0.0016814012778922915
-0.15262006806486256,0.9966116547584534,0.0016877386951819062
-0.15258376225309644,1.0156396627426147,0.001695932587608695
-0.15250715253764885,1.0147911310195923,0.0016923549119383097
-0.1524145867014962,0.9875462055206299,0.0016832598485052586
-0.1523575764782899,0.990994393825531,0.0016955450410023332
-0.15225595990442914,1.0132195949554443,0.0016925485106185079
-0.15223131876500628,1.0203756093978882,0.001695356098935008
-0.15221368782254358,0.9753396511077881,0.0017051210161298513
-0.15211496416077036,0.9924320578575134,0.0016837670700624585
-0.1521091373800092,1.0178979635238647,0.0016844974597916007
-0.15204118702083502,1.0043386220932007,0.001691369223408401
-0.15200941269911633,1.016764760017395,0.0016922390786930919
-0.15197305159598007,1.0146390199661255,0.001711615128442645
-0.1518789620538219,0.9924280047416687,0.0016829392407089472
-0.15184453950333254,1.0124478340148926,0.0017272764816880226
-0.15184367278015637,0.9880886077880859,0.0016845626523718238
-0.15172791834213417,1.0062777996063232,0.0016902957577258348
-0.1517239528260585,1.0257577896118164,0.0016933842562139034
-0.15166893614224086,0.9828053712844849,0.0016818137373775244
-0.15161459365074093,0.9884219169616699,0.001685040071606636
-0.15158935214973812,1.0019404888153076,0.001705643837340176
-0.15150319363004727,1.010016679763794,0.0016908098477870226
-0.15145710963223058,1.0124655961990356,0.0016937734326347709
-0.15134826740175916,0.9951071739196777,0.0016840631142258644
-0.1513340840423269,0.9936659336090088,0.001686999574303627
-0.1512978023751278,1.0199474096298218,0.0016991050215438008
-0.15122116398821744,1.0118285417556763,0.00169120985083282
-0.15112862251178716,0.9797584414482117,0.001679026405327022
-0.1510715980609535,0.9915785193443298,0.0016957208281382918
-0.15096999097203728,1.0070242881774902,0.0016897906316444278
-0.15094533625129541,1.0197339057922363,0.0016940623754635453
-0.15092772902161533,0.9726011753082275,0.0017041499959304929
-0.15082897711932186,0.9929866790771484,0.0016845695208758116
-0.1508231628422076,1.0163882970809937,0.0016845649806782603
-0.15075522412458492,1.0013264417648315,0.0016915717860683799
-0.15072342070003986,1.0143972635269165,0.001691852230578661
-0.1506870744712605,1.0175031423568726,0.0017131321365013719
-0.15059299484604183,0.9906275272369385,0.0016822791658341885
-0.1505585817813393,1.0149035453796387,0.0017273275880143046
-0.15055769155990445,0.9930535554885864,0.001686817267909646
-0.15044194574452113,1.009429931640625,0.0016912289429455996
-0.15043796729385583,1.0274505615234375,0.0016952219884842634
-0.15038297475439472,0.9817618131637573,0.0016824975609779358
-0.15032860337585546,0.9877048134803772,0.001682842499576509
-0.1503033758873245,1.0022064447402954,0.0017044038977473974
-0.15021722793088166,1.0114794969558716,0.0016911976272240281
-0.15017112992122467,1.0142786502838135,0.0016953414306044579
-0.15006229674475546,0.9904110431671143,0.0016790350200608373
-0.1500481000189492,0.9987287521362305,0.0016878277529031038
-0.1500118424969485,1.0148082971572876,0.001696979277767241
-0.14993517543836504,1.0138964653015137,0.0016919054323807359
-0.14984265810608072,0.9832152128219604,0.0016816494753584266
-0.1497856196425647,0.9908650517463684,0.0016952849691733718
-0.14968402203985592,1.0085760354995728,0.0016903226496651769
-0.1496593535220082,1.0186116695404053,0.0016929208068177104
-0.1496417704373162,0.9735456705093384,0.0017042779363691807
-0.1495429902942918,0.9917444586753845,0.0016834433190524578
-0.1495371880900926,1.0182517766952515,0.0016844994388520718
-0.14946926144475342,1.0044866800308228,0.001691355719231069
-0.14943742870054255,1.01372492313385,0.001691911369562149
-0.14940109713096467,1.0181419849395752,0.0017135078087449074
-0.14930702742226443,0.9927480816841125,0.0016828712541610003
-0.14927262427408056,1.0104451179504395,0.0017260293243452907
-0.1492717103400738,0.9881401062011719,0.001684662769548595
-0.14915597314732887,1.0065784454345703,0.0016905911033973098
-0.14915198197765073,1.0247488021850586,0.0016919237095862627
-0.14909701358212507,0.9797285795211792,0.0016807725187391043
-0.14904261331717805,0.9869462847709656,0.0016826257342472672
-0.1490173994097556,1.0001567602157593,0.001703820307739079
-0.14893126201656082,1.0104314088821411,0.0016905996017158031
-0.1488851502093767,1.017450213432312,0.0016961266519501805
-0.14877632608733055,0.9974724054336548,0.0016845348291099072
-0.14876211599578204,0.9952079653739929,0.0016871915431693196
-0.1487258826183483,1.0135949850082397,0.001697077415883541
-0.14864918710408892,1.0099215507507324,0.0016912334831431508
-0.14855669391637166,0.9885649085044861,0.0016833378467708826
-0.1484996412250178,0.9915449619293213,0.0016958612250164151
-0.14839805310767457,1.0066604614257812,0.001689825439825654
-0.1483733710078763,1.0268352031707764,0.0016979287611320615
-0.14835581185343788,0.9733246564865112,0.0017042895779013634
-0.14825700325347463,0.9983925819396973,0.0016859325114637613
-0.14825121333713548,1.0169051885604858,0.0016850127140060067
-0.14818329854808227,1.0043209791183472,0.0016914932057261467
-0.1481514364854688,1.0110303163528442,0.001690688543021679
-0.14811512000624516,1.0167118310928345,0.0017125002341344953
-0.14802105999848703,0.9930781126022339,0.0016822678735479712
-0.14798666676661104,1.0130141973495483,0.0017269193194806576
-0.14798572933539844,0.9882405996322632,0.0016850802348926663
-0.14787000076655527,1.0060774087905884,0.0016906101955100894
-0.14786599644607956,1.0295305252075195,0.001696512452326715
-0.14781105219575252,0.9794735312461853,0.0016813380643725395
-0.14775662325765837,0.9829179048538208,0.00168211804702878
-0.1477314229326075,1.0049865245819092,0.0017073499038815498
-0.14764529631739542,1.0117385387420654,0.001691093435510993
-0.14759917028216296,1.0137360095977783,0.0016941981157287955
-0.14749035542990585,0.9898363351821899,0.0016808519139885902
-0.14747613197345694,0.994746208190918,0.0016863729106262326
-0.1474399225241716,1.0177645683288574,0.0016975621692836285
-0.14736319855381552,1.014629602432251,0.0016919878544285893
-0.14727072972750466,0.9828977584838867,0.001680660294368863
-0.14721366280683928,0.9913418889045715,0.0016958569176495075
-0.14711208417486166,1.00941002368927,0.0016907574608922005
-0.1470873884937446,1.019237995147705,0.0016943105729296803
-0.1470698532680862,0.9748918414115906,0.0017046226421371102
-0.1469710164286553,0.9997078776359558,0.0016856618458405137
-0.14696523858375737,1.0163871049880981,0.0016843146877363324
-0.14689733586698767,1.0004881620407104,0.0016906389500945807
-0.14686544448639233,1.0101221799850464,0.0016911191632971168
-0.1468291426672122,1.0157277584075928,0.001712513854727149
-0.14673509279070718,0.9918149709701538,0.001682097790762782
-0.14670070904356525,1.012462854385376,0.001725471462123096
-0.14669974811472547,0.9881032109260559,0.0016846259823068976
-0.146584028168942,1.0054343938827515,0.001690094475634396
-0.1465800109136664,1.0244594812393188,0.0016927683027461171
-0.14652509080895892,0.9819604158401489,0.0016823620535433292
-0.14647063298361523,0.9847365617752075,0.0016825159545987844
-0.14644544667061515,1.0044461488723755,0.0017053942428901792
-0.1463593304026533,1.0127075910568237,0.0016918606124818325
-0.14631319057136755,1.0125696659088135,0.0016940998611971736
-0.14620438477374426,0.9938852190971375,0.0016825265483930707
-0.14619014816628728,0.9947001934051514,0.0016871951520442963
-0.14615396264557123,1.0184143781661987,0.001698196865618229
-0.14607721021911835,1.0161925554275513,0.0016923582879826427
-0.14598476532179822,0.9851609468460083,0.0016818558797240257
-0.14592768438866083,0.99527508020401,0.0016974087338894606
-0.14582611524183847,1.006505012512207,0.0016895657172426581
-0.14580140598003394,1.0194902420043945,0.0016943708760663867
-0.14578389468273423,0.9733018279075623,0.0017045061103999615
-0.14568502960278312,0.9942528605461121,0.0016847072402015328
-0.14567926383080027,1.0176434516906738,0.0016848287777975202
-0.1456113729703165,1.0012967586517334,0.0016898378962650895
-0.14557945248752657,1.012905478477478,0.0016915678279474378
-0.1455431653273372,1.013649582862854,0.0017117097740992904
-0.14544912536692978,0.9906864762306213,0.0016822244506329298
-0.14541475153630623,1.0074284076690674,0.0017233345424756408
-0.14541376689405278,0.990898847579956,0.0016856798902153969
-0.14529805578690547,1.0055121183395386,0.0016901165945455432
-0.1452940255978823,1.025683045387268,0.0016931385034695268
-0.14523912942111256,0.9766260981559753,0.0016796526033431292
-0.14518464292472733,0.9900397062301636,0.0016838583396747708
-0.14515947019304604,0.9998300075531006,0.0017039841040968895
-0.1450733647039089,1.0102332830429077,0.00169107795227319
-0.14502721085951958,1.0130399465560913,0.0016959632048383355
-0.14491841411674034,0.9911497831344604,0.0016815196722745895
-0.14490416414354096,0.9937624335289001,0.0016860503237694502
-0.1448680027669711,1.0123857259750366,0.0016942423535510898
-0.1447912216694765,1.0151728391647339,0.0016925170784816146
-0.1446988011316681,0.9835095405578613,0.0016816614661365747
-0.14464170597153492,0.9918114542961121,0.0016960742650553584
-0.1445401460940806,1.0102134943008423,0.0016908020479604602
-0.14451542346674412,1.0243260860443115,0.0016955544706434011
-0.14449793609759304,0.9717251658439636,0.0017037811921909451
-0.14439904256133446,0.9946888089179993,0.0016849220264703035
-0.14439328929299866,1.0163792371749878,0.0016841834876686335
-0.14432541028901136,1.0009400844573975,0.0016903290525078773
-0.14429346027308415,1.017099142074585,0.0016934198793023825
-0.14425718820261768,1.0157288312911987,0.0017124409787356853
-0.14416315794357337,0.9905237555503845,0.0016822506440803409
-0.14412879381431304,1.0110373497009277,0.0017260722815990448
-0.14412778589021946,0.9870032668113708,0.0016851004911586642
-0.14401208318971326,1.0093175172805786,0.0016921228962019086
-0.14400804006546913,1.022689700126648,0.0016931096324697137
-0.1439531682488429,0.983628511428833,0.0016830023378133774
-0.14389865286541814,0.9864614605903625,0.0016830533277243376
-0.14387349393063265,0.999267578125,0.0017045262502506375
-0.1437873987891668,1.0068262815475464,0.0016888759564608335
-0.1437412311485139,1.0152084827423096,0.0016951747238636017
-0.14363244345931564,0.9931129217147827,0.0016816355055198073
-0.1436181801212158,0.9930471181869507,0.0016863234341144562
-0.14358204288879195,1.016358733177185,0.0016976740444079041
-0.14350523333541088,1.01608407497406,0.0016923253424465656
-0.14341283672596145,0.9840589165687561,0.0016818566946312785
-0.14335572733841168,0.9904156923294067,0.0016959302593022585
-0.1432541771612677,1.0063363313674927,0.001689688302576542
-0.14322944095303347,1.0224608182907104,0.0016968285199254751
-0.14321197751245163,0.9750201106071472,0.0017049445305019617
-0.1431130557365149,0.9939823150634766,0.001684142160229385
-0.14310731453962056,1.0159538984298706,0.0016836612485349178
-0.14303944739297175,1.0026952028274536,0.001690806937403977
-0.14300746827358685,1.010911226272583,0.0016909708501771092
-0.1429712108627429,1.0187714099884033,0.001713287434540689
-0.14287719073621458,0.9885756373405457,0.0016812835820019245
-0.14284283630684375,1.0090969800949097,0.0017260086024180055
-0.14284180466996776,0.9916865825653076,0.001685715513303876
-0.1427261105921,1.003745198249817,0.0016893482534214854
-0.14272205474947453,1.0234274864196777,0.0016918195178732276
-0.14266720686120726,0.9765646457672119,0.0016798669239506125
-0.14261266280653023,0.986663818359375,0.0016830486711114645
-0.14258751745264248,1.0009911060333252,0.0017049160087481141
-0.14250143309063296,1.0142122507095337,0.0016919550253078341
-0.14245525122256303,1.013188123703003,0.001695132115855813
-0.14234647280189094,0.994040846824646,0.0016820974415168166
-0.14233219609783815,0.9929131865501404,0.0016860640607774258
-0.1422960830101916,1.0142213106155396,0.001696595223620534
-0.14221924478555847,1.0142931938171387,0.0016913020517677069
-0.14212687253583156,0.9843204617500305,0.0016815235139802098
-0.14206974892023316,0.9922879934310913,0.0016965228132903576
-0.1419682082288758,1.009091854095459,0.001689655240625143
-0.14194345843953332,1.0139003992080688,0.0016911380225792527
-0.14192601871215493,0.9737471342086792,0.0017053468618541956
-0.141827068695698,0.99355149269104,0.0016845754580572248
-0.14182133978666345,1.0148199796676636,0.0016839891904965043
-0.14175348471187715,1.0056670904159546,0.0016923779621720314
-0.1417214762745106,1.0129966735839844,0.0016912034479901195
-0.14168523373802333,1.0166901350021362,0.0017120318952947855
-0.14159122331243718,0.9896579384803772,0.00168138078879565
-0.14155687880021656,1.017065167427063,0.0017288165399804711
-0.1415558234492948,0.9950973391532898,0.001687484560534358
-0.14144013821006324,1.003352403640747,0.0016897267196327448
-0.14143606921853497,1.0294853448867798,0.0016956784529611468
-0.14138124547420317,0.9781479835510254,0.0016807075589895248
-0.14132667253248687,0.984938383102417,0.0016811357345432043
-0.14130154097465253,0.9989393949508667,0.0017021270468831062
-0.1412154671765226,1.011297583580017,0.001690488075837493
-0.14116927151071507,1.0153236389160156,0.0016949030105024576
-0.14106050214446603,0.9919654130935669,0.0016806526109576225
-0.14104621229003694,0.993216872215271,0.0016861303010955453
-0.1410101231315914,1.0151338577270508,0.0016959040658548474
-0.14093325645170363,1.0162018537521362,0.0016924692317843437
-0.1408409083461225,0.9830630421638489,0.0016816561110317707
-0.1407837705020547,0.9911409616470337,0.0016952226869761944
-0.1406822392966947,1.0114636421203613,0.0016910776030272245
-0.1406574757096144,1.0243529081344604,0.001696295803412795
-0.14064006012701374,0.9712600111961365,0.0017034376505762339
-0.14054108187066788,0.9959324598312378,0.0016846860526129603
-0.1405353650341274,1.0136303901672363,0.00168395577929914
-0.140467522030572,1.0020400285720825,0.0016905119409784675
-0.14043548427627622,1.0140105485916138,0.0016916379099711776
-0.14039925639772727,1.0168516635894775,0.0017123884754255414
-0.14030525588908083,0.9885196089744568,0.0016815412091091275
-0.14027092107864436,1.006207823753357,0.0017225883202627301
-0.1402698424441986,1.0016075372695923,0.0016889008693397045
-0.14015416561287103,1.0056838989257812,0.0016903947107493877
-0.1401500839019088,1.023187279701233,0.001694058533757925
-0.14009528430193352,0.9831827878952026,0.0016830014064908028
-0.14004068247359897,0.9884998798370361,0.0016839582240208983
-0.14001556471265997,1.0034397840499878,0.0017048977315425873
-0.139929501477357,1.0115002393722534,0.0016912196297198534
-0.1398832917988671,1.0150233507156372,0.0016953437589108944
-0.13977453148746233,0.9976093769073486,0.0016836561262607574
-0.13976022826771184,0.9927550554275513,0.0016862942138686776
-0.1397241630386778,1.0076004266738892,0.001694169477559626
-0.13964726790121945,1.013852834701538,0.001692434772849083
-0.13955494394041584,0.9821340441703796,0.001680926769040525
-0.1394977920836657,0.9909354448318481,0.001695907674729824
-0.13939627036367125,1.0094066858291626,0.001690003788098693
-0.1393714931954827,1.0191019773483276,0.0016933310544118285
-0.13935410154187233,0.9754316210746765,0.0017047026194632053
-0.13925509504563782,0.9995783567428589,0.0016865337966009974
-0.13924939049674684,1.0187830924987793,0.0016853028209879994
-0.13918155913495345,1.002667784690857,0.0016909708501771092
-0.13914949206120242,1.0143526792526245,0.0016922034556046128
-0.1391132792734288,1.0153615474700928,0.0017128695035353303
-0.1390192886808797,0.9948222041130066,0.0016831103712320328
-0.13898496357117485,1.0119843482971191,0.0017266790382564068
-0.13898386122331519,1.0012329816818237,0.0016895069275051355
-0.13886819323125554,1.003166913986206,0.0016894619911909103
-0.13886409858507215,1.0298216342926025,0.0016956517938524485
-0.13880932291429765,0.9776262640953064,0.0016811132663860917
-0.13875469241471106,0.9871302843093872,0.0016829028027132154
-0.13872958823593312,1.0061676502227783,0.0017073167255148292
-0.13864353577861266,1.0075726509094238,0.0016899656038731337
-0.13859731208722986,1.0118842124938965,0.0016941246576607227
-0.13848856083003763,0.9937808513641357,0.0016827576328068972
-0.13847424424496568,0.9903964996337891,0.001685584313236177
-0.1384382031604987,1.0164910554885864,0.0016976273618638515
-0.13836127956631206,1.010621190071106,0.0016906429082155228
-0.138268979750707,0.9826134443283081,0.00168146553914994
-0.13821181366653978,0.9952405095100403,0.0016965576214715838
-0.13811030143170044,1.0074458122253418,0.0016901447670534253
-0.13808551068135078,1.0216447114944458,0.0016957941697910428
-0.1380681429573627,0.9728447198867798,0.0017045305576175451
-0.13796910800439988,0.9953565001487732,0.0016848588129505515
-0.13796341574336873,1.0146316289901733,0.0016835654387250543
-0.1378955964547009,1.0035762786865234,0.0016908770194277167
-0.13786350006170495,1.013091802597046,0.0016915173036977649
-0.1378273019339748,1.0149765014648438,0.0017070136964321136
-0.1377333212571023,0.9932301044464111,0.0016820629825815558
-0.13769900584812905,1.0118379592895508,0.0017267413204535842
-0.13769788021885032,0.9964106678962708,0.0016876058652997017
-0.13758222063448433,1.0080573558807373,0.001691084005869925
-0.13757811305265893,1.0244325399398804,0.0016928007826209068
-0.13752336152750405,0.9801204204559326,0.0016810359666123986
-0.1374687023554021,0.9898638129234314,0.001684569171629846
-0.1374436119735195,1.005090594291687,0.0017039405647665262
-0.1373575698638705,1.0076872110366821,0.001689861761406064
-0.13731133216085795,1.012966513633728,0.0016942472429946065
-0.13720259017324427,0.9898731708526611,0.001679332577623427
-0.13718826022242986,0.9929824471473694,0.0016860307659953833
-0.1371522432818983,1.017662525177002,0.0016979543725028634
-0.13707529101688043,1.0163382291793823,0.0016929474659264088
-0.13698301556184,0.9837738275527954,0.0016814759001135826
-0.13692583524920338,0.9916177988052368,0.0016963640227913857
-0.13682433249888754,1.0074081420898438,0.0016888362588360906
-0.13679952816764013,1.0160071849822998,0.0016924923984333873
-0.13678218437285283,0.9741355180740356,0.001704706228338182
-0.1366831211785277,0.9959808588027954,0.0016848861705511808
-0.13667744098999057,1.0118494033813477,0.00168345938436687
-0.13660963355802996,1.0016839504241943,0.001690397970378399
-0.13657750806199714,1.0139312744140625,0.0016918200999498367
-0.13644735404932246,0.9912317395210266,0.001682322472333908
-0.13641304834087026,1.0108171701431274,0.0017273173434659839
-0.13641189899859862,0.9967459440231323,0.001687718671746552
-0.13629624825244763,1.0057241916656494,0.0016901851631700993
-0.13629212773687488,1.0262491703033447,0.0016926523530855775
-0.13623740035586596,0.9758139848709106,0.0016800503944978118
-0.13618271208051663,0.9863590598106384,0.001682783244177699
-0.13615763549552934,1.0007820129394531,0.0017034480115398765
-0.13607160416470515,1.0110106468200684,0.001690792036242783
-0.13602535245027308,1.010989785194397,0.0016933277947828174
-0.13591661951687212,0.995093047618866,0.0016826181672513485
-0.13590227641462865,0.9951131343841553,0.0016871212283149362
-0.13586628340329815,1.015488862991333,0.0016971542499959469
-0.13578930268260458,1.0155706405639648,0.001692418591119349
-0.13569705115613334,0.9859824776649475,0.0016820268938317895
-0.13563985683102509,0.9917523860931396,0.001696203020401299
-0.13553836356586435,1.0086747407913208,0.0016908952966332436
-0.13551354565477153,1.020622968673706,0.0016950243152678013
-0.13549622578813264,0.9731239080429077,0.0017050612950697541
-0.1353971343534976,0.9961629509925842,0.0016848951345309615
-0.13539146645261002,1.0167617797851562,0.0016846487997099757
-0.13532367087735642,1.003205418586731,0.0016910865670070052
-0.13529151606313122,1.0160796642303467,0.001692538964562118
-0.1352553474693805,1.0180124044418335,0.0017129195621237159
-0.13516138662554505,0.9896058440208435,0.0016816769493743777
-0.1351270908336113,1.0067086219787598,0.0017231684178113937
-0.13512591799434426,1.0004878044128418,0.0016891737468540668
-0.13501027565462387,1.0037117004394531,0.0016892803832888603
-0.13500614220593532,1.025458574295044,0.0016940388595685363
-0.1349514389686513,0.9830002188682556,0.0016825721831992269
-0.13489672202183928,0.9892959594726562,0.0016845312202349305
-0.13487165901796044,1.0089651346206665,0.0017087598098441958
-0.13478563825038425,1.013434648513794,0.0016915133455768228
-0.13473937273842534,1.017081379890442,0.0016955874161794782
-0.13463064885944742,0.9931211471557617,0.001682792673818767
-0.1346162923914615,0.9919323325157166,0.0016854351852089167
-0.13458032352448723,1.0143985748291016,0.0016970516880974174
-0.13450331413296246,1.0171968936920166,0.0016937489854171872
-0.13441108696600346,0.9820857048034668,0.0016793872928246856
-0.13435387841326762,0.9896253347396851,0.0016948895063251257
-0.134252394633683,1.0060125589370728,0.0016892988933250308
-0.13422756314063966,1.0178160667419434,0.0016925111413002014
-0.13421026720299145,0.9746280908584595,0.0017045910935848951
-0.13411114731268048,0.9948539137840271,0.0016841444885358214
-0.13410549169923192,1.0129896402359009,0.0016823571640998125
-0.13403770798068526,1.0038771629333496,0.0016909142723307014
-0.13400552406489702,1.0093833208084106,0.0016892533749341965
-0.133969370344661,1.0161572694778442,0.001711972989141941
-0.13387541920218865,0.9931625127792358,0.0016824823105707765
-0.13384113311140755,1.012921929359436,0.0017278053564950824
-0.13383993677409256,0.9945924878120422,0.0016870914259925485
-0.13372430327321866,1.0088398456573486,0.0016920020570978522
-0.13372015688909866,1.0264928340911865,0.001695533748716116
-0.13366547758101566,0.9811326265335083,0.0016814725240692496
-0.13361073196316187,0.9884834885597229,0.0016833716072142124
-0.13358568275554683,0.9989358186721802,0.0017033618642017245
-0.13349967255121864,1.009493112564087,0.0016905004158616066
-0.13345339302678788,1.0174915790557861,0.0016964051173999906
-0.1333446782020225,0.993562638759613,0.0016816925490275025
-0.1333303083695574,0.9947971105575562,0.0016865365905687213
-0.13329436364651864,1.0195525884628296,0.0016982103697955608
-0.133217325798055,1.01261305809021,0.0016913844738155603
-0.13312512277587335,0.9843167066574097,0.0016818305011838675
-0.13306789999508917,0.9913835525512695,0.001696119667030871
-0.13296642570129114,1.009572148323059,0.001690673641860485
-0.13294158062650796,1.0197985172271729,0.0016937520122155547
-0.13292430861785004,0.9783368110656738,0.0017066396540030837
-0.13282516048786114,0.9930988550186157,0.001684038434177637
-0.1328195169462748,1.0174446105957031,0.0016849333187565207
-0.13275174529959066,1.0038506984710693,0.001690715434961021
-0.13271953206539955,1.0155237913131714,0.0016927130054682493
-0.13268339300478593,1.0162832736968994,0.001712269033305347
-0.13258945199482985,0.9905267953872681,0.0016821918543428183
-0.13255517560393826,1.011162281036377,0.0017267155926674604
-0.13255395576899615,0.9976863265037537,0.001688396674580872
-0.13243833067560562,1.0000300407409668,0.0016884957440197468
-0.13243417135668545,1.0193376541137695,0.0016899703769013286
-0.13237951640895657,0.9816098213195801,0.0016817781142890453
-0.13232474190427396,0.9852724075317383,0.0016826513456180692
-0.13229970627818843,1.0057072639465332,0.001706944894976914
-0.1322137068524743,1.012304663658142,0.0016918290639296174
-0.13216741331599252,1.0145736932754517,0.0016935942694544792
-0.1320587075445978,0.9901816248893738,0.0016803452745079994
-0.13204432456259835,0.9916105270385742,0.001685995957814157
-0.1320084037679185,1.0125631093978882,0.0016951133729889989
-0.1319313372477814,1.0123709440231323,0.0016914268489927053
-0.1318391583701667,0.9782735109329224,0.00167810486163944
-0.13178192157691065,0.9914370775222778,0.0016962222289294004
-0.13168045676932028,1.0099639892578125,0.001690005767159164
-0.1316555981127972,0.9726115465164185,0.0017037939978763461
-0.1316555981127971,1.0214555263519287,0.001696031540632248
-0.13155642174165627,0.9946723580360413,0.0016839798772707582
-0.13155079048898272,1.0138640403747559,0.001683466020040214
-0.1314830306979528,1.0014885663986206,0.0016901708440855145
-0.13145078792978265,1.0157986879348755,0.0016928922850638628
-0.13141466396057594,1.013935923576355,0.0017116304952651262
-0.13132073265050925,0.9888098835945129,0.0016810219967737794
-0.1312864661763467,1.008539080619812,0.0017247108044102788
-0.13128522262799075,0.9999698400497437,0.0016881441697478294
-0.1311696063736572,1.005214810371399,0.0016906608361750841
-0.1311654341205688,1.027560830116272,0.001695153652690351
-0.1311108031016197,0.9837020039558411,0.0016825005877763033
-0.13105599992463235,0.9844948649406433,0.001682206755504012
-0.13103097809607378,1.0007206201553345,0.0017025467241182923
-0.13094498901824164,1.0094200372695923,0.00168997619766742
-0.13089868168381197,1.013630986213684,0.001694865059107542
-0.1307899851824168,0.995070219039917,0.0016829892992973328
-0.13077558861888783,0.994081974029541,0.0016864376375451684
-0.13073969196898555,1.017651915550232,0.001698502921499312
-0.1306625969940149,1.0148124694824219,0.0016920561902225018
-0.1305704422601251,0.9875814318656921,0.001683846116065979
-0.1305131912388206,0.9955059885978699,0.0016976771876215935
-0.13041173591596433,1.0089423656463623,0.0016902965726330876
-0.13038686367917485,1.015817642211914,0.001693224417977035
-0.1303696395276559,0.9775999784469604,0.0017063256818801165
-0.13027043470020766,0.9949732422828674,0.001685158465988934
-0.13026481573560456,1.0164072513580322,0.0016835315618664026
-0.13019706780107115,1.0053439140319824,0.0016911700367927551
-0.13016479593133784,1.0140790939331055,0.0016919089248403907
-0.13012868662070087,1.0189008712768555,0.001713146804831922
-0.13003476544293985,0.9891849160194397,0.0016817664727568626
-0.13000050845435346,1.0117725133895874,0.00172702397685498
-0.12999924140773894,0.9958962202072144,0.0016870826948434114
-0.1298836337766756,1.0068875551223755,0.0016912127612158656
-0.1298794488043637,1.022173285484314,0.0016905765514820814
-0.12982484171377345,0.9804432988166809,0.0016823462210595608
-0.12977000986532344,0.9841378331184387,0.0016826564678922296
-0.12974500161808378,1.0069628953933716,0.0017051581526175141
-0.12965902331907614,1.0068665742874146,0.0016890916740521789
-0.12961270175722966,1.0094046592712402,0.0016932575963437557
-0.12950401452541316,0.9926086068153381,0.0016821864992380142
-0.12948960459572062,0.995060384273529,0.0016866798978298903
-0.1294537318752298,1.009326457977295,0.0016930290730670094
-0.129376608444373,1.0139670372009277,0.0016919448971748352
-0.12928447806999505,0.9852603673934937,0.001681632362306118
-0.1292272128210632,0.9930499792098999,0.0016960874199867249
-0.12912576698294098,1.0094752311706543,0.0016902117058634758
-0.1291008811654641,1.019695520401001,0.0016944700619205832
-0.1290836809425146,0.9728684425354004,0.001705181086435914
-0.12898444787580915,0.994038999080658,0.0016836788272485137
-0.128978841198224,1.0173344612121582,0.0016851086402311921
-0.12891110512123966,1.0034754276275635,0.0016902064671739936
-0.12887880393268253,1.0164821147918701,0.0016923669027164578
-0.12884270949598137,1.0170390605926514,0.0017123450525105
-0.1287487980191624,0.987963855266571,0.001679987646639347
-0.12871455094688405,1.0076907873153687,0.001724664936773479
-0.12871326040327413,0.9990198016166687,0.0016889942344278097
-0.1285976613944284,1.0049468278884888,0.0016898195026442409
-0.12859346327279259,1.0276989936828613,0.0016945659881457686
-0.1285388805417143,0.9780345559120178,0.0016794963739812374
-0.12848401959170108,0.9857335090637207,0.0016832122346386313
-0.12845902535609127,1.0089709758758545,0.0017079407116398215
-0.1283730576203317,1.0104966163635254,0.0016910112462937832
-0.1283267220460133,1.013336420059204,0.0016944254748523235
-0.12821804386861985,0.9907203316688538,0.0016807024367153645
-0.12820362078812986,0.9903303384780884,0.001685049501247704
-0.1281677719966296,1.0198020935058594,0.0017017151694744825
-0.12809062010946537,1.0116207599639893,0.0016912060091271996
-0.12799851366428844,0.9847741723060608,0.0016811933601275086
-0.1279412344037268,0.9930046200752258,0.0016959827626124024
-0.12783979805097018,1.009489893913269,0.0016917238244786859
-0.12781489865133233,1.0185906887054443,0.0016930706333369017
-0.1277977223577943,0.9757638573646545,0.001706020557321608
-0.1276984610509897,0.9980266690254211,0.0016854129498824477
-0.1276928664448459,1.0155199766159058,0.0016845359932631254
-0.1276251424409871,1.0063531398773193,0.0016913455910980701
-0.12759281193318517,1.0126428604125977,0.001691305311396718
-0.12755673215568542,1.0129634141921997,0.0017105531878769398
-0.127462830595385,0.9938504695892334,0.001684278598986566
-0.12742859344025687,1.0125476121902466,0.0017272933619096875
-0.12742727918323293,0.9962120652198792,0.0016870310064405203
-0.12731168879765725,1.0046756267547607,0.0016904107760637999
-0.12730747795595593,1.0255388021469116,0.0016942358342930675
-0.1272529191547102,0.9804151058197021,0.0016812217654660344
-0.12719802953281317,0.9880653619766235,0.00168419792316854
-0.1271730488781012,1.0012385845184326,0.0017040215898305178
-0.12708709170558974,1.010406255722046,0.0016906235832720995
-0.1270407423343759,1.015731692314148,0.0016946226824074984
-0.12693207321182665,0.992904543876648,0.0016812420217320323
-0.12691763676538376,0.993584156036377,0.0016865620855242014
-0.12680463155919186,1.0151944160461426,0.0016928985714912415
-0.126712549475211,0.9852908849716187,0.0016820403980091214
-0.1266552559855484,0.9951004981994629,0.0016971314325928688
-0.12655382911794683,1.008338212966919,0.0016900186892598867
-0.12652891613720052,1.0180259943008423,0.001694396953098476
-0.1265117635570765,0.9781672954559326,0.0017060599057003856
-0.12641247422511753,0.9937732219696045,0.001684327726252377
-0.1264068916914678,1.0153995752334595,0.0016840222524479032
-0.12633917954410545,1.0030313730239868,0.0016905644442886114
-0.12630681993347725,1.0157873630523682,0.0016918769106268883
-0.12627075503138696,1.0139621496200562,0.0017117217648774385
-0.12617686338760514,0.9934394359588623,0.0016825412167236209
-0.12614263571784257,1.0081592798233032,0.0017249513184651732
-0.12614129817813652,0.9925395250320435,0.001685794908553362
-0.12602571641541,1.0037546157836914,0.001689249649643898
-0.1260214924237532,1.0224249362945557,0.001692100428044796
-0.1259669579824405,0.9798339605331421,0.0016814257251098752
-0.1259120394735042,0.9867797493934631,0.0016828649677336216
-0.12588707261568766,1.0012149810791016,0.0017049270682036877
-0.12580112600642424,1.009310007095337,0.0016907979734241962
-0.12575476262315954,1.0106672048568726,0.0016931610880419612
-0.12564610255482295,0.9939165115356445,0.00168191222473979
-0.12563165274305854,0.9923476576805115,0.0016859954921528697
-0.1255958522406922,1.0190167427062988,0.0016993749886751175
-0.1255186432244948,1.0149083137512207,0.001692207995802164
-0.12542658528571254,0.9837209582328796,0.0016810925444588065
-0.12536927756715938,0.9928235411643982,0.0016959172207862139
-0.12526786018492342,1.006029725074768,0.0016900034388527274
-0.12524293362348976,1.015302062034607,0.0016922063659876585
-0.1252258049719352,0.9742107391357422,0.0017057601362466812
-0.12512648718366892,0.997516930103302,0.0016848850063979626
-0.1251209171547188,1.0145364999771118,0.0016838714946061373
-0.1250532168628003,1.0039798021316528,0.0016904842341318727
-0.12502082793376934,1.0151193141937256,0.001692271209321916
-0.12498477769109095,1.014227032661438,0.0017118349205702543
-0.12489089596424874,0.9889363646507263,0.0016807167557999492
-0.12485667821058366,1.011396884918213,0.0017275498248636723
-0.12485531695746366,0.9960446357727051,0.0016871786210685968
-0.12473974403316274,1.008886694908142,0.0016920232446864247
-0.12473550710775866,1.0246732234954834,0.001693608588539064
-0.12468099659564691,0.9807597398757935,0.0016826479695737362
-0.12462604941419525,0.9867559671401978,0.0016833655536174774
-0.12460109613896075,1.0040451288223267,0.0017053219489753246
-0.12451516030767978,1.0078942775726318,0.0016889623366296291
-0.12446878291152214,1.015294075012207,0.0016960168723016977
-0.12436013189739809,0.9921994805335999,0.0016823698533698916
-0.12434566893588889,0.9976500868797302,0.0016875331057235599
-0.12430989236188145,1.0143837928771973,0.0016975414473563433
-0.12423265489106095,1.0125652551651,0.001691514509730041
-0.12414062109558249,0.9858185052871704,0.001682787318713963
-0.12408329914961247,0.993998110294342,0.001696944935247302
-0.12398189125295261,1.0087347030639648,0.0016901158960536122
-0.12395695111020011,1.0217068195343018,0.0016959506319835782
-0.1239398463874255,0.9709605574607849,0.0017044906271621585
-0.12384050035800737,0.99314284324646,0.0016838718438521028
-0.12383494240197229,1.0138263702392578,0.0016837404109537601
-0.12376725418170564,1.0042113065719604,0.001690780045464635
-0.12373483593553508,1.0162920951843262,0.0016926712123677135
-0.12369880056679244,1.0133391618728638,0.0017112807836383581
-0.12360492875688989,0.9924347400665283,0.001682889647781849
-0.12357072070374586,1.0108591318130493,0.001726631075143814
-0.1235693359527884,0.9965022206306458,0.0016873327549546957
-0.12345377143681269,1.0022783279418945,0.0016879885224625468
-0.12344952179176405,1.0266519784927368,0.0016957417828962207
-0.1233950354240087,0.9769073724746704,0.001679755630902946
-0.12334005935530734,0.9880560040473938,0.0016834683483466506
-0.12331511966139175,1.0028010606765747,0.0017038799123838544
-0.12322919439293778,1.013983130455017,0.001691651763394475
-0.12318280319988467,1.0137823820114136,0.0016942749498412013
-0.12307416145554984,0.9952232837677002,0.0016826206119731069
-0.12305968491335328,0.9938629269599915,0.00168609619140625
-0.12302393248391275,1.0096379518508911,0.0016951144207268953
-0.12294666634120843,1.0148744583129883,0.0016922723734751344
-0.12285465668987589,0.9841253161430359,0.0016804629703983665
-0.12279732073185512,0.9940615892410278,0.0016971613513305783
-0.12269592232056081,1.0064387321472168,0.0016902725910767913
-0.1226709685964893,1.0188676118850708,0.0016931528225541115
-0.12265388780291575,0.9764573574066162,0.0017064058920368552
-0.12255451353360886,0.9931036233901978,0.001683886512182653
-0.12254896786417063,1.0124846696853638,0.0016832768451422453
-0.1224812912858767,1.0038639307022095,0.0016906370874494314
-0.12244884393666933,1.0147323608398438,0.001691073877736926
-0.12241282322775959,1.0164010524749756,0.00171181361656636
-0.12231896133290193,0.9931747317314148,0.0016829672968015075
-0.12228476298091051,1.0133256912231445,0.001727938768453896
-0.1222833547325366,0.9939299821853638,0.0016869072569534183
-0.12216779905561809,0.9985410571098328,0.0016885236836969852
-0.12216353625998239,1.0209598541259766,0.0016903281211853027
-0.12210907403637306,0.9783447980880737,0.0016807998763397336
-0.12205406929726148,0.985824704170227,0.0016822831239551306
-0.12202914339897819,1.005448818206787,0.001706029288470745
-0.12194322869419333,1.0088704824447632,0.0016899233451113105
-0.12189682348951042,1.0148671865463257,0.0016950209392234683
-0.12178819079812508,0.9946645498275757,0.0016828285297378898
-0.12177370088997552,0.9961417317390442,0.0016869126120582223
-0.1217379726053125,1.013951301574707,0.0016973301535472274
-0.12166067800651137,1.016910433769226,0.0016922466456890106
-0.12156869249953534,0.9875824451446533,0.0016829663654789329
-0.12151134231451866,0.9924243688583374,0.0016959182685241103
-0.12140995338837951,1.007602572441101,0.0016901383642107248
-0.12138498608277859,1.0187636613845825,0.0016939113847911358
-0.1213679292181955,0.976274311542511,0.0017062281258404255
-0.12126852670857885,0.9978736639022827,0.001685548690147698
-0.12126299311079247,1.014761209487915,0.0016840161988511682
-0.1211953286045715,1.0067285299301147,0.0016919325571507215
-0.12116285193696141,1.0154954195022583,0.0016922244103625417
-0.12112684610304009,1.0122722387313843,0.001711199409328401
-0.12103299412449048,0.9886171221733093,0.0016789936926215887
-0.12099880547365172,1.010512113571167,0.001726099755614996
-0.12099737372828234,0.996405303478241,0.0016870895633473992
-0.12088182645779433,1.0070074796676636,0.001691771554760635
-0.12087755094419833,1.0310550928115845,0.0016971603035926819
-0.12082311264915846,0.9842398762702942,0.0016834435518831015
-0.12076807923795257,0.987501859664917,0.0016843868652358651
-0.12074316692098819,1.0077003240585327,0.001708085648715496
-0.12065726299586987,1.010673999786377,0.0016907729441300035
-0.12061084377829406,1.0124140977859497,0.0016934142913669348
-0.12050222014070022,0.9950252771377563,0.0016833910485729575
-0.12048771708238476,0.9948917031288147,0.0016869675600901246
-0.12045201272650174,1.0103232860565186,0.0016963145462796092
-0.12037468945686947,1.014786958694458,0.0016928912373259664
-0.12028272831003683,0.9826892614364624,0.0016810778761282563
-0.12022536389612976,0.995819091796875,0.0016975505277514458
-0.12012398445535616,1.0074504613876343,0.0016899382462725043
-0.12009900356864683,1.0182236433029175,0.0016935324529185891
-0.1200819706330542,0.9728535413742065,0.0017050610622391105
-0.11998253966713018,0.9959728121757507,0.0016840114258229733
-0.11997701857278031,1.011971116065979,0.0016835900023579597
-0.1199093659232664,1.0052499771118164,0.001690884935669601
-0.1198768599383061,1.0149239301681519,0.0016922292998060584
-0.11984086897832058,1.0188246965408325,0.0017131847562268376
-0.11974702670155518,0.9919371604919434,0.0016822677571326494
-0.11971284796702442,1.0080912113189697,0.001725559588521719
-0.11971139272297543,0.9994354844093323,0.0016884028445929289
-0.11959585407554713,1.0037108659744263,0.0016899246256798506
-0.11959156562736167,1.0262912511825562,0.0016926430398598313
-0.1195371514770992,0.9747774600982666,0.001678222557529807
-0.11948208917864356,0.9876878261566162,0.0016836198046803474
-0.11945719065857457,1.0036232471466064,0.0017047548899427056
-0.11937129729670443,1.0080947875976562,0.0016898310277611017
-0.11932486406665671,1.0145797729492188,0.00169504398945719
-0.11921624948453857,0.9938944578170776,0.0016815816052258015
-0.11920173306005966,0.9937505722045898,0.00168628862593323
-0.1191660528485331,1.0133715867996216,0.001697166240774095
-0.11908870112280395,1.0148457288742065,0.0016923664370551705
-0.11899676411990678,0.9827682375907898,0.0016813671682029963
-0.11893938547774074,0.9943002462387085,0.0016964033711701632
-0.11883801552254325,1.002629041671753,0.0016883589560166001
-0.11881302105451502,1.022958755493164,0.0016954150050878525
-0.11879601204791285,0.9748039245605469,0.0017061936669051647
-0.11869655284231068,0.9966612458229065,0.0016852013068273664
-0.11869104382003381,1.01289963722229,0.0016839599702507257
-0.11862340302743735,0.9997710585594177,0.0016890398692339659
-0.11859086793880874,1.0153752565383911,0.0016921649221330881
-0.11855489163802457,1.0154860019683838,0.0017122648423537612
-0.11846105949335417,0.9915499091148376,0.001681862398982048
-0.11842689024397857,1.0127421617507935,0.0017276862636208534
-0.11842541150209207,0.9980255961418152,0.0016878125024959445
-0.11830988169351037,1.001723289489746,0.0016889432445168495
-0.11830558009494846,1.0212903022766113,0.001691085402853787
-0.11825119008946355,0.9814379215240479,0.001683513750322163
-0.11817121418100557,1.004384160041809,0.0017048735171556473
-0.11808533138238347,1.0092017650604248,0.0016907845856621861
-0.1180388843550193,1.0144848823547363,0.0016951133729889989
-0.11793027904311132,0.9883772134780884,0.00167976098600775
-0.11791574925288995,0.9943556189537048,0.0016867424128577113
-0.11788009296993285,1.0147514343261719,0.0016973664751276374
-0.11780271278852794,1.0154223442077637,0.0016926944954320788
-0.11771079992956618,0.986280620098114,0.001681775669567287
-0.11765340706040434,0.9901391863822937,0.00169552699662745
-0.117552046590362,1.0068649053573608,0.001689980854280293
-0.11751005346319265,0.9764695167541504,0.001706630107946694
-0.11741056601707012,0.9928823709487915,0.0016836704453453422
-0.11740506928223216,1.013817310333252,0.0016842639306560159
-0.11733744034676374,0.9987882375717163,0.0016888731624931097
-0.11730487593973238,1.016144037246704,0.0016921028727665544
-0.11726891451330501,1.0150808095932007,0.0017121756682172418
-0.11717509206936627,0.9895567893981934,0.0016814267728477716
-0.11714093273671972,1.0129694938659668,0.0017274898709729314
-0.11713943049783787,0.9934183359146118,0.0016867277445271611
-0.11702390909673926,1.0014019012451172,0.0016887703677639365
-0.1170195947791644,1.0260355472564697,0.0016928326804190874
-0.1169652289178254,0.97965407371521,0.0016812518006190658
-0.11691010906128879,0.9891117215156555,0.0016849007224664092
-0.11688523791901312,1.0050792694091797,0.001705312286503613
-0.11679936568321797,1.0111711025238037,0.0016909911064431071
-0.11675290442780539,1.0148128271102905,0.0016948996344581246
-0.11664430838568657,0.9933217167854309,0.0016822787001729012
-0.11662976523014379,0.9929330348968506,0.0016862057382240891
-0.11659413309133254,1.0121395587921143,0.0016969298012554646
-0.11651672423825443,1.0148147344589233,0.0016922095092013478
-0.11642483552491223,0.984697163105011,0.0016815917333588004
-0.11636742864201538,0.9940820932388306,0.0016969670541584492
-0.1162660776573386,1.0062366724014282,0.0016898108879104257
-0.11622409487805135,0.9724828004837036,0.0017057888908311725
-0.11612457919182961,0.9949484467506409,0.0016839181771501899
-0.1161190947448516,1.0149476528167725,0.0016844850033521652
-0.1160514776663007,1.0019792318344116,0.0016904172953218222
-0.11601888394065607,1.0162492990493774,0.001692353398539126
-0.11598293717406166,1.0148521661758423,0.0017121529672294855
-0.11588912486179687,0.9906598925590515,0.0016816947609186172
-0.11585497522946081,1.0106033086776733,0.0017274998826906085
-0.11585344927758606,0.9950893521308899,0.001686672680079937
-0.115737936714492,1.0090287923812866,0.0016915855230763555
-0.1157336094629593,1.0273457765579224,0.0016942635411396623
-0.1156792675301897,0.9820241332054138,0.0016818380681797862
-0.11562411900240088,0.9869867563247681,0.0016825421480461955
-0.11559926144186516,1.0059067010879517,0.0017064312705770135
-0.11551339998405241,1.0105308294296265,0.0016901397611945868
-0.11546692471743114,1.0127865076065063,0.0016950085991993546
-0.11535833772868287,0.9928131103515625,0.0016813242109492421
-0.11534378142255308,0.9951722025871277,0.0016872206469997764
-0.1153081732131534,1.0147064924240112,0.0016967830015346408
-0.11523073590355737,1.0122331380844116,0.0016919765621423721
-0.11513887133562428,0.9856769442558289,0.0016819796292111278
-0.11508145022446853,0.9886907935142517,0.0016950694844126701
-0.11498010872452574,1.0071207284927368,0.0016898480243980885
-0.11493813629291005,0.973149836063385,0.0017048966838046908
-0.114838592366168,0.996097981929779,0.0016848777886480093
-0.1148331199927366,1.013821005821228,0.0016840791795402765
-0.11476551477026115,1.0033634901046753,0.0016907256795093417
-0.11473289194115865,1.0148741006851196,0.0016919991467148066
-0.1146969600499737,1.0143998861312866,0.0017121121054515243
-0.11460315765401696,0.9939393401145935,0.0016833986155688763
-0.11456901750662557,1.0122777223587036,0.0017268694937229156
-0.11456746827312131,0.9931003451347351,0.001686840201728046
-0.11445196433308685,1.003933310508728,0.0016904070507735014
-0.11444762393138819,1.0281654596328735,0.0016938521293923259
-0.11439330635813055,0.9812723398208618,0.0016816542483866215
-0.11433812872751542,0.9877593517303467,0.001683885115198791
-0.11431328517987266,1.0038737058639526,0.001705367467366159
-0.11422743406973157,1.0103424787521362,0.0016907143872231245
-0.11418094500621478,1.0145783424377441,0.0016946226824074984
-0.11407236707125801,0.9916573762893677,0.0016801708843559027
-0.11405779739938582,0.9921407103538513,0.0016855739522725344
-0.1140222133349742,1.0162850618362427,0.001698378357104957
-0.11394474756928136,1.013755202293396,0.0016918450128287077
-0.11385290714549418,0.9841580986976624,0.001681011519394815
-0.11379547180755317,0.9922298192977905,0.0016962053487077355
-0.11369413979297599,1.0051292181015015,0.001689041731879115
-0.1136690909996721,1.0186424255371094,0.0016929496778175235
-0.11365217770776875,0.97869873046875,0.0017080133548006415
-0.11355260532492989,0.9979203343391418,0.0016856702277436852
-0.113547145454935,1.015334963798523,0.0016841557808220387
-0.11347955208916655,1.0004351139068604,0.0016893940046429634
-0.1134468999425034,1.0144118070602417,0.00169156224001199
-0.1134109827096777,1.0132437944412231,0.0017104943981394172
-0.11331719023108167,0.9893617630004883,0.0016812232788652182
-0.11328306000062982,1.0127393007278442,0.0017277332954108715
-0.11328148705308,0.9921883344650269,0.0016860435716807842
-0.1131659917367368,1.0011621713638306,0.0016888959798961878
-0.11316163861455153,1.0266568660736084,0.0016941113863140345
-0.1131073449711264,0.9785851240158081,0.0016812445828691125
-0.1130521386682064,0.9855364561080933,0.0016820920864120126
-0.1130273087018826,1.009049415588379,0.00170706317294389
-0.11294146837056607,1.0078911781311035,0.001689684228040278
-0.11289496529457738,1.0113924741744995,0.0016936729662120342
-0.11278639662940976,0.9939013719558716,0.0016823869664222002
-0.11277181337748177,0.9950662851333618,0.0016866927035152912
-0.112736253457216,1.012450098991394,0.0016961203655228019
-0.11265875901985001,1.0167075395584106,0.0016934926388785243
-0.11256694295515363,0.9871489405632019,0.0016831298125907779
-0.11250949338937472,0.9943351745605469,0.0016960921930149198
-0.11240817107637124,1.0065196752548218,0.0016898122848942876
-0.1123662193382039,0.9733712673187256,0.001705752918496728
-0.11226661849989988,0.996791660785675,0.0016847330844029784
-0.11226117070155689,1.0155168771743774,0.0016846666112542152
-0.11219358940786134,1.0018712282180786,0.001689951284788549
-0.11216090794342704,1.0161364078521729,0.0016921288333833218
-0.11212500558537924,1.0201596021652222,0.0017143248114734888
-0.11203122302267027,0.9956282377243042,0.0016841653268784285
-0.11199710249379202,1.0100773572921753,0.0017266570357605815
-0.11199550604798364,0.99220210313797,0.0016861745389178395
-0.1118800193544896,1.004045009613037,0.0016906305681914091
-0.11187565329792537,1.0214402675628662,0.0016915600281208754
-0.1118213837996988,0.9806124567985535,0.0016801867168396711
-0.11176614860931855,0.9865805506706238,0.001683032140135765
-0.11174133243946904,0.9958242774009705,0.0016999143408611417
-0.11165550267182162,1.0121992826461792,0.0016911982093006372
-0.11160898558357152,1.0162731409072876,0.0016958006890490651
-0.11150042597198495,0.9989785552024841,0.0016853249398991466
-0.11148582957031206,0.9968708753585815,0.001687186537310481
-0.1114502935786158,1.011081576347351,0.0016968772979453206
-0.11137277068557394,1.0141946077346802,0.0016918450128287077
-0.11128097876481308,0.9820372462272644,0.0016795424744486809
-0.11122351497098576,0.9946749210357666,0.0016976584447547793
-0.11112220214334778,1.005476713180542,0.0016893037827685475
-0.11109712597182952,1.01998770236969,0.00169457052834332
-0.11108026075432575,0.9760639071464539,0.0017069533932954073
-0.11098063167486982,0.9958503246307373,0.0016847490333020687
-0.11097519616354473,1.0134637355804443,0.001684409100562334
-0.11090762672655624,1.0012991428375244,0.0016900543123483658
-0.11087491594435067,1.0141609907150269,0.001691244076937437
-0.11083902846065968,1.0154372453689575,0.00171196018345654
-0.11074525559868226,0.9901552200317383,0.0016812559915706515
-0.11071114498653317,1.0099306106567383,0.0017269030213356018
-0.11070952504288728,0.9943713545799255,0.0016870710533112288
-0.11059404697224234,1.0057411193847656,0.0016901356866583228
-0.11058966798256231,1.0257596969604492,0.0016939709894359112
-0.11053542241248415,0.9822898507118225,0.001683308626525104
-0.11048015855064108,0.9904356002807617,0.0016829679952934384
-0.11045535596147898,1.0117671489715576,0.0017080410616472363
-0.11036953697349816,1.006793737411499,0.0016889468533918262
-0.11032300587172361,1.0141962766647339,0.0016945656388998032
-0.1102144553149812,0.9901813864707947,0.0016802913742139935
-0.11019984554714485,0.993200957775116,0.0016866476507857442
-0.110164333699805,1.0147565603256226,0.001697356696240604
-0.11008678235129798,1.015110969543457,0.0016926478128880262
-0.10999501435994857,0.9844962358474731,0.001681296736933291
-0.10993753655259675,0.9907205700874329,0.001695985090918839
-0.10983623321053493,1.0046786069869995,0.0016888381214812398
-0.10981114345853982,1.0202674865722656,0.0016962847439572215
-0.10979430216960556,0.9751944541931152,0.0017058493103832006
-0.10969464484962926,0.9939729571342468,0.0016838910523802042
-0.10968922140995607,1.0135107040405273,0.001683895825408399
-0.10962166382988509,1.0036011934280396,0.0016910876147449017
-0.10958892394569536,1.0113310813903809,0.0016908793477341533
-0.10955305112036368,1.0154513120651245,0.001711808843538165
-0.1094592883913234,0.9950793385505676,0.0016831516986712813
-0.10942518726411893,1.0089033842086792,0.0017256585415452719
-0.10942354382263547,0.9948999285697937,0.0016871881671249866
-0.10930807459020564,1.00556480884552,0.0016911291750147939
-0.1093036824509912,1.0233951807022095,0.0016928052064031363
-0.10924946124042495,0.9764121770858765,0.001679477165453136
-0.10919416849196373,0.9860994815826416,0.0016821982571855187
-0.10916937969948654,1.0028862953186035,0.0017036518547683954
-0.10908357127412216,1.0074265003204346,0.0016893157735466957
-0.10903702616008615,1.013990044593811,0.0016954293241724372
-0.10892848487439605,0.9945446252822876,0.001683687441982329
-0.10891386173955409,0.9958832263946533,0.0016869694227352738
-0.10887837382183635,1.01521897315979,0.0016969755524769425
-0.10880079380102448,1.0147807598114014,0.0016918742330744863
-0.10870905016981847,0.9834581613540649,0.0016815091948956251
-0.1086515581352604,0.9911997318267822,0.0016956604085862637
-0.10855026427772213,1.0086017847061157,0.0016903148498386145
-0.10852516094482911,1.0139671564102173,0.0016900862101465464
-0.1085083435844642,0.9763185381889343,0.0017064160201698542
-0.10840865802480976,0.99726402759552,0.001685863477177918
-0.10840324687341757,1.0133600234985352,0.0016829051310196519
-0.10833570114963259,1.005979299545288,0.0016911254497244954
-0.108302931946198,1.011184573173523,0.0016906352248042822
-0.10826707399606522,1.0175329446792603,0.0017131887143477798
-0.10817332096733545,0.9882426857948303,0.0016800191951915622
-0.10813922975686002,1.0110145807266235,0.0017273917328566313
-0.10813756281796016,0.9919955134391785,0.0016860804753378034
-0.10802210199259238,1.0043551921844482,0.0016902117058634758
-0.10801769713415454,1.0277239084243774,0.0016946725081652403
-0.1079634998527893,0.9778499603271484,0.0016808233922347426
-0.10790817843307582,0.9886545538902283,0.0016841595061123371
-0.10788340322275963,1.008378267288208,0.0017086550360545516
-0.1077976053600117,1.00851309299469,0.0016904613003134727
-0.1077510464490804,1.0100809335708618,0.001693884958513081
-0.10764251421697124,0.9857914447784424,0.0016775756375864148
-0.10762787771638682,0.9941605925559998,0.0016866513760760427
-0.10759241394323604,1.0135289430618286,0.0016969179268926382
-0.10751480546632741,1.0131229162216187,0.00169233453925699
-0.10742308597947792,0.9837047457695007,0.001681409659795463
-0.1073655797183451,0.9900491237640381,0.0016954896273091435
-0.10726429534554083,1.0081511735916138,0.0016906569944694638
-0.10723917843069736,1.0227746963500977,0.0016946448013186455
-0.10722238499974396,0.9734384417533875,0.0017056746874004602
-0.10712267119893759,0.9941858649253845,0.0016836966387927532
-0.10711727233645807,1.012540340423584,0.00168370280880481
-0.10704973846832738,1.0022294521331787,0.0016904541989788413
-0.10701693994649009,1.0146634578704834,0.0016919932095333934
-0.10698109687197727,1.0153716802597046,0.0017125089652836323
-0.10688735375892405,0.9914357662200928,0.001681785797700286
-0.10685327224960117,1.0113584995269775,0.001728273811750114
-0.10685158159812946,0.9937220811843872,0.0016871662810444832
-0.10673612961118728,1.0023131370544434,0.0016896482557058334
-0.10673171181752839,1.0235248804092407,0.0016932528233155608
-0.10667753868115115,0.9776177406311035,0.001680278219282627
-0.10662218858934336,0.9852756857872009,0.0016827692743390799
-0.1065116396608462,1.009102463722229,0.0016899940092116594
-0.10646506673807449,1.0136315822601318,0.0016947343247011304
-0.10635654355954643,0.9930046200752258,0.0016837285365909338
-0.10634189391005927,0.9963865280151367,0.001687102485448122
-0.10630645406442535,1.0180039405822754,0.0016995893092826009
-0.1062288171322619,1.0123987197875977,0.0016915921587496996
-0.10613712179040041,0.9826355576515198,0.001680833869613707
-0.10607960151553258,0.9918646216392517,0.0016959531931206584
-0.10597832641251737,1.0003111362457275,0.0016872019041329622
-0.10595319613214199,1.0186389684677124,0.0016940407222136855
-0.10593642641460266,0.9758836627006531,0.001706092618405819
-0.10583668437306548,0.9953840970993042,0.0016840487951412797
-0.10583129758286941,1.0138343572616577,0.0016836730064824224
-0.10576377578786433,1.0060840845108032,0.0016907815588638186
-0.10573094794762428,1.016572117805481,0.0016919055487960577
-0.10569511953231286,1.0120726823806763,0.001711607095785439
-0.10560138655156515,0.9910995960235596,0.0016822026809677482
-0.10556731452676588,1.0076974630355835,0.0017247518990188837
-0.1055656005928226,0.9906743168830872,0.0016860868781805038
-0.10545015722978213,1.0022565126419067,0.0016888113459572196
-0.10544572650090217,1.0229874849319458,0.0016913427971303463
-0.10539157729351545,0.9798004627227783,0.0016812558751553297
-0.1053361985304554,0.9860590696334839,0.0016828138614073396
-0.10531145048235596,1.0095120668411255,0.001707927556708455
-0.10522567396147015,1.007193922996521,0.0016892609419301152
-0.10517908702685819,1.0142228603363037,0.001694589969702065
-0.10507057311811918,0.9932923316955566,0.0016820519231259823
-0.10505590988731311,0.9924833178520203,0.0016857482260093093
-0.10502049418561454,1.016508936882019,0.0016987831331789494
-0.10494282879819644,1.0122621059417725,0.0016919441986829042
-0.10485115760111252,0.9823457598686218,0.001680102781392634
-0.10479362309714357,0.989611029624939,0.0016955015016719699
-0.10469235748054667,1.0053166151046753,0.0016895978478714824
-0.10466721361843129,1.0225621461868286,0.0016955261817201972
-0.10465046782946136,0.9759097695350647,0.001707004033960402
-0.10455069733266953,0.9983741044998169,0.0016856590518727899
-0.10454532304569936,1.0145611763000488,0.0016845769714564085
-0.10447781310803289,0.997378945350647,0.0016876879381015897
-0.10444495594854797,1.0150903463363647,0.0016922380309551954
-0.1044091424075933,1.0168617963790894,0.0017127300379797816
-0.1043154191282088,0.992638885974884,0.0016821109456941485
-0.10428135701950697,1.0147498846054077,0.0017302302876487374
-0.10427961958751569,0.9912676215171814,0.001686495030298829
-0.10416418484816642,1.0017651319503784,0.0016902267234399915
-0.10415974096996267,1.0306482315063477,0.0016957407351583242
-0.10410561612145625,0.9808987379074097,0.0016826088540256023
-0.10405020847198854,0.9895389676094055,0.0016842852346599102
-0.10402547422036351,1.009352445602417,0.001706993905827403
-0.10393970826293625,1.0078269243240356,0.0016897848108783364
-0.10389310731522072,1.014514446258545,0.0016954037128016353
-0.10378460246069443,0.9935139417648315,0.0016809981316328049
-0.10376992607972241,0.9955757856369019,0.0016873173881322145
-0.10373453430701435,1.012662410736084,0.0016968647250905633
-0.10365684024834398,1.0133693218231201,0.0016911029815673828
-0.10356519341098247,0.9894211292266846,0.0016833959380164742
-0.10350764467980722,0.992752730846405,0.0016966554103419185
-0.10340638876457342,1.0028648376464844,0.0016881284536793828
-0.10338123110493108,1.018259882926941,0.0016941649373620749
-0.10336450924432006,0.9769787788391113,0.0017082146368920803
-0.10326471050742897,0.9958294630050659,0.0016847132937982678
-0.10325934850789775,1.0128273963928223,0.001683790353126824
-0.10319185021136179,1.006796956062317,0.0016918390756472945
-0.10315896394968216,1.0113093852996826,0.0016907176468521357
-0.1031231650672973,1.009796380996704,0.0017103111604228616
-0.10302945192063945,0.9879633784294128,0.0016804063925519586
-0.10299539951266923,1.0100046396255493,0.0017262883484363556
-0.10299363836768494,0.9930371046066284,0.0016866951482370496
-0.10287821225139537,1.0050545930862427,0.0016909281257539988
-0.10287375565375756,1.0225474834442139,0.001692245015874505
-0.1028196549493971,0.9807455539703369,0.0016806743806228042
-0.10276421841267958,0.9907726049423218,0.0016835429705679417
-0.10273949774237345,0.9992392063140869,0.0017016457859426737
-0.1026537425641918,1.007483959197998,0.001689536147750914
-0.10260712760358331,1.0134093761444092,0.001695162383839488
-0.10249863180326968,0.990151584148407,0.0016804530750960112
-0.1024839420569762,0.9943845868110657,0.001686949748545885
-0.10244857442967714,1.0096153020858765,0.0016969559947028756
-0.10237085191364698,1.014527678489685,0.0016919851768761873
-0.10227922922064187,0.9892048835754395,0.0016844994388520718
-0.10222166626141821,0.9881553649902344,0.0016951560974121094
-0.10212041983155001,1.0092507600784302,0.0016901657218113542
-0.10209524859143082,1.0210051536560059,0.0016952449223026633
-0.10207855065917876,0.9727976322174072,0.001705182483419776
-0.10197872368239891,0.9954674243927002,0.0016843011835590005
-0.10197337397009615,1.0128467082977295,0.0016840852331370115
-0.10190588753005658,1.0020434856414795,0.001689816010184586
-0.10187297194997424,1.0152758359909058,0.0016918278997763991
-0.1018371879429989,1.0170283317565918,0.0017135683447122574
-0.10174348449665149,0.9946115016937256,0.00168266287073493
-0.10170944200541032,1.003241777420044,0.0017243416514247656
-0.10170765736300968,0.9935103058815002,0.0016868150560185313
-0.10159223986914812,1.0036951303482056,0.001690582139417529
-0.1015877703371314,1.025917887687683,0.001692816149443388
-0.10153369356218245,0.98296058177948,0.0016824555350467563
-0.10147822835379167,0.9875825643539429,0.0016835125861689448
-0.101453521480381,1.0058932304382324,0.0017072447808459401
-0.1013677768658684,1.0131826400756836,0.0016908523393794894
-0.10132114789320912,1.010090708732605,0.0016931346617639065
-0.10121266136184243,0.9964767694473267,0.00168384681455791
-0.10119795824938549,0.993531346321106,0.0016854449640959501
-0.101162614767285,1.0117061138153076,0.0016964343376457691
-0.10108486357894991,1.0172324180603027,0.0016927936812862754
-0.10099326503030126,0.9821084141731262,0.0016808657674118876
-0.10093568784387136,0.9933391809463501,0.0016962232766672969
-0.10083445089852666,1.0094784498214722,0.0016911948332563043
-0.10079259207445845,0.971402645111084,0.001705180387943983
-0.1006927368565268,0.9985678791999817,0.001685777329839766
-0.10068739921650754,1.0113352537155151,0.0016835166607052088
-0.10061992484875143,1.002390742301941,0.0016902466304600239
-0.10058698016689543,1.0144073963165283,0.0016918436158448458
-0.10055121081870039,1.0169700384140015,0.0017133840592578053
-0.10045751728845054,0.9953479766845703,0.00168302608653903
-0.10042348428257497,1.0170297622680664,0.0017308718524873257
-0.10042167635854488,0.9944670796394348,0.0016869038809090853
-0.10030626748690086,1.0025856494903564,0.0016895465087145567
-0.10030178502113685,1.0258533954620361,0.0016934117302298546
-0.1002477323913864,0.9785200357437134,0.0016808549407869577
-0.1001922382944827,0.987928032875061,0.0016834050184115767
-0.100167545003233,1.0090060234069824,0.001706407405436039
-0.1000818109509159,1.0064290761947632,0.0016890109982341528
-0.1000351681819927,1.0104354619979858,0.001694240840151906
-0.09992669070504911,0.9878897666931152,0.0016783546889200807
-0.09991197422706039,0.9935716390609741,0.0016869234386831522
-0.09987665488847425,1.0102283954620361,0.0016965764807537198
-0.099798875245516,1.0178442001342773,0.0016933544538915157
-0.09970730084101331,0.9859687685966492,0.0016817565774545074
-0.0996497094261139,0.9920617341995239,0.0016962798545137048
-0.09954848196571375,1.0033570528030396,0.0016884416108950973
-0.09950663348931715,0.9749152064323425,0.001707047806121409
-0.09940675003086519,0.9959014654159546,0.0016846043290570378
-0.09940142467933744,1.0126512050628662,0.0016841237666085362
-0.09933396216765683,1.003936529159546,0.0016905891243368387
-0.09930098816866118,1.0154554843902588,0.001692058052867651
-0.09926523347924654,1.0097692012786865,0.0017092152265831828
-0.09917155008109169,0.9882742166519165,0.001679168432019651
-0.09913752677657933,1.0038954019546509,0.0017237354768440127
-0.09913569513766146,0.9896808862686157,0.0016854426357895136
-0.09902029510486415,1.0007312297821045,0.001688928809016943
-0.09901579948872363,1.0208758115768433,0.0016910696867853403
-0.0989617710037507,0.9810470342636108,0.0016814846312627196
-0.09890624823559474,0.9875354170799255,0.001683493028394878
-0.09888156874060894,1.0042306184768677,0.0017036801436915994
-0.0987958452515399,1.0091676712036133,0.0016903523355722427
-0.0987491884703553,1.0132826566696167,0.0016949714627116919
-0.09864072026383242,0.99387127161026,0.001682907692156732
-0.09862599041989062,0.9927383661270142,0.0016857889713719487
-0.0985906950107161,1.014583945274353,0.0016984305111691356
-0.09851288669566349,1.0165941715240479,0.001692284713499248
-0.09842133643509621,0.9830077290534973,0.0016805442282930017
-0.09836373100793544,0.9900495409965515,0.0016958306077867746
-0.0982625132484774,1.003603458404541,0.0016888482496142387
-0.09823730104945655,1.0222203731536865,0.0016947833355516195
-0.09822067490459696,0.9750108122825623,0.0017060551326721907
-0.09812076320646673,0.9959570169448853,0.0016847458900883794
-0.09811545014279899,1.0131901502609253,0.0016840528696775436
-0.09804799948719378,1.0030232667922974,0.0016906330129131675
-0.09801499616895326,1.0153199434280396,0.001691402867436409
-0.09797925635452698,1.016701579093933,0.0017130726482719183
-0.09788558265710373,0.9976911544799805,0.0016840394819155335
-0.09785156926974148,1.0091356039047241,0.0017279029125347733
-0.09784971413256516,0.9910485744476318,0.0016858301823958755
-0.0977343227236695,1.0031189918518066,0.0016901794588193297
-0.09772981417293958,1.0270417928695679,0.0016943954396992922
-0.0976758098316915,0.9793826341629028,0.0016810278175398707
-0.09762025817754888,0.9899759888648987,0.0016842029290273786
-0.09759559226325049,1.005245566368103,0.0017059305682778358
-0.0975098795532165,1.0080121755599976,0.0016891499981284142
-0.09746320875871795,1.0140544176101685,0.0016949302516877651
-0.09735474960640766,0.9924927353858948,0.0016823154874145985
-0.09734000639672347,0.9955142140388489,0.0016874658176675439
-0.0973047351319053,1.0108094215393066,0.00169612024910748
-0.09722689836096648,1.0161162614822388,0.0016927978722378612
-0.09713537224475566,0.9825433492660522,0.0016813465626910329
-0.09707775280596503,0.9876354336738586,0.0016944563249126077
-0.0969765443160856,1.007102370262146,0.0016903133364394307
-0.09695131875132229,1.0217608213424683,0.001695179846137762
-0.09693471653629526,0.9764230847358704,0.0017074784263968468
-0.09683477638143667,0.9938507080078125,0.0016837719595059752
-0.09682947538921033,1.0132205486297607,0.0016843276098370552
-0.09676203680588857,1.0045720338821411,0.0016909268451854587
-0.0967290041692454,1.0153814554214478,0.0016925462987273932
-0.09669327922959697,1.0138847827911377,0.0017110217595472932
-0.09659961544869228,0.9881113171577454,0.0016800094163045287
-0.09656561176248268,1.0064884424209595,0.001725760055705905
-0.0965637331283109,0.993450403213501,0.001687110518105328
-0.09644835034268545,1.0049859285354614,0.0016905925003811717
-0.09644382885673447,1.0296406745910645,0.0016952280420809984
-0.09638984866005335,0.9808513522148132,0.0016816832358017564
-0.09633426811823997,0.9875355362892151,0.0016836257418617606
-0.09630961600083693,1.0088844299316406,0.0017063614213839173
-0.09622391385405099,1.00848388671875,0.0016901972703635693
-0.09617722904708048,1.0095791816711426,0.0016932791331782937
-0.09606877894898286,0.9937980771064758,0.0016830872045829892
-0.09605402258955376,0.9950098991394043,0.0016874842112883925
-0.09601877525309455,1.0101362466812134,0.0016970611177384853
-0.09594091002626948,1.0136370658874512,0.0016920475754886866
-0.09584940805588871,0.9826637506484985,0.001680703484453261
-0.09579177438757613,0.9944954514503479,0.0016974143218249083
-0.0956905753841148,1.0074790716171265,0.0016903182258829474
-0.09566533623803258,1.0190812349319458,0.0016941414214670658
-0.09564875795115396,0.9729477167129517,0.001705219387076795
-0.0955487895555645,0.995377779006958,0.0016845876816660166
-0.09554350085119817,1.0102137327194214,0.0016823605401441455
-0.09547607391005963,1.0046240091323853,0.0016906816745176911
-0.09544301216974793,1.0154513120651245,0.0016921489732339978
-0.09540730188993252,1.0153299570083618,0.0017125728772953153
-0.09531364824175453,0.9945043325424194,0.001682681730017066
-0.09527965403964733,1.0091545581817627,0.0017271424876525998
-0.09527775190805915,0.9939807653427124,0.001687022508122027
-0.09516237774486169,1.000482201576233,0.001688602496869862
-0.09515784354010826,1.0223922729492188,0.0016903773648664355
-0.0951038872724177,0.9788861274719238,0.0016807036008685827
-0.09504827805893101,0.988315224647522,0.0016836571739986539
-0.09502363952284687,1.0065549612045288,0.0017051774775609374
-0.09493794815467499,1.0088428258895874,0.0016896530287340283
-0.09489124955144063,1.0113803148269653,0.0016944071976467967
-0.0947828085075556,0.991986870765686,0.0016811974346637726
-0.094768038781963,0.9937236905097961,0.0016862641787156463
-0.09465492169157241,1.0129231214523315,0.001691822544671595
-0.0945634438666007,0.9857730865478516,0.0016829525120556355
-0.09440460645172305,1.003955364227295,0.001688035437837243
-0.09437935372432182,1.0200647115707397,0.0016943160444498062
-0.09436279936601266,0.9747669100761414,0.0017070493195205927
-0.09426280272990295,0.9975975155830383,0.001685619237832725
-0.09425752631423862,1.013621211051941,0.0016849505482241511
-0.09419011123022808,1.0051403045654297,0.0016911308048292994
-0.09415702038666918,1.013649582862854,0.0016907928511500359
-0.09412132476521301,1.0114070177078247,0.0017103677382692695
-0.09402768103418507,0.9894758462905884,0.0016803876496851444
-0.09399369653238843,1.0080957412719727,0.0017273012781515718
-0.09399177090338379,0.9940564036369324,0.0016871272819116712
-0.09387640536282499,0.9997283220291138,0.0016893225256353617
-0.09387185822390315,1.0315717458724976,0.0016969552962109447
-0.0938179261003585,0.9812179803848267,0.0016831166576594114
-0.09376228799962205,0.9836408495903015,0.0016828608931973577
-0.09373766326148592,1.0039869546890259,0.0017048547742888331
-0.09365198245614104,1.007072925567627,0.0016899467445909977
-0.09360526984043482,1.0094891786575317,0.0016925872769206762
-0.0934968378501308,0.9881659746170044,0.0016811389941722155
-0.09348205475921684,1.0001802444458008,0.001688254764303565
-0.0933689333581385,1.0154221057891846,0.0016927195247262716
-0.0932774796762601,0.9832432270050049,0.0016810408560559154
-0.09311863773511819,1.0065160989761353,0.001689717173576355
-0.09307684078087136,0.9767049551010132,0.0017073233611881733
-0.09297681590424134,0.9954207539558411,0.0016839596210047603
-0.09297155177643701,1.0114173889160156,0.0016833244590088725
-0.09290414854892298,1.0001078844070435,0.0016892440617084503
-0.09287102838822442,1.0138603448867798,0.001691435812972486
-0.0928353476409145,1.0119752883911133,0.0017113354988396168
-0.09274171361019717,0.9958975315093994,0.001683863578364253
-0.09270773902555063,1.0109984874725342,0.00172604457475245
-0.09270578989912953,0.9912417531013489,0.0016862477641552687
-0.09259043298141983,1.0023444890975952,0.0016899904003366828
-0.09258587290727693,1.0262606143951416,0.0016932416474446654
-0.09253196471272279,0.9821946620941162,0.0016822221223264933
-0.09247629815631059,0.9861465096473694,0.0016830188687890768
-0.09245168678412746,1.0088303089141846,0.0017058426747098565
-0.09236601675739659,1.0086199045181274,0.0016899117035791278
-0.09231929012942897,1.0128425359725952,0.0016945202369242907
-0.09221086740870355,0.9910268187522888,0.0016810438828542829
-0.09219607095288929,0.9966794848442078,0.0016872690757736564
-0.0921608956179254,1.013509750366211,0.0016979144420474768
-0.092082944808286,1.013541579246521,0.0016918309265747666
-0.09199151548591955,0.9826755523681641,0.001681080088019371
-0.09193383913493541,0.9925243258476257,0.0016957365442067385
-0.09183266880209479,1.0069913864135742,0.0016900483751669526
-0.09179088219551951,0.9773914813995361,0.0017063928535208106
-0.09169082907984288,0.9964371919631958,0.0016847330844029784
-0.0916855772390564,1.0132849216461182,0.00168460828717798
-0.09161818586761783,1.004408359527588,0.0016912923892959952
-0.09158503638851656,1.0171562433242798,0.0016925152158364654
-0.09154937051745815,1.017045497894287,0.001713382895104587
-0.09145574640199622,0.9934931993484497,0.001681350520811975
-0.09142178151829183,1.0060542821884155,0.0017258371226489544
-0.09141980889403323,0.9931802153587341,0.0016866663936525583
-0.09130446059917258,0.9999718070030212,0.0016890361439436674
-0.09129988759149288,1.026602864265442,0.001693035359494388
-0.09124600354066359,0.9806206822395325,0.0016807796200737357
-0.09119030809826478,0.989326536655426,0.0016846605576574802
-0.0911657105217139,1.005492925643921,0.0017048206645995378
-0.09108005105907313,1.0117295980453491,0.0016911971615627408
-0.09103331041821261,1.0107921361923218,0.0016936006722971797
-0.09092489675212084,0.9918095469474792,0.0016835619462653995
-0.09091008692972197,0.990794837474823,0.0016846058424562216
-0.0908749359555332,1.0165340900421143,0.0016984856920316815
-0.09079695647358899,1.0161436796188354,0.0016923554940149188
-0.0907055512957895,0.9877293705940247,0.0016834563575685024
-0.09064786093212296,0.9918718934059143,0.0016958174528554082
-0.09054669986928193,1.0104504823684692,0.0016916580498218536
-0.09052140639876616,1.0238840579986572,0.0016962353838607669
-0.09050492361100981,0.9778706431388855,0.001707524643279612
-0.09040484225460232,0.9956759214401245,0.0016845219070091844
-0.09039960248609935,1.0125218629837036,0.001684452872723341
-0.09033222318652318,1.0030890703201294,0.0016901777125895023
-0.09029904438901909,1.0153334140777588,0.0016919650370255113
-0.09026339317716214,1.0125319957733154,0.0017096399096772075
-0.09016977919379532,0.9946197271347046,0.0016824686899781227
-0.09013582401103298,1.0101698637008667,0.0017279424937441945
-0.09013382767314981,0.9930814504623413,0.001685871509835124
-0.09001848821713587,1.0008361339569092,0.0016896778251975775
-0.09001390206034282,1.0272337198257446,0.0016957297921180725
-0.08996004236986754,0.9816541075706482,0.0016820663586258888
-0.08990431803895582,0.9867441058158875,0.0016824608901515603
-0.08987973404351335,1.008514165878296,0.0017088899621739984
-0.08979408535969713,1.0097320079803467,0.0016907313838601112
-0.08974733070657515,1.0118656158447266,0.0016941464273259044
-0.08963892631006198,0.9919415712356567,0.0016822490142658353
-0.08962410312213126,0.9939934015274048,0.001686019473709166
-0.089588976077354,1.0092089176177979,0.0016952874138951302
-0.08951096813931297,1.0126619338989258,0.0016915366286411881
-0.0894195871065015,0.9837237596511841,0.0016808691434562206
-0.08936188251394445,0.9915969371795654,0.0016960398061200976
-0.08926073093646908,1.0065523386001587,0.00168991566170007
-0.08921896502586851,0.9781904220581055,0.0017078183591365814
-0.08911885542894071,0.9981173872947693,0.0016855786088854074
-0.08911362794829775,1.0105043649673462,0.001683550886809826
-0.08904626050542852,1.0032507181167603,0.001690243254415691
-0.08901305260636133,1.0165776014328003,0.0016928041586652398
-0.08897741605244258,1.0142097473144531,0.0017124384175986052
-0.08888381177064947,0.9920775890350342,0.0016814700793474913
-0.08884986628861868,1.0114303827285767,0.0017279043095186353
-0.0888478466678429,0.992856502532959,0.0016872003907337785
-0.08873251583594127,1.0035895109176636,0.0016903808573260903
-0.08872791674350611,1.0271893739700317,0.00169412384275347
-0.08867408098265295,0.9817692637443542,0.0016825535567477345
-0.08861832797964686,0.9873908758163452,0.0016838280716910958
-0.08859375778088929,1.006172776222229,0.0017039971426129341
-0.08850811966032113,1.0052210092544556,0.001688632881268859
-0.08846135099493785,1.0140712261199951,0.0016957679763436317
-0.08835295565326884,0.9900107979774475,0.0016808630898594856
-0.08833811931454055,0.9952079653739929,0.001687547075562179
-0.08830301619959585,1.0161795616149902,0.0016988656716421247
-0.08822497980545807,1.009279489517212,0.001690609147772193
-0.08813362291616095,0.9828316569328308,0.0016817033756524324
-0.08807590409576599,0.9909126162528992,0.0016959651838988066
-0.08797476221923273,1.0042176246643066,0.0016892056446522474
-0.08794944137092364,1.0231592655181885,0.0016941954381763935
-0.08793300665630366,0.9771313071250916,0.001707680057734251
-0.08783286860391071,0.9943965673446655,0.001684482442215085
-0.08782765341133819,1.0112476348876953,0.001684102462604642
-0.08776029782475497,1.0018823146820068,0.0016891482518985868
-0.08772706060749558,1.0175446271896362,0.001692317076958716
-0.08769143892751258,1.013587474822998,0.0017119033727794886
-0.08759784456223801,0.9926331043243408,0.0016817607684060931
-0.08756390878135983,1.0077911615371704,0.0017261208267882466
-0.0875618656635887,0.9925095438957214,0.0016864568460732698
-0.08744654345432556,1.0066646337509155,0.0016915769083425403
-0.08744193142687995,1.0266757011413574,0.0016937290783971548
-0.08738811981059369,0.9803134799003601,0.0016815265407785773
-0.087332337921601,0.987744152545929,0.0016835624119266868
-0.08730778130374134,1.0056556463241577,0.0017059794627130032
-0.08722215396199767,1.0057345628738403,0.001687750220298767
-0.08717537128372138,1.0123658180236816,0.001693993341177702
-0.08706698521142048,0.9944553375244141,0.0016831879038363695
-0.0870521352917944,0.994936466217041,0.001686199102550745
-0.08701705632078505,1.0154151916503906,0.0016985564725473523
-0.08693899147118206,1.0132189989089966,0.001691616140305996
-0.08684765872582034,0.9850698709487915,0.0016820209566503763
-0.08678992567885069,0.9915504455566406,0.001695535727776587
-0.08668879328684093,1.0049840211868286,0.0016894274158403277
-0.08666345885679183,1.0161471366882324,0.001692062010988593
-0.08664704807158347,0.9764217734336853,0.0017074205679818988
-0.08654688177803854,0.9942895770072937,0.0016837430885061622
-0.08654167887332609,1.0086365938186646,0.001683001988567412
-0.08647433514366032,1.0034160614013672,0.0016904190415516496
-0.08644106860778761,1.014833688735962,0.001691661193035543
-0.08640546158784812,1.0107592344284058,0.0017107372405007482
-0.08631187735403706,0.9891647100448608,0.0016800224548205733
-0.08627795127410093,1.0103528499603271,0.0017266783397644758
-0.086275884659545,0.990972101688385,0.0016855030553415418
-0.08616057107270991,0.9996000528335571,0.0016882333438843489
-0.08615594611025384,1.026862621307373,0.0016941268695518374
-0.0861021586389556,0.9794631600379944,0.0016802896279841661
-0.08604634786271309,0.9895961284637451,0.001683274982497096
-0.08602180504174883,1.0018675327301025,0.0017024853732436895
-0.08593618826262167,1.0121243000030518,0.0016910769045352936
-0.08588939157292613,1.0114467144012451,0.0016947606345638633
-0.08578101455378523,0.9941239356994629,0.0016825824277475476
-0.08576615148546679,0.9985557794570923,0.0016879553440958261
-0.0857310964419743,1.0117967128753662,0.001696188235655427
-0.08565300313648505,1.011484980583191,0.0016910495469346642
-0.0855616945365324,0.9824903011322021,0.0016802968457341194
-0.08550394726109323,0.9933578968048096,0.001696110935881734
-0.08540282435487012,1.0073869228363037,0.0016901080962270498
-0.08537747655823652,1.0251967906951904,0.0016951264115050435
-0.08536108948686316,0.9766272902488708,0.0017069174209609628
-0.08526089495321904,0.9933953881263733,0.0016838610172271729
-0.08525570433531393,1.0122021436691284,0.0016846813960000873
-0.08518837246256566,1.0014172792434692,0.0016900093760341406
-0.08515507660829025,1.0156631469726562,0.0016918525798246264
-0.08511948446439177,1.012085199356079,0.0017105855513364077
-0.08502591014709926,0.9946079254150391,0.0016833818517625332
-0.08499199376726319,1.010617733001709,0.0017272114055231214
-0.08498990343866164,0.992792010307312,0.001686128438450396
-0.08487459869067321,1.0013023614883423,0.0016891679260879755
-0.08486996079404874,1.0262330770492554,0.0016940729692578316
-0.08481619725131989,0.9818294048309326,0.0016817766008898616
-0.08476035801898063,0.9887067079544067,0.0016837482107803226
-0.08473582877996688,1.0108144283294678,0.0017084387363865972
-0.08465022256324567,1.0056991577148438,0.0016893654828891158
-0.08460341186170978,1.0130829811096191,0.0016944367671385407
-0.08449504411256847,0.9897952675819397,0.001681131194345653
-0.08448016746229958,0.9960544109344482,0.0016870478866621852
-0.08444513656337399,1.0101511478424072,0.001694943057373166
-0.08436701480178793,1.0178354978561401,0.0016935598105192184
-0.08427573034682334,0.9850937724113464,0.001682551228441298
-0.08421796905849127,0.989130973815918,0.0016953591257333755
-0.08411685563805482,1.0052745342254639,0.001689193770289421
-0.08409149404452582,1.0186564922332764,0.0016929792473092675
-0.08407513090256397,0.9757175445556641,0.0017069418681785464
-0.08397490812797848,0.9972631335258484,0.0016856510192155838
-0.08396972979835432,1.007066011428833,0.0016830679960548878
-0.08390240978273422,1.0021693706512451,0.001690400647930801
-0.08386908482436939,1.0127390623092651,0.0016908616526052356
-0.08383350733967226,1.0173784494400024,0.001713483827188611
-0.08373994272395341,0.9933521747589111,0.0016826365608721972
-0.08370603604526994,1.0053210258483887,0.0017251038225367665
-0.08370392243356523,0.9873937964439392,0.001684648566879332
-0.08358862630863645,1.001875638961792,0.0016898392932489514
-0.08358397547868568,1.0246247053146362,0.0016922175418585539
-0.08353023607926074,0.9837390184402466,0.0016826869687065482
-0.08347436795967167,0.9888036251068115,0.0016839405288919806
-0.08344985230260837,1.00847589969635,0.0017063765553757548
-0.08336425686492221,1.0085031986236572,0.0016894825967028737
-0.08331743236564887,1.0136064291000366,0.001695273327641189
-0.08320907345556472,0.9894372224807739,0.0016805022023618221
-0.08319418365470882,0.9918301105499268,0.0016853522974997759
-0.08308102625193547,1.0097436904907227,0.0016907339449971914
-0.08298976615711434,0.9844930171966553,0.0016818458680063486
-0.08293199064094442,0.9891337156295776,0.0016952287405729294
-0.08283088670566296,1.005624771118164,0.0016894802683964372
-0.08280551153081506,1.0200055837631226,0.0016943520167842507
-0.08278917231742267,0.9803351759910583,0.0017083266284316778
-0.08268892130231686,0.9940189719200134,0.0016844964120537043
-0.08268375526097377,1.0079519748687744,0.0016832835972309113
-0.08261644710206062,0.9993858933448792,0.0016888674581423402
-0.08258309282613513,1.0186669826507568,0.0016933727310970426
-0.08254753021474226,1.011024832725525,0.0017113159410655499
-0.0824539755155419,0.9943363070487976,0.0016818140866234899
-0.08241794142931097,0.9948104023933411,0.0016868599923327565
-0.0823026539270208,0.9999317526817322,0.001689066062681377
-0.08229799016205952,1.025886058807373,0.001694484381005168
-0.08224427490720149,0.9838296175003052,0.0016825253842398524
-0.08218837790015215,0.9865757822990417,0.001682801521383226
-0.08216387604019482,1.0076807737350464,0.0017077095108106732
-0.08207829116617776,1.0084344148635864,0.0016897280002012849
-0.08203145265401146,1.0118693113327026,0.0016943819355219603
-0.08192310301455852,0.9980444312095642,0.0016847725491970778
-0.08190819984753916,0.9974786043167114,0.0016880560433492064
-0.0818732170221711,1.0135921239852905,0.0016972656594589353
-0.08179503791787002,1.0132824182510376,0.001691704150289297
-0.08170380196698429,0.9812230467796326,0.0016798625001683831
-0.08164601222255546,0.9939959645271301,0.0016976851038634777
-0.08154491777285011,1.0055023431777954,0.0016897156601771712
-0.0815195290175253,1.0172828435897827,0.00169325468596071
-0.08150321394764737,0.9753429293632507,0.0017071360489353538
-0.08140293447707636,0.9927513599395752,0.0016830957029014826
-0.08139778072359322,1.0099488496780396,0.001683829352259636
-0.08133048442096602,1.0016899108886719,0.0016891293926164508
-0.08129710082705877,1.0131393671035767,0.0016920719062909484
-0.08126155287507775,1.0120840072631836,0.001710723852738738
-0.08116800830734106,0.9903060793876648,0.0016813778784126043
-0.08113412103117329,1.0077602863311768,0.0017262581968680024
-0.08113196042463572,0.9907873868942261,0.0016858436865732074
-0.08101668154498409,1.0010720491409302,0.001689954660832882
-0.0810120048454333,1.0211559534072876,0.0016905816737562418
-0.08095831373514234,0.9843627214431763,0.0016821278259158134
-0.0809023878418958,0.9860148429870605,0.001683126436546445
-0.08087789956220476,1.000580906867981,0.0017032027244567871
-0.08079232546764381,1.0077704191207886,0.0016894651344045997
-0.0807454729427951,1.0112392902374268,0.0016944225644692779
-0.08063713235692321,0.99085533618927,0.0016806884668767452
-0.080622215825214,0.993994414806366,0.0016855542780831456
-0.0805872571435709,1.0084830522537231,0.001693893689662218
-0.08050904958380456,1.0125690698623657,0.0016919433837756515
-0.08041783777685424,0.989104151725769,0.0016834369162097573
-0.08036003380437695,0.9923002123832703,0.0016965015092864633
-0.08025894905561376,1.0046133995056152,0.0016890679253265262
-0.08021725536313762,0.977416455745697,0.0017083532875403762
-0.08011694765141475,0.9987174272537231,0.001686310046352446
-0.08011180618579161,1.0117170810699463,0.0016842852346599102
-0.08004452173987137,0.9999856352806091,0.0016898144967854023
-0.0800111090431379,1.016028881072998,0.001692406483925879
-0.0799755757503583,1.0127817392349243,0.0017116197850555182
-0.07988204109914004,0.9928073883056641,0.001682570669800043
-0.07984816352391438,1.010042428970337,0.0017278885934501886
-0.07984597920438391,0.9916345477104187,0.0016858617309480906
-0.07973070916378949,1.0002135038375854,0.00168892671354115
-0.0797260195292282,1.0298504829406738,0.0016957309562712908
-0.07967235234792769,0.9770662188529968,0.0016807103529572487
-0.07961639799900544,0.9899507761001587,0.0016847050283104181
-0.0795919232995807,1.0056792497634888,0.001706487499177456
-0.07950635976826781,1.0042593479156494,0.0016888647805899382
-0.0794594932319998,1.0116238594055176,0.0016941754147410393
-0.07935116191486441,0.9910037517547607,0.0016825665952637792
-0.0793362320180443,0.996074914932251,0.001686774310655892
-0.0793012972649706,1.0187633037567139,0.0016999207437038422
-0.07922306124952855,1.0127297639846802,0.0016921857604756951
-0.07913187358735574,0.9850034713745117,0.0016808182699605823
-0.0790740556026171,0.9915460348129272,0.0016951023135334253
-0.07897298012280085,1.0050805807113647,0.0016895713051781058
-0.07894756420525928,1.0183318853378296,0.001692490535788238
-0.07893129677799626,0.9747675657272339,0.0017069485038518906
-0.07883096082638469,0.9959414005279541,0.0016844143392518163
-0.07882583164798995,1.0110833644866943,0.0016834642738103867
-0.07875855884320027,1.0006167888641357,0.0016895628068596125
-0.0787251170442721,1.011215090751648,0.0016906589735299349
-0.07868959862605979,1.0118310451507568,0.0017110558692365885
-0.0785960738913602,0.9975008368492126,0.0016839496092870831
-0.0785622060170767,1.006843090057373,0.0017265150090679526
-0.0785599981992875,0.9919971823692322,0.0016862248303368688
-0.07844473678217379,1.003594994544983,0.0016901645576581359
-0.07844003421344414,1.0242366790771484,0.0016938139451667666
-0.07838639117628954,0.9792564511299133,0.0016811966197565198
-0.07833040793969648,0.9879018664360046,0.001682849833741784
-0.07830594682222225,1.0048657655715942,0.001706069684587419
-0.0782203940691023,1.0053908824920654,0.0016889791004359722
-0.07817351352078339,1.0155142545700073,0.0016964796232059598
-0.07806519147385821,0.9871835112571716,0.0016783963656052947
-0.07805024821087464,0.9965221285820007,0.0016871851403266191
-0.07801533760321,1.0117466449737549,0.0016960165230557323
-0.07793707291483154,1.0126707553863525,0.0016917128814384341
-0.07784590961259163,0.9816685318946838,0.0016806436469778419
-0.0777880771848597,0.9912441968917847,0.0016963145462796092
-0.0776870114055645,1.0046745538711548,0.0016897042514756322
-0.07766158169112747,1.020508885383606,0.0016943947412073612
-0.07764533819264446,0.9765923023223877,0.0017072315094992518
-0.07754497400177568,0.9948107600212097,0.0016845616046339273
-0.0775398571108199,1.0131213665008545,0.001684547052718699
-0.07747259616252672,1.0039262771606445,0.0016909298719838262
-0.07743912526014068,1.0109366178512573,0.0016902342904359102
-0.07740362150197189,1.0161422491073608,0.0017138611292466521
-0.07731010646758274,0.99256432056427,0.0016818223521113396
-0.07727624850981779,1.0057324171066284,0.0017252309480682015
-0.07727401719419119,0.9906941652297974,0.0016857879236340523
-0.07715876440013703,1.0004818439483643,0.0016884927172213793
-0.07715404889723898,1.0244477987289429,0.001691809156909585
-0.07710043000507244,0.9802750945091248,0.0016815313138067722
-0.07704441788080851,0.990418553352356,0.0016847298247739673
-0.07701997056107185,1.0111744403839111,0.0017069092718884349
-0.0769344283707789,1.0090973377227783,0.0016915845917537808
-0.07688753380914604,1.0127003192901611,0.0016939353663474321
-0.0767792208164334,0.991694450378418,0.0016820696182549
-0.07676426418770743,0.9933091998100281,0.0016860759351402521
-0.0767293777250308,1.0133129358291626,0.0016972108278423548
-0.07665108458013448,1.0165252685546875,0.0016929942648857832
-0.07655994542246158,0.9852092862129211,0.0016817805590108037
-0.07650209876710229,0.9924145936965942,0.0016960077919065952
-0.0764010424740148,1.0038187503814697,0.00168928864877671
-0.07637559939299327,1.023147702217102,0.0016957060433924198
-0.07635937982371122,0.9764977693557739,0.001707494375295937
-0.07625898717611412,0.9907267093658447,0.0016831968678161502
-0.07625388257280774,1.0099818706512451,0.0016841284232214093
-0.07618663348143206,1.0015398263931274,0.001690366305410862
-0.07615313326148543,1.0147533416748047,0.001692234887741506
-0.07611764437704183,1.0134389400482178,0.0017120285192504525
-0.07602413926022389,0.9908480048179626,0.0016816452844068408
-0.07599029078698244,1.0129338502883911,0.00172941735945642
-0.07598803618972638,0.9891377091407776,0.0016856692964211106
-0.07587279201852143,1.004532814025879,0.0016911164857447147
-0.07586806336503638,1.0303829908370972,0.001695306389592588
-0.07581446883343429,0.9829397797584534,0.0016823866171762347
-0.07575842782149955,0.9913754463195801,0.0016845989739522338
-0.07573399408308179,1.0034736394882202,0.001705243717879057
-0.0756484626714029,1.0035823583602905,0.0016876691952347755
-0.07560155431308507,1.0147249698638916,0.001694875187240541
-0.07549325037437454,0.9974313974380493,0.0016838262090459466
-0.07547828038011672,0.9973805546760559,0.0016873327549546957
-0.07544341784643055,1.0116466283798218,0.0016952299047261477
-0.07536509624585847,1.0139827728271484,0.001692232326604426
-0.07527398123296308,0.979845404624939,0.001679611043073237
-0.07521612056450033,0.9921440482139587,0.0016961360815912485
-0.075115073541623,1.0032520294189453,0.0016890221741050482
-0.07508961687949306,1.0145325660705566,0.0016918662004172802
-0.07507342123856992,0.9744881987571716,0.0017061959952116013
-0.07497300035045251,0.9971739053726196,0.001685360330156982
-0.07496790803584824,1.0065611600875854,0.0016829791711643338
-0.07490067080033741,1.0008150339126587,0.001689842320047319
-0.07486714126240906,1.0152016878128052,0.0016921249916777015
-0.07483166703758787,1.0140964984893799,0.0017123807920143008
-0.07473817205307559,0.9939934611320496,0.001681990223005414
-0.07470433327972364,1.0100871324539185,0.0017270789248868823
-0.07470205518441952,0.9897062182426453,0.0016859016614034772
-0.07458681963648472,1.0019527673721313,0.0016896710731089115
-0.07458207804841016,1.0203872919082642,0.00168986851349473
-0.07452850744579864,0.9833171367645264,0.001682542497292161
-0.07447243797818814,0.9877749085426331,0.0016837150324136019
-0.07444801782045768,1.0054861307144165,0.0017069291789084673
-0.0743624969720269,1.0090880393981934,0.001690097851678729
-0.07431557460186872,1.01270592212677,0.0016952361911535263
-0.0742072797180024,0.9877104163169861,0.0016777277924120426
-0.07419229657252596,0.996896505355835,0.0016874398570507765
-0.0741574579678303,1.0129603147506714,0.0016977788181975484
-0.0740791079120035,1.0123417377471924,0.0016917907632887363
-0.07398801704346453,0.9882574677467346,0.0016825520433485508
-0.07393014214632182,0.9898436665534973,0.0016950808931142092
-0.0738291048243866,1.005238652229309,0.0016893980791792274
-0.0738036343659928,1.0205914974212646,0.0016946702962741256
-0.07378746265342861,0.976469099521637,0.0017078712116926908
-0.0736870135247909,0.9954760670661926,0.0016834656707942486
-0.07368193349930974,1.0088227987289429,0.0016839796444401145
-0.07361470811966386,1.0005452632904053,0.001689245575107634
-0.07358114947848815,1.0136823654174805,0.001691445941105485
-0.07354568991265786,1.0091899633407593,0.0017101590055972338
-0.07345220484466414,0.9941059350967407,0.0016817885916680098
-0.07341607418016527,0.9934340715408325,0.0016864452045410872
-0.07330084725444802,0.9996538162231445,0.001689133932814002
-0.07329609273220505,1.0278594493865967,0.001693293685093522
-0.07324254627373944,0.980714738368988,0.0016821909230202436
-0.07318644791951079,0.9877017736434937,0.0016835706774145365
-0.07316204155867567,1.00260329246521,0.0017044130945578218
-0.07307653127370345,1.0040963888168335,0.0016876044683158398
-0.07302959489065236,1.010574460029602,0.0016934772720560431
-0.0729213092769962,0.9949895739555359,0.0016841739416122437
-0.07290631276535625,0.9969123005867004,0.0016872723354026675
-0.07279311957772755,1.0128782987594604,0.0016911356942728162
-0.07270205285375553,0.9836254715919495,0.0016814095433801413
-0.07264416372877491,0.9887990355491638,0.001694690901786089
-0.07254313589199479,1.0026640892028809,0.0016886726953089237
-0.07251765206743754,1.0206212997436523,0.0016936317551881075
-0.07250150406807682,0.9787998199462891,0.0017084348946809769
-0.07240102669955034,0.997306764125824,0.0016849898966029286
-0.07239595896129764,1.0088304281234741,0.0016843834891915321
-0.07232874543941131,0.999206006526947,0.0016889198450371623
-0.07229515747941179,1.0148885250091553,0.0016923253424465656
-0.0722597127877278,1.01380455493927,0.001712988130748272
-0.07216623763646318,0.9927405714988708,0.0016820696182549
-0.07213241826562694,1.0094196796417236,0.0017290560062974691
-0.07213009296075557,0.9897257685661316,0.0016855655703693628
-0.07201487487283231,1.0052497386932373,0.0016910610720515251
-0.07201010741642094,1.0229744911193848,0.0016917458269745111
-0.07195658510168024,0.9814995527267456,0.0016807669308036566
-0.07190045785999127,0.9876757264137268,0.0016832291148602962
-0.07187606508068567,1.008252739906311,0.0017083147540688515
-0.071790565574959,1.0069955587387085,0.0016896470915526152
-0.07174361517985706,1.0095813274383545,0.0016932394355535507
-0.07163533883514789,0.9911976456642151,0.001681882655248046
-0.0716203287434522,0.992495596408844,0.0016858222661539912
-0.07158553842662735,1.0099502801895142,0.0016979582142084837
-0.07150713124303054,1.0156348943710327,0.0016929283738136292
-0.07141608866362548,0.984828770160675,0.0016828128136694431
-0.07135818531122806,0.9925529956817627,0.0016966428374871612
-0.07125716717475844,1.0036712884902954,0.0016893419669941068
-0.07123166955330573,1.0181492567062378,0.0016926551470533013
-0.07121554569914357,0.9803479909896851,0.0017086256993934512
-0.07111504009072839,0.9949404001235962,0.0016843588091433048
-0.07110998442328542,1.0068070888519287,0.0016833074623718858
-0.07104278297431421,1.0029202699661255,0.0016908219549804926
-0.07100916569633303,1.0136594772338867,0.0016913096187636256
-0.07097373566427145,1.0131229162216187,0.0017120528500527143
-0.07088027042826228,0.9943413138389587,0.0016809471417218447
-0.0708464607587892,1.006730318069458,0.0017265656497329473
-0.07084411195544871,0.9880076050758362,0.0016853554407134652
-0.07072890249163771,1.0037568807601929,0.0016896930756047368
-0.07072412210021584,1.0264989137649536,0.0016951680881902575
-0.07067062392941054,0.9813724756240845,0.0016820927849039435
-0.07061446801710086,0.9916679263114929,0.001684899558313191
-0.07059008881806161,1.0027835369110107,0.0017048735171556473
-0.07050459987621455,1.0080945491790771,0.0016902886563912034
-0.0704576354686407,1.0131272077560425,0.0016948928823694587
-0.07034936817751253,0.9931040406227112,0.0016816866118460894
-0.07033434493586149,0.9982485771179199,0.0016877276357263327
-0.07029957854802704,1.012560248374939,0.001697858446277678
-0.07022114290833342,1.0147533416748047,0.0016922000795602798
-0.07013012447349543,0.9843966960906982,0.0016814713599160314
-0.07007220710904716,0.9898018836975098,0.0016949326964095235
-0.06997119824194553,1.0054664611816406,0.001688887015916407
-0.06994568704022658,1.0240943431854248,0.0016962484223768115
-0.06992958711526537,0.9753673076629639,0.001706564798951149
-0.06982905326506678,0.995302140712738,0.0016845293575897813
-0.06982400988548382,1.0067576169967651,0.0016831302782520652
-0.06975682029321956,1.0012849569320679,0.0016895105363801122
-0.06972317369725667,1.012671947479248,0.001691739889793098
-0.069687758540394,1.011850118637085,0.0017120896372944117
-0.06959430322006133,0.9934256076812744,0.0016822892939671874
-0.0695605032523724,1.0080267190933228,0.0017262654146179557
-0.0695581309501418,0.9894671440124512,0.0016849488019943237
-0.06944293011002206,0.9996031522750854,0.0016889460384845734
-0.06943813678401073,1.024359941482544,0.0016929485136643052
-0.06938466254240644,0.9809896945953369,0.0016814508708193898
-0.06932847795779185,0.9891298413276672,0.001683698152191937
-0.0693041123407031,1.0027053356170654,0.0017040919046849012
-0.06921863417704904,1.005595088005066,0.0016881723422557116
-0.06917165597257979,1.012511134147644,0.0016946252435445786
-0.06906339773545372,0.9911763072013855,0.0016817738069221377
-0.06904836112827073,0.9952110052108765,0.001686560339294374
-0.06901361866942685,1.0080515146255493,0.0016961548244580626
-0.06893515457489957,1.0135507583618164,0.0016922070644795895
-0.06884416028378643,0.9838767051696777,0.0016801877645775676
-0.06878622869086864,0.9923481941223145,0.0016963223461061716
-0.06868522930913268,1.0029598474502563,0.0016881210030987859
-0.06865970474230287,1.02108633518219,0.0016942976508289576
-0.06864362853012407,0.9785253405570984,0.0017082354752346873
-0.06854306643940516,0.9950160980224609,0.0016850517131388187
-0.06853803534768221,1.0076946020126343,0.0016834926791489124
-0.06847085761212496,1.0002169609069824,0.0016887541860342026
-0.0684371819139673,1.0138075351715088,0.0016923132352530956
-0.06840178119988749,1.009685754776001,0.0017107934691011906
-0.06830833579670498,0.9908111691474915,0.001681125839240849
-0.06827454552995815,1.0071797370910645,0.0017262399196624756
-0.06827214994504549,0.9937475919723511,0.0016867296071723104
-0.0681569577279853,1.0004619359970093,0.0016896092565730214
-0.06815215146738463,1.0230493545532227,0.0016909395344555378
-0.06809870137034724,0.9797036647796631,0.001680437009781599
-0.06804248789890399,0.9848577976226807,0.0016826504142954946
-0.06801813607871066,1.002428412437439,0.0017063664272427559
-0.06793266847788354,1.006978988647461,0.0016900632763281465
-0.06788567626094238,1.0115907192230225,0.0016944330418482423
-0.06777742707887108,0.9924326539039612,0.0016812034882605076
-0.06776237710510347,0.9947325587272644,0.001686727162450552
-0.06772765900682415,1.0104235410690308,0.001695360173471272
-0.06764916624062361,1.0129973888397217,0.0016921224305406213
-0.06755819609365632,0.9858613014221191,0.0016817570431157947
-0.06750025027269019,0.9917686581611633,0.0016965921968221664
-0.06739926059231738,1.003427267074585,0.0016890361439436674
-0.06737372222817106,1.0216529369354248,0.0016942983493208885
-0.06735766994477227,0.9801286458969116,0.001709441188722849
-0.0672570796141646,0.9926705360412598,0.0016828445950523019
-0.0672520608103016,1.0067521333694458,0.0016833484405651689
-0.06718489493145136,0.9984575510025024,0.0016885224031284451
-0.06715118991425945,1.0122730731964111,0.0016908327816054225
-0.06711580407495743,1.0153847932815552,0.0017136215465143323
-0.06702236858850397,0.9891039133071899,0.0016806821804493666
-0.06698858802269925,1.0119065046310425,0.0017296845326200128
-0.06698616894058068,0.9879706501960754,0.0016852334374561906
-0.0668709853459486,1.0010586977005005,0.0016896844608709216
-0.06686616615075841,1.0284830331802368,0.001694461447186768
-0.06681274019807754,0.9823841452598572,0.0016836473951116204
-0.06675649805643469,0.9871804714202881,0.0016835512360557914
-0.0667321596015627,1.0049046277999878,0.0017069384921342134
-0.06664670277934964,1.003971815109253,0.0016888027312234044
-0.06659969654930498,1.0079184770584106,0.0016930898418650031
-0.06649145663681227,0.9892654418945312,0.0016805633204057813
-0.06647639329793381,0.9896502494812012,0.0016853209817782044
-0.0664416991282239,1.0108689069747925,0.0016980012878775597
-0.0663631779059265,1.011123538017273,0.001691641635261476
-0.06627223211910277,0.9864000082015991,0.0016820329474285245
-0.06621427207050928,0.9922313690185547,0.001696932828053832
-0.06611329166076763,1.0027923583984375,0.0016891129780560732
-0.06608773971382875,1.014405369758606,0.001691501005552709
-0.06607171157583902,0.9754037261009216,0.0017062571132555604
-0.06597109278934504,0.9929420948028564,0.0016837071161717176
-0.0659660862733421,1.006199836730957,0.0016834320267662406
-0.06589893225035676,0.9954996705055237,0.0016884488286450505
-0.06586519813033859,1.0115126371383667,0.001690849312581122
-0.06582982695023798,1.0127239227294922,0.0017121975542977452
-0.06573640138093462,0.9873859882354736,0.0016802871832624078
-0.06570263051544045,1.0027443170547485,0.0017248535295948386
-0.06570018793653698,0.988544225692749,0.0016850524116307497
-0.06558501296433289,0.9952556490898132,0.0016877141315490007
-0.06558018105012975,1.0210886001586914,0.0016928057884797454
-0.06552677902707094,0.9743393659591675,0.0016786550404503942
-0.06547050799712567,0.9875250458717346,0.0016836050199344754
-0.06544618333893859,0.9949824810028076,0.0016997639322653413
-0.06536073707997359,1.0008151531219482,0.0016877196030691266
-0.06531371683808862,1.003486156463623,0.0016912345308810472
-0.06520548619559552,0.9874807000160217,0.0016807281645014882
-0.0651904094916062,0.9900819659233093,0.001685590366832912
-0.06515573925046575,1.0045597553253174,0.0016932864673435688
-0.06507718957122949,1.0093930959701538,0.0016906270757317543
-0.06498626792960427,0.9783628582954407,0.001679056673310697
-0.06492829365233083,0.9889651536941528,0.0016958017367869616
-0.06482732294353127,1.0008020401000977,0.001687944633886218
-0.06480175741506294,1.0170607566833496,0.001692967489361763
-0.06478575299069772,0.9672942161560059,0.001704797032289207
-0.0646851059641046,0.9903465509414673,0.0016831759130582213
-0.06468011173596155,1.0047444105148315,0.0016824769554659724
-0.06461296956926216,0.9939088225364685,0.0016875838628038764
-0.06457920613147272,1.007172703742981,0.0016897425521165133
-0.06454384982636052,1.0053471326828003,0.001709369826130569
-0.06445043417378638,0.9855265617370605,0.0016789666842669249
-0.06441667300797105,0.9952613115310669,0.001720837433822453
-0.06441420693144062,0.9870613813400269,0.0016854119021445513
-0.06429904079787269,0.994733452796936,0.0016883002826943994
-0.0642941957343457,1.0150359869003296,0.0016890062252059579
-0.0642408178558539,0.9726322293281555,0.0016787692438811064
-0.06418451815339321,0.9799074530601501,0.0016805891646072268
-0.06416020707631453,0.9999532103538513,0.001707614865154028
-0.06407477138080808,0.9991918206214905,0.0016867503290995955
-0.06402773734329087,1.003217101097107,0.0016922825016081333
-0.06391951575501037,0.9818570017814636,0.0016788827488198876
-0.0639044256840155,0.9833195805549622,0.0016831659013405442
-0.063869779587863,1.0029051303863525,0.0016946335090324283
-0.06379120123695348,1.005924105644226,0.0016889518592506647
-0.06370030374010577,0.9784507751464844,0.0016795845003798604
-0.06364231545036042,0.9799546599388123,0.001691831974312663
-0.06354135401071842,0.9942691922187805,0.0016851251712068915
-0.06349979440534587,0.9707301259040833,0.0017070905305445194
-0.06339911913844293,0.98517245054245,0.001681109773926437
-0.0633941371987915,0.9998666048049927,0.0016808770596981049
-0.06332700688858856,0.989804744720459,0.0016859418246895075
-0.06329321434818347,1.0051997900009155,0.001688575022853911
-0.06325787270206201,1.0046210289001465,0.0017105469014495611
-0.06316446696558536,0.981868326663971,0.0016788482898846269
-0.0631307155005017,0.999167263507843,0.0017252775141969323
-0.06312822592634426,0.981185793876648,0.0016827788203954697
-0.06301306841625698,0.9875678420066833,0.0016836944269016385
-0.06300821041814059,1.0155754089355469,0.0016903035575523973
-0.06295485646821813,0.9682656526565552,0.0016773738898336887
-0.0628985280945053,0.9783680438995361,0.0016803096514195204
-0.06287423059916653,0.9908902049064636,0.0017002943204715848
-0.06278880568227413,0.9941256642341614,0.0016854599816724658
-0.0627417576316534,0.9987550377845764,0.0016898876056075096
-0.06263354509758556,0.9778616428375244,0.0016773761017248034
-0.06261844187642474,0.9843222498893738,0.0016831635730341077
-0.06250521290351957,1.002814531326294,0.0016886134399101138
-0.06241433955039677,0.9684005379676819,0.0016757360426709056
-0.062356337033234566,0.9778459072113037,0.001691711600869894
-0.062255385293903065,0.9912141561508179,0.0016844322672113776
-0.06222979238890464,1.002013921737671,0.0016858404269441962
-0.06221383603557057,0.9627484679222107,0.0017026264686137438
-0.06211313252835782,0.9807054996490479,0.001680455869063735
-0.06210816266077934,0.993369996547699,0.0016791647067293525
-0.062041044208336005,0.9840992093086243,0.0016838726587593555
-0.062007222349107105,1.0039405822753906,0.0016878645401448011
-0.061971895577763614,0.9988774657249451,0.001707005430944264
-0.06187849975738441,0.9778459072113037,0.001676149433478713
-0.0618447579940849,0.990366518497467,0.0017214167164638638
-0.06184224492187945,0.9765374064445496,0.001681504538282752
-0.061727096035483486,0.9837720990180969,0.0016838773153722286
-0.06172222510151443,1.012847900390625,0.0016907522222027183
-0.06166889529594849,0.9692018032073975,0.0016783640021458268
-0.06161253803561734,0.9719259142875671,0.0016781928716227412
-0.061588254337174075,0.9832219481468201,0.001698122825473547
-0.06150284019931673,0.9894649982452393,0.00168367859441787
-0.06145577792001605,0.9931632876396179,0.001688479445874691
-0.06134757465552676,0.9727116823196411,0.001675975974649191
-0.061332457853678635,0.9797272086143494,0.0016819575102999806
-0.061297859831083545,0.9944838881492615,0.0016915511805564165
-0.06121922456882256,0.9961521625518799,0.0016863574273884296
-0.06112837536026666,0.964587926864624,0.00167511822655797
-0.06107035861505611,0.9667980670928955,0.001688012620434165
-0.06096941636109027,0.9856228828430176,0.0016824593767523766
-0.06094381009013877,1.0072453022003174,0.001689797267317772
-0.06092787745042927,0.9576126337051392,0.0017018544021993876
-0.06082714570311726,0.9755312204360962,0.0016784700565040112
-0.06082218812297768,0.9874657392501831,0.001676710438914597
-0.0607550815276624,0.9821968078613281,0.0016843145713210106
-0.06072123056518619,0.9976781606674194,0.0016858628951013088
-0.060685918238309655,0.9903801679611206,0.001705735456198454
-0.06059253254918351,0.9726884365081787,0.001675087260082364
-0.0605588004868261,0.9851821064949036,0.001720008789561689
-0.0605562637018382,0.9707812666893005,0.001678778906352818
-0.06044112365344673,0.9782198667526245,0.0016812359681352973
-0.06043623978488827,1.0014472007751465,0.0016846859361976385
-0.06038293412367873,0.9562627077102661,0.0016730634961277246
-0.06032654819272698,0.9655271172523499,0.0016765299951657653
-0.06030227785981557,0.9850172996520996,0.0017013343749567866
-0.06021687450057228,0.9820228219032288,0.00168165925424546
-0.06016979820879964,0.9860916137695312,0.001685702009126544
-0.0600616042134679,0.966820478439331,0.0016733130905777216
-0.06004647404671942,0.9706567525863647,0.0016780908918008208
-0.06001190016805985,0.9865218997001648,0.0016878218157216907
-0.05993323623412555,0.991028904914856,0.001684099086560309
-0.05984241117013661,0.959679126739502,0.00167364114895463
-0.05978438041245415,0.9671102166175842,0.0016890079714357853
-0.05968344764385386,0.9797161221504211,0.0016807011561468244
-0.05965782757663851,0.9938860535621643,0.0016847440274432302
-0.05964191886613007,0.9488078355789185,0.0016977075720205903
-0.05954115887808725,0.9666429758071899,0.001674974919296801
-0.05953621380075258,0.9791103005409241,0.0016745333559811115
-0.0594691188465678,0.975027859210968,0.0016809205990284681
-0.05943523856632038,0.9906965494155884,0.0016842166660353541
-0.059399941113379595,0.9881616830825806,0.0017045162385329604
-0.05930656534098255,0.9653604030609131,0.0016725370660424232
-0.0592728427637802,0.9772612452507019,0.00171812460757792
-0.05927028269716289,0.9637776613235474,0.0016773525858297944
-0.05915515127141002,0.9702215790748596,0.0016790706431493163
-0.059150254469525265,1.0007622241973877,0.0016846103826537728
-0.05909697295246158,0.9507813453674316,0.0016710924683138728
-0.05904055813341802,0.9611510634422302,0.0016748609486967325
-0.05901630159719157,0.9781031012535095,0.0017000851221382618
-0.05893090880140678,0.9769992828369141,0.0016799557488411665
-0.058883818712738734,0.9837009310722351,0.0016855422873049974
-0.05877563355604315,0.958879292011261,0.0016714389203116298
-0.05876049023976032,0.9684669375419617,0.001678331522271037
-0.058725940289459544,0.9775112867355347,0.0016839592717587948
-0.05864724789984954,0.9840578436851501,0.0016824296908453107
-0.05855644719600411,0.9528982639312744,0.001671016332693398
-0.058498401994275695,0.9607500433921814,0.0016864988720044494
-0.058397478711041007,0.9703165292739868,0.001677555963397026
-0.058371845278083256,0.989464521408081,0.0016821930184960365
-0.058355960496986325,0.9479372501373291,0.0016985349357128143
-0.05825517205305719,0.9664626121520996,0.0016753770178183913
-0.058250239263582526,0.9732741713523865,0.0016718964325264096
-0.058183156165473204,0.966754138469696,0.0016786265186965466
-0.05814924678345207,0.9863368272781372,0.0016818444710224867
-0.05811396398844959,0.978378415107727,0.0017006514826789498
-0.05802059813320265,0.9609258770942688,0.0016715007368475199
-0.057986885257574006,0.964631199836731,0.0017132015200331807
-0.05798430169206653,0.9556858539581299,0.0016745668835937977
-0.05786917888937326,0.964160680770874,0.0016774313990026712
-0.0578642691533201,0.9933590292930603,0.001681140623986721
-0.05781101178040243,0.9401817917823792,0.001668366719968617
-0.057754568289475006,0.9547995328903198,0.001672233804129064
-0.057730325334777954,0.9657639861106873,0.0016913102008402348
-0.057644943102241275,0.9683979749679565,0.0016769171925261617
-0.05759783900152243,0.9762592315673828,0.0016827053623273969
-0.057489663114826395,0.9508976936340332,0.0016663405112922192
-0.057474506432590555,0.9600347280502319,0.001674714032560587
-0.057439980626856846,0.9771708846092224,0.0016859181923791766
-0.057361259565573586,0.9776873588562012,0.0016804453916847706
-0.05727048300587401,0.9472646713256836,0.0016688891919329762
-0.05721242357651829,0.9523150324821472,0.0016833922127261758
-0.057111509994225707,0.9668576717376709,0.001676971442066133
-0.0570858627639515,0.9807910919189453,0.0016807416686788201
-0.05707000191226602,0.9379817843437195,0.001694636419415474
-0.05696918522781669,0.9581221342086792,0.0016728172777220607
-0.05696426472683347,0.9689980745315552,0.001671214704401791
-0.0568971934847996,0.9572732448577881,0.0016754056559875607
-0.05686325478395471,0.9776235818862915,0.0016803081380203366
-0.05682798686373003,0.9717522859573364,0.0016995365731418133
-0.056734630925843854,0.9514106512069702,0.0016684661386534572
-0.05670092775115726,0.9645761251449585,0.001713351346552372
-0.05669832068697017,0.9505280256271362,0.0016727366019040346
-0.05658320672291306,0.9569301009178162,0.0016742557054385543
-0.05657828383669394,0.9886220693588257,0.0016817353898659348
-0.05652505060813273,0.9320403933525085,0.0016642409609630704
-0.05646857823121865,0.945756733417511,0.0016697830287739635
-0.0564443488574195,0.9601144790649414,0.001692078192718327
-0.056358977403496824,0.9609283804893494,0.0016745461616665125
-0.05631185929072707,0.9653991460800171,0.0016788389766588807
-0.056203692673609695,0.9500623345375061,0.0016690334305167198
-0.05618852262499985,0.9542722702026367,0.0016741411527618766
-0.05615402074825665,0.9666121602058411,0.0016816339921206236
-0.056075271231718626,0.9766440987586975,0.0016802255995571613
-0.055984518815743955,0.9378353953361511,0.0016658500535413623
-0.055926445375179434,0.9462956190109253,0.0016813387628644705
-0.0558255412782524,0.9555253386497498,0.0016725503373891115
-0.05579988046581724,0.9758669137954712,0.001679556560702622
-0.05578404332796677,0.9311084151268005,0.0016925632953643799
-0.05568319861773158,0.9514963030815125,0.001670374535024166
-0.055678290189031865,0.9618951082229614,0.0016691521741449833
-0.05561123101928145,0.9508151412010193,0.0016734176315367222
-0.055577263000033794,0.9659739136695862,0.0016754134558141232
-0.05554200973985263,0.9667646288871765,0.0016962556401267648
-0.05544866371806395,0.9440248012542725,0.0016659490065649152
-0.055414970243898354,0.9599058032035828,0.001713061355985701
-0.05541233968229492,0.9450148940086365,0.0016715117963030934
-0.05529723434129735,0.952043890953064,0.001672877580858767
-0.05529229852006773,0.980509877204895,0.0016772664384916425
-0.05523908943670508,0.9332388639450073,0.0016667080344632268
-0.05518258817275179,0.9385061860084534,0.0016672618221491575
-0.05515837259479539,0.9546577334403992,0.0016919946065172553
-0.05507301170433132,0.9582081437110901,0.0016740192659199238
-0.05502587979445567,0.9597622156143188,0.0016762912273406982
-0.05491772223218244,0.9414507746696472,0.0016671550692990422
-0.05490253860183264,0.9459236264228821,0.001670302590355277
-0.05478928311259801,0.9649672508239746,0.0016762424493208528
-0.054698554626034956,0.9295485615730286,0.00166302639991045
-0.05464046695700098,0.9386723041534424,0.0016791863599792123
-0.054539572345439546,0.9489793181419373,0.0016708214534446597
-0.05451389795210648,0.9657975435256958,0.0016740069258958101
-0.05449808495819153,0.9212579131126404,0.0016893689753487706
-0.05439721179270146,0.9435654282569885,0.0016673780046403408
-0.05439231565123026,0.950236439704895,0.0016648498130962253
-0.054325268338186794,0.9423606395721436,0.0016709973569959402
-0.05429127121611288,0.9623124599456787,0.0016747349873185158
-0.05425603261618578,0.9582618474960327,0.0016947530675679445
-0.05416269651028405,0.9379348754882812,0.0016638109227642417
-0.054129012736429005,0.9475919604301453,0.001707915565930307
-0.05412635867719856,0.9352133870124817,0.0016673629870638251
-0.054011261959892254,0.9472183585166931,0.0016725558089092374
-0.054006313203441625,0.9743629693984985,0.0016755424439907074
-0.053953128265066985,0.9181278347969055,0.0016605127602815628
-0.05389659832901933,0.9302366375923157,0.0016640983521938324
-0.05387239611764749,0.9403966665267944,0.0016855801222845912
-0.05378704622074232,0.947795033454895,0.0016701749991625547
-0.05373990008344981,0.9567175507545471,0.001675994717516005
-0.05363175157559974,0.9273196458816528,0.0016581066884100437
-0.053616554794662985,0.9360480904579163,0.0016667676391080022
-0.053582101207053645,0.9489389061927795,0.001677015912719071
-0.05350329477769045,0.9551513195037842,0.0016720029525458813
-0.05341259065232351,0.9221327900886536,0.001661056885495782
-0.05335448875439902,0.9302302002906799,0.0016760446596890688
-0.053253603628203194,0.9419472217559814,0.0016683547291904688
-0.053227915654393276,0.9630970358848572,0.0016755553660914302
-0.053212126372839674,0.9110779762268066,0.0016857070149853826
-0.05311122496767151,0.9315549731254578,0.001662737806327641
-0.05310634132963665,0.9453582167625427,0.0016634667990729213
-0.05303930565751319,0.9332472085952759,0.0016674742801114917
-0.05300527921703663,0.9512045383453369,0.0016711795469745994
-0.05297005549125572,0.9438879489898682,0.0016899340553209186
-0.05287672930208315,0.9270018339157104,0.0016594559419900179
-0.05284305522895966,0.9386840462684631,0.0017053935443982482
-0.05284037767273375,0.9297160506248474,0.001665445975959301
-0.052725289578487156,0.9333130121231079,0.0016656833468005061
-0.052720327888078566,0.9651201963424683,0.0016731297364458442
-0.052667166878273386,0.9133968353271484,0.0016593040199950337
-0.052610608269499815,0.9220790863037109,0.0016611242899671197
-0.05258641985649709,0.9351337552070618,0.0016845854697749019
-0.05250108052220842,0.9380437731742859,0.0016668575117364526
-0.0524539203718124,0.9469097852706909,0.001673008780926466
-0.052345781133540936,0.9221957921981812,0.0016581807285547256
-0.05233057098791433,0.9296929240226746,0.001664371113292873
-0.0522961413292955,0.9395171999931335,0.0016734837554395199
-0.05221730644362499,0.9460700750350952,0.0016697254031896591
-0.052126626462614456,0.9149495363235474,0.0016576789785176516
-0.052068510336641616,0.9212676286697388,0.0016736638499423862
-0.05196763469581139,0.9334552884101868,0.0016654669307172298
-0.051941933140261465,0.9513985514640808,0.00167159887496382
-0.051926168003274875,0.9102770090103149,0.0016863592900335789
-0.051825238142009844,0.9307913184165955,0.0016644580755382776
-0.051820366791624495,0.9368674159049988,0.001660170848481357
-0.05175334297641859,0.9275934100151062,0.0016655689105391502
-0.05171928743437887,0.9443296194076538,0.0016683521680533886
-0.05168407836653621,0.9388255476951599,0.001688265590928495
-0.05159076209388219,0.9226028919219971,0.0016591462772339582
-0.051557097722542855,0.9323371052742004,0.0017035012133419514
-0.051554396668689995,0.9181384444236755,0.001661734888330102
-0.051439317412447894,0.9269139766693115,0.001664901850745082
-0.05143434257187346,0.9537508487701416,0.0016704471781849861
-0.05138120570600363,0.9005332589149475,0.0016550378641113639
-0.051324618425556856,0.9139732718467712,0.0016583771212026477
-0.05130044359387298,0.9265172481536865,0.0016814100090414286
-0.05121511482367447,0.925534188747406,0.0016620384994894266
-0.051167940876172546,0.9390221238136292,0.0016701886197552085
-0.05105981069148208,0.914232075214386,0.0016544145764783025
-0.051044587180744616,0.9200441241264343,0.0016619947273284197
-0.0510101814511163,0.9305790066719055,0.0016704051522538066
-0.05093131810934903,0.9401213526725769,0.0016679030377417803
-0.050840662272484405,0.9067520499229431,0.001655860454775393
-0.050782532134039604,0.9128755927085876,0.0016701146960258484
-0.050681665978574986,0.9238687753677368,0.0016621710965409875
-0.050655950625919155,0.9389510154724121,0.0016658080276101828
-0.05064020941813352,0.8985246419906616,0.0016824908088892698
-0.050539251532345786,0.9140990972518921,0.0016560759395360947
-0.05053439225382289,0.9276413321495056,0.0016568240243941545
-0.050467380295955544,0.9183923006057739,0.001662138500250876
-0.0504332956504579,0.9361666440963745,0.0016656725201755762
-0.050398101242658755,0.9334439635276794,0.001686484320089221
-0.05030479488568124,0.910398006439209,0.0016539074713364244
-0.050271140215073506,0.9224751591682434,0.0017000139923766255
-0.050268415663593635,0.9088361263275146,0.0016587520949542522
-0.050153345030411245,0.9168481826782227,0.0016605273121967912
-0.0501483574708238,0.9455650448799133,0.0016647485317662358
-0.05009524453373393,0.8960203528404236,0.0016533806920051575
-0.050038628367510996,0.9087346792221069,0.0016569076105952263
-0.05001446711567242,0.9184194803237915,0.0016797074349597096
-0.04992914912493002,0.9198537468910217,0.001660869107581675
-0.04988196116579824,0.9284051060676575,0.0016672385390847921
-0.04977384024963377,0.9120094180107117,0.0016573431203141809
-0.04975860337315391,0.9086509943008423,0.0016576910857111216
-0.04972422178809255,0.9180852174758911,0.0016669302713125944
-0.049645329775494074,0.9324417114257812,0.0016648481832817197
-0.049554698082354354,0.9009531736373901,0.0016532887239009142
-0.04949655371649275,0.9039398431777954,0.0016671217745169997
-0.04939569704576219,0.9148332476615906,0.0016588607104495168
-0.0493699683284165,0.9373132586479187,0.0016664741560816765
-0.049354250833623825,0.8877838850021362,0.0016794962575659156
-0.049253264706684174,0.9049203991889954,0.001654394087381661
-0.04924841793222934,0.9146537184715271,0.001652758102864027
-0.049181417615492495,0.9094854593276978,0.0016600060043856502
-0.04914730365096054,0.9267598390579224,0.0016629709862172604
-0.049112124117728695,0.9218014478683472,0.001682892325334251
-0.04901882767748034,0.9052835702896118,0.001652550883591175
-0.04898518270760416,0.9117680191993713,0.001694925595074892
-0.048982434658497276,0.8962953686714172,0.001654244028031826
-0.048867372648374485,0.9092909693717957,0.0016585950506851077
-0.04886237215461864,0.940896213054657,0.0016657328233122826
-0.04880928336251683,0.887865424156189,0.0016505924286320806
-0.048752638524410086,0.8953940868377686,0.0016525078099220991
-0.048728490853258866,0.9071105122566223,0.0016751191578805447
-0.048643183425764513,0.9094573259353638,0.001656619948334992
-0.048595981454160886,0.9208970665931702,0.0016634076600894332
-0.048487869807785466,0.8970181941986084,0.0016489895060658455
-0.0484726195655632,0.9000877141952515,0.0016547205159440637
-0.04843826190949235,0.9139741659164429,0.001665162038989365
-0.04835934144121806,0.9214293360710144,0.001661338726989925
-0.0482687341082218,0.8865000009536743,0.001647844328545034
-0.048210575298945846,0.894978404045105,0.0016647722804918885
-0.04810972832894683,0.9012555480003357,0.001654020743444562
-0.048083985815126795,0.9258063435554504,0.0016623635310679674
-0.04806829246384847,0.8758773803710938,0.001674148952588439
-0.04796727788144367,0.8980544209480286,0.0016524754464626312
-0.047962443395059284,0.9031410813331604,0.001649233279749751
-0.0478954551499744,0.8998478055000305,0.0016566471895202994
-0.047861311867460676,0.9137011766433716,0.0016582320677116513
-0.047826146778064293,0.910632312297821,0.0016791485249996185
-0.04773286046970043,0.8960384130477905,0.001649840036407113
-0.04769922520118741,0.9038531184196472,0.001695332583039999
-0.04769645365340097,0.8863500952720642,0.0016506348038092256
-0.04758140026633778,0.8977002501487732,0.0016541217919439077
-0.04757638683799248,0.927166223526001,0.0016611310420557857
-0.04752332219024713,0.8732477426528931,0.001645543030463159
-0.047466648464890626,0.8889465928077698,0.0016496791504323483
-0.04744251437526881,0.8938282132148743,0.00166961585637182
-0.04735721794217551,0.903313934803009,0.0016547782579436898
-0.04731000195809998,0.9134061932563782,0.001661384478211403
-0.047201899151623816,0.8848401308059692,0.001643636147491634
-0.047186635759235596,0.8875004649162292,0.0016511018620803952
-0.0471523022468896,0.9078695774078369,0.0016639120876789093
-0.047073353106521054,0.9076539278030396,0.0016558574279770255
-0.04698276991809175,0.8797483444213867,0.0016466371016576886
-0.04692459709634389,0.8842258453369141,0.0016607593279331923
-0.046823759612552585,0.8976393938064575,0.0016531216679140925
-0.046798003516360986,0.9145351648330688,0.0016584848053753376
-0.04678233387870717,0.8683696389198303,0.0016717265825718641
-0.04668129105704516,0.8892511129379272,0.0016495292074978352
-0.04667646885767868,0.8944929242134094,0.0016457011224702
-0.046609492469300795,0.8887978196144104,0.001652234117500484
-0.04657532008438192,0.9067593216896057,0.0016562221571803093
-0.04654016965376584,0.9071438312530518,0.0016780669102445245
-0.04644689326213103,0.8771562576293945,0.0016423038905486465
-0.04641326747835206,0.8920767307281494,0.0016903874929994345
-0.046410472648725665,0.8760408163070679,0.0016475181328132749
-0.04629542809987758,0.8902005553245544,0.0016512018628418446
-0.04629040152178737,0.9175695180892944,0.00165698048658669
-0.046237361017977374,0.866426944732666,0.001642625662498176
-0.046180658622000215,0.8766497373580933,0.001646118238568306
-0.046156538114118406,0.888373851776123,0.0016703305300325155
-0.04607125224343106,0.8891490697860718,0.0016496751923114061
-0.04602402224625202,0.9014409780502319,0.0016567109851166606
-0.04591592871019656,0.8779667019844055,0.0016456906450912356
-0.045900651736489384,0.8778743147850037,0.0016476543387398124
-0.04586634236828935,0.8886770009994507,0.0016550524160265923
-0.04578736477182399,0.8993383646011353,0.0016540144570171833
-0.0456968057279617,0.8690471649169922,0.001641713548451662
-0.045638618678586484,0.8781505227088928,0.0016586383571848273
-0.04553779068016073,0.885952889919281,0.0016491679707542062
-0.04551202100201868,0.9072503447532654,0.0016557109775021672
-0.04549637529482903,0.8571338653564453,0.0016683764988556504
-0.04539530444696005,0.8775022029876709,0.001644963282160461
-0.04539049431987707,0.8859609961509705,0.0016425392823293805
-0.045323529788206196,0.8782548308372498,0.0016488977707922459
-0.04528932808530556,0.8947585225105286,0.0016515163006260991
-0.04525419252904628,0.8954634070396423,0.0016742512816563249
-0.045160926054561734,0.8742144107818604,0.001642660703510046
-0.045127309970882656,0.8838338255882263,0.0016860869945958257
-0.04512449164489246,0.8683799505233765,0.0016445862129330635
-0.04500945571889342,0.8782380223274231,0.0016488429391756654
-0.04500441620600326,0.9074530005455017,0.0016527349362149835
-0.04495139984676033,0.852257251739502,0.0016385212074965239
-0.044894668563112305,0.8674666285514832,0.0016434263670817018
-0.0448705618521259,0.8716699481010437,0.0016624674899503589
-0.04478528654426556,0.882496178150177,0.0016483153449371457
-0.044738042749980556,0.895359992980957,0.0016550805885344744
-0.04462995826834831,0.8631601929664612,0.0016356806736439466
-0.04461466792889862,0.8704733848571777,0.00164510915055871
-0.0445803827052656,0.8814069032669067,0.0016536613693460822
-0.04450137665312448,0.8856266736984253,0.0016495612217113376
-0.0444108415382527,0.856513500213623,0.001636495697312057
-0.04435264047598447,0.8674324750900269,0.0016548074781894684
-0.04425182196292432,0.8779996037483215,0.0016463272040709853
-0.044226038703463366,0.8959893584251404,0.0016516131581738591
-0.044210416925895835,0.845310389995575,0.0016637261724099517
-0.044109317621298494,0.8712358474731445,0.00164365628734231
-0.04410451999765197,0.8773748278617859,0.0016406351933255792
-0.044037567107111486,0.8666178584098816,0.0016446253284811974
-0.044003336301384643,0.887231707572937,0.001649735844694078
-0.043968215404747824,0.8850554823875427,0.001670747296884656
-0.04387495884678183,0.8619220852851868,0.001637695706449449
-0.04384135246425541,0.8748177886009216,0.001683815848082304
-0.0438385106397961,0.8606001734733582,0.0016419995808973908
-0.04372348333748827,0.8712233901023865,0.0016463578213006258
-0.04371843088937716,0.896429717540741,0.0016491978894919157
-0.043665438674701074,0.8483893275260925,0.0016372936079278588
-0.04360867872001145,0.856407642364502,0.0016394209815189242
-0.04358458537413584,0.8701024055480957,0.0016650072066113353
-0.043499320845100053,0.8697493076324463,0.0016432029660791159
-0.04345206303960636,0.8784385323524475,0.0016491443384438753
-0.043343987827342056,0.8555828928947449,0.0016355070983991027
-0.043328684121307914,0.8608098030090332,0.0016415807185694575
-0.043294422826665346,0.8765837550163269,0.001654171384871006
-0.04321538831905897,0.8761698007583618,0.0016465451335534453
-0.04312487756369909,0.8531438112258911,0.0016374256229028106
-0.043066662057806016,0.8571567535400391,0.0016512947622686625
-0.04296585324568797,0.8659921288490295,0.001642232877202332
-0.04294005640617121,0.888826847076416,0.0016498762415722013
-0.04292445834054398,0.841720700263977,0.0016618743538856506
-0.04282333079563683,0.8588812947273254,0.0016394532285630703
-0.04281854546027136,0.865522027015686,0.0016361521556973457
-0.042751604426437995,0.858132541179657,0.0016423704801127315
-0.042717344517463784,0.8732451796531677,0.001645215437747538
-0.04268223828002832,0.8752185702323914,0.0016684225993230939
-0.042588991638580875,0.8506096601486206,0.001634080894291401
-0.042555394957417614,0.8609246611595154,0.00167892558965832
-0.04255252963469974,0.8498833179473877,0.0016388366930186749
-0.04243751117102812,0.8600524067878723,0.0016415264690294862
-0.04243244578874844,0.8825240135192871,0.0016463364008814096
-0.04237947750306298,0.8357765674591064,0.001632649335078895
-0.04232268887606838,0.8458114862442017,0.00163549545686692
-0.04229860911256439,0.8539538979530334,0.001657259650528431
-0.04221335536193205,0.8594786524772644,0.0016401640605181456
-0.042166083328811,0.8710167407989502,0.0016471358248963952
-0.04205801738528325,0.8517094254493713,0.0016348132630810142
-0.04204270031350671,0.8534225821495056,0.0016392995603382587
-0.042008463163641596,0.8582634329795837,0.0016454197466373444
-0.04192939998499351,0.8673607110977173,0.0016430719988420606
-0.04183891337420059,0.8360634446144104,0.0016297410475090146
-0.041780683856467216,0.8414286375045776,0.0016471523558720946
-0.04167988431329617,0.8525965213775635,0.0016378629952669144
-0.04165407389267106,0.8699690699577332,0.0016421392792835832
-0.04163849997097918,0.8276333808898926,0.0016587033169344068
-0.04153734418597277,0.8474820852279663,0.0016348211793228984
-0.04153257092331181,0.8544835448265076,0.0016320851864293218
-0.041465641960919786,0.8431209325790405,0.001636361237615347
-0.041431352519229525,0.8645813465118408,0.0016413313569501042
-0.04139626115530881,0.8667245507240295,0.0016646893927827477
-0.04130302443037992,0.8411884903907776,0.001630605198442936
-0.04126943745100087,0.851975679397583,0.001677940133959055
-0.041266548630024436,0.8413528800010681,0.001635143649764359
-0.04115153878941241,0.8483046889305115,0.001637491979636252
-0.04114646047212234,0.8725290894508362,0.001640363596379757
-0.04109351633142477,0.825619101524353,0.0016300951829180121
-0.041036698816759476,0.8372567892074585,0.0016337179113179445
-0.041012632849940334,0.8464156985282898,0.0016560048097744584
-0.040927389663608704,0.8525053262710571,0.0016386030474677682
-0.040880103832539594,0.8608720898628235,0.0016435855068266392
-0.040772046943224394,0.8375760912895203,0.0016284235753118992
-0.04075671650696849,0.8399450182914734,0.0016341401496902108
-0.04072250328609395,0.8475741744041443,0.0016422963235527277
-0.0406434116502965,0.8549184203147888,0.0016386028146371245
-0.04055294918470215,0.825270414352417,0.001627171877771616
-0.04049470543870981,0.8358452320098877,0.0016445521032437682
-0.04039391559605976,0.8426891565322876,0.0016349554061889648
-0.0403680915939052,0.8629109263420105,0.0016405261121690273
-0.040352541385837826,0.8161282539367676,0.001655483734793961
-0.040251357361574314,0.8352729082107544,0.0016311508370563388
-0.040246596601507756,0.8455358743667603,0.0016292583895847201
-0.04017967927982519,0.8341507315635681,0.0016339462017640471
-0.04014536073572966,0.852017343044281,0.0016369825461879373
-0.04011028403185246,0.8558552265167236,0.001661364221945405
-0.04001705722217902,0.8283312916755676,0.0016260806005448103
-0.039983479943531464,0.8360945582389832,0.0016711289063096046
-0.03998056762492813,0.8302088379859924,0.0016310337232425809
-0.03986556640737571,0.8414573073387146,0.0016351430676877499
-0.039860475155917174,0.8660596609115601,0.0016377700958400965
-0.039807555159365626,0.8154964447021484,0.0016256400849670172
-0.039750708973869064,0.8258197903633118,0.0016278442926704884
-0.03964142396486425,0.834313154220581,0.0016311630606651306
-0.039594124121533736,0.8542020320892334,0.0016407233197242022
-0.039486076501376144,0.822614312171936,0.0016229182947427034
-0.039470732700219946,0.8272907733917236,0.0016302075237035751
-0.0394365436237018,0.8425529599189758,0.0016409029485657811
-0.03935742331538894,0.8446847200393677,0.001635243184864521
-0.03926698521014854,0.816137969493866,0.0016242909478023648
-0.039208727236107854,0.8229252696037292,0.001640703878365457
-0.039107946879244515,0.8336086273193359,0.001630675047636032
-0.039082109080615546,0.8486678004264832,0.0016361259622499347
-0.03906658301669408,0.8044824600219727,0.0016488614492118359
-0.0389653705359127,0.824193000793457,0.0016273821238428354
-0.03896062206370615,0.8350024223327637,0.001625897129997611
-0.038893716599151584,0.8262269496917725,0.0016312811058014631
-0.038859368951808804,0.8395953178405762,0.0016336296685039997
-0.03882430690755395,0.8417274951934814,0.0016553649911656976
-0.038731090013978065,0.8185957670211792,0.0016237556701526046
-0.03869752243606206,0.8263420462608337,0.0016681569395586848
-0.03869458662067382,0.8164966106414795,0.0016274856170639396
-0.03857959424091545,0.8291375041007996,0.0016309433849528432
-0.03857448984055417,0.850063145160675,0.0016325407195836306
-0.03852159398814853,0.8066084980964661,0.001622254610992968
-0.0384647189149811,0.8160412907600403,0.0016255246009677649
-0.038355458481275195,0.8259392976760864,0.0016290682833641768
-0.03830814462547283,0.8400391936302185,0.0016362600727006793
-0.03820010584458289,0.8185693621635437,0.0016256954986602068
-0.03818474889262918,0.8196048736572266,0.0016278206603601575
-0.038150583745101496,0.8289858102798462,0.0016365164192393422
-0.03807143519732098,0.8330151438713074,0.0016312104417011142
-0.03798102102043954,0.8042358160018921,0.0016193758929148316
-0.03792274881792934,0.8113242387771606,0.0016355711268261075
-0.03782197794727371,0.8246561884880066,0.0016284211305901408
-0.03779612678206018,0.8404019474983215,0.001634000102058053
-0.03778062443155272,0.7970789074897766,0.0016475736629217863
-0.03767938392582759,0.8157553672790527,0.001624468481168151
-0.03767464774148099,0.8215440511703491,0.0016220130492001772
-0.037607753918899034,0.8130357265472412,0.001626600744202733
-0.03757337716830894,0.828785240650177,0.001629394362680614
-0.037538329782834445,0.8308104872703552,0.0016532322624698281
-0.03744512280619816,0.808409571647644,0.0016179922968149185
-0.03741156492964537,0.8193259835243225,0.0016660640249028802
-0.037408605615998514,0.8098275065422058,0.0016252548666670918
-0.037293621858878745,0.8201033473014832,0.0016286630416288972
-0.03728850452392801,0.8409470915794373,0.001631156075745821
-0.03723563281587883,0.7949404120445251,0.0016185713466256857
-0.03717872907166975,0.8047270774841309,0.0016209797468036413
-0.03706949278210975,0.8191621899604797,0.0016261626733466983
-0.03702216491425647,0.8274105191230774,0.0016330525977537036
-0.036914135403787296,0.804892897605896,0.001614387845620513
-0.03689876508545953,0.8097988367080688,0.0016244389116764069
-0.03686462386692235,0.8188782334327698,0.0016326459590345621
-0.036785446863466076,0.8206824660301208,0.0016273412620648742
-0.03669505704588594,0.7924355268478394,0.0016155923949554563
-0.036636770615327385,0.8039877414703369,0.0016348581993952394
-0.036536009229826805,0.8163189888000488,0.0016249599866569042
-0.03651014426771787,0.8265842795372009,0.0016287403414025903
-0.03649466606198798,0.7878744602203369,0.0016442073974758387
-0.03639339710058703,0.8045741319656372,0.0016203076811507344
-0.036388673204100386,0.8161287307739258,0.001619890914298594
-0.03632179145380199,0.800012469291687,0.0016225080471485853
-0.03628738538438803,0.8171776533126831,0.0016251589404419065
-0.03625235265811494,0.8193486928939819,0.001649203128181398
-0.03615915581399476,0.7938565015792847,0.0016141912201419473
-0.03612560742217602,0.8056679368019104,0.0016623465344309807
-0.03612262482647871,0.795082688331604,0.0016199066303670406
-0.03600764969283954,0.8083867430686951,0.001623827964067459
-0.036002519422878354,0.8265306949615479,0.001626165583729744
-0.03594967164360913,0.782733142375946,0.001613627071492374
-0.03589273901320289,0.7964462041854858,0.0016188651788979769
-0.03578352708336524,0.8052557706832886,0.0016217081574723125
-0.035736185203250614,0.8128713965415955,0.0016278850380331278
-0.035628164961938935,0.790381133556366,0.001614278880879283
-0.03561278127786882,0.7971307635307312,0.0016200414393097162
-0.0355786642038986,0.8066461086273193,0.001628177473321557
-0.03549945852876901,0.8070568442344666,0.001622943440452218
-0.035409092855755886,0.7812594771385193,0.0016120673390105367
-0.03535079219756998,0.7933477759361267,0.0016302114818245173
-0.035250040513222,0.8034119009971619,0.001620277762413025
-0.035224161969794165,0.8133371472358704,0.0016241841949522495
-0.03520870747747823,0.7736890912055969,0.0016392249381169677
-0.03510741027555703,0.7906090021133423,0.0016159701626747847
-0.03510269888187528,0.8010510802268982,0.0016137564089149237
-0.035035828772707334,0.7920049428939819,0.0016186326975002885
-0.03500139338552222,0.8053380846977234,0.0016208585584536195
-0.03496637553339538,0.8070998191833496,0.0016446930821985006
-0.03487318860663596,0.7842836976051331,0.0016098538180813193
-0.034839649914706616,0.7950327396392822,0.0016574746696278453
-0.03483664382180335,0.7846904993057251,0.001615635585039854
-0.03472167731206599,0.796302318572998,0.001619789283722639
-0.03471653410625214,0.8163177967071533,0.0016241281991824508
-0.03466371047239203,0.7690765857696533,0.0016092965379357338
-0.03460674916925982,0.7820844054222107,0.0016135522164404392
-0.03449756159977624,0.7964325547218323,0.001618740614503622
-0.03445020570697915,0.8016369938850403,0.001622545998543501
-0.03434219452009063,0.7822861671447754,0.0016086935065686703
-0.034326797470699055,0.7849574089050293,0.0016160629456862807
-0.0342927045408748,0.7940119504928589,0.0016249673208221793
-0.034213470193861506,0.7977646589279175,0.001619215589016676
-0.03412312866604689,0.7728963494300842,0.0016090321587398648
-0.034064813995389076,0.7792493104934692,0.00162491574883461
-0.03396407158040915,0.7945306301116943,0.0016178165096789598
-0.033938179456083406,0.8067365288734436,0.0016210369067266583
-0.03392274910770293,0.7588328719139099,0.001634902902878821
-0.03382142366610347,0.7798874378204346,0.001611586776562035
-0.03381672434407368,0.7904878258705139,0.001610226696357131
-0.033749866091612735,0.7817464470863342,0.001615953049622476
-0.03371540160223291,0.7940119504928589,0.0016173970652744174
-0.03368039840909698,0.7951831817626953,0.0016405913047492504
-0.03358722139885606,0.7754784226417542,0.0016093453159555793
-0.033553692407447766,0.7817592024803162,0.0016533494926989079
-0.03355066281670699,0.7760888338088989,0.0016129371942952275
-0.033435704930029286,0.7836028337478638,0.0016154309269040823
-0.03343054879004703,0.8019883632659912,0.0016140382504090667
-0.03337774930012233,0.7615681290626526,0.0016074286540970206
-0.03332075932531681,0.7709724307060242,0.0016099602216854692
-0.033211595900610735,0.7835028767585754,0.0016138742212206125
-0.033164225996183905,0.7929767370223999,0.0016202289843931794
-0.03305622407887393,0.7703106999397278,0.0016046690288931131
-0.03304081366395045,0.7767281532287598,0.001613216707482934
-0.0330067446622746,0.7819632887840271,0.0016209332970902324
-0.032927482075372494,0.789272665977478,0.0016160455998033285
-0.03283716469149328,0.7598992586135864,0.001604657038114965
-0.03277883557805272,0.7683558464050293,0.0016216940712183714
-0.032678102862962244,0.7834709882736206,0.0016137204365804791
-0.0326521971583702,0.7914382815361023,0.001616360037587583
-0.03263679052340368,0.7497497797012329,0.0016313435044139624
-0.032535436840441856,0.7733875513076782,0.0016087500844150782
-0.032530749807535175,0.7797784805297852,0.0016067064134404063
-0.03246390341093913,0.7703723907470703,0.0016126594273373485
-0.032429409818311994,0.7808477282524109,0.0016128473216667771
-0.03239442128521958,0.7861319780349731,0.0016371887177228928
-0.032301254190655104,0.7656722664833069,0.0016048935940489173
-0.032267734900188916,0.7699943780899048,0.0016500168712809682
-0.03226468181203174,0.7686290740966797,0.0016106603434309363
-0.03214973276356908,0.7734214067459106,0.0016116036567837
-0.032144563474683974,0.7920435070991516,0.0016129205469042063
-0.03209178812785257,0.7494460940361023,0.001603342010639608
-0.03203476926684995,0.7633872628211975,0.0016075983876362443
-0.031925630201866284,0.7755900621414185,0.0016111572040244937
-0.031878246499912444,0.7768352627754211,0.0016155464109033346
-0.03177025363681513,0.7631011009216309,0.0016039727488532662
-0.03175482985614919,0.7641628980636597,0.0016090216813609004
-0.0317207849990403,0.7754835486412048,0.0016179829835891724
-0.03164149374193859,0.7755609154701233,0.0016121609369292855
-0.03155120050178428,0.7483131885528564,0.0016010368708521128
-0.03149285737587176,0.7589423060417175,0.0016193542396649718
-0.03139213414635744,0.7741822004318237,0.0016099035274237394
-0.03136621485960445,0.7775063514709473,0.00161104672588408
-0.03135083193868343,0.7411702871322632,0.001627809484489262
-0.031249450230146192,0.7607610821723938,0.001605290686711669
-0.03124477548573107,0.7703478336334229,0.0016037895111367106
-0.03117794094542098,0.7625404596328735,0.0016089093405753374
-0.031143418034812187,0.7712516188621521,0.0016102150548249483
-0.031108444160921067,0.770821213722229,0.0016323712188750505
-0.031015286982454204,0.7510306239128113,0.0015999814495444298
-0.030981777393561616,0.7619858384132385,0.0016478572506457567
-0.03097870080819848,0.7534304857254028,0.0016049190890043974
-0.030863760381953376,0.763335645198822,0.0016077145701274276
-0.030858578373634316,0.7823492884635925,0.0016107893316075206
-0.030805826956635474,0.7412093877792358,0.0015995607245713472
-0.03074877942353854,0.7489043474197388,0.0016015676083043218
-0.030639664719119386,0.7660337686538696,0.0016083457740023732
-0.03059226678806448,0.7644926905632019,0.0016098921187222004
-0.030484283194966766,0.7536371946334839,0.001599581679329276
-0.03046884604918998,0.7516282796859741,0.0016038406174629927
-0.030434825121071596,0.762576699256897,0.0016129018040373921
-0.030355505407241523,0.7625759243965149,0.001607123063877225
-0.03026523631249628,0.7379140853881836,0.0015966809587553144
-0.030206879173269807,0.7459238767623901,0.0016141863306984305
-0.030106165429542087,0.762726366519928,0.0016067977994680405
-0.030080232345262137,0.7675672173500061,0.0016051923157647252
-0.030064873569118633,0.7314494252204895,0.0016243475256487727
-0.029963463405116242,0.747549831867218,0.001601155148819089
-0.02995880094792941,0.7597314119338989,0.0016000302275642753
-0.029891978264326324,0.7500144839286804,0.001604324672371149
-0.029857426251522823,0.7570915818214417,0.0016043208306655288
-0.029822467036622557,0.760197103023529,0.0016295693349093199
-0.02972931977425325,0.742709219455719,0.0015954355476424098
-0.02969581988693437,0.7507213354110718,0.001643134979531169
-0.029692719803102174,0.7404138445854187,0.0016007449012249708
-0.029577788215493173,0.7530184984207153,0.0016041859053075314
-0.029572593057008156,0.7701429724693298,0.0016080965287983418
-0.029519865784997323,0.7252471446990967,0.0015950963133946061
-0.029462789580437576,0.7379084825515747,0.001598070259205997
-0.029353699020374935,0.7528939843177795,0.0016038106987252831
-0.02930628729326673,0.7550168633460999,0.0016066464595496655
-0.02919831275396062,0.742881178855896,0.0015957404393702745
-0.029182862241599272,0.743967592716217,0.0016009088139981031
-0.0291488654580479,0.7541730403900146,0.0016104364767670631
-0.029069517287910462,0.7523274421691895,0.001603807439096272
-0.02897927233794273,0.7278269529342651,0.001593314460478723
-0.02892090075509135,0.7365046143531799,0.0016106456751003861
-0.028820196497571393,0.750670850276947,0.0016023109201341867
-0.028794250047969927,0.7577366232872009,0.001605814672075212
-0.028778914984398385,0.7205091118812561,0.001621301518753171
-0.028677476579875627,0.7371267676353455,0.001596839283592999
-0.028672826625704306,0.7485352158546448,0.0015961426543071866
-0.028606015583652777,0.740997850894928,0.0016017066081985831
-0.028571434468233514,0.7495989799499512,0.0016021790215745568
-0.02853648991190305,0.7485018372535706,0.0016247163293883204
-0.028443352566052293,0.7343734502792358,0.0015923158498480916
-0.028409862380096573,0.7366297841072083,0.0016362413298338652
-0.028406738798005815,0.7295176982879639,0.0015976399881765246
-0.028291815833877465,0.7376877665519714,0.0015992341795936227
-0.028286607740802994,0.7588323950767517,0.0016004336066544056
-0.02823390461356967,0.7195339202880859,0.0015913689276203513
-0.028176799520918172,0.725708544254303,0.0015933378599584103
-0.02806773332120943,0.7437121868133545,0.0016002522315829992
-0.028020307582471426,0.7452751398086548,0.001603364828042686
-0.027912342312533367,0.729454755783081,0.0015902299201115966
-0.027896878434008565,0.7314837574958801,0.0015974059933796525
-0.027862905579868646,0.7409948706626892,0.0016038722824305296
-0.027783528953845005,0.741275429725647,0.001599644310772419
-0.027693308148233675,0.7188973426818848,0.0015901876613497734
-0.027634922552910446,0.7284993529319763,0.0016079784836620092
-0.02753422778012443,0.7387257218360901,0.001597369322553277
-0.027508267750046222,0.7466934323310852,0.0015997382579371333
-0.027492956614833586,0.7105885148048401,0.001619027811102569
-0.027386852087902647,0.7383912801742554,0.0015924547333270311
-0.02732005311876623,0.7308925986289978,0.0015981942415237427
-0.027285442469157206,0.7372777462005615,0.0015974333509802818
-0.027250512787183545,0.7363452911376953,0.0016212972113862634
-0.027157385574480497,0.7228261828422546,0.001588422805070877
-0.02712390487367977,0.7317397594451904,0.001637498615309596
-0.027120757792909456,0.7181281447410583,0.0015935237752273679
-0.02700584366825931,0.7301628589630127,0.0015968509251251817
-0.027000622640174443,0.7458845376968384,0.0015976245049387217
-0.02694794344129997,0.7060787081718445,0.0015878351405262947
-0.02689080967802776,0.7171415686607361,0.001591511070728302
-0.02678176783762043,0.734653115272522,0.0015970313688740134
-0.026734328086199965,0.729812502861023,0.0015980429016053677
-0.026626371871106114,0.7229082584381104,0.0015907490160316229
-0.026610894627470405,0.7194719314575195,0.0015934519469738007
-0.026576945918107997,0.7338734865188599,0.0016042811330407858
-0.02649754061956905,0.7279849052429199,0.0015947342617437243
-0.026407344173680125,0.7078832387924194,0.0015866340836510062
-0.026348944135574037,0.7143747210502625,0.0016039613401517272
-0.026248259062677526,0.725736141204834,0.0015937587013468146
-0.026222285235703913,0.7353411912918091,0.0015960612799972296
-0.02620699824526873,0.6977049112319946,0.0016140405787155032
-0.02610550314539206,0.7169078588485718,0.001589929568581283
-0.02610087776609865,0.723414957523346,0.0015877066180109978
-0.02603409043830318,0.7197690606117249,0.0015941079473122954
-0.02599945068523629,0.7254537343978882,0.0015941491583362222
-0.02596453566246404,0.7250093817710876,0.0016165166161954403
-0.025871418366911092,0.7129133343696594,0.00158626027405262
-0.025837947366210423,0.7160127758979797,0.0016293925000354648
-0.02583477678823415,0.7104343175888062,0.0015905972104519606
-0.025719871286012108,0.7178396582603455,0.0015921458834782243
-0.025714637324390388,0.7335299849510193,0.001591842737980187
-0.025661982269240824,0.69298255443573,0.0015835801605135202
-0.0256048198355584,0.7009170055389404,0.0015845377929508686
-0.025495802138875978,0.7209411263465881,0.001591844717040658
-0.02544834837435206,0.7204679846763611,0.0015948391519486904
-0.025324910820511304,0.705628514289856,0.0015880236169323325
-0.0252909860395078,0.7218145728111267,0.0015985672362148762
-0.02521155228571409,0.71825110912323,0.0015907064080238342
-0.025121379983550074,0.6991199851036072,0.0015819232212379575
-0.025062965933393133,0.7049779891967773,0.0016006018267944455
-0.024962290346283278,0.7164583206176758,0.0015902259619906545
-0.024936302937148602,0.7189618945121765,0.0015899443533271551
-0.024921039660548483,0.6889685392379761,0.0016108723357319832
-0.02481951653530695,0.7033349871635437,0.0015848499024286866
-0.024814903228928542,0.7155652046203613,0.001584240235388279
-0.024748127757208527,0.7094194293022156,0.0015907760243862867
-0.024713458901315377,0.713319718837738,0.0015894846292212605
-0.024678558538165585,0.7119460105895996,0.0016127536073327065
-0.024585451158710192,0.7022612690925598,0.001580782001838088
-0.024551989858741075,0.7126871943473816,0.0016309230122715235
-0.02454879599997739,0.6944944858551025,0.0015841731801629066
-0.024433899120183455,0.7025302648544312,0.0015868055634200573
-0.024428652007764173,0.7274969220161438,0.001592072774656117
-0.024376021097813172,0.687777042388916,0.0015819976106286049
-0.02431882977603894,0.6957039833068848,0.001583836623467505
-0.024209836655286976,0.7097858190536499,0.0015873146476224065
-0.02416236887829115,0.7082522511482239,0.0015907391207292676
-0.024054430987409448,0.7026553153991699,0.0015840978594496846
-0.02403892701292054,0.6966941356658936,0.0015843398869037628
-0.02400502637648405,0.7101664543151855,0.0015953431138768792
-0.023835416009417576,0.6904101967811584,0.0015814858488738537
-0.023776987515214676,0.6914733648300171,0.0015950442757457495
-0.023676321413470425,0.6997317671775818,0.001584404380992055
-0.023650320423016846,0.7143326997756958,0.0015889815986156464
-0.02363508129098363,0.6793354749679565,0.0016076306346803904
-0.023528928907334934,0.7052284479141235,0.0015811279881745577
-0.02346216529169043,0.6980991363525391,0.0015862591098994017
-0.02342746711781557,0.6988840699195862,0.0015842971624806523
-0.023392581414709235,0.7046023607254028,0.001610631006769836
-0.02329948395093029,0.6932481527328491,0.0015800314722582698
-0.023266032351482224,0.6929373741149902,0.0016220585675910115
-0.023262814994881087,0.6840632557868958,0.0015812716446816921
-0.02314792673814675,0.6915155649185181,0.001582430093549192
-0.02314266690650396,0.7126104831695557,0.0015870549250394106
-0.023090060141119972,0.6779348850250244,0.0015784725546836853
-0.023032839932095928,0.6839784979820251,0.0015791364712640643
-0.023008964102478602,0.6879730224609375,0.001603814191184938
-0.022923870956121473,0.7004866600036621,0.0015855035744607449
-0.022876389167916844,0.6978217959403992,0.0015875555109232664
-0.022768460545982194,0.6882167458534241,0.0015768003650009632
-0.02275294320511928,0.6848953366279602,0.0015816520899534225
-0.022719066713460245,0.7018744945526123,0.0015935143455863
-0.02263957583147541,0.6972808837890625,0.001585872727446258
-0.02254945181928747,0.6817328929901123,0.001577321789227426
-0.02249100931261272,0.6844998002052307,0.001592428656294942
-0.02239035269602352,0.6920183300971985,0.0015818378888070583
-0.022364338125724692,0.6997156143188477,0.0015839325496926904
-0.022349122705842384,0.6652954816818237,0.0016014818102121353
-0.02224295458553094,0.6957483291625977,0.0015779962996020913
-0.022176202611016826,0.6854726076126099,0.0015823995927348733
-0.02214147533473676,0.690411388874054,0.0015810878248885274
-0.022106604289989673,0.6871254444122314,0.0016030274564400315
-0.022013516742729333,0.6827536225318909,0.0015737474896013737
-0.021980074844223374,0.6895691156387329,0.0016242879210039973
-0.021976833989784728,0.6764795780181885,0.0015783683629706502
-0.021861954571475994,0.6798294186592102,0.0015782845439389348
-0.021856681590509408,0.696868360042572,0.001579736010171473
-0.021804098969060715,0.6706854104995728,0.001574585447087884
-0.021746850088363467,0.6709625720977783,0.001574818161316216
-0.021722987625541146,0.683975338935852,0.0016029023099690676
-0.02163790525737702,0.688047468662262,0.001581402844749391
-0.021590409672487543,0.6852943301200867,0.001582006923854351
-0.021482490104133944,0.680308997631073,0.0015730977756902575
-0.021466959397318075,0.6773933172225952,0.001578264287672937
-0.021433106834649496,0.6879683136940002,0.00158707017544657
-0.021353587497620508,0.6844898462295532,0.001580138225108385
-0.02126348762957847,0.6685773730278015,0.0015716839116066694
-0.02120503111043176,0.6729367971420288,0.0015892733354121447
-0.02110438397941866,0.680090069770813,0.0015770180616527796
-0.02107835582759049,0.6924221515655518,0.0015813407953828573
-0.021063164336277584,0.6630468964576721,0.0016014417633414268
-0.02096155627495122,0.671126663684845,0.0015724021941423416
-0.02095698004772928,0.6856822967529297,0.0015743834665045142
-0.020890240145498673,0.6762658953666687,0.0015795750077813864
-0.020855483551236897,0.6764103770256042,0.0015771265607327223
-0.020820627165270167,0.6807695627212524,0.0016019681934267282
-0.02072754975010488,0.6734966039657593,0.0015726076671853662
-0.020694117337385576,0.6755370497703552,0.0016155430348590016
-0.02069085298510942,0.6689586639404297,0.001575963106006384
-0.02057598219007084,0.6698352694511414,0.0015767501899972558
-0.0205706962743043,0.6920660138130188,0.0015817326493561268
-0.020518137797001568,0.6587643623352051,0.0015715392073616385
-0.020460860245473056,0.6602877974510193,0.0015706841368228197
-0.02043701136312759,0.669725239276886,0.0015987074002623558
-0.02035193977441957,0.6767733693122864,0.0015765669522807002
-0.020304429960639636,0.6781701445579529,0.0015807487070560455
-0.020196519663127688,0.6724050045013428,0.0015702855307608843
-0.02018097559099047,0.6649721264839172,0.0015735803171992302
-0.02014714717225735,0.6792212724685669,0.0015846696915104985
-0.02006759937892094,0.6718498468399048,0.0015761629911139607
-0.01997752365586697,0.6624153852462769,0.001570698106661439
-0.019919052692674355,0.6617813110351562,0.0015849736519157887
-0.019818415262603417,0.6678929924964905,0.001573024783283472
-0.019792373313458678,0.6758683919906616,0.001574491267092526
-0.019777205751136284,0.6497858762741089,0.0015959497541189194
-0.019675569665497716,0.6616149544715881,0.0015713986940681934
-0.019671005725504176,0.6784658432006836,0.0015712861204519868
-0.019604277464404074,0.6635994911193848,0.0015737656503915787
-0.019569491767315983,0.6673616766929626,0.0015738439979031682
-0.019534650040971657,0.6668373346328735,0.0015965793281793594
-0.01944158254190398,0.6628099083900452,0.0015678047202527523
-0.019408159830126726,0.6676492094993591,0.0016154184704646468
-0.01940487198001306,0.6569050550460815,0.001571077504195273
-0.019290010024031634,0.6573349237442017,0.0015711162704974413
-0.01928471117409669,0.6764271855354309,0.0015709485160186887
-0.019232176625573916,0.6481031775474548,0.0015671452274546027
-0.019174870187216697,0.6539782881736755,0.001568115083500743
-0.019151035100714087,0.6593568325042725,0.0015943724429234862
-0.019065974075885617,0.6637743711471558,0.001571853645145893
-0.019018450465420778,0.6664221286773682,0.0015759705565869808
-0.018910549221700435,0.662207841873169,0.0015681622317060828
-0.01889499178424181,0.6555182337760925,0.0015707609709352255
-0.018861187293657045,0.6722781658172607,0.0015818243846297264
-0.018781611044644986,0.6601319909095764,0.001571029075421393
-0.01869155946552642,0.6502370238304138,0.0015659020282328129
-0.018633074490914503,0.6523944735527039,0.001581533462740481
-0.018532446546209114,0.6570799946784973,0.0015688203275203705
-0.01850639101574547,0.6634992957115173,0.0015712928725406528
-0.018491247382834586,0.6420393586158752,0.0015942129539325833
-0.018389582839836105,0.6511479616165161,0.0015667019179090858
-0.018385031187702516,0.6665072441101074,0.0015675851609557867
-0.018318314783098866,0.6516414880752563,0.0015699212672188878
-0.01828349998339518,0.6534792184829712,0.0015682049561291933
-0.018248672917094255,0.6567361950874329,0.001593802822753787
-0.018155615333492525,0.6556714773178101,0.0015656163450330496
-0.018122202322867875,0.6591934561729431,0.0016115512698888779
-0.018118891190914255,0.6465930342674255,0.0015673980815336108
-0.018004037642837034,0.6471813321113586,0.001566683524288237
-0.017998725857891584,0.6709883213043213,0.0015728321159258485
-0.01794621545456737,0.6394726634025574,0.0015641964273527265
-0.01788888034327374,0.6434082388877869,0.0015647417167201638
-0.017865058622724028,0.6490639448165894,0.0015912422677502036
-0.017780008592296614,0.6525108814239502,0.0015674741007387638
-0.01773247075378337,0.6542343497276306,0.0015721973031759262
-0.017624578779852185,0.6529622673988342,0.0015643562655895948
-0.01760900797644055,0.646712064743042,0.0015668568667024374
-0.017575227630422796,0.6584770083427429,0.0015770281897857785
-0.017495622926366527,0.6494954228401184,0.0015662388177588582
-0.01740559549160442,0.6383664608001709,0.0015609303954988718
-0.017347096288312547,0.6417760848999023,0.0015780618414282799
-0.017246477828762208,0.6458553075790405,0.0015645588282495737
-0.017220408716979607,0.6540142893791199,0.0015661370707675815
-0.017205288798114338,0.633991003036499,0.0015919386642053723
-0.017103596229750995,0.6416566967964172,0.0015626257518306375
-0.017099056865477358,0.6577611565589905,0.0015646450920030475
-0.017032352318212318,0.6397898197174072,0.0015657220501452684
-0.01699750820073742,0.6446396708488464,0.0015644659288227558
-0.016962695792795857,0.6493156552314758,0.0015898997662588954
-0.016869648126344228,0.6432346105575562,0.0015604847576469183
-0.016836244816240575,0.6450057029724121,0.0016074824379757047
-0.016832910186660055,0.6378678679466248,0.0015645504463464022
-0.016718065476166333,0.6337706446647644,0.0015622444916516542
-0.01671274054126537,0.6572056412696838,0.0015655983006581664
-0.01666025428250817,0.6313520669937134,0.0015617362223565578
-0.01660289049954128,0.6358307003974915,0.0015633684815838933
-0.01657908236031047,0.6396511197090149,0.0015886970795691013
-0.01649404289313111,0.6397674083709717,0.001562534598633647
-0.016446491257511964,0.64449542760849,0.0015681578079238534
-0.01633860833842493,0.6425139307975769,0.0015573905548080802
-0.016323024169481393,0.6354706287384033,0.001562865567393601
-0.01620963459166952,0.6410169005393982,0.001563826110213995
-0.016119631301474313,0.6314367055892944,0.0015599424950778484
-0.016061117869923536,0.6340420246124268,0.0015754312044009566
-0.015960508895738856,0.6374578475952148,0.0015622720820829272
-0.015934426419055903,0.6474915146827698,0.0015667210100218654
-0.01591933042854954,0.6236318349838257,0.0015873179072514176
-0.015817609405141986,0.6346639394760132,0.0015607033856213093
-0.015813082544304857,0.6505981683731079,0.0015616744058206677
-0.01574638963838082,0.630939245223999,0.0015629787230864167
-0.01571151641723756,0.6347500681877136,0.0015613315626978874
-0.015676718883652796,0.6382680535316467,0.0015875316457822919
-0.015583681134561822,0.635823130607605,0.001558502553962171
-0.015550287309613331,0.6387786865234375,0.001602853531949222
-0.01554692918156364,0.6278176307678223,0.0015607629902660847
-0.01543209330949552,0.6273189783096313,0.0015594827709719539
-0.015426755440215711,0.6473380923271179,0.001563649158924818
-0.015374293110448967,0.6175332069396973,0.001555648515932262
-0.015316900656440369,0.6264711618423462,0.0015573594719171524
-0.01529310609916007,0.6289237141609192,0.0015844893641769886
-0.015208077409963161,0.6329325437545776,0.0015612643910571933
-0.015160511762082551,0.6353285312652588,0.0015640556812286377
-0.015052637896576626,0.637006402015686,0.001557650277391076
-0.015037040361890686,0.6292355060577393,0.001561288838274777
-0.015003308090693501,0.6339289546012878,0.0015678541967645288
-0.014923646256761902,0.6280275583267212,0.001559975789859891
-0.014833667326920708,0.6247744560241699,0.0015560481697320938
-0.01477513966795313,0.623051106929779,0.0015713332686573267
-0.014674540179344553,0.6260321140289307,0.0015577032463625073
-0.014648443905345143,0.6394032835960388,0.001562183490023017
-0.01463337184382929,0.6170058846473694,0.001585698570124805
-0.014531622795688481,0.6286692023277283,0.0015576459700241685
-0.014527108007134804,0.6386510133743286,0.0015568035887554288
-0.014460426957286221,0.6206822395324707,0.0015596171142533422
-0.014425524633316644,0.627485990524292,0.0015584086067974567
-0.01439074175893329,0.6263507008552551,0.0015829328913241625
-0.014297713926360867,0.6296367645263672,0.0015563744818791747
-0.014264329802775533,0.6275912523269653,0.001601560041308403
-0.014260948176888333,0.6167522072792053,0.0015574970748275518
-0.01414612092830092,0.6230759024620056,0.0015595494769513607
-0.014140770124010604,0.6387910842895508,0.0015600624028593302
-0.01408833193902137,0.6151342988014221,0.0015550332609564066
-0.014030910597762902,0.615588366985321,0.0015553743578493595
-0.014007129621591063,0.6205892562866211,0.0015818104147911072
-0.013922111710797713,0.620011031627655,0.0015563364140689373
-0.013874532050866195,0.6224463582038879,0.001560468808747828
-0.01376666745472832,0.6242024302482605,0.001553503330796957
-0.013751056770297476,0.6207994818687439,0.001557794283144176
-0.013717348427669751,0.6283811330795288,0.001566930441185832
-0.013637658138272946,0.6174923777580261,0.0015555118443444371
-0.013547703137211764,0.6166592240333557,0.0015533881960436702
-0.013489161249774673,0.6145966649055481,0.0015685404650866985
-0.013388571461897647,0.6201310157775879,0.0015552968252450228
-0.013362461606789833,0.6274888515472412,0.0015578089514747262
-0.013347413474264491,0.6073285937309265,0.0015829018084332347
-0.01324563597002687,0.6177017688751221,0.0015554939163848758
-0.0132411336849097,0.6309909224510193,0.0015535299899056554
-0.01317446449155757,0.6133110523223877,0.001556736882776022
-0.01313953284939573,0.6177238821983337,0.001555366674438119
-0.013104764634634836,0.6212165951728821,0.001581764779984951
-0.013011746718580963,0.6210470795631409,0.0015533111291006207
-0.012978372295516682,0.6169961094856262,0.0015961865428835154
-0.012974967171791973,0.6093142032623291,0.0015541615430265665
-0.012860148761840662,0.6105545163154602,0.0015544724883511662
-0.012854784807805497,0.6284626126289368,0.0015571032417938113
-0.012802370982328115,0.6059077382087708,0.0015518845757469535
-0.01274492075445155,0.6072036623954773,0.0015518995933234692
-0.012721153359177506,0.611151933670044,0.0015780776739120483
-0.012636146227208656,0.6135274171829224,0.0015536098508164287
-0.012588552555647392,0.6126843690872192,0.0015561445616185665
-0.012480697013301068,0.617963433265686,0.0015511058736592531
-0.01246507296333832,0.6115716099739075,0.0015546997310593724
-0.012431388549490552,0.6215606331825256,0.001562884310260415
-0.012351669803996934,0.6085827946662903,0.0015529809752479196
-0.012261739162658158,0.6068174839019775,0.0015499219298362732
-0.012203183047593713,0.6075820922851562,0.0015665428945794702
-0.012102602744450741,0.6129717230796814,0.0015521167078986764
-0.012076479308655574,0.616677463054657,0.0015548462979495525
-0.012061455104699637,0.600376307964325,0.0015785472933202982
-0.011959649359731206,0.6072889566421509,0.00155077304225415
-0.011955159363105594,0.6214486360549927,0.0015513964463025331
-0.011888501811094465,0.603166401386261,0.0015526575734838843
-0.011853541065895923,0.6062182188034058,0.0015505229821428657
-0.01181878750991533,0.6077765226364136,0.0015771249309182167
-0.011725779725956564,0.6133494973182678,0.0015499612782150507
-0.011692414788257832,0.6081611514091492,0.0015948871150612831
-0.011688986382693223,0.6044752597808838,0.0015525970375165343
-0.011574176379593404,0.6025658845901489,0.0015510396333411336
-0.011568799707597888,0.6169013381004333,0.0015528624644502997
-0.011516409810268968,0.5963990092277527,0.0015488257631659508
-0.011458930910719034,0.5999658107757568,0.0015494553372263908
-0.011435177097185,0.6063563823699951,0.0015768557786941528
-0.011350180528464204,0.6070952415466309,0.001551617169752717
-0.011302572843799485,0.6037187576293945,0.0015540722524747252
-0.011194726787871367,0.612193763256073,0.0015480970032513142
-0.011179089155537059,0.6024864912033081,0.0015516906278207898
-0.011145428886466802,0.6131883263587952,0.0015618257457390428
-0.011065681685718531,0.6000933647155762,0.0015489178476855159
-0.010975775188104608,0.6012586355209351,0.001548286061733961
-0.010917204846254913,0.5988172292709351,0.0015631455462425947
-0.010816634028477545,0.6017610430717468,0.0015487283235415816
-0.010790496794523818,0.6089128255844116,0.0015496202977374196
-0.010775496519558336,0.5930196642875671,0.0015775043284520507
-0.01067366253385904,0.6004241108894348,0.0015486213378608227
-0.010669184825303935,0.6147623658180237,0.0015488624339923263
-0.010602539345576367,0.5971130728721619,0.0015501516172662377
-0.010567549283238165,0.6001285910606384,0.0015498724533244967
-0.01053281038561682,0.60019451379776,0.0015728706493973732
-0.010439812517755664,0.6092078685760498,0.0015488186618313193
-0.010406457281420034,0.5996645092964172,0.0015919926809147
-0.01040300537886002,0.5920989513397217,0.0015479213325306773
-0.010288204214185859,0.5947756171226501,0.001549032051116228
-0.010282814390971728,0.6087380051612854,0.0015494099352508783
-0.010230448638209766,0.5914180278778076,0.0015465635806322098
-0.010172941066986574,0.5932969450950623,0.0015467624180018902
-0.010149200619194998,0.5937799215316772,0.0015725159319117665
-0.010064215045506752,0.5963643193244934,0.001548135420307517
-0.01001659334752808,0.5985252261161804,0.0015518262516707182
-0.009908756346444114,0.6067730784416199,0.0015471043298020959
-0.0098931053487884,0.594613790512085,0.0015484992181882262
-0.009859469223443051,0.6035085916519165,0.0015569730894640088
-0.009779693350810914,0.5944737792015076,0.0015471207443624735
-0.00968981099839561,0.5969850420951843,0.0015463029267266393
-0.009631226428076456,0.5939838886260986,0.0015607179375365376
-0.009530665312083242,0.596680760383606,0.0015473697567358613
-0.009504514495968508,0.6023244261741638,0.0015482609160244465
-0.009489538149993537,0.5897521376609802,0.0015753762563690543
-0.009387675925037142,0.5954620242118835,0.0015470469370484352
-0.009383210503078832,0.6086480617523193,0.0015464072348549962
-0.009316576664481713,0.5879479050636292,0.001547767547890544
-0.00928155749931725,0.5906237959861755,0.0015445236349478364
-0.00924683326216047,0.5928993225097656,0.0015715034678578377
-0.009153845309344155,0.5984492897987366,0.0015446896431967616
-0.009120499774161184,0.5962912440299988,0.0015902037266641855
-0.00911702437376366,0.5868135094642639,0.0015460208524018526
-0.009002232048567704,0.5849274396896362,0.0015452085062861443
-0.008996829289711517,0.6028702259063721,0.0015471770893782377
-0.008944487466150564,0.5860104560852051,0.0015444495948031545
-0.008886951224517214,0.5857118964195251,0.0015444016316905618
-0.008863224356781385,0.5907252430915833,0.0015715851914137602
-0.008778249346972855,0.5919424295425415,0.0015458597335964441
-0.008730613852309221,0.5893177390098572,0.0015470858197659254
-0.008622785904595809,0.5988903045654297,0.0015442009316757321
-0.00860712154098714,0.5911810398101807,0.0015471510123461485
-0.008573509344632246,0.5957398414611816,0.0015563333872705698
-0.008493705015903408,0.5876259207725525,0.0015447360929101706
-0.008403847024473554,0.5902509093284607,0.0015436956891790032
-0.008345248225474444,0.5861587524414062,0.0015583010390400887
-0.008244696594636336,0.5856280326843262,0.001543007092550397
-0.008218532198676354,0.5971364378929138,0.0015471066581085324
-0.008203579565273289,0.5826737284660339,0.0015727138379588723
-0.00810168910021758,0.5876519680023193,0.0015435219975188375
-0.008097236181274725,0.5982558727264404,0.0015425195451825857
-0.008030614198753061,0.5806146264076233,0.0015438852133229375
-0.007995565715396336,0.5849313735961914,0.001543569378554821
-0.007960856137440908,0.586420476436615,0.0015704244142398238
-0.007867878317351307,0.595177412033081,0.0015420779818668962
-0.007834542266902333,0.5884217023849487,0.0015859071863815188
-0.007831043368667301,0.582521915435791,0.0015442004660144448
-0.007716259666320502,0.577140212059021,0.001541808946058154
-0.007710843974137904,0.5967633724212646,0.001545966719277203
-0.0076585262953545175,0.5831889510154724,0.0015433426015079021
-0.007600961165629305,0.5774756073951721,0.0015408600447699428
-0.007577248094788935,0.5861748456954956,0.0015702330274507403
-0.007492283863383853,0.5870007276535034,0.001544342958368361
-0.007444634141092865,0.5815364718437195,0.0015455008251592517
-0.0073368154627475035,0.5939191579818726,0.0015390643384307623
-0.007321137734027983,0.5831050872802734,0.0015442908043041825
-0.007287549681397998,0.5934592485427856,0.0015537049621343613
-0.007207716898045946,0.580333948135376,0.0015421458519995213
-0.007117882834975053,0.584416925907135,0.0015420933486893773
-0.00705927002266199,0.5829342007637024,0.001557184150442481
-0.006958727877189486,0.5820443630218506,0.0015417991671711206
-0.006932549900542151,0.5896471738815308,0.0015448379563167691
-0.00691762119570849,0.5794918537139893,0.0015714539913460612
-0.006815702489921971,0.5845702290534973,0.001542816055007279
-0.0068112618596811725,0.5965723991394043,0.0015427148900926113
-0.006744651517447908,0.577791690826416,0.0015434043016284704
-0.006709573931896473,0.5774644613265991,0.0015412126667797565
-0.006674879012721402,0.5805169343948364,0.0015664203092455864
-0.006581911110413452,0.5885154008865356,0.0015412340871989727
-0.006548584760064535,0.5820246338844299,0.001587035832926631
-0.006545062579147387,0.5783510208129883,0.0015428900951519608
-0.006424858873930406,0.5926695466041565,0.0015441130381077528
-0.006372565339292868,0.57877516746521,0.0015414614463225007
-0.0063149713218967896,0.5747231245040894,0.0015398177783936262
-0.006291271617640981,0.5789798498153687,0.0015675498871132731
-0.006206318164007851,0.5799403786659241,0.0015425486490130424
-0.00615865464545301,0.5797033309936523,0.001544675324112177
-0.00605084502132025,0.5906420350074768,0.00154152512550354
-0.006035153927700432,0.5737854838371277,0.0015414855442941189
-0.006001590019216352,0.5867885947227478,0.001551072928123176
-0.005921728563980488,0.5758234858512878,0.00154020672198385
-0.005831918860421448,0.5793731212615967,0.0015399439726024866
-0.005773291820691584,0.5774034857749939,0.0015552338445559144
-0.005672759159953078,0.5758709907531738,0.001539642340503633
-0.0056465676019868405,0.5842459797859192,0.0015400104457512498
-0.005631662826564743,0.5753045678138733,0.0015697681810706854
-0.005525287322511119,0.5934852361679077,0.0015406054444611073
-0.005458689053192967,0.5736931562423706,0.001541810343042016
-0.005423582148396666,0.5716208815574646,0.0015385332517325878
-0.005388901888001951,0.5747537612915039,0.0015653574373573065
-0.005295943902212608,0.5849912762641907,0.001540358061902225
-0.005262627252805685,0.5757700800895691,0.001583100762218237
-0.005259081573840529,0.5710421204566956,0.0015396265080198646
-0.005144315333189486,0.569240927696228,0.0015393677167594433
-0.0051388735573042466,0.586240291595459,0.0015406376915052533
-0.005086604167233666,0.573803722858429,0.0015402003191411495
-0.005028981478795935,0.5706279873847961,0.0015382787678390741
-0.00500529535564842,0.5753805041313171,0.001567451748996973
-0.004920352681050344,0.573704183101654,0.0015393623616546392
-0.004872674933815602,0.5754528045654297,0.001543602324090898
-0.004764874579471945,0.5834862589836121,0.0015373504720628262
-0.00474917033568617,0.5741221308708191,0.0015415905509144068
-0.004635740444649483,0.5714986324310303,0.001539059216156602
-0.004545954670080954,0.5779033303260803,0.001540264580398798
-0.004487313403776283,0.5729968547821045,0.00155326456297189
-0.00438679044355883,0.5715896487236023,0.0015380126424133778
-0.0043605850878550845,0.5808287262916565,0.001540617784485221
-0.004345704242686543,0.5761908292770386,0.0015710544539615512
-0.0042437290548068,0.5722118616104126,0.0015389233594760299
-0.004239313000286016,0.5894532799720764,0.0015391113702207804
-0.0041727263727298625,0.5678179264068604,0.0015397639945149422
-0.004137590365317856,0.568023681640625,0.0015375926159322262
-0.004102924978858835,0.5703948140144348,0.0015637761680409312
-0.004009976909377599,0.578807532787323,0.0015373382484540343
-0.003976669745546835,0.5734875202178955,0.0015822658315300941
-0.003973100569796828,0.5714321136474609,0.0015406805323436856
-0.003858342951994831,0.5611928701400757,0.0015358880627900362
-0.0038528882404675335,0.5831574201583862,0.0015411463100463152
-0.0038006429955955157,0.5706274509429932,0.0015392531640827656
-0.0037429916348529213,0.5656037926673889,0.0015370220644399524
-0.0037193190932349185,0.5694136619567871,0.0015641460195183754
-0.0036343869818848407,0.5699071884155273,0.00153832184150815
-0.003586695437754639,0.5714590549468994,0.0015420065028592944
-0.0034789041376236396,0.5817829966545105,0.001537360600195825
-0.0034631865278849094,0.5712490677833557,0.001540410565212369
-0.003429670478013347,0.5784928798675537,0.0015486818738281727
-0.003349752109952364,0.5677898526191711,0.0015376927331089973
-0.0032599906961588987,0.5736868381500244,0.001538819633424282
-0.003201335201174327,0.5679824352264404,0.0015516448765993118
-0.0031008217261119797,0.571647047996521,0.0015381554840132594
-0.003074602789299774,0.5770105123519897,0.0015401849523186684
-0.003059745873121744,0.5662816166877747,0.0015677077462896705
-0.002957742445142686,0.5692166090011597,0.0015373077476397157
-0.0029533386780608017,0.5862424969673157,0.001538064214400947
-0.0028867639070011553,0.5630162358283997,0.0015388907631859183
-0.002851598581396997,0.5665041208267212,0.001536996685899794
-0.0028169478554025407,0.5679805874824524,0.0015626744134351611
-0.00272400970180825,0.5790010690689087,0.0015368073945865035
-0.0026907122382879844,0.5743540525436401,0.001580889686010778
-0.002687119781119074,0.5662055015563965,0.0015393901849165559
-0.0025723707853241295,0.559395432472229,0.001535902265459299
-0.0025669031392073216,0.5787767171859741,0.0015390926273539662
-0.0025146818235363133,0.568241536617279,0.0015377170639112592
-0.0024570017919625653,0.5614521503448486,0.001535682356916368
-0.002433342830821361,0.5668606162071228,0.0015636240132153034
-0.0023484214982958385,0.5643987059593201,0.0015363744460046291
-0.0023007159423253376,0.5676449537277222,0.0015407220926135778
-0.0021929339126149916,0.5799511671066284,0.0015344885177910328
-0.0021772027200836486,0.5661904215812683,0.001538813579827547
-0.002063763991673906,0.5657643675804138,0.0015365959843620658
-0.0019740267216053486,0.5733544230461121,0.0015361616387963295
-0.0019153569983618168,0.5706130266189575,0.001553526148200035
-0.0018148527939306214,0.5636981129646301,0.0015352187911048532
-0.0017886204920075643,0.5744572877883911,0.0015383298741653562
-0.001773787503556945,0.5720076560974121,0.0015697390772402287
-0.001671755620112736,0.570926308631897,0.0015378204407170415
-0.0016673643562568063,0.584311842918396,0.0015378796961158514
-0.0016008012267486604,0.5619392395019531,0.0015374745707958937
-0.0015656070128420296,0.5656632781028748,0.0015360427787527442
-0.001530970731104031,0.5652061700820923,0.0015615045558661222
-0.0014380424936072944,0.5795158743858337,0.001537092961370945
-0.0014047547314501863,0.5707949995994568,0.001579709816724062
-0.0014011387760227145,0.5643002390861511,0.001537542324513197
-0.0012863986194954768,0.5595269203186035,0.0015358731616288424
-0.0012809178238443186,0.5797305703163147,0.0015402772696688771
-0.001228720867053612,0.5656601190567017,0.0015372767811641097
-0.0011710119486511017,0.5629908442497253,0.0015356428921222687
-0.0011473663532524103,0.5663067102432251,0.0015632481081411242
-0.0010624557995513872,0.5690335631370544,0.001537499250844121
-0.0010147362313194797,0.5679176449775696,0.0015402310527861118
-0.0009069634711877383,0.5798225402832031,0.0015371203189715743
-0.0008912189133349901,0.5672996044158936,0.001539516495540738
-0.0008577511523868986,0.575497031211853,0.0015465349424630404
-0.0007777756580294448,0.562530517578125,0.0015360930701717734
-0.0006880625314752975,0.5705312490463257,0.0015383381396532059
-0.0006293785808149099,0.5661013126373291,0.0015509348595514894
-0.00052888407795737,0.5674208998680115,0.001536009949631989
-0.0005026381938733615,0.5760504007339478,0.0015391982160508633
-0.0004878289184155893,0.5681615471839905,0.0015663527883589268
-0.00038576900981712736,0.564961314201355,0.0015363899292424321
-0.00038138981845514675,0.5853487253189087,0.0015386996092274785
-0.000314838761230507,0.5606008768081665,0.0015375217190012336
-0.0002796152299737731,0.5631644129753113,0.0015354218194261193
-0.00024499360638452483,0.5669455528259277,0.001562734367325902
-0.00015207550098284006,0.5737031698226929,0.0015349781606346369
-0.00011879722545449223,0.569166362285614,0.0015799368266016245
-0.00011515777134735172,0.5659873485565186,0.001539797754958272
-4.264542983745123e-07,0.5567647814750671,0.0015347441658377647
5.067276573789137e-06,0.5750569105148315,0.0015355270588770509
5.7240305005534786e-05,0.5696198344230652,0.001538806245662272
0.00011497789508130296,0.5608187913894653,0.0015351588372141123
0.00013860990831915387,0.5662989616394043,0.0015639867633581161
0.00022350968361650736,0.5674896240234375,0.0015377800446003675
0.0002712432643203755,0.5703054666519165,0.0015415094094350934
0.0003790069706605115,0.5800357460975647,0.0015365068102255464
0.0003947648929926162,0.5659227967262268,0.0015386008890345693
0.00042820872537130406,0.5729952454566956,0.0015472343657165766
0.0005082124613015049,0.5619334578514099,0.0015358274104073644
0.000597901442657367,0.569550633430481,0.0015368156600743532
0.0006565996217871017,0.5688602328300476,0.0015525029739364982
0.0007570846394894248,0.5679008960723877,0.001536412164568901
0.0007833441046819489,0.5753222703933716,0.001539560267701745
0.0007981294511492099,0.5706269145011902,0.0015683728270232677
0.0009002178150024909,0.5662760734558105,0.0015362553531304002
0.0009045845033489597,0.5848366618156433,0.001538109383545816
0.0009711239200745903,0.560890793800354,0.0015375011134892702
0.0010063765531050928,0.5641244053840637,0.0015357950469478965
0.0010409835179139293,0.569144070148468,0.001563246943987906
0.0011338917074285026,0.5793973207473755,0.0015393911162391305
0.0011671602818043025,0.567719578742981,0.0015785066643729806
0.0011708232337489521,0.5647042989730835,0.001537655247375369
0.0012855459277383297,0.5616316199302673,0.0015354380011558533
0.0012910525934105577,0.5817071199417114,0.0015394805232062936
0.0013432014770647926,0.568277895450592,0.0015386390732601285
0.001400967738392822,0.5615248680114746,0.001534902025014162
0.0014245861703116036,0.5691670179367065,0.001564915175549686
0.001509475166363461,0.5665320754051208,0.0015371885383501649
0.0015572227595391785,0.569919764995575,0.0015411049826070666
0.0016649774125088168,0.5814831852912903,0.0015358382370322943
0.0016807487007938215,0.5704665184020996,0.0015398971736431122
0.001714168388605497,0.5747437477111816,0.0015462988521903753
0.0017942007959986794,0.5626286864280701,0.0015361759578809142
0.0018838656323663105,0.5739373564720154,0.0015384433791041374
0.0019425778239680058,0.5692722797393799,0.001552038243971765
0.0020430533569363307,0.5681171417236328,0.0015371923800557852
0.0020693266181821546,0.5746515393257141,0.0015380443073809147
0.0020840878202929014,0.5703120827674866,0.0015673686284571886
0.002186204425298044,0.5693026781082153,0.0015371001791208982
0.0021905588247319585,0.587019681930542,0.0015391864581033587
0.002257086385803353,0.5644041895866394,0.001539027551189065
0.0022923683370259518,0.5659066438674927,0.001536672469228506
0.002326960642633491,0.5713939070701599,0.0015642649959772825
0.0024198589149979632,0.5802554488182068,0.0015367973828688264
0.0024531177890632083,0.569300651550293,0.0015802559209987521
0.0024568040228477583,0.5640237331390381,0.0015381487319245934
0.002571518094409031,0.5609349012374878,0.001536366413347423
0.002577037693618056,0.5766347050666809,0.0015390231274068356
0.002629162648702943,0.5707668662071228,0.0015387856401503086
0.0026869577977017833,0.5620110034942627,0.0015352992340922356
0.0027105626483017176,0.5650618672370911,0.0015636656899005175
0.002795440865528964,0.5693164467811584,0.001538183307275176
0.0028432024713871407,0.571146547794342,0.001541783451102674
0.002950947854357122,0.587407112121582,0.0015399552648887038
0.0029667322930185813,0.5707154870033264,0.0015399042749777436
0.003000128051839801,0.5767972469329834,0.0015489516081288457
0.003080188914277082,0.5677720904350281,0.0015378384850919247
0.003169829606077701,0.578442394733429,0.0015393492067232728
0.0032285560259384116,0.5673703551292419,0.0015520552406087518
0.0033290220741727383,0.5728616714477539,0.001537741394713521
0.003355308916948019,0.5761579871177673,0.0015388145111501217
0.003370046405434257,0.5724049806594849,0.0015704658580943942
0.003472191034751604,0.5696008205413818,0.0015365739818662405
0.003476533147167671,0.587300181388855,0.0015392906498163939
0.003543049066897952,0.566888689994812,0.001539990771561861
0.003578360120525703,0.5658353567123413,0.0015369011089205742
0.003612937551776496,0.574023962020874,0.001564543112181127
0.0037058259063592613,0.58509361743927,0.0015406133607029915
0.0037390752959010065,0.5732894539833069,0.0015803697751834989
0.0037427850271020136,0.5687704086303711,0.0015387852909043431
0.0038574902610798434,0.5650902390480042,0.0015375250950455666
0.0038630230102442153,0.5788044929504395,0.0015378576936200261
0.003915123604554038,0.578108012676239,0.0015420522540807724
0.003972947640802693,0.5680401921272278,0.0015373625792562962
0.003996538910715164,0.5699418187141418,0.001565318088978529
0.00408140634932852,0.5714557766914368,0.001538551296107471
0.004129181967658546,0.5719165205955505,0.0015419941628351808
0.004236918080207985,0.5848355889320374,0.0015372688649222255
0.004252716099767295,0.5727453827857971,0.0015401140553876758
0.004286087714021503,0.5839529037475586,0.0015510821249336004
0.004366177248553038,0.5680286884307861,0.0015381395351141691
0.0044557935806313065,0.5779526829719543,0.0015398322138935328
0.004514534444327367,0.5751433968544006,0.00155487353913486
0.004614990791409035,0.5750465989112854,0.001538979820907116
0.0046412912146611696,0.5796088576316833,0.0015408812323585153
0.004656004774999056,0.5775285959243774,0.0015705629484727979
0.0047581778591501145,0.5764091610908508,0.0015396805247291923
0.004762507468761279,0.5912376642227173,0.0015411301283165812
0.0048290115317844995,0.5683227777481079,0.0015399395488202572
0.004864351904446673,0.572030782699585,0.0015390112530440092
0.00489891467607495,0.5753070116043091,0.001565684680826962
0.004991793114770715,0.5857262015342712,0.001540360040962696
0.005025032803159801,0.5790508985519409,0.0015852475771680474
0.005028766032408982,0.5740868449211121,0.0015422068536281586
0.005143462427539935,0.5727810263633728,0.001539861666969955
0.005149008110872932,0.5842111110687256,0.001542028272524476
0.00520108477598169,0.5799686312675476,0.001542121870443225
0.005258937483482495,0.5717819929122925,0.00153867166955024
0.005282515172707614,0.5760860443115234,0.0015673122834414244
0.005367372047862529,0.5750694870948792,0.0015404281439259648
0.005415161463719453,0.575870156288147,0.0015436450485140085
0.005522888522056291,0.5945963263511658,0.0015416856622323394
0.005538699906936895,0.5741440653800964,0.0015420555137097836
0.005572047592832252,0.5838741660118103,0.001551569439470768
0.0056521653672525485,0.5711591839790344,0.0015383323188871145
0.005741757770971856,0.5863286256790161,0.0015431622741743922
0.005800512646087275,0.579079806804657,0.001556011731736362
0.005900959508013948,0.5769636034965515,0.0015398012474179268
0.005927273512795428,0.5853373408317566,0.0015429165214300156
0.005941963144142859,0.580534040927887,0.001572697889059782
0.006044164469235169,0.5784178376197815,0.001540510798804462
0.006048481790986382,0.5966618061065674,0.0015423927688971162
0.006114974212247493,0.5747687220573425,0.0015420374693349004
0.006150343472369979,0.5719109177589417,0.0015378087991848588
0.006184891799952408,0.5809770226478577,0.001566852442920208
0.006277760107605723,0.5929805040359497,0.0015416431706398726
0.006310990310418707,0.5785735249519348,0.0015829744515940547
0.006314746821297179,0.5734566450119019,0.0015412505017593503
0.006434993427077984,0.5913341045379639,0.001542918267659843
0.0064870459476197295,0.5835607051849365,0.0015437700785696507
0.006544927327215011,0.5753709673881531,0.001540458993986249
0.0065684916506977276,0.5808508992195129,0.0015695622423663735
0.006653337531451475,0.5826912522315979,0.0015424201264977455
0.006701141174725311,0.5840920209884644,0.0015453274827450514
0.006808858963483488,0.5980713963508606,0.0015434627421200275
0.006824683713895996,0.5787403583526611,0.0015434116357937455
0.006858007256066556,0.5878231525421143,0.0015528789954259992
0.006938153701949612,0.5767194628715515,0.0015408716863021255
0.007027721744893967,0.589362382888794,0.0015431061619892716
0.007086490848899785,0.581127941608429,0.0015568035887554288
0.007186928224618749,0.5850793719291687,0.0015430450439453125
0.007213255811350794,0.5905946493148804,0.0015451973304152489
0.007227921728652498,0.5922855138778687,0.0015759645029902458
0.007330151079530833,0.5841568112373352,0.0015415214002132416
0.007334456113421983,0.6022726893424988,0.0015441004652529955
0.007400936677344538,0.5795663595199585,0.0015437764814123511
0.007436335255448845,0.5812677145004272,0.0015424680896103382
0.007470868924250862,0.5848292708396912,0.0015687672421336174
0.0075637273149645745,0.599391520023346,0.0015439530834555626
0.007596947817677502,0.5882965922355652,0.0015887164045125246
0.0076007278263935385,0.5808467268943787,0.0015437232796102762
0.007715406974142303,0.5793590545654297,0.0015418506227433681
0.007720978528127698,0.5952276587486267,0.0015459157293662429
0.007773007119678987,0.5882042646408081,0.0015460654394701123
0.007830917170947416,0.5790688991546631,0.001542160171084106
0.007854467912690177,0.5847103595733643,0.0015709208091720939
0.007939303015251031,0.5906600952148438,0.0015459469286724925
0.007987120669733616,0.5891753435134888,0.0015478456625714898
0.008094829188492136,0.6034941673278809,0.0015449643833562732
0.008110667306120867,0.5848386883735657,0.0015448661288246512
0.008143966918248147,0.597218930721283,0.0015555818099528551
0.008224141821070119,0.5816823840141296,0.0015422350261360407
0.008313685719447461,0.5971906781196594,0.001545980921946466
0.008372469051712184,0.5898265838623047,0.001559944823384285
0.008472896725857493,0.5914485454559326,0.0015446430770680308
0.008499238109484941,0.5956016778945923,0.0015464177122339606
0.008513880097585802,0.5959085822105408,0.001577322487719357
0.008616137904560839,0.5915144681930542,0.001545224105939269
0.008620430434594484,0.6105204820632935,0.0015480121364817023
0.008686899357597144,0.5861485004425049,0.0015465840697288513
0.008722327039580202,0.5855631828308105,0.0015433228109031916
0.008756846048970313,0.5916306376457214,0.0015718149952590466
0.008882905324936408,0.5936357378959656,0.0015890835784375668
0.008886708615913341,0.587543785572052,0.0015470657963305712
0.009001379140813004,0.588221549987793,0.0015463134041056037
0.009006963843911864,0.5995264053344727,0.0015475560212507844
0.009058968076161689,0.5961136817932129,0.0015482301823794842
0.009116907014679931,0.5888532996177673,0.0015452896477654576
0.009140444173840745,0.5919583439826965,0.0015731510939076543
0.009225268713363821,0.5966851115226746,0.0015481614973396063
0.009273100165794523,0.5935868620872498,0.0015497158747166395
0.009380799630340442,0.608526349067688,0.001546618645079434
0.009396651113711574,0.5956095457077026,0.001549525884911418
0.009429926580850845,0.6043617129325867,0.0015564149944111705
0.009510129939559131,0.587833046913147,0.001544435159303248
0.009599649909788122,0.6035618782043457,0.0015496144769713283
0.009658447253051095,0.5960173606872559,0.0015616904711350799
0.009758865442251796,0.6004148125648499,0.0015481739537790418
0.009785220623616864,0.6040687561035156,0.0015495693078264594
0.00979983846715049,0.6025699973106384,0.0015798538224771619
0.009902124514225008,0.5969467759132385,0.0015470953658223152
0.00990640497155404,0.6138588786125183,0.0015487290220335126
0.009972861823325796,0.5938643217086792,0.001549260108731687
0.010008318822869566,0.5927498936653137,0.0015469550853595138
0.010042823173689874,0.5956129431724548,0.0015736798522993922
0.010135661516000538,0.6116308569908142,0.0015460950089618564
0.010168862831774317,0.6016791462898254,0.0015919217839837074
0.01017268961995721,0.5959575772285461,0.0015494318213313818
0.010287351306431103,0.5932924151420593,0.0015481626614928246
0.010292948945171965,0.6072233319282532,0.0015494260005652905
0.010344929248220947,0.6033952236175537,0.0015509824734181166
0.01040289685799134,0.5893316268920898,0.0015451866202056408
0.010426420436254191,0.5967082977294922,0.0015755790518596768
0.010511234196110886,0.5997023582458496,0.001549745094962418
0.01055907966185543,0.6015264987945557,0.0015520944725722075
0.010666770072188747,0.6188072562217712,0.0015499589499086142
0.010682634920670786,0.6010147333145142,0.0015513512771576643
0.010715886243243045,0.6132605671882629,0.0015629816334694624
0.010796118273624589,0.5985308289527893,0.0015492815291509032
0.01088561388371001,0.6100050806999207,0.0015519128646701574
0.010944425670387337,0.6037046313285828,0.0015651900321245193
0.011044834159698702,0.6035963296890259,0.0015494440449401736
0.011071202922172119,0.6089442372322083,0.0015483058523386717
0.011085796836925899,0.6137268543243408,0.001584656536579132
0.011188111123467959,0.6056728959083557,0.0015500931767746806
0.011192379293779253,0.6192306876182556,0.0015509596560150385
0.011258824289054448,0.6028445959091187,0.0015524864429607987
0.01129431039121398,0.5985992550849915,0.0015484861796721816
0.011328800082411772,0.6060742139816284,0.0015765066491439939
0.011421628508835435,0.6221116185188293,0.0015541535103693604
0.011454820123456555,0.6085038185119629,0.0015948005020618439
0.011458670624421963,0.6022519469261169,0.0015518778236582875
0.011573323473101915,0.6000751256942749,0.0015503998147323728
0.011578934045590072,0.6119586229324341,0.001551289577037096
0.011630890420280093,0.613158106803894,0.0015537533909082413
0.011688886700460754,0.5993837714195251,0.0015482011949643493
0.011712396914244305,0.6037859916687012,0.0015782994451001287
0.011797199679699832,0.6113414764404297,0.0015522438334301114
0.011845059372861289,0.609792947769165,0.0015553637640550733
0.011952740514037052,0.6221567392349243,0.0015498914290219545
0.011968618727629998,0.6098593473434448,0.0015540648018941283
0.012001846122053905,0.6206575632095337,0.0015646227402612567
0.012082106392324099,0.6069682836532593,0.0015512917889282107
0.01217157785784262,0.6197434663772583,0.0015547124203294516
0.012230403873199958,0.6089857816696167,0.0015668002888560295
0.012330802877145608,0.6145474910736084,0.0015528167132288218
0.012357185219464273,0.6199190616607666,0.0015559537569060922
0.012371755421435648,0.6168057322502136,0.0015834992518648505
0.012474097949340068,0.6102206110954285,0.0015514498809352517
0.012478353616214855,0.6311832666397095,0.0015545894857496023
0.012544786970149158,0.6116494536399841,0.001556364819407463
0.012580302174713842,0.6046770811080933,0.0015499897999688983
0.012614777206499839,0.6122666001319885,0.0015797449741512537
0.012707595716194287,0.6249619722366333,0.0015554841374978423
0.012744651413941877,0.6111646294593811,0.0015549362869933248
0.012859295855349173,0.6133958697319031,0.001554379123263061
0.01286491936095302,0.6223239302635193,0.0015539672458544374
0.012916851376341687,0.6234334111213684,0.0015579023165628314
0.01297487654419327,0.6059855222702026,0.0015518870204687119
0.012998373176657863,0.6105266809463501,0.001579626346938312
0.013083165379075834,0.6204817891120911,0.001556603703647852
0.01313103886829059,0.6172849535942078,0.0015575510915368795
0.013238710740308912,0.6338565349578857,0.001558205345645547
0.013254602319223041,0.6152108311653137,0.001556039904244244
0.0132878057850776,0.6306683421134949,0.0015679895877838135
0.013368094726178947,0.6130882501602173,0.0015540227759629488
0.013457542047130566,0.626201868057251,0.0015569626120850444
0.013516382076012468,0.6179298758506775,0.001569980289787054
0.013616771594382016,0.6223333477973938,0.0015558741288259625
0.013643167517598531,0.6254579424858093,0.0015568783273920417
0.013657713791000448,0.6306843757629395,0.001590557163581252
0.013760084559635621,0.6207337379455566,0.0015560450265184045
0.013764327938650456,0.6352528929710388,0.0015565304784104228
0.013830749435667311,0.6194808483123779,0.001558623043820262
0.0138662939573716,0.6160494685173035,0.001554660382680595
0.013900754330587795,0.6243253350257874,0.001584082143381238
0.01399356292313203,0.6349636316299438,0.0015577824087813497
0.014026735136290158,0.6293245553970337,0.0016027996316552162
0.014030632419248623,0.6159597039222717,0.0015564009081572294
0.014145268021809376,0.6192781925201416,0.0015573817072436213
0.014150904462002734,0.6295372247695923,0.0015587436500936747
0.014202812548400945,0.6327342391014099,0.0015621688216924667
0.014260866387925675,0.6169844269752502,0.0015548616647720337
0.01428434943907142,0.6206328868865967,0.0015843486180528998
0.01436913086287539,0.6266834735870361,0.0015586067456752062
0.0144170183639305,0.6265325546264648,0.0015618517063558102
0.01452468118173611,0.6408705115318298,0.0015556290745735168
0.014540586125971755,0.624457061290741,0.001560104195959866
0.014573765447259301,0.6361374258995056,0.001570146414451301
0.014654082845510064,0.6186573505401611,0.0015555829741060734
0.01474350602189467,0.6321894526481628,0.0015592043055221438
0.014802360278614368,0.6267657279968262,0.001573097542859614
0.014902740311618312,0.6323511004447937,0.0015601753257215023
0.014929149816153786,0.6373016238212585,0.0015611546114087105
0.014943672160565358,0.6385624408721924,0.0015903221210464835
0.015046071168457686,0.6252710819244385,0.0015573515556752682
0.015050302260033566,0.6442481279373169,0.0015589557588100433
0.015116712116130304,0.6266785860061646,0.0015611426206305623
0.01515228574129246,0.6237243413925171,0.0015580730978399515
0.015186731455307245,0.6310493350028992,0.0015859173145145178
0.015279529915967038,0.6446856260299683,0.0015620560152456164
0.015312692643548842,0.6341195702552795,0.0016046089585870504
0.015316613208979035,0.628387987613678,0.0015614824369549751
0.015431240187427586,0.6296305656433105,0.0015605853404849768
0.015436889778839391,0.6400075554847717,0.001561756944283843
0.015488773720460092,0.6392884850502014,0.001563526107929647
0.015546856230394979,0.6243885159492493,0.0015574943972751498
0.01557032570106387,0.6307336688041687,0.0015874739037826657
0.015655096345622344,0.6374034881591797,0.001562594436109066
0.015702997859991408,0.6367797255516052,0.0015653030714020133
0.01581065162316342,0.6503939628601074,0.0015602511120960116
0.01582656993377296,0.6338188052177429,0.001562902587465942
0.015859725110493494,0.6461387872695923,0.0015737117500975728
0.01594007096484118,0.632016658782959,0.0015611144481226802
0.016029469996658774,0.6419582366943359,0.0015630228444933891
0.016088338480374276,0.6364203691482544,0.0015773832565173507
0.016188709028433723,0.6424422264099121,0.0015625671949237585
0.01621513211470904,0.648658812046051,0.0015638715121895075
0.01622963052970894,0.6475754976272583,0.0015962267061695457
0.016332057777700748,0.6336573958396912,0.0015601798659190536
0.01633627658225867,0.6557673811912537,0.001563914818689227
0.01640267458101685,0.6392670273780823,0.0015657891053706408
0.016438277309636984,0.6342511177062988,0.0015614820877090096
0.01647270836466075,0.6426301002502441,0.0015902629820629954
0.016565497124378492,0.6532369256019592,0.0015646974788978696
0.016598650150807748,0.6452845335006714,0.0016070186393335462
0.016602594212812294,0.637496292591095,0.0015647769905626774
0.016717212352835187,0.64045649766922,0.0015652681468054652
0.016774734675679692,0.6456257104873657,0.0015664873644709587
0.016832846073706498,0.6347362399101257,0.0015617037424817681
0.016856302178632876,0.640293300151825,0.0015914768446236849
0.016941062044787736,0.6464505195617676,0.0015660218195989728
0.01698897757162887,0.6444123387336731,0.0015680046053603292
0.017096621848593063,0.6585641503334045,0.0015654120361432433
0.01711255352599772,0.6419873237609863,0.0015664934180676937
0.01714568477372791,0.6524876356124878,0.0015764806885272264
0.01722605929869614,0.6412531137466431,0.001564485370181501
0.017315433970370275,0.6482072472572327,0.0015650156419724226
0.017374316898131625,0.6461035013198853,0.001580350799486041
0.017474677744828027,0.6508981585502625,0.001566775725223124
0.017501114413264296,0.6552342772483826,0.001568088075146079
0.017515589114850405,0.6559264659881592,0.0015979952877387404
0.017618044603572747,0.6450068354606628,0.0015641956124454737
0.017622250904062664,0.6668707728385925,0.0015681225340813398
0.017688637046113898,0.6464279890060425,0.0015677781775593758
0.017724269093136735,0.6462520360946655,0.0015661264769732952
0.017758685488748815,0.651641845703125,0.0015929794171825051
0.017851464116160787,0.6609631776809692,0.0015679725911468267
0.017884607658066654,0.6582545042037964,0.0016129964496940374
0.017888575217066438,0.6465501189231873,0.0015680997166782618
0.018003184519505888,0.6486685872077942,0.0015668491832911968
0.018060695847317842,0.6543901562690735,0.0015686566475778818
0.018118835917439013,0.643478274345398,0.0015653901500627398
0.01814227844020433,0.6504746675491333,0.0015949400840327144
0.018227027528587292,0.656179666519165,0.0015689878491684794
0.01827495706726867,0.6551931500434875,0.0015725056873634458
0.018382592290020372,0.66911780834198,0.001568059902638197
0.01839853733358854,0.652759850025177,0.00156996154692024
0.018431644436751493,0.6655921339988708,0.0015807000454515219
0.01851204741739565,0.6504639387130737,0.0015673981979489326
0.018601398160710825,0.6595309972763062,0.0015701176598668098
0.01866029510031253,0.6500389575958252,0.001580965705215931
0.018760646461643327,0.6596896052360535,0.0015696194022893906
0.01878709671055656,0.663437008857727,0.0015701205702498555
0.018801547484415204,0.6650684475898743,0.0016004744684323668
0.018904031213868522,0.6550726294517517,0.0015681395307183266
0.018908225225024777,0.6743154525756836,0.0015701183583587408
0.018974599726366503,0.6580742597579956,0.0015722617972642183
0.019010260876636598,0.6549760699272156,0.0015687844716012478
0.019044662613468266,0.6593816876411438,0.001597592607140541
0.019137431108995795,0.6718596816062927,0.0015693113673478365
0.01917455600679685,0.6523372530937195,0.001569202053360641
0.01928915668596609,0.6576998829841614,0.0015704211546108127
0.019346656803800433,0.6641870737075806,0.0015722481766715646
0.019404825761171418,0.6550697684288025,0.001567977131344378
0.01942825470219678,0.6573602557182312,0.0015976428985595703
0.019512993011123636,0.6689453125,0.0015735013876110315
0.01956093656332958,0.6640461087226868,0.0015749619342386723
0.019668562731868566,0.6823245882987976,0.0015734281623736024
0.01968452114033714,0.661602258682251,0.0015728662256151438
0.019717604315351855,0.6765824556350708,0.0015839171828702092
0.019798035751671605,0.66243577003479,0.0015717163914814591
0.01988736213547493,0.6693605780601501,0.0015728265279904008
0.019946273302072437,0.6669908165931702,0.0015883482992649078
0.02004661517824813,0.6723008751869202,0.0015737342182546854
0.02007307900869082,0.6740128397941589,0.001574362046085298
0.020087505853558896,0.6766121983528137,0.0016051903367042542
0.020190017823953577,0.6642398238182068,0.001570992055349052
0.02019419954724999,0.6826749444007874,0.001573172747157514
0.020260562192095155,0.6687294840812683,0.0015755253843963146
0.020296252444138907,0.6658103466033936,0.0015730052255094051
0.02033063973776672,0.6706708669662476,0.0015993036795407534
0.02042339831740725,0.6824196577072144,0.0015753740444779396
0.020456522672163246,0.6745051741600037,0.0016161557286977768
0.020460537011261715,0.664734423160553,0.0015739013906568289
0.02057512885158419,0.6710032224655151,0.001575662987306714
0.02063261797585969,0.6733693480491638,0.0015764094423502684
0.020690815604903934,0.6659558415412903,0.0015730559825897217
0.020714231180186782,0.6670090556144714,0.0016010906547307968
0.020798958709447035,0.6772032976150513,0.0015771460020914674
0.02084691605854838,0.6750715970993042,0.0015785672003403306
0.020954532958140426,0.6883487105369568,0.001573742600157857
0.02097050473129869,0.6719407439231873,0.001576882554218173
0.02100356397711245,0.6848858594894409,0.001586512546055019
0.021084023870792223,0.6731081604957581,0.0015753337647765875
0.02117332610918643,0.6757497787475586,0.001574821537360549
0.02123225150467445,0.6758608222007751,0.001591455307789147
0.021332583895695034,0.6805204749107361,0.0015777477528899908
0.021359061307246074,0.6849864721298218,0.0015774904750287533
0.0213734642224922,0.6804186105728149,0.0016049081459641457
0.02147600443277553,0.6747239232063293,0.0015747117577120662
0.021480173869474983,0.6965640783309937,0.0015783014241605997
0.021546524657823807,0.6771417260169983,0.0015785405412316322
0.021582244228059766,0.6779443621635437,0.0015770242316648364
0.021616616645646514,0.6857319474220276,0.001606111298315227
0.021709365309189543,0.6898840069770813,0.0015774235362187028
0.021742480179422152,0.6896668076515198,0.0016225577564910054
0.021746517800781517,0.6745176911354065,0.0015779220266267657
0.021861101018255003,0.682532548904419,0.0015798446256667376
0.02191857914791895,0.6830427050590515,0.001579550444148481
0.021976805447373238,0.6732626557350159,0.0015755163040012121
0.02200020744260045,0.6774917244911194,0.0016048932448029518
0.02208492419324659,0.6884388327598572,0.0015814315993338823
0.022132895553556686,0.6854745149612427,0.0015825266018509865
0.02224050339998862,0.7008135914802551,0.001577584771439433
0.022256488539100006,0.68213951587677,0.0015801965491846204
0.022289523639715147,0.7001975178718567,0.001594198984093964
0.02237001198991273,0.6862308979034424,0.0015807623276486993
0.022459290083318928,0.6877698302268982,0.0015786143485456705
0.02251822970748696,0.6825801134109497,0.0015936695272102952
0.022618552397354885,0.694374680519104,0.0015812651254236698
0.022645043605380333,0.696535050868988,0.0015821383567526937
0.02265942280700195,0.697878897190094,0.0016140571096912026
0.022761991257805536,0.6861000061035156,0.0015793365892022848
0.022766148191910696,0.7066232562065125,0.0015820963308215141
0.022832487338918517,0.6900376677513123,0.0015842849388718605
0.022868236012191123,0.6883651614189148,0.0015803611604496837
0.022902593770366075,0.6914173364639282,0.0016074614832177758
0.022995332516969502,0.7011798620223999,0.001582187251187861
0.023028437686680947,0.6970770955085754,0.0016264495206996799
0.02303249880545677,0.6877408623695374,0.001581766176968813
0.023147073184925704,0.6912413835525513,0.0015821754932403564
0.023204540103980542,0.6975675821304321,0.0015836008824408054
0.02326279507510809,0.683330237865448,0.0015792946796864271
0.023286183705014007,0.6873944401741028,0.0016081762732937932
0.023370889677046147,0.7019202709197998,0.0015852783108130097
0.02341887526540465,0.70036780834198,0.001587111852131784
0.02352647362647109,0.7120143175125122,0.0015820165863260627
0.023542472346690824,0.6929751038551331,0.0015841241693124175
0.023656000323346582,0.6933113932609558,0.0015821499982848763
0.023745254272817484,0.7021691203117371,0.0015848956536501646
0.023804207909457364,0.6943966150283813,0.0015970461536198854
0.023904521114591293,0.7070847153663635,0.0015867246547713876
0.023931025903935588,0.7089942693710327,0.001587279373779893
0.023945381176566638,0.7014068365097046,0.0016131439479067922
0.0240479778681012,0.695971667766571,0.0015828487230464816
0.02405212229876985,0.7111294865608215,0.001582231023348868
0.02411844980443656,0.7029406428337097,0.001588179962709546
0.024154227579483045,0.7010447382926941,0.0015851701609790325
0.024188570895085637,0.7043188214302063,0.0016117524355649948
0.024281299508962406,0.7125019431114197,0.001586013357155025
0.0243143949779423,0.7073835730552673,0.001628369209356606
0.024318479594345077,0.6978691220283508,0.0015864446759223938
0.024433045350543914,0.6969318985939026,0.0015855233650654554
0.02449050127603969,0.7032743692398071,0.0015867291949689388
0.024548784918840494,0.6941508054733276,0.0015827460447326303
0.024572159967006457,0.698076069355011,0.001612042891792953
0.024656855160635205,0.7099463939666748,0.0015882209409028292
0.024704854761465556,0.7056614756584167,0.0015889989444985986
0.02481244406726668,0.7217418551445007,0.0015876204706728458
0.02482845593786298,0.7062904238700867,0.0015885843895375729
0.024941988442046092,0.7074592709541321,0.0015877598198130727
0.025031218247581588,0.7068770527839661,0.001584711717441678
0.02509018611163827,0.7078157663345337,0.0016028089448809624
0.02519048983182759,0.7159056663513184,0.0015890412032604218
0.025217008201859348,0.7186987400054932,0.0015889309579506516
0.025231339546342046,0.7120598554611206,0.0016183280386030674
0.025333964477344262,0.7119000554084778,0.0015889802016317844
0.025338096619731854,0.723202109336853,0.0015880644787102938
0.025404412269533605,0.7120311260223389,0.0015919809229671955
0.0254402193625618,0.7122088074684143,0.0015887859044596553
0.025474548019805088,0.7142512798309326,0.0016154376789927483
0.02556726671737386,0.7200552821159363,0.0015878310659900308
0.025600352485201205,0.7211580872535706,0.0016347556374967098
0.025604460599652046,0.7082203030586243,0.0015896320110186934
0.02571901751658301,0.7120406031608582,0.0015901187434792519
0.0257764622325225,0.7133066058158875,0.001589879160746932
0.025834774762152013,0.7042179107666016,0.001586700789630413
0.02585813644373336,0.7085281014442444,0.0016153836622834206
0.025942820858958493,0.7212962508201599,0.0015924606705084443
0.025990834257526352,0.717613697052002,0.0015946048079058528
0.026098414508272993,0.7359609603881836,0.0015913192182779312
0.02611443974503258,0.7128903865814209,0.0015908575151115656
0.02622797656116671,0.7219738960266113,0.0015923921018838882
0.026317182222135083,0.7249657511711121,0.001592844957485795
0.02637616452897462,0.7175377011299133,0.0016052501741796732
0.026476458547800896,0.7251501679420471,0.0015927242347970605
0.026502990499782997,0.7319862246513367,0.0015941025922074914
0.02651729791527535,0.7224162220954895,0.0016206186264753342
0.026619951087639926,0.7152013182640076,0.0015884565655142069
0.02662407094132535,0.737628698348999,0.001593071618117392
0.026690374950628315,0.7235644459724426,0.0015952594112604856
0.026726210930906213,0.7277130484580994,0.0015941772144287825
0.026760524929158702,0.7254264950752258,0.0016192096518352628
0.02685323370999826,0.7335126996040344,0.0015936922281980515
0.026886309992038893,0.7305103540420532,0.0016370256198570132
0.026890441388329744,0.722525417804718,0.0015946135390549898
0.027004989682622216,0.7217509150505066,0.0015942036407068372
0.02706242340416065,0.7260306477546692,0.0015945034101605415
0.02712076460588453,0.7160454392433167,0.0015904458705335855
0.027144112706146917,0.7220767140388489,0.0016206075670197606
0.02722878634275816,0.7338114976882935,0.0015967532526701689
0.027276813753166262,0.7266842722892761,0.001596796908415854
0.027384384734544742,0.7398214936256409,0.0015902043087407947
0.02740042355220229,0.7239540219306946,0.0015952031826600432
0.02751396468028733,0.732633650302887,0.0015957180876284838
0.027603146195846584,0.7330083847045898,0.0015950958477333188
0.02766214273178713,0.7295652627944946,0.0016093635931611061
0.027762427264616196,0.7375661730766296,0.0015969809610396624
0.027788972798338363,0.7429611682891846,0.001597379450686276
0.02780325628484004,0.737420916557312,0.0016251896740868688
0.027905937697093375,0.7302550077438354,0.0015952711692079902
0.027910045263761063,0.7459251284599304,0.0015957338036969304
0.027976337415304253,0.7336643934249878,0.0015988560626283288
0.02801220271503757,0.7378681898117065,0.0015974226407706738
0.02804650205282555,0.7337635159492493,0.0016216879012063146
0.02813920091735711,0.7430707216262817,0.0015965021448209882
0.028172267498455694,0.7464308738708496,0.0016427307855337858
0.028176422393636713,0.7280185222625732,0.001597117749042809
0.02834838457579869,0.7385907173156738,0.0015990759711712599
0.02840675444898544,0.7279384136199951,0.0015945322811603546
0.028430088968560474,0.7323695421218872,0.0016239389078691602
0.028514751826557605,0.7431387901306152,0.001600143383257091
0.02856279324796407,0.7420710921287537,0.0016022002091631293
0.02867035517597194,0.7502591013908386,0.0015952188987284899
0.028686407144216552,0.7351042032241821,0.0015993238193914294
0.028719321953570853,0.7549678683280945,0.0016121601220220327
0.028799953014563173,0.7466435432434082,0.001601056894287467
0.028889110170610688,0.7493019104003906,0.0016019605100154877
0.02894812093459953,0.7388644218444824,0.0016126789851114154
0.029048395981852604,0.7478992342948914,0.001600728021003306
0.02907495509647262,0.7546624541282654,0.001602431875653565
0.029089214869981395,0.7468570470809937,0.0016295623499900103
0.02919192452233399,0.7387557029724121,0.0015974125126376748
0.029196019585144173,0.757463812828064,0.001599954324774444
0.029262299879769915,0.7493301630020142,0.0016048320103436708
0.029298194498326824,0.7479749917984009,0.0016020507318899035
0.029332479176703008,0.7473686337471008,0.00162688666023314
0.029458225005924987,0.7533022165298462,0.0016450881958007812
0.029462403183367014,0.742185115814209,0.001601237105205655
0.02957693423111918,0.7443894147872925,0.0016006100922822952
0.0296343455314394,0.7502588629722595,0.0016036417800933123
0.029692744292086348,0.7370780110359192,0.0015978910960257053
0.029716065230553035,0.7408682107925415,0.0016273389337584376
0.02980071730888345,0.7521562576293945,0.0016027543460950255
0.029848772744024976,0.7514382004737854,0.001605217345058918
0.0299563254022438,0.7679772973060608,0.0016037320019677281
0.02997239095180726,0.7465195059776306,0.001602590549737215
0.03008594113242069,0.758517324924469,0.0016048840479925275
0.030175074360951237,0.7549533247947693,0.0016012262785807252
0.030234099136359438,0.7499523162841797,0.0016175785567611456
0.03033436448309146,0.759139895439148,0.0016049854457378387
0.030360937395027876,0.7674098014831543,0.0016077898908406496
0.030375173239756803,0.759463906288147,0.0016349123325198889
0.030477911132419155,0.7511683106422424,0.001601907890290022
0.030481993907369276,0.7683830857276917,0.0016044917283579707
0.030548262345498456,0.7571158409118652,0.0016068057157099247
0.030584186065408248,0.7635701298713684,0.0016067851101979613
0.030618456085846013,0.7538729310035706,0.0016286481404677033
0.030711134903027015,0.7686957120895386,0.0016046847449615598
0.030744182512552287,0.7621785998344421,0.0016479277983307838
0.030748384187200273,0.7530008554458618,0.0016052685678005219
0.030862906396947776,0.7578873634338379,0.001606537727639079
0.030920306703498546,0.7600009441375732,0.0016059365589171648
0.030978734135818753,0.7484868168830872,0.0016012127744033933
0.031002041708543038,0.7548593282699585,0.001631725812330842
0.031086682791630516,0.76388019323349,0.0016071669524535537
0.03113475245566244,0.7644751071929932,0.0016101975925266743
0.031242295844092105,0.7751399278640747,0.0016028988175094128
0.03125837454340041,0.7548792958259583,0.0016058703185990453
0.03129124149561591,0.7799186110496521,0.0016222115373238921
0.0313719292515412,0.7692728638648987,0.0016088514821603894
0.03146103833550484,0.7698158025741577,0.0016093715094029903
0.03152007733854034,0.7673248648643494,0.001623047748580575
0.031620333200327755,0.7715119123458862,0.001608537626452744
0.031646919693162245,0.7770423889160156,0.001609586295671761
0.0316611316095321,0.7664452195167542,0.0016345786862075329
0.031763897741872715,0.7632278203964233,0.001606735517270863
0.03176796822980488,0.7815563678741455,0.0016081095673143864
0.031834225026593166,0.767871081829071,0.0016109604621306062
0.031870177849539605,0.7704336047172546,0.0016093708109110594
0.03190443321014447,0.7730767726898193,0.0016367954667657614
0.03199710211038598,0.7792751789093018,0.0016102856025099754
0.03203014001981119,0.7758249640464783,0.0016532809240743518
0.03203436497587797,0.7642112374305725,0.0016099460190162063
0.03214887856361848,0.7639971375465393,0.0016080113127827644
0.032206267660191856,0.7703152298927307,0.001610116451047361
0.03226472397913027,0.7635116577148438,0.0016074948944151402
0.03228801797053549,0.766589879989624,0.001636091386899352
0.032372648491006406,0.7766751050949097,0.00161207583732903
0.03242073195130235,0.7765627503395081,0.0016149815637618303
0.03252826607057435,0.7857251763343811,0.0016069383127614856
0.032544358350149016,0.7686429023742676,0.0016108095878735185
0.03265791758623815,0.781809389591217,0.001613296684809029
0.032747002309216344,0.7789691090583801,0.0016110080759972334
0.032806055540721246,0.7742266654968262,0.0016254152869805694
0.03290630191756416,0.7801821827888489,0.001611776533536613
0.03293290199045429,0.7918798327445984,0.0016161231324076653
0.0329470899778338,0.7823725938796997,0.001642777817323804
0.03304988435216827,0.7718532085418701,0.0016090814024209976
0.03305394255224059,0.787873387336731,0.0016106319380924106
0.03312018749211132,0.778777003288269,0.0016140525694936514
0.03315616941809452,0.7838438153266907,0.0016138224164023995
0.03319041033486403,0.7793260216712952,0.0016384547343477607
0.03328306910258927,0.7858833074569702,0.001611371641047299
0.0333160975270701,0.784555971622467,0.0016555936308577657
0.03332034598118494,0.7735550999641418,0.001612164662219584
0.03343485051366024,0.7787508964538574,0.0016126778209581971
0.03344068226573327,0.7945489883422852,0.0016168694710358977
0.0334922288316194,0.7830262780189514,0.0016138367354869843
0.033550713606654625,0.7731271982192993,0.001610595383681357
0.03357399423231744,0.7763246297836304,0.001639672089368105
0.03365861397480596,0.7870795726776123,0.0016147905262187123
0.03370671144736326,0.7902716398239136,0.0016188626177608967
0.03381423651179116,0.7966490387916565,0.0016138373175635934
0.03383034194174228,0.7798473238945007,0.0016147219575941563
0.0338631608210318,0.7995738387107849,0.0016269218176603317
0.03394390570493777,0.7913488149642944,0.0016162366373464465
0.034032966282717236,0.7907326817512512,0.0016151024028658867
0.03409203374332326,0.7866504192352295,0.0016301352297887206
0.03419227063480057,0.7919734716415405,0.0016165036940947175
0.034218884289009655,0.7999564409255981,0.0016168128931894898
0.034233048346556494,0.7927659153938293,0.001643357565626502
0.03433587096141122,0.7837462425231934,0.0016143168322741985
0.03433991665804703,0.8049015402793884,0.0016157960053533316
0.03440614995762936,0.7906591892242432,0.0016190668102353811
0.03444216120117327,0.7968618273735046,0.001618526759557426
0.034476387244007034,0.7954272627830505,0.0016444202046841383
0.03456903609479267,0.8000921607017517,0.0016165856504812837
0.03460205481833134,0.7990052700042725,0.0016604127595201135
0.03460632677091524,0.783819854259491,0.0016155504854395986
0.03472082267969934,0.7893165349960327,0.0016179080121219158
0.03472666736699337,0.8105114102363586,0.0016229053726419806
0.0347781897881021,0.7950890064239502,0.0016182024264708161
0.034836703449755535,0.7820618152618408,0.001612573629245162
0.034859970494941606,0.7856165170669556,0.0016428303206339478
0.03494457945839502,0.7997922301292419,0.0016200622776523232
0.03499269094258206,0.8010872602462769,0.0016227937303483486
0.035100206952376256,0.8098666071891785,0.0016164961270987988
0.035116325748701493,0.7895084619522095,0.0016174723859876394
0.035229893823216174,0.8040133714675903,0.0016210664762184024
0.03531893025748134,0.7991880178451538,0.0016181173268705606
0.03537801194592527,0.7934762239456177,0.0016306828474625945
0.03547823913603931,0.8000615835189819,0.0016187600558623672
0.03550486658756491,0.811316967010498,0.0016223881393671036
0.03551900671633179,0.8019968271255493,0.00164791161660105
0.035621857570233284,0.797589123249054,0.0016178168589249253
0.035625890979009034,0.8126999139785767,0.001619890215806663
0.03569211242272652,0.801750659942627,0.0016217707889154553
0.03572815276909669,0.8082868456840515,0.0016229256289079785
0.03576236436830549,0.8029171228408813,0.0016462826170027256
0.035888012325590135,0.8096122145652771,0.0016644925344735384
0.0358923077760116,0.7916687726974487,0.0016181120881810784
0.03600679484615954,0.8001075387001038,0.0016209373716264963
0.03601265246825369,0.819769561290741,0.0016267502214759588
0.036064150960161356,0.8065490126609802,0.0016225817380473018
0.036122693293067054,0.7981377840042114,0.0016194062773138285
0.036145946972089504,0.7984063625335693,0.0016473352443426847
0.03623054494135247,0.8085044026374817,0.0016232321504503489
0.03627867043822186,0.8132427334785461,0.0016269704792648554
0.03638617717864823,0.822036623954773,0.0016219245735555887
0.03640230955650259,0.7985922694206238,0.001621384173631668
0.03651588194191557,0.814197838306427,0.001624720636755228
0.036604894232034946,0.8150132894515991,0.0016236125957220793
0.036663990147895675,0.8093430995941162,0.001637091627344489
0.03676420785201262,0.8150680661201477,0.0016238749958574772
0.036790848886120164,0.8256357312202454,0.0016260797856375575
0.03680496530084154,0.8213410973548889,0.0016554376343265176
0.036907844396105394,0.8069666624069214,0.00162131292745471
0.036911865301444746,0.824759840965271,0.0016230311011895537
0.03697807510382123,0.8093976378440857,0.001625136355869472
0.03701414455238594,0.8184009194374084,0.0016263145953416824
0.03704834149260405,0.8151280879974365,0.0016509834676980972
0.037140970295618025,0.8217017650604248,0.0016237132949754596
0.03717396983284904,0.8166375160217285,0.0016647808952257037
0.037178288564268414,0.8084120750427246,0.0016249159816652536
0.037292767012198746,0.8045199513435364,0.001622114796191454
0.03729863778403775,0.8310879468917847,0.0016302301082760096
0.03735011191622284,0.8149465918540955,0.0016250645276159048
0.03740868313679946,0.8042291402816772,0.001621343893930316
0.03743192323450306,0.8078455924987793,0.0016506153624504805
0.03751651042515192,0.8211933374404907,0.0016269040061160922
0.03756464993428288,0.8259996175765991,0.001632629195228219
0.03767214762070703,0.8280055522918701,0.001620087306946516
0.03768829314851696,0.8141388893127441,0.0016264785081148148
0.037721039809050394,0.830700159072876,0.0016357406275346875
0.03780187006103619,0.8286095261573792,0.0016299106646329165
0.037890858205956945,0.8234403133392334,0.001626522745937109
0.037949968350708185,0.8160480260848999,0.0016398250591009855
0.03805017656924903,0.824394941329956,0.0016266419552266598
0.03807683118467553,0.8398095369338989,0.0016334367683157325
0.03809092367040634,0.8246363997459412,0.0016553349560126662
0.03819383100640106,0.8230013251304626,0.0016266658203676343
0.03819783962388046,0.8358924984931946,0.0016268014442175627
0.03826403756933927,0.8245179653167725,0.0016310085775330663
0.038300136120940964,0.8265776038169861,0.001628455938771367
0.038334318400904954,0.8308561444282532,0.001655667438171804
0.038426937503187486,0.833629846572876,0.0016278494149446487
0.038459927340318334,0.8306379914283752,0.0016713442746549845
0.03846426956873317,0.8200538754463196,0.0016279487172141671
0.03857873917865906,0.8226814866065979,0.0016285959864035249
0.038584622884666464,0.8417505025863647,0.0016334510874003172
0.0386360730882821,0.8248177170753479,0.0016287147300317883
0.038694672980531974,0.8164749145507812,0.0016254257643595338
0.03871789949712723,0.8189125061035156,0.0016545183025300503
0.03880247612431742,0.8316564559936523,0.0016309976344928145
0.03885062942992268,0.8386836647987366,0.0016356745036318898
0.03895811784634717,0.8438938856124878,0.0016297557158395648
0.03897427695526556,0.8270667195320129,0.001630654325708747
0.0390069994720742,0.8450202345848083,0.0016440172912552953
0.039087858395733255,0.8373723030090332,0.0016322019509971142
0.039176822396297495,0.8306251168251038,0.0016297606052830815
0.03923594655246809,0.8310599327087402,0.0016443344065919518
0.039336145286485324,0.8358957171440125,0.001630490180104971
0.03936281348217818,0.8503140211105347,0.0016342535382136703
0.03937688204018175,0.8399243354797363,0.0016617479268461466
0.03947981761648611,0.8325998187065125,0.0016300516435876489
0.03948381394526346,0.846734881401062,0.001630609855055809
0.03955000003359421,0.8320596218109131,0.0016328603960573673
0.03958612790486182,0.8438591957092285,0.001635587541386485
0.039620295525624516,0.8387757539749146,0.001658994471654296
0.039712904496022494,0.8432797193527222,0.001630649552680552
0.03974588484778774,0.8428661823272705,0.001675688079558313
0.03975025035846347,0.8308565020561218,0.0016327172052115202
0.039864711345119264,0.8284028172492981,0.001630611950531602
0.03987060798529496,0.8498183488845825,0.0016373683465644717
0.0399220340443438,0.8385322690010071,0.001632792060263455
0.03998066260826694,0.8288150429725647,0.0016297342954203486
0.04000387575848807,0.8258925676345825,0.0016568611608818173
0.040088441606643266,0.8404808044433594,0.0016338912537321448
0.040136608925983586,0.8444586396217346,0.0016376953572034836
0.04024408807261903,0.856344997882843,0.001633570296689868
0.04026026054685872,0.8380680680274963,0.0016343466704711318
0.040292959135097894,0.8497968316078186,0.001643635448999703
0.040373846514432654,0.8479440808296204,0.0016365553019568324
0.0404627863708511,0.8408640027046204,0.0016321999719366431
0.04052192475380678,0.8388425707817078,0.001648060861043632
0.04062211378772418,0.844829797744751,0.0016343522584065795
0.04064879578010194,0.8554759621620178,0.0016362007008865476
0.040662840409956935,0.8465222120285034,0.0016633141785860062
0.040765804225729174,0.8386618494987488,0.0016321478178724647
0.04076978805212261,0.8563980460166931,0.0016342250164598227
0.04083596249869137,0.846440315246582,0.0016381640452891588
0.04087211947236413,0.8544442057609558,0.0016380896558985114
0.040906272650554465,0.851715087890625,0.0016636357177048922
0.04099887148780479,0.8552395701408386,0.0016351540107280016
0.04103184235378343,0.8500617742538452,0.0016774388495832682
0.04103623114714128,0.842139482498169,0.0016356292180716991
0.041150683510316366,0.8455461263656616,0.0016363556496798992
0.04115659308634467,0.8613151907920837,0.0016404929338023067
0.04120799521577134,0.8470203876495361,0.0016360091976821423
0.04126665245115724,0.8384529948234558,0.001632861909456551
0.041289852020059636,0.8412128686904907,0.0016623211558908224
0.04137440708960083,0.8505242466926575,0.0016366996569558978
0.04142258842204449,0.8581832051277161,0.0016423704801127315
0.04153005851446734,0.8672928214073181,0.0016368997748941183
0.04154624435402843,0.8482665419578552,0.0016385536873713136
0.04157891879770059,0.8637292385101318,0.0016497905598953366
0.04165983463271128,0.8614524006843567,0.0016411509132012725
0.041748750345404595,0.8547747731208801,0.0016370902303606272
0.0418079029566194,0.8517317771911621,0.0016519466880708933
0.041908082504960587,0.8561872839927673,0.0016384441405534744
0.0419347780786572,0.874566376209259,0.0016450120601803064
0.041948798779521734,0.8599535822868347,0.001667640870437026
0.042051790834761626,0.85200434923172,0.001637334586121142
0.04205576237371622,0.8673334717750549,0.0016380230663344264
0.04212192517978608,0.8547673225402832,0.0016404028283432126
0.042158111255863995,0.8643267154693604,0.001642890041694045
0.042192249559065975,0.8612129092216492,0.0016659670509397984
0.04228483848000819,0.8646172881126404,0.0016387634677812457
0.04231779964462368,0.8623982667922974,0.0016814119881018996
0.042322212152448135,0.8494210839271545,0.0016384496120736003
0.04243665567635557,0.8542288541793823,0.0016388485673815012
0.042442578187394386,0.8742846846580505,0.0016445277724415064
0.04249395617246465,0.8588816523551941,0.0016398468287661672
0.04255264229446876,0.8513755202293396,0.0016371003584936261
0.04257582849804964,0.8481922149658203,0.0016640877583995461
0.042660372573400274,0.8636047840118408,0.0016415715217590332
0.042708568132418745,0.8670706152915955,0.0016464920481666923
0.04281602874031809,0.8749754428863525,0.0016401353059336543
0.04283222794604269,0.8585220575332642,0.0016413717530667782
0.04294582275141068,0.8713650703430176,0.0016443226486444473
0.043034714319326706,0.8625584840774536,0.001639708410948515
0.04309388115943191,0.8621673583984375,0.0016564552206546068
0.04319405122219688,0.8676270246505737,0.0016411242540925741
0.043220760376791456,0.8802366852760315,0.0016450929688289762
0.04323475714824454,0.8686039447784424,0.001670448575168848
0.04333777744505729,0.8633785843849182,0.0016399100422859192
0.04334173669552022,0.8768492341041565,0.0016414379933848977
0.04340788764530412,0.8682137727737427,0.0016456344164907932
0.04344410282378741,0.8727669715881348,0.0016446603694930673
0.04347822668336443,0.8743919730186462,0.001671272679232061
0.04357080568820915,0.8756313920021057,0.001641799695789814
0.04360375715209308,0.8733296394348145,0.0016857597511261702
0.04360819294217855,0.8623166680335999,0.0016433456912636757
0.043722627842815776,0.8667891025543213,0.001643225084990263
0.043728563502757334,0.8854050636291504,0.0016489531844854355
0.043779917343681696,0.8671876192092896,0.001642976887524128
0.04383863213820116,0.8610617518424988,0.0016413492849096656
0.043861804760673695,0.8619648814201355,0.0016689361073076725
0.04394633805698922,0.8760669231414795,0.0016463794745504856
0.043994547628058656,0.8776795268058777,0.0016498661134392023
0.04410199918174529,0.8842882513999939,0.0016412280965596437
0.044118211753633396,0.8675525784492493,0.001644519274123013
0.0442318108701103,0.8807492256164551,0.001646987977437675
0.04432067829282771,0.8728126883506775,0.0016428640810772777
0.04437985936203381,0.8687756657600403,0.0016571830492466688
0.04448001993943329,0.8773748874664307,0.001645397744141519
0.04450674267534671,0.8951001167297363,0.0016502324724569917
0.04452071551801984,0.8804353475570679,0.0016760341823101044
0.044623764055142456,0.8747248649597168,0.0016449393006041646
0.044627710802168874,0.8871821165084839,0.0016452035633847117
0.044693850110822275,0.8774362206459045,0.0016480885678902268
0.044730094606866166,0.8800614476203918,0.001646936172619462
0.04476420380724189,0.883304238319397,0.0016742327716201544
0.04485677268041244,0.8897385001182556,0.001647732686251402
0.04488971465872038,0.8855489492416382,0.0016884893411770463
0.04489417394643269,0.8708546757698059,0.0016456171870231628
0.04500860000927598,0.8749871253967285,0.0016465841326862574
0.04501454860338605,0.8932379484176636,0.0016507691470906138
0.0450658783001644,0.8757247924804688,0.0016456164885312319
0.04512462198193368,0.8715152740478516,0.0016440616454929113
0.04514778102329786,0.8721539378166199,0.0016702536959201097
0.04523230354057839,0.8814646601676941,0.0016475459560751915
0.04528052712411956,0.890708863735199,0.0016536391340196133
0.045387969407175044,0.8926352858543396,0.0016451409319415689
0.045404195344384446,0.8761458396911621,0.00164821557700634
0.04551779920480725,0.8936176300048828,0.0016517690382897854
0.0456066422673812,0.8883833885192871,0.0016493741422891617
0.045665837564635825,0.8811487555503845,0.0016616472275927663
0.045765988440672145,0.8878986835479736,0.001647470286116004
0.04579272497348097,0.9031862020492554,0.0016529214335605502
0.045806673887795135,0.884482204914093,0.001675451290793717
0.045909750664595905,0.8818430304527283,0.0016468768008053303
0.04591368512376248,0.8962906002998352,0.0016479995101690292
0.04597981257591932,0.8851369619369507,0.0016509104752913117
0.04601608617542108,0.892219066619873,0.001651925966143608
0.04605018071659539,0.8930317759513855,0.0016773304669186473
0.04614273967303695,0.8971065282821655,0.0016494892770424485
0.046175672165979176,0.892505943775177,0.001691121724434197
0.04618015473553161,0.8812278509140015,0.0016490747220814228
0.04629457217573618,0.8910123109817505,0.0016523266676813364
0.046300533704435654,0.907819926738739,0.0016564844409003854
0.04635183925685771,0.891349196434021,0.0016521813813596964
0.046410611608826535,0.8785749077796936,0.0016473176656290889
0.046433757284869204,0.8796539306640625,0.0016749409260228276
0.04651826902353573,0.8928221464157104,0.001651185448281467
0.04656650662018047,0.8994498252868652,0.0016561285592615604
0.04667393984923396,0.9024931192398071,0.0016479629557579756
0.046690179151554156,0.8880766034126282,0.0016522614751011133
0.04680378732392787,0.9001447558403015,0.001653017126955092
0.04689260624193481,0.891352653503418,0.0016482321079820395
0.046951815765974625,0.8925577402114868,0.0016653172206133604
0.04705195715664534,0.9021790623664856,0.0016542619559913874
0.04707870727119412,0.9127948880195618,0.0016565853729844093
0.047092632256096834,0.8969948291778564,0.001681047142483294
0.047195737274049465,0.8919188976287842,0.0016506967367604375
0.04719965944619808,0.905704915523529,0.0016511408612132072
0.047265775041437585,0.8945187330245972,0.0016540990909561515
0.047302077743133886,0.9020259976387024,0.001655037747696042
0.04733615784152545,0.9053065180778503,0.0016814632108435035
0.0474287068812379,0.9030543565750122,0.0016524214297533035
0.04746162967344858,0.9045644998550415,0.0016963991802185774
0.04746613573999647,0.893957793712616,0.0016537006013095379
0.04758054412619883,0.8941844701766968,0.0016527879051864147
0.04758651880548537,0.9181237816810608,0.0016600843518972397
0.04763780042828525,0.8949041366577148,0.0016518828924745321
0.04769660145213783,0.8859788775444031,0.0016491081332787871
0.04771973376243821,0.8888559937477112,0.0016780938021838665
0.047804234507335286,0.9034947156906128,0.0016553524183109403
0.04785248611624138,0.9100437760353088,0.0016605326673015952
0.047959910075716206,0.9153429269790649,0.0016538141062483191
0.04797616274356842,0.8970203995704651,0.0016548431012779474
0.04808977544241688,0.9109344482421875,0.0016570640727877617
0.04817857021585681,0.9069896340370178,0.0016563378740102053
0.04823779396815553,0.9029144048690796,0.0016688245814293623
0.04833792587388175,0.9094679951667786,0.0016562386881560087
0.04836468935417304,0.924748957157135,0.0016603006515651941
0.04837859084060658,0.9058851003646851,0.0016817833529785275
0.04848172388371352,0.9022643566131592,0.0016537582268938422
0.04848563355284674,0.9150127172470093,0.001654676627367735
0.04855173750695563,0.9093695878982544,0.001658973516896367
0.04858806952663375,0.9152328372001648,0.0016590034356340766
0.04862213496540291,0.9172687530517578,0.0016849269159138203
0.048714673873441305,0.9129911065101624,0.0016539936186745763
0.048747587180917984,0.9153046011924744,0.0016992411110550165
0.048752116529726774,0.9018396735191345,0.0016567424172535539
0.048866516292659035,0.9109941720962524,0.0016591763123869896
0.048872504122111526,0.9237019419670105,0.0016615809872746468
0.04892376138476806,0.9066196084022522,0.0016576428897678852
0.04898259129587035,0.8966730833053589,0.00165269966237247
0.04900571002422027,0.8984913229942322,0.0016802145401015878
0.049090199990924344,0.9098597168922424,0.0016569147119298577
0.049138465611039184,0.9215341210365295,0.001664239214733243
0.04924588051672241,0.9184021353721619,0.0016538524068892002
0.049262146551159236,0.9079285264015198,0.0016583956312388182
0.04937576356090578,0.9196984171867371,0.0016596841160207987
0.04946453419062091,0.9069902300834656,0.0016548207495361567
0.04952377217075754,0.9087540507316589,0.0016711513744667172
0.0496238943755416,0.916860818862915,0.0016582179814577103
0.04965067165230719,0.9385775327682495,0.0016657657688483596
0.04966454921038199,0.9173352122306824,0.0016873735003173351
0.04976771049379858,0.910610020160675,0.0016569762956351042
0.04977160787422985,0.9227944016456604,0.0016568854916840792
0.049837700186787126,0.914533793926239,0.0016609005397185683
0.04987406109497816,0.92146235704422,0.0016608611913397908
0.04990811187475641,0.9245644211769104,0.001687130075879395
0.050000640866065815,0.9240667223930359,0.0016588655998930335
0.05003354447260033,0.919067919254303,0.0017003640532493591
0.05003809731924658,0.9118022322654724,0.001659085275605321
0.05015848922189803,0.9348104000091553,0.001665698946453631
0.05020972255682721,0.9169307947158813,0.0016600640956312418
0.05026858092402642,0.9078688025474548,0.0016563116805627942
0.050291686286002224,0.9092729091644287,0.0016849255189299583
0.05037616547325019,0.9218237996101379,0.001661046757362783
0.05042444510667898,0.9306079745292664,0.0016676175873726606
0.050531850742994155,0.9315763115882874,0.001657735207118094
0.050548130143173386,0.9158046245574951,0.001661198679357767
0.050661751679605294,0.9296647310256958,0.001663665403611958
0.05075049816517452,0.9155942797660828,0.0016579098301008344
0.050809750372727946,0.9192882776260376,0.001674589584581554
0.0509098630923569,0.92923903465271,0.0016628128942102194
0.050936653950862554,0.9377220869064331,0.0016624679556116462
0.05095050757994679,0.927513062953949,0.001689923694357276
0.051053697103883744,0.9183472394943237,0.0016597876092419028
0.051057582196033846,0.9311572313308716,0.0016592073952779174
0.05112366265188417,0.9225535988807678,0.0016633487539365888
0.05116005266269097,0.9318644404411316,0.0016646706499159336
0.05119408899884437,0.9334626793861389,0.0016910274280235171
0.05128660785784811,0.9321314096450806,0.0016602736432105303
0.051319501979017135,0.9301440715789795,0.001704289112240076
0.051324078323079836,0.9207375645637512,0.0016627610893920064
0.051444474322526745,0.9416108131408691,0.0016684624133631587
0.0514956835128888,0.9251099824905396,0.0016625430434942245
0.051554570767337715,0.9152488708496094,0.001659400761127472
0.05157766254841567,0.917512834072113,0.0016868405509740114
0.051662131171994585,0.9281784892082214,0.0016623303527012467
0.05171042460273989,0.9376736283302307,0.0016697325045242906
0.05181782096884502,0.9400002956390381,0.001660786336287856
0.05183411394950099,0.9251158833503723,0.001664124196395278
0.0519477397987258,0.9382457733154297,0.0016666775336489081
0.05203646213972801,0.9262640476226807,0.0016622546827420592
0.052095728575540456,0.9267309904098511,0.0016775422263890505
0.05219583159401675,0.9370079636573792,0.0016654384089633822
0.0522226362489967,0.9510068297386169,0.0016702485736459494
0.05223646594951159,0.9330331683158875,0.0016924054361879826
0.0523396837135478,0.9282797574996948,0.00166229042224586
0.05234355630226151,0.9406968355178833,0.0016636073123663664
0.052409625117402325,0.9311367869377136,0.00166633992921561
0.052446044446822326,0.9406985640525818,0.0016672041965648532
0.05248006590672427,0.9451757669448853,0.001695103244856
0.05257257506562796,0.9353446364402771,0.001662817201577127
0.05260545948648643,0.9390860795974731,0.001706850714981556
0.052610059111968144,0.926929235458374,0.0016650538891553879
0.052724432790355547,0.932766318321228,0.0016659732209518552
0.05273045942357635,0.9500458836555481,0.0016708195907995105
0.05278164468452706,0.9331319332122803,0.001665119081735611
0.05284056060980713,0.9253936409950256,0.0016617157962173223
0.05286363881103984,0.9253906607627869,0.0016900075133889914
0.05294809665558364,0.9444421529769897,0.0016697302926331758
0.0529964040983798,0.948589563369751,0.0016735871322453022
0.053103791410272216,0.9420245289802551,0.0016605756245553493
0.05312009754109415,0.9328626394271851,0.0016672861529514194
0.05323372791784631,0.9442145824432373,0.0016684960573911667
0.05332242611386051,0.9318554997444153,0.001664124894887209
0.05338170677730025,0.9381982684135437,0.0016805798513814807
0.05348180031125316,0.9473862648010254,0.0016692053759470582
0.053508618546288966,0.96090167760849,0.0016725972527638078
0.05352242431844478,0.9398965835571289,0.0016935068415477872
0.053625670322790864,0.9367703795433044,0.0016663725255057216
0.05362953062448672,0.9463280439376831,0.0016650172183290124
0.05369558758292048,0.9401500821113586,0.001670195604674518
0.05373203601432475,0.9495744109153748,0.00167085079010576
0.05376604303144383,0.9531258940696716,0.001696914085187018
0.05385854205825247,0.9446167945861816,0.0016641399124637246
0.05389141699395583,0.9493634700775146,0.0017108984757214785
0.053896039901698556,0.9381475448608398,0.0016678898828104138
0.054010404741239304,0.9455256462097168,0.0016703539295122027
0.054016444524205065,0.9594035744667053,0.001674133469350636
0.05406760564016755,0.9392433762550354,0.001667098025791347
0.0541265502379632,0.9323313236236572,0.0016648279270157218
0.05414961528924034,0.9329981803894043,0.0016919313929975033
0.0542340621391727,0.9515554308891296,0.0016714859521016479
0.05428238359444071,0.957407534122467,0.0016762895975261927
0.054406081348684965,0.9407630562782288,0.001669431570917368
0.05451971625128027,0.9545721411705017,0.0016717154067009687
0.054608390087151015,0.9442803859710693,0.0016679399413987994
0.05466768497948127,0.9455886483192444,0.0016835943097248673
0.05476776902806846,0.9540388584136963,0.0016720864223316312
0.05479460084484422,0.9711750745773315,0.0016766911139711738
0.05480838268822008,0.9468622803688049,0.001697228173725307
0.05491165693245492,0.943729817867279,0.0016680870903655887
0.05491550494671171,0.9537021517753601,0.0016682310961186886
0.05498155004843874,0.9460248351097107,0.001671296777203679
0.055018027796982505,0.9594705700874329,0.0016737940022721887
0.055052019940797337,0.9584448933601379,0.0016984328394755721
0.05514450905045576,0.9542590379714966,0.0016702054999768734
0.055177374499951526,0.9568766355514526,0.0017128795152530074
0.055182020906794804,0.9435099363327026,0.0016705566085875034
0.05529637690769951,0.9520442485809326,0.0016734012169763446
0.05530242962525467,0.9648534655570984,0.001675575040280819
0.05535356659686075,0.951140284538269,0.0016704513691365719
0.055412540081695605,0.9405189156532288,0.0016679601976647973
0.05543559155081179,0.943303108215332,0.0016954580787569284
0.05552002762276165,0.9574825763702393,0.0016731217037886381
0.055568363090501616,0.9642609357833862,0.0016791103407740593
0.05567573186197372,0.9576579332351685,0.001666703843511641
0.05569206494027812,0.9487200379371643,0.0016727478941902518
0.05580570436997978,0.9661597013473511,0.0016755880787968636
0.05589435406170462,0.9473798871040344,0.0016683887224644423
0.05595366318208317,0.9565249085426331,0.0016873993445187807
0.056053737528886205,0.9622710347175598,0.0016739434795454144
0.05608058292782303,0.9753749370574951,0.0016764597967267036
0.05609434105778499,0.9559615850448608,0.0016986121190711856
0.05619764354190848,0.9528683423995972,0.0016714492812752724
0.056201479052939374,0.9656119346618652,0.0016710861818864942
0.05626751251353579,0.951908528804779,0.0016736947000026703
0.05630401936553742,0.9668326377868652,0.0016766858752816916
0.056337997065727397,0.9675742983818054,0.0017026123823598027
0.05646333179079177,0.9615866541862488,0.0017145725432783365
0.05646800169631472,0.9535475373268127,0.0016737683909013867
0.05658234907415971,0.9609360098838806,0.0016758580459281802
0.05658841472546228,0.9763656258583069,0.0016797040589153767
0.056639527769130504,0.9560362696647644,0.0016710566123947501
0.05669852992500701,0.9436445832252502,0.0016686426242813468
0.05672156781196225,0.9499778151512146,0.0016981640364974737
0.05680599310592971,0.9653805494308472,0.0016756233526393771
0.056854342586141526,0.9712472558021545,0.0016798331635072827
0.056961702304032635,0.9712047576904297,0.001671685022301972
0.05697804853229238,0.958024263381958,0.0016752545488998294
0.05709169248910029,0.9760995507240295,0.001678729080595076
0.057180318036258115,0.9562264680862427,0.0016724083106964827
0.05723964138426407,0.9576475620269775,0.00168706476688385
0.057339706245701616,0.9681749939918518,0.0016752805095165968
0.057366565226378397,0.9846935272216797,0.0016803995240479708
0.057380299426507686,0.9609571099281311,0.0017013737233355641
0.057483630152204146,0.9596693515777588,0.0016730421921238303
0.05748745337516448,0.9693100452423096,0.0016726787434890866
0.05755347497905383,0.9629729390144348,0.0016769350040704012
0.05759001093409222,0.9747766256332397,0.0016789698274806142
0.05762397419044685,0.9757978916168213,0.0017049824818968773
0.05771644303570467,0.9715527296066284,0.0016745340544730425
0.057749289298261286,0.9679518938064575,0.001717018662020564
0.057753982485202915,0.9601864814758301,0.0016759912250563502
0.05786832124019892,0.9644089937210083,0.001677647465839982
0.05787440004166744,0.9831868410110474,0.0016825448255985975
0.05792548872477121,0.9608734846115112,0.0016745979664847255
0.05798451955253148,0.9563953280448914,0.0016728914342820644
0.058007544074586304,0.9601932168006897,0.0017013964243233204
0.058091958589518655,0.9712355732917786,0.0016776352422311902
0.05814032208136033,0.9776791930198669,0.0016839378513395786
0.05824767253051488,0.9713510870933533,0.0016712514916434884
0.05826403233988309,0.9618208408355713,0.0016763615421950817
0.058377680608220905,0.9817250370979309,0.0016809633234515786
0.05846628201039061,0.9638627171516418,0.0016740976134315133
0.058525619586866084,0.9666457176208496,0.001690544537268579
0.05862567474736158,0.9777206182479858,0.0016796933487057686
0.05865254752514415,0.990204930305481,0.0016829564701765776
0.05866625779628298,0.97015780210495,0.0017032467294484377
0.0587696167622892,0.9641645550727844,0.0016747451154515147
0.058773427481813134,0.9790279865264893,0.0016759965801611543
0.058839437444571985,0.9751719832420349,0.00168133236002177
0.05887600250159464,0.980097770690918,0.0016809157095849514
0.05890995109832675,0.9831786751747131,0.001707558985799551
0.059002410243484515,0.976089596748352,0.0016762466402724385
0.05903524680573047,0.9774508476257324,0.0017192426603287458
0.05903996348966778,0.9651950597763062,0.0016776523552834988
0.05915429319045118,0.9742760062217712,0.001680197543464601
0.05916038514271704,0.9897636771202087,0.0016836305148899555
0.059211449681253914,0.9652788639068604,0.0016757675912231207
0.059270509395632276,0.960823118686676,0.0016738956328481436
0.05929352033721036,0.9652019739151001,0.001703016459941864
0.0593779240731076,0.9780462384223938,0.0016801155870780349
0.05942630157700013,0.984866201877594,0.0016863897908478975
0.05953364275594453,0.9836655259132385,0.0016764897154644132
0.05955001593126574,0.96954745054245,0.0016789535293355584
0.059663668726920305,0.9853811860084534,0.001681918860413134
0.05975224598494422,0.9705153107643127,0.0016757200937718153
0.059811597789467985,0.9740850329399109,0.001693369122222066
0.059911643464597875,0.9828599691390991,0.0016812889371067286
0.0599385298226468,0.9991759657859802,0.0016852148110046983
0.05995221616521629,0.9774767160415649,0.0017070999601855874
0.06005560337174276,0.9735166430473328,0.0016779728466644883
0.060059401802775136,0.9833075404167175,0.001677309744991362
0.06012539990966903,0.9830000400543213,0.0016833457630127668
0.06016199428509439,0.9871376752853394,0.0016830068780109286
0.06019592822241471,0.9872869253158569,0.0017086256993934512
0.060288377236109025,0.979703426361084,0.0016771377995610237
0.060321204312989374,0.9835945963859558,0.0017213355749845505
0.0603259442787667,0.9721541404724121,0.0016798657597973943
0.060440265356279776,0.9780271053314209,0.0016805903287604451
0.06044637024334576,0.9942270517349243,0.0016862910706549883
0.06049741085352356,0.9783931374549866,0.0016806904459372163
0.06055649923936479,0.9664654731750488,0.001676168292760849
0.06057949681435837,0.9699453711509705,0.0017044226406142116
0.06066388955543345,0.9842425584793091,0.0016821741592139006
0.06071228107306115,0.9877181053161621,0.0016861767508089542
0.060835999738224844,0.9748019576072693,0.0016809891676530242
0.06094965684477771,0.9926080107688904,0.001684852410107851
0.061038209959497824,0.9742669463157654,0.0016773475799709558
0.061097575990806896,0.9806531071662903,0.0016955423634499311
0.061197612181413286,0.9905409812927246,0.00168343645054847
0.061224512120360064,1.0042874813079834,0.0016877216985449195
0.06123817453436009,0.9811636805534363,0.0017074189381673932
0.06134158998119632,0.9719615578651428,0.0016771819209679961
0.0613453759090028,0.993319571018219,0.001680739806033671
0.06141136237455558,0.9839535355567932,0.0016841335454955697
0.06144798585280731,0.9938845038414001,0.0016857481095939875
0.06148190513176821,0.9943495988845825,0.001711304415948689
0.06157434422810193,0.9876013994216919,0.0016800614539533854
0.061607161819616674,0.9826465845108032,0.0017209367360919714
0.061611925067444395,0.976142942905426,0.0016808994114398956
0.06172623752231898,0.985691487789154,0.0016838742885738611
0.06173235534439536,0.9974972009658813,0.0016864152858033776
0.06178337181021687,0.9730833768844604,0.0016777075361460447
0.06184248886773136,0.971271812915802,0.0016777963610365987
0.061865473076771926,0.9703524708747864,0.001704131020233035
0.06194985503860151,0.9882500171661377,0.0016834783600643277
0.061998260569122055,0.9984411001205444,0.0016897567547857761
0.0621055834232227,0.9900785684585571,0.001676929066888988
0.06212198332981811,0.9817826747894287,0.0016837463481351733
0.06223564496389833,0.9956674575805664,0.0016853538108989596
0.06232417393405132,0.9781537652015686,0.0016789286164566875
0.0623835541929878,0.9848170876502991,0.001696127699688077
0.062483580683073026,0.99098140001297,0.0016828731168061495
0.06251049420333876,1.0052653551101685,0.00168603437487036
0.06252413290392478,0.982397198677063,0.0017096151132136583
0.06262757659086038,0.9803413152694702,0.0016804481856524944
0.06263135023122779,0.9950859546661377,0.0016815779963508248
0.06269732505501868,0.9873976111412048,0.0016846241196617484
0.06273397742136222,0.9963052868843079,0.001686200383119285
0.06276788225564567,0.9974592328071594,0.0017122551798820496
0.06286031122009483,0.9923884868621826,0.0016808947548270226
0.06289311911150952,0.9966335296630859,0.0017255033599212766
0.0628979058571747,0.9809017777442932,0.0016829661326482892
0.06301220968877919,0.9889463782310486,0.0016852023545652628
0.06301834044481347,1.0055832862854004,0.0016895041335374117
0.06306933276585736,0.9869008660316467,0.001683116308413446
0.06312847871083216,0.9784778356552124,0.0016797489952296019
0.06315144933876438,0.9794504642486572,0.0017081797122955322
0.06323582052219046,0.990605890750885,0.0016832419205456972
0.06328424006391986,1.001641869544983,0.0016919125337153673
0.06339155364949445,0.9946005940437317,0.0016784426989033818
0.06340796692183226,0.9810274839401245,0.0016826350474730134
0.06352163308301895,1.002926230430603,0.0016883150674402714
0.06361013790860492,0.9840380549430847,0.0016815486596897244
0.0636695323955897,0.9900593757629395,0.0016984548419713974
0.06376954939988844,0.9965260624885559,0.001685379073023796
0.06379647650147313,1.015294075012207,0.0016915099695324898
0.06381009127306858,0.9908499717712402,0.0017117997631430626
0.06391356320094554,0.9855718612670898,0.0016815062845125794
0.06391732433787656,0.9959498047828674,0.0016811874229460955
0.06398328752053684,0.9903684258460999,0.0016863014316186309
0.06401996898970652,1.0044275522232056,0.001688848016783595
0.06405385916499917,1.0047804117202759,0.001714507583528757
0.06414627821271923,0.9937485456466675,0.0016816408606246114
0.06417907661876843,0.9960020184516907,0.0017249049851670861
0.06418388686248155,0.9847478866577148,0.001684048562310636
0.06429818163966294,0.9945380687713623,0.0016868439270183444
0.06430432554481058,1.0104155540466309,0.0016909186961129308
0.0643552939366534,0.986772894859314,0.0016827452927827835
0.06441446833856712,0.981516420841217,0.0016806919593364
0.06443742560075694,0.9832798838615417,0.001709462027065456
0.06452178600577951,0.9987009167671204,0.0016869418323040009
0.06457021934398322,1.004502296447754,0.0016915787709876895
0.06467752409134264,1.0000184774398804,0.0016816874267533422
0.06469395072942308,0.9840363264083862,0.0016846687067300081
0.06480762120171846,1.0076022148132324,0.0016898715402930975
0.06489610188189543,0.9896120429039001,0.0016824811464175582
0.06495551038261516,0.9907445907592773,0.0016982239903882146
0.06505551790070618,0.9949766397476196,0.001684387680143118
0.06508245880002839,1.0185692310333252,0.0016915504820644855
0.06509604964263338,0.9916853904724121,0.001711642718873918
0.0651995498110306,0.9898208379745483,0.0016830995446071029
0.06520329866010166,0.9999875426292419,0.0016828908119350672
0.06526924998605499,0.9947182536125183,0.001687586773186922
0.06530596077236439,1.0054900646209717,0.0016889292746782303
0.06533983628992923,1.0054997205734253,0.0017146519385278225
0.06543224520492263,0.9993903636932373,0.0016834735870361328
0.06546503412518512,1.000415325164795,0.0017267956864088774
0.06546986765073837,0.9909895658493042,0.0016857933951541781
0.06558415380612315,0.9968094825744629,0.0016872952692210674
0.06559031064586018,1.010507583618164,0.0016912020510062575
0.06564125489334671,0.9912757277488708,0.001684861839748919
0.06570045818145753,0.9831843376159668,0.0016815002309158444
0.0657234018631705,0.9850061535835266,0.0017092217458412051
0.06580775148936846,0.9970593452453613,0.0016861832700669765
0.06585619884004412,1.0094949007034302,0.0016942269867286086
0.0659634943169829,1.0016331672668457,0.0016822338802739978
0.06597993432017424,0.9894827008247375,0.0016862788470461965
0.06609360931999686,1.0092692375183105,0.0016897065797820687
0.06618206585602793,0.9913133382797241,0.0016835894202813506
0.06624148858521728,0.9919606447219849,0.0016994256293401122
0.06634148661794259,1.0063209533691406,0.0016887987731024623
0.06636844109816264,1.0162345170974731,0.0016907633980736136
0.06638200801219818,0.9939560294151306,0.0017128322506323457
0.06648553641985255,0.9889954924583435,0.0016836664872244
0.06648927276632921,1.001821517944336,0.0016830788226798177
0.06655521245115203,0.9969806671142578,0.001687975018285215
0.0665919523400772,1.0048929452896118,0.0016898411558941007
0.06662581319823013,1.0109381675720215,0.0017166492762044072
0.06675099163265452,1.0024663209915161,0.0017270579701289535
0.06675584843962667,0.9911231994628906,0.0016863798955455422
0.06687012597258335,0.9997689127922058,0.0016892778221517801
0.0668762957469099,1.0102636814117432,0.0016911544371396303
0.0669272158500398,0.9895901083946228,0.001684002112597227
0.06698644802476894,0.9869871735572815,0.001682767178863287
0.067009378340529,0.9853596091270447,0.0017099754186347127
0.06709371697253641,1.002206802368164,0.0016885531367734075
0.06714217833610503,1.0064786672592163,0.0016913996078073978
0.06724946454346525,0.9985381364822388,0.0016782364109531045
0.06726591791176739,0.9902428388595581,0.0016864968929439783
0.06737959743869637,1.011087417602539,0.0016907448880374432
0.06746802983058153,0.9888590574264526,0.0016835432033985853
0.06752746678739818,0.9945040941238403,0.0017001442611217499
0.06762745511918133,1.0005040168762207,0.0016855341382324696
0.06765442318029935,1.0210803747177124,0.0016923397779464722
0.06766796638113148,0.991330087184906,0.0017110990593209863
0.06777152302951672,0.9887633323669434,0.0016828372608870268
0.06777524708771232,1.0067318677902222,0.001685393275693059
0.06784117491667019,0.9973506331443787,0.001688217162154615
0.06787794390863211,1.006926417350769,0.0016882868949323893
0.0679117903225287,1.011125087738037,0.0017174533568322659
0.0680041794057481,0.9983503222465515,0.0016831069951876998
0.06803694892454737,1.0024983882904053,0.001727987197227776
0.06804182944493353,0.9887608289718628,0.001684884657151997
0.0681560979224145,0.996498167514801,0.0016874290304258466
0.06816228084795961,1.0136899948120117,0.0016929646953940392
0.06821317702125695,0.9912622570991516,0.001684211427345872
0.0682724376529249,0.9872890114784241,0.0016828563529998064
0.06829535460315295,0.9864267110824585,0.0017099498072639108
0.06837968224054902,1.0003031492233276,0.0016874229768291116
0.06842815783237644,1.0105077028274536,0.0016951076686382294
0.06853543476973711,1.0091228485107422,0.0016856204019859433
0.0685519017193581,0.9900906682014465,0.00168602482881397
0.06866558555781688,1.0142011642456055,0.0016914349980652332
0.06875399380471392,0.9895524978637695,0.00168258894700557
0.06881344498915798,0.9973853230476379,0.001701228553429246
0.06891342383641774,1.0068883895874023,0.0016892426647245884
0.06894040547906521,1.0194721221923828,0.0016921142814680934
0.06895392475090678,0.9916174411773682,0.001711652148514986
0.06905750963960178,0.9917923212051392,0.0016841302858665586
0.06906122119393987,1.0014488697052002,0.0016834320267662406
0.06912713738218845,0.998385488986969,0.0016886629164218903
0.06916393547697652,1.00851309299469,0.0016905914526432753
0.0691977672310401,1.0102684497833252,0.0017164703458547592
0.06929014639795139,1.0019781589508057,0.001684615039266646
0.06932290643096406,0.9979749321937561,0.0017262973124161363
0.06932781023445334,0.9926483035087585,0.001686309464275837
0.06944207008824321,1.002459168434143,0.0016898480243980885
0.06944826594858822,1.0148998498916626,0.0016934967134147882
0.06949913797795026,0.9893003702163696,0.001684292103163898
0.06955842749665753,0.9874707460403442,0.001682849950157106
0.0695813308655665,0.9867005348205566,0.0017100023105740547
0.06966564772413797,1.0021636486053467,0.0016882694326341152
0.06971413732780585,1.0074383020401,0.0016925655072554946
0.06982140521032221,1.004917025566101,0.0016839726595208049
0.06983788531137236,0.9920340776443481,0.0016865571960806847
0.0699515736769375,1.0104659795761108,0.0016901552444323897
0.07003995777926753,0.9929136633872986,0.001683924114331603
0.07009942319133888,0.9956133961677551,0.0016998269129544497
0.0701993923380777,1.001483678817749,0.00168701377697289
0.07022638777698886,1.020121693611145,0.001691402168944478
0.07023988312047158,0.9936306476593018,0.0017119323601946235
0.07034349624968694,0.992671012878418,0.0016839700983837247
0.07034719551574398,1.002658724784851,0.0016843258636072278
0.0704130998472855,0.9970157742500305,0.001687537762336433
0.07044992704532094,1.01034414768219,0.001690934062935412
0.07048374435597016,1.0105245113372803,0.0017172809457406402
0.0705761133897338,1.0009326934814453,0.0016851864056661725
0.07060886393780197,0.9973333477973938,0.0017255722777917981
0.07061379102397314,0.992354154586792,0.001686263014562428
0.07072804225470342,0.9977462291717529,0.001688048942014575
0.07073425104837472,1.0148367881774902,0.001692946651019156
0.07078509893464346,0.9929871559143066,0.0016850308747962117
0.07084441712439238,0.9896794557571411,0.0016839104937389493
0.07086730712671707,0.9865590333938599,0.0017098644748330116
0.07095161320646381,1.004085659980774,0.0016890109982341528
0.07100011682344576,1.0104739665985107,0.0016950085991993546
0.07110737543596257,1.003538966178894,0.0016818675212562084
0.07112386890338662,0.9892597794532776,0.0016850389074534178
0.0712375617956369,1.0085139274597168,0.0016896682791411877
0.07132592153824469,0.9914133548736572,0.001683107460848987
0.07138540139351979,0.9956608414649963,0.0017006108537316322
0.071485361054893,1.0031709671020508,0.001687758369371295
0.07151237007554412,1.020593523979187,0.0016916771419346333
0.07152584149003638,0.9957525134086609,0.0017137579852715135
0.071629482859772,0.994040846824646,0.0016850967658683658
0.07163316962239263,1.0029077529907227,0.0016842485638335347
0.07169906231280354,0.995968759059906,0.0016872019041329622
0.0717359188279788,1.0062919855117798,0.0016884637298062444
0.07176972126511316,1.009395956993103,0.0017162853619083762
0.0718620803819372,0.995398223400116,0.0016817244468256831
0.07189482144442927,1.0035139322280884,0.0017272544791921973
0.07189977181222995,0.9905262589454651,0.0016852938570082188
0.07201401420516618,1.0003923177719116,0.0016893476713448763
0.07202023614942443,1.0113637447357178,0.0016917757457122207
0.07207106010670272,0.9916087985038757,0.001685066265054047
0.07213040696749329,0.9882835745811462,0.0016834244597703218
0.07215328338849902,0.9863107204437256,0.0017098847310990095
0.07223757868963188,1.0026785135269165,0.0016881040064617991
0.07228609631866445,1.0074650049209595,0.0016932276776060462
0.07239334566244482,1.0013740062713623,0.001681109075434506
0.07240985270971412,0.9911398887634277,0.0016865605721250176
0.07252354991433652,1.0103278160095215,0.0016903160139918327
0.07261188551279829,0.9896250367164612,0.0016831069951876998
0.0726713795961218,0.9963985681533813,0.0016996973427012563
0.07277132955655286,1.0031601190567017,0.001687504816800356
0.07279835215810193,1.0211851596832275,0.0016921190544962883
0.07281179985918018,0.9909478425979614,0.0017127831233665347
0.07291546946859395,0.9925954937934875,0.0016843235353007913
0.07291914372904129,1.004303216934204,0.0016841336619108915
0.0729850247779007,0.9939268231391907,0.0016868447419255972
0.073021910395902,1.0113091468811035,0.0016912173014134169
0.07305569838856951,1.006044626235962,0.0017157045658677816
0.0731480473745616,0.9986522197723389,0.0016837952425703406
0.07318077895189867,1.0027997493743896,0.0017263852059841156
0.07318575260132876,0.9901710152626038,0.0016858162125572562
0.07329998637162627,0.9940870404243469,0.001686079427599907
0.07330622125047415,1.015136957168579,0.0016925276722759008
0.07335702106318542,0.9926124215126038,0.001684082206338644
0.07341639659501775,0.9888738393783569,0.0016831092070788145
0.07343925986669952,0.9873091578483582,0.001709850155748427
0.07352354417322082,1.0049452781677246,0.001688885036855936
0.07357207581430436,1.0071569681167603,0.0016926426906138659
0.07367931588871668,1.0069513320922852,0.0016852646367624402
0.07369583630130738,0.9920706748962402,0.001687000272795558
0.07380953803261492,1.0141477584838867,0.0016920450143516064
0.0738978494873519,0.9927500486373901,0.00168412528000772
0.07395735758314725,0.9972171783447266,0.0017008306458592415
0.07405729827336827,1.001695990562439,0.0016868242528289557
0.0740843344553942,1.0191848278045654,0.0016897707246243954
0.07409775822748177,0.9935279488563538,0.0017123534344136715
0.07420145586268156,0.9895352721214294,0.001683826558291912
0.0742051180512664,1.0029062032699585,0.001683838665485382
0.07427098724257675,0.9957988262176514,0.0016878844471648335
0.07430790196424653,1.0078452825546265,0.0016904009971767664
0.07434167529708102,1.0066556930541992,0.0017162924632430077
0.07443401436718611,1.0023318529129028,0.0016854610294103622
0.07446673624358102,0.9951401352882385,0.0017230429220944643
0.07447173360642512,0.9902440905570984,0.0016858115559443831
0.07458595832251003,0.9963505864143372,0.001687917043454945
0.07459220656667931,1.0137912034988403,0.0016933716833591461
0.07464298201903652,0.9923883080482483,0.0016853070119395852
0.07470238643875027,0.9891290664672852,0.0016836895374581218
0.07472523612911308,0.9826784729957581,0.0017083832062780857
0.07480950965680977,1.0010621547698975,0.0016871418338268995
0.07485805531036527,1.0118980407714844,0.0016944779781624675
0.07496528611498843,1.0012627840042114,0.0016821319004520774
0.07498181989332153,0.9893758296966553,0.001685437047854066
0.07509552615131443,1.0130342245101929,0.0016909969272091985
0.07518381346064229,0.991315484046936,0.0016830448294058442
0.07524333578574927,0.9973609447479248,0.0017015613848343492
0.07534326677418601,1.0072352886199951,0.0016890796832740307
0.07537031675394945,1.0214424133300781,0.0016916499007493258
0.07538371659704657,0.9950463771820068,0.0017132216598838568
0.07548744247276662,0.9925206899642944,0.0016847538063302636
0.07549109215791505,1.0028412342071533,0.001683780807070434
0.07555694970830529,0.9914321303367615,0.0016855993308126926
0.07559389353195922,1.0084275007247925,0.0016901683993637562
0.07562765242201108,1.0098505020141602,0.0017169980565086007
0.0757199813593894,1.0011379718780518,0.0016847155056893826
0.07575269375020821,1.0057097673416138,0.0017283940687775612
0.07575771439510293,0.9898661375045776,0.0016853909473866224
0.07587193048854912,0.995373010635376,0.0016871041152626276
0.07587819166688681,1.0108720064163208,0.0016916574677452445
0.07592894297488761,0.9891367554664612,0.0016829087398946285
0.07598837606648512,0.9869431853294373,0.0016826607752591372
0.07601121239152653,0.9862414598464966,0.0017096790252253413
0.07609547514039883,1.0022215843200684,0.0016885334625840187
0.07614403480642618,1.0102181434631348,0.001693830476142466
0.07625125655641563,1.0009450912475586,0.0016812048852443695
0.07626780370049135,0.9899618625640869,0.0016861037584021688
0.07638151427043505,1.0108340978622437,0.001690980396233499
0.07646977743477479,0.9917060732841492,0.001683106180280447
0.07652931398793017,0.9942922592163086,0.0016993986209854484
0.07662923549163292,1.0038304328918457,0.0016878375317901373
0.07665629883692815,1.0226905345916748,0.0016933289589360356
0.07666967475103492,0.9919743537902832,0.0017118932446464896
0.07677342908243068,0.9902451038360596,0.0016838195733726025
0.07677706647887694,1.003175973892212,0.00168437953107059
0.07684291217319195,1.0018070936203003,0.001689877244643867
0.07687988509967214,1.0055396556854248,0.001689035096205771
0.07691362933115409,1.0077319145202637,0.0017159408889710903
0.07700594835201402,1.0005571842193604,0.001684738788753748
0.07703865125767762,1.0012259483337402,0.0017243674956262112
0.07704369518483323,0.9926114082336426,0.0016852709231898189
0.07715790265416733,0.9974378347396851,0.0016876152949407697
0.07716417676751541,1.0125497579574585,0.0016925256932154298
0.07721490414652576,0.9903684854507446,0.001685738330706954
0.07727436590895453,0.9866923689842224,0.001683177542872727
0.07729718865330859,0.9863246083259583,0.0017095693619921803
0.07738144062356678,1.001613974571228,0.0016872460255399346
0.07743001408648953,1.0087717771530151,0.0016921806382015347
0.07753722678268749,0.9993497133255005,0.0016797194257378578
0.0775537872925055,0.9901629090309143,0.0016858669696375728
0.07766750238955544,1.0115876197814941,0.0016909370897337794
0.0777557414093284,0.9954100251197815,0.0016850670799613
0.07781529218926897,0.9956175684928894,0.0017001137603074312
0.07791520399266116,1.0008729696273804,0.001686364528723061
0.07794228113569401,1.0190924406051636,0.0016907999524846673
0.07795563312017884,0.9947465658187866,0.0017123256111517549
0.07805941569251584,0.9907923936843872,0.0016841762699186802
0.07806304058510471,1.0034523010253906,0.0016843531047925353
0.0781288746387101,0.9952142834663391,0.0016862638294696808
0.07816587666759556,1.0105664730072021,0.0016912721330299973
0.07819960645587354,1.010528564453125,0.0017178022535517812
0.07829191534463831,0.997458815574646,0.0016832995461300015
0.07832460876493641,1.007422685623169,0.0017292789416387677
0.07832967597456364,0.992871880531311,0.0016860088799148798
0.07844387460463009,0.9946247339248657,0.0016865748912096024
0.07845016186856513,1.0120673179626465,0.0016919771442189813
0.07850086510216636,0.9922288656234741,0.0016847182996571064
0.0785603555371105,0.9832077622413635,0.0016819314332678914
0.07858316491509054,0.9865880012512207,0.0017097322270274162
0.07866740610715584,1.0046292543411255,0.0016893366118893027
0.07871599358191894,1.0135066509246826,0.0016959493514150381
0.07882319700811724,1.0039728879928589,0.0016846921062096953
0.07883977088409877,0.989436686038971,0.0016860461328178644
0.07895349050825495,1.009698510169983,0.0016903377836570144
0.07904170538346078,0.9903218150138855,0.0016831336542963982
0.07910127039187098,0.9945517182350159,0.001699923537671566
0.07920117270989757,1.0036771297454834,0.0016877067973837256
0.07922826343361777,1.0242061614990234,0.001694044447503984
0.07924159148974352,0.9961251616477966,0.0017139249248430133
0.0793454023019694,0.9928234815597534,0.0016844674246385694
0.07934901469175326,1.00387442111969,0.001685354858636856
0.0794148368886517,0.9997918009757996,0.0016891687409952283
0.07945186823593986,1.004494071006775,0.0016883524367585778
0.07948558336459555,1.007467269897461,0.0017155387904495
0.07957788233684171,0.9995440244674683,0.0016827392391860485
0.07961056605661876,1.0047129392623901,0.0017278562299907207
0.07961565676324145,0.9903406500816345,0.0016858032904565334
0.07972984677109018,0.9969968795776367,0.0016878158785402775
0.07973614675403828,1.011188268661499,0.001691897283308208
0.07978682605885945,0.9895913600921631,0.0016837726579979062
0.0798463453808429,0.9832231998443604,0.0016819218872115016
0.07986914139265955,0.9855040311813354,0.0017093989299610257
0.07995337137516834,1.0011309385299683,0.0016871277475729585
0.08000197307734824,1.0119445323944092,0.0016942662186920643
0.08010916723333639,1.005222201347351,0.001685180002823472
0.08012575469084748,0.99104905128479,0.0016860998002812266
0.08015770781894971,0.997532308101654,0.0016972465673461556
0.08023947862653347,1.0089644193649292,0.0016900034388527274
0.08032766914243794,0.9925572276115417,0.0016840901225805283
0.08038724837889644,0.9974384307861328,0.001702554291114211
0.08048714121176792,1.0008165836334229,0.001686950447037816
0.08051424551533337,1.019398808479309,0.0016924627125263214
0.08052754985930832,0.9909863471984863,0.0017096990486606956
0.08063138891142296,0.9933886528015137,0.0016841345932334661
0.08063498901355737,1.0016406774520874,0.0016834259731695056
0.08070079935374874,0.9966306090354919,0.0016879611648619175
0.08073785980428427,1.0085989236831665,0.0016904632793739438
0.080771560488473,1.0108399391174316,0.0017175163375213742
0.08086384932883461,0.9995191097259521,0.0016851675463840365
0.08089652356387766,1.0005428791046143,0.0017266061622649431
0.0809016377679167,0.9912468791007996,0.0016862214542925358
0.08101581872197405,0.9956133961677551,0.0016867751255631447
0.08102213185466689,1.0142080783843994,0.0016931294230744243
0.08107278701555287,0.9912550449371338,0.0016841758042573929
0.08113233500920947,0.9864038825035095,0.0016830966342240572
0.081155117654231,0.9873011708259583,0.0017107699532061815
0.0812393368574943,1.0017410516738892,0.0016878158785402775
0.08128795257340915,1.0077670812606812,0.0016933296574279666
0.08139513745981863,1.0013481378555298,0.0016824433114379644
0.08141173828286163,0.9896580576896667,0.0016859456663951278
0.08144366748197329,0.9998425841331482,0.0016982846427708864
0.08152546652965653,1.0085467100143433,0.0016901121707633138
0.08161363311699155,0.9902955889701843,0.0016833984991535544
0.08167322658107745,0.990601658821106,0.001697779051028192
0.08177310971279628,1.0025876760482788,0.001687580137513578
0.08180022781388874,1.0187010765075684,0.001691040932200849
0.08181350822887312,0.9976435899734497,0.0017149000195786357
0.08191737530593157,0.9906161427497864,0.001683272304944694
0.08192096312020603,1.0020196437835693,0.001684037153609097
0.081986761819267,0.9977295398712158,0.001688517862930894
0.08202385158778414,1.006344199180603,0.0016898025060072541
0.0820575373971949,1.005975365638733,0.001715711085125804
0.0821498163208274,0.9994889497756958,0.0016840215539559722
0.08218248106987336,0.9989551305770874,0.0017266303766518831
0.08218761855701551,0.9928924441337585,0.001686373958364129
0.08230179088801315,1.000266432762146,0.0016889042453840375
0.0823081169557166,1.0134297609329224,0.0016925196396186948
0.08235874797203546,0.9881674647331238,0.0016824561171233654
0.08241832485231038,0.9845277070999146,0.001681867870502174
0.08244109391685506,0.9894251227378845,0.0017109074397012591
0.08252530234066213,1.0035141706466675,0.001687941374257207
0.08257393206947017,1.0106855630874634,0.0016938411863520741
0.0826811076860905,1.0036919116973877,0.0016841728938743472
0.0826977218744549,0.9907847046852112,0.0016867638332769275
0.0827296271449971,0.9991216659545898,0.0016979911597445607
0.08281145464877704,1.010291337966919,0.001690452452749014
0.08289959709154515,0.9907549619674683,0.0016834369162097573
0.08295920478283725,0.9968585968017578,0.0017012953758239746
0.08305907842961158,1.003553867340088,0.001687973621301353
0.0830862101126546,1.0201576948165894,0.0016915103187784553
0.08309946659843803,0.9920774102210999,0.0017121899873018265
0.08320336191559563,0.9901853799819946,0.0016842475160956383
0.08320693722685468,1.0040342807769775,0.0016847122460603714
0.08327272428478505,0.9981710910797119,0.0016883924836292863
0.08330984315528644,1.0100046396255493,0.0016903872601687908
0.08334351452128286,1.0101556777954102,0.0017174422973766923
0.08343578331345192,1.0015933513641357,0.001684532267972827
0.0834684383611346,0.9997293949127197,0.0017266756622120738
0.08347359934653542,0.991023600101471,0.0016863647615537047
0.0835877628388969,0.9960417151451111,0.0016868474194779992
0.08359410205634532,1.0128062963485718,0.001692514750175178
0.08364470914409461,0.9940917491912842,0.0016861918848007917
0.08370431447920312,0.9856460690498352,0.0016828093212097883
0.08372707017947922,0.9876476526260376,0.0017098517855629325
0.08381126782425119,0.9992844462394714,0.0016871795523911715
0.08385991156510986,1.0145587921142578,0.0016960192006081343
0.0839670781279388,1.0000487565994263,0.0016821827739477158
0.08398370546646905,0.9913363456726074,0.0016864886274561286
0.0840155868075998,1.0023236274719238,0.001699320157058537
0.08409744276789766,1.0088139772415161,0.0016897752648219466
0.08418556106609876,0.9911195039749146,0.0016842527547851205
0.08424518298501826,0.9957736134529114,0.0017009909497573972
0.08434504693042943,1.0023493766784668,0.0016870980616658926
0.0843721921950017,1.0211880207061768,0.0016920164925977588
0.08438542496758172,0.9909635186195374,0.00171152432449162
0.08448934852504919,0.992906928062439,0.0016838371520861983
0.08449291133308223,1.0027590990066528,0.0016842018812894821
0.0845586867498821,0.9968934655189514,0.0016883345087990165
0.08459583472320986,1.0095922946929932,0.001690756413154304
0.08462949143063636,1.0068731307983398,0.0017157900147140026
0.08472175030607632,1.0017932653427124,0.001684642629697919
0.0847543958683935,1.0023335218429565,0.001728047151118517
0.08475958013605522,0.9923288822174072,0.0016865077195689082
0.084873735004936,0.9971504211425781,0.0016872015548869967
0.08488008715613182,1.0120121240615845,0.00169250403996557
0.08493067010015631,0.9913045167922974,0.0016845501959323883
0.08499030432293564,0.9843795299530029,0.0016821551835164428
0.08501304644189267,0.9859902858734131,0.0017090978799387813
0.08509723330784025,1.0049149990081787,0.0016896327724680305
0.08514589084517332,1.010280728340149,0.001693026744760573
0.08525304835421055,1.0047863721847534,0.0016867960803210735
0.08526968927363876,0.9948697686195374,0.0016869979444891214
0.08530154625441555,1.0021016597747803,0.0016989391297101974
0.08538343088575495,1.0119013786315918,0.0016915570013225079
0.08547152503959954,0.9927706122398376,0.0016844116616994143
0.08553116118762016,0.9967427253723145,0.001701644156128168
0.08563101564787634,1.0026928186416626,0.0016877367161214352
0.08565817449355706,1.0196287631988525,0.0016912537394091487
0.08567138333714652,0.9947234392166138,0.0017137853428721428
0.08577533513450275,0.9929219484329224,0.0016849389066919684
0.08577888565446523,1.0019876956939697,0.001684093032963574
0.08584464921476875,0.9953896403312683,0.0016864474164322019
0.08588182629092256,1.003432273864746,0.0016875665169209242
0.08591546855535592,1.0082241296768188,0.0017160619609057903
0.08600771729827983,0.999684751033783,0.0016842834884300828
0.0860403533750207,1.0006459951400757,0.0017270452808588743
0.08604556092431193,0.9928644299507141,0.0016865095822140574
0.08615970695497777,0.9981656670570374,0.0016883653588593006
0.08616607225718143,1.010999321937561,0.0016922892536967993
0.08621663105663901,0.9978001117706299,0.0016872887499630451
0.0862762939513021,0.9842009544372559,0.0016820508753880858
0.08629902270430623,0.9875039458274841,0.0017099645920097828
0.0863831987914292,0.9973828792572021,0.001685802941210568
0.08643187034039213,1.012919545173645,0.0016949994023889303
0.08653901858006141,1.0008976459503174,0.0016811104724183679
0.08655567286438981,0.9902074933052063,0.0016862916527315974
0.08658750591680764,1.0007524490356445,0.0016981209628283978
0.08666941900445446,1.0084136724472046,0.0016893647843971848
0.08675748879794509,0.990105926990509,0.0016834484413266182
0.08681713917464562,0.9931660890579224,0.0016990680014714599
0.08691698414974669,1.0038684606552124,0.001688035437837243
0.08694415679169132,1.0219221115112305,0.0016930572455748916
0.08695734170629021,0.9894827008247375,0.00171105086337775
0.08706132174416681,0.9897170662879944,0.0016831486718729138
0.08706485976069289,1.0005648136138916,0.001684290124103427
0.0871306116796553,0.9994613528251648,0.0016891519771888852
0.08716781785947758,1.0082358121871948,0.0016903112409636378
0.08720144546449893,1.0078238248825073,0.0017154993256554008
0.08729368429090423,0.9994618892669678,0.0016835585702210665
0.08732631088249021,1.0008049011230469,0.0017276030266657472
0.08733154171341084,0.9908157587051392,0.0016854922287166119
0.08744567912164847,0.9977291822433472,0.00168821238912642
0.08745205735823114,1.0109138488769531,0.0016912379069253802
0.08750259201227961,0.9916746020317078,0.0016843946650624275
0.08756228357882656,0.9823704361915588,0.001681625610217452
0.08758499918103313,0.9882705211639404,0.0017102091806009412
0.0876691640590207,1.0017919540405273,0.0016884937649592757
0.08771784983666353,1.0112485885620117,0.0016937314067035913
0.08782498880549106,0.9988670945167542,0.001682521658949554
0.08784165645640407,0.9904807806015015,0.001686055795289576
0.08787346557983144,1.0001786947250366,0.001698775915428996
0.08795540712357508,1.010790467262268,0.0016903980867937207
0.0880434527724987,0.9958797097206116,0.0016846579965204
0.08810311737682652,0.9959585666656494,0.0017004217952489853
0.08820295265056444,1.0020995140075684,0.001688272343017161
0.08823013887403852,1.0172109603881836,0.0016905483789741993
0.08824330007459191,0.9952860474586487,0.0017134631052613258
0.08834730813867542,0.9926365613937378,0.0016842299373820424
0.08835083386734155,1.0049476623535156,0.0016856578877195716
0.08841657414517345,0.9966725707054138,0.0016880035400390625
0.08845380942697978,1.0097805261611938,0.001690943376161158
0.08848742237301033,1.012346863746643,0.0017182363662868738
0.08857965128352874,1.001459002494812,0.0016853216802701354
0.08861226817417245,0.999586820602417,0.001727270195260644
0.08861752250293065,0.9953931570053101,0.0016872143605723977
0.08873165107190073,0.995286226272583,0.0016868942184373736
0.08873804245928085,1.0094832181930542,0.0016913136932998896
0.08878855296770971,0.9919828772544861,0.0016849435633048415
0.08884827342213808,0.9847995042800903,0.0016824061749503016
0.08887097544302569,0.9887630939483643,0.0017111337510868907
0.08895512954260965,0.9999170899391174,0.0016873851418495178
0.08900382933293494,1.0071922540664673,0.0016927847173064947
0.08911095903134181,1.0025514364242554,0.0016840276075527072
0.08912764004841833,0.9893733859062195,0.0016862878110259771
0.08915942524285525,1.0025970935821533,0.0016995577607303858
0.08924139524269559,1.012728214263916,0.0016915708547458053
0.0893294167466312,0.9937687516212463,0.0016837228322401643
0.08938909557942853,0.9952930808067322,0.001700853114016354
0.08948892136780084,1.0039876699447632,0.0016876950394362211
0.08951612117280439,1.0219184160232544,0.0016922374488785863
0.08952925822858027,0.9955231547355652,0.0017129149055108428
0.08963329474876047,0.9910657405853271,0.0016842099139466882
0.0896368079739902,1.0000150203704834,0.0016836527502164245
0.0897025366109021,0.9999838471412659,0.0016889413818717003
0.0897398009949032,1.0099754333496094,0.001690356875769794
0.08977339949667729,1.0053377151489258,0.001715632388368249
0.08986561827510053,0.9966465830802917,0.0016823387704789639
0.08989822568143135,0.9996662735939026,0.0017267236253246665
0.08990350329245045,0.9947157502174377,0.001686898060142994
0.09001762323836093,0.9976197481155396,0.0016880793264135718
0.09002402755990946,1.0120201110839844,0.0016930893762037158
0.09007451392440302,0.9904504418373108,0.0016848172526806593
0.09013426304945182,0.9878990650177002,0.001683047041296959
0.09015695170543925,0.9864802360534668,0.0017096844967454672
0.0902410950261987,0.9991629719734192,0.0016868559177964926
0.0902898086125773,1.0103304386138916,0.00169503188226372
0.09039692925698217,0.9982439875602722,0.001682249247096479
0.0904136236404326,0.9906995296478271,0.001686406903900206
0.0904453846898815,0.9986996054649353,0.0016983025707304478
0.0905273833613951,1.0084211826324463,0.0016892290441319346
0.0906153807211848,0.9889194965362549,0.00168261316139251
0.09067507378160944,0.9949976205825806,0.0017005378613248467
0.0907748898696713,1.0016839504241943,0.0016872701235115528
0.09080210325494109,1.0200788974761963,0.0016928421100601554
0.09081521659814507,0.9932354688644409,0.0017133655492216349
0.09091928135842453,0.9896156191825867,0.001683632144704461
0.09092278229579431,1.0062551498413086,0.0016856747679412365
0.09098849907578865,1.0006033182144165,0.001688776072114706
0.09102579256324761,1.0071998834609985,0.0016894703730940819
0.09105937640582029,1.0088751316070557,0.0017163889715448022
0.09115158526709333,1.001003623008728,0.0016844613710418344
0.09118418318869026,1.0000845193862915,0.0017268720548599958
0.09118948429754692,0.9896481037139893,0.0016847484512254596
0.09130359518924458,0.9975091218948364,0.0016876549925655127
0.09131001265969596,1.0103051662445068,0.001691538142040372
0.09136047509646217,0.9880022406578064,0.0016830407548695803
0.0914202526778185,0.9860482811927795,0.001682106638327241
0.0914429279672212,0.9891213774681091,0.0017107680905610323
0.09152706050852444,1.0034356117248535,0.0016888017999008298
0.0915757881086382,1.008306622505188,0.001693748403340578
0.09168289948346442,1.0030099153518677,0.001683963113464415
0.0916996074476022,0.9936048984527588,0.001686629606410861
0.0917313443529052,0.9991764426231384,0.0016983716050162911
0.09181337126367595,1.0092989206314087,0.0016902107745409012
0.09190134469573841,0.9953303337097168,0.0016848770901560783
0.09196105176737168,0.9953903555870056,0.001700378954410553
0.09206085837027855,1.0017101764678955,0.0016864088829606771
0.09208808555370684,1.0158451795578003,0.0016903392970561981
0.09210117496770998,0.9930077791213989,0.0017117405077442527
0.09220526796766759,0.9899802207946777,0.001683827256783843
0.09220875640244286,1.0024102926254272,0.0016842365730553865
0.09227446132573025,0.997229278087616,0.00168808049056679
0.09231178413117103,1.0087299346923828,0.0016901324270293117
0.09234535353053985,1.0093082189559937,0.0017170024802908301
0.09243755225971784,1.001861810684204,0.0016853658016771078
0.0924701404799515,1.001261591911316,0.0017264202469959855
0.09247546508664561,0.9889823198318481,0.001685143681243062
0.09258956735528368,0.9980548620223999,0.001687747659161687
0.09259599776074567,1.0092206001281738,0.001690865377895534
0.09264643605294487,0.9970938563346863,0.0016873349668458104
0.0927062425217614,0.9882054924964905,0.0016829746309667826
0.09272890422984525,0.9854753017425537,0.0017094685463234782
0.0928130259916925,0.9998767971992493,0.001687019830569625
0.09286176760427811,1.0088733434677124,0.0016946665709838271
0.09296886970973628,0.9952657222747803,0.0016814833506941795
0.09298559103835335,0.994062602519989,0.001686872448772192
0.09301730401592889,0.9982494115829468,0.001698706648312509
0.09309935938279656,1.0110082626342773,0.0016905306838452816
0.09318730845471546,0.9894081950187683,0.0016823451733216643
0.0932470299699738,0.9952985048294067,0.0017006125999614596
0.09334682708667286,1.0018848180770874,0.0016878517344594002
0.0933740678516306,1.020438313484192,0.001692325109615922
0.09338713333727477,0.9981576204299927,0.0017143536824733019
0.0934912543617551,0.9917092323303223,0.0016835166607052088
0.09349473050845991,1.003993034362793,0.0016849581152200699
0.09356042379124851,0.9987906813621521,0.0016879128525033593
0.09359777569951533,1.0060012340545654,0.0016889814287424088
0.09363133043905125,1.0074537992477417,0.001716962200589478
0.09372351925234224,1.0014182329177856,0.0016846436774358153
0.09375609798721041,1.0001140832901,0.0017264572670683265
0.09376144587532342,0.9924098253250122,0.0016859598690643907
0.09387553930574644,0.9969934821128845,0.0016877491725608706
0.09388198286179528,1.0127238035202026,0.0016930969431996346
0.09393239700942757,0.9908760190010071,0.0016841507749632
0.09399223214865426,0.9814566969871521,0.001679609646089375
0.09401488049225892,0.9878905415534973,0.0017103453865274787
0.09409899125970511,1.0025101900100708,0.001687839743681252
0.09414774709907592,1.0085370540618896,0.0016936005558818579
0.09425483993600803,1.0001165866851807,0.0016845642821863294
0.09427157463036762,0.9935267567634583,0.0016869455575942993
0.09430326346358675,0.9988185167312622,0.00169821223244071
0.09438534750191707,1.008632779121399,0.0016894291620701551
0.09447327242947956,0.9939191937446594,0.0016848404193297029
0.0945330081725757,0.9941397309303284,0.0017006212146952748
0.09463279558833271,1.0010133981704712,0.0016872342675924301
0.0946600499333462,1.0230005979537964,0.0016929624835029244
0.09467309170641847,0.9981565475463867,0.0017141025746241212
0.09477724097184026,0.9935668706893921,0.0016849488019943237
0.09478070461447707,1.0004570484161377,0.0016840480966493487
0.09484638625634556,0.9961506724357605,0.001687665586359799
0.09488376726722825,1.0088510513305664,0.0016902144998311996
0.09491730734840487,1.0065330266952515,0.00171527115162462
0.09500948624517724,0.997788667678833,0.0016830327222123742
0.0950420554944692,1.0011688470840454,0.001727126189507544
0.09504742666442223,0.9907861948013306,0.0016856712754815817
0.09516151147136465,0.99652099609375,0.0016861814074218273
0.095167967962424,1.007177472114563,0.0016901944763958454
0.09521835796548916,0.9917393326759338,0.0016849745297804475
0.09527822199175517,0.9859486222267151,0.001684540300630033
0.09530085696940671,0.9870539903640747,0.0017095360672101378
0.09538495674329406,0.9985638856887817,0.0016877517336979508
0.09543372659513683,1.0091948509216309,0.0016941830981522799
0.09554081016227989,0.9990484714508057,0.0016820436576381326
0.09555755822238188,0.9910986423492432,0.0016861663898453116
0.09558922312682105,1.0014597177505493,0.001699482905678451
0.09567133562061658,1.00705087184906,0.0016884735086932778
0.09575923640340156,0.9891229271888733,0.0016827788203954697
0.09581898615960116,1.0014055967330933,0.0017029467271640897
0.09591876409020306,1.0018020868301392,0.0016871041152626276
0.09594603223190157,1.019477128982544,0.001692107180133462
0.09595905007598338,0.9929002523422241,0.0017122506396844983
0.09606322758192531,0.9918066263198853,0.0016839334275573492
0.09606667872112573,1.003388524055481,0.0016844518249854445
0.0961323487214426,0.9988487958908081,0.0016884275246411562
0.09616975861894339,1.0073797702789307,0.0016898774774745107
0.09620328447228221,1.0099356174468994,0.0017169744241982698
0.09629545323717015,1.0009950399398804,0.0016846995567902923
0.0963280130004649,1.0014610290527344,0.0017275131540372968
0.09633340745331054,0.9932839870452881,0.0016863388009369373
0.0964474834224589,0.9983195662498474,0.0016883817734196782
0.09645395284726554,1.0127720832824707,0.0016929616685956717
0.09650431892197187,0.9934319257736206,0.0016854809364303946
0.09656421162012163,0.9864149689674377,0.001682679750956595
0.09658683323139938,0.9897737503051758,0.001711130840703845
0.096670922226883,1.0005016326904297,0.0016878665192052722
0.09671970587562118,1.012839436531067,0.0016948487609624863
0.09682678038728854,1.0019519329071045,0.0016864859499037266
0.09684354181397503,0.9914459586143494,0.0016867030644789338
0.09687518278858165,0.999391496181488,0.0016988887218758464
0.09695732373931609,1.0112528800964355,0.0016905029769986868
0.09704520016195761,0.9941754341125488,0.0016848588129505515
0.09710496436220328,0.9972959160804749,0.0017005170229822397
0.09720473280764996,1.0014121532440186,0.0016868544043973088
0.09723201431509099,1.0183403491973877,0.0016906600212678313
0.09724500822997162,0.9928603768348694,0.0017126149032264948
0.09734921419074738,0.9919741749763489,0.0016845929203554988
0.09735265282735328,1.0003725290298462,0.0016840890748426318
0.09741831118611866,0.9972057342529297,0.0016877322923392057
0.09745575018728792,1.0073381662368774,0.0016895706066861749
0.09748926138100422,1.0055819749832153,0.0017158463597297668
0.09758142022979455,0.9973956942558289,0.0016824643826112151
0.09761397029172625,1.0013415813446045,0.0017270883545279503
0.09761938824304095,0.9967973828315735,0.0016878038877621293
0.09773345537355305,0.9996841549873352,0.001688536605797708
0.09773993794768365,1.0091378688812256,0.0016917777247726917
0.09779027987845457,0.9906697273254395,0.0016845271456986666
0.09785020124743549,0.985521137714386,0.0016830477397888899
0.09787280949339183,0.988617479801178,0.0017109474865719676
0.09795688771005107,1.002987027168274,0.0016885945806279778
0.09800568537189269,1.0080057382583618,0.0016922671347856522
0.09811275061313929,1.0007474422454834,0.0016851925756782293
0.09812952540598929,0.992561399936676,0.0016860143514350057
0.0981611422351868,0.9997139573097229,0.0016981508815661073
0.09824331164201805,1.0079320669174194,0.0016897792229428887
0.09833116413566911,0.9969865083694458,0.0016854088753461838
0.09839094256375247,0.9942728281021118,0.0016997961793094873
0.09849070130846771,1.00235915184021,0.0016875546425580978
0.09851799661385674,1.0205415487289429,0.0016911940183490515
0.09853096659911531,0.9962477684020996,0.001714507583528757
0.09863520058483488,0.991385817527771,0.0016838262090459466
0.09863862714957838,1.0023490190505981,0.0016842547338455915
0.09870427365184731,1.0007693767547607,0.0016891616396605968
0.09874174175563233,1.0050708055496216,0.0016887775855138898
0.09877523850572367,1.0068386793136597,0.0017166262259706855
0.09886738722262944,1.0018763542175293,0.0016853738343343139
0.09889992779898515,0.998210072517395,0.0017265479546040297
0.09890536903256075,0.9909324645996094,0.001685482100583613
0.09901942753917126,0.9978671073913574,0.0016875261208042502
0.09902592304873337,1.007420539855957,0.0016906505916267633
0.09907624083367417,0.9929690957069397,0.0016848105005919933
0.099136191091168,0.9833384156227112,0.001681630383245647
0.09915878575580528,0.9897668361663818,0.0017105881124734879
0.09924285297806357,0.9985694289207458,0.0016863927012309432
0.099291664867322,1.0082939863204956,0.001694451435469091
0.09939872083941115,0.9936344027519226,0.0016800776356831193
0.099415509213159,0.9905367493629456,0.0016873052809387445
0.0994471018984211,1.000122308731079,0.0016993380850180984
0.09952929976113856,1.0128812789916992,0.0016910845879465342
0.09961712810980161,0.9917638897895813,0.0016821026802062988
0.09967692076572288,0.9967197775840759,0.0017018771031871438
0.09977666981033817,1.0025454759597778,0.001687611103989184
0.09980397869599344,1.0214765071868896,0.0016928312834352255
0.09981692496804873,0.993765652179718,0.0017130142077803612
0.09992118719492005,0.9946353435516357,0.0016853411216288805
0.09992460125622715,1.003554105758667,0.001685015857219696
0.09999023590199951,0.9991733431816101,0.001688098651356995
0.10002773332397674,1.0040568113327026,0.0016882148338481784
0.10006121541444579,1.0078836679458618,0.001716985017992556
0.10015335421420135,0.9997935891151428,0.0016843141056597233
0.10018588530624395,1.0047383308410645,0.0017281629843637347
0.10019134982144906,0.9905127882957458,0.0016859591705724597
0.10030539949005501,1.0012506246566772,0.0016894773580133915
0.10031190814978297,1.0092403888702393,0.0016921834321692586
0.10036220178973576,0.994868814945221,0.001686883275397122
0.10042218071890285,0.9861195087432861,0.001682870090007782
0.10044476201821895,0.985282838344574,0.0017092697089537978
0.10052881846165251,1.0033308267593384,0.001688503660261631
0.10057764414654335,1.0103161334991455,0.001694470178335905
0.1006846910652619,0.998385488986969,0.001684023067355156
0.10070149280433116,0.9918141961097717,0.0016864279750734568
0.10073306156081319,1.0001931190490723,0.0016991951270028949
0.10081528788046967,1.0103684663772583,0.0016905171796679497
0.10090309186877866,0.9959781765937805,0.0016866152873262763
0.10096289875274844,1.0003646612167358,0.0017031452152878046
0.10106263831136642,1.0015757083892822,0.0016870362451300025
0.1010899609932856,1.0244688987731934,0.001690070959739387
0.10110288333698192,0.9919775128364563,0.001712663215585053
0.1012071738050051,0.9912246465682983,0.0016841478645801544
0.1012105753616126,1.0027763843536377,0.001684482442215085
0.10127619836667556,0.997126579284668,0.0016868467209860682
0.10131372489190016,1.00639009475708,0.0016900908667594194
0.1013471923235888,1.0083411931991577,0.0017172551015391946
0.10143932120598365,1.000507116317749,0.0016828629886731505
0.1014718425979263,0.997715413570404,0.0017251071985810995
0.10147733061033737,0.9906325340270996,0.001685307128354907
0.10159137165672572,1.0013290643692017,0.001688603893853724
0.10159789325041158,1.0098828077316284,0.0016918469918891788
0.10164816274621857,0.991299569606781,0.0016845925711095333
0.10170817034663793,0.9854426383972168,0.0016826876671984792
0.1017307382802114,0.9896089434623718,0.0017109441105276346
0.10181478394397836,0.9967029690742493,0.0016862178454175591
0.10186362364281476,1.009474515914917,0.0016946105752140284
0.10197066129153365,0.9989400506019592,0.0016839337768033147
0.10198747639655592,0.9929018616676331,0.0016875597648322582
0.10201902100826055,0.9997904300689697,0.0016990137519314885
0.10210127599895868,1.0089118480682373,0.0016896384768188
0.10218905584333227,0.9930750131607056,0.001683755312114954
0.10224887695492935,0.9965419769287109,0.001701690605841577
0.10234860702733972,1.003607153892517,0.0016885552322492003
0.1023759430764749,1.0184693336486816,0.001690767938271165
0.10238884170654672,0.9933231472969055,0.001713718636892736
0.10249316019951382,0.9899123311042786,0.001684144837781787
0.10249654946784015,1.0037133693695068,0.001684771734289825
0.10256216083219372,0.9996904730796814,0.001688429620116949
0.10259971645898136,1.0056382417678833,0.0016893489519134164
0.10263316944830825,1.0067932605743408,0.0017163259908556938
0.10272528819860816,1.0011659860610962,0.0016834952402859926
0.1027578001047641,1.0041615962982178,0.0017288972157984972
0.10276331139943617,0.9954766035079956,0.0016868439270183444
0.10287734360655676,0.9985283613204956,0.001687722746282816
0.10288387835104029,1.0117063522338867,0.0016925415256991982
0.10293412370270116,0.9908304810523987,0.001684610964730382
0.10299415997479389,0.987430214881897,0.0016827217768877745
0.10301671454178285,0.9897717237472534,0.0017105595907196403
0.10310074921156986,1.001908779144287,0.0016881127376109362
0.10314960313908617,1.0098941326141357,0.0016935088206082582
0.10325663151780551,0.9948775172233582,0.001682292902842164
0.10327345998793858,0.9916141629219055,0.0016860902542248368
0.10330498067128435,0.9985090494155884,0.0016989768482744694
0.10338726390208164,1.010260820388794,0.0016904257936403155
0.10347501981809637,0.9902368783950806,0.0016828851075842977
0.10353485515753136,0.9970688223838806,0.0017006393754854798
0.10363457552899957,1.0037956237792969,0.0016878247261047363
0.10366192537524077,1.0176351070404053,0.001690324512310326
0.10367479986053507,0.9923896789550781,0.001712634926661849
0.10377914680854616,0.9929263591766357,0.0016849905950948596
0.1037825235744888,1.004975438117981,0.0016852245898917317
0.10384812329792237,0.9969245791435242,0.0016872641863301396
0.10388570802732577,1.0093588829040527,0.0016907206736505032
0.10391914635618815,1.0073074102401733,0.0017169269267469645
0.10401125497586661,1.0011868476867676,0.0016856057336553931
0.10404375761202289,1.0005563497543335,0.0017264785710722208
0.10404929218895609,0.9938681721687317,0.0016863171476870775
0.10416331555659852,1.0007071495056152,0.001689006108790636
0.10416986323567146,1.0108370780944824,0.0016918969340622425
0.10422008487476042,0.9908542037010193,0.0016836628783494234
0.1042801498176843,0.9859210848808289,0.0016820415621623397
0.10430269101935186,0.9916290044784546,0.001711023971438408
0.10438671469515892,0.9987985491752625,0.0016874585999175906
0.10443558241872852,1.0073692798614502,0.0016947920667007565
0.10454260174407737,0.998083770275116,0.0016849888488650322
0.10455944357995284,0.9922816753387451,0.001686588511802256
0.10459094011894199,1.00027334690094,0.0016996454214677215
0.10467325202057065,1.0090711116790771,0.00168945814948529
0.10476098357728392,0.9929585456848145,0.001684456947259605
0.1048208331445567,0.9965451955795288,0.001701605156995356
0.10492054403087003,0.9994866847991943,0.0016861511394381523
0.10494790745737748,1.0217700004577637,0.0016917226603254676
0.10496075822967876,0.9976661801338196,0.0017142882570624352
0.10506513341799972,0.9919002652168274,0.0016837103758007288
0.10506849768113746,1.0018560886383057,0.0016843214398249984
0.10513408576365102,0.9974930882453918,0.0016883392818272114
0.10517169959567008,1.0058400630950928,0.0016888997051864862
0.10520512326491016,1.0050907135009766,0.0017154177185148
0.10529722196870162,0.9986753463745117,0.0016836788272485137
0.10532971490370524,1.0044841766357422,0.0017292670672759414
0.10533527297847589,0.9914476275444031,0.0016854933928698301
0.10544928772305873,0.998647153377533,0.0016876892186701298
0.10545584833629995,1.0090383291244507,0.0016915391897782683
0.10550604583082213,0.992499589920044,0.0016852680128067732
0.10556613944605076,0.9848366379737854,0.0016830193344503641
0.10558866728176541,0.9877992272377014,0.0017099884571507573
0.10567268017874787,0.999574601650238,0.0016875163419172168
0.10572156191478943,1.00778067111969,0.001693606493063271
0.10582857196992812,0.9970479011535645,0.0016823465703055263
0.10584542717154599,0.9910768866539001,0.0016857290174812078
0.1058768997821764,0.9991096258163452,0.0016993177123367786
0.10595924013905966,1.0115573406219482,0.0016907559474930167
0.10604694755099542,0.9940732717514038,0.0016843528719618917
0.10610681134673772,0.9966859221458435,0.0017015906050801277
0.10620651253274038,1.0004853010177612,0.0016865303041413426
0.10623388975614323,1.0211924314498901,0.0016933438600972295
0.10624671659924356,0.9955917596817017,0.0017139420378953218
0.10635111981250844,0.9939500689506531,0.0016849531093612313
0.10635447178778612,1.0055515766143799,0.001686022151261568
0.10642004801275051,0.9974411129951477,0.0016881655901670456
0.10645769116275139,1.0046055316925049,0.0016890927217900753
0.10649110038962972,1.0078778266906738,0.001716962200589478
0.10658318896048391,0.998999834060669,0.001683310023508966
0.10661567241054315,0.9988318085670471,0.0017263630870729685
0.1066212537675747,0.9925553798675537,0.0016861561452969909
0.10673525967415287,0.997306227684021,0.0016876120353117585
0.10674183343734966,1.0114407539367676,0.001692283316515386
0.10679200678730483,0.9960240721702576,0.0016869365936145186
0.10685212907357522,0.9857805371284485,0.0016823922051116824
0.10687464354417897,0.9884655475616455,0.00171009567566216
0.10695864544697087,0.9977512359619141,0.0016867792000994086
0.10700754141042934,1.0120823383331299,0.0016945147654041648
0.10711454219493677,0.996040940284729,0.001685117487795651
0.10713141076229715,0.9910024404525757,0.001686422387138009
0.107162859444358,1.0010101795196533,0.0016996432095766068
0.10724522825818017,1.0107570886611938,0.0016908212564885616
0.10733291152512803,0.9971067309379578,0.0016856009606271982
0.10739278954870812,0.9987697601318359,0.0017022783868014812
0.10749248124997679,1.0007710456848145,0.0016867064405232668
0.10751987183849043,1.0162681341171265,0.0016902507049962878
0.10753267496880847,0.9942809343338013,0.0017133337678387761
0.1076371064221725,0.9912436604499817,0.0016836092108860612
0.10764044589401367,1.0024712085723877,0.0016846675425767899
0.10770601047700556,0.9966033101081848,0.0016874405555427074
0.10774368251509825,1.0062798261642456,0.0016889693215489388
0.10777707729877262,1.0059854984283447,0.0017162676667794585
0.10786915595310842,1.002377986907959,0.0016858407761901617
0.10790162991780183,0.9996199011802673,0.0017266859067603946
0.1079072345562524,0.989837110042572,0.0016853348352015018
0.10802123162524724,0.9984789490699768,0.001688373158685863
0.10802781853839938,1.010484218597412,0.0016913466388359666
0.10807796774378753,0.9923290014266968,0.0016855933936312795
0.10813811870046797,0.9843724966049194,0.0016824421472847462
0.10816061980617142,0.9879412055015564,0.0017096995143219829
0.10824461092992843,0.9981371760368347,0.0016870804829522967
0.1082935206904927,1.0090371370315552,0.0016943790251389146
0.10840051242120863,0.996206521987915,0.0016827540239319205
0.1084173943543113,0.9878919720649719,0.0016858276212587953
0.10844881889138425,0.9994572997093201,0.0016994146862998605
0.10853121616172423,1.0077426433563232,0.0016890150727704167
0.10861887528347347,0.9930084943771362,0.0016840987373143435
0.10867876753510197,0.9978638291358948,0.0017008507857099175
0.10877844975079454,1.0042827129364014,0.0016880672192201018
0.1088058541366248,1.017521858215332,0.0016897276509553194
0.10881863312237561,0.9964519739151001,0.0017150603234767914
0.10892309303225767,0.9937973618507385,0.0016844484489411116
0.10892642000066233,0.99948650598526,0.0016834642738103867
0.10899197294273422,0.9955971240997314,0.0016871344996616244
0.10902967408344266,1.0071156024932861,0.0016898532630875707
0.10906305420791573,1.0088841915130615,0.0017171247163787484
0.10915512294594332,1.003527045249939,0.001685860101133585
0.1091875872094843,1.0028412342071533,0.0017284156056120992
0.1091932153453512,0.9935703277587891,0.0016862618504092097
0.10930720357528889,1.000046730041504,0.0016883512726053596
0.10931380363902798,1.0106511116027832,0.0016916764434427023
0.10936392869984912,0.9932147860527039,0.0016852369299158454
0.10942410854420048,0.9835887551307678,0.0016814478440210223
0.10944659606858498,0.9897593855857849,0.0017101811245083809
0.10953057641351738,1.0008034706115723,0.0016880310140550137
0.1095795001865536,1.0076998472213745,0.0016926958924159408
0.10968648264748038,0.9974859952926636,0.0016845623031258583
0.10970337794632556,0.9899459481239319,0.0016857777955010533
0.10973477855377645,0.9950782060623169,0.0016974681057035923
0.10981720428042363,1.009550929069519,0.001690318575128913
0.10990483925739547,0.9935124516487122,0.001684969407506287
0.10996474573770398,0.995549738407135,0.0017017275094985962
0.11006441825266489,0.9974292516708374,0.0016849532257765532
0.1100918362196035,1.022553563117981,0.0016946622636169195
0.1101045914919404,0.991832435131073,0.0017128679901361465
0.11020907942634517,0.992598831653595,0.0016845501959323883
0.11021239410688988,1.001612901687622,0.0016839243471622467
0.11027793540846298,0.999180018901825,0.001688382588326931
0.11031566565178708,1.0070185661315918,0.0016902392962947488
0.11034903133221419,1.0087738037109375,0.0017169275088235736
0.11047354471632209,1.0021759271621704,0.001728223985992372
0.11047919613487112,0.993439793586731,0.0016866386868059635
0.11059317574195959,0.9957641959190369,0.0016871709376573563
0.11059978852386954,1.0126824378967285,0.001692734775133431
0.11064988965548983,0.9927970767021179,0.001685852650552988
0.11071009817256705,0.9859660863876343,0.0016822030302137136
0.11073257233057754,0.9887677431106567,0.0017101919511333108
0.11081654168152988,1.0002905130386353,0.0016880995826795697
0.1108654796817724,1.0106459856033325,0.0016956730978563428
0.11097245287333113,0.9930180907249451,0.0016813570400699973
0.11098936153855032,0.9930975437164307,0.0016871546395123005
0.11102073800059209,0.9975747466087341,0.001698533073067665
0.11110319239912325,1.010098934173584,0.0016894794534891844
0.11119080323194908,0.9913714528083801,0.001682331319898367
0.11125072372472944,0.9990487694740295,0.0017022459069266915
0.11135038675369335,1.0034469366073608,0.001687962794676423
0.11137781851752726,1.0170924663543701,0.0016893037827685475
0.11139054986150532,0.9964415431022644,0.001715133897960186
0.11149506603558823,0.9929119944572449,0.0016840737080201507
0.11149836821227543,1.0035349130630493,0.0016855171415954828
0.11156389765756247,0.9944706559181213,0.0016859606839716434
0.11160165722013149,1.0081374645233154,0.0016900530317798257
0.1116350082407257,1.0085176229476929,0.001716465107165277
0.11172705671372107,1.0025370121002197,0.0016848802333697677
0.1117595022227389,1.002312421798706,0.001728945760987699
0.11176517692439103,0.9966900944709778,0.0016870651161298156
0.11187914769221174,0.998447835445404,0.0016871255356818438
0.11188577362428775,1.012610912322998,0.0016928702825680375
0.11193585061155131,0.9896885752677917,0.0016848223749548197
0.1119960878000914,0.9890856742858887,0.0016842123586684465
0.112018548591728,0.9892352223396301,0.0017106570303440094
0.11210250716406633,0.9994158744812012,0.0016869654646143317
0.11215145896246737,1.0103806257247925,0.0016942189540714025
0.11225842309960299,0.993227481842041,0.0016827478539198637
0.11227534512993298,0.9907763004302979,0.0016859170282259583
0.1123066976636159,0.9960541129112244,0.0016980969812721014
0.11238918030182521,1.0124528408050537,0.0016907962271943688
0.11247676699092612,0.9983634352684021,0.0016870897961780429
0.11253670192627885,0.9986642599105835,0.0017021321691572666
0.11263635525408999,0.9996640086174011,0.0016857743030413985
0.11266380060071668,1.0160627365112305,0.001690952805802226
0.11267650823064912,0.9955679178237915,0.0017140571726486087
0.11278105243030745,0.9908689260482788,0.0016839540330693126
0.11278434231892409,1.002898931503296,0.0016852077096700668
0.11284986012329101,0.9989017844200134,0.001688446500338614
0.11288764878721269,1.0065922737121582,0.0016892628045752645
0.1129209851492371,1.0051994323730469,0.001715055201202631
0.11301302370634558,0.9981847405433655,0.0016833756817504764
0.11304545951400014,0.9982528686523438,0.001725774840451777
0.11305115771348984,0.9925169944763184,0.0016867106314748526
0.11316511964183229,0.997540295124054,0.0016873825807124376
0.11317175872533747,1.0106406211853027,0.0016922735376283526
0.11322181156803413,0.9931804537773132,0.0016862095799297094
0.11328207742782637,0.987906277179718,0.0016833314439281821
0.113304525069718,0.9900370240211487,0.0017103871796280146
0.11338847264702367,0.9957384467124939,0.001685397233814001
0.11343743845789667,1.0069730281829834,0.0016924160299822688
0.11354439332587474,0.9983872175216675,0.0016855947906151414
0.11356132893626059,0.9898298978805542,0.0016846301732584834
0.11359265732685009,0.9965077638626099,0.0016989848809316754
0.11367516842094572,1.0084925889968872,0.0016898794565349817
0.11376273096569023,0.9967122077941895,0.0016847507795318961
0.11382268012824925,0.99739009141922,0.0017018388025462627
0.11392232375596034,1.0000584125518799,0.0016857137670740485
0.11394978289842983,1.0192115306854248,0.0016925893723964691
0.11396246638400576,0.9961526393890381,0.0017146762693300843
0.1140670390397609,0.9933410882949829,0.0016852975822985172
0.11407031642557275,1.0011974573135376,0.001684715156443417
0.11413582258901978,0.9982109665870667,0.0016883525531738997
0.11417364013955955,1.0052282810211182,0.0016884495271369815
0.11420696227353566,1.0095815658569336,0.0017172510270029306
0.11429899069918048,0.9996998906135559,0.0016842872137203813
0.11433141702125893,1.0018720626831055,0.001727122813463211
0.11433713850237803,0.9926254749298096,0.0016861892072483897
0.1144510918082926,0.9972997307777405,0.001688424963504076
0.11445774382638707,1.010711431503296,0.0016918814508244395
0.11450777252451672,0.9970971345901489,0.0016868154052644968
0.11456806727092728,0.9862606525421143,0.0016828111838549376
0.11459050133213156,0.9880392551422119,0.0017104136059060693
0.11467443791503629,0.9991698861122131,0.0016874605789780617
0.11472341795269447,1.0089508295059204,0.0016939860070124269
0.11483036333614904,0.9900681972503662,0.0016784784384071827
0.11484731252827474,0.9971697926521301,0.0016892415005713701
0.11487861677450795,0.9984027743339539,0.0016992723103612661
0.11496115654027683,1.0114718675613403,0.0016906510572880507
0.11504869472487778,0.9895750284194946,0.0016821145545691252
0.11510865811527471,0.9948880076408386,0.001700718654319644
0.11520829247340725,1.0035936832427979,0.0016878606984391809
0.11523576498014543,1.0140340328216553,0.0016879918985068798
0.11524842475293906,0.993450939655304,0.0017135081579908729
0.11535302564984595,0.990286111831665,0.0016833236441016197
0.1153562905322213,1.0017170906066895,0.0016846833750605583
0.11542178483896137,0.9996594190597534,0.001688618678599596
0.11545963170790396,1.0078836679458618,0.0016901238122954965
0.11549293918267867,1.0074310302734375,0.0017172363586723804
0.11558495769201538,1.001712679862976,0.0016842910554260015
0.11561737452851795,1.0016624927520752,0.0017287778900936246
0.11562311929126645,0.9934319853782654,0.0016856413567438722
0.11573706375938686,0.9954413175582886,0.0016871191328391433
0.11574372871080763,1.0099523067474365,0.0016924466472119093
0.11579373348057842,0.9953308701515198,0.0016861483454704285
0.11585405689929373,0.9843128323554993,0.0016815487761050463
0.115876477594545,0.9898468852043152,0.0017113167559728026
0.11596040339883573,0.9985252618789673,0.0016871881671249866
0.11600939723317893,1.0089070796966553,0.0016938779735937715
0.11611633356157869,0.9978181719779968,0.0016853335546329618
0.1161332961204995,0.9912136793136597,0.0016863166820257902
0.11616457643753164,0.9962958097457886,0.0016986723057925701
0.11624714444276829,1.0084567070007324,0.0016888115787878633
0.11633465869858928,0.9941766858100891,0.001684594084508717
0.11639463631787672,0.996473491191864,0.0017013403121381998
0.11649426097506721,0.9995066523551941,0.001686940435320139
0.1165217472789114,1.0234278440475464,0.0016939019551500678
0.11653438312250386,0.9993855357170105,0.0017152514774352312
0.11663901204393357,0.9951169490814209,0.0016865730285644531
0.11664226463908056,1.0026240348815918,0.0016851844266057014
0.11670774730447953,0.9960858821868896,0.0016870873514562845
0.11674562327582738,1.0068259239196777,0.001689684926532209
0.11677891609182156,1.0074527263641357,0.0017171272775158286
0.11690333181977908,0.9996538758277893,0.0017276339931413531
0.11690910008036515,0.9926721453666687,0.0016860419418662786
0.11702303571048112,0.995469331741333,0.0016853692941367626
0.11702971381122573,1.0076110363006592,0.0016910850536078215
0.11707969443706112,0.9913461208343506,0.0016846338985487819
0.11714004652744969,0.9848790168762207,0.0016827060608193278
0.11716245385695867,0.9890567660331726,0.0017102455021813512
0.11724636866705884,0.9981650114059448,0.0016869815299287438
0.11729537672945034,1.0078905820846558,0.0016929024131968617
0.11740230378742955,0.9939771890640259,0.001680900575593114
0.11741927971188237,0.9957554340362549,0.0016871726838871837
0.11745053588413679,0.9979995489120483,0.001698927371762693
0.1175331325610468,1.0081110000610352,0.0016897676978260279
0.11762062267272189,0.9940004348754883,0.0016841822071000934
0.11768061430511267,0.9955517649650574,0.0017016696510836482
0.11778022947672706,1.0043351650238037,0.0016877345042303205
0.1178077293621006,1.0187803506851196,0.0016903337091207504
0.11782034149206866,0.9910935759544373,0.0017126216553151608
0.11792499865275552,0.9919474720954895,0.0016834248090162873
0.11792823874467662,1.0025078058242798,0.0016848603263497353
0.11799370976873447,0.9993247985839844,0.001688484102487564
0.11803161484332969,1.0050245523452759,0.001689302152954042
0.11806489321654112,1.00688898563385,0.0017162761650979519
0.11815689146105623,1.0018439292907715,0.0016853640554472804
0.11818928932703798,1.0000735521316528,0.001728521310724318
0.11819508086988506,0.9953846335411072,0.0016868822276592255
0.11830900766136476,1.0010747909545898,0.0016899637412279844
0.11831569891227545,1.011338472366333,0.0016919381450861692
0.11836565539354393,0.9929723739624023,0.0016855949070304632
0.11842603615434266,0.9890010952949524,0.0016837598523125052
0.11844843011810913,0.992518961429596,0.0017109543550759554
0.1185323341498058,1.000757098197937,0.0016881782794371247
0.1185813560101453,1.011788010597229,0.0016956789186224341
0.1186882740137013,0.9995154142379761,0.0016872461419552565
0.11870526330347542,0.991673469543457,0.0016858014278113842
0.1187364955473712,0.9962564706802368,0.0016981586813926697
0.11881912068016731,1.008202075958252,0.0016899381298571825
0.11890658643127783,0.9959961771965027,0.0016845428617671132
0.11896659250708308,0.995430588722229,0.0017016121419146657
0.11906619797775542,1.0026729106903076,0.0016870644176378846
0.11909371144507941,1.0184487104415894,0.001691821962594986
0.11910629964563602,0.9996079206466675,0.0017172920051962137
0.11921098504726424,0.9872655868530273,0.0016824050107970834
0.11921421285048306,1.0032910108566284,0.001685508992522955
0.11927967201825507,0.9961944222450256,0.001686855568550527
0.11931760619567655,1.0073039531707764,0.0016895266016945243
0.11935087012526313,1.0089167356491089,0.0017171289073303342
0.11944285845304925,1.000558853149414,0.0016839075833559036
0.11947524683429689,0.9978493452072144,0.0017258916050195694
0.11948106165940486,0.9935304522514343,0.0016864342615008354
0.11959497961098542,0.9943325519561768,0.0016864404315128922
0.11960168401353555,1.0080029964447021,0.0016903775976970792
0.11965161634960553,0.994871199131012,0.0016853591660037637
0.11971202578186702,0.9851759672164917,0.0016823477344587445
0.11973440638010158,0.9857805371284485,0.0017089102184399962
0.11981829963339463,0.9986477494239807,0.0016877338057383895
0.11986733550620621,1.008659839630127,0.0016942642396315932
0.11999124689464769,0.9926258325576782,0.0016861044568940997
0.12002245499502895,0.9969470500946045,0.0016984113026410341
0.12010510858392187,1.0097774267196655,0.0016899408074095845
0.12019255040498944,0.9942758679389954,0.0016844985075294971
0.12025257070926398,0.9966445565223694,0.0017003932734951377
0.12035216647878366,0.998921811580658,0.0016865356592461467
0.12037969374279267,1.0210098028182983,0.0016921056667342782
0.1203922580152007,0.9927018880844116,0.0017129401676356792
0.1204969716573493,0.9951804280281067,0.0016857614973559976
0.12050018695713183,1.0012503862380981,0.0016849745297804475
0.12056563448377333,0.9978860020637512,0.0016884105280041695
0.12060359776402096,1.0047334432601929,0.0016885631484910846
0.12063684703314304,1.005035638809204,0.0017157109687104821
0.12072882544441044,1.0017954111099243,0.0016849967651069164
0.12076704244850378,0.9998067021369934,0.001688468619249761
0.12088095177681413,0.997662365436554,0.0016872379928827286
0.12088766889921942,1.0110770463943481,0.0016924486262723804
0.12093757730608823,0.9951171278953552,0.0016874481225386262
0.12099801541023358,0.9866300225257874,0.0016829273663461208
0.12102038264251513,0.9889726638793945,0.001710189739242196
0.12110426490161774,1.001568078994751,0.0016884863143786788
0.12115331500100401,1.0090638399124146,0.0016940594650804996
0.12127723048687233,0.9934812784194946,0.0016877977177500725
0.12130841465678954,0.9990438222885132,0.0016996428603306413
0.12139109670241077,1.0113956928253174,0.0016903901705518365
0.12147851416396649,0.9988139867782593,0.0016848294762894511
0.12153854869544733,1.0004799365997314,0.0017031194875016809
0.12163813498002252,1.0032672882080078,0.0016876235604286194
0.12166567582471888,1.0234789848327637,0.0016938712215051055
0.1216782163847655,0.9925050139427185,0.0017135163070634007
0.1217829580518579,0.98958820104599,0.0016836242284625769
0.12178616106335927,0.9987156391143799,0.0016838636947795749
0.12185159694844938,0.9931362867355347,0.0016855292487889528
0.12188958933236538,1.005738377571106,0.0016890109982341528
0.12192282394228593,1.004821538925171,0.0017159971175715327
0.12201479222145839,1.0035054683685303,0.0016852994449436665
0.12204716163344864,0.9995689988136292,0.0017273465637117624
0.12205302323718159,0.9908522367477417,0.001685518422164023
0.12216692372790838,0.9978262782096863,0.0016868885140866041
0.12217365399900593,1.0143718719482422,0.0016932671424001455
0.12222353804657338,0.9943540692329407,0.0016859399620443583
0.12228400503838954,0.9870168566703796,0.0016826355131343007
0.1223063589045077,0.9900650978088379,0.0017105072038248181
0.1223902303841542,0.9960269331932068,0.0016861145850270987
0.12243929428106737,1.0084559917449951,0.0016937445616349578
0.1225632140790972,0.9896780848503113,0.0016851316904649138
0.1225943741033948,0.995381236076355,0.001697899424470961
0.12267708460469173,1.0119004249572754,0.00169192545581609
0.12276447813873048,0.991802453994751,0.001683348324149847
0.12282452689762824,0.9974024295806885,0.001701953704468906
0.12292410348084026,1.0024693012237549,0.0016879421891644597
0.12295165812348463,1.0179510116577148,0.0016887830570340157
0.12296417453896435,0.9929760694503784,0.001712453318759799
0.12306894466152196,0.9932449460029602,0.0016848541563376784
0.12307213495443148,1.0022515058517456,0.0016856648726388812
0.12313755919860148,0.9981764554977417,0.0016884278738871217
0.12317558068471224,1.0054835081100464,0.0016889172839000821
0.12320880106700549,1.0064443349838257,0.001717150560580194
0.1233007592142934,0.9995089173316956,0.0016830435488373041
0.12333311914007583,1.0020734071731567,0.0017297372687608004
0.12333900381070395,0.997132420539856,0.0016876759473234415
0.12345289567795004,0.9965183138847351,0.0016868292586877942
0.12345963909921343,1.010017991065979,0.001692327088676393
0.12350949900221397,0.9964116215705872,0.0016858536982908845
0.12356999488212206,0.9842168092727661,0.001682881498709321
0.1235923353824977,0.9897306561470032,0.0017109850887209177
0.1236761956513246,0.998106837272644,0.0016869601095095277
0.12372527377712828,1.0116093158721924,0.001695667626336217
0.12384919767026925,0.9914174675941467,0.0016864140052348375
0.12388033376662888,0.9951186776161194,0.0016984168905764818
0.12396307272402285,1.0091400146484375,0.0016894994769245386
0.12405044189791814,0.9954077005386353,0.0016846286598592997
0.1241105048846537,0.999405562877655,0.0017024327535182238
0.12421007198271072,1.0043110847473145,0.0016876861918717623
0.12423764020646344,1.0163382291793823,0.0016885920194908977
0.12425013290873976,0.9976368546485901,0.0017155430978164077
0.12435493105476747,0.9929777979850769,0.0016847827937453985
0.12435810906108014,1.0055593252182007,0.001686297939158976
0.12442352166433024,0.9968575835227966,0.0016879894537851214
0.12446157225263554,1.0046875476837158,0.0016881186747923493
0.1244947779757275,1.0033272504806519,0.0017154508968815207
0.1245867262071283,1.0042253732681274,0.001686200383119285
0.1246190764313373,0.9996297955513,0.0017273691482841969
0.12462498460022364,0.9943727850914001,0.0016867188969627023
0.12474562398489719,1.0096819400787354,0.0016914342995733023
0.12479545995869668,0.9913683533668518,0.001684171031229198
0.1248559845090148,0.9877906441688538,0.0016835564747452736
0.12487831164491126,0.9879781007766724,0.0017096669180318713
0.12496216113491354,0.9953253865242004,0.0016855797730386257
0.12501125305677063,1.0084762573242188,0.001693501602858305
0.12513518126186252,0.9930334687232971,0.0016870144754648209
0.12516629321428674,0.9956650733947754,0.001698967651464045
0.12524906084335385,1.0113134384155273,0.001690966309979558
0.12533640587247163,0.9923830628395081,0.001683364505879581
0.1253964830872557,0.9956718683242798,0.001701162662357092
0.12549604070015763,1.0041821002960205,0.001687708543613553
0.12552362228881075,1.0203813314437866,0.0016912537394091487
0.12553609127746235,0.9926670789718628,0.0017143444856628776
0.12564091766485252,0.9924793839454651,0.001684396993368864
0.1256440831679393,0.9990803003311157,0.0016839104937389493
0.12570948412984828,0.9972620606422424,0.0016881823539733887
0.12574756382013785,1.0056382417678833,0.0016887871315702796
0.1257807548848705,1.0084919929504395,0.0017165555618703365
0.1258726931997528,0.9964525699615479,0.0016824027989059687
0.12590503393775399,1.0043113231658936,0.001731098280288279
0.12591096538974356,0.9945428371429443,0.001686507137492299
0.12602483958013855,0.998857319355011,0.0016887991223484278
0.1260316090853153,1.0104589462280273,0.0016923072980716825
0.12608142091475838,0.9934810996055603,0.0016855915309861302
0.12614197413674977,0.982298731803894,0.0016801297897472978
0.1261642879069037,0.989109992980957,0.0017107935855165124
0.12624812640313665,0.9985922574996948,0.0016871673287823796
0.12629723255304204,1.0084093809127808,0.0016942617949098349
0.12642116463766873,0.9916040301322937,0.0016861138865351677
0.12645225287731066,0.9981868863105774,0.0016998472856357694
0.12653504874605592,1.0081167221069336,0.0016890449915081263
0.1266223696306067,0.9941045641899109,0.0016843377379700541
0.12668246107449177,0.9975351691246033,0.0017024875851348042
0.1267820092018176,1.0054422616958618,0.0016887580277398229
0.1268096045867344,1.0180836915969849,0.0016919795889407396
0.1268220494310297,0.9986224174499512,0.001715896651148796
0.12692690405936113,0.9918051958084106,0.0016846698708832264
0.12693005727395634,1.0003620386123657,0.0016843607882037759
0.12699544637978988,0.9954970479011536,0.0016880286857485771
0.1270335551724847,1.0075386762619019,0.001690032659098506
0.1270667317935925,1.0068085193634033,0.0017168401973322034
0.12715865997595865,0.9991861581802368,0.0016844285419210792
0.12719099144459167,0.997911810874939,0.0017252302495762706
0.12719694617884225,0.9920137524604797,0.0016856207512319088
0.1273108115310223,0.995585024356842,0.0016873079584911466
0.127317594186365,1.0054713487625122,0.0016905528027564287
0.12736738187124108,0.995149552822113,0.0016871176194399595
0.12742796376490573,0.9858475923538208,0.0016833121189847589
0.12745026416847527,0.9877609014511108,0.0017100154655054212
0.1275340918869362,0.9987411499023438,0.0016873024869710207
0.1275832118337369,1.0090855360031128,0.0016950994031503797
0.12770714822905138,0.9925401210784912,0.001686854986473918
0.1277382123241262,0.9974018335342407,0.00169951852876693
0.12782103686475532,1.0118191242218018,0.0016909112455323339
0.1279083336053708,0.9913492798805237,0.0016832937253639102
0.12796843927646218,0.9945292472839355,0.0017008126014843583
0.12806797770347744,0.999388575553894,0.0016858050366863608
0.1280955866692921,1.017345666885376,0.0016901412745937705
0.128108007799963,0.9913705587387085,0.0017133986111730337
0.1282128906690252,0.9937697649002075,0.0016855498543009162
0.128216031379342,1.0009167194366455,0.0016846935031935573
0.12828140884488703,0.9956623911857605,0.0016867655795067549
0.12831954674082913,1.0056332349777222,0.0016886043595150113
0.12835270891746986,1.0044909715652466,0.0017160753486678004
0.12844462696879366,1.0012257099151611,0.0016856435686349869
0.12847694873627413,1.000650405883789,0.0017280096653848886
0.12848292696752006,0.9956396818161011,0.0016877686139196157
0.1285967836966404,0.9968414902687073,0.001686836127191782
0.12860357907141717,1.0086702108383179,0.001691648387350142
0.12865334282772378,0.9930776357650757,0.0016854051500558853
0.1287139533922197,0.9898432493209839,0.0016846087528392673
0.12873624043046772,0.9877660870552063,0.0017102950951084495
0.12882005715410672,0.9975704550743103,0.0016867626691237092
0.1288691913289558,1.007912278175354,0.0016936910105869174
0.12899313182106553,0.9922611117362976,0.0016868960810825229
0.1290241719873605,0.9957870244979858,0.0016988893039524555
0.1291070247676679,1.005626916885376,0.0016886646626517177
0.12919429736371624,0.9935488104820251,0.001682912465184927
0.12925441726222453,0.9998948574066162,0.001703557907603681
0.12935394620387408,1.0045368671417236,0.0016884059878066182
0.12938156875227103,1.0225403308868408,0.0016942359507083893
0.1293939661688962,0.995293140411377,0.0017149274935945868
0.1294988770631128,0.9911837577819824,0.0016835357528179884
0.12950200548599056,0.9988393187522888,0.0016842852346599102
0.12956737109398664,0.9955604076385498,0.0016867263475432992
0.12960553830917354,1.0038177967071533,0.0016880810726433992
0.12963868582661298,1.0009078979492188,0.0017152241198346019
0.12973059396078646,1.001694679260254,0.0016854525310918689
0.12976290624353293,1.0000054836273193,0.0017285338835790753
0.12976890775661898,0.9957870244979858,0.0016867483500391245
0.12988275564647145,0.9944939613342285,0.00168655626475811
0.12988956417183517,1.0089267492294312,0.0016918637556955218
0.12993930378378538,0.9904963970184326,0.0016843064222484827
0.12999994302058615,0.9855564832687378,0.0016824982594698668
0.13002221669288128,0.987555742263794,0.0017094600480049849
0.13010602263790616,0.9950708746910095,0.001685806317254901
0.1301551708245957,1.0055145025253296,0.001692265272140503
0.1302791154132903,0.9943180084228516,0.0016879125032573938
0.13031013143480785,0.9964993000030518,0.0016992794116958976
0.130393012886999,1.0092955827713013,0.0016899027395993471
0.13048026133700674,0.9939966797828674,0.0016846021171659231
0.13054039546482654,0.9991276860237122,0.001702601439319551
0.13063991470511294,1.0005789995193481,0.0016867866506800056
0.13066755105082628,1.0157657861709595,0.001688736374489963
0.13067992432288456,0.993212103843689,0.0017145773163065314
0.13078486367235576,0.9931036829948425,0.0016842774348333478
0.13078797937727327,0.9993652701377869,0.001684662769548595
0.13085333355908368,1.0011574029922485,0.0016892245039343834
0.1308915296615204,1.006730079650879,0.001689827535301447
0.13092466273533498,1.0019370317459106,0.00171556044369936
0.13101656073657142,1.0042579174041748,0.0016855989815667272
0.13104886353479428,1.0050735473632812,0.0017309337854385376
0.13105488854613878,0.9955942630767822,0.00168720877263695
0.1311687275975657,0.9990201592445374,0.001688457326963544
0.13117554927309538,1.0080511569976807,0.001691324869170785
0.13122526474026808,0.9940881133079529,0.0016859117895364761
0.1312859326481105,0.9844642281532288,0.0016825830098241568
0.13130819295529483,0.9908395409584045,0.0017106453888118267
0.13139198790612927,0.9968937039375305,0.0016864155186340213
0.13144115010444846,1.0109622478485107,0.0016958375927060843
0.13156509900467306,0.991018533706665,0.001685899100266397
0.13159609109698944,0.9963096380233765,0.0016992429737001657
0.13167900079054307,1.01004958152771,0.0016901405761018395
0.1317662250961943,0.9915537238121033,0.001683445880189538
0.13182637345206238,0.9953358769416809,0.0017012249445542693
0.1319258832067728,1.0038543939590454,0.001688120886683464
0.13195353313338398,1.020414113998413,0.0016913875006139278
0.13196588269244935,0.9923930764198303,0.0017134598456323147
0.13207085006707497,0.9924300909042358,0.00168423424474895
0.1320739534832902,1.0036340951919556,0.00168549211230129
0.13213929602397023,0.9954040050506592,0.0016868950333446264
0.132210639644478,1.0047458410263062,0.0017167212208732963
0.1323025277294062,1.0046497583389282,0.0016852669650688767
0.13233482104205307,0.9983838796615601,0.0017269066302105784
0.13234086912008214,0.9940306544303894,0.0016861567273736
0.13245469954844946,0.9980583190917969,0.001687432755716145
0.13246153415772643,1.0087106227874756,0.0016913114814087749
0.13251122569675078,0.9922117590904236,0.0016848152736201882
0.13257192227584558,0.9866503477096558,0.0016834535636007786
0.13259416921728728,0.990609347820282,0.0017114091897383332
0.13267795338845512,0.9982433915138245,0.0016874452121555805
0.13272712960071997,1.0115045309066772,0.0016949044074863195
0.1328510825962662,0.9937599301338196,0.001687750918790698
0.1328820505446472,0.9923401474952698,0.0016972285229712725
0.13296498890882136,1.00309419631958,0.0016878979513421655
0.1330521890709584,0.995246171951294,0.0016852245898917317
0.1331123516540328,0.9990352392196655,0.0017022904939949512
0.13321185170780103,1.001856803894043,0.001687580836005509
0.1332395152163628,1.0208361148834229,0.0016916482709348202
0.1332518408466482,0.9975818395614624,0.001716339960694313
0.13335683667737075,0.9909260869026184,0.0016842696350067854
0.13335992758993898,0.9982413053512573,0.001683817128650844
0.13342525827412244,0.9991272687911987,0.0016887077363207936
0.13346351258136957,1.0104321241378784,0.0016916203312575817
0.13349661676919744,1.0054130554199219,0.001715962658636272
0.13358849472224132,1.0035943984985352,0.0016869159881025553
0.13362077854931198,0.996531069278717,0.0017261675093322992
0.13362684990918106,0.9942305088043213,0.0016864074859768152
0.13374067149849123,0.9971744418144226,0.0016879154136404395
0.13374751925877615,1.0105196237564087,0.0016921990318223834
0.13379718665323348,0.995703935623169,0.0016865978250280023
0.13385791190400143,0.9850592017173767,0.0016829671803861856
0.1338801456946458,0.9867385029792786,0.001709102769382298
0.1339639186556255,0.9997217059135437,0.0016877645393833518
0.13401310888120432,1.0054664611816406,0.0016927603865042329
0.13413706618743826,0.9913572669029236,0.001685456489212811
0.13416800999146306,0.9933684468269348,0.0016989809228107333
0.13425097702752098,1.0096943378448486,0.001690430217422545
0.13433815282993555,0.9949833750724792,0.0016838861629366875
0.13439832964105825,0.9965500235557556,0.0017019310034811497
0.1344978202096715,1.0000839233398438,0.0016871726838871837
0.13452549751407616,1.0191391706466675,0.0016916291788220406
0.1345377992164235,0.9950235486030579,0.0017156759276986122
0.13464282307103725,0.9912108182907104,0.0016840193420648575
0.13464590169616653,1.0009713172912598,0.0016844709170982242
0.1347112207396406,0.9953241944313049,0.0016858807066455483
0.13474950414971398,1.007899284362793,0.0016902387142181396
0.13478259367707734,1.010467529296875,0.0017180374125018716
0.13487446149928917,1.0031521320343018,0.0016839082818478346
0.13490673584099433,0.9983959794044495,0.0017283739289268851
0.13491283069827975,0.9965906739234924,0.0016872510313987732
0.13502664344958537,0.9957225322723389,0.0016863259952515364
0.1350335041438283,1.0094883441925049,0.0016917495522648096
0.13508314739371863,0.9927930235862732,0.0016856949077919126
0.1351439015317365,0.9871809482574463,0.0016829684609547257
0.13516612195642774,0.9913222193717957,0.0017101081321015954
0.13524988413942507,0.9964522123336792,0.001685732277110219
0.13529908837600213,1.0081872940063477,0.0016939936904236674
0.13542304977966313,0.993314802646637,0.0016873457934707403
0.13545396965406564,0.9973350763320923,0.0016995356418192387
0.13553696493064393,1.0100395679473877,0.0016898163594305515
0.13562411680448916,0.9950087666511536,0.0016846288926899433
0.13568430784323915,0.9969439506530762,0.0017025582492351532
0.13578378871133145,0.998623251914978,0.001686367322690785
0.13581147959600215,1.0206636190414429,0.0016922492068260908
0.1358237575851463,0.9897663593292236,0.0017124897567555308
0.1359288096807013,0.9935346841812134,0.0016850491520017385
0.13593187558660713,1.0008660554885864,0.0016847568331286311
0.1359971829895822,0.9964424967765808,0.0016876367153599858
0.13603549550206084,1.0084701776504517,0.00169010937679559
0.13606857058579946,1.0040110349655151,0.0017163545126095414
0.13616042849191368,0.9993506669998169,0.0016845895443111658
0.13619269334846373,0.9994792342185974,0.0017286909278482199
0.13619881148695745,0.9930464625358582,0.0016867956146597862
0.13631261540067963,0.9994192123413086,0.0016880881739780307
0.1363194892436148,1.0076450109481812,0.0016910169506445527
0.13636910834893812,0.9964697360992432,0.0016861637122929096
0.13642989115905035,0.9860206246376038,0.0016826029168441892
0.1364520982188413,0.988670289516449,0.0017103420104831457
0.13653584940764796,0.9975712895393372,0.0016862234333530068
0.13658506765585499,1.0081372261047363,0.0016947853146120906
0.1366918565311982,0.9931442141532898,0.001685478026047349
0.1367090333718879,0.9910076856613159,0.0016867151716724038
0.1367399291015129,0.9942728281021118,0.0016983570531010628
0.13682295304892245,1.0099549293518066,0.0016907334793359041
0.1369100805628346,0.9944796562194824,0.0016846556682139635
0.13697028582963322,0.9967326521873474,0.001701515051536262
0.1370697572129913,1.0018762350082397,0.001687711919657886
0.13709746167919157,1.0168426036834717,0.0016905248630791903
0.13710971573934516,0.993086040019989,0.001714553451165557
0.13721479607457832,0.9944138526916504,0.0016854985151439905
0.13721784969346618,1.002861738204956,0.0016854654531925917
0.13728314545510034,0.9953352212905884,0.0016870235558599234
0.13732148706914205,1.0059959888458252,0.0016883090138435364
0.13735454749494236,1.0042569637298584,0.0017160340212285519
0.13744639548390647,1.004852294921875,0.0016873686108738184
0.13747865085509103,0.9999019503593445,0.001727607799693942
0.13748479227605637,0.9944132566452026,0.001685864757746458
0.13759858735072128,0.9992499351501465,0.0016889728140085936
0.1376054743446644,1.0044463872909546,0.0016899132169783115
0.13765506930542093,0.9965301156044006,0.001687312382273376
0.1377158807867852,0.9910274147987366,0.0016841473989188671
0.13773807448125486,0.9900739192962646,0.0017103812424466014
0.13782181489123702,0.9978110790252686,0.0016872342675924301
0.1378710471521264,1.0096547603607178,0.0016950740246102214
0.13797782675683845,0.9917625784873962,0.0016855106223374605
0.13799501696263894,0.9920724630355835,0.0016869917744770646
0.1380258887641156,0.9976267218589783,0.0016994810430333018
0.138108940952677,1.008880853652954,0.0016903969226405025
0.13819604432202226,0.9987026453018188,0.001684554386883974
0.13825626403244562,0.996667206287384,0.0017027405556291342
0.13835572571465116,0.999068558216095,0.0016862732591107488
0.13838344397774693,1.0208874940872192,0.0016915124142542481
0.13850078268403188,0.9914888739585876,0.0016843922203406692
0.13850382379927284,1.002077341079712,0.0016854123678058386
0.13856910770462094,0.9986112713813782,0.001688059768639505
0.13860747863748646,1.0088106393814087,0.001690921257250011
0.13864052440408536,1.0066440105438232,0.001716824248433113
0.13873236226116503,1.002463936805725,0.0016847426304593682
0.13876460814635216,0.9979854822158813,0.001727608498185873
0.13877077284999972,0.9942171573638916,0.001686307368800044
0.13888455930118404,0.9985477328300476,0.001687918440438807
0.1388914592303483,1.0128138065338135,0.001692516845650971
0.13894103026190352,0.9957901239395142,0.0016861623153090477
0.13900187041430967,0.9865354895591736,0.0016832693945616484
0.13902405074324742,0.9911769032478333,0.0017103999853134155
0.13910778015840752,1.0006128549575806,0.0016884278738871217
0.13915702643261085,1.007470965385437,0.0016942393267527223
0.13926379676753375,0.9895065426826477,0.0016846148064360023
0.1392810005538111,0.992631196975708,0.0016863936325535178
0.13931184821156284,0.9964153170585632,0.0017001237720251083
0.139394929072008,1.0077846050262451,0.0016886943485587835
0.13948200829573376,0.995380699634552,0.0016846050275489688
0.13954224201862908,0.9996305704116821,0.0017035803757607937
0.1396416942150479,1.0006887912750244,0.0016866330988705158
0.13966942606072574,1.0162463188171387,0.0016880712937563658
0.13968163247742216,0.9976740479469299,0.0017164427554234862
0.13978676907854048,0.9901865124702454,0.0016839363379403949
0.13978979769055544,1.0020588636398315,0.001685422146692872
0.139855070169297,0.9973226189613342,0.0016881029587239027
0.13989346999025443,1.0024558305740356,0.0016868754755705595
0.13992650131322837,1.0036460161209106,0.0017161095747724175
0.14001832925294733,1.0018861293792725,0.0016850453102961183
0.14005056565276897,1.000144362449646,0.0017286104848608375
0.14005675363951953,0.9951678514480591,0.0016867234371602535
0.1401705312516467,0.9988247156143188,0.0016873950371518731
0.1401774443316084,1.008912444114685,0.0016910989070311189
0.14022699121796534,0.9932550191879272,0.0016855390276759863
0.14028786004267624,0.9843195080757141,0.0016817656578496099
0.14031002700566086,0.9925155639648438,0.0017112770583480597
0.14039374542663063,0.9953929781913757,0.0016853935085237026
0.14044300571309531,1.0073567628860474,0.001693611848168075
0.1405497669938055,0.9915434718132019,0.0016857205191627145
0.1405669839304594,0.9937318563461304,0.0016869441606104374
0.14059780787458664,0.9963974952697754,0.0016991939628496766
0.14068091697470997,1.0077582597732544,0.0016896596644073725
0.1407679720534477,0.9945511221885681,0.0016844893107190728
0.1408282202214416,0.9969081282615662,0.0017017945647239685
0.14092766271628676,1.0015320777893066,0.0016872597625479102
0.14095540814328344,1.022709846496582,0.001693068421445787
0.1409675906305683,0.993441641330719,0.0017148571787402034
0.14107275547304898,0.9947367906570435,0.0016847924562171102
0.1410757717974147,0.9988325238227844,0.001684649963863194
0.14114103263439404,0.9992632865905762,0.0016875192523002625
0.14117946155859884,1.008135437965393,0.0016904760850593448
0.14121247843752682,1.004418969154358,0.0017169141210615635
0.14130429602873218,1.0008529424667358,0.0016841107280924916
0.1413365229446618,0.9974069595336914,0.0017274956917390227
0.14134273442903944,0.9959396123886108,0.001687056035734713
0.14145650320253045,0.9955360293388367,0.0016861457843333483
0.14146342921623956,1.0093575716018677,0.0016912324354052544
0.14151295217444793,0.9942508339881897,0.0016864929348230362
0.1415738496708322,0.9868183732032776,0.0016836061840876937
0.14159600326765354,0.9890576601028442,0.0017099742544814944
0.14167971091043008,0.9973645806312561,0.0016864801291376352
0.14172898520873523,1.004624605178833,0.0016932111466303468
0.14183573721902487,0.9890077710151672,0.0016850664978846908
0.14185296752268428,0.9943680167198181,0.0016879405593499541
0.1418837673214023,0.9952472448348999,0.0016986253904178739
0.14196690487783303,1.0096791982650757,0.0016903381329029799
0.1420539360282118,0.996245801448822,0.0016855656867846847
0.14211419820783544,0.9983812570571899,0.0017016902565956116
0.14221363121794672,0.9980818629264832,0.0016862270422279835
0.14224139022499904,1.0146076679229736,0.001688350923359394
0.1422535490003436,0.9980592727661133,0.0017167979385703802
0.14235874208271315,0.9912353754043579,0.0016838228330016136
0.14236174590322115,1.0031843185424805,0.0016852793050929904
0.14242699488391464,0.9982614517211914,0.0016880511539056897
0.1424654529109457,1.0060969591140747,0.0016896720044314861
0.14249845534624883,1.0086251497268677,0.0017171838553622365
0.1425902630215672,1.0029184818267822,0.0016866205260157585
0.14262248045213122,1.0005576610565186,0.0017296257428824902
0.14262871521813825,0.9935920834541321,0.0016864609206095338
0.1427424751534142,0.9988430738449097,0.001688867574557662
0.14274941431602617,1.00902259349823,0.0016917274333536625
0.14279891291535418,0.9955655932426453,0.0016867016674950719
0.14285983929814605,0.9852995276451111,0.0016818009316921234
0.14288197952880377,0.989402711391449,0.0017095255898311734
0.14296567617717937,0.9989967346191406,0.001687918440438807
0.14301496448837747,1.0092265605926514,0.0016950893914327025
0.14312170722908846,0.9885132312774658,0.0016844543861225247
0.14313895111469832,0.9920179843902588,0.0016858387971296906
0.14316972676906004,0.9939160943031311,0.0016978499479591846
0.14325289299632205,1.0047905445098877,0.0016882107593119144
0.14333989978739947,0.9936014413833618,0.0016833143308758736
0.14340017640917435,1.0004719495773315,0.0017037970246747136
0.14349959971918547,1.0005830526351929,0.0016867219237610698
0.1435273725235544,1.0244771242141724,0.0016943613300099969
0.14353950715454245,0.9956411719322205,0.0017155749956145883
0.14364472847680065,0.9898319244384766,0.0016837005969136953
0.14364771979387236,1.0009583234786987,0.0016854765126481652
0.1437129573494329,0.9920124411582947,0.0016854351852089167
0.1437514444780269,1.0049159526824951,0.0016895143780857325
0.14378443225454973,1.002849817276001,0.0017154072411358356
0.14387622979882553,1.0007842779159546,0.001684557180851698
0.14390843795854802,0.9979357123374939,0.00172775040846318
0.14391469600639495,0.9911773204803467,0.0016854415880516171
0.14402844710366636,0.9942179322242737,0.0016863984055817127
0.1440353992017097,1.0092136859893799,0.0016917798202484846
0.14408487387204738,0.9946948289871216,0.001685802941210568
0.14414582892588101,0.9896849989891052,0.0016838937299326062
0.14416795579121744,0.9895855188369751,0.001710417098365724
0.14425164166013693,0.9977362751960754,0.0016867176163941622
0.14430094398401738,1.0093599557876587,0.0016953636659309268
0.1444076774553602,0.9880634546279907,0.0016850265674293041
0.1444249347058706,0.9918646216392517,0.0016872599953785539
0.14445568643208395,0.9956693649291992,0.0016996776685118675
0.14453888090007672,1.0096302032470703,0.0016905858647078276
0.14462586354637652,1.0004526376724243,0.0016864050412550569
0.1446861543961997,0.9973639845848083,0.001703115995042026
0.14478556822084543,1.0012247562408447,0.0016868829261511564
0.14481335460653322,1.0133485794067383,0.0016890974948182702
0.14482546552410736,0.9969443678855896,0.0017154276138171554
0.14493071508604372,0.9960424900054932,0.0016857585869729519
0.1449336938998893,1.0018255710601807,0.0016853130655363202
0.1449989195993744,0.994637668132782,0.0016868540551513433
0.14503743583079498,1.0056332349777222,0.0016898787580430508
0.14507040916327174,1.002693772315979,0.0017166237812489271
0.14516219679145004,0.9985336065292358,0.0016838618321344256
0.14519439525023026,1.001204490661621,0.0017292952397838235
0.14520067658033842,0.9948341846466064,0.0016865723300725222
0.1453144190547605,0.992438793182373,0.001685833209194243
0.14532138430297004,1.011231541633606,0.0016918642213568091
0.1453708348287407,0.9950779676437378,0.0016863428754732013
0.14543181855361587,0.9839326739311218,0.00168190139811486
0.14545393205363089,0.9938268661499023,0.0017111956840381026
0.14553760692836004,0.9965782165527344,0.0016865411307662725
0.14558692326387024,1.006307601928711,0.0016934978775680065
0.14569364746626612,0.9898674488067627,0.0016856057336553931
0.14571091829746374,0.9904062747955322,0.0016864093486219645
0.1457416458786891,0.9942882657051086,0.0016994355246424675
0.1458248690191971,1.0041004419326782,0.0016879618633538485
0.14591182752093002,0.9921795129776001,0.0016833749832585454
0.14597213238343565,1.0013978481292725,0.0017037179786711931
0.14607153672250528,1.0009385347366333,0.0016858072485774755
0.14609933668909092,1.0215243101119995,0.0016923223156481981
0.1461114236772535,1.0000749826431274,0.001717511797323823
0.14621670148076293,0.9917288422584534,0.0016842144541442394
0.14621966800674857,1.0024672746658325,0.0016852999106049538
0.14628488206489254,0.9965240955352783,0.0016872149426490068
0.14632342718356284,1.0034120082855225,0.0016882242634892464
0.14635638607241475,1.0048751831054688,0.0017161584692075849
0.14644816378407455,1.002790927886963,0.0016860454343259335
0.14648665736985822,0.9944184422492981,0.0016868599923327565
0.14660039100480227,0.9998995065689087,0.0016881325282156467
0.14660736940317753,1.0131515264511108,0.0016931130085140467
0.14665679578396018,0.9946720004081726,0.0016863503260537982
0.14671780818177194,0.9880579710006714,0.0016834295820444822
0.146739908531621,0.9892361164093018,0.0017101260600611567
0.146823572411949,0.9976660013198853,0.0016870013205334544
0.14687290276014164,1.0042270421981812,0.0016926397802308202
0.14697961769274848,0.9832082986831665,0.0016830204986035824
0.146996901889057,0.9942022562026978,0.0016879739705473185
0.14702760532571524,0.9926634430885315,0.0016982000088319182
0.14711085692147796,1.004712462425232,0.0016883135540410876
0.14719779127948607,0.9948986172676086,0.0016850386746227741
0.14725811058624827,0.997420608997345,0.0017024407861754298
0.14735750500858857,1.003281831741333,0.0016870573163032532
0.14738531877122762,1.0212903022766113,0.0016891444101929665
0.1473973820470288,0.9955220818519592,0.001715572434477508
0.14750268787548204,0.9939077496528625,0.001685618539340794
0.14750564189782078,1.0035206079483032,0.0016861375188454986
0.14757084431483425,0.997399091720581,0.0016874121502041817
0.14760941875148614,1.0060642957687378,0.0016888107638806105
0.14764236298155786,1.0051705837249756,0.0017170963110402226
0.1477341305607014,1.0021198987960815,0.0016859052702784538
0.14776631004875052,0.9966951012611389,0.0017262289766222239
0.14777263815895703,0.9930139183998108,0.0016856214497238398
0.1478863629552648,0.9985048174858093,0.0016869279788807034
0.1478933542882297,1.0100772380828857,0.001692289370112121
0.14794275652402433,0.9938228130340576,0.0016856424044817686
0.1480037978099279,0.9835616946220398,0.001682029920630157
0.14802588479424506,0.9879160523414612,0.0017089926404878497
0.14810953767996138,0.9999046921730042,0.0016873780405148864
0.14815888204062622,1.0088136196136475,0.0016948216361925006
0.14826558791817834,0.9907633662223816,0.0016865609213709831
0.14828288548022905,0.9870468974113464,0.0016847695223987103
0.14831356498831805,0.9947553277015686,0.0016993527533486485
0.14839684503996708,1.0120394229888916,0.0016909361584112048
0.14848375525403967,0.998630702495575,0.0016864797798916698
0.14854408857327384,1.0002532005310059,0.0017036425415426493
0.14864347350982743,1.0014865398406982,0.0016871033003553748
0.14867130106936188,1.017568826675415,0.001692317659035325
0.14868334020122764,0.9931764006614685,0.0017139738192781806
0.148788674484304,0.9916457533836365,0.0016843162011355162
0.14879161600362734,1.001713514328003,0.0016851009568199515
0.14885680656435485,0.99555903673172,0.0016862832708284259
0.148895410103833,1.0024824142456055,0.0016879511531442404
0.1489283401062773,1.0051580667495728,0.0017162474105134606
0.1490200975524838,0.9993771314620972,0.0016843168996274471
0.14905226755600942,0.9991438388824463,0.001729075564071536
0.14905861894805583,0.9958561658859253,0.0016865457873791456
0.14917233490614867,0.9970889687538147,0.0016872893320396543
0.1491793393886478,1.0126287937164307,0.001693621976301074
0.14922871748071753,0.9980118870735168,0.001686770934611559
0.14928978743682075,0.9875227808952332,0.0016832574037835002
0.1493118610556059,0.9905246496200562,0.0017105215229094028
0.14939550294734238,0.9971465468406677,0.001686728443019092
0.14944486132026846,1.0047430992126465,0.001692854450084269
0.14955155792887354,0.9915240406990051,0.001686195726506412
0.14956886885687737,0.9929571151733398,0.0016866105142980814
0.1495995244357653,0.9941005110740662,0.0016984099056571722
0.14968283294372164,1.0063532590866089,0.0016887756064534187
0.14976971901217462,0.9971611499786377,0.0016859077150002122
0.14983006677461252,0.9976173639297485,0.0017031056340783834
0.14992944201022418,0.9992953538894653,0.0016858555609360337
0.14995728315234058,1.0153018236160278,0.0016870028339326382
0.14996929856995056,0.9998401999473572,0.0017170142382383347
0.1500746608779705,0.9930821657180786,0.001684684189967811
0.15007758989490994,1.0041965246200562,0.0016857458977028728
0.1501427690298729,0.9991276264190674,0.0016882820054888725
0.1501814016713352,1.0082173347473145,0.0016897519817575812
0.15021431701499932,1.0035260915756226,0.0017158431001007557
0.15030606432911064,0.9977079033851624,0.0016831152606755495
0.15033822506347871,0.9969244003295898,0.0017276840517297387
0.15034459952115709,0.9943547248840332,0.0016867697704583406
0.15045830685661132,0.9968616366386414,0.0016866925870999694
0.15046532427433157,1.0075408220291138,0.0016907013487070799
0.15051467843656874,1.00008225440979,0.00168881646823138
0.15057577706455572,0.9847792387008667,0.0016826362116262317
0.15059783731717746,0.9891524910926819,0.001710433978587389
0.15068146843114194,1.0009931325912476,0.0016878537135198712
0.15073084081590826,1.0109256505966187,0.0016962008085101843
0.1508375281547243,0.9914518594741821,0.0016862847842276096
0.15085485244910213,0.9939107298851013,0.0016871559200808406
0.15088548388321243,0.9977800846099854,0.0017008499708026648
0.1509688208472657,1.0090185403823853,0.0016902430215850472
0.15105568277009906,0.9967739582061768,0.0016865956131368876
0.15111604476100648,0.9991092085838318,0.0017031292663887143
0.15121541051188403,1.0023733377456665,0.0016871887492015958
0.1512432652353195,1.021561622619629,0.001691641635261476
0.15125525693972564,0.9950969815254211,0.0017158228438347578
0.15136064727268972,0.9904955625534058,0.0016845037462189794
0.151363564000927,1.003623604774475,0.0016861165640875697
0.1514287312793936,0.9997956156730652,0.001688603893853724
0.15146739302410317,1.0038210153579712,0.0016888134414330125
0.15150029392287923,1.0073779821395874,0.0017179121496155858
0.15159203132110344,1.0044026374816895,0.001685691880993545
0.15162418235452957,1.001976728439331,0.0017292288830503821
0.151630580310677,0.9954399466514587,0.0016863272758200765
0.15174427880749508,0.9979339838027954,0.0016874870052561164
0.15175130937538117,1.0076673030853271,0.001690901699475944
0.15180063939305133,0.9938104152679443,0.001684828894212842
0.15186176669271167,0.9861229658126831,0.0016833277186378837
0.15188381357959102,0.9922359585762024,0.001710921642370522
0.15196743369915455,0.9973430633544922,0.0016866943333297968
0.15201682009597173,1.0078766345977783,0.0016945238457992673
0.15212349837973305,0.9892676472663879,0.00168522447347641
0.15214083604027429,0.9904233813285828,0.0016862757038325071
0.15217144354581524,0.9909915924072266,0.001697615021839738
0.1522548089663862,1.0085917711257935,0.0016896057641133666
0.15234164674486317,0.9976351261138916,0.0016845210921019316
0.15240202274824244,0.9943113923072815,0.0017016250640153885
0.152501379013544,1.002103567123413,0.0016861214535310864
0.15252924731787731,1.0206685066223145,0.001693112775683403
0.1525412150930825,0.9946150183677673,0.0017151663778349757
0.15264663388298527,0.9900659918785095,0.001684214803390205
0.15264953810631243,1.004678726196289,0.0016863350756466389
0.15271469374364866,0.9999882578849792,0.0016884772339835763
0.15275338459265808,1.0033692121505737,0.001688143820501864
0.15278627083202234,1.004753589630127,0.0017166045727208257
0.152877998098362,1.0032674074172974,0.0016858864109963179
0.15291013986136737,0.9977020621299744,0.0017286255024373531
0.1529165611004073,0.9967001080513,0.0016876287991181016
0.15303025075837884,0.9986293315887451,0.001687875366769731
0.15303729426001222,1.0098152160644531,0.0016915547894313931
0.15308660013395758,0.9961389899253845,0.0016872494015842676
0.15314775632086763,0.9838135242462158,0.0016815667040646076
0.15316978984158347,0.9889849424362183,0.0017097793752327561
0.15325339896590384,1.0001397132873535,0.001687780604697764
0.15330279959203263,1.0068789720535278,0.0016942177899181843
0.15340946839042835,0.992445707321167,0.0016863109776750207
0.15342681963186733,0.9941851496696472,0.0016870856052264571
0.1534574029932625,0.9956076741218567,0.0016989795258268714
0.15354079686866717,1.0059068202972412,0.0016895998269319534
0.15362761050384022,0.9966235160827637,0.0016848400700837374
0.15368800095000235,0.9960737824440002,0.0017023822292685509
0.15378734751478285,0.9990712404251099,0.0016856450820341706
0.15381522940085612,1.0133376121520996,0.0016878177411854267
0.1538271734622263,0.9991021752357483,0.0017168804770335555
0.15393262027749388,0.9921215772628784,0.0016851143445819616
0.15393551199738464,1.0021744966506958,0.001685377093963325
0.15400065599359014,0.9962947368621826,0.0016868356615304947
0.15403937594437345,1.0095762014389038,0.0016907841200008988
0.15407224774116524,1.0051571130752563,0.0017168264603242278
0.1541639650909865,0.9975408911705017,0.001683440525084734
0.1541960971522075,1.0027254819869995,0.0017307793023064733
0.15420254167371916,0.9920955300331116,0.00168584194034338
0.15431622270799938,0.991914689540863,0.0016855408903211355
0.1543232791450645,1.00631582736969,0.0016903234645724297
0.15437256109065078,0.9963562488555908,0.001686711679212749
0.15443374573302615,0.986420750617981,0.0016835260903462768
0.15445576610399703,0.9899715781211853,0.00171008356846869
0.1545393644488613,0.9949299097061157,0.001685751834884286
0.1545887788725171,1.006949782371521,0.0016941853100433946
0.1546954386167001,0.9913895130157471,0.0016862225020304322
0.15471280300767365,0.9957742094993591,0.0016883150674402714
0.15474336244070974,0.9931871891021729,0.0016978374915197492
0.15482678498736668,1.0101373195648193,0.0016902834177017212
0.15491357426281727,0.996787965297699,0.0016859890893101692
0.1549739789372383,0.9984863996505737,0.0017034525517374277
0.1550733160164427,1.0045948028564453,0.001688753836788237
0.15510121148341383,1.0210227966308594,0.0016940333880484104
0.15511313161621454,0.9960841536521912,0.0017162519507110119
0.1552186066707394,0.9926747679710388,0.001684586750343442
0.1552214861042439,0.9996515512466431,0.0016849131789058447
0.1552866184591083,0.9968175292015076,0.0016878554597496986
0.1553253672962992,1.0043734312057495,0.0016883164644241333
0.15535822464988724,1.0030916929244995,0.001715924241580069
0.15544993186803435,1.0029828548431396,0.0016859598690643907
0.15548205465967702,0.9968911409378052,0.0017277764854952693
0.15548852246323908,0.9941478967666626,0.001685564056970179
0.15560219444288548,0.9969865083694458,0.0016878930618986487
0.155609264245693,1.0083616971969604,0.0016918290639296174
0.15565852204734398,0.9969357252120972,0.001686681411229074
0.155719735359919,0.9810518026351929,0.001681243535131216
0.15574174236641058,0.991054117679596,0.001710466225631535
0.1558253297170843,0.9987891316413879,0.0016880456823855639
0.15587475815258045,1.0074341297149658,0.0016947205876931548
0.1559814086276059,0.9925509691238403,0.0016861258773133159
0.1559987865998984,0.9976499080657959,0.00168861192651093
0.15602932210373355,0.9930282831192017,0.0016985031543299556
0.15611277289091074,1.008402943611145,0.0016895229928195477
0.15619953802179432,0.9982315897941589,0.0016856016591191292
0.15625995692447436,0.9997511506080627,0.0017035645432770252
0.15635928451810255,0.9987776875495911,0.0016861194744706154
0.15638719378070598,1.013997197151184,0.0016882139025256038
0.15639908998514784,0.9964220523834229,0.0017163293669000268
0.15650459328019295,0.9943606853485107,0.0016855866415426135
0.1565074599955265,1.001798391342163,0.0016853250563144684
0.15657258070905,0.9989704489707947,0.0016882255440577865
0.1566113588646436,1.0033618211746216,0.0016883164644241333
0.15664420155903025,1.005386233329773,0.0017169843195006251
0.15673589886065886,1.0007648468017578,0.001685153809376061
0.15676801195156975,1.0008814334869385,0.0017306567169725895
0.15677450325233788,0.9934581518173218,0.00168631412088871
0.15688816639376935,0.9952449202537537,0.0016859292518347502
0.15689524913032404,1.0124084949493408,0.0016924613155424595
0.1569444830029847,0.9979040026664734,0.0016879638424143195
0.15700572498807497,0.9890759587287903,0.0016841549659147859
0.15702771862903464,0.992063045501709,0.0017108347965404391
0.1571112949850969,0.9984641075134277,0.001686903997324407
0.15716073764779925,1.0070571899414062,0.0016940748319029808
0.15726737885408826,0.9923722147941589,0.0016867750091478229
0.15728477019191256,0.989705502986908,0.0016855027060955763
0.1573152815511808,0.9926455616950989,0.0016980433138087392
0.1573987607936127,1.007381558418274,0.0016892239218577743
0.15748550199592692,0.9944228529930115,0.0016847470542415977
0.15754593512623427,0.999176025390625,0.001703408663161099
0.15764525280376496,1.0007354021072388,0.001686441944912076
0.1576731758636849,1.0230774879455566,0.0016932373400777578
0.1576850481393467,0.9968621730804443,0.0017169269267469645
0.15779057967491206,0.9914945363998413,0.0016839815070852637
0.15779343410217517,1.000220775604248,0.0016845862846821547
0.15785854317456816,0.9977880716323853,0.0016868107486516237
0.15789735021699047,1.00963294506073,0.0016905330121517181
0.15793017846775215,1.004154920578003,0.0017158167902380228
0.1580218656372857,1.0018341541290283,0.001685934723354876
0.15805396945798655,1.0003422498703003,0.0017290887190029025
0.15806048382501814,0.9949241876602173,0.001686632283963263
0.1581741383446531,0.9965831637382507,0.0016866604564711452
0.15818123423158437,1.0099469423294067,0.0016918473411351442
0.15823044374346984,0.9977827668190002,0.001686711679212749
0.15829171461623093,0.9886126518249512,0.0016830901149660349
0.1583136948908167,0.9900262951850891,0.001709679956547916
0.15839726046868585,0.9975029826164246,0.0016869488172233105
0.1584467169278626,1.0061455965042114,0.001693818368948996
0.15855334886394146,0.9919273257255554,0.0016861483454704285
0.15857075378266372,0.9956945180892944,0.00168710108846426
0.15860124099736483,0.9944872260093689,0.001699599321000278
0.1586847489123122,1.0103307962417603,0.0016904139192774892
0.15877146575490397,0.9948967099189758,0.001683888491243124
0.15883191311283862,0.9979490637779236,0.0017024377593770623
0.1589312213045827,1.0028812885284424,0.001687126117758453
0.1589591579466636,1.0128945112228394,0.001687448937445879
0.1589710065089115,0.9967938661575317,0.0017165790777653456
0.15907656606857867,0.9903385043144226,0.0016850937390699983
0.15907940799261566,1.002596139907837,0.0016859846655279398
0.15914450542408864,0.9986536502838135,0.0016879517352208495
0.15918334156975844,1.000258207321167,0.0016866176156327128
0.1592161555918402,1.007034182548523,0.0017178829293698072
0.159307832629068,1.0006985664367676,0.0016851731343194842
0.15933992696545596,1.0023924112319946,0.001730578369461
0.15934646461453794,0.9944077134132385,0.001687037292867899
0.15946011029553675,0.9964792132377625,0.0016873556887730956
0.15946721911726802,1.0103484392166138,0.0016921610804274678
0.15951640469932094,0.9966979622840881,0.0016872622072696686
0.1595777042439659,0.9833193421363831,0.0016817566938698292
0.1595996713675435,0.9897505640983582,0.001710037118755281
0.15968322573627736,0.9926275610923767,0.0016837547300383449
0.15973269620834696,1.0077499151229858,0.0016943903174251318
0.15983931908979232,0.9891307353973389,0.0016852871049195528
0.15985673715846993,0.9910295605659485,0.0016861577751114964
0.1598872004443912,0.994347333908081,0.0016995425103232265
0.15997073681543517,1.0082327127456665,0.0016895746812224388
0.16005742951388113,0.9982689023017883,0.001686807256191969
0.16011789109923258,0.9985034465789795,0.0017026719870045781
0.16021718980582156,1.0056477785110474,0.0016889942344278097
0.1602451400296424,1.018925428390503,0.0016919623594731092
0.16025696466205763,0.9964627027511597,0.001715975347906351
0.16036255246308717,0.9915952086448669,0.0016846493817865849
0.16036538209863282,1.0011788606643677,0.0016859662719070911
0.16043046767403046,0.994659960269928,0.001687330543063581
0.16046933313768186,1.0074571371078491,0.001690219040028751
0.16050213250119372,1.002929925918579,0.0017149600898846984
0.16059379940569507,0.9998435974121094,0.0016836250433698297
0.1606258842573488,0.998981237411499,0.001729184528812766
0.16063244540405774,0.9984819293022156,0.0016874094726517797
0.1607460822459995,0.9978665709495544,0.0016868702368810773
0.16075320421747552,1.008108139038086,0.0016904427902773023
0.16080236565517214,0.9934991598129272,0.001685986528173089
0.16086369387127986,0.9899802803993225,0.0016844881465658545
0.16088564762995716,0.9902119040489197,0.00171057996340096
0.16096919100428975,0.9946849942207336,0.0016860056202858686
0.16101867570440787,1.0073368549346924,0.001693841302767396
0.16112528909985602,0.9872691035270691,0.0016857720911502838
0.1611427207506948,0.9923288822174072,0.0016872907290235162
0.1611731601074149,0.9943205714225769,0.0016990158474072814
0.16125672471897923,1.0090727806091309,0.001689713099040091
0.16134339348717153,0.9972197413444519,0.0016841720789670944
0.1614038693020451,1.0009840726852417,0.0017043156549334526
0.1615031583074814,1.000037670135498,0.001685498864389956
0.1615311221122001,1.0176666975021362,0.0016903838841244578
0.16154292303183304,0.9958145022392273,0.0017166974721476436
0.16164853907275134,0.9936664700508118,0.0016840682365000248
0.16165135598928393,1.0034668445587158,0.0016859378665685654
0.1617164301395485,0.9972655773162842,0.0016873792046681046
0.1617553244898181,1.0043083429336548,0.001689039752818644
0.16178810940949462,1.0031601190567017,0.0017164680175483227
0.16187976618232192,1.005959153175354,0.0016872936394065619
0.1619118417646077,0.9971652030944824,0.001728863106109202
0.1619184259782117,0.9959152936935425,0.001687157666310668
0.16203205419688327,0.9985874891281128,0.0016881984192878008
0.1620391891025278,1.0077165365219116,0.0016908039106056094
0.16208832639607829,0.9967231154441833,0.0016864126082509756
0.1621496834990146,0.9885703325271606,0.001682650065049529
0.16217162389258133,0.9927813410758972,0.001710914191789925
0.16225515627230236,1.0001810789108276,0.0016876531299203634
0.16230465498447122,1.00715172290802,0.001693520462140441
0.16241125932549616,0.9909225106239319,0.0016864767530933022
0.16242870434270884,0.9956778883934021,0.0016878106398507953
0.16245911955444103,0.9964711666107178,0.001699945772998035
0.16254271283809973,1.0098212957382202,0.0016908758552744985
0.16262935724572758,0.9952481985092163,0.0016838915180414915
0.16268984728907054,0.9978063106536865,0.0017029528971761465
0.16278912680914126,0.9996556043624878,0.0016861187759786844
0.16281710419391593,1.0145272016525269,0.0016890551196411252
0.1628288811860319,0.9947963356971741,0.0017162844305858016
0.16293452546683895,0.9906233549118042,0.0016847568331286311
0.16293732987951404,1.0006158351898193,0.0016848905943334103
0.163002392388227,0.9956132173538208,0.001687107142060995
0.16304131584279657,1.0050673484802246,0.001687954063527286
0.16307408631863762,1.004392147064209,0.0017164062010124326
0.16316573317494643,1.0030155181884766,0.0016854689456522465
0.16319779905629006,1.003638744354248,0.0017318882746621966
0.16320440676710002,0.9939727783203125,0.0016870500985533
0.16331802614713542,0.9973502159118652,0.0016871318221092224
0.1633251742029459,1.012315034866333,0.001693099969998002
0.16337428735277149,0.9980474710464478,0.0016868694219738245
0.16343567291159422,0.9881758689880371,0.001683431095443666
0.16345760015436317,0.9905644059181213,0.0017102542333304882
0.16354112175462832,0.9970226287841797,0.0016860044561326504
0.16359063426495568,1.0028221607208252,0.0016922109061852098
0.16369722933619157,0.9909899830818176,0.001686599338427186
0.1637146879347232,0.9939189553260803,0.0016876203007996082
0.1637450790018884,0.9940757751464844,0.0016994231846183538
0.1638287007412228,1.0093687772750854,0.0016894172877073288
0.16391532100470463,0.9975626468658447,0.0016856162110343575
0.1639758252752539,1.0014398097991943,0.001704813097603619
0.16407509531038011,1.0016244649887085,0.0016866435762494802
0.16410308627689463,1.0167438983917236,0.0016913366271182895
0.1641148395555967,0.9958421587944031,0.0017146426253020763
0.16422051186134756,0.9949392676353455,0.0016861484618857503
0.16422330398637308,0.9973651170730591,0.0016844277270138264
0.1642883546377476,0.9959885478019714,0.0016874257707968354
0.164327307410299,1.0092693567276,0.0016915391897782683
0.16436006322799124,1.005083680152893,0.0017158942064270377
0.16445169995199427,1.0057666301727295,0.0016861865296959877
0.16448375656291736,1.0001394748687744,0.0017304224893450737
0.1644903875553566,0.9943997263908386,0.0016862234333530068
0.1646039978813899,0.9976660013198853,0.0016878069145604968
0.16461115908862956,1.0087043046951294,0.0016921520000323653
0.16466024830946469,0.9969457387924194,0.0016873502172529697
0.16472166253975018,0.987453818321228,0.0016828947700560093
0.16474357641677673,0.9896615743637085,0.0017098614480346441
0.1648270870222197,0.9985615611076355,0.0016862994525581598
0.1648766137605956,1.0031768083572388,0.001693173311650753
0.16498319956267393,0.9924189448356628,0.001686302712187171
0.16500067130989782,0.9905086755752563,0.0016864519566297531
0.16503103844933553,0.9951632618904114,0.0016989802243188024
0.16511468864392476,1.0080183744430542,0.0016904011135920882
0.1652012847636818,0.9971248507499695,0.0016843231860548258
0.1652618034774348,0.9996678829193115,0.001703336020000279
0.16536106359646352,1.001369595527649,0.0016873484710231423
0.16538906857544988,1.0173755884170532,0.0016898576868698
0.16540079770958505,0.9970011711120605,0.001717276289127767
0.16550649825501407,0.9882583022117615,0.0016835436690598726
0.1655092778776558,1.0036064386367798,0.0016865436919033527
0.16557431710326576,0.9963156580924988,0.001686917501501739
0.16561329876264586,1.0011705160140991,0.0016867327503859997
0.16564604013608164,1.0077266693115234,0.0017173252999782562
0.16573766694461878,1.0010932683944702,0.0016844708006829023
0.1657697138548102,0.9986045360565186,0.0017288364470005035
0.16577636812929997,0.9958646297454834,0.0016872574342414737
0.16588996983227378,0.997950553894043,0.0016865842044353485
0.16589714397410282,1.0092246532440186,0.0016918162582442164
0.16594620905037094,0.9989789724349976,0.0016884873621165752
0.16600765216748514,0.9882574677467346,0.0016840124735608697
0.16602955267876918,0.9916023015975952,0.00171079661231488
0.1661130522902322,0.9967439770698547,0.0016861391486600041
0.16616259303981684,1.008436918258667,0.001694836188107729
0.16626916957357973,0.9969051480293274,0.0016887112287804484
0.16628665490149097,0.9965465664863586,0.0016880654729902744
0.16631699811235934,0.9966143369674683,0.0017000960651785135
0.16640067676262427,1.004909634590149,0.0016878314781934023
0.1664872487382354,0.9981402158737183,0.001686474890448153
0.16654778146403926,0.9971540570259094,0.0017028828151524067
0.16664703209812348,0.9999194145202637,0.0016864449717104435
0.1666750506580077,1.0237287282943726,0.001695222337730229
0.1666867558623102,0.9962364435195923,0.0017164468299597502
0.16679248486467813,0.9940236210823059,0.001685628085397184
0.16679525198430445,0.9992744326591492,0.0016845079371705651
0.16686027935320735,0.9942171573638916,0.0016863743076100945
0.1668992901147821,1.002177119255066,0.0016883292701095343
0.16693201704438254,1.002584457397461,0.0017156773246824741
0.16702363372166684,1.0032607316970825,0.0016860602190718055
0.167055671361227,0.9978147745132446,0.001728759496472776
0.16706234891903038,0.9945971965789795,0.0016866903752088547
0.16717594178315753,0.9967023730278015,0.0016870271647349
0.16718312907388932,1.0080126523971558,0.0016906934324651957
0.16723217000601154,0.9962809681892395,0.0016864294884726405
0.167293641794799,0.9831246137619019,0.0016813694965094328
0.16731552894055113,0.990519642829895,0.0017104408470913768
0.1673990175582447,1.0017129182815552,0.0016892889980226755
0.1674485723203012,1.0023771524429321,0.0016922922804951668
0.16755513979985148,0.9990067481994629,0.0016895689768716693
0.16757263849350523,0.9963047504425049,0.0016879822360351682
0.1676029575598067,0.9900023341178894,0.001697670086286962
0.16768666466553683,1.009244441986084,0.0016905405791476369
0.16777321249679145,0.9937918186187744,0.0016837273724377155
0.16783375945106482,0.9983540177345276,0.0017035087803378701
0.16793300059936223,1.002227544784546,0.0016872100532054901
0.1679610327401445,1.0129268169403076,0.001688799588009715
0.1679727142314541,0.9939846992492676,0.0017147118924185634
0.16807847125876563,0.9920720458030701,0.001684380928054452
0.16808122587537655,1.0031623840332031,0.0016857555601745844
0.16814624160314906,0.9956239461898804,0.0016872432315722108
0.16818528146691847,1.003933310508728,0.001689249649643898
0.16821799395352566,1.0001708269119263,0.0017150311032310128
0.16830960071302803,1.0065126419067383,0.0016859377501532435
0.16834162865164615,1.0037860870361328,0.0017322746571153402
0.1683483297079188,0.9956128001213074,0.0016869945684447885
0.16846191373404118,0.9973528981208801,0.0016875570872798562
0.168469113958731,1.005892038345337,0.0016913722502067685
0.16851813096270474,0.998547375202179,0.0016883007483556867
0.16857963120695751,0.9842371940612793,0.0016818941803649068
0.1686015052031753,0.9906075596809387,0.0017107510939240456
0.16868498304183377,0.9952558875083923,0.001685537165030837
0.1687345518163621,1.0083515644073486,0.0016951558645814657
0.16884110980928368,1.0022319555282593,0.0016909497790038586
0.16888891700683295,0.9916654229164124,0.001698896405287087
0.1689726525692914,1.0079004764556885,0.0016889125108718872
0.1690591762557685,0.9965748190879822,0.001685013179667294
0.16911973765366684,0.9997542500495911,0.0017041383543983102
0.16921896910018008,1.0025413036346436,0.0016865733778104186
0.1692470148227022,1.0170618295669556,0.0016897538444027305
0.16925867238544234,1.0016376972198486,0.0017185426549986005
0.16936445765243213,0.9902669191360474,0.001684684189967811
0.16936719976518555,1.0038074254989624,0.0016864254139363766
0.16943220406824622,0.9960272908210754,0.0016865734942257404
0.16947127303526277,1.0031442642211914,0.0016884489450603724
0.16950397086287916,1.0042107105255127,0.0017165389144793153
0.16959556748965499,1.0031100511550903,0.0016858804738149047
0.16962758615911555,1.0013775825500488,0.0017299280734732747
0.16963431028186204,0.9928651452064514,0.0016859992174431682
0.16974788546934838,0.9962024688720703,0.0016863754717633128
0.1697550990599912,1.0089999437332153,0.0016913081053644419
0.1698040917029795,0.9976241588592529,0.0016875939909368753
0.16986562083469237,0.9875103235244751,0.0016831343527883291
0.16988748146474675,0.9938238859176636,0.0017112133791670203
0.16997094830942527,0.9946646690368652,0.001685208873823285
0.17002053109684667,1.0091991424560547,0.0016955477185547352
0.17012708003492394,1.0003042221069336,0.0016896980814635754
0.1701446054615362,0.9940139651298523,0.0016874440480023623
0.1701748764542801,0.9949970245361328,0.0016998836072161794
0.17025864047283534,1.008828043937683,0.0016905419761314988
0.17034514001474554,0.9990399479866028,0.0016861952608451247
0.17040571564006068,0.9994130730628967,0.001703767105937004
0.17050493738584238,1.001283049583435,0.0016868376405909657
0.1705329969056809,1.0134391784667969,0.0016884206561371684
0.17054463075437554,0.9963115453720093,0.0017160821007564664
0.17065044404715135,0.9927796125411987,0.0016848830273374915
0.1706531738714132,1.0008361339569092,0.0016857079463079572
0.1707181663181877,0.9934045672416687,0.0016865686047822237
0.17075726438803074,1.0034657716751099,0.0016883272910490632
0.17078994777223266,1.002724051475525,0.0017166093457490206
0.17088153426670283,1.0023249387741089,0.0016856231959536672
0.17091354366658496,0.999085009098053,0.0017282388871535659
0.17092029107096096,0.993323564529419,0.0016866791993379593
0.17103385741981114,0.9998424649238586,0.0016885882942005992
0.17104108394546425,1.0074561834335327,0.0016916453605517745
0.171090052658199,0.9946267604827881,0.0016860663890838623
0.17115161046284844,0.9875060319900513,0.0016837475122883916
0.1711734577271603,0.9907658696174622,0.0017102338606491685
0.17125691357743777,0.9977009296417236,0.0016853234264999628
0.17130651037691003,1.003974199295044,0.0016931777354329824
0.17141305004582985,1.0056238174438477,0.0016913694562390447
0.17143058905270825,0.994877278804779,0.0016871662810444832
0.1714608361168829,0.9914045333862305,0.0016984414542093873
0.17154462859111386,1.0062845945358276,0.0016888073878362775
0.1716311037724595,0.9920463562011719,0.0016825395869091153
0.17169169362645453,0.9960455894470215,0.0017030241433531046
0.17179090588750212,1.0022153854370117,0.0016870326362550259
0.17181897898865972,1.0208574533462524,0.0016919811023399234
0.1718305889085744,0.9981927871704102,0.0017173751257359982
0.17193643044187057,0.9924464821815491,0.0016844812780618668
0.17193914776248542,1.0002951622009277,0.0016853680135682225
0.1720041285681294,0.9947531819343567,0.001686252886429429
0.1720432557403776,1.0056071281433105,0.0016896332381293178
0.17207592468053357,0.999341607093811,0.0017146568279713392
0.17216750125890634,1.0053890943527222,0.0016870563849806786
0.1721995009574251,0.9962363243103027,0.0017279530875384808
0.1722062716442727,0.99510657787323,0.0016873386921361089
0.1723198293700633,0.9971348643302917,0.0016867155209183693
0.17232706883093762,1.0082308053970337,0.0016907311510294676
0.17237601339931574,0.9955130815505981,0.0016864619683474302
0.17243760009100428,0.9889854788780212,0.0016836309805512428
0.17245943398978436,0.9936375021934509,0.001711783348582685
0.17254287884545028,1.0013437271118164,0.0016886565135791898
0.17259248965613128,1.0056456327438354,0.0016942808870226145
0.17269902005568305,1.0107539892196655,0.0016938438639044762
0.17271657242872507,0.9945330619812012,0.0016879180911928415
0.17274679556306693,0.9938506484031677,0.001699010725133121
0.17283061649423692,1.0059874057769775,0.0016894468571990728
0.172917067746592,0.9955529570579529,0.0016846406506374478
0.17297767161305888,1.0014203786849976,0.0017043232219293714
0.17307687438916208,1.0009747743606567,0.001687223557382822
0.17310496107121753,1.018343448638916,0.0016909914556890726
0.1731165472781392,0.9976476430892944,0.0017175216926261783
0.17322241705111352,0.9910182356834412,0.00168475357349962
0.17322512186850247,0.9976076483726501,0.0016841235337778926
0.17329009103322657,0.9963109493255615,0.001687118667177856
0.17332924709272446,1.0032392740249634,0.001688638818450272
0.17336190158925557,1.001004934310913,0.001716103870421648
0.17345346803595418,1.0020134449005127,0.0016852410044521093
0.1734854584648946,1.0020899772644043,0.001731440075673163
0.17349225243400312,0.994332492351532,0.0016868461389094591
0.17360580132031544,0.9977414011955261,0.001687904936261475
0.17361305393072413,1.009716272354126,0.0016922166105359793
0.17366197435600883,0.9964331388473511,0.001686033676378429
0.1737235895031628,0.9869199991226196,0.0016831040848046541
0.17374541025114532,0.9914621114730835,0.001710805227048695
0.17382884411219957,0.9956749677658081,0.0016861098119989038
0.17387846915219218,1.0066325664520264,0.0016948682023212314
0.1739849902821653,1.0051066875457764,0.0016917529283091426
0.17400255602073922,0.9920392036437988,0.0016864788485690951
0.17403275501051418,0.990405261516571,0.0016983960522338748
0.17411660439736,1.0050324201583862,0.0016879707109183073
0.17420303150556904,0.9985626935958862,0.0016865974757820368
0.1742636498150293,0.9985159635543823,0.00170324242208153
0.1743628426748245,1.001010775566101,0.001685294322669506
0.17439094315419645,1.0133929252624512,0.0016894432483240962
0.17440250543212754,0.9966607093811035,0.001716624479740858
0.17450840344520113,0.9909408688545227,0.0016842763870954514
0.17451109575978518,1.0024592876434326,0.0016861319309100509
0.17457605328253656,0.9943040013313293,0.001686388743110001
0.17461523866022666,1.0042405128479004,0.0016888731624931097
0.17464787849797747,1.0038152933120728,0.0017164320452138782
0.17473943481300225,1.0020579099655151,0.0016857016598805785
0.17477141575678734,1.0001940727233887,0.0017305361106991768
0.17477823300710438,0.9971737861633301,0.0016867705853655934
0.17489177305520165,0.9966346025466919,0.0016873072599992156
0.17489903881577618,1.0073322057724,0.0016910141566768289
0.17494793531249164,1.001997470855713,0.0016894559375941753
0.17500957913047666,0.9893503189086914,0.0016840343596413732
0.17503138672829333,0.991234302520752,0.0017096120864152908
0.17511480959536763,0.9967511296272278,0.0016861263429746032
0.17516444843267664,1.0075860023498535,0.0016949082491919398
0.1752709602930712,1.0078881978988647,0.0016926659736782312
0.17528853961233248,0.9982060194015503,0.00168944604229182
0.17531871445796143,0.9951192736625671,0.0017000464722514153
0.17540259230090405,1.0093259811401367,0.0016908703837543726
0.1754889952645461,0.9961963295936584,0.001684226794168353
0.17554962780226535,1.0009143352508545,0.0017049527959898114
0.17564881117648434,0.9988925457000732,0.0016852139960974455
0.17567692523675416,1.0122002363204956,0.0016890775877982378
0.17568846358611578,0.9988841414451599,0.0017171168001368642
0.17579438983907814,0.9928420782089233,0.0016852275002747774
0.17579706965085728,1.0017207860946655,0.0016853456618264318
0.17586201553184666,1.00062894821167,0.001689144759438932
0.17590123001320523,1.0016995668411255,0.0016875264700502157
0.17593385540627848,1.005264163017273,0.0017168710473924875
0.17602540180562665,1.002852439880371,0.0016853176057338715
0.17605737326404636,0.9992029070854187,0.001729859272018075
0.1760642137968348,0.9932117462158203,0.001685860101133585
0.1761777450060854,0.9959996938705444,0.0016866878140717745
0.17618502370124944,1.007269263267517,0.0016911443090066314
0.1762338960533979,0.9997384548187256,0.0016878555761650205
0.17629556875821173,0.9880498647689819,0.0016836136346682906
0.17631736299091738,0.9928091764450073,0.001711255288682878
0.17640077486338013,1.0001229047775269,0.0016889856196939945
0.17645042771274,1.0049113035202026,0.0016928386176005006
0.17655693051934296,1.006036639213562,0.001691468758508563
0.1765745229887702,0.9948284029960632,0.001687601557932794
0.1766046739054088,0.9919949173927307,0.001698885578662157
0.17668858042002455,1.0058621168136597,0.0016893119318410754
0.17677495902352325,0.999267578125,0.0016869913088157773
0.17683560578929092,0.9940652251243591,0.0017018594080582261
0.1769347796777232,1.0009909868240356,0.0016863091150298715
0.17696290731846975,1.0153461694717407,0.0016907750396057963
0.1769744219552596,0.9991360902786255,0.0017168254125863314
0.17708037623379724,0.9930601716041565,0.001685330644249916
0.17708304354108728,1.0036193132400513,0.001685869530774653
0.17714797799736492,0.997758150100708,0.0016876307781785727
0.1771872213661837,1.006267786026001,0.0016896784072741866
0.1772198323154215,1.006124496459961,0.0017176652327179909
0.1773113685826746,1.0016295909881592,0.0016847711522132158
0.1773433305557286,1.0034887790679932,0.0017314667347818613
0.1773501945857231,0.9933661222457886,0.0016866992227733135
0.17746371695696905,0.9985552430152893,0.0016877184389159083
0.17747100880166755,1.0088756084442139,0.0016909032128751278
0.177519857009249,0.9989983439445496,0.0016886880621314049
0.17758155838636758,0.9846954345703125,0.0016825194470584393
0.17760333925354133,0.9926753044128418,0.0017112098867073655
0.17768674013139263,0.9996766448020935,0.0016879057511687279
0.17773640699322446,1.0041590929031372,0.0016936647007241845
0.17784290052919627,1.00392484664917,0.0016909228870645165
0.17786050658078445,0.9939424395561218,0.0016872145934030414
0.17789063335285604,0.9936019778251648,0.00169948092661798
0.1779745683223054,1.006434440612793,0.001688807038590312
0.1780609227820793,0.995017409324646,0.001683905371464789
0.17812158377631637,0.9987362623214722,0.00170303659979254
0.17822074817854094,1.0040241479873657,0.0016882718773558736
0.17824888940144856,1.0138835906982422,0.0016875320579856634
0.17826038010924794,0.9986473917961121,0.0017184668686240911
0.17836636262830585,0.9927191138267517,0.0016852866392582655
0.17836901764731494,1.0051839351654053,0.0016874499851837754
0.1784339402473064,0.9953572154045105,0.0016865250654518604
0.17847321271768846,1.0014725923538208,0.0016879994655027986
0.1785058092247751,1.0005418062210083,0.0017155372770503163
0.17859733535845934,1.0053397417068481,0.0016868113307282329
0.1786292880623559,0.9956784248352051,0.0017288041999563575
0.17863617515840324,0.9929021596908569,0.0016861899057403207
0.17874968869227648,0.9984154105186462,0.0016873592976480722
0.1787569936873512,1.0076338052749634,0.0016916843596845865
0.17880581775036575,0.9978978633880615,0.0016872364794835448
0.1788675477985261,0.9881853461265564,0.001683469396084547
0.178889315515955,0.9928938746452332,0.0017108905594795942
0.17897270539940513,0.996868371963501,0.0016853809356689453
0.17902238648865376,1.007082223892212,0.001695588929578662
0.17912887053883897,1.0042616128921509,0.0016908065881580114
0.1791464901715355,0.9936050176620483,0.0016879210015758872
0.17917659301545874,0.9946609139442444,0.0016998517094179988
0.17926055622542836,1.0084799528121948,0.0016893731663003564
0.17934688654105646,0.9992935061454773,0.0016866495134308934
0.17940756197828678,1.0004241466522217,0.0017045320710167289
0.17950671646462435,0.9991887211799622,0.0016860277391970158
0.17953487148442748,1.0194321870803833,0.0016913525760173798
0.17954633847818113,1.0006436109542847,0.0017175618559122086
0.17965234902155136,0.991357684135437,0.0016847215592861176
0.17965499153796605,0.9997031092643738,0.0016852440312504768
0.17971990249682712,0.9979286789894104,0.0016866633668541908
0.1797592040696142,1.0073084831237793,0.0016901593189686537
0.17979178613412872,1.0028597116470337,0.0017159654526039958
0.17988330235066274,1.0055854320526123,0.0016871790867298841
0.17991524535424874,0.9989053010940552,0.0017297372687608004
0.17992215594792305,0.9924286603927612,0.0016860212199389935
0.18003566064316012,0.9979022145271301,0.0016881271731108427
0.18004297857198237,1.0090173482894897,0.0016918096225708723
0.18009177870684845,0.999206006526947,0.0016882119234651327
0.18015353742541884,0.987151026725769,0.0016831905813887715
0.18017529177752645,0.9913304448127747,0.0017106832237914205
0.18025867066699663,0.9947503209114075,0.0016860543983057141
0.18030836576850662,1.0016584396362305,0.0016917390748858452
0.18041484076532122,1.0028218030929565,0.001690751756541431
0.1804324735475522,0.9932928681373596,0.0016874737339094281
0.180462552462906,0.9940431118011475,0.0016994113102555275
0.18054654412897242,1.0046625137329102,0.0016884373035281897
0.1806328503000335,0.9990401268005371,0.0016867927042767406
0.18069353996425963,0.9969689249992371,0.001703623915091157
0.18079268496586332,1.0043431520462036,0.0016867781523615122
0.18082085356740618,1.01633620262146,0.0016902510542422533
0.18083229663111688,0.9972935914993286,0.001716715400107205
0.18093833563100492,0.9915302991867065,0.001685220398940146
0.18094096542903826,1.0010600090026855,0.0016853041015565395
0.18100586474676872,0.9974538087844849,0.0016878923634067178
0.18104519542259268,1.0040216445922852,0.0016886235680431128
0.18107776304242962,1.0036485195159912,0.0017164528835564852
0.1811692691277107,1.0038995742797852,0.0016855814028531313
0.18120120286066554,1.0044411420822144,0.0017312612617388368
0.1812081365220769,0.9932999610900879,0.001686396892182529
0.18132163259278067,0.9923192858695984,0.0016851323889568448
0.18132896345703442,1.0065261125564575,0.0016905982047319412
0.1813777394469125,0.9969209432601929,0.0016859449679031968
0.18143952705357502,0.9883149266242981,0.0016833835979923606
0.1814612680395189,0.9915890693664551,0.001710885320790112
0.18154463593500902,1.0000543594360352,0.0016881127376109362
0.18159434504899108,1.0074810981750488,0.0016941839130595326
0.18170081077601652,1.002601981163025,0.0016906600212678313
0.18171845713956658,0.9928348660469055,0.0016876277513802052
0.18174851191035324,0.9929118156433105,0.0016994618345052004
0.1818325320325166,1.0103999376296997,0.0016901802737265825
0.1819188142733239,0.9941467642784119,0.0016842973418533802
0.18197951795128497,0.9987202882766724,0.0017040098318830132
0.18207865346752306,1.0038291215896606,0.0016877098241820931
0.18210683564996388,1.0153042078018188,0.0016902919160202146
0.18211825478510524,1.0007070302963257,0.0017189037753269076
0.18222432202572403,0.990568220615387,0.0016843482153490186
0.18222693932011036,1.0009527206420898,0.0016854460118338466
0.18229182721228687,0.9983705282211304,0.0016879028407856822
0.18233118699114748,1.0031449794769287,0.0016886955127120018
0.18236373995030952,1.0063716173171997,0.0017174106324091554
0.18245523590433776,1.0032559633255005,0.0016855434514582157
0.1824871601510848,0.9988583922386169,0.0017303737113252282
0.1824941173118073,0.99681556224823,0.0016873927088454366
0.18260760432766687,0.9938007593154907,0.0016861509066075087
0.18261494855808413,1.010163426399231,0.0016916606109589338
0.1826637004029742,1.0051968097686768,0.001690580858848989
0.18272551646615443,0.9835437536239624,0.0016820902237668633
0.18274724430151146,0.9892727732658386,0.0017103595891967416
0.18283060141859808,0.99799644947052,0.001686795148998499
0.18288032432905443,1.0064619779586792,0.001694157486781478
0.18298678078586972,1.0022497177124023,0.0016906318487599492
0.18300444051600429,0.9950467944145203,0.0016879263566806912
0.18303447135737938,0.9924135804176331,0.0016986355185508728
0.18311851993606065,1.006112813949585,0.0016892418498173356
0.18320477803187996,0.9979705214500427,0.0016859399620443583
0.18326549593831054,0.9979575872421265,0.0017030445160344243
0.18336462175360646,1.0015795230865479,0.0016864927019923925
0.1833928177316796,1.0176334381103516,0.0016911986749619246
0.18340421315467004,1.001569390296936,0.0017195821274071932
0.18351030842023275,0.9896862506866455,0.0016844167839735746
0.1835129134261274,1.0010408163070679,0.0016857667360454798
0.18357778946180747,0.9964979887008667,0.0016871232073754072
0.18361717834307334,1.0028053522109985,0.0016884589567780495
0.18364971685966303,1.0044066905975342,0.0017166419420391321
0.18374120289696205,1.001222848892212,0.0016844285419210792
0.18377311765855409,0.9975712895393372,0.0017307878006249666
0.18378009788490868,0.9938698410987854,0.0016867840895429254
0.18389357627855063,0.9970941543579102,0.001687642652541399
0.1839009334431363,1.00826096534729,0.001691178884357214
0.1839496613590358,1.0021567344665527,0.0016895985463634133
0.18401150609431038,0.9877004027366638,0.0016839472809806466
0.1840332205630828,0.9950632452964783,0.0017118309624493122
0.1841165666853476,0.9953570365905762,0.0016858328599482775
0.1841663036095389,1.004245400428772,0.0016948216361925006
0.18427275101235208,1.0012222528457642,0.0016903886571526527
0.18429042410801844,0.9945173859596252,0.0016876301961019635
0.18432043080419513,0.9953060150146484,0.0017005326226353645
0.18440450805391795,1.0060663223266602,0.0016886445228010416
0.184490741790857,0.993737518787384,0.0016844926867634058
0.18455147414028095,0.9975744485855103,0.0017022930551320314
0.1846505902548452,1.0025994777679443,0.0016863503260537982
0.1846787998146585,1.016895055770874,0.0016914047300815582
0.18469017130865828,1.002360224723816,0.0017190065700560808
0.18479629481474136,0.9917568564414978,0.0016847314545884728
0.18479888731741012,1.0023624897003174,0.001685858005657792
0.18486375171174907,0.993998646736145,0.0016864144708961248
0.1849031696945782,1.0025923252105713,0.0016884648939594626
0.18493569376901653,1.001909613609314,0.0017154512461274862
0.18502716967401012,1.0080472230911255,0.0016874021384865046
0.18505907495044704,1.002126693725586,0.0017317855963483453
0.18506607867316538,0.9960136413574219,0.0016880272887647152
0.18517954822901328,0.9985635280609131,0.0016877015586942434
0.18518691832860934,1.0111066102981567,0.0016922784270718694
0.18523562209994204,0.999018669128418,0.0016878664027899504
0.18529749572204524,0.9830371737480164,0.0016816121060401201
0.18531919682549647,0.9892218708992004,0.0017106466693803668
0.185402531952939,0.9972780346870422,0.001686248928308487
0.1854522831051787,1.0084402561187744,0.0016943234950304031
0.185558721023258,1.001960277557373,0.0016909047262743115
0.18557640748319304,0.9931061863899231,0.0016866896767169237
0.1856063902510109,0.9944087266921997,0.00169979443307966
0.185690495957041,1.0080947875976562,0.0016885425429791212
0.18577670554983405,0.9973695874214172,0.0016857709269970655
0.185837452127517,0.9981133341789246,0.001703749061562121
0.18593655854050772,1.0035829544067383,0.001686743926256895
0.1859647818976372,1.012127161026001,0.0016887972597032785
0.18597612946264663,0.9972718358039856,0.0017166802426800132
0.18608228120798687,0.9923253059387207,0.0016848354134708643
0.18608486120764012,1.000434160232544,0.0016855974681675434
0.18614971396126967,0.997492790222168,0.0016880702460184693
0.18618916104755656,1.002436876296997,0.0016886803787201643
0.18622167067731743,1.0017906427383423,0.0017158358823508024
0.18631313645105807,1.0028377771377563,0.001684654620476067
0.18634503245770584,1.0006718635559082,0.0017317301826551557
0.18635205924731923,0.9966687560081482,0.0016872967826202512
0.1864655199643206,0.9951342940330505,0.0016862965421751142
0.18647290342881695,1.0104395151138306,0.0016919984482228756
0.18652158305642486,0.9950782060623169,0.0016849505482241511
0.18658348513336176,0.9898678660392761,0.0016841134056448936
0.18660517308812063,0.9900850653648376,0.0017103399150073528
0.1866884972209515,1.0012342929840088,0.001687399810180068
0.1868446910331113,1.0028928518295288,0.001690963632427156
0.1868623910747863,0.9921635389328003,0.0016875419532880187
0.18689234969845803,0.9948405027389526,0.0017000685911625624
0.18697648386058496,1.0064573287963867,0.001689103664830327
0.1870626693088111,0.9973517656326294,0.0016844432102516294
0.18712343011370036,0.9989601373672485,0.0017037992365658283
0.18722252704132547,1.0015417337417603,0.0016864058561623096
0.1872507639801949,1.0145225524902344,0.0016890211263671517
0.18726208783179044,1.0029977560043335,0.001719627995043993
0.18736826760207437,0.9951152801513672,0.001685639494098723
0.18737083509829133,1.0038114786148071,0.0016871915431693196
0.1874356764259456,0.9969347715377808,0.001687884097918868
0.18747515240053503,1.0054274797439575,0.001689595403149724
0.18750764758603944,1.0030367374420166,0.001716651488095522
0.1875991032281059,1.0038540363311768,0.0016856248257681727
0.1876309897493883,0.9958243370056152,0.0017286814982071519
0.18763804003704965,0.9928655028343201,0.0016852921107783914
0.18775149191520435,1.000007152557373,0.001688776770606637
0.18775888831323762,1.0075091123580933,0.001691280398517847
0.1878075437969099,1.0042072534561157,0.001691491692326963
0.1878694747615176,0.9871020913124084,0.001682923873886466
0.18789114935074458,0.9921768307685852,0.0017109558684751391
0.187974462488964,0.9988324046134949,0.0016872476553544402
0.1880242416648844,1.0041015148162842,0.0016937628388404846
0.18813066125896183,1.000797152519226,0.0016897106543183327
0.18814837466680046,0.9913027882575989,0.001686563715338707
0.18817830914611589,0.9926295280456543,0.0016987486742436886
0.18826247176370803,1.007439374923706,0.0016890648985281587
0.18834863306736715,1.002318263053894,0.0016883502248674631
0.18840940809946272,0.9986892342567444,0.0017036047065630555
0.18850849554298532,1.0024105310440063,0.0016871829284355044
0.18853674606254223,1.0195406675338745,0.0016935410676524043
0.18854804598577868,0.9990138411521912,0.0017186171608045697
0.18865425399658298,0.9923208951950073,0.0016850692918524146
0.18865680898936332,1.0031400918960571,0.0016871294938027859
0.18872163867609792,0.9987302422523499,0.001688568270765245
0.18876114375246078,1.0048099756240845,0.0016895388253033161
0.18879362449455084,1.0034339427947998,0.0017167105106636882
0.18888507021967782,1.0051039457321167,0.0016868665115907788
0.188916947256226,1.0016177892684937,0.0017320337938144803
0.188924020610151,0.9968380331993103,0.0016879496397450566
0.18903746365051144,0.9978724718093872,0.0016862984048202634
0.18904487319892116,1.0073306560516357,0.001690639415755868
0.1890935047533927,0.997589111328125,0.0016863304190337658
0.18915546417409712,0.9878292083740234,0.001683298614807427
0.18917712561231603,0.9901967644691467,0.001709692063741386
0.1892604277569765,0.994579553604126,0.0016854103887453675
0.18931022094536887,1.0057090520858765,0.0016950031276792288
0.18941663126902564,1.0003727674484253,0.0016894482541829348
0.18943435804281716,0.992696225643158,0.0016872177366167307
0.1894642688085082,0.9950016140937805,0.0016995506593957543
0.18954845966640999,1.0078691244125366,0.0016886931844055653
0.1896345968263442,0.9927951097488403,0.0016830171225592494
0.18969538608669867,1.0014313459396362,0.0017047999426722527
0.18979446382927911,1.0013970136642456,0.001686619478277862
0.18982272814488954,1.0145134925842285,0.001689402386546135
0.18983400413976703,1.0009371042251587,0.0017187786288559437
0.1899402403904601,0.989701509475708,0.001684193266555667
0.1899427830955911,1.00123929977417,0.0016861213371157646
0.19000760092540792,1.0009186267852783,0.0016882148338481784
0.19004713510480764,1.0011242628097534,0.001687761046923697
0.19007960140390445,1.0044020414352417,0.0017170963110402226
0.19017103699609417,1.0048327445983887,0.0016870616236701608
0.19020290454790834,0.9991071224212646,0.001731797237880528
0.19021000139967081,0.9938176870346069,0.0016861798940226436
0.1903234356009742,0.9936167597770691,0.0016855165595188737
0.19033085808439454,1.0109195709228516,0.0016922912327572703
0.19037946549429885,0.9985807538032532,0.0016878537135198712
0.19044145380183208,0.9869088530540466,0.0016836459981277585
0.1904631018734665,0.9924458265304565,0.0017109100008383393
0.190546393024568,0.9972224235534668,0.0016875779256224632
0.19059620022585333,1.0054227113723755,0.0016941268695518374
0.19070260127993155,1.0003716945648193,0.001690313802100718
0.19072034163483154,0.9886704087257385,0.0016863620840013027
0.19075022825595533,0.9962598085403442,0.00170087069272995
0.19083444756953305,1.0030025243759155,0.0016882943455129862
0.19092056058532136,1.0033643245697021,0.0016884028445929289
0.19098136407393473,0.9967547059059143,0.0017023514956235886
0.19108043233030758,1.0028873682022095,0.0016863604541867971
0.19110871022786824,1.0137691497802734,0.0016888891113922
0.19111996250891083,0.996942937374115,0.0017185729229822755
0.1912262267851793,0.9929018616676331,0.0016858489252626896
0.1912287569866632,1.0015901327133179,0.0016867652302607894
0.19129356317534962,0.9949288964271545,0.0016872544074431062
0.191333126456944,1.0015977621078491,0.0016886316007003188
0.19136557831304746,1.0019621849060059,0.0017159369308501482
0.19145700377314212,1.0020009279251099,0.001684383605606854
0.19148886205516724,0.999809205532074,0.0017317155143246055
0.19149598197319317,0.9987640976905823,0.0016885424265637994
0.19160940755059486,0.997220516204834,0.0016871999250724912
0.19166542645014994,0.9984990954399109,0.0016873001586645842
0.19172744342935655,0.9877909421920776,0.0016826866194605827
0.19174907813609054,0.9901554584503174,0.0017103331629186869
0.1918323582925805,0.9934828877449036,0.0016851744148880243
0.1919885715062034,0.9976505637168884,0.0016886538360267878
0.19200632501042714,0.990519642829895,0.0016860056202858686
0.19203618770340258,0.9938063621520996,0.0016995322657749057
0.1921204354730771,1.0057313442230225,0.0016884402139112353
0.19220652434387742,0.9960212111473083,0.0016848341329023242
0.19226734227653663,1.002652645111084,0.0017050469759851694
0.192366400616391,1.0013642311096191,0.0016867750091478229
0.19239469231105744,1.0173068046569824,0.0016906376695260406
0.19240592066205708,0.9999300241470337,0.0017188939964398742
0.19251221317884581,0.9939738512039185,0.001684724586084485
0.1925147308777353,1.0028164386749268,0.0016860135365277529
0.19257952542550183,0.9921606779098511,0.0016854485729709268
0.19261911780992247,1.0013617277145386,0.0016884090146049857
0.19265155522155897,1.003128170967102,0.0017165696481242776
0.19274297054976908,1.007050633430481,0.001686252886429429
0.1927748193462181,1.0004626512527466,0.001730857533402741
0.19278196254671554,0.9940871000289917,0.0016868802485987544
0.19289537928590206,0.9975377321243286,0.001688051619566977
0.1929028280704963,1.0092540979385376,0.0016911443090066314
0.1929513871912667,1.0019088983535767,0.0016892823623493314
0.19301343284130446,0.9883597493171692,0.0016837388975545764
0.1930350543987146,0.98984694480896,0.0017096297815442085
0.1931183235605931,0.9979028105735779,0.0016869241371750832
0.1931681590013461,1.0056308507919312,0.00169343501329422
0.1932745415162671,0.9973780512809753,0.0016884698998183012
0.1932923086020203,0.9954008460044861,0.0016875151777639985
0.19332214715042884,0.9934045672416687,0.0016996177146211267
0.19340642359219773,1.0068209171295166,0.0016886438243091106
0.19349248810222297,0.9976666569709778,0.0016860872274264693
0.1935533202635622,0.9969936013221741,0.0017033106414601207
0.19365236911805084,1.0004241466522217,0.001686312141828239
0.19368067439340475,1.0224114656448364,0.0016939140623435378
0.19369187881562433,0.998731791973114,0.0017182067967951298
0.19379819957293332,0.990236222743988,0.0016842897748574615
0.1938007047675443,1.0007292032241821,0.0016857180744409561
0.19386548767481182,0.9979678392410278,0.0016878878232091665
0.19390510916269033,1.0082902908325195,0.0016910698032006621
0.19393753213091247,1.0002716779708862,0.001715885242447257
0.19402893732681703,1.0021497011184692,0.0016847492661327124
0.1940607768536874,1.003753900527954,0.0017332591814920306
0.19406794333623534,0.9937781095504761,0.0016860445030033588
0.19418135123678582,0.995983898639679,0.0016864871140569448
0.19418881295470636,1.010275959968567,0.0016919184708967805
0.1942373481469073,0.9975177049636841,0.0016870208783075213
0.19429942246946041,0.9838008284568787,0.0016820126911625266
0.1943210308758625,0.9917041659355164,0.0017105937004089355
0.1944042888273424,0.9969086647033691,0.0016867408994585276
0.19445413828119895,1.0061718225479126,0.0016952158184722066
0.19456051152717302,0.9985651969909668,0.0016889824764803052
0.1945782919784581,0.9895327687263489,0.0016861704643815756
0.19460810659787608,0.995724081993103,0.0017012038733810186
0.19469241149532068,1.0069001913070679,0.0016889855032786727
0.19477845186056852,0.998225748538971,0.0016857110895216465
0.19483929824932456,0.9986748099327087,0.0017035522032529116
0.1949383376192897,1.0018194913864136,0.0016866973601281643
0.19496665647638367,1.015013575553894,0.0016894132131710649
0.19497783718518902,0.9995757937431335,0.0017185844480991364
0.19508418596744193,0.9924203157424927,0.0016846886137500405
0.1950866786581954,1.0002495050430298,0.0016854725545272231
0.19515145014032997,0.9979763627052307,0.001687671523541212
0.1951911005141952,1.0039327144622803,0.00168856349773705
0.19522350903921348,1.0025421380996704,0.0017164519522339106
0.19531490431944143,1.0068813562393188,0.0016867701197043061
0.19534673414452763,0.9970046281814575,0.0017292894190177321
0.1953539239095472,0.9935024380683899,0.0016867080703377724
0.19546732297167202,0.9968414902687073,0.0016874786233529449
0.19547479784017951,1.0080461502075195,0.0016911872662603855
0.19552330888739244,1.0001193284988403,0.0016879860777407885
0.19558541188204004,0.9884330034255981,0.001683569047600031
0.19560700713848667,0.9927375912666321,0.0017114508664235473
0.1956902540949338,0.9950202107429504,0.0016851109685376287
0.1957401175616833,1.0068776607513428,0.0016938885673880577
0.1958464815370261,1.001679539680481,0.0016904461663216352
0.19586427557005126,0.993097186088562,0.0016873348504304886
0.19589406604532333,0.9937869310379028,0.0016998954815790057
0.19597839939823314,1.0056253671646118,0.0016885242657735944
0.19606441561954557,0.9964585304260254,0.0016850136453285813
0.1961252762359289,0.997160792350769,0.001702997600659728
0.19622430590495188,1.0011190176010132,0.001686922274529934
0.19625263855894148,1.0156824588775635,0.0016896562883630395
0.19626379533917737,1.0034078359603882,0.0017207066994160414
0.19637017236152943,0.9936408996582031,0.0016852215630933642
0.1963726525492676,1.0011769533157349,0.0016857882728800178
0.19643741238985069,0.9964001774787903,0.0016878851456567645
0.19647709186633144,1.0010509490966797,0.0016886331140995026
0.19650948594709328,1.0013424158096313,0.0017161035211756825
0.1966008710964895,1.0056729316711426,0.001686143223196268
0.19663269165136543,1.0008465051651,0.0017308378592133522
0.1966399046992776,0.9960362911224365,0.0016874837456271052
0.19675329492255567,0.9965605139732361,0.0016873672138899565
0.19676078272565278,1.0080368518829346,0.001690842560492456
0.1968092696282986,0.9992894530296326,0.0016867541708052158
0.19687140150914328,0.9868226647377014,0.001683544716797769
0.19689298340026862,0.9919058680534363,0.0017103425925597548
0.1969762193629464,1.0012235641479492,0.0016886669909581542
0.19702609684174666,1.0029834508895874,0.0016925126546993852
0.1971324515473003,0.9987382888793945,0.0016895438311621547
0.19715025894648908,0.992437481880188,0.0016864066710695624
0.1971800254923496,0.9982820749282837,0.0017016358906403184
0.1972643873011456,1.0059970617294312,0.0016890923725441098
0.19735037937873312,0.9982821941375732,0.0016857663867995143
0.19741125422295436,0.9996162056922913,0.0017040892271324992
0.19751027440576985,1.005446195602417,0.001687746960669756
0.19753862042508052,1.0172078609466553,0.0016912237042561173
0.19754975349274473,0.9975681304931641,0.0017174066742882133
0.19765615875603815,0.991072952747345,0.0016844167839735746
0.1976586264403397,1.0007497072219849,0.0016861963085830212
0.19772337463916068,0.9983090758323669,0.0016871232073754072
0.1977630832193099,1.0028884410858154,0.0016889309044927359
0.19779546285644678,1.0005525350570679,0.0017162398435175419
0.19788683787311634,1.0021677017211914,0.0016848980449140072
0.19791864894304778,0.9997051954269409,0.0017306720837950706
0.19792588527237887,0.9973557591438293,0.0016874315915629268
0.19803926665744187,0.9966004490852356,0.001686593284830451
0.1980467678262814,1.0080903768539429,0.0016910888953134418
0.1980952305843604,1.0013102293014526,0.0016875246074050665
0.1981573909210912,0.9852052927017212,0.001682600355707109
0.19817895966226107,0.9928154349327087,0.0017115228110924363
0.1982621846309589,0.9965401887893677,0.0016865429934114218
0.198312076122231,1.0036568641662598,0.0016936934553086758
0.19841842177357216,0.9978174567222595,0.0016890668775886297
0.19843624253808223,0.9914416670799255,0.0016865344950929284
0.19846598493916534,0.992971658706665,0.0016993647441267967
0.19855037520426866,1.0047296285629272,0.0016881864285096526
0.19863634313707856,0.9957471489906311,0.0016850936226546764
0.1986972322099798,0.9994832277297974,0.001702762907370925
0.19879624269206375,1.0036665201187134,0.0016871580155566335
0.19882460250805922,1.013240098953247,0.001686200499534607
0.19883571186230953,0.9993996024131775,0.001717753242701292
0.19894214514970465,0.9940427541732788,0.0016852676635608077
0.1989446003314118,1.0016587972640991,0.001686483039520681
0.19900933688931288,0.9961255192756653,0.0016881852643564343
0.19904907457123577,1.0020031929016113,0.0016885459190234542
0.1990814397658004,0.9998694658279419,0.0017153243534266949
0.1991728046489012,1.006101369857788,0.0016866890946403146
0.19920460644988558,0.9996762871742249,0.0017314261058345437
0.19921186606063546,0.996191143989563,0.0016873277490958571
0.19932523860748363,0.999774694442749,0.0016882669879123569
0.19933275271091233,1.0090121030807495,0.0016910592094063759
0.19938119132526644,1.0008949041366577,0.0016882430063560605
0.19944338054924715,0.9844061136245728,0.0016819348093122244
0.19946493592467474,0.9905977845191956,0.0017096297815442085
0.1995481498989714,0.9963622093200684,0.0016862896736711264
0.19959805540271558,1.002909541130066,0.0016926524695008993
0.19970439178384647,0.9995147585868835,0.0016895956359803677
0.19972222591325683,0.994788408279419,0.0016875358996912837
0.19975194438598098,0.9933838844299316,0.0017000919906422496
0.19983636310781272,1.0083009004592896,0.0016894558211788535
0.1999223068960556,1.000231385231018,0.001686682808212936
0.19998321019700538,1.0046238899230957,0.001706672366708517
0.2000822111939341,1.0022343397140503,0.001686574425548315
0.20011058459103814,1.0169603824615479,0.0016921281348913908
0.20012167001629777,1.0044111013412476,0.0017211721278727055
0.20022813154316066,0.9930343627929688,0.001685482682660222
0.20023057422206303,1.0015568733215332,0.0016859781462699175
0.20029529913841237,0.9957592487335205,0.001686370582319796
0.20033506592421413,1.0052855014801025,0.00168917968403548
0.2003674166749433,1.002563714981079,0.001716188038699329
0.20049056374156793,1.0002683401107788,0.0017303318018093705
0.20049784663478942,0.9951937794685364,0.0016873307758942246
0.20061121034300133,1.0004938840866089,0.0016878376482054591
0.2006187375959646,1.009971022605896,0.0016919729532673955
0.20066715228174925,0.9990898370742798,0.0016879941103979945
0.20072936996140567,0.9871219396591187,0.0016843520570546389
0.2007509121864567,0.9954677820205688,0.0017113947542384267
0.2008341151665629,0.9980085492134094,0.0016865591751411557
0.20088403468277893,1.0077334642410278,0.0016952849691733718
0.20099036179454188,1.0002812147140503,0.0016901110066100955
0.2010082095052711,0.9947654008865356,0.0016874553402885795
0.20103790383342823,0.995344877243042,0.0016997591592371464
0.20112235101135678,1.0059720277786255,0.0016886629164218903
0.20120827065503277,0.9991658926010132,0.0016858623130246997
0.20126918818360984,0.9989039897918701,0.0017035300843417645
0.2013681794791753,1.0013235807418823,0.0016863391501829028
0.20139656667422745,1.0181329250335693,0.0016911473358049989
0.20140762816986513,0.9982764720916748,0.0017176240216940641
0.20151411793787988,0.993480920791626,0.0016853070119395852
0.20151654811313513,1.0010284185409546,0.0016866093501448631
0.20158126138835397,0.9973363280296326,0.0016878736205399036
0.2016210572763505,1.003981590270996,0.0016891354462131858
0.2016533935840864,1.0011756420135498,0.0017164902528747916
0.20174473841857354,1.0055129528045654,0.0016867490485310555
0.20177652124882683,0.9970748424530029,0.0017306848894804716
0.20178382720894328,0.996593713760376,0.0016872528940439224
0.20189718229325349,0.9959729909896851,0.0016865365905687213
0.20190472248143776,1.0099204778671265,0.0016916015883907676
0.2019531130222344,0.9983524084091187,0.0016879341565072536
0.20201535958956152,0.9844577312469482,0.001681978814303875
0.20203688844908063,0.9907307624816895,0.001710437936708331
0.20212008043457552,0.9972066879272461,0.0016874679131433368
0.20217001396263168,1.0039148330688477,0.0016932139405980706
0.2022763318052372,0.9958081841468811,0.001687828917056322
0.2023238632810861,0.9974413514137268,0.0017013935139402747
0.20240833891447985,1.0070631504058838,0.001689674099907279
0.20249423441358883,1.0007057189941406,0.0016868135426193476
0.20255516638558024,1.0010088682174683,0.0017046005232259631
0.20265414798083525,1.0039916038513184,0.0016878120368346572
0.20268254875657477,1.0109316110610962,0.0016873822314664721
0.20269358632385348,1.000856637954712,0.0017202249728143215
0.20280010433238838,0.9900028705596924,0.0016838782466948032
0.20280252200378623,0.9995734691619873,0.0016851001419126987
0.2028672236385063,0.9976173639297485,0.0016871566185727715
0.20290704862869735,1.004709243774414,0.0016895781736820936
0.20293937027638975,1.000032901763916,0.0017156709218397737
0.2030307051952005,1.0070338249206543,0.0016866392688825727
0.2030624785400882,0.9953075647354126,0.001730757299810648
0.2030698079984632,0.9955546855926514,0.001687107840552926
0.2031831540285608,0.9962103962898254,0.0016867787344381213
0.20319070736691103,1.010223150253296,0.0016917255707085133
0.2032390739787171,1.0040709972381592,0.001690148958005011
0.20330134900172014,0.9866515398025513,0.0016822904581204057
0.2033228647114943,0.9936355352401733,0.00171109929215163
0.2034060457025879,0.9946784973144531,0.0016852604458108544
0.20356230181530088,1.002241611480713,0.0016904666554182768
0.20358017625814662,0.9906614422798157,0.001685986528173089
0.20360982272790173,0.9954593181610107,0.0017008722061291337
0.2036943268171818,1.0057239532470703,0.001688908669166267
0.20378019817214488,0.999201774597168,0.0016867720987647772
0.2038411443719741,1.0004602670669556,0.0017046137945726514
0.20394011626712927,1.0013065338134766,0.0016866595251485705
0.20396853083829025,1.0141592025756836,0.001689130556769669
0.20397954469341817,1.0024057626724243,0.001719566178508103
0.20408609072689698,0.9908415079116821,0.0016844869824126363
0.20408849589359523,1.0016111135482788,0.0016859532333910465
0.20415318588781628,0.9976896643638611,0.0016870448598638177
0.20419303998146532,0.997795045375824,0.0016863238997757435
0.20422534718511187,1.0028860569000244,0.0017167491605505347
0.20431667197224834,1.0072689056396484,0.0016884453361853957
0.20434843604734687,1.004154086112976,0.001733252196572721
0.20435578857240644,0.9923219680786133,0.0016855377471074462
0.20446912597944444,0.9992982745170593,0.001687324489466846
0.20447669225196308,1.0085934400558472,0.001691458048298955
0.20452503471962324,1.0019841194152832,0.0016885256627574563
0.2045873386290339,0.985390841960907,0.0016820947639644146
0.20460884097264476,0.9899658560752869,0.0017100188415497541
0.2046920109693373,0.9979320168495178,0.0016868391539901495
0.20484827204094103,0.9979333877563477,0.0016881879419088364
0.20486615984973977,0.9914261698722839,0.0016866158694028854
0.20489578217534898,0.9958004951477051,0.0017011930467560887
0.20498031472030487,1.0078167915344238,0.0016878822352737188
0.20506616193027982,0.9953024983406067,0.0016836728900671005
0.20512712235857844,1.001599907875061,0.001705629052594304
0.20522608476773652,1.0018458366394043,0.001687167794443667
0.20525451292126917,1.0233666896820068,0.0016944503877311945
0.20526550284740652,0.9998636245727539,0.001717776758596301
0.2053720771209846,0.9938550591468811,0.0016853708075359464
0.20537446978466734,1.0010069608688354,0.0016856570728123188
0.20543914835333432,0.9953129291534424,0.001686897943727672
0.20547903133360157,1.0022603273391724,0.0016889981925487518
0.20551132409425488,1.002327799797058,0.0017168347258120775
0.2056026387492964,1.0042004585266113,0.0016862483462318778
0.20563439333902933,0.9983165264129639,0.0017305529909208417
0.2056417691450867,0.9959458112716675,0.0016872750129550695
0.20575509771433065,0.9997676610946655,0.0016876382287591696
0.20576267713659424,1.0102699995040894,0.001691082026809454
0.2058109954598979,1.0025743246078491,0.0016888024983927608
0.205873328041824,0.986096978187561,0.001683520502410829
0.2058948172344267,0.9892844557762146,0.0017099713440984488
0.20597797623692882,0.9985084533691406,0.0016866389196366072
0.20602795180345346,1.0084370374679565,0.0016942924121394753
0.20613424205121533,0.9992144107818604,0.0016893019201233983
0.20615214322491437,0.9951292872428894,0.0016876950394362211
0.20618174162279623,0.9942606091499329,0.0016999555518850684
0.20626630262384882,1.0064767599105835,0.0016892367275431752
0.20635212568925698,1.0041108131408691,0.0016884562792256474
0.206413100345604,1.0016908645629883,0.0017050022725015879
0.2065120530529777,1.000755786895752,0.0016855085268616676
0.20654049500445848,1.0137797594070435,0.0016892958665266633
0.20655146100097377,1.001714825630188,0.0017202032031491399
0.2066580635142301,0.9904167652130127,0.0016840301686897874
0.20666044367573955,1.0008502006530762,0.001686199102550745
0.20672511060348664,0.9968022108078003,0.0016863718628883362
0.20676502268658015,1.0014363527297974,0.0016879488248378038
0.20679730100276628,0.9996640086174011,0.0017157081747427583
0.20688860552634425,1.003105640411377,0.0016858653398230672
0.20692035084628813,0.9962934851646423,0.0017300528706982732
0.2069277499341855,0.9969549179077148,0.001687612384557724
0.2070410696647934,0.9939212799072266,0.0016856102738529444
0.20704866223722285,1.009116530418396,0.0016919848276302218
0.2070969564157491,1.0004229545593262,0.0016876343870535493
0.20715931766934836,0.9888125658035278,0.0016838303999975324
0.20718079349705076,0.9912692308425903,0.0017106009181588888
0.20726394150494132,0.9950540065765381,0.0016852036351338029
0.20742021206191075,0.9975606799125671,0.0016880163457244635
0.20743812681692864,0.9916180968284607,0.0016867025988176465
0.2074677010704541,0.991592526435852,0.0016997699858620763
0.20755229052739288,1.0057365894317627,0.001688969088718295
0.20763808944844453,0.9998852014541626,0.001686548930592835
0.20769907833262957,1.0009398460388184,0.0017051022732630372
0.20779802155463756,1.0030159950256348,0.001686719129793346
0.20782647687122924,1.0204730033874512,0.001692867954261601
0.20783741915369902,0.9999376535415649,0.0017192467348650098
0.20794404990873883,0.9963018894195557,0.0016862888587638736
0.20794641756681176,1.0001312494277954,0.001685318653471768
0.20801107285279663,0.9999132752418518,0.0016883822390809655
0.20805101382292945,1.0029022693634033,0.0016891715349629521
0.20808327791211978,1.0034810304641724,0.0017167713958770037
0.2081745723029712,1.0071194171905518,0.0016879163449630141
0.20820630813797059,0.9991370439529419,0.0017309599788859487
0.20821373050812897,0.9967215657234192,0.0016880040057003498
0.2083270413992585,0.9961604475975037,0.0016857614973559976
0.2083346471222749,1.0101951360702515,0.0016926127718761563
0.20838291715623425,1.0031781196594238,0.0016901057679206133
0.20844530708192788,0.9818940758705139,0.0016814309637993574
0.20846676975946432,0.9914798736572266,0.001710174372419715
0.20854990677295382,0.9949423670768738,0.0016858819872140884
0.20859991057831462,1.0028499364852905,0.001694254344329238
0.20870618207260605,0.9960418939590454,0.0016883169300854206
0.20872411019336634,0.9964416027069092,0.001688308548182249
0.20875366051726973,0.9938347935676575,0.0017005425179377198
0.20883827842967373,1.0040420293807983,0.0016883483622223139
0.20892405320679008,0.9987738728523254,0.0016863398486748338
0.20898505631839182,0.9997340440750122,0.0017040255479514599
0.20908398984093157,1.0013139247894287,0.0016870509134605527
0.20911245895378705,1.0097297430038452,0.0016854475252330303
0.20912337752326382,1.0005446672439575,0.0017195484833791852
0.20923003630324744,0.9958086013793945,0.0016862968914210796
0.20923239145788386,1.0022342205047607,0.0016862023621797562
0.20929703510231734,0.9959079027175903,0.0016863918863236904
0.2093370051744342,0.9991517066955566,0.0016874864231795073
0.20936925482126278,1.003800630569458,0.0017174591775983572
0.20946053907875595,1.0069280862808228,0.001684891409240663
0.20949226564396628,1.001007318496704,0.0017322892090305686
0.20949971129680667,0.9935905337333679,0.0016864447388797998
0.20961301313456582,0.9970545172691345,0.0016862016636878252
0.20962063200774816,1.0100047588348389,0.0016919781919568777
0.2096688778971405,1.003321886062622,0.0016895282315090299
0.20973129670966284,0.9872728586196899,0.0016822329489514232
0.20975274602187788,0.992252767086029,0.0017105094157159328
0.20983587204096643,0.9975495934486389,0.0016866970108821988
0.20988588985879897,1.0071243047714233,0.00169477635063231
0.20999215208288036,0.9982296824455261,0.001688772696070373
0.2100100937849596,0.9921925663948059,0.0016868680249899626
0.21003961996345388,0.9940967559814453,0.0017006060807034373
0.2101242663327968,1.0059030055999756,0.0016891342820599675
0.21021001696576713,0.999748945236206,0.0016858222661539912
0.21027103430499627,1.0021368265151978,0.0017048354493454099
0.21036995834280203,1.001778483390808,0.001686314819380641
0.21039844103592364,1.019845962524414,0.001692061428911984
0.21040933567725217,1.005609393119812,0.0017211537342518568
0.21051602269733494,0.9911730289459229,0.001684065442532301
0.21051836534769297,1.0031763315200806,0.001686598057858646
0.21058299735141695,0.9968564510345459,0.0016867790836840868
0.21062299652741268,1.0012967586517334,0.0016883856151252985
0.21065523172956369,1.0013359785079956,0.001716151018626988
0.210746505855804,1.0060818195343018,0.0016869474202394485
0.21077822293522752,1.000118613243103,0.0017323251813650131
0.21078569187096052,0.9940807819366455,0.0016863857163116336
0.21089898508566007,0.9911494255065918,0.001685435650870204
0.21090661689322132,1.008894681930542,0.0016913291765376925
0.2109548388536231,1.0038269758224487,0.0016895491862669587
0.21101728612097914,0.9837899208068848,0.0016823174664750695
0.21103872228387044,0.9933887720108032,0.0017104585422202945
0.21112183730855794,0.9967657327651978,0.001686892006546259
0.21117186913928343,1.0037939548492432,0.001692331163212657
0.21127812209357566,0.9982136487960815,0.0016891639679670334
0.2112960771605552,0.993822455406189,0.0016876345034688711
0.21132557941090113,0.994255542755127,0.0017001698724925518
0.21141025423634086,1.0047379732131958,0.0016880006296560168
0.21149598072495468,1.00279700756073,0.0016875342698767781
0.21155701229202162,1.0016465187072754,0.0017060019308701158
0.21165592662804322,1.0012669563293457,0.0016861619660630822
0.21168442311911295,1.0135494470596313,0.001687640673480928
0.21169529383081942,1.0018067359924316,0.0017207504715770483
0.21180200909100144,0.9930852055549622,0.0016859194729477167
0.21180433923834396,1.0031638145446777,0.0016863180790096521
0.21186895960156893,0.9969324469566345,0.0016878161113709211
0.21190898788039103,1.0023829936981201,0.0016888397512957454
0.2119412086382857,1.000685691833496,0.0017166112083941698
0.21203247263285196,1.0077712535858154,0.0016867248341441154
0.21206418044248643,0.9958840012550354,0.0017305403016507626
0.21207167244427227,0.9958180785179138,0.0016875850269570947
0.21218495682033556,0.9966445565223694,0.0016864505596458912
0.21219260177827348,1.0086307525634766,0.0016908793477341533
0.21224079959410835,0.9996557831764221,0.0016883143689483404
0.2123032757491352,0.9864844679832458,0.001683125738054514
0.21232469854544178,0.9921595454216003,0.0017100870609283447
0.21240780257657033,1.0000367164611816,0.0016881382325664163
0.21256409210427085,0.9961965084075928,0.0016878816531971097
0.21258206053657192,0.9960898756980896,0.0016879845643416047
0.212611538858559,0.9933042526245117,0.0017005529953166842
0.21269624213988492,1.0065547227859497,0.0016886426601558924
0.21278194448330023,1.0012052059173584,0.0016854983987286687
0.21284299027904718,1.0016112327575684,0.0017046420834958553
0.21294189491433713,0.9994567036628723,0.001685636700130999
0.21297040520230237,1.016577959060669,0.0016913756262511015
0.21298125198480777,0.9988194704055786,0.0017187866615131497
0.21308799548508894,0.9964638948440552,0.001686058472841978
0.21309031312941618,1.0033882856369019,0.0016869730316102505
0.21315492185172114,0.9957349896430969,0.0016863499768078327
0.2131949792323169,0.9977477788925171,0.0016869005048647523
0.21322718533143126,1.003477692604065,0.0017174334498122334
0.21331843962505537,1.003178358078003,0.0016841524047777057
0.21335013773374778,0.999309778213501,0.0017319824546575546
0.21335765301779464,0.9961422681808472,0.0016869063256308436
0.21347092877121954,0.9968156218528748,0.0016866415971890092
0.21347858666290465,1.011551856994629,0.0016920239431783557
0.2135267603350146,1.0006358623504639,0.0016889050602912903
0.21361067480743434,0.9887750744819641,0.0017094756476581097
0.21369376784458294,0.9969773888587952,0.0016866902587935328
0.21374382769983125,1.0043258666992188,0.0016937322216108441
0.21385006211370305,0.9982542395591736,0.0016890233382582664
0.21386804412858618,0.9975207448005676,0.001688789576292038
0.21389749830537463,0.9928227663040161,0.001700337859801948
0.21398223004342898,1.003462791442871,0.001687875366769731
0.21406790824227728,1.0055972337722778,0.0016887419624254107
0.21412896826607275,0.9994882941246033,0.0017044033156707883
0.21422786341536548,0.9989131093025208,0.0016850957181304693
0.21425638706886263,1.0149847269058228,0.0016893534921109676
0.21426721013879613,1.0030162334442139,0.0017213781829923391
0.21437398187959766,0.9934177994728088,0.001684844959527254
0.21437628702006728,1.0037174224853516,0.0016865080688148737
0.21444088410082074,0.9976645708084106,0.0016876852605491877
0.21448097058466375,1.003551959991455,0.001688853488303721
0.21451316224057437,1.0028698444366455,0.0017168301856145263
0.2146044064021032,1.0075491666793823,0.001687753712758422
0.21463609524100657,0.9985381364822388,0.0017305387882515788
0.21464363380731455,0.9976770281791687,0.0016876269364729524
0.21475690050673713,0.9962729215621948,0.0016874937573447824
0.2147645715479567,1.0094177722930908,0.0016911979764699936
0.2148127212914972,1.0047054290771484,0.0016898869071155787
0.21487525457429424,0.9823122024536133,0.0016794955590739846
0.2148966510692163,0.9907340407371521,0.0017098558600991964
0.21497973311133223,0.996361255645752,0.0016855925787240267
0.2150298069798946,1.004604697227478,0.0016937884502112865
0.2151360323395538,0.9965915083885193,0.0016884870128706098
0.21515402750502377,0.9951572418212891,0.0016876666340976954
0.21518345775282188,0.9947153925895691,0.0017006428679451346
0.21526821794592044,1.006983995437622,0.0016886055236682296
0.21535387200083334,0.9996875524520874,0.0016859332099556923
0.2154149462526771,1.0006721019744873,0.0017050495371222496
0.2155138317001858,1.0039671659469604,0.0016880366019904613
0.21554236915142044,1.0148634910583496,0.001690002391114831
0.21555316850836082,1.0011374950408936,0.0017195189138874412
0.21565996827410638,0.9924692511558533,0.0016849954845383763
0.21566226091113927,1.0049668550491333,0.0016871130792424083
0.21572684635076234,0.9964416027069092,0.0016868553357198834
0.21576696193680012,0.9975770115852356,0.0016859086463227868
0.21579913914971727,1.0045582056045532,0.0017180792056024075
0.2159220525326888,1.0026308298110962,0.0017321704654023051
0.2159296143808368,0.9961578249931335,0.0016870414838194847
0.21604287224099183,0.9944823980331421,0.0016852886183187366
0.21605055643342996,1.0082368850708008,0.001691807177849114
0.21609868203240346,0.999823808670044,0.0016890307888388634
0.21616124420202898,0.9896442294120789,0.0016852592816576362
0.21618262733184035,0.9914869666099548,0.0017095926450565457
0.21626569837892373,0.9946756362915039,0.001684341230429709
0.21642200235024922,0.9994533658027649,0.0016890817787498236
0.2164400108810406,0.9952170848846436,0.001688337535597384
0.21646941720047974,0.9951990842819214,0.001701584318652749
0.216554205848833,1.003771185874939,0.0016882142517715693
0.21663983554360244,1.001503825187683,0.0016865077195689082
0.21670092423886045,1.0022668838500977,0.001705256523564458
0.21679980020184564,0.9981377720832825,0.001685003750026226
0.21682835123376765,1.0162416696548462,0.00169051019474864
0.21683912666255978,1.0052690505981445,0.001721242442727089
0.21694595466819389,0.9926034212112427,0.001685029943473637
0.2169482348022116,1.0028846263885498,0.001685899798758328
0.21701280860091454,0.9993950128555298,0.0016880177427083254
0.21705295307420214,1.001836895942688,0.0016880109906196594
0.21708511605822878,1.0003435611724854,0.0017158584669232368
0.21717633995640973,1.004095435142517,0.001684825518168509
0.21720801003994783,0.9999727606773376,0.0017327459063380957
0.21721559495478016,0.9949060678482056,0.0016871836269274354
0.2173288441910335,1.0000033378601074,0.0016878386959433556
0.217336541318903,1.0074678659439087,0.0016905356897041202
0.2173846427728886,0.9966829419136047,0.0016873963177204132
0.2174472336133455,0.9891985654830933,0.0016829315572977066
0.21746860380983046,0.9909828901290894,0.0017102051060646772
0.21755166364693623,1.000178337097168,0.0016889494145289063
0.21770797236094452,0.996780276298523,0.001687890267930925
0.21772599447305485,0.9928551316261292,0.0016866015503183007
0.2177553766481375,0.9968564510345459,0.0017008812865242362
0.21784019375237695,1.0093392133712769,0.0016902964562177658
0.21792579930279,0.9996064305305481,0.0016869796672835946
0.2179869022254649,0.9966650009155273,0.0017039080848917365
0.21808576848813943,1.0025415420532227,0.0016874743159860373
0.21811433331611485,1.0121787786483765,0.0016895863227546215
0.21812508481591641,1.0039819478988647,0.0017210086807608604
0.21823194084628383,0.9925822615623474,0.0016856135334819555
0.2182342086932838,1.00339937210083,0.0016870981780812144
0.21829877085106664,0.9953147768974304,0.0016873502172529697
0.21833894442697,1.002539873123169,0.0016886364901438355
0.21837109296674018,0.9995806813240051,0.0017157545080408454
0.21846230673282607,1.0068577527999878,0.0016880612820386887
0.21849396733163007,0.9972694516181946,0.0017284696223214269
0.21850157574430007,0.999083936214447,0.0016885356744751334
0.2186148159263407,0.9986496567726135,0.0016871675616130233
0.21862252620311318,1.0079585313796997,0.001691445941105485
0.2186706037281082,1.0037362575531006,0.0016897126333788037
0.21873322324150135,0.9852728247642517,0.00168258894700557
0.21875458007224402,0.9934251308441162,0.001710947835817933
0.2188376286993723,0.9922645688056946,0.0016848339000716805
0.21888774482008477,1.0100657939910889,0.0016978387720882893
0.21899394237163983,0.9991005659103394,0.0016898693284019828
0.21901197784907145,0.9975727200508118,0.0016889304388314486
0.2190413358800083,0.9962394833564758,0.0017013698816299438
0.21912618143992357,1.0031507015228271,0.0016875355504453182
0.21921176306092494,1.002018690109253,0.0016869384562596679
0.21927288021206925,1.0021004676818848,0.001706575625576079
0.21937173677443345,1.006435751914978,0.0016878818860277534
0.2194003151835171,1.0164440870285034,0.0016899285838007927
0.21941104296948377,1.0023040771484375,0.0017201045993715525
0.21951792724037145,0.9944267868995667,0.0016861559124663472
0.2195201825839348,1.0012890100479126,0.0016861726762726903
0.21958473310016624,0.9954180121421814,0.0016865935176610947
0.21962493577847486,1.0002961158752441,0.001686983508989215
0.21965706987546219,1.0035815238952637,0.001717151259072125
0.21974827350861093,1.003031611442566,0.0016851953696459532
0.21977992462289153,0.9973470568656921,0.0017313699936494231
0.21978755631698033,1.0002002716064453,0.001688908669166267
0.2199007876618585,1.0003176927566528,0.0016883682692423463
0.21990851108816523,1.0072771310806274,0.001691119628958404
0.21995656446901435,1.0043268203735352,0.0016899824840947986
0.22004055633465747,0.9942728281021118,0.001711457152850926
0.2201235939675954,0.9962460398674011,0.001686029601842165
0.22017372410056912,1.002783179283142,0.001692765625193715
0.22027991238191413,0.9972192645072937,0.0016885451041162014
0.22029796143982272,0.9951379299163818,0.0016885565128177404
0.22032729532661333,0.9940042495727539,0.001699886517599225
0.22041216934346763,1.0085607767105103,0.001689381548203528
0.22049772681990198,1.0026785135269165,0.0016867074882611632
0.22055885819909482,1.0013688802719116,0.001704880502074957
0.2206577052760933,1.0014171600341797,0.0016859055031090975
0.2206862972664959,1.0152722597122192,0.0016896968008950353
0.2206970011226299,1.0033624172210693,0.0017205914482474327
0.22080391363445906,0.9905162453651428,0.0016838675364851952
0.22080615625816735,1.0008094310760498,0.0016864822246134281
0.22087069534905535,0.998203694820404,0.0016879038885235786
0.2209109271306111,1.0017756223678589,0.0016886130906641483
0.22094304656902874,1.0050506591796875,0.0017177868867293
0.22103424028565888,1.0074853897094727,0.00168822321575135
0.22106588213015022,1.0006245374679565,0.0017323857173323631
0.2210735368905027,0.994246244430542,0.0016862204065546393
0.22118675961295275,0.9943974018096924,0.001685645547695458
0.22119449597363838,1.0052590370178223,0.0016900323098525405
0.2212425252099206,1.0005916357040405,0.0016881515039131045
0.22130520206560778,0.9917951226234436,0.0016847364604473114
0.22132653259580803,0.995136022567749,0.0017109373584389687
0.22140955923497618,0.9958531260490417,0.001685934141278267
0.22145970338063248,1.0038865804672241,0.0016929529374465346
0.22156588239260944,0.9976076483726501,0.0016887122765183449
0.22158394481626031,0.9939332008361816,0.0016873253043740988
0.2216132547736397,0.9958791136741638,0.0017008391441777349
0.2216981572465906,1.0076656341552734,0.001688685966655612
0.22178369057908964,1.0029628276824951,0.0016889269463717937
0.2218448361861204,1.0028212070465088,0.0017055522184818983
0.2219436735613346,1.003635048866272,0.0016865999205037951
0.22197227934968533,1.0121095180511475,0.00168705265969038
0.2219829594917737,1.0021426677703857,0.0017206600168719888
0.22208990002896767,0.9987233281135559,0.0016873723361641169
0.22209213014923956,1.0030407905578613,0.001686574425548315
0.22215665759920744,0.9968319535255432,0.0016875455621629953
0.22219691826801302,1.002587080001831,0.0016889515100046992
0.22222902347817175,0.9996802806854248,0.001716609694994986
0.22232020706291733,1.004583716392517,0.0016857474111020565
0.22235183942183268,0.9999365210533142,0.0017322165658697486
0.22235951746444604,0.9934812784194946,0.0016869616229087114
0.22247273134741785,0.995143473148346,0.001685875584371388
0.22248048085911165,1.0100345611572266,0.001692294841632247
0.2225284861659822,1.0011379718780518,0.0016884184442460537
0.22259119169313224,0.9915598630905151,0.0016839858144521713
0.22261250885780037,0.9908175468444824,0.0017100906698033214
0.2226955245029888,1.0003280639648438,0.001688399468548596
0.2227456824451195,1.0075407028198242,0.0016946963733062148
0.22285185240288374,0.9987037181854248,0.0016887520905584097
0.22286992819269813,0.9937302470207214,0.0016872213454917073
0.22289921422066594,0.994949996471405,0.00170037685893476
0.22298414514929243,1.0051649808883667,0.0016881183255463839
0.2230696543374352,0.9968527555465698,0.0016848767409101129
0.22313081417314573,1.0051754713058472,0.0017066828440874815
0.22322964206320506,1.001717209815979,0.0016866362420842052
0.22325826143203253,1.0203553438186646,0.0016931898426264524
0.22326891764576207,1.0024622678756714,0.001721368869766593
0.2233758864234764,0.9925610423088074,0.0016849498497322202
0.22337810404031155,1.002942681312561,0.0016871887492015958
0.22344261984914904,0.9968269467353821,0.001686831354163587
0.223482909620781,0.999900758266449,0.0016885913209989667
0.22351500038689365,0.9996118545532227,0.001716490718536079
0.2236061738393338,1.007224440574646,0.0016878717578947544
0.22363779692867047,1.0014103651046753,0.001732423435896635
0.22364549825396585,0.9963021278381348,0.0016870280960574746
0.22375870308293566,0.997574508190155,0.001687029143795371
0.2237664657445847,1.0068849325180054,0.0016910997219383717
0.22381444690688845,1.0056788921356201,0.0016904347576200962
0.22387718110571164,0.9936204552650452,0.0016858509043231606
0.22389848512021404,0.9904066920280457,0.001709856209345162
0.2239814897710013,0.9957445859909058,0.0016857607988640666
0.22403166172476174,1.0056705474853516,0.001694480306468904
0.22413782241231583,0.9969400763511658,0.0016880343900993466
0.22415591156913595,0.9971537590026855,0.0016883990028873086
0.22418517366727098,0.9952957630157471,0.001701700035482645
0.2242701330528365,1.0059196949005127,0.0016885740915313363
0.22435561809641225,1.0051195621490479,0.0016896901652216911
0.2244167921597502,1.0029611587524414,0.0017056592041626573
0.22451561034865686,1.0013679265975952,0.0016859890893101692
0.22454424329817158,1.0110114812850952,0.0016863095806911588
0.22455487579975042,1.0028910636901855,0.0017209931975230575
0.2246618728175639,0.9931040406227112,0.0016854018904268742
0.22466407793096277,1.0042904615402222,0.0016868833918124437
0.22472858209824864,1.0007015466690063,0.0016888176323845983
0.22476890097354885,1.0012437105178833,0.0016876445151865482
0.22480097729603676,1.0018199682235718,0.00171539222355932
0.22489214061638163,1.0037531852722168,0.0016850015381351113
0.22492375421972122,1.0018196105957031,0.0017323722131550312
0.2249314788279092,0.9988430738449097,0.0016886800294741988
0.22504467481761126,0.9959802627563477,0.0016849414678290486
0.22505245062879486,1.0064518451690674,0.0016910299891605973
0.2251004076477947,1.0074656009674072,0.0016916217282414436
0.22516317051850165,0.9944227337837219,0.0016856379806995392
0.2251844613822065,0.9921486377716064,0.0017108193133026361
0.2252674550379612,0.9970901608467102,0.0016869654646143317
0.2253176410052462,1.0023084878921509,0.0016928582917898893
0.22542379242301114,0.9963323473930359,0.0016878281021490693
0.225441895160729,0.9952109456062317,0.0016871787374839187
0.22547113311471823,0.9944563508033752,0.0017007646383717656
0.22555612095595956,1.0047645568847656,0.0016884584911167622
0.22564158163939185,0.9966467618942261,0.001684427261352539
0.22570277014551243,1.0036605596542358,0.0017070523463189602
0.22580157863347716,1.0031764507293701,0.0016867438098415732
0.225830225381361,1.0183500051498413,0.0016903385985642672
0.22584083395394927,0.999832034111023,0.0017206176416948438
0.2259478592112304,0.9946783185005188,0.0016849195817485452
0.22595005182203487,1.0044926404953003,0.0016871937550604343
0.22601454434840074,0.9979226589202881,0.0016881456831470132
0.2260548923250536,1.0006937980651855,0.0016875093569979072
0.22608695420454827,0.9994813203811646,0.0017153003718703985
0.2261781073936402,1.007895588874817,0.001686564297415316
0.22620971172634852,0.9998011589050293,0.0017308314563706517
0.22621745940058946,0.9967054724693298,0.001687508774921298
0.2263306467672318,0.9982901215553284,0.00168719666544348
0.22633843551384702,1.0056227445602417,0.0016907986719161272
0.22638636838870085,1.0029195547103882,0.0016886204248294234
0.22644916014686822,0.9892027378082275,0.0016833704430609941
0.22647043764462005,0.9936265349388123,0.001710786484181881
0.22655342008976564,1.000449538230896,0.0016879984177649021
0.22660362028594117,1.0030888319015503,0.0016915715532377362
0.22670976243370644,0.9964526891708374,0.001686828676611185
0.2267278785359037,0.9939932823181152,0.0016867502126842737
0.22675709256237608,0.9971769452095032,0.001702008070424199
0.22684210885908263,1.0067628622055054,0.0016888079699128866
0.2269275453977373,1.0050815343856812,0.00168880564160645
0.226988748132538,1.000815510749817,0.0017051890026777983
0.2270875471353475,0.9997595548629761,0.0016865212237462401
0.2271162074645503,1.0174691677093506,0.0016915006563067436
0.22712679210814812,1.0045322179794312,0.0017211748054251075
0.22723384538974145,0.9961073398590088,0.0016861336771398783
0.22723602549710953,1.0015968084335327,0.0016869448591023684
0.22730050659855305,0.9965448379516602,0.0016880884068086743
0.22734088346182402,1.0021412372589111,0.0016886629164218903
0.22737293089706212,1.0040501356124878,0.001717297942377627
0.22746407417005654,1.0039423704147339,0.001686067902483046
0.22749566901803087,1.0004783868789673,0.0017327792011201382
0.22750343997411182,0.9953017830848694,0.0016877269372344017
0.22761661850253923,0.9994118213653564,0.001687574782408774
0.22762442039932018,1.002824306488037,0.0016890427796170115
0.22767232934518356,1.0015732049942017,0.0016883235657587647
0.22773514955818452,0.9899224638938904,0.0016848541563376784
0.2277564139070336,0.9947286248207092,0.0017116396920755506
0.22783938535777815,0.9961947798728943,0.0016862796619534492
0.22788959956579402,1.003884196281433,0.001694411737844348
0.22799573244440186,0.9993465542793274,0.001689218683168292
0.2280138619123414,0.9991424083709717,0.0016899132169783115
0.22804305201003394,0.9975984692573547,0.0017020755913108587
0.22812809676178458,1.0066990852355957,0.0016885338118299842
0.22821350915692484,0.9983877539634705,0.0016856472939252853
0.22827472611956356,1.001697301864624,0.0017061970429494977
0.22837351542164142,0.9992320537567139,0.0016856807051226497
0.22840218933111056,1.0120753049850464,0.0016872076084837317
0.22841275026129415,1.0037524700164795,0.0017207289347425103
0.22851983178425006,0.9938852787017822,0.001685646246187389
0.22852199938733964,1.0016636848449707,0.0016857690643519163
0.22858646884849465,0.991936445236206,0.001684921095147729
0.22862687481459187,0.9998305439949036,0.0016874278662726283
0.22865890780620513,0.998225212097168,0.0017141549615189433
0.2287500409466835,1.006096363067627,0.0016865775687620044
0.22878162652528977,1.0003401041030884,0.001731913653202355
0.22878942076363162,0.9975192546844482,0.0016880452167242765
0.2289025902380568,0.9983678460121155,0.0016873435815796256
0.22891040528437234,1.0079903602600098,0.0016916906461119652
0.22895829008566881,1.0043861865997314,0.0016898318426683545
0.22902113896992204,0.9879623651504517,0.001683530630543828
0.22904239016881556,0.993923008441925,0.0017108786851167679
0.22912535062600126,0.9976899027824402,0.0016871243715286255
0.22917557884585738,1.0050833225250244,0.0016942251240834594
0.22928170245509716,0.9973602294921875,0.001688054297119379
0.22929984550435567,0.9957143068313599,0.0016881183255463839
0.22932901124190463,0.99671471118927,0.0017014166805893183
0.2294140844493311,1.0090665817260742,0.0016896785236895084
0.2295607041061679,1.0040676593780518,0.0017058710800483823
0.22965948370772482,1.0010663270950317,0.0016868601087480783
0.22968817141366837,1.0186526775360107,0.0016909234691411257
0.2296987084152825,1.0017192363739014,0.0017215122934430838
0.22980581817875878,0.9934114217758179,0.0016849482199177146
0.22980797327841185,1.0064074993133545,0.0016880853800103068
0.22987243109843625,0.9967610836029053,0.0016880545299500227
0.22991286616672824,1.0015499591827393,0.001687790616415441
0.22994488471534813,1.0037437677383423,0.001718207378871739
0.23003600772288935,1.0044227838516235,0.0016857575392350554
0.2300675838165509,0.9995743632316589,0.0017322266940027475
0.23007540133715398,0.9951450228691101,0.0016871483530849218
0.23018856197357473,0.9927338361740112,0.0016851192340254784
0.2301963901698454,1.0080863237380981,0.0016907552490010858
0.23024425082615385,1.0077035427093506,0.0016915410524234176
0.2303071285982885,0.9877693057060242,0.0016840300522744656
0.2303283664305975,0.9977664351463318,0.0017119463300332427
0.23041131589422426,0.9960973262786865,0.0016856510192155838
0.23056767246537146,0.9950987100601196,0.0016872287960723042
0.23058582888037238,0.9946267604827881,0.0016876119188964367
0.23061497068872028,0.9955722689628601,0.0017011240124702454
0.23070007235287515,1.0074095726013184,0.0016894229920580983
0.23078543667424745,1.0008128881454468,0.0016862807096913457
0.23084668209319337,1.0023688077926636,0.0017060399986803532
0.23094545199380812,1.00029718875885,0.0016862931661307812
0.23097415349601547,1.0119420289993286,0.0016881035408005118
0.2309846667850579,1.0003960132598877,0.0017201547743752599
0.2310918045720043,0.995549738407135,0.0016859043389558792
0.23109394716906273,1.0063647031784058,0.0016881875926628709
0.2311583931315383,0.9945983290672302,0.0016873008571565151
0.23119885730328804,1.0014592409133911,0.001688137766905129
0.23123086162449125,1.0004640817642212,0.0017150091007351875
0.23132197428457135,1.0102847814559937,0.0016881413757801056
0.23135354110823336,0.9988264441490173,0.0017318639438599348
0.23136138191109734,0.9934431314468384,0.0016863050404936075
0.23147453392445838,0.9973713159561157,0.0016862474149093032
0.23148237505531877,1.004234790802002,0.001689803320914507
0.231530211566218,1.0007827281951904,0.0016880050534382463
0.2315931180102364,0.9906043410301208,0.0016841612523421645
0.23161434269259018,0.9922374486923218,0.0017096177907660604
0.23169728116139465,0.994509220123291,0.0016854378627613187
0.23174753740619458,1.0004398822784424,0.001692411839030683
0.23185364247606666,0.9964790344238281,0.0016878386959433556
0.2318718122561786,0.9960842728614807,0.0016876602312549949
0.23190093013637814,0.9978252649307251,0.0017027378780767322
0.2319860602564192,1.0047696828842163,0.0016874013235792518
0.23207140021785866,1.001600742340088,0.0016870084218680859
0.23213266007958733,1.0033314228057861,0.001706013223156333
0.23223142049483647,1.0009398460388184,0.0016857642913237214
0.23226013536362844,1.0156669616699219,0.0016891061095520854
0.23227062493799366,1.0030139684677124,0.001721179811283946
0.23237779075051523,0.990445613861084,0.0016844840720295906
0.2323799208445585,1.00375497341156,0.0016874278662726283
0.2324443553810588,0.9980284571647644,0.0016874121502041817
0.2324848486556349,1.001556634902954,0.001688689924776554
0.23251683853363414,1.0008167028427124,0.0017166711622849107
0.2326079410618298,1.0125765800476074,0.0016898385947570205
0.23263949861549216,1.004721760749817,0.0017337610479444265
0.2326473624850407,0.9949250817298889,0.0016869721002876759
0.2327605056589236,0.9993828535079956,0.0016872715204954147
0.23276835994037082,1.0082099437713623,0.0016917429165914655
0.2328161725222796,1.0055760145187378,0.0016902523348107934
0.23287910742281603,0.9884358048439026,0.0016843494959175587
0.23290031895500363,0.9959160089492798,0.0017112152418121696
0.23298324621383082,0.9990956783294678,0.001687234966084361
0.23313961248634096,0.9953078627586365,0.001687458367086947
0.2331577956319847,0.9950118660926819,0.0016876993468031287
0.23318688958382539,0.9958290457725525,0.0017021939856931567
0.23327204815954228,1.0064175128936768,0.0016890102997422218
0.23335736397599371,1.001875877380371,0.0016864662757143378
0.23341863806598118,1.0038834810256958,0.0017066977452486753
0.23351738878028827,1.0050315856933594,0.0016876078443601727
0.23354611744660714,1.0213066339492798,0.0016927215037867427
0.2335565830911398,1.003184199333191,0.0017210476798936725
0.23366377714502384,0.9925546050071716,0.001685042749159038
0.2336658947356307,1.0043730735778809,0.0016874474240466952
0.2337303176310006,0.9942469000816345,0.0016864759381860495
0.23377084000840276,1.0048002004623413,0.0016891001723706722
0.2338028152259377,1.004621982574463,0.0017181962030008435
0.23389390783803565,1.0063776969909668,0.0016858767485246062
0.23392545590675362,1.00336754322052,0.0017341399798169732
0.23393334305835245,0.9960774183273315,0.0016877363668754697
0.2340464773938098,0.9980880618095398,0.001686883275397122
0.23405434482500187,1.0078470706939697,0.0016912026330828667
0.23410213326318585,1.0038663148880005,0.0016899264883249998
0.23416509683497433,0.9909607768058777,0.0016845323843881488
0.23418629521741718,0.9951313138008118,0.0017107429448515177
0.2342692114820537,0.9961292147636414,0.0016861357726156712
0.2343194959665319,1.0075267553329468,0.001694382168352604
0.23442558249577305,1.000178575515747,0.0016886962112039328
0.23444377922399906,0.996252715587616,0.0016876062145456672
0.23447284903000953,0.9961543679237366,0.0017016393830999732
0.23455803606245473,1.00340735912323,0.0016877333400771022
0.23464332773497076,1.00394868850708,0.0016885919030755758
0.23470461605300674,1.0008167028427124,0.0017059287056326866
0.23480335706595068,1.002870798110962,0.001685970346443355
0.23483209952874395,1.0146104097366333,0.0016878526657819748
0.23484254124512816,1.0033937692642212,0.001721746288239956
0.23494976353953256,0.9949662089347839,0.0016849859384819865
0.2349518686262817,1.0018682479858398,0.0016864779172465205
0.2350162798803106,0.997411847114563,0.001688028802163899
0.23505683114559428,1.0023860931396484,0.0016882895724847913
0.2350887921346596,0.9997461438179016,0.0017170528881251812
0.2351798746150836,1.0075600147247314,0.0016869582468643785
0.2352114134140123,0.9965263605117798,0.0017298707971349359
0.23521932384724087,0.9964544773101807,0.0016875044675543904
0.2353324491286959,0.9956064820289612,0.0016859883908182383
0.23534032971005403,1.0065515041351318,0.0016906299861148
0.23538809400409222,1.0050249099731445,0.0016904276562854648
0.2354510864624988,0.9884710311889648,0.0016835181741043925
0.23547227147940974,0.9912779927253723,0.001710005453787744
0.2355551767490136,0.9972302317619324,0.0016865062061697245
0.23560547524722697,1.0017870664596558,0.0016923785442486405
0.23571155250646847,0.9991942644119263,0.0016879611648619175
0.23572976260064726,0.9964640736579895,0.0016882997006177902
0.23575880826124862,0.997248113155365,0.0017016853671520948
0.23584402374979074,1.0042575597763062,0.001687832293100655
0.2359292914935267,0.9992634654045105,0.0016851903637871146
0.23599059382403464,1.0009361505508423,0.0017056083306670189
0.23608932535119198,1.0018932819366455,0.0016870253020897508
0.2361180813957252,1.0115556716918945,0.0016863219207152724
0.236128499399327,1.003556251525879,0.0017219198634847999
0.23623574993404117,0.9956454038619995,0.001686108997091651
0.23623784230135636,1.0001883506774902,0.001685967086814344
0.2363022421304628,0.9943490028381348,0.0016866461373865604
0.23634282249794114,1.0052310228347778,0.001690046163275838
0.2363747690438026,0.9985104203224182,0.0017156499670818448
0.23646584139234217,1.0054227113723755,0.0016858563758432865
0.23649737070569476,1.002660870552063,0.001734029152430594
0.23650530442076312,0.9981912970542908,0.0016886452212929726
0.2366184208631612,1.0002635717391968,0.001687330543063581
0.2366263145955273,1.0064581632614136,0.0016909320838749409
0.23667405474499825,1.0030866861343384,0.0016891906270757318
0.2367370758752888,0.9890536069869995,0.0016833010595291853
0.2367582477409811,0.9926312565803528,0.001710832817479968
0.236841142016184,0.9924854636192322,0.0016850883839651942
0.23689145431150327,1.007120966911316,0.0016948602860793471
0.23699752230158722,0.9986411929130554,0.0016888352110981941
0.23701574597645347,0.9957260489463806,0.0016868881648406386
0.23704476770890648,0.9950841069221497,0.0017020595259964466
0.2371300116533348,1.0026911497116089,0.0016869823448359966
0.2372152550365062,1.0033512115478516,0.001687543699517846
0.2372765718110602,1.000716209411621,0.0017060003010556102
0.23737529385306233,1.000793695449829,0.0016861751209944487
0.2374040634782829,1.015621304512024,0.001690672361291945
0.23741445755352586,1.004034161567688,0.0017218837747350335
0.23752173611171012,0.9942601323127747,0.0016849805833771825
0.23752381619158647,1.005007028579712,0.0016877336893230677
0.2375882043804045,0.9959574341773987,0.001687479205429554
0.237628813849867,1.0006614923477173,0.0016874904977157712
0.23766074595252462,1.0013355016708374,0.0017169845523312688
0.2377518081687584,1.0108145475387573,0.001689539523795247
0.23778332821295356,1.0047506093978882,0.0017330212285742164
0.23779128499470648,0.9965553283691406,0.0016874752473086119
0.23790439281404485,0.9981125593185425,0.0016867652302607894
0.23791229948100046,1.0040560960769653,0.0016902725910767913
0.237960015486115,1.0017468929290771,0.0016886048251762986
0.23802306528702621,0.990349292755127,0.0016845720820128918
0.23804422400297365,0.9962735176086426,0.0017118958057835698
0.23812710706862006,0.9958454370498657,0.0016863428754732013
0.23817743359072452,1.0063849687576294,0.0016940488712862134
0.23828349231228263,0.9989110231399536,0.001688611228018999
0.23830172935247018,0.9960654973983765,0.0016883908538147807
0.23833072715635384,0.9935693740844727,0.0017014594050124288
0.23841599955687887,1.0062108039855957,0.0016877566231414676
0.23850121879548336,1.0025166273117065,0.0016880006296560168
0.23856254979766456,1.0050151348114014,0.0017068295273929834
0.23866126213935634,1.0067304372787476,0.0016891061095520854
0.23869004556041962,1.016289234161377,0.0016893141437321901
0.2387004157066721,1.0024179220199585,0.0017208097269758582
0.23880772250579774,0.9939618110656738,0.0016856554429978132
0.23880979008265857,1.0024255514144897,0.0016864407807588577
0.2388741666303461,0.9926220178604126,0.001685831230133772
0.23891480498663742,0.9971750378608704,0.0016874255379661918
0.23894672264609107,1.000627040863037,0.0017170062055811286
0.23903777494538536,1.0083783864974976,0.0016883593052625656
0.2390692855042149,0.9978397488594055,0.0017311800038442016
0.23907726556864983,0.9959217309951782,0.001687993761152029
0.23919036454956266,1.0002259016036987,0.0016872638370841742
0.2391982843652104,1.0080034732818604,0.0016912129940465093
0.23924597622638966,1.0029288530349731,0.0016893129795789719
0.23930905469918473,0.9865415692329407,0.0016830898821353912
0.23933020026538732,0.9953690767288208,0.0017114178044721484
0.23941307233684317,0.9978623986244202,0.0016873118001967669
0.23946341287120898,1.000853419303894,0.0016913111321628094
0.23956946232297793,0.9980950951576233,0.001688251388259232
0.23958771294364223,0.9951958060264587,0.0016873874701559544
0.23961668660380098,0.9968395233154297,0.0017028410220518708
0.2397019874593702,1.0028424263000488,0.0016880878247320652
0.23978718255382891,1.0010240077972412,0.0016864545177668333
0.23984852778342702,1.0017688274383545,0.0017061552498489618
0.23994723042543964,1.0039337873458862,0.0016870541730895638
0.23997602742803237,1.0175811052322388,0.0016897310269996524
0.23998637386087096,1.0022077560424805,0.00172091752756387
0.24009370890030624,0.9996971487998962,0.0016870208783075213
0.24009576375836472,1.0010933876037598,0.0016858364688232541
0.24016012888028782,0.9967597126960754,0.0016872717533260584
0.24020079633898428,1.0001776218414307,0.0016875452129170299
0.24023269955523419,1.0066227912902832,0.001718199229799211
0.2403237417215912,1.0034379959106445,0.001684554503299296
0.24035524279463416,0.9986830949783325,0.0017314899014309049
0.2403632461413301,0.9953673481941223,0.0016872535925358534
0.24047633628508036,0.9977869391441345,0.001686876523308456
0.24048426925026256,1.005486011505127,0.0016907757380977273
0.24053193718287236,1.005928635597229,0.0016916970489546657
0.24059504411113253,0.9908303618431091,0.0016845889622345567
0.24061617652780065,0.9964398145675659,0.0017113363137468696
0.24069903760506617,0.9922544956207275,0.001685652183368802
0.24074939215190383,1.0126571655273438,0.0016961331712082028
0.24085543233325224,1.000278115272522,0.0016885102959349751
0.24087369631965905,0.9985464811325073,0.0016882984200492501
0.24090264605082723,0.9947323799133301,0.0017012289026752114
0.24098797536228278,1.0032309293746948,0.001686980132944882
0.24107314609744002,1.002933144569397,0.001687565934844315
0.24113450577045237,1.0021824836730957,0.0017061630496755242
0.24123319871152304,0.9995195269584656,0.0016862052725628018
0.2412620095112218,1.0194576978683472,0.001689992961473763
0.2412723320150697,1.0072691440582275,0.001722821849398315
0.24137969529439396,0.9956632256507874,0.0016865493962541223
0.24138173764880533,1.0028345584869385,0.0016868967795744538
0.24144609091338975,0.998318612575531,0.0016882262425497174
0.2414867874761757,1.0012807846069336,0.0016880114562809467
0.24151867646395608,0.9971932172775269,0.0017156122485175729
0.24160970849884966,1.0076794624328613,0.0016864961944520473
0.24164120030189284,1.0001829862594604,0.0017326996894553304
0.24164922671485245,0.9933487176895142,0.0016862170305103064
0.24176230801954546,0.9978690147399902,0.0016877705929800868
0.24177025413573583,1.0066455602645874,0.0016910667764022946
0.24181789792335762,0.9989137649536133,0.001687285490334034
0.2418810337386571,0.9901124835014343,0.0016839554300531745
0.24190215278979332,0.9927043914794922,0.001710426528006792
0.24198500287223668,0.9957313537597656,0.0016866190126165748
0.24214140234352655,0.999397873878479,0.001688734395429492
0.24215967969609675,0.9974162578582764,0.0016888853861019015
0.24218860528269803,0.9950669407844543,0.0017012165626510978
0.24227396305025029,1.004782795906067,0.0016880417242646217
0.24235910985641707,1.001695990562439,0.0016852287808433175
0.24242048375747782,1.0009912252426147,0.0017057812074199319
0.2425191672127619,1.0009315013885498,0.0016864470671862364
0.24255829016821595,1.0044547319412231,0.0017217191634699702
0.24266568147332612,0.9980310797691345,0.001686309464275837
0.24266771153987754,1.0060899257659912,0.0016878023743629456
0.24273205316291036,0.9945789575576782,0.001686143921688199
0.24277277882810144,1.0024229288101196,0.0016879806062206626
0.24280465337225698,1.000959873199463,0.0017155809327960014
0.24289567527610822,1.0045956373214722,0.0016859107417985797
0.2429271575935753,1.0026026964187622,0.0017328106332570314
0.24293520750437225,0.9970283508300781,0.0016879751347005367
0.24304827975358967,0.9981529116630554,0.0016864864155650139
0.24305623880563254,1.0059375762939453,0.0016901388298720121
0.24310385866300055,1.0088006258010864,0.0016925224335864186
0.2431670231512364,0.9907516241073608,0.0016841287724673748
0.24318812905220688,0.99171382188797,0.001710229553282261
0.24327096792488323,0.9961123466491699,0.0016862202901393175
0.24332135071224115,1.0074940919876099,0.0016949764685705304
0.24342737235337963,1.0005301237106323,0.0016890763072296977
0.24344566307253446,0.9964958429336548,0.0016875097062438726
0.24347456473014528,0.9978274703025818,0.00170299899764359
0.24355995095379435,1.0036596059799194,0.0016867180820554495
0.243645073614552,0.9988227486610413,0.001685677794739604
0.2437064617445034,1.0010493993759155,0.0017054296331480145
0.2438051354980032,1.0055755376815796,0.0016884499927982688
0.24383397346076086,1.0131970643997192,0.0016880616312846541
0.2438442483222043,1.0070078372955322,0.0017232284881174564
0.24395166786741362,0.9959008693695068,0.0016854515997692943
0.24395368521537308,1.0021933317184448,0.00168631412088871
0.24401801541285206,0.9990981817245483,0.0016884069191291928
0.24405877018044841,0.9997461438179016,0.0016870183171704412
0.24409063006540255,1.0036847591400146,0.0017189187929034233
0.24418164183673752,1.0090943574905396,0.001688318676315248
0.2442131151004131,0.9984992146492004,0.0017307450762018561
0.2442211880783156,0.9999700784683228,0.0016891976119950414
0.24433425148910737,0.994738757610321,0.0016853287816047668
0.2443422236913162,1.008817434310913,0.0016921182395890355
0.2443898194039068,1.0027949810028076,0.0016891530249267817
0.24445301256402652,0.991836667060852,0.001684627030044794
0.24447410531419922,0.9935620427131653,0.0017101539997383952
0.24455693319310623,0.9970848560333252,0.001687019132077694
0.24460732977588595,1.0051615238189697,0.001694390783086419
0.24471334236365394,1.001055359840393,0.0016891921404749155
0.24473164644855117,0.997371256351471,0.0016879983013495803
0.24476052417696093,0.9958249926567078,0.0017023555701598525
0.2448459388575489,1.004673957824707,0.001687508076429367
0.24493103737373967,1.0027401447296143,0.001688083866611123
0.24499243973152895,1.0010408163070679,0.0017059223027899861
0.2450911037836655,1.0008370876312256,0.0016847646329551935
0.24511995554268706,1.0135817527770996,0.0016882183263078332
0.24513020647640327,1.0051031112670898,0.001721396460197866
0.24523765426108013,0.9998854398727417,0.001687619835138321
0.2452396591053927,1.0062366724014282,0.001688074436970055
0.24530397766216205,0.9946403503417969,0.0016868109814822674
0.24534476131763971,0.9997783303260803,0.0016878140158951283
0.24537660697454555,1.0041918754577637,0.0017175468383356929
0.24546760861399597,1.0072304010391235,0.0016876697773113847
0.24549907239209556,0.9994651675224304,0.0017332782736048102
0.24550716865225897,0.999260425567627,0.0016885814256966114
0.2456202232246253,0.998207688331604,0.0016867858357727528
0.24562820857573675,1.0026683807373047,0.0016892374260351062
0.24567578014481306,1.006827473640442,0.0016920247580856085
0.24573900197597454,0.9917208552360535,0.0016846151556819677
0.2457600815753498,0.9922618865966797,0.0017100274562835693
0.24584289845985563,0.9959599375724792,0.0016865667421370745
0.2458933090565809,1.0024769306182861,0.0016923225484788418
0.24599931237434924,0.996101975440979,0.0016875948058441281
0.2460176298243575,0.9935672879219055,0.0016871228581294417
0.24604648362461878,0.996804416179657,0.0017013540491461754
0.24613192654446392,1.0081642866134644,0.0016892586136236787
0.24621700091735077,1.005510687828064,0.0016876974841579795
0.24627841750192525,1.0040043592453003,0.0017069712048396468
0.2463770720691173,1.002942442893982,0.001687209471128881
0.2464059374102998,1.0211498737335205,0.0016927499091252685
0.24641616484533635,1.0050718784332275,0.0017227270873263478
0.2465236404400123,0.9958166480064392,0.0016852987464517355
0.24652563278025685,1.0027788877487183,0.001686682808212936
0.24658993991231426,0.9958592057228088,0.0016873368294909596
0.24663075266998657,1.0009902715682983,0.0016878551105037332
0.24666258388368856,1.0054457187652588,0.0017182063311338425
0.24675357539125453,1.0089536905288696,0.0016866772202774882
0.24678502989935425,0.9996435046195984,0.0017310596304014325
0.24679314922578133,0.995374321937561,0.0016874857246875763
0.24690619495909039,0.9987279176712036,0.0016876797890290618
0.24691419346036791,1.006256341934204,0.0016905171796679497
0.2469617408857192,1.0031003952026367,0.0016887302044779062
0.24702499138813283,0.989453136920929,0.0016834158450365067
0.24704605783776334,0.9938604831695557,0.001710679498501122
0.24712886351144958,0.9983057975769043,0.0016878271708264947
0.24717928833727587,1.0025465488433838,0.0016920327907428145
0.2472852821694681,0.9979733228683472,0.0016878170426934958
0.24730361341574003,0.9988225102424622,0.0016889048274606466
0.24733244285564737,0.9967973232269287,0.0017026381101459265
0.24741791444716588,1.0053058862686157,0.0016883666394278407
0.24750296467548571,1.0048515796661377,0.0016883790958672762
0.2475643954883191,1.0029525756835938,0.0017067152075469494
0.2476630403554113,1.0022979974746704,0.001686935080215335
0.24769191949327862,1.014639973640442,0.0016883978387340903
0.2477021229989037,1.0042792558670044,0.0017220209119841456
0.2478096268340999,0.9975098967552185,0.001686540781520307
0.24781160667132884,1.003847599029541,0.0016874070279300213
0.24787590216225586,0.9978145360946655,0.0016872273990884423
0.24791674380717799,1.0013126134872437,0.001688040210865438
0.24794856057683412,1.0015379190444946,0.0017165581230074167
0.24803954216746027,1.0123203992843628,0.0016884570941329002
0.2480709871912472,1.0036060810089111,0.0017334931762889028
0.24807912979909308,0.993631899356842,0.0016866577789187431
0.24819216669460809,0.9957974553108215,0.001684931805357337
0.24820017834584096,1.0080622434616089,0.0016921284841373563
0.24824770162683596,1.0043179988861084,0.001689417171292007
0.24831098079987035,0.9892250299453735,0.0016838536830618978
0.2483320341001768,0.9925228357315063,0.0017098119715228677
0.24841482877967247,0.9974482655525208,0.0016874481225386262
0.24846526761691823,1.004381775856018,0.0016933842562139034
0.2485712521801633,0.998327910900116,0.0016884139040485024
0.24858959679217785,0.9988874793052673,0.0016883374191820621
0.24861840230267374,0.9962877035140991,0.001702990848571062
0.24870390235092044,1.007790446281433,0.0016889981925487518
0.24878892843404188,1.0088287591934204,0.001689495868049562
0.24885037347534456,1.003764033317566,0.0017068680608645082
0.2489490086414946,0.9970458149909973,0.0016854272689670324
0.24897790135983888,1.01723051071167,0.001690212986432016
0.24898808115204996,1.0061997175216675,0.0017234862316399813
0.24909561322860851,0.9960161447525024,0.0016854701098054647
0.2490975803470351,1.0026748180389404,0.0016865216894075274
0.24916186419662112,0.9975508451461792,0.001687415991909802
0.24920273515931435,0.9998088479042053,0.0016873099375516176
0.24923453748513502,1.0012543201446533,0.0017174556851387024
0.24932550894408734,1.0095762014389038,0.0016880501061677933
0.24935694448314005,1.0033296346664429,0.0017337528988718987
0.24936511037240494,0.9966965913772583,0.0016876733861863613
0.2494781384301259,0.9958872199058533,0.0016857761656865478
0.24948616323089323,1.0068745613098145,0.0016907283570617437
0.24953366258268705,1.0096434354782104,0.0016924368683248758
0.2495969704282367,0.9901809692382812,0.0016840087482705712
0.24961801036259046,0.9938720464706421,0.0017106764717027545
0.24970079404789558,0.9976881146430969,0.0016863548662513494
0.24975124689761308,1.0050147771835327,0.0016936194151639938
0.2498572221910692,0.9961373209953308,0.001687518204562366
0.24987558016882605,0.9971078038215637,0.0016878010937944055
0.24990436175012098,0.9951119422912598,0.0017007810529321432
0.249989890253833,1.0070548057556152,0.0016891310224309564
0.2500748919768109,1.0020978450775146,0.0016870858380571008
0.250136351461949,1.004166841506958,0.0017069579334929585
0.25023497714315446,1.002171516418457,0.001686484320089221
0.2502638834423967,1.0183852910995483,0.0016893311403691769
0.2502740393062488,1.0052263736724854,0.0017212694510817528
0.25038159940711957,1.0009709596633911,0.0016877632588148117
0.2503835542383178,1.0027297735214233,0.0016868244856595993
0.2504478264465627,0.9981263279914856,0.0016880572075024247
0.25048872629545316,1.002760410308838,0.0016887722304090858
0.2505205143938569,0.9996586441993713,0.0017166734905913472
0.25061147550492713,1.0107704401016235,0.001688665826804936
0.25064290198955685,0.9984809756278992,0.0017311953706666827
0.2506510909459273,0.9979860782623291,0.0016887453384697437
0.25076411038016744,0.9975041151046753,0.0016858436865732074
0.25077214790078994,1.0073086023330688,0.0016907219542190433
0.2508196233235933,1.0064911842346191,0.0016915305750444531
0.2508829598410268,0.9876063466072083,0.001682920497842133
0.2509039866250039,0.9921557903289795,0.0017093401402235031
0.2509867591003315,0.99310302734375,0.0016862609190866351
0.2510372259618895,1.007475733757019,0.0016940986970439553
0.2511431922007119,0.9995474815368652,0.0016888085519894958
0.25116156354421115,0.9947516322135925,0.0016873320564627647
0.2511903211971471,0.996314525604248,0.0017026569694280624
0.2512758779418005,1.0058728456497192,0.0016881452174857259
0.2513608557359984,1.0053842067718506,0.0016876261215656996
0.2514223294489746,0.9997189044952393,0.0017046163557097316
0.251520945429238,1.0027879476547241,0.0016865632496774197
0.2515498655249545,1.015394687652588,0.001687397132627666
0.25155999746044755,1.0104478597640991,0.001724602421745658
0.25166758580036497,0.9984063506126404,0.0016861038748174906
0.2516695279129715,1.0038660764694214,0.0016869389219209552
0.2517337886960833,0.9936498403549194,0.0016858815215528011
0.2517747176482211,1.0011060237884521,0.001687341253273189
0.25180649130300004,1.00227689743042,0.0017176008550450206
0.2518974422821856,1.0040929317474365,0.0016856578877195716
0.2519288592812392,1.0046372413635254,0.0017332988791167736
0.25193707151987055,0.995404064655304,0.0016873120330274105
0.25205008211505364,0.999222457408905,0.0016872325213626027
0.2520581327858421,1.007177710533142,0.001691809156909585
0.25210558406471006,1.005839467048645,0.0016908402321860194
0.2521689492523431,0.9914785623550415,0.0016842205077409744
0.2521899631017309,0.9976801872253418,0.0017123004654422402
0.25227272436750203,0.99602210521698,0.001686680712737143
0.25232320524195284,1.0043901205062866,0.0016927156830206513
0.2524291622105652,0.9994677305221558,0.0016889494145289063
0.25244754691980686,1.001331090927124,0.001689616939984262
0.2524762804290178,0.9989091157913208,0.0017035084310919046
0.25256186584492357,1.005030632019043,0.0016878240276128054
0.252646819279399,1.00218665599823,0.0016860135365277529
0.25270830743600003,1.0068788528442383,0.0017080915858969092
0.25280691371405817,1.0014187097549438,0.0016867920057848096
0.25283584739235676,1.0231635570526123,0.0016926306998357177
0.2528459556135938,1.0084587335586548,0.0017243720358237624
0.2529535721948737,0.998332679271698,0.0016867858357727528
0.2529555018036225,1.0010392665863037,0.001686370698735118
0.2530197509451829,0.9979820847511292,0.0016883915523067117
0.25306070878541254,1.0018023252487183,0.001688096090219915
0.2530924679965665,0.9983450770378113,0.0017160222632810473
0.25318340905923364,1.008775234222412,0.001688262913376093
0.253214816788077,1.0031722784042358,0.0017333402065560222
0.2532230520938139,0.9957369565963745,0.001687633921392262
0.25333605384972935,0.9984800219535828,0.0016860770992934704
0.25334411767047305,1.00594162940979,0.0016903710784390569
0.2533915448045636,1.0021412372589111,0.001688862917944789
0.25345493866408053,0.9889572858810425,0.0016833258559927344
0.25347593936372337,0.9927710890769958,0.0017096849624067545
0.25355868963572514,0.9958574175834656,0.0016866653459146619
0.2536091845224373,1.002501130104065,0.001692600199021399
0.2537151320056841,0.9964613914489746,0.0016868283273652196
0.25373353029624457,0.9949484467506409,0.0016871622065082192
0.2537622398764652,0.9908795356750488,0.001700038556009531
0.25384785374783614,1.0041124820709229,0.001687597599811852
0.2539327830377446,1.0066596269607544,0.0016886976081877947
0.2539942852070278,1.0030291080474854,0.0017068121815100312
0.25409288199972047,1.0036683082580566,0.0016872548731043935
0.25412182947533546,1.0179442167282104,0.0016898598987609148
0.25413191376779265,1.006337285041809,0.0017236665589734912
0.25423955837380585,0.9986163377761841,0.0016862442716956139
0.2542414754784865,1.0039331912994385,0.0016870021354407072
0.25430571297912685,0.9928659200668335,0.001685282913967967
0.2543467001381805,0.9971216917037964,0.0016861563781276345
0.2543784449052885,1.0021677017211914,0.0017175631364807487
0.2544693758354394,1.0118436813354492,0.001688617980107665
0.25450903266733627,0.9956444501876831,0.00168743880931288
0.25462202558524716,0.990787923336029,0.001682837842963636
0.2546301025561569,1.0063936710357666,0.0016907360404729843
0.25467750554462776,1.0057159662246704,0.001691219862550497
0.25474092807687054,0.9903364181518555,0.0016836400609463453
0.2547619156261368,0.9953846335411072,0.001710950513370335
0.2548446546883716,0.9946213364601135,0.0016855173744261265
0.25489516380229016,1.003008246421814,0.0016916004242375493
0.25500110201595827,1.000312328338623,0.0016894311411306262
0.2550195136728929,1.0004055500030518,0.001688660471700132
0.25504819932349143,0.9934467673301697,0.0017014429904520512
0.25513384143601414,1.00491201877594,0.0016882832860574126
0.25521874679693224,1.0076597929000854,0.001687924494035542
0.2552802631934218,0.9980619549751282,0.0017052054172381759
0.25537885028580387,1.000527262687683,0.0016861025942489505
0.25540781134210633,1.0170444250106812,0.001689548371359706
0.2554178719219915,1.005667805671692,0.0017230327939614654
0.25552554476789335,0.9956718683242798,0.0016853068955242634
0.25552744936892713,1.0068780183792114,0.0016886168159544468
0.2555916752286477,0.9967779517173767,0.0016876495210453868
0.2556326912749508,0.9999422430992126,0.0016876377630978823
0.2556644218144315,1.0028939247131348,0.0017180253053084016
0.25575534261269794,1.0089596509933472,0.0016880609327927232
0.2557867313701786,0.9994962811470032,0.0017305846558883786
0.2557950132404375,0.9973185062408447,0.0016879477770999074
0.25590799732055436,1.000673770904541,0.001687525655142963
0.2559160874409985,1.0081733465194702,0.0016915445448830724
0.255963466285534,1.0056512355804443,0.0016908537363633513
0.25602691748966055,0.9883570671081543,0.0016832902329042554
0.2560478918881295,0.9922595024108887,0.0017100080149248242
0.2561306199551211,0.9963518381118774,0.001687483862042427
0.25618114286740856,1.0052447319030762,0.0016948257107287645
0.2562870720266537,0.9981645941734314,0.0016882700147107244
0.2563054970495412,1.0004284381866455,0.0016897408058866858
0.25633415855536223,0.9942414164543152,0.0017017675563693047
0.2564198293387161,1.004552960395813,0.0016877963207662106
0.25650471034033273,1.006477952003479,0.001687104464508593
0.25656624117981586,1.0017341375350952,0.001706286333501339
0.2566648185714663,1.002190351486206,0.001686227973550558
0.2566937934244534,1.0191941261291504,0.001690398552455008
0.25670383007597986,1.0019646883010864,0.0017215701518580317
0.25681153116177047,0.9962185621261597,0.001686098868958652
0.2568134230444228,1.0021849870681763,0.0016870410181581974
0.25687763747858916,0.9968205690383911,0.0016873454442247748
0.2569186824108791,1.0023696422576904,0.0016882997006177902
0.25695039850757706,1.0034788846969604,0.0017181365983560681
0.25704130917353796,1.007180094718933,0.0016867427621036768
0.2570726888774375,1.002126693725586,0.0017329658148810267
0.2570809938139599,0.9990102052688599,0.0016885260120034218
0.25719396905522995,0.9990221261978149,0.0016862974734976888
0.2572020721108952,1.006872296333313,0.00169128377456218
0.25724942702665066,1.006858468055725,0.0016916404711082578
0.25731290690224007,0.988357424736023,0.0016834792913869023
0.25733386815054293,0.9933850169181824,0.0017101949779316783
0.25741658500692555,0.9940518140792847,0.0016861434560269117
0.2574671221470509,1.001926064491272,0.001691889832727611
0.257573042037349,1.001960277557373,0.0016889874823391438
0.25759148064071336,0.9984931349754333,0.0016880844486877322
0.2576201180028095,0.9986358284950256,0.0017036355566233397
0.2577058170262626,1.0072903633117676,0.0016882872441783547
0.2577906740984677,1.0107827186584473,0.0016891313716769218
0.2578522191668412,1.005350112915039,0.0017076227813959122
0.2579507868575496,0.9987982511520386,0.0016850440297275782
0.2579797752914348,1.016842246055603,0.0016889735125005245
0.2579897882299682,1.0088070631027222,0.0017244978807866573
0.2580975173400709,0.9983406662940979,0.001686213305220008
0.2580993969354949,1.0044939517974854,0.0016878326423466206
0.25816359972853087,0.9986465573310852,0.0016886164667084813
0.258204673763647,1.0002135038375854,0.0016877150628715754
0.25823637541545696,0.9984118938446045,0.0017161219147965312
0.2583272759501647,1.0133713483810425,0.0016889807302504778
0.25835864616933035,0.9977287650108337,0.001730744494125247
0.25836697438790324,0.9965008497238159,0.001688032760284841
0.2584799407907479,0.9911550283432007,0.0016841456526890397
0.25848805699594724,1.0034164190292358,0.0016902032075449824
0.2585353877677674,1.0080711841583252,0.001689636497758329
0.2585988963135565,0.9897573590278625,0.0016836754512041807
0.2586198444129565,0.9951012134552002,0.0017108353786170483
0.25870255027514855,0.9968236684799194,0.0016864031786099076
0.25875310142627217,1.0042688846588135,0.001692492631264031
0.25885901183267834,0.9984166622161865,0.0016882587224245071
0.25887746401672995,0.9970324039459229,0.0016885377699509263
0.2589060774496251,0.9921532869338989,0.0017014492768794298
0.25899180492917506,1.0096423625946045,0.001689888071268797
0.25907663764144717,1.0078965425491333,0.0016884705983102322
0.2591381969382901,1.0038100481033325,0.0017075403593480587
0.259236755143633,1.0041102170944214,0.0016873665153980255
0.259265757373782,1.0223445892333984,0.0016903587384149432
0.25927574638269335,1.005250096321106,0.001722659100778401
0.25938350373457963,0.9979087710380554,0.0016866362420842052
0.25938537061120115,1.0062601566314697,0.001688745222054422
0.259449561762896,0.997231662273407,0.0016872544074431062
0.2594906649008384,1.001078486442566,0.0016877141315490007
0.25952235232459997,1.000615119934082,0.0017172510270029306
0.25961324272721276,1.0071505308151245,0.0016859557945281267
0.25964460367679976,1.001168131828308,0.00173161958809942
0.2596529549618467,0.9961815476417542,0.0016872701235115528
0.25976591252521297,1.000451922416687,0.0016878022579476237
0.2597740418801573,1.0042051076889038,0.00169006222859025
0.25982134850783156,1.0104256868362427,0.001693058991804719
0.2598848857255043,0.9880173802375793,0.0016833484405651689
0.25990582067494905,0.9946929216384888,0.0017101215198636055
0.25998851554316105,0.9946232438087463,0.0016868178499862552
0.26003908070696724,1.0093275308609009,0.0016947753028944135
0.26014498184274215,0.999713659286499,0.001688268966972828
0.2601634473925363,0.9965234994888306,0.0016878447495400906
0.2601920366808643,0.9961318373680115,0.0017024315893650055
0.26027779283208763,1.0060666799545288,0.0016881710616871715
0.2603626014000032,1.00547456741333,0.001687158364802599
0.26042417492489467,1.0053938627243042,0.001707978779450059
0.2605227234297165,1.0031217336654663,0.0016869992250576615
0.26055173924139485,1.0173563957214355,0.001688792952336371
0.2605617045362606,1.00751793384552,0.0017229750519618392
0.2606694899135118,0.9990639686584473,0.0016871456755325198
0.26067134450248386,1.0049653053283691,0.0016882986528798938
0.2607355240128376,0.9998469352722168,0.0016893696738407016
0.26077665625234314,1.0013861656188965,0.001687686424702406
0.26080832901816653,0.9979605674743652,0.0017154779052361846
0.26089920928826305,1.010083794593811,0.0016883066855370998
0.2609305609676399,1.0037175416946411,0.0017332379939034581
0.26093893553452685,0.9970099925994873,0.0016878428868949413
0.2610518842600992,0.998419463634491,0.0016866266960278153
0.26106002676563056,1.0021264553070068,0.0016898789908736944
0.2611073092487377,1.006671667098999,0.0016906539676710963
0.2611708751382944,0.9910762906074524,0.001684291404671967
0.2611917969365204,0.9928639531135559,0.0017098052194342017
0.2612744805955971,0.9953527450561523,0.0016861368203535676
0.26132505977208564,1.0058681964874268,0.0016940954374149442
0.26143095185217413,0.9973753094673157,0.001687644049525261
0.2614494307683424,1.0000009536743164,0.0016889345133677125
0.2614779961278907,0.9973964095115662,0.0017030512681230903
0.26156378052005513,1.0039106607437134,0.001687589567154646
0.2616485651589804,1.0042753219604492,0.0016876434674486518
0.2617101529114991,1.0030796527862549,0.00170628831256181
0.26180869193095524,1.0043957233428955,0.0016878326423466206
0.26183772132437366,1.018371343612671,0.0016888752579689026
0.26184766269024895,1.0070042610168457,0.001722787506878376
0.2619554763069677,0.999295711517334,0.0016867457889020443
0.2619573181767163,1.0040652751922607,0.0016873867716640234
0.2620214862623583,0.9963316917419434,0.0016872930573299527
0.26206264738911345,0.9993748664855957,0.0016874705906957388
0.2620943059273094,0.9996836185455322,0.00171713437885046
0.262185176065311,1.0108553171157837,0.001688449876382947
0.26221651825953285,1.0009896755218506,0.0017321143532171845
0.2622249161080491,0.9974946975708008,0.001687865937128663
0.26233785577982993,0.9972115159034729,0.0016851825639605522
0.26234601143552716,1.004917860031128,0.0016901864437386394
0.26239326998985457,1.0090622901916504,0.0016924027586355805
0.2624568645500317,0.9936812520027161,0.0016846894286572933
0.26247777319851295,0.9961933493614197,0.001710708369500935
0.262560445862978,0.9949402213096619,0.0016867290250957012
0.2626110390525701,1.0031251907348633,0.0016924532828852534
0.26271692186286943,0.9975296258926392,0.0016872127307578921
0.2627354141447801,0.9978672862052917,0.0016878544120118022
0.2627639555753378,0.9973452687263489,0.0017031884053722024
0.2628497684235992,1.0009453296661377,0.0016867563826963305
0.262934528702381,1.0060770511627197,0.0016882531344890594
0.2629961308976825,1.0045915842056274,0.0017075864598155022
0.26309466021577543,1.000325322151184,0.001686060568317771
0.263123703191776,1.0173885822296143,0.0016899531474336982
0.2631336208433952,1.0024443864822388,0.0017209985526278615
0.26324146248526825,0.9959354400634766,0.0016865876968950033
0.26324329185158035,1.0028513669967651,0.0016865086508914828
0.26330744829672337,0.9975100159645081,0.0016875984147191048
0.26334863852630497,0.9955661296844482,0.0016861240146681666
0.2633802826208761,1.0018136501312256,0.0017178087728098035
0.26350247576700214,1.0037562847137451,0.0017331636045128107
0.26351089668199257,0.9959439635276794,0.0016886767698451877
0.26362382751471625,0.9993886351585388,0.0016870797844603658
0.2636319963212109,1.0071794986724854,0.0016906432574614882
0.2636792307301291,1.0054904222488403,0.001689353259280324
0.2637428539621902,0.9885209202766418,0.001683376613073051
0.2637637494609266,0.9954000115394592,0.0017106537707149982
0.26384641091562455,0.9937154650688171,0.0016864256467670202
0.26389701833305446,1.0082005262374878,0.0016950304852798581
0.2640028916581989,1.0022530555725098,0.0016892857383936644
0.2640213975212179,0.9980942010879517,0.0016880268231034279
0.2640499148072085,1.0001046657562256,0.0017041047103703022
0.2641357561111457,1.0069823265075684,0.0016897595487535
0.26422049246072654,1.004953384399414,0.0016865157522261143
0.2642821086691314,1.0053800344467163,0.0017076872754842043
0.26438062850185884,1.0012211799621582,0.001686227391473949
0.2644096850585467,1.0131441354751587,0.0016868440434336662
0.2644195787820176,1.0043085813522339,0.0017219691071659327
0.26452744887977697,0.9962639212608337,0.0016856163274496794
0.2645292657428632,1.006915807723999,0.0016880371840670705
0.2645934105462441,0.9985809922218323,0.0016878449823707342
0.26463462987907294,1.0002262592315674,0.0016872063279151917
0.2646662595289665,0.998008131980896,0.0017161600990220904
0.2647571096187754,1.00932776927948,0.0016868768725544214
0.2647884330578425,1.0011951923370361,0.0017318541649729013
0.2647968772559359,0.9953100085258484,0.0016875066794455051
0.26490979925002334,0.9989655017852783,0.0016874272841960192
0.2649179812060526,1.0033328533172607,0.0016886009834706783
0.26496519147061426,1.0080739259719849,0.0016920057823881507
0.26502884337434873,0.9907731413841248,0.0016837011789903045
0.26504972572333996,0.9949954748153687,0.0017106733284890652
0.26513237618363705,0.9984050393104553,0.0016873484710231423
0.26518299739669926,1.008826732635498,0.0016944597009569407
0.2652888616682626,1.0010523796081543,0.0016889112303033471
0.2653073808972346,1.0013470649719238,0.0016892730491235852
0.26533587425423477,0.9946731925010681,0.0017019875813275576
0.26542174401426877,1.005806803703308,0.0016883903881534934
0.26550645600433753,1.004908561706543,0.0016872051637619734
0.26556808665636744,1.001440405845642,0.001706612529233098
0.26566659678794236,0.9996970295906067,0.0016863211058080196
0.2656956671404729,1.0175739526748657,0.0016894430154934525
0.26570553693621646,1.0077933073043823,0.0017243311740458012
0.2658134352742856,0.9980559349060059,0.0016867012018337846
0.2658152394175166,1.0071167945861816,0.0016887335805222392
0.26587937279492246,0.9967420697212219,0.0016874722205102444
0.26592062101626435,0.9986234307289124,0.0016869909595698118
0.2659522364374779,0.9988637566566467,0.0017161185387521982
0.2660430761804573,1.0128026008605957,0.0016892607090994716
0.2660743905651013,1.0014945268630981,0.0017318259924650192
0.2660828578298793,0.9924293756484985,0.0016867064405232668
0.26619577098533076,0.9990078806877136,0.0016879912000149488
0.26620396609026264,1.009170651435852,0.0016921067144721746
0.2662511522108889,1.0036778450012207,0.0016903361538425088
0.26631483278692814,0.9935418963432312,0.0016848522936925292
0.26633570198533263,0.9942068457603455,0.0017105783335864544
0.2664183412348099,0.995891273021698,0.0016863788478076458
0.2664689766767626,1.0050328969955444,0.0016931534046307206
0.2665748316789579,1.0011390447616577,0.0016884139040485024
0.2665933642732512,0.997076690196991,0.001687724725343287
0.2666218334861056,0.9980015158653259,0.0017029866576194763
0.2667077319169706,1.003533959388733,0.0016876455629244447
0.2667924197633147,1.0082836151123047,0.0016893291613087058
0.2668540646427614,1.0059356689453125,0.0017079301178455353
0.26695256507360454,1.00032639503479,0.0016862447373569012
0.2669914950902047,1.0045830011367798,0.0017230961238965392
0.26709942145342813,0.9992349147796631,0.0016864683711901307
0.2671012133085888,1.00657057762146,0.0016880522016435862
0.2671653348292877,0.9976260662078857,0.0016879397444427013
0.26720661215219266,0.9999274611473083,0.0016868222737684846
0.26723821313104446,1.004486083984375,0.0017186262411996722
0.26732904295666327,1.0096369981765747,0.001686249626800418
0.26736034785636253,1.0079900026321411,0.0017357972683385015
0.26736883840340164,0.9972537159919739,0.0016887274105101824
0.26748174272000624,1.0000967979431152,0.0016870071412995458
0.26748995076015925,1.0036810636520386,0.0016900311456993222
0.26753711295200555,1.003591775894165,0.0016901349881663918
0.26760082219950765,0.9906073808670044,0.0016845319187268615
0.2676216782471146,0.9960793256759644,0.0017109442269429564
0.2677043065021909,0.9946831464767456,0.0016858252929523587
0.2677549559572471,1.0024443864822388,0.001691721729002893
0.26786080147407665,0.999352753162384,0.0016886423109099269
0.267879347648847,0.9961021542549133,0.00168758409563452
0.26790779293355294,1.0002517700195312,0.0017042430117726326
0.26799371960514884,1.0039255619049072,0.0016871246043592691
0.2680783833067153,1.0062106847763062,0.0016872900305315852
0.26814004262936586,1.0041743516921997,0.0017080958932638168
0.26823853335968806,1.0014797449111938,0.0016861649928614497
0.26827745324419294,1.005378007888794,0.001722922781482339
0.26838540784688414,0.9979437589645386,0.0016870239051058888
0.268387186984295,1.0053693056106567,0.0016885364893823862
0.2684512970792293,1.0003299713134766,0.0016892006387934089
0.2684926035045395,1.0026718378067017,0.0016884964425116777
0.26852419003976646,0.9954522252082825,0.0017140302807092667
0.2686150097332901,1.0128875970840454,0.0016902833012863994
0.2686463051476239,1.0005959272384644,0.0017319446196779609
0.2686548189769239,0.9968507289886475,0.001688389922492206
0.26876771445468195,0.9977512955665588,0.001686345087364316
0.268775935645843,1.0048410892486572,0.0016909288242459297
0.2688230736929119,1.0080047845840454,0.0016921482747420669
0.26888681161145567,0.9937117695808411,0.0016846675425767899
0.26890765450889653,0.9940232634544373,0.001710092299617827
0.26899027155483746,0.9954008460044861,0.0016863627824932337
0.26904093523709993,1.0065703392028809,0.0016944739036262035
0.26914677148435096,0.9987926483154297,0.0016875745495781302
0.26916533102549534,0.9968215227127075,0.0016878071473911405
0.2691937523810002,0.9958204030990601,0.0017016194760799408
0.2692797075089034,1.0016884803771973,0.0016877681482583284
0.26936434706527135,1.0094560384750366,0.0016894115833565593
0.26942602040018315,1.0060644149780273,0.0017083236016333103
0.26952450164577146,1.0032777786254883,0.0016873035347089171
0.2695536129576248,1.019298791885376,0.001690558739937842
0.2695634113977602,1.0069737434387207,0.0017241272144019604
0.2696713940249743,0.9954051971435547,0.0016858272720128298
0.26967316065915914,1.0078339576721191,0.0016886964440345764
0.2697372593291709,1.0002214908599854,0.0016889326507225633
0.2697785946417308,0.9991159439086914,0.0016873329877853394
0.26981016694890947,1.0024280548095703,0.0017171596409752965
0.2699009762947616,1.0128862857818604,0.0016896547749638557
0.2699322626548828,1.0023833513259888,0.0017327772220596671
0.26994079955002526,0.9948781132698059,0.0016872574342414737
0.27005368618956815,0.9955316781997681,0.0016859550960361958
0.27006192053068456,1.000345230102539,0.0016878233291208744
0.27010903443297596,1.0067477226257324,0.0016910741105675697
0.2701728010234036,0.9895144104957581,0.0016837733564898372
0.2701936307713101,0.995496392250061,0.0017108162865042686
0.27027623682284996,0.9954245686531067,0.0016862817574292421
0.27032691430221834,1.0037375688552856,0.0016923608491197228
0.27043274149462526,0.9973169565200806,0.0016875033034011722
0.27045131440214354,1.0008946657180786,0.0016889574471861124
0.2704797116128709,0.9981459379196167,0.0017035780474543571
0.2705656951956077,1.0054653882980347,0.0016885126242414117
0.27065031060740874,1.0071086883544922,0.001687956741079688
0.270711998386577,1.0017229318618774,0.0017075065989047289
0.27081046993185476,0.9989064335823059,0.0016854834975674748
0.270839595039972,1.0178638696670532,0.0016874510329216719
0.27084936955174854,1.0046931505203247,0.0017216203268617392
0.2709573804194829,0.9944618940353394,0.0016853363486006856
0.27095913454981024,1.0021841526031494,0.0016870183171704412
0.27102322136353607,0.9966802597045898,0.0016874094726517797
0.27106458577850123,0.9977203607559204,0.0016862668562680483
0.2710961436424759,1.001124382019043,0.001717850798740983
0.2711869430713886,1.0086838006973267,0.0016867301892489195
0.2712267801235475,0.9976385831832886,0.0016878951573744416
0.27133965792487535,0.9987648129463196,0.0016877074958756566
0.2713479052001603,1.0082324743270874,0.001691696816124022
0.2713949951740927,1.0112372636795044,0.001693299738690257
0.271458790435562,0.9886879324913025,0.0016833337722346187
0.27147960703393414,0.995478630065918,0.0017104868311434984
0.271562201875286,0.9970408082008362,0.0016862594056874514
0.2716128935827028,1.007523536682129,0.0016930915880948305
0.271718711288902,1.001707911491394,0.0016883870121091604
0.27173729777731814,0.9970038533210754,0.0016875779256224632
0.271765671059055,0.9995958209037781,0.0017041054088622332
0.27185168309830976,1.0026499032974243,0.001687131356447935
0.2719362743663858,1.0091564655303955,0.0016893805004656315
0.27199797637360257,1.0043224096298218,0.0017085953149944544
0.27209643821751717,1.0002453327178955,0.0016864497447386384
0.2721255769069534,1.0164921283721924,0.0016876362496986985
0.2721353277057369,1.008901596069336,0.0017250244272872806
0.272243366597994,1.001770257949829,0.0016877843299880624
0.2722451082244637,1.0023577213287354,0.0016869871178641915
0.2723091836130568,0.9975243806838989,0.0016878191381692886
0.272350577130427,0.9980438351631165,0.0016857016598805785
0.2723821205511979,1.0001246929168701,0.0017163107404485345
0.2724729098484364,1.014575481414795,0.00168922683224082
0.2725041772376159,1.00625479221344,0.0017339738551527262
0.272512760697491,0.9978256821632385,0.0016878911992534995
0.27262562966018267,0.994961678981781,0.0016854024725034833
0.27263389008479133,1.005562663078308,0.0016903011128306389
0.27268095591520947,1.0063652992248535,0.0016907203244045377
0.2727447798472993,0.989460825920105,0.0016836751019582152
0.2727655832957161,0.9927879571914673,0.001709548057988286
0.2728481671428775,0.9964253306388855,0.001686910749413073
0.2728988726467686,1.0038914680480957,0.0016930234851315618
0.2730046812995973,1.0007476806640625,0.0016888962127268314
0.27302328115291374,0.9959731698036194,0.0016868641832843423
0.27305163029050483,0.9953462481498718,0.0017028397414833307
0.27313767078648776,1.0033082962036133,0.001687888172455132
0.2732222379097864,1.0111415386199951,0.001689982134848833
0.2732839541450516,1.0066146850585938,0.001708521507680416
0.27338240650233747,1.0006749629974365,0.001686053117737174
0.27341155877435563,1.019493818283081,0.001690191449597478
0.27342128585846204,1.006822943687439,0.0017246616771444678
0.2735293529925026,0.9965718984603882,0.0016860427567735314
0.27353108190016995,1.0021713972091675,0.0016872226260602474
0.2735951458629984,0.998435914516449,0.0016877029556781054
0.2736365682671975,1.000130534172058,0.0016872412525117397
0.273668097244133,1.0003451108932495,0.001717640203423798
0.2737588764099079,1.009469985961914,0.0016875826986506581
0.2737901347450853,1.0020273923873901,0.0017319096950814128
0.27379874127143433,0.9979968070983887,0.0016898115864023566
0.27391160139506876,0.9983121156692505,0.001687361509539187
0.2739198749704751,1.0029066801071167,0.0016889098333194852
0.2739669166552736,1.008330225944519,0.0016913716681301594
0.2740307692600893,0.9927129149436951,0.001683834008872509
0.27405155955812976,0.9928309321403503,0.0017102325800806284
0.27413413219531346,0.9947481751441956,0.0016857273876667023
0.27418485192683206,1.0030040740966797,0.0016927981050685048
0.2742906510949267,0.9998320937156677,0.0016880029579624534
0.27430926452956195,0.9950762391090393,0.001686408999375999
0.2743375897379521,0.9960267543792725,0.0017024276312440634
0.2744236586902423,1.003002405166626,0.001687366864643991
0.27450820166834244,1.0033012628555298,0.0016859684837982059
0.27456993213228753,1.0026733875274658,0.001706408802419901
0.27466837478842077,1.0009368658065796,0.0016867053927853703
0.27469754085733433,1.0192261934280396,0.0016886470839381218
0.2747072440120293,1.0089542865753174,0.0017245118506252766
0.27481533917101364,0.999826967716217,0.0016864968929439783
0.2748170555758762,1.0024824142456055,0.0016875250730663538
0.27488110789736353,0.9983960390090942,0.0016876163426786661
0.2749225594043889,1.0014960765838623,0.0016876708250492811
0.2749540741526444,1.0038092136383057,0.0017181730363518
0.2750448431865349,1.01328444480896,0.0016893427819013596
0.2750760920359254,1.0032885074615479,0.0017340733902528882
0.2750847218449567,0.9964912533760071,0.001687756972387433
0.2751975729147996,0.9936914443969727,0.0016854010755196214
0.2752058596405822,1.0034420490264893,0.001690029283054173
0.27525287739639026,1.0077451467514038,0.001691901357844472
0.2753167586728794,0.9961882829666138,0.0016860378673300147
0.2753375358205432,0.9970340132713318,0.0017110006883740425
0.2754200974633261,0.9893893003463745,0.0016850747633725405
0.2754708312068954,1.005273699760437,0.0016937090549618006
0.2755766211049905,0.9997232556343079,0.0016876544104889035
0.27559524790621026,0.9986245632171631,0.0016887153033167124
0.2756235491849782,0.9978662133216858,0.0017034203046932817
0.27570964637821005,1.0032217502593994,0.0016875658184289932
0.27579416521174305,1.0078805685043335,0.0016891732811927795
0.2758559101186815,1.0069578886032104,0.0017094683134928346
0.27595434307450417,1.0004515647888184,0.0016864038771018386
0.2759835227243157,1.0151782035827637,0.001686009345576167
0.27599320216601764,1.007224678993225,0.0017243413021788
0.27610132556489075,0.9973306655883789,0.0016862427582964301
0.2761030294661062,1.0086215734481812,0.0016887950478121638
0.27616707014604214,0.9982086420059204,0.0016883978387340903
0.2762085507571569,1.0001956224441528,0.0016872251871973276
0.2762400510617874,0.9978504180908203,0.0017155760433524847
0.2763308097480063,1.011704921722412,0.0016880452167242765
0.27636204954339494,1.0003703832626343,0.0017324336804449558
0.27637070241805795,0.9986280202865601,0.0016884064534679055
0.2764835446501068,1.0005069971084595,0.0016877417219802737
0.27649184452521347,1.0057629346847534,0.001690077711828053
0.276538838137507,1.0072184801101685,0.0016911565326154232
0.2766027480846168,0.9905027747154236,0.0016836156137287617
0.27662351208190417,0.995139479637146,0.001710447482764721
0.2767060625144989,0.998518168926239,0.0016871277475729585
0.2767568102718033,1.0061479806900024,0.0016950014978647232
0.2768625911156858,1.0017954111099243,0.0016884698998183012
0.2768812312826481,0.9999698400497437,0.0016885875957086682
0.2769095084168489,0.9948683381080627,0.0017027067951858044
0.2769956342804909,1.003188133239746,0.0016871887492015958
0.2770801289707201,1.0067427158355713,0.0016879261238500476
0.27714188810444385,1.0063952207565308,0.0017080839024856687
0.27724031114459,1.0020170211791992,0.0016869549872353673
0.2772695048064523,1.0207650661468506,0.0016894713044166565
0.277279160320006,1.0094407796859741,0.001724902307614684
0.2773873117440333,0.9994120001792908,0.0016869448591023684
0.27738900314181236,1.0041444301605225,0.0016874700086191297
0.27745303217998607,0.9982240796089172,0.0016881277551874518
0.2774945418939272,1.0015578269958496,0.0016883015632629395
0.27752602775535384,0.9998325109481812,0.0017175396205857396
0.27761677652421224,1.0108228921890259,0.0016886567464098334
0.2776480068352877,1.0060975551605225,0.0017358249751850963
0.2776566829915803,0.9982027411460876,0.0016889884136617184
0.2777695163841509,0.993664026260376,0.0016847871011123061
0.2777778294102655,1.0080469846725464,0.001691484940238297
0.27782479887757117,1.0065356492996216,0.0016900708433240652
0.27788873749677523,0.9931268692016602,0.0016854872228577733
0.27790948834368623,0.995406985282898,0.0017104989383369684
0.2779920277820904,0.9963521361351013,0.0016871060943230987
0.2780427895522878,1.0054380893707275,0.00169263849966228
0.27814856091038354,1.0010639429092407,0.0016886882949620485
0.2781672146578227,0.9984064102172852,0.0016877175075933337
0.2781954678642963,0.9958794116973877,0.001703266752883792
0.2782816219678269,1.0021089315414429,0.0016877654707059264
0.2783660925141207,1.0084960460662842,0.0016884268261492252
0.27842786587589285,1.0092979669570923,0.0017092572525143623
0.2785262794306733,1.000661849975586,0.0016861483454704285
0.27855548667343366,1.0194251537322998,0.0016885027289390564
0.27856511847399434,1.0059142112731934,0.001721718581393361
0.27867329792212336,0.9985131025314331,0.0016864539356902242
0.2786749768166764,1.0055938959121704,0.0016881744377315044
0.2787389944299278,0.9981699585914612,0.0016878996975719929
0.2787805330306975,0.9992082715034485,0.0016866779187694192
0.27881200466407585,0.9984015226364136,0.001716836472041905
0.2789027433008391,1.0134835243225098,0.0016893682768568397
0.27893396412697014,1.000525951385498,0.001731298048980534
0.27894266356552366,0.9954066872596741,0.0016876750160008669
0.27905548811903713,0.9962161779403687,0.0016854535788297653
0.27906381407953074,1.000806450843811,0.0016888765385374427
0.2791107596180563,1.0146355628967285,0.0016952225705608726
0.27917472690872325,0.9904633164405823,0.0016835863934829831
0.2791954646060998,0.9972001314163208,0.0017110423650592566
0.2792779928345265,0.9955922961235046,0.0016860045725479722
0.27932876883150903,1.0067670345306396,0.0016929125413298607
0.27943453092044723,0.999793529510498,0.001687816926278174
0.2794531980336289,0.9980630278587341,0.0016878251917660236
0.2794814270961671,0.9952630400657654,0.001702364650554955
0.27956760987158147,1.0053446292877197,0.0016881594201549888
0.27965205627267675,1.009016990661621,0.0016894653672352433
0.2797138438631288,1.0066375732421875,0.0017086782027035952
0.27981224771675683,1.003125786781311,0.001686802483163774
0.27985107641198514,1.01264488697052,0.0017269153613597155
0.279959284316632,0.995513379573822,0.0016852222615852952
0.27996095049175107,1.0027188062667847,0.0016876200679689646
0.2800249566798694,0.9986818432807922,0.0016886100638657808
0.2800665241670468,0.9984531402587891,0.0016866018995642662
0.2800979813572214,1.0029605627059937,0.001717746607027948
0.2801887098623105,1.0131551027297974,0.0016881875926628709
0.28021992163422893,1.0031557083129883,0.001732075703330338
0.280228644139467,0.9992973208427429,0.001689219381660223
0.28034145985434444,0.9984265565872192,0.0016867873491719365
0.2803497989643722,1.003627896308899,0.001689694239757955
0.2803967201427545,1.004472017288208,0.0016886522062122822
0.28046071632151315,0.9942267537117004,0.0016859234310686588
0.28048144086872384,0.996656060218811,0.0017103062709793448
0.280563958102539,0.9930841326713562,0.0016853447305038571
0.28061474789599583,1.00152587890625,0.0016920947236940265
0.2807205007157767,1.00350821018219,0.0016895262524485588
0.2807391814102772,0.9985336065292358,0.0016876307781785727
0.28076738654361444,0.9968798160552979,0.001703477231785655
0.28085359755870687,1.0003485679626465,0.0016861584736034274
0.28093801981481425,1.011757731437683,0.0016897238092496991
0.28099982184952266,1.0044488906860352,0.0017078956589102745
0.28109821600241913,1.000221610069275,0.0016867611557245255
0.2811370345659734,1.0085012912750244,0.0017251323442906141
0.28124527049514314,0.996649444103241,0.0016860152827575803
0.2812469243828233,1.004465103149414,0.001687693176791072
0.2813109187142345,0.9955248832702637,0.0016863035270944238
0.2813525153038172,1.0000516176223755,0.0016881170449778438
0.2813839582655223,0.9992504715919495,0.0017166907200589776
0.28147467663893744,1.0145641565322876,0.0016895951703190804
0.2815058789246483,1.0037871599197388,0.0017328326357528567
0.28151462471298927,0.9957352876663208,0.0016874230932444334
0.2816274313740751,0.9983004331588745,0.0016864680219441652
0.28163578384984544,1.0045264959335327,0.0016903880750760436
0.28168268088387116,1.007379174232483,0.0016908383695408702
0.28174670573325056,0.9909777641296387,0.0016841505421325564
0.2817674171313479,0.9952759146690369,0.001710117096081376
0.28184992315497504,0.9944741725921631,0.001686199801042676
0.2819007271764804,1.0034757852554321,0.0016928727272897959
0.2820064707256299,1.001504898071289,0.0016889177495613694
0.2820251647858728,0.9997162222862244,0.0016890083206817508
0.28205334577506413,0.9964280128479004,0.001703359535895288
0.28213958546246154,1.0034171342849731,0.0016874229768291116
0.2822857996209718,1.004439115524292,0.0017086506122723222
0.28238418428766043,1.0015259981155396,0.0016862043412402272
0.2824134324907961,1.0192550420761108,0.0016885496443137527
0.28242299271996174,1.0079561471939087,0.0017246878705918789
0.28253125688838865,0.996565043926239,0.001685944851487875
0.28253289805768733,1.00209379196167,0.001687404583208263
0.28259688096375524,0.9952965974807739,0.001686842180788517
0.2826385066565852,0.9981768727302551,0.001685794210061431
0.2826699349592994,1.0003457069396973,0.001717858132906258
0.28276064320040895,1.0081045627593994,0.0016856224974617362
0.2827918362159094,1.0091500282287598,0.001735429628752172
0.2828006050709351,1.0001983642578125,0.0016894491855055094
0.2829134031093825,0.9971751570701599,0.001686224015429616
0.28292176851995265,1.0058866739273071,0.0016902227653190494
0.2829686416247774,1.0124733448028564,0.001693989965133369
0.28305339339291935,0.9979255199432373,0.0017110640183091164
0.28313588820699,0.9966655373573303,0.0016875219298526645
0.2831867062413883,1.0049349069595337,0.001693432335741818
0.28329244052095925,1.0031354427337646,0.0016887860838323832
0.283311148162521,1.0013233423233032,0.0016881265910342336
0.2833393052225114,1.0005559921264648,0.001704312744550407
0.28342557314979744,1.0032838582992554,0.001687561976723373
0.2835099471171919,1.0167124271392822,0.0016925883246585727
0.2835717776075761,1.0054887533187866,0.0017086808802559972
0.28367015257332273,1.0005379915237427,0.0016860467148944736
0.28369941435819834,1.0229252576828003,0.0016898958710953593
0.283708950873529,1.0098053216934204,0.0017240874003618956
0.2838172430673207,0.9977497458457947,0.0016862129559740424
0.2838188717333935,1.0023009777069092,0.0016866883961483836
0.2838828429981203,0.9984934329986572,0.0016872145934030414
0.2839244977937766,1.0013625621795654,0.0016885040095075965
0.2839559118686529,1.001193642616272,0.0017182506853714585
0.2840466099774568,1.0139950513839722,0.0016893678111955523
0.2840777937231683,1.0024365186691284,0.001733521930873394
0.2840865856440363,0.9939723014831543,0.0016870133113116026
0.2841993748442686,0.9980350136756897,0.0016870055114850402
0.2842077534047942,1.004928708076477,0.0016903801588341594
0.28425460236484157,1.0107756853103638,0.001691612764261663
0.28431868434199103,0.9904581308364868,0.001683213864453137
0.2843393696549118,0.9916876554489136,0.0017087918240576982
0.2844218534750025,0.9916218519210815,0.0016847450751811266
0.28447268552187266,1.0079119205474854,0.0016943528316915035
0.28457841053186506,1.0011731386184692,0.0016890200786292553
0.2845971313227508,0.9958269596099854,0.0016869883984327316
0.28462526445396097,0.995205283164978,0.001703243819065392
0.2847115610529205,1.0014764070510864,0.0016874645370990038
0.2847959106601714,1.0114142894744873,0.0016899015754461288
0.28485775537839353,1.0056698322296143,0.0017089048633351922
0.28495612085940625,0.9993650317192078,0.0016861383337527514
0.28498539644075604,1.0160789489746094,0.0016874257707968354
0.28499490902751734,1.009931206703186,0.0017248139483854175
0.2851032294618293,0.9986564517021179,0.0016861824551597238
0.28510484540888914,1.0040017366409302,0.0016873556887730956
0.285168805248062,0.9962659478187561,0.001687441486865282
0.285210488930547,1.0037494897842407,0.0016884728102013469
0.28524188856137733,0.9995434284210205,0.0017173903761431575
0.28536375101400857,1.0038682222366333,0.0017336662858724594
0.2853725662179797,0.9972261786460876,0.0016888352110981941
0.2854853465795758,0.9972137212753296,0.0016847203951328993
0.2854937380742699,1.0028388500213623,0.0016898872563615441
0.2855405631059583,1.0111265182495117,0.0016930826241150498
0.28560467375457044,0.9921413660049438,0.0016844741767272353
0.28562534591669386,0.9935103058815002,0.0017092654015868902
0.28570781852743854,0.995040237903595,0.0016868429956957698
0.28575866458635957,1.0035598278045654,0.0016923530492931604
0.28586438054171825,1.0003796815872192,0.0016886381199583411
0.2858831146987675,0.9967387914657593,0.0016873427666723728
0.28591122390014523,1.0001853704452515,0.0017042902763932943
0.2859975487408881,1.0017205476760864,0.001687695854343474
0.28608187441914856,1.0083869695663452,0.00168813846539706
0.2861437333656296,1.0044963359832764,0.0017074759816750884
0.28624208914548954,1.0019290447235107,0.0016857912996783853
0.2862713783068952,1.0230282545089722,0.0016925467643886805
0.2862808671806636,1.0084550380706787,0.00172514992300421
0.286389215640972,0.9973141551017761,0.0016859212191775441
0.2863908190831218,1.0107156038284302,0.0016900739865377545
0.28645476728200614,0.9999351501464844,0.0016892470885068178
0.2864964800668962,1.0020532608032227,0.001687510753981769
0.28652786547052034,1.00455641746521,0.0017190295038744807
0.28661854331471315,1.015262484550476,0.0016898965695872903
0.28664970830590153,1.0070370435714722,0.001735077821649611
0.28665854679213365,0.9942623376846313,0.0016872730338945985
0.28677131809888556,1.0010515451431274,0.0016885499935597181
0.286779722958901,1.0031925439834595,0.0016903878422454
0.28682652384707497,1.013055682182312,0.0016943950904533267
0.28689066316714995,0.9912617802619934,0.0016837611328810453
0.2869113221784758,0.9964998960494995,0.0017104741418734193
0.28699378379418783,0.9939141869544983,0.0016857882728800178
0.2870446438660018,1.0072933435440063,0.001695206156000495
0.287150350336416,1.0051593780517578,0.0016904465155676007
0.2871690980752052,0.9975123405456543,0.001687287469394505
0.28719718313201603,0.9992439150810242,0.0017044675769284368
0.287283536428224,1.0032997131347656,0.0016875428846105933
0.28736783796254917,1.0095188617706299,0.001688922056928277
0.28742971135181306,1.0086654424667358,0.0017105232691392303
0.28752805743115195,1.007501482963562,0.001689224736765027
0.28755736017429745,1.0162861347198486,0.001687644049525261
0.28756682533423084,1.0068941116333008,0.0017248019576072693
0.28767520181927253,0.9979164600372314,0.0016862998018041253
0.28767679275798574,1.005195140838623,0.0016877184389159083
0.28774072953152674,0.9946286082267761,0.0016867794329300523
0.2877824712036666,0.9988753795623779,0.0016864939825609326
0.2878138421636659,0.999083936214447,0.0017170039936900139
0.28790451009134,1.013875126838684,0.0016884143697097898
0.2879356658133708,1.0029709339141846,0.0017322383355349302
0.2879445273654454,0.9966984987258911,0.0016877846792340279
0.28805728983292966,0.9996139407157898,0.0016866157529875636
0.28806570784458474,1.0046072006225586,0.0016903874929994345
0.2881124845879812,1.0085445642471313,0.001690796110779047
0.28817665257909786,0.992727518081665,0.0016851896652951837
0.28819729844088937,0.9946596622467041,0.0017098704120144248
0.2882797488462029,0.9957887530326843,0.0016865232028067112
0.2884363203464797,1.004706859588623,0.001689865835942328
0.2884550814510114,1.0025585889816284,0.001690082484856248
0.28848314257946317,0.9947260618209839,0.0017018612707033753
0.2885695243319787,1.0034852027893066,0.0016876956215128303
0.2886538017215262,1.0125157833099365,0.0016900936607271433
0.28871568912347245,1.0027590990066528,0.001707227434962988
0.28881402571723536,1.001731276512146,0.0016865399666130543
0.28884334225727637,1.0187702178955078,0.0016891025006771088
0.28885278327264263,1.012306809425354,0.001726251794025302
0.28896118821251804,0.9984086751937866,0.0016864275094121695
0.28896276664926845,1.0055898427963257,0.0016880219336599112
0.2890266915650497,0.9946374893188477,0.0016861207550391555
0.2890684625564345,0.9996324777603149,0.0016877149464562535
0.2890998190715458,0.9959211349487305,0.0017155566019937396
0.2891904766528115,1.01547372341156,0.001690516248345375
0.28922162310505317,1.0050022602081299,0.0017343027284368873
0.28923050793896776,0.9972826838493347,0.0016882461495697498
0.28934326156823686,0.9966530799865723,0.001685584313236177
0.28935169251469195,1.0039453506469727,0.0016903018113225698
0.2893984451124689,1.0142947435379028,0.0016933777369558811
0.28946264199062477,0.9922764897346497,0.0016838876763358712
0.28948327470330293,0.9976382255554199,0.0017106743762269616
0.28956571389863894,0.9977961182594299,0.0016874150605872273
0.2896166022105523,1.0036252737045288,0.0016937435138970613
0.28972229014180917,1.001593828201294,0.0016880559269338846
0.2897410648276597,1.0011483430862427,0.0016891054110601544
0.289769101811334,0.9990474581718445,0.0017038846854120493
0.2898555120191041,1.004102110862732,0.0016882437048479915
0.2899397652645057,1.0074419975280762,0.0016865873476490378
0.2900016671107085,1.0047224760055542,0.001708267373032868
0.2900999937873212,1.0014677047729492,0.0016858932795003057
0.2901293241242576,1.0201226472854614,0.0016889035468921065
0.2901387414262099,1.0121031999588013,0.0017254408448934555
0.2902471743916608,0.9993048310279846,0.0016859391471371055
0.2902487403247641,1.0020731687545776,0.0016867127269506454
0.2903126538149915,0.9989631772041321,0.00168876932002604
0.2903544536932049,1.0026439428329468,0.0016883318312466145
0.2903857959806888,1.001919150352478,0.0017183521995320916
0.29047644342985945,1.0175195932388306,0.001691118348389864
0.2905075806123121,1.0028671026229858,0.0017333488212898374
0.29051648829649257,0.9971281290054321,0.0016874780412763357
0.29062923330354407,0.9964962601661682,0.001686317496933043
0.290637677398902,1.0045433044433594,0.001689485739916563
0.29068440585232236,1.0109938383102417,0.001693562138825655
0.2907486314032044,0.9901846647262573,0.0016828443622216582
0.2907692509659269,0.9967495203018188,0.0017108074389398098
0.29085167916665133,0.9963490962982178,0.0016867562662810087
0.29090258149103665,1.005747675895691,0.0016938329208642244
0.29100826015250436,0.9994796514511108,0.0016882686177268624
0.2910270482040974,0.9990225434303284,0.0016880456823855639
0.2910550612589917,0.9922201633453369,0.0017010930459946394
0.29114149992138505,1.002791404724121,0.001687130774371326
0.2912257288066432,1.0140618085861206,0.0016905138036236167
0.2912876448808944,1.007713794708252,0.0017092516645789146
0.2913859620725625,1.0011017322540283,0.0016868349630385637
0.2914153059908179,1.0199111700057983,0.0016903174109756947
0.29142469958019823,1.0073614120483398,0.001723333727568388
0.2915331607863799,0.9950628280639648,0.0016851304098963737
0.29153471400025976,1.0052125453948975,0.0016883224016055465
0.29159861584956703,0.9949657320976257,0.0016869143582880497
0.2916404448291332,0.9975837469100952,0.0016859497409313917
0.29167177267425526,1.0001826286315918,0.0017176438122987747
0.29176240999090985,1.0101020336151123,0.0016854351852089167
0.29179353790357343,1.0045214891433716,0.001734078978188336
0.29180246887001493,1.0008002519607544,0.0016899291658774018
0.29191520482327493,0.9993277788162231,0.0016871921252459288
0.2919236620679566,1.0099750757217407,0.0016926315147429705
0.2919703665934392,1.0098185539245605,0.0016921509522944689
0.29203462060020724,0.9939607977867126,0.0016855259891599417
0.29205522722770905,0.9977299571037292,0.0017109774053096771
0.2921376442190875,0.9975202679634094,0.0016868960810825229
0.29218856055594455,1.005918025970459,0.001694299979135394
0.2922942299469916,1.003267765045166,0.0016896737506613135
0.292313031579272,1.0024362802505493,0.0016892970306798816
0.2923410204902309,1.0020145177841187,0.0017049139132723212
0.29242748760956316,1.0036413669586182,0.0016876320587471128
0.29251169256562026,1.0134187936782837,0.0016915247542783618
0.2925736228670778,1.0047085285186768,0.0017083089333027601
0.2926719303586458,1.0016175508499146,0.0016858212184160948
0.29270128785779914,1.0193965435028076,0.0016891842242330313
0.2927106577341866,1.0116790533065796,0.001726185088045895
0.29281914696446987,0.9960190057754517,0.001686334377154708
0.2928206876753344,1.0046360492706299,0.0016873815329745412
0.29288457809887725,1.001123070716858,0.0016887258971109986
0.2929264359663247,0.9995828866958618,0.0016864198260009289
0.29295774958360876,0.9955588579177856,0.0017156173707917333
0.2930483767679579,1.0133345127105713,0.0016898425528779626
0.2930794951952558,1.0022809505462646,0.0017338591860607266
0.2930884494439583,0.9948245286941528,0.0016874673310667276
0.29320117655858213,0.9956740140914917,0.001685886294580996
0.29320964695364027,1.00221586227417,0.0016894466243684292
0.29325632733434537,1.0115656852722168,0.0016924518859013915
0.29332061001215515,0.9953598976135254,0.0016853238921612501
0.2933412034888594,0.9964459538459778,0.0017102117417380214
0.2934236094866789,0.9945987462997437,0.0016864208737388253
0.2934745398364289,1.0063360929489136,0.001693540601991117
0.2935801997423211,1.0039976835250854,0.001689648604951799
0.29359901495507823,0.9991324543952942,0.0016884563956409693
0.2936269799376783,0.9986918568611145,0.0017040800303220749
0.29371347529774117,1.0080466270446777,0.0016898340545594692
0.29379765610902087,1.0104421377182007,0.0016882187919691205
0.29385960085431373,1.0030657052993774,0.0017079405952244997
0.2939578986443081,1.0043925046920776,0.0016883512726053596
0.29398726994077795,1.0148215293884277,0.0016877535963431
0.29399661588775394,1.0122896432876587,0.0017275402788072824
0.2941051331429809,0.9985532760620117,0.0016862197080627084
0.2941066613508301,1.0044605731964111,0.0016878432361409068
0.2941705401332423,0.9996809363365173,0.0016878809547051787
0.294212427103516,1.002327561378479,0.0016882407944649458
0.29424372627738593,1.0015811920166016,0.0017177934059873223
0.2943343433294294,1.0101587772369385,0.0016870445106178522
0.2943654527025146,1.0035706758499146,0.0017343596555292606
0.29437443001790164,0.9993566274642944,0.0016897355671972036
0.29448714829262623,0.9994606375694275,0.0016872608102858067
0.2944956316237476,1.003325343132019,0.0016903558280318975
0.29454228807462,1.0102715492248535,0.0016902362694963813
0.29460659942410317,0.9925092458724976,0.001684735412709415
0.29462717975127295,0.9947286248207092,0.001709498232230544
0.29470957453911484,0.9959740042686462,0.001686405623331666
0.2947605189009158,1.0016039609909058,0.0016915505984798074
0.2948661697530164,1.0051894187927246,0.0016898938920348883
0.29488499811615,1.0010755062103271,0.001688472111709416
0.2949129391695491,0.9957897067070007,0.00170326407533139
0.29499946320044323,1.0009770393371582,0.0016866985242813826
0.29508361965200036,1.0126590728759766,0.001690179225988686
0.29514557862597324,1.0053421258926392,0.0017089458415284753
0.2952438669303916,1.0033409595489502,0.0016873045824468136
0.2952732518081803,1.019904613494873,0.0016892286948859692
0.29528257382616574,1.008644938468933,0.0017238963628187776
0.29539111953685804,0.996277391910553,0.0016855086432769895
0.29539263502548363,1.0058568716049194,0.0016884234501048923
0.295456502383184,1.000550627708435,0.0016891785198822618
0.29549841824070744,0.9984618425369263,0.0016866589430719614
0.29552970318526584,1.0007426738739014,0.0017179165733978152
0.29562031010605616,1.0130749940872192,0.001688292482867837
0.2956514099929338,1.0085424184799194,0.001735022640787065
0.2956604105920556,0.9979387521743774,0.001688842079602182
0.2957731198119359,0.9982056617736816,0.0016861555632203817
0.29578161650922064,1.0044869184494019,0.0016902986681088805
0.29582824881573677,1.01091730594635,0.001693648286163807
0.29589258883626146,0.9935998916625977,0.0016848092200234532
0.295913156013897,0.9977695345878601,0.0017103241989389062
0.2959955395915509,0.9977390170097351,0.0016874049324542284
0.29604649818013706,1.007936954498291,0.0016947590047493577
0.29615213954687203,1.0035651922225952,0.001689066062681377
0.2961709814925877,1.000154972076416,0.0016888397512957454
0.2961988984009988,0.9952307343482971,0.001702889334410429
0.29628545088798974,1.0038005113601685,0.001687962794676423
0.2963695834109774,1.0123722553253174,0.0016904051881283522
0.2964315566129987,1.0098578929901123,0.0017109272303059697
0.2965298352164749,0.9998894929885864,0.0016860086470842361
0.2965685319801541,1.0107402801513672,0.001726169721223414
0.2966771057160007,1.0000715255737305,0.0016868230886757374
0.2966786086999267,1.0045770406723022,0.001688131713308394
0.29674246441712804,0.9966729879379272,0.0016869665123522282
0.29678440937747785,1.000428557395935,0.0016866287915036082
0.2968156798779903,0.9959403276443481,0.0017161680152639747
0.29690627666668556,1.015995740890503,0.0016893328865990043
0.29693736728419506,1.003204107284546,0.0017326123779639602
0.2969463909497908,0.9943240880966187,0.001687376294285059
0.2970590915472432,0.9990937113761902,0.0016865306533873081
0.29706760117785436,1.0043647289276123,0.0016898856265470386
0.2971142093410666,1.0122650861740112,0.0016933847218751907
0.2971785782488411,0.9896931648254395,0.0016831193352118134
0.29719913227567907,0.998524010181427,0.0017108677420765162
0.29728150464272374,0.9944257736206055,0.0016860675532370806
0.2973324772450451,1.0072506666183472,0.0016940078930929303
0.29743810955693584,1.0047158002853394,0.0016900505870580673
0.2974569648690254,1.0009251832962036,0.0016890763072296977
0.29748485784802503,0.9990132451057434,0.0017046937718987465
0.29757143857532575,1.0019229650497437,0.001687383628450334
0.2976555469543781,1.0110341310501099,0.0016889716498553753
0.2977175343836056,1.005480170249939,0.0017090255860239267
0.2978158032865609,1.0028746128082275,0.0016873255372047424
0.2978452155419322,1.0204538106918335,0.0016896219458431005
0.29785449013414234,1.012045979499817,0.0017264655325561762
0.29796309189493286,1.0000396966934204,0.0016876839799806476
0.29796458237563295,1.0051041841506958,0.0016890004044398665
0.29802842666706975,0.9980319738388062,0.0016879710601642728
0.29807040051340616,0.9989779591560364,0.001687167095951736
0.2981016567873438,0.9991497993469238,0.0017164495075121522
0.2981922432277361,1.013918161392212,0.0016890699043869972
0.2982233247914541,1.0031777620315552,0.0017350285779684782
0.29823237152247106,0.9988031983375549,0.0016893775900825858
0.2983450632821293,0.9999593496322632,0.0016872038831934333
0.2983535860626959,1.0015013217926025,0.0016895016888156533
0.2984001700819726,1.0086437463760376,0.0016907474491745234
0.29846456744584404,0.9913179874420166,0.0016837172443047166
0.2984851085380925,0.9962846636772156,0.0017097590025514364
0.29856746991031524,0.9938267469406128,0.0016856599831953645
0.29861845652552943,1.0080097913742065,0.0016946597024798393
0.2987240793522651,1.0022764205932617,0.001688924734480679
0.2987429482442001,0.9981771111488342,0.001687341369688511
0.2987708170790536,0.9959681630134583,0.0017037988873198628
0.2988574264790803,1.0012891292572021,0.0016869732644408941
0.29894151049777873,1.0121536254882812,0.00168978376314044
0.29900351237020995,1.00425386428833,0.0017085557337850332
0.2991017715726443,0.9995983839035034,0.0016860334435477853
0.2991311976242794,1.0185524225234985,0.0016886501107364893
0.2991404482877096,1.0122852325439453,0.0017272967379540205
0.29924907828859937,0.9965468049049377,0.0016857506707310677
0.2992505560511286,1.0062785148620605,0.001688129617832601
0.2993143887010138,0.9971532821655273,0.0016876489389687777
0.2993563916505976,1.0010972023010254,0.001687883399426937
0.29938763348027864,0.9972953200340271,0.0017166933976113796
0.2994782100047839,1.009430170059204,0.0016872392734512687
0.2995092820831363,1.0022355318069458,0.0017322772182524204
0.2995183520964144,0.9982413053512573,0.0016887591918930411
0.29963103480186015,0.9954128265380859,0.0016856255242601037
0.2996395707328031,1.0028504133224487,0.0016898149624466896
0.29968613082287887,1.0089058876037598,0.0016921573551371694
0.29975055685800256,0.9944792985916138,0.0016841570613905787
0.2997710848000851,0.9997740983963013,0.0017107600579038262
0.2998534349627513,0.9960207939147949,0.001686267089098692
0.29990443559001645,1.0061566829681396,0.0016935324529185891
0.3000100493629605,0.9996212720870972,0.0016878981841728091
0.3000289316202168,1.0009498596191406,0.0016889000544324517
0.30005677652650087,0.9967889785766602,0.0017039850354194641
0.3001434141670478,1.0022697448730469,0.001686673378571868
0.3002274742567558,1.011676549911499,0.0016896461602300406
0.30028949014123796,1.0061222314834595,0.0017102602869272232
0.30038773985830647,1.0044782161712646,0.0016878560418263078
0.3004171794912607,1.0176618099212646,0.0016870303079485893
0.30042640644043483,1.011306881904602,0.0017261315369978547
0.3005350644671104,0.9977790117263794,0.0016861187759786844
0.30053652972662426,1.008608102798462,0.0016895132139325142
0.3006003509503239,0.9973729848861694,0.0016883912030607462
0.300642382787789,0.9963496327400208,0.0016860218020156026
0.30067361038942175,0.9997893571853638,0.0017169973580166698
0.3007641765662554,1.015316367149353,0.001690116710960865
0.3007952393748188,1.0033645629882812,0.0017335261218249798
0.3008043326705683,0.9998449087142944,0.001689173630438745
0.30091700653716735,0.9967947006225586,0.0016858844319358468
0.30092555561743417,1.0037270784378052,0.0016889990074560046
0.3009720915625219,1.0084035396575928,0.001691487617790699
0.30103654626973986,0.9939777255058289,0.001685274881310761
0.3010570610618669,1.0007457733154297,0.0017116658855229616
0.30113940001518735,0.9955098032951355,0.0016863211058080196
0.3011904148696587,1.0052568912506104,0.0016935615567490458
0.30129601915807924,1.00336492061615,0.001689012860879302
0.3013149149966545,0.9973668456077576,0.0016873432323336601
0.3013427357585823,0.9943794012069702,0.0017039760714396834
0.3014294018537522,1.0018943548202515,0.0016877863090485334
0.30151343779910367,1.0088542699813843,0.0016868532402440906
0.3015754681274214,1.0066996812820435,0.0017094251234084368
0.3016737081435479,0.9990102648735046,0.0016853190027177334
0.30170316135866304,1.0130795240402222,0.0016863503260537982
0.30171236437884663,1.0108733177185059,0.0017260753083974123
0.3018210506456215,0.9976370930671692,0.001685979776084423
0.3018225034021199,1.0100950002670288,0.001690069679170847
0.30188631298489954,0.9955409169197083,0.0016868184320628643
0.3019283739245593,1.0000580549240112,0.001688202959485352
0.3019595870831989,1.0019159317016602,0.0017183880554512143
0.3020501433428824,1.0122114419937134,0.0016868566162884235
0.30208119688165647,1.0089564323425293,0.0017360039055347443
0.3020903130283036,0.9948170781135559,0.0016876347362995148
0.3022029780568981,0.9942439198493958,0.001684053335338831
0.3022115402875415,1.0060455799102783,0.0016914599109441042
0.3022580520874306,1.0112131834030151,0.0016931192949414253
0.3023225356818984,0.9930315017700195,0.0016845384379848838
0.3023430373244911,0.9996017813682556,0.0017111330525949597
0.30242536528319985,0.9999601244926453,0.001687215524725616
0.3024763939341457,1.0042800903320312,0.001693126978352666
0.3025819889525665,1.0043702125549316,0.001690105302259326
0.3026008981566737,1.0007838010787964,0.0016888139070942998
0.3026286949898215,0.9958932995796204,0.0017028457950800657
0.3027153897566648,1.0034034252166748,0.0016884403303265572
0.3027994013418728,1.0137568712234497,0.0016911095008254051
0.3028614458990808,1.0080891847610474,0.0017104102298617363
0.30295967621426523,1.0048061609268188,0.0016886912053450942
0.3029891432260653,1.0255751609802246,0.0016930034616962075
0.302998322532835,1.0116912126541138,0.0017261479515582323
0.30310703682371154,0.9982382655143738,0.0016863592900335789
0.30310847707719446,1.0088050365447998,0.0016885683871805668
0.30317227523399914,1.00074303150177,0.0016890187980607152
0.3032143650613297,0.9996699690818787,0.0016869220416992903
0.30324556377613376,1.000346064567566,0.0017173229716718197
0.3033361099043538,1.0191727876663208,0.001691192272119224
0.3033671541733389,1.007176399230957,0.0017348479013890028
0.30337629360182594,0.9945114254951477,0.00168795813806355
0.3034889497917843,1.0034120082855225,0.0016891503473743796
0.30349752517238293,1.0048946142196655,0.0016896260203793645
0.3035440128283369,1.0119928121566772,0.0016936954343691468
0.30360852487848033,0.9944179058074951,0.0016846098005771637
0.30362901358606253,0.9985920786857605,0.0017097542295232415
0.3037113303352148,0.9972680807113647,0.0016866199439391494
0.30376237321463007,1.0025420188903809,0.0016927194083109498
0.3038679589634724,1.0033267736434937,0.0016890926053747535
0.303886881533322,1.0006970167160034,0.0016887541860342026
0.3039146544372686,0.9979299306869507,0.001704092021100223
0.3040013774448428,1.0037113428115845,0.0016882645431905985
0.3040853648852734,1.0122075080871582,0.001689065364189446
0.3041474238863169,1.0044258832931519,0.0017088835593312979
0.304245644499717,1.0020771026611328,0.0016864946810528636
0.3042751253090442,1.0147517919540405,0.0016852954868227243
0.30428428068640223,1.0122957229614258,0.0017270419048145413
0.30439302321822026,1.0009351968765259,0.0016877180896699429
0.304394450751848,1.0119417905807495,0.0016907721292227507
0.3044582372683643,0.9970669746398926,0.0016873829299584031
0.304500356197679,0.9968942403793335,0.0016855368157848716
0.3045315406848558,0.9992953538894653,0.001716891536489129
0.30462207668140173,1.0109673738479614,0.0016873314743861556
0.30465311146502116,1.0071194171905518,0.0017348831752315164
0.3046622741749272,0.9959590435028076,0.0016882272902876139
0.3047749215258285,0.9990748763084412,0.001686289208009839
0.30478350984185876,1.00600266456604,0.0016903996001929045
0.304829973568822,1.0134696960449219,0.001693539205007255
0.30489451429105974,0.9930566549301147,0.0016842458862811327
0.3049149898486866,0.9980489015579224,0.0017105134902521968
0.30499729538765086,0.9973572492599487,0.0016870766412466764
0.30504835227953786,1.005912184715271,0.0016936749452725053
0.30515392875774905,1.005436897277832,0.0016904924996197224
0.3051728649091281,1.0043901205062866,0.001690385746769607
0.30520061366935003,0.9995474815368652,0.0017057344084605575
0.3052873651328105,1.0014734268188477,0.001686767442151904
0.30537132864382943,1.0141408443450928,0.0016903775976970792
0.3054334016569238,1.006965160369873,0.0017097097588703036
0.30553161278580043,1.0044459104537964,0.001686894684098661
0.30556110717602547,1.0182892084121704,0.0016885006334632635
0.3055702388403906,1.014366865158081,0.0017271994147449732
0.3056790093973628,0.9988311529159546,0.0016860300675034523
0.30568042442692267,1.0105456113815308,0.0016900296323001385
0.30574419930293995,1.0005388259887695,0.0016893880674615502
0.30578634733487053,1.0019820928573608,0.0016883870121091604
0.3058175173775801,0.9973719120025635,0.001717024715617299
0.30590804324245224,1.01580011844635,0.0016897032037377357
0.30593906897185896,1.0007847547531128,0.0017328019021078944
0.30594825474908105,0.9972397089004517,0.0016890844563022256
0.30606089304555917,0.9988704919815063,0.0016867031808942556
0.3060694947273318,1.0020012855529785,0.001689141383394599
0.30611593430972817,1.0090538263320923,0.0016914189327508211
0.30618050370279726,0.9893473982810974,0.0016825208440423012
0.30620096611131076,0.9994609951972961,0.0017105636652559042
0.3062832604400869,0.9931901693344116,0.0016856844304129481
0.3063343313440249,1.003962516784668,0.001692468300461769
0.30643989876718136,1.0008354187011719,0.001688855467364192
0.3064588482851448,1.0011173486709595,0.0016881813062354922
0.3064865731161657,0.9991629123687744,0.0017042241524904966
0.3065733530363546,1.0033690929412842,0.0016886580269783735
0.3066572921872299,1.011670470237732,0.001688294461928308
0.30671937964352824,1.0049818754196167,0.0017092273337766528
0.30681758107188384,1.0030155181884766,0.0016864932840690017
0.30684708904216473,1.0186594724655151,0.0016890536062419415
0.3068561967788024,1.0117865800857544,0.001725636189803481
0.30696499557566326,0.9989628195762634,0.0016862660413607955
0.3069663981017867,1.00678288936615,0.0016889260150492191
0.30703016155225005,0.9959241151809692,0.0016875130822882056
0.30707233847227244,0.9976394176483154,0.0016863257624208927
0.30710349428693373,1.0040366649627686,0.0017187233315780759
0.30719400980329203,1.013877034187317,0.0016882697818800807
0.3072250262635413,1.0079855918884277,0.001737029175274074
0.30723423510765857,0.9982482194900513,0.0016889417311176658
0.3073468647808665,0.9994185566902161,0.001687074196524918
0.307355479396597,1.0018209218978882,0.0016890567494556308
0.30740189483505787,1.0126341581344604,0.001693887636065483
0.3074869423724611,1.0006988048553467,0.0017106318846344948
0.3075692257068363,0.997182309627533,0.0016865712823346257
0.30762031062450934,1.0057101249694824,0.0016944999806582928
0.3077258685625106,1.005296230316162,0.0016900552436709404
0.3077448314460062,0.9979494214057922,0.0016875468427315354
0.3077725323480365,0.994297206401825,0.0017035476630553603
0.30785934072305887,1.0047129392623901,0.0016881816554814577
0.30800535741434554,1.0058484077453613,0.001709953648969531
0.3081035491419697,1.0048848390579224,0.0016874560387805104
0.308133070909567,1.021096110343933,0.001690537086687982
0.3081421549327906,1.0072726011276245,0.0017251605167984962
0.30825098175417454,0.9968790411949158,0.001686255563981831
0.308252371777493,1.008502721786499,0.0016898696776479483
0.3083161235866152,0.9975031614303589,0.0016872728010639548
0.30835832960841125,0.9976707100868225,0.0016863939817994833
0.3083894709807109,0.9970058798789978,0.0017167219193652272
0.3084799765797084,1.0145517587661743,0.0016896040178835392
0.3085109835552238,0.9999366402626038,0.0017306162044405937
0.3085202156807598,0.9944654703140259,0.0016872113337740302
0.3086328363001761,0.9973486661911011,0.0016862258780747652
0.3086414642822807,1.0071039199829102,0.00169136724434793
0.30868785557596423,1.014031171798706,0.0016933281440287828
0.3087524823119586,0.9992583394050598,0.001687195966951549
0.30877291863403256,1.0027552843093872,0.0017114238580688834
0.30885519075885126,0.9962188005447388,0.0016862706979736686
0.30890628968899614,1.0049479007720947,0.0016933870501816273
0.30901183835783996,1.003604531288147,0.0016892466228455305
0.30903081482202277,0.9995943307876587,0.0016888134414330125
0.30905849157990717,0.9997801184654236,0.0017044551204890013
0.3091453284106055,1.003963828086853,0.0016880301991477609
0.30922921927403113,1.0130975246429443,0.0016895054141059518
0.3092913354015816,1.0075534582138062,0.0017104173311963677
0.3093895174276321,1.0025819540023804,0.0016862249467521906
0.30941905277696935,1.0117831230163574,0.0016852058470249176
0.309428113086779,1.0099215507507324,0.0017258991720154881
0.30953696814784104,1.0007655620574951,0.0016876437002792954
0.30953834545298853,1.00258207321167,0.001686986070126295
0.3096020858361358,0.9948078989982605,0.0016863008495420218
0.30964432074476056,1.0003859996795654,0.0016875629080459476
0.3096754478890118,0.9998677968978882,0.001717375940643251
0.3097659431411799,1.0156885385513306,0.001690075034275651
0.30979694106185096,1.0068897008895874,0.0017349417321383953
0.3098061962549137,0.9949944019317627,0.0016875362489372492
0.30991880803548344,0.999974250793457,0.0016867781523615122
0.3099274489513353,0.9997018575668335,0.0016887099482119083
0.3099738163168704,1.0130175352096558,0.0016932185972109437
0.31003847172411714,0.994105875492096,0.0016847606748342514
0.3100588948966567,0.9981015920639038,0.0017100421246141195
0.3101411558112873,0.9941957592964172,0.001686652423813939
0.3101922689682175,1.0043623447418213,0.0016924680676311255
0.31029780836853527,1.0083847045898438,0.0016913785366341472
0.3103167981984605,1.0001713037490845,0.0016882113413885236
0.31034445102693353,0.9931256771087646,0.0017030752496793866
0.310431316098573,1.0022857189178467,0.0016874091234058142
0.3105151830332188,1.014850378036499,0.0016914730658754706
0.3105773131730306,1.0108217000961304,0.001711821649223566
0.3106754857128734,1.0058653354644775,0.0016880301991477609
0.3107050346439506,1.020182490348816,0.0016905565280467272
0.3107140710247698,1.0149309635162354,0.0017290192190557718
0.3108229543269836,0.998151957988739,0.0016859261086210608
0.3108243191284842,1.0064641237258911,0.0016892007552087307
0.31088804786986945,0.9976208209991455,0.0016881651245057583
0.31093031188216247,1.0010098218917847,0.0016875487053766847
0.31096142458215725,0.997412919998169,0.0017172693042084575
0.3110519097028619,1.0147744417190552,0.0016894267173483968
0.3110921766126491,0.998519241809845,0.0016892693238332868
0.3112047795552141,1.0003000497817993,0.0016879328759387136
0.3112134336199688,1.0033141374588013,0.0016901439521461725
0.31125977684177897,1.014108419418335,0.0016940647037699819
0.3113244609211202,0.9884977340698242,0.001681768917478621
0.3113448711592808,0.9965032339096069,0.0017098478274419904
0.31142712086372326,0.9933124780654907,0.0016853880370035768
0.3114782480331253,1.0049923658370972,0.0016932800645008683
0.3115837781636541,1.001175045967102,0.001688407501205802
0.3116027815740563,1.0006933212280273,0.001689232187345624
0.31163041025838323,0.9987509250640869,0.0017042453400790691
0.31171730400148556,1.002304196357727,0.0016871726838871837
0.3118011465755667,1.0115505456924438,0.001688599120825529
0.31186329115921396,1.0051602125167847,0.0017102110432460904
0.31196145378359075,1.001929521560669,0.0016869863029569387
0.3119910167262978,1.015453577041626,0.00168702588416636
0.31200002917875813,1.009543538093567,0.001723853638395667
0.31210894050612625,0.9993070363998413,0.0016865602228790522
0.31211029280355884,1.0073274374008179,0.0016888194950297475
0.3121740099044451,0.9945212006568909,0.0016863798955455422
0.3122163030187223,1.0021607875823975,0.0016883626813068986
0.31224740149066865,0.9997804760932922,0.0017176216933876276
0.31233787647927824,1.009804129600525,0.0016863507917150855
0.31236885564416306,1.0034698247909546,0.0017334120348095894
0.31237815718532924,0.9975691437721252,0.0016880540642887354
0.3124907512901003,0.999901533126831,0.0016865937504917383
0.31249941850565255,1.0012364387512207,0.0016892935382202268
0.3125457375826852,1.013725757598877,0.0016923754010349512
0.312610450333068,0.9930105805397034,0.001684155547991395
0.3126308474216942,1.001526951789856,0.0017113046487793326
0.3127130861317359,0.9944409132003784,0.0016848359955474734
0.3127642270980333,1.002539873123169,0.0016929247649386525
0.3128697479583519,1.0035654306411743,0.0016893355641514063
0.31288876473386495,0.9989983439445496,0.0016878412570804358
0.3129163694894118,0.998494029045105,0.00170493486803025
0.3130032916896637,1.0012320280075073,0.0016877456801012158
0.3130871101181252,1.0147347450256348,0.0016902589704841375
0.313149268930242,1.0069847106933594,0.0017102265264838934
0.31324742206988476,1.0006554126739502,0.001686006784439087
0.31327699859306846,1.0168436765670776,0.001687479903921485
0.3132859873323254,1.0138651132583618,0.0017274299170821905
0.3133949266837953,0.9978796243667603,0.0016859392635524273
0.31339626626221495,1.0065220594406128,0.0016891025006771088
0.3134599721535445,1.0002492666244507,0.0016895971493795514
0.3135022941559138,0.9991874098777771,0.001686582458205521
0.3135333781844457,0.9971851706504822,0.001716736936941743
0.31362384304074975,1.0201022624969482,0.0016919025219976902
0.31365481315142185,1.006420373916626,0.0017349038971588016
0.3136641377592726,0.9987502694129944,0.0016897628083825111
0.31377672280898894,0.9934051036834717,0.0016844415804371238
0.31378540317575976,1.0015870332717896,0.0016891231061890721
0.3138316983229599,1.014886736869812,0.0016940492205321789
0.3138964397445949,0.9936780333518982,0.0016840350581333041
0.3139168236834763,0.9999420046806335,0.0017105891602113843
0.3139990511837508,0.9948495030403137,0.0016861247131600976
0.31405020637851777,1.0076971054077148,0.0016954262973740697
0.3141557179682052,1.0026260614395142,0.0016892204293981194
0.31417474811051316,0.9984685182571411,0.0016873871209099889
0.31420232893685907,0.9982288479804993,0.00170510308817029
0.3142892793767891,1.0002325773239136,0.0016870418330654502
0.3143730736615259,1.0161023139953613,0.0016907750396057963
0.3144352469168463,1.00914466381073,0.0017112649511545897
0.31453339035512595,1.005262851715088,0.001687249168753624
0.3145629804604707,1.01750910282135,0.001688204938545823
0.3145719454850504,1.0127122402191162,0.0017267290968447924
0.3146809130776723,1.000899314880371,0.0016867342637851834
0.3146822399377106,1.0082855224609375,0.0016889938851818442
0.31474593418812036,0.9967349767684937,0.0016872318228706717
0.3147882852926841,0.9975740909576416,0.0016859392635524273
0.31481935487801227,0.995876669883728,0.0017165479948744178
0.3149098098177977,1.0156879425048828,0.0016891943523660302
0.3149407704431043,1.0035182237625122,0.0017319777980446815
0.31495011833342657,1.0022838115692139,0.0016894967993721366
0.31506269454387514,1.0003478527069092,0.0016874207649379969
0.315071388061233,1.0044879913330078,0.0016900392947718501
0.3151176590628134,1.0157959461212158,0.0016946169780567288
0.31520279994525824,0.9989937543869019,0.0017101878765970469
0.3152850162361869,0.9979628920555115,0.0016870277468115091
0.31533618544300457,1.0045177936553955,0.0016937291948124766
0.31544168776290293,1.0043621063232422,0.0016897459281608462
0.31546073148695086,0.9991981387138367,0.0016883708303794265
0.31548828816894037,0.9965302348136902,0.0017029597656801343
0.3155752670643356,1.0041626691818237,0.0016877417219802737
0.3156590372045054,1.01451575756073,0.0016910318518057466
0.31572122468829533,1.0076653957366943,0.0017102983547374606
0.3158193584256329,1.0037832260131836,0.0016872687265276909
0.3158489623278731,1.015251636505127,0.0016867837402969599
0.3158579034234623,1.0112097263336182,0.0017274029087275267
0.31596689925681487,0.9962276816368103,0.0016849414678290486
0.31596821361320626,1.0073890686035156,0.0016886774683371186
0.316031896222696,0.9976622462272644,0.0016876320587471128
0.3160742764292439,1.0000497102737427,0.0016872143605723977
0.3161053317865238,1.0012537240982056,0.0017179552232846618
0.3161957763788481,1.0172183513641357,0.0016910984413698316
0.31622672773436566,1.0068033933639526,0.0017355039017274976
0.31623609869200386,0.9978905916213989,0.001688832649961114
0.316348666063606,0.9927141070365906,0.0016834161942824721
0.31635737273049813,1.0028431415557861,0.0016892860876396298
0.3164036195881432,1.0146846771240234,0.0016939769266173244
0.31648877642282724,0.9992966651916504,0.0017101470148190856
0.3165709812886228,0.9971100091934204,0.0016864106291905046
0.31662216472222593,1.0000388622283936,0.0016914528096094728
0.3167276575573902,1.006949782371521,0.001690257922746241
0.3167467146478121,1.0002350807189941,0.0016888055251911283
0.31677424740017956,0.9967327117919922,0.0017042936524376273
0.31686125496787965,1.0030665397644043,0.0016878648893907666
0.31694500096348244,1.0132838487625122,0.0016893538413569331
0.3170072026753208,1.007146954536438,0.0017110396875068545
0.3171053267119268,0.9989748597145081,0.0016849945532158017
0.31713494419485433,1.0148694515228271,0.0016850922256708145
0.31714386157745067,1.0123299360275269,0.001727050170302391
0.31725288543574715,1.0008208751678467,0.0016872569685801864
0.3172541872882808,1.0129084587097168,0.0016910043777897954
0.3173178584717955,0.9965949654579163,0.0016875914297997952
0.3173602675666459,0.9980838298797607,0.0016863411292433739
0.3173913084803007,0.9997801184654236,0.001717822509817779
0.3174817429398985,1.015489101409912,0.0016884788637980819
0.31751268524162446,1.002658724784851,0.0017344483640044928
0.3175220792651051,1.0007904767990112,0.0016895680455490947
0.3176346377989132,0.9985705614089966,0.0016865287907421589
0.31764335739934213,1.0030068159103394,0.001689760247245431
0.31768958032904937,1.0189332962036133,0.0016948685515671968
0.3177544077667569,0.9926593899726868,0.0016840912867337465
0.3177747526843987,0.9985387921333313,0.0017100399127230048
0.3178569463397958,0.9970552325248718,0.0016868234379217029
0.3179081437871337,1.0087870359420776,0.001695421990007162
0.31801362735271954,1.002608299255371,0.0016887699021026492
0.31803269802382894,0.9977139830589294,0.0016876764129847288
0.3180602068476269,0.9986966252326965,0.0017044675769284368
0.31814724265542615,1.0044403076171875,0.0016882952768355608
0.31823096450688304,1.014382243156433,0.0016902430215850472
0.3182931804463488,1.0067133903503418,0.0017099262913689017
0.3183912949969575,1.0053374767303467,0.0016884326469153166
0.3184209260618356,1.0181070566177368,0.0016899441834539175
0.318429819731439,1.012695550918579,0.001728295930661261
0.3185388716146792,1.0029243230819702,0.0016878348542377353
0.31854016096377646,1.0087203979492188,0.0016892801504582167
0.31860382050616065,0.9971935749053955,0.0016885094810277224
0.31864625870299523,0.9997885227203369,0.0016870081890374422
0.3186772853886016,0.998742938041687,0.0017171681392937899
0.3187677095005279,1.0150922536849976,0.00168862275313586
0.3187986425333067,1.004863977432251,0.001734056742861867
0.3188080596222088,1.0005855560302734,0.0016899572219699621
0.31892060931822297,1.000154972076416,0.001687510753981769
0.3189293422848154,1.0031647682189941,0.0016900569899007678
0.3189755408543792,1.0172899961471558,0.001694953883998096
0.31904039696333886,0.9969595670700073,0.0016850543906912208
0.31906072894702275,0.9984498620033264,0.0017100218683481216
0.3191429116073873,0.9979310631752014,0.0016865755897015333
0.31919412285204185,1.0020142793655396,0.0016922286013141274
0.31929959736341484,1.0049654245376587,0.0016900502378121018
0.31931868139900343,1.0019115209579468,0.0016886889934539795
0.3193461660797082,0.9966806769371033,0.0017043353291228414
0.3194332303433939,0.9969878792762756,0.0016862604534253478
0.31951692805049414,1.0151252746582031,0.001689656637609005
0.31957915843337426,1.0062599182128906,0.0017103655263781548
0.3196772630666225,1.0010442733764648,0.001686534727923572
0.31970690792839584,1.0163711309432983,0.0016890403348952532
0.3197157776700613,1.0141398906707764,0.0017282648477703333
0.31982485779234815,0.9953737854957581,0.001684790593571961
0.31982613463927223,1.0097662210464478,0.0016901552444323897
0.3198897825407363,0.9936497211456299,0.0016866549849510193
0.3199322496241892,0.9954092502593994,0.0016857234295457602
0.3199632620809051,0.9982888698577881,0.001715567777864635
0.32005367627757586,1.0171051025390625,0.0016904775984585285
0.32008459982498916,1.0053452253341675,0.0017334166914224625
0.3200940401963628,0.995629072189331,0.0016876714071258903
0.32020658105353006,1.001513123512268,0.0016872056294232607
0.320215326954712,1.0026524066925049,0.0016893988940864801
0.3202615015952853,1.0162280797958374,0.0016955509781837463
0.32032638637465516,0.9913734197616577,0.001683975337073207
0.3203467052096469,0.9998770356178284,0.0017103456193581223
0.32042887665982334,0.9947438836097717,0.001686334377154708
0.3204801021321052,1.0030102729797363,0.001692595542408526
0.3205855671585336,1.0050894021987915,0.001689380849711597
0.3206046645598647,0.9996686577796936,0.001687468495219946
0.32063212531178953,0.9955934286117554,0.0017032139003276825
0.3207192180305193,1.0018641948699951,0.0016872154083102942
0.32080289159410524,1.0168046951293945,0.0016921727219596505
0.32086513620398105,1.0049049854278564,0.0017099202377721667
0.32096323135270577,1.0030763149261475,0.0016876194858923554
0.3209928897953772,1.0179495811462402,0.001688851392827928
0.3210017358234182,1.0121784210205078,0.0017274462152272463
0.3211108439708594,1.0018800497055054,0.0016881308984011412
0.32111210809877033,1.0056955814361572,0.0016886366065591574
0.3211757447900464,0.9961608052253723,0.0016880856128409505
0.321218240760749,0.9978768825531006,0.0016862768679857254
0.32124923877468226,0.9957190752029419,0.0017165063181892037
0.32133964283925787,1.0214439630508423,0.0016923758666962385
0.32137055733224795,1.0012706518173218,0.0017325625522062182
0.32138002077051664,0.9984822869300842,0.0016883054049685597
0.32149255257283993,0.9953590035438538,0.0016851541586220264
0.3215013116239771,1.005672812461853,0.0016901753842830658
0.3215474623357706,1.0109529495239258,0.0016914020525291562
0.3216123755716581,0.995649516582489,0.0016849696403369308
0.32163268147206037,1.0004684925079346,0.0017097981180995703
0.3217148417122593,0.9945520162582397,0.0016863297205418348
0.321766081197013,1.0042526721954346,0.0016930591082200408
0.32187153695365245,1.0046700239181519,0.001689937082119286
0.3218906479363025,1.0027241706848145,0.0016904048388823867
0.32191808454366033,0.9999868869781494,0.0017052089096978307
0.3220052057174343,1.0012503862380981,0.001687201438471675
0.32208885513666374,1.0148708820343018,0.0016910082194954157
0.32215111397437746,1.006043553352356,0.0017105884617194533
0.3222491996389997,0.9985095262527466,0.0016843063058331609
0.32227887166277946,1.0173646211624146,0.0016884194919839501
0.32228769397740653,1.0104659795761108,0.0017265025526285172
0.32239683036536804,1.001479148864746,0.001686800504103303
0.3223980817734239,1.0086027383804321,0.00168996409047395
0.32246170682399056,0.9976227283477783,0.001688015297986567
0.3225042318973088,0.9940378069877625,0.0016855827998369932
0.32253521568403576,0.9996716380119324,0.0017172704683616757
0.32262560940009777,1.0150543451309204,0.0016891190316528082
0.3226565146235094,1.0000466108322144,0.0017302889609709382
0.32266600112804145,1.0004677772521973,0.001689510652795434
0.32277852409172847,0.9992270469665527,0.0016867424128577113
0.32278729650881877,1.0035431385040283,0.0016900072805583477
0.32289836498423774,0.9912380576133728,0.0016831696266308427
0.3229186577344739,0.998896598815918,0.0017096870578825474
0.32300080676490583,0.9974425435066223,0.001686472212895751
0.3230520602615,1.0072499513626099,0.0016942264046519995
0.3231575067475081,1.0043022632598877,0.001689914264716208
0.3231766313123192,1.0001373291015625,0.0016881509218364954
0.32320404398984437,0.993338942527771,0.0017031279858201742
0.3232911934056123,0.9988960027694702,0.0016860123723745346
0.32337481867964335,1.0080151557922363,0.001687316340394318
0.3234370919616135,1.0049171447753906,0.001709195552393794
0.32353516770971713,1.0039551258087158,0.0016880035400390625
0.3235648537457583,1.023040771484375,0.0016916636377573013
0.3235736519158183,1.0207849740982056,0.0017321506747975945
0.323682816543458,0.9997825622558594,0.0016871573170647025
0.32368405544849843,1.0033297538757324,0.001687394455075264
0.3237476688575136,0.9953815937042236,0.0016869844403117895
0.32379022303450034,0.9974398016929626,0.0016864571953192353
0.3238211923776022,1.0006834268569946,0.0017171589424833655
0.3239115761771457,1.0166947841644287,0.0016891681589186192
0.32394247191477055,1.0063514709472656,0.0017357042524963617
0.3239519817019848,1.0020849704742432,0.001690615899860859
0.3240644958272463,0.9957695603370667,0.0016845091013237834
0.32407328117829437,1.0073281526565552,0.0016913971630856395
0.32411938360200643,1.0165730714797974,0.0016958091873675585
0.3242046339956244,0.9973868131637573,0.0017090789042413235
0.3242867718167103,0.9978795647621155,0.001687415991909802
0.32433803954114226,1.004530906677246,0.0016946049872785807
0.3244434767577824,1.00592839717865,0.0016900611808523536
0.3244626144723384,1.0014851093292236,0.0016880991170182824
0.32449000322108357,0.9996227025985718,0.0017054679337888956
0.32457718130915636,1.000022530555725,0.001686550211161375
0.3246607824379889,1.0193641185760498,0.001693018595688045
0.3247230697330624,1.0086873769760132,0.0017123485449701548
0.3248211359949583,1.0032113790512085,0.0016863084165379405
0.32485083561316064,1.0184824466705322,0.0016890675760805607
0.3248596100693856,1.011521339416504,0.0017258658772334456
0.32496880272260065,1.000799536705017,0.0016865239012986422
0.3249700291239941,1.006521224975586,0.001689497148618102
0.32503363089208925,0.996289074420929,0.0016873052809387445
0.32507621417169175,0.9987955689430237,0.0016868369420990348
0.3251071692867453,0.9995477795600891,0.0017182270530611277
0.3251975427388276,1.0179225206375122,0.0016911937855184078
0.32522842942118735,1.0065058469772339,0.0017350653652101755
0.32523796227550716,0.9982364773750305,0.0016887692036107183
0.32535046734634543,1.001327395439148,0.0016871877014636993
0.3253592658481911,1.003828525543213,0.0016906337114050984
0.3254053443416496,1.0148791074752808,0.001694181584753096
0.325470343592557,0.9944050908088684,0.0016845393693074584
0.32549061025761683,0.9994644522666931,0.0017105655279010534
0.32557273686914634,0.9974096417427063,0.0016863788478076458
0.3256240186060503,1.0041738748550415,0.0016930169658735394
0.32572944655290126,1.006117820739746,0.0016895708395168185
0.32574859784835497,0.9989694952964783,0.0016879219328984618
0.32577596245316487,0.9973487854003906,0.0017047040164470673
0.325863168997124,1.0024440288543701,0.0016878468450158834
0.3259467459807578,1.0125244855880737,0.0016889083199203014
0.326009047720088,1.0054949522018433,0.0017096437513828278
0.3261368174801419,1.01140296459198,0.0016865306533873081
0.3261455682229527,1.0124475955963135,0.0017267635557800531
0.3262547889009012,1.001446008682251,0.0016870459076017141
0.32625600279948974,1.0096203088760376,0.0016900139162316918
0.32631959314224146,0.9988839030265808,0.0016885466175153852
0.32636220530846205,1.0004526376724243,0.0016871506813913584
0.32639314597904867,0.9989707469940186,0.0017166499746963382
0.3264835092992465,1.0174779891967773,0.0016898037865757942
0.3265143867124487,1.0055493116378784,0.0017333963187411427
0.3265239426334531,0.9974256157875061,0.001688215066678822
0.32663643908165274,1.0002676248550415,0.0016876212321221828
0.32664525073366435,1.0024235248565674,0.001688979216851294
0.3266913048665582,1.0145626068115234,0.0016931828577071428
0.32675633278913896,0.9965958595275879,0.0016853344859555364
0.3267765865200304,0.9967478513717651,0.0017091302433982491
0.3268587019215823,0.9983828067779541,0.0016871419502422214
0.3269099976705371,1.0090718269348145,0.0016947751864790916
0.327015416347599,1.0060642957687378,0.0016907391836866736
0.3270345812247928,1.001369833946228,0.001688974560238421
0.32706192168419357,0.9986128807067871,0.001705082249827683
0.3271491566846705,1.0000017881393433,0.001686564413830638
0.3272327095241585,1.0164800882339478,0.0016919482732191682
0.327295025491537,1.0090289115905762,0.0017116396920755506
0.3273930723519697,1.003238558769226,0.001686764881014824
0.32742279934628105,1.0187400579452515,0.0016900398768484592
0.3274315261605225,1.0169932842254639,0.0017279485473409295
0.32754077507941226,0.9987916350364685,0.001686709700152278
0.32754197625898784,1.0081212520599365,0.0016894221771508455
0.3276055551757645,1.0012567043304443,0.001689602853730321
0.3276481962296559,0.9963234066963196,0.0016859759343788028
0.32767912267219423,1.0008732080459595,0.001718067331239581
0.3277694758598759,1.0224614143371582,0.0016922417562454939
0.32780034400413105,1.0102897882461548,0.0017367199761793017
0.32780992320739644,0.9980881810188293,0.0016886028461158276
0.327922410601594,0.998018205165863,0.0016855390276759863
0.32793123540313984,1.0022454261779785,0.0016892882995307446
0.3279772656074643,1.0168015956878662,0.0016952353762462735
0.3280423222017186,0.9957522749900818,0.0016846921062096953
0.32806256278160184,0.9989010691642761,0.001709562260657549
0.32814466697296574,1.0006941556930542,0.0016882201889529824
0.32819597695102143,1.0082391500473022,0.001694448641501367
0.32830138614271787,1.0066348314285278,0.0016898408066481352
0.32832056438565416,1.0002448558807373,0.0016888161189854145
0.32834788113164093,1.0006227493286133,0.0017059145029634237
0.3284351443713749,1.0017950534820557,0.0016872839769348502
0.3285186730675591,1.0146037340164185,0.0016893703723326325
0.3285810032617228,1.0054324865341187,0.001710380776785314
0.32867904042121354,1.004289150238037,0.0016871598782017827
0.3287087812136833,1.013445258140564,0.0016870441613718867
0.32871748431472136,1.01559317111969,0.0017286497168242931
0.3288267612583444,1.0021576881408691,0.0016869244864210486
0.3288279499336415,1.0088849067687988,0.0016900765476748347
0.32889151721034016,0.9997336864471436,0.0016893513966351748
0.3289341873660052,0.9974691867828369,0.0016863527707755566
0.32896509958133713,0.9997128844261169,0.0017176842084154487
0.3290554426369239,1.015515685081482,0.0016863035270944238
0.3290863012958134,1.0066139698028564,0.0017346848035231233
0.32909590356513163,0.9946184754371643,0.001687355455942452
0.32920838212069314,1.0033479928970337,0.001688449177891016
0.32921722007219456,1.001946210861206,0.001689955941401422
0.32926322613279413,1.016724705696106,0.0016937052132561803
0.329328311614298,0.9942502379417419,0.0016846369253471494
0.3293485390442259,0.9990107417106628,0.0017093614442273974
0.32943063224034674,1.0002979040145874,0.0016877090092748404
0.32948195601592944,1.0036699771881104,0.0016936786705628037
0.3295873559378367,1.0063745975494385,0.0016903742216527462
0.32960654776167075,1.0030468702316284,0.0016894697910174727
0.3296338403637221,0.9979488253593445,0.0017051296308636665
0.3298046366111701,1.0180872678756714,0.0016926223179325461
0.32986698124832714,1.0089130401611328,0.001711812219582498
0.32996500870645484,1.0060653686523438,0.0016882846830412745
0.32999476308108566,1.011802315711975,0.0016853290144354105
0.3300034424689202,1.016517162322998,0.0017297356389462948
0.3301127474368556,1.0022635459899902,0.0016875367145985365
0.33011392360871616,1.0049664974212646,0.0016878409078344703
0.3301774792449158,0.9963444471359253,0.0016869792016223073
0.33022017850340724,0.9962061047554016,0.0016862074844539165
0.3302510762740616,0.9998112320899963,0.0017173838568851352
0.3303414091986058,1.0213650465011597,0.0016908488469198346
0.3303722588030722,1.0031659603118896,0.0017334579024463892
0.3303818841392855,1.0002325773239136,0.0016894653672352433
0.33049435385557935,1.0016571283340454,0.0016875051660463214
0.3305032049572466,1.0044900178909302,0.001689945231191814
0.3305491868737004,1.0166239738464355,0.0016945635434240103
0.33061430081003784,0.9973229169845581,0.0016860052710399032
0.33063451530685006,1.0014607906341553,0.0017103749560192227
0.3307165972927828,0.9976357817649841,0.0016867711674422026
0.33076793507957436,1.0050535202026367,0.0016943418886512518
0.330873325948532,1.0015085935592651,0.0016889211256057024
0.33089253113810846,1.002577543258667,0.0016896342858672142
0.3309197995958034,0.9963552951812744,0.0017050181049853563
0.3310071197473099,0.997860848903656,0.0016877008602023125
0.3310906001547813,1.014604091644287,0.001689271884970367
0.33115295901977626,1.0052576065063477,0.0017105104634538293
0.33125097699274864,1.0005072355270386,0.0016857205191627145
0.33128940040649,1.0165166854858398,0.001728699658997357
0.33139873361578753,0.9986798167228699,0.0016860802425071597
0.3313998970686354,1.0086685419082642,0.001689980155788362
0.3314634414948575,0.9977859854698181,0.0016884570941329002
0.33150616964080915,0.9947820901870728,0.001685446361079812
0.33153705296783864,0.9979168176651001,0.0017158612608909607
0.3316273757602878,1.0175487995147705,0.0016918868059292436
0.33165821609475454,1.0048102140426636,0.0017335674492642283
0.3316678644968103,1.000534176826477,0.0016891486011445522
0.331780325374468,0.9998098611831665,0.0016864602221176028
0.3317891896265118,1.00355064868927,0.0016900758491829038
0.331835147398609,1.0166257619857788,0.0016956353792920709
0.33190029022219636,0.9929065704345703,0.0016839259769767523
0.3319204915680004,1.001721739768982,0.0017103396821767092
0.33200256234521874,0.9973977208137512,0.001686643110588193
0.3320539143596377,1.0016146898269653,0.0016922045033425093
0.3321592957432299,1.0054161548614502,0.001690062927082181
0.3321785142983382,1.002377986907959,0.001689095632173121
0.3322057588276742,1.000640630722046,0.0017051176400855184
0.3322931074340144,1.0026549100875854,0.0016887519741430879
0.3323765636973398,1.014941930770874,0.0016902320785447955
0.3324389370061701,1.0064103603363037,0.0017100918339565396
0.3325369450634662,1.0028232336044312,0.0016869392711669207
0.3325753585604784,1.0129315853118896,0.0017270800890401006
0.33268472000945426,1.0006383657455444,0.0016871246043592691
0.3326858707441309,1.0049688816070557,0.0016874289140105247
0.33274940352838056,0.9975565075874329,0.001687950105406344
0.33279216077673746,0.996003270149231,0.0016857761656865478
0.33282302987719226,0.9988818764686584,0.0017165959579870105
0.3329133423209172,1.0142080783843994,0.0016848662635311484
0.3329441733860159,1.0082465410232544,0.0017361114732921124
0.33295384506949055,0.998474657535553,0.001688763964921236
0.3330662971099858,1.001693606376648,0.0016878539463505149
0.33307517429661904,1.0069034099578857,0.0016914253355935216
0.3331211081395151,1.0147079229354858,0.0016926726093515754
0.3331862794191993,0.9938437342643738,0.0016834798734635115
0.33320646782978236,1.0024725198745728,0.0017104240832850337
0.3332885273978653,0.9945487976074219,0.0016856420552358031
0.3333398934245455,1.008230447769165,0.001696274266578257
0.3334452655370854,1.0025447607040405,0.0016890683909878135
0.3334644976737233,1.003293514251709,0.00168950657825917
0.33349171827448987,1.0007120370864868,0.0017057987861335278
0.3335790951215609,1.0016964673995972,0.0016875945730134845
0.3336625272403193,1.018477439880371,0.0016923554940149188
0.3337249147778296,1.0085058212280273,0.0017124767182394862
0.3338229133495495,1.0010614395141602,0.0016857251757755876
0.33386131649910067,1.0156266689300537,0.0017300071194767952
0.3339707061873337,0.9973668456077576,0.00168572214897722
0.33397184441920547,1.0108081102371216,0.0016911948332563043
0.3340353655616931,1.0013463497161865,0.0016898828325793147
0.3340781516975102,0.9983087182044983,0.0016867530066519976
0.3341090065699167,0.9983338117599487,0.0017161495052278042
0.3341993088823887,1.017861008644104,0.0016911267302930355
0.3342398256436444,1.0002025365829468,0.001689039054326713
0.33435226862992695,0.9979141354560852,0.0016858100425451994
0.33436115896651575,1.0017014741897583,0.001688568852841854
0.3344070688804214,1.0153353214263916,0.001694326987490058
0.3344722686157813,0.9977114796638489,0.0016861631302163005
0.3344924440924065,1.0029231309890747,0.0017105571459978819
0.33457449244966975,0.9975364804267883,0.0016869883984327316
0.3346258724894535,1.0036354064941406,0.001694009522907436
0.3347312353322044,1.0063832998275757,0.0016909536207094789
0.3347504808345846,1.0009557008743286,0.001687724026851356
0.33477767750572907,0.9990631937980652,0.0017053685151040554
0.3348650828095284,1.0002552270889282,0.0016869156388565898
0.3349484907832988,1.0134024620056152,0.0016888311365619302
0.33501089254927874,1.0071073770523071,0.0017109349137172103
0.33510888141921447,1.0011409521102905,0.00168681051582098
0.3351472746524574,1.015810489654541,0.0017286947695538402
0.33525669236647637,0.9989235401153564,0.0016867300728335977
0.3352578178791248,1.0079665184020996,0.0016898654866963625
0.33532132759626876,0.9975892901420593,0.0016878563910722733
0.3353641428349122,0.9970241785049438,0.0016864119097590446
0.33539498326306205,1.000792384147644,0.0017181200673803687
0.33548527565964703,1.0202547311782837,0.0016903890063986182
0.33551608818495715,1.0081186294555664,0.0017360314959660172
0.3355258060022218,1.0020447969436646,0.0016902572242543101
0.3356382401488157,0.9982286095619202,0.0016857897862792015
0.3356471438513573,1.0006966590881348,0.0016894316067919135
0.3356930294053302,1.012693166732788,0.0016923631774261594
0.3357582580283608,0.9964978694915771,0.0016852994449436665
0.3357784203548201,1.0025078058242798,0.0017111469060182571
0.3358604575021058,0.9968791007995605,0.0016864209901541471
0.3359118515545719,1.003743052482605,0.0016926577081903815
0.33601720512732314,1.0058320760726929,0.0016901289345696568
0.3360364642110223,1.00048828125,0.00168885407038033
0.3360636367371789,0.9923850297927856,0.001702765584923327
0.3361510707130725,1.0012753009796143,0.0016875347355380654
0.3362344543258574,1.0178701877593994,0.0016923039220273495
0.3362968705356726,1.0085948705673218,0.0017111278139054775
0.33639484970550826,0.9983184337615967,0.0016850194660946727
0.33643323280644566,1.011804461479187,0.001727381139062345
0.33654267854540854,0.999274492263794,0.001686554285697639
0.33654379155462033,1.007433533668518,0.0016889990074560046
0.33660728984621047,0.9978301525115967,0.0016889754915609956
0.33665013397231425,1.000120759010315,0.001687403186224401
0.33668096017178406,0.9991406798362732,0.0017176464898511767
0.33677124222006594,1.021897792816162,0.0016909865662455559
0.3368117865761653,0.9987602233886719,0.0016879768809303641
0.33692421166854647,1.0008033514022827,0.0016879740869626403
0.3369331285206224,0.9989984631538391,0.001687927171587944
0.3369789901456046,1.019680380821228,0.0016956481849774718
0.33704424722494275,0.9961352944374084,0.0016852300614118576
0.33706439661723353,1.0036815404891968,0.001710763550363481
0.33714642255475236,1.0028655529022217,0.0016882620984688401
0.3371978308340038,1.0041435956954956,0.0016944319941103458
0.3373031749220209,1.0048171281814575,0.0016900410410016775
0.33732244737188355,1.001470685005188,0.0016888055251911283
0.33734959596820757,1.0000556707382202,0.0017061027465388179
0.3374370584010401,0.9962884783744812,0.001686127739958465
0.337520417869258,1.0128097534179688,0.0016882895724847913
0.3375828483064899,1.0077875852584839,0.0017110820626839995
0.3376808177753836,1.0019738674163818,0.0016857667360454798
0.33771919074485746,1.0149716138839722,0.001728514558635652
0.3378286647243407,0.9959740042686462,0.0016855825670063496
0.3378297652288529,1.00672447681427,0.0016897437162697315
0.3378932518797335,1.0026990175247192,0.0016900966875255108
0.337936124893087,0.9962612390518188,0.0016855827998369932
0.33796693686535073,0.9999510645866394,0.0017175815301015973
0.33805720878069545,1.015680193901062,0.0016900267219170928
0.3380880029830563,1.0051794052124023,0.001734564546495676
0.3380977669345321,0.998458743095398,0.0016884912038221955
0.3382101834040643,0.9959941506385803,0.0016858597518876195
0.33821911319009823,1.00478196144104,0.0016905063530430198
0.3382649506703028,1.0197192430496216,0.0016956244362518191
0.33833023663668016,0.9972960352897644,0.0016857057344168425
0.3383503728790156,0.999957799911499,0.0017089825123548508
0.3384323876061357,0.9938279986381531,0.0016855408903211355
0.3384838098980696,1.001825213432312,0.0016927627148106694
0.33858914471713986,1.0100107192993164,0.0016913102008402348
0.33860843074790037,0.9997745752334595,0.0016881406772881746
0.3386355552002889,0.999243438243866,0.0017053891206160188
0.3387230460877445,1.0018442869186401,0.0016880754847079515
0.338806381412869,1.021309494972229,0.0016937465406954288
0.3388688260775179,1.009592056274414,0.0017118523828685284
0.3389667860602039,1.00624418258667,0.0016888941172510386
0.3390051488990563,1.016227126121521,0.0017292981501668692
0.33911465090264115,1.0012511014938354,0.0016874362481757998
0.3391157386883511,1.002779245376587,0.001687193289399147
0.3391792139143093,0.9946878552436829,0.0016870590625330806
0.3392221160290153,0.9961074590682983,0.0016864414792507887
0.3392529135589172,0.9993174076080322,0.0017170239007100463
0.33934317534237735,1.0178580284118652,0.0016895686276257038
0.33937396027389655,1.0037425756454468,0.001732467208057642
0.33938374750721234,0.9985120892524719,0.001688193529844284
0.33949615492274243,1.0015532970428467,0.0016872544074431062
0.3395050978599947,1.0025025606155396,0.0016902238130569458
0.3395509114112092,1.0167455673217773,0.0016938274493440986
0.33963634914079754,1.0048823356628418,0.0017115273512899876
0.33971835265772965,0.999040961265564,0.0016878675669431686
0.3397697889629775,1.005454182624817,0.001694373437203467
0.3398751145122586,1.003266453742981,0.0016894799191504717
0.33989441412307486,0.9982720613479614,0.0016876946901902556
0.3399215146479466,0.9974186420440674,0.0017044515116140246
0.3400090337752911,1.0009911060333252,0.0016876549925655127
0.3400923449564802,1.01619553565979,0.0016914576990529895
0.34015480406454346,1.0091336965560913,0.0017119096592068672
0.34025275413092115,0.9979538321495056,0.0016847208607941866
0.3402911068368366,1.0113043785095215,0.0017269509844481945
0.3404006370805206,0.9988527297973633,0.0016861835028976202
0.34040171236384675,1.0100889205932617,0.0016906267264857888
0.3404651759488848,0.9948818683624268,0.0016871977131813765
0.3405081071664171,0.9971227645874023,0.0016857620794326067
0.34062914190405924,1.0192402601242065,0.001691125798970461
0.3406599175655789,1.0074554681777954,0.0017361182253807783
0.34066972786515815,1.0002413988113403,0.0016893725842237473
0.3407821264416311,0.9963575601577759,0.0016853351844474673
0.3407910827454681,1.002883791923523,0.001689796568825841
0.3408368719365388,1.015037178993225,0.0016927558463066816
0.34090221524584163,0.9935227632522583,0.0016832903493195772
0.3409223254027901,1.0029464960098267,0.0017106953309848905
0.3410043177101657,0.9961925745010376,0.0016858380986377597
0.3410557680274645,1.0075477361679077,0.0016958665801212192
0.341161084522954,1.0083374977111816,0.0016908074030652642
0.3411803972839361,1.0010960102081299,0.0016886628000065684
0.3412074738798174,1.0023003816604614,0.0017071340698748827
0.34129502146325863,1.0029990673065186,0.0016876495210453868
0.3413783084998808,1.0181477069854736,0.001691158046014607
0.34144078183599236,1.010502815246582,0.0017121133860200644
0.3415387224172153,1.0028066635131836,0.0016872423002496362
0.34157706498956186,1.0172866582870483,0.001729737501591444
0.34168662325945287,1.0009856224060059,0.0016871707048267126
0.34168768582376596,1.0038942098617554,0.0016880494076758623
0.3417511379832501,0.9983760118484497,0.0016884716460481286
0.3417940980882427,0.9992107152938843,0.0016868540551513433
0.34182486716036353,1.0001246929168701,0.0017163451993837953
0.34191510846553075,1.0153567790985107,0.00168800656683743
0.3419458750730483,1.003173828125,0.001734305638819933
0.3419557084391015,0.9994643926620483,0.0016882416093721986
0.3420680981769383,0.9991474747657776,0.0016868703532963991
0.3420770674149437,1.003509759902954,0.0016898835310712457
0.3421228326770239,1.0223355293273926,0.001696794992312789
0.3421882044428446,0.9973981976509094,0.0016856513684615493
0.34220830166520366,1.0039440393447876,0.0017101796111091971
0.34229028276281226,0.998900294303894,0.0016874156426638365
0.3423417470923723,1.0044565200805664,0.0016925522359088063
0.34244705431765177,1.0093313455581665,0.0016909820260480046
0.34246638066037394,1.0012537240982056,0.0016894389409571886
0.342493433111688,0.9962673187255859,0.0017047980800271034
0.34258100915080514,0.9984422922134399,0.0016870616236701608
0.3426642720424392,1.0152584314346313,0.0016913915751501918
0.34272675960617827,1.0092332363128662,0.0017122018616646528
0.342824690487722,1.0005539655685425,0.0016860247123986483
0.34286302292818416,1.0132592916488647,0.0017281980253756046
0.3429726094383849,1.000152349472046,0.0016869512619450688
0.3429736594992615,1.0102819204330444,0.001690818928182125
0.3430371000176152,0.9988580942153931,0.0016887782840058208
0.343080089224592,0.9969044923782349,0.0016867886297404766
0.3431108438535091,0.996335506439209,0.0017155505483970046
0.3432010752417367,1.0219857692718506,0.0016916919266805053
0.34323183236409893,1.0010449886322021,0.0017323301872238517
0.3432416887966263,1.0017409324645996,0.0016902099596336484
0.34335406969687954,1.000017523765564,0.0016864234348759055
0.3433630520839983,1.0024447441101074,0.001689590746536851
0.3434087932023536,1.0160421133041382,0.0016936747124418616
0.3434741938550031,0.996593713760376,0.0016854209825396538
0.3434942779276172,1.0040113925933838,0.0017108103493228555
0.3435762478154588,0.9984817504882812,0.0016873442800715566
0.34362772637285677,1.0037544965744019,0.0016936238389462233
0.3437330241115074,1.0065120458602905,0.0016903587384149432
0.3437523638208142,0.9992782473564148,0.001688074436970055
0.3437793923431378,0.9958467483520508,0.0017048637382686138
0.34386699683877275,1.0003951787948608,0.0016869717510417104
0.3439502355854187,1.0175771713256836,0.001692504738457501
0.34401273737720617,1.010812759399414,0.0017127387691289186
0.3441106585582291,1.0023695230484009,0.001687239739112556
0.3441489810823831,1.0212383270263672,0.0017322750063613057
0.3442585956166855,1.0000152587890625,0.0016866225050762296
0.34425963317433617,1.0076894760131836,0.0016893040155991912
0.3443230622662937,0.998590350151062,0.0016882674535736442
0.3443660803613624,0.9964516162872314,0.0016865456709638238
0.3443968207626522,0.9971903562545776,0.001715491758659482
0.3444870418034186,1.021557092666626,0.0016913915751501918
0.3445177896557814,1.0057998895645142,0.0017344974912703037
0.34452766937078017,1.0018216371536255,0.00168989144731313
0.3446400412168209,0.9991430640220642,0.0016868669772520661
0.3446490367534739,1.0026724338531494,0.0016893367283046246
0.34469475394326,1.019877314567566,0.0016958449268713593
0.34476018305074285,0.9929534792900085,0.0016836668364703655
0.34478025418960967,1.001334309577942,0.0017099668039008975
0.34486221286705265,0.9983150362968445,0.0016866709338501096
0.3449137054373437,1.0058263540267944,0.0016943564405664802
0.34501899390662627,1.0089102983474731,0.0016915781889110804
0.3450383471964098,1.001493215560913,0.001689314842224121
0.3450653515750086,0.996177613735199,0.0017041893443092704
0.34515298452610876,1.0006513595581055,0.0016871941043063998
0.3452361991283983,1.0149157047271729,0.001690279575996101
0.3452987153642316,1.010254144668579,0.0017125356243923306
0.3453966268436808,1.0011509656906128,0.0016857354203239083
0.34543493923552926,1.0129228830337524,0.0017274189740419388
0.34554458179498615,1.0009945631027222,0.0016867044614627957
0.3455456066342554,1.0086196660995483,0.0016898609464988112
0.34560902430023777,0.997521698474884,0.0016877364832907915
0.34565207128234576,0.9950666427612305,0.0016856655711308122
0.34568279745621866,0.9999493360519409,0.001717901206575334
0.3457730083651005,1.0238159894943237,0.0016920220805332065
0.34581364972851547,0.9995237588882446,0.0016884641954675317
0.34592601273570955,1.0007410049438477,0.0016870234394446015
0.3459350214233705,1.004970669746399,0.001691236742772162
0.3459807144681686,1.0165841579437256,0.00169391802046448
0.3460461722477459,0.9967665076255798,0.0016846690559759736
0.34606623045202334,1.0036712884902954,0.0017107983585447073
0.3461481779194888,0.9977692365646362,0.0016865245997905731
0.3461996845016201,1.0019055604934692,0.0016934151062741876
0.346304963701745,1.0038654804229736,0.0016886921366676688
0.34632433035684995,1.0011584758758545,0.0016882845666259527
0.3463513108068794,0.9963726997375488,0.0017046596622094512
0.3464389722134448,0.9993053674697876,0.0016863830387592316
0.3465221626709569,1.0166637897491455,0.0016911914572119713
0.34658469313568063,1.0059828758239746,0.0017111209454014897
0.34668259491439823,1.0031365156173706,0.001687469775788486
0.34672089717394106,1.0183380842208862,0.0017302065389230847
0.3468305679734971,1.00260329246521,0.0016881891060620546
0.3468315803093299,1.0049244165420532,0.0016881965566426516
0.34689498633460303,1.0017576217651367,0.0016892696730792522
0.3469380624197478,0.9974454045295715,0.0016869647661224008
0.3469687741493641,0.9987894296646118,0.0017170737264677882
0.3470589749253089,1.0185855627059937,0.0016898693284019828
0.34709963030203783,0.9984199404716492,0.0016887205420061946
0.3472119842550192,0.9994955658912659,0.0016867265803739429
0.3472210063088439,1.0024129152297974,0.0016893277643248439
0.3472666752090747,1.0183089971542358,0.0016943566733971238
0.34733216166032543,1.0026323795318604,0.0016872788546606898
0.3473522067138052,0.9988143444061279,0.0017088615568354726
0.3474341429721354,0.99920254945755,0.0016866810619831085
0.3474856635658964,1.0053045749664307,0.0016948712291195989
0.3475909334964429,1.007728099822998,0.0016907324315980077
0.34761031373328777,1.003177523612976,0.001689020311459899
0.3476372700374871,0.9975261092185974,0.0017050007591024041
0.3477249599014123,1.0024229288101196,0.0016875305445864797
0.3478081262145679,1.0199776887893677,0.0016920535126700997
0.34787067090712964,1.0064737796783447,0.0017115457449108362
0.34796856319963954,1.0007551908493042,0.0016856812871992588
0.347998509003668,1.0107165575027466,0.0016887737438082695
0.3480068553281398,1.011727213859558,0.0017279257299378514
0.34811655415242926,1.0037639141082764,0.00168768095318228
0.3481175537679859,1.0085254907608032,0.0016900365008041263
0.34818094836833646,1.0015062093734741,0.0016894724685698748
0.3482240535569391,0.9951285123825073,0.0016859453171491623
0.34825475084293067,1.0043613910675049,0.0017184031894430518
0.3483449414859383,1.0217740535736084,0.0016911737620830536
0.34838561066040474,0.9993563890457153,0.0016892303247004747
0.3484979559899054,1.0008360147476196,0.0016863008495420218
0.3485069909783194,1.0031542778015137,0.0016895899316295981
0.34855263573440454,1.0196198225021362,0.0016938501503318548
0.3486181508569074,0.9944480061531067,0.0016841546166688204
0.34863818297516613,1.0015841722488403,0.001709991367533803
0.3487201080235188,0.99958336353302,0.0016867121448740363
0.3487716426308044,1.002784252166748,0.0016935409512370825
0.3488769032915616,1.0068610906600952,0.001690880861133337
0.348896296894149,1.0044718980789185,0.001690303673967719
0.3489232292689368,0.9980010986328125,0.0017056233482435346
0.3490109475889588,0.999483585357666,0.0016873001586645842
0.3490940897581791,1.02335524559021,0.0016941775102168322
0.349156648893734,1.0044788122177124,0.001710088923573494
0.3492545312688833,1.0007669925689697,0.0016853740671649575
0.3492844908710703,1.0116102695465088,0.0016895271837711334
0.3492928132667622,1.0167292356491089,0.001728731207549572
0.3494025403313614,1.000432014465332,0.0016871978295966983
0.3494035274434817,1.0087635517120361,0.0016898107714951038
0.3494669104029122,0.9972901940345764,0.0016883156495168805
0.34951004447792244,0.9946175217628479,0.001686380128376186
0.3495407277514422,1.000037670135498,0.0017166503239423037
0.3496309080476203,1.0218864679336548,0.001691428478807211
0.34966161903766624,1.0010392665863037,0.0017328241374343634
0.34967159101835055,1.000515103340149,0.001689469674602151
0.34978392750879406,0.9966097474098206,0.0016857427544891834
0.3497929756475846,0.9964559674263,0.0016870556864887476
0.34983859625931324,1.0214520692825317,0.0016970110591500998
0.34990414005306825,0.99903404712677,0.0016870726831257343
0.3499241592375797,1.003235101699829,0.0017106144223362207
0.35000607307511267,1.001306414604187,0.0016880620969459414
0.35005762191149925,1.0031192302703857,0.00169458263553679
0.3501628730866805,1.0057053565979004,0.0016894578002393246
0.35018228027016585,1.000451683998108,0.00168887828476727
0.35020918871638407,1.0012178421020508,0.0017064680578187108
0.3502969352769264,0.9999714493751526,0.0016868214588612318
0.35038005330157973,1.016610026359558,0.001690717414021492
0.3504426266645515,1.010201096534729,0.0017129293410107493
0.3505404995551772,1.0020203590393066,0.0016868039965629578
0.35057047273868314,1.0131229162216187,0.0016912090359255672
0.35057877142075056,1.0252031087875366,0.0017331326380372047
0.3506885265098725,1.0022668838500977,0.001687107840552926
0.3506895009034008,1.0084224939346313,0.0016894128639250994
0.3507528724372774,0.9959367513656616,0.0016869389219209552
0.35079603561448236,0.9942412376403809,0.0016854119021445513
0.35082670444395614,0.9974478483200073,0.0017165768658742309
0.3509168746093022,1.023017406463623,0.0016922644572332501
0.35094757654513553,1.008394718170166,0.0017358483746647835
0.3509575715922939,1.0011638402938843,0.001689457450993359
0.3510698990285248,1.0044419765472412,0.00168884196318686
0.3510789603168496,1.0024317502975464,0.0016899538459256291
0.3511245569995878,1.0180503129959106,0.0016952893929556012
0.35119012946522676,0.9953663945198059,0.0016846632352098823
0.35121013549999325,1.000273585319519,0.00170927494764328
0.3512920381275487,1.0003747940063477,0.001688414253294468
0.35134360097577566,1.0034823417663574,0.0016945230308920145
0.35144884288137823,1.006784200668335,0.0016913445433601737
0.3514682634303954,0.9986648559570312,0.0016880709445104003
0.35149514794825487,0.9963752627372742,0.0017054476775228977
0.3515829229644729,1.0001952648162842,0.0016872918931767344
0.3516660168449802,1.0182645320892334,0.0016919267363846302
0.3517286044353689,1.0098999738693237,0.0017126736929640174
0.35182646762589453,0.9988257884979248,0.001685944851487875
0.3518564546054539,1.008316159248352,0.001688002492301166
0.35186472935832025,1.0128892660140991,0.0017276922008022666
0.35197451268796254,1.0019168853759766,0.001687168492935598
0.35197547457889655,1.0058367252349854,0.001689302152954042
0.3520388344716425,0.9954030513763428,0.0016867726808413863
0.3520820265356762,0.9952042698860168,0.001685911905951798
0.3521126811375226,0.9980578422546387,0.001716680359095335
0.3522028411707737,1.0172029733657837,0.0016882813069969416
0.3522335338361865,1.0044339895248413,0.0017345998203381896
0.3522435519506607,1.0063202381134033,0.0016913891304284334
0.35235587054846607,0.9997512698173523,0.0016859786119312048
0.3523649449863253,1.0029188394546509,0.0016898238100111485
0.35241051752428587,1.0215282440185547,0.0016960152424871922
0.3524961117617753,1.003786563873291,0.0017106318846344948
0.3525780031801953,0.9982168078422546,0.0016859699971973896
0.35262958004026246,1.0033332109451294,0.001693353638984263
0.352734812675655,1.005344033241272,0.0016907231183722615
0.35275424659062504,0.9993343949317932,0.0016875859582796693
0.35278110718012556,0.9958695769309998,0.0017043903935700655
0.3528689106511773,1.0026161670684814,0.0016878013266250491
0.35295198038774933,1.0173814296722412,0.0016925183590501547
0.3530145822063968,1.0107594728469849,0.0017130436608567834
0.3531124356964016,1.0066694021224976,0.0016879518516361713
0.35314243647243515,1.008551836013794,0.0016887084348127246
0.3531506875118876,1.0163800716400146,0.001728348433971405
0.3532604988664737,1.0018651485443115,0.00168821110855788
0.35326144803902615,1.006834626197815,0.0016891045961529016
0.3533247965060078,0.9957200288772583,0.0016872715204954147
0.3533680176720255,0.9933577179908752,0.0016857332084327936
0.35339865783108915,1.0009688138961792,0.0017183071468025446
0.35348880773161373,1.0191919803619385,0.0016908789984881878
0.35351949112660563,0.999286949634552,0.0017326483502984047
0.35352953252334096,1.0100624561309814,0.001693038851954043
0.3536418420684073,1.004862666130066,0.0016884106444194913
0.353650929656222,1.0038949251174927,0.0016900779446586967
0.35369647826519224,1.0209354162216187,0.0016958556370809674
0.35378208802439925,1.0007086992263794,0.0017094823997467756
0.35386396823284194,0.9975683689117432,0.0016871134284883738
0.35391555910432826,1.0073752403259277,0.0016962543595582247
0.35402078247035274,1.0099650621414185,0.001691149896942079
0.35404022996664175,1.0012001991271973,0.0016891590785235167
0.35406706641157526,0.9976698160171509,0.0017053827177733183
0.3541548983391448,0.9973567724227905,0.0016857151640579104
0.35423794393136043,1.0128437280654907,0.001689327647909522
0.35430056019342226,1.00852370262146,0.0017119568074122071
0.3543984039824849,1.0012272596359253,0.001686384086497128
0.3544284183389954,1.0035570859909058,0.0016867207596078515
0.3544366454498784,1.0157195329666138,0.001730914693325758
0.35454648504498465,1.0026402473449707,0.0016873386921361089
0.3545474217134692,1.0084539651870728,0.0016902945935726166
0.3546107585399517,0.9996342658996582,0.0016889787511900067
0.3546540085938509,0.9977771043777466,0.001686831354163587
0.35468463474023215,0.9970347881317139,0.001716116676107049
0.35477477429329574,1.0209823846817017,0.001691343612037599
0.3548054484182881,1.0032345056533813,0.0017350234556943178
0.3548155128812869,1.0085629224777222,0.0016919522313401103
0.35492781380371463,0.9996307492256165,0.0016863237833604217
0.3549369143261186,1.0048896074295044,0.0016910592094063759
0.35498243879073244,1.0213419198989868,0.0016946481773629785
0.3550480972705491,0.9986029863357544,0.0016858831513673067
0.3550680642859707,1.0045074224472046,0.0017103864811360836
0.35514993306885934,0.9991747140884399,0.0016863195924088359
0.3552015381694469,1.0019283294677734,0.0016935572493821383
0.3553067522654715,1.0040568113327026,0.001689423923380673
0.3553262131275031,1.004760980606079,0.0016906000673770905
0.35535302564344606,0.9941877126693726,0.0017038783989846706
0.35544088602711255,0.9992778897285461,0.0016873759450390935
0.35552390747391893,1.0192877054214478,0.001691969227977097
0.3555865379648713,1.009480595588684,0.001712279045023024
0.35568437205257075,1.0000183582305908,0.0016855135327205062
0.35571440020660827,1.0065547227859497,0.0016882409108802676
0.35572260360302455,1.0148203372955322,0.0017294732388108969
0.3558324712239168,1.0015156269073486,0.001687422743998468
0.3558333951725463,1.0074995756149292,0.0016891537234187126
0.3558967205734749,0.9949523210525513,0.0016866280930116773
0.3559399997304108,0.9925782084465027,0.0016852165572345257
0.3559706114337987,1.0021140575408936,0.00171752052847296
0.3560607408539249,1.0228612422943115,0.0016908751567825675
0.3560914059257573,1.0050748586654663,0.0017356271855533123
0.35610149345523023,1.0045875310897827,0.0016909687547013164
0.3562137853221823,0.9981501698493958,0.0016854468267410994
0.3562228992111709,1.0001790523529053,0.0016887065721675754
0.3562683995310071,1.019588828086853,0.0016955335158854723
0.35633408646713105,0.9940453171730042,0.001684458926320076
0.3563540405479634,1.0030803680419922,0.0017098112730309367
0.3564358981215059,1.0026439428329468,0.0016883184434846044
0.3564875172345653,1.0038613080978394,0.0016944139497354627
0.35659272206059034,1.0084822177886963,0.0016907508252188563
0.35661219650394094,1.0034339427947998,0.0016893332358449697
0.35663898487531687,0.9942697286605835,0.0017045547720044851
0.35672687371508005,1.0009511709213257,0.0016867569647729397
0.3568098710160563,1.0224473476409912,0.0016942095244303346
0.3568725157363202,1.0089967250823975,0.0017122994177043438
0.3569703401222356,1.0024195909500122,0.0016862001502886415
0.3570003818586446,1.0093207359313965,0.00168863614089787
0.35700856154164695,1.0146702527999878,0.0017275771824643016
0.3571184571872724,1.0004066228866577,0.001687079668045044
0.3571193686324654,1.0083081722259521,0.0016895217122510076
0.3571826828229955,0.9987356066703796,0.0016890710685402155
0.3572259908671813,0.9957308769226074,0.0016863758210092783
0.35725658812610206,1.0004301071166992,0.0017167000332847238
0.3573467074141333,1.0203944444656372,0.0016907081007957458
0.35737736321680813,1.004280686378479,0.0017334641888737679
0.35738747381359715,1.0026293992996216,0.0016893988940864801
0.35749975684128144,1.0042688846588135,0.0016878147143870592
0.3575088838802254,1.0027720928192139,0.0016895101871341467
0.3575543600563367,1.0229016542434692,0.0016976536717265844
0.3576200756641341,0.9942843914031982,0.0016831598477438092
0.3576400168103768,1.0024522542953491,0.0017094550421461463
0.35772186317415233,0.9989258050918579,0.001686935080215335
0.3577734962986311,1.0035533905029297,0.0016938651679083705
0.3578786918552882,1.0068745613098145,0.001690490753389895
0.357898179664381,1.0014851093292236,0.001688875607214868
0.35792494410676656,0.9995812773704529,0.0017062483821064234
0.3580128611870501,1.0002095699310303,0.0016877143643796444
0.3580958345596674,1.016369104385376,0.001690576085820794
0.3581584935073482,1.007310390472412,0.0017118778778240085
0.3582563084078978,1.003516674041748,0.001686874427832663
0.35828636372520484,1.0071974992752075,0.0016891340492293239
0.3582945196958458,1.0221377611160278,0.001732147647999227
0.358404443365573,1.0012884140014648,0.0016871498664841056
0.35840534230753995,1.0076260566711426,0.0016901781782507896
0.3584686448569395,0.9981307983398438,0.0016887845704331994
0.35851198178879606,0.9973087310791016,0.001687088399194181
0.3585425648192475,0.9981931447982788,0.0017171207582578063
0.35863267397581533,1.0231105089187622,0.0016924842493608594
0.3586633205084905,1.0007983446121216,0.0017344814259558916
0.35867345417196395,1.0054599046707153,0.0016918547917157412
0.3587857283612227,1.0040916204452515,0.0016887482488527894
0.3587948685497011,1.0032775402069092,0.0016896903980523348
0.3588403205816665,1.0193564891815186,0.001695368904620409
0.3589060650767135,0.9958548545837402,0.001684604911133647
0.3589259930723693,1.0020612478256226,0.001709637581370771
0.3590078282253253,0.9998984932899475,0.0016873585991561413
0.35905947557869455,1.0032919645309448,0.0016942084766924381
0.35916466165040706,1.0058542490005493,0.001689865835942328
0.3591841630399767,1.0010846853256226,0.001689717173576355
0.35921090333863737,0.9987956881523132,0.0017057113582268357
0.3592988488737545,0.9969267249107361,0.0016860776813700795
0.35938179810327864,1.0196067094802856,0.0016928034601733088
0.3594444712775341,1.0081146955490112,0.00171271909493953
0.35954227647777326,1.0051759481430054,0.0016871836269274354
0.3595723455921861,1.0063211917877197,0.001688848016783595
0.3595804776342576,1.0191222429275513,0.001730780815705657
0.35969042954387365,0.9995181560516357,0.0016871419502422214
0.35969131576745916,1.01212477684021,0.00169088295660913
0.3597546068913047,0.9980559945106506,0.0016879563918337226
0.359797972925356,0.9963444471359253,0.0016866945661604404
0.3598285417283906,0.9985855221748352,0.0017169867642223835
0.35991864053749734,1.0218291282653809,0.0016905688680708408
0.3599492780157494,1.0047059059143066,0.0017349874833598733
0.3599594347446442,1.0076475143432617,0.0016912623541429639
0.36007169988011145,1.0004855394363403,0.0016861677868291736
0.3600808532195978,1.0000741481781006,0.0016887554666027427
0.36012628132278324,1.019656777381897,0.0016949516721069813
0.360192054273927,0.9980915188789368,0.0016858527669683099
0.36021196933478294,1.0048288106918335,0.001710059936158359
0.36029379327691924,0.9971190094947815,0.0016859339084476233
0.36034545464297096,1.0074260234832764,0.0016967608826234937
0.3604506314451048,1.0094122886657715,0.0016910071717575192
0.36047014620041695,1.002691626548767,0.0016895944718271494
0.36049686256966607,0.999803900718689,0.0017061337130144238
0.36058483656172213,0.9985787272453308,0.0016865531215444207
0.36066776164667913,1.0173612833023071,0.001691986108198762
0.36073044926455955,1.0095995664596558,0.0017127329483628273
0.36085832745916735,1.0075762271881104,0.0016884832875803113
0.36086643578824584,1.015976071357727,0.001729177194647491
0.3609764157223847,1.0004005432128906,0.0016867690719664097
0.3609772894429548,1.0089093446731567,0.0016905880765989423
0.36104056892566994,0.9990054368972778,0.0016887523233890533
0.36108396384718155,0.9959254264831543,0.0016853391425684094
0.36120460709896873,1.0220229625701904,0.0016906826058402658
0.36123523530764223,1.0009881258010864,0.0017339210025966167
0.36124541510259,1.0053924322128296,0.001691339653916657
0.3613576714000525,1.0008964538574219,0.0016865793149918318
0.36136683788949453,1.0039516687393188,0.001689801923930645
0.36141224184748133,1.0195481777191162,0.0016946259420365095
0.36147804346987744,0.9973833560943604,0.0016861974727362394
0.3614979455971965,1.0067919492721558,0.0017111889319494367
0.3615797583295658,1.0038721561431885,0.0016890615224838257
0.36163143370724726,1.0041477680206299,0.0016941907815635204
0.36173660123938156,1.010390043258667,0.0016920531634241343
0.3617561293612782,1.0015701055526733,0.0016888902755454183
0.3617828218011159,0.9964605569839478,0.0017052574548870325
0.36187082424968964,0.9979840517044067,0.0016861138865351677
0.3619537249745033,1.0174821615219116,0.0016913654981181026
0.36201642703600856,1.0103720426559448,0.0017126851016655564
0.3621142128345741,1.002117395401001,0.0016867495141923428
0.3621443093257275,1.0068365335464478,0.0016887806123122573
0.36215239372602614,1.0122398138046265,0.0017279634485021234
0.36226240190131676,1.0016367435455322,0.0016874601133167744
0.3622632629030845,1.0077999830245972,0.0016903179930523038
0.3623265309600351,1.0010671615600586,0.0016889394028112292
0.36236995498353086,0.9929639101028442,0.0016853713896125555
0.36240049511510264,0.9979941248893738,0.0017166518373414874
0.36249057366044013,1.021323561668396,0.0016901226481422782
0.3625211925995352,1.0042235851287842,0.0017351227579638362
0.3625313954609568,1.004557490348816,0.0016906458185985684
0.36264364291999385,1.0026792287826538,0.001687668147496879
0.36265282255812803,1.0010706186294556,0.0016890773549675941
0.36269820237154793,1.0229512453079224,0.0016953895101323724
0.36276403288161485,0.9970310926437378,0.0016848763916641474
0.36278392185834685,1.0017321109771729,0.0017092862399294972
0.36286572338221235,1.002189040184021,0.0016878012102097273
0.36291741277215506,1.0062272548675537,0.001695652143098414
0.3630225710345003,1.0098645687103271,0.0016910902922973037
0.3630421127377159,1.0022767782211304,0.0016890709521248937
0.36306878103298657,0.9977563619613647,0.0017067346489056945
0.36315681193723615,0.9981077313423157,0.0016864653443917632
0.3632396885174828,1.019820213317871,0.0016934191808104515
0.36330240480703646,1.0128587484359741,0.0017140073468908668
0.36340018090508086,1.0029041767120361,0.0016863987548276782
0.36343029119312986,1.0046941041946411,0.001687666168436408
0.363438351880225,1.021666407585144,0.0017318549798801541
0.36354838808024903,1.0067046880722046,0.0016888814279809594
0.36354923636237213,1.0074843168258667,0.0016897935420274734
0.3636124929944001,0.994518518447876,0.0016863489290699363
0.3636559459038825,0.9931825399398804,0.001685742405243218
0.363686471807827,1.0015150308609009,0.0017179272836074233
0.36377654022128014,1.021449089050293,0.0016907313838601112
0.3638071498903753,1.003973126411438,0.001735759899020195
0.3638173760344793,1.005805492401123,0.001690681790933013
0.3639296144397247,1.0000648498535156,0.0016872704727575183
0.36393880722760363,1.0026700496673584,0.0016903283540159464
0.3639841631124542,1.0201560258865356,0.0016949821729213
0.3640500220786178,0.9933362603187561,0.0016834383131936193
0.3640698981203393,1.0022419691085815,0.001708946656435728
0.3641516884346483,1.0037649869918823,0.0016886242665350437
0.36420339183727357,1.0069390535354614,0.001696412917226553
0.36430854082919817,1.0078386068344116,0.0016907739918679
0.3643280958981562,1.0031546354293823,0.0016901345225051045
0.36435474026443626,0.998721182346344,0.0017063841223716736
0.36444279962457216,1.0021765232086182,0.001687222858890891
0.3645256520608834,1.0167365074157715,0.0016908642137423158
0.36458838257848536,1.0084625482559204,0.0017112675122916698
0.36468614897558793,1.004091739654541,0.0016873007407411933
0.3647162728451663,1.0087569952011108,0.0016904028598219156
0.3647243098186368,1.0189166069030762,0.0017324028303846717
0.364834374257918,1.00080144405365,0.0016876630252227187
0.3648352100366047,1.0112224817276,0.0016912466380745173
0.3648984550283443,0.9989361763000488,0.0016881423071026802
0.36494193682570797,0.9972502589225769,0.001686448697000742
0.364972448716549,0.9997793436050415,0.0017168589401990175
0.36506250678296215,1.0294901132583618,0.0016941021895036101
0.36509310739784473,1.0029016733169556,0.0017317342571914196
0.3651033563928462,1.0020856857299805,0.0016897250898182392
0.36521558595861325,1.0017114877700806,0.0016857912996783853
0.36522479189750046,1.0024057626724243,0.0016891249688342214
0.3652701236379945,1.0196939706802368,0.0016948539996519685
0.36533601127519977,0.9943772554397583,0.0016841201577335596
0.36535587438275285,1.0073171854019165,0.0017112279310822487
0.3654376532708762,0.9995667338371277,0.00168670155107975
0.3654893709023921,0.9985299110412598,0.0016920845955610275
0.36559451040874047,1.0102834701538086,0.0016914268489927053
0.3656140792739623,1.0015223026275635,0.0016892640851438046
0.36564069949630706,1.0009773969650269,0.001707102288492024
0.36572878731190817,1.000468373298645,0.001686586532741785
0.3658116156034419,1.019748330116272,0.0016923968214541674
0.3658743603495135,1.0084483623504639,0.0017128190957009792
0.3659721172604081,1.005380392074585,0.0016876609297469258
0.36600225471193704,1.0055325031280518,0.0016887928359210491
0.36601026797199365,1.015821933746338,0.0017296546138823032
0.3661203604364289,1.0019932985305786,0.0016866656951606274
0.3661211834965239,1.0078297853469849,0.0016895289300009608
0.36618441706270943,0.9985373616218567,0.0016882569761946797
0.36622792796311,0.9948865175247192,0.0016856971196830273
0.36625842541011566,0.9968675971031189,0.001715939026325941
0.36634847334359144,1.0207511186599731,0.001689744764007628
0.3663790646897376,1.0031260251998901,0.0017357594333589077
0.366389336750371,1.0049573183059692,0.0016911979764699936
0.3665015574772915,1.004294514656067,0.0016881685005500913
0.36651077656739706,1.00444495677948,0.0016907446552067995
0.3665560841626926,1.0202832221984863,0.0016946624964475632
0.3666220004722027,0.9962736368179321,0.0016856922302395105
0.3666418506451665,1.0030184984207153,0.001709291827864945
0.36672361832352274,0.99989253282547,0.0016869264654815197
0.3667753499664579,1.0095019340515137,0.0016978848725557327
0.3668804802038593,1.0090489387512207,0.001691104844212532
0.36690006243419204,1.0027247667312622,0.0016893716529011726
0.36692665872817776,0.9976999759674072,0.0017057633958756924
0.36701477499987567,1.0028918981552124,0.0016874665161594748
0.36709757914579,1.017605185508728,0.0016908961115404963
0.36716033833569683,1.0092108249664307,0.0017122529679909348
0.367258085330494,1.0070499181747437,0.0016885459190234542
0.3672882365789182,1.006434440612793,0.0016899791080504656
0.36729622590977395,1.019845962524414,0.0017313293647021055
0.36740634639978476,1.0010600090026855,0.0016874205321073532
0.3674071569566536,1.0116466283798218,0.0016910596750676632
0.3674703790966536,1.0009479522705078,0.0016894465079531074
0.36751391888472484,0.993233323097229,0.0016858121380209923
0.367544402103261,0.9978554844856262,0.0017168860649690032
0.36763443990379974,1.021392583847046,0.0016914991429075599
0.3676650219801568,1.0061167478561401,0.0017364670056849718
0.36767531732389325,1.004544734954834,0.001691143959760666
0.36778752899723277,1.0007675886154175,0.001686692121438682
0.36779676123729377,0.9999305009841919,0.0016883329953998327
0.36784204490359873,1.020837664604187,0.0016943697119131684
0.3679079896687848,0.9979647994041443,0.0016852252883836627
0.3679278269075801,1.0039294958114624,0.001710071344859898
0.3680095833759589,1.002133846282959,0.0016885751392692327
0.3680613290301026,1.0001258850097656,0.001692707883194089
0.3681664499985571,1.0083287954330444,0.0016909305704757571
0.3681860455950533,0.998501718044281,0.0016887580277398229
0.36821261795962745,0.9977794885635376,0.0017056099604815245
0.36830076247226673,0.9984487891197205,0.0016862043412402272
0.368383542689401,1.0182559490203857,0.0016921673668548465
0.36844631610714573,1.010787010192871,0.0017127079190686345
0.3685440534010008,1.0004369020462036,0.0016857017762959003
0.36857421844547833,1.0032579898834229,0.0016879455652087927
0.36858218384776475,1.0174238681793213,0.0017304247012361884
0.3686923325787167,1.0041241645812988,0.0016883723437786102
0.36869313063151776,1.0076994895935059,0.0016899510519579053
0.3687563411297555,1.0016332864761353,0.0016896784072741866
0.36879991002128465,0.9968716502189636,0.0016860405448824167
0.36883037879682756,0.9973818063735962,0.0017160064307972789
0.36892040646548185,1.0223944187164307,0.001691504381597042
0.3689509794865736,1.0082979202270508,0.0017368863336741924
0.36896129768226005,1.0008540153503418,0.001689166179858148
0.3690735005169634,0.9990559220314026,0.001684544957242906
0.3690827459059275,0.999521791934967,0.0016883584903553128
0.36912800542913904,1.025146722793579,0.0016975996550172567
0.3691939790807326,0.9972214698791504,0.00168463378213346
0.3692138031695724,1.0058097839355469,0.0017104344442486763
0.36929554842713164,0.9993019104003906,0.0016874577850103378
0.3693473080952212,1.0037379264831543,0.0016955460887402296
0.3694524197932548,1.0062353610992432,0.001690219040028751
0.3694720289717016,1.003532886505127,0.0016903835348784924
0.36949857719149826,0.9993529319763184,0.0017065861029550433
0.36958675015918185,1.0012990236282349,0.0016877742018550634
0.3696695062328015,1.0179214477539062,0.0016920684138312936
0.369690322204444,0.989124059677124,0.0016866716323420405
0.36973229387817386,1.0130366086959839,0.0017135720700025558
0.36983002147108657,1.0058631896972656,0.0016881864285096526
0.3698602003130912,1.0077637434005737,0.0016898303292691708
0.3698681420017531,1.0160361528396606,0.0017298378515988588
0.369978318757228,1.0006494522094727,0.0016867454396560788
0.36997910409143686,1.0100942850112915,0.0016902565257623792
0.3700423031641208,0.9959399700164795,0.001687482581473887
0.3700859009418471,0.994458794593811,0.0016853363486006856
0.37011635549039423,0.9983224868774414,0.0017172966618090868
0.37020637302716386,1.0242127180099487,0.0016919166082516313
0.37023693677846636,0.9981496334075928,0.0017310698749497533
0.37024727804020585,1.0042340755462646,0.0016907324315980077
0.3703594720358522,1.0030171871185303,0.001688657095655799
0.370368730575403,1.003318190574646,0.001690026605501771
0.37041396595467924,1.0238380432128906,0.0016957002226263285
0.37047996827794616,0.9988721013069153,0.0016862581251189113
0.3704997794319861,1.0065025091171265,0.0017102864803746343
0.3705815134789362,1.0014032125473022,0.001687140902504325
0.3706332871603396,1.002212405204773,0.0016940166242420673
0.3707383895875316,1.008941888809204,0.0016908724792301655
0.37075801213193116,1.0024477243423462,0.0016896185697987676
0.37078453642336906,0.9971607327461243,0.0017059262609109282
0.37087273784651786,0.9984357357025146,0.0016866093501448631
0.37095546956062575,1.0190715789794922,0.0016921092756092548
0.37097631528182395,0.9914603233337402,0.0016867133090272546
0.37101827164962264,1.008553147315979,0.0017119876574724913
0.3711159897571702,1.0055480003356934,0.0016870797844603658
0.3711461819651276,1.0028390884399414,0.0016885038930922747
0.3711540999401649,1.0198988914489746,0.0017317261081188917
0.3712643049348969,1.0057847499847412,0.0016883540665730834
0.37126507755093496,1.0110646486282349,0.0016910400008782744
0.37132826519848583,1.0002048015594482,0.0016893130959942937
0.37137189207903853,0.9959230422973633,0.0016872810665518045
0.37140233239827414,1.000230073928833,0.001717739854939282
0.37149233958863537,1.0245857238769531,0.0016922912327572703
0.3715228940703593,1.0045039653778076,0.0017363878432661295
0.3715332586141492,1.0028417110443115,0.0016890856204554439
0.3716454435557933,1.0035302639007568,0.0016877924790605903
0.3716547152452997,0.9998281002044678,0.001688735093921423
0.3716999266955855,1.0253937244415283,0.001697690226137638
0.3717659574741071,0.9942908883094788,0.0016841149190440774
0.37178575569376815,1.007063388824463,0.0017104640137404203
0.3718674783160064,0.9985642433166504,0.0016862443881109357
0.3720243593826503,1.0106879472732544,0.001691897981800139
0.3720439952923713,1.0030795335769653,0.001690082484856248
0.37207049565523986,0.9972348809242249,0.0017055071657523513
0.37215872553448537,0.9980419278144836,0.0016863722121343017
0.37224143310402624,1.0213714838027954,0.0016939510824158788
0.37230424942107154,1.0085128545761108,0.0017119657713919878
0.37240195782767693,1.0037014484405518,0.0016873135464265943
0.37243216383168787,1.0035353899002075,0.0016885548830032349
0.37244005809373204,1.0141886472702026,0.0017286647344008088
0.372550291113829,1.0026664733886719,0.0016873030690476298
0.3725510512257989,1.0091058015823364,0.0016900479095056653
0.3726142272328511,0.9986020922660828,0.0016883183270692825
0.3726578830006534,0.9951235055923462,0.0016854682471603155
0.3726883090914195,0.996450662612915,0.0017156928079202771
0.3728088513620418,1.004218339920044,0.0017333319410681725
0.37281923897251623,1.0043625831604004,0.0016907391836866736
0.3729314150757347,0.9974139332771301,0.0016845953650772572
0.3729406999147753,1.0007901191711426,0.001688725664280355
0.372985887219652,1.0200153589248657,0.0016956807812675834
0.3730519466706891,1.0012950897216797,0.0016864759381860495
0.373071731955129,1.003423810005188,0.001710229436866939
0.37315344336844236,0.9999369978904724,0.001687761745415628
0.37320524528889243,1.006091594696045,0.0016959134954959154
0.3733103291779797,1.009487509727478,0.0016912000719457865
0.37332997866796713,1.002752423286438,0.0016897170571610332
0.37335645488668967,0.997627317905426,0.0017061785329133272
0.3734447132220319,0.9971744418144226,0.0016862759366631508
0.37352739664700574,1.0146393775939941,0.00169020623434335
0.3735483016504759,0.9889476895332336,0.0016841812757775187
0.37359022719125756,1.009554386138916,0.001712675322778523
0.3736879258981839,1.0064140558242798,0.0016871276311576366
0.373718145698669,1.0005627870559692,0.001687938696704805
0.37372601603214384,1.0215178728103638,0.0017324616201221943
0.3738362770771847,1.0019317865371704,0.0016878248425200582
0.37383702468592883,1.008420705795288,0.0016896227607503533
0.3739001890516398,0.9971919059753418,0.0016878049355000257
0.37394387392100525,0.9937257170677185,0.0016854892019182444
0.3739742857849859,1.000858187675476,0.0017176030669361353
0.37406427271115705,1.0247091054916382,0.0016923272050917149
0.37409480886866897,1.0022022724151611,0.0017340962076559663
0.37410521932962004,1.001670479774475,0.0016902332426980138
0.37421738659462345,1.0057003498077393,0.0016885604709386826
0.374226684584672,0.998866081237793,0.0016886485973373055
0.3742718477443502,1.0245375633239746,0.0016958392225205898
0.37433793586706055,0.9975458979606628,0.0016856375150382519
0.37435770821754255,1.0047810077667236,0.0017101002158597112
0.3744394084208784,0.9973034262657166,0.0016857223818078637
0.37449122435316873,1.0044993162155151,0.0016960295615717769
0.3745962987568904,1.0071157217025757,0.0016907721292227507
0.3746159618284074,1.001890778541565,0.0016886430094018579
0.37464241411729726,0.9968948364257812,0.0017056342912837863
0.37473070069442294,0.9979112148284912,0.0016859800089150667
0.37481336019040645,1.0205423831939697,0.0016926303505897522
0.3748342947278557,0.9953599572181702,0.0016888449899852276
0.37487620496228546,1.0102605819702148,0.001713656005449593
0.37497389396869074,1.003252625465393,0.001686861738562584
0.37500412756543977,1.0055986642837524,0.001689225435256958
0.3750119741861322,1.0224906206130981,0.0017324303044006228
0.37512226325569575,1.000162959098816,0.001687267911620438
0.3751229981450057,1.009196400642395,0.0016903948271647096
0.37518615108558373,0.9984071254730225,0.0016883463831618428
0.37522986505777567,0.9944329261779785,0.0016861922340467572
0.3752602624785527,0.9980995655059814,0.001716189319267869
0.37535023927262856,1.0267752408981323,0.0016921916976571083
0.3753807661605618,1.005795955657959,0.0017375452443957329
0.3753911999031423,1.0014045238494873,0.001689342432655394
0.375503358113933,1.0013911724090576,0.0016876003937795758
0.3755126692541477,1.0011903047561646,0.0016892029670998454
0.37555780848546694,1.0276626348495483,0.001698192791081965
0.37562392527900834,0.9944405555725098,0.001684514689259231
0.375643684479956,1.0015298128128052,0.0017090289620682597
0.37572537347268287,1.0022077560424805,0.0016878515016287565
0.37577720341828713,1.0046849250793457,0.0016952853184193373
0.37588226855200946,1.0084161758422852,0.0016905659576877952
0.37590194498926865,0.9993717670440674,0.0016885859658941627
0.37592837334916807,0.9953978657722473,0.001705816830508411
0.37601668838196944,0.9972922801971436,0.0016860876930877566
0.3760993235182304,1.0156521797180176,0.0016917785396799445
0.37612028780481455,0.9935804605484009,0.0016881111077964306
0.37616218273373436,1.0070583820343018,0.0017107418971136212
0.3762598620379346,1.0049611330032349,0.0016879553440958261
0.3762901092174763,0.9996525049209595,0.0016873545246198773
0.3762979321239125,1.0134812593460083,0.0017276910366490483
0.3764082494337857,0.9999961853027344,0.001686776871792972
0.37640897160492515,1.013914704322815,0.0016910352278500795
0.376472113119949,0.9977640509605408,0.0016874101711437106
0.3765158559793905,0.99208664894104,0.001685432274825871
0.37654623917211916,0.9993757605552673,0.0017166979378089309
0.3766362058332581,1.0276230573654175,0.0016925469972193241
0.37666672345224417,0.996758759021759,0.0017311301780864596
0.3766771802615091,1.003098964691162,0.001690215547569096
0.37678932963324285,0.9986115097999573,0.0016861967742443085
0.3767986539232022,1.0024851560592651,0.0016894994769245386
0.37684376900995464,1.0205754041671753,0.0016951244324445724
0.3769099144760114,0.9981209635734558,0.0016847099177539349
0.37692966074236967,1.0075937509536743,0.0017107028979808092
0.3770113385253294,0.998531699180603,0.0016863882774487138
0.37706318248319515,1.0038971900939941,0.0016955097671598196
0.3771682383473388,1.0080723762512207,0.0016904399963095784
0.37718792836570625,1.0040507316589355,0.0016910625854507089
0.37721433258103887,1.001101016998291,0.0017071051988750696
0.37730267606909484,0.99952232837677,0.0016863091150298715
0.3773852870603679,1.0210717916488647,0.0016935949679464102
0.3774062808815629,0.9933698773384094,0.0016877269372344017
0.37744816072076004,1.0121885538101196,0.0017139670671895146
0.3775458303235969,1.0049090385437012,0.0016874091234058142
0.37757609108487855,1.0011026859283447,0.001687747659161687
0.3775838900625348,1.0170817375183105,0.0017301995540037751
0.377694235612297,1.0031883716583252,0.0016877746675163507
0.3776949452806311,1.0059077739715576,0.0016894706059247255
0.37775807515431403,1.0011835098266602,0.001689780387096107
0.3778018469010055,0.9935505390167236,0.0016856689471751451
0.3778322158652645,1.001829743385315,0.001717291190288961
0.37792217239367676,1.0240963697433472,0.001691159326583147
0.377963160619876,1.003541350364685,0.0016903865616768599
0.3780753011529734,1.0027310848236084,0.0016871116822585464
0.37808463859309904,1.0052807331085205,0.001690481323748827
0.37812972953528423,1.0263354778289795,0.0016976229380816221
0.3781959036730145,0.9973889589309692,0.0016853901324793696
0.3782156370047832,1.0060926675796509,0.0017103287391364574
0.3782973033621889,0.9988119602203369,0.001686281175352633
0.37834916154726095,1.0026769638061523,0.0016940032364800572
0.37845420814140496,1.0115679502487183,0.0016919767949730158
0.3784739115261465,1.0020605325698853,0.0016894679283723235
0.37850029181248845,0.9995742440223694,0.0017066592117771506
0.37858866375727296,0.998505175113678,0.0016862221527844667
0.3786712506033476,1.0214924812316895,0.0016933209262788296
0.3786922741738876,0.9925335049629211,0.001686426461674273
0.37873413849241944,1.0102334022521973,0.0017132449429482222
0.37883179839410386,1.0018391609191895,0.001686366624198854
0.3788620729516493,0.9993037581443787,0.0016878247261047363
0.37886984821652314,1.016579031944275,0.0017303081694990396
0.3789802217912289,1.0002336502075195,0.0016870808321982622
0.3789809187399187,1.010844349861145,0.0016904798103496432
0.3790440371874162,0.9965089559555054,0.0016870382241904736
0.3790878380381969,0.9942747950553894,0.0016866277437657118
0.3791181927739865,0.996965229511261,0.0017155618406832218
0.3792081387397822,1.0247141122817993,0.0016907526878640056
0.3792491409782428,1.0055752992630005,0.001690832432359457
0.37936127267270425,1.0021346807479858,0.001687298296019435
0.37937062326257454,1.0008020401000977,0.0016891335835680366
0.37941569006082443,1.024155855178833,0.0016971842851489782
0.37948189286959644,0.9993565678596497,0.0016866109799593687
0.37950161326593357,1.0043140649795532,0.0017096283845603466
0.37958326841336176,1.0019981861114502,0.0016876194858923554
0.37963514061237935,1.0031660795211792,0.001695386366918683
0.3797401779356817,1.0088001489639282,0.0016913308063521981
0.37975989468637616,0.9986066222190857,0.0016881958581507206
0.37978625104435926,0.9976284503936768,0.0017064247513189912
0.37987465144460886,1.0007398128509521,0.0016872277483344078
0.3799572141467481,1.0167149305343628,0.001690834411419928
0.3799782672512675,0.9941468238830566,0.0016869864193722606
0.38002011626281573,1.0079289674758911,0.0017117278184741735
0.3801177664641896,1.006240725517273,0.0016871303087100387
0.3801480546028436,0.9998944997787476,0.0016878604656085372
0.38015580615430344,1.0193015336990356,0.001731476397253573
0.38026620775458475,1.0018175840377808,0.001687605632469058
0.3802668921994168,1.0106596946716309,0.0016910003032535315
0.3803299992213601,1.0019140243530273,0.0016894610598683357
0.38037382895854865,0.9939332008361816,0.001685643452219665
0.38040416946671085,0.9981719255447388,0.0017162011936306953
0.3804941053012537,1.0233999490737915,0.0016907124081626534
0.38053512155092306,1.0044962167739868,0.0016903342911973596
0.3806472441918035,0.9993414878845215,0.0016860909527167678
0.38065660793247136,1.0031064748764038,0.001689976779744029
0.3807678820661784,0.9962853789329529,0.0016841177130118012
0.38078758952792613,1.0048149824142456,0.001710113720037043
0.3808692334651662,1.000832438468933,0.001686802483163774
0.38092111967665565,1.0067427158355713,0.001696979976259172
0.381026147515224,1.010582447052002,0.0016913628205657005
0.38104587784660593,1.0064146518707275,0.0016909235855564475
0.38107221027622995,0.993619978427887,0.0017049210146069527
0.38116063891700014,0.9991136193275452,0.0016866015503183007
0.3812431776901486,1.0209840536117554,0.001694284612312913
0.38126426032885774,0.997873842716217,0.001687795971520245
0.38130609403342275,1.0101503133773804,0.0017138314433395863
0.38140373453469667,1.0041977167129517,0.001686911447905004
0.3814340364698249,1.0004537105560303,0.0016881594201549888
0.3814417643076602,1.0184414386749268,0.0017306709196418524
0.3815521939330957,1.0033234357833862,0.00168708770070225
0.3815528656584939,1.0105050802230835,0.0016905757365748286
0.3816159612557254,0.9982768893241882,0.0016872596461325884
0.3816598198797424,0.9917221069335938,0.0016847102669999003
0.3816901461598565,0.9984246492385864,0.0017172751249745488
0.3817800718627252,1.0251504182815552,0.0016928267432376742
0.3818211019088691,1.0026652812957764,0.0016901225317269564
0.38193321571174466,1.0004931688308716,0.0016869745450094342
0.3819425926019471,1.0016024112701416,0.001689051860012114
0.381987611327271,1.027143120765686,0.0016974504105746746
0.38205387126233914,0.9991521835327148,0.001686215866357088
0.3820735657903398,1.0039887428283691,0.0017097067320719361
0.3821551983022362,1.000667691230774,0.0016869672108441591
0.3822070987403007,1.0023880004882812,0.0016942786751314998
0.38231211731055337,1.0139230489730835,0.001692811376415193
0.38233186122304375,1.002070426940918,0.0016891818959265947
0.38235816950810075,0.9992495775222778,0.0017064112471416593
0.38244662660454665,0.99840247631073,0.0016864031786099076
0.38252914101797286,1.0181269645690918,0.0016913285944610834
0.3825502534056061,0.9987717270851135,0.001688241958618164
0.38259207180487165,1.0103404521942139,0.001712743891403079
0.3826897026052034,1.0005738735198975,0.001685971044935286
0.3827200183363849,0.9985831379890442,0.0016874497523531318
0.382727722245651,1.0154874324798584,0.001729305018670857
0.38283818011160675,1.0018230676651,0.0016877982998266816
0.3828388391186236,1.0098884105682373,0.001690410077571869
0.38290192329009043,1.0037187337875366,0.001690333359874785
0.38294581101693403,0.9953204393386841,0.0016861989861354232
0.382976122853423,1.0018246173858643,0.0017177260015159845
0.38306603842419673,1.0282124280929565,0.0016931494465097785
0.3831070822672359,1.000511646270752,0.0016887717647477984
0.3832191872306334,0.9943526983261108,0.001684482442215085
0.38322857727058046,1.0002903938293457,0.0016884191427379847
0.3832735718519692,1.0262084007263184,0.0016977464547380805
0.3833398604593422,1.0002155303955078,0.001685737632215023
0.38335954205233214,1.0044915676116943,0.0017096942756325006
0.38344116335467227,1.0009113550186157,0.0016869211103767157
0.38349307780541897,1.0031582117080688,0.0016952676232904196
0.3835980871058826,1.0080479383468628,0.0016906653763726354
0.383617844383905,1.0019183158874512,0.0016900303307920694
0.38364412873997156,0.9969518184661865,0.0017060323152691126
0.38373261429125105,0.9972014427185059,0.0016857855953276157
0.38381510456095225,1.022483468055725,0.0016940594650804996
0.38383624648256476,0.9959096908569336,0.001687105861492455
0.38387804957589977,1.0107499361038208,0.0017130932537838817
0.3839756708912869,1.0061510801315308,0.0016883054049685597
0.38400600020399767,1.000619888305664,0.0016889518592506647
0.3840136801840628,1.0183695554733276,0.0017305199289694428
0.3841241662896969,1.0020774602890015,0.001687689800746739
0.3841248125787533,1.0074477195739746,0.0016890616388991475
0.3841878853244557,0.9980257749557495,0.001687426120042801
0.3842318019379173,0.9935354590415955,0.0016864443896338344
0.3842620995469894,0.9957223534584045,0.0017141157295554876
0.384352004985247,1.0222203731536865,0.0016891751438379288
0.3843930626251817,1.0043646097183228,0.00169013487175107
0.38450515874994295,1.0010221004486084,0.0016862854827195406
0.3845145619404773,1.0018815994262695,0.0016900983173400164
0.3845595323775095,1.025611400604248,0.001697033760137856
0.3846258496565558,0.9988991022109985,0.0016859224997460842
0.3846455183147457,1.0048410892486572,0.0017101136036217213
0.3847271284071083,1.002814769744873,0.0016881554620340466
0.3847790568705374,1.0019148588180542,0.0016944743692874908
0.38488405690015937,1.0088775157928467,0.0016909511759877205
0.38490382754371344,0.9999547600746155,0.0016886545345187187
0.3849300877558448,0.999130368232727,0.001707252231426537
0.38501860197921867,0.9965983033180237,0.0016857264563441277
0.3851010681043531,1.022431492805481,0.0016942869406193495
0.38512223955910263,0.9956525564193726,0.0016861349577084184
0.38516402734734867,1.009206771850586,0.001713170437142253
0.38526163896137267,1.0056607723236084,0.001686673960648477
0.3852919818560342,1.0001219511032104,0.0016880555776879191
0.38529963833805114,1.0236756801605225,0.0017321319319307804
0.3854101522526314,1.0037362575531006,0.0016879357863217592
0.38541078625340697,1.0122284889221191,0.0016912631690502167
0.38547384735839996,0.9995671510696411,0.0016888000536710024
0.38551779285890064,0.9920775890350342,0.0016850626561790705
0.3855480762405562,1.0002626180648804,0.0017166304169222713
0.3856379715458764,1.0256898403167725,0.0016912557184696198
0.38567904319912505,1.003167986869812,0.0016900529153645039
0.3857911302696738,0.9988254904747009,0.0016857316950336099
0.3858005466103738,1.0037797689437866,0.001690297620370984
0.3858454929019969,1.0264101028442383,0.0016982278320938349
0.3859118390680828,0.9972970485687256,0.001685124123468995
0.38593149457715936,1.0044989585876465,0.0017092471243813634
0.38601309345912327,0.9987573027610779,0.0016868661623448133
0.3860650359354455,1.0002750158309937,0.001694704289548099
0.38617002647970167,1.0118253231048584,0.001692290767095983
0.3861898107039432,1.0022677183151245,0.0016901508206501603
0.3862160469872945,0.9957032203674316,0.001705802045762539
0.3863045894516096,0.9973962306976318,0.0016861220356076956
0.386387031432177,1.0219932794570923,0.0016942452639341354
0.3864082326360613,0.9943720698356628,0.0016861258773133159
0.38645000511879757,1.0103108882904053,0.00171314412727952
0.3865476070306164,1.0055267810821533,0.0016878923634067178
0.38657796372259445,0.9984484314918518,0.001687550451606512
0.38658559627604194,1.020543098449707,0.001731519470922649
0.3866961384315635,1.000711441040039,0.0016866049263626337
0.38669675971353656,1.0097955465316772,0.0016908205579966307
0.38675980917718844,0.9979889988899231,0.0016875163419172168
0.38680378399567095,0.9934361577033997,0.0016858563758432865
0.38683405293370154,0.9981635808944702,0.001714386511594057
0.3869239378913504,1.0291104316711426,0.0016943138325586915
0.38696502355749185,1.00439453125,0.0016907916869968176
0.3870771017889836,1.0037297010421753,0.0016888742102310061
0.3870865312802706,1.0008904933929443,0.0016886440571397543
0.38713145364164014,1.0236549377441406,0.0016952616861090064
0.38719782826424354,0.9983493089675903,0.0016863938653841615
0.3872174708391517,1.0051000118255615,0.0017100936966016889
0.387299058295983,0.9992234110832214,0.0016876838635653257
0.3873510150003533,1.0003571510314941,0.001693490892648697
0.3874559962743994,1.0099161863327026,0.0016916716704145074
0.387475794080381,1.0002998113632202,0.0016887134406715631
0.3875020062183233,0.9976671934127808,0.0017061340622603893
0.38759057713957723,1.0039474964141846,0.001687871292233467
0.3876729949743144,1.0241968631744385,0.0016947700642049313
0.3876942259290178,0.9967353343963623,0.001686915522441268
0.3877359828898256,1.0138834714889526,0.001714628655463457
0.3878335751011234,1.0020571947097778,0.0016861322801560163
0.38786394537399926,0.9977911114692688,0.0016878297319635749
0.38787155421445385,1.0186866521835327,0.0017314580036327243
0.38798212461049575,1.004242181777954,0.0016886417288333178
0.38798273317366627,1.0093042850494385,0.0016901474446058273
0.3880457712115536,1.0003241300582886,0.0016883945791050792
0.388089774917286,0.9939326047897339,0.001685436232946813
0.3881200296260049,1.0023648738861084,0.0017175247194245458
0.3882099044524009,1.0261858701705933,0.001691988785751164
0.3882510039154379,1.0055910348892212,0.0016908167162910104
0.3883630733087142,1.0001732110977173,0.0016860355390235782
0.3883725159497463,0.998552143573761,0.0016885922523215413
0.38841741416718034,1.023876667022705,0.0016952576115727425
0.3884838174612465,0.9971010684967041,0.0016848067753016949
0.38850344710072326,1.0042834281921387,0.001710153417661786
0.38858502334841893,0.9970525503158569,0.0016852279659360647
0.3886369940639981,1.005067229270935,0.001696153194643557
0.3887419660682552,1.012934684753418,0.0016923558432608843
0.3887617772414528,0.9997622966766357,0.0016881306655704975
0.388787965449773,0.9967900514602661,0.0017064220737665892
0.3888765648271236,0.9985038042068481,0.001685630762949586
0.3889589585172939,1.0180920362472534,0.0016920586349442601
0.38898021900597646,0.9968716502189636,0.0016870051622390747
0.389021960660643,1.0158742666244507,0.0017150926869362593
0.38914992724077,0.9977490901947021,0.0016874851426109672
0.389157512368442,1.0213929414749146,0.0017330494010820985
0.38926811057343025,0.9995987415313721,0.001686228672042489
0.3892687066323224,1.011596441268921,0.0016912607243284583
0.38933173324465553,1.0016902685165405,0.001689705066382885
0.3893757658389009,0.9948498606681824,0.0016856978181749582
0.3894060065351479,0.9959771633148193,0.0017157623078674078
0.3894958710138724,1.0288537740707397,0.001694248872809112
0.38953698427296257,1.0074584484100342,0.001691918121650815
0.38964904461286853,1.0042097568511963,0.0016880767652764916
0.3896585006183798,0.9992696642875671,0.001688753953203559
0.38970337469272065,1.0242820978164673,0.0016968294512480497
0.38976980665846006,0.9967881441116333,0.0016853099223226309
0.3897894233627156,1.0061577558517456,0.0017100098775699735
0.38987098839959167,0.9992048740386963,0.0016866116784512997
0.3899229731284849,1.0013632774353027,0.0016944041708484292
0.3900279358633739,1.0147985219955444,0.0016928735421970487
0.39004776040252465,1.0037782192230225,0.0016901526832953095
0.3900739246816438,0.9953025579452515,0.001705152215436101
0.3901625522982516,1.000784993171692,0.0016864145873114467
0.39024492184511816,1.015850305557251,0.0016909107798710465
0.39026621208251433,0.99575275182724,0.0016869031824171543
0.3903079384314603,1.013664960861206,0.0017145202727988362
0.3904055112417161,1.0020318031311035,0.0016854624263942242
0.3904359091083829,1.0003043413162231,0.001688846037723124
0.3904434703068538,1.0199586153030396,0.001730954390950501
0.3905540967515204,1.0074025392532349,0.001689524739049375
0.3905546800913995,1.0090452432632446,0.0016902380157262087
0.3906176952785998,0.9993187785148621,0.001688723568804562
0.39066175676009485,0.9936361908912659,0.0016855595167726278
0.39069198322871457,1.0016716718673706,0.0017179372953251004
0.3907818375753437,1.0244693756103516,0.0016919445479288697
0.3908229646309084,1.0045298337936401,0.0016902380157262087
0.3909350161321783,1.0011711120605469,0.0016866555670276284
0.3909444850727001,0.999891996383667,0.001687834970653057
0.3910557958556736,0.9971143007278442,0.0016851526452228427
0.39107539962512927,1.005747675895691,0.0017102851998060942
0.3911569532360303,0.9995970726013184,0.0016869454411789775
0.391208952193393,1.006862759590149,0.0016970800934359431
0.39131390544291644,1.0136845111846924,0.001692896126769483
0.3913337435621226,0.9997988343238831,0.0016892635030671954
0.3913598839135146,1.0017191171646118,0.0017085514264181256
0.3914485399862191,0.99996417760849,0.0016866071382537484
0.39153088538851866,1.0210468769073486,0.0016928635304793715
0.39155220516010447,0.9988396167755127,0.0016877555754035711
0.3915939162029094,1.0097094774246216,0.001713013043627143
0.3916914793122229,1.0027360916137695,0.0016872576670721173
0.3917218907602086,0.9987142086029053,0.001687364187091589
0.3917294282452658,1.018784761428833,0.0017297178274020553
0.3918400829300315,1.0053484439849854,0.0016888362588360906
0.3918406535515291,1.0095161199569702,0.0016900277696549892
0.39190365731296484,0.9994228482246399,0.0016884361393749714
0.39194774789644415,0.9954754710197449,0.00168718455825001
0.39197795992186,0.9996480941772461,0.0017160550924018025
0.3920678041368152,1.0244250297546387,0.0016912363935261965
0.39210894520485173,1.003806233406067,0.0016907959943637252
0.39222098765106683,1.001503348350525,0.0016865775687620044
0.3922304697425968,1.0018723011016846,0.0016898976173251867
0.39227529574337994,1.0246520042419434,0.0016973409801721573
0.3923417850514136,0.9990202188491821,0.001685344846919179
0.39236137588754294,1.0043801069259644,0.0017100019613280892
0.39244291828846634,1.0007121562957764,0.001686770818196237
0.3924949312574587,0.9998011589050293,0.0016934165032580495
0.3925998752382458,1.0092501640319824,0.0016911642160266638
0.39261972672214174,0.9968169927597046,0.0016883143689483404
0.3926458431453854,0.9981271028518677,0.0017067959997802973
0.3927345276743974,1.001882553100586,0.0016875717556104064
0.39281684893191937,1.027690052986145,0.0016979508800432086
0.39283819823685295,0.9990420937538147,0.0016871026018634439
0.3928798939743583,1.015441656112671,0.0017151983920484781
0.3929774473827299,1.0033289194107056,0.0016861874610185623
0.39300787262697934,0.9981338381767273,0.0016877722227945924
0.39301538639883293,1.0219461917877197,0.0017332874704152346
0.39312606889338697,1.0050610303878784,0.0016875917790457606
0.3931266270116588,1.0088396072387695,0.0016901447670534253
0.3931896193473301,1.0010401010513306,0.001689435914158821
0.393233738817638,0.9938462376594543,0.0016852151602506638
0.39326393661542647,0.999954342842102,0.0017174860695376992
0.39335377048271014,1.0243265628814697,0.0016912096180021763
0.39339492556321853,1.003394603729248,0.0016901162452995777
0.3935069591703767,1.0017359256744385,0.0016867057420313358
0.3935164544120723,0.9995332956314087,0.0016889158869162202
0.3935612564836547,1.027533769607544,0.0016982655506581068
0.39362777424778483,0.9934252500534058,0.0016837650910019875
0.3936473521495353,1.0023285150527954,0.0017086316365748644
0.3937288833409024,1.001872181892395,0.0016889020334929228
0.3937809103225771,1.0034130811691284,0.001694907434284687
0.39388584503357504,1.0126301050186157,0.0016924407100304961
0.39390571009879005,1.0034756660461426,0.0016903432551771402
0.3939318023774667,0.9967741966247559,0.0017057349905371666
0.3940205151461569,0.997279703617096,0.0016853886190801859
0.3941028122593223,1.0150070190429688,0.0016897915629670024
0.3941241913142328,0.9982056021690369,0.0016865835059434175
0.3941658717453864,1.0101628303527832,0.0017133462242782116
0.39426341545323684,1.0020720958709717,0.0016862855991348624
0.3942938544937501,0.9966325759887695,0.0016876441659405828
0.39430134433661324,1.0206818580627441,0.0017314768629148602
0.39441205507231925,1.0039745569229126,0.001687717973254621
0.394412600471578,1.0137860774993896,0.001692321733571589
0.3944755811663293,0.999345600605011,0.0016884743236005306
0.39451972973883176,0.9908924698829651,0.0016848099185153842
0.3945499133085719,1.0015571117401123,0.0017174253007397056
0.39463973704376065,1.0269261598587036,0.0016932369908317924
0.39467012639515586,0.997605562210083,0.0017345354426652193
0.39468090592032223,1.004127860069275,0.0016899233451113105
0.39479293069010746,1.0008260011672974,0.0016867934027686715
0.3948024390815481,1.0003098249435425,0.0016889345133677125
0.3948472170091949,1.0248759984970093,0.0016973825404420495
0.3949137634449984,0.9977717399597168,0.001686163479462266
0.39493332841131734,1.0053133964538574,0.001709743752144277
0.3950148481777618,1.0008742809295654,0.0016871055122464895
0.39506688938685364,1.0049076080322266,0.001695119310170412
0.39517181461227524,1.0113037824630737,0.0016919008921831846
0.3951916932590198,1.0018662214279175,0.0016892902785912156
0.39521776139312936,0.9986824989318848,0.0017071989132091403
0.3953065028337034,1.0027376413345337,0.0016879243776202202
0.3953887758027229,1.0226068496704102,0.0016941579524427652
0.39541018439119147,0.9999690651893616,0.0016878631431609392
0.3954518495164142,1.0078507661819458,0.0017122571589425206
0.3955493835233226,1.0040299892425537,0.001687317038886249
0.3955798361451549,0.9966640472412109,0.0016876956215128303
0.3955873022743934,1.0203222036361694,0.001731902826577425
0.3956980412499882,1.0024685859680176,0.0016872569685801864
0.3956985739308656,1.0064462423324585,0.001689412398263812
0.39576154320006274,1.0038994550704956,0.0016900897026062012
0.39580572066044684,0.9932959675788879,0.0016855780268087983
0.3958358900012966,0.9987910389900208,0.0017166812904179096
0.39592570360460055,1.0196681022644043,0.0016887134406715631
0.3959560836859961,0.9979317784309387,0.0017341991188004613
0.39596688627826826,1.0080158710479736,0.001691579120233655
0.39607890199426155,1.0018552541732788,0.0016864463686943054
0.3960884237506025,1.001564383506775,0.001689682248979807
0.39619975264115936,0.9958100318908691,0.0016850038664415479
0.3962193046730994,1.0029494762420654,0.001709106145426631
0.39630081322977684,1.0009998083114624,0.0016877742018550634
0.396352868235764,1.0024464130401611,0.0016940210480242968
0.3964577844069731,1.0109031200408936,0.0016914523439481854
0.3964776764198811,1.0050225257873535,0.0016902759671211243
0.39650372062500017,0.9954554438591003,0.001705555128864944
0.3965924905208288,0.9988486766815186,0.0016860647592693567
0.39667473934612363,1.0247024297714233,0.0016951941652223468
0.39669617746730834,0.9991844296455383,0.0016860218020156026
0.3967378272870211,1.0093348026275635,0.0017132461071014404
0.3968353518081429,1.0070222616195679,0.0016881576739251614
0.39686581801255716,0.9995319247245789,0.0016892828280106187
0.3968732604279608,1.0200656652450562,0.0017314086435362697
0.3969840272129228,1.0008105039596558,0.0016875927103683352
0.3969845473901532,1.0124385356903076,0.0016914268489927053
0.397047505234428,1.0018845796585083,0.0016893722349777818
0.3970917115820617,0.9934675097465515,0.0016855014255270362
0.39712186669507354,0.9984660744667053,0.001716319820843637
0.39721167016544034,1.0262625217437744,0.001691974001005292
0.39724204097725746,0.9995832443237305,0.0017353296279907227
0.39725286663663506,1.0056809186935425,0.0016915124142542481
0.3973648735135713,1.0037791728973389,0.0016878425376489758
0.3973744084204993,1.000449538230896,0.001688204356469214
0.3974191380585911,1.030085802078247,0.001698542619124055
0.3974857418377413,0.9988667368888855,0.0016859292518347502
0.39750528093551274,1.0079026222229004,0.0017109086038544774
0.39758677806663634,1.0027406215667725,0.0016883689677342772
0.3976388473006718,1.0038576126098633,0.0016967656556516886
0.39774375420167085,1.0138825178146362,0.001692900899797678
0.39776365958074233,0.998105525970459,0.001688704127445817
0.39778967985687097,0.9994732141494751,0.0017074934439733624
0.39787847799343035,0.9986056685447693,0.0016858234303072095
0.39796070267352657,1.0232831239700317,0.0016943288501352072
0.397982170544688,1.0007296800613403,0.001688085962086916
0.39802380505868074,1.0111371278762817,0.0017135047819465399
0.39812131987864985,1.0065560340881348,0.001687941374257207
0.39815179966438297,0.9989405870437622,0.0016882509225979447
0.3981592183663726,1.0230046510696411,0.001733454060740769
0.39827001339185486,1.0052645206451416,0.0016886601224541664
0.3982705208496513,1.012317419052124,0.0016912701539695263
0.39833346726879326,0.9967675805091858,0.0016874504508450627
0.39837770250304516,0.9942536950111389,0.0016867701197043061
0.3984078433880084,0.9958240985870361,0.001715805847197771
0.3984976365109142,1.0297777652740479,0.001694211270660162
0.39852799848388476,0.9937678575515747,0.0017336884047836065
0.39853884699500186,1.0072953701019287,0.0016919237095862627
0.39865084503330217,1.0027782917022705,0.0016872932901605964
0.3986603928750301,1.0014159679412842,0.0016891950508579612
0.3987050985834998,1.026970624923706,0.0016983326058834791
0.3987717310341128,0.9985156655311584,0.0016852004919201136
0.3987912571979264,1.003703236579895,0.0017091414192691445
0.3988727431190723,1.0016549825668335,0.001687548472546041
0.3989248263651589,1.0015406608581543,0.0016946075484156609
0.39902972378037105,1.0130833387374878,0.0016922276699915528
0.3990496427411826,1.002704381942749,0.00168898596893996
0.39907563908768895,0.9991052746772766,0.0017072681803256273
0.39916446568160846,0.9982401728630066,0.0016865647630766034
0.39924666621608496,1.0177878141403198,0.0016920178895816207
0.39926816362206796,1.0030269622802734,0.0016879393951967359
0.39930978283034013,1.0090765953063965,0.0017127160681411624
0.3994072879491566,1.0019350051879883,0.0016858811723068357
0.3994377815313642,0.9979838132858276,0.001688381307758391
0.3994451763047845,1.0202863216400146,0.001731842290610075
0.3995559995707869,1.00235116481781,0.001687442185357213
0.3995564943087284,1.0091873407363892,0.0016912398859858513
0.3996194293027372,1.0015318393707275,0.0016890466213226318
0.39966369363960497,0.9939365983009338,0.001685970346443355
0.39969382008157495,1.0022860765457153,0.0017177020199596882
0.3997836030723857,1.0208038091659546,0.0016900441842153668
0.3998139557757777,0.9987801313400269,0.0017349235713481903
0.3998248273533688,1.0052467584609985,0.0016905107768252492
0.3999368165524012,1.0018020868301392,0.0016867462545633316
0.3999463775442951,0.998968243598938,0.0016879342729225755
0.3999910591088296,1.0206668376922607,0.0016945708775892854
0.40005772023132635,0.9971492290496826,0.001684623654000461
0.40007723345991897,1.0034023523330688,0.0017094904324039817
0.40015870817024524,1.0000970363616943,0.001687343930825591
0.4002108054300667,1.0079900026321411,0.0016969242133200169
0.40031569357549,1.0153813362121582,0.0016934421146288514
0.40033562590162264,1.0046486854553223,0.0016920987982302904
0.40036159831892815,0.9952443838119507,0.001706115435808897
0.40045045315315764,0.9986529350280762,0.0016861982876434922
0.4005326297590647,1.020020604133606,0.0016934905434027314
0.4005541566990266,1.0036907196044922,0.0016878675669431686
0.4005957606009469,1.012978196144104,0.0017137641552835703
0.40069325601924255,1.0050519704818726,0.001688058371655643
0.4007237633979245,0.9971233606338501,0.0016877412563189864
0.4007311342431963,1.0230176448822021,0.0017330358969047666
0.40084198553435324,1.0073285102844238,0.0016897175228223205
0.4008424677688581,1.0092614889144897,0.0016909032128751278
0.4009053911211049,0.9985164999961853,0.0016872539417818189
0.4009496845607988,0.9956938028335571,0.0016872334526851773
0.4009797967751416,0.9987778663635254,0.0017165638273581862
0.4010695696338572,1.0251729488372803,0.001691568992100656
0.40109991306745996,0.9987764954566956,0.0017357227625325322
0.401110807926891,1.0070420503616333,0.0016914576990529895
0.4012227880710795,1.0035555362701416,0.0016879300819709897
0.4012323622137708,1.0024869441986084,0.0016905971569940448
0.4013437094283292,0.9992458820343018,0.0016860633622854948
0.4013632097223324,1.0059943199157715,0.0017103743739426136
0.4014446730066836,0.9991328120231628,0.0016868571983650327
0.4014967844949746,1.0065436363220215,0.0016963313100859523
0.4016016633708194,1.012389898300171,0.0016920798225328326
0.40162160927721835,1.0037899017333984,0.001689452095888555
0.4016475573352225,0.9975404143333435,0.0017069665482267737
0.40173644084070415,0.9996309876441956,0.0016861407784745097
0.4018185930868887,1.0220918655395508,0.0016936184838414192
0.401840149775775,1.0027590990066528,0.0016887250822037458
0.40188173837239605,1.0129034519195557,0.001714452519081533
0.4019792240897494,1.0041306018829346,0.0016864194767549634
0.4020097450493293,0.9954611659049988,0.0016874653520062566
0.40201709239718464,1.0223127603530884,0.001732247299514711
0.4021279717122327,1.0070042610168457,0.001689333003014326
0.40212844122898783,1.0102308988571167,0.0016911071725189686
0.40219135315462784,1.0,0.0016889679245650768
0.4022356754824139,0.9926576614379883,0.0016857602167874575
0.40226577346765546,1.0010050535202026,0.0017177561530843377
0.40235553597975227,1.0302315950393677,0.001693864120170474
0.40238587057471864,0.9967470765113831,0.0017344451043754816
0.40239678828483705,1.0028702020645142,0.0016897673485800624
0.4025087593752338,0.9980518817901611,0.00168533471878618
0.4025183468828255,0.9983909726142883,0.0016877383459359407
0.4025629801594891,1.0244941711425781,0.0016952039441093802
0.40262969862449016,0.9975646734237671,0.001685763243585825
0.402649185984325,1.0042521953582764,0.0017097073141485453
0.4027306380591199,1.0025370121002197,0.0016879687318578362
0.4027827635586195,1.002823829650879,0.0016956098843365908
0.40288763295057217,1.01217520236969,0.0016916105523705482
0.4029075924382902,1.002879023551941,0.0016901708440855145
0.4029335165670932,0.9985890984535217,0.0017069076420739293
0.40302242852804004,0.9994493126869202,0.0016863312339410186
0.4031045566302892,1.0211714506149292,0.0016938922926783562
0.40312614285252313,0.9987945556640625,0.0016863035270944238
0.40316771614342395,1.0137577056884766,0.0017141883727163076
0.40326519216025636,1.0049244165420532,0.0016873255372047424
0.40329572691610005,0.9977109432220459,0.0016885158838704228
0.40330305033517544,1.0220458507537842,0.001731846365146339
0.4034139576747463,1.0061044692993164,0.0016891786362975836
0.40341441468890693,1.0148462057113647,0.0016922889044508338
0.4034773151889931,1.0017367601394653,0.001689760945737362
0.40352166640360765,0.9898810982704163,0.0016843617195263505
0.4035517501605904,0.9959805011749268,0.0017155975801870227
0.4036415025412238,1.0261508226394653,0.0016919609624892473
0.4036718278664011,0.9964703321456909,0.0017344745574519038
0.40368276864236186,1.0045061111450195,0.0016905209049582481
0.4037947308949644,1.0048654079437256,0.0016887689707800746
0.403804331552301,1.0023027658462524,0.001689406344667077
0.40384894089997414,1.0273786783218384,0.0016973698511719704
0.4039156878210721,0.9988338351249695,0.0016863170312717557
0.4039351622454753,1.005855917930603,0.001710485783405602
0.4040166028959794,0.9960954189300537,0.00168607197701931
0.4040687426231063,1.0039236545562744,0.0016955311875790358
0.4041736027456909,1.011160135269165,0.00169186491984874
0.404193575599362,1.0038540363311768,0.0016900398768484592
0.4042194757991745,1.0000221729278564,0.0017075231298804283
0.4043084159997995,1.0000264644622803,0.001686591887846589
0.4043905199576924,1.0238468647003174,0.0016947737894952297
0.4044121359299031,1.00454843044281,0.0016879034228622913
0.40445369391360997,1.0100260972976685,0.0017128618201240897
0.4045511602303421,1.0048048496246338,0.0016869001556187868
0.40458170856813636,0.997734546661377,0.0016875244909897447
0.40458900827358724,1.025118112564087,0.001734047895297408
0.40469994385367836,1.0026787519454956,0.00168832135386765
0.40470038814882614,1.0104871988296509,0.0016908319666981697
0.40476327722356886,1.0007283687591553,0.0016882962081581354
0.4048076573239594,0.9927231073379517,0.0016861050389707088
0.4048377270697334,0.9961078763008118,0.001715606078505516
0.40492746910227395,1.0238887071609497,0.0016902635106816888
0.40495778515766256,0.9988168478012085,0.0017341437051072717
0.40496874900030755,1.0034468173980713,0.0016893052961677313
0.4050807024146952,1.0014557838439941,0.001685995957814157
0.4050903162221978,1.0033177137374878,0.001690455013886094
0.40513490142530384,1.0308321714401245,0.0016987900016829371
0.4052016770176542,0.9974964261054993,0.001684908987954259
0.4052211385078889,1.0046390295028687,0.0017094776267185807
0.40530256794841535,1.0008437633514404,0.0016879774630069733
0.4053547214724377,0.9996772408485413,0.001692809397354722
0.4054595723239701,1.0130959749221802,0.0016919609624892473
0.40547955875896013,1.0030838251113892,0.0016901229973882437
0.4055054350304138,0.9976431727409363,0.0017069149762392044
0.4055944036877671,0.9974690079689026,0.0016859963070601225
0.40567648350109287,1.0230885744094849,0.001693953643552959
0.40569812900749347,1.002569317817688,0.0016871655825525522
0.40573967168505887,1.0128459930419922,0.0017150278436020017
0.40583712830000707,1.0079296827316284,0.0016890378901734948
0.4058676904355386,0.9990289807319641,0.001689509954303503
0.4058749664275756,1.0210926532745361,0.0017319043399766088
0.4059859300321894,1.0041797161102295,0.0016886102966964245
0.40598636160748214,1.0151968002319336,0.0016928187105804682
0.40604923904172585,0.9977980256080627,0.0016877439338713884
0.4060936482455745,0.9962021112442017,0.0016869863029569387
0.4061237037633001,0.998699963092804,0.0017165894387289882
0.40621343566311396,1.0289247035980225,0.0016918987967073917
0.4062437424493448,1.0003145933151245,0.0017361195059493184
0.40625472935867446,1.005916714668274,0.001690793433226645
0.4063666737188495,1.0027600526809692,0.0016882276395335793
0.4063763006765181,0.9998753070831299,0.0016880492912605405
0.40642086195063365,1.0213093757629395,0.0016955852042883635
0.40648766621381516,0.998136579990387,0.0016849570674821734
0.4065071149858791,1.004770278930664,0.0017109281616285443
0.40658853278485385,0.997988760471344,0.0016853365814313293
0.4066407005373458,1.0081143379211426,0.001697890809737146
0.40674554211845737,1.0113863945007324,0.0016913609579205513
0.4067655419189792,1.004866361618042,0.0016900708433240652
0.40679139404670805,0.9979406595230103,0.001706683891825378
0.40688039116015806,0.9976217746734619,0.001686108997091651
0.40696244682891713,1.0217312574386597,0.0016935581807047129
0.4069841220838206,1.0040802955627441,0.001687720650807023
0.40702564945650777,1.0116344690322876,0.0017139773117378354
0.4071230963700928,1.0074318647384644,0.0016881062183529139
0.4071536720865224,0.995864748954773,0.0016879035392776132
0.40716092436472406,1.0218725204467773,0.0017315289005637169
0.40727191599554513,1.004960060119629,0.0016884866636246443
0.40727233506698035,1.008455753326416,0.0016898438334465027
0.4073352010760911,1.0013952255249023,0.0016893538413569331
0.40737963916718933,0.9923672080039978,0.001685460563749075
0.4074994020083774,1.0299853086471558,0.0016944280359894037
0.4075296999566035,0.9959626197814941,0.0017345028463751078
0.40754070971704126,1.006201982498169,0.001690934062935412
0.40765264523815914,0.9990067481994629,0.0016860434552654624
0.4076622853459936,1.0022571086883545,0.001689139287918806
0.40770682247554235,1.0253617763519287,0.001697415136732161
0.40777365519545217,0.9983640909194946,0.0016855297144502401
0.40779309124829244,1.0024216175079346,0.0017084318678826094
0.4078744978372899,1.002558946609497,0.0016877331072464585
0.4079266796022536,1.00346040725708,0.0016954026650637388
0.40803151169821017,1.0126540660858154,0.001691893907263875
0.40805152508005094,1.0019283294677734,0.0016896526794880629
0.40807735327878936,0.9960809946060181,0.0017060227692127228
0.40816637884770457,1.001091480255127,0.0016872211126610637
0.40824841037189663,1.0221691131591797,0.0016940911300480366
0.4082701151603585,1.0014663934707642,0.0016869786195456982
0.4083116272281674,1.0111808776855469,0.0017138049006462097
0.40840906444059977,1.0064109563827515,0.0016884136712178588
0.4084396539535037,0.9963446855545044,0.0016882194904610515
0.40844688230271486,1.0259467363357544,0.0017338292673230171
0.4085579021740561,1.0051783323287964,0.0016887732781469822
0.40855830852689945,1.0137672424316406,0.001691583078354597
0.40862116311066665,1.0008257627487183,0.0016888512764126062
0.4086656300888041,0.9948005676269531,0.0016861303010955453
0.408695657150012,0.9964879751205444,0.0017155199311673641
0.4087853685694278,1.0292264223098755,0.001691149896942079
0.40881565724786495,0.9964230060577393,0.0017351609421893954
0.4088266900749873,1.003141164779663,0.0016893078573048115
0.4089386167572584,0.9995237588882446,0.0016857512528076768
0.4089482700154693,1.0048717260360718,0.0016898041358217597
0.40899278300002984,1.0255800485610962,0.0016974634490907192
0.40905964439266573,1.0021620988845825,0.0016876449808478355
0.4090790675109166,1.0053439140319824,0.001709948992356658
0.4091604626741493,1.0031684637069702,0.0016891121631488204
0.4092126586667405,1.0006288290023804,0.0016934500308707356
0.4093174814924869,1.0121523141860962,0.0016923260409384966
0.4093375082411227,1.0057013034820557,0.00169168331194669
0.40936331251002855,0.9979467391967773,0.001707234070636332
0.40945236631967474,0.9963203072547913,0.0016852826811373234
0.40953437391466563,1.0173969268798828,0.0016917421016842127
0.4095561080221617,0.998749852180481,0.0016860812902450562
0.4095976049998268,1.0115385055541992,0.0017138273688033223
0.4096950325111066,1.0039799213409424,0.0016864198260009289
0.4097256356049084,0.9954401850700378,0.0016880860785022378
0.40973284024112666,1.0183528661727905,0.0017297063022851944
0.4098438881365698,1.0041385889053345,0.0016882169293239713
0.40984428198597656,1.0117347240447998,0.0016911061247810721
0.40990712492882375,0.9973514080047607,0.0016883304342627525
0.40995162100999816,0.9928888082504272,0.0016856258735060692
0.40998163384315756,1.0000253915786743,0.0017168233171105385
0.41007133491532277,1.027956247329712,0.0016927572432905436
0.4101016145387051,0.9996982216835022,0.001735344878397882
0.410112670432512,1.004770278930664,0.001691071898676455
0.41022458827635744,1.0017756223678589,0.0016873604618012905
0.4102342546845238,0.99873948097229,0.0016884150682017207
0.41027874352493854,1.0268479585647583,0.0016980189830064774
0.4103456335888265,0.9976062178611755,0.0016854832647368312
0.41036504377227767,1.001465916633606,0.0017085557337850332
0.41044642772616435,0.9984262585639954,0.0016863230848684907
0.4104986377308065,1.0071085691452026,0.0016974002355709672
0.4106034512878165,1.0117111206054688,0.001691607409156859
0.41062349140198406,1.0015432834625244,0.0016896117012947798
0.41064927174189936,0.9953004717826843,0.0017061334801837802
0.41073835400680025,1.0011128187179565,0.0016865490470081568
0.4108203372418583,1.0262287855148315,0.0016963803209364414
0.41084210109975206,1.003606915473938,0.0016870928229764104
0.4108835827700128,1.0128083229064941,0.0017142785945907235
0.410981000365616,1.0055292844772339,0.0016886178636923432
0.41101161747231074,0.9934359788894653,0.001686961972154677
0.411018798395115,1.0242154598236084,0.00173283985350281
0.41112987431571235,1.0024380683898926,0.001687602256424725
0.41113025544610626,1.0101226568222046,0.0016899359179660678
0.411193086963189,0.9983022212982178,0.0016872441628947854
0.4112376119303499,0.9917134046554565,0.0016860637115314603
0.4112676105360925,0.9966802597045898,0.0017154979286715388
0.4113573014767943,1.0296008586883545,0.0016958529595285654
0.41138757182996655,0.9938457012176514,0.0017338203033432364
0.4113986507904578,1.0039259195327759,0.0016899787588045
0.41151055958009075,1.0022004842758179,0.0016865080688148737
0.41152023913884406,1.0005943775177002,0.0016887219389900565
0.41156470405026824,1.024300217628479,0.0016962889349088073
0.41163162278540844,0.9948404431343079,0.0016832866240292788
0.411651020033849,1.0037009716033936,0.0017096815863624215
0.41173239256218175,0.9999735355377197,0.001687635201960802
0.41178461657971677,1.0057231187820435,0.0016960426000878215
0.4118894208675693,1.0141055583953857,0.0016925771487876773
0.4119094745615822,1.0054702758789062,0.0016909883124753833
0.4119352307577726,0.9966781735420227,0.0017062900587916374
0.41202434169497837,1.0022157430648804,0.0016866476507857442
0.4121063007852588,1.0183056592941284,0.0016915096202865243
0.4121280941765004,1.0028811693191528,0.0016869810642674565
0.4121695605408301,1.0122867822647095,0.001714179990813136
0.412266968436123,1.0035927295684814,0.001686406903900206
0.41229759912413655,0.9956133961677551,0.0016881327610462904
0.4123047563335269,1.024174451828003,0.0017327896784991026
0.4124158602784366,1.0041536092758179,0.0016876733861863613
0.41241622890623597,1.0126045942306519,0.001692414516583085
0.41247904899713306,1.0021569728851318,0.0016895020380616188
0.41252360285196477,0.9914208054542542,0.001685096649453044
0.41255358722902746,0.9967943429946899,0.0017159160925075412
0.41264326803826556,1.0264160633087158,0.0016906787641346455
0.41267352933722534,0.9947274923324585,0.0017337229801341891
0.4126846311488246,1.0055758953094482,0.0016910298727452755
0.4127965310998215,1.0033942461013794,0.001687292126007378
0.4128062238089514,0.9978850483894348,0.0016879633767530322
0.41285066457559805,1.0272904634475708,0.0016983458772301674
0.4129176119817799,1.0011224746704102,0.0016880069160833955
0.41293699629626257,1.0047636032104492,0.0017106073210015893
0.4130183576141967,0.9984765648841858,0.001686492352746427
0.41307059564399307,1.0031764507293701,0.0016953082522377372
0.41317539066268805,1.014549732208252,0.0016925133531913161
0.4131954577218119,1.0031213760375977,0.001689995639026165
0.4132211899890118,0.9990846514701843,0.0017074981005862355
0.4133103291667378,0.9991307854652405,0.001686571165919304
0.41339226411329344,1.0225648880004883,0.00169401487801224
0.4134140872526171,1.0054619312286377,0.001688147895038128
0.4134555383124896,1.0133819580078125,0.001714253448881209
0.4135529365062087,1.007264494895935,0.0016886438243091106
0.4135835809911178,0.9958978295326233,0.0016885240329429507
0.4135907142715177,1.0217516422271729,0.00173188338521868
0.4137018464573686,1.0049891471862793,0.0016884596552699804
0.4137022021497365,1.01177179813385,0.0016914535081014037
0.41376501081529016,0.9958041906356812,0.001686879200860858
0.4138095939891563,0.9950916171073914,0.001686168136075139
0.4138395639225939,0.9973452687263489,0.0017156732501462102
0.4139292343841606,1.0246161222457886,0.0016927310498431325
0.4139594866289078,0.9964942336082458,0.0017345065716654062
0.4139706115071914,1.004786491394043,0.0016899768961593509
0.4140825024039758,1.0032176971435547,0.001687662210315466
0.41409220847779526,1.0018118619918823,0.0016895440639927983
0.41413662510050675,1.023655652999878,0.0016956367762759328
0.41422297255825513,1.0028963088989258,0.001709223841316998
0.4143043224510564,0.9989179372787476,0.0016858875751495361
0.4143565747091117,1.0062114000320435,0.0016969924326986074
0.41446136024138824,1.0156559944152832,0.0016932483995333314
0.41448144088288374,1.0040053129196167,0.0016898963367566466
0.4145071492210931,0.9987043142318726,0.0017071202164515853
0.4145963168534422,0.9985191822052002,0.001685942173935473
0.41467822765606244,1.0251694917678833,0.0016951343277469277
0.41470008032999695,1.0069624185562134,0.0016882276395335793
0.4147415160830966,1.0139787197113037,0.0017150593921542168
0.41483890457587347,1.005430817604065,0.0016873840941116214
0.4148695626421015,0.9920841455459595,0.0016865988727658987
0.4148766722099295,1.0243027210235596,0.0017324276268482208
0.41498783242030335,1.002927541732788,0.0016874222783371806
0.4149881756092346,1.0113352537155151,0.0016909557161852717
0.4150509728498659,1.0011974573135376,0.0016886460362002254
0.41509558491035015,0.9914971590042114,0.0016851481050252914
0.4151255406161606,0.9972567558288574,0.0017153407679870725
0.415215200945211,1.0264241695404053,0.0016927439719438553
0.41524544392016893,0.9940377473831177,0.0017339397454634309
0.4152565918651374,1.0041446685791016,0.0016906120581552386
0.41536847392370646,0.9989138841629028,0.0016862144693732262
0.4153781929312734,0.999864935874939,0.0016884634969756007
0.41542258562583645,1.0277223587036133,0.0016990192234516144
0.41548959037599653,1.0014768838882446,0.0016869623214006424
0.4155089488206686,0.9992616176605225,0.0017086057923734188
0.4155902875034925,1.0031391382217407,0.0016884763026610017
0.4156425537740195,1.0011142492294312,0.0016946984687820077
0.4157473300354545,1.0134755373001099,0.0016917429165914655
0.4157674240429029,1.0074834823608398,0.0016924842493608594
0.4157931084521219,0.9979280233383179,0.0017071632901206613
0.4158823043258332,1.001335620880127,0.0016870649997144938
0.4159641909838865,1.0220290422439575,0.0016929574776440859
0.4159860734075872,1.0040180683135986,0.0016878115711733699
0.4160274938545455,1.0145671367645264,0.001714911195449531
0.41612487264659104,1.003900408744812,0.0016863904893398285
0.41615554450908276,0.996810793876648,0.0016885752556845546
0.4161626301483413,1.0212293863296509,0.0017329598776996136
0.4162738185979722,1.005339503288269,0.0016889554681256413
0.4162741490687327,1.0094932317733765,0.0016911780694499612
0.41633693488338885,0.9975616335868835,0.0016871648840606213
0.4163815758311229,0.9921084642410278,0.0016855288995429873
0.41641151730993753,0.9965076446533203,0.001715700956992805
0.41650116750626154,1.0267436504364014,0.0016937640029937029
0.4165314012118514,0.9987106323242188,0.0017361846985295415
0.4165425722230832,1.003202199935913,0.0016893133288249373
0.4166544454434372,1.0026390552520752,0.0016862566117197275
0.41666417760117025,1.004839539527893,0.001690060831606388
0.41670854615116604,1.0298681259155273,0.0016997632337734103
0.41677557957173617,1.0014022588729858,0.0016859470633789897
0.41679492508308225,1.004608392715454,0.001709780073724687
0.41687625233993086,1.0000118017196655,0.0016869070241227746
0.4169285328382958,1.0052942037582397,0.001695582759566605
0.4170332996152073,1.0108140707015991,0.001691513112746179
0.4170534074193405,1.0024898052215576,0.0016902780625969172
0.41707906746841616,0.9944528341293335,0.0017061657272279263
0.4171682920140113,1.0016127824783325,0.0016871748957782984
0.4172501545272872,1.021470308303833,0.0016939803026616573
0.417272066268759,1.0039725303649902,0.0016874129651114345
0.4173134714099971,1.0144649744033813,0.0017153123626485467
0.41741084071646617,1.008348822593689,0.0016889764228835702
0.41744152616090857,0.9938157796859741,0.0016871873522177339
0.4174485883019087,1.0253702402114868,0.0017322464846074581
0.4175598045613278,1.0025835037231445,0.0016879293834790587
0.41756012252865193,1.0115792751312256,0.0016912500141188502
0.41762289670238817,1.001623272895813,0.0016888536047190428
0.41766756675231687,0.9940730333328247,0.0016861993353813887
0.4176974940028725,0.9962957501411438,0.0017158201662823558
0.4177871338513145,1.02450692653656,0.0016915310407057405
0.4178173587191102,0.993478000164032,0.0017331283306702971
0.417828552580608,1.0083513259887695,0.0016916993772611022
0.4179404167463284,1.0004096031188965,0.0016859841998666525
0.41795016227127735,1.0018671751022339,0.0016893092542886734
0.41799450667607474,1.0280604362487793,0.00169848941732198
0.4180615685525312,0.9999658465385437,0.0016867336817085743
0.4180809013454958,1.0049067735671997,0.0017102175625041127
0.4181622173923669,1.0001496076583862,0.0016871728003025055
0.41821451168699586,1.0003888607025146,0.0016948920674622059
0.41831926941032627,1.0138587951660156,0.0016920164925977588
0.41833939057978076,1.0030944347381592,0.0016902332426980138
0.41836502670049747,0.9958851337432861,0.0017068141605705023
0.41845427948661307,0.9985693097114563,0.001686246134340763
0.41853611785469014,1.020925521850586,0.0016941080102697015
0.418558059345718,1.0077533721923828,0.0016885680379346013
0.4185994491810249,1.0124750137329102,0.001714968355372548
0.41869680878697324,1.0028935670852661,0.0016864509088918567
0.41872750802831094,0.9976898431777954,0.0016888127429410815
0.41873454624032047,1.024775743484497,0.001734845689497888
0.41884579074026007,1.0042418241500854,0.001688292482867837
0.41884609598857103,1.0108340978622437,0.0016913197468966246
0.4189088587369637,1.0023874044418335,0.0016893880674615502
0.4189535576739317,0.9906150102615356,0.0016848305240273476
0.41898347069517583,0.9983218908309937,0.001715486985631287
0.4190731004123647,1.0309438705444336,0.0016945822862908244
0.41910331601037165,0.9981874227523804,0.0017358481418341398
0.4191145329389748,1.0097510814666748,0.0016923935618251562
0.4192263882656381,1.0011147260665894,0.0016868783859536052
0.41923614694138456,0.9987454414367676,0.0016884675715118647
0.41928046720140444,1.0279031991958618,0.001697682891972363
0.41934755774974475,0.9991008639335632,0.0016862768679857254
0.41936687760748814,1.002036213874817,0.00170898565556854
0.4194481822292264,1.0008482933044434,0.0016877015586942434
0.41950049075148266,1.0041648149490356,0.0016957822954282165
0.41960523898902646,1.0144801139831543,0.001692671445198357
0.419625373740221,1.0027648210525513,0.0016894647851586342
0.41965098593173666,0.9963431358337402,0.0017066518776118755
0.419740266958162,0.9968999624252319,0.0016849417006596923
0.41982208139809063,1.0204838514328003,0.0016936734318733215
0.41984405242225553,1.001792311668396,0.0016861532349139452
0.4198854269524738,1.0134050846099854,0.0017153909429907799
0.4199827768574802,1.0054837465286255,0.0016863257624208927
0.42001348967971563,0.9951786994934082,0.0016880771145224571
0.42002050417873227,1.0234988927841187,0.0017316285520792007
0.42013177670382607,1.0075933933258057,0.0016893536085262895
0.42013206944785875,1.0144011974334717,0.0016917637549340725
0.42019482077048687,0.9958962798118591,0.0016861588228493929
0.42023954837997024,0.9913451671600342,0.0016850850079208612
0.4202694473887425,0.99983149766922,0.0017169088823720813
0.4203590667582596,1.0223056077957153,0.0016908366233110428
0.4203892733020538,0.993247926235199,0.001733514596708119
0.42040051329755235,1.0004676580429077,0.0016891781706362963
0.42051235978536883,1.0029025077819824,0.0016879731556400657
0.4205221313944417,1.0020034313201904,0.001689524040557444
0.42056642772673425,1.026734709739685,0.0016970194410532713
0.4206335469467477,1.0007209777832031,0.0016863568453118205
0.4206528538686387,1.0015387535095215,0.0017097617965191603
0.42073414728124137,1.0020092725753784,0.001688802964054048
0.42078646981639056,1.0009657144546509,0.0016938012558966875
0.4208912087843558,1.0158576965332031,0.001692470395937562
0.4209113569010823,1.0033546686172485,0.0016900341724976897
0.4209369449480309,0.9984486103057861,0.0017078669043257833
0.4210262546448664,0.9996323585510254,0.0016861765179783106
0.4211080447254938,1.0233968496322632,0.0016945232637226582
0.421130045499846,1.0055779218673706,0.0016877836314961314
0.4211714047230809,1.0107080936431885,0.0017133867368102074
0.42126874492756594,1.006831407546997,0.0016884817741811275
0.4212994715462759,0.993654727935791,0.001686764881014824
0.42130646211672307,1.0215784311294556,0.001730383955873549
0.42141776288212673,1.0017973184585571,0.0016873304266482592
0.4214180426924119,1.0128406286239624,0.0016912309220060706
0.42148078258927557,1.0005384683609009,0.0016885923687368631
0.421525539300322,0.9938574433326721,0.0016861625481396914
0.42155542408251945,0.9974215626716614,0.0017158539267256856
0.42164503331973113,1.0290136337280273,0.0016947290860116482
0.42167523059373624,0.994026243686676,0.0017344063380733132
0.42168649365528765,1.006369709968567,0.0016916521126404405
0.42179833108910214,0.999160885810852,0.0016850499669089913
0.4218081160637067,1.0013339519500732,0.0016893098363652825
0.42185238825164295,1.0267919301986694,0.001697720610536635
0.42191953614290867,0.9975012540817261,0.0016860628966242075
0.42193883013105216,1.0038690567016602,0.0017093607457354665
0.42202011211746926,0.9998683333396912,0.0016864323988556862
0.422072448665722,1.0070565938949585,0.0016985853435471654
0.4221771783641086,1.0187417268753052,0.0016944765811786056
0.42219734006110154,1.006267786026001,0.001691896002739668
0.4222229041801122,0.9944013953208923,0.00170592509675771
0.422312242117468,0.9971655607223511,0.0016862484626471996
0.42239400805247573,1.0240228176116943,0.001694684149697423
0.42241603857743626,1.0037425756454468,0.001686402945779264
0.4224573824947403,1.0139713287353516,0.0017149689374491572
0.422554712998073,1.0049033164978027,0.001686622155830264
0.4225854531976806,0.9955510497093201,0.0016882929485291243
0.42259242005450337,1.0220614671707153,0.0017326318193227053
0.42270374884421913,1.0064918994903564,0.0016889915568754077
0.4227040161514889,1.014595627784729,0.0016921388451009989
0.4227667446238511,1.0046374797821045,0.0016901008784770966
0.42281153022151585,0.9903512597084045,0.00168522575404495
0.4228414007754544,0.9964755177497864,0.0017151669599115849
0.4229309996656262,1.0279937982559204,0.0016926139360293746
0.42296118810099503,0.99333256483078,0.001734056742861867
0.42297247401323346,1.0060147047042847,0.001691158046014607
0.4230843026088328,1.0022696256637573,0.0016876363661140203
0.42309410073381404,0.9966933727264404,0.0016875520814210176
0.4232055253388589,1.002037763595581,0.001687446958385408
0.4232248063936762,1.0024672746658325,0.0017094820505008101
0.4233060771692737,1.0008611679077148,0.0016878346214070916
0.42335842773020893,1.001704454421997,0.0016922379145398736
0.4234631481592275,1.0146050453186035,0.0016933532897382975
0.4234833232221733,1.0038834810256958,0.0016898809699341655
0.4235088634121935,0.9963538646697998,0.0017064756248146296
0.423598229805646,0.996712863445282,0.0016851064283400774
0.42367997159608706,1.0218536853790283,0.001693305792286992
0.4237020314379766,1.0042651891708374,0.0016875023720785975
0.4237433602663999,1.0109044313430786,0.0017140444833785295
0.4238406808525822,1.0051243305206299,0.0016879859613254666
0.4238714348490854,0.994048535823822,0.0016873421845957637
0.4238783782078601,1.0257009267807007,0.0017339721089228988
0.4239897350231512,1.001355528831482,0.001687392359599471
0.4239899896109871,1.01569664478302,0.0016922405920922756
0.42405270665758477,0.9992747902870178,0.0016874521970748901
0.42409752114313093,0.9899885654449463,0.0016847471706569195
0.42412737746902107,0.9954139590263367,0.001714389305561781
0.4242169662273082,1.0264774560928345,0.0016923046205192804
0.4242471453922565,0.9913753271102905,0.001732781296595931
0.42425845437075815,1.0067191123962402,0.001690901117399335
0.4243702739129871,1.0012379884719849,0.0016858369344845414
0.4243800851872922,1.0016459226608276,0.0016897906316444278
0.42442430930103914,1.0263720750808716,0.0016952058067545295
0.42449151432049614,0.9985436201095581,0.0016854070127010345
0.4245107826554583,1.003066897392273,0.0017098247772082686
0.42459204200613343,1.0005379915237427,0.0016879335744306445
0.42464440679427473,1.0022865533828735,0.0016951282741501927
0.42474911773813817,1.0148322582244873,0.0016928419936448336
0.42476930638240284,1.0029863119125366,0.001690091798081994
0.42479482242764577,0.9947932958602905,0.0017061642138287425
0.42488421727719516,0.9988164305686951,0.001686275820247829
0.4249659349232794,1.0217047929763794,0.001693829195573926
0.4249880245147247,1.0058859586715698,0.001687543815933168
0.4250293380365857,1.0120840072631836,0.0017145952442660928
0.42512664892245766,1.0002903938293457,0.0016849893145263195
0.42515741671648766,0.9915809631347656,0.0016874236753210425
0.425164336146272,1.0230339765548706,0.0017329665133729577
0.4252757209867175,1.003917932510376,0.0016880249604582787
0.4252759630709062,1.0145015716552734,0.0016920085763558745
0.4253386684759525,0.9995879530906677,0.001687858602963388
0.4253835120643247,0.9951015710830688,0.0016864871140569448
0.4254133541621665,1.000913381576538,0.0017175228567793965
0.4255029327877271,1.0274728536605835,0.001692481222562492
0.42553310268267563,0.9972264766693115,0.0017355355666950345
0.42554443472870396,1.004626750946045,0.0016906678210943937
0.42565624543271785,1.0020290613174438,0.0016871197149157524
0.4256660698571888,0.9981050491333008,0.0016881232149899006
0.42571026982636884,1.025192379951477,0.0016957320040091872
0.4257967589178717,1.0008938312530518,0.0017089174361899495
0.4258780070585695,1.000259280204773,0.0016870953841134906
0.42593038585876175,1.00474214553833,0.001695214188657701
0.4260350873166281,1.0138200521469116,0.0016919448971748352
0.42605528932642445,1.0031628608703613,0.0016904682852327824
0.42608078165825314,0.9959089159965515,0.0017066884320229292
0.4261702049647417,1.0002377033233643,0.0016867131926119328
0.42625189846668,1.0224179029464722,0.0016936014872044325
0.4262740175923151,1.0062025785446167,0.001687108539044857
0.42631531559161595,1.0107959508895874,0.0017136898823082447
0.4264126169931749,1.0051038265228271,0.001686832751147449
0.4264433983683137,0.989120602607727,0.001685522380284965
0.4264502940846838,1.0234906673431396,0.0017328294925391674
0.42656170716501796,1.0019487142562866,0.0016874242573976517
0.42656193631482786,1.013500690460205,0.0016922929789870977
0.4266246305094754,1.001055359840393,0.0016887006349861622
0.42666950298593975,0.9917840361595154,0.0016849585808813572
0.42669933085510137,0.9977446794509888,0.0017158685950562358
0.42678889913277995,1.0298947095870972,0.0016946987016126513
0.4268190599743581,0.9949288964271545,0.001734104473143816
0.42683041508707076,1.0066052675247192,0.0016916600288823247
0.42694221673645116,1.0046305656433105,0.00168752227909863
0.4269520545266645,1.0007292032241821,0.0016894786385819316
0.42699623035169865,1.031940221786499,0.001701145083643496
0.42706349271387045,0.996526837348938,0.0016817543655633926
0.4270827351798643,1.0023137331008911,0.001709027448669076
0.4271639718950079,1.0016335248947144,0.0016887026140466332
0.4272163647080931,1.0068907737731934,0.0016972454031929374
0.42732105711174684,1.0156811475753784,0.0016927532851696014
0.4273412724874962,1.0046402215957642,0.0016910978592932224
0.42736674089033444,0.9978765845298767,0.0017067895969375968
0.4274561924365011,0.9995899796485901,0.001685059629380703
0.42753786179471465,1.0231300592422485,0.0016934069572016597
0.4275600104532764,1.00697660446167,0.0016883829375728965
0.42760129336327557,1.0147870779037476,0.0017153569497168064
0.42769858506283986,1.0065276622772217,0.001688122283667326
0.42772938023571605,0.994769811630249,0.001687741605564952
0.4277362520226746,1.0211199522018433,0.0017283828929066658
0.4278476931279527,1.00543212890625,0.001688628806732595
0.42784790977474696,1.0123965740203857,0.0016914947191253304
0.4279105923284747,1.0002014636993408,0.0016882906202226877
0.4279554939071335,0.9909752607345581,0.0016848231898620725
0.42798530754887865,0.9977940320968628,0.0017145281890407205
0.42807486569425124,1.0296924114227295,0.0016955630853772163
0.4281050174816168,0.994580864906311,0.0017346759559586644
0.4281163954454378,1.0093961954116821,0.0016922715585678816
0.4282281882549186,1.0017088651657104,0.0016861231997609138
0.4282380389805637,1.0024203062057495,0.0016889807302504778
0.42828219087660735,1.0273737907409668,0.0016958621563389897
0.4283494819102419,0.9986379146575928,0.0016866127261891961
0.42836871144164634,1.001684308052063,0.0017097635427489877
0.4284499367318674,0.9983104467391968,0.0016854191198945045
0.4285023437730009,1.0023833513259888,0.0016954883467406034
0.42860702669128914,1.0132960081100464,0.0016924868104979396
0.4286272556485681,1.0038102865219116,0.0016904741059988737
0.4286526999068393,0.9989652037620544,0.001708000898361206
0.42874218012467913,0.9998900890350342,0.0016863651107996702
0.42882382533748364,1.0251200199127197,0.0016950295539572835
0.42884600353065616,1.0055066347122192,0.0016871700063347816
0.4288872711349351,1.0110182762145996,0.0017135946545749903
0.4289845531333466,1.0052909851074219,0.001687031821347773
0.42901536188712075,0.9984880685806274,0.0016894906293600798
0.42913367909046607,1.0028338432312012,0.0016884112264961004
0.42913388323466617,1.0151846408843994,0.0016924375668168068
0.42919655436305026,1.0007176399230957,0.0016884515061974525
0.42924148482790636,0.9929940700531006,0.001685376395471394
0.429271284241603,0.9966909885406494,0.0017158507835119963
0.4293608320397252,1.0248534679412842,0.0016911202110350132
0.42939097477287824,0.9931089878082275,0.0017339660553261638
0.4294023758040152,1.0077491998672485,0.0016911450074985623
0.4295141595590729,1.0055530071258545,0.0016877539455890656
0.4295240236504603,0.9998401999473572,0.0016882928321138024
0.42956815140193716,1.0252106189727783,0.001696669845841825
0.42963547089124743,1.006184697151184,0.0016879751347005367
0.4296546877042703,1.003745436668396,0.00171001220587641
0.42973590178430343,0.9988273978233337,0.001687282114289701
0.4297883228374879,1.0040614604949951,0.0016945755342021585
0.4298929964857764,1.0152196884155273,0.0016926536336541176
0.42991323880942933,1.0022529363632202,0.0016887092497199774
0.429938659137868,0.9943529367446899,0.0017054639756679535
0.4300281675970702,0.9974779486656189,0.001685688621364534
0.4301097886653079,1.0227991342544556,0.0016940425848588347
0.43013199660761503,1.0037381649017334,0.0016871613916009665
0.4301732489063841,1.016794204711914,0.0017157631227746606
0.43027052120406417,1.006300449371338,0.0016868310049176216
0.43030134353768346,0.9954096078872681,0.0016880222829058766
0.4303081678994982,1.0275706052780151,0.0017338806064799428
0.43041966526960895,1.0045602321624756,0.0016879378817975521
0.43041985647858794,1.0158971548080444,0.0016930424608290195
0.43048251618099687,1.0025303363800049,0.0016905261436477304
0.4305274757495213,0.9932276010513306,0.0016861488111317158
0.4305572607198035,0.9980843663215637,0.0017161474097520113
0.4306467986011967,1.0261160135269165,0.0016922270879149437
0.4306769320645605,0.993286669254303,0.0017342474311590195
0.4306883561617504,1.011130452156067,0.0016932887956500053
0.43080013107880377,1.003333568572998,0.0016879949253052473
0.43081000810393844,1.0004112720489502,0.0016893205465748906
0.43085411192726686,1.0292370319366455,0.0016989086288958788
0.4309214600882505,0.9984363317489624,0.001685130875557661
0.43094066396584185,0.9996002316474915,0.0017085542203858495
0.4310218666207418,1.0040136575698853,0.001688996097072959
0.43107430168681926,1.0036848783493042,0.001694939681328833
0.4311789660655292,1.0113619565963745,0.0016910225385800004
0.4311992219702906,1.0009472370147705,0.0016899693291634321
0.4312246183697388,0.998697817325592,0.0017082176636904478
0.43131415506882986,1.0009351968765259,0.0016868842067196965
0.43139575199271085,1.0185624361038208,0.0016920125344768167
0.43141798946899745,1.006487488746643,0.001688253483735025
0.4314592266772015,1.013477087020874,0.0017148304032161832
0.43155648905836286,1.005290150642395,0.0016873031854629517
0.4315873254050858,0.9953756928443909,0.001688305288553238
0.4315941258381206,1.0231850147247314,0.0017316547455266118
0.43170565123317495,1.0007140636444092,0.0016880887560546398
0.4317058299376648,1.0113041400909424,0.0016915153246372938
0.4317684782155726,0.9986761212348938,0.0016878758324310184
0.4318134666707152,0.988173246383667,0.0016844153869897127
0.43193276494709176,1.0272129774093628,0.0016944212839007378
0.43196288935624294,0.9958611726760864,0.0017349390545859933
0.4319743365188542,1.0057557821273804,0.0016905966913327575
0.43208610238253686,1.0020414590835571,0.0016863334458321333
0.43209599277404576,1.0006399154663086,0.0016892909770831466
0.4321400722370201,1.0318782329559326,0.0016986433183774352
0.43220744928525345,1.0028021335601807,0.001687347306869924
0.4322266402282555,1.0030584335327148,0.0017097133677452803
0.43230783145697005,0.996642529964447,0.0016862371703609824
0.4323602807513063,1.0040593147277832,0.0016962155932560563
0.4324649356450715,1.0166200399398804,0.0016939009074121714
0.43248520512988875,1.001400351524353,0.001689162920229137
0.43251057738624354,0.9961157441139221,0.0017074421048164368
0.4326001427561659,0.9960566163063049,0.0016848149243742228
0.43268171553547974,1.0264450311660767,0.0016962732188403606
0.4327039825463771,1.0075411796569824,0.0016879915492609143
0.43274520423244234,1.00850248336792,0.0017131214262917638
0.4328424571284488,1.0057028532028198,0.0016873815329745412
0.4328733070569115,0.9921702742576599,0.0016874570865184069
0.4328800839923195,1.0263680219650269,0.0017332424176856875
0.4329916374112649,1.0067483186721802,0.0016893040155991912
0.43299180339716303,1.0137015581130981,0.0016917232424020767
0.43305444025014816,0.9980670809745789,0.0016871750121936202
0.43309945759233004,0.9928200840950012,0.0016853947890922427
0.43321873150877377,1.024897813796997,0.0016923161456361413
0.4332488466479252,0.9925504922866821,0.0017337303142994642
0.4332603168772212,1.007330298423767,0.0016912053106352687
0.4333720739022676,1.004944920539856,0.0016888909740373492
0.43338197744415274,0.9988749027252197,0.0016878247261047363
0.4334260327619286,1.0275980234146118,0.001697086845524609
0.4334934384818353,0.9991474747657776,0.0016865161014720798
0.43351261649087935,0.9984159469604492,0.0017087868181988597
0.4335937965087745,1.0010337829589844,0.0016882303170859814
0.4336462598149511,1.0045521259307861,0.001695448299869895
0.43375090543934824,1.015303134918213,0.0016932772705331445
0.433771188290329,1.0044201612472534,0.0016916048480197787
0.43379653661832485,1.0004215240478516,0.0017078288365155458
0.4338861302281358,0.9967533946037292,0.0016856702277436852
0.4339676788635145,1.0198737382888794,0.0016919623594731092
0.43398997562291497,1.0054885149002075,0.0016873701242730021
0.43403118200347035,1.0104156732559204,0.0017137064132839441
0.43412842519811357,1.0039771795272827,0.0016871476545929909
0.4341592887083163,0.9957719445228577,0.0016883014468476176
0.43416604192946817,1.0312143564224243,0.0017355578020215034
0.4342776233741996,1.0033690929412842,0.0016872100532054901
0.4342777766415058,1.0120277404785156,0.001691202400252223
0.43434040206893687,1.0025461912155151,0.0016892752610147
0.43438544829794756,0.9926993250846863,0.001685714814811945
0.4345348041553947,0.9927398562431335,0.0017343356739729643
0.4345462972357985,1.008386254310608,0.0016919429181143641
0.43465804520642193,0.9997085332870483,0.0016859452007338405
0.4346679618972099,1.0019830465316772,0.0016897583846002817
0.4347119932859952,1.0314254760742188,0.0016998073551803827
0.4347794274624197,0.9995914697647095,0.0016857862938195467
0.4347985927522404,0.9981351494789124,0.0017082685371860862
0.434879761345634,0.9972886443138123,0.0016861693002283573
0.43493223866428243,1.0018750429153442,0.0016936800675466657
0.43503687501846966,1.0118553638458252,0.0016922546783462167
0.43505717145119027,0.9993728399276733,0.001688842079602182
0.4350824956346191,0.9968200325965881,0.001707583200186491
0.4351721176996848,0.9957948923110962,0.0016847992083057761
0.435253642406073,1.0254554748535156,0.0016946945106610656
0.4352759684849289,1.0084611177444458,0.0016887489473447204
0.43531715977407726,1.0167614221572876,0.001716138212941587
0.435414393268831,1.0046621561050415,0.001686956500634551
0.4354452705748766,0.9951937794685364,0.0016878475435078144
0.435451999867038,1.0238947868347168,0.001732527045533061
0.43556360933713434,1.0066697597503662,0.0016889616381376982
0.435563750101425,1.0128428936004639,0.0016923588700592518
0.43562636410246003,0.9955322742462158,0.001686042407527566
0.4356714392182992,0.9910429120063782,0.001685343449935317
0.4357011674923854,0.9969416856765747,0.0017159939743578434
0.4358207614464453,0.9955927133560181,0.0017354110023006797
0.4358322775935338,1.0061113834381104,0.001691197045147419
0.43594401672573146,1.002150297164917,0.001684778486378491
0.4359539465664751,0.9992754459381104,0.0016887295059859753
0.435997953811325,1.0277185440063477,0.0016974875470623374
0.43606541665900167,0.998920202255249,0.001686052535660565
0.43608456901381176,1.0005836486816406,0.001708125346340239
0.436165726182704,1.000166654586792,0.0016874432330951095
0.43621821772919045,1.0046443939208984,0.00169619161169976
0.43632284459759085,1.013991355895996,0.0016923800576478243
0.4363431546112093,1.0063968896865845,0.0016917424509301782
0.4363684548658584,0.993504524230957,0.0017060168320313096
0.4364581053878628,0.9957854747772217,0.0016846335493028164
0.43653960573389716,1.0244675874710083,0.0016951852012425661
0.43656196156167704,1.006211519241333,0.001686799805611372
0.4366031375457369,1.010981559753418,0.0017141058342531323
0.43670036112397204,1.0078403949737549,0.0016881662886589766
0.4367312522262813,0.9953911304473877,0.0016881144838407636
0.43673795780566027,1.0254884958267212,0.0017331321723759174
0.4368495955152243,1.0044318437576294,0.001687941257841885
0.4368497235609231,1.0128915309906006,0.0016921617789193988
0.436912325920196,1.0013155937194824,0.0016891511622816324
0.4369574301399143,0.9917926788330078,0.0016855164431035519
0.4369871441861626,0.996015191078186,0.001715854275971651
0.4371067187381278,0.9932550191879272,0.0017334901494905353
0.43711825773590307,1.0089101791381836,0.0016912161372601986
0.4372299880292543,1.002002477645874,0.0016867086524143815
0.43723993102100567,1.0013165473937988,0.001688869670033455
0.4372839143366547,1.0292861461639404,0.001699761371128261
0.43735140585537324,1.0003013610839844,0.0016866782680153847
0.43737054527622543,0.9989346861839294,0.001707862364128232
0.43745169123450844,1.0027531385421753,0.0016883919015526772
0.43750419679409835,1.0056414604187012,0.0016956249019131064
0.4376088143927097,1.0158255100250244,0.0016930325655266643
0.4376291377722811,1.0019750595092773,0.0016897883033379912
0.43765441388152104,0.999420702457428,0.001708187977783382
0.43774409286046456,0.999203622341156,0.0016868570819497108
0.4378255690619317,1.0259827375411987,0.0016944940434768796
0.4378479546377938,1.0056406259536743,0.0016873483546078205
0.43788911531739627,1.0143208503723145,0.001715051825158298
0.4379863291936368,1.0071020126342773,0.0016874436987563968
0.4380172338781071,0.9950947761535645,0.0016882590716704726
0.43802391574344035,1.0269123315811157,0.0017351872520521283
0.4381355814785798,1.0066009759902954,0.0016896312590688467
0.43813569680526576,1.0186296701431274,0.0016935649327933788
0.4381982879547718,1.0030851364135742,0.001689417753368616
0.43824342106152914,0.9933709502220154,0.0016858178423717618
0.43827312087972903,1.0011980533599854,0.0017177386907860637
0.43839267602938903,0.9913598299026489,0.0017333425348624587
0.438404238093428,1.0063883066177368,0.0016913285944610834
0.43851595954835354,1.0044705867767334,0.0016874202992767096
0.4385259156909025,0.9963518381118774,0.0016877737361937761
0.4385698748615634,1.0276368856430054,0.0016976508777588606
0.43863739483701025,0.9991199374198914,0.0016859287861734629
0.4386565215388495,0.9983927011489868,0.0017085405997931957
0.43873765607136783,1.0010873079299927,0.0016878065653145313
0.4387901756430086,1.0076944828033447,0.001696484163403511
0.438894783972252,1.0176408290863037,0.0016932100988924503
0.43891512093251084,1.0034598112106323,0.0016902143834158778
0.43894037311297085,0.9963746666908264,0.0017065734136849642
0.4390300803320135,0.9963088035583496,0.0016848152736201882
0.4391115326047006,1.0251915454864502,0.0016947927651926875
0.4391339474998075,1.0079833269119263,0.0016884265933185816
0.43917509287326884,1.0154976844787598,0.0017154457746073604
0.43927229726435424,1.0058904886245728,0.0016875856090337038
0.43930321574550946,0.993236243724823,0.001687337295152247
0.43930987368185237,1.0255863666534424,0.001731098280288279
0.43942156765772256,1.0040135383605957,0.0016884679207578301
0.43942167026476386,1.0138734579086304,0.0016923625953495502
0.4394842497735605,1.0001559257507324,0.0016882350901141763
0.439529411982723,0.9919497966766357,0.0016853242414072156
0.4395590975724535,0.9965644478797913,0.0017153905937448144
0.4396786335353846,0.9911014437675476,0.0017339821206405759
0.4396902184520054,1.0075770616531372,0.0016915358137339354
0.43980193085250785,1.0067644119262695,0.0016892636194825172
0.43981190014522265,1.000368595123291,0.001688412856310606
0.439855835386893,1.0315905809402466,0.0017002796521410346
0.4399233840331712,0.9999761581420898,0.0016862106276676059
0.43994249780147365,0.9980680346488953,0.0017091393237933517
0.44002362090822755,0.997151255607605,0.0016868342645466328
0.4400761547066536,1.0029507875442505,0.0016946387477219105
0.4401807535513734,1.0139399766921997,0.0016925985692068934
0.4402011040929511,1.005704402923584,0.0016911914572119713
0.44022633234399955,0.9955390691757202,0.001706383773125708
0.44031606801956,0.9994114637374878,0.0016859954921528697
0.44039749593252486,1.0230339765548706,0.0016938559710979462
0.440419940577398,1.0075615644454956,0.0016881953924894333
0.44046107064387563,1.010262370109558,0.001713710487820208
0.4405582653350716,1.0052772760391235,0.0016862668562680483
0.44058919739691416,0.9944601058959961,0.001688133692368865
0.4405958316202643,1.0267921686172485,0.001734337187372148
0.44070755362044656,1.0034550428390503,0.0016875063301995397
0.4407076435078434,1.013283133506775,0.001691205776296556
0.4407702118070834,0.9991000294685364,0.0016879052855074406
0.4408154026879194,0.98907470703125,0.001684707822278142
0.4408450742655988,0.9954567551612854,0.0017145469319075346
0.44096459082706707,0.9919474720954895,0.001733886543661356
0.4409761988105827,1.0069844722747803,0.0016922904178500175
0.44108790215666194,1.0027889013290405,0.0016862109769135714
0.44109788481385614,1.0010647773742676,0.0016887095989659429
0.4411417959122227,1.02797532081604,0.0016976746264845133
0.4412093732297532,1.002968192100525,0.0016875647706910968
0.441228474063045,0.9969874620437622,0.0017088919412344694
0.4413095859602426,0.9950027465820312,0.001685197465121746
0.44136213355598497,1.0071502923965454,0.0016971431905403733
0.4414667233464923,1.016111969947815,0.0016930211568251252
0.4414870870382358,1.0002851486206055,0.0016894718864932656
0.4415122913605043,0.998428225517273,0.0017088648164644837
0.4416020554913195,0.9992632865905762,0.0016858186572790146
0.4417059334383593,1.0085021257400513,0.001687920419499278
0.4417470484142719,1.012040376663208,0.0017149345949292183
0.44184423318916,1.0078027248382568,0.0016873911954462528
0.44187517904810836,0.992512047290802,0.0016872120322659612
0.4418817895588866,1.0279607772827148,0.0017335312440991402
0.4419935395833813,1.0053342580795288,0.00168788549490273
0.4419936169677626,1.0161161422729492,0.0016931751742959023
0.4420561736260826,0.9971510171890259,0.0016866865335032344
0.44210139360911316,0.9946854710578918,0.0016861746553331614
0.44225054811874953,0.991692841053009,0.0017345695523545146
0.4422621791681075,1.0067156553268433,0.0016910909907892346
0.4423738736759717,1.0015817880630493,0.0016871606931090355
0.44238386948333186,0.9965294599533081,0.0016872211126610637
0.44242775622197594,1.0288007259368896,0.0016985973343253136
0.4424953622111797,0.9974337220191956,0.0016852113185450435
0.44251445032503756,0.9979278445243835,0.0017082872800529003
0.442595550796681,0.9999942183494568,0.0016871592961251736
0.44264811262089276,1.0080772638320923,0.0016970509896054864
0.4427526929251925,1.0143588781356812,0.0016923811053857207
0.44277307019867607,1.0057692527770996,0.001691531389951706
0.4427982505925856,0.9939708709716797,0.001706823823042214
0.44288804296392104,0.9993848204612732,0.0016858902527019382
0.4429694228033285,1.0200235843658447,0.0016921550268307328
0.44299192651531794,1.0043233633041382,0.0016869945684447885
0.44303302618593166,1.0116835832595825,0.0017142393626272678
0.44313020125924574,1.0059374570846558,0.0016870093531906605
0.4431611609148791,0.9968280792236328,0.001688774791546166
0.44316774749750887,1.026278018951416,0.0017333391588181257
0.44327952554589467,1.0076731443405151,0.0016894236905500293
0.4432795904276817,1.0136500597000122,0.0016923738876357675
0.44334213566065817,1.000456690788269,0.0016885545337572694
0.44338738453072823,0.9907615184783936,0.001685329363681376
0.44353650541043177,0.9911795854568481,0.0017339738551527262
0.443548159526685,1.0070867538452148,0.0016909376718103886
0.443659844980126,1.0037009716033936,0.001687442883849144
0.4436698539376521,0.9939101934432983,0.0016871494008228183
0.44371371674730575,1.0282752513885498,0.001698354841209948
0.4437813514077614,1.0029901266098022,0.0016881065675988793
0.4438004265870299,0.9972761869430542,0.0017081759870052338
0.4438815156326984,1.0008666515350342,0.0016875395085662603
0.4439340916853799,1.0035779476165771,0.001695391838438809
0.4440386625043137,1.0136967897415161,0.0016927450196817517
0.4440590533595373,1.0022832155227661,0.0016907237004488707
0.44408420960887984,0.9975941181182861,0.0017071851762011647
0.44417403065188854,0.9961447715759277,0.0016854540444910526
0.44425538613073146,1.0256845951080322,0.0016954692546278238
0.44427791937648986,1.0060980319976807,0.0016875111032277346
0.444319003741804,1.014392375946045,0.0017152456566691399
0.4444161693291212,1.005969762802124,0.0016872389242053032
0.4444471425662839,0.9910073280334473,0.001686548930592835
0.444453705650655,1.0297449827194214,0.0017350682755932212
0.44456551172503744,1.0042402744293213,0.0016881800256669521
0.4445655636720244,1.0140690803527832,0.0016921560745686293
0.44462809747944687,0.999474287033081,0.001687613781541586
0.4446733754523431,0.9900541305541992,0.0016843534540385008
0.4447030043452459,0.9982829093933105,0.0017158181872218847
0.4448224629179013,0.9928463101387024,0.0017344593070447445
0.44483413988442033,1.007056474685669,0.001690901000984013
0.44494581649943554,1.001488447189331,0.0016867114463821054
0.4449558386067066,0.9997487664222717,0.0016881284536793828
0.44499967727158285,1.0311205387115479,0.0016998504288494587
0.4450673406047645,0.9977886080741882,0.0016854070127010345
0.44508640284860146,0.9997091293334961,0.0017089484026655555
0.44516748068534495,1.0003032684326172,0.0016875069122761488
0.44522007053471113,1.0073844194412231,0.0016961266519501805
0.44532463229943253,1.0150882005691528,0.0016928863478824496
0.4453450365195566,1.0046676397323608,0.0016906537348404527
0.44537016884075065,0.9954472780227661,0.0017066941363736987
0.4454600181230167,0.9995017051696777,0.0016868057427927852
0.4455413494577136,1.0273830890655518,0.0016964467940852046
0.4455639124540802,1.0035017728805542,0.0016869244864210486
0.4456049815126215,1.0170100927352905,0.0017162627773359418
0.44570213739983844,1.0069407224655151,0.0016862746560946107
0.44573312421810996,0.9957827925682068,0.001687927171587944
0.4457396635892773,1.028316855430603,0.0017340561607852578
0.44585149768860355,1.0068843364715576,0.0016897175228223205
0.4458515371319436,1.0164927244186401,0.0016928919358178973
0.44591405951381213,0.9999245405197144,0.0016878367168828845
0.4459593661573288,0.9926439523696899,0.001685809576883912
0.4459889808234465,0.9971087574958801,0.0017156125977635384
0.44610842020895203,0.9946290254592896,0.0017345945816487074
0.4461201200259475,1.0103665590286255,0.0016920693451538682
0.44623178780295836,1.001007318496704,0.0016868410166352987
0.4462418230612374,0.9977983832359314,0.0016881022602319717
0.4463533295853489,0.9975332021713257,0.001685497467406094
0.44645344552241495,0.9986481070518494,0.0016872147098183632
0.44650604959919804,1.0048189163208008,0.001693314639851451
0.4466106018785537,1.0144180059432983,0.0016925646923482418
0.446631019679365,1.0014915466308594,0.0016892129788175225
0.4466561278566239,0.9965358376502991,0.001707401592284441
0.4467460055947762,1.0010318756103516,0.0016859541647136211
0.44682731278574817,1.0230631828308105,0.0016930962447077036
0.4468499053158834,1.0083929300308228,0.0016886080848053098
0.4468909592842809,1.0117533206939697,0.0017141050193458796
0.44698810525476895,1.0054794549942017,0.0016860520699992776
0.4470191060855122,0.9958056211471558,0.0016880710609257221
0.4470256215278997,1.0268174409866333,0.0017331531271338463
0.44713748365069617,1.0076667070388794,0.0016890361439436674
0.44713751037586513,1.0138330459594727,0.0016917214961722493
0.4472000213313375,1.0002719163894653,0.0016875556902959943
0.44724535707831237,0.9901111721992493,0.0016851660329848528
0.44727495751701296,0.9968006610870361,0.0017148206243291497
0.4473943775006344,0.9914671778678894,0.0017331457929685712
0.4474061003843143,1.0067416429519653,0.0016908362740650773
0.44751775910732317,1.0020229816436768,0.0016866824589669704
0.4475278077305026,1.0004533529281616,0.0016887311358004808
0.44757159832161064,1.032166838645935,0.0016990482108667493
0.44763931878129937,0.9989012479782104,0.0016867545200511813
0.44773941035843234,0.9939258694648743,0.001685030059888959
0.4477920284476875,1.0086787939071655,0.001697839004918933
0.44789657145809625,1.0167498588562012,0.0016931211575865746
0.4479170028404368,1.0041024684906006,0.0016900546615943313
0.4479420870884947,0.9980118274688721,0.001707230694591999
0.4480319932829542,0.9979062676429749,0.001685482682660222
0.44811327632935916,1.0218969583511353,0.0016942337388172746
0.4481358983920003,1.0028613805770874,0.0016861333278939128
0.4481769370548878,1.0118684768676758,0.0017138893017545342
0.4482740733244337,1.0058883428573608,0.0016878964379429817
0.448305087737338,0.9933764934539795,0.0016878589522093534
0.4483115794650484,1.0307257175445557,0.001735392608679831
0.4484234698287861,1.0058714151382446,0.0016898004105314612
0.44842348383515274,1.013866662979126,0.0016916700406000018
0.4484859831497052,1.0000977516174316,0.0016881624469533563
0.4485313479999272,0.9944106936454773,0.0016861027106642723
0.4485609342097374,0.997654378414154,0.0017149883788079023
0.4486803347925272,0.9907715916633606,0.0017328155227005482
0.4486920807428917,1.0099825859069824,0.0016925663221627474
0.4488037306262119,0.998672366142273,0.0016853909473866224
0.44881379218440176,0.996688961982727,0.0016877177404239774
0.4488575586309428,1.0308486223220825,0.001698956941254437
0.44892530797851293,1.0009660720825195,0.0016861194744706154
0.44902537519529206,0.9981985092163086,0.0016877297312021255
0.4490780075125953,1.0028793811798096,0.0016946843825280666
0.44918254103763855,1.0166523456573486,0.0016935323365032673
0.44920298600129804,1.0049748420715332,0.0016917039174586535
0.44922804610394684,1.0017187595367432,0.0017090431647375226
0.44931798075534524,0.999299943447113,0.0016859680181369185
0.4493992396563413,1.0272904634475708,0.001695667626336217
0.4494218912531721,1.0068503618240356,0.0016880568582564592
0.44946291461033927,1.0133951902389526,0.0017147898906841874
0.44956004139515116,1.007422685623169,0.0016873199492692947
0.4495910693887427,0.9911406636238098,0.0016869842074811459
0.4495975374026181,1.024290680885315,0.0017323049250990152
0.4497094557923522,1.0072170495986938,0.0016891313716769218
0.4497094570788639,1.0147736072540283,0.0016918262699618936
0.4497719451840705,0.999497652053833,0.001687926473096013
0.4498173389215422,0.9915319085121155,0.0016850720858201385
0.4499662922991544,0.9903611540794373,0.001733236014842987
0.4499780611014692,1.0100903511047363,0.0016922076465561986
0.450089701930366,1.0024223327636719,0.00168752227909863
0.45009977685429836,1.0005627870559692,0.001689012162387371
0.4501435191562725,1.0288729667663574,0.0016989043215289712
0.45021129695993944,1.0035444498062134,0.0016875399742275476
0.4503113402479386,0.999179482460022,0.0016866012010723352
0.45036398657708243,1.0036413669586182,0.0016948700649663806
0.4504685108323363,1.0173835754394531,0.0016942655202001333
0.45048896894658286,1.005023717880249,0.0016900794580578804
0.45051400533476504,0.9995185136795044,0.0017082198755815625
0.4506039682271047,0.9972366094589233,0.0016852441476657987
0.45068520298416526,1.0240182876586914,0.0016932433936744928
0.45070788433076225,1.0090043544769287,0.0016884864307940006
0.45074889238178817,1.0123913288116455,0.0017150656785815954
0.45084600925029217,1.0013500452041626,0.001685997238382697
0.4508770510393054,0.9902039766311646,0.0016859748866409063
0.4508834953412405,1.030461072921753,0.00173473812174052
0.450995430538362,1.0152840614318848,0.0016926239477470517
0.45099544175591844,1.0046743154525757,0.0016886807279661298
0.45105790700222737,0.995826005935669,0.0016864811768755317
0.4511033296271595,0.9925577044487,0.0016856788424775004
0.45113288759602843,0.9929344058036804,0.0017142007127404213
0.45122226142476474,1.0269895792007446,0.0016948598204180598
0.4512522495908369,0.9919780492782593,0.0017340208869427443
0.451264041458994,1.008426547050476,0.0016913635190576315
0.4513756732347308,0.9994593858718872,0.001684727962128818
0.451385761307987,0.9995070099830627,0.001687898300588131
0.4514972861569425,0.9973363876342773,0.0016849051462486386
0.4515973050841665,0.9985725283622742,0.0016863371711224318
0.45164996542641367,1.0054160356521606,0.00169567356351763
0.4517544804110365,1.0156694650650024,0.0016923625953495502
0.4517749521068125,1.0049638748168945,0.001691433135420084
0.4517999643512698,0.9982495903968811,0.0017077719094231725
0.45188995569844326,0.9994975924491882,0.0016867705853655934
0.4519711663122,1.0307565927505493,0.0016973090823739767
0.4519938771925657,1.0081523656845093,0.0016884028445929289
0.4520348701528163,1.0155969858169556,0.0017156312242150307
0.4521319773195358,1.0068986415863037,0.0016881558112800121
0.45216303269113123,0.9954473972320557,0.0016890803817659616
0.4521694532798628,1.0288939476013184,0.0017344476655125618
0.45228140378270487,1.0136497020721436,0.0016915749292820692
0.45228142771927415,1.004076361656189,0.0016886625671759248
0.4523438690368031,0.9958488345146179,0.0016866427613422275
0.45238932054751124,0.9882832169532776,0.0016846263315528631
0.452418864289595,0.9970155954360962,0.0017140676500275731
0.45250822798644674,1.0201928615570068,0.001691930228844285
0.45253820688251933,0.9904594421386719,0.0017336291493847966
0.45255002160052116,1.0058709383010864,0.0016908654943108559
0.4526616447538301,1.0015363693237305,0.0016866690712049603
0.4526717457625178,1.001113772392273,0.0016891894629225135
0.452715440206932,1.0312294960021973,0.0016996788326650858
0.4527832751379479,1.003275752067566,0.0016864112112671137
0.452883269920605,1.0009163618087769,0.0016876322915777564
0.4529359444909006,1.0045496225357056,0.0016948729753494263
0.4530404499901577,1.0153789520263672,0.0016929635312408209
0.4530609352666213,1.002978801727295,0.0016901238122954965
0.4530859235831406,0.9953478574752808,0.0017068913439288735
0.4531759433864109,0.9942784309387207,0.0016843538032844663
0.453257129854969,1.0235880613327026,0.0016927911201491952
0.45327987026910355,1.0059750080108643,0.0016875958535820246
0.45332084770868863,1.012868046760559,0.0017153160879388452
0.4534179451738347,1.003298282623291,0.0016863582422956824
0.4534490145585336,0.9905770421028137,0.001686349743977189
0.4534554112182746,1.0255048274993896,0.001732964999973774
0.45356737724262397,1.0138808488845825,0.001692043268121779
0.4535674138969431,1.0055574178695679,0.0016884937649592757
0.45362983085559183,0.9999326467514038,0.001687735551968217
0.4536753114691263,0.9907881617546082,0.0016853102715685964
0.45370484098231934,0.9979680180549622,0.0017160874558612704
0.4537941943325523,1.0303707122802734,0.0016962578520178795
0.45382416417378046,0.9935900568962097,0.0017351339338347316
0.45383600195909846,1.0094833374023438,0.0016922805225476623
0.4539476160575634,1.0019619464874268,0.001686465460807085
0.4539577304315723,0.9978907108306885,0.001687868731096387
0.4540014007324723,1.027281641960144,0.0016978023340925574
0.45406926433368766,1.0034518241882324,0.001687302254140377
0.4541692347566224,0.9990261793136597,0.0016863889759406447
0.45422192333896894,1.0064404010772705,0.0016956948675215244
0.4543264195697002,1.0157238245010376,0.0016935549210757017
0.45434691842748254,1.0046510696411133,0.001691158046014607
0.45437188259943484,0.9987316727638245,0.0017087198793888092
0.4544619308588018,1.0008167028427124,0.001687297597527504
0.4545430931823722,1.027909278869629,0.0016957856714725494
0.45456586312985414,1.0075160264968872,0.0016877026064321399
0.45460682547929576,1.0137499570846558,0.0017150845378637314
0.45470391324455206,1.0040065050125122,0.0016865981742739677
0.4547349962099383,0.9950148463249207,0.0016879845643416047
0.4547413691558444,1.0296351909637451,0.0017351992428302765
0.4548533504865456,1.0107345581054688,0.0016905670054256916
0.4548533998596671,1.0036793947219849,0.001688776072114706
0.45491579267438054,0.9995980262756348,0.0016880276380106807
0.4549613021751646,0.9941019415855408,0.0016859895549714565
0.4549908176760965,0.9957001805305481,0.0017153581138700247
0.45508016067844725,1.0232245922088623,0.0016938502667471766
0.45511012168061826,0.9902930855751038,0.001733447308652103
0.4551219823176761,1.0105352401733398,0.0016910693375393748
0.4552335873608754,1.0024806261062622,0.001687016454525292
0.45524371488462945,1.0015829801559448,0.0016897591995075345
0.45528736104159395,1.0295172929763794,0.001698853331618011
0.4553552533151142,0.9969345331192017,0.0016848809318616986
0.45545519959369263,1.0015530586242676,0.0016889768885448575
0.45550790240387684,1.005981206893921,0.0016954318853095174
0.4556123891492425,1.0167430639266968,0.0016928270924836397
0.4556329015883438,1.002389669418335,0.00168990483507514
0.45565784183130564,0.993243932723999,0.0017056319629773498
0.4557479183305613,0.9967971444129944,0.001684876042418182
0.4558290565095646,1.0310027599334717,0.0016975132748484612
0.4558518562074446,1.0085723400115967,0.0016884750220924616
0.45589280324969206,1.0143206119537354,0.0017153260996565223
0.455989881315059,1.0027168989181519,0.00168529839720577
0.4560209778611325,0.9912568926811218,0.0016873155254870653
0.4560273270944667,1.0299386978149414,0.0017343066865578294
0.4561393237300462,1.0145072937011719,0.0016919628251343966
0.4561393858232333,1.0046478509902954,0.0016879790928214788
0.4562017547087456,1.0009087324142456,0.0016874887514859438
0.4562472930963586,0.9917575120925903,0.001685846596956253
0.4562767941534549,0.9984806776046753,0.00171608105301857
0.45636612723865566,1.028122901916504,0.0016955694882199168
0.4563960789714586,0.988407552242279,0.0017333496361970901
0.4564079626752008,1.0082851648330688,0.0016915748128667474
0.45651955888081674,1.001463532447815,0.0016856908332556486
0.45652969955473677,0.9959073066711426,0.001687398413196206
0.45657332156692376,1.0280958414077759,0.0016977330669760704
0.45664124251211724,0.9987213015556335,0.0016853422857820988
0.4567411646463392,0.9991374015808105,0.0016868241364136338
0.4567938812532084,1.0098377466201782,0.0016978768398985267
0.45689835894394026,1.0167547464370728,0.0016938034677878022
0.456918884532997,1.0020519495010376,0.0016892706044018269
0.4569438008471789,0.9978718757629395,0.001707885297946632
0.45703390580232073,0.995474100112915,0.0016846744110807776
0.4571150198375994,1.0264132022857666,0.0016953122103586793
0.4571378490692479,1.007391333580017,0.0016874208813533187
0.4571787808057751,1.0138518810272217,0.0017151564825326204
0.45727584916998953,1.0057082176208496,0.0016874871216714382
0.4573069595123268,0.9931730031967163,0.0016870665131136775
0.4573132850330891,1.0271652936935425,0.0017349986592307687
0.4574252971895443,1.0147972106933594,0.0016925144009292126
0.4574253717857468,1.006160020828247,0.0016886129742488265
0.4574877165271133,1.0003008842468262,0.0016873590648174286
0.45753328401755244,0.9904599785804749,0.00168510468211025
0.45756277084660035,0.9968273043632507,0.0017152578802779317
0.4576520935839191,1.026050329208374,0.001694441307336092
0.45768203626314086,0.9877963662147522,0.0017323392676189542
0.4576939430337781,1.0121064186096191,0.0016931440914049745
0.45780553018518155,1.0080803632736206,0.0016890630358830094
0.45781568400926753,0.9967724680900574,0.001688202260993421
0.45785928209183246,1.0306873321533203,0.0016995660262182355
0.45792723149312264,0.9994667172431946,0.0016865781508386135
0.4580271294823566,1.0022494792938232,0.0016875381115823984
0.4580798603181162,1.0065209865570068,0.001695271348580718
0.45818432852348256,1.016510248184204,0.0016928252298384905
0.45820486769322677,1.0067138671875,0.0016928088152781129
0.4582297600790497,0.997895359992981,0.001707622897811234
0.458319893274291,0.998898983001709,0.0016860648756846786
0.4584009833809999,1.027862310409546,0.0016954890452325344
0.45842384193020913,1.0068087577819824,0.0016877694288268685
0.458464758577224,1.014003038406372,0.0017153789522126317
0.4585618172398648,1.0064245462417603,0.001686788978986442
0.45859294137972906,0.993794322013855,0.001687105163000524
0.4585992429706588,1.0277137756347656,0.0017335612792521715
0.45871127043388693,1.0127689838409424,0.0016913922736421227
0.4587113579648896,1.0057456493377686,0.001688526477664709
0.4587736785606362,1.0023761987686157,0.0016898532630875707
0.45881927472274886,0.9939994215965271,0.0016861142357811332
0.458848747540167,0.9962886571884155,0.0017145664896816015
0.45893805993002457,1.0233982801437378,0.0016943609807640314
0.4589679935550338,0.9925903081893921,0.0017345615196973085
0.45897992317593705,1.0093623399734497,0.0016913852887228131
0.45909150148849376,1.0031532049179077,0.001686307368800044
0.459101668679164,0.9974037408828735,0.0016871531261131167
0.45914524261589884,1.0312139987945557,0.0017004109686240554
0.4592132206892836,0.9989356398582458,0.001685655559413135
0.4593130943194266,1.0005669593811035,0.001688343589194119
0.45936583916765805,1.005479097366333,0.001693157129921019
0.45947029810302475,1.015987515449524,0.0016926253447309136
0.4594908508536668,1.0012452602386475,0.0016900671180337667
0.45951571909534394,0.9958049654960632,0.0017070926260203123
0.4596058809622585,1.0016775131225586,0.0016874021384865046
0.4596869467079818,1.0280218124389648,0.0016959115164354444
0.459709835007168,1.0072258710861206,0.0016878513852134347
0.4597507363486729,1.0117840766906738,0.001713524223305285
0.4598477850950058,1.0055968761444092,0.0016866730293259025
0.4598789230317656,0.9922887682914734,0.0016871104016900063
0.4598852009092812,1.0259634256362915,0.0017333523137494922
0.45999724389380614,1.0165156126022339,0.0016928153345361352
0.4599973439276135,1.002623438835144,0.0016875428846105933
0.46005964037900393,0.9989154934883118,0.0016871392726898193
0.4601052656445742,0.9902096390724182,0.0016848767409101129
0.4601347242333125,0.9998804330825806,0.0017163646407425404
0.46022402649065375,1.0239408016204834,0.0016941953217610717
0.460253951061661,0.9903693795204163,0.0017334716394543648
0.46026590353388286,1.008640170097351,0.001691761426627636
0.46037747279285834,1.0018082857131958,0.0016877566231414676
0.4603876531328527,0.9967404007911682,0.0016883577918633819
0.4604312029256521,1.02949857711792,0.0016992267919704318
0.4604992098858657,1.0015547275543213,0.0016869845567271113
0.46059905915649657,0.9969042539596558,0.0016863124910742044
0.4606518182315136,1.0095524787902832,0.0016969706630334258
0.4607562676813042,1.0156761407852173,0.0016932643484324217
0.46077683401452807,1.0042359828948975,0.0016905330121517181
0.46080167832679364,0.9997415542602539,0.0017087284941226244
0.46089186843464947,0.9991955757141113,0.0016861588228493929
0.4609729100360165,1.0269461870193481,0.0016952259466052055
0.4609958278685503,1.006330966949463,0.0016877962043508887
0.4610367139045455,1.0181101560592651,0.0017167491605505347
0.4611337531655125,1.0072026252746582,0.0016875125002115965
0.4611649046829598,0.9942709803581238,0.001686848234385252
0.4611711588470615,1.0296427011489868,0.0017344410298392177
0.4612832171377277,1.0161018371582031,0.0016925970558077097
0.4612833298905482,1.0060468912124634,0.001689065364189446
0.46134560219737164,1.0006452798843384,0.0016881519695743918
0.4613912565663998,0.9930867552757263,0.0016859921161085367
0.4614207009268789,0.996423602104187,0.0017165450844913721
0.4615099928365488,1.0228397846221924,0.0016936586471274495
0.46153990835334346,0.9900013208389282,0.0017342236824333668
0.46155188389224966,1.009436845779419,0.0016922623617574573
0.4616634443119576,1.0024094581604004,0.0016868999227881432
0.46167363758612034,0.9980273842811584,0.0016877618618309498
0.4617171634509819,1.0294642448425293,0.0016980613581836224
0.4617851988672921,0.9959542155265808,0.0016845832578837872
0.46188502399251397,1.0001554489135742,0.0016876704758033156
0.4619377970800028,1.0038191080093384,0.001693513710051775
0.4620422372604255,1.0174121856689453,0.0016931245336309075
0.46206281695981277,1.0061049461364746,0.00169107795227319
0.4620876373422459,0.9955641031265259,0.0017067131120711565
0.46217785590661953,0.9963314533233643,0.0016851841937750578
0.462258873364051,1.0230039358139038,0.0016931609716266394
0.4622818207303535,1.0037862062454224,0.0016871566185727715
0.4623226916747313,1.0142401456832886,0.0017148875631392002
0.4624197212347564,1.0055979490280151,0.0016872952692210674
0.4624508863343646,0.9909480214118958,0.0016870779218152165
0.4624571167850523,1.0336452722549438,0.0017366198590025306
0.46256919038207034,1.0144540071487427,0.0016911454731598496
0.4625693158539037,1.0059773921966553,0.0016886469675228
0.4626315642317367,0.9994151592254639,0.001687118667177856
0.4626772472715961,0.9922212958335876,0.0016863886266946793
0.4627066776204456,0.995289146900177,0.0017147153848782182
0.46279595918265426,1.0253942012786865,0.0016945956740528345
0.4628258656452362,0.991720974445343,0.0017343899235129356
0.46283786424998496,1.0079118013381958,0.0016912012360990047
0.4629494156148488,1.0011557340621948,0.00168643391225487
0.46295962225601694,0.9993681311607361,0.0016874822322279215
0.4630031239765221,1.0314496755599976,0.0016999106155708432
0.46307118806429515,1.000309944152832,0.001686188974417746
0.4631709888289527,0.9958599805831909,0.0016852065455168486
0.4632237761449107,1.0075085163116455,0.0016967180417850614
0.46332820683996767,1.0147312879562378,0.0016931797144934535
0.46334880012025303,1.0015255212783813,0.0016894567525014281
0.46337359635811914,0.9958891868591309,0.0017073199851438403
0.4634638433781687,0.9977852702140808,0.001685645547695458
0.4635448366910332,1.0309195518493652,0.0016977367922663689
0.4635678138077335,1.006627082824707,0.0016878098249435425
0.4636086694457594,1.0136444568634033,0.001714985934086144
0.4637056890890551,1.007463812828064,0.0016872480046004057
0.4637368679853483,0.996197521686554,0.0016872730338945985
0.4637430747234641,1.0263575315475464,0.0017326539382338524
0.46385516384198944,1.016201376914978,0.0016929241828620434
0.46385530181662793,1.0071717500686646,0.0016887973761186004
0.4639175260505254,1.0028443336486816,0.0016892801504582167
0.46396323819278984,0.9868733286857605,0.0016831897664815187
0.4639926540971724,0.9949594736099243,0.001714457874186337
0.4640819255287597,1.0236386060714722,0.001694090897217393
0.46411182293712916,0.9916971325874329,0.0017343804938718677
0.46412384439298604,1.0041873455047607,0.0016897065797820687
0.4642353869190031,1.0015227794647217,0.0016867421800270677
0.4642456067103372,1.0006940364837646,0.0016889390535652637
0.46428908428648585,1.0313315391540527,0.0017001491505652666
0.46435717704445856,0.9987714886665344,0.0016858774470165372
0.46445695388075714,1.003127098083496,0.0016888993559405208
0.4645097549938212,1.008640170097351,0.0016961556393653154
0.46461417663508653,1.0150774717330933,0.0016921357018873096
0.4646347832811143,1.0025296211242676,0.0016901422059163451
0.46465955558998995,0.9973191618919373,0.0017080827383324504
0.46474983085013866,0.999702513217926,0.001685694558545947
0.4648308002340127,1.0230242013931274,0.001692514051683247
0.4648538066682737,1.0087884664535522,0.0016887433594092727
0.46489464700163174,1.0140427350997925,0.001715328311547637
0.46499165715977264,1.0086852312088013,0.0016889296239241958
0.465022849636753,0.995546281337738,0.001688097370788455
0.4650290326612444,1.0284408330917358,0.0017340980703011155
0.4651411370859113,1.0120079517364502,0.0016920656198635697
0.4651412879957705,1.0043466091156006,0.0016878495225682855
0.4652034878693141,0.9972623586654663,0.0016871081897988915
0.46524922889819686,0.9937710165977478,0.0016853674314916134
0.46527863079031784,0.9979448318481445,0.001716779894195497
0.4653678920893892,1.0247385501861572,0.0016949082491919398
0.4653977802288116,0.9910274147987366,0.0017332251882180572
0.46540982475051074,1.0117677450180054,0.0016937896143645048
0.4655213582233677,1.0045359134674072,0.0016882456839084625
0.4655315913796024,0.9974417686462402,0.001687927870079875
0.46557504481097356,1.0298274755477905,0.001699209911748767
0.4656431660254641,0.9991034865379333,0.0016857057344168425
0.46574291871782714,0.9974294304847717,0.0016865860670804977
0.4657957340587291,1.007533311843872,0.0016962524969130754
0.46590014621462883,1.017025351524353,0.0016934953164309263
0.4659207662257675,1.005098581314087,0.0016908309189602733
0.4659455146062842,0.9990094304084778,0.0017077528173103929
0.4660358183218981,0.9985390901565552,0.0016861147014424205
0.4661167635612051,1.0246829986572266,0.0016950095305219293
0.4661397995296559,1.005354642868042,0.0016870272811502218
0.46618062477265987,1.0124359130859375,0.0017142606666311622
0.46627762501470316,1.0017129182815552,0.0016851072432473302
0.46630883150415536,0.9944953918457031,0.0016876590671017766
0.4663149905998667,1.0301438570022583,0.0017338773468509316
0.46642711032941186,1.0170947313308716,0.001692920341156423
0.4664272739582842,1.006020426750183,0.0016886882949620485
0.46648944990367935,0.9981076121330261,0.0016871404368430376
0.4665352198191801,0.9867903590202332,0.0016834087437018752
0.4665646074838845,0.9968735575675964,0.0017153118969872594
0.46665385843423157,1.0230967998504639,0.001693948870524764
0.4666837377352283,0.9928765296936035,0.0017351085552945733
0.46669580510761444,1.0083013772964478,0.0016907667741179466
0.4668073295277325,1.0039098262786865,0.001687983050942421
0.46681757583329087,0.9967653751373291,0.0016873334534466267
0.46686100533630326,1.0313822031021118,0.0016989057185128331
0.4669291552224668,1.0040838718414307,0.0016879331087693572
0.46702888355468664,1.0005625486373901,0.0016881219344213605
0.46708171290806066,1.0010919570922852,0.001692159683443606
0.46718611579375025,1.0160579681396484,0.0016933225560933352
0.46720674938557616,1.0075440406799316,0.0016918889014050364
0.4672314738377339,0.9969796538352966,0.001707780989818275
0.4673218060100761,0.9990684390068054,0.0016862485790625215
0.4674027268892398,1.0281199216842651,0.0016970718279480934
0.46742579260703576,1.004839539527893,0.001687452895566821
0.4674666023285322,1.0108027458190918,0.0017141272546723485
0.4675635930852099,1.0078922510147095,0.001688075251877308
0.46759481315598117,0.9930036664009094,0.0016869533574208617
0.4676009485382785,1.0305709838867188,0.0017351795686408877
0.46771308378890997,1.0151238441467285,0.001692293444648385
0.4677132599203766,1.0061627626419067,0.0016881548799574375
0.46777541172204673,1.0011260509490967,0.0016886582598090172
0.46782121052521863,0.9940558671951294,0.0016860838513821363
0.46785058417745096,0.9956602454185486,0.0017157590482383966
0.46793982478033713,1.0246678590774536,0.001694768900051713
0.46796969502648955,0.9880535006523132,0.0017328241374343634
0.4679817852506153,1.0134799480438232,0.0016939622582867742
0.4680933010474634,0.9985504150390625,0.0016850404208526015
0.46810356028719,1.000840663909912,0.00168862275313586
0.468146965646267,1.0324517488479614,0.001699971267953515
0.4682151442034723,1.0007743835449219,0.0016857259906828403
0.46831484839070403,0.995003342628479,0.00168510340154171
0.4683676917569709,1.0116666555404663,0.001698715379461646
0.46847208537329255,1.0203394889831543,0.0016946537652984262
0.46849273254643753,1.0049775838851929,0.0016909475671127439
0.46851743285402814,0.9973478317260742,0.001707772840745747
0.4686077934824674,0.9990467429161072,0.0016856086440384388
0.46868869021706405,1.0270087718963623,0.0016947295516729355
0.4687117854682076,1.0043209791183472,0.0016871033003553748
0.46875258009998133,1.014479398727417,0.0017159786075353622
0.4688495609397193,1.0046054124832153,0.0016865191282704473
0.468880794807807,0.9939077496528625,0.0016872120322659612
0.4688869064760588,1.0304116010665894,0.001734816818498075
0.4689990570332526,1.0152181386947632,0.0016928138211369514
0.4689992458839428,1.007399559020996,0.0016898286994546652
0.46906137354083544,1.0021916627883911,0.0016892635030671954
0.4691072014464125,0.9927657842636108,0.0016850503161549568
0.4691365608710175,0.9970692992210388,0.0017159441486001015
0.4692257911262321,1.0213655233383179,0.0016938658664003015
0.469255652317751,0.9884217381477356,0.00173327571246773
0.4692677656091928,1.0085095167160034,0.0016911353450268507
0.4693792723507756,1.0037881135940552,0.001687483862042427
0.46938954495708685,0.9990269541740417,0.0016885718796402216
0.469432926170544,1.032987117767334,0.0017005049157887697
0.4695011334004754,1.0002949237823486,0.00168699212372303
0.46960081322777425,0.9985116720199585,0.0016872241394594312
0.4696536708212472,1.004791498184204,0.001693840604275465
0.46975805495241374,1.0176843404769897,0.0016934191808104515
0.46977871549172223,1.0045322179794312,0.0016910209087654948
0.4698033918703224,0.9929507374763489,0.0017062323167920113
0.46989378095422685,0.9976375102996826,0.001685348222963512
0.4699746535442565,1.027536392211914,0.0016945478273555636
0.46999777833022127,1.0044150352478027,0.0016877752495929599
0.4700385578707986,1.0131266117095947,0.0017147054895758629
0.47013552901022615,1.0058106184005737,0.0016869159881025553
0.4701667764592117,0.9959770441055298,0.0016877359012141824
0.4701728644146811,1.029321551322937,0.0017345226369798183
0.4702850302775953,1.0147050619125366,0.0016926846001297235
0.4702852318475088,1.0040534734725952,0.0016877552261576056
0.4703473355747797,0.9985817074775696,0.001687202719040215
0.4703931921518194,0.9919283986091614,0.0016845337813720107
0.47042253734858663,0.9955044388771057,0.0017137221293523908
0.47051175747128493,1.0259541273117065,0.0016956593608483672
0.47054160960859115,0.9891354441642761,0.0017329070251435041
0.4705537459675597,1.0131314992904663,0.001692687626928091
0.4706652436545087,0.9995705485343933,0.0016862080665305257
0.4706755294114071,0.9966157674789429,0.00168748595751822
0.4707188866950317,1.0305324792861938,0.0016991418087854981
0.4707871223812703,1.000488519668579,0.0016856221482157707
0.47088677806484425,0.995896577835083,0.001685689203441143
0.47093964966994717,1.0061060190200806,0.0016952984733507037
0.47104402453069294,1.0182770490646362,0.0016938591143116355
0.4710646986525835,1.0038399696350098,0.0016902420902624726
0.4710893511017722,0.9977464079856873,0.001707457471638918
0.4711797684259863,0.9951616525650024,0.0016850940883159637
0.4712606168722909,1.0241779088974,0.0016930451383814216
0.4712837711911826,1.0068856477737427,0.0016878151800483465
0.47132453542603947,1.014888048171997,0.0017155696405097842
0.47142149686431456,1.006611943244934,0.0016870208783075213
0.4714527581097744,0.9929256439208984,0.0016875800210982561
0.471458822353093,1.025879144668579,0.0017330411355942488
0.4715710037370934,1.0182522535324097,0.0016929717967286706
0.47157121781086464,1.0035752058029175,0.0016873708227649331
0.4716332973923051,0.9962731599807739,0.0016859519528225064
0.47167918307364476,0.9910016655921936,0.0016854688292369246
0.471708514041311,0.9959654808044434,0.0017157987458631396
0.47179772403296705,1.020619511604309,0.0016931727295741439
0.47182756711585017,0.9907883405685425,0.0017341931816190481
0.47183972611034997,1.010254144668579,0.0016921479254961014
0.4719512149582419,1.0035185813903809,0.0016868837410584092
0.47196151386530605,0.999479353427887,0.0016884607030078769
0.47200484700478484,1.0335482358932495,0.0017009127186611295
0.47207311157764176,1.0011351108551025,0.0016868633683770895
0.47217274290086164,0.9978934526443481,0.0016871592961251736
0.4722256287348551,1.007370948791504,0.0016958193155005574
0.47232999411023524,1.018457055091858,0.0016938450280576944
0.47235068181302375,1.0051889419555664,0.0016915639862418175
0.47237531011806644,0.9973479509353638,0.0017076823860406876
0.47246575589795625,0.9965419173240662,0.0016854876885190606
0.4725465802001152,1.0272032022476196,0.00169616867788136
0.47256976426814157,1.0080360174179077,0.0016880842158570886
0.4726105131970675,1.014286994934082,0.0017148779006674886
0.4727074649337687,1.0074876546859741,0.001688147778622806
0.4727387397616004,0.9931522011756897,0.001686641713604331
0.4727447802915048,1.0285546779632568,0.0017345597734674811
0.47285697698143603,1.0155287981033325,0.0016924076480790973
0.47285720377358853,1.0075819492340088,0.0016895177541300654
0.4729192592110938,1.0008317232131958,0.0016893093707039952
0.4729651737788413,0.9900625348091125,0.0016847673105075955
0.47299449073445643,0.9955089688301086,0.001715292688459158
0.4730836903790725,1.0239986181259155,0.0016945318784564734
0.4731135244077429,0.9950651526451111,0.0017355625750496984
0.47312570646745367,1.0116701126098633,0.00169318076223135
0.4732371862615541,1.0051038265228271,0.0016889480175450444
0.47324749853436077,0.998247504234314,0.0016882774652913213
0.47335910055906827,1.003495693206787,0.0016873229760676622
0.47345870773730003,0.9981281161308289,0.0016867559170350432
0.47351160758418664,1.0075446367263794,0.0016967153642326593
0.47361596368977776,1.0151456594467163,0.0016925359377637506
0.47363666475704536,1.0034254789352417,0.0016900799237191677
0.4736612691343607,0.9986115097999573,0.001708764350041747
0.4737517433703473,0.9973410367965698,0.0016852114349603653
0.47383254352793913,1.0271509885787964,0.0016941027715802193
0.4738557571299449,1.0029979944229126,0.0016881144838407636
0.47389649075293994,1.0154149532318115,0.0017153723165392876
0.4739934327889097,1.0051498413085938,0.0016871190164238214
0.4740247214134261,0.9933717846870422,0.0016874957364052534
0.4740307382299166,1.0304617881774902,0.0017337094759568572
0.4741429502253577,1.0134013891220093,0.001692367484793067
0.4741431899514682,1.0056266784667969,0.0016890893457457423
0.4742052210298825,0.9973579049110413,0.0016868627863004804
0.47425116470045614,0.9878836870193481,0.0016836507711559534
0.4742804674273913,0.9973173141479492,0.0017154604429379106
0.47436965672496745,1.0252209901809692,0.0016948740230873227
0.47439948169963586,0.9872469902038574,0.0017324979417026043
0.4744116868253997,1.0108091831207275,0.0016923884395509958
0.4745231575657084,0.999393880367279,0.0016849993262439966
0.47453348298826004,0.9971015453338623,0.0016878696624189615
0.47457676805586546,1.031862735748291,0.0017002244712784886
0.47464508975565034,1.0017940998077393,0.0016868195962160826
0.47474467257352804,0.9998171329498291,0.0016866306541487575
0.47479758664804195,1.0026710033416748,0.00169305969029665
0.47490193326931995,1.0161727666854858,0.0016935394378378987
0.4749226479179067,1.0075277090072632,0.0016920740017667413
0.4749472283658105,0.9992170333862305,0.0017081073019653559
0.4750377308427385,0.9937540292739868,0.0016846285434439778
0.4751185068551318,1.027542233467102,0.0016954378224909306
0.4751417499913271,1.0072057247161865,0.001688324031420052
0.47518246852438906,1.01490318775177,0.0017157867550849915
0.47527940085941667,1.0045506954193115,0.0016861160984262824
0.4753107030648309,0.9983739256858826,0.0016887722304090858
0.4753166961670653,1.031326174736023,0.0017363913357257843
0.4754289234684371,1.0146844387054443,0.0016917731845751405
0.4754291759148237,1.0100395679473877,0.0016901231138035655
0.47549118306424754,0.9988172054290771,0.0016874896828085184
0.47553715540607355,0.992790937423706,0.0016854179557412863
0.47556644412116855,0.9986141920089722,0.0017158467089757323
0.4756556230700202,1.024479627609253,0.0016945290844887495
0.4756854389913181,0.9899691343307495,0.0017334817675873637
0.47569766696818994,1.0074951648712158,0.0016915160231292248
0.4758091288700732,1.0007500648498535,0.0016867434605956078
0.4758194674421592,0.9993312358856201,0.0016885156510397792
0.4758627283647766,1.0274008512496948,0.001696513732895255
0.47593107873707685,1.003394603729248,0.0016865598736330867
0.47603063741059826,1.0000940561294556,0.0016877066809684038
0.4760835654967417,1.0109119415283203,0.0016956960316747427
0.47618790284886225,1.0150794982910156,0.0016922251088544726
0.476208631078768,1.004621982574463,0.0016903456998988986
0.47623318738126263,0.9973339438438416,0.001707754796370864
0.47632371831386644,0.9982509016990662,0.0016858080634847283
0.4764277428522884,1.0066087245941162,0.0016881515039131045
0.47646844629541685,1.0151798725128174,0.0017152895452454686
0.47656536871434696,1.0069267749786377,0.00168783834669739
0.4765966847162356,0.9949503540992737,0.0016875406727194786
0.4766026541050561,1.0263047218322754,0.001732541131787002
0.47671489692835634,1.015732765197754,0.0016927726101130247
0.4767151618781795,1.0065149068832397,0.001689516706392169
0.47677714488303624,0.9973465204238892,0.0016876711742952466
0.4768231463264253,0.9924524426460266,0.0016855442663654685
0.47685242059915844,0.993729829788208,0.0017150109633803368
0.47694158941486253,1.0224177837371826,0.0016941155772656202
0.4769713964979455,0.9882722496986389,0.0017329021356999874
0.47709510039001435,0.999907374382019,0.0016865255311131477
0.4771054521120558,0.9992355108261108,0.0016885255463421345
0.4771486888903168,1.0338472127914429,0.0017015427583828568
0.47721706771808226,1.0038342475891113,0.0016877491725608706
0.4773166024630342,0.9990168213844299,0.001687088399194181
0.47736954434607326,1.0079156160354614,0.0016966749681159854
0.47747387242798367,1.01821768283844,0.0016932673752307892
0.4774946140236317,1.0052543878555298,0.0016908054240047932
0.47751914661271244,0.9962906241416931,0.0017077255761250854
0.4776097057858364,0.9975481629371643,0.0016856382135301828
0.47769043372530395,1.026906967163086,0.0016923341900110245
0.4777137357136707,1.005570411682129,0.001688047545030713
0.4777544238504474,1.0149446725845337,0.0017150925705209374
0.4778513367848539,1.0080840587615967,0.001687977695837617
0.4778826663672193,0.9913239479064941,0.0016869553364813328
0.477888612043468,1.0333925485610962,0.0017358837649226189
0.4780008701726992,1.0180768966674805,0.001693565514869988
0.4780011478409034,1.0068868398666382,0.001688740449026227
0.47806310670140395,1.0009428262710571,0.001688846037723124
0.4781091370324636,0.9875438809394836,0.0016833198023959994
0.4781383972927251,0.9934859275817871,0.0017143284203484654
0.47822755597654454,1.0271599292755127,0.0016956026665866375
0.47825735378983825,0.9880291223526001,0.0017332942225039005
0.47826962768429204,1.0059680938720703,0.001686737989075482
0.47838107169416866,1.0035170316696167,0.0016878213500604033
0.47839143656637595,0.9975067973136902,0.0016879154136404395
0.4784346494158571,1.0249525308609009,0.0016976397018879652
0.4785030569138222,0.9999863505363464,0.001685823779553175
0.4786025672992622,1.0018107891082764,0.0016877417219802737
0.478759842007105,1.0179543495178223,0.0016932295402511954
0.4787805971836506,1.0088297128677368,0.0016918188193812966
0.4788051056290067,0.997574508190155,0.001707718358375132
0.47889569325822745,0.9961922764778137,0.00168482621666044
0.4789763970531279,1.0329315662384033,0.0016984903486445546
0.47899972879041885,1.006501317024231,0.0016880208859220147
0.4790404016214752,1.011191964149475,0.0017149191116914153
0.4791373046393633,1.0057461261749268,0.0016869856044650078
0.4791686480192556,0.9932709336280823,0.0016870276303961873
0.47917456976567163,1.0316836833953857,0.0017354858573526144
0.47928684341704186,1.0188193321228027,0.001693901838734746
0.47928713380362764,1.0084151029586792,0.0016890123952180147
0.47934906852019266,0.998976469039917,0.0016873447457328439
0.4793951279542892,0.993873119354248,0.0016858021263033152
0.47942437398587057,0.9948628544807434,0.0017149295890703797
0.4795135223224395,1.0215356349945068,0.0016945451498031616
0.4795433110815207,0.9888296723365784,0.0017325406661257148
0.479555607826451,1.0104870796203613,0.0016920207999646664
0.47966704299705987,1.0008344650268555,0.0016860797768458724
0.4796774210200647,0.9976162910461426,0.0016878003953024745
0.47972060972476827,1.0337117910385132,0.0017006916459649801
0.47978904589524873,1.0027116537094116,0.0016872903797775507
0.4798885321363322,0.9972030520439148,0.001685439026914537
0.4799415022607336,1.0110969543457031,0.0016984830144792795
0.48004581158580517,1.0183085203170776,0.0016950468998402357
0.4800665803440909,1.005332350730896,0.0016911944840103388
0.48009106464530094,0.9984754920005798,0.0017084412975236773
0.4801816807306186,1.0001044273376465,0.001686357194557786
0.48026236038032055,1.024806022644043,0.0016944229137152433
0.4802857216524328,1.0094276666641235,0.001688857446424663
0.4803263791773479,1.0120699405670166,0.0017148100305348635
0.48042327270902807,1.0056414604187012,0.0016872677952051163
0.4804546298868685,0.9969462752342224,0.0016884434735402465
0.48046052770429404,1.0227603912353516,0.001731187105178833
0.4805728166613844,1.0170754194259644,0.0016928978729993105
0.48057311976656214,1.005576491355896,0.0016882768832147121
0.4806350305545577,0.9967376589775085,0.001686947769485414
0.4806811186605383,0.9869783520698547,0.0016827939543873072
0.4807103506781739,0.9926372170448303,0.0017139398260042071
0.48079948866770295,1.0243580341339111,0.0016954530728980899
0.48082926837236084,0.9879188537597656,0.001732938806526363
0.4808415881843968,1.0162553787231445,0.0016942438669502735
0.4809530143007932,1.007012963294983,0.0016894075088202953
0.4809634056893297,0.9995874166488647,0.0016886548837646842
0.48100657025009774,1.0305081605911255,0.0017007553251460195
0.48107503487667524,1.0047869682312012,0.001687237643636763
0.4811744969731917,1.0000741481781006,0.001687708543613553
0.48122748110922287,1.010025143623352,0.0016961803194135427
0.48133178116492636,1.0176438093185425,0.0016934169689193368
0.4813525632893757,1.0029168128967285,0.001689300057478249
0.48137702387675063,0.9922406077384949,0.0017062999540939927
0.4814676682030097,0.9964352250099182,0.001685632043518126
0.4815483237083551,1.0269604921340942,0.0016954806633293629
0.4815717145142362,1.0033539533615112,0.001686998875811696
0.4816123569487968,1.0123164653778076,0.0017145429737865925
0.4817092405635375,1.0012611150741577,0.001685073017142713
0.4817406115378522,0.9934068918228149,0.0016872487030923367
0.48174648564270584,1.032987117767334,0.001735727651976049
0.48185878990467446,1.0132404565811157,0.0016920467605814338
0.48185910572991786,1.0070501565933228,0.001688939519226551
0.4819209923720833,0.99930340051651,0.001688638934865594
0.48196710958131106,0.989683210849762,0.001684242277406156
0.48199632715616403,0.9942187070846558,0.0017145343590527773
0.4820854550138085,1.0237367153167725,0.001695048762485385
0.48211522587919886,0.9906668663024902,0.0017336612800136209
0.48212756832718706,1.0131789445877075,0.0016935716848820448
0.48223898560494727,1.0013890266418457,0.00168621598277241
0.4822493901432289,0.9955652356147766,0.0016869623214006424
0.48229253055943,1.0315887928009033,0.0016998701030388474
0.482361024073678,0.9995419979095459,0.0016861135372892022
0.4824604618092091,0.9975190162658691,0.0016862316988408566
0.4825134601737098,1.0051665306091309,0.0016928153345361352
0.48261775074446867,1.0179996490478516,0.001693225814960897
0.48263854645023696,1.0064709186553955,0.0016917570028454065
0.4826629828930449,0.9946967959403992,0.001707459450699389
0.4827536556741375,0.9977126717567444,0.0016852085245773196
0.48283428703617925,1.0258564949035645,0.0016923095099627972
0.482857707375408,1.0043375492095947,0.0016876880545169115
0.48289833450424824,1.0152407884597778,0.0017155652167275548
0.4829952084180468,1.006738305091858,0.0016874619759619236
0.483026593189257,0.9939033389091492,0.00168708642013371
0.48303244358111763,1.0257580280303955,0.001733415643684566
0.48314476336396206,1.018043875694275,0.0016932337312027812
0.48314509169327335,1.0085077285766602,0.001689633820205927
0.4832069541904508,1.0032777786254883,0.001688914722763002
0.48325310028608626,0.9888667464256287,0.0016841742908582091
0.4832823038497306,0.9932114481925964,0.0017143567092716694
0.48337142135970346,1.0233041048049927,0.001694946549832821
0.48340118317046,0.9874442219734192,0.0017325959634035826
0.4834135486851331,1.0087586641311646,0.0016913346480578184
0.4835249569082595,1.0003613233566284,0.0016859860625118017
0.48353537459754914,0.9947001934051514,0.0016866615042090416
0.4836470130546835,1.0045138597488403,0.0016873367130756378
0.4837464266456477,0.9985095858573914,0.0016875369474291801
0.48379943902240974,1.0088410377502441,0.001696963096037507
0.4839037203240112,1.0166959762573242,0.0016931751742959023
0.48392452939510067,1.0056239366531372,0.001690814970061183
0.48394894190933935,0.9979216456413269,0.0017078084638342261
0.4840396431461075,0.994520902633667,0.0016845775535330176
0.4841202503640033,1.031298279762268,0.0016967919655144215
0.4841437002365797,1.0061651468276978,0.0016884233336895704
0.48418431227569714,1.0166676044464111,0.001716216909699142
0.48428117648855373,1.0056450366973877,0.0016868337988853455
0.4843125748404514,0.9942116737365723,0.0016871723346412182
0.48431840151952954,1.0297479629516602,0.0017326780362054706
0.4844307366083047,1.015391230583191,0.0016927400138229132
0.4844310776562081,1.0048757791519165,0.0016886827070266008
0.4844929160092395,0.9980401992797852,0.0016868470702320337
0.48453909120791183,0.9919576644897461,0.0016855134163051844
0.48456828054287593,0.9972602128982544,0.0017154831439256668
0.4846573877055984,1.0241836309432983,0.0016959725180640817
0.48468714046214245,0.9885619878768921,0.0017329459078609943
0.4846995290434999,1.009468913078308,0.0016921471105888486
0.4848109282126243,1.0025115013122559,0.0016868719831109047
0.4848213590518694,1.0008376836776733,0.001689539523795247
0.48486445139409196,1.0283678770065308,0.0016982153756543994
0.4849330020348469,0.9991012215614319,0.0016851915279403329
0.4850323914820862,0.9988398551940918,0.0016862008487805724
0.48508541808668604,1.005956768989563,0.0016953775193542242
0.4851896899035535,1.0214916467666626,0.0016944472445175052
0.4852105125553303,1.0060317516326904,0.0016917326720431447
0.4852349009256337,0.9946035146713257,0.0017072989139705896
0.48532563061849876,0.9943860173225403,0.0016841159667819738
0.48540621369140646,1.0269986391067505,0.00169457052834332
0.485429693097962,1.002400279045105,0.0016868148231878877
0.4854702898311487,1.0162221193313599,0.001715983496978879
0.48556714434348425,1.0072336196899414,0.0016884594224393368
0.4855985564916456,0.99378502368927,0.0016874796710908413
0.48560435945752034,1.026643991470337,0.0017331744311377406
0.48571670985222637,1.0187023878097534,0.0016935296589508653
0.48571706361872147,1.0061966180801392,0.00168931158259511
0.4857788778280282,0.9990115761756897,0.001687551150098443
0.48582508191416063,0.9902798533439636,0.0016843313351273537
0.4858542572364424,0.9895327687263489,0.001713039935566485
0.48594335405086186,1.024214506149292,0.0016953748418018222
0.4859730977538247,0.990228533744812,0.0017334091244265437
0.48598550918629024,1.013838768005371,0.0016930799465626478
0.4860968995169891,1.0045114755630493,0.0016875332221388817
0.4861073437205028,0.9996075630187988,0.0016885800287127495
0.48615041191857955,1.0289428234100342,0.0016995765035972
0.48621899123185,1.0057562589645386,0.0016878435853868723
0.4863183563189457,0.9989772439002991,0.001687656156718731
0.4863713969360176,1.0058361291885376,0.001694853650406003
0.4864756594833063,1.0205605030059814,0.0016945843817666173
0.4864964957155601,1.0041087865829468,0.0016900275368243456
0.4865208601575044,0.9956182241439819,0.0017076219664886594
0.4866116180904687,0.9933913350105286,0.001684487797319889
0.4866921770179674,1.028536319732666,0.0016950989374890924
0.48671568595976544,1.0080749988555908,0.0016888175159692764
0.4867562676013345,1.0129835605621338,0.001715388847514987
0.486853112413991,1.0051006078720093,0.0016860500909388065
0.48688453814347143,0.9925498366355896,0.0016868901439011097
0.48689031739593214,1.0285676717758179,0.0017342036589980125
0.48700268309656924,1.0165929794311523,0.0016929106786847115
0.4870030495816562,1.0074653625488281,0.0016887534875422716
0.48706483986239346,0.9978278279304504,0.001686743926256895
0.48711107261893605,0.9899047017097473,0.0016843602061271667
0.4871402337135905,0.9923199415206909,0.001713658683001995
0.4872293203957042,1.0204951763153076,0.0016928500263020396
0.4872590552606627,0.9894616007804871,0.001733258250169456
0.48727148954339394,1.0094764232635498,0.001691265613771975
0.4873828708211434,1.0025514364242554,0.0016871943371370435
0.48739332817440206,0.9973400235176086,0.0016878192545846105
0.48743637244411986,1.0269101858139038,0.0016975252656266093
0.4875049802132764,1.001944899559021,0.0016867232043296099
0.4876043211558052,0.9973231554031372,0.0016870114486664534
0.48765737578534896,1.0069665908813477,0.00169586471747607
0.4877616290617959,1.017500638961792,0.0016935321036726236
0.4877824786604238,1.0033842325210571,0.001690241857431829
0.48780681917274615,0.9963611960411072,0.001707482966594398
0.48789760556285977,0.9957005381584167,0.0016849208623170853
0.48797814034579134,1.0280624628067017,0.0016954322345554829
0.48800167882156886,1.00472092628479,0.0016874497523531318
0.48804224515720684,1.011935830116272,0.0017147328471764922
0.4881390802689215,1.0047968626022339,0.001686813891865313
0.48817051979529724,0.9928808808326721,0.001686514588072896
0.48817627533371244,1.0326417684555054,0.001736117759719491
0.4882886563409118,1.011962890625,0.0016910615377128124
0.4882890355443802,1.007088303565979,0.0016893212450668216
0.48835080168076084,1.0032756328582764,0.0016892767744138837
0.4883970635397088,0.9932267069816589,0.0016852811677381396
0.48842621040673595,0.9962824583053589,0.0017157284310087562
0.48851528674159916,1.024121642112732,0.0016959047643467784
0.48854501255234495,0.990864634513855,0.0017338371835649014
0.4885574696857634,1.0139564275741577,0.0016940041678026319
0.4886688421244554,0.9996033906936646,0.0016858684830367565
0.48867931262872233,0.9989749789237976,0.001688844640739262
0.4887223327540836,1.0315231084823608,0.001699851593002677
0.4887909691934398,1.0015760660171509,0.001686832052655518
0.4888902859922436,0.9957991242408752,0.0016854873392730951
0.48894335485046747,1.0061852931976318,0.001694955863058567
0.4890475986404964,1.0202463865280151,0.001694026286713779
0.48906846182128505,1.0079593658447266,0.0016919390764087439
0.4890927781884088,0.9965389370918274,0.0017080653924494982
0.48918359303461945,0.9977278709411621,0.0016860971227288246
0.4892641036736155,1.0286368131637573,0.001696170773357153
0.48928767168210885,1.0043498277664185,0.001687828917056322
0.48932822292865596,1.0176453590393066,0.001716343336738646
0.4894250481234309,1.0022116899490356,0.001685245195403695
0.48945650144733355,0.9975625872612,0.0016887213569134474
0.48946223327107163,1.0276702642440796,0.0017330260016024113
0.48957462958525444,1.0150961875915527,0.0016926152165979147
0.4895750215079464,1.0091850757598877,0.0016899044858291745
0.48963676349954965,0.996271550655365,0.0016858429880812764
0.4896830542459579,0.9902867674827576,0.001683829934336245
0.4897121871003024,0.993131697177887,0.0017146170139312744
0.48980125330307045,1.0230937004089355,0.001694926992058754
0.4898309698440273,0.988012969493866,0.0017326839733868837
0.4898434500441302,1.0096224546432495,0.001692374818958342
0.4899548134275571,1.0033867359161377,0.0016870206454768777
0.4899652970830425,0.9990265369415283,0.0016879106406122446
0.4900082932785713,1.0353331565856934,0.0017021052772179246
0.49007695839002186,1.002767562866211,0.0016869392711669207
0.4901762508291033,0.9967864155769348,0.0016861555632203817
0.4902293336991673,1.0058951377868652,0.0016950728604570031
0.4903335682200386,1.0183230638504028,0.0016935503808781505
0.49035444476656986,1.0084819793701172,0.001691786223091185
0.49037873720470304,1.0013155937194824,0.001709467964246869
0.4904695805063789,0.9984813332557678,0.0016863530036062002
0.49055006700101855,1.0221120119094849,0.0016924409428611398
0.4905736645434913,1.0061843395233154,0.00168862275313586
0.4906142004845284,1.0129402875900269,0.0017148798797279596
0.49071101619309565,1.0098797082901,0.0016885960940271616
0.49074248309852775,0.9911439418792725,0.0016860869945958257
0.4907481909939069,1.0314066410064697,0.0017348999390378594
0.4908606028291761,1.0160702466964722,0.0016922765644267201
0.4908610074713019,1.0071468353271484,0.0016890383558347821
0.49092272531833836,0.9987170100212097,0.0016874131979420781
0.4909690449522067,0.9923347234725952,0.0016856723232194781
0.4909981637934481,0.996550977230072,0.0017154805827885866
0.4910872196483339,1.02314031124115,0.0016954416641965508
0.49111692713507804,0.9893087148666382,0.0017327566165477037
0.49112943018692057,1.013717532157898,0.0016930039273574948
0.4912407847319219,1.004250168800354,0.001687854528427124
0.4912512815373625,0.9944198131561279,0.001686762203462422
0.49129425358853507,1.0257338285446167,0.001696782186627388
0.49136294737144837,1.0023444890975952,0.0016869523096829653
0.49146221545038626,0.9993960857391357,0.001687843119725585
0.49151531254723557,1.0116195678710938,0.0016981346998363733
0.4916195377991599,1.0174769163131714,0.0016937749460339546
0.4916404279274311,1.0068373680114746,0.0016910838894546032
0.49166469643615285,0.9940760135650635,0.0017067785374820232
0.49175556797876985,0.9969871044158936,0.0016846016515046358
0.4918360303288427,1.0335290431976318,0.0016981047810986638
0.49185965762087114,1.0041388273239136,0.0016875629080459476
0.49190017825555643,1.0154484510421753,0.001715629710815847
0.49199698404760506,1.004960060119629,0.0016866030637174845
0.49202846474909046,0.9932616353034973,0.0016866520745679736
0.4920341489323188,1.0298781394958496,0.0017356196185573936
0.49214657607225565,1.0190218687057495,0.0016947719268500805
0.4921469934340261,1.0074292421340942,0.0016890178667381406
0.49220868713670596,1.0002111196517944,0.0016886437078937888
0.4922550358738218,0.9892643690109253,0.0016832479741424322
0.49228414027143796,0.9929361343383789,0.0017130901105701923
0.49237318599443936,1.0198302268981934,0.0016940110363066196
0.492402884426971,0.9867380857467651,0.001731575233861804
0.4924154105452876,1.0134391784667969,0.001693163882009685
0.4925267560360762,0.9993056058883667,0.0016860978212207556
0.49258021411407527,1.0325886011123657,0.0016998746432363987
0.4926489363528749,1.0005966424942017,0.0016867986414581537
0.49274818028661416,0.9977704286575317,0.0016861880430951715
0.49280129139677764,1.0054205656051636,0.001694879843853414
0.4929055073787022,1.0217913389205933,0.0016948961419984698
0.49292641087229483,1.0080243349075317,0.0016920770285651088
0.4929506554524471,0.9979972243309021,0.0017084165010601282
0.4930415554507399,0.9958901405334473,0.0016853598644956946
0.49312199365666676,1.0242047309875488,0.0016918618930503726
0.49314565048267434,1.004409670829773,0.0016877446323633194
0.49318615581016567,1.0151129961013794,0.0017156791873276234
0.49328295190211424,1.0041468143463135,0.0016861292533576488
0.49331444640112676,0.9916430115699768,0.0016864511417225003
0.4933201068707306,1.029660701751709,0.001732191420160234
0.4934325493165984,1.0135263204574585,0.0016912331338971853
0.4934329793967501,1.0083708763122559,0.0016885643126443028
0.49349464895486295,0.9990295767784119,0.0016874411376193166
0.493541026578597,0.9925617575645447,0.001685633324086666
0.49357011696500463,0.9920516014099121,0.0017135661328211427
0.4936591523403344,1.0197257995605469,0.0016942047514021397
0.4936888419342298,0.9873592257499695,0.0017328072572126985
0.49370139068681473,1.0107829570770264,0.0016914423322305083
0.4938127273395989,1.0043911933898926,0.0016877363668754697
0.4938232506598954,0.997643232345581,0.0016880522016435862
0.4938661744229864,1.033246397972107,0.0017005989793688059
0.4939349253343014,1.002863883972168,0.0016872843261808157
0.49403414512284216,1.000023603439331,0.001687719370238483
0.49408727046189593,1.0064873695373535,0.0016947544645518064
0.4941914769582446,1.0171643495559692,0.0016925347736105323
0.494212394031893,1.0070818662643433,0.001691175508312881
0.49423661446874134,0.9977148175239563,0.001708855852484703
0.4943275429224996,0.9977298974990845,0.0016852886183187366
0.4944079569844909,1.0340688228607178,0.0016973926685750484
0.49443164334405665,1.0035059452056885,0.001687262556515634
0.4944721335816148,1.0168862342834473,0.0017162187723442912
0.4945689199726213,1.003645420074463,0.0016857313457876444
0.4946004280531633,0.9962807297706604,0.0016877604648470879
0.4946060648091424,1.028141736984253,0.0017338944599032402
0.49471852256094107,1.0197837352752686,0.0016944266390055418
0.49471896535968485,1.0063618421554565,0.00168995198328048
0.4947806109885966,0.9973549246788025,0.001686773612163961
0.4948270172840039,0.991090714931488,0.00168423424474895
0.494856093657308,0.9983415603637695,0.0017161541618406773
0.49494511868622937,1.0182008743286133,0.0016937872860580683
0.49497479922591225,0.9878222942352295,0.0017328372923657298
0.49498737104476054,1.015135645866394,0.0016941773938015103
0.4950986986439636,1.0033211708068848,0.0016872715204954147
0.4951092351142157,0.9993834495544434,0.0016882439376786351
0.49522091453025174,0.9999574422836304,0.0016862049233168364
0.4953201099592808,0.9986394643783569,0.0016874411376193166
0.4953732493103854,1.0063525438308716,0.0016965576214715838
0.4954774465379974,1.0171852111816406,0.0016937534091994166
0.4954983769771778,1.0068658590316772,0.001692403107881546
0.4955225734850356,0.9941908717155457,0.001707573770545423
0.49561353039425904,0.9949344992637634,0.0016850689426064491
0.49569392031231485,1.0290849208831787,0.0016951409634202719
0.49571763620459697,1.00507652759552,0.0016880921320989728
0.49575811113748713,1.0167425870895386,0.001716212835162878
0.4958548878275517,1.0056225061416626,0.0016865978250280023
0.495886409704147,0.9948539137840271,0.001687074196524918
0.4958920227471332,1.0286486148834229,0.0017351506976410747
0.4960044958048627,1.0163311958312988,0.0016931395512074232
0.49600495132304034,1.0075767040252686,0.0016888505779206753
0.4960665728073853,1.001109004020691,0.0016894430154934525
0.49611300820582926,0.9909821152687073,0.0016840450698509812
0.4961420701348769,0.995465099811554,0.0017152160871773958
0.4962310850317033,1.0203149318695068,0.001694241538643837
0.4962607565171734,0.9898533821105957,0.001733518554829061
0.4962733511875511,1.0147475004196167,0.001693973783403635
0.4963846699481178,1.0025365352630615,0.001687440904788673
0.4963952195681146,0.9974331259727478,0.0016878184396773577
0.49643809525701665,1.0343363285064697,0.0017013761680573225
0.49650690351104676,1.0019655227661133,0.001686940435320139
0.4966060747961403,0.9987371563911438,0.0016871049301698804
0.49665922815929575,1.0065960884094238,0.001695557264611125
0.4967634161177502,1.019723892211914,0.001694904756732285
0.49678436013803906,1.0064047574996948,0.0016910843551158905
0.4968085327171169,0.9985897541046143,0.0017086168518289924
0.496899517866229,0.9939889907836914,0.001684600138105452
0.496979883638876,1.0288584232330322,0.0016945871757343411
0.49700362906640017,1.0062992572784424,0.0016888367244973779
0.49704408890851526,1.013373851776123,0.0017149203922599554
0.497140855682482,1.0079723596572876,0.0016879454487934709
0.49717239113997524,0.9932227730751038,0.0016868457896634936
0.497177980685545,1.029154896736145,0.0017354233423247933
0.4972904692647818,1.0142908096313477,0.0016922691138461232
0.49729093728639606,1.0042083263397217,0.0016880029579624534
0.4973525346261739,0.9978343844413757,0.0016865127254277468
0.4973989989110258,0.9890435338020325,0.0016836723079904914
0.49742804682844344,0.9925982356071472,0.001713654724881053
0.4975170513763352,1.0239202976226807,0.0016955818282440305
0.49754671380759274,0.9910114407539368,0.0017343199579045177
0.4975593315454968,1.0135176181793213,0.0016928953118622303
0.4976706412514301,0.9972329139709473,0.0016854772111400962
0.4976812040224349,0.9990732073783875,0.001689064665697515
0.49772405578255685,1.029205322265625,0.0016988982679322362
0.49779289249247327,1.0036011934280396,0.0016875560395419598
0.49789203963299977,1.0025427341461182,0.001688663149252534
0.49794520722357205,1.00886869430542,0.0016960656503215432
0.4980493854804531,1.0170140266418457,0.0016930319834500551
0.49807034308290277,1.0083643198013306,0.0016911451239138842
0.49809449173277964,0.993847668170929,0.0017073698109015822
0.49818550533861994,0.9964647889137268,0.0016856184229254723
0.49826584696627896,1.032767653465271,0.0016959992935881019
0.49828962171262703,1.0055888891220093,0.0016880204202607274
0.4983300664643876,1.0164903402328491,0.0017164640594273806
0.49842682375298897,1.0072122812271118,0.0016872554551810026
0.49845837279116945,0.9938191771507263,0.0016869085375219584
0.4984639386239569,1.0265222787857056,0.001732738222926855
0.4985764425091245,1.0172899961471558,0.001693433034233749
0.49857692324848846,1.0083367824554443,0.0016895910957828164
0.4986384964445415,1.001029372215271,0.0016892867861315608
0.4986849896172746,0.9926779270172119,0.001685226452536881
0.4987140235220101,0.9928862452507019,0.0017129789339378476
0.4988030177222301,1.0215893983840942,0.0016947147669270635
0.49883267131485154,0.9875854849815369,0.0017323690699413419
0.49884531168828716,1.01020085811615,0.0016921388451009989
0.4989566125551633,1.002053141593933,0.0016868803650140762
0.49896718847612354,0.996198296546936,0.0016871422994881868
0.4990100160923101,1.0315548181533813,0.0016992760356515646
0.4990788814734787,1.0001856088638306,0.0016858961898833513
0.49917800446943816,0.9970552325248718,0.001684900256805122
0.4992311860731141,1.0087089538574219,0.0016960303764790297
0.4993353550591533,1.0166875123977661,0.0016929893754422665
0.4993563262431323,1.0075887441635132,0.001690986449830234
0.4993804507490739,0.998218297958374,0.0017089315224438906
0.4994714928110112,0.9975221157073975,0.0016855933936312795
0.4995518102941032,1.0285478830337524,0.0016967644914984703
0.49957561457400934,1.005631685256958,0.0016886276425793767
0.49961604401983917,1.0166133642196655,0.001715920865535736
0.49971279160665616,1.0085313320159912,0.0016880776965990663
0.49974435444320575,0.9957383275032043,0.001687166397459805
0.4997498963463711,1.033469319343567,0.0017371127614751458
0.49986241575304613,1.0149686336517334,0.0016922098584473133
0.4998629092114232,1.0081408023834229,0.0016898198518902063
0.4999244582633302,0.9973670244216919,0.001686792355030775
0.49997098053825806,0.9941222667694092,0.0016856351867318153
0.5,0.991353452205658,0.0017125167651101947
