t_phase,flux,fluxerr
-0.5,0.8521514534950256,0.0007514600874856114
-0.4999978619882487,0.8746358156204224,0.0007376977009698749
-0.4999088854954529,0.8678706288337708,0.000737035705242306
-0.4998219303362839,0.8942113518714905,0.0007118993671610951
-0.4997869310205127,0.8472874760627747,0.0006994366412982345
-0.4997402123321297,0.8697394728660583,0.000710263557266444
-0.49969125322451907,0.8556461334228516,0.0007079540519043803
-0.49966105326492244,0.8551723957061768,0.0007186619332060218
-0.4995980426359774,0.8846617937088013,0.0007271401700563729
-0.499584196715371,0.8507104516029358,0.0007331061060540378
-0.49950926418259917,0.8537696003913879,0.0007519988575950265
-0.4995071338214931,0.8735686540603638,0.0007372196414507926
-0.49941815667041667,0.8694784045219421,0.0007370585226453841
-0.4993311990429762,0.894888699054718,0.0007122246897779405
-0.49929620639067024,0.8468707203865051,0.0006991803529672325
-0.499249479558534,0.8693885803222656,0.000709056737832725
-0.4992005273609426,0.8564705848693848,0.0007081287913024426
-0.49917031933961664,0.8555580973625183,0.0007186427828855813
-0.49910731553866683,0.8856095671653748,0.0007272478542290628
-0.4990934616381143,0.8515095114707947,0.0007332534296438098
-0.49901852844730266,0.8525912761688232,0.0007519819191657007
-0.49901640565457694,0.8757044672966003,0.0007379499729722738
-0.49892742776327614,0.8698592185974121,0.0007368879741989076
-0.49884046766788553,0.8954281210899353,0.0007120251539163291
-0.49880548184309287,0.8485745191574097,0.0006997713353484869
-0.49875874678477766,0.8699552416801453,0.0007087418925948441
-0.49870980141534216,0.8569246530532837,0.000708250270690769
-0.49867958533204587,0.8549890518188477,0.0007191594340838492
-0.4986165884411958,0.8867301940917969,0.0007276156102307141
-0.49860272656093785,0.8504334092140198,0.000733325257897377
-0.4985277926295805,0.8533974885940552,0.0007519772625528276
-0.4985256774873394,0.8767833113670349,0.0007388655212707818
-0.49843669893840054,0.8688905835151672,0.0007376250578090549
-0.4983497363750599,0.8957043290138245,0.0007119422662071884
-0.49831475721373236,0.8484356999397278,0.000699628668371588
-0.49826801392843495,0.8717073202133179,0.0007093764725141227
-0.49821907546958105,0.8580713868141174,0.0007085890392772853
-0.49818885140657954,0.8572074770927429,0.0007195001235231757
-0.49812586134388526,0.8881486654281616,0.0007276637479662895
-0.4981119915661871,0.8521425127983093,0.000733239867258817
-0.498037056894284,0.8553394675254822,0.0007527788984589279
-0.4980349493205838,0.8768191933631897,0.0007384963682852685
-0.497945970030778,0.8710662126541138,0.0007377630099654198
-0.4978590049996479,0.8965211510658264,0.0007125285337679088
-0.4978240326667174,0.8492116332054138,0.000699731579516083
-0.4977772811548392,0.8722934126853943,0.0007099276990629733
-0.49772834960576356,0.8581926822662354,0.0007086130208335817
-0.4976981173985268,0.8581047654151917,0.0007196572842076421
-0.4976351343288397,0.8872559070587158,0.0007280927966348827
-0.49762125648917127,0.8534038066864014,0.0007336525595746934
-0.4975463210765619,0.854098916053772,0.0007528217392973602
-0.4975442211538283,0.8780896663665771,0.0007395761203952134
-0.4974552412055811,0.8724939227104187,0.0007379279704764485
-0.49736827362455727,0.8991944789886475,0.0007136043277569115
-0.4973333080371159,0.8507238626480103,0.0007012658170424402
-0.4972865483812435,0.8739789724349976,0.0007100019720382988
-0.4972376236601631,0.8590050935745239,0.0007088686106726527
-0.4972073833907954,0.8590611815452576,0.0007204210851341486
-0.49714440723104725,0.8895328640937805,0.0007288014166988432
-0.4971305214940992,0.8535335063934326,0.000733843888156116
-0.49705558534150646,0.855760931968689,0.0007529899594374001
-0.4970534930690968,0.8797317147254944,0.0007395706488750875
-0.49696451229852084,0.8729444742202759,0.0007386375218629837
-0.496877542331571,0.8991965055465698,0.0007131933816708624
-0.4968425834898599,0.8526276350021362,0.0007008910761214793
-0.4967958155251418,0.8758769631385803,0.0007114731124602258
-0.4967468977968277,0.8611775040626526,0.0007093911408446729
-0.4967166494654896,0.8600770831108093,0.0007201682892628014
-0.49665368013349576,0.8905847668647766,0.0007285246392711997
-0.4966397864166817,0.8555618524551392,0.0007347317296080291
-0.49656484960645103,0.8573287725448608,0.0007542915991507471
-0.49656276490242157,0.8797537684440613,0.0007397234439849854
-0.49647378339113923,0.8751736879348755,0.0007386503857560456
-0.49638681095599835,0.9014511108398438,0.0007137593347579241
-0.496351858860178,0.8531571626663208,0.0007011178531683981
-0.49630508275162644,0.876332700252533,0.0007105122203938663
-0.4962561718509862,0.8621329069137573,0.0007096913759596646
-0.49622591545759753,0.8609431982040405,0.0007206631125882268
-0.4961629530362655,0.892048716545105,0.0007292308728210628
-0.4961490513394249,0.856390118598938,0.0007351406384259462
-0.49607411378872884,0.8572145104408264,0.0007533424650318921
-0.49607203673534467,0.8823033571243286,0.0007398150046356022
-0.49598305456626374,0.8757929801940918,0.0007387772784568369
-0.49589607966317273,0.9019353985786438,0.0007137787179090083
-0.495861134312922,0.8546923995018005,0.0007017358439043164
-0.4958143499777094,0.8778539896011353,0.0007112658931873739
-0.49576544598740974,0.8637358546257019,0.000710106804035604
-0.49573518153229185,0.8628191947937012,0.0007211373886093497
-0.49567222602089867,0.8921130895614624,0.0007291717920452356
-0.4956583163446741,0.8562739491462708,0.0007351173553615808
-0.4955833780534324,0.8603912591934204,0.0007544598774984479
-0.4955813085681071,0.8833288550376892,0.0007402178016491234
-0.4954923256591232,0.8778716325759888,0.0007398553425446153
-0.4954053482880821,0.9047529101371765,0.0007148779113776982
-0.4953704096835616,0.8570337295532227,0.0007026608800515532
-0.4953236172036317,0.8789404630661011,0.0007116982014849782
-0.49527472004164863,0.8652066588401794,0.0007113938918337226
-0.4952444475247211,0.8646910190582275,0.0007216254016384482
-0.49518149892358826,0.894712507724762,0.0007300380384549499
-0.49516758126749766,0.8588494658470154,0.0007356434362009168
-0.4950926422357102,0.8606980443000793,0.0007548107532784343
-0.4950905804013516,0.8866149187088013,0.0007413493003696203
-0.49500159683376566,0.8794911503791809,0.0007401396287605166
-0.49491461699509576,0.9050949811935425,0.000715062371455133
-0.49487968513646613,0.8577699661254883,0.0007027788087725639
-0.49483288434777106,0.8800312876701355,0.000712233129888773
-0.4947839941779918,0.8671077489852905,0.0007123218383640051
-0.49475371359901366,0.8660584688186646,0.0007216474041342735
-0.49469077182611704,0.8955913782119751,0.0007306691841222346
-0.4946768462727469,0.8606637716293335,0.0007363879703916609
-0.49460190650041375,0.8637096881866455,0.0007550680893473327
-0.494599852234596,0.8872267603874207,0.0007412205450236797
-0.4945108679264643,0.8817598223686218,0.0007409009267576039
-0.4944238856200051,0.9084047675132751,0.0007159339147619903
-0.49438896050694503,0.860238254070282,0.0007032128050923347
-0.4943421515741753,0.8843653202056885,0.0007131455931812525
-0.4942932682322307,0.8698959946632385,0.0007117888890206814
-0.4942629795912019,0.8679431676864624,0.0007222943240776658
-0.49420004481058943,0.8963348269462585,0.000730407249648124
-0.4941861111957312,0.8632010221481323,0.0007370387902483344
-0.49411117068301286,0.8657572865486145,0.000756454246584326
-0.4941091241499448,0.8895573616027832,0.0007421815535053611
-0.4940201391015888,0.8830990195274353,0.0007411330007016659
-0.493933154326858,0.9086079001426697,0.0007163033005781472
-0.49389823595952836,0.8617272973060608,0.0007039422052912414
-0.49385141880041894,0.8863893151283264,0.0007136029889807105
-0.49380254236889515,0.8716791272163391,0.0007126409327611327
-0.49377224566589617,0.8716068863868713,0.0007228732574731112
-0.49370931771327903,0.8994329571723938,0.0007312140660360456
-0.4936953761182333,0.865437388420105,0.0007371691754087806
-0.49362043494787716,0.867499828338623,0.0007565631531178951
-0.49361839598302865,0.8907974362373352,0.0007427239324897528
-0.49352941019428753,0.8855284452438354,0.0007419169414788485
-0.49344242303363073,0.9124996066093445,0.0007171864272095263
-0.49340751133000726,0.8646926879882812,0.0007045074598863721
-0.4933118164232947,0.8721136450767517,0.0007125915726646781
-0.4932815116581648,0.8741660118103027,0.0007250605267472565
-0.4932185906159685,0.8998128175735474,0.0007312197703868151
-0.4932046411232416,0.8687703609466553,0.0007381166215054691
-0.4931296991303157,0.8693115711212158,0.0007567927823401988
-0.49312766781595174,0.8909563422203064,0.0007431231788359582
-0.493038681287147,0.8876628279685974,0.0007426670053973794
-0.49295169165862046,0.9152207970619202,0.000718028109986335
-0.4929167867825905,0.8665952086448669,0.0007049822597764432
-0.4928210905594773,0.8755886554718018,0.00071416498394683
-0.49279077765059404,0.874762773513794,0.000724129262380302
-0.4927278635184973,0.9019213318824768,0.0007318940479308367
-0.4927139060463061,0.8678441643714905,0.0007380014285445213
-0.4926389633948585,0.8705804347991943,0.0007576757343485951
-0.4926369396490355,0.895054817199707,0.0007439238834194839
-0.49254795246195004,0.8901024460792542,0.0007433261489495635
-0.4924609603657948,0.9165250658988953,0.0007187962182797492
-0.4924260621532301,0.867852509021759,0.0007053343579173088
-0.4923303646137161,0.8781773447990417,0.00071411591488868
-0.4923000437249669,0.8775942325592041,0.0007252159994095564
-0.4922371365034518,0.9043909311294556,0.0007326026679947972
-0.492223171051234,0.8721848726272583,0.0007390116807073355
-0.49214822757729704,0.8734278082847595,0.0007577472133561969
-0.49214621148228005,0.897258460521698,0.0007447021780535579
-0.49205722355432757,0.8918004035949707,0.0007437861640937626
-0.49197022899038284,0.9191800951957703,0.0007196537917479873
-0.49193533760613467,0.8703758716583252,0.000706125982105732
-0.49183963875038067,0.8817370533943176,0.000715509639121592
-0.49180930971691417,0.8794687986373901,0.0007265026797540486
-0.49174640940582,0.9075237512588501,0.0007336289854720235
-0.4917324359742182,0.87477707862854,0.0007400193717330694
-0.4916574918418399,0.8762823343276978,0.0007592683541588485
-0.4916554833977895,0.9004400968551636,0.0007452416466549039
-0.49156649472945196,0.8950109481811523,0.0007445912924595177
-0.4914794976970751,0.9221013188362122,0.0007207951275631785
-0.49144461305887854,0.8737241625785828,0.0007073844317346811
-0.4913489128044589,0.8844081163406372,0.0007162833935581148
-0.49131857579168875,0.8827670812606812,0.0007267214241437614
-0.4912556823902925,0.9094594120979309,0.0007346086204051971
-0.49124170097930675,0.8772616386413574,0.0007407406810671091
-0.4911667560242784,0.8786647319793701,0.0007607649895362556
-0.49116475523071257,0.9031040072441101,0.000745726574677974
-0.4910757658223114,0.8967373967170715,0.0007450104458257556
-0.4909887663218238,0.9236850142478943,0.0007203664281405509
-0.4909538884293575,0.8766301274299622,0.0007081534713506699
-0.4908581869411234,0.8858733177185059,0.0007165331626310945
-0.4908278417841983,0.8846448063850403,0.0007270377827808261
-0.4907649552930623,0.9138692021369934,0.000734867004211992
-0.490750965901809,0.8797688484191895,0.0007411272381432354
-0.4906760202891426,0.8821710348129272,0.0007613191846758127
-0.4906740270637964,0.9055453538894653,0.0007468364201486111
-0.4905850369972751,0.9003239870071411,0.000746212259400636
-0.49049803502899814,0.9267963171005249,0.0007213653880171478
-0.4904631638819408,0.8792608976364136,0.0007089007995091379
-0.49036746099560335,0.8887847661972046,0.0007178844534792006
-0.49033710785857126,0.8875949382781982,0.0007280632853507996
-0.49027422819583216,0.9148284196853638,0.0007353181135840714
-0.4902602309070582,0.8827270269393921,0.0007419911562465131
-0.4901852845538461,0.8850667476654053,0.0007613288471475244
-0.49018329889688017,0.9076798558235168,0.000747938291169703
-0.4900943080901346,0.9029049277305603,0.0007467144750989974
-0.49000730373601187,0.9293332099914551,0.0007221301202662289
-0.4899724392524196,0.8812946677207947,0.0007093525491654873
-0.48992555644583796,0.9046126008033752,0.0007191080949269235
-0.48987673513186625,0.8908517360687256,0.0007181604159995914
-0.4898463739332656,0.8901301622390747,0.0007288434426300228
-0.4897694958300424,0.8844862580299377,0.0007423220085911453
-0.48969454873596324,0.8866355419158936,0.0007623638957738876
-0.4896925708120683,0.9112101197242737,0.0007482988876290619
-0.48960357926509834,0.9059723615646362,0.0007475274614989758
-0.4895165723609212,0.9322706460952759,0.0007232289062812924
-0.48948171470532426,0.8855040669441223,0.0007106714765541255
-0.4894348236719209,0.9105157256126404,0.0007207644521258771
-0.4893860091859443,0.893771231174469,0.0007194115896709263
-0.48935563992553416,0.8912129998207092,0.000729603401850909
-0.48927876075286597,0.8883031606674194,0.0007435994339175522
-0.48920381300082744,0.8891592025756836,0.0007628062157891691
-0.4892018426453128,0.9145775437355042,0.0007494593155570328
-0.4891128503574758,0.9084448218345642,0.0007487849215976894
-0.4890258410680956,0.9357923865318298,0.0007239326951093972
-0.4889909901582289,0.8873414993286133,0.000711329688783735
-0.4889440908983252,0.9128063917160034,0.0007208189927041531
-0.48889528332260895,0.8963214755058289,0.0007201366242952645
-0.48886490599974636,0.8955271244049072,0.0007303855963982642
-0.4887880257581152,0.8891603350639343,0.0007439213804900646
-0.4887130771834267,0.8931471109390259,0.0007641852716915309
-0.4887111144785572,0.9163709282875061,0.0007497996557503939
-0.4886221214503353,0.9098526239395142,0.0007491072756238282
-0.48853510977478787,0.9382839202880859,0.0007246236782521009
-0.4885002655286274,0.8901357054710388,0.0007124734693206847
-0.4884533581247295,0.9150518178939819,0.0007217114907689393
-0.48840455737684785,0.8983904123306274,0.000720708747394383
-0.48837417199217564,0.8975365161895752,0.0007307511987164617
-0.4882972906807781,0.892788290977478,0.0007451589917764068
-0.4882223414479696,0.8965854048728943,0.0007650214829482138
-0.48822038631164105,0.9193105101585388,0.0007507458212785423
-0.4881313926254597,0.9138442277908325,0.0007497348706237972
-0.4880443784816409,0.9399564266204834,0.0007254367810674012
-0.488009540981291,0.8918523788452148,0.0007123785908333957
-0.48796262535097323,0.9178221821784973,0.0007226928137242794
-0.4879138315135123,0.9027950167655945,0.0007215186487883329
-0.4878834380668699,0.9003278613090515,0.0007317767012864351
-0.4878065556855452,0.8946612477302551,0.0007454732549376786
-0.4877316056305687,0.8980804681777954,0.0007656059460714459
-0.48772965822690945,0.9213098287582397,0.0007514195749536157
-0.4876406637180781,0.9182985424995422,0.0007513206801377237
-0.4875536471066306,0.9432473182678223,0.000726433761883527
-0.48751881643403494,0.8959659934043884,0.0007137885550037026
-0.4874718925771364,0.9212008118629456,0.0007238494581542909
-0.4874231056501769,0.9054595232009888,0.0007223303546197712
-0.4873927040591384,0.9047698974609375,0.0007327599450945854
-0.48731582060860984,0.8981081247329712,0.0007466803072020411
-0.48724086989527227,0.9016807675361633,0.000766733312048018
-0.4872389300599129,0.926459550857544,0.0007529248250648379
-0.4871499348932829,0.9193431735038757,0.0007517198682762682
-0.487062915813564,0.9472247958183289,0.0007273780647665262
-0.48702809180435314,0.8984668850898743,0.0007148798322305083
-0.48698115972103473,0.9242516160011292,0.0007242041756398976
-0.48693237970409436,0.9078203439712524,0.0007230755873024464
-0.4869019701338327,0.9060521721839905,0.0007332889945246279
-0.48682508561393945,0.9011467695236206,0.000747534679248929
-0.48675013407738943,0.9057480096817017,0.0007674364605918527
-0.48674820189299667,0.9275460839271545,0.000753154163248837
-0.486659205985821,0.9227034449577332,0.0007526483968831599
-0.48657218452073836,0.9495062828063965,0.000728112121578306
-0.48653736725709706,0.90180504322052,0.000715662376023829
-0.48649042694727834,0.9264553785324097,0.0007250831113196909
-0.4864416538405983,0.9103321433067322,0.0007239053957164288
-0.48641123612594067,0.9088534712791443,0.0007340395241044462
-0.4863484116630185,0.938788890838623,0.0007417079759761691
-0.48633435053660234,0.9053563475608826,0.0007484577363356948
-0.4862593983422536,0.9058769941329956,0.0007677804678678513
-0.4862574737262412,0.9332268834114075,0.0007552680908702314
-0.4861684771604634,0.9273561835289001,0.0007538365898653865
-0.48608145314564766,0.9531697034835815,0.0007290135254152119
-0.4860466427100017,0.9045976996421814,0.0007164914859458804
-0.4859996941736827,0.9305859208106995,0.0007267335895448923
-0.48595092789499783,0.9161681532859802,0.000725700578186661
-0.48592050220015287,0.9130507707595825,0.0007354695699177682
-0.48585768464765167,0.9397786259651184,0.0007431471021845937
-0.48584361554185146,0.909074068069458,0.0007492844597436488
-0.4857686626071178,0.9094241857528687,0.0007684437441639602
-0.4857667456417506,0.9342827796936035,0.0007551168673671782
-0.4856777482533229,0.9292559623718262,0.0007546335691586137
-0.48559072185234,0.9559727311134338,0.0007303767488338053
-0.4855559180803199,0.9076598286628723,0.0007171107572503388
-0.485508961400087,0.9327232241630554,0.0007270409259945154
-0.485460202031341,0.9168640971183777,0.0007256356766447425
-0.4854297682749275,0.9158375263214111,0.0007360398303717375
-0.48536695754985915,0.9429517388343811,0.0007436672458425164
-0.48535288054694004,0.9116608500480652,0.0007500541978515685
-0.4852779267895564,0.913406491279602,0.0007697682012803853
-0.4852760174746738,0.9363827705383301,0.0007554939365945756
-0.4851870194284473,0.9318885803222656,0.0007552458555437624
-0.48509999055935366,0.9582970142364502,0.0007304453174583614
-0.4850651935328228,0.910704493522644,0.0007181571563705802
-0.48501822862616994,0.9381038546562195,0.0007288878550752997
-0.48496947616800556,0.919258713722229,0.0007264030864462256
-0.48493903426743706,0.9203662276268005,0.0007379851303994656
-0.4848762305348939,0.9468255043029785,0.0007449490949511528
-0.48486214546944223,0.9149258732795715,0.0007510301657021046
-0.4847871910544206,0.9147008657455444,0.0007699503912590444
-0.48478528930775755,0.9390833973884583,0.0007566610584035516
-0.4846962905211461,0.9348238110542297,0.0007561751990579069
-0.48460925926652804,0.9606075286865234,0.0007310137152671814
-0.4845744689858077,0.9142622351646423,0.000719038478564471
-0.48452749585241356,0.9392616152763367,0.0007289209170266986
-0.48447875022224446,0.9228757619857788,0.0007282717269845307
-0.48444830034181,0.92200767993927,0.0007392546394839883
-0.4843855034376638,0.9496446847915649,0.0007453612051904202
-0.48437141047469146,0.9164547920227051,0.0007518937927670777
-0.48429645523677883,0.920527458190918,0.0007710898062214255
-0.4842945612231063,0.9417001008987427,0.0007580059464089572
-0.48420556169610984,0.9392340779304504,0.0007573775947093964
-0.48411852797346133,0.9641932845115662,0.0007323888712562621
-0.4840837444387123,0.9160593748092651,0.0007198395323939621
-0.4840367630786572,0.945027232170105,0.000730857893358916
-0.48398802435842697,0.9250198602676392,0.0007289017667062581
-0.4839575663342393,0.925106406211853,0.0007392048137262464
-0.48389477642229695,0.9520220160484314,0.0007463376387022436
-0.4838806753976757,0.920505940914154,0.0007529734866693616
-0.4838057195012413,0.9236045479774475,0.0007722413865849376
-0.4838038330560294,0.9457910060882568,0.0007581577519886196
-0.48371483278864785,0.9430915117263794,0.0007581400568597019
-0.483627796680716,0.9676193594932556,0.0007338837604038417
-0.4835930198090306,0.9191769957542419,0.0007208865717984736
-0.48354603030474014,0.945541501045227,0.0007308665080927312
-0.4834972984128265,0.928683340549469,0.0007291712681762874
-0.4834668324087728,0.9282763004302979,0.0007396098226308823
-0.4834040493245044,0.9543548226356506,0.0007466097013093531
-0.4833899404027643,0.9232811331748962,0.0007537967758253217
-0.48331498368384046,0.9254622459411621,0.0007738630520179868
-0.4833131048892739,0.9497002959251404,0.0007591334288008511
-0.4832241039636117,0.9453254342079163,0.000759331916924566
-0.48313706530530404,0.9707061052322388,0.0007339431904256344
-0.4831022952619351,0.9231865406036377,0.0007219792460091412
-0.4830552975311445,0.9497849345207214,0.0007320595323108137
-0.48300657254949103,0.9318195581436157,0.0007303004967980087
-0.4829760984829851,0.9315382242202759,0.0007401096518151462
-0.48291332222703326,0.9592867493629456,0.0007482008077204227
-0.4828992053254271,0.9265408515930176,0.0007547236164100468
-0.48282424794870465,0.9278225302696228,0.0007738287677057087
-0.4828223768047834,0.9505468010902405,0.0007601985125802457
-0.4827333750564712,0.9471574425697327,0.0007596618379466236
-0.4826463340119964,0.9729028940200806,0.0007349346997216344
-0.4826115707146791,0.9263254404067993,0.0007226201123557985
-0.4825645647575488,0.9527096152305603,0.00073147815419361
-0.48251584668599495,0.9341850280761719,0.0007306637708097696
-0.4824853644754144,0.9348886609077454,0.0007411036640405655
-0.48242259521198777,0.9603692889213562,0.0007486497634090483
-0.4824084703305157,0.9294494986534119,0.0007551560993306339
-0.4823335122132475,0.9312179684638977,0.0007746455958113074
-0.4823316486375458,0.9541248083114624,0.0007607610896229744
-0.48224264614933054,0.951344907283783,0.0007612280896864831
-0.4821556027191708,0.975131630897522,0.0007357891881838441
-0.4821208461671016,0.9290004372596741,0.0007235744851641357
-0.4820738319834711,0.9552422165870667,0.00073297816561535
-0.4820251207403945,0.937855064868927,0.0007319904980249703
-0.4819946305501086,0.9386399984359741,0.0007423717761412263
-0.4819318681143559,0.9633822441101074,0.0007498046616092324
-0.4819177352531786,0.9336531758308411,0.0007566510466858745
-0.4818427763958468,0.9348846673965454,0.0007762906607240438
-0.48184092047030824,0.957965075969696,0.0007617058581672609
-0.4817519173241337,0.9528962969779968,0.0007614851929247379
-0.48166487142634506,0.9794728755950928,0.0007364475750364363
-0.4816301215377412,0.9312365055084229,0.000724109064321965
-0.4815830992097147,0.9575872421264648,0.0007337231654673815
-0.48153439487673766,0.9411134123802185,0.0007327516213990748
-0.4815038965423772,0.9419659376144409,0.0007430565310642123
-0.4814411410993908,0.9692156910896301,0.0007502769585698843
-0.4814270002582672,0.9357312917709351,0.000756832945626229
-0.48135204066055026,0.9384493827819824,0.0007766809430904686
-0.48135019238589805,0.9614784717559814,0.0007626466103829443
-0.4812611884165914,0.9564006328582764,0.000762526411563158
-0.48117414013335874,0.9817642569541931,0.0007373726693913341
-0.48113939699064584,0.9359526038169861,0.0007255974342115223
-0.48109236635385394,0.9629647135734558,0.0007355530979111791
-0.4810436690129201,0.9446107745170593,0.0007338027353398502
-0.4810131626165895,0.9436275362968445,0.0007437667809426785
-0.48095041400216065,0.9697015285491943,0.0007509904098697007
-0.4809362652635163,0.9393094182014465,0.0007577248616144061
-0.4808613048426675,0.9392755627632141,0.0007767524220980704
-0.4808594642192229,0.9644411206245422,0.0007634263602085412
-0.4807704595914748,0.9594758152961731,0.000763526011724025
-0.4806834088405331,0.9846809506416321,0.0007379981107078493
-0.48064867244338977,0.9381060004234314,0.0007263190927915275
-0.48060163358009766,0.9635236263275146,0.0007350972737185657
-0.4805529430674001,0.9492735862731934,0.0007351262611337006
-0.48052242869096234,0.9461798071861267,0.0007447957759723067
-0.48045968698663316,0.9724776148796082,0.0007521053776144981
-0.4804455301865006,0.9419296979904175,0.0007589804590679705
-0.48037056910737097,0.9445276856422424,0.0007779750740155578
-0.48036873605214603,0.9670979976654053,0.0007645715959370136
-0.48027973068433427,0.9618556499481201,0.0007640888798050582
-0.48019267754754685,0.9878419041633606,0.0007388354279100895
-0.4801579478962943,0.9425380825996399,0.0007279983256012201
-0.4801109008061806,0.9692398309707642,0.0007381803006865084
-0.48006221720414494,0.9503593444824219,0.000735273293685168
-0.48003169468339163,0.9492005705833435,0.00074549182318151
-0.4799689598890013,0.9757282137870789,0.0007526797126047313
-0.47995479519126777,0.9451979994773865,0.0007606485160067677
-0.47987983328997014,0.9464510083198547,0.0007788457442075014
-0.4798780079676555,0.9689098000526428,0.0007647494785487652
-0.479789001859298,0.9653854966163635,0.0007650742772966623
-0.4797019462542391,0.9892532229423523,0.0007395907305181026
-0.4796672233488776,0.9450244903564453,0.000728184066247195
-0.4796201680325849,0.9721741080284119,0.000738074944820255
-0.4795714913404881,0.9548191428184509,0.0007367600919678807
-0.47954096075792524,0.9532092213630676,0.0007464325171895325
-0.4794782328739558,0.9769924879074097,0.0007532298332080245
-0.4794640601140913,0.9494788646697998,0.0007606446160934865
-0.47938909755483433,0.9508264064788818,0.0007807129295542836
-0.47938727980073925,0.9726086258888245,0.0007658031536266208
-0.4792982729521575,0.9687032699584961,0.0007659278344362974
-0.4792112149614135,0.9934952855110168,0.0007411864935420454
-0.4791764988013805,0.9474437236785889,0.0007288148626685143
-0.4791294352588285,0.9736102223396301,0.0007381046889349818
-0.47908076547715267,0.9551481604576111,0.0007376061985269189
-0.47905022683261944,0.9558832049369812,0.0007476822938770056
-0.4789875057764846,0.9810102581977844,0.0007541472441516817
-0.47897332511934054,0.9496853947639465,0.0007607880979776382
-0.4788983618192165,0.95173180103302,0.0007798455189913511
-0.47889655163350164,0.97536700963974,0.0007664845325052738
-0.478807544127282,0.971487820148468,0.0007664172444492579
-0.4787204836685879,0.9952777028083801,0.0007413268322125077
-0.4786857741721004,0.9502681493759155,0.0007297227275557816
-0.47863870248475077,0.977431058883667,0.0007391305407509208
-0.47859003953139156,0.9590063095092773,0.0007376772118732333
-0.4785594928250487,0.9591851234436035,0.0007490456919185817
-0.4784967787614391,0.9847040772438049,0.0007553893956355751
-0.47848259004200344,0.9531418085098267,0.0007626333390362561
-0.47840762600149433,0.955945611000061,0.0007813673582859337
-0.47840582354901123,0.9790017008781433,0.0007670703926123679
-0.47831681521965935,0.9740310311317444,0.0007676113746128976
-0.4782297523755212,0.9995445609092712,0.0007422638009302318
-0.47819504962500503,0.9522660970687866,0.0007305626641027629
-0.47814796971115503,0.9797148704528809,0.0007401187904179096
-0.4780993136675741,0.9618675112724304,0.0007385262870229781
-0.47806875889926104,0.9626007676124573,0.0007487621041946113
-0.4780060516641286,0.9864305853843689,0.0007556915516033769
-0.47799185504733305,0.9551571607589722,0.000762440322432667
-0.4779168902664389,0.9582613110542297,0.0007815847638994455
-0.47791509538225563,0.9807253479957581,0.0007679469999857247
-0.4778260863945428,0.9774293303489685,0.0007681172573938966
-0.47773902108277594,1.0007565021514893,0.0007426376105286181
-0.4777043250775882,0.956378698348999,0.0007315060938708484
-0.47765723693755946,0.9834064245223999,0.0007414508145302534
-0.4776085878039976,0.9647572636604309,0.000739298528060317
-0.47757802497379453,0.9634388089179993,0.0007492658332921565
-0.4775153246486011,0.9886797070503235,0.0007567438296973705
-0.47750112005266254,0.9605200290679932,0.0007634988869540393
-0.47742615444879716,0.9597496390342712,0.0007823134073987603
-0.4774243672976044,0.9838458299636841,0.0007689971243962646
-0.47733535748748257,0.9790505170822144,0.0007690220954827964
-0.47724828978962885,1.004009485244751,0.0007436190498992801
-0.47721360053049283,0.9590956568717957,0.0007324760663323104
-0.477166504163803,0.985355794429779,0.0007421103655360639
-0.47711786185847743,0.9687755703926086,0.0007404480711556971
-0.4770872909662238,0.9683225750923157,0.0007503782398998737
-0.4770245976333949,0.9913214445114136,0.0007569578010588884
-0.4770103849751648,0.9610639214515686,0.0007642572745680809
-0.47693541871366135,0.9637788534164429,0.0007831928669475019
-0.4769336391308489,0.9864081740379333,0.0007696566171944141
-0.4768446286622856,0.9828765988349915,0.0007703456212766469
-0.4767575584963213,1.0061947107315063,0.0007446255767717957
-0.4767228759832368,0.960432767868042,0.0007330143707804382
-0.47667577139020734,0.987806499004364,0.0007429220713675022
-0.47662713599514206,0.9701963663101196,0.0007408486562781036
-0.4765965570405968,0.9691647887229919,0.0007507741684094071
-0.47653387053608437,0.9934506416320801,0.0007576439529657364
-0.47651964998009266,0.9641262888908386,0.0007656441885046661
-0.4764446829785255,0.9672674536705017,0.0007843566709198058
-0.476442910963772,0.9883303046226501,0.0007700601709075272
-0.4763538997551451,0.9836890697479248,0.0007703779847361147
-0.47626682720349567,1.0081290006637573,0.0007454724400304258
-0.47623215143565933,0.9648734927177429,0.0007342820172198117
-0.47618503861629025,0.9903234839439392,0.0007438224274665117
-0.47613641013148517,0.9726065993309021,0.0007416511652991176
-0.47610582311537136,0.9726398587226868,0.0007513532182201743
-0.4760431435207175,0.9950062036514282,0.0007587096770294011
-0.4760289149853418,0.9658665657043457,0.0007654291694052517
-0.4759539471606427,0.9676434397697449,0.0007841278566047549
-0.4759521828787995,0.9902995824813843,0.0007711850921623409
-0.4758631709302695,0.9885466694831848,0.0007713159429840744
-0.47577609591067,1.010202169418335,0.0007452623685821891
-0.47574142688856397,0.9662692546844482,0.0007347082137130201
-0.4756456842679891,0.9752569794654846,0.0007427881937474012
-0.4756150891901459,0.9745858311653137,0.0007526087574660778
-0.475552416423407,0.9995563626289368,0.0007593338959850371
-0.47553817990816544,0.9691941738128662,0.0007661852869205177
-0.4754632114253462,0.9699835777282715,0.0007854228606447577
-0.47546145471212425,0.9937607049942017,0.0007714312523603439
-0.47537244202264695,0.9895665645599365,0.0007720255525782704
-0.4752853646176836,1.012647032737732,0.0007462030043825507
-0.4752507023414685,0.9697418808937073,0.0007355555426329374
-0.47515495832206733,0.9772593975067139,0.0007427810342051089
-0.47512435518209317,0.977667510509491,0.0007533981115557253
-0.47506168940820087,1.0009186267852783,0.0007601464749313891
-0.4750474449134146,0.9713841080665588,0.0007668551406823099
-0.47497247560794537,0.9727572202682495,0.0007854595896787941
-0.4749707266277141,0.9964941740036011,0.0007730919751338661
-0.4748817131976107,0.9932644963264465,0.0007728369673714042
-0.474794633324858,1.0154796838760376,0.0007473087171092629
-0.4747599777942124,0.9708514213562012,0.0007359682349488139
-0.4747128403774469,0.9999638199806213,0.0007460269844159484
-0.47466423245857114,0.9798295497894287,0.000743459677323699
-0.4746336212564661,0.979893684387207,0.0007535751210525632
-0.47457096231040835,1.002174973487854,0.0007610290194861591
-0.47455670991866383,0.9741036295890808,0.0007682380964979529
-0.4744817398726489,0.9745286703109741,0.0007868609391152859
-0.47447999846063715,0.9981352686882019,0.0007726716576144099
-0.47439098429047016,0.9934704899787903,0.0007732930826023221
-0.47430390203187167,1.0166035890579224,0.0007470549317076802
-0.47426925324679564,0.9744404554367065,0.0007367092766799033
-0.47422210760352984,0.99974125623703,0.0007459181942977011
-0.47417350659523577,0.9826838970184326,0.000744557473808527
-0.47414288733116033,0.9811514616012573,0.0007543527171947062
-0.47408023529536286,1.0050729513168335,0.000760970520786941
-0.474065974841166,0.9762496948242188,0.00076822389382869
-0.47399100413751316,0.9782097339630127,0.0007874272996559739
-0.473989270293721,1.0005557537078857,0.0007735113031230867
-0.4739002554654339,0.9979643821716309,0.0007746964110992849
-0.473813170738564,1.0174980163574219,0.0007478435290977359
-0.4737785286995396,0.9766736626625061,0.0007377931615337729
-0.4737313748299341,1.0024548768997192,0.0007472900324501097
-0.47368278073190023,0.9842302203178406,0.00074517831671983
-0.473652153405694,0.985220730304718,0.00075532216578722
-0.4735895082803173,1.0077334642410278,0.0007623612764291465
-0.4735752398462546,0.9784656167030334,0.0007689368794672191
-0.4735002683201123,0.9804324507713318,0.000787903496529907
-0.47349854220890913,1.0015300512313843,0.000773982610553503
-0.4734095265582934,0.9990171194076538,0.0007741645677015185
-0.4733224394457384,1.0218696594238281,0.0007487533730454743
-0.4732878041521228,0.9792393445968628,0.0007379861199297011
-0.4732406420561777,1.0058945417404175,0.0007477108738385141
-0.47319205486808286,0.9860585927963257,0.0007453696453012526
-0.47316141939812323,0.9865383505821228,0.0007558629149571061
-0.47309878118284626,1.0083940029144287,0.0007617942173965275
-0.47308450485150383,0.979087233543396,0.000769303587730974
-0.4730095325844945,0.9819825887680054,0.0007887650863267481
-0.4730078140419929,1.0038657188415527,0.0007748399511910975
-0.4729187977330964,1.0005271434783936,0.0007749794749543071
-0.47283170823517773,1.0208232402801514,0.000748354708775878
-0.4727970796048668,0.9808862209320068,0.00073853979120031
-0.47274990928210003,1.007433295249939,0.0007486460381187499
-0.47270132892232164,0.9879519939422607,0.000745859055314213
-0.47267068547281743,0.9875176548957825,0.0007560162339359522
-0.4726080541678008,1.0107851028442383,0.0007628327584825456
-0.4725937697741667,0.981230616569519,0.0007699636626057327
-0.4725187967667724,0.9822791814804077,0.0007884088554419577
-0.4725170859575023,1.0031355619430542,0.0007743631140328944
-0.4724280688254739,1.0026742219924927,0.0007755662663839757
-0.4723409769420307,1.024023175239563,0.0007491175783798099
-0.4723063550577714,0.9825700521469116,0.0007391031831502914
-0.4722591765085043,1.00937819480896,0.0007487122784368694
-0.4722106030589862,0.9891494512557983,0.0007462077192030847
-0.47217995154702974,0.9895133376121521,0.000756623107008636
-0.47211732707024917,1.0130228996276855,0.0007643678109161556
-0.47210303477941595,0.9831187129020691,0.0007705665193498135
-0.4720280610316366,0.9836626052856445,0.000788707344327122
-0.47202635779074686,1.009035587310791,0.0007763237808831036
-0.47193734000067866,1.0043762922286987,0.000776776927523315
-0.4718502456490444,1.0240299701690674,0.0007494419696740806
-0.4718156305106759,0.9827884435653687,0.0007392055704258382
-0.47176844373490867,1.0104855298995972,0.0007492277072742581
-0.4717198771953294,0.9899510741233826,0.0007463855436071754
-0.47168921762156324,0.991969645023346,0.0007568761357106268
-0.47162660005480206,1.0122233629226685,0.0007627644808962941
-0.4716122997847455,0.9853227138519287,0.0007709019118919969
-0.47153732529634007,0.9858359694480896,0.0007888063555583358
-0.47153562970609564,1.007630705833435,0.000776305387262255
-0.4714466110936184,1.0048829317092896,0.0007763926405459642
-0.4713595143560581,1.0253167152404785,0.0007496678736060858
-0.47132490596309856,0.9843944907188416,0.0007396942819468677
-0.4712291513320743,0.9923782348632812,0.0007478013285435736
-0.4711984836139925,0.9937310218811035,0.0007575187482871115
-0.47113587303975657,1.0156809091567993,0.0007638607057742774
-0.4711215647073281,0.9855561256408691,0.0007713872473686934
-0.4710465894787786,0.9867912530899048,0.0007893364527262747
-0.47104490153901873,1.009098768234253,0.0007755080005154014
-0.4709558822684215,1.006689429283142,0.0007766579510644078
-0.47086878306291113,1.026424765586853,0.0007501227082684636
-0.4708341814158424,0.9859438538551331,0.0007400411413982511
-0.47078697818723525,1.011502981185913,0.0007497613551095128
-0.47073842546881917,0.9934714436531067,0.0007482763612642884
-0.4707077496883655,0.9934864044189453,0.0007576897623948753
-0.47064514594244605,1.0147738456726074,0.0007635473157279193
-0.47063082971209524,0.9873127937316895,0.0007722462760284543
-0.4705558537436428,0.9894035458564758,0.0007898548501543701
-0.4705541734543675,1.0108067989349365,0.000775867432821542
-0.470465153361281,1.0085951089859009,0.0007775748963467777
-0.47037805185235043,1.0288000106811523,0.000750871142372489
-0.470343456868747,0.9864845871925354,0.0007406547665596008
-0.47029624541347886,1.0163859128952026,0.0007506913971155882
-0.47024769952273665,0.9950604438781738,0.000747723039239645
-0.4702170157630598,0.99550461769104,0.0007578743970952928
-0.47014009471734447,0.9892193078994751,0.0007721254951320589
-0.4700651179259207,0.9893972873687744,0.0007899980992078781
-0.4700634452872907,1.0110950469970703,0.0007762786117382348
-0.4699744245362447,1.0086917877197266,0.0007778711733408272
-0.4698873205595248,1.0289674997329712,0.0007511052535846829
-0.4698527323214106,0.9886255264282227,0.0007410511607304215
-0.46980551272182686,1.0156580209732056,0.0007502198568545282
-0.4697569736590799,0.9964127540588379,0.000747916754335165
-0.4697262818375933,0.9952130317687988,0.000758420501369983
-0.4696636919120337,1.0173991918563843,0.0007650102488696575
-0.46964935964032867,0.990013837814331,0.000773040228523314
-0.4695743821903028,0.9905703067779541,0.0007903399528004229
-0.46957271720280014,1.0127027034759521,0.0007768245995976031
-0.4694836956286222,1.01141357421875,0.0007779355510137975
-0.46939658926653854,1.0292938947677612,0.0007508952403441072
-0.4693620077743955,0.9896357655525208,0.0007411034312099218
-0.4693147799482311,1.016608476638794,0.0007510414579883218
-0.4692662477957444,0.9962600469589233,0.0007478708284907043
-0.4692355479118056,0.9967010617256165,0.0007589306333102286
-0.4691729648145625,1.018103003501892,0.0007648843456991017
-0.4691586246452566,0.9898166656494141,0.0007724390598013997
-0.4690836464551671,0.991437554359436,0.0007908021216280758
-0.4690819890361249,1.0120010375976562,0.0007763028843328357
-0.4689929668037466,1.0103758573532104,0.0007778300205245614
-0.4689058579732308,1.0304415225982666,0.0007509285933338106
-0.46887128322730015,0.9882985949516296,0.0007407664670608938
-0.46882404717471576,1.0170519351959229,0.0007510502473451197
-0.4687755219322483,0.994787335395813,0.0007479236228391528
-0.4687448139042349,0.9949159622192383,0.0007579475059174001
-0.46868223779903506,1.01730477809906,0.0007644945872016251
-0.46866788965034517,0.9894040822982788,0.0007721453439444304
-0.4685929106378465,0.9917373657226562,0.0007904422818683088
-0.4685912609513934,1.0122201442718506,0.0007766117341816425
-0.46850223789660606,1.0109424591064453,0.0007777969003655016
-0.46841512676242913,1.0292917490005493,0.0007505716639570892
-0.46838055867972267,0.9893788695335388,0.0007404105854220688
-0.468333314400879,1.0177723169326782,0.0007506622932851315
-0.4682847960689128,0.9972654581069946,0.0007483037188649178
-0.4682540799789291,0.9963410496711731,0.0007580720703117549
-0.4681915107839895,1.0183539390563965,0.0007648898754268885
-0.46817715465535337,0.9912972450256348,0.0007725870818831027
-0.46810217490246975,0.9900999665260315,0.0007907059625722468
-0.46810053278447716,1.012263536453247,0.0007767544011585414
-0.46801150907156974,1.0088914632797241,0.0007775879930704832
-0.4679243954696839,1.0293407440185547,0.0007510748109780252
-0.46788983413230595,0.988991379737854,0.0007411599508486688
-0.4678425816271227,1.016266942024231,0.0007502660737372935
-0.4677940702055774,0.9966710805892944,0.000748618331272155
-0.4677633460534627,0.9978218674659729,0.0007582636317238212
-0.467700783686679,1.016144037246704,0.0007639424293302
-0.4676864195780966,0.9895057678222656,0.0007723122835159302
-0.4676114391671733,0.9918392300605774,0.0007911354186944664
-0.4676098046996653,1.0115225315093994,0.0007765953196212649
-0.4675207801644292,1.0089633464813232,0.0007777520222589374
-0.46743366417653687,1.0282535552978516,0.0007504265522584319
-0.46739910958521047,0.9893401861190796,0.0007407841621898115
-0.4673518488532057,1.0154228210449219,0.0007509337738156319
-0.4673033443417599,0.9950034618377686,0.0007476985338144004
-0.467272612128157,0.9954214096069336,0.0007585246930830181
-0.46721005667147286,1.01699960231781,0.0007652409258298576
-0.4671956845833458,0.9905363917350769,0.0007723337621428072
-0.4671207033494511,0.9926402568817139,0.0007910976419225335
-0.46711907653274903,1.012058138847351,0.0007768432260490954
-0.4670300513392323,1.009606122970581,0.0007783790933899581
-0.4669429329659763,1.0284676551818848,0.0007513731252402067
-0.46690838503795445,0.988837718963623,0.0007407052908092737
-0.4668611160794493,1.0170176029205322,0.0007516153855249286
-0.46681261839599875,0.9966312646865845,0.0007481494685634971
-0.46678187820261025,0.9958119988441467,0.0007576380739919841
-0.4667193296564273,1.0167291164398193,0.0007645304431207478
-0.466704949588595,0.9900256991386414,0.0007725068717263639
-0.46662996761415465,0.991150975227356,0.0007903504883870482
-0.46662834844825857,1.0124890804290771,0.0007765074842609465
-0.4665393224316098,1.0093133449554443,0.0007779065053910017
-0.46645220167315066,1.0283700227737427,0.000750451406929642
-0.466417660573124,0.9876577258110046,0.0007409773534163833
-0.4663703833881186,1.0182000398635864,0.0007519190548919141
-0.4663218925326634,0.997361958026886,0.000748134683817625
-0.4662911442769028,0.9963981509208679,0.0007578713120892644
-0.4662286025587955,1.0180816650390625,0.0007648819009773433
-0.4662142145936835,0.9902063608169556,0.0007719956920482218
-0.46613923179675393,0.9910250306129456,0.0007905113161541522
-0.46613762028150296,1.0107388496398926,0.0007764944457449019
-0.4660485936067342,1.0079445838928223,0.0007776157581247389
-0.4659614703798429,1.0281846523284912,0.0007513276650570333
-0.465926936025868,0.9898425936698914,0.0007407848024740815
-0.46587965061452286,1.0165221691131592,0.000750688835978508
-0.46583116666900654,0.9953161478042603,0.0007475848542526364
-0.46580041026901065,0.996299684047699,0.0007582135731354356
-0.4657378755433484,1.017579436302185,0.000764605647418648
-0.4657234795163464,0.9894397854804993,0.000772146275267005
-0.4656484960616181,0.9916285276412964,0.0007905031088739634
-0.4656468921968518,1.0137571096420288,0.0007770963711664081
-0.4655578646996739,1.0107213258743286,0.0007782359607517719
-0.46547073916912163,1.0281503200531006,0.0007504578097723424
-0.4654362114782905,0.9897010922431946,0.0007410065736621618
-0.46538891784076647,1.0173274278640747,0.0007503307424485683
-0.4653404408057514,0.9951949119567871,0.0007477467297576368
-0.46530967634370496,0.9960282444953918,0.0007582180551253259
-0.46524714852838317,1.0157638788223267,0.0007641449337825179
-0.465232744521435,0.9895080924034119,0.0007724993047304451
-0.4651577603263216,0.9915134906768799,0.0007907000835984945
-0.46515616402977494,1.0122333765029907,0.0007766458438709378
-0.4650671358745574,1.0094209909439087,0.000777948705945164
-0.464980007876296,1.026987075805664,0.000750684819649905
-0.46494548693119514,0.9883406162261963,0.0007414414430968463
-0.46489818506684943,1.018659234046936,0.0007515785400755703
-0.4648497149421749,0.9942549467086792,0.0007476322934962809
-0.4648189424183993,0.9970101714134216,0.0007584625273011625
-0.46475642143107276,1.0148643255233765,0.0007640583207830787
-0.46474200952652356,0.9898565411567688,0.0007726444164291024
-0.4646670245085995,0.9927073121070862,0.0007910127169452608
-0.4646654359451238,1.0093837976455688,0.0007755078841000795
-0.46457640696741687,1.0103387832641602,0.0007782183820381761
-0.46448927658330963,1.0272421836853027,0.0007504018140025437
-0.4644547623840998,0.9883290529251099,0.0007409543031826615
-0.46440745229309316,1.0166722536087036,0.0007511494331993163
-0.46435898907835743,0.9950466752052307,0.0007481861393898726
-0.46432820849293277,0.9971393346786499,0.0007579796365462244
-0.4642656944157058,1.0174742937088013,0.0007648337632417679
-0.4642512745317728,0.990692138671875,0.000772656116168946
-0.46417628877330297,0.991392195224762,0.0007903122459538281
-0.4641747077780468,1.0110749006271362,0.0007761256420053542
-0.46408567814238055,1.0095022916793823,0.0007779929437674582
-0.46399854537274904,1.0268113613128662,0.0007502834196202457
-0.46396403783668294,0.9892343282699585,0.0007410903926938772
-0.463916719601441,1.016359806060791,0.0007508448325097561
-0.463868263215022,0.9957447052001953,0.0007487703114748001
-0.46383747456730573,0.995211124420166,0.0007576208445243537
-0.4637749674001783,1.016394019126892,0.0007639823015779257
-0.46376053945475704,0.9895599484443665,0.0007733441889286041
-0.46368555303784587,0.9925134181976318,0.0007909050909802318
-0.4636839796935563,1.01056969165802,0.000776534026954323
-0.4635949492347581,1.0101356506347656,0.0007784669869579375
-0.4635078140799234,1.0279603004455566,0.0007507268455810845
-0.46347331337193287,0.9891735315322876,0.0007416506414301693
-0.4634259868278454,1.0170470476150513,0.0007510436698794365
-0.4633775373516866,0.9958034157752991,0.000747749290894717
-0.4633467406418394,0.997425377368927,0.0007582362159155309
-0.4632842403849722,1.0171006917953491,0.000764629221521318
-0.4632698044596849,0.9895052909851074,0.0007727506454102695
-0.46319481722044503,0.9913162589073181,0.0007905261591076851
-0.4631932515268008,1.010863184928894,0.000776758068241179
-0.46310422040988247,1.0094951391220093,0.0007780212326906621
-0.4630170828688807,1.0282241106033325,0.0007502698572352529
-0.4629825888245964,0.9895663857460022,0.000740844348911196
-0.46293525405432995,1.0191117525100708,0.0007512987940572202
-0.4628868114881904,0.9939032793045044,0.0007473810110241175
-0.4628560067163729,0.9963605403900146,0.0007579149096272886
-0.4627935132876616,1.0155645608901978,0.0007641788688488305
-0.4627790694647734,0.9908791780471802,0.0007724791066721082
-0.46270408148530917,0.9927379488945007,0.0007914818706922233
-0.46270252344190854,1.0108166933059692,0.0007761633605696261
-0.46261349150274195,1.0091626644134521,0.0007784627377986908
-0.462526351575814,1.0272252559661865,0.0007504972745664418
-0.4624918642770191,0.9890798926353455,0.0007411545957438648
-0.4624445212804933,1.0166864395141602,0.0007508824928663671
-0.462396085624855,0.9956274628639221,0.0007477510953322053
-0.4623652727910672,0.9969807863235474,0.0007580200326628983
-0.46230278627245547,1.0157310962677002,0.0007644839351996779
-0.4622883344697817,0.990511953830719,0.0007728206692263484
-0.4622133456677478,0.991719663143158,0.0007901253993622959
-0.46221179535717705,1.011008858680725,0.0007761250017210841
-0.46212276267770563,1.0104920864105225,0.0007787056383676827
-0.4620356203653337,1.0272635221481323,0.000750456762034446
-0.4620011397299236,0.9906010627746582,0.0007413406856358051
-0.46195378858900193,1.0171103477478027,0.0007511628209613264
-0.46190535976127856,0.9962412714958191,0.0007480296771973372
-0.46187453878349644,0.9989215731620789,0.0007582676480524242
-0.4617975994747899,0.9889928102493286,0.0007725321338512003
-0.46172260993245134,0.9916186332702637,0.0007905001984909177
-0.46172106719042144,1.0113052129745483,0.0007762518944218755
-0.4616320337702438,1.0101478099822998,0.0007786212954670191
-0.46154488907218677,1.0252000093460083,0.000749753846321255
-0.4615104151828282,0.9881712198257446,0.0007406075019389391
-0.46146305581508484,1.0165163278579712,0.0007509386632591486
-0.4614146338975414,0.9955448508262634,0.000747504411265254
-0.46138380485786934,0.9972786903381348,0.0007580288802273571
-0.46132133224236443,1.015440821647644,0.0007646813755854964
-0.4613068643977741,0.9893069863319397,0.0007724438910372555
-0.4612318741969941,0.9918188452720642,0.0007910431013442576
-0.46114130494520755,1.0092084407806396,0.0007781935855746269
-0.4610541578616262,1.026673436164856,0.0007500154315494001
-0.4610196907178371,0.9884630441665649,0.0007412899867631495
-0.46097232304132846,1.01833176612854,0.000751619110815227
-0.46092390803388456,0.9957880973815918,0.0007478698389604688
-0.46089307093240295,0.9946666359901428,0.0007575253839604557
-0.4608306051445719,1.0164189338684082,0.0007649663602933288
-0.4608161294030233,0.9895694255828857,0.0007725480827502906
-0.4607411383794327,0.9907034635543823,0.0007906091632321477
-0.4607396109390147,1.0111547708511353,0.0007765341433696449
-0.4606505760377457,1.008378028869629,0.0007780441083014011
-0.46056342656863974,1.0250552892684937,0.0007494906312786043
-0.46052896617074174,0.9884780049324036,0.0007405803771689534
-0.4604815902674114,1.0172842741012573,0.0007508925045840442
-0.4604331820882841,0.9960238337516785,0.0007475902093574405
-0.4604023370068562,0.9963344931602478,0.0007578977383673191
-0.4603398781292051,1.014638066291809,0.0007643214776180685
-0.4603253944081119,0.9900398850440979,0.0007731426740065217
-0.46025040264397554,0.9914416670799255,0.0007902090437710285
-0.46024888285452414,1.0102359056472778,0.0007764686015434563
-0.46015984721287007,1.0099879503250122,0.0007788966759108007
-0.4600726953575972,1.025987982749939,0.0007495311438106
-0.4600382416234856,0.989685595035553,0.0007411297992803156
-0.4599908575760807,1.0178372859954834,0.0007508895359933376
-0.4599424562249487,0.9965795278549194,0.0007480216445401311
-0.45991160308130946,0.9968855381011963,0.0007581701502203941
-0.4598491511141596,1.0146386623382568,0.0007643958670087159
-0.4598346594130397,0.990269660949707,0.0007730628713034093
-0.45975966690883974,0.9913837909698486,0.0007908522966317832
-0.4597581547695516,1.0100986957550049,0.0007756485138088465
-0.4596691183058098,1.0094481706619263,0.0007792690885253251
-0.45958196406477153,1.025936245918274,0.0007497291662730277
-0.45954751715817327,0.9893805980682373,0.0007413002895191312
-0.45950012480232444,1.0180448293685913,0.0007512562442570925
-0.45945173036145254,0.9965510368347168,0.0007479700725525618
-0.4594208691560037,0.9975783228874207,0.0007582972757518291
-0.45935842409895344,1.0157201290130615,0.0007643711287528276
-0.45934392441812827,0.9913192987442017,0.0007734317914582789
-0.4592689310912782,0.9918758273124695,0.0007905390812084079
-0.45926742660231407,1.0115447044372559,0.0007761898450553417
-0.4591783894806933,1.0091074705123901,0.0007783484179526567
-0.45909123285421083,1.025708794593811,0.0007496547768823802
-0.45905679261075644,0.9887456893920898,0.0007416014559566975
-0.45900939202824664,1.0174977779388428,0.0007510815048590302
-0.4589610044978761,0.9950358867645264,0.0007476141327060759
-0.45893013523069803,0.9948384761810303,0.0007571810274384916
-0.45886769708390795,1.015692114830017,0.000765020027756691
-0.4588531894231366,0.9888578057289124,0.0007727398769930005
-0.45877819535566045,0.9922577142715454,0.0007909879786893725
-0.4587766985178236,1.010370135307312,0.0007758890860714018
-0.45868766057339205,1.0066109895706177,0.0007780916639603674
-0.45860050156122456,1.0248762369155884,0.0007495952886529267
-0.45856606806366107,0.9888010621070862,0.0007406858494505286
-0.4584702786342996,0.995393693447113,0.0007474901503883302
-0.45843940130491023,0.9960588216781616,0.0007582003599964082
-0.4583769699865975,1.015134572982788,0.0007643100107088685
-0.45836245434587974,0.9895492792129517,0.000772818922996521
-0.45828745962052464,0.9924136400222778,0.0007905865786597133
-0.458285970351068,1.0093189477920532,0.0007754825637675822
-0.45819693174819515,1.0102572441101074,0.0007788353832438588
-0.45810977035066386,1.0253574848175049,0.0007493611192330718
-0.4580753435165656,0.9905238747596741,0.0007414785213768482
-0.4580279265633203,1.0163716077804565,0.0007508003036491573
-0.45797955277080343,0.9956807494163513,0.0007474375888705254
-0.45794866737944384,0.9961575865745544,0.000757348898332566
-0.45788624297106995,1.0152841806411743,0.0007646700250916183
-0.45787171935112897,0.9903882741928101,0.0007729069911874831
-0.45779672380312375,0.992473304271698,0.0007906825630925596
-0.45779524226641677,1.009222388267517,0.000776258297264576
-0.4577062029231589,1.008497714996338,0.0007786928326822817
-0.4576190391397819,1.0255458354949951,0.00074983254307881
-0.4575846190515746,0.9898675084114075,0.0007411417318508029
-0.4575371937895639,1.0181635618209839,0.0007510819123126566
-0.457488826907468,0.9958140850067139,0.00074739073170349
-0.45745793345413804,0.998266875743866,0.0007578257936984301
-0.45739551595586375,1.0146633386611938,0.0007651724736206234
-0.4573059880678273,0.9922129511833191,0.0007905601523816586
-0.4573045141819263,1.0099915266036987,0.0007760568405501544
-0.457215474015697,1.0095088481903076,0.0007790288073010743
-0.4571283078464742,1.0244930982589722,0.0007495815516449511
-0.45709389450423815,0.9892528057098389,0.0007408486562781036
-0.4569981010441326,0.9939188361167908,0.0007472403231076896
-0.4569671995285913,0.9951223134994507,0.0007571463356725872
-0.45690478894081826,1.014438271522522,0.0007643642602488399
-0.45689024936098466,0.9899311661720276,0.0007731961086392403
-0.4568152523326916,0.99095219373703,0.0007905755774118006
-0.4568137860148494,1.0109535455703735,0.0007758723804727197
-0.4567247451908214,1.0097078084945679,0.0007789602968841791
-0.4566375766359136,1.0239962339401245,0.0007491129217669368
-0.4566031700391668,0.9900602102279663,0.0007416881853714585
-0.4565557283243162,1.018906831741333,0.0007515234174206853
-0.45650737526274077,0.995424211025238,0.0007478966726921499
-0.45647646560336597,0.996019721031189,0.0007578774238936603
-0.4564140619255318,1.014349102973938,0.0007644716533832252
-0.4563995143662339,0.9911717176437378,0.0007733593229204416
-0.4563245165149694,0.9917880892753601,0.000790842401329428
-0.45632305792995714,1.0113632678985596,0.000776392116677016
-0.45623401628376126,1.0084898471832275,0.0007784586632624269
-0.45614684542543327,1.0239224433898926,0.0007496544276364148
-0.45611244549191066,0.9901646375656128,0.0007412664708681405
-0.4560649955503189,1.018226981163025,0.0007516355835832655
-0.4560166493992446,0.996428906917572,0.0007481102366000414
-0.45598573167806017,0.9967140555381775,0.0007583093247376382
-0.45592333482830166,1.0146523714065552,0.0007644508150406182
-0.4559087793714831,0.989790678024292,0.0007732872618362308
-0.4558337807794319,0.9919978976249695,0.0007906326209194958
-0.455832329845547,1.0108215808868408,0.0007761195884086192
-0.4557432874584839,1.0088376998901367,0.0007784525514580309
-0.4556561141323666,1.0231462717056274,0.0007489430136047304
-0.45562172094481523,0.9894241690635681,0.0007413171115331352
-0.4555742627768034,1.0194233655929565,0.0007517452468164265
-0.4555259235356681,0.995781421661377,0.0007479109335690737
-0.4554949977522725,0.9968324303627014,0.0007579299272038043
-0.4554326078132562,1.014122724533081,0.0007646208978258073
-0.4554180443765717,0.9915733933448792,0.0007735973922535777
-0.45534304504437645,0.9924580454826355,0.000791049562394619
-0.4553416016787915,1.0109553337097168,0.0007760414737276733
-0.4552525585510221,1.0079487562179565,0.0007783129694871604
-0.45516538292180597,1.0232057571411133,0.0007491673459298909
-0.4551309964799848,0.9903882741928101,0.0007415953441523015
-0.4550835300854727,1.0183095932006836,0.0007511603180319071
-0.45503519767209166,0.9949533939361572,0.0007474471349269152
-0.4550042638266453,0.9963722825050354,0.0007573300390504301
-0.4549273093818209,0.9879162907600403,0.0007729444769211113
-0.4548523092269756,0.9896234273910522,0.0007899344782344997
-0.45485087359397963,1.0103719234466553,0.0007759237196296453
-0.4547618297261465,1.0094419717788696,0.0007787620415911078
-0.4546746517110846,1.0241631269454956,0.0007500095525756478
-0.45464027193240747,0.9887032508850098,0.0007411366677843034
-0.45459279731155566,1.0190024375915527,0.0007514514727517962
-0.45454447180875623,0.995865523815155,0.0007474584854207933
-0.45451352990133964,0.9964007139205933,0.0007571963942609727
-0.4544511537823617,1.0156229734420776,0.0007645301520824432
-0.4544365743044838,0.9893027544021606,0.00077387026976794
-0.4543615734915185,0.9912233352661133,0.0007902277284301817
-0.45436014550948906,1.0082590579986572,0.0007754133548587561
-0.45427110081884525,1.008957028388977,0.0007784709450788796
-0.454183920417777,1.0221835374832153,0.0007487849215976894
-0.454149547385071,0.9904136657714844,0.0007414357969537377
-0.45410206453796004,1.0179204940795898,0.0007513000746257603
-0.45405374594542086,0.9963904023170471,0.0007480717031285167
-0.45402279597587325,0.9966138005256653,0.0007575518102385104
-0.45396042676731624,1.0144646167755127,0.0007650999468751252
-0.453945839309251,0.9877519011497498,0.0007726961048319936
-0.45387083775638265,0.9925155639648438,0.0007907879771664739
-0.4538694173425728,1.0111812353134155,0.0007758960127830505
-0.4537803719939697,1.0088810920715332,0.000778800982516259
-0.4536931892072164,1.0234322547912598,0.0007492167060263455
-0.45365882292032095,0.9896339774131775,0.0007412060513161123
-0.4536113318464687,1.0179270505905151,0.0007515843026340008
-0.4535630200816033,0.9954702258110046,0.0007477709441445768
-0.45353206205056745,0.996778130531311,0.0007587015861645341
-0.4534696997521101,1.0141630172729492,0.0007645180448889732
-0.4534551043145002,0.9890700578689575,0.0007732129306532443
-0.45338010193882117,0.9920225739479065,0.0007907499093562365
-0.4533786892576003,1.009887933731079,0.0007762170280329883
-0.4532896430868291,1.0091716051101685,0.0007788335788063705
-0.4532024579966557,1.023088812828064,0.000749170605558902
-0.45316809837290417,0.9901273250579834,0.0007411440019495785
-0.453120599072391,1.0182013511657715,0.0007510480936616659
-0.45307229421810713,0.9963469505310059,0.0007481033098883927
-0.45304132812526177,0.9960517287254333,0.0007573780603706837
-0.45297897273706456,1.0137947797775269,0.0007645062869414687
-0.4529643693198298,0.989043653011322,0.000773751875385642
-0.45288936620320336,0.9918886423110962,0.0007908146362751722
-0.4528879611731098,1.0102065801620483,0.0007762604509480298
-0.45279891426147156,1.009157419204712,0.0007795493584126234
-0.45271172678593447,1.0243470668792725,0.0007497745100408792
-0.45267737390807383,0.9912219047546387,0.0007417418528348207
-0.4526298663810603,1.017809271812439,0.0007508017006330192
-0.45258156835477176,0.9957573413848877,0.0007474634330719709
-0.45255059419947397,0.9966007471084595,0.0007571015157736838
-0.4524882457218584,1.013837218284607,0.0007645897567272186
-0.452473634324838,0.9901105761528015,0.0007739335997030139
-0.45239863046806755,0.9933027625083923,0.0007910048007033765
-0.4523972330063542,1.009505033493042,0.0007758736028335989
-0.45230818543643536,1.0094298124313354,0.000778891087975353
-0.45222099557537376,1.0228495597839355,0.0007487883558496833
-0.4521866493609783,0.9901113510131836,0.0007412557606585324
-0.45213913360746455,1.0198628902435303,0.0007511244039051235
-0.45209084249127557,0.9960113167762756,0.0007476267055608332
-0.4520598602740076,0.9961473345756531,0.0007573901093564928
-0.4519975186240659,1.015198826789856,0.0007649248000234365
-0.45198289933008723,0.989508330821991,0.0007734436076134443
-0.45190789465066683,0.9920653104782104,0.0007904570666141808
-0.451906504921703,1.0097568035125732,0.0007761184242554009
-0.4518174565292947,1.0072599649429321,0.0007780185551382601
-0.4517302642822268,1.0212663412094116,0.0007485402747988701
-0.4516959248956659,0.9891671538352966,0.0007410794496536255
-0.45164840083370816,1.018954873085022,0.0007512275478802621
-0.45160011662794014,0.994895875453949,0.0007471764110960066
-0.45156912634870183,0.9970951676368713,0.0007576621719636023
-0.4515067916090204,1.0132966041564941,0.0007644851575605571
-0.4514921643351758,0.9896440505981445,0.0007740073488093913
-0.4514171589153703,0.9917137622833252,0.0007907530525699258
-0.4514157768368911,1.007861852645874,0.0007755276164971292
-0.45132672770409793,1.008213758468628,0.0007783469627611339
-0.4512395330711841,1.021588921546936,0.0007490687421523035
-0.45120520034840983,0.9901676774024963,0.0007415150757879019
-0.45115766814237745,1.01998770236969,0.0007513866294175386
-0.4511093907646047,0.9951614737510681,0.0007472251309081912
-0.4510783924231551,0.9957315325737,0.0007574516930617392
-0.4510160645939749,1.0132466554641724,0.0007653057691641152
-0.45100142933994297,0.9894766211509705,0.0007737541454844177
-0.4509264231799132,0.9932082891464233,0.0007913891458883882
-0.45092504866997496,1.0073858499526978,0.0007749485084787011
-0.4508359987969573,1.0093228816986084,0.0007791264797560871
-0.4507488018606235,1.021411657333374,0.000748438120353967
-0.4507144758835794,0.9914438128471375,0.0007413970888592303
-0.4506669353684604,1.0194847583770752,0.0007516838959418237
-0.4506186649007872,0.9962685704231262,0.000748125312384218
-0.4505876584979297,0.9979555606842041,0.0007575931376777589
-0.4505253375786081,1.0151699781417847,0.0007657436071895063
-0.4505106943451922,0.9895183444023132,0.0007731766672804952
-0.4504356873623517,0.9918662905693054,0.000790478428825736
-0.4504343205851631,1.0076899528503418,0.0007750749355182052
-0.45034526997192115,1.0093677043914795,0.0007787144859321415
-0.4502580706500628,1.0217325687408447,0.0007487323600798845
-0.45022375133632336,0.9897064566612244,0.0007413143175654113
-0.450176202676728,1.0161927938461304,0.0007501028012484312
-0.4501279391193954,0.9951577186584473,0.0007472524885088205
-0.45009692457230266,0.9962887763977051,0.0007577019277960062
-0.45003461056364297,1.0133060216903687,0.0007651086780242622
-0.4500199593504414,0.9884843230247498,0.0007732340018264949
-0.4499449516268946,0.9918063879013062,0.0007903610239736736
-0.4499435925007529,1.0091980695724487,0.0007759944419376552
-0.4498545410642985,1.0076390504837036,0.0007786611677147448
-0.44976733943934155,1.0200650691986084,0.0007482098299078643
-0.4497330268714929,0.9888507723808289,0.0007406552322208881
-0.4496854699032127,1.0191962718963623,0.0007511475123465061
-0.44963721325614026,0.9960229396820068,0.0007474531303159893
-0.44960619064651486,0.9964891672134399,0.0007573434268124402
-0.4495438835483564,1.0132942199707031,0.0007645961013622582
-0.4495292243554496,0.9900990128517151,0.0007738434942439198
-0.44945421589159806,0.9908469915390015,0.000790730002336204
-0.44945286441634263,1.0094914436340332,0.000775720807723701
-0.4493638122394229,1.0092170238494873,0.000779156805947423
-0.44927660822862014,1.0213779211044312,0.0007486848044209182
-0.44924230232439755,0.9909682273864746,0.0007413693820126355
-0.44919473712961705,1.0183930397033691,0.0007506008842028677
-0.4491464873925638,0.9957154393196106,0.0007477817707695067
-0.4491154568033134,0.9967045187950134,0.000756775785703212
-0.4490531565328289,1.0132335424423218,0.0007642940036021173
-0.4490384893604579,0.9902048110961914,0.000773435749579221
-0.44896348015646226,0.9916709661483765,0.0007903444347903132
-0.44896213624926584,1.009751319885254,0.0007757293642498553
-0.4488730833322824,1.0094459056854248,0.0007788716466166079
-0.4487858769354732,1.0205800533294678,0.0007485615205951035
-0.4487515778590851,0.9898548722267151,0.0007413171115331352
-0.44870400443796493,1.0183236598968506,0.0007512734737247229
-0.44865576152922837,0.995262622833252,0.0007471462595276535
-0.4486247228780077,0.9974420666694641,0.0007576387142762542
-0.4485477543655465,0.9898414611816406,0.0007738068816252053
-0.4484727443390614,0.9930133819580078,0.0007908972911536694
-0.4484714081646146,1.0095800161361694,0.0007768578943796456
-0.4483823545072462,1.0077862739562988,0.0007787671056576073
-0.4482951457247518,1.021333932876587,0.0007489135605283082
-0.44826085331166843,0.9909050464630127,0.0007411793922074139
-0.44821327166420866,1.0194873809814453,0.0007514044991694391
-0.448165035665893,0.9958741664886475,0.0007479446940124035
-0.448133988952702,0.9979454278945923,0.0007579642115160823
-0.4480717025027379,1.0129178762435913,0.0007644122233614326
-0.44805701937047426,0.989547848701477,0.0007734739338047802
-0.4479820086034436,0.9918153285980225,0.0007905048551037908
-0.4479806800798027,1.00904381275177,0.0007759756990708411
-0.44789162568237056,1.0079786777496338,0.0007782824104651809
-0.44780441451419123,1.019405484199524,0.0007482852088287473
-0.44777012884691836,0.9905506372451782,0.0007411770639009774
-0.44772253897255654,1.0200273990631104,0.0007517363992519677
-0.44767430980207545,0.9975154399871826,0.0007479072664864361
-0.44764325502715524,0.9968307614326477,0.0007578585064038634
-0.44758097548753173,1.0119637250900269,0.0007641912088729441
-0.44756628437572354,0.9904370903968811,0.0007737710257060826
-0.44749127286814716,0.9923774600028992,0.0007912174332886934
-0.44748995199515146,1.0089972019195557,0.0007755040423944592
-0.44740089677490874,1.0072842836380005,0.000777952722273767
-0.44731368330363064,1.0207462310791016,0.0007485286914743483
-0.4472794042995819,0.9905285835266113,0.0007415146683342755
-0.4472318061988001,1.0195103883743286,0.0007514111348427832
-0.44718358393857927,0.9958710074424744,0.00074832170503214
-0.44715252110160847,0.9977496862411499,0.0007575914496555924
-0.44709024847248624,1.0123645067214966,0.0007652232307009399
-0.44707554938097277,0.9895060062408447,0.0007736252737231553
-0.44700053705074644,0.9927334189414978,0.0007915014284662902
-0.446999223828396,1.0077451467514038,0.0007749649812467396
-0.4469101679496314,1.0084614753723145,0.0007792714750394225
-0.446822952092829,1.0203787088394165,0.0007483408553525805
-0.4467886798345908,0.9911494255065918,0.0007412328268401325
-0.44674107350746955,1.020605206489563,0.0007516216137446463
-0.4466928581575089,0.9954968690872192,0.0007474091835319996
-0.446661787176142,0.9980621933937073,0.0007577878423035145
-0.4465995214572801,1.0126546621322632,0.0007648136815987527
-0.44658481438606135,0.9905781149864197,0.0007743061287328601
-0.44650980131536955,0.991919755935669,0.0007910020649433136
-0.44650849574390544,1.010084867477417,0.0007763871108181775
-0.44641943904257114,1.0080773830413818,0.0007780059240758419
-0.4463322208818666,1.019174575805664,0.0007482793880626559
-0.44629795536976036,0.9910728335380554,0.0007413637358695269
-0.4462503407338738,1.0199346542358398,0.0007515010656788945
-0.44620213229393246,0.9956074953079224,0.0007471942808479071
-0.446171053250515,0.9975672960281372,0.0007577281794510782
-0.4461087944417526,1.0113294124603271,0.0007644707802683115
-0.44609407939082846,0.9892343282699585,0.0007731926743872464
-0.4460190655803141,0.9919833540916443,0.0007904462981969118
-0.4460177676592542,1.0090110301971436,0.0007760893786326051
-0.44592871021769565,1.0086146593093872,0.0007788682705722749
-0.4458414896709847,1.0194052457809448,0.0007478123879991472
-0.44580723082234364,0.9906651377677917,0.0007415414438582957
-0.44575960804238246,1.0197340250015259,0.000751521612983197
-0.4457114064306773,0.9942256808280945,0.0007468355470336974
-0.4456803193252093,0.998149573802948,0.0007574360352009535
-0.4456180674267071,1.0127217769622803,0.0007644881261512637
-0.44560334439591703,0.9886409044265747,0.0007737948326393962
-0.4455283297629133,0.9924832582473755,0.0007910350104793906
-0.44552703957444234,1.0088545083999634,0.0007763279718346894
-0.4454379813102337,1.0066040754318237,0.0007781986496411264
-0.44535075846042393,1.0176175832748413,0.0007472778670489788
-0.4453165063570312,0.9910541772842407,0.0007410472608171403
-0.4452688752684654,1.019994854927063,0.0007514474564231932
-0.44522068056734176,0.9955174922943115,0.0007471204153262079
-0.44518958539990344,0.9972236752510071,0.0007575064664706588
-0.4451273404116616,1.0113496780395508,0.0007639614632353187
-0.44511260940116626,0.9891760945320129,0.000773378589656204
-0.4450375940272955,0.9916976094245911,0.0007903639343567193
-0.4450363114075261,1.0088491439819336,0.0007756718550808728
-0.4449472524853582,1.0086232423782349,0.0007783984765410423
-0.4448600272497027,1.0178395509719849,0.0007475137244910002
-0.4448257818100161,0.9905598163604736,0.0007411626866087317
-0.44477814257697407,1.0201621055603027,0.0007513237069360912
-0.4447299547035244,0.995788037776947,0.0007472800207324326
-0.44469885155670213,0.9988028407096863,0.0007577482610940933
-0.4446366133962948,1.0126910209655762,0.0007644750876352191
-0.4446218744060942,0.9890568852424622,0.0007737615378573537
-0.4445468582918384,0.993198037147522,0.000791041471529752
-0.4445455833227142,1.0094876289367676,0.0007752826786600053
-0.4444565236603219,1.0071882009506226,0.000778348883613944
-0.4443692960391421,1.0188937187194824,0.000748088292311877
-0.444335057345266,0.9910190105438232,0.0007415359141305089
-0.444287409803057,1.0186830759048462,0.0007509786519221961
-0.44423922892197193,0.9955721497535706,0.0007474774611182511
-0.44420811763123563,0.997765839099884,0.0007576976786367595
-0.4441458863810886,1.0120160579681396,0.0007645197911188006
-0.4441311394113434,0.9904618859291077,0.0007744337199255824
-0.4440561225567025,0.991530179977417,0.000790395017247647
-0.444054855238304,1.0085840225219727,0.0007750670192763209
-0.4439657947526994,1.008592963218689,0.0007780140731483698
-0.4438785648285814,1.0189275741577148,0.0007477743201889098
-0.44384433288011427,0.9901084899902344,0.0007409375975839794
-0.4437966771118066,1.0201879739761353,0.0007517609046772122
-0.4437485030586364,0.9959197640419006,0.0007474584854207933
-0.4437173837056086,0.9983736276626587,0.0007578533259220421
-0.4436551593658021,1.0123780965805054,0.0007644651341252029
-0.44364040441667296,0.9899638891220093,0.0007735653198324144
-0.44356538673914103,0.9910441637039185,0.000789885176345706
-0.4435641271538938,1.008409023284912,0.0007754545658826828
-0.4434750659278238,1.0085161924362183,0.0007783391047269106
-0.4433878336175387,1.0174012184143066,0.0007474030135199428
-0.44335360833285825,0.9908140897750854,0.0007419797475449741
-0.44330594433829124,1.0192793607711792,0.0007514325552619994
-0.44325777719530096,0.9965107440948486,0.0007477572071366012
-0.44322664978014226,0.9959548115730286,0.0007569606532342732
-0.4431644323505156,1.0104933977127075,0.0007640286348760128
-0.44314966942152045,0.9902341961860657,0.0007740844739601016
-0.4430746510040052,0.992661714553833,0.000790701771620661
-0.44307339906908194,1.0076897144317627,0.000775188731495291
-0.4429843370206833,1.0083211660385132,0.0007781736203469336
-0.44289710240681746,1.0184537172317505,0.0007480569183826447
-0.44286288386770645,0.9902945756912231,0.0007418584427796304
-0.44281521164663923,1.0196692943572998,0.0007517425110563636
-0.44276705133180494,0.9938673973083496,0.0007464640657417476
-0.4427359158548364,0.9974951148033142,0.0007578959921374917
-0.4426737053353095,1.0112311840057373,0.0007642718264833093
-0.4426589344264484,0.9894387722015381,0.0007734011742286384
-0.4425839152688694,0.9901965856552124,0.0007905380334705114
-0.4425826709844307,1.0089579820632935,0.0007756038103252649
-0.442493608195647,1.0083575248718262,0.0007784909685142338
-0.4424063712785218,1.0171762704849243,0.0007473713485524058
-0.44237215940271546,0.9914493560791016,0.0007415396976284683
-0.44232447887288284,1.019934892654419,0.0007521321531385183
-0.4422763255504131,0.9943786263465881,0.0007477202452719212
-0.4422451819295307,0.9976521730422974,0.0007575472700409591
-0.442182978320264,1.0101882219314575,0.0007645234582014382
-0.4421681994316976,0.9904245138168335,0.0007743621245026588
-0.4420931794509867,0.9910217523574829,0.0007906367536634207
-0.4420919428173539,1.0093051195144653,0.0007757585262879729
-0.44200287928850646,1.0090103149414062,0.0007786564528942108
-0.44191564006763984,1.0179117918014526,0.0007479925989173353
-0.44188143485562,0.9905401468276978,0.0007412011036649346
-0.4418337461812308,1.0183523893356323,0.000751218234654516
-0.4417855996869169,0.9949938654899597,0.0007472352008335292
-0.441754448086249,0.9970324039459229,0.0007575593190267682
-0.44169225130521844,1.0111685991287231,0.0007647591992281377
-0.4416774644367862,0.9904354810714722,0.0007738135172985494
-0.4416024437156902,0.9911805987358093,0.000790113874245435
-0.4416012147327027,1.0086350440979004,0.0007753400132060051
-0.44151215046330955,1.008659839630127,0.0007782993488945067
-0.44142490885707913,1.0173602104187012,0.0007475981838069856
-0.44139071039078964,0.9910157322883606,0.0007416115840896964
-0.4413430134074744,1.0195136070251465,0.0007514091557823122
-0.44129487382326016,0.9953927993774414,0.0007470183772966266
-0.44126371416070226,0.9964793920516968,0.0007570267771370709
-0.44120152428969084,1.0109139680862427,0.0007644496508873999
-0.4411867294420354,0.9898320436477661,0.0007742205634713173
-0.4411117079805544,0.9917267560958862,0.0007912246510386467
-0.4411104866482122,1.0088996887207031,0.000775775988586247
-0.44102142163795194,1.007047414779663,0.0007785420748405159
-0.4409341776463579,1.017203688621521,0.000747322104871273
-0.4408999859257985,0.9916126728057861,0.0007422888302244246
-0.44085228071590277,1.0185202360153198,0.0007511317962780595
-0.4408041479599246,0.9950025677680969,0.0007470929995179176
-0.44077298023523576,0.9965137243270874,0.0007572934264317155
-0.44071079727440443,1.0110678672790527,0.000764659489504993
-0.44069599444728463,0.989904522895813,0.000774586689658463
-0.4406209722450973,0.9913636445999146,0.0007904781959950924
-0.4406197585637216,1.0070887804031372,0.0007750705117359757
-0.4405306927308918,1.0075154304504395,0.0007783077307976782
-0.4404434464353152,1.015484094619751,0.0007467952673323452
-0.44040926146064674,0.9904356002807617,0.000741467927582562
-0.4403615480246524,1.0190423727035522,0.0007518465863540769
-0.4403134221788543,0.9960879683494568,0.0007481960346922278
-0.44028224630960877,0.9986060261726379,0.0007577742217108607
-0.4402200702594392,1.0114268064498901,0.0007645259029231966
-0.4402052594520518,0.9900600910186768,0.0007743643363937736
-0.44013023642753574,0.9919062852859497,0.0007907635881565511
-0.4401290304787491,1.0091472864151,0.0007750815711915493
-0.44003996390609657,1.008291244506836,0.0007786466157995164
-0.4399527152247546,1.0164390802383423,0.0007476122118532658
-0.43991853691339067,0.99067622423172,0.0007414354477077723
-0.4398708152507353,1.021053433418274,0.0007517931517213583
-0.4398226963153581,0.9955986142158508,0.0007473768200725317
-0.43979151238430303,0.997678816318512,0.0007576814386993647
-0.43972934324407237,1.0093873739242554,0.000764387019444257
-0.4397145244571404,0.9893763065338135,0.000774305546656251
-0.43963950069239993,0.9925198554992676,0.0007909928099252284
-0.43963830239409785,1.009162425994873,0.000775545893702656
-0.43954923499863463,1.0087404251098633,0.0007784646586515009
-0.4394619840964589,1.0163277387619019,0.0007476735045202076
-0.4394278124482389,0.9918599724769592,0.0007416181615553796
-0.43938008255892264,1.0195538997650146,0.0007515494362451136
-0.439331970451862,0.9957340955734253,0.0007474180310964584
-0.4392386162290269,1.0098141431808472,0.0007642377750016749
-0.4392237894623896,0.989703893661499,0.0007751481025479734
-0.4391487649571035,0.9915279150009155,0.0007904439698904753
-0.43914757422734235,1.0080757141113281,0.0007753621321171522
-0.43905850617359843,1.00785231590271,0.0007787081995047629
-0.43897125288573763,1.015623927116394,0.0007468583644367754
-0.43893708798340847,0.9902952313423157,0.0007411339320242405
-0.4388893497853269,1.0192838907241821,0.0007516447803936899
-0.43884124458820517,0.9952138066291809,0.0007477221661247313
-0.43881004461547457,0.9982885122299194,0.0007582384860143065
-0.4387478892139814,1.0096789598464966,0.0007641630945727229
-0.43873305446731753,0.9901440143585205,0.0007745575276203454
-0.43865802922148567,0.991048276424408,0.000790270569268614
-0.4386568461425305,1.0102123022079468,0.0007757028797641397
-0.4385677773484015,1.0064305067062378,0.0007777726277709007
-0.4384805216751769,1.014816403388977,0.0007468484109267592
-0.4384463635186584,0.9911669492721558,0.0007416899898089468
-0.4383986170939962,1.0195338726043701,0.0007517143385484815
-0.438350518806974,0.9942508339881897,0.0007472135475836694
-0.43831931069000807,0.9986080527305603,0.0007570400484837592
-0.4382571621984539,1.0099587440490723,0.0007647732272744179
-0.43824231947256675,0.9891013503074646,0.00077478913590312
-0.43816729340408483,0.9929624199867249,0.0007907113176770508
-0.4381661180580399,1.0089031457901,0.0007758313440717757
-0.4380770484411002,1.0076475143432617,0.000777954701334238
-0.4379897904642949,1.016732096672058,0.0007472318829968572
-0.43795563897132195,0.9921982288360596,0.0007415990694426
-0.4379078843202398,1.0193090438842773,0.0007519622449763119
-0.4378597929436386,0.9955511689186096,0.0007468604017049074
-0.4378285767647024,0.997524082660675,0.0007571890600956976
-0.4377664351832477,1.0093563795089722,0.0007643053540959954
-0.4377515844776552,0.9909226894378662,0.0007746457704342902
-0.437676557668949,0.9914852380752563,0.0007908943807706237
-0.4376753899736297,1.006901741027832,0.0007748469361104071
-0.4375863196162247,1.0078288316726685,0.000778110115788877
-0.4374990592533326,1.0150030851364136,0.0007472287397831678
-0.43746491450633096,0.992547333240509,0.0007416825392283499
-0.43741715162890915,1.0194926261901855,0.0007515247561968863
-0.4373690670803032,0.9956889152526855,0.0007468692492693663
-0.4373378429215009,0.9976440668106079,0.0007584138656966388
-0.4372757081682022,1.0102661848068237,0.0007645293371751904
-0.43726084956468747,0.9898592829704285,0.0007744095055386424
-0.43718582193357225,0.9923433065414429,0.0007908920524641871
-0.43718466188873745,1.0084352493286133,0.0007752244709990919
-0.43709559070908416,1.0067936182022095,0.0007778817089274526
-0.4370083281251173,1.0154266357421875,0.000747014710213989
-0.4369741900411792,0.9912164807319641,0.0007418926688842475
-0.4369264189374178,1.0184402465820312,0.0007507577538490295
-0.4368783412989916,0.9956441521644592,0.00074760866118595
-0.4368471089961952,0.9978979825973511,0.0007577690994367003
-0.436784981152996,1.0087167024612427,0.0007638060487806797
-0.43677011456993675,0.9919313788414001,0.0007750564254820347
-0.4366950861981954,0.9922608733177185,0.0007907322142273188
-0.4366939338037649,1.0080245733261108,0.0007756330887787044
-0.4366048618840479,1.007779598236084,0.0007782562752254307
-0.4365175969145567,1.0147595405578613,0.0007464320515282452
-0.43648346557618806,0.9927761554718018,0.0007417161832563579
-0.43643568616334005,1.0189685821533203,0.0007511309231631458
-0.43638761543541515,0.9955177307128906,0.0007469419506378472
-0.43635637507088954,0.9973131418228149,0.0007575734052807093
-0.4362942542202156,1.009196400642395,0.0007639700197614729
-0.436279379575186,0.9888828992843628,0.0007743957685306668
-0.436204350380634,0.9924860596656799,0.0007910471758805215
-0.43620320571927446,1.0079272985458374,0.000775580876506865
-0.43611413305885094,1.0083808898925781,0.0007781957974657416
-0.43602686570367466,1.0144660472869873,0.000746641424484551
-0.4359927411113577,0.9924421906471252,0.0007426130468957126
-0.43594495347200934,1.020998477935791,0.0007518961792811751
-0.4358968895719191,0.9966307878494263,0.0007475969614461064
-0.43586564114510173,0.9978238940238953,0.0007575506460852921
-0.43580352720517007,1.0076701641082764,0.0007640387048013508
-0.43578864458027444,0.9905915856361389,0.0007750082295387983
-0.43571361464517677,0.9932374954223633,0.0007909356500022113
-0.4357124776347839,1.0090550184249878,0.0007756858831271529
-0.43562340415154976,1.0067826509475708,0.0007784838671796024
-0.4355361345753791,1.0130537748336792,0.0007461759960278869
-0.43550201664652727,0.9911430478096008,0.0007414211286231875
-0.43545422078067864,1.020024299621582,0.0007515145116485655
-0.4354061637905273,0.9968655109405518,0.0007474121521227062
-0.43537490730182,0.9967066049575806,0.000757670437451452
-0.4353128001896426,1.0089656114578247,0.0007647439488209784
-0.43529790958552367,0.9896426200866699,0.0007750085787847638
-0.435222878910041,0.992049515247345,0.0007905053207650781
-0.435221749467707,1.0076473951339722,0.0007749194628559053
-0.43513267532635286,1.0082135200500488,0.0007779951556585729
-0.43504540336465775,1.0138386487960815,0.0007468785042874515
-0.43501129209927125,0.9922119379043579,0.0007420031470246613
-0.4349634880067616,1.0200817584991455,0.0007514305762015283
-0.4349154379271918,0.9947854280471802,0.0007470415439456701
-0.4348841733765946,0.9976561665534973,0.0007574312621727586
-0.4348220731742758,1.0079313516616821,0.0007641479023732245
-0.4348071745904516,0.9902030229568481,0.000774405081756413
-0.4347321430926402,0.9919813275337219,0.0007911354769021273
-0.4347310213832968,1.0076408386230469,0.0007750905933789909
-0.4346419464192926,1.0067107677459717,0.0007776819402351975
-0.43455467215361504,1.014676570892334,0.0007468644180335104
-0.43452056763411945,0.9921701550483704,0.0007415263680741191
-0.4344727553155113,1.0189141035079956,0.0007514107273891568
-0.43442471206385636,0.9946236610412598,0.0007471536519005895
-0.43439343945096753,0.997963547706604,0.0007578415679745376
-0.43433134615931057,1.0081024169921875,0.0007640257244929671
-0.4343164395952188,0.9910405874252319,0.0007750093354843557
-0.43424140735734373,0.9912715554237366,0.0007905957754701376
-0.4342402932985653,1.008218765258789,0.0007752268575131893
-0.4341512175944974,1.0077389478683472,0.0007781993481330574
-0.4340639410253195,1.013068675994873,0.0007460273918695748
-0.43402984316912835,0.991831362247467,0.0007415598374791443
-0.43398202262393953,1.0204111337661743,0.0007520950166508555
-0.4339339862826252,0.9962595105171204,0.000747556216083467
-0.4339027056077661,0.9977383017539978,0.0007575374329462647
-0.4338406191440241,1.0084012746810913,0.0007641903357580304
-0.43382570460054837,0.9906651377677917,0.000774814048781991
-0.4337506716220472,0.9931181073188782,0.0007905615493655205
-0.43374956521359265,1.0073081254959106,0.0007748667849227786
-0.4336604887693005,1.0075160264968872,0.000777636596467346
-0.4335732098147588,1.0142112970352173,0.0007467333925887942
-0.43353911870397666,0.9912816882133484,0.000741726893465966
-0.43349128984986185,1.021615743637085,0.0007517666672356427
-0.4334432604191291,0.9949304461479187,0.0007472686702385545
-0.4334119716824604,0.997539758682251,0.0007578218355774879
-0.4333498921289786,1.006555438041687,0.000764179858379066
-0.4333349696881429,0.9912424087524414,0.0007752199890092015
-0.4332599358865901,0.9925296902656555,0.0007909670821391046
-0.4332588371291022,1.0073386430740356,0.0007749256328679621
-0.43316975986167794,1.0066196918487549,0.000777522218413651
-0.43308247868630256,1.013561725616455,0.0007465739035978913
-0.43304839423898556,0.9924076795578003,0.0007420445326715708
-0.43300055715853114,1.0205107927322388,0.0007516054320149124
-0.4329525345554723,0.995736837387085,0.0007470825803466141
-0.4329212377568332,0.9964251518249512,0.0007568643195554614
-0.43285916519619805,1.00631582736969,0.0007636347436346114
-0.43284423469307076,0.9896597266197205,0.0007748290081508458
-0.4327692001512936,0.9925575852394104,0.0007908119005151093
-0.43276810904461166,1.0072458982467651,0.0007749688229523599
-0.4326790310366416,1.0074433088302612,0.0007774067926220596
-0.4325917474757418,1.0130506753921509,0.0007459169719368219
-0.4325576697741551,0.9926660060882568,0.0007418843451887369
-0.43250982446720043,1.0192722082138062,0.0007521049119532108
-0.43246180877424123,0.9939857721328735,0.0007468730909749866
-0.43243050383104553,0.9987044334411621,0.0007582177640870214
-0.43236843818067056,1.0073996782302856,0.0007643968565389514
-0.4323534996981594,0.98866206407547,0.0007748201605863869
-0.4322784643338928,0.991012454032898,0.0007907723193056881
-0.43227738095996043,1.0070903301239014,0.0007748280186206102
-0.43218830221176613,1.0081849098205566,0.0007777917780913413
-0.4321010162648599,1.012212872505188,0.0007458416512235999
-0.43206694530908374,0.9916046261787415,0.0007413201965391636
-0.43201909169344405,1.0208741426467896,0.0007522663217969239
-0.4319710829109057,0.9959170818328857,0.0007472442230209708
-0.43193976998808514,0.9991317391395569,0.000757895817514509
-0.43187771116546436,1.0061349868774414,0.0007635170477442443
-0.43186276470308727,0.9901584386825562,0.0007753663812763989
-0.43178772859875697,0.9904963970184326,0.0007906454848125577
-0.43178665287514856,1.0091540813446045,0.0007754585822112858
-0.4316975733043042,1.0067534446716309,0.0007782503962516785
-0.43161028513608224,1.0127307176589966,0.0007460132474079728
-0.43157622084385167,0.9922584295272827,0.0007420865586027503
-0.4315283590021135,1.0199697017669678,0.0007514248136430979
-0.43148035712983535,0.9953488111495972,0.0007471872959285975
-0.4314490360628597,0.9969034194946289,0.0007579468656331301
-0.4313869841504189,1.0057846307754517,0.0007639922550879419
-0.43137202970817573,0.9892500042915344,0.0007745101465843618
-0.4312969928632998,0.9914923310279846,0.0007905233651399612
-0.43129592479049733,1.0066092014312744,0.0007751724333502352
-0.43120684447950897,1.008172631263733,0.0007774755940772593
-0.4311195539256019,1.0122113227844238,0.0007460827473551035
-0.4310854963790212,0.9918225407600403,0.0007419505855068564
-0.43103762631062204,1.0206902027130127,0.0007523290114477277
-0.43098963126601786,0.9969711899757385,0.0007480308413505554
-0.4309583021372326,0.998275101184845,0.0007577862124890089
-0.43089625713521273,1.0066683292388916,0.0007639042451046407
-0.43088129471318404,0.9900254011154175,0.0007751173689030111
-0.43080625712776244,0.9919065237045288,0.0007906944956630468
-0.4308051967058461,1.00727117061615,0.000775266089476645
-0.4307161155721274,1.007629156112671,0.0007779091829434037
-0.4306288227973866,1.0124764442443848,0.000745849683880806
-0.4305947719141909,0.9932305812835693,0.0007425773073919117
-0.4305468935365443,1.020211935043335,0.0007518351776525378
-0.43049890540244135,0.9965804219245911,0.0007475803140550852
-0.4304675682941919,0.9974803328514099,0.0007569988374598324
-0.4304055301201672,1.0066953897476196,0.0007638303795829415
-0.43039055980077856,0.9907039999961853,0.0007750524091534317
-0.4303155213101205,0.9929345846176147,0.000790941237937659
-0.43031446862135564,1.0054484605789185,0.0007752513629384339
-0.4302253867467699,1.0058414936065674,0.0007769672083668411
-0.4301380915865046,1.0128639936447144,0.0007461856002919376
-0.4301040474490391,0.9933574795722961,0.0007420826004818082
-0.4300561608452136,1.0191819667816162,0.0007515741745010018
-0.43000817962145127,0.9962639212608337,0.0007476877653971314
-0.4299768343687254,0.9991432428359985,0.0007567837601527572
-0.42991480318706543,1.0048924684524536,0.0007639091345481575
-0.42989982480602784,0.9900909066200256,0.0007748311036266387
-0.4298247855749848,0.991158664226532,0.0007905667298473418
-0.42982374053686506,1.006771445274353,0.0007751891389489174
-0.4297346579218943,1.0065075159072876,0.0007771095260977745
-0.42964736045804824,1.0125775337219238,0.0007460544584318995
-0.4296133229842086,0.9929900169372559,0.0007419940084218979
-0.4295654281538829,1.0198910236358643,0.0007515548495575786
-0.42951745375779443,0.9962043762207031,0.0007474118028767407
-0.42948610052520275,0.9989107251167297,0.0007574382470920682
-0.42942407617153794,1.0051828622817993,0.0007633148925378919
-0.4294090898109556,0.9890940189361572,0.0007747678901068866
-0.42933404983968837,0.9916539192199707,0.0007906484534032643
-0.4293330124520532,1.007296085357666,0.0007751207449473441
-0.4292439290147538,1.0073144435882568,0.0007773883990012109
-0.42915662924716635,1.011056661605835,0.0007455709856003523
-0.42912259851921764,0.9936269521713257,0.0007420905749313533
-0.42907469546223087,1.0191001892089844,0.0007514291210100055
-0.4290267279767239,0.9960412979125977,0.0007473583682440221
-0.42899536659989695,0.9999470114707947,0.0007578035001643002
-0.4289333491564924,1.005391001701355,0.000763571064453572
-0.4289183548160442,0.9903056621551514,0.0007750001386739314
-0.42884331410455256,0.9920229315757751,0.0007907857070676982
-0.42884228436740196,1.0075364112854004,0.000775971682742238
-0.4287532001897175,1.0070353746414185,0.000777010340243578
-0.42866589811871003,1.0100207328796387,0.0007452088175341487
-0.4286318740539052,0.9927502274513245,0.000741969735827297
-0.4285839626884745,1.0190385580062866,0.0007516076439060271
-0.4285360021133885,0.9946482181549072,0.0007469173287972808
-0.42850463267459127,0.9991866946220398,0.0007580211968161166
-0.4284426221415272,1.0056602954864502,0.0007633560453541577
-0.4284276198209721,0.989350438117981,0.000774838961660862
-0.4283525782871517,0.9918622374534607,0.0007908744737505913
-0.42835155628267046,1.0071284770965576,0.0007754298276267946
-0.42826247136484197,1.0067781209945679,0.0007769876974634826
-0.4281751669904143,1.0108065605163574,0.0007456298335455358
-0.42814114958907473,0.9934159517288208,0.0007419674657285213
-0.42809322999690286,1.0205541849136353,0.0007520589861087501
-0.428045276249571,0.9959970116615295,0.0007469722768291831
-0.4280138988313898,0.9988464117050171,0.0007572342292405665
-0.42795189512624077,1.0050958395004272,0.0007637516246177256
-0.4279368849083257,0.9905160069465637,0.0007752241799607873
-0.4278618425515339,0.9931913614273071,0.0007912482251413167
-0.42786082819793886,1.007082462310791,0.0007756762788631022
-0.4277717424575407,1.007190465927124,0.0007771701784804463
-0.4276844357798537,1.008955478668213,0.0007453352445736527
-0.4276504251242444,0.9930133819580078,0.0007420020992867649
-0.4276024973053311,1.0199002027511597,0.0007515813340432942
-0.4275545504680989,0.9944707155227661,0.0007464541704393923
-0.42752316490576275,0.9990962147712708,0.0007580374949611723
-0.4274611681934602,1.004850149154663,0.0007634097710251808
-0.4274461499135748,0.9897245764732361,0.0007747086347080767
-0.42737110681615703,0.9912202954292297,0.000790937221609056
-0.42737010011344845,1.0065453052520752,0.0007751235389150679
-0.42728101363218307,1.0070126056671143,0.0007768098148517311
-0.4271937046513974,1.0111464262008667,0.0007456217426806688
-0.4271597006592533,0.9932195544242859,0.00074199860682711
-0.4271117646140004,1.0197045803070068,0.0007524259272031486
-0.42706382460484377,0.9956423044204712,0.0007469941047020257
-0.4270324309802964,0.9992138743400574,0.0007574406336061656
-0.426970441178254,1.0055261850357056,0.0007632193737663329
-0.42695541491882405,0.9910075664520264,0.0007747163181193173
-0.4268803710811016,0.992408037185669,0.0007910489803180099
-0.42687937202895787,1.0065525770187378,0.0007756534614600241
-0.4267902848073076,1.0066752433776855,0.0007767403149046004
-0.42670297344051544,1.009345531463623,0.0007456392631866038
-0.42666897619442284,0.9928994178771973,0.000741833820939064
-0.4266210318404047,1.0197991132736206,0.000751387095078826
-0.42657309882377337,0.9957903027534485,0.0007468186668120325
-0.4265416971369343,0.9977630376815796,0.0007574902265332639
-0.4264797141627265,1.006201982498169,0.0007637473754584789
-0.4264646799235913,0.990704357624054,0.0007751324446871877
-0.42638963534564445,0.9911965131759644,0.0007909580017440021
-0.42638864394430664,1.0084867477416992,0.0007758047431707382
-0.42629955590016705,1.005603551864624,0.0007765223854221404
-0.4262122423120591,1.0090057849884033,0.0007453985745087266
-0.42617825172927115,0.9937228560447693,0.0007424073992297053
-0.4261302991489133,1.0197442770004272,0.0007518664351664484
-0.42608237296011653,0.9951300024986267,0.0007470910204574466
-0.4260509632117089,0.9989675283432007,0.0007576525676995516
-0.425988987147681,1.0047612190246582,0.0007633991190232337
-0.4259739450109448,0.9900747537612915,0.0007747250492684543
-0.4258988995282436,0.9920825362205505,0.0007916393806226552
-0.42589791585949477,1.0073355436325073,0.0007751418161205947
-0.42580882707497014,1.0072509050369263,0.0007768123177811503
-0.42572151118344215,1.0103347301483154,0.0007453480502590537
-0.425687527264039,0.99221271276474,0.000741917232517153
-0.4256395664572613,1.0180490016937256,0.000750787032302469
-0.4255916471790461,0.9960873126983643,0.0007474457961507142
-0.4255602293687485,0.9991022944450378,0.000757501635234803
-0.42549826021490056,1.0057581663131714,0.0007643658318556845
-0.42548321001619405,0.9898942112922668,0.0007746564806438982
-0.42540816379294716,0.9917845726013184,0.0007910493295639753
-0.42540718777484354,1.0066066980361938,0.000774926389567554
-0.4253180981679099,1.0074172019958496,0.0007774504483677447
-0.42523077997296177,1.009242057800293,0.0007449191762134433
-0.42519680279928895,0.9946517944335938,0.0007427545497193933
-0.42514883376576995,1.0195081233978271,0.000751809508074075
-0.42510092131555,0.9958559274673462,0.0007473870646208525
-0.42506949544312145,0.9982300996780396,0.0007581909885630012
-0.425007533199614,1.0048675537109375,0.0007632605847902596
-0.424992475021122,0.9906724095344543,0.0007754153339192271
-0.42491742805732935,0.9912742972373962,0.0007912790169939399
-0.4249164596901923,1.0072383880615234,0.0007757170824334025
-0.4248273693427933,1.005738377571106,0.0007763034082017839
-0.4247400488447465,1.0098876953125,0.0007451349520124495
-0.4247060783344586,0.9951042532920837,0.0007425014628097415
-0.42465810099201357,1.0191993713378906,0.0007513487944379449
-0.4246101955339975,0.9956055879592896,0.0007469874690286815
-0.42457876151765495,0.9988950490951538,0.0007577856304123998
-0.4245168061843276,1.0048211812973022,0.0007639756076969206
-0.4245017400264516,0.9909923076629639,0.0007751192897558212
-0.42442669232219354,0.9931197166442871,0.0007912204600870609
-0.42442573160570185,1.0072842836380005,0.000775309803429991
-0.42433664051743575,1.0053315162658691,0.000776386761572212
-0.4242493177161295,1.00994873046875,0.0007452648715116084
-0.4242153538693068,0.9933727383613586,0.0007418515742756426
-0.42416736830068286,1.0189905166625977,0.0007514288881793618
-0.42411946967066194,0.9951793551445007,0.0007469077245332301
-0.4240880276742929,0.9979625344276428,0.000757792848162353
-0.4240260792513863,1.0043830871582031,0.0007636185619048774
-0.4240110051140461,0.9900866150856018,0.0007750558434054255
-0.42393595658705774,0.9915066361427307,0.0007912252913229167
-0.4239350035212113,1.0074080228805542,0.0007752415258437395
-0.42384591161029517,1.006625771522522,0.0007764428737573326
-0.4237585865873518,1.0108058452606201,0.0007460482302121818
-0.4237246294867414,0.9951428174972534,0.000742678064852953
-0.42367663560935215,1.019970417022705,0.0007514171302318573
-0.4236287438895916,0.9946413040161133,0.0007469150004908442
-0.4235972937488265,0.9988956451416016,0.0007577177602797747
-0.4235353522360195,1.0030007362365723,0.000763478281442076
-0.42352027011881327,0.9899479746818542,0.0007751522934995592
-0.4234452207694963,0.9916458129882812,0.0007913640001788735
-0.4234442754363994,1.0074478387832642,0.0007761875167489052
-0.4233551827854196,1.0057450532913208,0.0007763036410324275
-0.4232678553766306,1.0095946788787842,0.0007455726154148579
-0.4232339050217503,0.9942620396614075,0.0007420399342663586
-0.42318590291770014,1.0197958946228027,0.0007513488526456058
-0.4231380180260954,0.9961503148078918,0.0007467238465324044
-0.42310655990578583,0.9987064003944397,0.0007581329555250704
-0.4230446252208133,1.0039352178573608,0.0007634406792931259
-0.4230295351237412,0.9915800094604492,0.0007760122534818947
-0.4229544850343605,0.9920759201049805,0.0007913882145658135
-0.42295354735174817,1.005292534828186,0.0007748444913886487
-0.4228644539603834,1.0068049430847168,0.0007766784401610494
-0.4227771242483349,1.0087316036224365,0.0007448007818311453
-0.42274318055643795,0.9937226176261902,0.0007431695121340454
-0.4226951702262088,1.0195659399032593,0.0007514823228120804
-0.4226472922447036,0.994966983795166,0.0007464648806490004
-0.42261582598048,0.9989298582077026,0.0007574883056804538
-0.42255389820576783,1.0036375522613525,0.0007638938841409981
-0.4225388001289904,0.9910731911659241,0.000775410037022084
-0.4224637492989034,0.9911987781524658,0.0007908539264462888
-0.4224628192669363,1.008529543876648,0.0007757178391329944
-0.4223737250532428,1.0049991607666016,0.0007764193578623235
-0.4222863931197179,1.0090903043746948,0.0007456938619725406
-0.4222524560916075,0.9943456053733826,0.0007425705553032458
-0.4222044375345568,1.019161343574524,0.0007520457147620618
-0.4221565663812075,0.9956257343292236,0.0007473392179235816
-0.42212509213727867,0.9981571435928345,0.0007577043143101037
-0.42206317127298737,1.002172827720642,0.0007628469029441476
-0.422048065216344,0.9900253415107727,0.0007750282529741526
-0.4219730135632855,0.9916669726371765,0.0007908130064606667
-0.42197209118228507,1.0073330402374268,0.0007753713871352375
-0.42188299622812625,1.0048089027404785,0.0007758343126624823
-0.4217956619915026,1.0092183351516724,0.0007451392011716962
-0.42176173162677705,0.9945974349975586,0.0007425426156260073
-0.4217137047608004,1.0199981927871704,0.0007518384954892099
-0.4216658405998157,0.9954438209533691,0.0007467837422154844
-0.4216343582116515,1.0001475811004639,0.0007578597287647426
-0.4215724442574599,1.0025898218154907,0.0007631616899743676
-0.42155733022159325,0.9907000064849854,0.0007745373295620084
-0.42148227782823,0.9916189908981323,0.0007908687693998218
-0.4214813630977946,1.0052272081375122,0.0007747771451249719
-0.421392267402849,1.0065568685531616,0.0007763379253447056
-0.42130493078102227,1.0074901580810547,0.0007446855306625366
-0.421271007161786,0.9949972033500671,0.0007425964577123523
-0.42122297206930903,1.0194129943847656,0.0007519521750509739
-0.42117511473656055,0.9960837364196777,0.0007468782132491469
-0.4211436243684502,1.0007003545761108,0.0007580118253827095
-0.42108171724225374,1.0030486583709717,0.0007634863723069429
-0.42106659522684237,0.9924662709236145,0.00077528425026685
-0.4209915420109096,0.9910440444946289,0.0007909854757599533
-0.4209906350133041,1.0091651678085327,0.000775931344833225
-0.4209015384957085,1.006481647491455,0.0007762574823573232
-0.42081419965224465,1.0092408657073975,0.0007451557321473956
-0.42078028277873863,0.994211733341217,0.0007421937771141529
-0.4207322393779783,1.0196912288665771,0.000751215498894453
-0.4206843889555705,0.9959128499031067,0.0007484088419005275
-0.42065289044282306,0.9974526762962341,0.0007575731724500656
-0.4205909903094732,1.003675937652588,0.000763248885050416
-0.4205758603138746,0.992767870426178,0.0007758422289043665
-0.42050080627545244,0.9919124841690063,0.0007913414156064391
-0.4204999069283315,1.0073939561843872,0.000775438966229558
-0.4204108096708329,1.0058692693710327,0.0007757496787235141
-0.4203234685236276,1.008160948753357,0.0007448168471455574
-0.42028955831358683,0.9935182332992554,0.0007421281188726425
-0.4202415066866476,1.0200743675231934,0.0007516060140915215
-0.4201936631741786,0.9935415387153625,0.0007469845004379749
-0.42016215659978234,0.9999406933784485,0.0007578889490105212
-0.42010026329410644,1.0026624202728271,0.0007629442261531949
-0.4200851253186418,0.9909234642982483,0.0007751620141789317
-0.42001007054015593,0.9914830327033997,0.0007914710440672934
-0.4200091788436803,1.005755066871643,0.0007753853569738567
-0.4199200808456359,1.0068203210830688,0.000776245491579175
-0.41983273739533206,1.008023738861084,0.0007448691758327186
-0.4197988338487564,0.9941253662109375,0.0007424005307257175
-0.41975077399483496,1.0201807022094727,0.0007510946015827358
-0.41970293731068253,0.995415985584259,0.0007470669806934893
-0.4196714226745569,0.9996310472488403,0.0007580030942335725
-0.41960953627906095,1.0027474164962769,0.0007631279877386987
-0.419594390323891,0.9914080500602722,0.0007752877427265048
-0.41951933480469883,0.9905174970626831,0.0007903737714514136
-0.4195184508414548,1.006546974182129,0.0007751383236609399
-0.41942935193833475,1.0054599046707153,0.0007759343134239316
-0.41934200626687573,1.0068097114562988,0.0007445852970704436
-0.4193081093837654,0.9956448674201965,0.0007430929690599442
-0.41926004130318295,1.0212041139602661,0.0007514681201428175
-0.4192122115292908,0.995678722858429,0.0007471342105418444
-0.41918068883127524,0.9983240962028503,0.0007576461066491902
-0.4191188093463607,1.0030444860458374,0.0007634142530150712
-0.41910365541140526,0.990959644317627,0.0007755158585496247
-0.4190285990694024,0.9908971190452576,0.0007908223778940737
-0.4190277227567232,1.005825400352478,0.0007750781369395554
-0.4189386231132182,1.0067615509033203,0.0007763034664094448
-0.41885127513858,1.0080255270004272,0.0007448535761795938
-0.41881738500119997,0.9953017830848694,0.0007427657837979496
-0.4187693086119325,1.0193288326263428,0.0007507857517339289
-0.4187214856657947,0.994915246963501,0.0007466960232704878
-0.41868995490580874,0.9999023079872131,0.0007587477448396385
-0.41862808233091353,1.0032835006713867,0.0007634687353856862
-0.4186129204164939,0.9902855753898621,0.00077526067616418
-0.4185378632516802,0.9933416247367859,0.00079155940329656
-0.418536994672313,1.0062167644500732,0.0007754922844469547
-0.4184478942881016,1.0065902471542358,0.0007761256420053542
-0.4183605440101238,1.006864070892334,0.0007442849455401301
-0.4183266605363695,0.9960043430328369,0.000742708274628967
-0.4182785759203609,1.0200374126434326,0.0007519855280406773
-0.4182307598847242,0.9941703677177429,0.0007465790258720517
-0.4181992210624466,0.9987050294876099,0.0007579050725325942
-0.4181373553155467,1.0020232200622559,0.0007629392785020173
-0.4181221854217431,0.9911547303199768,0.0007749619544483721
-0.41804712751662476,0.9918614625930786,0.0007910038693808019
-0.4180462665878225,1.005648136138916,0.0007755196420475841
-0.41795716538096106,1.0052531957626343,0.0007758515421301126
-0.41786981288134617,1.0070314407348633,0.0007447082316502929
-0.41783593607105707,0.9952519536018372,0.0007435994339175522
-0.41778784314676515,1.019344687461853,0.000751072948332876
-0.41774003402138876,0.9968870282173157,0.0007472459110431373
-0.4177084871369803,0.9988227486610413,0.0007574476185254753
-0.4176466283827662,1.001579761505127,0.0007629901519976556
-0.4176314505090966,0.9903240203857422,0.0007749541546218097
-0.41755639178156934,0.9914782047271729,0.0007904005469754338
-0.4175555385028499,1.0076030492782593,0.0007760064909234643
-0.4174664365560855,1.0056699514389038,0.0007752898964099586
-0.4173790817530505,1.0063180923461914,0.00074433209374547
-0.4173452116060661,0.9957194328308105,0.0007426530355587602
-0.4172971104552738,1.0188558101654053,0.0007510596769861877
-0.4172493082401576,0.9961203932762146,0.0007469790289178491
-0.41721775329361815,0.9977765679359436,0.0007574339979328215
-0.41715590136756003,1.000996470451355,0.0007626385777257383
-0.41714071551386384,0.992784321308136,0.0007760858861729503
-0.41706565604611207,0.9929918050765991,0.0007912781438790262
-0.4170648104180381,1.0056962966918945,0.0007754935650154948
-0.41697570773104925,1.0056806802749634,0.0007758599240332842
-0.4168883506247548,1.007999300956726,0.0007448158576153219
-0.4168544872235006,0.9959118366241455,0.0007433178252540529
-0.41680637776346097,1.019644021987915,0.0007512778975069523
-0.4167585824587658,0.9950709939002991,0.0007469123229384422
-0.41672701936839285,1.0005602836608887,0.0007582817343063653
-0.4166651744347796,1.0021448135375977,0.0007630030740983784
-0.41664998051911306,0.9918054342269897,0.0007759607397019863
-0.4165749203108156,0.992017388343811,0.0007911853026598692
-0.41657408233354754,1.0058982372283936,0.0007756558479741216
-0.4164849788235874,1.006347417831421,0.0007753628888167441
-0.4163976194961379,1.0050132274627686,0.0007438581087626517
-0.41636376275842923,0.994629979133606,0.0007427979144267738
-0.4163156450721303,1.0189251899719238,0.0007511646836064756
-0.4162678565952697,0.9956967234611511,0.0007466818206012249
-0.416236285525111,0.9995067715644836,0.0007576181669719517
-0.4161744474197341,1.0010902881622314,0.0007630441104993224
-0.4161592456066272,0.9906377792358398,0.0007752295932732522
-0.41608418457535845,0.9935415983200073,0.0007914933376014233
-0.4160833542488963,1.0046275854110718,0.0007749081705696881
-0.4159942499985511,1.0054175853729248,0.0007752199308015406
-0.4159068883679225,1.0072975158691406,0.0007446926319971681
-0.41587303829367916,0.9963136911392212,0.0007431263802573085
-0.4158249123807997,1.0193792581558228,0.000751185289118439
-0.4157771308138779,0.9953558444976807,0.0007469073752872646
-0.4157455515993233,0.9981861114501953,0.00075759511673823
-0.4156837204042065,1.0006228685379028,0.0007627336890436709
-0.41566851061155513,0.9908839464187622,0.0007749762153252959
-0.4155934487577971,0.9914571642875671,0.0007906307582743466
-0.41559262616440573,1.0066196918487549,0.0007756463601253927
-0.4155035211734346,1.0060936212539673,0.0007755673141218722
-0.41541615723938585,1.0069764852523804,0.0007447295938618481
-0.41538231391111374,0.997359573841095,0.0007432157872244716
-0.41533417968930825,1.019840121269226,0.0007515159668400884
-0.41528640503288783,0.9952465295791626,0.0007468336843885481
-0.41525481775628253,0.9994342923164368,0.0007587081636302173
-0.41519299347126537,1.0011414289474487,0.0007628931780345738
-0.4151777756166437,0.990818440914154,0.0007755072438158095
-0.4151027130226613,0.9904813766479492,0.000790248392149806
-0.41510189816218024,1.0053988695144653,0.0007753304089419544
-0.41501279226637433,1.0065972805023193,0.0007759431027807295
-0.41492542611060823,1.0065292119979858,0.0007448340766131878
-0.4148915894458013,0.9965303540229797,0.000743635231629014
-0.41484344699797754,1.0191118717193604,0.0007512877346016467
-0.41479567916963267,0.9958517551422119,0.0007473531877622008
-0.4147640838309768,1.0001882314682007,0.0007587341824546456
-0.4147022664562198,1.001178503036499,0.0007630629697814584
-0.4146870407039972,0.9926602840423584,0.0007757131243124604
-0.4146119772875254,0.9910991191864014,0.00079113565152511
-0.4146111700772077,1.006959319114685,0.0007757312851026654
-0.4145220634414987,1.0040569305419922,0.0007748277275823057
-0.41443469498231267,1.004411220550537,0.0007436635787598789
-0.41440086498064954,0.9960950016975403,0.0007427922682836652
-0.41435271430632553,1.0195835828781128,0.0007510775467380881
-0.41430495338824086,0.9947450160980225,0.0007468156982213259
-0.4142733499877754,0.9992817044258118,0.0007582431426271796
-0.41421153952311807,0.9999980330467224,0.0007630584295839071
-0.4141963057089251,0.9934673309326172,0.0007760918815620244
-0.41412124155190766,0.9920892119407654,0.0007906705141067505
-0.4141204419925565,1.006132960319519,0.000775797467213124
-0.4140313346163019,1.0046253204345703,0.0007754851249046624
-0.413943963854017,1.005556583404541,0.0007437635213136673
-0.4139101405980841,0.997926652431488,0.0007431176491081715
-0.4138619816145128,1.0195528268814087,0.0007518143975175917
-0.41381422752474467,0.9950640201568604,0.0007468995172530413
-0.41378261614473466,0.9995269179344177,0.0007582500693388283
-0.4137208125080726,1.0008978843688965,0.0007634228677488863
-0.4137055707964394,0.9923787713050842,0.0007754612597636878
-0.41363050581661115,0.9919454455375671,0.0007908825646154583
-0.413629713908066,1.0056065320968628,0.0007756564300507307
-0.4135406057912656,1.006431221961975,0.0007752339588478208
-0.4134532327255606,1.003918170928955,0.0007439329056069255
-0.4134194161330931,0.9952359795570374,0.0007428377284668386
-0.41337124892318217,1.0181968212127686,0.0007506434340029955
-0.413323501743353,0.9954443573951721,0.0007466464303433895
-0.4132918822192682,0.998721182346344,0.0007577696815133095
-0.41323008549302703,1.0005606412887573,0.0007630821783095598
-0.4132148358016886,0.9912477731704712,0.0007756543927825987
-0.41313977008147534,0.9927027821540833,0.0007908325642347336
-0.41313898582325415,1.0067176818847656,0.0007759782020002604
-0.4130498768838038,1.0056562423706055,0.0007751031080260873
-0.41296250159726494,1.0046160221099854,0.0007440109038725495
-0.4129286917505277,0.9976902008056641,0.0007434235303662717
-0.41288051623185146,1.0206459760665894,0.0007513895980082452
-0.4128327759621218,0.9941880702972412,0.0007473013829439878
-0.41280114837574555,0.999557375907898,0.0007581838872283697
-0.41273935855976446,1.0014488697052002,0.0007634599460288882
-0.4127241008067772,0.9921148419380188,0.0007752830861136317
-0.4126490342637532,0.9912693500518799,0.000790944613981992
-0.4126482577386029,1.0064775943756104,0.0007760762237012386
-0.4125591480587675,1.005477786064148,0.0007752086385153234
-0.41247177046872835,1.0061589479446411,0.0007440163171850145
-0.41243796728553656,0.9964138269424438,0.0007426644442602992
-0.4123897835403601,1.0191514492034912,0.0007521099178120494
-0.4123420500987863,0.9946187734603882,0.0007469778065569699
-0.41231041445043976,0.9988794922828674,0.0007577065262012184
-0.4122486315445583,0.9993263483047485,0.0007626971928402781
-0.4122333658940504,0.9914957880973816,0.0007756499690003693
-0.4121582985286978,0.9915521144866943,0.0007901196950115263
-0.41215752973637737,1.006121277809143,0.0007755354163236916
-0.4120684192338919,1.0045478343963623,0.0007744586328044534
-0.41198103934003105,1.0050976276397705,0.0007439599721692502
-0.4119472428202241,0.9962566494941711,0.0007430821424350142
-0.4118990508490294,1.0185878276824951,0.0007510766154155135
-0.4118513243177159,0.9944610595703125,0.0007466055103577673
-0.41181968060739904,1.0001177787780762,0.0007579594384878874
-0.41175790461177786,1.0005159378051758,0.0007627781014889479
-0.4117426308990586,0.9920147657394409,0.0007759099244140089
-0.41166756279364225,0.9939230680465698,0.0007908924599178135
-0.41166680165172614,1.006557822227478,0.000776626926381141
-0.41157769032675134,1.005353569984436,0.000775035354308784
-0.4114903082117354,1.0052902698516846,0.0007442609639838338
-0.41145651843765874,0.9965736269950867,0.0007428983226418495
-0.41140831815753803,1.018640160560608,0.000751376966945827
-0.4113605985361634,0.9948759078979492,0.0007467939285561442
-0.411328946764037,0.9998912215232849,0.0007585813873447478
-0.41126717759657166,0.9999239444732666,0.0007629069150425494
-0.4112518959864121,0.991145133972168,0.0007750599761493504
-0.4111768270580244,0.990697979927063,0.0007905862294137478
-0.4111760735667536,1.0057190656661987,0.0007754073012620211
-0.4110869615017151,1.0058262348175049,0.0007746994961053133
-0.41099957716570473,1.0036433935165405,0.0007436266168951988
-0.41096579397282834,0.9971699118614197,0.0007429427932947874
-0.4109175854657253,1.019694209098816,0.0007511301664635539
-0.41086987275461095,0.9945700168609619,0.0007471543503925204
-0.41083821283873123,1.0010710954666138,0.0007585218991152942
-0.4107764506637912,1.0000770092010498,0.0007629333413206041
-0.4107611609916613,0.992504894733429,0.000775946828071028
-0.41068609132240663,0.990834653377533,0.0007902890793047845
-0.41068534548226304,1.0064327716827393,0.0007757513667456806
-0.41059623267651824,1.0039886236190796,0.000774628366343677
-0.4105088460370877,1.002970814704895,0.0007433397113345563
-0.4104750695899416,0.9985169768333435,0.0007435392471961677
-0.41042685277439467,1.0191527605056763,0.0007509491988457739
-0.4103791468912755,0.9954116940498352,0.0007470301352441311
-0.4103474789955298,0.9987437725067139,0.0007580759120173752
-0.41028572364842436,0.9995147585868835,0.0007630998734384775
-0.41027042599691055,0.9914491772651672,0.0007754083489999175
-0.4101953555872708,0.9929362535476685,0.0007907322142273188
-0.4101946173977725,1.0055986642837524,0.0007761509623378515
-0.41010550376921695,1.0043853521347046,0.0007746499613858759
-0.41001811490879214,1.004632830619812,0.0007441024645231664
-0.40998434512519155,0.9965632557868958,0.0007429167162626982
-0.40993612008306396,1.01839280128479,0.0007513024029321969
-0.40988842111020507,0.9952893257141113,0.0007470051059499383
-0.4098567450697421,0.998563826084137,0.0007577217766083777
-0.40979499671516184,0.9988237023353577,0.0007630749605596066
-0.4097796910841035,0.9910805821418762,0.0007761669694446027
-0.409704619852135,0.991825520992279,0.0007905480451881886
-0.409703889395306,1.0060720443725586,0.0007758343126624823
-0.4096147749441004,1.0058872699737549,0.0007743365713395178
-0.4095273837803358,1.0016117095947266,0.0007428933749906719
-0.40949362074238504,0.9981338381767273,0.000743915094062686
-0.4094453873914922,1.0182485580444336,0.0007507314439862967
-0.40939769532897385,0.9950962066650391,0.0007473067380487919
-0.40936601122670135,0.9992340207099915,0.0007581510581076145
-0.4093042697001967,0.9990418553352356,0.0007627129089087248
-0.40928895608919197,0.9928604364395142,0.0007760754670016468
-0.40921388411667786,0.991984486579895,0.0007908905390650034
-0.4092131613105744,1.0058797597885132,0.0007762433961033821
-0.4091240461189839,1.0050873756408691,0.0007746033952571452
-0.40903665265155814,1.0035492181777954,0.0007433386635966599
-0.40900289627707276,0.9983097314834595,0.0007433308637700975
-0.4089546547002419,1.0198707580566406,0.0007516563055105507
-0.4089069694656385,0.9956843256950378,0.0007472428842447698
-0.40887527738366053,0.9991060495376587,0.0007580201490782201
-0.4088135427674965,0.9981769919395447,0.0007623477722518146
-0.4087982211764652,0.9911132454872131,0.0007752157980576158
-0.4087231482993574,0.9915513396263123,0.0007907120161689818
-0.40872243322592317,1.0069501399993896,0.0007757366402074695
-0.40863331729410823,1.0045806169509888,0.0007744869799353182
-0.4085459216055275,1.0033814907073975,0.0007434382569044828
-0.40851217189450734,0.9982509016990662,0.000743381679058075
-0.4084639220085898,1.0196365118026733,0.0007518083439208567
-0.4084162436844073,0.9948621392250061,0.00074689497705549
-0.4083845434581942,0.999301016330719,0.0007582725374959409
-0.4083228157521297,0.9996330738067627,0.0007627552258782089
-0.4083074861814735,0.9908842444419861,0.0007756339036859572
-0.40823241256398063,0.9923362135887146,0.0007912747096270323
-0.4082317051411113,1.0050091743469238,0.0007756177219562232
-0.40814258838680706,1.0056028366088867,0.0007747408817522228
-0.4080551904772318,1.0029796361923218,0.0007434166618622839
-0.40802144742967683,0.9987435936927795,0.0007434739382006228
-0.40797318931677706,1.0181456804275513,0.0007505317335017025
-0.40792551790285486,0.9948081374168396,0.0007467425311915576
-0.4078938096151535,1.0000773668289185,0.0007585338898934424
-0.4078320888193492,0.9990265369415283,0.0007626724545843899
-0.407816751268827,0.9916315078735352,0.0007752481615170836
-0.4077416768283627,0.9905612468719482,0.0007900879136286676
-0.4077409771388858,1.0055185556411743,0.0007755376282148063
-0.40765185956144945,1.004727840423584,0.0007745351176708937
-0.4075644593487756,1.002771019935608,0.0007429419783875346
-0.40753072304695076,0.9996001124382019,0.0007434878498315811
-0.4074824566254464,1.0189393758773804,0.0007509452989324927
-0.40743479212178435,0.9945569634437561,0.0007465568487532437
-0.40740307577179136,0.9988715052604675,0.0007581057143397629
-0.40734136180414304,0.9989036321640015,0.0007625104044564068
-0.4073260162740762,0.9922852516174316,0.000775613880250603
-0.4072509410932269,0.9936149716377258,0.0007909536943770945
-0.40725024905439533,1.005995512008667,0.0007758914143778384
-0.407161130736574,1.0055855512619019,0.0007743927417322993
-0.4070737283024236,1.002681851387024,0.0007432248094119132
-0.4070399985818794,0.9980155825614929,0.0007435773150064051
-0.4069917239341157,1.0198049545288086,0.0007515199249610305
-0.4069440662584489,0.9949976801872253,0.0007470300770364702
-0.40691234184608394,0.9975488781929016,0.0007582020480185747
-0.40685063487088047,0.9998334646224976,0.0007627952145412564
-0.4068352813612692,0.9922857880592346,0.0007754056132398546
-0.4067602053580912,0.9936811327934265,0.0007910239510238171
-0.4067595209697441,1.0054088830947876,0.0007758296560496092
-0.4066704018294333,1.0064477920532227,0.0007744749891571701
-0.4065829971739673,1.0024672746658325,0.0007433599676005542
-0.40654927419907305,0.9974747896194458,0.0007429881952702999
-0.40650099124262434,1.0186891555786133,0.0007509727729484439
-0.4064533404770571,0.994200587272644,0.0007469547563232481
-0.40642160800312355,1.000738501548767,0.000758608803153038
-0.406359907855835,0.9986925721168518,0.000763237476348877
-0.4063445463660363,0.9920053482055664,0.0007755776168778539
-0.40626946962279475,0.9929527044296265,0.0007907507824711502
-0.4062687928850125,1.0047297477722168,0.0007757450803183019
-0.4061796730043168,1.0047272443771362,0.0007742668967694044
-0.4060922660454307,1.003111720085144,0.0007433651480823755
-0.4060585497340819,0.9989824295043945,0.0007440451881848276
-0.406010258551133,1.0197467803955078,0.0007511661387979984
-0.405962614696067,0.9935450553894043,0.0007465752423740923
-0.4059308741600828,1.0002514123916626,0.0007583395345136523
-0.4058691809230545,0.9982315897941589,0.0007624552235938609
-0.40585381145363086,0.9917694926261902,0.0007751169614493847
-0.40577873388741786,0.9937356114387512,0.0007909171981737018
-0.40577806488254603,1.0074959993362427,0.0007764139445498586
-0.40568894417952156,1.0051969289779663,0.0007739906432107091
-0.4056015349994803,1.0028492212295532,0.0007431557751260698
-0.4055678253511952,0.9985456466674805,0.0007431990234181285
-0.405519525859481,1.017938494682312,0.0007509825518354774
-0.4054718889147556,0.995900571346283,0.0007471709977835417
-0.40544014023445574,0.9997316598892212,0.0007582863909192383
-0.4053784539078483,0.9979962706565857,0.000762621988542378
-0.40536307645896047,0.9922574162483215,0.0007758747087791562
-0.40528799815204114,0.9918513894081116,0.0007905696402303874
-0.4052873367978948,1.0065970420837402,0.0007766169728711247
-0.40519821535432465,1.0027214288711548,0.0007734429091215134
-0.40511080387118475,1.0014114379882812,0.000742961885407567
-0.40507710096862976,0.9989163875579834,0.0007438146276399493
-0.40502879325025465,1.0196855068206787,0.0007507248083129525
-0.40498116305093806,0.9953108429908752,0.0007472711731679738
-0.4049494063912543,0.9995958209037781,0.0007584178238175809
-0.40488772697506786,0.9981729388237,0.0007625556900165975
-0.4048723415461533,0.9909936189651489,0.0007748719654045999
-0.4047972623344796,0.9922696948051453,0.0007900699274614453
-0.4047966087134042,1.0056034326553345,0.0007762813474982977
-0.4047074864467021,1.0041418075561523,0.000774203275796026
-0.4046200727425677,1.0005170106887817,0.00074315833626315
-0.4045863765037993,0.9988785982131958,0.000743335229344666
-0.40453806055892394,1.0182011127471924,0.0007508460548706353
-0.40449043726986766,0.99498450756073,0.000746802834328264
-0.4044586725478922,1.0020629167556763,0.0007591673056595027
-0.404396999959701,0.999706506729126,0.000762560055591166
-0.40438160655140254,0.9921258687973022,0.0007756446138955653
-0.4043065265993438,0.9923999905586243,0.0007908234838396311
-0.4043058806289138,1.0051863193511963,0.0007757847779430449
-0.4042167576218265,1.0043301582336426,0.0007740114233456552
-0.40412934169637643,1.0023199319839478,0.000742929638363421
-0.40409565212107335,0.999535858631134,0.0007434550789184868
-0.40404732786759323,1.0185259580612183,0.0007508331327699125
-0.4039997114887972,0.9951798319816589,0.0007468963740393519
-0.40396793870469083,0.9995813965797424,0.0007582892430946231
-0.40390627302643844,0.9982753396034241,0.0007623803103342652
-0.40389087163875614,0.9907105565071106,0.0007756853592582047
-0.403815790864208,0.992499828338623,0.0007907099206931889
-0.4038151526263668,1.004889965057373,0.0007759288419038057
-0.403726028796951,1.0029343366622925,0.0007736519910395145
-0.4036386105677594,1.0012332201004028,0.0007431699195876718
-0.4036049276560822,0.9985446929931641,0.0007433891296386719
-0.4035565951759411,1.01888108253479,0.0007509246934205294
-0.40350898570756605,0.9954269528388977,0.0007470714626833797
-0.40347720477938503,1.0001806020736694,0.0007586837746202946
-0.4034155460112323,0.9982410669326782,0.0007623578421771526
-0.40340013664352325,0.9915662407875061,0.0007758911815471947
-0.40332505512875083,0.9932470321655273,0.0007905959500931203
-0.4033244245417156,1.00563645362854,0.0007759119034744799
-0.40323529997191476,1.0030982494354248,0.0007733991369605064
-0.40311420327319547,0.9989845752716064,0.0007439236505888402
-0.40306586248444976,1.0189745426177979,0.0007507491391152143
-0.40301825992649565,0.9958293437957764,0.0007467778632417321
-0.4029864709363444,1.0008958578109741,0.0007586663123220205
-0.40292481907845185,0.9973626136779785,0.0007629062165506184
-0.4029094017310375,0.9929473996162415,0.0007755790138617158
-0.4028343193934544,0.991439938545227,0.0007898205076344311
-0.40283369645706446,1.005124807357788,0.0007756583509035408
-0.4027445710647742,1.0033541917800903,0.0007735602557659149
-0.40265714839327243,1.00216805934906,0.0007435514708049595
-0.40262347889046934,0.9988136887550354,0.0007432845886796713
-0.4025751297929584,1.0192087888717651,0.0007508352282457054
-0.4025275340629192,0.9954062700271606,0.0007468477706424892
-0.4024957370931429,0.9992520213127136,0.0007586206193082035
-0.4024340921456714,0.9983940720558167,0.0007624465506523848
-0.4024186667362868,0.9923251867294312,0.0007755366968922317
-0.4023435836581579,0.9924778938293457,0.000790279358625412
-0.40234296845451756,1.0044188499450684,0.0007762941531836987
-0.4022538422397379,1.00411856174469,0.0007737600244581699
-0.4021664173472418,1.0022352933883667,0.0007437836029566824
-0.4021327544256389,1.0002446174621582,0.0007436003652401268
-0.4020843971013064,1.0198701620101929,0.0007516760961152613
-0.402036808281447,0.9946627616882324,0.000746938691008836
-0.4020050031673552,1.0006953477859497,0.0007583479746244848
-0.4019433651304652,0.9978209137916565,0.0007620860124006867
-0.4019279318236404,0.9905521869659424,0.0007750860531814396
-0.40185284792270076,0.9906936883926392,0.0007899455376900733
-0.4018522403700271,1.005178689956665,0.0007760205771774054
-0.4017631134143803,1.0040284395217896,0.0007738152635283768
-0.4016756862187856,0.9999344348907471,0.0007426399970427155
-0.4016420300430736,0.9989551901817322,0.0007436266751028597
-0.40159366440981503,1.0174654722213745,0.0007505659596063197
-0.4015460825003765,0.9948351979255676,0.0007464575464837253
-0.40151426932399314,0.9983358383178711,0.0007584334234707057
-0.40145263819736343,0.9975442886352539,0.000762149051297456
-0.4014371968288896,0.9916579723358154,0.0007752208039164543
-0.40136211218756496,0.9933251142501831,0.0007905754027888179
-0.4013615122855365,1.0052706003189087,0.0007759116706438363
-0.4012723845072398,1.0048408508300781,0.0007737752748653293
-0.4011849551722728,1.0021201372146606,0.000743374926969409
-0.4011513056600261,0.9986080527305603,0.0007431918638758361
-0.40110293180074935,1.018810749053955,0.0007511745789088309
-0.40105535671930614,0.99486243724823,0.0007466089446097612
-0.4010235354810327,0.9995246529579163,0.0007581062964163721
-0.4009619111821571,0.9973922371864319,0.0007622165721841156
-0.40094646191608246,0.9920072555541992,0.0007754286052659154
-0.40087137645242915,0.9925874471664429,0.0007903528166934848
-0.4008707842831503,1.005260944366455,0.0007759381551295519
-0.4007816556823643,1.003208875656128,0.0007732315571047366
-0.40069422404365596,1.000677466392517,0.0007426946540363133
-0.4006605812772197,0.9990037679672241,0.000743112585041672
-0.40061219910941864,1.0184532403945923,0.0007511954172514379
-0.4005646309379143,0.9949024319648743,0.0007470466662198305
-0.400532801637751,1.0006909370422363,0.0007584478589706123
-0.40047118424905537,0.9974667429924011,0.000762574200052768
-0.4004557269208497,0.9921266436576843,0.0007749074720777571
-0.4003806406348676,0.9917536973953247,0.0007901688222773373
-0.4003800561984187,1.0045692920684814,0.0007763539324514568
-0.40029092685724765,1.0028544664382935,0.0007737138075754046
-0.40020349299762525,1.0011969804763794,0.0007430497207678854
-0.40016985681246964,0.9995357990264893,0.000744521792512387
-0.400121466417606,1.0178463459014893,0.0007506753318011761
-0.4000739051566832,0.9954447746276855,0.0007469307747669518
-0.4000420677124453,1.001056432723999,0.0007589726592414081
-0.3999804573163551,0.9962354898452759,0.0007619510870426893
-0.39996499200836383,0.9921767711639404,0.0007751359371468425
-0.3998899048992498,0.9908374547958374,0.0007899218471720815
-0.3998893281136872,1.0060596466064453,0.0007763413013890386
-0.3998001980324524,1.0045920610427856,0.0007737160194665194
-0.39971276195143396,1.0005289316177368,0.0007430425612255931
-0.3996791324295829,0.9991296529769897,0.0007435669540427625
-0.3996307337261145,1.0192875862121582,0.0007507584523409605
-0.39958317929302645,0.9950763583183289,0.0007476761820726097
-0.3995513338694045,0.9978336691856384,0.0007582852267660201
-0.39948973030139,0.997231662273407,0.0007626877631992102
-0.3994742570959585,0.9924044013023376,0.0007752675446681678
-0.3993991691638731,0.9916812777519226,0.000789971963968128
-0.399398600111301,1.0048052072525024,0.0007758710999041796
-0.39930946912499055,1.0042532682418823,0.0007738463464193046
-0.3992220308231383,1.0018621683120728,0.0007432822021655738
-0.3991884080470175,0.9998510479927063,0.000743602286092937
-0.3991400010347838,1.018364667892456,0.0007503630477003753
-0.39909245351179523,0.9955843687057495,0.0007469782140105963
-0.39906060002588173,1.0002034902572632,0.0007589647429995239
-0.39899900336812755,0.9959514737129211,0.0007616095244884491
-0.39898352210096666,0.9916375279426575,0.0007751871016807854
-0.39890843342881754,0.9927406907081604,0.0007899675983935595
-0.39890787202681044,1.0044376850128174,0.0007758291903883219
-0.398818740299633,1.0037161111831665,0.0007737288833595812
-0.39873129977710764,1.0012927055358887,0.0007427199161611497
-0.398697683664452,1.001383900642395,0.0007438173634000123
-0.3986492683431318,1.0183006525039673,0.000750687497202307
-0.3986017277307248,0.995518147945404,0.0007473104633390903
-0.3985698661826803,1.0011087656021118,0.0007587284198962152
-0.39850827635276065,0.9960618615150452,0.0007619500393047929
-0.39849278718848086,0.9919984936714172,0.0007751294760964811
-0.39841769769336044,0.9921875596046448,0.0007903007208369672
-0.3984171439423199,1.0043689012527466,0.0007758145220577717
-0.3983280114747575,1.003475308418274,0.0007730305078439415
-0.39824056864832996,0.9999339580535889,0.0007428486715070903
-0.3982069591991396,0.9999176263809204,0.0007433885475620627
-0.3981585357340661,1.016951322555542,0.0007503999513573945
-0.3981110019496544,0.9953618049621582,0.0007469224510714412
-0.3980791323396396,0.9994762539863586,0.0007582607213407755
-0.39801754941998013,0.9970337748527527,0.0007621730328537524
-0.39800205219356943,0.993055522441864,0.0007754569523967803
-0.3979269619582246,0.9926728010177612,0.0007908247062005103
-0.3979264159396124,1.003204345703125,0.0007761161541566253
-0.39783728264988183,1.003297209739685,0.0007733650272712111
-0.39774983760213867,1.0000942945480347,0.0007425625226460397
-0.3977162348164136,0.9996275305747986,0.000743520853575319
-0.39766780304257476,1.0182428359985352,0.0007510497816838324
-0.3976202761684232,0.9965072870254517,0.000747538753785193
-0.3975883984140929,1.000181794166565,0.0007587922154925764
-0.397526822487039,0.9948373436927795,0.0007619662210345268
-0.3975113172806017,0.9930298328399658,0.0007759116124361753
-0.3974362262230889,0.992277204990387,0.0007899704505689442
-0.3974356878548005,1.0045208930969238,0.0007759970612823963
-0.39734655374258065,1.0035240650177002,0.0007733500679023564
-0.397259106556108,0.9987339973449707,0.0007418330642394722
-0.39722551043384824,1.0014535188674927,0.0007439522887580097
-0.3971770703507621,1.0187605619430542,0.0007509705028496683
-0.3971295503870314,0.9948595762252808,0.0007469186675734818
-0.3970976645711325,0.9999895095825195,0.000758505251724273
-0.39703609547199353,0.9960076212882996,0.0007616791408509016
-0.3970205822858508,0.9928853511810303,0.0007750921067781746
-0.39694549048747096,0.9926084876060486,0.0007899077027104795
-0.39694495977039035,1.0048267841339111,0.0007761971792206168
-0.396855824917464,1.0019981861114502,0.0007728513446636498
-0.3967683754275714,1.0012482404708862,0.0007428094977512956
-0.3967347860511221,0.9997333288192749,0.0007433213177137077
-0.3966863376594314,1.0189311504364014,0.000751002284232527
-0.39663882460580024,0.9945923089981079,0.0007466994575224817
-0.39660693072777037,1.000319242477417,0.0007587484433315694
-0.3965453685392131,0.9970036745071411,0.0007623704732395709
-0.39652984737336505,0.9927286505699158,0.0007751365774311125
-0.3964547547521745,0.9924757480621338,0.0007899024058133364
-0.39645423176792377,1.0050468444824219,0.0007766582421027124
-0.3963650960923475,1.0040644407272339,0.0007734521641395986
-0.39627764438162116,0.9998332262039185,0.0007423426141031086
-0.3962440616685567,1.0024999380111694,0.0007447331445291638
-0.3961956049681007,1.0184738636016846,0.0007508593844249845
-0.3961480988244888,0.9961586594581604,0.0007470561540685594
-0.3961161968842476,1.000666856765747,0.0007591283065266907
-0.3960546416059505,0.9964630603790283,0.000762173964176327
-0.39603911246071866,0.9926230907440186,0.0007752996170893312
-0.3959640190170388,0.9935570359230042,0.0007903578225523233
-0.3959635036834333,1.0033488273620605,0.0007755631231702864
-0.3958743672673113,1.0023359060287476,0.0007723677554167807
-0.39578691333526916,0.999781608581543,0.0007423175266012549
-0.39575333720372624,1.0042110681533813,0.0007448756950907409
-0.39570487235887425,1.0195714235305786,0.0007512921583838761
-0.3956573730431774,0.9959731101989746,0.0007476671016775072
-0.39562546304120694,1.0007392168045044,0.0007594597991555929
-0.39556391459074436,0.9945486783981323,0.000761366100050509
-0.3955483774656465,0.9921429753303528,0.0007751571829430759
-0.3954732832817423,0.9932228326797485,0.0007903310470283031
-0.39547277568120776,1.0044094324111938,0.0007759071886539459
-0.3953836384424357,1.0030736923217773,0.0007729418575763702
-0.3952961822887564,1.0002232789993286,0.0007425942458212376
-0.39526261282067887,1.0014441013336182,0.0007440613699145615
-0.39521413966754354,1.0182844400405884,0.000751083716750145
-0.39516664726210693,0.9949063062667847,0.0007466732640750706
-0.3951347291981661,1.0009424686431885,0.0007586815045215189
-0.39507318765796384,0.9939231276512146,0.0007614105707034469
-0.3950576425530001,0.9938079714775085,0.0007763251196593046
-0.3949825475466065,0.9913715124130249,0.0007898628246039152
-0.39498204759623523,1.004753589630127,0.0007766205817461014
-0.39489290953529516,1.0033084154129028,0.0007735136896371841
-0.39480545116046084,0.9991599321365356,0.0007426065276376903
-0.39477188843763145,1.0015770196914673,0.0007443486829288304
-0.39472340697589153,1.0178782939910889,0.0007510706200264394
-0.3946759213987715,0.9955847859382629,0.0007471818244084716
-0.3946439952726998,1.0013055801391602,0.0007590005989186466
-0.3945824607248621,0.9960576295852661,0.0007620931137353182
-0.394566907557928,0.9926009774208069,0.0007746519986540079
-0.39449181181114934,0.9941543936729431,0.0007900470518507063
-0.394491319511584,1.004494071006775,0.0007762529421597719
-0.39440218071009825,1.0031825304031372,0.0007729583885520697
-0.3943147201144302,0.9998475313186646,0.000742694828659296
-0.394281164055066,1.0016337633132935,0.0007440053741447628
-0.3942326742840788,1.0173876285552979,0.0007504425593651831
-0.39418519561721904,0.9949830174446106,0.0007473041187040508
-0.39415326142965895,1.0019687414169312,0.0007590719615109265
-0.3940917337098968,0.9954578876495361,0.0007618911913596094
-0.3940761726452815,0.9929258227348328,0.0007747288327664137
-0.39400107599326656,0.993074357509613,0.0007900960627011955
-0.39400059150935846,1.0028324127197266,0.0007757907151244581
-0.39391145188506194,1.0026484727859497,0.0007724796887487173
-0.3938239890682389,0.9992296099662781,0.0007421672344207764
-0.3937904396725007,1.0030839443206787,0.0007445131195709109
-0.39374194167509347,1.017910361289978,0.0007504030945710838
-0.3936944698359879,0.9938229918479919,0.000746980425901711
-0.39366252758645764,1.0025453567504883,0.0007596873911097646
-0.3936010067771968,0.9960712194442749,0.0007619120879098773
-0.39358543773279575,0.9933130145072937,0.0007754924008622766
-0.3935103402581307,0.991994321346283,0.0007899493793956935
-0.39350986342470723,1.0042811632156372,0.0007757594576105475
-0.3934207230600258,1.002914547920227,0.0007729366770945489
-0.39333325802220825,0.9995251893997192,0.0007422524504363537
-0.3932997152897746,1.0020407438278198,0.0007444313960149884
-0.39325120898384314,1.0171480178833008,0.0007498856284655631
-0.39320374405491737,0.996903121471405,0.000747473502997309
-0.39317179374293487,1.0009781122207642,0.0007592344773001969
-0.3931102798439342,0.9954389929771423,0.0007625696598552167
-0.39309470273804503,0.9931517243385315,0.0007755724946036935
-0.39301960452307516,0.9930174946784973,0.0007906478131189942
-0.39301913542248174,1.004152536392212,0.0007760932785458863
-0.3929299941525638,1.0041539669036865,0.0007736488478258252
-0.39284252697601696,0.9999947547912598,0.0007423767237924039
-0.39280899090720917,1.0014139413833618,0.0007440942572429776
-0.39276047629219113,1.0179482698440552,0.0007503802771680057
-0.3927130182736863,0.9948537945747375,0.0007468357216566801
-0.3926810598998941,1.001376748085022,0.0007594078197143972
-0.3926195529108324,0.9972593784332275,0.0007622679695487022
-0.39260396782507717,0.9937746524810791,0.0007750000804662704
-0.39252886878769844,0.9926308393478394,0.0007901412900537252
-0.39252840733799116,1.0023622512817383,0.0007755563128739595
-0.39243926532768836,1.0024503469467163,0.0007723881280981004
-0.3923517959295043,0.9993675947189331,0.0007420136826112866
-0.39231826652432245,1.0016837120056152,0.0007438958855345845
-0.39226974368312545,1.0166785717010498,0.0007500306819565594
-0.39222229249261586,0.9967487454414368,0.0007477850303985178
-0.3921903260568534,1.0008748769760132,0.0007587990257889032
-0.3921288258957869,0.9948917627334595,0.0007615365320816636
-0.3921132329124308,0.9933843016624451,0.000774768297560513
-0.39203813305256263,0.9933618903160095,0.0007898630574345589
-0.39203767933528366,1.0032726526260376,0.0007759836153127253
-0.3919485365028127,1.002276062965393,0.0007731550722382963
-0.39186106488347366,0.9986658692359924,0.0007417096057906747
-0.391827542141275,1.0021240711212158,0.0007437836029566824
-0.391779010991634,1.0170261859893799,0.0007505983812734485
-0.39173156671154535,0.9945899844169617,0.0007469391566701233
-0.39169959221357165,1.0001263618469238,0.0007589305751025677
-0.3916380989628456,0.9955010414123535,0.0007622465491294861
-0.39162249791768,0.9927734136581421,0.0007755673723295331
-0.3915473973172662,0.9924374222755432,0.0007893352885730565
-0.3915469512504718,1.0039674043655396,0.0007757673738524318
-0.39145780767777655,1.003928542137146,0.0007735295221209526
-0.391370333755178,0.9990333318710327,0.0007419417961500585
-0.39133681775878987,1.0030064582824707,0.0007444925140589476
-0.3912882782998213,1.0173876285552979,0.0007503766100853682
-0.391240840929993,0.9955193996429443,0.0007471877033822238
-0.39120885828834623,1.0009325742721558,0.0007590811583213508
-0.39114737203006517,0.9941744208335876,0.0007618006784468889
-0.39113176300487285,0.9937393665313721,0.0007752305245958269
-0.39105666158164837,0.9928550720214844,0.0007897879113443196
-0.3910562231660616,1.0051274299621582,0.0007763851317577064
-0.39096707885257964,1.0018117427825928,0.0007725944742560387
-0.390879602708826,0.9992779493331909,0.00074204639531672
-0.3908460932940398,1.0024733543395996,0.0007444379152730107
-0.3907975456084906,1.017496109008789,0.0007507672416977584
-0.39075011514860114,0.996212363243103,0.0007473911973647773
-0.3907181244449841,1.0008561611175537,0.0007589668384753168
-0.3906566450972847,0.9949368834495544,0.0007619431125931442
-0.3906410280923871,0.9930821657180786,0.0007752060191705823
-0.3905659258461912,0.9941800236701965,0.0007896673050709069
-0.390565495163595,1.0044993162155151,0.0007760893786326051
-0.39047634994527836,1.0032260417938232,0.0007727692718617618
-0.3903888716628757,0.9993923306465149,0.0007422160706482828
-0.3903553689111531,1.0020908117294312,0.0007436923333443701
-0.39030681299942493,1.0166780948638916,0.0007497584447264671
-0.3902593893675307,0.9954900741577148,0.0007467702380381525
-0.3902273906014614,1.0014535188674927,0.0007595780189149082
-0.3901659180817572,0.9951212406158447,0.0007614002097398043
-0.39015029309771665,0.9937368035316467,0.0007750319200567901
-0.3900751901111358,0.9931114912033081,0.0007897893665358424
-0.3900747670789438,1.003447413444519,0.0007759528234601021
-0.38998562112024215,1.0033453702926636,0.0007728527998551726
-0.38989814061660405,0.9988919496536255,0.0007421147311106324
-0.38986464452842695,1.0023555755615234,0.000744810386095196
-0.3898160803079336,1.0186433792114258,0.0007505748653784394
-0.3897686635862995,0.9955188632011414,0.0007469117408618331
-0.3897366567584207,0.9997849464416504,0.0007592784240841866
-0.3896751911488161,0.9948740601539612,0.0007618226809427142
-0.38965955818482917,0.9930493831634521,0.0007751917000859976
-0.38958445437608025,0.9933038353919983,0.0007893421570770442
-0.38958403907671824,1.0032694339752197,0.0007763497997075319
-0.38949489229536655,1.0027223825454712,0.0007733763777650893
-0.3894074095700914,0.9972520470619202,0.0007416732842102647
-0.38937392014554023,1.003548502922058,0.0007446783129125834
-0.38932534761660287,1.017261266708374,0.0007500978535972536
-0.3892779378052291,0.9949852228164673,0.00074678537202999
-0.3892459229153799,1.0006309747695923,0.0007595813949592412
-0.3891844642160355,0.9952818751335144,0.0007624310674145818
-0.3891688232720221,0.9929770827293396,0.0007748522330075502
-0.3890937186406231,0.9926571249961853,0.000789294543210417
-0.38909331099190636,1.0032031536102295,0.0007759250584058464
-0.38900416347049105,1.0014106035232544,0.0007730975630693138
-0.38891667852406075,0.9995619058609009,0.000742321542929858
-0.38888319576281427,1.002345085144043,0.0007441588095389307
-0.3888346150072158,1.0177373886108398,0.0007503409287892282
-0.38878721202399796,0.9962767958641052,0.0007471255958080292
-0.38875518907217854,1.0013515949249268,0.0007594405324198306
-0.3886937372829337,0.9942923784255981,0.0007612971821799874
-0.38867808827727135,0.9920686483383179,0.0007748642237856984
-0.38860298290532663,0.9935290217399597,0.0007890753331594169
-0.38860258298919886,1.0035929679870605,0.0007757871644571424
-0.38851343464513344,1.0026237964630127,0.0007724629249423742
-0.3884259474780301,0.9988068342208862,0.000742101576179266
-0.38839247146251377,1.0037691593170166,0.0007439209148287773
-0.3883438823154031,1.0164995193481445,0.0007499473285861313
-0.3882964862424455,0.99538654088974,0.0007473640725947917
-0.3882644552291378,1.0021212100982666,0.0007594888447783887
-0.38820301026788817,0.9952280521392822,0.000761630421038717
-0.38818735336462484,0.9938638210296631,0.0007752579404041171
-0.3881122471698695,0.9924451112747192,0.0007892093271948397
-0.3881118549047083,1.0021122694015503,0.0007761908345855772
-0.3880227057376715,1.0024470090866089,0.000772086379583925
-0.3879352164318388,0.9979924559593201,0.00074208207661286
-0.38790174707994846,1.002367615699768,0.0007439012988470495
-0.3878531496241528,1.0180803537368774,0.0007504599052481353
-0.387805760461375,0.9970288276672363,0.0007474735612049699
-0.38777372138593647,1.0010402202606201,0.0007591804605908692
-0.38771228333494706,0.994798481464386,0.0007613686611875892
-0.3876966184521391,0.9932218194007874,0.0007746168412268162
-0.387621511434573,0.9945386648178101,0.0007906393730081618
-0.3876211269025631,1.0057622194290161,0.000776478904299438
-0.3875319769128763,1.0033724308013916,0.0007727176998741925
-0.3874444853855672,0.9985467791557312,0.0007420661859214306
-0.3874110226972224,1.0048046112060547,0.00074460991891101
-0.3873624170151674,1.0174696445465088,0.0007511686417274177
-0.3873150346803046,0.9967908263206482,0.000747363839764148
-0.38728298754241364,1.002624273300171,0.0007600227254442871
-0.3872215564016845,0.9941410422325134,0.0007610517204739153
-0.38720588353965324,0.9941962957382202,0.0007751383236609399
-0.3871307756994372,0.9939541816711426,0.0007897442555986345
-0.3871303988178315,1.0045969486236572,0.0007759624277241528
-0.38704124808775975,1.00318443775177,0.0007724055321887136
-0.3869537543392955,0.9988811016082764,0.0007421938353218138
-0.3869202983143356,1.0040061473846436,0.000744408112950623
-0.3868716843235154,1.0179944038391113,0.0007502402877435088
-0.3868243088989931,0.9945615530014038,0.0007470670389011502
-0.38679225369937287,0.9995856285095215,0.0007590944296680391
-0.386730829468904,0.9949504137039185,0.000762070354539901
-0.3867151485444205,0.993206799030304,0.000775422784499824
-0.3866400399643014,0.993083119392395,0.000789271027315408
-0.38663967081544537,1.0028821229934692,0.0007757525891065598
-0.3865505192628842,1.0011883974075317,0.0007724759052507579
-0.38646302337536925,0.9980469942092896,0.0007421037880703807
-0.38642957393160954,1.0049808025360107,0.0007443487411364913
-0.38638095171428904,1.016884207725525,0.0007509944261983037
-0.386333583118003,0.9954992532730103,0.0007470243144780397
-0.3863015198563322,1.0014663934707642,0.0007601036923006177
-0.38624010253612356,0.9950953125953674,0.0007613152847625315
-0.3862244136317741,0.9945269227027893,0.0007752550882287323
-0.3861493042290049,0.9929924011230469,0.0007887855172157288
-0.3861489427306335,1.0030896663665771,0.0007758002611808479
-0.38605979043800864,1.002737045288086,0.0007728611235506833
-0.3859722923293386,0.9982101917266846,0.0007418692694045603
-0.38593884954872276,1.0044283866882324,0.0007441806956194341
-0.3858902190226369,1.0164822340011597,0.0007501693326048553
-0.3858428573366113,0.9970418810844421,0.0007471784483641386
-0.3858107860129701,1.0012394189834595,0.0007593611953780055
-0.38574937552091737,0.9950710535049438,0.0007617806550115347
-0.38573367871928826,0.9938170313835144,0.0007752099190838635
-0.3856585684935478,0.9934914708137512,0.0007891019922681153
-0.38565821472824724,1.0020842552185059,0.0007756347768008709
-0.3855690615303861,1.001312494277954,0.00077214022167027
-0.38548156128330796,0.9963361620903015,0.000741363619454205
-0.38544812516615734,1.0048716068267822,0.0007445364608429372
-0.38539948633114557,1.0175817012786865,0.0007496325997635722
-0.38535213155505876,0.9960929751396179,0.0007477228064090014
-0.3853200521694473,1.002109169960022,0.0007595767383463681
-0.3852586485881369,0.9940751194953918,0.0007613715715706348
-0.3852429437242162,0.9937978982925415,0.0007755602127872407
-0.3851678327582513,0.9940915107727051,0.0007895471062511206
-0.3851674866437567,1.0030461549758911,0.0007757075363770127
-0.3850783327050285,1.0014493465423584,0.0007720461580902338
-0.384990830236956,0.9972022771835327,0.0007418325403705239
-0.3849574007836723,1.0037543773651123,0.0007439019973389804
-0.3849087537220799,1.0176212787628174,0.0007501600775867701
-0.38486140585625334,0.995785653591156,0.0007473740261048079
-0.3848293183262459,1.0034000873565674,0.0007602640544064343
-0.38476792165503504,0.9943361282348633,0.0007612449117004871
-0.38475220881173045,0.9937356114387512,0.0007755309343338013
-0.3846770970227942,0.9924807548522949,0.0007887752144597471
-0.38467675864153117,1.0027785301208496,0.0007763743633404374
-0.3845876038802333,1.0015454292297363,0.0007720984285697341
-0.38450009919076467,0.9974513649940491,0.000742175558116287
-0.38446667640086585,1.0049426555633545,0.0007444716757163405
-0.3844180210307492,1.0190883874893188,0.000750493782106787
-0.3843706800751828,0.9970810413360596,0.0007479034829884768
-0.38433858448320524,1.0014053583145142,0.0007596148061566055
-0.38427719472185284,0.9936254620552063,0.0007609767490066588
-0.38426147389908394,0.9942314624786377,0.0007755471742711961
-0.3841863612876584,0.9932688474655151,0.0007882252684794366
-0.38418603055688005,1.0025091171264648,0.0007756197010166943
-0.38409687505543805,1.0016906261444092,0.0007721316651441157
-0.38400936814457337,0.9977655410766602,0.0007418017485179007
-0.3839759520181397,1.005110263824463,0.0007448960677720606
-0.3839272884215229,1.0180519819259644,0.0007502736989408731
-0.38387995429395166,0.9958027005195618,0.000747394748032093
-0.38384785064000376,1.0032968521118164,0.0007602421683259308
-0.3837864677888313,0.9946783781051636,0.0007611979963257909
-0.38377073898611624,0.9931285381317139,0.0007749818032607436
-0.38369562555260295,0.9938767552375793,0.0007890747510828078
-0.3836953025543331,1.0021017789840698,0.0007755830883979797
-0.38360614623024114,1.0014770030975342,0.0007726066396571696
-0.3835186370982214,0.9975553154945374,0.0007422866765409708
-0.38348522771751803,1.0055547952651978,0.0007449911790899932
-0.38343655572987084,1.0180538892745972,0.0007502044318243861
-0.3833892285128813,0.9951983094215393,0.0007470242562703788
-0.38335711679696305,1.0014654397964478,0.0007597470539622009
-0.38329574085605084,0.9933547377586365,0.0007611278560943902
-0.3832800040736304,0.9938198924064636,0.000774614920374006
-0.3832048898170654,0.9945607781410217,0.0007887495448812842
-0.383204574469682,1.0035145282745361,0.0007758942665532231
-0.3831154173231006,1.0015119314193726,0.0007721796864643693
-0.3830279061344558,0.9968205094337463,0.0007420917390845716
-0.38299450333479196,1.0048481225967407,0.0007445832598023117
-0.3829458230383795,1.015712022781372,0.0007502087391912937
-0.38289850273165016,0.9951494932174683,0.0007471786229871213
-0.3828663829539223,1.0032180547714233,0.000760470109526068
-0.38280501384100535,0.9950622320175171,0.0007617579540237784
-0.3827892690788796,0.9952311515808105,0.0007755950791761279
-0.38271415408160825,0.9932464361190796,0.0007887128158472478
-0.382713846467135,1.0013232231140137,0.0007753602112643421
-0.3826246884980643,1.0010802745819092,0.0007719260756857693
-0.3825371750884251,0.9964376091957092,0.0007418101304210722
-0.38250377895222654,1.0050941705703735,0.0007445303490385413
-0.3824550904289924,1.017898440361023,0.0007499568746425211
-0.38240777695009764,0.9953714609146118,0.0007476696046069264
-0.3823756491103995,1.0015865564346313,0.0007599107921123505
-0.38231428690806424,0.9943211674690247,0.0007613914785906672
-0.3822985341662332,0.9957357048988342,0.0007756369886919856
-0.38222341834647244,0.9952612519264221,0.0007894361042417586
-0.38222311838264456,1.0022224187850952,0.0007756439736112952
-0.3821339596727067,0.9999234080314636,0.0007718429551459849
-0.3820464440422338,0.9965751767158508,0.0007416564621962607
-0.3820130545696612,1.005828857421875,0.0007448647520504892
-0.38196435773750104,1.0163005590438843,0.0007500351057387888
-0.3819170511690272,0.9960859417915344,0.0007478379993699491
-0.3818849152671178,1.00191330909729,0.0007601358811371028
-0.3818235599749624,0.9929559826850891,0.000761105737183243
-0.38180779925342606,0.9953306317329407,0.0007757450803183019
-0.381732682611176,0.9931107759475708,0.0007886068779043853
-0.38173239038049933,1.0029393434524536,0.0007759083528071642
-0.38164323084783125,1.0003987550735474,0.0007721734582446516
-0.38155571307814673,0.9967293739318848,0.0007418759050779045
-0.38152233018693515,1.0060582160949707,0.0007450410048477352
-0.38147362512843536,1.0174959897994995,0.0007506160181947052
-0.3814263253879568,0.9963023662567139,0.0007472253637388349
-0.3813941814241574,1.0020694732666016,0.0007600627723149955
-0.38133283304202115,0.9932660460472107,0.00076113804243505
-0.38131706434077967,0.9940553307533264,0.0007754371617920697
-0.3812419468760403,0.9950700998306274,0.000788820325396955
-0.38124166237803286,1.0014055967330933,0.0007751522934995592
-0.3811525020229556,1.0011200904846191,0.0007724460447207093
-0.38106498203195543,0.9956376552581787,0.0007417431916110218
-0.38103160588615265,1.0047192573547363,0.0007440304616466165
-0.3809828924371047,1.0173771381378174,0.0007504590321332216
-0.380935599606565,0.9970663189888,0.0007473694276995957
-0.3809034475807953,1.0033061504364014,0.0007607610314153135
-0.38084210610908004,0.9941893219947815,0.0007614096393808722
-0.38082632934578786,0.9931046366691589,0.0007753323297947645
-0.38075121114090443,0.994087278842926,0.0007884552469477057
-0.38075093429338164,1.0022863149642944,0.0007756709237582982
-0.38066177319791944,1.0005555152893066,0.0007718616398051381
-0.38057425098576414,0.9962928891181946,0.000741590978577733
-0.3805408815032659,1.0061641931533813,0.0007446453091688454
-0.3804921598275569,1.0171517133712769,0.0007500863866880536
-0.3804448739078399,0.9965044856071472,0.0007474196027033031
-0.38041271373775465,1.0019184350967407,0.0007600101525895298
-0.3803513791762996,0.9928756952285767,0.0007609602762386203
-0.3803355944330611,0.9929647445678711,0.0007751070079393685
-0.3802604754052865,0.9942588210105896,0.0007887292304076254
-0.3802602062908347,1.0029479265213013,0.0007759251748211682
-0.3801710442907788,1.0013840198516846,0.0007723233429715037
-0.3800835200219985,0.9966138005256653,0.0007415534928441048
-0.38005015712070045,1.0060365200042725,0.0007446688250638545
-0.38000142713606555,1.0172054767608643,0.0007500823121517897
-0.3799541481265284,0.9960998892784119,0.0007476801401935518
-0.3799219798947138,1.0033109188079834,0.0007598866941407323
-0.3798606522435191,0.993714451789856,0.0007612078334204853
-0.37984485952057534,0.9949368834495544,0.000774931104388088
-0.37976973966966876,0.9941296577453613,0.0007886210805736482
-0.37976947820618356,1.002808690071106,0.0007764073670841753
-0.379680315465582,1.0002700090408325,0.0007720051798969507
-0.3795927889759679,0.9960465431213379,0.000741383817512542
-0.3795594327379744,1.0070593357086182,0.0007455305894836783
-0.37951069452699987,1.016756296157837,0.000750676088500768
-0.3794634223449759,0.9964320659637451,0.0007474019657820463
-0.37943124605119116,1.002905011177063,0.0007600942044518888
-0.37936992531025654,0.9937587380409241,0.0007616199436597526
-0.3793541246080895,0.9938601851463318,0.000774943211581558
-0.37927900393453295,0.9959011673927307,0.0007885608356446028
-0.379278750203958,1.0028047561645508,0.000775286229327321
-0.3791895866402244,1.0001007318496704,0.000772531027905643
-0.37910205792961593,0.9976164102554321,0.0007413332932628691
-0.379068708437674,1.0057827234268188,0.0007450199918821454
-0.37901996183534786,1.0167574882507324,0.0007500081555917859
-0.3789726965637448,0.9967594146728516,0.0007478388724848628
-0.37894051220798974,1.0023008584976196,0.0007595891947858036
-0.3788791982948897,0.9931235313415527,0.0007608248852193356
-0.3788633896954431,0.994206428527832,0.0007750788936391473
-0.37878826819939726,0.9957804083824158,0.0007888104300945997
-0.37878802220173247,1.0017657279968262,0.0007751745288260281
-0.3786988578153488,1.0002695322036743,0.0007719809655100107
-0.3786113269656896,0.9967041611671448,0.000741507566999644
-0.3785779840549479,1.0076298713684082,0.000745392229873687
-0.37852922922636245,1.0165611505508423,0.0007497643819078803
-0.3784819707826743,0.9968181848526001,0.0007476343889720738
-0.3784497783649489,1.0021717548370361,0.0007605887949466705
-0.3783884713621895,0.993399977684021,0.0007612060871906579
-0.378372654700371,0.9956073760986328,0.0007758294232189655
-0.37829753246410075,0.9945796728134155,0.0007884334772825241
-0.37829729411675994,1.002418875694275,0.0007753800018690526
-0.37820812899055356,1.000035047531128,0.000772111932747066
-0.37812059591941805,0.9951307773590088,0.0007413543644361198
-0.3780872596719005,1.0064716339111328,0.0007447419920936227
-0.3780384965351122,1.0168988704681396,0.0007502819644287229
-0.37799124500160386,0.9958358407020569,0.000747628859244287
-0.3779590445217476,1.0035463571548462,0.0007605934515595436
-0.3778977444291681,0.991786539554596,0.0007605876890011132
-0.3778819197877245,0.993375837802887,0.0007746910559944808
-0.37780679672896494,0.9943150281906128,0.0007885645027272403
-0.37780656611437363,1.0024337768554688,0.0007757781422697008
-0.37771740016543703,0.9997355937957764,0.0007717125699855387
-0.3776298649554114,0.9969549179077148,0.0007415556465275586
-0.3775965353716001,1.007442831993103,0.0007454081787727773
-0.37754776392556444,1.0165919065475464,0.0007495789905078709
-0.37750051930231643,0.9965724349021912,0.0007475480670109391
-0.3774683106787068,1.0031378269195557,0.0007608057931065559
-0.3774070174963875,0.9912742972373962,0.0007607443840242922
-0.3773911848749977,0.994560956954956,0.0007749150972813368
-0.37731606099366843,0.9934321641921997,0.0007880312041379511
-0.3773158380298832,1.0035687685012817,0.0007758542196825147
-0.3772266713404007,1.0007022619247437,0.0007717552362009883
-0.37713913390922005,0.9953809380531311,0.0007409899844788015
-0.3771058109890347,1.0075350999832153,0.0007452338468283415
-0.3770570312339124,1.0148957967758179,0.0007494958699680865
-0.37700979352100494,0.9971877932548523,0.0007474995218217373
-0.37697757683566613,1.0034433603286743,0.0007601220277138054
-0.37691629056360704,0.9921717643737793,0.0007604971178807318
-0.37690044996259225,0.9940176606178284,0.0007744409376755357
-0.3768253252580507,0.9950260519981384,0.0007880709017626941
-0.3768251100273363,1.0018410682678223,0.0007755393744446337
-0.3767359424329389,0.9999022483825684,0.0007720233406871557
-0.37664840294545443,0.996537983417511,0.0007412165869027376
-0.37661508660614795,1.0059973001480103,0.0007447390235029161
-0.3765662986248467,1.0180637836456299,0.0007500189822167158
-0.37651906774001487,0.9962899088859558,0.0007477300241589546
-0.37648684299214336,1.0027443170547485,0.0007606649305671453
-0.3764255636303446,0.9929898381233215,0.0007612202316522598
-0.3764097150501065,0.9955264329910278,0.0007760106818750501
-0.3763345895229149,0.9948301315307617,0.0007888583932071924
-0.3763343820251108,1.0014151334762573,0.0007752742385491729
-0.37624521360790264,1.0014073848724365,0.0007725594332441688
-0.3761576718991025,0.9968411326408386,0.0007414578576572239
-0.37612436230584756,1.0067662000656128,0.0007450915290974081
-0.37607556593335534,1.0174084901809692,0.0007501422078348696
-0.37602834195862306,0.996856689453125,0.0007474950980395079
-0.37593483669740335,0.9936738014221191,0.0007614734349772334
-0.37591898013729935,0.995417594909668,0.00077499431790784
-0.375843853787779,0.994599461555481,0.0007877753814682364
-0.37584365394062025,1.001785159111023,0.0007757325074635446
-0.3757544847830271,1.0009138584136963,0.0007731255027465522
-0.37566694093485475,0.9943845272064209,0.0007411662954837084
-0.37563363792312143,1.0079692602157593,0.000745416444260627
-0.37553761617755255,0.9964884519577026,0.0007476957980543375
-0.3754441097646229,0.9931703209877014,0.0007608332671225071
-0.37542824522465296,0.9954429268836975,0.0007756856502965093
-0.3753531180523219,0.995417058467865,0.000788286211900413
-0.3753529259379126,1.0036648511886597,0.0007768382201902568
-0.37526375595815153,0.9995883107185364,0.000771407678257674
-0.3751762098888241,0.99651038646698,0.000741751806344837
-0.375142913540074,1.0080897808074951,0.0007453570142388344
-0.375094100632718,1.0149770975112915,0.0007496848702430725
-0.37504689047874706,0.9979323744773865,0.0007480073254555464
-0.3750146415448042,1.001560926437378,0.0007590969908051193
-0.37495338283160135,0.992522120475769,0.0007608754676766694
-0.3749375102295809,0.9939711689949036,0.0007750067743472755
-0.37486238231718605,0.9941405057907104,0.0007880291086621583
-0.37486219793552644,1.0015665292739868,0.0007750026416033506
-0.37477302713311533,0.9997005462646484,0.0007717710686847568
-0.37468547892513887,0.9963444471359253,0.0007414608262479305
-0.3746521892397736,1.0098153352737427,0.0007458518957719207
-0.37460336802325056,1.0174592733383179,0.0007503594388253987
-0.3745561646971947,0.9972119927406311,0.0007483983063139021
-0.37452390770176336,1.0034935474395752,0.0007602401892654598
-0.37446265589890126,0.9934910535812378,0.000761594797950238
-0.3744467753169344,0.9957019686698914,0.0007749088108539581
-0.3743716465818896,0.9936944246292114,0.0007876433082856238
-0.374371469851036,1.0012766122817993,0.0007752643432468176
-0.37428229830791837,0.99907386302948,0.0007723794551566243
-0.3741947478788672,0.99522465467453,0.000742201751563698
-0.37416146485720825,1.0080294609069824,0.0007454609731212258
-0.37411263533191985,1.0163631439208984,0.0007496445323340595
-0.37406543891596356,0.9989563822746277,0.0007489515701308846
-0.37403317385856205,1.0023705959320068,0.0007608231389895082
-0.3739719289661207,0.9923179745674133,0.0007608202286064625
-0.37395604040444863,0.9943785071372986,0.0007743328460492194
-0.37388091084627184,0.9950064420700073,0.0007883742218837142
-0.3738807418486498,1.0018988847732544,0.0007753115496598184
-0.37379156948288217,0.9993525147438049,0.0007720679277554154
-0.3737040169151016,0.9951862096786499,0.0007408531964756548
-0.3736707405567472,1.0080457925796509,0.0007451692363247275
-0.3736219027228542,1.0165101289749146,0.0007504652021452785
-0.3735747131348931,0.9981387257575989,0.0007479694322682917
-0.3735424400150393,1.0031733512878418,0.0007608430460095406
-0.37348120203285823,0.9938750863075256,0.0007616349030286074
-0.3734653054919629,0.9938076734542847,0.0007748022326268256
-0.373390175111136,0.9950879216194153,0.000788161822129041
-0.37339001384642423,1.001889705657959,0.0007752716192044318
-0.3733008405754203,0.9999734163284302,0.0007723579183220863
-0.3732132858689102,0.9962827563285828,0.0007412537815980613
-0.37318001617418184,1.0091851949691772,0.000745538913179189
-0.3731311700312022,1.014385461807251,0.000749222410377115
-0.37308398735366194,0.9979721903800964,0.0007481361972168088
-0.37305170617199845,1.0038446187973022,0.000761086237616837
-0.37299047509975647,0.9920173287391663,0.0007606108556501567
-0.3729745705789951,0.9956423044204712,0.0007750029908493161
-0.3728994393760002,0.9953688383102417,0.0007882096688263118
-0.37289928576193365,1.0026202201843262,0.0007755817496217787
-0.3728101117505447,1.0002516508102417,0.0007719642599113286
-0.37272255490466255,0.9963161945343018,0.0007421167683787644
-0.3726892918736404,1.0092573165893555,0.0007455620798282325
-0.3726404374221364,1.01590096950531,0.0007496559410355985
-0.37259326165485657,0.9966510534286499,0.0007484051748178899
-0.3725609723289578,1.0031309127807617,0.000760825234465301
-0.37249974816697584,0.9927355051040649,0.0007604493875987828
-0.3724838356663487,0.9953040480613708,0.0007751094526611269
-0.37240870364070366,0.9959610104560852,0.0007880753837525845
-0.3724085577592261,1.0020567178726196,0.0007755178958177567
-0.3723193829256692,0.9982269406318665,0.0007710466161370277
-0.37223182394089693,0.9963200688362122,0.0007412791601382196
-0.37219856749067326,1.0098851919174194,0.0007464223890565336
-0.3721497048129101,1.0149357318878174,0.0007493910379707813
-0.37210253587378606,0.9973507523536682,0.0007478687330149114
-0.37207023856802135,1.0034959316253662,0.0007612354820594192
-0.37200902123403473,0.9923194050788879,0.0007608875166624784
-0.3719931007538628,0.9953429698944092,0.0007748481002636254
-0.37191796790524656,0.9957492351531982,0.0007876195595599711
-0.3719178297567596,1.0021631717681885,0.0007752675446681678
-0.3718286541006329,0.9984233379364014,0.0007713892846368253
-0.3717410928948663,0.995114266872406,0.0007411325932480395
-0.3717078431081079,1.0086677074432373,0.000745442695915699
-0.37165897212109744,1.0148881673812866,0.0007490107091143727
-0.3716118100922336,0.997223436832428,0.0007478554616682231
-0.3715795047249806,1.0030672550201416,0.0007603197009302676
-0.37151829430125427,0.9932476878166199,0.0007611425826326013
-0.37150236584113605,0.9962139129638672,0.0007749014184810221
-0.3714272321699501,0.993931233882904,0.0007879153708927333
-0.37142710167234944,1.0015838146209717,0.0007750978111289442
-0.3713379252755966,0.9998061060905457,0.0007716859108768404
-0.37125036193093996,0.9968866109848022,0.0007419484318234026
-0.3712171188078075,1.0112384557724,0.0007466545794159174
-0.3711682395120316,1.0164830684661865,0.0007497648475691676
-0.3711210843931871,0.9974774122238159,0.0007479810155928135
-0.3710887708816186,1.003718376159668,0.0007613278576172888
-0.37102756736847375,0.9935203194618225,0.00076098000863567
-0.3710116309287306,0.9945995211601257,0.0007752422825433314
-0.37093649643465365,0.9945037961006165,0.0007879839395172894
-0.3709363736698025,1.0015946626663208,0.0007750554941594601
-0.3708471964503998,0.9997073411941528,0.0007723441813141108
-0.37075963096717435,0.9963175654411316,0.0007419533212669194
-0.37072639450718575,1.0092737674713135,0.0007457704632543027
-0.37067750682070105,1.016169548034668,0.0007499312050640583
-0.37063035861219695,0.9983353614807129,0.000748520833440125
-0.3705980370380958,1.0046026706695557,0.0007612630724906921
-0.3705368404352112,0.9921468496322632,0.0007607595762237906
-0.3705208959339798,0.9953890442848206,0.0007752551464363933
-0.3704457606995178,0.9930240511894226,0.0007875166484154761
-0.37044564566757693,1.0007882118225098,0.0007751951925456524
-0.37035646762536356,0.999633252620697,0.0007722973241470754
-0.37026890000308743,0.9961118698120117,0.0007413541316054761
-0.3702356701244597,1.0091933012008667,0.0007458112086169422
-0.3701867742114746,1.0162702798843384,0.0007493235170841217
-0.3701396328308053,0.9981496334075928,0.0007487719412893057
-0.3701073031948944,1.0039101839065552,0.0007612149347551167
-0.37004611350227007,0.9913788437843323,0.0007604360580444336
-0.37003016102101205,0.9963389039039612,0.0007758772699162364
-0.369955025046647,0.9948533773422241,0.0007878546020947397
-0.36995491758308646,1.0018196105957031,0.0007754233083687723
-0.3698657388004879,0.9991186857223511,0.0007717731059528887
-0.36977816895657467,0.9950048923492432,0.0007410124526359141
-0.36974494582383793,1.010217308998108,0.0007458736072294414
-0.36969604160240893,1.0166003704071045,0.0007494394667446613
-0.3696489070497348,0.9964281916618347,0.0007481882348656654
-0.3696165693518537,1.002888560295105,0.0007612986373715103
-0.3695553865694896,0.9917543530464172,0.0007603699923492968
-0.3695394261082049,0.9952043294906616,0.000774806656409055
-0.3694642893111899,0.9970409274101257,0.0007877182215452194
-0.36946418958037885,1.0025080442428589,0.0007758002611808479
-0.3693750098933474,0.9985777139663696,0.0007716964464634657
-0.36928743799280905,0.9942287802696228,0.0007412112317979336
-0.36925422144111186,1.0105661153793335,0.0007459862972609699
-0.3692053089107569,1.0168795585632324,0.0007495336467400193
-0.36915818135076867,0.9994697570800781,0.0007491119322367013
-0.3691258355910779,1.0044370889663696,0.0007606318686157465
-0.36906465963646806,0.991809070110321,0.0007604933343827724
-0.36904869119571915,0.9971399307250977,0.0007755500846542418
-0.36897355357557204,0.9969649314880371,0.0007879845798015594
-0.36897346157799266,1.000515103340149,0.0007745982147753239
-0.36888428106823085,0.9992268085479736,0.000772397150285542
-0.3687967070291238,0.9955324530601501,0.0007409481331706047
-0.3687634971406508,1.0108381509780884,0.0007459859480150044
-0.36871457630128956,1.0168286561965942,0.000749969098251313
-0.3686674555692162,0.9984487891197205,0.0007481609936803579
-0.3686351017478765,1.0038957595825195,0.0007612112094648182
-0.3685739327037679,0.9928046464920044,0.0007607187726534903
-0.36855795628307264,0.9953716397285461,0.0007749507785774767
-0.3684828178402756,0.9957931041717529,0.0007877875468693674
-0.36848273349350225,1.0032442808151245,0.0007753518293611705
-0.3683935522431143,0.9986194372177124,0.0007716575637459755
-0.36830597606511717,0.9953058958053589,0.0007410090183839202
-0.36827277275808534,1.0102229118347168,0.0007458657491952181
-0.36822384369230415,1.0167162418365479,0.0007491146097891033
-0.3681767297881457,0.997658371925354,0.0007478203042410314
-0.36814436790451444,1.0037915706634521,0.0007602242403663695
-0.3680832057706661,0.9926927089691162,0.0007613195339217782
-0.36806722137034587,0.9954845309257507,0.0007756242412142456
-0.3679920821051398,0.9950069785118103,0.0007870770641602576
-0.3679920054911159,1.0026057958602905,0.0007756442064419389
-0.367902823418078,0.9990236759185791,0.0007723754970356822
-0.36781524510135155,0.9955237507820129,0.00074119953205809
-0.36778204845778495,1.0108680725097656,0.0007460946217179298
-0.36773311100097344,1.0145738124847412,0.0007489480194635689
-0.36768600408934027,0.9978377223014832,0.0007484855013899505
-0.3676536340613131,1.005021572113037,0.0007606871076859534
-0.36759247883740354,0.9921982884407043,0.0007608597516082227
-0.36757648645794055,0.9956667423248291,0.0007749992655590177
-0.36750134636984333,0.9931010007858276,0.0007867854437790811
-0.3675012774885691,1.002561092376709,0.0007752123638056219
-0.3674120945928811,1.0011098384857178,0.000772313738707453
-0.3673245141374253,0.9943710565567017,0.0007408388773910701
-0.3672913240747376,1.0116020441055298,0.0007461970672011375
-0.36724237839158647,1.0164142847061157,0.0007492345757782459
-0.36719527830810916,0.9965556263923645,0.0007480837521143258
-0.36716290021795095,1.00505793094635,0.0007612625486217439
-0.367101751904623,0.9914641380310059,0.0007604055572301149
-0.36708575154513334,0.9960116147994995,0.0007755979313515127
-0.3670106106347075,0.9958733916282654,0.0007869040127843618
-0.36701054948618284,1.0011273622512817,0.0007747734780423343
-0.3669213657680056,0.999890148639679,0.0007719010463915765
-0.3668337830909125,0.9955113530158997,0.0007407201337628067
-0.36680059977411583,1.0110759735107422,0.0007472287397831678
-0.3667516457825208,1.016616702079773,0.0007494853343814611
-0.3667045525270387,0.9976739883422852,0.00074847845826298
-0.3666721664572556,1.004534363746643,0.0007612070185132325
-0.3666110249718426,0.9927846789360046,0.0007613822817802429
-0.36659501663216554,0.996861457824707,0.0007754286634735763
-0.3665198748995717,0.9953903555870056,0.0007876452873460948
-0.36651982140137096,1.0019172430038452,0.0007749765645712614
-0.36643063694313,0.9984785318374634,0.0007716979016549885
-0.3663430521271469,0.9942994117736816,0.0007416926673613489
-0.3663098754738957,1.011194109916687,0.0007462407229468226
-0.3662609130910293,1.0143613815307617,0.000749025319237262
-0.3662138268279119,0.9984293580055237,0.0007481168722733855
-0.36618143261429514,1.004957914352417,0.0007613372290506959
-0.36612029803890145,0.9918869137763977,0.0007609071908518672
-0.3661042817196798,0.9965786933898926,0.0007755112601444125
-0.36602913916395385,0.9956461787223816,0.0007874612347222865
-0.3660290933989848,1.0025827884674072,0.00077489746036008
-0.3659399081177724,0.9991356134414673,0.0007721163565292954
-0.3658523211633813,0.9961888194084167,0.0007416087901219726
-0.36581915109108937,1.0112707614898682,0.0007464863592758775
-0.3657701804814817,1.0143604278564453,0.0007489334093406796
-0.3657231010463594,0.9979530572891235,0.0007479835185222328
-0.3656906987709331,1.0061477422714233,0.0007615602808073163
-0.3656295711883859,0.9929441213607788,0.0007607013103552163
-0.36561354680719405,0.9958590865135193,0.0007747341878712177
-0.36553840342849675,0.994813084602356,0.0007868813700042665
-0.3655383653967592,1.0020501613616943,0.0007748664356768131
-0.36544917929273624,0.997480571269989,0.0007718551787547767
-0.36536159019937464,0.9946202039718628,0.000741129566449672
-0.365328426790789,1.0113214254379272,0.0007464740192517638
-0.365279447872416,1.0145013332366943,0.0007489981944672763
-0.36523237526536934,0.9979610443115234,0.0007485385285690427
-0.36519996492773166,1.0042471885681152,0.0007614028290845454
-0.36513884425544474,0.9925424456596375,0.0007614045171067119
-0.36512281189454754,0.9963803887367249,0.0007752325618639588
-0.3650476676934412,0.9958821535110474,0.0007871540728956461
-0.3650476373945337,1.00179922580719,0.0007749717915430665
-0.36495845046786063,0.9981468319892883,0.0007716183899901807
-0.3648708592353681,0.9940234422683716,0.0007413720595650375
-0.36483770249048847,1.0117653608322144,0.000746594974771142
-0.3647887151810853,1.0147520303726196,0.0007495215977542102
-0.36474164956664423,1.0002026557922363,0.0007492435979656875
-0.36470923116663456,1.00593900680542,0.0007613052148371935
-0.36464811732218216,0.9914374947547913,0.00076053396333009
-0.36463207698206185,0.9974162578582764,0.0007751198718324304
-0.3645569319580645,0.9947417974472046,0.0007871442940086126
-0.3645569093921475,1.0006871223449707,0.0007746713818050921
-0.3644677215605594,0.9985163807868958,0.0007723321323283017
-0.36438012827144173,0.9940445423126221,0.0007408437668345869
-0.3643469781074411,1.0117404460906982,0.0007460811757482588
-0.36429798257185886,1.0160284042358398,0.000748826889321208
-0.3642509237852524,0.9989033341407776,0.0007487242692150176
-0.3642184973234332,1.0056915283203125,0.0007615811191499233
-0.3641573903890804,0.9906304478645325,0.0007604775601066649
-0.36414134206941545,0.9960055947303772,0.0007753805257380009
-0.3640661962229287,0.9955943822860718,0.0007867306703701615
-0.36406618130733565,1.0005972385406494,0.0007749841315671802
-0.36397699273568385,1.0002529621124268,0.0007724416791461408
-0.36388939730735476,0.9940130114555359,0.0007407079683616757
-0.36385625380698,1.0129971504211426,0.0007470529526472092
-0.3638072499624719,1.0146126747131348,0.0007491083233617246
-0.363760198086447,0.9976720809936523,0.0007478150073438883
-0.36372776348039243,1.0055214166641235,0.0007616255898028612
-0.36366666345629994,0.992271900177002,0.0007604515994898975
-0.3636506071564476,0.9965089559555054,0.0007751724333502352
-0.3635754605698972,0.9949151873588562,0.0007865259540267289
-0.36357545330494945,1.0021061897277832,0.0007749780197627842
-0.3634862639108083,0.9989911913871765,0.0007716842228546739
-0.36339866634358914,0.9947603344917297,0.000741307158023119
-0.3633655295066796,1.0134994983673096,0.0007469316478818655
-0.3633165172709805,1.013344645500183,0.0007486455724574625
-0.3632694723052158,0.9987281560897827,0.0007487089023925364
-0.3632370296373517,1.004391074180603,0.0007612621993757784
-0.3631759365235194,0.9919849634170532,0.0007607401930727065
-0.36315987224396185,0.9963397979736328,0.0007757172570563853
-0.3630847253024026,0.9997783303260803,0.0007743333699181676
-0.3630847248342794,0.9965064525604248,0.0007870825938880444
-0.3629955350854507,0.9977917671203613,0.0007718836423009634
-0.3629079353798235,0.9941965341567993,0.0007412674021907151
-0.36287480520621856,1.0135858058929443,0.0007470767595805228
-0.36282578466159343,1.014236330986023,0.0007489200215786695
-0.3627787465236634,0.9989401698112488,0.0007493692100979388
-0.36274629587609397,1.0045487880706787,0.0007615642389282584
-0.3626852095905782,0.9927594065666199,0.0007609218009747565
-0.36266913733147604,0.9967842102050781,0.000775421503931284
-0.3625939973002573,1.0010348558425903,0.0007745453040115535
-0.3625939890991436,0.9978369474411011,0.0007872249698266387
-0.3625048062603342,0.998698890209198,0.0007714961539022624
-0.3624172044158971,0.9944604635238647,0.000741206225939095
-0.36238408082365314,1.013566493988037,0.0007471504504792392
-0.3623350520523671,1.0157326459884644,0.0007492909207940102
-0.36228802082453654,0.9982887506484985,0.0007481839274987578
-0.36225556203289255,1.0043832063674927,0.0007614453206770122
-0.3621944826576371,0.9916623830795288,0.0007604419952258468
-0.3621784024187492,0.9958351850509644,0.0007752104429528117
-0.3621032692158472,1.0021228790283203,0.0007744096801616251
-0.3621032533640078,0.9971583485603333,0.0007875714800320566
-0.36201407743553893,0.9974885582923889,0.0007713321247138083
-0.3619264734519708,0.9944546222686768,0.0007405802025459707
-0.36189335652335275,1.0125986337661743,0.0007471249555237591
-0.3618443194433014,1.015335202217102,0.000749019964132458
-0.3617972950435464,0.999427080154419,0.0007492877775803208
-0.3617648281898518,1.0048863887786865,0.000760956434533
-0.3617037557245353,0.9915003776550293,0.000760469411034137
-0.36168766750602244,0.9967435598373413,0.0007757621351629496
-0.36161254121330033,0.9999948143959045,0.0007741549634374678
-0.3616125176286309,0.9943779706954956,0.0007869979017414153
-0.361523348610342,0.999171257019043,0.0007718014530837536
-0.36143574257014893,0.9945535063743591,0.0007408392266370356
-0.3614026322225704,1.013048768043518,0.0007469395641237497
-0.3613535867519707,1.013719081878662,0.0007489757845178246
-0.36130656934482136,0.998021125793457,0.000748378923162818
-0.3612740944287547,1.0049223899841309,0.0007616837392561138
-0.3612130288738591,0.9929549694061279,0.0007608542800880969
-0.36119693259337604,0.9959763288497925,0.0007757854764349759
-0.36112181321091413,1.001155972480774,0.0007742149755358696
-0.36112178189357547,0.9964786767959595,0.0007873208378441632
-0.36103261978530576,0.9989302754402161,0.0007717996486462653
-0.36094501160622255,0.9953055381774902,0.0007409940008074045
-0.36091190792194855,1.0132840871810913,0.0007471682038158178
-0.360862854142423,1.0149390697479248,0.0007492752047255635
-0.36081584356342955,0.9988364577293396,0.0007488146075047553
-0.36078336058571403,1.0050724744796753,0.0007616262882947922
-0.36072230194107857,0.9922373294830322,0.0007604942074976861
-0.3607061976805689,0.9962520599365234,0.0007752720266580582
-0.3606310852083673,1.000988245010376,0.0007744031609036028
-0.36063104615811836,0.9961512684822083,0.0007866891683079302
-0.3605418909604302,0.9979718923568726,0.0007721646688878536
-0.3604542806424569,0.9921582937240601,0.0007408673991449177
-0.36042118353938324,1.0144896507263184,0.0007470623240806162
-0.36037212153319664,1.014752745628357,0.0007489379495382309
-0.3603251177821984,0.9988694190979004,0.0007479574996978045
-0.36029262674275364,1.0052777528762817,0.0007619817624799907
-0.36023157500829817,0.9919620156288147,0.0007605522405356169
-0.36021546276808314,0.99745112657547,0.0007757428684271872
-0.3601403572059811,1.000390648841858,0.0007742897141724825
-0.36014031042250055,0.9959346055984497,0.0007864988874644041
-0.3600511621352333,0.9990476369857788,0.0007718627457506955
-0.35996354967869126,0.9929161667823792,0.0007406797958537936
-0.3599304592389221,1.0159368515014648,0.0007477540639229119
-0.35988138892413096,1.0135842561721802,0.0007494945893995464
-0.3598343920830716,0.999785840511322,0.0007486167596653104
-0.35980189298157617,1.0056630373001099,0.0007615217473357916
-0.35974084807519624,0.991682231426239,0.0007608560845255852
-0.3597247278555974,0.99610435962677,0.0007755212136544287
-0.35964962920375554,0.9997707605361938,0.0007743036258034408
-0.35964957468720404,0.996368944644928,0.0007864712970331311
-0.35956043330987575,0.9968130588531494,0.0007713357917964458
-0.3594728187146846,0.9941253662109375,0.0007408426026813686
-0.3594397349386217,1.0118111371994019,0.0007468430558219552
-0.3593906562325592,1.0136789083480835,0.0007488899864256382
-0.35934366630184045,1.0003992319107056,0.0007489233976230025
-0.35931115913821415,1.006325125694275,0.0007619390380568802
-0.3592501211422551,0.9908068776130676,0.0007602766854688525
-0.3592339929429509,0.9959235787391663,0.0007755680708214641
-0.35915890111926496,1.0022457838058472,0.0007744567119516432
-0.3591588390343333,0.996832549571991,0.0007865915540605783
-0.35906970448508047,0.9984452128410339,0.0007714751991443336
-0.358982087832943,0.9940724968910217,0.0007406675140373409
-0.35894901063816065,1.0157582759857178,0.0007480892818421125
-0.3588999236235739,1.015118956565857,0.0007491604774259031
-0.35885294060303496,0.9996699690818787,0.0007483925437554717
-0.35882042529517333,1.0061544179916382,0.0007618648814968765
-0.358759394291579,0.9918004870414734,0.0007605644641444087
-0.3587432580302241,0.9972955584526062,0.0007762052118778229
-0.3586681731168788,1.000993251800537,0.000773855485022068
-0.35866810329919746,0.9963831305503845,0.0007866751402616501
-0.3585789756602853,0.9989011287689209,0.0007719864370301366
-0.35849135686901673,0.9938364028930664,0.0007411560509353876
-0.3584582863373782,1.014072299003601,0.0007475531892850995
-0.3584091910145082,1.015457034111023,0.0007492016302421689
-0.3583622148219646,0.9987016320228577,0.0007482965593226254
-0.358329691534237,1.004738211631775,0.0007621012628078461
-0.35826866735847707,0.9919244050979614,0.0007609780295751989
-0.35825252311749733,0.9984020590782166,0.0007753277895972133
-0.3581774451143319,1.0005887746810913,0.0007743046735413373
-0.358177367563901,0.9973497986793518,0.0007875736919231713
-0.35808824683508844,0.9981729388237,0.0007716474938206375
-0.35800062590492976,0.9943225979804993,0.0007414931897073984
-0.3579675620370778,1.0152655839920044,0.0007474221638403833
-0.3579184584049605,1.013745665550232,0.0007491244468837976
-0.3578714891226772,1.0004147291183472,0.0007489887648262084
-0.3578389576911963,1.006471872329712,0.0007621340919286013
-0.3577779404256966,0.9899174571037292,0.0007601559045724571
-0.35776178820485094,0.9966056942939758,0.00077576789772138
-0.35768671711194566,1.001866340637207,0.0007743306923657656
-0.35768663182844385,0.9962292313575745,0.0007866002852097154
-0.35759751801021283,0.9966877102851868,0.0007716899272054434
-0.35750989494116414,0.9952274560928345,0.0007416369044221938
-0.3574768377367774,1.0155720710754395,0.0007479661144316196
-0.3574277257955734,1.0140886306762695,0.0007486434769816697
-0.357380763341446,0.9998182654380798,0.0007487111142836511
-0.35734822384815546,1.005974292755127,0.0007618867675773799
-0.35728721349291614,0.991841733455658,0.00076050846837461
-0.35727105337463017,0.9976524114608765,0.0007758113206364214
-0.35719598910939876,1.000815987586975,0.0007740920991636813
-0.3571958960931474,0.996374785900116,0.0007865443476475775
-0.3571067891029116,0.998688280582428,0.0007719428976997733
-0.3570191640596635,0.9933931827545166,0.000740830204449594
-0.356986113353971,1.0151435136795044,0.0007478352636098862
-0.35693699310424276,1.0138728618621826,0.0007489223498851061
-0.35689003764264055,1.0002332925796509,0.000748979568015784
-0.3568574900868977,1.0056090354919434,0.0007623091223649681
-0.35679648655965357,0.9925588369369507,0.0007610658067278564
-0.3567803184621444,0.9959378838539124,0.0007753649260848761
-0.35670516035769023,0.9956433773040771,0.0007863748469389975
-0.35661606027755405,0.9973739385604858,0.0007715844549238682
-0.3565284330957372,0.9945258498191833,0.0007411807891912758
-0.356495389053751,1.0178745985031128,0.0007485902751795948
-0.3564462604950164,1.013486385345459,0.0007484520319849253
-0.35639931186124874,0.9992815256118774,0.0007482651271857321
-0.3563667562436964,1.0057613849639893,0.0007618854288011789
-0.3563057597089775,0.9907345175743103,0.0007605666760355234
-0.35628958354933726,0.9969383478164673,0.0007761360029689968
-0.35621453310510837,1.000548243522644,0.0007733728270977736
-0.3562144246225544,0.9958509206771851,0.0007863654755055904
-0.35612533145267844,0.9992544054985046,0.0007716965628787875
-0.3560377021317305,0.9931620955467224,0.0007405146025121212
-0.35600466475312925,1.0155792236328125,0.0007482225773856044
-0.35595552788595075,1.0130661725997925,0.0007490796851925552
-0.35590858616244325,0.9999490976333618,0.0007487530237995088
-0.35587602240065563,1.004286766052246,0.0007613562629558146
-0.35581503277619697,0.9901430606842041,0.000760865630581975
-0.3557988486363695,0.9978741407394409,0.0007758884457871318
-0.35572380510240087,1.000962495803833,0.000773757288698107
-0.3557236888874989,0.996798574924469,0.0007864940562285483
-0.35563460262780294,0.9962281584739685,0.0007714736857451499
-0.3555469712499889,0.9937233328819275,0.0007410175749100745
-0.35551394045234674,1.0153660774230957,0.0007481040665879846
-0.35546479527688507,1.0140235424041748,0.0007486751419492066
-0.3554178603814532,0.9994832277297974,0.0007485004025511444
-0.35538528863955854,1.0066053867340088,0.0007622044067829847
-0.35532430584325575,0.9915609955787659,0.0007605275604873896
-0.355308113723723,0.9982397556304932,0.0007762731984257698
-0.355233077017589,1.0004311800003052,0.0007742533925920725
-0.3552329532343872,0.9965251088142395,0.000786167336627841
-0.3551438738027667,0.9992890954017639,0.000772824976593256
-0.35505624028606264,0.9932850003242493,0.0007404258358292282
-0.3550232161518857,1.0168951749801636,0.0007482952205464244
-0.35497406266733733,1.013400673866272,0.0007486794493161142
-0.3549271346822461,0.9997557997703552,0.0007489038398489356
-0.35489455479651777,1.0058815479278564,0.000761686242185533
-0.3548335789104753,0.9907658100128174,0.0007603283156640828
-0.3548173788112373,0.9982553720474243,0.0007759599830023944
-0.35474234901536345,0.999278724193573,0.000773612700868398
-0.3547422174990907,0.9965857863426208,0.0007858683820813894
-0.3546531449775697,0.9987611770629883,0.0007718809647485614
-0.3545655094042406,0.9939595460891724,0.0007408320088870823
-0.3545324918515853,1.016026496887207,0.0007481792126782238
-0.35448333005811095,1.0139790773391724,0.0007487800903618336
-0.35443640890085426,0.9990348219871521,0.0007487881230190396
-0.35440382103558143,1.0054848194122314,0.0007615445647388697
-0.35434285205995986,0.9914957880973816,0.0007607502047903836
-0.3543266438985908,0.9972997903823853,0.0007755518890917301
-0.35425162101297725,1.0028334856033325,0.0007746035698801279
-0.3542514817636335,0.9960545897483826,0.000786005868576467
-0.3541624161525336,0.9977970123291016,0.0007719463319517672
-0.35407477844047497,0.9911678433418274,0.0007399053429253399
-0.3540417675512849,1.017240285873413,0.0007483648369088769
-0.3539925974490453,1.0161713361740112,0.0007495397585444152
-0.3539456832020488,0.999662458896637,0.0007485768292099237
-0.3539130871920587,1.004241943359375,0.0007613579509779811
-0.3538521251266973,0.991248607635498,0.00076026696478948
-0.35383590898610506,0.9987195134162903,0.0007763118483126163
-0.35376089301075175,1.0002745389938354,0.0007742339512333274
-0.35376074602833707,0.9962264895439148,0.0007861420162953436
-0.35367168732733667,0.9964622855186462,0.0007716063410043716
-0.3535840474765487,0.9927548766136169,0.0007404506322927773
-0.3535510432507435,1.0165690183639526,0.0007481749635189772
-0.3535018647573932,1.0135092735290527,0.0007488534902222455
-0.3534549574208177,0.9998009204864502,0.0007489392883144319
-0.35342235343112227,1.0071696043014526,0.0007629395695403218
-0.35336139819367574,0.9899584054946899,0.0007607285515405238
-0.353345174073298,0.9971597194671631,0.0007753065438009799
-0.3532701650085262,1.001064658164978,0.0007742286543361843
-0.35327001029320126,0.997250497341156,0.0007866916130296886
-0.3531809585025414,0.9966497421264648,0.0007716389955021441
-0.353093316594566,0.9936659932136536,0.0007408673409372568
-0.35306031895020207,1.0163086652755737,0.0007487256079912186
-0.3530111321484079,1.0138213634490967,0.0007494796300306916
-0.3529642317220122,0.9988983273506165,0.000748360063880682
-0.3529316195880815,1.005197525024414,0.0007616628427058458
-0.3528706712609757,0.9902355074882507,0.0007601085817441344
-0.3528544392425952,0.999723494052887,0.0007763756439089775
-0.3527794370058187,1.0000709295272827,0.0007734183454886079
-0.35277927455806546,0.9973306059837341,0.0007858166354708374
-0.3526902296777462,0.9967628717422485,0.0007718582055531442
-0.3526025856308004,0.9942378997802734,0.0007414213614538312
-0.35256959464974097,1.0185257196426392,0.0007489055278711021
-0.3525203995391012,1.013645052909851,0.0007485778187401593
-0.35247350594094184,1.0008615255355835,0.0007493082084693015
-0.35244088574504084,1.005967140197754,0.0007622129051014781
-0.35237994441013876,0.9916049242019653,0.0007608315791003406
-0.3523637043301897,0.9978582262992859,0.000776258937548846
-0.35228870900343245,1.000551700592041,0.0007737145060673356
-0.35228853890471257,0.9966030716896057,0.0007858003955334425
-0.35219950085254925,0.996198832988739,0.0007713321829214692
-0.3521118547492998,0.9940736293792725,0.0007405040669254959
-0.3520788703491192,1.0170663595199585,0.0007484686211682856
-0.3520296669295534,1.0129271745681763,0.0007483332883566618
-0.35198278024165425,0.9992427825927734,0.0007489466806873679
-0.35195015198394375,1.0060763359069824,0.0007624276913702488
-0.35188921747735835,0.9908363223075867,0.0007602976402267814
-0.35187296941778423,0.9974858164787292,0.0007757971179671586
-0.35179798100120696,1.0011494159698486,0.0007734678220003843
-0.3517978031694162,0.9972218871116638,0.0007860990590415895
-0.3517087720275131,0.9980083703994751,0.0007723809685558081
-0.3516211237853734,0.9921587109565735,0.0007401715265586972
-0.35158814604881883,1.01776123046875,0.000748910941183567
-0.3515389343204878,1.0145834684371948,0.0007496064645238221
-0.3514920544604232,0.9985796809196472,0.0007487753755412996
-0.3514594181407423,1.0070170164108276,0.0007626565638929605
-0.35139849054457784,0.9901396632194519,0.0007606585277244449
-0.3513822345049772,0.9994656443595886,0.000775892985984683
-0.35130725299866,0.9995448589324951,0.0007730257930234075
-0.3513070674342804,0.9970059990882874,0.0007856395677663386
-0.3512180432023162,0.9977836012840271,0.0007718517445027828
-0.3511303929038728,0.9919185042381287,0.0007400712929666042
-0.35109742174851843,1.018110990524292,0.0007490319549106061
-0.3510482017114221,1.0132592916488647,0.0007491679862141609
-0.3510013287616177,0.9988471269607544,0.0007490225252695382
-0.3509686843797256,1.0052694082260132,0.0007617654628120363
-0.35090776361131526,0.990746796131134,0.0007607555016875267
-0.35089149959249133,0.9986528754234314,0.000775776628870517
-0.35081652499643445,1.0010862350463867,0.0007734392420388758
-0.35081633169882326,0.9963780641555786,0.0007858526078052819
-0.3507273143772799,0.9976325035095215,0.0007718050619587302
-0.35063966202205077,0.9922636151313782,0.0007402185583487153
-0.3506066974480574,1.0194034576416016,0.0007499879575334489
-0.35055746910219576,1.0141901969909668,0.0007490498828701675
-0.35051060306249093,0.999873697757721,0.0007487295079044998
-0.35047795053644387,1.007314682006836,0.0007622711127623916
-0.3504170367606392,0.9907728433609009,0.0007605058490298688
-0.35040076467984493,0.9987812042236328,0.0007759385043755174
-0.35032579699428934,0.9993080496788025,0.0007731293444521725
-0.35032559596368745,0.9980344176292419,0.0007862320053391159
-0.3502365855524044,0.9970353841781616,0.0007723166490904987
-0.3501489310578032,0.9916433691978455,0.0007400850299745798
-0.35011597322986127,1.0194213390350342,0.0007491926080547273
-0.35006673649312997,1.0152053833007812,0.0007488953415304422
-0.3500198772814205,0.9983715415000916,0.0007488780538551509
-0.34998721677566813,1.0080931186676025,0.0007626494625583291
-0.3499263098278586,0.9894517064094543,0.0007605968858115375
-0.34991002984914216,0.9991651177406311,0.0007761510205455124
-0.34983506899166206,1.0007479190826416,0.000773805077187717
-0.3498348602285516,0.9967039227485657,0.0007864634389989078
-0.3497458567275288,0.9988768100738525,0.0007724121678620577
-0.3496582001763829,0.994361162185669,0.0007406730437651277
-0.3496252489292396,1.0189279317855835,0.0007489341660402715
-0.34957600388390364,1.013472557067871,0.0007480142521671951
-0.3495291515826954,0.9992000460624695,0.0007487189723178744
-0.34949648293262736,1.0065786838531494,0.0007621402037329972
-0.3494355828949175,0.9900465607643127,0.000760377966798842
-0.34941929493665647,0.9987280368804932,0.0007753990939818323
-0.3493443409891152,1.0009958744049072,0.0007733784732408822
-0.34934412457527914,0.9970487356185913,0.0007861453341320157
-0.3492551279024926,0.996083676815033,0.0007716966210864484
-0.34916746929496256,0.9926552772521973,0.0007405818905681372
-0.3491345246287785,1.019663691520691,0.0007493161829188466
-0.34908527127435585,1.0135210752487183,0.0007486391696147621
-0.3490384258012232,0.9997046589851379,0.0007488763658329844
-0.3490057491716909,1.0061722993850708,0.0007623864803463221
-0.34894485604440206,0.9904137253761292,0.0007607034058310091
-0.3489285600241706,0.9982070922851562,0.0007758453721180558
-0.34885361298688966,0.9990687370300293,0.000772772473283112
-0.3488533888397416,0.997689425945282,0.0007864972576498985
-0.3487643990772957,0.9982709884643555,0.0007722527952864766
-0.34867673833087565,0.992826521396637,0.0007402707706205547
-0.3486438003284781,1.0194371938705444,0.0007494634483009577
-0.3485945386652902,1.0125840902328491,0.0007485469104722142
-0.3485477001020964,1.0004301071166992,0.0007493380107916892
-0.3485150153283289,1.0056706666946411,0.0007619574316777289
-0.34845412911162155,0.9908952116966248,0.0007607585866935551
-0.3484378251115242,0.9996504783630371,0.0007761180750094354
-0.3483628849845035,1.0000739097595215,0.0007728858618065715
-0.3483626531046058,0.9976239800453186,0.0007859793840907514
-0.3482736702522594,0.9964401125907898,0.0007713791565038264
-0.348186007449375,0.9915739297866821,0.0007402937044389546
-0.3481530760281777,1.0205516815185547,0.0007495054160244763
-0.3481038059739595,1.014855146408081,0.0007487876573577523
-0.348056974403291,0.9993191361427307,0.0007486583199352026
-0.3480242815673925,1.0066975355148315,0.0007628275197930634
-0.34796340217835897,0.9899811148643494,0.0007605192367918789
-0.34794709019903836,0.9997759461402893,0.0007763648172840476
-0.34787215690001294,0.999940037727356,0.0007733498932793736
-0.3478719173694701,0.9976305365562439,0.0007853638962842524
-0.34778294142706245,0.996566891670227,0.0007718109409324825
-0.3476952765677137,0.9930546879768372,0.0007408845704048872
-0.34766235172739524,1.019393801689148,0.0007493412122130394
-0.34761307336457253,1.0126945972442627,0.0007486470276489854
-0.34756624862205987,0.9998766779899597,0.0007493338198401034
-0.34753354772411077,1.006317377090454,0.0007622349658049643
-0.34747267532752213,0.9910812377929688,0.0007611265755258501
-0.3474563552862313,0.9995254874229431,0.0007758024730719626
-0.34738142889778745,0.9987908005714417,0.000772687781136483
-0.3473811816340129,0.998127281665802,0.0007863630307838321
-0.3472922126022674,0.9967285990715027,0.0007720511057414114
-0.3472045456034661,0.9919117093086243,0.0007401687325909734
-0.3471716274268539,1.02108633518219,0.0007496183388866484
-0.3471223407555871,1.0125123262405396,0.0007485976093448699
-0.3470755229229331,0.9996213316917419,0.00074853899423033
-0.3470428139634153,1.0064359903335571,0.0007624610443599522
-0.346981948394822,0.9898234605789185,0.0007603202247992158
-0.3469656204555285,0.9995673298835754,0.0007761146407574415
-0.3468907008950799,1.0007381439208984,0.0007732629310339689
-0.34689044598114205,0.9977197051048279,0.0007860511541366577
-0.3468014837774721,0.9975363612174988,0.0007720721187070012
-0.3467138147219654,0.9916998744010925,0.0007405963260680437
-0.34668090320889877,1.020889401435852,0.0007504202076233923
-0.34663160814628047,1.01192045211792,0.0007489760173484683
-0.346584797141702,1.000462532043457,0.00074888946255669
-0.34655208012037464,1.0067622661590576,0.0007622193661518395
-0.3464912214618005,0.9897672533988953,0.0007604073034599423
-0.346474885543123,0.9989303350448608,0.0007757654529996216
-0.3463999728926937,1.0003924369812012,0.0007729047792963684
-0.3463997102458456,0.9968861937522888,0.000785555865149945
-0.3463107549522752,0.998080313205719,0.0007722468581050634
-0.3462230838404648,0.9914330244064331,0.000739533279556781
-0.3461901789082771,1.021281361579895,0.0007502900552935898
-0.3461408755367328,1.0111898183822632,0.0007477382314391434
-0.34609407144265547,0.9984285831451416,0.0007484762463718653
-0.34606134635927754,1.0086263418197632,0.0007627245504409075
-0.34600049461128496,0.9901744723320007,0.0007603862904943526
-0.3459841506307176,1.000713586807251,0.0007764218025840819
-0.34590924489046815,0.9997909069061279,0.0007725597242824733
-0.3459089745102278,0.9974281787872314,0.0007859669858589768
-0.34582002612723894,0.9972803592681885,0.0007725009927526116
-0.34573235295880345,0.9905174970626831,0.0007398628513328731
-0.3456994546079767,1.019966959953308,0.0007495466852560639
-0.3456501429276671,1.0126444101333618,0.0007487527909688652
-0.34560334574360907,1.0004279613494873,0.0007488888222724199
-0.34557061251607607,1.008535385131836,0.0007625111029483378
-0.34550976767834385,0.9897341132164001,0.0007603619014844298
-0.3454934157179105,1.000701665878296,0.0007765821064822376
-0.3454185169701862,0.9999997615814209,0.0007727358024567366
-0.345418238775092,0.9975777268409729,0.0007858185563236475
-0.345329297302042,0.9963224530220032,0.000771870429161936
-0.3452416220769815,0.9921538829803467,0.0007404200732707977
-0.3452087303076763,1.0207947492599487,0.0007504821405746043
-0.3451594103186013,1.0126869678497314,0.0007490692078135908
-0.34511261996253856,0.9998921751976013,0.0007489034323953092
-0.34507987875497903,1.0059586763381958,0.0007615176145918667
-0.34501904082734625,0.991605281829834,0.0007612050976604223
-0.3450026808876897,1.0005983114242554,0.0007763153989799321
-0.3449277889678001,0.9991553425788879,0.0007732161902822554
-0.3449275030399561,0.9969795942306519,0.0007858722237870097
-0.34483856847700584,0.9969829320907593,0.0007721040747128427
-0.34475089111305524,0.9930245876312256,0.0007410767721012235
-0.3447180060891588,1.021067500114441,0.0007495958707295358
-0.34466867770937504,1.0126112699508667,0.0007476749015040696
-0.34462189426373313,1.0000985860824585,0.000749015889596194
-0.34458914491177767,1.0066416263580322,0.0007616496877744794
-0.3445283138942445,0.9896257519721985,0.0007612418849021196
-0.3445119459750433,0.9996122717857361,0.00077639683149755
-0.3444370609652532,1.0003716945648193,0.0007726580952294171
-0.34443676738692475,0.9972666501998901,0.0007857548771426082
-0.3443478396521302,0.9969761371612549,0.0007721243309788406
-0.3442601602312332,0.9908251166343689,0.0007404314819723368
-0.34422728178869777,1.0227316617965698,0.0007504236418753862
-0.344177945099988,1.012225866317749,0.0007479857886210084
-0.344131168564767,1.0018062591552734,0.0007493217708542943
-0.3440984111510019,1.0084558725357056,0.0007632325286976993
-0.3440375869615443,0.9899102449417114,0.0007603491540066898
-0.3440212110620755,0.9998070001602173,0.0007765190093778074
-0.34394633296286703,0.9991208910942078,0.0007722328882664442
-0.3439460316517889,0.9975325465202332,0.0007861475460231304
-0.34385711082725473,0.9959880709648132,0.0007718426059000194
-0.3437694293498129,0.9934093356132507,0.0007406575605273247
-0.3437365574883974,1.0222004652023315,0.0007504082168452442
-0.34368721249076156,1.0118111371994019,0.0007483026129193604
-0.34364044278337513,0.9994387030601501,0.0007490719435736537
-0.34360767730796116,1.0067893266677856,0.0007623792043887079
-0.34354686011110913,0.9908462762832642,0.0007608027663081884
-0.34353047614958976,0.9998452067375183,0.0007764557376503944
-0.3434556049604808,0.9996265172958374,0.0007723800372332335
-0.3434552959163317,0.9990155100822449,0.0007863196078687906
-0.3433663820018972,0.996936023235321,0.0007722710724920034
-0.3432786984683926,0.9932176470756531,0.000740674149710685
-0.34324583327020125,1.023262619972229,0.00075052137253806
-0.34319647988153523,1.0116186141967773,0.0007482970831915736
-0.343149717084409,1.0016447305679321,0.0007493052398785949
-0.3431169435467034,1.0085664987564087,0.000762783398386091
-0.3430561331780073,0.9900208115577698,0.0007603491540066898
-0.34303974131936893,0.9997513890266418,0.0007767067872919142
-0.3429648769582553,0.9999856948852539,0.0007722830050624907
-0.34296456018079435,0.9967607259750366,0.0007862802012823522
-0.34287565317686086,0.9959703683853149,0.0007716858526691794
-0.3427879675865707,0.9928766489028931,0.0007403174531646073
-0.3427551089695795,1.0235540866851807,0.0007505766698159277
-0.34270574727214825,1.0121610164642334,0.0007482829387299716
-0.342658991385443,0.9990966320037842,0.0007486248505301774
-0.34262620970350205,1.0074598789215088,0.0007632016204297543
-0.34256540632733123,0.9909543395042419,0.0007612075423821807
-0.34254900640672253,1.000683307647705,0.0007763874600641429
-0.34247414895602973,0.9989298582077026,0.0007721908041276038
-0.3424738244457388,0.9964376091957092,0.0007855721632950008
-0.34238492435198536,0.9955708980560303,0.0007715254905633628
-0.3422972367049093,0.9918761253356934,0.000740324379876256
-0.3422643846692791,1.0246583223342896,0.0007508631097152829
-0.34221501466308246,1.0119129419326782,0.0007483953377231956
-0.3421682656043725,1.0012362003326416,0.0007490071002393961
-0.3421354759427263,1.0070421695709229,0.000762387178838253
-0.3420746793942293,0.9904081225395203,0.0007605230202898383
-0.3420582714937547,0.9994680285453796,0.0007760697044432163
-0.3419834209534829,0.9992407560348511,0.0007721199071966112
-0.341983088792868,0.9974634647369385,0.0007854817667976022
-0.34189419552678846,0.9952356815338135,0.0007719951681792736
-0.3418065058230874,0.9914860129356384,0.0007399829337373376
-0.34177366045108315,1.0232993364334106,0.000750439299736172
-0.34172428205401684,1.0146290063858032,0.0007487135007977486
-0.34167753990556704,1.0009456872940063,0.0007492886506952345
-0.3416447421816292,1.008216381072998,0.0007628744351677597
-0.3415839524612882,0.9898816347122192,0.0007605277933180332
-0.34156753658094763,0.9997556805610657,0.000776025524828583
-0.3414926929510967,0.9991884231567383,0.0007720510475337505
-0.3414923530574109,0.9969431757926941,0.0007856825250200927
-0.3414034667019128,0.9970028400421143,0.0007720115245319903
-0.34131577494142606,0.9913079738616943,0.0007400642498396337
-0.34128293615030064,1.024596929550171,0.0007511603180319071
-0.34123354952673407,1.0122885704040527,0.0007485474343411624
-0.34118681420644026,1.0007086992263794,0.0007490460411645472
-0.3411540083386688,1.006552815437317,0.0007627210579812527
-0.3410932256107726,0.9913137555122375,0.0007614270434714854
-0.34107680175072685,1.0002154111862183,0.0007764665060676634
-0.3410019649486301,0.9983982443809509,0.0007719990680925548
-0.3410016173221144,0.9974943399429321,0.0007855971343815327
-0.3409127378771176,0.9968841075897217,0.0007720445864833891
-0.3408250440599254,0.9926555752754211,0.0007410242687910795
-0.34079221185000025,1.0240792036056519,0.0007508281851187348
-0.34074281691750774,1.0122228860855103,0.0007480411441065371
-0.3406960885074741,0.9994717836380005,0.0007486261893063784
-0.3406632745779734,1.0063446760177612,0.0007626553415320814
-0.3406024986779922,0.990293562412262,0.0007603177800774574
-0.34058606683808046,1.0001212358474731,0.0007760982261970639
-0.34051123694616353,0.9990862607955933,0.0007719988352619112
-0.34051088158665727,0.9968813061714172,0.000785496027674526
-0.3404220090518404,0.9949491024017334,0.00077185028931126
-0.3403343131784248,0.9913364052772522,0.0007401785114780068
-0.3403014876319649,1.0248254537582397,0.0007507307454943657
-0.3402520843084421,1.0132031440734863,0.0007485689711757004
-0.34020536272608237,1.0016670227050781,0.0007494833553209901
-0.3401725407344507,1.0074464082717896,0.0007626036531291902
-0.34011177182731606,0.9896538853645325,0.0007609561434946954
-0.3400953319255946,1.0010461807250977,0.0007762406603433192
-0.340020508943938,1.0002186298370361,0.0007725068717263639
-0.3400201458513608,0.9980237483978271,0.0007854772848077118
-0.33993128022664343,0.996600329875946,0.0007722188020125031
-0.3398435822967635,0.9919163584709167,0.0007402563351206481
-0.33981076333150384,1.0260525941848755,0.0007513787131756544
-0.3397613516992156,1.011489987373352,0.0007479985943064094
-0.33971463702711624,1.0024288892745972,0.0007499627536162734
-0.3396818069733536,1.0081579685211182,0.0007625615689903498
-0.3396210448942142,0.9899713397026062,0.0007606830331496894
-0.3396045970953739,1.0021119117736816,0.0007769490475766361
-0.3395297809417125,0.9985746741294861,0.0007718658889643848
-0.33952941019849003,0.9998018145561218,0.0007859246106818318
-0.339440551401768,0.9960593581199646,0.0007718149572610855
-0.3393528514149415,0.9908429980278015,0.0007401240291073918
-0.33932003903120345,1.0253525972366333,0.0007511492585763335
-0.33927061909015,1.0125178098678589,0.0007479126215912402
-0.33922391132831076,1.001895546913147,0.0007490376010537148
-0.3391910732125778,1.0063220262527466,0.0007624173886142671
-0.33913031804353805,0.9897463321685791,0.0007606129511259496
-0.339113862182406,1.0005940198898315,0.0007766280323266983
-0.3390390529393263,0.9993462562561035,0.0007719644345343113
-0.33903867446335423,0.998840868473053,0.0007861897465772927
-0.3389498225767317,0.9971320629119873,0.000772245810367167
-0.33886212053328024,0.9921239614486694,0.0007399728056043386
-0.3388293148128466,1.024549961090088,0.0007511120056733489
-0.3387798864810843,1.011074185371399,0.0007477261242456734
-0.3387331856295053,1.0010056495666504,0.0007489047711715102
-0.3387003393693764,1.0081377029418945,0.0007624556892551482
-0.3386395911104362,0.989809513092041,0.0007612141198478639
-0.3386231272697596,1.0002835988998413,0.0007768257637508214
-0.33854832493677944,0.999610424041748,0.0007723357412032783
-0.3385479387280577,1.0011357069015503,0.0007861576159484684
-0.3384590937518562,0.9964296221733093,0.0007718477863818407
-0.33837138973372327,0.9928770065307617,0.0007403989438898861
-0.3383385905120643,1.0251144170761108,0.000752112187910825
-0.3382891538715366,1.011161208152771,0.0007474707090295851
-0.3382424598482743,1.002218246459961,0.0007502472144551575
-0.33820960560860075,1.0089457035064697,0.0007626454462297261
-0.33814886425992075,0.989800214767456,0.0007608211599290371
-0.33813239243953885,1.000572681427002,0.0007764352485537529
-0.33805759693439325,0.9995275735855103,0.0007719116401858628
-0.3380572029924399,0.9975882768630981,0.0007857694290578365
-0.3379683650092456,0.9946839809417725,0.0007714651292189956
-0.3378806588522226,0.9905539155006409,0.0007398722227662802
-0.3378478662941091,1.0252957344055176,0.0007515555480495095
-0.33779842126214954,1.0122092962265015,0.0007486516842618585
-0.33775173414914744,1.000948429107666,0.0007490740390494466
-0.3377188717655599,1.0103238821029663,0.0007625844446010888
-0.3376581373272205,0.990359902381897,0.0007606014260090888
-0.3376416575267318,0.9995247721672058,0.0007761142333038151
-0.3375668690141917,0.9990290999412537,0.0007719671702943742
-0.3375664673392478,0.9975782632827759,0.0007853510323911905
-0.33747763618388804,0.9962607622146606,0.0007720389985479414
-0.33738992797080236,0.9935216307640076,0.0007404304924421012
-0.33735714199388905,1.0272876024246216,0.0007514298777095973
-0.33726100845018137,1.000353217124939,0.0007487741531804204
-0.3372281380043022,1.009055256843567,0.0007626141887158155
-0.33716741047646404,0.9914605617523193,0.0007609789608977735
-0.33715092261432633,1.000016212463379,0.0007762234308756888
-0.3370761410120465,0.9990956783294678,0.0007716872496530414
-0.33707573160411197,0.9981068968772888,0.0007855626754462719
-0.33698690735853043,0.9958028197288513,0.0007725832401774824
-0.3368991970890607,0.9921166896820068,0.0007402048795484006
-0.3368664177755324,1.0270071029663086,0.0007514249300584197
-0.3368169560438574,1.012808918952942,0.0007479168125428259
-0.33677028275113485,1.0000884532928467,0.0007489960989914834
-0.33673740424304444,1.008367657661438,0.0007630939362570643
-0.33667668354352287,0.990913987159729,0.0007613887428306043
-0.3366601877841859,1.0011693239212036,0.0007770761149004102
-0.33658541300982103,0.9975403547286987,0.000771099585108459
-0.3365849958688155,0.997589111328125,0.0007855301955714822
-0.3364961785336549,0.9960422515869141,0.0007720476714894176
-0.33640846620739934,0.9917813539505005,0.0007399984169751406
-0.3363756934750713,1.0278518199920654,0.000751948042307049
-0.3363262234347918,1.0115270614624023,0.000748004182241857
-0.3362795569701447,1.0007126331329346,0.0007494586170651019
-0.33624667040000367,1.0088517665863037,0.000762658310122788
-0.336185956692686,0.9905523657798767,0.0007607507868669927
-0.336169452871218,0.9998367428779602,0.0007760438020341098
-0.3360942601336797,0.998672604560852,0.0007857494056224823
-0.3360054497087793,0.9960194230079651,0.0007721157162450254
-0.33591773540784237,0.9912196397781372,0.0007400995236821473
-0.3358849692567145,1.0269978046417236,0.0007517020567320287
-0.33583549090799114,1.0107417106628418,0.0007476445753127337
-0.33578883127133924,1.0012092590332031,0.0007493349839933217
-0.33575593663922804,1.0086133480072021,0.000762883631978184
-0.33569522975974486,0.9909246563911438,0.000760891824029386
-0.335678717958411,1.0010284185409546,0.00077627639984712
-0.3356039570045665,0.9974774122238159,0.0007712703081779182
-0.33560352448080893,0.9981423020362854,0.0007850752444937825
-0.3355147208837431,0.9950461387634277,0.0007713974337093532
-0.3354270045261811,0.991506814956665,0.0007397494628094137
-0.3353942449562535,1.02899968624115,0.0007525075925514102
-0.3353447582984434,1.0106717348098755,0.0007477811304852366
-0.3352981055720518,1.0029025077819824,0.0007494358578696847
-0.33526520287829165,1.0085362195968628,0.0007627666927874088
-0.33520450290922943,0.9909317493438721,0.000760683964472264
-0.3351879831281902,1.0010194778442383,0.0007765334448777139
-0.335113229002341,0.9991747140884399,0.0007712363149039447
-0.3351127887451911,0.9990061521530151,0.0007853033603169024
-0.3350239920585462,0.9955897927284241,0.0007721215952187777
-0.33493627364468037,0.991377592086792,0.0007400565082207322
-0.33490352073821805,1.0277540683746338,0.0007517984486185014
-0.33485402568921707,1.0119646787643433,0.0007478619809262455
-0.334807379872925,1.0019441843032837,0.0007495574536733329
-0.3347744690352509,1.008169412612915,0.0007629451574757695
-0.33471377597644886,0.9903232455253601,0.0007608140585944057
-0.3346972482155438,0.9995908141136169,0.000776369241066277
-0.33462250099995483,0.9989352822303772,0.0007724395836703479
-0.33462205300989467,0.9971175789833069,0.000785060808993876
-0.33453326323350996,0.9957265257835388,0.0007717864937148988
-0.3344455428454448,0.9905046820640564,0.0007397287408821285
-0.33441279652018274,1.0285112857818604,0.0007520990911871195
-0.3343632930801514,1.010963797569275,0.0007476308383047581
-0.33431665417411954,1.0015008449554443,0.0007496605976484716
-0.33428373527431443,1.0095125436782837,0.0007635346264578402
-0.3342230491254514,0.9895709156990051,0.0007603704580105841
-0.33420651330305795,1.0005797147750854,0.0007766245398670435
-0.3341317729977293,0.9988898038864136,0.0007712037768214941
-0.33413131727475887,0.9967531561851501,0.0007853886927478015
-0.33404253440847376,0.9952278733253479,0.0007719752611592412
-0.33395481196346216,0.9921035766601562,0.0007403280469588935
-0.3339220722197216,1.0279110670089722,0.0007519625360146165
-0.33387256047092495,1.011832594871521,0.0007473757141269743
-0.3338259283928884,1.0024914741516113,0.0007502401131205261
-0.3337930015130567,1.0088919401168823,0.0007622637785971165
-0.3337323221925102,0.9901545643806458,0.0007607330335304141
-0.33371577847283723,1.001659631729126,0.0007764278561808169
-0.3336410450777688,0.9989484548568726,0.0007714126259088516
-0.333640581621647,0.9983260631561279,0.0007854238501749933
-0.33355180558359815,0.995215117931366,0.000771844235714525
-0.3334640810818009,0.9917144775390625,0.0007401835173368454
-0.33343134800136487,1.0290638208389282,0.0007520299404859543
-0.3333818278618593,1.011245608329773,0.0007471969001926482
-0.3333352026940829,1.0024664402008057,0.0007494580931961536
-0.33330226767001603,1.0094425678253174,0.0007631778717041016
-0.3332415953419947,0.9906520247459412,0.0007607680163346231
-0.33322504355986937,1.0022265911102295,0.0007766030030325055
-0.33315031707506126,0.9982662796974182,0.0007709257188253105
-0.3331498458865916,0.9989601373672485,0.0007859547040425241
-0.33306107675872254,0.9956957101821899,0.0007720478461124003
-0.33297335028256525,0.9925532937049866,0.0007401579641737044
-0.3329406237009038,1.0284298658370972,0.0007523517706431448
-0.3328910953347373,1.0108413696289062,0.0007470549317076802
-0.33284447699527747,1.0006176233291626,0.0007485760725103319
-0.33281153390924023,1.0093536376953125,0.000763166113756597
-0.33275086840889284,0.9921654462814331,0.0007612262270413339
-0.332734308647223,1.0016462802886963,0.0007768901996314526
-0.33265958907267495,0.9989689588546753,0.000771162798628211
-0.3326591101514558,0.998663604259491,0.0007855846197344363
-0.3325703479335257,0.995936930179596,0.0007722076261416078
-0.3324826194007432,0.9914373159408569,0.0007400066824629903
-0.332449899482547,1.029492974281311,0.0007521775551140308
-0.3324003627251896,1.0117101669311523,0.0007479410269297659
-0.33235375129599,1.0025018453598022,0.000749484053812921
-0.33232080014814314,1.0091995000839233,0.0007626084261573851
-0.3322601415583774,0.9893361330032349,0.0007607202278450131
-0.3322435738170022,1.0021023750305176,0.000777017034124583
-0.3321688610704494,0.9978822469711304,0.0007709229248575866
-0.3321683744981029,0.9981854557991028,0.0007851140107959509
-0.3320796191084895,0.9966358542442322,0.0007719786372035742
-0.331991888601347,0.9902753233909607,0.000739715644158423
-0.33195917526459195,1.0294368267059326,0.0007521414081566036
-0.3319096301161239,1.0110664367675781,0.0007474909070879221
-0.3318630255970239,1.0020614862442017,0.0007495429017581046
-0.33183006638720675,1.0095479488372803,0.0007629413157701492
-0.33176941462559695,0.990037202835083,0.0007614754140377045
-0.33175283890419505,1.0014280080795288,0.0007773021934553981
-0.331678133067983,0.9985184073448181,0.0007717243279330432
-0.3316776387626458,0.9989394545555115,0.000785689742770046
-0.3315888902832925,0.9959638714790344,0.0007716994732618332
-0.33150115771984634,0.9913191199302673,0.0007406302611343563
-0.33146845096437194,1.0303336381912231,0.0007524866960011423
-0.3314188975071385,1.0105071067810059,0.0007478688494302332
-0.3313722998982184,1.0010193586349487,0.0007494022138416767
-0.33133933254400527,1.0097014904022217,0.0007628023158758879
-0.3312786877746798,0.990587055683136,0.000760924129281193
-0.33126210407397433,1.001491904258728,0.0007765687187202275
-0.33118740514810274,0.997739315032959,0.0007707607001066208
-0.33118690302750997,0.9988731741905212,0.0007857804885134101
-0.3310981615405213,0.9963577389717102,0.0007717439439147711
-0.33101042692045013,0.9901561141014099,0.00074003852205351
-0.3309777267460151,1.0300211906433105,0.000753273197915405
-0.33092816489783183,1.0117310285568237,0.0007480569765903056
-0.3308815741168267,1.0029011964797974,0.0007494178134948015
-0.33084859878290823,1.0113146305084229,0.0007639601826667786
-0.33078796092392326,0.9900562763214111,0.0007611385080963373
-0.3307713691613278,1.0027871131896973,0.000776394794229418
-0.3306966771458772,0.9983975291252136,0.0007708281045779586
-0.33069616729221346,0.998893141746521,0.0007857951568439603
-0.33060743271564574,0.9946030974388123,0.0007714862585999072
-0.3305196960384674,0.9911300539970398,0.0007398462039418519
-0.33048700252749774,1.029866337776184,0.0007521276129409671
-0.3304374323710312,1.012344479560852,0.0007477569743059576
-0.3303908484178606,1.001928687095642,0.0007494508172385395
-0.3303578650221326,1.0085880756378174,0.0007626884034834802
-0.33029723399114275,0.9897293448448181,0.0007604515412822366
-0.33028063424836007,1.0009492635726929,0.0007758722640573978
-0.3302059491431697,0.9997804164886475,0.0007712165242992342
-0.3302054316393427,0.9988870024681091,0.0007855703588575125
-0.3301167038907702,0.9939607381820679,0.0007711988873779774
-0.33002896523923175,0.9914365410804749,0.0007400262984447181
-0.3299962782270367,1.0322195291519165,0.000752829946577549
-0.3299466997618047,1.0105077028274536,0.0007476599421352148
-0.3299001227190551,1.000663161277771,0.000749761238694191
-0.3298671312613568,1.0099995136260986,0.0007634368957951665
-0.3298065071404666,0.9893085360527039,0.0007614403148181736
-0.32978989941797865,1.001115083694458,0.0007767261704429984
-0.32971522114062285,0.9984807968139648,0.0007719522109255195
-0.32971469590404623,0.9999545216560364,0.0007853532442823052
-0.329625975065734,0.9954736232757568,0.0007720334106124938
-0.3295382343577311,0.9912810921669006,0.0007394675631076097
-0.3295055540090013,1.0317736864089966,0.0007531971205025911
-0.329409397020089,1.00240159034729,0.0007493822486139834
-0.3293763974181554,1.0093843936920166,0.0007628183811903
-0.32931578020768615,0.9913216829299927,0.0007610144093632698
-0.3292991645054929,1.0004456043243408,0.0007761269807815552
-0.3292244931383973,0.9980105757713318,0.0007707069162279367
-0.32922396016842836,0.997635543346405,0.0007851564441807568
-0.3291352462405371,0.9943403005599976,0.0007712877122685313
-0.32904750355817414,0.9917588829994202,0.0007402793853543699
-0.32901482979064456,1.0311744213104248,0.000752760679461062
-0.3289652345431914,1.0108903646469116,0.0007478229817934334
-0.32891867132080144,1.0024646520614624,0.0007493093144148588
-0.32888566365713867,1.0107991695404053,0.0007633515051566064
-0.3288250533571706,0.9907601475715637,0.0007609868771396577
-0.3288084296752721,1.002851128578186,0.0007760229054838419
-0.328733765218276,0.9994850754737854,0.0007717397529631853
-0.3287332245152363,0.9987614154815674,0.0007854338618926704
-0.3286445174155008,0.9946594834327698,0.0007714683306403458
-0.3285567726766736,0.991193413734436,0.0007400796748697758
-0.32852410557268946,1.031989336013794,0.0007528641144745052
-0.32847450201639067,1.0105305910110474,0.0007474987069144845
-0.3284279456219961,1.001643419265747,0.0007493713637813926
-0.32839492989612185,1.0093257427215576,0.0007631223415955901
-0.328334326506173,0.9894161820411682,0.0007603491540066898
-0.328317694762465,1.0019100904464722,0.0007773559773340821
-0.3282430372160505,0.9977033138275146,0.0007712294463999569
-0.3282424887801005,0.997584342956543,0.0007849743706174195
-0.32815378859038424,0.9948193430900574,0.0007716062827967107
-0.3280660418772772,0.9905864596366882,0.0007398363668471575
-0.32803338127246945,1.0319024324417114,0.0007532131276093423
-0.32798376940708396,1.0112707614898682,0.0007479003979824483
-0.32793721992319064,1.0021852254867554,0.0007498872582800686
-0.32790419613518546,1.0107522010803223,0.0007635782239958644
-0.3278435995731516,0.9907068014144897,0.0007607213337905705
-0.32782695993208355,1.0026227235794067,0.0007765938062220812
-0.327752309213825,0.9987203478813171,0.0007707564509473741
-0.3277517530449646,0.9994168877601624,0.0007860461482778192
-0.32766305976558907,0.9947672486305237,0.0007723171729594469
-0.32757531107755955,0.9923810958862305,0.0007404559873975813
-0.327542657053952,1.0333725214004517,0.0007536878110840917
-0.32749303679809866,1.0103148221969604,0.000747917452827096
-0.3274464942241441,1.0032063722610474,0.000749987259041518
-0.3274134622921448,1.0107128620147705,0.0007633311906829476
-0.32735287272271646,0.9907156229019165,0.0007609198801219463
-0.3273362250193568,1.0022010803222656,0.0007773563847877085
-0.3272615812111175,0.9981256723403931,0.0007716817199252546
-0.32726101730966817,0.9986425042152405,0.0007861123885959387
-0.3271723309407135,0.9943386316299438,0.0007711754878982902
-0.327084580196059,0.9913678169250488,0.000740873976610601
-0.3270519328355952,1.0329575538635254,0.0007533896714448929
-0.32700230418871157,1.009251356124878,0.0007469267584383488
-0.3269557685250977,1.0023407936096191,0.0007492392905987799
-0.32692272853136906,1.0085192918777466,0.0007623722194693983
-0.3268621457896146,0.9905186295509338,0.0007612545159645379
-0.32684549018889497,1.002290964126587,0.0007762881577946246
-0.3267708532909963,0.9978119730949402,0.0007707306649535894
-0.32677028165663674,1.0002832412719727,0.0007856768206693232
-0.3266816021155166,0.9959673285484314,0.0007723885937593877
-0.32659384939682334,0.991844117641449,0.000740168965421617
-0.32656120861755983,1.033581018447876,0.0007535244221799076
-0.32651157166142886,1.0104314088821411,0.0007479958003386855
-0.32646504282613165,1.0012037754058838,0.0007494508172385395
-0.32643199477027196,1.0082391500473022,0.0007627077866345644
-0.32637141893909916,0.9898889660835266,0.0007607188308611512
-0.32635475527640917,1.0015918016433716,0.0007762867026031017
-0.32628012528877076,0.9999029636383057,0.0007720873691141605
-0.3262795459211796,0.9996957182884216,0.0007852762355469167
-0.3261908733727453,0.9949212670326233,0.0007714080275036395
-0.326103118597427,0.99129718542099,0.0007410533726215363
-0.3260704843993638,1.0349258184432983,0.0007535484619438648
-0.3260208390523631,1.009936809539795,0.0007475721649825573
-0.32597431712700486,1.001752257347107,0.0007498223567381501
-0.3259412610093355,1.0106449127197266,0.000762856041546911
-0.3258806920884229,0.9911109805107117,0.0007609923486597836
-0.3258640203639234,1.0033750534057617,0.0007771227392368019
-0.3257893972862238,0.9995349049568176,0.0007711448124609888
-0.3257888101858831,0.9978126287460327,0.0007845316431485116
-0.3257001445475484,0.9946489334106445,0.0007713413797318935
-0.32561238779819146,0.990923285484314,0.0007395675638690591
-0.32557976018132834,1.034446120262146,0.0007536526536568999
-0.3255301064432975,1.0092992782592773,0.00074696697993204
-0.3254835913459343,1.002098560333252,0.000749521073885262
-0.3254505272483991,1.010927677154541,0.0007636587251909077
-0.32538996515516044,0.9902113080024719,0.0007604583515785635
-0.32537328553354194,1.0016123056411743,0.000776548869907856
-0.3252986692840787,0.9989529252052307,0.0007705122698098421
-0.32529807453301235,0.99993896484375,0.0007861536578275263
-0.3252094157225123,0.9963929057121277,0.000771737948525697
-0.3251216569163694,0.9899844527244568,0.0007394519634544849
-0.3250890358808673,1.033373475074768,0.0007535361801274121
-0.3250393739163361,1.0081905126571655,0.0007470459095202386
-0.32499286564712887,1.0014736652374268,0.0007499209023080766
-0.3249597934050371,1.0104289054870605,0.0007631393964402378
-0.3248992383044039,0.990151047706604,0.0007605408318340778
-0.3248825506207349,1.002185344696045,0.000776434491854161
-0.32480794136387714,0.9984624981880188,0.0007713802624493837
-0.32480733879787654,0.9988807439804077,0.0007854749565012753
-0.3247186868976366,0.9960694909095764,0.0007718426641076803
-0.32463092611673217,0.991184651851654,0.00074015959398821
-0.3245983116623499,1.0349807739257812,0.0007536751218140125
-0.32454864130727046,1.0093804597854614,0.0007472748984582722
-0.32450213994816274,1.0018470287322998,0.0007494212477467954
-0.32446905964426137,1.0122429132461548,0.0007634861394762993
-0.32440851145396876,0.9903461933135986,0.0007607271545566618
-0.3243918157903534,1.0041420459747314,0.0007768463110551238
-0.3243172133611696,0.9991669058799744,0.0007707307231612504
-0.32431660306249965,1.0000561475753784,0.0007851606933400035
-0.32422795807276117,0.9937625527381897,0.0007712180376984179
-0.3241401953175769,0.9904569983482361,0.0007393378182314336
-0.32410758744431445,1.0363507270812988,0.000754386477638036
-0.3240579086980441,1.010275959968567,0.0007473599980585277
-0.32401141424911634,1.0012226104736328,0.0007496264297515154
-0.32397832588348563,1.0095369815826416,0.0007632046472281218
-0.32391778452118836,0.9901840686798096,0.000760770111810416
-0.323901080877707,1.0007458925247192,0.0007761867600493133
-0.3238264853589441,0.9984801411628723,0.0007709437632001936
-0.32382586740938785,0.9975526928901672,0.0007854183786548674
-0.32373722924740356,0.9954430460929871,0.0007713100640103221
-0.3236494645183412,0.9916415810585022,0.0007401140755973756
-0.3236168632262791,1.0353509187698364,0.0007539511425420642
-0.32356717608849633,1.0101981163024902,0.0007478703046217561
-0.3235206885500698,1.0023163557052612,0.0007499695639126003
-0.3234875921225492,1.010280966758728,0.0007633050554431975
-0.32342705767035146,0.9897249937057495,0.0007608128362335265
-0.3234103460474862,1.0025721788406372,0.0007767106872051954
-0.3233357573567185,0.9984387159347534,0.0007707009790465236
-0.32333513167409134,0.9988505840301514,0.0007855782168917358
-0.32324650042236724,0.9941465258598328,0.0007712283404543996
-0.32315873371878423,0.9921174049377441,0.0007403345080092549
-0.3231261390079223,1.0358630418777466,0.0007544024265371263
-0.3230764435613744,1.0101308822631836,0.000747388694435358
-0.32302996285110375,1.0039868354797363,0.0007504968671128154
-0.3229968583614521,1.0110971927642822,0.0007633970817551017
-0.3229363308196753,0.9898585677146912,0.00076065375469625
-0.32291961113500045,1.0031676292419434,0.0007767545757815242
-0.32284502943659726,0.9979746341705322,0.0007705223397351801
-0.32284439593863423,1.0001648664474487,0.000785783224273473
-0.3227557715974918,0.9940447807312012,0.0007711938815191388
-0.3226680029193879,0.9918437004089355,0.0007401334005407989
-0.3226354147899673,1.0363231897354126,0.0007543769897893071
-0.3225857109523086,1.0087767839431763,0.0007471146527677774
-0.32253923715229826,1.0017682313919067,0.0007494217134080827
-0.3225061246005157,1.0103399753570557,0.0007636454538442194
-0.32244560388657345,0.9895042777061462,0.0007606928120367229
-0.3224288763044583,1.0025633573532104,0.0007768002105876803
-0.3223543014340504,0.9973404407501221,0.0007709841011092067
-0.3223536602857634,1.0005311965942383,0.0007868761895224452
-0.32226504285455987,0.9939501881599426,0.000771595339756459
-0.3221772721198309,0.9919459223747253,0.0007398755988106132
-0.32214469057169093,1.0361593961715698,0.000753925007302314
-0.32209497834332335,1.00954270362854,0.0007473035366274416
-0.3220485114534928,1.0013521909713745,0.000749932718463242
-0.32201539075731433,1.009803056716919,0.0007628734456375241
-0.3219548770358973,0.9907170534133911,0.0007611331529915333
-0.3219381413918119,1.0030406713485718,0.0007764610927551985
-0.3218635734316642,0.9977549910545349,0.0007701842696405947
-0.3218629245506276,0.9986706376075745,0.0007859949837438762
-0.32177431402976464,0.995025098323822,0.0007716722902841866
-0.32168654132043467,0.9916818141937256,0.0007406400982290506
-0.32165396635317345,1.0360571146011353,0.000754508248064667
-0.32160424581612096,1.0096118450164795,0.0007464918890036643
-0.321557785754366,1.0012710094451904,0.0007493383018299937
-0.3215246569965386,1.0110926628112793,0.0007638565148226917
-0.32146415018538177,0.9911984205245972,0.000760753930080682
-0.3214474065612698,1.0021668672561646,0.0007765875197947025
-0.32137284551154305,0.9986299276351929,0.000770644866861403
-0.32137218881533114,0.9997384548187256,0.0007854701834730804
-0.32128358520496947,0.9939226508140564,0.0007711831713095307
-0.321195810521199,0.9905795454978943,0.0007397360168397427
-0.3211632421351381,1.0375316143035889,0.0007550065056420863
-0.32111351320673387,1.0092203617095947,0.0007470088312402368
-0.32106706005539987,1.0019718408584595,0.0007491484866477549
-0.32103392323576285,1.0106837749481201,0.0007639906252734363
-0.32097342333486634,0.9886499047279358,0.0007603989215567708
-0.3209566717308883,1.0017809867858887,0.0007759917061775923
-0.3208821175089962,0.9980227947235107,0.0007704297895543277
-0.3208814531622194,0.9997771382331848,0.0007852651178836823
-0.32079285637961186,0.9949518442153931,0.0007716096588410437
-0.32070507972196344,0.9910011291503906,0.0007407035445794463
-0.3206725179171027,1.0360603332519531,0.0007540204678662121
-0.3206227806799332,1.0114107131958008,0.0007476740865968168
-0.32057633435643373,1.0030641555786133,0.0007495677564293146
-0.3205431894745051,1.0110281705856323,0.0007631942862644792
-0.32048269640192506,0.9908537268638611,0.0007606815197505057
-0.3204659368184026,1.0035134553909302,0.0007764582987874746
-0.32039138950677065,0.9978477358818054,0.0007704030722379684
-0.32039071742684255,0.9993806481361389,0.0007852909620851278
-0.3203021275544149,0.9953184127807617,0.0007720430148765445
-0.3202143489225671,0.9903779625892639,0.0007394104613922536
-0.3201817936989066,1.0385377407073975,0.0007550425943918526
-0.32008560865730695,1.0024484395980835,0.0007494412711821496
-0.32005245571324736,1.0109111070632935,0.0007632501074112952
-0.31999196955108833,0.9908339381217957,0.0007614492787979543
-0.31997520198818175,1.0049328804016113,0.000776688801124692
-0.3199006615868101,0.9968353509902954,0.0007700861897319555
-0.3198999816915461,1.0005754232406616,0.0007859526085667312
-0.3198113987295394,0.9951102137565613,0.0007718184497207403
-0.3197236181230101,0.9911044239997864,0.0007400293834507465
-0.3196910694808712,1.04024076461792,0.000755356450099498
-0.3196413154616411,1.008504033088684,0.0007469307747669518
-0.31959488295850147,1.0024216175079346,0.000749460537917912
-0.31956172195247157,1.0115233659744263,0.0007635362562723458
-0.31950124270041214,0.9899789690971375,0.0007608451996929944
-0.31948446707521405,1.003928303718567,0.0007765375776216388
-0.3194099335844238,0.9980213642120361,0.0007703592418693006
-0.31940924603867527,1.0011693239212036,0.0007860801997594535
-0.31932066990450314,0.9946691989898682,0.0007714086095802486
-0.31923288732361377,0.9913901686668396,0.000740459596272558
-0.31920034526267504,1.0390236377716064,0.0007548565627075732
-0.31915058293484044,1.0078113079071045,0.0007474477752111852
-0.31910415725969604,1.00291907787323,0.0007497728802263737
-0.3190709881916959,1.0114381313323975,0.0007644005236215889
-0.3190105157673103,0.9898331165313721,0.0007612807094119489
-0.3189937322448326,1.0032882690429688,0.0007765407208353281
-0.3189192055819574,0.9974943399429321,0.0007700031856074929
-0.31891851030353946,0.9988172650337219,0.0007854204741306603
-0.31882994116189256,0.9963885545730591,0.0007714835810475051
-0.3187421565241372,0.9903783202171326,0.0007399549940600991
-0.31870962104415773,1.0389891862869263,0.0007549183210358024
-0.31865985032529276,1.008975863456726,0.0007482471410185099
-0.3186134315607299,1.0019623041152954,0.0007493666489608586
-0.31858025443075955,1.011527180671692,0.0007634707726538181
-0.31851978891687516,0.9895438551902771,0.0007603934500366449
-0.3185029973323468,1.0043696165084839,0.0007770549855194986
-0.31842847766175586,0.996245801448822,0.000770243932493031
-0.31842777465018673,0.9992032647132874,0.0007856759475544095
-0.31833921233701706,0.995025098323822,0.0007709276978857815
-0.3182514257249819,0.9916146993637085,0.0007399410242214799
-0.31821889682612226,1.0413777828216553,0.0007556687342002988
-0.3181691177160664,1.010172724723816,0.0007476373575627804
-0.3181227058616835,1.0023953914642334,0.0007493067532777786
-0.31808952066998375,1.0112254619598389,0.0007635337533429265
-0.31802906206644,0.9909127354621887,0.0007607919978909194
-0.31801226250188497,1.0044916868209839,0.0007770159863866866
-0.3179377496593696,0.9978534579277039,0.0007702650036662817
-0.3179370389145688,1.0016114711761475,0.0007862666971050203
-0.31784848351165945,0.9945318698883057,0.0007709109922870994
-0.3177606949257462,0.9902281761169434,0.0007397531298920512
-0.3177281726080869,1.0406825542449951,0.0007554882322438061
-0.3176783851892656,1.0100682973861694,0.0007468289695680141
-0.317631980244902,1.0037089586257935,0.0007496895850636065
-0.3175987868266217,1.0098540782928467,0.0007630804902873933
-0.31753833521560315,0.9904112815856934,0.0007602515397593379
-0.3175215275894796,1.0030394792556763,0.000775880878791213
-0.3174470216571441,0.9968674778938293,0.0007698519038967788
-0.3174463031794331,1.0009452104568481,0.000785886833909899
-0.3173577546866232,0.9935598373413086,0.0007707530166953802
-0.31726996412618924,0.9911493062973022,0.0007401408511213958
-0.3172374483897302,1.0395156145095825,0.0007550582522526383
-0.3171876525798787,1.0088268518447876,0.0007477558101527393
-0.3171412545459359,1.0034456253051758,0.0007497553015127778
-0.31710805306536394,1.0116662979125977,0.0007633089553564787
-0.317047608282662,0.989915132522583,0.0007607286679558456
-0.31703079275925883,1.0027257204055786,0.0007771647069603205
-0.3169562937371835,0.996668815612793,0.000770028680562973
-0.3169555675265622,1.0004390478134155,0.0007864090730436146
-0.3168670258617477,0.994647204875946,0.000771394232288003
-0.31677923340905795,0.9905779957771301,0.0007395867141894996
-0.3167467242534778,1.0401233434677124,0.000755413668230176
-0.3166969200530779,1.0076637268066406,0.0007473044097423553
-0.3166505288471304,1.0045241117477417,0.0007502279477193952
-0.3166173193046686,1.01255464553833,0.0007634675712324679
-0.31655688143182514,0.9898664951324463,0.0007600902463309467
-0.316540057928556,1.0032809972763062,0.0007762972381897271
-0.3164655657346367,0.9969365000724792,0.0007698866538703442
-0.3164648317912657,1.0014081001281738,0.0007863406790420413
-0.3163762970365508,0.9936090707778931,0.0007709935889579356
-0.31628850260950103,0.9902265071868896,0.0007399287424050272
-0.31625600003528165,1.040313959121704,0.0007556939963251352
-0.31620618744401224,1.008148431777954,0.0007468864787369967
-0.316159803148325,1.0024317502975464,0.000749661005102098
-0.3161265855439731,1.0120303630828857,0.0007636959780938923
-0.316066154581149,0.9900879263877869,0.0007604342536069453
-0.3160493230155882,1.0043220520019531,0.0007760184817016125
-0.3159748378145155,0.9979902505874634,0.0007702411967329681
-0.31597409605613,1.0010180473327637,0.0007865666411817074
-0.3158855682940206,0.9941229820251465,0.0007706404430791736
-0.3157977718101047,0.9904835224151611,0.0007400232134386897
-0.3157652758172463,1.0420341491699219,0.0007563969702459872
-0.31571545491680986,1.0086209774017334,0.0007469990523532033
-0.3156690774490375,1.0034085512161255,0.0007497761398553848
-0.315635851782876,1.0122333765029907,0.0007637927192263305
-0.3155754277306336,0.9908017516136169,0.0007605700520798564
-0.3155585881853675,1.0038766860961914,0.0007765273912809789
-0.31548410981212927,0.9969833493232727,0.0007696562679484487
-0.3154833604029378,1.0012127161026,0.0007867604726925492
-0.3153948394692253,0.9928893446922302,0.0007711980142630637
-0.31530704101086904,0.9898650050163269,0.0007399895694106817
-0.31527455159905027,1.0410988330841064,0.0007556937052868307
-0.3152247223075032,1.007075309753418,0.0007467098766937852
-0.31517835174975006,1.0037126541137695,0.000749815721064806
-0.3151451180221003,1.011191964149475,0.0007641814299859107
-0.315084700880118,0.9899519681930542,0.0007605853024870157
-0.3150678532728817,1.005463719367981,0.0007764487527310848
-0.3149933818095825,0.9986840486526489,0.0007698590634390712
-0.31499262466732003,0.9991082549095154,0.0007863127975724638
-0.3149041106438677,0.9941450953483582,0.0007711861399002373
-0.31481631029389845,0.9910998344421387,0.0007403110503219068
-0.3147838273810148,1.0414929389953613,0.0007555903866887093
-0.31473398978070255,1.0086654424667358,0.0007472665165551007
-0.31468762605094464,1.0043376684188843,0.0007500728243030608
-0.31465438426116393,1.0113850831985474,0.0007637590751983225
-0.31459397394685557,0.9905182719230652,0.0007607160951010883
-0.31457711844250025,1.0054893493652344,0.0007762616733089089
-0.31450265388962184,0.9967097640037537,0.0007694605155847967
-0.31450188901452963,1.0004699230194092,0.0007871455745771527
-0.31441338181867085,0.9938594698905945,0.0007708373013883829
-0.31432557949450224,0.9909701943397522,0.0007398929446935654
-0.3142931031629794,1.0398164987564087,0.0007551738526672125
-0.3142432571714761,1.0073691606521606,0.0007465681992471218
-0.31419690035213915,1.0044732093811035,0.0007496389443986118
-0.3141636504999062,1.0112054347991943,0.0007633079076185822
-0.3141032470961793,0.9899829030036926,0.0007602659752592444
-0.3140863836122795,1.0044360160827637,0.000776447996031493
-0.3140119258873963,0.9968385100364685,0.0007695863605476916
-0.31401115327947404,1.000399112701416,0.0007861400954425335
-0.3139226529937953,0.9941675662994385,0.0007709871861152351
-0.3138348486949452,0.9901041388511658,0.0007398352609016001
-0.31380237902672703,1.0444666147232056,0.0007566146668978035
-0.31375252456241043,1.0071282386779785,0.0007466229144483805
-0.3137061746531731,1.003129482269287,0.0007496156031265855
-0.31367291673913045,1.0103439092636108,0.0007631130865775049
-0.3136125202456639,0.9905881285667419,0.0007604996208101511
-0.31359564869947243,1.005345106124878,0.0007766076014377177
-0.3135211979669538,0.997285008430481,0.000769769714679569
-0.31352041754401694,1.0019088983535767,0.0007867179811000824
-0.31343192425102406,0.9930087924003601,0.0007703617447987199
-0.3133441179778139,0.9899247884750366,0.0007400370086543262
-0.3133116548083703,1.042729377746582,0.0007557083736173809
-0.3132617920356098,1.0068970918655396,0.0007465705857612193
-0.3132154489543676,1.0047643184661865,0.0007503674714826047
-0.31318218297835465,1.0127127170562744,0.0007634848589077592
-0.31312179339482704,0.9901090860366821,0.0007610092870891094
-0.3131049138687696,1.0049446821212769,0.0007764009642414749
-0.3130304699645676,0.9976081252098083,0.0007702177972532809
-0.31302968189114616,1.0013930797576904,0.0007866867235861719
-0.31294119542614846,0.9941887855529785,0.0007708965567871928
-0.31285338717825695,0.990905225276947,0.000739648356102407
-0.3128209305904152,1.0425196886062622,0.0007560686208307743
-0.31277105942606204,1.007908821105957,0.0007471420103684068
-0.3127247232552408,1.0033864974975586,0.0007494999445043504
-0.31269144921741826,1.010988712310791,0.0007632436463609338
-0.3126310665443919,0.9904963374137878,0.000760728376917541
-0.31261417903854877,1.0038872957229614,0.0007766394410282373
-0.31253974196234213,0.9977876543998718,0.0007696705288253725
-0.31253894615584965,0.9993411898612976,0.0007859276956878603
-0.3124504666011122,0.9926424622535706,0.0007706466130912304
-0.31236265646136663,0.9905266165733337,0.0007403380004689097
-0.3123302063721388,1.0415915250778198,0.000756148889195174
-0.31228032689902036,1.0061074495315552,0.000746583566069603
-0.31223399763821835,1.0028496980667114,0.0007494846940971911
-0.31220071545664263,1.0118886232376099,0.0007634834037162364
-0.3121403396939567,0.989680290222168,0.0007606047438457608
-0.3121234441260631,1.005383014678955,0.0007766866474412382
-0.31204901404222085,0.9984039664268494,0.00077008584048599
-0.3120482104202319,1.0012127161026,0.0007872118731029332
-0.3119597377757547,0.9923607110977173,0.0007706183241680264
-0.3118719256622114,0.9905619621276855,0.0007402629707939923
-0.31183948223636837,1.0429290533065796,0.0007566853892058134
-0.31178959429003494,1.0077418088912964,0.0007468583062291145
-0.3117432719394933,1.0033317804336548,0.0007494526798836887
-0.31170998169554553,1.0122134685516357,0.0007633705390617251
-0.31164961276069425,0.9901206493377686,0.0007599795935675502
-0.31163270929568154,1.0046533346176147,0.0007764168549329042
-0.31155828603999525,0.9976426959037781,0.000770430313423276
-0.31155747476736106,1.000962734222412,0.0007868241518735886
-0.31146900895055774,0.9938907027244568,0.0007710186182521284
-0.3113811948624937,0.9898772835731506,0.0007398934685625136
-0.311348758018333,1.0443707704544067,0.0007565685664303601
-0.311298861762913,1.0079829692840576,0.0007466261158697307
-0.31125254624076815,1.0049285888671875,0.0007501965155825019
-0.3112192479342877,1.0124443769454956,0.000763748656027019
-0.31115888590985735,0.9905297756195068,0.0007605890277773142
-0.31114197438303515,1.0042613744735718,0.0007760856533423066
-0.3110675581200348,0.9978150725364685,0.0007696312968619168
-0.31106673903222526,1.0014363527297974,0.0007868194952607155
-0.31097828020794716,0.994001030921936,0.0007714392268098891
-0.31089046414520166,0.9907263517379761,0.0007399084861390293
-0.31085803379981564,1.044188141822815,0.000756263907533139
-0.31080812915384726,1.0081228017807007,0.000747519196011126
-0.3107618205416413,1.0042147636413574,0.0007501341169700027
-0.31072851417351205,1.0110100507736206,0.0007633930654264987
-0.3106681590593419,0.9902092814445496,0.0007608103333041072
-0.310651239552493,1.0057733058929443,0.0007767683127894998
-0.3105768301173273,0.99796462059021,0.0007698638364672661
-0.31057600337919383,1.0003409385681152,0.000786726304795593
-0.3104875513830717,0.9931864142417908,0.0007708792691119015
-0.31039973342823113,0.9906004667282104,0.0007398300222121179
-0.31036730966388454,1.0439558029174805,0.0007564296247437596
-0.31031739662688596,1.0063339471817017,0.0007460723281838
-0.3102710948428359,1.0044732093811035,0.0007498855702579021
-0.3102377804128166,1.011807918548584,0.0007637442322447896
-0.31017743220866567,0.9893766045570374,0.000760042923502624
-0.31016050472211154,1.0063196420669556,0.0007765594637021422
-0.31008610219704535,0.9971117377281189,0.0007693998632021248
-0.3100852676437367,1.001402497291565,0.0007864452200010419
-0.3099968225580354,0.9944620728492737,0.0007708505727350712
-0.3099090026288348,0.9913961887359619,0.0007399144233204424
-0.3098765854458492,1.0450953245162964,0.0007563888211734593
-0.30982666401733816,1.0079926252365112,0.0007469395059160888
-0.30978036914386975,1.0046048164367676,0.0007497378392145038
-0.30974704665179986,1.0133001804351807,0.0007642044802196324
-0.30968670535815024,0.9901114106178284,0.0007606417639181018
-0.3096697698096258,1.0040066242218018,0.0007759447325952351
-0.3095953741949002,0.9978170990943909,0.0007697976543568075
-0.30959453199070514,1.0006824731826782,0.0007864964427426457
-0.3095060937329189,0.9926560521125793,0.0007703250739723444
-0.3094182719116231,0.9903134107589722,0.0007401445182040334
-0.3093858613099181,1.0435439348220825,0.0007564727566204965
-0.3093359314905375,1.0071712732315063,0.000747297948691994
-0.3092896435268473,1.0041836500167847,0.0007501882500946522
-0.30925631289086347,1.0125269889831543,0.0007635293295606971
-0.3091959785076347,0.9919713735580444,0.0007616070215590298
-0.309179034979405,1.0041897296905518,0.0007758323918096721
-0.30910464627469864,0.996502161026001,0.0007695832755416632
-0.309103796255248,1.0009785890579224,0.0007866842206567526
-0.30901536490780235,0.9927927851676941,0.0007707659970037639
-0.30892754111246784,0.9892931580543518,0.0007397564477287233
-0.3088951370918827,1.0445387363433838,0.0007565717678517103
-0.30884519896373674,1.007195234298706,0.0007455077720806003
-0.30879891782804186,1.0039118528366089,0.0007500996580347419
-0.3087655791297664,1.0134801864624023,0.0007641575648449361
-0.3087052516566372,0.989561140537262,0.0007599261589348316
-0.3086883001489432,1.0055850744247437,0.000776234024669975
-0.3086139182724731,0.9974198937416077,0.0007698648259975016
-0.30861306052019255,1.0007672309875488,0.000786566932220012
-0.30852463616503106,0.9940181374549866,0.0007703423616476357
-0.3084368103951759,0.9915918111801147,0.0007401041802950203
-0.30840441287384723,1.0452466011047363,0.0007573958137072623
-0.30835446635451047,1.0068765878677368,0.0007470728596672416
-0.3083081921292364,1.0041927099227905,0.0007494230521842837
-0.30827484536883,1.0121794939041138,0.0007634630892425776
-0.30821452472369604,0.9914772510528564,0.000760764058213681
-0.3081975653184815,1.0028557777404785,0.0007753989193588495
-0.3081231902702476,0.9970126748085022,0.0007696605753153563
-0.3081223248674021,1.0014855861663818,0.0007868698448874056
-0.30803390734015546,0.993392825126648,0.0007703610463067889
-0.30794607967772325,0.990562915802002,0.0007404726929962635
-0.30791368873759484,1.0431156158447266,0.0007560052908957005
-0.3078637338277098,1.0065317153930664,0.0007466179667972028
-0.3078174664302703,1.0051026344299316,0.0007506559486500919
-0.3077841116080543,1.0122199058532715,0.0007633586064912379
-0.3077237978731806,0.9900543093681335,0.0007599066011607647
-0.307706830405835,1.004963994026184,0.0007761226152069867
-0.3076324623498051,0.998153567314148,0.0007695785025134683
-0.30763158913194494,1.0021421909332275,0.0007870176341384649
-0.30754317851527996,0.9935423731803894,0.0007705098832957447
-0.3074553488784876,0.9905407428741455,0.0007398994639515877
-0.3074229645192381,1.0451298952102661,0.0007573488401249051
-0.30737300121832273,1.0061149597167969,0.0007461521308869123
-0.3073267407314648,1.002850890159607,0.0007501880172640085
-0.30729337784727856,1.0118268728256226,0.0007631932967342436
-0.30723307102234376,0.9913924932479858,0.0007607298903167248
-0.30721609557529295,1.0052614212036133,0.0007758603896945715
-0.30714173434741876,0.9977344274520874,0.0007698677945882082
-0.30714085347859216,1.000817894935608,0.0007868879474699497
-0.30705244969008305,0.9934101104736328,0.0007704062736593187
-0.30696461816151693,0.991707980632782,0.0007397779845632613
-0.30693224038354805,1.0462387800216675,0.0007568781147710979
-0.30688226869103996,1.0058305263519287,0.0007462918292731047
-0.306836015114603,1.0032988786697388,0.0007500220090150833
-0.30680264408634217,1.0128653049468994,0.0007636830559931695
-0.3067423441718283,0.9905312657356262,0.0007603979902341962
-0.3067253607450722,1.0037654638290405,0.0007754103862680495
-0.3066510064274583,0.9972341656684875,0.0007694961386732757
-0.3066501177432957,1.0012167692184448,0.0007869403343647718
-0.3065617209473118,0.9938070774078369,0.0007701318245381117
-0.30647388744438575,0.990653932094574,0.0007397455628961325
-0.30644151616527165,1.0452685356140137,0.0007569356239400804
-0.3063915360820547,1.0067634582519531,0.0007473331061191857
-0.3063452894153156,1.0040104389190674,0.0007498223567381501
-0.3063119103252451,1.012328863143921,0.0007637813105247915
-0.3062516173213931,0.9912418723106384,0.0007601589313708246
-0.3062346258325864,1.006022334098816,0.0007762306486256421
-0.3061602784250721,0.9962177872657776,0.0007692712242715061
-0.3061593820904249,1.001793622970581,0.0007874965085648
-0.30607099212219524,0.9940170049667358,0.0007708843913860619
-0.3059831566451501,0.9904769659042358,0.0007400033064186573
-0.3059507920295012,1.045244812965393,0.0007568700239062309
-0.30590080355533433,1.0066332817077637,0.0007465594680979848
-0.3058545637165101,1.0034633874893188,0.000749596452806145
-0.3058211765643086,1.0128358602523804,0.0007638200186192989
-0.30576089047047594,0.9904835224151611,0.0007601698162034154
-0.30574389100220495,1.0058133602142334,0.0007759816944599152
-0.3056695505051116,0.998969316482544,0.0007698364788666368
-0.30566864635496777,1.0014070272445679,0.0007873869617469609
-0.30558026329707866,0.9925326704978943,0.0007702801376581192
-0.3054924259280188,0.9905693531036377,0.0007397065637633204
-0.3054600678113052,1.0459119081497192,0.0007572986069135368
-0.30541007102821227,1.005927324295044,0.0007461747736670077
-0.30536383801778494,1.0053147077560425,0.0007498328923247755
-0.3053304428854766,1.0125765800476074,0.0007638868992216885
-0.30527016361947845,0.990836501121521,0.0007604259881190956
-0.30525315617182347,1.0054254531860352,0.0007762641180306673
-0.3051788225028861,0.9968169331550598,0.0007692932849749923
-0.30517791061991223,1.0019108057022095,0.0007882385398261249
-0.3050895344722031,0.9951217174530029,0.0007706153555773199
-0.3050016952105662,0.9902375340461731,0.0007397892186418176
-0.30496934367505274,1.045940637588501,0.0007577108917757869
-0.30491933841914665,1.0059725046157837,0.0007462766370736063
-0.30487311240100357,1.0051532983779907,0.0007505766116082668
-0.3048397091247008,1.0134838819503784,0.0007638274109922349
-0.3047794367689629,0.9905745387077332,0.0007600366952829063
-0.3047624213412814,1.0041887760162354,0.0007755974074825644
-0.3046880945824435,0.9966914653778076,0.0007693516672588885
-0.30468717496712183,1.0040717124938965,0.0007877881289459765
-0.30459880564732755,0.9950180649757385,0.0007708431221544743
-0.3045109644935955,0.9894585609436035,0.0007391810067929327
-0.3044786194566961,1.0451608896255493,0.0007567719439975917
-0.30442860589218523,1.0037946701049805,0.0007456755265593529
-0.30438238670203743,1.0052289962768555,0.0007498405175283551
-0.3043489753639251,1.0140990018844604,0.0007636966183781624
-0.3042887099184475,0.9924696683883667,0.0007605173741467297
-0.3042716864286349,1.0053740739822388,0.0007757875719107687
-0.3041973666621617,0.997268795967102,0.0007694180821999907
-0.304196439231504,1.000418782234192,0.0007869395194575191
-0.3041080769045563,0.9933309555053711,0.0007703389856033027
-0.3040202337766249,0.9899899363517761,0.0007396425935439765
-0.3039878953209256,1.045203685760498,0.0007568523287773132
-0.30393787328263755,1.0062601566314697,0.0007463563815690577
-0.30389166100291065,1.0043975114822388,0.0007502064690925181
-0.3038582416029887,1.013353705406189,0.0007638406241312623
-0.3037979830676105,0.9892690181732178,0.0007598074153065681
-0.3037809515980928,1.0057449340820312,0.0007759591098874807
-0.3037066386599361,0.9982823133468628,0.000770126935094595
-0.30370570357831184,1.0018819570541382,0.0007868937100283802
-0.3036173480793594,0.9929997324943542,0.0007702552247792482
-0.3035295030593329,0.9923294186592102,0.0007400058093480766
-0.30349717110297053,1.047272801399231,0.0007574515184387565
-0.3034009353039445,1.0041402578353882,0.0007495586760342121
-0.30336750784173094,1.013027310371399,0.0007637932430952787
-0.30330725621693444,0.990502655506134,0.0007602387922815979
-0.30329021676787205,1.0055902004241943,0.0007756397826597095
-0.30321591073981496,0.9983457326889038,0.0007696482934989035
-0.30321496784317603,1.0022969245910645,0.0007867414969950914
-0.30312661925432316,0.9936421513557434,0.000770114827901125
-0.3030387723424427,0.9906002283096313,0.0007397982990369201
-0.3030064469669591,1.0452535152435303,0.0007567321881651878
-0.3029564082287951,1.00608229637146,0.0007462544017471373
-0.3029102096874041,1.004487156867981,0.0007496468024328351
-0.3028767740807945,1.0138133764266968,0.0007642638520337641
-0.30281652936625825,0.989449679851532,0.0007596345967613161
-0.30279948193765127,1.00581693649292,0.0007761299493722618
-0.3027251827375894,0.9964751601219177,0.0007690240745432675
-0.30272423219014455,1.0031319856643677,0.0007881940109655261
-0.30263589042928696,0.9935438632965088,0.0007701698923483491
-0.30254804162523097,0.9907228946685791,0.0007400438189506531
-0.302515722831028,1.04671311378479,0.0007578528020530939
-0.30246567561980986,1.0043001174926758,0.0007455433951690793
-0.30241948398859864,1.0056827068328857,0.0007507045520469546
-0.30238604032001887,1.0135135650634766,0.0007633531931787729
-0.3023258025154215,0.9919049143791199,0.0007604809361509979
-0.30230874702476385,1.0064263343811035,0.000775812310166657
-0.30223445481746813,0.9976551532745361,0.0007695714593864977
-0.30223349645500874,1.002017617225647,0.0007871258421801031
-0.3021451616866764,0.9936372637748718,0.0007701003924012184
-0.3020573109077783,0.9891597628593445,0.0007393347914330661
-0.30202499861267135,1.0461382865905762,0.0007576947100460529
-0.3019749430925271,1.0063986778259277,0.0007466941024176776
-0.3019287582896325,1.0039907693862915,0.0007494942983612418
-0.3018953065589218,1.0135776996612549,0.0007636991795152426
-0.3018350756649059,0.990649938583374,0.0007605627761222422
-0.30181801219430204,1.0066280364990234,0.0007754696998745203
-0.30174372681476064,0.9963586330413818,0.0007688495679758489
-0.30174276080213797,1.0020486116409302,0.0007873231661505997
-0.30165443286180077,0.9946718215942383,0.0007708127959631383
-0.30156658019080773,0.9907493591308594,0.0007398297893814743
-0.30153427447674025,1.0462746620178223,0.0007569834124296904
-0.30148421056540503,1.0051382780075073,0.0007463075453415513
-0.3014380325905057,1.004211664199829,0.0007498966297134757
-0.30140457288041106,1.0137548446655273,0.0007635820657014847
-0.3013443488143905,0.9907757639884949,0.000760095426812768
-0.30132727736408127,1.0068289041519165,0.0007757127750664949
-0.3012529988948002,0.9981769323348999,0.0007695139502175152
-0.30125202506652016,1.0021588802337646,0.0007870968547649682
-0.3011637040364432,0.9931358695030212,0.0007703439332544804
-0.3010758494738371,0.9903438091278076,0.0007402932387776673
-0.3010435503409699,1.047817349433899,0.0007575629861094058
-0.30099347795633935,1.004700779914856,0.0007457957835868001
-0.30094730697380456,1.005294680595398,0.0007501071086153388
-0.30091383911947467,1.013156771659851,0.0007638794486410916
-0.30085362196371424,0.9903445839881897,0.0007601504330523312
-0.3008365425336999,1.0063180923461914,0.0007756053819321096
-0.30076227089257457,0.9981552958488464,0.0007701057475060225
-0.3007612894134887,1.0024293661117554,0.0007875169976614416
-0.3006729752935113,0.9943926334381104,0.0007703127339482307
-0.3005851187567058,0.9892389178276062,0.0007394286221824586
-0.30055282612293444,1.0464093685150146,0.0007575033232569695
-0.30050274542937794,1.0061951875686646,0.0007461519562639296
-0.3004565812746778,1.0039691925048828,0.0007496043690480292
-0.3004231053582169,1.0143166780471802,0.0007640289259143174
-0.3003628951128775,0.9904162883758545,0.0007597900694236159
-0.30034580762121404,1.006657600402832,0.0007750771474093199
-0.300271542972373,0.9961774349212646,0.0007692452636547387
-0.30027055367835287,1.0032402276992798,0.0007875833543948829
-0.30018224646871616,0.992790699005127,0.0007700395071879029
-0.3000943880394942,0.9912158250808716,0.0007398127927444875
-0.30006210198700345,1.0466499328613281,0.0007572660106234252
-0.3000120129025773,1.0052472352981567,0.0007460543420165777
-0.2999658555758723,1.0047301054000854,0.0007497716578654945
-0.2999323715974411,1.012344479560852,0.0007634918438270688
-0.2998721682622013,0.9900630116462708,0.000759865331929177
-0.29985507279067203,1.005267858505249,0.0007753874524496496
-0.29978081505217147,0.9957956075668335,0.0007694755331613123
-0.2997798180251608,1.0040146112442017,0.0007882621721364558
-0.2996915176435995,0.9935138821601868,0.000770430255215615
-0.29960365732228256,0.9909278154373169,0.0007397129666060209
-0.2995713778509117,1.0464355945587158,0.0007569839362986386
-0.29952128029351166,1.004606008529663,0.0007462764042429626
-0.2994751299594123,1.0056977272033691,0.0007500151405110955
-0.2994416378366654,1.0135351419448853,0.0007637534872628748
-0.2993814414115251,0.9903162717819214,0.0007600327371619642
-0.29936433796004946,1.0066462755203247,0.0007756197010166943
-0.2992900870497853,0.99663245677948,0.0007692134822718799
-0.29928908229010526,1.0032439231872559,0.0007880103657953441
-0.29920078881872403,0.9929456114768982,0.0007698863628320396
-0.2991129266051512,0.9898298382759094,0.0007404618663713336
-0.29908065363271563,1.046447515487671,0.0007574345218017697
-0.29903054776622895,1.0028691291809082,0.0007454039296135306
-0.29898440426036577,1.0054857730865479,0.0007498004706576467
-0.298950904075729,1.0133452415466309,0.0007637483067810535
-0.29889071456100963,0.9900013208389282,0.0007595120696350932
-0.29887360312990907,1.0063844919204712,0.00077539321500808
-0.2987993591295034,0.9965441823005676,0.0007694222149439156
-0.2987983465547285,1.002484917640686,0.0007877657772041857
-0.29871006007611345,0.9939795136451721,0.0007699480629526079
-0.29862219588818056,0.9902023077011108,0.000740193238016218
-0.2985899294966239,1.0479899644851685,0.0007581044919788837
-0.29853981523926754,1.004722237586975,0.0007462395005859435
-0.2984936785610783,1.0042353868484497,0.0007495297468267381
-0.2984601703972183,1.0132001638412476,0.0007634958019480109
-0.2983999877104942,0.9896108508110046,0.0007594699854962528
-0.29838286829968835,1.0059782266616821,0.0007758146966807544
-0.2983086311271172,0.9964659810066223,0.0007694934029132128
-0.2983076109013756,1.0036109685897827,0.0007881455821916461
-0.29821933125075584,0.9928939938545227,0.0007695986423641443
-0.2981314651712099,0.9883476495742798,0.0007392273982986808
-0.29809920536085344,1.0464671850204468,0.0007571270107291639
-0.29804908263020186,1.0061448812484741,0.0007463428191840649
-0.2980029529443772,1.004656195640564,0.0007494774181395769
-0.2979694366361212,1.013982892036438,0.0007644304423592985
-0.2979092608596573,0.9914259910583496,0.0007601137622259557
-0.2978921333868812,1.0048949718475342,0.0007749687065370381
-0.2978179032071567,0.9987710118293762,0.0007696396787650883
-0.2978168751662398,1.0017656087875366,0.0007872527930885553
-0.29772860242571964,0.9913333654403687,0.0007698892732150853
-0.297640734536183,0.9909138679504395,0.0007398696034215391
-0.29760848122516337,1.0458210706710815,0.0007569725275970995
-0.29755835010307974,1.005406141281128,0.0007462247740477324
-0.2974787028749438,1.0134090185165405,0.0007640288677066565
-0.2974185340089811,0.991213858127594,0.0007601316901855171
-0.29740139855666037,1.0062025785446167,0.000775505555793643
-0.2973271752871962,0.9973769783973694,0.0007692388026043773
-0.29732613951336906,1.003631591796875,0.0007876658346503973
-0.2972378736008441,0.993168830871582,0.0007701441063545644
-0.2971500038190517,0.9891659617424011,0.0007391901453956962
-0.297117757006887,1.0459914207458496,0.0007570423767901957
-0.2970676175763595,1.0058245658874512,0.0007458043983206153
-0.2969879691142483,1.0130605697631836,0.000763754709623754
-0.29692780715822464,0.9907515645027161,0.0007599026430398226
-0.296910663726279,1.007914423942566,0.0007756077102385461
-0.29683644728480996,0.9972732067108154,0.0007695771055296063
-0.29683540377807255,1.0052438974380493,0.0007878681644797325
-0.2967471448579926,0.9919615387916565,0.0007697513210587204
-0.29665927310184004,0.9908838272094727,0.0007398095913231373
-0.29662703287095593,1.0505832433700562,0.0007581348763778806
-0.2965768850496392,1.004408359527588,0.0007460991037078202
-0.2964972353534727,1.0135364532470703,0.0007637516246177256
-0.2964370803074681,0.9903560876846313,0.0007598052034154534
-0.2964199288955762,1.0059194564819336,0.0007758713909424841
-0.296345719364528,0.996376633644104,0.0007691915379837155
-0.2963446681248805,1.0031317472457886,0.00078767811646685
-0.2962564160331973,0.9929793477058411,0.0007704325835220516
-0.2961685423846284,0.989847719669342,0.0007396123837679625
-0.2961363087348642,1.0474108457565308,0.0007579951779916883
-0.2960861524400914,1.0041229724884033,0.0007460053893737495
-0.2960065016746405,1.0135215520858765,0.0007642863201908767
-0.2959463534569527,0.9902023673057556,0.000759901711717248
-0.2959291940653554,1.0063735246658325,0.0007759079453535378
-0.2958549913621419,0.996256411075592,0.0007692371145822108
-0.29585393238958396,1.0034490823745728,0.0007883034995757043
-0.29576568720832175,0.9937610626220703,0.0007702962029725313
-0.2956778117499228,0.9910435676574707,0.000740370771382004
-0.2956455845989331,1.0487250089645386,0.0007579248049296439
-0.29559541991296934,1.0040154457092285,0.0007454970036633313
-0.2955157679138649,1.0161060094833374,0.0007641788106411695
-0.29545562660643715,0.9891030788421631,0.0007592893089167774
-0.2954384592351347,1.0068800449371338,0.0007757126586511731
-0.29536426344186006,0.9967583417892456,0.000769003585446626
-0.29536319673655254,1.0047672986984253,0.0007883444195613265
-0.2952749584652291,0.9923211336135864,0.0007696247193962336
-0.2951870810329522,0.990735650062561,0.0007400201866403222
-0.29515486046316275,1.0467801094055176,0.0007574554765596986
-0.2951046873861687,1.0049859285354614,0.0007464771624654531
-0.29502503415292847,1.0132956504821777,0.0007637240341864526
-0.294964899755761,0.9892446994781494,0.0007592124748043716
-0.29494772432248817,1.0057233572006226,0.0007753370446152985
-0.29487353552189943,0.9974254369735718,0.0007693979423493147
-0.2948724610010954,1.0043059587478638,0.0007878484902903438
-0.2947842296400322,0.99220210313797,0.0007696519605815411
-0.29469635031582087,0.9901495575904846,0.0007396970177069306
-0.2946641363273923,1.0482535362243652,0.0007577684009447694
-0.29461395485920727,1.0037925243377686,0.0007454102742485702
-0.2945343003916707,1.0150810480117798,0.0007637757807970047
-0.29447417290492417,0.9916812181472778,0.0007597511284984648
-0.2944569894922675,1.006659984588623,0.0007754281396046281
-0.29438280751967394,0.9957090616226196,0.0007689699996262789
-0.2943817253482246,1.0023772716522217,0.0007873058784753084
-0.2942935008151567,0.9918124079704285,0.0007690372876822948
-0.29420561968079395,0.9906057119369507,0.0007401034818030894
-0.2941734121911399,1.0480097532272339,0.0007577089127153158
-0.29412322225014165,1.004585862159729,0.0007457598694600165
-0.2940771475996038,1.0051515102386475,0.0007508849957957864
-0.29404356671316,1.013941764831543,0.0007639589603058994
-0.2939834460542481,0.9903433918952942,0.0007596388459205627
-0.2939662546617253,1.0052788257598877,0.0007755898986943066
-0.29389207959955277,0.9965319633483887,0.0007690390339121222
-0.2938909896130888,1.0038172006607056,0.0007873713620938361
-0.2938027720723855,0.9931462407112122,0.0007695250096730888
-0.29371488896366266,0.9893175363540649,0.000739722978323698
-0.2936826880552089,1.0468971729278564,0.0007573194452561438
-0.293632489723341,1.0028144121170044,0.0007455381564795971
-0.2935864219007985,1.0047798156738281,0.0007496580947190523
-0.2935528329523842,1.0159062147140503,0.0007644689176231623
-0.29349271920357184,0.9915148019790649,0.0007594304042868316
-0.29347551983102255,1.006643533706665,0.0007750940858386457
-0.2934013516794316,0.9963350892066956,0.0007695193053223193
-0.2934002539600572,1.0039950609207153,0.0007876884192228317
-0.29331204324750987,0.9921106100082397,0.0007695508538745344
-0.2932241583287963,0.9898887276649475,0.000739910698030144
-0.2931919638371734,1.047627329826355,0.0007572253234684467
-0.2931417571960583,1.003071665763855,0.0007456271559931338
-0.2930956962839366,1.0058649778366089,0.0007497906335629523
-0.2930620991914478,1.0144336223602295,0.0007635426591150463
-0.2930019924353213,0.9903612732887268,0.0007593329646624625
-0.2929847850008821,1.0068622827529907,0.0007755537517368793
-0.2929106236768847,0.9967517852783203,0.0007691622595302761
-0.2929095183069455,1.002982497215271,0.0007876872550696135
-0.2928213144224737,0.9933797121047974,0.0007699101115576923
-0.29273342761182575,0.9900467991828918,0.0007395139546133578
-0.29270123970108175,1.0470781326293945,0.0007571920286864042
-0.29265102466909687,1.0026850700378418,0.0007450376870110631
-0.29260497058472956,1.0049480199813843,0.0007497187471017241
-0.2925713654306721,1.0147900581359863,0.0007636928930878639
-0.2925112655848059,0.990416407585144,0.0007594645139761269
-0.2924940501707417,1.006630539894104,0.0007752269157208502
-0.2924198957567634,0.9984346628189087,0.000770036072935909
-0.2924187825715686,1.0039465427398682,0.0007877926109358668
-0.2923305855971161,0.9927980899810791,0.0007695780950598419
-0.29224269697712,0.9897137880325317,0.0007397084264084697
-0.29221051556515065,1.0473331212997437,0.0007575610070489347
-0.2921602921422962,1.004443645477295,0.0007453652215190232
-0.29211424488600435,1.005988359451294,0.0007503971573896706
-0.29208063175184,1.0132685899734497,0.0007636735681444407
-0.29202053873380834,0.9902083277702332,0.0007590762106701732
-0.2920033153401995,1.0073601007461548,0.0007753029349260032
-0.29192916783680295,0.9963743090629578,0.0007689283811487257
-0.2919280469185372,1.0054303407669067,0.0007883619982749224
-0.29183985685450553,0.9923280477523804,0.0007696337415836751
-0.29175196625966743,0.9895812273025513,0.0007406907971017063
-0.2917197914293802,1.0492256879806519,0.0007579468656331301
-0.2916695595329091,1.0031143426895142,0.0007453915313817561
-0.29162351926946395,1.006298303604126,0.0007501561194658279
-0.29158989799058227,1.0113755464553833,0.0007633367204107344
-0.29152981188297156,0.9891960024833679,0.000758914218749851
-0.29151258050997886,1.0072873830795288,0.000775009160861373
-0.2914384398345774,0.9964916110038757,0.0007686599856242537
-0.2914373111834014,1.0041579008102417,0.0007881755009293556
-0.29134912802963003,0.9935451149940491,0.0007696386310271919
-0.29126123562464046,0.9903714060783386,0.000739490904379636
-0.29122906729328857,1.0462276935577393,0.0007571193273179233
-0.2911788270061085,1.0041524171829224,0.0007453082362189889
-0.29113279357033717,1.0065425634384155,0.0007503890083171427
-0.2910991642298869,1.0135548114776611,0.0007641803240403533
-0.291039085032456,0.9905866384506226,0.0007595858769491315
-0.2910218456795973,1.0066514015197754,0.0007757309940643609
-0.2909477119141348,0.9971378445625305,0.0007691998616792262
-0.2909465755305306,1.0044513940811157,0.0007885638042353094
-0.2908583992045134,0.9927302002906799,0.000770525773987174
-0.29077050490766987,0.9898049831390381,0.0007395377033390105
-0.29073834315711644,1.048181176185608,0.00075754668796435
-0.29068809447914706,1.0027519464492798,0.0007454203441739082
-0.2906420679537967,1.0051031112670898,0.0007495940662920475
-0.29060843046919144,1.0160280466079712,0.0007645718287676573
-0.29054835818177993,0.9900252819061279,0.0007589763263240457
-0.2905311107666295,1.0070593357086182,0.0007754972903057933
-0.2904569839939334,0.9961056709289551,0.0007695498643442988
-0.2904558397950735,1.0026352405548096,0.0007876712479628623
-0.2903676704619832,0.9929103851318359,0.0007696888060308993
-0.2902797742728036,0.9894288778305054,0.000739067152608186
-0.2902476190214264,1.0502277612686157,0.0007579763769172132
-0.2901973619518644,1.0032567977905273,0.0007453650468960404
-0.2901513422548306,1.004327416419983,0.0007494721794500947
-0.29011769679035937,1.01409912109375,0.0007638789829798043
-0.2900576313312644,0.9897964596748352,0.0007592831389047205
-0.2900403759360874,1.0079084634780884,0.0007753329118713737
-0.28996625607405313,0.9968305230140686,0.0007693682564422488
-0.289965104142042,1.0043396949768066,0.000788510253187269
-0.28987694163678623,0.9922811985015869,0.0007692525396123528
-0.289789043638098,0.989875853061676,0.0007396484143100679
-0.289756894967921,1.0482780933380127,0.0007579131633974612
-0.2897066294250637,1.0027332305908203,0.0007454259321093559
-0.28966061663780807,1.0054984092712402,0.0007501987856812775
-0.2896269630294229,1.01400625705719,0.0007642395794391632
-0.28956690448074895,0.9896007776260376,0.0007591762696392834
-0.28954964110594694,1.0065916776657104,0.000774798565544188
-0.28947552807150634,0.9961285591125488,0.0007692332146689296
-0.2894743684066652,1.0049891471862793,0.0007884735241532326
-0.2893862128114286,0.9916707277297974,0.0007699152920395136
-0.2892983129211273,0.9899154901504517,0.0007397322915494442
-0.28926617083182926,1.0474162101745605,0.0007580286473967135
-0.289215896815998,1.0031096935272217,0.0007448706310242414
-0.2891698909390027,1.0049285888671875,0.0007497131591662765
-0.2891362292683259,1.01382315158844,0.0007638820679858327
-0.28907617771201644,0.9899924397468567,0.0007595343049615622
-0.28905890627580655,1.0070048570632935,0.0007751162629574537
-0.2889848001515457,0.9947642087936401,0.0007683088770136237
-0.2889836327535533,1.0035861730575562,0.0007885613013058901
-0.28889548406881815,0.9932530522346497,0.0007694957894273102
-0.2888075822859396,0.9891378879547119,0.0007392593543045223
-0.2887754466960588,1.0472129583358765,0.0007573717157356441
-0.2886791653224622,1.005727767944336,0.0007500225328840315
-0.28864549558965447,1.01436448097229,0.0007642480195499957
-0.28858545086134024,0.9894655346870422,0.0007587096770294011
-0.2885681714451038,1.008101224899292,0.000775019230786711
-0.2884940722315852,0.9966734051704407,0.0007689533522352576
-0.2884928970184175,1.0037205219268799,0.0007884982042014599
-0.2884047552439426,0.992744505405426,0.0007697416003793478
-0.28831685165107335,0.9899899959564209,0.0007403200143016875
-0.2882847225601278,1.0466082096099854,0.0007576249772682786
-0.28818843962349605,1.0065141916275024,0.0007500778301618993
-0.2881547618286378,1.0159192085266113,0.0007643529097549617
-0.28809472401082475,0.9909226894378662,0.0007598475203849375
-0.2880774366145617,1.0071687698364258,0.0007753901882097125
-0.2880033442288777,0.9957327842712402,0.0007690064958296716
-0.2880021613655467,1.0030673742294312,0.0007877739844843745
-0.2879140264189064,0.9932509660720825,0.0007701205904595554
-0.28782612101636773,0.9888750314712524,0.00073925347533077
-0.28779399842387543,1.0479506254196167,0.0007580771925859153
-0.2877436992351139,1.0011649131774902,0.0007447387324646115
-0.2876977140069556,1.0056653022766113,0.0007506138063035905
-0.28766402806794245,1.0133863687515259,0.0007641214760951698
-0.28760399716006824,0.9913065433502197,0.0007594304042868316
-0.28758670178434087,1.0077253580093384,0.0007750500808469951
-0.28751142571219396,1.003300428390503,0.0007881314377300441
-0.2874232976760548,0.9927864670753479,0.0007696158718317747
-0.28733539029915606,0.9889491200447083,0.0007397595909424126
-0.287303274288105,1.0472930669784546,0.0007574635674245656
-0.28725296670791156,1.004300832748413,0.0007453733123838902
-0.2872069883078288,1.0042847394943237,0.0007499028579331934
-0.28717329438943173,1.0143346786499023,0.000764403201173991
-0.2871132703096331,0.9905415773391724,0.0007587336003780365
-0.28709596695395945,1.0073506832122803,0.0007749911746941507
-0.28702188838879594,0.9963417053222656,0.0007691460778005421
-0.28702068997657615,1.003959059715271,0.0007881295750848949
-0.2869325688509382,0.992923378944397,0.0007694821688346565
-0.2868446596645309,0.9895249009132385,0.0007396623259410262
-0.28681255015233464,1.0500167608261108,0.0007581578684039414
-0.2867622341811912,1.0017622709274292,0.0007457042229361832
-0.2867162626908867,1.0057920217514038,0.0007499228813685477
-0.2866825606281739,1.0143831968307495,0.0007644214783795178
-0.2866225435413826,0.9893452525138855,0.000758793146815151
-0.2866052321237387,1.00676429271698,0.0007747816271148622
-0.2865311604686748,0.9960626363754272,0.0007697333348914981
-0.28652995432378564,1.005981206893921,0.0007886260282248259
-0.286441840108167,0.9926557540893555,0.0007695801905356348
-0.28635392902982526,0.9888139367103577,0.0007400178001262248
-0.28632182601640355,1.0472893714904785,0.0007572402246296406
-0.2862715016543905,1.0033365488052368,0.0007459292537532747
-0.2862255369921616,1.0048277378082275,0.0007495805039070547
-0.2861918268670768,1.0141940116882324,0.0007638739771209657
-0.28613181669038507,0.9895541667938232,0.0007584458217024803
-0.2861144972935179,1.0081034898757935,0.0007752710953354836
-0.2860404324664492,0.9978235960006714,0.0007691533537581563
-0.2860392185887302,1.0033378601074219,0.0007883268408477306
-0.28595111128297,0.9937868118286133,0.0007701855502091348
-0.28586319839463753,0.9901655912399292,0.0007402345654554665
-0.28583110196289807,1.0501264333724976,0.0007586292922496796
-0.28578076912726846,1.0012524127960205,0.0007452733698301017
-0.2857348113756212,1.0071942806243896,0.0007499687490053475
-0.28570109318856607,1.0136147737503052,0.000764180556870997
-0.28564108983938763,0.9887000918388367,0.0007590340101160109
-0.28562376246281507,1.0071841478347778,0.0007744671893306077
-0.2855497045464887,0.9976522326469421,0.0007692263461649418
-0.28554848293553803,1.0044721364974976,0.000788523000665009
-0.2854603824580946,0.9938487410545349,0.0007699636043980718
-0.2853724677594499,0.9901607036590576,0.0007399689056910574
-0.2853403778268063,1.048344373703003,0.0007578859222121537
-0.28529003660046787,1.0023469924926758,0.000745186407584697
-0.2852440856764944,1.006710410118103,0.0007502444204874337
-0.28521035942762973,1.0151554346084595,0.0007643020944669843
-0.2851503629888721,0.9919359087944031,0.0007592605543322861
-0.28513302763243376,1.0071676969528198,0.000774962012656033
-0.2850589766260461,0.9951034784317017,0.0007685183663852513
-0.28505774720040233,1.0053071975708008,0.0007887040846981108
-0.284969653715484,0.9933743476867676,0.0007698644767515361
-0.2848817371247443,0.9906064867973328,0.0007395095308311284
-0.2848496536906343,1.049227237701416,0.0007582997786812484
-0.2847993039912414,1.0009379386901855,0.0007448725518770516
-0.28475336005995394,1.0064269304275513,0.0007501241634599864
-0.284719625666854,1.0133390426635742,0.0007641933625563979
-0.28465963613835665,0.9905127286911011,0.0007585194543935359
-0.2846422928022129,1.0077239274978638,0.0007748662610538304
-0.2845682487058446,0.9949658513069153,0.0007699647103436291
-0.28456701154737074,1.0042041540145874,0.0007889783009886742
-0.2844789248904477,0.9925909042358398,0.0007693178486078978
-0.2843910064900387,0.9915406107902527,0.0007401859620586038
-0.28435892955494424,1.0489943027496338,0.0007577996584586799
-0.2843085714639587,1.0021297931671143,0.0007452834397554398
-0.28426263436098786,1.0071172714233398,0.000750427134335041
-0.2842288919883432,1.014396071434021,0.0007642615237273276
-0.28416890936986505,0.9907688498497009,0.0007592758047394454
-0.2841515579716708,1.0078080892562866,0.0007753315730951726
-0.2840775207859645,0.9959077835083008,0.0007688178448006511
-0.28407627589401796,1.0039129257202148,0.0007884879596531391
-0.28398819606541154,0.9925015568733215,0.0007700077840127051
-0.2839002758551723,0.9884033799171448,0.0007395995198749006
-0.2838682055014388,1.0475969314575195,0.0007576310308650136
-0.28381783893715806,1.002179503440857,0.0007456244202330709
-0.2837719087439653,1.0057650804519653,0.0007501391228288412
-0.2837381582270855,1.0141096115112305,0.0007642230484634638
-0.2836781825191086,0.9902275204658508,0.0007589191664010286
-0.28366082314153035,1.0070911645889282,0.0007746847695671022
-0.2835867927834175,0.9958410263061523,0.0007688571349717677
-0.28358554015888215,1.0043030977249146,0.000788447679951787
-0.2834974673224796,0.9916852712631226,0.0007698288536630571
-0.2834095452204667,0.9885019063949585,0.0007390673854388297
-0.28337748136534713,1.0486770868301392,0.0007577372016385198
-0.2833271064103573,1.00241219997406,0.0007452952559106052
-0.2832811830449189,1.006591796875,0.0007505863322876394
-0.2832474245484141,1.0148295164108276,0.0007642169948667288
-0.2831874556684325,0.9917152523994446,0.0007590909954160452
-0.2831700883113899,1.009507656097412,0.0007752187666483223
-0.28309606486345695,0.9961274266242981,0.0007690265774726868
-0.2830948045060114,1.0050429105758667,0.0007887949468567967
-0.2830067384974434,0.9928218722343445,0.0007694869418628514
-0.28291881458543977,0.9906027317047119,0.0007397240260615945
-0.28288675722941603,1.0502909421920776,0.0007581457030028105
-0.282836373883396,1.0015641450881958,0.0007445753435604274
-0.28279045742845876,1.0054903030395508,0.0007496793987229466
-0.2827566907876384,1.0146783590316772,0.0007641197298653424
-0.28269672881759556,0.9904614090919495,0.0007586399442516267
-0.2826793534806871,1.0093117952346802,0.0007750532240606844
-0.2826053369433358,0.9962048530578613,0.0007691135979257524
-0.28260406877071487,1.003455400466919,0.0007883605430833995
-0.28251600967256785,0.9921473264694214,0.000769385660532862
-0.2824280839502522,0.9899632930755615,0.0007396421860903502
-0.2823960331755893,1.0507572889328003,0.0007584876148030162
-0.28234564135627394,1.0018140077590942,0.0007449204567819834
-0.2822997318119183,1.0064656734466553,0.0007500548381358385
-0.28226595702654134,1.013905644416809,0.0007637984235771
-0.2822060020493451,0.9926738142967224,0.0007593869813717902
-0.2821886186501451,1.0084995031356812,0.0007749752840027213
-0.2821146090228932,0.9951577186584473,0.0007688078912906349
-0.28211333311784415,1.004036545753479,0.0007881486671976745
-0.28202528092995727,0.9918578267097473,0.0007693956140428782
-0.2819373533155465,0.9900490641593933,0.0007396053988486528
-0.2819053090396582,1.0490237474441528,0.0007575829513370991
-0.28185490882931263,1.0032960176467896,0.0007452715071849525
-0.2818090061126308,1.0064040422439575,0.0007499358616769314
-0.28177522334811084,1.014539361000061,0.0007641931879334152
-0.28171527519882966,0.9896954894065857,0.0007581363315694034
-0.2816978838199243,1.0071988105773926,0.0007750549702905118
-0.28162388110293274,0.9954096078872681,0.0007686293101869524
-0.281622597382387,1.0045615434646606,0.000788624573033303
-0.28153455210459966,0.9920254349708557,0.0007690011407248676
-0.28144662268084086,0.9902300834655762,0.0007396955625154078
-0.2814145849038879,1.0500104427337646,0.0007582774269394577
-0.28136417630227095,1.0012390613555908,0.0007456452585756779
-0.2813182804957691,1.0056962966918945,0.0007496783509850502
-0.2812844895874155,1.014414668083191,0.0007648107130080462
-0.2812245483481535,0.9901225566864014,0.0007584382547065616
-0.2812071489895428,1.0078089237213135,0.0007747786003164947
-0.2811331531007072,0.9952295422554016,0.0007688231416977942
-0.2811318617290341,1.006032109260559,0.0007891062996350229
-0.28104382336174805,0.9933234453201294,0.0007702204748056829
-0.2809558920459746,0.9889206886291504,0.0007395632565021515
-0.28092386085038246,1.0490829944610596,0.000758211244828999
-0.28087344377522916,1.0003567934036255,0.0007446255767717957
-0.28082755479696364,1.0055363178253174,0.0007500209612771869
-0.28079375590842276,1.014762282371521,0.0007642944692634046
-0.2807338214974773,0.9911705255508423,0.0007586326100863516
-0.2807164141593221,1.0085101127624512,0.0007751458906568587
-0.280642425180586,0.9965692758560181,0.0007693904335610569
-0.2806411260761633,1.0051884651184082,0.0007887783576734364
-0.280553094536953,0.9911494255065918,0.0007688234327360988
-0.28046516149337336,0.9897489547729492,0.0007401187904179096
-0.28043313671445136,1.0487477779388428,0.0007575767231173813
-0.2803827112484285,1.0029575824737549,0.0007450212724506855
-0.2803368291802624,1.0067898035049438,0.0007499976200051606
-0.2803030221473257,1.0144292116165161,0.0007644201396033168
-0.28024309472890546,0.9897323250770569,0.0007583856931887567
-0.28022567932910125,1.0075867176055908,0.0007743219030089676
-0.2801516972606255,0.9960296154022217,0.0007691168575547636
-0.2801503903411079,1.0041083097457886,0.0007881671190261841
-0.280062365711756,0.993376612663269,0.0007695591193623841
-0.2799744308583463,0.9899364113807678,0.0007397228037007153
-0.2799424125783596,1.0499516725540161,0.0007577327196486294
-0.27989197872162774,1.0021343231201172,0.0007450549746863544
-0.27984610356372197,1.0063735246658325,0.0007498494815081358
-0.27981228846881495,1.013834834098816,0.0007637361413799226
-0.2797523678782294,0.9906620383262634,0.0007584849372506142
-0.2797349444983985,1.0082818269729614,0.0007752657402306795
-0.27966096934034357,0.9962520599365234,0.0007696698303334415
-0.27965965468799603,1.003283977508545,0.0007888301624916494
-0.27957163696914544,0.9921211004257202,0.0007695488166064024
-0.27948370022348,0.9913338422775269,0.0007399387541227043
-0.2794516885246936,1.0496859550476074,0.0007578751537948847
-0.27940124619434514,1.0014679431915283,0.0007447159732691944
-0.27935537786491654,1.0064650774002075,0.000749835220631212
-0.27932155470787856,1.0149012804031372,0.0007648227619938552
-0.2792616410277138,0.990432858467102,0.0007584239938296378
-0.2792442096680171,1.0085283517837524,0.0007747148629277945
-0.279170241419901,0.9950990080833435,0.0007686321041546762
-0.2791689189528602,1.0050532817840576,0.0007889979751780629
-0.27908090814426983,0.9936437606811523,0.0007695858948864043
-0.27899296958877445,0.989642322063446,0.0007397441077046096
-0.27896096438860185,1.0484644174575806,0.0007576672360301018
-0.27891051366738373,1.001011848449707,0.0007448605610989034
-0.27886465224789414,1.0074260234832764,0.0007507810951210558
-0.27883082102936785,1.013514757156372,0.0007636194350197911
-0.2787709142594633,0.9912191033363342,0.0007586984429508448
-0.27875347483779633,1.0068904161453247,0.0007741070003248751
-0.27867951349994047,0.9949038028717041,0.0007691601058468223
-0.2786781832998288,1.0050861835479736,0.0007886449457146227
-0.27859017940117725,0.9926941990852356,0.0007695182575844228
-0.27850223903633387,0.989588737487793,0.0007401013281196356
-0.2784702403349358,1.0502711534500122,0.0007582615362480283
-0.2784197811405831,1.0013231039047241,0.0007451106212101877
-0.278373926548928,1.0057196617126465,0.0007498101913370192
-0.2783400872684314,1.014176607131958,0.0007638963288627565
-0.2782801874087068,0.9905205965042114,0.0007584064151160419
-0.27826274000725415,1.0078692436218262,0.0007742511807009578
-0.27818878549779535,0.9956071972846985,0.0007684158626943827
-0.278187447646476,1.0052560567855835,0.0007886610692366958
-0.2780994505761411,0.9928832054138184,0.0007701338035985827
-0.2780115084013872,0.98907470703125,0.0007393595296889544
-0.27797951619916533,1.0494887828826904,0.0007577079231850803
-0.2779290486135414,0.9996381998062134,0.0007442652713507414
-0.27788320093238755,1.0065642595291138,0.0007500503561459482
-0.2778493535894387,1.0146595239639282,0.0007637341041117907
-0.2777894605579503,0.9903509020805359,0.0007582901744171977
-0.27777200517711376,1.0089359283447266,0.0007755986880511045
-0.2776980575775938,0.9963275790214539,0.0007689479971304536
-0.2776967119113402,1.00592839717865,0.000789287849329412
-0.2776087217512655,0.9922578930854797,0.0007692508515901864
-0.27752077784870555,0.9903427362442017,0.0007392123807221651
-0.27748879214566,1.0496691465377808,0.0007583812694065273
-0.27743831608682107,1.001623511314392,0.0007446599774993956
-0.27739247531560607,1.0063077211380005,0.0007501352811232209
-0.27735861982866294,1.0137630701065063,0.0007640568073838949
-0.2772987337895391,0.9903930425643921,0.0007579224766232073
-0.27728127034665195,1.0079035758972168,0.0007743664318695664
-0.27720732965747263,0.9958956837654114,0.0007689543999731541
-0.27720597625846943,1.0052968263626099,0.0007885402883403003
-0.27711799300849427,0.9934083819389343,0.0007699401467107236
-0.2770300472138393,0.9890205264091492,0.0007393103442154825
-0.2769980680094076,1.051176905632019,0.000758577894885093
-0.2769475835600203,1.0006701946258545,0.000745064695365727
-0.276901749616881,1.0063459873199463,0.0007500534411519766
-0.27686788606788715,1.0134414434432983,0.000763445976190269
-0.27680800693870233,0.990952730178833,0.0007580221863463521
-0.2767905355982142,1.0090900659561157,0.0007744791801087558
-0.2767166017371907,0.9955926537513733,0.0007685733144171536
-0.27671524060543784,1.0047533512115479,0.0007892690482549369
-0.2766272641836187,0.991407036781311,0.0007691536447964609
-0.27653931657881226,0.9897072315216064,0.000739562208764255
-0.2765073439557415,1.0526520013809204,0.0007589365704916418
-0.2764568510327376,1.0009160041809082,0.0007444107322953641
-0.27641102400034057,1.0049569606781006,0.0007497093174606562
-0.27637715238905514,1.0132790803909302,0.0007644285215064883
-0.2763172800881868,0.9897810220718384,0.0007578257936984301
-0.2762998007678327,1.0072251558303833,0.0007746280753053725
-0.27622587381706953,0.9956300258636475,0.0007686513708904386
-0.2762245048698201,1.0055111646652222,0.0007889461703598499
-0.27613653544100814,0.9925426244735718,0.0007700501009821892
-0.2760485860263717,0.9911604523658752,0.0007398290326818824
-0.27601661981997105,1.0507137775421143,0.0007582575781270862
-0.2759661185056156,1.00062894821167,0.0007447358220815659
-0.27592029838331805,1.0070165395736694,0.0007505246321670711
-0.2758864186283597,1.0134773254394531,0.0007635646616108716
-0.27582655331993644,0.9918044805526733,0.0007582202670164406
-0.275809065937612,1.0077435970306396,0.0007754015387035906
-0.2757351458967876,0.9960237145423889,0.0007685820455662906
-0.27573376921662796,1.0058043003082275,0.0007888839463703334
-0.2756458066156506,0.9933763742446899,0.0007700326386839151
-0.2755578553916661,0.9904208183288574,0.0007394137792289257
-0.27552589576622477,1.0518007278442383,0.0007584422710351646
-0.2754753859788149,1.0027596950531006,0.0007453315774910152
-0.27542957268419127,1.0067001581192017,0.000750174222048372
-0.275395684949608,1.015979528427124,0.0007646622252650559
-0.2753358264692602,0.9899317026138306,0.0007582741673104465
-0.27531833110739123,1.0087999105453491,0.0007750460063107312
-0.27524441797690746,0.9944262504577637,0.0007684515439905226
-0.2752430335637572,1.0059609413146973,0.0007889192784205079
-0.275155077872799,0.9936686754226685,0.0007702772854827344
-0.2750671248390647,0.9893710613250732,0.0007394362473860383
-0.2750351717127997,1.0502755641937256,0.0007581589161418378
-0.2749846534518536,1.000872254371643,0.000744752527680248
-0.2749388470676508,1.0064213275909424,0.0007500145584344864
-0.27490495118835023,1.0152461528778076,0.0007645364967174828
-0.2748450996185037,0.9902970790863037,0.0007584085105918348
-0.27482759627684905,1.0086724758148193,0.0007750092772766948
-0.27475369005702727,0.996253490447998,0.0007689870544709265
-0.27475229782846067,1.0055444240570068,0.0007883712532930076
-0.27466434904800385,0.9922757148742676,0.0007694821688346565
-0.27457639420419844,0.9907571077346802,0.0007409394602291286
-0.27454444757670793,1.0508325099945068,0.0007589563610963523
-0.27449392092505287,1.000847339630127,0.0007445401279255748
-0.27444812145094977,1.0062589645385742,0.0007498554768972099
-0.2744142175098395,1.0149399042129517,0.0007640300900675356
-0.27435437285001224,0.9912756681442261,0.0007584425620734692
-0.27433686144646774,1.0087037086486816,0.0007749180658720434
-0.27426296213674545,0.996041476726532,0.0007692616200074553
-0.27426156217558995,1.0063787698745728,0.0007889700937084854
-0.2741736202228069,0.9924808740615845,0.0007692953222431242
-0.27408566365143644,0.9901050329208374,0.0007398593006655574
-0.2740537235227205,1.051058053970337,0.0007582561811432242
-0.2740031883982522,1.0019279718399048,0.0007450202247127891
-0.2739573958344093,1.0072518587112427,0.0007499158382415771
-0.2739234838313288,1.0164631605148315,0.0007645058794878423
-0.273863645999336,0.9914141297340393,0.0007582165999338031
-0.2738461266160862,1.0087404251098633,0.0007748026982881129
-0.27377223413435914,0.9944331049919128,0.0007684702868573368
-0.27377082644045414,1.0055129528045654,0.0007889674743637443
-0.2736828914801963,0.9924162030220032,0.0007698363624513149
-0.2735949330988352,0.9908503890037537,0.0007402774645015597
-0.27356299946921514,1.0507278442382812,0.0007581124664284289
-0.27351245587096945,1.001375675201416,0.000745000725146383
-0.2734666701354432,1.0073162317276,0.0007501227082684636
-0.27343275007039236,1.0148534774780273,0.0007644406286999583
-0.27337291914882056,0.9907723665237427,0.0007583672413602471
-0.2733553917855441,1.0089789628982544,0.0007741765002720058
-0.2732815062140773,0.9944934248924255,0.0007685624877922237
-0.27328009078710125,1.0057199001312256,0.0007887303945608437
-0.2731921626553208,0.9929871559143066,0.000769495964050293
-0.2731042024641296,0.9894062876701355,0.0007395236752927303
-0.2730722753334447,1.0513793230056763,0.0007584760314784944
-0.27302172342627307,0.9999319911003113,0.0007445981609635055
-0.27297594451842067,1.0074321031570435,0.0007499708444811404
-0.27294201639188165,1.0129729509353638,0.000763430492952466
-0.2728821923805701,0.9914407730102539,0.0007583683473058045
-0.27286465695532336,1.0087531805038452,0.000775158463511616
-0.27279077829395615,0.9951401352882385,0.0007689226185902953
-0.27278935513406977,1.0051839351654053,0.0007887959945946932
-0.27270143391222823,0.9938328266143799,0.0007694680825807154
-0.27261347191168905,0.9915968179702759,0.0007406847435049713
-0.27258155127977857,1.05167818069458,0.0007588196895085275
-0.2725309908994724,1.0020942687988281,0.0007446560775861144
-0.2724852189018802,1.0066547393798828,0.0007506173569709063
-0.2724512826309452,1.0137546062469482,0.000763905409257859
-0.2723914655295725,0.9903706908226013,0.000758233480155468
-0.2723739222073676,1.0088818073272705,0.0007750031654722989
-0.2723000503739955,0.9951547980308533,0.0007687601028010249
-0.27229861939893396,1.0054688453674316,0.0007893639849498868
-0.272210705087192,0.9918959736824036,0.0007690149359405041
-0.272122741358927,0.989295482635498,0.0007392541156150401
-0.2720908272262733,1.0511090755462646,0.0007586225983686745
-0.27204025837243073,1.0016295909881592,0.0007452773861587048
-0.2719944932030748,1.0067131519317627,0.0007498344639316201
-0.27196054895195254,1.0149506330490112,0.0007639794494025409
-0.27190073876108106,0.9914706945419312,0.0007583329570479691
-0.27188318737698614,1.0075020790100098,0.0007747375639155507
-0.27180932245403505,0.9949336051940918,0.000768854923080653
-0.27180788374574183,1.004991054534912,0.000788650184404105
-0.2717199763445814,0.9912487268447876,0.0007691929931752384
-0.27163201072406074,0.9887051582336426,0.0007395455031655729
-0.2716001030903422,1.0512714385986328,0.0007589051965624094
-0.2715495258457104,1.0010881423950195,0.0007449844270013273
-0.271503767586213,1.0067989826202393,0.0007503671222366393
-0.27146981519085545,1.013957142829895,0.0007640667608939111
-0.2714100119106459,0.9917041063308716,0.0007582060061395168
-0.27139245254644395,1.0091716051101685,0.0007744559552520514
-0.2713185945335925,0.9941681027412415,0.0007686424069106579
-0.2713171480928711,1.0053561925888062,0.0007883735815994442
-0.27122924751954525,0.9938892126083374,0.0007697976543568075
-0.2711412801714594,0.9891796112060547,0.0007391295512206852
-0.2711093790363548,1.0515682697296143,0.0007582641555927694
-0.27105879331890964,0.9997838139533997,0.0007446330273523927
-0.27101304196975284,1.008252501487732,0.0007503594388253987
-0.27097908151234473,1.0139448642730713,0.0007639831746928394
-0.270919285059809,0.9915741682052612,0.0007582102552987635
-0.27090171771606264,1.0083224773406982,0.0007739659631624818
-0.2708278666134713,0.9950270652770996,0.0007690341444686055
-0.27082641235781557,1.006034255027771,0.0007884115329943597
-0.2707385186946696,0.991929829120636,0.0007692064391449094
-0.2706505496186975,0.9895706176757812,0.0007391449180431664
-0.27061865498284937,1.0526642799377441,0.0007589937886223197
-0.27056806079162693,1.0014629364013672,0.0007444697548635304
-0.27052231635297147,1.0076863765716553,0.0007501176442019641
-0.27048834775156894,1.01498544216156,0.0007644157158210874
-0.27042855829155865,0.9917060732841492,0.0007582303369417787
-0.2704109828856811,1.0083359479904175,0.0007744164322502911
-0.2703371386935108,0.9958662390708923,0.0007686912431381643
-0.27033567670454317,1.0051734447479248,0.000788992503657937
-0.2702477899517377,0.9921202063560486,0.0007694034720771015
-0.2701598190662568,0.9892992377281189,0.0007397765293717384
-0.27012793092934395,1.0521447658538818,0.0007589762099087238
-0.2700773282645049,1.0007244348526,0.0007445306400768459
-0.2700315906536839,1.0077203512191772,0.0007501690415665507
-0.2699976140728976,1.013782262802124,0.0007648124592378736
-0.26993783144104305,0.9911689162254333,0.0007582121179439127
-0.26992024805546033,1.0088928937911987,0.0007741861627437174
-0.26984641077322896,0.9945773482322693,0.0007689237245358527
-0.26984494105135093,1.0058282613754272,0.0007886633975431323
-0.2697570611263801,0.9916465878486633,0.0007691667997278273
-0.2696690885138162,0.9906133413314819,0.000739838054869324
-0.26963720687551723,1.0522143840789795,0.000759023881983012
-0.2695865957377042,1.0002371072769165,0.000744426972232759
-0.2695408650371435,1.0063332319259644,0.0007507685804739594
-0.26950688039414583,1.0141581296920776,0.0007641616393812001
-0.2694471046723106,0.9923810362815857,0.0007580902893096209
-0.26942951330750453,1.0073744058609009,0.0007747997879050672
-0.2693556828532684,0.9957784414291382,0.0007691262289881706
-0.2693542053162151,1.0069111585617065,0.0007894050213508308
-0.2692663323837695,0.9921761751174927,0.0007694121450185776
-0.26917835787862854,0.9904274940490723,0.0007395333959721029
-0.26914648273982716,1.052674412727356,0.0007591100293211639
-0.26909586329300783,1.0009983777999878,0.0007445568917319179
-0.2690501394206031,1.0066499710083008,0.0007507179980166256
-0.2690161466331291,1.013857364654541,0.0007637810194864869
-0.26895637782163445,0.9909073710441589,0.000758062640670687
-0.2689387784769625,1.008687138557434,0.0007743296446278691
-0.26886495493338824,0.9952996969223022,0.0007691632490605116
-0.26886346966318364,1.0060925483703613,0.0007884707883931696
-0.26877560355897434,0.9937416911125183,0.0007693257066421211
-0.26868762732602725,0.989077091217041,0.0007391535909846425
-0.2686557586860808,1.054286241531372,0.0007591712637804449
-0.2686051307662072,1.000535488128662,0.0007449360564351082
-0.2685594138039019,1.0071992874145508,0.000750294653698802
-0.26852541295445775,1.0145641565322876,0.0007639626273885369
-0.26846565105338394,0.9903991222381592,0.0007578496006317437
-0.26844804364658104,1.0092765092849731,0.0007743797032162547
-0.26837422701302605,0.9947410225868225,0.0007684723241254687
-0.2683727340103129,1.0053703784942627,0.0007890508277341723
-0.26828487481612284,0.9919276833534241,0.0007693406660109758
-0.2681968967735867,0.9890222549438477,0.0007393091800622642
-0.2681650346320934,1.0528314113616943,0.0007590182940475643
-0.26811439823924577,1.0003063678741455,0.0007451599230989814
-0.2680686881050965,1.0083720684051514,0.0007503512315452099
-0.26803467919368196,1.0135811567306519,0.0007638514507561922
-0.26797492420270785,0.9912588000297546,0.0007580524543300271
-0.2679573088161193,1.0094101428985596,0.0007744725444354117
-0.2678834990927441,0.9962403178215027,0.0007688304176554084
-0.2678819983571208,1.0065258741378784,0.0007889788830652833
-0.2677941459912472,0.9914360642433167,0.0007699202978983521
-0.2677061662209853,0.9894781708717346,0.0007392077823169529
-0.26767431057858804,1.052552342414856,0.0007586994906887412
-0.26762366571196317,0.9998592138290405,0.0007447848911397159
-0.2675779624883954,1.0065550804138184,0.0007501278887502849
-0.26754394551517124,1.0139439105987549,0.0007641217089258134
-0.2674841974344573,0.9902656078338623,0.0007579205557703972
-0.26746657398565754,1.0085389614105225,0.0007746738265268505
-0.2673927711727836,0.9952361583709717,0.0007693436928093433
-0.26739126262158325,1.0056880712509155,0.0007888686959631741
-0.26730341724847606,0.992289125919342,0.0007694260566495359
-0.2672154356685448,0.988971471786499,0.0007396127912215889
-0.26718358652508256,1.0543228387832642,0.0007594958879053593
-0.2671329331851624,1.00105881690979,0.0007445091032423079
-0.26708723687137287,1.0079401731491089,0.0007503051892854273
-0.2670532118361784,1.0135661363601685,0.0007637921953573823
-0.26699347058394185,0.9924022555351257,0.0007582441321574152
-0.2669758391554367,1.008240818977356,0.0007742590387351811
-0.2669020432526624,0.9958716034889221,0.0007688672048971057
-0.26690052696879274,1.006087064743042,0.0007890628185123205
-0.26681268842311845,0.9935449957847595,0.0007708195480518043
-0.2667247051161041,0.9914668798446655,0.0007401329930871725
-0.26669286247141655,1.0526764392852783,0.0007587619475089014
-0.26664220065836175,0.9990410208702087,0.0007442029309459031
-0.2665965112545111,1.007375717163086,0.0007502567605115473
-0.26656247807516176,1.0139970779418945,0.0007633365457877517
-0.26650274373294436,0.9919803142547607,0.0007583651458844543
-0.26648510440748097,1.0092995166778564,0.0007750771474093199
-0.2664113153327018,0.9945945143699646,0.0007685691234655678
-0.26640979131592196,1.0056332349777222,0.000788870791438967
-0.26632195968050787,0.9928611516952515,0.0007698245462961495
-0.26623397456318154,0.9898041486740112,0.0007394409039989114
-0.26620213841767015,1.0535085201263428,0.0007589150918647647
-0.26615146821350477,0.9995473623275757,0.0007442012429237366
-0.2661057856379707,1.0070632696151733,0.0007500183419324458
-0.26607174439673126,1.0130258798599243,0.0007638402166776359
-0.26601201696421184,0.9913457036018372,0.0007577423821203411
-0.26599436957677813,1.0090422630310059,0.000774374115280807
-0.2659205874127413,0.9953277111053467,0.0007688532350584865
-0.2659190555804648,1.0076568126678467,0.0007894012960605323
-0.2658312308556323,0.9930415153503418,0.0007699091802351177
-0.26574324409276484,0.9890499114990234,0.0007398886955343187
-0.2657114143639237,1.0526385307312012,0.000758802576456219
-0.2656607356867844,0.9985577464103699,0.0007440447807312012
-0.2656150600214302,1.0074385404586792,0.0007502359221689403
-0.2655810107178992,1.0144351720809937,0.0007638912065885961
-0.2655212901136963,0.9910244345664978,0.0007575719500891864
-0.26550363474639677,1.0081437826156616,0.0007743322057649493
-0.2654298594922988,0.9961081743240356,0.000768896599765867
-0.2654283199274334,1.0075507164001465,0.0007889577536843717
-0.26534050211286114,0.9928616285324097,0.0007697166875004768
-0.2652525135404046,0.9885051846504211,0.0007392726256512105
-0.26522069031025763,1.0518009662628174,0.0007586502470076084
-0.2651700031597427,0.9977253079414368,0.0007436063606292009
-0.26512433432246413,1.0086370706558228,0.0007510994328185916
-0.2650902769571235,1.0142982006072998,0.0007640346884727478
-0.26503056334544584,0.9916539788246155,0.0007581855752505362
-0.26501289991617594,1.0090134143829346,0.0007742411107756197
-0.2649391315721775,0.9971612095832825,0.000769099104218185
-0.2649375842742413,1.0061827898025513,0.0007889144471846521
-0.26484977328798553,0.9927676916122437,0.000769518141169101
-0.26476178298764264,0.9896536469459534,0.0007397746085189283
-0.26472996625643086,1.0540744066238403,0.000759304384700954
-0.26467927063246,0.9994139075279236,0.000744069810025394
-0.26463360870568264,1.007058024406433,0.0007501670625060797
-0.26459954327861274,1.0131311416625977,0.0007637069211341441
-0.26453983649476964,0.9912509322166443,0.0007575868512503803
-0.2645221651680595,1.0088731050491333,0.0007743755122646689
-0.26444840365221706,0.9966546297073364,0.0007688375189900398
-0.2644468485389448,1.0088471174240112,0.0007892043795436621
-0.26435904454505366,0.9941025972366333,0.0007700336282141507
-0.264271052435202,0.9904723167419434,0.0007412988925352693
-0.2642392422029256,1.052427053451538,0.0007594154449179769
-0.26418853810565934,0.9998160600662231,0.0007444816292263567
-0.26414288308890116,1.007436752319336,0.0007506557740271091
-0.26410880959962,1.013669729232788,0.0007637012167833745
-0.2640491097265191,0.990402340888977,0.0007573440670967102
-0.26403143033751736,1.0091599225997925,0.0007744185859337449
-0.26395767573193524,0.9947568774223328,0.0007688938640058041
-0.26395611288591336,1.0064446926116943,0.0007887060637585819
-0.26386831571969604,0.9924232363700867,0.000769421982113272
-0.26378032188276135,0.9892501831054688,0.0007392009720206261
-0.2637485181494202,1.0533432960510254,0.0007589854649268091
-0.2636978056611236,0.9999324083328247,0.0007445180672220886
-0.26365215747220005,1.0077342987060547,0.000750269740819931
-0.2636180758386836,1.0133932828903198,0.0007643431308679283
-0.26355838287568234,0.991532027721405,0.0007575089111924171
-0.26354069550729664,1.008705496788025,0.0007744649774394929
-0.26346694781197466,0.9945221543312073,0.0007691451464779675
-0.2634653772330424,1.0066101551055908,0.0007884345832280815
-0.2633775869769248,0.9927846789360046,0.0007694556261412799
-0.26328959141210373,0.9904339909553528,0.0007398813613690436
-0.26325779409543276,1.0539491176605225,0.0007591107278130949
-0.2632070731341622,0.9980179071426392,0.0007440954213961959
-0.26316143185565966,1.0076619386672974,0.0007502139778807759
-0.26312734216017286,1.0151441097259521,0.0007637205417267978
-0.2630676561069498,0.9916704893112183,0.0007574073388241231
-0.2630499606769152,1.0093200206756592,0.0007740911678411067
-0.2629762198920945,0.9938907027244568,0.0007684756419621408
-0.2629746415801717,1.0069040060043335,0.0007892086287029088
-0.26288685815204926,0.9933150410652161,0.0007701634895056486
-0.26279886085918114,0.9895201921463013,0.0007396734436042607
-0.2627670700417667,1.0546455383300781,0.0007593609043397009
-0.2627163406071205,0.99831622838974,0.0007441370980814099
-0.2626707062391192,1.0080095529556274,0.0007504065870307386
-0.2626366084815015,1.013830542564392,0.0007636540685780346
-0.26257692933877974,0.9920331239700317,0.0007577843498438597
-0.2625592259284774,1.0089213848114014,0.0007742777233943343
-0.2624854919717323,0.9954107999801636,0.0007690606871619821
-0.26248390584471454,1.0072039365768433,0.0007891887216828763
-0.2623961294094387,0.9930420517921448,0.0007698727422393858
-0.2623081303068208,0.9899708032608032,0.0007394773419946432
-0.2622763459882613,1.0529353618621826,0.0007587780128233135
-0.26222560808007883,0.9992395639419556,0.0007439685286954045
-0.2621799805398317,1.00814688205719,0.0007504433742724359
-0.2621458747207257,1.0145697593688965,0.0007643965655006468
-0.2620862024883446,0.9910126328468323,0.0007577883079648018
-0.2620684910982566,1.0088539123535156,0.0007747490308247507
-0.2619947640514504,0.99478679895401,0.0007686568424105644
-0.2619931701916831,1.0075360536575317,0.0007893815054558218
-0.2619054005844025,0.9911534786224365,0.0007694649393670261
-0.2618173997544605,0.9890613555908203,0.0007394959684461355
-0.2617856219345952,1.0539454221725464,0.0007593818008899689
-0.26173487563538245,1.0006552934646606,0.0007444362854585052
-0.2616892549230503,1.008757472038269,0.0007504121749661863
-0.261655141042215,1.0136218070983887,0.0007638804381713271
-0.2615954757197727,0.9933024644851685,0.0007581927347928286
-0.2615777562680359,1.0094621181488037,0.0007749333162792027
-0.26150403613148987,0.9937500953674316,0.0007680856506340206
-0.26150243453857125,1.006231665611267,0.0007891689310781658
-0.26141467184147055,0.9924870729446411,0.0007699739071540534
-0.26132666928396353,0.9884905815124512,0.0007389986421912909
-0.2612948978810898,1.0529497861862183,0.0007589690503664315
-0.2612441431082604,0.9983773231506348,0.0007438075263053179
-0.26119852930659015,1.0086028575897217,0.0007503190427087247
-0.26116440736322233,1.0150156021118164,0.0007640317780897021
-0.2611047488690965,0.9919336438179016,0.0007573558250442147
-0.2610870214376544,1.0093203783035278,0.0007743231253698468
-0.2610133082113687,0.9960706233978271,0.0007693031220696867
-0.26101169888545944,1.0081733465194702,0.0007894823793321848
-0.2609239430164344,0.9916887879371643,0.0007694795494899154
-0.260835938731523,0.9892339110374451,0.000740001501981169
-0.2608041738275845,1.0543789863586426,0.0007595985080115497
-0.26075341058145973,0.9996551275253296,0.0007443437352776527
-0.26070780368972835,1.0071814060211182,0.0007502770749852061
-0.26067367360212523,1.0137344598770142,0.0007635998772457242
-0.26061402210052464,0.9922221899032593,0.0007579801604151726
-0.26059628668969864,1.008628010749817,0.0007743443711660802
-0.26052258029140807,0.9953402280807495,0.0007690066122449934
-0.2605209631503237,1.0066357851028442,0.0007884518126957119
-0.26043321427350247,0.991936981678009,0.0007693545776419342
-0.2603452082611867,0.9893377423286438,0.0007395052234642208
-0.260313449855862,1.0539634227752686,0.0007592916372232139
-0.26026267813692405,0.9991748929023743,0.0007442804635502398
-0.26021707807318795,1.0082290172576904,0.0007507082191295922
-0.2601829399236948,1.0145257711410522,0.0007639246177859604
-0.26012329524984856,0.9912580847740173,0.0007576297502964735
-0.2601055518591565,1.0082803964614868,0.0007743187015876174
-0.26003185245339133,0.9945643544197083,0.0007686173776164651
-0.26003022749745286,1.0069645643234253,0.000788675679359585
-0.25994248544862686,0.9929351210594177,0.0007695415988564491
-0.2598544777082641,0.9894520044326782,0.0007396343862637877
-0.25982272580211563,1.0535345077514648,0.000759983726311475
-0.25977194560996275,0.9985671639442444,0.0007445208029821515
-0.2597263524566475,1.009307861328125,0.0007513920427300036
-0.2596922062449431,1.0142021179199219,0.0007641369593329728
-0.259632568481598,0.9915830492973328,0.000758035690523684
-0.2596148170284537,1.007546067237854,0.0007742291199974716
-0.2595411245330291,0.9951350688934326,0.0007688231416977942
-0.2595394918444214,1.0074008703231812,0.0007888741092756391
-0.25945175670609666,0.9930728673934937,0.0007702101138420403
-0.2593637472380884,0.9890874028205872,0.0007392002153210342
-0.25933200174869053,1.0541229248046875,0.0007597085204906762
-0.25928121308292107,0.9983319044113159,0.0007436407613568008
-0.259235626839625,1.0089930295944214,0.0007508396520279348
-0.2592014725664324,1.0129915475845337,0.0007637108210474253
-0.25914184163108256,0.9926889538764954,0.0007578625809401274
-0.259124082280498,1.009182095527649,0.0007744934991933405
-0.2590503966131489,0.9955241680145264,0.0007686595199629664
-0.25904875619122925,1.0055965185165405,0.0007881878991611302
-0.2589610278808194,0.993496298789978,0.0007697346154600382
-0.2588730166856479,0.9902337193489075,0.000740614952519536
-0.25884127769486376,1.0544524192810059,0.0007590928580611944
-0.2587904805558794,0.9997867345809937,0.0007448276155628264
-0.2587449012229239,1.0073482990264893,0.0007500478532165289
-0.258710738805496,1.0133776664733887,0.000764009018894285
-0.2586511148626714,0.992172122001648,0.000757268164306879
-0.2586333474503576,1.0081559419631958,0.0007744246977381408
-0.25855966869318836,0.995490550994873,0.0007685915334150195
-0.2585580204559328,1.006443977355957,0.0007886633975431323
-0.25847029913788755,0.9934159517288208,0.0007699108682572842
-0.25838228621531156,0.9905505180358887,0.0007401184411719441
-0.25835055372362337,1.0534013509750366,0.0007592412875965238
-0.25829974811118295,0.9978076815605164,0.0007436147425323725
-0.2582541756063834,1.0073051452636719,0.0007502184016630054
-0.2582200051265032,1.0134276151657104,0.000763367919716984
-0.2581603880940996,0.9917241930961609,0.0007579306256957352
-0.25814261261989574,1.0099437236785889,0.0007747634663246572
-0.25806894077290643,0.9950873851776123,0.0007682368159294128
-0.258067284802821,1.0083404779434204,0.000789354438893497
-0.25797957031301194,0.9927911758422852,0.000769780483096838
-0.2578915556625495,0.9902315139770508,0.0007402626797556877
-0.2578598296701181,1.0539214611053467,0.0007590344175696373
-0.25780901558438224,0.9978235363960266,0.0007433684077113867
-0.25776344998968237,1.0074584484100342,0.0007502335356548429
-0.2577292714479925,1.012384295463562,0.000763567688409239
-0.25766966124342344,0.9924625158309937,0.000758056587073952
-0.2576518778717793,1.009926199913025,0.0007751150988042355
-0.2575782128529459,0.9940218329429626,0.0007680287235416472
-0.2575765491500306,1.0072823762893677,0.0007891634595580399
-0.2574888415702407,0.9934161901473999,0.0007700949208810925
-0.2574008251922133,0.9904059171676636,0.0007399758906103671
-0.2573691056161306,1.053526759147644,0.0007598709780722857
-0.25731828305758164,0.9987425804138184,0.0007440543849952519
-0.2572727243731419,1.0062652826309204,0.0007499803323298693
-0.2572385377694818,1.0131568908691406,0.0007634601788595319
-0.25717893447485163,0.9928093552589417,0.0007578546064905822
-0.2571611430412373,1.007496953010559,0.0007741309236735106
-0.25708748493282474,0.9952989816665649,0.0007684162701480091
-0.25708581349715964,1.007310152053833,0.0007886170060373843
-0.2569981127453652,0.9924439191818237,0.0007696924731135368
-0.25691009472171633,0.9904781579971313,0.0007396190194413066
-0.2568783815624646,1.0536597967147827,0.0007589342421852052
-0.2568275506125639,0.9975828528404236,0.0007440612534992397
-0.25678199875660135,1.0091121196746826,0.0007504553650505841
-0.256747804008465,1.0127782821655273,0.0007638200186192989
-0.2566882076243361,0.9916284084320068,0.0007573814946226776
-0.25667040821085574,1.009728193283081,0.0007745730108581483
-0.25659675701238216,0.9940215945243835,0.0007678988040424883
-0.2565950777615419,1.0074450969696045,0.000788638019002974
-0.25650738400275463,0.9920731782913208,0.000769791950006038
-0.256419364169356,0.9905376434326172,0.0007399462629109621
-0.2563876575912242,1.0541667938232422,0.0007591332541778684
-0.2563368180855222,0.998772919178009,0.0007447166135534644
-0.25629127313957895,1.0076977014541626,0.0007501354557462037
-0.25625707033003464,1.0125513076782227,0.0007635173969902098
-0.2561974808561659,0.9926271438598633,0.0007576376665383577
-0.2561796734629,1.00865638256073,0.0007742985035292804
-0.2561060291746867,0.9939613342285156,0.0007683381554670632
-0.25610434210834976,1.0061286687850952,0.0007878948817960918
-0.25601665525966205,0.9932873249053955,0.0007696546381339431
-0.2559286336992608,0.9907377362251282,0.0007398982997983694
-0.25589693353755816,1.0543938875198364,0.0007595337810926139
-0.25584608555880184,0.9989230632781982,0.0007441412308253348
-0.2558005475227172,1.0089207887649536,0.0007506046677008271
-0.2557663366512025,1.013597846031189,0.0007636002846993506
-0.25570675408767446,0.992635190486908,0.0007579920347779989
-0.2556889386326793,1.0093536376953125,0.0007749312790110707
-0.2556153012547262,0.9954315423965454,0.0007686525932513177
-0.255613606455479,1.0072767734527588,0.0007885677041485906
-0.2555259264346258,0.9922722578048706,0.0007695647655054927
-0.25543790322876375,0.9908431768417358,0.0007400070317089558
-0.25540620956631777,1.0541048049926758,0.0007590765599161386
-0.2553553531139448,0.9974179863929749,0.0007434353465214372
-0.255309821823992,1.0087217092514038,0.0007504874374717474
-0.2552756029722098,1.0130144357681274,0.0007630402105860412
-0.2552160272369982,0.9930034279823303,0.0007576718926429749
-0.25519820380229785,1.0082731246948242,0.000773914041928947
-0.2551245733346049,0.9936456084251404,0.0007679525879211724
-0.25512287080244755,1.0067758560180664,0.000788289587944746
-0.2550351976920152,0.9925154447555542,0.0007703534211032093
-0.25494717275842743,0.9903863072395325,0.0007397073786705732
-0.2549154855128124,1.0538454055786133,0.0007598744705319405
-0.2548646205871441,0.9989446401596069,0.000743736163713038
-0.25481909620721066,1.0109943151474,0.0007507526315748692
-0.2547848692935384,1.0128685235977173,0.0007637606468051672
-0.2547253004684264,0.9917265772819519,0.0007573280017822981
-0.2547074690540207,1.0094804763793945,0.0007743954774923623
-0.2546338454143231,0.9947295188903809,0.0007684096344746649
-0.2546321350671511,1.0083047151565552,0.0007885065861046314
-0.25454446886681836,0.9920791983604431,0.000769805395975709
-0.25445644228793046,0.989384651184082,0.0007395335705950856
-0.254424761458825,1.0547562837600708,0.0007596159121021628
-0.2543738881426085,0.9990894794464111,0.0007439032779075205
-0.2543283705906701,1.010380506515503,0.0007508748094551265
-0.25429413553276264,1.0125716924667358,0.0007633151253685355
-0.25423457370001534,0.9921138286590576,0.0007573999464511871
-0.2542167342236392,1.0102037191390991,0.0007745259208604693
-0.2541431174942018,0.9951016902923584,0.0007681133574806154
-0.25414139941428016,1.0077427625656128,0.0007880456396378577
-0.2540537401242078,0.9923458695411682,0.0007695861859247088
-0.2539657117353292,0.9913090467453003,0.0007398150046356022
-0.25393403748710247,1.0539026260375977,0.0007592148031108081
-0.2538831556153257,0.9989584684371948,0.0007437519379891455
-0.25383764497412964,1.0094877481460571,0.0007510699797421694
-0.25380340185425193,1.012802243232727,0.000763377349358052
-0.2537438468494998,0.9925354719161987,0.0007575539057143033
-0.2537259993930971,1.0099180936813354,0.0007745815091766417
-0.25365238957392,0.9957212209701538,0.0007682807045057416
-0.253650663761088,1.0083014965057373,0.0007888474501669407
-0.25356301129933223,0.9918773174285889,0.000769542995840311
-0.25347498126515355,0.9903669357299805,0.0007396767614409328
-0.25344331343359716,1.054308533668518,0.0007601011893711984
-0.2533924230883643,0.9992773532867432,0.0007445639930665493
-0.25334691935710724,1.0096040964126587,0.0007506791152991354
-0.2533126681755805,1.0141220092773438,0.0007635392248630524
-0.25325312008124923,0.9918302893638611,0.0007576248026452959
-0.25323526464514146,1.0086182355880737,0.0007746742921881378
-0.25316166165379883,0.9940229058265686,0.000767882855143398
-0.2531599281077353,1.0064644813537598,0.0007879611221142113
-0.25307228255632,0.9936423301696777,0.0007699819980189204
-0.252984250794978,0.9898501634597778,0.0007394750136882067
-0.25295258946235677,1.0540968179702759,0.0007596405339427292
-0.2529016906438287,0.9973846673965454,0.0007436674786731601
-0.25285619374040613,1.007432222366333,0.0007504858076572418
-0.2528219344967485,1.0132087469100952,0.0007635165238752961
-0.2527623933128382,0.9912822246551514,0.0007570449379272759
-0.25274452981492057,1.0095393657684326,0.0007749025826342404
-0.2526709338161033,0.9952638149261475,0.0007684386218897998
-0.2526691924548645,1.007676601409912,0.0007883062935434282
-0.25258155381346836,0.9929895997047424,0.0007703450392000377
-0.2524935203246417,0.9896225333213806,0.0007397003937512636
-0.25246186540869076,1.0534281730651855,0.0007593086920678616
-0.2524109581168673,0.9975883960723877,0.0007439179462380707
-0.2523654681238656,1.009360432624817,0.0007509734714403749
-0.25233120081807714,1.013110637664795,0.0007641155389137566
-0.2522716664620013,0.9917157888412476,0.0007572952890768647
-0.2522537950668041,1.0096306800842285,0.0007745023467577994
-0.25218020589614276,0.9945911169052124,0.0007687581819482148
-0.252178456719809,1.0093653202056885,0.0007892348803579807
-0.2520908249885929,0.9917827844619751,0.0007694795494899154
-0.2520027898541447,0.9912260174751282,0.0007401340990327299
-0.2519711414371289,1.0544946193695068,0.000759304384700954
-0.2519202256723316,0.9977136850357056,0.0007435052539221942
-0.25187474258942955,1.0082422494888306,0.0007508877897635102
-0.25184046705698004,1.0144606828689575,0.0007635024376213551
-0.2517809396935901,0.9926016926765442,0.0007573319016955793
-0.2517630602364227,1.010271430015564,0.0007745000184513628
-0.2516894779760216,0.9952217936515808,0.0007680969429202378
-0.2516877210666971,1.008575201034546,0.0007885640952736139
-0.25160009624582164,0.9929995536804199,0.000770647544413805
-0.2515120593838085,0.9890921711921692,0.000739589158911258
-0.25148041738346283,1.0537809133529663,0.0007593295304104686
-0.251429493145531,0.9976592659950256,0.0007435743464156985
-0.2513840169725678,1.0094130039215088,0.0007507806294597685
-0.25134973337846933,1.013831615447998,0.0007634319481439888
-0.2512902129250183,0.9915798306465149,0.0007571355672553182
-0.2512723254058806,1.010640025138855,0.0007749586366117001
-0.25119875005573966,0.9937981963157654,0.0007682633004151285
-0.25119698541382635,1.0079073905944824,0.0007884635706432164
-0.25110936742094614,0.9921050667762756,0.0007702552829869092
-0.2510213289133115,0.9911753535270691,0.000739850162062794
-0.25098969341190114,1.0538113117218018,0.0007593163172714412
-0.2509387606182482,0.998310387134552,0.0007443540380336344
-0.2508932913558666,1.0087987184524536,0.0007507987902499735
-0.25085899970003883,1.0128644704818726,0.000762868847232312
-0.25079948607450286,0.9925230741500854,0.0007574128685519099
-0.2507815906577642,1.0082131624221802,0.000774260435719043
-0.2507080221356185,0.9943928718566895,0.0007681685383431613
-0.2507062497607949,1.007819652557373,0.0007882898789830506
-0.25061863867833556,0.9931825995445251,0.0007694813539274037
-0.25053059844313585,0.9904752969741821,0.0007397393928840756
-0.2504989693584761,1.0520942211151123,0.0007585785933770239
-0.2504480281733912,0.9973128437995911,0.000743761018384248
-0.2504025657390048,1.0092384815216064,0.0007504503591917455
-0.25036826602128703,1.012270450592041,0.0007634211215190589
-0.2503087593063327,0.9934855699539185,0.0007587026339024305
-0.2502908558272221,1.0097399950027466,0.0007744384347461164
-0.250217294297682,0.9938873052597046,0.0007683276198804379
-0.25021551410744214,1.007557988166809,0.0007879083859734237
-0.25012790985297795,0.9934132695198059,0.0007698052795603871
-0.25003986797304056,0.9894033074378967,0.0007395350839942694
-0.250008245387316,1.0542556047439575,0.0007592392503283918
-0.24991184012230372,1.0092554092407227,0.0007504663662984967
-0.24987753234261567,1.0110746622085571,0.0007630627369508147
-0.24981803253768048,0.9926947355270386,0.0007573507027700543
-0.2498001210792663,1.0088599920272827,0.0007743596215732396
-0.24972656637780177,0.9942158460617065,0.0007685755845159292
-0.24972477837230633,1.0076446533203125,0.0007882000645622611
-0.24963718111020672,0.9931864142417908,0.0007699454436078668
-0.24954913758472824,0.989000141620636,0.0007394725689664483
-0.24951752141575428,1.0561596155166626,0.0007599937962368131
-0.24942111450576332,1.0094534158706665,0.0007506536203436553
-0.24938679866378366,1.0130352973937988,0.0007630291511304677
-0.2493273056868437,0.9932199120521545,0.0007572401082143188
-0.24930938624912585,1.0094823837280273,0.000774765620008111
-0.24923583845784125,0.994348406791687,0.0007679340778850019
-0.24923404271943556,1.00747811794281,0.0007877778261899948
-0.24914645236759614,0.9949442744255066,0.000770507613196969
-0.24905840711423138,0.989902913570404,0.0007401099428534508
-0.24902679736208821,1.0532622337341309,0.0007591674802824855
-0.24897583067509343,0.9966748356819153,0.0007442573551088572
-0.24893038888922286,1.0098576545715332,0.0007509123533964157
-0.24889606498511224,1.0123863220214844,0.0007631937623955309
-0.24883657891859318,0.9915189743041992,0.000757093308493495
-0.24881865150076837,1.0095655918121338,0.000774609565269202
-0.24874511053739867,0.9955882430076599,0.0007682957802899182
-0.2487433070663237,1.0075955390930176,0.00078773801214993
-0.24865572354239923,0.9917363524436951,0.0007694348460063338
-0.2485676766440557,0.9906399846076965,0.0007401639013551176
-0.24853607339052647,1.0541553497314453,0.0007595799397677183
-0.24848509823039716,0.9960962533950806,0.0007436026935465634
-0.24843966327252165,1.009430170059204,0.000750378763768822
-0.24840533130660153,1.0127252340316772,0.0007632888155058026
-0.248345852150182,0.9919177293777466,0.0007568665314465761
-0.2483279166702263,1.0090751647949219,0.000774203275796026
-0.24825438269938177,0.9942339658737183,0.0007677336689084768
-0.24825257141353319,1.0079110860824585,0.0007876609452068806
-0.24816499479978876,0.9925394654273987,0.0007699290290474892
-0.2480769461737194,0.9902677536010742,0.0007395809516310692
-0.24804534941912543,1.0540469884872437,0.0007590781897306442
-0.2479943657031144,0.9974194765090942,0.0007435266161337495
-0.2479489376556599,1.0084375143051147,0.0007505741668865085
-0.2479145975458258,1.0138919353485107,0.000763744639698416
-0.24785512538193155,0.9931491613388062,0.0007577212527394295
-0.24783718184000553,1.010323166847229,0.0007743873866274953
-0.24776365477942125,0.994889497756958,0.000767944089602679
-0.2477618357603411,1.007822871208191,0.0007878332980908453
-0.24767426597475245,0.9935025572776794,0.0007701191934756935
-0.24758621578580875,0.989350438117981,0.0007395310676656663
-0.24755462536562,1.053963303565979,0.0007592640467919409
-0.24750363325857871,0.9972019791603088,0.0007432085694745183
-0.2474582120389588,1.0102442502975464,0.0007511457661166787
-0.24742386386683307,1.0120439529418945,0.0007629115716554224
-0.247364398531416,0.9937302470207214,0.0007576395873911679
-0.24734644709188908,1.009303092956543,0.0007741954177618027
-0.24727292685930008,0.994391918182373,0.0007683480507694185
-0.24727110010698833,1.008147120475769,0.0007874444127082825
-0.24718353723165992,0.9943356513977051,0.0007709324709139764
-0.24709548531563325,0.9888878464698792,0.0007393957930617034
-0.24706390139437967,1.0551246404647827,0.0007593363989144564
-0.24701290073177806,0.9969807863235474,0.0007432952988892794
-0.24696748642209693,1.010109782218933,0.000750744016841054
-0.24693313018816165,1.011706829071045,0.000762664363719523
-0.24687367176268354,0.9917048811912537,0.0007572296308353543
-0.24685571226166836,1.010296106338501,0.0007747081108391285
-0.24678219893933961,0.994564414024353,0.000767970981542021
-0.24678036437185252,1.008270263671875,0.0007876575691625476
-0.24669280848904934,0.9938346147537231,0.0007704503950662911
-0.24660475484497557,0.9893695116043091,0.0007395375869236887
-0.24657317742297857,1.053701639175415,0.0007592050242237747
-0.24652216828708168,0.997101902961731,0.0007433198043145239
-0.24647676080555653,1.0100805759429932,0.0007509838906116784
-0.24644239650965094,1.0119116306304932,0.000763369258493185
-0.24638294499395103,0.9931604862213135,0.000757589703425765
-0.24636497751339126,1.0100624561309814,0.0007744331378489733
-0.246291471101644,0.9953690767288208,0.0007682032883167267
-0.24628962871898175,1.0082741975784302,0.0007878505275584757
-0.24620207966417385,0.9936099648475647,0.000770201557315886
-0.24611402445690428,0.9902169704437256,0.000739444512873888
-0.24608245345141688,1.0543732643127441,0.0007594599737785757
-0.24603143576028091,0.9967493414878845,0.0007433207356370986
-0.24598603518909645,1.009684681892395,0.0007508649723604321
-0.24595166283081876,1.0117558240890503,0.0007627121522091329
-0.2458922182257005,0.9923109412193298,0.0007572690374217927
-0.24587424268276875,1.009944200515747,0.0007743997266516089
-0.24580074318120154,0.9947469830513,0.000768347701523453
-0.24579889306595015,1.0092363357543945,0.0007884352235123515
-0.24571135092140256,0.9931650161743164,0.0007700856076553464
-0.2456232939867286,0.9904060959815979,0.0007398661109618843
-0.2455917293977508,1.0538991689682007,0.0007592048496007919
-0.24554070331542388,0.9975724816322327,0.0007432406418956816
-0.24549530957231497,1.0088579654693604,0.0007505976245738566
-0.24546092915230805,1.012716293334961,0.0007635119836777449
-0.24540149137518502,0.9928297400474548,0.000757190806325525
-0.24538350793489333,1.0089778900146484,0.0007743605528958142
-0.24531001526108026,0.992840051651001,0.0007674295920878649
-0.24530815741291873,1.0084089040756226,0.000787425902672112
-0.24522062217879198,0.9931861758232117,0.0007704907329753041
-0.24513256359849667,0.9910509586334229,0.0007398054585792124
-0.24510100542618912,1.0538331270217896,0.0007593670743517578
-0.24504997078814128,0.9986684322357178,0.0007434413419105113
-0.2450045840378789,1.0091038942337036,0.0007502370281144977
-0.24497019547379734,1.012752652168274,0.0007630852633155882
-0.24491076460677386,0.9918960928916931,0.0007569252047687769
-0.2448927731046725,1.0100213289260864,0.0007747504860162735
-0.24481928734111974,0.9947431087493896,0.0007675925153307617
-0.2448174217597266,1.0092378854751587,0.000787418510299176
-0.24472989335359507,0.9919605851173401,0.000770289683714509
-0.2446418331283211,0.9890702962875366,0.0007395374705083668
-0.24461028145494862,1.0540785789489746,0.0007591077010147274
-0.24455923834360555,0.9968985915184021,0.0007438394241034985
-0.24451385842101703,1.0101301670074463,0.000751107232645154
-0.244479461794885,1.0108474493026733,0.0007633946370333433
-0.24442003783852345,0.993149995803833,0.000757318630348891
-0.2444020383563954,1.0107625722885132,0.0007743515889160335
-0.24432855950310284,0.9951554536819458,0.0007680130074732006
-0.24432668610669517,1.0082615613937378,0.0007878917967900634
-0.2442391646105025,0.9920145273208618,0.0007698904373683035
-0.24415110274041052,0.9896048903465271,0.0007392099360004067
-0.2441195574837886,1.053586483001709,0.0007600068347528577
-0.24406850581680484,0.996901273727417,0.000743046635761857
-0.24402313280431598,1.0099194049835205,0.0007509178249165416
-0.24398872811613326,1.0136997699737549,0.0007632133783772588
-0.24392931106995158,0.9925379753112793,0.0007568127475678921
-0.24391130352617468,1.0094020366668701,0.00077432970283553
-0.24383783158322275,0.9950575232505798,0.000767948164138943
-0.24383595045350298,1.0098644495010376,0.0007877847529016435
-0.24374843578570726,0.9936793446540833,0.0007704332238063216
-0.24366037226983311,0.9899984002113342,0.0007397213485091925
-0.24362883351230719,1.0533891916275024,0.0007592257461510599
-0.24357777337210856,0.9965978264808655,0.000743319746106863
-0.24353240718777552,1.009770154953003,0.0007509436109103262
-0.2434979944376225,1.0121653079986572,0.0007629157626070082
-0.2434385843012994,0.9928080439567566,0.0007574071059934795
-0.24342056877805823,1.0096089839935303,0.00077453424455598
-0.2433471036633425,0.9953131079673767,0.000767928606364876
-0.24334521471836712,1.0089681148529053,0.0007877150783315301
-0.24325770704317706,0.9940181374549866,0.0007706922478973866
-0.24316964188168155,0.9903732538223267,0.0007394960266537964
-0.24313810954090614,1.0540555715560913,0.0007593781338073313
-0.2430870408453078,0.995518684387207,0.0007429067045450211
-0.24304168157123507,1.0086179971694946,0.0007503564120270312
-0.24300726075895113,1.0108896493911743,0.0007626036531291902
-0.24294785745086422,0.993661642074585,0.0007572950562462211
-0.24292983394735546,1.0110520124435425,0.0007748032221570611
-0.24285637582516495,0.9940935969352722,0.0007679722621105611
-0.24285447906557672,1.0074186325073242,0.0007871444686315954
-0.24276697830024518,0.994086503982544,0.0007704889867454767
-0.24267891141150588,0.9906690120697021,0.0007401927723549306
-0.24264738556934445,1.0530376434326172,0.0007595720235258341
-0.24259630840061142,0.9978458285331726,0.0007438826723955572
-0.24255095595453402,1.0097699165344238,0.0007507989066652954
-0.2425165270804404,1.0113494396209717,0.0007625694270245731
-0.24245713068261382,0.9941849708557129,0.000757566827815026
-0.24243909919939965,1.0095617771148682,0.0007746656192466617
-0.24236564790488313,0.9949246048927307,0.0007677787798456848
-0.24236374341230427,1.0088295936584473,0.0007870156550779939
-0.24227624947536958,0.9941121935844421,0.000770510290749371
-0.2421881810234346,0.9903134703636169,0.0007399501628242433
-0.24215666151567833,1.05494225025177,0.0007596298819407821
-0.24210557587332882,0.9972829222679138,0.0007436599116772413
-0.24206023041993718,1.011454463005066,0.0007513737073168159
-0.24202579340192965,1.0112648010253906,0.0007625418365933001
-0.24196640391404195,0.9928030967712402,0.0007569353329017758
-0.24194836436917894,1.0093187093734741,0.0007744384347461164
-0.2418749199849225,0.9941611886024475,0.0007672889623790979
-0.24187300775911214,1.0082470178604126,0.0007874995353631675
-0.24178552073259846,0.9950554370880127,0.0007710137288086116
-0.241697450635524,0.9912211298942566,0.0007400595350190997
-0.24166593754411664,1.0526312589645386,0.0007588840089738369
-0.24161484342847178,0.9964261651039124,0.000742944423109293
-0.24156950480323608,1.0101290941238403,0.0007508180569857359
-0.24153505972293682,1.0117244720458984,0.0007624062127433717
-0.24147567714579143,0.9939660429954529,0.0007574766059406102
-0.24145762962106254,1.0098294019699097,0.0007742929155938327
-0.24138419214706636,0.995209276676178,0.0007678220281377435
-0.24138227210624136,1.0093923807144165,0.0007871100096963346
-0.24129479198950576,0.9948415160179138,0.0007707253680564463
-0.24120672016534844,0.9890320301055908,0.0007402852061204612
-0.24117521357295651,1.0539023876190186,0.0007590479217469692
-0.24112411098393605,0.9960969686508179,0.0007432551356032491
-0.24107877918637421,1.0108755826950073,0.0007508554845117033
-0.2410443260441852,1.0122020244598389,0.0007627703016623855
-0.24098495037738027,0.9943257570266724,0.0007574038463644683
-0.2409668947908417,1.0105894804000854,0.0007743407622911036
-0.2408934642271059,0.9945975542068481,0.0007683694129809737
-0.24089153645320982,1.007880687713623,0.000786957738455385
-0.24080406316463027,0.9930754899978638,0.0007704697782173753
-0.2407159897769558,0.9902156591415405,0.0007397571462206542
-0.2406844896014752,1.0536375045776367,0.0007596948416903615
-0.24063337845721566,0.9970364570617676,0.0007435220759361982
-0.24058805356983376,1.0100340843200684,0.0007519206847064197
-0.24055359236575474,1.0101685523986816,0.0007619273965246975
-0.24049422360864775,0.9935561418533325,0.0007574018673039973
-0.2404761600425646,1.0109903812408447,0.0007746615447103977
-0.2404027363069846,0.9949911236763,0.0007674383814446628
-0.24040080080033904,1.0107189416885376,0.0007873536669649184
-0.2403133344220197,0.9931018352508545,0.0007704334566369653
-0.2402252593885631,0.9894654154777527,0.0007393487030640244
-0.24019376562975275,1.0533376932144165,0.0007590278401039541
-0.240142646012439,0.9962469339370728,0.0007432608981616795
-0.24009732795329336,1.0112850666046143,0.0007515601464547217
-0.24006285868692268,1.0109522342681885,0.0007620695396326482
-0.24000349675813232,0.9940910339355469,0.0007569717126898468
-0.23998542521186178,1.0104783773422241,0.0007742972811684012
-0.23991200846880717,0.9939817190170288,0.0007673508953303099
-0.2399100651474682,1.0096889734268188,0.0007873096619732678
-0.23982260567924846,0.9917598962783813,0.0007700978894717991
-0.23973452900065256,0.9896640181541443,0.0007393297273665667
-0.23970304165851236,1.053139328956604,0.0007594033959321678
-0.2396519134854776,0.9964931607246399,0.0007430210243910551
-0.23960660233635117,1.0107934474945068,0.0007516061305068433
-0.23957212500841196,1.010677695274353,0.00076243159128353
-0.2395127699898818,0.994613766670227,0.0007577394717372954
-0.23949469046398641,1.0102334022521973,0.0007745666080154479
-0.23942128054884654,0.9957265853881836,0.0007685114978812635
-0.23941932941185046,1.0099798440933228,0.0007873448776081204
-0.23933187685389085,0.993881106376648,0.0007712751976214349
-0.23924379861274198,0.9899938702583313,0.0007396531291306019
-0.239212317769537,1.052802324295044,0.0007588530424982309
-0.23916118104062056,0.996800422668457,0.0007434228318743408
-0.23911587680183471,1.0103988647460938,0.0007511613075621426
-0.23908139132990125,1.0128592252731323,0.0007627372979186475
-0.23902204322147058,0.9943890571594238,0.0007573545444756746
-0.239003955716111,1.0100133419036865,0.0007745931507088244
-0.23893055262888602,0.9940540194511414,0.0007672606152482331
-0.23892859375881897,1.0081266164779663,0.0007876164163462818
-0.23884114811095897,0.9935714602470398,0.0007705932948738337
-0.23875306822467068,0.9899557828903198,0.0007398414891213179
-0.23872159379813596,1.0531476736068726,0.0007590845925733447
-0.23867044859592418,0.9962335228919983,0.0007429171237163246
-0.23862515118529432,1.0096989870071411,0.0007506781839765608
-0.23859065765090853,1.0113623142242432,0.0007627828163094819
-0.23853131645289888,0.993011474609375,0.0007574318442493677
-0.23851322088556887,1.0104633569717407,0.0007746746414341033
-0.23843982479086911,0.9946040511131287,0.0007670394261367619
-0.2384378581059482,1.0087791681289673,0.0007871536072343588
-0.2383504193683485,0.9917323589324951,0.0007703389856033027
-0.2382623378364387,0.9914307594299316,0.0007403880008496344
-0.23823086982689556,1.0512561798095703,0.0007587987347505987
-0.23817971606912358,0.995563268661499,0.0007433482096530497
-0.2381344255685932,1.010277509689331,0.0007507902337238193
-0.23809992397199609,1.0112099647521973,0.0007623978308402002
-0.23804058968448766,0.9937318563461304,0.000757213681936264
-0.23802248613761307,1.0097565650939941,0.0007746590999886394
-0.23794909687098903,0.9947309494018555,0.0007673681830056012
-0.237947122452756,1.009056568145752,0.0007867200765758753
-0.23785969054331219,0.9928817749023438,0.0007706431788392365
-0.2377716074483674,0.9895751476287842,0.0007393909036181867
-0.23774014585541414,1.0526206493377686,0.0007592490874230862
-0.23768898362458785,0.9961539506912231,0.0007429025135934353
-0.23764369995205276,1.0101451873779297,0.0007508277194574475
-0.23760919029356564,1.0102165937423706,0.0007618842646479607
-0.2375498629159961,0.9926822185516357,0.0007570008747279644
-0.2375317513072316,1.0092356204986572,0.000774539599660784
-0.23745836895078748,0.9943944215774536,0.0007676984532736242
-0.23745638679988518,1.011584758758545,0.0007873474387452006
-0.2373689618007016,0.99222731590271,0.0007702910806983709
-0.23728087706021572,0.9909133911132812,0.0007398626767098904
-0.23724942188377207,1.0521833896636963,0.0007593920454382896
-0.23719825109730514,0.9964848756790161,0.0007431299891322851
-0.23715297441777727,1.011023998260498,0.0007511301664635539
-0.23711845661505493,1.0107982158660889,0.0007624249556101859
-0.23705913614782598,0.9936506748199463,0.0007580146193504333
-0.23704101655879384,1.0098397731781006,0.0007745189941488206
-0.23696764111260993,0.9937847852706909,0.000767320569138974
-0.2369656511470144,1.0098942518234253,0.0007874012226238847
-0.23687823305809103,0.9937387704849243,0.0007709148922003806
-0.23679014667238552,0.9913419485092163,0.0007402063347399235
-0.23675869791253168,1.051474928855896,0.0007585156708955765
-0.23670751865260886,0.9972113370895386,0.0007433303399011493
-0.23666224880075487,1.010067343711853,0.0007514109020121396
-0.23662772293622286,1.012026071548462,0.0007628236780874431
-0.23656840937957557,0.992821216583252,0.0007570632151328027
-0.2365502817283321,1.0099835395812988,0.0007747975760139525
-0.2364769131926494,0.9933472871780396,0.0007672753999941051
-0.23647491549366167,1.0101816654205322,0.0007871550624258816
-0.23638750423273358,0.9931175708770752,0.0007707014447078109
-0.23629941628447487,0.9893879890441895,0.0007396892760880291
-0.2362679739412913,1.0533140897750854,0.0007590092136524618
-0.23621678620807313,0.9951274394989014,0.0007430065888911486
-0.23617152318405377,1.0106849670410156,0.0007508142152801156
-0.2361369892575515,1.0099821090698242,0.0007619456737302244
-0.23607768252873867,0.9941934943199158,0.0007571721216663718
-0.23605954698045667,1.0100144147872925,0.0007748100906610489
-0.2359861853549538,0.995419979095459,0.0007674015942029655
-0.23598417984063008,1.009314775466919,0.000786967109888792
-0.2358967754899623,0.993897020816803,0.0007717144908383489
-0.23580868589624293,0.9893438816070557,0.0007400730391964316
-0.23577725005199462,1.0504963397979736,0.0007583346450701356
-0.23572605368095106,0.9963644742965698,0.0007433237042278051
-0.2356807975675133,1.0106955766677856,0.0007506775436922908
-0.23564625557871943,1.0114705562591553,0.0007623528363183141
-0.2355869557603275,0.9931653141975403,0.0007567977299913764
-0.23556881223250087,1.010802149772644,0.0007747681229375303
-0.23549545743483263,0.9944024085998535,0.0007671339553780854
-0.2354934441877593,1.009627342224121,0.0007868387619964778
-0.23540604674735172,0.9925587773323059,0.0007706366595812142
-0.23531795550817164,0.9913970828056335,0.0007402494666166604
-0.23528652608075423,1.0498648881912231,0.0007582985563203692
-0.23523532123641533,0.9953385591506958,0.0007434938452206552
-0.23519007203291648,1.0106860399246216,0.0007508655544370413
-0.23515552190004801,1.011220097541809,0.0007619339157827199
-0.23509622899175564,0.9928098320960999,0.0007569119916297495
-0.2350780774017981,1.010811686515808,0.0007754067191854119
-0.23500472951487217,0.9955037832260132,0.0007671901839785278
-0.23500270853472788,1.0083674192428589,0.0007860456244088709
-0.2349153179221548,0.9951936602592468,0.000771762803196907
-0.2348272251199397,0.9896286725997925,0.0007397372974082828
-0.23479580210935308,1.0509625673294067,0.0007585232378914952
-0.2347445887918797,0.9963239431381226,0.0007432146230712533
-0.23469934641621537,1.0109553337097168,0.0007512481533922255
-0.2346647882215373,1.0101689100265503,0.0007620615651831031
-0.23460550222334448,0.9950928688049316,0.0007571952883154154
-0.234587342653521,1.010635495185852,0.0007745262701064348
-0.23451400167701592,0.994998574256897,0.0007671050843782723
-0.2345119728818571,1.0093141794204712,0.0007877827156335115
-0.2344245891796246,0.9938897490501404,0.0007712719379924238
-0.2343364947318684,0.9907093644142151,0.0007401506300084293
-0.23430507813763068,1.0503404140472412,0.0007580863311886787
-0.23425385626467737,0.9957684278488159,0.000742907403036952
-0.23420862079967497,1.0115137100219727,0.0007510670111514628
-0.2341740545430266,1.010427474975586,0.0007622633129358292
-0.23411477545509407,0.9949367642402649,0.0007580452947877347
-0.23409660782330016,1.0108283758163452,0.0007752818637527525
-0.23402327375657345,0.9942651391029358,0.0007668719044886529
-0.23402123714639994,1.0106096267700195,0.0007869845139794052
-0.2339338604370944,0.9924203157424927,0.0007715828251093626
-0.2338457644262228,0.9906183481216431,0.0007398400921374559
-0.23381435424865532,1.0501765012741089,0.0007582956459373236
-0.2337631238199006,0.995441734790802,0.000742568401619792
-0.23371789526507813,1.0111846923828125,0.0007509666029363871
-0.23368332086435517,1.011227011680603,0.0007618730305694044
-0.23362404868684356,0.9951775670051575,0.0007575254421681166
-0.2336058730751837,1.0119091272354126,0.0007748294156044722
-0.23353254591887784,0.9950681924819946,0.0007671330240555108
-0.23353050149304705,1.0106090307235718,0.0007871197303757071
-0.23344313169400183,0.9941005706787109,0.0007713023805990815
-0.23335503403831215,0.9896121025085449,0.0007395067950710654
-0.23332363027741493,1.0493260622024536,0.0007577341166324914
-0.23327239137536493,0.9954990744590759,0.0007428459357470274
-0.233227169648136,1.013232946395874,0.0007520017097704113
-0.23319258718552305,1.0110273361206055,0.0007621757104061544
-0.23313332191843233,0.9938041567802429,0.000758085516281426
-0.2331151383272279,1.0091990232467651,0.0007746251649223268
-0.23304181799891732,0.9940429329872131,0.0007668680627830327
-0.23303976584001562,1.0097943544387817,0.0007867186213843524
-0.23295240286880492,0.9930344223976135,0.0007710813079029322
-0.23286430365024086,0.9914746284484863,0.0007403485360555351
-0.2328329063060139,1.050742745399475,0.0007583954720757902
-0.23278165893066866,0.9955223202705383,0.0007437569438479841
-0.23273644403167593,1.0115281343460083,0.0007515852339565754
-0.23270185358911666,1.0100932121276855,0.0007617254159413278
-0.23264259514986052,0.9933261871337891,0.0007570322486571968
-0.23262440349700725,1.0123602151870728,0.0007754157995805144
-0.2325510900786354,0.994863748550415,0.0007670193444937468
-0.23254903018714485,1.0093823671340942,0.0007864630897529423
-0.23246167412619434,0.9924097657203674,0.0007707500481046736
-0.23237357334427394,0.9915127158164978,0.0007401062757708132
-0.2323421824170384,1.0503932237625122,0.0007583045517094433
-0.2322909264038679,0.9948444962501526,0.0007424265495501459
-0.23224571841513553,1.0101426839828491,0.0007512757438234985
-0.23221111991028465,1.010055661201477,0.0007616758230142295
-0.2321518683814494,0.9949461221694946,0.0007573520997539163
-0.23213366874856944,1.011232614517212,0.0007748048519715667
-0.2320603622407793,0.9950709939002991,0.0007669930346310139
-0.23205829453427407,1.009142279624939,0.0007864178624004126
-0.2319709453834231,0.9939140677452087,0.0007715934771113098
-0.23188284295620265,0.990459680557251,0.0007399262394756079
-0.23185145844547672,1.0491725206375122,0.0007582740508951247
-0.23180019395933216,0.9956571459770203,0.0007425441290251911
-0.2317549928805387,1.0115857124328613,0.000751060841139406
-0.2317203862318542,1.0107858180999756,0.0007616070215590298
-0.2316611416128776,0.9948933720588684,0.0007574709015898407
-0.231642934000453,1.0095185041427612,0.0007747600320726633
-0.23156963432057776,0.995409369468689,0.0007671760977245867
-0.23156755888124259,1.0100295543670654,0.0007864520302973688
-0.2314802165585476,0.9927517771720886,0.0007711219368502498
-0.2313921125679707,0.9901435375213623,0.0007407392258755863
-0.23136073455609968,1.0476326942443848,0.0007586712599731982
-0.23130946151431447,0.9967675805091858,0.0007433755090460181
-0.2312642672638376,1.0119948387145996,0.0007518385536968708
-0.23122965255342381,1.0096588134765625,0.0007619941025041044
-0.23117041484470746,0.995327353477478,0.0007576907519251108
-0.23115219917023222,1.0115578174591064,0.0007749543292447925
-0.23107890648264123,0.9946311116218567,0.000766538199968636
-0.2310768232280504,1.0134693384170532,0.0007875527953729033
-0.23098948781593703,0.9939452409744263,0.0007713702507317066
-0.23090138226240536,0.9922888278961182,0.0007404634961858392
-0.23087001058493967,1.0493619441986084,0.0007579949451610446
-0.23081872898735317,0.9944429397583008,0.0007430065888911486
-0.23077354164697572,1.010250449180603,0.0007507307454943657
-0.2307389188745918,1.009475827217102,0.0007618285599164665
-0.23067968807653733,0.9951553344726562,0.0007571340538561344
-0.23066146442195506,1.0103130340576172,0.0007751041557639837
-0.23058817856251995,0.9951334595680237,0.0007665282464586198
-0.23058608757501892,1.009657621383667,0.0007871659472584724
-0.23049875907284445,0.9933539032936096,0.0007713676895946264
-0.23041065187457516,0.9908081293106079,0.0007403658237308264
-0.23037928661369916,1.0480010509490967,0.0007574780029244721
-0.23032799654281744,0.9966769814491272,0.0007430632249452174
-0.23028281611253965,1.0105317831039429,0.0007507388945668936
-0.23024818519592027,1.0098536014556885,0.0007612839690409601
-0.2301889613078048,0.9958471655845642,0.0007579058292321861
-0.2301707296740797,1.010600209236145,0.0007754002581350505
-0.23009745072482446,0.9951489567756653,0.0007670570048503578
-0.2300953519219071,1.0115619897842407,0.0007862779893912375
-0.23000803033007322,0.9950845241546631,0.0007720876601524651
-0.22991992156860824,0.9906030297279358,0.0007398707675747573
-0.2298885627244025,1.0492078065872192,0.0007578487857244909
-0.2298372640979604,0.9947403073310852,0.0007433680584654212
-0.2297920904959992,1.0121768712997437,0.0007514288881793618
-0.22975745151708826,1.0088188648223877,0.0007614099886268377
-0.229698234539233,0.9943358898162842,0.0007572589674964547
-0.22967999484393925,1.0112491846084595,0.0007750921067781746
-0.229606722804864,0.9941991567611694,0.0007670711493119597
-0.2296046162691167,1.0101003646850586,0.0007862704806029797
-0.2295173015051976,0.9963353872299194,0.0007724742172285914
-0.22942919118053695,0.9903491139411926,0.0007399665773846209
-0.2293978387526801,1.052103042602539,0.0007587374420836568
-0.22934653165342478,0.9959166646003723,0.0007428996032103896
-0.2293013649617237,1.0111713409423828,0.0007508316775783896
-0.22926671792068187,1.0102324485778809,0.0007612521876581013
-0.22920750777098242,0.9961166381835938,0.0007576613570563495
-0.2291892600955015,1.0096056461334229,0.000774927088059485
-0.2291159949666864,0.9937777519226074,0.0007663448341190815
-0.22911388061624594,1.011610507965088,0.0007866332889534533
-0.22902657276226568,0.993337094783783,0.0007714632083661854
-0.22893846087456987,0.9902761578559875,0.000739409530069679
-0.22890711486354398,1.0484119653701782,0.000757739064283669
-0.22885579912662407,0.9951763153076172,0.0007427042000927031
-0.2288106393450226,1.0115567445755005,0.0007509575225412846
-0.22877598424217116,1.0100337266921997,0.00076145282946527
-0.22871678100257126,0.99505215883255,0.0007576686912216246
-0.2286985253472244,1.0106534957885742,0.0007747734780423343
-0.22862526704640446,0.994943380355835,0.0007668304024264216
-0.2286231449630537,1.0095072984695435,0.0007866864907555282
-0.22853584401973548,0.9937282204627991,0.0007714614039286971
-0.2284477305687636,0.9911642670631409,0.0007402159390039742
-0.22841639097456867,1.0449918508529663,0.0007569711306132376
-0.22836506668160633,0.9940512180328369,0.0007424589130096138
-0.22831991372816085,1.0112133026123047,0.0007507982663810253
-0.22828525056366045,1.0103942155838013,0.0007615244830958545
-0.22822605423407982,0.9953905940055847,0.0007574288756586611
-0.22820779051700357,1.0109399557113647,0.0007750011864118278
-0.2281345392087894,0.9949944019317627,0.0007674457156099379
-0.22813240931002227,1.011507272720337,0.0007869396358728409
-0.22804511527688398,0.9942817687988281,0.0007720014546066523
-0.22795700018085302,0.9900151491165161,0.0007397428271360695
-0.22792566700316758,1.0476984977722168,0.0007578472141176462
-0.22787433423691,0.9951877593994141,0.000742532080039382
-0.22782918819372466,1.0115549564361572,0.0007508290000259876
-0.22779451688498903,1.0083017349243164,0.0007608307641930878
-0.2277353274659097,0.9966617822647095,0.0007576130446977913
-0.22771705576888712,1.010801911354065,0.0007750271470285952
-0.22764381128858785,0.9950520396232605,0.0007666179444640875
-0.22764167365683013,1.0094934701919556,0.0007862525526434183
-0.22755438645152637,0.9942358732223511,0.0007720061112195253
-0.2274662698752074,0.9905157089233398,0.0007397971930913627
-0.22743494311419216,1.046004295349121,0.0007569649606011808
-0.22738360179237438,0.9951156973838806,0.0007424358045682311
-0.2273384625769433,1.011216163635254,0.0007509411661885679
-0.2273037832061569,1.0083045959472656,0.0007608457235619426
-0.22724460069733782,0.9972001910209656,0.0007576925563625991
-0.22722632102093132,1.01047682762146,0.0007749818614684045
-0.22715308345089225,0.9938217401504517,0.000766431272495538
-0.2271509380037986,1.0104594230651855,0.0007862537167966366
-0.2270636577089158,0.9933995604515076,0.0007719912100583315
-0.22697553956907984,0.9907013177871704,0.0007400128524750471
-0.22694421914295176,1.047377109527588,0.0007575292256660759
-0.226892869347678,0.9945904612541199,0.0007424562936648726
-0.22684773696048316,1.0118948221206665,0.0007511370349675417
-0.2268130495274855,1.0092235803604126,0.0007609446183778346
-0.2267538739286053,0.9952623844146729,0.0007571542519144714
-0.2267355862729757,1.0105376243591309,0.0007751914672553539
-0.22666235553093173,0.9948375225067139,0.0007667215541005135
-0.22666020235092782,1.0104246139526367,0.000785907672252506
-0.2265729289663052,0.9946535229682922,0.0007720995927229524
-0.22648480926327347,0.9903900623321533,0.000739521172363311
-0.2264534952534944,1.0470284223556519,0.00075724464841187
-0.22640213682087723,0.9948541522026062,0.0007424186915159225
-0.22635701142620773,1.0127421617507935,0.0007513834862038493
-0.2263223159309185,1.011430025100708,0.0007618229719810188
-0.22626314716035478,0.9955834746360779,0.0007583643891848624
-0.22624485144227285,1.012139916419983,0.0007750545046292245
-0.22617162769275417,0.9940158724784851,0.0007671233615837991
-0.22616946669805704,1.0099154710769653,0.0007858806638978422
-0.2260822002235341,0.9935258030891418,0.000772816885728389
-0.22599407887536294,0.9909278154373169,0.0007400172762572765
-0.22596277136419762,1.0464885234832764,0.0007573680486530066
-0.2259114043760202,0.9952022433280945,0.0007424562354572117
-0.22586628580934587,1.0126746892929077,0.0007512304582633078
-0.225831582252488,1.0094105005264282,0.0007614215719513595
-0.22577242039210427,0.9964253306388855,0.0007575337076559663
-0.2257541166941564,1.0110498666763306,0.0007751465309411287
-0.225680899772633,0.9944781064987183,0.0007664097938686609
-0.22567873104502556,1.0091512203216553,0.0007865773513913155
-0.22559147139865848,0.9942099452018738,0.0007727305055595934
-0.2255033485693959,0.9901058077812195,0.0007396538276225328
-0.2254720473930376,1.0459047555923462,0.0007569651934318244
-0.22542067193100251,0.994062602519989,0.000742867705412209
-0.2253755602749098,1.0116246938705444,0.000751047336962074
-0.22534084857405767,1.0096060037612915,0.0007613703492097557
-0.2252816936236932,0.9960882663726807,0.0007577910437248647
-0.2252633819462006,1.0108239650726318,0.0007750504300929606
-0.22519017193493746,0.9943583607673645,0.0007661405252292752
-0.22518799539183348,1.0113061666488647,0.0007862659986130893
-0.22510074265580698,0.9940776824951172,0.0007720541907474399
-0.22501261826383068,0.9911096692085266,0.0007402757764793932
-0.22498132350382122,1.0445305109024048,0.000756629160605371
-0.22492993948654716,0.995165228843689,0.0007428193348459899
-0.22488483465804804,1.010798454284668,0.0007509107235819101
-0.22485011489506496,1.010061264038086,0.0007614028872922063
-0.2247909668554427,0.9954973459243774,0.0007579313241876662
-0.22477264711565847,1.0109156370162964,0.0007755830301903188
-0.22469944401481629,0.9948022365570068,0.0007664618315175176
-0.22469725973880195,1.0108134746551514,0.0007862269412726164
-0.22461001391279467,0.9951896071434021,0.0007723984308540821
-0.2245218879582654,0.9898985028266907,0.0007397576118819416
-0.22449059961484585,1.045045256614685,0.0007569497684016824
-0.22439410912361185,1.0103152990341187,0.0007510552532039583
-0.22435938121623283,1.0076696872711182,0.0007609311142005026
-0.22430024008703148,0.9965771436691284,0.0007576461648568511
-0.22428191236754202,1.010672688484192,0.0007749350043013692
-0.22420871617712068,0.9934202432632446,0.0007660473929718137
-0.22420652408560982,1.010845422744751,0.0007866607047617435
-0.2241192851701841,0.9946807026863098,0.000772882136516273
-0.22403115765213777,0.9897840619087219,0.0007399087771773338
-0.22399987572587043,1.0468881130218506,0.0007573472103103995
-0.22394847459723483,0.9947775602340698,0.0007427752716466784
-0.22390338350707145,1.0122495889663696,0.0007517177145928144
-0.22386864761998715,1.0081324577331543,0.0007607872830703855
-0.22380951331829896,0.9952871799468994,0.0007575066993013024
-0.22379117761942557,1.010469675064087,0.0007755530532449484
-0.22371798825716022,0.9947105646133423,0.0007659744005650282
-0.2237157884325784,1.0122451782226562,0.0007862468482926488
-0.2236285563453086,0.9960012435913086,0.0007730543147772551
-0.22354042734617074,0.9900901317596436,0.0007397931767627597
-0.22350915175414804,1.0445526838302612,0.0007565732812508941
-0.22345774207043417,0.9947432279586792,0.0007420548354275525
-0.223412657890531,1.0108829736709595,0.0007504803943447769
-0.22337791394131573,1.0090702772140503,0.0007607120205648243
-0.22331878655004855,0.9969454407691956,0.0007577699143439531
-0.22330044287114847,1.0098876953125,0.0007750444929115474
-0.2232272604189826,0.9954026341438293,0.0007666354649700224
-0.22322505277970756,1.0110050439834595,0.000786404765676707
-0.22313782760237671,0.9928455948829651,0.0007723515154793859
-0.22304969704052513,0.9895191192626953,0.0007397139561362565
-0.22301842786501203,1.0452128648757935,0.0007569237495772541
-0.2229670096257378,0.9958773255348206,0.000742643023841083
-0.2229219323560948,1.0110383033752441,0.0007508370326831937
-0.22288718026280502,1.0082528591156006,0.0007603349513374269
-0.22282805978179804,0.9956779479980469,0.0007579666562378407
-0.2228097080407671,1.0104302167892456,0.0007747331401333213
-0.22273653258096582,0.9948163628578186,0.0007662292337045074
-0.22273431712667613,1.0100167989730835,0.0007860649493522942
-0.22264709885976613,0.9949773550033569,0.0007723646122030914
-0.22255896673471887,0.9898713827133179,0.0007397041190415621
-0.22252770397603655,1.0452624559402466,0.0007575645577162504
-0.2224762771807201,0.9958773255348206,0.0007426157244481146
-0.22243120673923306,1.0115242004394531,0.0007511197472922504
-0.2223964465842943,1.0082595348358154,0.0007601703982800245
-0.22233733301322622,0.9975498914718628,0.0007578290533274412
-0.22231897329281136,1.010462999343872,0.0007754015387035906
-0.22224580466108562,0.994883120059967,0.0007662626449018717
-0.22224358147332324,1.0105005502700806,0.0007861910853534937
-0.22215637011699485,0.9944886565208435,0.0007731938967481256
-0.2220682364290733,0.9897922873497009,0.0007395632565021515
-0.22203698008682016,1.044259786605835,0.0007564718835055828
-0.22198554473586302,0.9955607652664185,0.0007426064112223685
-0.22194048120479704,1.011656403541565,0.0007513397722505033
-0.2219057129875665,1.0083808898925781,0.0007603358826600015
-0.22184660632732112,0.9958755373954773,0.0007574774790555239
-0.22182823854485556,1.0102545022964478,0.0007747023482806981
-0.2217550768231491,0.9924916625022888,0.0007658401736989617
-0.22175284582045246,1.0118547677993774,0.0007861427729949355
-0.22166564137390232,0.9936366677284241,0.0007724901661276817
-0.2215775061234277,0.9912072420120239,0.0007403172785416245
-0.22154625619792517,1.0449832677841187,0.0007566684507764876
-0.22149481229140772,0.9956662058830261,0.0007427591481246054
-0.22144975558793517,1.0112380981445312,0.0007504246314056218
-0.2214149793085738,1.0078098773956299,0.0007601878605782986
-0.22135587955882952,0.9958145618438721,0.0007573005859740078
-0.22133750379657846,1.0105401277542114,0.0007751331431791186
-0.22126434890318858,0.994013786315918,0.000766008161008358
-0.22126211016758168,1.0117393732070923,0.0007863546488806605
-0.22117491254902671,0.9940875172615051,0.0007727431948296726
-0.22108677589956505,0.9912434220314026,0.0007404401549138129
-0.2210555323086284,1.042476773262024,0.0007560454541817307
-0.22100407984695236,0.994768500328064,0.0007421938353218138
-0.22095903005374,1.0114426612854004,0.0007506111869588494
-0.22092424563006308,1.0097137689590454,0.0007604187121614814
-0.220865152790097,0.9960611462593079,0.0007574590854346752
-0.220846769048462,1.01044762134552,0.0007751060766167939
-0.22077362106549303,0.9949340224266052,0.000766261771786958
-0.22077137451446988,1.0138049125671387,0.0007868468528613448
-0.22068418380641625,0.9949310421943665,0.0007728180498816073
-0.22059604559375878,0.9913285374641418,0.0007397982990369201
-0.22056480833690606,1.0425325632095337,0.000756123277824372
-0.22051334740209533,0.9953362941741943,0.000742349773645401
-0.22046830443728,1.0117542743682861,0.0007507769041694701
-0.2204335119515523,1.0085440874099731,0.0007616204675287008
-0.2203744260218466,0.9964914321899414,0.0007575726485811174
-0.22035603421808053,1.0106027126312256,0.0007751502562314272
-0.2202828931450505,0.9950340390205383,0.0007666321471333504
-0.22028063886167948,1.0124521255493164,0.000786257500294596
-0.22019345506364496,0.9940073490142822,0.0007734742830507457
-0.22010531528811317,0.9900861382484436,0.0007394123240374029
-0.22007408444793058,1.0417444705963135,0.0007556463242508471
-0.22002261495739894,0.99588543176651,0.0007428610697388649
-0.21997757890252245,1.010745644569397,0.0007504691020585597
-0.21994277835514597,1.0087642669677734,0.000760629482101649
-0.21988369925359608,0.9962382912635803,0.0007581961690448225
-0.21986529946980343,1.0085121393203735,0.0007745166658423841
-0.2197921653071943,0.9941945672035217,0.0007657228852622211
-0.21978990320848724,1.0120452642440796,0.0007862361380830407
-0.21970272632103438,0.9945980310440063,0.0007733119418844581
-0.21958336055895522,1.0415774583816528,0.0007558877114206553
-0.2195318825125419,0.9944750666618347,0.0007421430782414973
-0.21948685328550005,1.013205885887146,0.0007522045634686947
-0.21945204467663526,1.00954008102417,0.0007610286120325327
-0.2193929724851849,0.9969468116760254,0.0007580877281725407
-0.21937456472184763,1.009556770324707,0.0007744988542981446
-0.21930143746949882,0.9952602386474609,0.0007660326082259417
-0.21929916755513446,1.0122970342636108,0.0007858062162995338
-0.2192119975781025,0.9945889115333557,0.0007731941295787692
-0.2190926366698192,1.0418211221694946,0.0007561013917438686
-0.2190411499855805,0.9954407811164856,0.000742576492484659
-0.21899612775122457,1.013311743736267,0.0007512576994486153
-0.21896131099796373,1.0076603889465332,0.0007601358811371028
-0.21890224571669342,0.9978674054145813,0.0007580037345178425
-0.21888382997389194,1.0104882717132568,0.0007746486808173358
-0.21881070954929727,0.9955012798309326,0.0007663166616111994
-0.21880843190226368,1.012316107749939,0.0007855352014303207
-0.21872126875282527,0.9937777519226074,0.0007738712010905147
-0.21860191278084384,1.042843222618103,0.0007558494107797742
-0.21855041754104493,0.9945703744888306,0.0007423577480949461
-0.2185054021346841,1.0117254257202148,0.0007511025760322809
-0.21847057740123604,1.0071338415145874,0.0007600767421536148
-0.21841151894820188,0.9972333312034607,0.0007580575766041875
-0.2183930952257755,1.010790467262268,0.0007753974059596658
-0.21831998171168204,0.9959440231323242,0.0007662798743695021
-0.2183176962493929,1.0115113258361816,0.0007858130265958607
-0.21823054001029507,0.9937742948532104,0.0007736006518825889
-0.21811118889170772,1.0408633947372437,0.0007555681513622403
-0.2180596850965092,0.994337797164917,0.0007427064119838178
-0.21801467660016766,1.0109282732009888,0.0007507899426855147
-0.21797984372272533,1.0066680908203125,0.0007601916440762579
-0.21792079226205574,0.9959460496902466,0.0007580008823424578
-0.21790236039531363,1.0124870538711548,0.0007753829122520983
-0.21782925387366514,0.9936451315879822,0.0007655640365555882
-0.21782696059636136,1.0121904611587524,0.0007860338082537055
-0.2177398112676845,0.9940990805625916,0.0007730895886197686
-0.21762046508451532,1.0405147075653076,0.0007555088377557695
-0.2175689526518128,0.9949755668640137,0.0007425012299790978
-0.21752395098370764,1.0122413635253906,0.0007516744663007557
-0.21748911004421462,1.0075972080230713,0.00076013506622985
-0.21743006549380534,0.9980603456497192,0.0007579413941130042
-0.2174116256471169,1.0100939273834229,0.0007746924529783428
-0.21733852595322256,0.994147539138794,0.0007658392423763871
-0.21733622494349059,1.0137532949447632,0.0007864101207815111
-0.2172490825247526,0.9938398599624634,0.000773257517721504
-0.21712974119553996,1.0403841733932495,0.0007561910897493362
-0.21707822020695577,0.9975406527519226,0.0007436741725541651
-0.2170332254491108,1.0122424364089966,0.0007509943679906428
-0.21699837644764747,1.0061805248260498,0.0007597836665809155
-0.21693933872555476,0.9989809989929199,0.000758302747271955
-0.21692089089900046,1.010805606842041,0.0007753160316497087
-0.21684779811552712,0.9937731027603149,0.0007664172444492579
-0.2168454892904591,1.0118958950042725,0.0007860389305278659
-0.21675835378198138,0.9938356280326843,0.0007738757412880659
-0.2166390173065646,1.0402250289916992,0.000755837420001626
-0.2165874877622594,0.995931088924408,0.0007436008309014142
-0.21654249983208834,1.012094497680664,0.0007513031596317887
-0.21650764276921713,1.0078672170639038,0.0007601284887641668
-0.21644861195698295,0.9973824620246887,0.0007579463417641819
-0.21643015615104472,1.0110201835632324,0.0007755191763862967
-0.2163570701955666,0.9938973188400269,0.0007662291754968464
-0.21635475363710632,1.0122292041778564,0.000786243996117264
-0.21626762503904945,0.9952219128608704,0.0007739689317531884
-0.2161482934173482,1.0398012399673462,0.0007555309566669166
-0.21609675531740236,0.9958577156066895,0.0007430317928083241
-0.21605177429781286,1.012886643409729,0.0007509366259910166
-0.2160169090904654,1.007095456123352,0.0007597081130370498
-0.21595788518857179,0.9982540607452393,0.0007582457619719207
-0.21593942140308892,1.0102479457855225,0.000774939195252955
-0.21586634235771035,0.9938183426856995,0.000765295815654099
-0.21586401798423543,1.0120048522949219,0.0007858796161599457
-0.2157768962140132,0.9941877126693726,0.0007739720167592168
-0.2156575695281318,1.0390326976776123,0.0007550863665528595
-0.215606022872947,0.9950962066650391,0.0007425317307934165
-0.21556104876353743,1.010849952697754,0.0007502331282012165
-0.2155261754937377,1.0073564052581787,0.0007598997908644378
-0.21546715850234532,0.9985922574996948,0.0007584919803775847
-0.2154486866546511,1.010511040687561,0.0007750488584861159
-0.21537561452001486,0.994587242603302,0.0007657033274881542
-0.21537328241362969,1.0128387212753296,0.0007860904443077743
-0.21528616747124196,0.9944954514503479,0.0007739244611002505
-0.21516684563899569,1.0394419431686401,0.0007551966118626297
-0.2151152904284917,0.9945650100708008,0.0007427097298204899
-0.21507032314683633,1.0121510028839111,0.0007511042058467865
-0.215035441815227,1.0061372518539429,0.0007599915843456984
-0.21497643173385378,0.9976122379302979,0.0007578218355774879
-0.2149579519064544,1.0097148418426514,0.0007751755183562636
-0.21488488659989363,0.9951009750366211,0.0007658787071704865
-0.2148825467604376,1.0108654499053955,0.0007867694366723299
-0.2147954387286315,0.9937757253646851,0.000773342908360064
-0.21467612174969897,1.0393537282943726,0.0007558707147836685
-0.21462455798347396,0.996964693069458,0.0007431699777953327
-0.21457959761256085,1.0120532512664795,0.0007512494339607656
-0.2145447081367161,1.006566047668457,0.0007599621312692761
-0.21448570496560337,0.9979507327079773,0.0007583558326587081
-0.214467217076314,1.0106515884399414,0.0007754949619993567
-0.21439415876171614,0.9943326115608215,0.0007660314440727234
-0.21439181110740613,1.0116132497787476,0.0007859347388148308
-0.2143047099860209,0.9954261183738708,0.000774043845012784
-0.21418539794282787,1.0383453369140625,0.0007560272933915257
-0.21413382553861693,0.9935373663902283,0.0007426878437399864
-0.21408887199585974,1.011589527130127,0.0007509264396503568
-0.21405397454030978,1.0077342987060547,0.0007604153943248093
-0.2139949781973528,0.998902440071106,0.0007580940728075802
-0.2139764823280369,1.0111256837844849,0.000775498163420707
-0.2139034309240206,0.9949058294296265,0.0007657675887458026
-0.2139010754543746,1.0120421648025513,0.0007864825893193483
-0.21381398124292833,0.9934733510017395,0.0007731505902484059
-0.2136946740538525,1.0382881164550781,0.0007553991745226085
-0.21364309309408125,0.9948530793190002,0.0007423526258207858
-0.21359814646110226,1.012624740600586,0.0007521204533986747
-0.2135632408614777,1.0072948932647705,0.0007597500225529075
-0.21350425142894164,0.9977772831916809,0.0007582041434943676
-0.2134857475800811,1.0108468532562256,0.0007751976954750717
-0.21341270300406007,0.9938431978225708,0.0007653720676898956
-0.21341033980118246,1.0120904445648193,0.000786071817856282
-0.21332325249999645,0.9930488467216492,0.0007734668906778097
-0.2132039501648772,1.038527011871338,0.0007551033049821854
-0.21315236064938498,0.9959920644760132,0.0007426849915646017
-0.2131074208445618,1.0126051902770996,0.000750891340430826
-0.21307250726507138,1.0063445568084717,0.0007596550276502967
-0.21301352474263485,0.9988983273506165,0.000758423819206655
-0.2129950128321253,1.0119459629058838,0.0007755041588097811
-0.21292197516612354,0.9940180778503418,0.0007656977977603674
-0.21291960414815103,1.0122034549713135,0.000786967808380723
-0.21283252367512084,0.9943506717681885,0.0007738012354820967
-0.21271322627566075,1.0388281345367432,0.0007553587201982737
-0.21266162820484924,0.994515061378479,0.0007421980844810605
-0.21261669531028643,1.0120693445205688,0.0007506736437790096
-0.21258177358639985,1.0065096616744995,0.0007596060750074685
-0.21252279797422363,1.0007212162017822,0.0007593811023980379
-0.21250427808368755,1.0094220638275146,0.0007747798808850348
-0.21243124732850838,0.9946116209030151,0.0007654324872419238
-0.21242886849528025,1.0122374296188354,0.000786369782872498
-0.21234179493234956,0.9947286248207092,0.0007741188746877015
-0.21222250246870938,1.036131739616394,0.000754975713789463
-0.2121708957603135,0.9953505396842957,0.0007425745716318488
-0.2121259697756896,1.0118141174316406,0.0007511833100579679
-0.21209103990788913,1.0068683624267578,0.0007599058444611728
-0.21203207120581258,0.9987300634384155,0.000759295595344156
-0.2120135433355711,1.009950876235962,0.0007748525240458548
-0.21194051940822645,0.9948422312736511,0.0007657090318389237
-0.21193813284240948,1.0131285190582275,0.0007867095409892499
-0.2118510661897391,0.9941991567611694,0.0007743316236883402
-0.21173177857957326,1.037695288658142,0.0007546556298620999
-0.21168016331529582,0.9947055578231812,0.0007423489005304873
-0.21163524415922952,1.011868953704834,0.0007504737004637718
-0.21160030631164345,1.0068509578704834,0.0007597283110953867
-0.21154134443756206,0.9978384971618652,0.0007580305100418627
-0.2115228085876153,1.0097521543502808,0.0007746401824988425
-0.21144979157004895,0.9950763583183289,0.0007662191055715084
-0.21144739718905659,1.0129413604736328,0.0007864470244385302
-0.2113603374471285,0.9941592812538147,0.0007739214925095439
-0.2112410546902766,1.0359902381896973,0.0007543537067249417
-0.21118943087059944,0.9944936633110046,0.0007422252674587071
-0.21114451862471306,1.0106350183486938,0.0007506246329285204
-0.21110957263281138,1.0059754848480225,0.0007592102629132569
-0.21105061775157657,0.998098611831665,0.0007582594407722354
-0.21103207383949885,1.0091296434402466,0.0007747439667582512
-0.2109590637323534,0.9931854605674744,0.0007649294566363096
-0.21095666153594478,1.012730360031128,0.0007862156489863992
-0.21086960870403598,0.9955188632011414,0.0007748367497697473
-0.21075033088356615,1.0372196435928345,0.0007546401466242969
-0.2106986984260638,0.9960095882415771,0.0007431816193275154
-0.21065379308995558,1.0117048025131226,0.0007504938403144479
-0.21061883903640494,1.0062932968139648,0.000759364920668304
-0.2105598909830047,0.9998166561126709,0.000758604146540165
-0.21054133909122175,1.0109072923660278,0.0007750650402158499
-0.2104683358946579,0.9953548312187195,0.0007654616492800415
-0.21046592588315438,1.0117841958999634,0.0007861079648137093
-0.21037887996126475,0.994604229927063,0.0007743075839243829
-0.2102596069945908,1.037322759628296,0.0007546001579612494
-0.21020796598120678,0.9951269030570984,0.0007420539623126388
-0.21016306747341512,1.0118001699447632,0.0007508654962293804
-0.21012810535765325,1.006766676902771,0.0007592470501549542
-0.21006916421459354,0.999693751335144,0.0007584569393657148
-0.21005060434326595,1.0088369846343994,0.0007749543292447925
-0.20997760797453663,0.9941627383232117,0.0007650546613149345
-0.20997519031222717,1.0126861333847046,0.0007860619807615876
-0.20988815121865417,0.9941793084144592,0.0007737945416010916
-0.2097688831873984,1.0349806547164917,0.0007543970714323223
-0.20971723353675148,0.9954432249069214,0.0007426749798469245
-0.20967234193913964,1.0115950107574463,0.0007512156153097749
-0.2096373716789015,1.0056854486465454,0.0007591803441755474
-0.20957843744610205,0.9984356760978699,0.0007586795254610479
-0.20955986951288458,1.0099979639053345,0.0007753012469038367
-0.2094868801366001,0.9952706694602966,0.0007657346432097256
-0.2094844546593564,1.0128536224365234,0.0007861751946620643
-0.2093974223935376,0.9949930906295776,0.0007742849993519485
-0.20927815929826238,1.0355418920516968,0.0007544112158939242
-0.209226501092296,0.9938988089561462,0.0007418029708787799
-0.20918161632243853,1.0118374824523926,0.0007506184047088027
-0.20914663808265582,1.0072076320648193,0.0007591581088490784
-0.20908771075987553,0.9983566999435425,0.0007581560057587922
-0.20906913476444683,1.0116186141967773,0.0007760811713524163
-0.20899615229866358,0.9958767890930176,0.0007656450616195798
-0.2089937190064856,1.0122920274734497,0.0007857605232857168
-0.2089066936510074,0.9940664172172546,0.0007744013564661145
-0.20878743549155193,1.03566575050354,0.0007544545806013048
-0.20873576864727833,0.9950047135353088,0.0007429315010085702
-0.2086908907878418,1.0122466087341309,0.0007506876136176288
-0.20865590440414505,1.0050183534622192,0.0007585634011775255
-0.20859698399146448,1.0009874105453491,0.000759076967369765
-0.20857840001649103,1.0092214345932007,0.0007744999602437019
-0.2085054244608074,0.9957638382911682,0.0007655505323782563
-0.20850298335313272,1.0118666887283325,0.0007858634344302118
-0.2084159649083968,0.9940681457519531,0.0007746274932287633
-0.20829671160241592,1.0348114967346191,0.0007541878148913383
-0.20824503628468632,0.9929158687591553,0.0007414738065563142
-0.20820016525340562,1.0105170011520386,0.0007502807420678437
-0.2081651708077386,1.0051289796829224,0.0007587001891806722
-0.2081062572232139,0.9993610978126526,0.0007582371472381055
-0.20808766526853528,1.0105540752410889,0.0007748281350359321
-0.20801469654052557,0.9941990971565247,0.0007654514047317207
-0.2080122477001013,1.0132699012756348,0.0007862855563871562
-0.20792523616530428,0.9948422312736511,0.0007743448950350285
-0.20780598779570547,1.0343798398971558,0.0007538091158494353
-0.2077543038401506,0.9944159388542175,0.0007425284711644053
-0.2077094397189696,1.0116040706634521,0.0007510535069741309
-0.20767443712890654,1.004807710647583,0.0007587072323076427
-0.20761553053690712,0.9998622536659241,0.0007589804008603096
-0.20759693052041883,1.0111762285232544,0.0007747712661512196
-0.20752396870282996,0.9946025609970093,0.0007653624634258449
-0.20752151204723052,1.0124539136886597,0.0007862489437684417
-0.20743450742237235,0.995250940322876,0.0007740175351500511
-0.20731526390673016,1.0337128639221191,0.0007538112695328891
-0.20726357139545432,0.9938567280769348,0.0007418591994792223
-0.20721871410242915,1.0118165016174316,0.0007507766713388264
-0.2071837035325002,1.0051499605178833,0.0007587143918499351
-0.2071248037681746,0.9991427659988403,0.0007588088628835976
-0.20710619577246303,1.0099551677703857,0.0007750772056169808
-0.20703324086513447,0.9950309991836548,0.0007654911023564637
-0.20703077639419903,1.0132615566253662,0.0007860879995860159
-0.20694377867976177,0.9945541620254517,0.0007745069451630116
-0.2068245400995377,1.033925175666809,0.0007537611527368426
-0.20677283895091864,0.9942961931228638,0.0007426307420246303
-0.2067279885681536,1.013031005859375,0.0007509426213800907
-0.2066929698537484,1.0056066513061523,0.000758610141929239
-0.2066340769999241,1.0006626844406128,0.0007588815642520785
-0.20661546102418593,1.0106650590896606,0.0007750915829092264
-0.20654251302695692,0.9946514368057251,0.0007655270164832473
-0.20654004074132826,1.0140682458877563,0.0007863806677050889
-0.20645304993699054,0.9949249029159546,0.0007745114271529019
-0.20633381629258635,1.0340977907180786,0.0007540449150837958
-0.20628210650614198,0.9941422939300537,0.0007420959300361574
-0.20623726303355688,1.010440707206726,0.0007502571097575128
-0.206202236257583,1.0044575929641724,0.0007584854029119015
-0.20614335023175395,0.9980321526527405,0.0007581844693049788
-0.20612472627574813,1.0105968713760376,0.0007754993857815862
-0.20605178510683575,0.9961603283882141,0.00076532072853297
-0.2060493051707224,1.014260172843933,0.0007867560489103198
-0.20596232119437996,0.99560546875,0.0007747054914943874
-0.20584309240369125,1.034623384475708,0.0007539695943705738
-0.2057913740612045,0.9954935908317566,0.0007425040821544826
-0.20574653741685572,1.0117063522338867,0.0007504714885726571
-0.20571150257907228,1.0065112113952637,0.000759446294978261
-0.20565262354552744,1.0011255741119385,0.000758963287808001
-0.20563399152779238,1.01048743724823,0.0007748171337880194
-0.2055610572691402,0.9949030876159668,0.0007656546076759696
-0.20555856951736962,1.0131081342697144,0.0007865165825933218
-0.20547159245160873,0.9944519400596619,0.0007751039229333401
-0.2053523685966595,1.0330605506896973,0.0007539564394392073
-0.20525581188233927,1.0121428966522217,0.0007505765534006059
-0.2052207689823446,1.0050705671310425,0.00075888866558671
-0.20516189677727703,0.9999198913574219,0.00075852609006688
-0.20514325677991696,1.0095503330230713,0.0007751449011266232
-0.20507032943128406,0.9952678680419922,0.0007654879009351134
-0.2050678338642578,1.0147619247436523,0.0007866314263083041
-0.20498086370851615,0.9948211312294006,0.0007745783659629524
-0.20486164478994917,1.0339096784591675,0.0007537391502410173
-0.2048099091721332,0.992290735244751,0.0007415962754748762
-0.2047650863478228,1.0118682384490967,0.0007508152048103511
-0.20473003530335188,1.0052863359451294,0.0007592798792757094
-0.2046711700088658,0.9993204474449158,0.0007581629906781018
-0.20465252203172013,1.0111113786697388,0.0007750903023406863
-0.20457960159358846,0.99381422996521,0.0007649997132830322
-0.2045770982114674,1.015211820602417,0.00078697653952986
-0.20449013488364065,0.9944013357162476,0.0007744710310362279
-0.2043709209009738,1.0309470891952515,0.000752801017370075
-0.2043191768095412,0.9945731163024902,0.0007421342306770384
-0.2042743607311217,1.0125362873077393,0.000750439299736172
-0.20423930170710608,1.004838228225708,0.0007587816216982901
-0.20418044332239832,0.998935878276825,0.0007581654936075211
-0.20416178728360368,1.0100351572036743,0.0007749003707431257
-0.20408887375589302,0.9946701526641846,0.000765564909670502
-0.20408636255827517,1.0130709409713745,0.000786789576523006
-0.20399940614103007,0.9948812127113342,0.0007748265634290874
-0.2038801970937814,1.0333045721054077,0.0007540623773820698
-0.20382844436500547,0.9952691197395325,0.0007429018151015043
-0.20378363519684628,1.0121203660964966,0.0007507805712521076
-0.20374856802859537,1.004496693611145,0.0007590921013616025
-0.2036897165541478,0.9998724460601807,0.0007583601982332766
-0.20367105253532658,1.0089828968048096,0.0007750324439257383
-0.20359814583545038,0.9947053790092468,0.0007656675879843533
-0.2035956269054044,1.0129555463790894,0.0007864130311645567
-0.20350867739809814,0.9945982098579407,0.0007747493800707161
-0.2033894732866693,1.031944990158081,0.0007532581803388894
-0.20333771192030908,0.9946613907814026,0.0007426965748891234
-0.2032929096625708,1.0109580755233765,0.0007502887747250497
-0.20325783443218898,1.0057042837142944,0.0007587863365188241
-0.20319898986816232,1.001558780670166,0.0007585608982481062
-0.20318031778721013,1.0109131336212158,0.000775254622567445
-0.20310741799751386,0.9954513907432556,0.0007654943037778139
-0.20310489125237297,1.0134388208389282,0.0007861839258112013
-0.203017948655568,0.9934647083282471,0.0007750209770165384
-0.20289874948003922,1.0319688320159912,0.0007532141171395779
-0.2028469794752914,0.9944796562194824,0.0007426357478834689
-0.20280218412781342,1.0110470056533813,0.0007504777167923748
-0.20276710075367826,1.0052080154418945,0.0007587535073980689
-0.20270826309975115,1.0015575885772705,0.0007587836589664221
-0.20268958303925444,1.0081950426101685,0.0007739339489489794
-0.2026166901598987,0.9951107501983643,0.0007659957627765834
-0.2026141556812851,1.0128189325332642,0.0007859739125706255
-0.20252721991271633,0.9961525797843933,0.0007755877450108528
-0.20240802559106386,1.0322476625442505,0.0007539131329394877
-0.20235624703075566,0.9939796924591064,0.0007422534399665892
-0.20231145851103194,1.0120360851287842,0.0007505163084715605
-0.20227636715711111,1.0057514905929565,0.000758305483032018
-0.20221753633150075,0.9999549984931946,0.0007585744024254382
-0.2021988482912987,1.011212944984436,0.0007754110265523195
-0.2021259623218818,0.9946010112762451,0.0007649408071301877
-0.20212342002809297,1.0139915943145752,0.0007858516764827073
-0.2020364911696238,0.9946396946907043,0.0007746443734504282
-0.2019173017840321,1.0311520099639893,0.0007533204625360668
-0.2018655145862201,0.9941785335540771,0.0007420219480991364
-0.20182073297683678,1.0111010074615479,0.0007504735258407891
-0.20178563347811845,1.0037709474563599,0.0007579230586998165
-0.2017268096451939,1.0001707077026367,0.0007591614266857505
-0.20170811354318224,1.010404109954834,0.0007753121317364275
-0.2016352344841863,0.9950081706047058,0.0007653619395568967
-0.20163268437530246,1.0133951902389526,0.0007862176280468702
-0.20154576242701322,0.9951080083847046,0.0007749816868454218
-0.20142657797732177,1.0302128791809082,0.0007527577690780163
-0.20137478222378863,0.9946538209915161,0.000742256932426244
-0.20133000744224006,1.0123357772827148,0.0007504934328608215
-0.2012948998818727,1.0037323236465454,0.0007584633422084153
-0.2012360828764614,1.0009076595306396,0.0007585246930830181
-0.2012173787949051,1.0093287229537964,0.000774719228502363
-0.20114450664649075,0.9946415424346924,0.0007652784697711468
-0.20114194872251207,1.0137639045715332,0.0007869386463426054
-0.20105503368440275,0.9939496517181396,0.0007747231284156442
-0.20093585417045068,1.0301156044006348,0.0007526225526817143
-0.2008840497789317,0.9946171045303345,0.0007423209026455879
-0.20083928190796457,1.0123451948165894,0.0007510911673307419
-0.20080416620344227,1.0051902532577515,0.000758680107537657
-0.20074535610821087,1.0011688470840454,0.0007586788269691169
-0.2007266440467887,1.0094327926635742,0.0007747180061414838
-0.20065377872604823,0.9955329895019531,0.0007653100183233619
-0.20065121306931988,1.01398766040802,0.0007863601204007864
-0.20056430494163147,0.9953839182853699,0.0007750513032078743
-0.20044513036325828,1.0302048921585083,0.0007529680733568966
-0.20039331733423532,0.9960529208183289,0.0007427599048241973
-0.20034855637368915,1.013112187385559,0.000750410370528698
-0.20031343260695555,1.0048809051513672,0.0007587104919366539
-0.20025462942222538,1.0015218257904053,0.000758838839828968
-0.20023590929851154,1.0102903842926025,0.0007753203972242773
-0.20016305088819203,0.9935114979743958,0.0007650620536878705
-0.20016047741628845,1.0156491994857788,0.000786942953709513
-0.20007357619902089,0.9948071241378784,0.0007752999081276357
-0.19995440655654795,1.029661774635315,0.0007525155670009553
-0.19990258488945856,0.9944469332695007,0.0007423241040669382
-0.19985783075666663,1.011172890663147,0.0007505238172598183
-0.19982269901070987,1.0031477212905884,0.0007580504170618951
-0.19976390265381422,1.0006682872772217,0.0007589473971165717
-0.1997451745505558,1.0090476274490356,0.0007748691714368761
-0.19967232305049654,0.9949465990066528,0.0007654071669094265
-0.19966974184536135,1.0160754919052124,0.000786586373578757
-0.19958284745624966,0.9953439235687256,0.0007751509547233582
-0.1994636827498375,1.03036630153656,0.0007531600422225893
-0.1994118524446819,0.9920949339866638,0.0007415253785438836
-0.19936710522223056,1.0124456882476807,0.0007510120631195605
-0.19933196533203845,1.0055954456329346,0.0007586305146105587
-0.19927317596782873,1.0008946657180786,0.0007588098524138331
-0.1992544398849454,1.0091160535812378,0.0007744794129393995
-0.19918159521264028,0.9952259659767151,0.0007658725371584296
-0.1991790061923298,1.0132657289505005,0.0007859950419515371
-0.19909211871315707,0.9962616562843323,0.0007755471742711961
-0.19897295894296652,1.0290703773498535,0.0007524697575718164
-0.1989211200824112,0.993707537651062,0.0007428659009747207
-0.19887637968795513,1.0110352039337158,0.0007506179972551763
-0.19884123173531065,1.004974126815796,0.0007580036181025207
-0.19878244919941757,1.0014978647232056,0.0007595844217576087
-0.19876370513674857,1.0084642171859741,0.0007746571209281683
-0.1986908673749448,0.9958129525184631,0.0007653702632524073
-0.19868827053945903,1.0143965482711792,0.0007868247339501977
-0.1986013899705465,0.9954438805580139,0.0007760940934531391
-0.19848223513593477,1.0298045873641968,0.0007523017120547593
-0.19843038763787546,0.9940630793571472,0.0007423856295645237
-0.198385654153519,1.0111973285675049,0.0007501672371290624
-0.19835049805679994,1.0042871236801147,0.0007581102545373142
-0.19829172251295007,1.0013847351074219,0.0007588784210383892
-0.19827297038863212,1.010119080543518,0.00077470374526456
-0.19820013953724924,0.9957658648490906,0.0007652216008864343
-0.1981975348865882,1.0141574144363403,0.0007867860840633512
-0.19811066122793602,0.99521404504776,0.000775420106947422
-0.19799151132906367,1.028272032737732,0.0007530003204010427
-0.19793965519317924,0.9942008256912231,0.0007422976195812225
-0.19789492861924357,1.0120145082473755,0.0007509359857067466
-0.19785976446055425,1.0046522617340088,0.00075819983612746
-0.19780099574469967,1.000488519668579,0.0007588102016597986
-0.19778223564035502,1.0104516744613647,0.0007754499092698097
-0.1977094116990718,0.9955835342407227,0.0007657827227376401
-0.19770679923355677,1.013990044593811,0.000786806340329349
-0.19761993248500415,0.9964631795883179,0.0007756144623272121
-0.19750078752203204,1.0285344123840332,0.0007518456550315022
-0.19744892274832215,0.9933362007141113,0.0007424994837492704
-0.1974042030023817,1.0107722282409668,0.0007501487270928919
-0.19736903078180246,1.0040830373764038,0.0007575651980005205
-0.19731026897644915,1.0019257068634033,0.0007596270297653973
-0.19729150089223857,1.010736107826233,0.0007746095070615411
-0.19721868377887025,0.993920087814331,0.0007650568732060492
-0.19721606366262961,1.0143787860870361,0.0007868073298595846
-0.19712920374223292,0.9952859282493591,0.0007753413519822061
-0.19701006371540197,1.028591275215149,0.000752749212551862
-0.19695819038589085,0.9938222765922546,0.0007424242212437093
-0.19691347746762433,1.011749505996704,0.0007508039707317948
-0.19687829718563715,1.0050960779190063,0.00075816287426278
-0.19681954229022258,1.0015180110931396,0.0007589700981043279
-0.19680076614396147,1.0099163055419922,0.0007746535120531917
-0.19672795594125503,0.9958064556121826,0.0007650679326616228
-0.19672532800959813,1.0147825479507446,0.0007868622778914869
-0.1966384749994617,0.9952486753463745,0.0007759647560305893
-0.1965193399087719,1.027631402015686,0.0007520636427216232
-0.19646745794119447,0.9918493628501892,0.000741425552405417
-0.1964227519333488,1.012427568435669,0.0007506887777708471
-0.19638756358907006,1.0035138130187988,0.0007579654338769615
-0.19632881552173115,1.0022236108779907,0.0007590180030092597
-0.19631003139600567,1.0103241205215454,0.0007746497285552323
-0.19623722810323813,0.9944609999656677,0.0007648449973203242
-0.19623459235640606,1.0140019655227661,0.0007876480231061578
-0.19614774625652975,0.9945729374885559,0.0007754991529509425
-0.19602861610174016,1.0274133682250977,0.0007522726664319634
-0.19597672549665873,0.9934608936309814,0.0007416069274768233
-0.1959320263991537,1.0119889974594116,0.0007505458779633045
-0.19589682991007734,1.0036150217056274,0.0007577492506243289
-0.19583808883558496,1.00139582157135,0.0007588095613755286
-0.1958192966481303,1.0100489854812622,0.0007751620141789317
-0.1957465002655427,0.9954304695129395,0.0007653629290871322
-0.19574385670361555,1.015852928161621,0.0007877100142650306
-0.19565701751391917,0.9945186376571655,0.0007753724930807948
-0.1955378923771341,1.0293470621109009,0.0007525832625105977
-0.195485993052123,0.9937843084335327,0.0007425653748214245
-0.19544130086463724,1.011573314666748,0.00075082405237481
-0.1954060963138316,1.0040206909179688,0.0007574957562610507
-0.19534736206701314,1.0018740892410278,0.00075917859794572
-0.19532856189977277,1.010699987411499,0.0007749098003841937
-0.19525577242768644,0.9947044253349304,0.0007650332408957183
-0.19525312113309018,1.015061378479004,0.000787141383625567
-0.1951662887713086,0.9945563077926636,0.0007754592807032168
-0.19504716857010235,1.0264122486114502,0.000752503692638129
-0.19499526068937034,0.994020402431488,0.0007422983762808144
-0.1949505753303618,1.0123428106307983,0.0007505817920900881
-0.1949153627175858,1.0041096210479736,0.000757628062274307
-0.19485663538102765,1.0012973546981812,0.0007592246984131634
-0.19483782715149567,1.010354995727539,0.0007749747019261122
-0.19476504458950883,0.9960600137710571,0.0007654133369214833
-0.19476238547989794,1.015109896659851,0.0007874543080106378
-0.19467556002853736,0.9959563612937927,0.0007756514823995531
-0.19455644476323136,1.0266505479812622,0.0007517033373005688
-0.1945045282445133,0.9930232763290405,0.0007416324224323034
-0.1944598497959258,1.0128005743026733,0.0007510422146879137
-0.19442462903891444,1.0045344829559326,0.0007577947108075023
-0.19436590861277714,1.0016695261001587,0.0007587993168272078
-0.19434709240353998,1.0110325813293457,0.0007748331408947706
-0.1942743167518134,0.9955021739006042,0.0007652477943338454
-0.1942716498268665,1.0155142545700073,0.0007874445291236043
-0.19418483128560543,0.9955393671989441,0.0007755000842735171
-0.19406572095652092,1.026665449142456,0.0007517366902902722
-0.19401379579997757,0.9942203760147095,0.0007423229981213808
-0.19396912417890322,1.0111870765686035,0.0007503547240048647
-0.19393389544250805,1.0043866634368896,0.0007578455260954797
-0.19387518192663095,1.0023889541625977,0.0007593582849949598
-0.1938563577376885,1.0092127323150635,0.000774267828091979
-0.1937835889141178,0.9947384595870972,0.0007650026236660779
-0.19378091417367438,1.015206217765808,0.0007876721792854369
-0.1936941025428342,0.9964005947113037,0.0007766581256873906
-0.1935749972320755,1.026087760925293,0.0007519637001678348
-0.19352306343754622,0.9938510060310364,0.0007418144377879798
-0.19347839864462785,1.011275291442871,0.000750234816223383
-0.19344316184594096,1.0040483474731445,0.0007578314398415387
-0.1933844551582199,1.0029423236846924,0.0007592654437758029
-0.1933656229897328,1.0092040300369263,0.0007743930327706039
-0.19329286107626165,0.9940189123153687,0.0007644836441613734
-0.19329017852064284,1.015345573425293,0.0007875189185142517
-0.19320337380006308,0.9967449903488159,0.0007760509033687413
-0.1930842734252045,1.025860071182251,0.0007519632345065475
-0.19303233099301065,0.9935171008110046,0.0007416710141114891
-0.1929876731103523,1.0102567672729492,0.0007498824852518737
-0.19295242816726954,1.0039290189743042,0.0007586064748466015
-0.19289372847191294,1.002126932144165,0.0007592503097839653
-0.19287488824153598,1.0085418224334717,0.0007743883179500699
-0.1928021332385661,0.9938926100730896,0.0007655186345800757
-0.1927994429500371,1.014756679534912,0.0007870254921726882
-0.1927126450574525,0.99647456407547,0.0007762478780932724
-0.19259354961817277,1.0257835388183594,0.000751272717025131
-0.1925415985484749,0.9942983388900757,0.0007423607166856527
-0.19249694757591623,1.0104236602783203,0.000749914615880698
-0.19246169457102386,1.0042526721954346,0.0007576297502964735
-0.19240300170350189,1.001798391342163,0.0007592065376229584
-0.1923841534931786,1.0085941553115845,0.000773965788539499
-0.1923114054005492,0.9953711032867432,0.000764896278269589
-0.19230870729716631,1.0165640115737915,0.0007876545423641801
-0.19222191631484192,0.99583500623703,0.0007760209264233708
-0.1921028258935667,1.025539517402649,0.0007518134079873562
-0.19205086618572226,0.9942398071289062,0.0007419297471642494
-0.19200622204164086,1.0117855072021484,0.0007504707900807261
-0.19197096097477817,1.003416657447815,0.0007573083275929093
-0.1919122750175164,1.0037038326263428,0.000760033493861556
-0.1918934187452228,1.0093493461608887,0.000774884014390409
-0.19182067756237176,0.9945011734962463,0.000764696451369673
-0.19181797164381342,1.0146839618682861,0.0007878131582401693
-0.19173118757191,0.9962109923362732,0.0007759518921375275
-0.19161210208653495,1.0248832702636719,0.0007511862786486745
-0.19156013374102587,0.9917795062065125,0.0007413338171318173
-0.19151549650704403,1.0113131999969482,0.0007501700310967863
-0.19148022729602637,1.0039509534835815,0.0007574880146421492
-0.19142154824926588,1.0018600225448608,0.0007594539201818407
-0.191402683997267,1.0092953443527222,0.0007744834292680025
-0.19132994972467615,0.9954975247383118,0.0007651780033484101
-0.19132723599046064,1.0159876346588135,0.0007875121664255857
-0.19124045882881746,0.995745837688446,0.0007762065506540239
-0.19112137836192888,1.0232783555984497,0.0007505741086788476
-0.19106940129649014,0.9927342534065247,0.000741554715204984
-0.19102477097228654,1.0116498470306396,0.0007504462846554816
-0.19098949369953966,1.0021851062774658,0.0007572933682240546
-0.19093082156295904,1.0029714107513428,0.0007591258618049324
-0.19091194933125494,1.008942723274231,0.0007745118928141892
-0.19083922188706093,0.9951300621032715,0.0007649810868315399
-0.1908365004198549,1.0150580406188965,0.000787135271821171
-0.19074973008604623,0.9964990615844727,0.0007760609732940793
-0.19063065455521855,1.0255426168441772,0.0007516087498515844
-0.1905786689339785,0.9926155805587769,0.0007415252039209008
-0.1905340454380111,1.0122419595718384,0.0007505413377657533
-0.19049876010313327,1.0023853778839111,0.0007575444760732353
-0.19044009479454788,1.0025078058242798,0.0007591952453367412
-0.19042121458329914,1.0076205730438232,0.0007740935543552041
-0.19034849404912446,0.9947877526283264,0.0007646467420272529
-0.19034576476698412,1.0154072046279907,0.0007877040188759565
-0.19025900134343565,0.9954116940498352,0.0007765126065351069
-0.1901399307485081,1.023949146270752,0.000750845531001687
-0.1900879364895231,0.9941290020942688,0.0007417097222059965
-0.19004331990373574,1.0111253261566162,0.000750406994484365
-0.19000802642430126,1.0040249824523926,0.000757956353481859
-0.18994936810840174,1.0035887956619263,0.0007595697534270585
-0.1899304798351827,1.0090811252593994,0.0007742680609226227
-0.18985776621142897,0.9948938488960266,0.000765201635658741
-0.18985502911395258,1.0139446258544922,0.0007872535497881472
-0.18976827260066437,0.996537983417511,0.0007765660993754864
-0.18964920702358073,1.023348331451416,0.0007506932597607374
-0.18959720404498748,0.992821455001831,0.000741851341444999
-0.18955259436929955,1.0116480588912964,0.0007504989625886083
-0.18951729282805546,1.0026171207427979,0.0007581898244097829
-0.1894586414220949,1.0028791427612305,0.0007590013556182384
-0.18943974508674494,1.0084596872329712,0.0007738819695077837
-0.18936703837357272,0.9932492971420288,0.0007648434839211404
-0.18936429346108175,1.0141819715499878,0.0007867984822951257
-0.1892775438580539,0.9954016208648682,0.0007760839071124792
-0.18915848321670975,1.0238598585128784,0.0007517324411310256
-0.1891064716822347,0.9935285449028015,0.0007417807355523109
-0.18906186883486348,1.0114989280700684,0.0007501381332986057
-0.18902655923180972,1.001977801322937,0.0007579873199574649
-0.18896791465368373,1.0030715465545654,0.0007594767957925797
-0.18894901033878914,1.0116379261016846,0.0007751438533887267
-0.18887631053539516,0.997811496257782,0.0007658767281100154
-0.18887355789031535,1.0150527954101562,0.0007873658905737102
-0.18878681511544332,0.9962671399116516,0.0007762109744362533
-0.18866775949226433,1.0226722955703735,0.0007503859233111143
-0.18861573923737762,0.9940458536148071,0.0007416096050292253
-0.18857114330026664,1.011759877204895,0.0007501667132601142
-0.1885358256354034,1.0026764869689941,0.0007570121670141816
-0.18847718796769825,1.002637505531311,0.0007592422189190984
-0.18845827567309842,1.009633183479309,0.0007742629386484623
-0.18838558269769967,0.9949543476104736,0.0007659329567104578
-0.18838282223696245,1.0164010524749756,0.0007875475566834211
-0.1882960863723508,0.9951308965682983,0.0007767194765619934
-0.1881770357674976,1.0253528356552124,0.0007511628209613264
-0.18812500687510708,0.9920671582221985,0.0007413546554744244
-0.18808041776583057,1.0106011629104614,0.0007497335900552571
-0.1880450919566516,1.0023306608200073,0.0007571338792331517
-0.18798646119912638,1.0032422542572021,0.0007591327303089201
-0.18796754092498197,1.009743094444275,0.0007738368585705757
-0.18789485486000412,0.9940769076347351,0.000765066419262439
-0.18789208658409168,1.0157008171081543,0.0007878689211793244
-0.18780535762949913,0.9958720207214355,0.0007764209876768291
-0.18768631196086755,1.0242987871170044,0.0007512407610192895
-0.1876342744304107,0.9936339855194092,0.0007415345753543079
-0.18758969223123373,1.0105329751968384,0.0007498725317418575
-0.18755435836016487,1.0039186477661133,0.0007582163088954985
-0.18749573451273932,1.0045115947723389,0.0007603069534525275
-0.18747680617702617,1.0099916458129883,0.00077393080573529
-0.18740412702214798,0.9942285418510437,0.000764541095122695
-0.18740135101348593,1.0163214206695557,0.0007874489529058337
-0.18731462888696893,0.9955244660377502,0.0007761202869005501
-0.1871955882361811,1.0222357511520386,0.0007503342349082232
-0.18714354198587496,0.9931358695030212,0.0007416747394017875
-0.18709896669695836,1.0115615129470825,0.0007503110100515187
-0.18706362476375848,1.0020390748977661,0.0007570773013867438
-0.18700500774456918,1.0034855604171753,0.0007594169583171606
-0.18698607142874907,1.0097203254699707,0.0007740615983493626
-0.18691339918397043,0.9967027902603149,0.0007654717774130404
-0.18691061536029374,1.0162696838378906,0.0007881739875301719
-0.18682390014403705,0.9954073429107666,0.0007759858854115009
-0.18670486451125373,1.0236036777496338,0.0007512193988077343
-0.1866528096236043,0.9944577217102051,0.0007422299240715802
-0.1866082411627632,1.011332631111145,0.000750189065001905
-0.1865728911671914,1.0029481649398804,0.0007574679329991341
-0.1865142810585837,1.0038169622421265,0.0007592829642817378
-0.18649533668039153,1.0084186792373657,0.0007732287049293518
-0.18642267134595353,0.9958476424217224,0.0007657231180928648
-0.18641987970750334,1.0148650407791138,0.0007873924914747477
-0.18633317140142647,0.9958546161651611,0.0007767142960801721
-0.1862141407045434,1.0225112438201904,0.0007506107212975621
-0.18616207717858657,0.9933362603187561,0.0007417235756292939
-0.1861175156280861,1.012334942817688,0.0007508485578000546
-0.18608215748868068,1.001352310180664,0.0007573897019028664
-0.18602355437227674,1.0043540000915527,0.0007597796502523124
-0.1860046020147812,1.00986647605896,0.0007747867493890226
-0.18593194350825804,0.9935357570648193,0.000764951400924474
-0.18592914405439148,1.01691734790802,0.0007878977921791375
-0.18584244265865524,0.9955468773841858,0.0007761928136460483
-0.18572341698009798,1.0208063125610352,0.0007499587954953313
-0.18567134481615521,0.9924836754798889,0.0007417253218591213
-0.18562679009348926,1.0109286308288574,0.0007508908747695386
-0.18559142389243494,1.0024152994155884,0.0007569940062239766
-0.18553282760402634,1.004370093345642,0.0007593496120534837
-0.1855138672668254,1.0103660821914673,0.0007744495524093509
-0.18544121567040178,0.9964803457260132,0.0007654202054254711
-0.18543840848330362,1.0156660079956055,0.0007878381293267012
-0.18535171391556265,0.9966811537742615,0.0007764825713820755
-0.1852326932554919,1.0234427452087402,0.0007511526346206665
-0.18518061237161954,0.995073139667511,0.0007423509960062802
-0.18513606455921383,1.0119245052337646,0.0007501506479457021
-0.18510069029570714,1.0020661354064941,0.0007577617070637643
-0.1850421009178802,1.0039855241775513,0.0007591996691189706
-0.1850231325185483,1.0101972818374634,0.0007740154978819191
-0.1849504878327063,0.9964149594306946,0.0007653534412384033
-0.18494767283043284,1.0163570642471313,0.0007880307384766638
-0.18486098517295219,0.9954885244369507,0.0007766289636492729
-0.18474196944878163,1.0203319787979126,0.0007499912171624601
-0.18468988000902753,0.9924575090408325,0.0007417647284455597
-0.1846453390247777,1.0103925466537476,0.0007497151964344084
-0.1846099566993008,1.002533197402954,0.0007576908683404326
-0.1845513742314127,1.003597617149353,0.0007592462352477014
-0.1845323977705925,1.009034514427185,0.000774229527451098
-0.18445975999501074,0.9952544569969177,0.0007649547187611461
-0.18445693717756206,1.0167627334594727,0.0007879092008806765
-0.1843702564303416,0.9970341920852661,0.0007764798356220126
-0.18425124572417556,1.0210609436035156,0.0007502652006223798
-0.18419914756457217,0.9945504665374756,0.0007426920928992331
-0.18415461349050227,1.0106487274169922,0.0007501089130528271
-0.1841192230207901,1.0023359060287476,0.000756825553253293
-0.1840606474631622,1.0038608312606812,0.0007598383235745132
-0.18404166310474107,1.0101351737976074,0.0007740273140370846
-0.1839690321568332,0.996017575263977,0.0007653668872080743
-0.18396620160679567,1.017257809638977,0.0007880227640271187
-0.18387952768757038,0.9957682490348816,0.0007763932226225734
-0.18376052199924814,1.0222837924957275,0.0007505386020056903
-0.18370841520206044,0.9926766157150269,0.0007416711887344718
-0.1836638879562269,1.0112053155899048,0.0007500647916458547
-0.1836284894243837,1.0010170936584473,0.0007566180429421365
-0.1835699207771767,1.0055644512176514,0.0007602086989209056
-0.18355092835630332,1.009161353111267,0.0007738313870504498
-0.18347830431897705,0.9951863288879395,0.0007659071707166731
-0.1834754659539249,1.0175238847732544,0.0007883823127485812
-0.1833887989449598,0.9963266253471375,0.0007765469490550458
-0.18326979827480272,1.02058744430542,0.0007502843509428203
-0.18321768275704275,0.9937586784362793,0.0007416140288114548
-0.18317316242146936,1.0109965801239014,0.0007499734638258815
-0.1831377558281379,1.0019214153289795,0.0007577661890536547
-0.1830791940087655,1.0040661096572876,0.0007596543291583657
-0.18306019360818687,1.0091781616210938,0.0007749738288111985
-0.18298757648128144,0.9960984587669373,0.0007654171786271036
-0.18298473030081303,1.016171932220459,0.0007891730638220906
-0.18289807020202786,0.9968836307525635,0.0007765297777950764
-0.18277907455035736,1.0198230743408203,0.0007498586201108992
-0.18272695039477205,0.9926401972770691,0.0007413550047203898
-0.18268243688703323,1.010549783706665,0.0007503698579967022
-0.18264702223157092,1.0018421411514282,0.000756212102714926
-0.18258846732278,1.0061429738998413,0.0007598430383950472
-0.18256945886023107,1.0090755224227905,0.000773956417106092
-0.18249684864326465,0.9946148991584778,0.0007651143823750317
-0.1824939947298056,1.0169553756713867,0.0007885871455073357
-0.18240734145893533,0.9946195483207703,0.0007761758752167225
-0.18228835082559064,1.0207992792129517,0.0007500274805352092
-0.18223621795023642,0.9937019348144531,0.0007421423215419054
-0.1821917113527578,1.0125786066055298,0.0007502833032049239
-0.18215628863484312,1.0024960041046143,0.0007572596077807248
-0.18209774063647322,1.005919098854065,0.0007591951871290803
-0.18207872419454035,1.0101311206817627,0.0007739764987491071
-0.1820061208055691,0.9968470931053162,0.0007659872062504292
-0.18200325907693476,1.0173499584197998,0.0007883826619945467
-0.18191661279858978,0.9954661726951599,0.0007760805892758071
-0.1817976271012256,1.018945574760437,0.0007496789912693202
-0.18174548558780512,0.9943501949310303,0.0007421312620863318
-0.18170098581816096,1.0119240283966064,0.0007503939559683204
-0.1816655550386777,1.000730037689209,0.000756687659304589
-0.1816070138677407,1.0042942762374878,0.0007595514762215316
-0.18158798944610255,1.009552001953125,0.0007739224238321185
-0.18151539296795388,0.9962196946144104,0.0007658249232918024
-0.18151252342406388,1.0177115201950073,0.0007884274236857891
-0.18142588405605958,0.9959513545036316,0.0007762425229884684
-0.18130690337653915,1.0207244157791138,0.0007502174703404307
-0.18125475314302836,0.9928048253059387,0.0007414135616272688
-0.18121026028388554,1.0111722946166992,0.0007501438376493752
-0.18117482136024737,1.0021309852600098,0.000756678229663521
-0.1811162871818356,1.0046578645706177,0.000759818241931498
-0.18109725469782545,1.0092191696166992,0.0007741944864392281
-0.1810246651298567,0.9957565665245056,0.0007653416832908988
-0.18102178785313683,1.0169214010238647,0.000788363569881767
-0.18093515531320792,0.9954369068145752,0.000776244851294905
-0.18081617965161173,1.0195344686508179,0.0007494633318856359
-0.18076402078051673,0.9940009713172913,0.0007419503526762128
-0.18071953474961017,1.0112836360931396,0.0007498780614696443
-0.18068408776368033,1.002994179725647,0.0007569006411358714
-0.18062556049593037,1.005001187324524,0.0007596720242872834
-0.18060652003213473,1.0100270509719849,0.0007739396532997489
-0.1805339372918398,0.995563268661499,0.0007651292835362256
-0.18053105219978394,1.0175367593765259,0.0007886914536356926
-0.18044442657059745,0.9964767694473267,0.000776480243075639
-0.18032545592716637,1.0203254222869873,0.0007502126391045749
-0.18027328833582035,0.9930022358894348,0.0007409734535031021
-0.18022880921493306,1.0121127367019653,0.000750225386582315
-0.18019335416743454,1.0016783475875854,0.0007569531444460154
-0.1801348337273585,1.0056365728378296,0.0007597116054967046
-0.18011578528401828,1.0091973543167114,0.000773874344304204
-0.18004320953640923,0.9957521557807922,0.0007652341737411916
-0.1800403165467525,1.0169790983200073,0.0007889650296419859
-0.17995369782782622,0.9971200227737427,0.0007768137147650123
-0.17983473220272106,1.0193088054656982,0.0007496976759284735
-0.17978255597322834,0.9934589266777039,0.0007414466235786676
-0.1797380836804166,1.0108375549316406,0.000749746453948319
-0.17970262057102815,1.001397728919983,0.0007566169952042401
-0.17964410704137312,1.0062345266342163,0.0007603364647366107
-0.17962505053606248,1.0092136859893799,0.0007742028683423996
-0.1795524816985531,0.9962755441665649,0.0007660333649255335
-0.17954958097614676,1.0178591012954712,0.0007889918051660061
-0.1794629690847337,0.996028482913971,0.0007768449140712619
-0.179344008478115,1.0195499658584595,0.000749398663174361
-0.1792918235286926,0.9931076765060425,0.0007414129795506597
-0.17924735814614107,1.011488914489746,0.0007508519920520484
-0.17921188697430035,1.0008752346038818,0.0007565335254184902
-0.17915338035522688,1.0059154033660889,0.000760241411626339
-0.1791343158703717,1.0090622901916504,0.0007738377316854894
-0.17906175386085754,0.9948142170906067,0.0007649565814062953
-0.17905884532311528,1.0174872875213623,0.0007886227685958147
-0.1789722403421231,0.995890736579895,0.0007763686589896679
-0.17885328475318762,1.0186617374420166,0.0007495877798646688
-0.1788010911664219,0.9931939244270325,0.000742145290132612
-0.178756632611705,1.011342167854309,0.0007503398810513318
-0.17872115337805466,1.0020071268081665,0.0007569142035208642
-0.17866265366875939,1.006278157234192,0.0007596762734465301
-0.17864358112193396,1.0086493492126465,0.0007734563550911844
-0.17857102602316205,0.9947591423988342,0.0007649393519386649
-0.1785681096702445,1.0188109874725342,0.0007891465211287141
-0.17848151159951253,0.9963793158531189,0.0007771207601763308
-0.17836256102850112,1.0202805995941162,0.000750054488889873
-0.17831035872172551,0.9951401948928833,0.0007420860347338021
-0.17826590715969454,1.0102691650390625,0.0007497857441194355
-0.17823041969954395,1.0027519464492798,0.0007574625196866691
-0.17817192690050898,1.0052841901779175,0.0007595242350362241
-0.1781528463738175,1.0099636316299438,0.000773772073443979
-0.1780802981849845,0.9964720606803894,0.0007656317320652306
-0.17807737409963864,1.0182563066482544,0.0007895687595009804
-0.17799078285666098,0.9962469339370728,0.0007769794319756329
-0.17787183730413614,1.0177714824676514,0.0007495717145502567
-0.17781962635929421,0.9936134219169617,0.0007413902203552425
-0.1777751816250977,1.010259747505188,0.0007501372019760311
-0.17773968610313762,1.0002654790878296,0.0007561509846709669
-0.1776812002145235,1.0059525966644287,0.0007603440317325294
-0.17766211170812674,1.0093570947647095,0.0007739294087514281
-0.17758957034712836,0.9966565370559692,0.0007658069371245801
-0.17758663844628586,1.0175907611846924,0.0007888767868280411
-0.1775000541963957,0.996570348739624,0.0007761230226606131
-0.17738111357936942,1.018965482711792,0.0007495655445381999
-0.17732889391443718,0.9938335418701172,0.0007419081521220505
-0.17728445609034033,1.0095443725585938,0.0007498427294194698
-0.17724895250689177,1.0003331899642944,0.0007562663522548974
-0.17719047352837736,1.005937933921814,0.0007596295326948166
-0.1771713769599299,1.0084254741668701,0.0007731825462542474
-0.17709590279309367,1.017478108406067,0.0007886698003858328
-0.17700932545346382,0.9950435757637024,0.0007762116729281843
-0.17689038993718903,1.0196198225021362,0.0007497210754081607
-0.17683816155200582,0.9931308627128601,0.0007418140303343534
-0.17679373055614517,1.009699821472168,0.0007498260238207877
-0.17675821891032478,1.0001518726348877,0.0007561617530882359
-0.1766997467598055,1.0057852268218994,0.0007595382048748434
-0.17668064221205454,1.0078649520874023,0.0007733303937129676
-0.17660811475368093,0.9961958527565002,0.000765996752306819
-0.1766051672225683,1.0194748640060425,0.0007895789458416402
-0.17651859671037123,0.9957858324050903,0.000776193686760962
-0.1763996662127436,1.0165735483169556,0.0007493277080357075
-0.1763474291074701,0.9940050840377808,0.0007413277635350823
-0.17630300502195007,1.009788990020752,0.0007496167090721428
-0.17626748531359698,1.0013060569763184,0.0007564633269794285
-0.17620902007365935,1.0049571990966797,0.0007596606737934053
-0.17618990754636377,1.00934898853302,0.0007737826672382653
-0.17611738691598544,0.9968647360801697,0.0007662448915652931
-0.17611443156945644,1.017052412033081,0.000788675039075315
-0.17602786796776065,0.9975930452346802,0.0007771348464302719
-0.17590894248781624,1.0175871849060059,0.0007490032003261149
-0.17585669674519938,0.9926749467849731,0.0007410799153149128
-0.17581227948735334,1.0112488269805908,0.000749908504076302
-0.17577675171743168,1.0017597675323486,0.0007564669940620661
-0.1757182933873525,1.0065898895263672,0.0007599382661283016
-0.17569917279792602,1.0091356039047241,0.0007737739942967892
-0.1756266590781292,0.995693027973175,0.0007656420930288732
-0.17562369599885058,1.0181163549423218,0.0007893797010183334
-0.17553713922515018,0.9952743649482727,0.0007762770401313901
-0.1754182188454752,1.0156491994857788,0.0007486754329875112
-0.17536596438260738,0.9920002818107605,0.0007408864912576973
-0.1753215539530778,1.0104657411575317,0.000750000705011189
-0.17528601812126626,1.001711368560791,0.00075672467937693
-0.1752275667014473,1.0069584846496582,0.0007597433868795633
-0.17520843804964886,1.0096912384033203,0.0007734856917522848
-0.17513593123995164,0.995327889919281,0.0007654681103304029
-0.1751329603459798,1.0181639194488525,0.0007888730033300817
-0.17504641048237896,0.9965693950653076,0.0007763659814372659
-0.17492749512102979,1.0165455341339111,0.0007496436592191458
-0.174875231937911,0.9943012595176697,0.0007417715969495475
-0.1748308285009068,1.010994791984558,0.0007501965155825019
-0.1747952845246991,1.00032639503479,0.0007564104162156582
-0.17473683993327715,1.0070685148239136,0.0007599607924930751
-0.17471770338395815,1.009272575378418,0.0007735903491266072
-0.17464520340225614,0.9962886571884155,0.0007656039670109749
-0.17464222469262702,1.0196382999420166,0.0007898220210336149
-0.17455568173960773,0.9958181977272034,0.0007759806467220187
-0.17443677139642372,1.017005443572998,0.0007490942953154445
-0.17438449957547963,0.9944413900375366,0.0007424199138768017
-0.17434010296614927,1.0093713998794556,0.000749496859498322
-0.17430455092845343,0.9996918439865112,0.0007565913838334382
-0.17424611324697037,1.0052332878112793,0.0007594979251734912
-0.1742269686358417,1.0102959871292114,0.0007737997802905738
-0.1741544755645606,0.9964316487312317,0.0007659383118152618
-0.17415148912186051,1.0198498964309692,0.0007899108459241688
-0.1740649529966758,0.9967239499092102,0.000776667904574424
-0.17394604775424333,1.0151565074920654,0.0007486004615202546
-0.1738937671306226,0.9939295649528503,0.0007418007589876652
-0.17384937743187379,1.0111684799194336,0.00075009826105088
-0.17381381733204704,1.0010738372802734,0.00075677310815081
-0.17375538656082423,1.0067187547683716,0.0007598305237479508
-0.1737362338878859,1.0090913772583008,0.0007732316735200584
-0.17366374780896937,0.9962692260742188,0.0007658779504708946
-0.17366075346898974,1.018752932548523,0.0007894795853644609
-0.1735742243361696,0.996569812297821,0.0007769009680487216
-0.17345532402979807,1.0165966749191284,0.0007487940602004528
-0.17340303476835195,0.9944969415664673,0.0007422142662107944
-0.17335865189759836,1.0114221572875977,0.0007502373191528022
-0.1733230837353193,1.0023112297058105,0.0007568757864646614
-0.1732646598745174,1.0071489810943604,0.0007596133509650826
-0.17324549922219512,1.0084724426269531,0.0007732447702437639
-0.17317301997127388,0.9946962594985962,0.0007655840599909425
-0.1731700178159583,1.0184879302978516,0.0007894053705967963
-0.173083495593559,0.995943546295166,0.0007761579472571611
-0.17296460038713557,1.0163192749023438,0.0007494678138755262
-0.17291230240608135,0.993815541267395,0.0007414920255541801
-0.17286792636316228,1.0111415386199951,0.0007497125770896673
-0.17283235013907355,1.000343918800354,0.000756927183829248
-0.17277393318837125,1.006076455116272,0.0007596940849907696
-0.17275476447375737,1.0077654123306274,0.0007724585593678057
-0.17268229213325698,0.9965417385101318,0.0007657365640625358
-0.1726792822453525,1.0180597305297852,0.0007890910492278636
-0.17259276685094843,0.9959527254104614,0.0007763890898786485
-0.17247387666236885,1.0166751146316528,0.0007490338175557554
-0.17242156996106356,0.9933639168739319,0.0007418139139190316
-0.17237720091083047,1.0103718042373657,0.0007496620528399944
-0.17234161654282787,0.9989079833030701,0.0007557435892522335
-0.17228320642012074,1.0065723657608032,0.0007593925693072379
-0.17226402980790595,1.009832739830017,0.0007730818470008671
-0.1721915642951598,0.9960663914680481,0.0007655387744307518
-0.17218854659216032,1.0187203884124756,0.0007897148607298732
-0.17210203810809693,1.0149132013320923,0.0007483324152417481
-0.17210203810809682,0.9971172213554382,0.0007765271002426744
-0.17204972268637997,0.9942409992218018,0.0007417036686092615
-0.1720053604641421,1.011293888092041,0.0007499182829633355
-0.1719697680341692,1.0002484321594238,0.000755859655328095
-0.17191136482188302,1.007104516029358,0.0007593533373437822
-0.17189218014769786,1.010252594947815,0.000774132611695677
-0.17181972154529235,0.9947794079780579,0.0007659148541279137
-0.17181669610882022,1.0182427167892456,0.000790029123891145
-0.1717301944529931,0.9963169693946838,0.0007768594077788293
-0.17161131438341054,1.015584945678711,0.0007485412643291056
-0.17155899032410926,0.9924923181533813,0.0007416137377731502
-0.17151463492954527,1.0108239650726318,0.0007498381310142577
-0.17147903435533707,1.0000348091125488,0.0007562149548903108
-0.17142063813573677,1.0076419115066528,0.0007593359332531691
-0.1714014453994207,1.0102334022521973,0.0007735803374089301
-0.17132899378986183,0.9973814487457275,0.0007662969874218106
-0.17132596045594944,1.018628478050232,0.0007898156181909144
-0.1712394657102218,0.996860682964325,0.0007763979374431074
-0.17112059074123015,1.0161024332046509,0.0007487788680009544
-0.17106825787941288,0.994860827922821,0.0007419009925797582
-0.1710239093951092,1.0100480318069458,0.0007503446540795267
-0.17098830075893068,0.9998871684074402,0.0007557990029454231
-0.17092991144926928,1.0083234310150146,0.0007598086958751082
-0.17091071073381037,1.009068250656128,0.0007729997159913182
-0.17083826595184493,0.9968717098236084,0.0007659128750674427
-0.17083522488542396,1.019287347793579,0.0007900736527517438
-0.17074873704955496,0.9965409636497498,0.0007764950860291719
-0.17062986701678473,1.0162924528121948,0.0007488473784178495
-0.17057752551714223,0.993169367313385,0.0007415245054289699
-0.17053318386083371,1.0106227397918701,0.0007496876060031354
-0.17049756716236364,0.9996411204338074,0.000755879795178771
-0.17043918476296244,1.0069502592086792,0.0007593617192469537
-0.17041997598561354,1.0086711645126343,0.0007729828939773142
-0.1703475381141495,0.9969247579574585,0.00076592608820647
-0.1703444892323122,1.0188771486282349,0.0007905912934802473
-0.17025800830694438,0.9970719814300537,0.000776407599914819
-0.17013914337412234,1.013749599456787,0.0007480996428057551
-0.17008679315487152,0.9932029247283936,0.0007414385327138007
-0.17004245840882332,1.009317398071289,0.0007492678705602884
-0.1700068335659572,1.0005298852920532,0.0007559770019724965
-0.16994845799471198,1.0078716278076172,0.0007594214985147119
-0.16992924131944076,1.0077506303787231,0.0007726564654149115
-0.16985681027629324,0.9965273141860962,0.0007658150279894471
-0.16985375357928068,1.0201210975646973,0.0007901919889263809
-0.1697672795643338,0.9957791566848755,0.0007761571905575693
-0.1696484197317813,1.0149762630462646,0.0007484950474463403
-0.16959606070985384,0.9938069581985474,0.0007419424364343286
-0.16955173287438713,1.011839509010315,0.0007500314968638122
-0.1695160999697115,1.000624418258667,0.0007561593665741384
-0.16945773130856584,1.0070747137069702,0.0007594912312924862
-0.1694385065713243,1.0104422569274902,0.0007736887782812119
-0.16936608252038066,0.997426450252533,0.0007661513518542051
-0.16936301800835363,1.0189013481140137,0.0007905335514806211
-0.16927655082156257,0.9967887997627258,0.0007763553876429796
-0.16915769600733588,1.0143710374832153,0.0007483541849069297
-0.16910532834726183,0.9942507147789001,0.0007417674642056227
-0.1690610073397904,1.0101399421691895,0.0007497076876461506
-0.16902536637346577,0.9994227290153503,0.0007561473175883293
-0.16896700462258035,1.008042812347412,0.0007599647506140172
-0.1689477719056336,1.0094630718231201,0.0007735807448625565
-0.16887535468268516,0.9957654476165771,0.0007658502436242998
-0.1688722823553221,1.0194308757781982,0.0007895171293057501
-0.168785822078711,0.9971532225608826,0.0007773986435495317
-0.16866697236499484,1.0138686895370483,0.0007480471394956112
-0.1686145959850715,0.9926942586898804,0.0007411236292682588
-0.16857028180535422,1.01022207736969,0.0007498083868995309
-0.16853463277673802,1.0004109144210815,0.0007561389356851578
-0.16847627793659492,1.0072519779205322,0.0007603088743053377
-0.1684570371576778,1.007966160774231,0.0007729128119535744
-0.16838462684498962,0.9966199398040771,0.0007658264366909862
-0.168381546784395,1.0188905000686646,0.0007898070616647601
-0.16829509341812443,0.996979832649231,0.0007766424678266048
-0.1681762487228145,1.0155818462371826,0.0007487022085115314
-0.16812386362255977,0.9930134415626526,0.0007414081483148038
-0.16807955635302246,1.0091052055358887,0.0007494059973396361
-0.16804389918033164,1.0002210140228271,0.0007563828257843852
-0.16798555125012737,1.0072202682495117,0.0007604117272421718
-0.16796630249174604,1.0091544389724731,0.0007732139783911407
-0.16789389900713342,0.9970283508300781,0.0007660274277441204
-0.1678908111315242,1.0187052488327026,0.0007902596262283623
-0.1678043646753532,0.99686199426651,0.000776552886236459
-0.16768552508031276,1.0174912214279175,0.0007496548350900412
-0.1676331311780241,0.9924238920211792,0.0007412885897792876
-0.16758883081882742,1.0100950002670288,0.000749648199416697
-0.16755316566635087,1.0002468824386597,0.0007559084915556014
-0.16749482456398118,1.006886601448059,0.0007594203925691545
-0.16747556774354927,1.0089712142944336,0.0007729283533990383
-0.16740317125170295,0.9956478476524353,0.0007657496025785804
-0.16740007556099873,1.0202906131744385,0.0007908225525170565
-0.16731363593242127,0.9969059228897095,0.0007764595211483538
-0.1671948013553854,1.0141186714172363,0.0007483960944227874
-0.16714239881575343,0.993606686592102,0.0007409556419588625
-0.16709810528463226,1.0090885162353516,0.0007495265454053879
-0.16706243206978383,1.0004373788833618,0.0007561988313682377
-0.1670040978779957,1.0064326524734497,0.0007591054891236126
-0.16698483307769785,1.0083162784576416,0.0007724977913312614
-0.16691244341368605,0.9976655840873718,0.0007664437871426344
-0.16690933990788687,1.0198030471801758,0.0007909548585303128
-0.16682290718981074,0.9968569278717041,0.0007762300665490329
-0.16670407771304435,1.0112159252166748,0.000747779558878392
-0.16665166645300072,0.9927907586097717,0.0007410186808556318
-0.1666073798321398,1.0102629661560059,0.0007498958730138838
-0.1665716984736184,1.0007106065750122,0.0007561324164271355
-0.16651337119168885,1.0075212717056274,0.000759876158554107
-0.16649409832942075,1.0087976455688477,0.0007727904594503343
-0.1664217155755085,0.9970398545265198,0.0007664432050660253
-0.16641860425485544,1.0197280645370483,0.0007912489236332476
-0.16633217844720022,0.9963799118995667,0.0007764480542391539
-0.16621335407086396,1.0126338005065918,0.000747774844057858
-0.16616093400830434,0.9934017062187195,0.0007415140862576663
-0.16611665429754296,1.0097569227218628,0.0007501820800825953
-0.16608096487745305,0.999439537525177,0.0007558892830274999
-0.16602264442351872,1.0071561336517334,0.0007594721391797066
-0.16600336366372997,1.0093730688095093,0.0007731817313469946
-0.16593098773789328,0.9962215423583984,0.0007660721894353628
-0.16592786868392834,1.0196831226348877,0.0007911045686341822
-0.165841449786453,0.9969580173492432,0.0007765297777950764
-0.16572263042868363,1.0119354724884033,0.0007479491760022938
-0.16567020164603363,0.9942641854286194,0.0007414520368911326
-0.1656259287632676,1.0097957849502563,0.0007496349862776697
-0.1655902312807253,1.0000267028808594,0.0007560339290648699
-0.1655319177372922,1.0091646909713745,0.0007598688243888319
-0.16551262891577423,1.0078940391540527,0.0007729459903202951
-0.16544025998254314,0.997333288192749,0.0007668230682611465
-0.1654371330308968,1.0199650526046753,0.0007912878645583987
-0.16535072104360138,0.9967445135116577,0.0007762517197988927
-0.16523190678634253,1.0126961469650269,0.0007484168163500726
-0.16517946928360228,0.9937534928321838,0.0007415708969347179
-0.16513520322883146,1.0093153715133667,0.0007498662453144789
-0.16509949768415821,1.0001578330993652,0.0007558333454653621
-0.1650411910508247,1.008824110031128,0.0007598331430926919
-0.1650218942499228,1.008198857307434,0.0007727158372290432
-0.1649495321445263,0.9964615106582642,0.0007661221316084266
-0.16494639746029105,1.0202752351760864,0.0007910338463261724
-0.16485999230099085,0.9973724484443665,0.0007764663896523416
-0.16474118314384079,1.011102557182312,0.0007477576727978885
-0.16468873692133162,0.9928002953529358,0.0007409477839246392
-0.164644477776821,1.0101839303970337,0.0007490339339710772
-0.16460876408791247,1.0012917518615723,0.0007561269449070096
-0.16455046436483928,1.0092065334320068,0.0007602089317515492
-0.16453115950172598,1.0076746940612793,0.0007722483715042472
-0.16445880430634874,0.996641218662262,0.0007662531570531428
-0.16445566180742027,1.0184767246246338,0.0007908035768195987
-0.16436926355821962,0.9955053329467773,0.0007764639449305832
-0.16425045950149975,1.012006163597107,0.0007479889318346977
-0.16419800447679594,0.9949323534965515,0.0007421280606649816
-0.16415375224254558,1.0105730295181274,0.0007498434861190617
-0.16411803049150614,0.9999276995658875,0.0007560577359981835
-0.1640597376788538,1.0077176094055176,0.0007594305207021534
-0.16404042483579423,1.007656216621399,0.0007723530288785696
-0.16396807655075757,0.9973472952842712,0.0007667767931707203
-0.16396492623665376,1.018950343132019,0.0007910851272754371
-0.16387853481560904,0.9976056218147278,0.000776667264290154
-0.163759735858998,1.0106489658355713,0.0007469587726518512
-0.16370727211404323,0.992462694644928,0.0007410487160086632
-0.16366302670778815,1.0105063915252686,0.0007495657191611826
-0.1636272968952604,0.999916672706604,0.0007558498764410615
-0.1635690109927076,1.0075156688690186,0.0007597194635309279
-0.16354969008767778,1.0080373287200928,0.0007723454618826509
-0.16347734871306202,0.9974865317344666,0.0007665957673452795
-0.16347419058346163,1.0194883346557617,0.0007909460691735148
-0.1633878061549422,0.9967532753944397,0.0007759110303595662
-0.16326901221681767,1.01139235496521,0.0007485188543796539
-0.16321653975145123,0.9931894540786743,0.0007410800899378955
-0.163172301255617,1.01138436794281,0.0007499766652472317
-0.16313656329877363,0.9991141557693481,0.0007561433594673872
-0.1630782843067221,1.008402705192566,0.0007595658535137773
-0.163058955421987,1.0084158182144165,0.0007732224185019732
-0.16298662087504517,0.9960717558860779,0.0007660385454073548
-0.16298345501269518,1.0205035209655762,0.0007918124319985509
-0.1628970774118496,0.9975064396858215,0.0007765042828395963
-0.1627782885747176,1.0116801261901855,0.000747599930036813
-0.1627258073892609,0.9924986958503723,0.0007411280530504882
-0.16268157572134156,1.0103518962860107,0.0007493548910133541
-0.16264582970212627,0.9992251992225647,0.0007556946948170662
-0.16258755762049565,1.0089868307113647,0.0007596894283778965
-0.1625682206740312,1.0087348222732544,0.0007720814319327474
-0.16249589311969492,0.998241662979126,0.0007667061290703714
-0.162492719359503,1.0196090936660767,0.0007911529974080622
-0.16240634866931936,0.9970532059669495,0.0007764813490211964
-0.16228756493229624,1.0113821029663086,0.0007477334584109485
-0.16223507502674916,0.9936180114746094,0.0007412640261463821
-0.16219085018674473,1.0088263750076294,0.0007492052973248065
-0.16215509610588047,0.9992485642433167,0.0007557934150099754
-0.16209683093410843,1.0084806680679321,0.0007595889619551599
-0.16207748600785843,1.0071953535079956,0.0007720188586972654
-0.16200516528207975,0.9987459778785706,0.0007670827326364815
-0.16200198378889724,1.0194705724716187,0.0007911958382464945
-0.1619156199267891,0.9986255764961243,0.0007766804774291813
-0.1617968412899552,1.0109736919403076,0.0007477885810658336
-0.16174434258221349,0.9933253526687622,0.0007409207755699754
-0.16170012473481465,1.0091404914855957,0.0007490343996323645
-0.16166436250963478,0.9977600574493408,0.0007556142518296838
-0.161606104248123,1.0095460414886475,0.0007599523523822427
-0.1615867512596617,1.0078521966934204,0.0007720739231444895
-0.16151443744390226,0.9975006580352783,0.0007669974584132433
-0.16151124813610673,1.018457055091858,0.0007913471781648695
-0.16142489126612225,0.9975703954696655,0.0007769500371068716
-0.16130611772971842,1.0124104022979736,0.0007481010397896171
-0.16125361021978218,0.9928649663925171,0.0007412786944769323
-0.1612093992006195,1.0091830492019653,0.0007493080338463187
-0.16117362899533272,0.9989390969276428,0.0007558478391729295
-0.1611153775621375,1.0088001489639282,0.0007595309871248901
-0.1610960165940512,1.008901834487915,0.0007725053583271801
-0.16102370968815038,0.9972354769706726,0.0007666899473406374
-0.1610205125650993,1.0189440250396729,0.0007912667351774871
-0.16093416252351167,0.9973660707473755,0.0007768903160467744
-0.16081539408737738,1.0104460716247559,0.0007471911376342177
-0.16076287785702942,0.9922402501106262,0.0007412933045998216
-0.16071867374812704,1.0101211071014404,0.0007488666451536119
-0.16068289539908698,0.9993810057640076,0.0007558066863566637
-0.1606246508758306,1.0090866088867188,0.0007599998498335481
-0.1606052818457741,1.0078480243682861,0.0007723566377535462
-0.16053298185045478,0.9979607462882996,0.0007666790625080466
-0.16052977691190717,1.019042730331421,0.000791092577856034
-0.16044343378074044,0.9974560737609863,0.0007766301860101521
-0.160324670445197,1.010410189628601,0.0007474104058928788
-0.1602721454944374,0.9933656454086304,0.0007413735729642212
-0.1602279482135303,1.0091030597686768,0.0007494571036659181
-0.1601921618026806,0.999045729637146,0.0007559438818134367
-0.16013392418984518,1.0088253021240234,0.0007598152733407915
-0.16011454718008333,1.0085787773132324,0.0007722968002781272
-0.1600422540948636,0.9961430430412292,0.0007665496086701751
-0.1600390413413013,1.0199635028839111,0.0007917877519503236
-0.15995270503764786,0.9960103034973145,0.0007760881562717259
-0.15983394680301666,1.0110366344451904,0.0007476453320123255
-0.15978141313216676,0.9928582906723022,0.0007416030275635421
-0.1597372226792549,1.0087876319885254,0.0007494010496884584
-0.15970142820595284,0.9988828897476196,0.0007557879434898496
-0.15964319750369904,1.0088354349136353,0.000759502814617008
-0.1596238124321276,1.0092878341674805,0.0007724578608758748
-0.15955152625716812,0.9977948665618896,0.0007669334881938994
-0.1595483056882699,1.0199456214904785,0.0007915819878689945
-0.1594619763773023,0.9988074898719788,0.000776850210968405
-0.1593432232429406,1.0107430219650269,0.0007473975419998169
-0.15929068076997638,0.9930368661880493,0.0007412125123664737
-0.15924649722708378,1.008803367614746,0.0007493915618397295
-0.15921069460970716,0.9998714327812195,0.0007559435907751322
-0.1591524708172315,1.009192705154419,0.0007597497897222638
-0.1591330777659548,1.0081473588943481,0.0007719523273408413
-0.15906079841947257,0.997106671333313,0.0007674290100112557
-0.15905757011734273,1.019972324371338,0.0007914606831036508
-0.15897124763469178,0.9963430762290955,0.0007758950814604759
-0.1588524996004389,1.0107406377792358,0.0007475122692994773
-0.15879994832519967,0.9943416714668274,0.0007412723498418927
-0.15875577169280825,1.0102583169937134,0.0007496629259549081
-0.15871996101346142,0.9989465475082397,0.0007554491749033332
-0.158661744131246,1.0092458724975586,0.0007599715027026832
-0.15864234310010344,1.007805585861206,0.0007720215944573283
-0.15857007066356005,0.9972680807113647,0.0007668278994970024
-0.15856683446447195,1.0205861330032349,0.0007919149938970804
-0.15848051889192055,0.998232364654541,0.0007765924092382193
-0.1583617759580978,1.011125087738037,0.0007476089522242546
-0.1583092159627683,0.9930874109268188,0.000740875257179141
-0.1582650462407979,1.0095244646072388,0.000749628699850291
-0.15822922741705497,1.0001112222671509,0.0007557334029115736
-0.15817101744526052,1.0091066360473633,0.0007594487397000194
-0.15815160835214764,1.0081919431686401,0.00077209179289639
-0.15807934282570385,0.9973510503768921,0.0007675454253330827
-0.1580760988937055,1.0192335844039917,0.0007914157467894256
-0.15798979014931003,0.9965295791625977,0.0007764670881442726
-0.15787105239786114,1.0104334354400635,0.0007471684366464615
-0.1578184836001763,0.994359016418457,0.0007420828333124518
-0.15777432070604042,1.009247899055481,0.0007491911528632045
-0.15773849390307426,0.9990063309669495,0.0007558923098258674
-0.15768029075911438,1.0087007284164429,0.0007593095651827753
-0.15766087368629622,1.0080467462539673,0.000772058148868382
-0.1575886149880083,0.9958810806274414,0.0007668245234526694
-0.15758536324035266,1.0195555686950684,0.0007916607428342104
-0.15749906148864307,0.9982079267501831,0.0007765916525386274
-0.15738032875568075,1.0093742609024048,0.000746788049582392
-0.15732775123774495,0.9920567274093628,0.000740869203582406
-0.15728359517128288,1.009765386581421,0.0007493814337067306
-0.15724776030650722,0.9989011883735657,0.0007553952164016664
-0.1571895640731289,1.0094937086105347,0.0007605231949128211
-0.15717013893834042,1.008426547050476,0.0007721313158981502
-0.15709788723225643,0.9983051419258118,0.0007676086388528347
-0.15709462766974686,1.0207188129425049,0.0007916767499409616
-0.15700833274555054,0.9967556595802307,0.0007765615009702742
-0.15688960519576534,1.010565996170044,0.0007475424790754914
-0.1568370188754743,0.9927013516426086,0.0007412885315716267
-0.15679286971927253,1.0079216957092285,0.0007485009264200926
-0.1567570267098598,0.9995877742767334,0.0007561539532616735
-0.15669883738682205,1.008284091949463,0.0007596472278237343
-0.1566794042726497,1.0076801776885986,0.0007726001786068082
-0.15660715939464126,0.9989753365516663,0.0007672331994399428
-0.15660389201687608,1.0201271772384644,0.0007917398470453918
-0.15651760400302028,0.9976724982261658,0.0007767506176605821
-0.15639888155318332,1.0104058980941772,0.0007475026650354266
-0.1563462865132036,0.9926111102104187,0.0007413389394059777
-0.156302144184997,1.010793924331665,0.0007499000639654696
-0.15626629311369444,0.9980324506759644,0.0007555113406851888
-0.15620811070043494,1.0085948705673218,0.0007595345377922058
-0.15618866960647687,1.0087484121322632,0.0007721784058958292
-0.15611643163929112,0.9978477954864502,0.000767500780057162
-0.15611315644610957,1.0214965343475342,0.0007922971853986382
-0.1560268753427551,0.9981279373168945,0.0007767193019390106
-0.15590815799302693,1.009270191192627,0.0007470345590263605
-0.15585555415077224,0.9941269755363464,0.0007416066946461797
-0.15581141873282595,1.0097010135650635,0.0007498835911974311
-0.15577555951744865,0.9985543489456177,0.0007556591299362481
-0.15571738401452978,1.0105907917022705,0.0007600217941217124
-0.15569793485803907,1.0071839094161987,0.000771912862546742
-0.1556257038011135,0.997718095779419,0.0007673188229091465
-0.1556224207932388,1.0211493968963623,0.0007922904333099723
-0.15553614659982318,0.9980015754699707,0.0007766301860101521
-0.15541743435084654,1.0088366270065308,0.000746704638004303
-0.15536482178818023,0.9929642677307129,0.0007410307880491018
-0.1553206931983095,1.0104812383651733,0.0007498261402361095
-0.1552848259208816,0.9981074333190918,0.0007558565121144056
-0.1552266573285443,1.009866714477539,0.0007594408234581351
-0.1552072001923483,1.0074790716171265,0.0007713594241067767
-0.1551349760453617,0.9969652891159058,0.0007669206243008375
-0.1551316852223117,1.0187095403671265,0.0007915801834315062
-0.1550454178572126,0.9969717264175415,0.0007759906002320349
-0.15492671079077042,1.0089634656906128,0.0007469926495105028
-0.15487408942574887,0.9921744465827942,0.0007401906186714768
-0.154829967746058,1.0090034008026123,0.0007493140874430537
-0.1547940924069009,0.9986200928688049,0.0007555849733762443
-0.15473593064223745,1.010292410850525,0.0007598694646731019
-0.15471646552665752,1.0089327096939087,0.000772595580201596
-0.15464424820766615,0.9975536465644836,0.0007676046225242317
-0.15464094956903918,1.0200051069259644,0.0007923106895759702
-0.15455468911444137,0.997765064239502,0.0007765492191538215
-0.15443598714826873,1.0084288120269775,0.0007470562704838812
-0.1543833570631568,0.993774950504303,0.0007415782893076539
-0.15433924221162193,1.0101577043533325,0.0007492071599699557
-0.1543033588104945,0.9979313611984253,0.0007552884635515511
-0.15424520395609131,1.0081679821014404,0.0007592192851006985
-0.15422573077854113,1.007751226425171,0.0007712555234320462
-0.15415352036980995,0.9981762766838074,0.0007671653875149786
-0.1541502139985137,1.0208714008331299,0.0007922500954009593
-0.15406396045361387,0.9974486827850342,0.0007766073103994131
-0.15394526358835342,1.008671760559082,0.0007465172093361616
-0.15389262461862113,0.9930201768875122,0.0007410593680106103
-0.15384851675961142,1.010574460029602,0.0007496107136830688
-0.1538126252137667,0.9990118145942688,0.0007550509180873632
-0.15375447726978447,1.008328914642334,0.0007592708570882678
-0.15373499611285035,1.0079132318496704,0.0007716582622379065
-0.15366279261437943,0.9979196190834045,0.0007673914660699666
-0.15365947842790795,1.0211906433105469,0.0007928201812319458
-0.1535732317110033,0.9974433183670044,0.0007763819885440171
-0.15345454002827735,1.0084075927734375,0.0007468225085176528
-0.1534018922564308,0.9932786822319031,0.0007408408564515412
-0.15335779122533605,1.0088967084884644,0.0007491288124583662
-0.15332189161736037,0.9978660941123962,0.0007553257164545357
-0.15326375058363834,1.0097274780273438,0.0007592900074087083
-0.15324426136457325,1.006609559059143,0.0007715734536759555
-0.15317206477652318,0.9975990653038025,0.0007673472282476723
-0.15316874277471576,1.019812822341919,0.000792959239333868
-0.1530825029683927,0.9977308511734009,0.0007768307696096599
-0.1529638163856149,1.0091259479522705,0.0007472361321561038
-0.15291115989375847,0.9937431216239929,0.0007416778244078159
-0.15286706577300424,1.009639859199524,0.0007493962184526026
-0.1528311581033796,1.0000076293945312,0.000755430432036519
-0.15277302389765285,1.0109615325927734,0.0007606493891216815
-0.15275352669840048,1.0068949460983276,0.000771622930187732
-0.15268133702061065,0.9978965520858765,0.0007673241780139506
-0.15267800720410996,1.0204154253005981,0.0007927304832264781
-0.15259177430788645,0.998244047164917,0.0007769635412842035
-0.1524730928256996,1.0079782009124756,0.0007470326963812113
-0.1524204275311664,0.9960246682167053,0.0007419384783133864
-0.1523763402385681,1.0086628198623657,0.0007489167619496584
-0.15234042450713392,0.9980365633964539,0.0007564405095763505
-0.15228229721166736,1.0112148523330688,0.0007597858784720302
-0.15226279203279003,1.0082573890686035,0.0007719973218627274
-0.15219060918291522,0.9987254738807678,0.0007672355277463794
-0.15218727155107853,1.0203713178634644,0.0007924185483716428
-0.15210104556495457,0.9998573660850525,0.0007770327501930296
-0.15198236926578418,1.0068936347961426,0.0007466835086233914
-0.1519296951688957,0.9942162036895752,0.0007409757818095386
-0.151885614786397,1.008138656616211,0.0007490037241950631
-0.15184969091040618,0.9988795518875122,0.0007555008633062243
-0.15179157052552117,1.0102617740631104,0.0007598880911245942
-0.1517720572849146,1.0074189901351929,0.0007720402791164815
-0.15169988142748464,0.9979574084281921,0.0007674413500353694
-0.15169653597999067,1.0198813676834106,0.0007927039405331016
-0.15161031682218334,0.9973799586296082,0.0007765003247186542
-0.1514916457057081,1.0073888301849365,0.0007463347283191979
-0.15143896280646435,0.9940912127494812,0.0007409485406242311
-0.15139488925180017,1.0078942775726318,0.0007491771830245852
-0.15135895731383908,0.9982491135597229,0.0007556959753856063
-0.15130084383905373,1.011221170425415,0.000759740883950144
-0.15128132261890254,1.0072414875030518,0.0007714281673543155
-0.15120915358946774,0.9984816312789917,0.0007675659726373851
-0.1512058003271199,1.019774317741394,0.0007926970720291138
-0.15111958816151644,0.997235119342804,0.000776285829488188
-0.15100092214579275,1.0067532062530518,0.0007461557979695499
-0.15094823044419364,0.9948415160179138,0.0007413524435833097
-0.15090416379978977,1.0092166662216187,0.0007495820173062384
-0.1508682237999387,0.9981513619422913,0.000755579792894423
-0.15081011715274684,1.0118588209152222,0.0007601134129799902
-0.15079058795305106,1.005426049232483,0.0007712217047810555
-0.1507184258341176,0.9989365339279175,0.0007677217945456505
-0.15071506475651414,1.0196945667266846,0.0007925544632598758
-0.15062885941890586,0.997585117816925,0.0007766062626615167
-0.15051019858555603,1.0080066919326782,0.0007463737856596708
-0.150457498081923,0.9914288520812988,0.0007408231031149626
-0.1504134382655143,1.0073277950286865,0.0007487250841222703
-0.15037749020345198,0.9979966282844543,0.0007551622111350298
-0.1503193904667614,1.0112980604171753,0.0007599284872412682
-0.15029985328703893,1.0068416595458984,0.0007711051148362458
-0.15022769799618108,0.9973905682563782,0.0007676695822738111
-0.15022432918574763,1.0206711292266846,0.0007938775233924389
-0.15013813067637566,0.9992702007293701,0.000777271983679384
-0.15001947494297402,1.0067890882492065,0.0007470166310667992
-0.14996676571917023,0.9933198094367981,0.0007413909770548344
-0.14992271281334324,1.0080872774124146,0.000749521073885262
-0.14988675660720624,0.9980204105377197,0.0007553636678494513
-0.14982866386288024,1.0115758180618286,0.000760099443141371
-0.14980911853892248,1.0082365274429321,0.0007717585540376604
-0.1497369702402685,0.9980937838554382,0.0007675832021050155
-0.1497335935325555,1.0219287872314453,0.0007932701846584678
-0.14964740201578908,0.9979419708251953,0.0007766993949189782
-0.14952875138313892,1.0060817003250122,0.0007462994544766843
-0.14947603335673892,0.9933823347091675,0.0007413531420752406
-0.14943198727874646,1.0093820095062256,0.000749028695281595
-0.1493960230109605,0.9973345398902893,0.0007551357266493142
-0.14933793717689475,1.0116888284683228,0.000760059105232358
-0.1493183838732317,1.0073227882385254,0.0007721686270087957
-0.149246242402573,0.9986639022827148,0.0007679759874008596
-0.14924285796178904,1.0206738710403442,0.0007928024861030281
-0.1491566732730179,0.9971562623977661,0.0007763254106976092
-0.14903802782322362,1.0074230432510376,0.0007465280359610915
-0.14898530099446822,0.9926677942276001,0.0007414236315526068
-0.1489412618265753,1.0084730386734009,0.0007492498843930662
-0.14890528949649778,0.9974338412284851,0.0007550555164925754
-0.14884721049090927,1.0100363492965698,0.0007594309281557798
-0.148827649207541,1.0082874298095703,0.0007717726984992623
-0.14875551464714248,0.9988495707511902,0.0007684544543735683
-0.14875212230867724,1.0206114053726196,0.0007931918953545392
-0.14866594453008597,0.9959547519683838,0.0007761733722873032
-0.14854730426298685,1.0068466663360596,0.0007462094072252512
-0.1484945686318762,0.9932517409324646,0.0007411984843201935
-0.14845053629213922,1.009228229522705,0.000748820835724473
-0.14841455590009134,0.9978015422821045,0.0007554274634458125
-0.14835648380444172,1.0104665756225586,0.000759352755267173
-0.14833691445942454,1.008104920387268,0.0007712763617746532
-0.14826478680928623,0.9991598129272461,0.0007681271526962519
-0.14826138673783046,1.0201345682144165,0.0007925984682515264
-0.1481752158695797,0.9991171360015869,0.00077676004730165
-0.14805658070307148,1.0063371658325195,0.0007460579508915544
-0.1480038362696055,0.9931426048278809,0.0007413358543999493
-0.14795981084012877,1.0100377798080444,0.0007490956922993064
-0.14792382230384565,0.996421754360199,0.0007548523135483265
-0.14786575711829558,1.0101970434188843,0.0007595547940582037
-0.14784617979341247,1.0074882507324219,0.0007714600069448352
-0.14777405905385577,0.9993337392807007,0.000768059107940644
-0.14777065108495963,1.0206260681152344,0.0007928739069029689
-0.1476844871269692,0.9984170794487,0.0007771397358737886
-0.1475658572252604,1.0067341327667236,0.0007462702924385667
-0.14751310390733485,0.9924174547195435,0.0007410660036839545
-0.14746908538811832,1.0088411569595337,0.0007485873647965491
-0.1474330887896239,0.997931718826294,0.0007551662856712937
-0.1473750304323101,1.011406421661377,0.0007605052087455988
-0.14735544512756105,1.0073877573013306,0.0007712543592788279
-0.1472833312159192,0.9985213875770569,0.0007680903654545546
-0.14727991551435382,1.0205036401748657,0.0007931168656796217
-0.14719375838435866,0.9984928965568542,0.0007763679604977369
-0.14707513366486308,1.0057291984558105,0.0007461225031875074
-0.14702237154466247,0.9947938323020935,0.0007417144370265305
-0.14697835985352153,1.0097202062606812,0.0007491786382161081
-0.1469423551934585,0.997033417224884,0.0007558734505437315
-0.14688430374608363,1.0122864246368408,0.000760103517677635
-0.14686471046154892,1.0076427459716797,0.0007720862049609423
-0.14679260346008705,0.9981479644775391,0.000768141180742532
-0.146789179943266,1.0209263563156128,0.0007934995810501277
-0.14670302972385246,1.0008074045181274,0.0007772773969918489
-0.14658441010494766,1.0047544240951538,0.0007459953194484115
-0.14653163918215079,0.9944663643836975,0.0007412618142552674
-0.14648763440135038,1.0085299015045166,0.0007490115822292864
-0.1464516215972128,0.9975881576538086,0.0007552299648523331
-0.14639357714244344,1.0098172426223755,0.0007597942021675408
-0.14637397571359317,1.0081186294555664,0.0007719967979937792
-0.14630187562239144,0.99922114610672,0.0007679963018745184
-0.14629844429023453,1.0208563804626465,0.0007931716972962022
-0.14621230098092058,0.9973820447921753,0.0007764280890114605
-0.14609368654503224,1.006070613861084,0.0007459002663381398
-0.14604090681988013,0.994143009185791,0.0007411399856209755
-0.14599690886683392,1.0082539319992065,0.0007488880655728281
-0.14596088808275004,0.9978398680686951,0.0007549207075498998
-0.14590285045645796,1.0118937492370605,0.0007600545650348067
-0.14588324104798267,1.0075244903564453,0.0007713283994235098
-0.14581114786696098,0.9985259175300598,0.0007680531707592309
-0.14580770871962878,1.0187188386917114,0.0007934155873954296
-0.14572157232041427,0.9984333515167236,0.0007769214571453631
-0.14560296298495629,1.004409909248352,0.0007457304745912552
-0.14555017445744878,0.9926379919052124,0.0007411285187117755
-0.14550618341458255,1.008447527885437,0.0007488499977625906
-0.145470154486183,0.9978613257408142,0.0007551563321612775
-0.14541212376999046,1.0127609968185425,0.0007597876247018576
-0.14539250638205092,1.0071152448654175,0.00077102892100811
-0.14532042011120916,0.997615396976471,0.0007680303533561528
-0.14531697314878195,1.0193560123443604,0.0007937480113469064
-0.1452308435774824,0.9994141459465027,0.0007766603375785053
-0.14511223942471946,1.0053844451904297,0.0007458949112333357
-0.1450594421774431,0.9934248924255371,0.0007412048289552331
-0.14501545796257204,1.0087395906448364,0.000749339465983212
-0.1449794208899372,0.9965921640396118,0.0007548745488747954
-0.14492139708368368,1.0111922025680542,0.0007598734810017049
-0.14490177171619945,1.0067049264907837,0.000771296035964042
-0.1448296922733529,0.9992414712905884,0.0007684246520511806
-0.14482623749599144,1.0202088356018066,0.0007944374810904264
-0.14474011483487187,0.9975963234901428,0.0007764924666844308
-0.14462151594690853,1.0050437450408936,0.0007457223837263882
-0.14456870981517245,0.9938207268714905,0.0007410647231154144
-0.1445247324282966,1.007875680923462,0.0007487620459869504
-0.1444886873757959,0.996841549873352,0.0007547918939962983
-0.1444306703976982,1.0112805366516113,0.0007594844792038202
-0.14441103696792235,1.0068433284759521,0.0007718089618720114
-0.14433896451760103,0.9983974099159241,0.0007681214483454823
-0.1443355019253857,1.0200234651565552,0.0007932705339044333
-0.1442493861746066,0.9991641044616699,0.0007773786201141775
-0.1441307923866717,1.0051571130752563,0.0007460513152182102
-0.14407797745241968,0.9938356876373291,0.0007415721192955971
-0.14403400697580415,1.009584903717041,0.0007492914446629584
-0.14399795377955016,0.9965436458587646,0.0007549244328401983
-0.14393994379381697,1.0110498666763306,0.0007598798256367445
-0.14392030230207092,1.0065544843673706,0.0007714767125435174
-0.14384823667974483,0.9990022778511047,0.0007685336750000715
-0.14384476627203285,1.0219392776489258,0.0007939114584587514
-0.14375865743159444,0.99835604429245,0.0007767918868921697
-0.14364006882683672,1.004292607307434,0.0007459059706889093
-0.143587245089908,0.9924286007881165,0.0007409946992993355
-0.14354328144136802,1.00814688205719,0.0007486336980946362
-0.14350722018330442,0.9973067045211792,0.000755131128244102
-0.14344921710783154,1.0112941265106201,0.0007601225515827537
-0.1434295676363802,1.0074143409729004,0.000771279155742377
-0.14335750892431431,0.9994999766349792,0.0007686497992835939
-0.14335403070110575,1.020486831665039,0.0007941370131447911
-0.14326792868850186,0.9975479245185852,0.0007767595234327018
-0.14314934534926665,1.005267858505249,0.0007462149951606989
-0.14309651272771767,0.9940443634986877,0.0007416781154461205
-0.14305255598935762,1.0076794624328613,0.0007488844566978514
-0.14301648666884165,0.9962943196296692,0.0007548521389253438
-0.1429584904216854,1.011667251586914,0.0007599589880555868
-0.14293883297068943,1.006311297416687,0.0007719654822722077
-0.14286678108661877,0.9981527924537659,0.0007684882148168981
-0.14286329513049995,1.0215363502502441,0.0007947569247335196
-0.14277720002815625,0.9974787831306458,0.0007762514869682491
-0.14265862178902994,1.0035914182662964,0.00074555299943313
-0.1426057803651256,0.9937804341316223,0.0007418844033963978
-0.14256183053718646,1.007926106452942,0.0007486750255338848
-0.14252575307243526,0.9966850876808167,0.0007549654692411423
-0.14246776373521786,1.012008786201477,0.0007603315752930939
-0.14244809822257298,1.007412075996399,0.0007714063976891339
-0.1423760533310276,0.9982236623764038,0.0007681043935008347
-0.1423725594774684,1.0196694135665894,0.0007937297923490405
-0.14228647128554572,0.9994702339172363,0.0007771952659823
-0.14216789831089754,1.0030932426452637,0.0007453052676282823
-0.1421150480028549,0.9929413795471191,0.0007410226971842349
-0.14207110500258974,1.0088918209075928,0.0007489394047297537
-0.14203501955845454,0.9979814887046814,0.0007550179143436253
-0.14197703704923237,1.0136704444885254,0.0007601866964250803
-0.1419573635564002,1.0073298215866089,0.0007714348030276597
-0.14188532557511507,0.9980805516242981,0.0007682128343731165
-0.14188182390686266,1.019918441772461,0.0007937772898003459
-0.14179574262487876,0.9988285303115845,0.0007762751774862409
-0.14167717475082153,1.004097580909729,0.0007461526547558606
-0.14162431564042355,0.9942386746406555,0.0007412326522171497
-0.14158037955057928,1.0080008506774902,0.0007490026764571667
-0.1415442859618875,0.9981551170349121,0.0007554881158284843
-0.14148631044551185,1.0119540691375732,0.0007599406526423991
-0.14146662889038808,1.005430817604065,0.0007709197234362364
-0.14139459773709823,0.9970674514770508,0.0007678978727199137
-0.14139108833625685,1.0200049877166748,0.000794034160207957
-0.14130501388226824,0.9992334842681885,0.000777261913754046
-0.1411864512731711,1.00505530834198,0.0007459413609467447
-0.1411335832776709,0.993720531463623,0.0007411816040985286
-0.14108965409840812,1.0060765743255615,0.0007482236251235008
-0.14105355236572203,0.9968134164810181,0.0007549761794507504
-0.14099558375920507,1.011849284172058,0.0007599058444611728
-0.1409758942246973,1.0068624019622803,0.0007710024947300553
-0.14090386998174798,0.998586893081665,0.0007684770971536636
-0.14090035268290402,1.0202323198318481,0.0007936652400530875
-0.140814285139497,0.9989904165267944,0.0007766427588649094
-0.14069572771301475,1.005492091178894,0.000745711091440171
-0.14064285099742418,0.9918583035469055,0.0007404051721096039
-0.1405989285636507,1.008857250213623,0.0007493765442632139
-0.14056281885150035,0.9972235560417175,0.0007547533605247736
-0.14050485707329996,1.0131254196166992,0.000760861614253372
-0.14048515955884588,1.0059401988983154,0.0007708736229687929
-0.14041314214381145,0.9980283975601196,0.0007681760471314192
-0.14040961711213762,1.0207270383834839,0.0007941715884953737
-0.14032355647866945,0.9984326958656311,0.0007766885100863874
-0.14020500423544474,1.004321575164795,0.0007456368766725063
-0.1401521186352339,0.994118332862854,0.0007415371364913881
-0.14010820311164024,1.0080891847610474,0.0007490967400372028
-0.1400720852547726,0.997404932975769,0.0007546702399849892
-0.1400141303870734,1.0119690895080566,0.0007598174852319062
-0.13999442481089008,1.0079002380371094,0.0007714414387010038
-0.139922414388381,0.996894121170044,0.0007684563170187175
-0.13991888154153181,1.0211150646209717,0.0007942924275994301
-0.13983282773605893,0.9996645450592041,0.0007772713433951139
-0.13971428067552932,1.0048764944076538,0.000745737343095243
-0.1396613862729632,0.9933872222900391,0.0007409431855194271
-0.13961747765962984,1.007543683052063,0.0007486862014047801
-0.1395813517407919,0.996823251247406,0.0007547684945166111
-0.13952340378287098,1.0122225284576416,0.0007600817480124533
-0.13950369014503872,1.0060526132583618,0.0007706021424382925
-0.1394316866329504,0.9985969066619873,0.0007688365876674652
-0.13942814588841995,1.0209673643112183,0.000793894228991121
-0.13934209907571338,0.9989606738090515,0.0007768940995447338
-0.13922355719739693,1.002938151359558,0.0007453504949808121
-0.13917065391037114,0.9926236867904663,0.0007406753138639033
-0.13912675220745874,1.0092856884002686,0.0007492617005482316
-0.1390906181445462,0.9978072643280029,0.0007554288022220135
-0.1390326770968855,1.0152463912963867,0.0007610931643284857
-0.13901295547886588,1.0057168006896973,0.000770751154050231
-0.13894095879477286,0.998212456703186,0.0007684676093049347
-0.13893741031789458,1.0199580192565918,0.0007939671049825847
-0.1388513703329421,0.9983949065208435,0.0007765117916278541
-0.13873283371942524,1.0022623538970947,0.0007451514829881489
-0.1386799215479398,0.9924259781837463,0.0007410685648210347
-0.1386360266731832,1.0068519115447998,0.0007491222349926829
-0.13859988454813976,0.9965251088142395,0.0007546168053522706
-0.13854195041089995,1.0130380392074585,0.000760054390411824
-0.1385222208131751,1.008029580116272,0.000771053833886981
-0.1384502310391817,0.9990182518959045,0.0007688068435527384
-0.13844667474696737,1.0200449228286743,0.0007942953379824758
-0.13836064167259654,0.9989394545555115,0.0007769140647724271
-0.13824211015950982,1.0026062726974487,0.0007454233127646148
-0.13818918918534778,0.9929999113082886,0.0007408364326693118
-0.13814530122085145,1.0080922842025757,0.0007485714741051197
-0.13810915103415905,0.9969569444656372,0.000754514301661402
-0.1380512237247538,1.011903166770935,0.0007600621902383864
-0.1380314861474844,1.0062919855117798,0.0007715176907368004
-0.13795950328375117,0.9988398551940918,0.0007687080651521683
-0.1379559390936146,1.0203615427017212,0.0007940734503790736
-0.13786991292966466,0.9982650279998779,0.0007768977084197104
-0.13775138668169884,1.0029182434082031,0.0007450812263414264
-0.1376984569051814,0.9952545166015625,0.0007415845175273716
-0.137654575768359,1.0085314512252808,0.0007488300907425582
-0.13761841743775266,0.996837317943573,0.0007549526053480804
-0.13756049712103335,1.0134949684143066,0.0007601241231895983
-0.13754075148147227,1.0079933404922485,0.0007714144303463399
-0.13746877544589498,0.9992408156394958,0.0007686155149713159
-0.13746520352284808,1.020356297492981,0.0007943062810227275
-0.1373791841866524,0.9977231025695801,0.0007765520713292062
-0.13726066320404845,1.0035277605056763,0.0007453454891219735
-0.1372077245429107,0.9934873580932617,0.0007414682186208665
-0.13716385023408356,1.0071465969085693,0.0007484211819246411
-0.1371276839232899,0.9961520433425903,0.0007548668072558939
-0.13706977043488722,1.0124350786209106,0.0007600401877425611
-0.1370500168157815,1.0064364671707153,0.0007714799139648676
-0.1369780476904644,0.998058557510376,0.0007683942676521838
-0.13697446795224233,1.0210610628128052,0.0007948885322548449
-0.13688845552638723,0.9995418787002563,0.000777221517637372
-0.13676993972639812,1.0011588335037231,0.0007447733078151941
-0.13671699218064004,0.9925118088722229,0.000740929797757417
-0.13667312478215343,1.007358431816101,0.0007482518558390439
-0.1366369503267228,0.9964765310287476,0.0007546465494669974
-0.13657904374841967,1.0139906406402588,0.0007604805286973715
-0.13655928206766504,1.0060778856277466,0.0007709368946962059
-0.13648731993503394,0.9992691278457642,0.000769146834500134
-0.13648373229937155,1.02034330368042,0.0007953063468448818
-0.13639772678377665,0.9988810420036316,0.0007771647069603205
-0.13627921624826572,1.0023398399353027,0.0007459925254806876
-0.13622625981820868,0.9948543310165405,0.0007416667649522424
-0.136182399329902,1.006738305091858,0.0007482061046175659
-0.13614621681274208,0.997342586517334,0.0007546436972916126
-0.13608831714469916,1.0133929252624512,0.0007603309932164848
-0.13606854740149232,1.0072345733642578,0.0007718541892245412
-0.13599659209685638,0.9992784857749939,0.0007694099913351238
-0.13599299672852472,1.0208820104599,0.0007943684468045831
-0.13590699812310975,0.9991481900215149,0.000776701548602432
-0.13578849277045463,1.0022854804992676,0.0007454945589415729
-0.13573552745561668,0.99396812915802,0.0007411025580950081
-0.1356916738777309,1.0065644979476929,0.0007487895782105625
-0.1356554832164964,0.9961503148078918,0.0007546321139670908
-0.13559759045871372,1.0132023096084595,0.0007605621940456331
-0.13557781273580155,1.00732421875,0.0007710022036917508
-0.1355058643411045,0.999237596988678,0.0007689637131989002
-0.13550226115767794,1.0201810598373413,0.0007942385273054242
-0.13541626938049917,1.0002976655960083,0.0007773810066282749
-0.13529776921053926,1.002126693725586,0.000745434605050832
-0.1352447951754503,0.9933087825775146,0.0007406555232591927
-0.13520094834313412,1.006719946861267,0.0007486858521588147
-0.13516474970235504,0.9967523217201233,0.0007550070877186954
-0.13510686377240683,1.013271450996399,0.000760273018386215
-0.13508707807011078,1.0069228410720825,0.000771453429479152
-0.135015136585674,0.9989996552467346,0.0007689612102694809
-0.13501152558691143,1.0210856199264526,0.0007945884135551751
-0.13492554071999296,0.9993969202041626,0.0007776270504109561
-0.13480704573256752,1.000586986541748,0.0007445148658007383
-0.1347540628128583,0.9935367703437805,0.0007406742079183459
-0.13471022289096302,1.0076833963394165,0.0007487047114409506
-0.1346740161059486,0.9956676959991455,0.0007540315273217857
-0.13461613716852572,1.0120961666107178,0.0007600199314765632
-0.1345963434042593,1.0074630975723267,0.0007712494116276503
-0.1345244087478178,0.9998643398284912,0.0007691217469982803
-0.1345207899337193,1.0196930170059204,0.0007940240320749581
-0.13443481197690038,0.9999772310256958,0.000777369481511414
-0.1343163222549975,1.0016210079193115,0.0007448848336935043
-0.1342633304506679,0.993892252445221,0.0007411480764858425
-0.1342194974389525,1.007826566696167,0.000748327118344605
-0.13418328259164658,0.9964035153388977,0.000754511565901339
-0.13412541048237958,1.0130995512008667,0.0007600379176437855
-0.13410560873856858,1.006176233291626,0.0007707368349656463
-0.13403368099238733,0.9982336163520813,0.0007692834478802979
-0.1340300543631135,1.0202523469924927,0.0007948778220452368
-0.13394408331655483,0.9995357394218445,0.0007771888631395996
-0.13382559877710615,1.0018805265426636,0.0007452502613887191
-0.13377259808847758,0.9927417635917664,0.0007417832384817302
-0.1337287719869421,1.0072561502456665,0.0007489060517400503
-0.13369254899524008,0.9968236088752747,0.0007550471345894039
-0.13363468379607274,1.014095425605774,0.0007605800637975335
-0.13361487407255646,1.0061064958572388,0.0007711099460721016
-0.1335429532367961,0.9991123080253601,0.0007692476501688361
-0.1335393187925077,1.020995855331421,0.0007945498800836504
-0.13345335457394425,0.9980630874633789,0.0007768678478896618
-0.13333487538123873,1.0016275644302368,0.0007449719705618918
-0.13328186580815055,0.9947890639305115,0.0007422736962325871
-0.13323804653469062,1.0057885646820068,0.0007480414351448417
-0.13320181548125942,0.9962513446807861,0.0007550106383860111
-0.13314395719235222,1.0135488510131836,0.0007609777385368943
-0.13312413940646395,1.0061849355697632,0.0007706803735345602
-0.13305222548088358,0.9976983666419983,0.0007684349548071623
-0.1330485831394762,1.0197865962982178,0.0007946540135890245
-0.13296262591343805,0.9991008043289185,0.0007775875274091959
-0.1328441519035884,1.0012011528015137,0.0007450534030795097
-0.1327911334457192,0.994145393371582,0.0007402969058603048
-0.13274732100017417,1.0068694353103638,0.0007480310741811991
-0.13271108188501368,0.9976560473442078,0.0007556920172646642
-0.1326532305063668,1.0143110752105713,0.0007609007298015058
-0.1326334047408536,1.0064224004745483,0.0007709001074545085
-0.13256149764318803,0.9974679946899414,0.0007686655735597014
-0.13255784756870975,1.0210977792739868,0.0007943650125525892
-0.13247189717050617,1.000442624092102,0.0007775523117743433
-0.132353428425938,1.0023781061172485,0.0007451879791915417
-0.13230040108312718,0.9932446479797363,0.0007410398684442043
-0.13225659554800306,1.006687045097351,0.0007482785731554031
-0.13222034837071162,0.9966457486152649,0.0007547027780674398
-0.1321625038202206,1.0124845504760742,0.0007602170226164162
-0.13214267007516284,1.0058666467666626,0.0007705983589403331
-0.1320707698877575,0.997955858707428,0.0007689534104429185
-0.13206711199778265,1.0204495191574097,0.0007946807309053838
-0.1319811685099999,1.0009862184524536,0.0007776761776767671
-0.1318627049481269,1.0011584758758545,0.0007450831471942365
-0.13180966872069583,0.9945549368858337,0.0007412691484205425
-0.1317658700956713,1.0059977769851685,0.0007483983063139021
-0.13172961477430523,0.9963172674179077,0.0007545484113506973
-0.13167177721601808,1.0136467218399048,0.0007607407751493156
-0.13165193532688574,1.0075578689575195,0.0007711360231041908
-0.1315800421320859,0.9990527033805847,0.0007697356631979346
-0.13157637642701614,1.019811749458313,0.0007946640253067017
-0.13149043976714836,1.0012415647506714,0.0007776524871587753
-0.13137198147047663,1.0009770393371582,0.0007445762166753411
-0.13131893644069015,0.9945883750915527,0.0007413197890855372
-0.13127514464366086,1.007238745689392,0.0007483133813366294
-0.1312388812601638,0.997080385684967,0.0007544563268311322
-0.13118105052979162,1.012668490409851,0.0007597224321216345
-0.13116120066119497,1.0056709051132202,0.000770232523791492
-0.13108931437673577,1.0001270771026611,0.0007695275126025081
-0.13108564077414536,1.0198901891708374,0.0007945605320855975
-0.13099971110688313,0.9994552135467529,0.0007773287361487746
-0.13088125799266553,1.002183437347412,0.0007454122533090413
-0.1308282040784195,0.9968969225883484,0.0007419573958031833
-0.1307844191916504,1.0068131685256958,0.0007479891064576805
-0.13074814766359671,0.9957762956619263,0.0007542325183749199
-0.13069032392615149,1.014941930770874,0.0007603148696944118
-0.1306704659953435,1.007285237312317,0.0007709673373028636
-0.13059858653871892,0.9988025426864624,0.0007692559738643467
-0.13059490520353956,1.0201261043548584,0.0007954171160236001
-0.13050898236427255,1.0003502368927002,0.0007776476559229195
-0.13039053459679817,1.0016200542449951,0.0007453963626176119
-0.1303374717156668,0.993529736995697,0.000741370371542871
-0.13029369365721427,1.0067167282104492,0.0007482783985324204
-0.13025741414961606,0.9971559047698975,0.0007545439293608069
-0.13019959723984464,1.0127456188201904,0.0007602509576827288
-0.1301797313291707,1.0062988996505737,0.0007704015588387847
-0.1301078587828064,0.9997490048408508,0.0007695246022194624
-0.13010416963269278,1.02055823802948,0.0007947328267619014
-0.1300182537036057,1.0000230073928833,0.0007775503327138722
-0.12989981111882642,1.0027782917022705,0.0007453467696905136
-0.1298467394355004,0.9949686527252197,0.0007414424326270819
-0.12980296820504322,1.005801796913147,0.0007482977234758437
-0.12976668063563523,0.9969642162322998,0.0007551212911494076
-0.12970887055385916,1.0127387046813965,0.0007602087571285665
-0.1296889966633193,1.0066078901290894,0.0007706799660809338
-0.12961713102737588,0.9991899132728577,0.0007692903745919466
-0.12961343406184594,1.020411729812622,0.0007947755511850119
-0.12952752496083447,1.0003477334976196,0.0007772990502417088
-0.1294090876411761,1.0006370544433594,0.0007446649251505733
-0.1293560070732297,0.9950627088546753,0.0007413685088977218
-0.12931224275271141,1.0079450607299805,0.0007485557580366731
-0.1292759470389076,0.9963651895523071,0.000754963664803654
-0.1292181439501387,1.013084888458252,0.000759924587327987
-0.12919826199762857,1.0065081119537354,0.0007707429467700422
-0.12912640327194536,0.9982691407203674,0.0007694951491430402
-0.12912269840881452,1.0189141035079956,0.0007942645461298525
-0.12903679630016757,1.0005970001220703,0.0007778143626637757
-0.12891836424579067,0.9988424181938171,0.0007444932125508785
-0.1288652747106377,0.9935111403465271,0.0007407277589663863
-0.1288215173005403,1.0059702396392822,0.000747857557144016
-0.12878521352476613,0.9965499639511108,0.0007554383482784033
-0.12872741726367115,1.013797640800476,0.000760717666707933
-0.1287075273319378,1.0079039335250854,0.0007712687947787344
-0.12863567543408916,0.9992595911026001,0.0007692048675380647
-0.1286319628378873,1.020873785018921,0.0007950368453748524
-0.12854606755739634,1.0012133121490479,0.0007781876483932137
-0.12842764076797963,0.9987938404083252,0.0007440285990014672
-0.12837454243071234,0.9934857487678528,0.0007412220584228635
-0.12833079184852986,1.0053822994232178,0.000747687416151166
-0.12829447992852044,0.9958564639091492,0.0007540769875049591
-0.12823669065979,1.0140635967254639,0.0007602693513035774
-0.12821679266576502,1.0058214664459229,0.0007705714670009911
-0.12814494767865858,0.9993855953216553,0.0007698087720200419
-0.12814122726728155,1.020761489868164,0.0007951137376949191
-0.12805533889705079,0.9983260631561279,0.0007771318196319044
-0.12793691737243362,1.000030517578125,0.0007445939700119197
-0.127883810068522,0.9931249022483826,0.0007412362610921264
-0.1278400663965194,1.0063036680221558,0.0007482579094357789
-0.12780374641437903,0.9958442449569702,0.0007541797240264714
-0.1277459639738045,1.0139660835266113,0.0007603533449582756
-0.12772605799975284,1.0070688724517822,0.0007716107065789402
-0.1276542199230674,0.9991461634635925,0.0007696582470089197
-0.12765049169667575,1.0204912424087524,0.0007945583201944828
-0.1275646101544402,1.0006729364395142,0.0007779434672556818
-0.12744619389446188,0.9995639324188232,0.00074441620381549
-0.12739307770576935,0.9930362701416016,0.0007407201337628067
-0.12734934094426792,1.0058537721633911,0.0007484201341867447
-0.1273130128181333,0.9965932369232178,0.0007544342079199851
-0.12725523728765836,1.0134741067886353,0.0007605524733662605
-0.12723532333414245,1.0055466890335083,0.0007704113377258182
-0.1271634921671549,0.9990607500076294,0.00076944479951635
-0.1271597560433229,1.0204253196716309,0.0007947064586915076
-0.127073881493934,1.0004420280456543,0.0007778317085467279
-0.12695547049891587,1.0003021955490112,0.0007445229566656053
-0.12690234542544226,0.9937083721160889,0.0007409668178297579
-0.1268586154095908,1.0060253143310547,0.0007487009279429913
-0.12682227930415257,0.9946835041046143,0.0007543004467152059
-0.1267645106839379,1.013254165649414,0.0007599639939144254
-0.1267445886682107,1.0058358907699585,0.0007704431191086769
-0.12667276441172437,0.9995286464691162,0.000769761623814702
-0.12666902047231549,1.02001953125,0.0007954890606924891
-0.12658315275100207,1.0008058547973633,0.0007780683808960021
-0.12646474702126548,1.0001235008239746,0.000744437042158097
-0.1264116130631716,0.9932801723480225,0.0007404498755931854
-0.126367889957259,1.0054649114608765,0.0007479027844965458
-0.1263315457896898,0.9970262050628662,0.0007544002146460116
-0.12627378399795242,1.0147194862365723,0.0007607682491652668
-0.12625385400251993,1.0051320791244507,0.0007707240874879062
-0.12618203657402882,0.9994068145751953,0.0007693590596318245
-0.12617828490179,1.0215824842453003,0.0007959506474435329
-0.12609242409049587,1.0014762878417969,0.0007778957951813936
-0.12597402362588012,1.0012089014053345,0.0007451149867847562
-0.1259208807007402,0.9939496517181396,0.0007411844562739134
-0.12587716450524866,1.0052887201309204,0.0007486384129151702
-0.12584081219320314,0.9942947030067444,0.0007538905483670533
-0.1257830573937499,1.0135836601257324,0.000760331517085433
-0.1257631193368292,1.0068376064300537,0.0007707949844188988
-0.12569130881827695,0.9998959898948669,0.0007698961417190731
-0.12568754933118426,1.0199525356292725,0.0007948942948132753
-0.125601695347564,1.0005189180374146,0.0007781003951095045
-0.12548330023001275,0.999859094619751,0.0007447449606843293
-0.12543014842073452,0.9946660399436951,0.0007410267135128379
-0.1253864390530775,1.0067466497421265,0.0007479536579921842
-0.12535007867930276,0.9968991279602051,0.0007542253588326275
-0.12529233070752344,1.0145865678787231,0.0007605919381603599
-0.12527238467065632,1.0054763555526733,0.000771075370721519
-0.1252005810629268,0.9996489882469177,0.0007696580141782761
-0.12519681376025704,1.0198355913162231,0.000795042491517961
-0.12511096668729876,1.0016778707504272,0.0007778662256896496
-0.12499257675212133,1.000281572341919,0.0007446561357937753
-0.12493941605846387,0.9932683706283569,0.0007408020901493728
-0.12489571360106705,1.0060701370239258,0.0007481605862267315
-0.12485934516500063,0.9958374500274658,0.0007543034735135734
-0.1248016041038833,1.0129767656326294,0.0007608282612636685
-0.1247816500048049,1.0058125257492065,0.0007710574427619576
-0.12470985330725526,0.9983425736427307,0.0007693102234043181
-0.12470607810738626,1.019138216972351,0.0007945255492813885
-0.12462023794476851,1.0015627145767212,0.0007782403263263404
-0.1245018533568163,0.9991340637207031,0.0007444590446539223
-0.12444868369571122,0.994662344455719,0.0007413984276354313
-0.12440498814873524,1.0054224729537964,0.0007477505714632571
-0.12436861156875495,0.9965158700942993,0.0007543385727331042
-0.1243108774175764,1.014025330543518,0.0007600605604238808
-0.12429091533911418,1.004929542541504,0.0007702012662775815
-0.12421912555134268,1.0002803802490234,0.0007707116310484707
-0.12421534253661981,1.0211212635040283,0.0007952951709739864
-0.1241295092841016,1.0008153915405273,0.0007781333406455815
-0.12401112996110958,0.9993870258331299,0.0007443541544489563
-0.12395795141554483,0.9952138066291809,0.0007420591427944601
-0.12391426269632311,1.0053402185440063,0.000747881131246686
-0.12387787805477418,0.996842622756958,0.000754302425775677
-0.12382015081385594,1.0139821767807007,0.000760287803132087
-0.12380018067318244,1.0067750215530396,0.000771054532378912
-0.12372839771364719,1.0001317262649536,0.0007699108682572842
-0.123724606965532,1.0198098421096802,0.0007947548292577267
-0.12363878054133037,1.0009336471557617,0.0007778668659739196
-0.12352040656572422,0.9984768629074097,0.0007443219656124711
-0.12346721905327412,0.9951876401901245,0.0007415579166263342
-0.12342353724439303,1.0052950382232666,0.0007480016793124378
-0.12338714445804644,0.9968051910400391,0.0007543966639786959
-0.12332942412770981,1.0132405757904053,0.0007602836121805012
-0.12330944600757199,1.0072845220565796,0.0007718671695329249
-0.12323766995821667,0.9996293783187866,0.0007702236762270331
-0.1232338713949262,1.0192469358444214,0.0007945757824927568
-0.12314805188066352,1.0009218454360962,0.0007779186125844717
-0.12302968308807383,0.9988387823104858,0.000744288437999785
-0.12297648677294709,0.9937853813171387,0.0007413695566356182
-0.12293281179238258,1.0041154623031616,0.0007474224548786879
-0.12289641094390508,0.9940251708030701,0.0007532524177804589
-0.12283869752350729,1.0134577751159668,0.0007600295357406139
-0.12281871134188121,1.0053095817565918,0.0007705405005253851
-0.1227469422026255,0.9994495511054993,0.0007701801951043308
-0.12274313582432039,1.0207542181015015,0.0007947853300720453
-0.12265732322015732,1.0007063150405884,0.0007781680324114859
-0.12253895969220646,1.0001870393753052,0.0007447129464708269
-0.12248575441067638,0.9945168495178223,0.0007408545352518559
-0.12244208634005083,1.0057563781738281,0.0007481975480914116
-0.12240567742992436,0.9948480725288391,0.0007543012034147978
-0.12234797083752186,1.0142816305160522,0.0007600762182846665
-0.12232797667570844,1.005332350730896,0.0007707729237154126
-0.12225621444695395,0.9990713000297546,0.0007696953252889216
-0.12225240017128897,1.0220139026641846,0.0007961264927871525
-0.12216659447754674,1.0015873908996582,0.000778813089709729
-0.1220482362966604,0.9993093013763428,0.0007443051435984671
-0.12199502213075109,0.9956594705581665,0.0007415624568238854
-0.12195136088804037,1.007456660270691,0.0007485653623007238
-0.12191494383351792,0.9948655962944031,0.0007541196537204087
-0.12185724423380134,1.0135966539382935,0.0007601911784149706
-0.12183724200969631,1.004404067993164,0.0007706571486778557
-0.1217654866912824,1.0009486675262451,0.0007702984730713069
-0.1217616646006831,1.022168517112732,0.0007953231106512249
-0.12167586581720119,1.0005499124526978,0.0007782898028381169
-0.12155751290127503,0.9977340698242188,0.0007440968765877187
-0.12150428976807875,0.9954967498779297,0.0007413342245854437
-0.12146063543586927,1.0042822360992432,0.0007475118618458509
-0.1214242103195372,0.9941118359565735,0.00075399229535833
-0.1213665175476552,1.0134937763214111,0.0007609060266986489
-0.12134650734400554,1.0037622451782227,0.0007701021386310458
-0.12127475893569123,0.999825119972229,0.0007694688392803073
-0.121270929029756,1.020851492881775,0.000794910010881722
-0.1211851370741086,1.0003936290740967,0.0007786921923980117
-0.12106678950572902,0.9977946877479553,0.0007437175372615457
-0.12101355740548675,0.9945142865180969,0.0007410765392705798
-0.12096990998337681,1.0053054094314575,0.0007478583138436079
-0.1209334768055565,0.9952874779701233,0.0007542428793385625
-0.12087579094393469,1.0135639905929565,0.0007602155674248934
-0.12085577276041909,1.0060062408447266,0.0007717624539509416
-0.12078403118026065,0.9998716115951538,0.0007700274582020938
-0.12078019345866814,1.0194398164749146,0.0007946598925627768
-0.1206944084136024,1.000266671180725,0.0007784697227180004
-0.12057606611034366,1.0000261068344116,0.0007446552044712007
-0.12052282512548101,0.9949997067451477,0.0007411985425278544
-0.12047918453136636,1.0059213638305664,0.0007479464402422309
-0.12044274329109372,0.9954133033752441,0.0007539027719758451
-0.12038506425762785,1.0134196281433105,0.0007599410018883646
-0.12036503809472837,1.0064280033111572,0.0007708710618317127
-0.12029330342483019,1.001861810684204,0.0007705954485572875
-0.12028945788814271,1.0193543434143066,0.0007942558731883764
-0.12020367967099183,1.0015760660171509,0.0007783637847751379
-0.1200853427149583,0.9987885355949402,0.000744272896554321
-0.12003209276304966,0.9954729676246643,0.0007421441841870546
-0.1199884590793559,1.0064111948013306,0.0007479984778910875
-0.11995200969436604,0.9952143430709839,0.0007538747158832848
-0.11989433765342539,1.0139394998550415,0.0007600074750371277
-0.11987430342887695,1.0040563344955444,0.0007702761213295162
-0.11980257558681329,1.001713752746582,0.000770211627241224
-0.11979872231761723,1.0206916332244873,0.0007948091370053589
-0.11971295101032492,1.0009297132492065,0.0007790236850269139
-0.11959461931909088,0.9990869760513306,0.0007441138150170445
-0.11954136048272263,0.9948630928993225,0.0007408887031488121
-0.1194977336271848,1.0047873258590698,0.0007481504580937326
-0.11946127618038527,0.9960505962371826,0.0007536825141869485
-0.1194036109674399,1.0134037733078003,0.0007604534039273858
-0.11938356876270412,1.0049442052841187,0.0007706402102485299
-0.11931184783090076,0.999904990196228,0.0007706639589741826
-0.1193079866644251,1.0201095342636108,0.0007943566888570786
-0.11922222234981866,1.0021697282791138,0.0007786375936120749
-0.11910389592346454,0.9992066025733948,0.0007443911745212972
-0.11905062812029127,0.9952139854431152,0.0007411162951029837
-0.1190070081751744,1.0049816370010376,0.0007482480723410845
-0.11897054266640461,0.995905876159668,0.0007542792591266334
-0.11891288436379971,1.0137056112289429,0.0007606209837831557
-0.1188928340970134,1.004621148109436,0.000770642189309001
-0.11882112007530954,1.000753402709961,0.0007705676835030317
-0.11881725109365865,1.0192532539367676,0.0007946059922687709
-0.11873149360720814,1.0011565685272217,0.0007785882917232811
-0.11861317261042448,0.9970893263816833,0.0007437026361003518
-0.11855989584004456,0.9963554739952087,0.0007421605987474322
-0.11851628272284259,1.0051194429397583,0.0007475125603377819
-0.11847980906999811,0.9963750839233398,0.0007546031847596169
-0.11842215767757325,1.0151547193527222,0.000760547467507422
-0.11840209943132263,1.00518000125885,0.0007707721088081598
-0.11833039231987902,0.9994138479232788,0.0007697722758166492
-0.11832651552273149,1.0190918445587158,0.0007946125115267932
-0.11824076494670194,1.0009846687316895,0.0007783660548739135
-0.11812244921471776,0.9979875087738037,0.000744090648368001
-0.11806916347753288,0.9946156740188599,0.0007410280522890389
-0.11802555727035008,1.0048232078552246,0.0007477084291167557
-0.1179890755556961,0.995566725730896,0.0007538921199738979
-0.11793143107385279,1.0134665966033936,0.0007603588164784014
-0.11791136476539082,1.0044996738433838,0.0007702191942371428
-0.11783966456428785,0.9989151954650879,0.0007698422414250672
-0.11783577995196509,1.0199464559555054,0.0007946460973471403
-0.1177500362036093,1.000732660293579,0.0007785869529470801
-0.1176317258191717,0.9995514154434204,0.0007440611952915788
-0.1175784311975272,0.996782660484314,0.0007419838802888989
-0.11753483181842,1.004624366760254,0.0007475122110918164
-0.11749834204155468,0.9950813055038452,0.000753819418605417
-0.11744070446997162,1.01408052444458,0.0007603047415614128
-0.11742063009978043,1.0055571794509888,0.0007710157078690827
-0.11734893680885733,1.0003682374954224,0.000770654936786741
-0.11734504438135923,1.0198283195495605,0.000794403487816453
-0.11725930754326375,1.0003753900527954,0.00077857356518507
-0.11714100242378639,0.9985794425010681,0.0007441712659783661
-0.11708769883525655,0.9946396946907043,0.0007417075103148818
-0.11704410636648993,1.0060747861862183,0.0007477502804249525
-0.11700760852725262,0.993852972984314,0.000753454805817455
-0.11694997778350413,1.0160434246063232,0.0007605149294249713
-0.11692989543376825,1.0053483247756958,0.0007705432362854481
-0.11685820905342675,1.0014238357543945,0.0007703856681473553
-0.11685430881075343,1.0198403596878052,0.0007946150144562125
-0.1167685788829182,1.0018733739852905,0.0007784594199620187
-0.11665027911034465,0.9987439513206482,0.0007440873305313289
-0.11659696655509016,0.996618390083313,0.0007414620486088097
-0.11655338091415812,1.0055584907531738,0.0007490143761970103
-0.11651687493108726,0.996235728263855,0.0007538689533248544
-0.11645925117978367,1.0156749486923218,0.00076118647120893
-0.11643916076759553,1.0046390295028687,0.0007702184375375509
-0.11636748129751423,1.0012071132659912,0.0007705820025876164
-0.116363573157722,1.0211906433105469,0.0007942972588352859
-0.11627785013998632,1.001199722290039,0.0007784355548210442
-0.11615955571447723,0.9968912601470947,0.0007434303988702595
-0.11610623419249816,0.99586021900177,0.0007412420818582177
-0.11606265546214767,1.0050259828567505,0.0007473605219274759
-0.11602614141718687,0.9960227608680725,0.0007536605116911232
-0.11596852449379819,1.0144779682159424,0.0007610096945427358
-0.11594842618400908,1.0051347017288208,0.0007705260068178177
-0.11587675354184274,1.0005369186401367,0.000770022626966238
-0.11587283758663414,1.0204224586486816,0.0007954332395456731
-0.11578712147972109,0.9999410510063171,0.0007794431876391172
-0.11566883231917224,0.9968807697296143,0.0007434829603880644
-0.11561550191233178,0.9956689476966858,0.000741180032491684
-0.11557193000997656,1.0049360990524292,0.0007480038329958916
-0.1155354079028848,0.9955651760101318,0.0007537080091424286
-0.11547779788983664,1.0138137340545654,0.0007605598657391965
-0.11545769151831836,1.0047870874404907,0.0007702347938902676
-0.1153860257864926,0.9997037053108215,0.000770172628108412
-0.11538210201570703,1.018591046333313,0.0007947962731122971
-0.11529639273686954,1.0006191730499268,0.0007784769404679537
-0.11517810900613218,0.9981657266616821,0.000744434364605695
-0.11512476954990047,0.996985137462616,0.0007416613516397774
-0.1150812045574841,1.0048484802246094,0.0007472893921658397
-0.11504467438874338,0.99521803855896,0.0007533998577855527
-0.11498707128619651,1.01462984085083,0.0007610148168168962
-0.11496695685262759,1.0054020881652832,0.0007707844488322735
-0.11489529803074072,1.0012258291244507,0.0007706054020673037
-0.11489136644510123,1.0201166868209839,0.0007949245045892894
-0.11480566407604192,1.0008400678634644,0.0007788609946146607
-0.11468738561042546,0.9992706775665283,0.0007443344802595675
-0.11463403726989474,0.9953030943870544,0.0007416992448270321
-0.11459047910547365,1.0055956840515137,0.0007476629689335823
-0.11455394079217635,0.9951989650726318,0.0007537133642472327
-0.11449634459988967,1.0135366916656494,0.0007603506674058735
-0.11447622218669579,1.0044454336166382,0.0007703466108068824
-0.11440457027531015,1.0010532140731812,0.000770461920183152
-0.11440063087433477,1.020295262336731,0.0007950763683766127
-0.11431493541569637,1.0021792650222778,0.0007790128001943231
-0.11419666229714442,0.9967116713523865,0.0007431906997226179
-0.11414330498988906,0.9964720606803894,0.0007413112325593829
-0.11409975365346325,1.0049550533294678,0.0007474197773262858
-0.11406320727803493,0.9936479330062866,0.0007530267466790974
-0.1140056179956872,1.0141690969467163,0.0007606601575389504
-0.11398548752076404,1.0044794082641602,0.0007712363731116056
-0.11391384251987963,1.0004390478134155,0.0007702280418016016
-0.11390989530372897,1.019417643547058,0.0007949970313347876
-0.11382420667308585,1.001929759979248,0.000779252324718982
-0.11370593890143771,0.9972522258758545,0.0007437225431203842
-0.11365257262729705,0.9951668381690979,0.0007413351559080184
-0.1136090282012921,1.0045653581619263,0.0007470241980627179
-0.11357247376405422,0.994265615940094,0.0007532000308856368
-0.11351489130954107,1.0149158239364624,0.000760785595048219
-0.11349475285491262,1.0049690008163452,0.0007706376491114497
-0.11342311476396705,1.000847578048706,0.0007711581420153379
-0.11341915973312316,1.0204275846481323,0.0007953628664836287
-0.11333347801257965,1.0013148784637451,0.0007788847433403134
-0.11321521558815667,0.9961332082748413,0.000743107171729207
-0.11316184034713067,0.9965869188308716,0.0007418711320497096
-0.11311830274896029,1.0051605701446533,0.000748234917409718
-0.11308174025007345,0.9962981343269348,0.0007540135993622243
-0.11302416470582055,1.0154465436935425,0.0007609011954627931
-0.11300401818890049,1.0047190189361572,0.000770246610045433
-0.11293238700837593,1.0016354322433472,0.0007709009805694222
-0.1129284241620353,1.0191967487335205,0.0007946540135890245
-0.1128427493522341,1.0011318922042847,0.0007786243222653866
-0.11272449227503628,0.99750816822052,0.0007433457649312913
-0.11267110798461899,0.9959960579872131,0.0007411397527903318
-0.11262757729678924,1.0057542324066162,0.0007476156461052597
-0.11259100673593209,0.9947165846824646,0.0007546444539912045
-0.11253343810210009,1.0153313875198364,0.0007610428729094565
-0.11251328360547469,1.0052069425582886,0.0007706389878876507
-0.11244165925294541,1.0017246007919312,0.0007710373029112816
-0.1124376885912689,1.0185439586639404,0.0007943365490064025
-0.11235202060946287,1.0016822814941406,0.0007790604722686112
-0.11223376887965097,0.9960289001464844,0.0007436347659677267
-0.11218037570437234,0.9968016743659973,0.0007420901674777269
-0.11213685184445743,1.0036280155181885,0.000747297948691994
-0.11210027313936499,0.9957324266433716,0.0007533630705438554
-0.11204271141563255,1.015379548072815,0.0007606762810610235
-0.11202254893978397,1.0042394399642944,0.000770175305660814
-0.11195093149735419,1.0014227628707886,0.0007703654118813574
-0.11194695293839813,1.018513798713684,0.0007951341103762388
-0.11186129194863526,1.002655029296875,0.0007794543053023517
-0.11174304556636994,0.9963987469673157,0.0007437451859004796
-0.11168964334210163,0.9945592880249023,0.0007411955157294869
-0.1116461264745513,1.0039119720458984,0.0007473789737559855
-0.11160953962522363,0.9952198266983032,0.0007530633010901511
-0.11155198481175144,1.015297770500183,0.0007609966560266912
-0.11153181427393255,1.0055851936340332,0.0007708026096224785
-0.11146020374192367,1.0000293254852295,0.0007707790355198085
-0.11145621736747097,1.0195204019546509,0.000794999476056546
-0.1113705632882897,1.0021121501922607,0.0007793630938977003
-0.11125232225292819,0.9970670342445374,0.0007437303429469466
-0.11119891106209595,0.9971779584884644,0.0007417527376674116
-0.11115540102254085,1.0036344528198242,0.0007473551668226719
-0.11111880611092151,0.9949473738670349,0.0007532374584116042
-0.11106125820803092,1.0156499147415161,0.000761167611926794
-0.11104107960808113,1.006163477897644,0.0007708147168159485
-0.1109694759861718,1.0005065202713013,0.0007700777496211231
-0.11096548179694554,1.0201399326324463,0.0007945425459183753
-0.11087983454567912,1.0029783248901367,0.0007800745661370456
-0.11076159893964715,0.9962421655654907,0.0007434719591401517
-0.11070817878160827,0.9957101345062256,0.0007413869607262313
-0.11066467557053045,1.0044310092926025,0.0007471536519005895
-0.1106280725969408,0.9949204921722412,0.0007542400853708386
-0.11057053152172408,1.014905571937561,0.000760790309868753
-0.110550344942069,1.0041735172271729,0.0007704487070441246
-0.11047874823025922,1.0019110441207886,0.0007710859645158052
-0.11047474622642006,1.01960289478302,0.0007943863747641444
-0.11038910588501227,1.0029079914093018,0.0007803753833286464
-0.11027087554394044,0.9970428943634033,0.0007437580497935414
-0.11021744641917691,0.9956537485122681,0.0007416615844704211
-0.11017395011803799,1.0032389163970947,0.000747058482374996
-0.11013733908304041,0.9936465620994568,0.0007529504364356399
-0.11007980491800362,1.0155184268951416,0.0007607924635522068
-0.11005961035848255,1.0051558017730713,0.0007706338074058294
-0.10998802047482875,1.0009721517562866,0.0007706116884946823
-0.10998401065533225,1.0191494226455688,0.0007946112309582531
-0.10989837722450607,1.0027270317077637,0.0007791105308569968
-0.10978015223090043,0.9954573512077332,0.0007438669563271105
-0.10972671413917123,0.9966756701469421,0.0007413978455588222
-0.10968322466586689,1.004115104675293,0.0007476955070160329
-0.10964660556865802,0.9943253397941589,0.0007532015442848206
-0.10958907831436349,1.0149953365325928,0.0007611291366629303
-0.10956887569279178,1.0041884183883667,0.0007705950411036611
-0.1094972927194785,1.0000883340835571,0.0007711433572694659
-0.10949327508440504,1.0194263458251953,0.0007945199613459408
-0.10940764848165446,1.0021870136260986,0.0007792727556079626
-0.10928942891786037,0.9954078793525696,0.000743531621992588
-0.10923598185892458,0.9955909252166748,0.0007412651320919394
-0.10919249921385638,1.004160761833191,0.0007474223966710269
-0.10915587197209098,0.9942540526390076,0.0007533780299127102
-0.10909835162797632,1.0153987407684326,0.0007607007282786071
-0.109078141027101,1.0047904253005981,0.0007707117474637926
-0.10900656496380706,1.0019135475158691,0.0007711835205554962
-0.10900253951379929,1.0209906101226807,0.0007945581455715001
-0.10891691982106794,1.0018141269683838,0.0007793845143169165
-0.10879870560441868,0.9960047602653503,0.0007437271415255964
-0.1087452494967342,0.996218204498291,0.0007414267747662961
-0.10870177376152457,1.0041176080703735,0.0007466970710083842
-0.10866513845811027,0.9945935010910034,0.0007536156917922199
-0.10860762502393445,1.0149178504943848,0.0007605820428580046
-0.10858740636092823,1.003903865814209,0.000770657614339143
-0.10851583720837649,1.001128077507019,0.0007707930635660887
-0.10851180394303284,1.0186539888381958,0.000794317398685962
-0.10842619116072238,1.0040168762207031,0.0007799167069606483
-0.10830798229113764,0.9956866502761841,0.0007437969325110316
-0.10825451721672857,0.9965766072273254,0.0007421915652230382
-0.10821104839185952,1.0038385391235352,0.000746707315556705
-0.1081744049439688,0.9944409728050232,0.0007536314078606665
-0.10811689842021399,1.0149072408676147,0.0007615421782247722
-0.10809667177726145,1.0036567449569702,0.0007706369506195188
-0.10802510945278532,1.0004606246948242,0.0007702679722569883
-0.10802106837242703,1.0194028615951538,0.0007944388198666275
-0.1079354624181118,1.002119541168213,0.0007794876000843942
-0.1078172589776959,0.9963504672050476,0.000743631215300411
-0.10776378493624078,0.9970619678497314,0.0007416033186018467
-0.10772032293992945,1.003994107246399,0.0007473019068129361
-0.10768367142998814,0.9947412014007568,0.000753478379920125
-0.10762617173406785,1.0145117044448853,0.0007615647627972066
-0.10760593711165106,1.0053961277008057,0.000771287246607244
-0.10753438169687274,1.0012248754501343,0.0007710667559877038
-0.10753033280166058,1.0183262825012207,0.000794091378338635
-0.1074447337576056,1.004043698310852,0.000779863097704947
-0.10732653566441491,0.9947359561920166,0.0007431040285155177
-0.10727305257364877,0.9967835545539856,0.0007415906875394285
-0.10722959748743693,1.004698395729065,0.0007473905570805073
-0.10719293791600737,0.993878185749054,0.0007529848371632397
-0.10713544513034734,1.0150734186172485,0.0007606008439324796
-0.10711520244563894,1.003861665725708,0.000770502956584096
-0.10704365394144222,1.0007473230361938,0.0007705384632572532
-0.10703959723057277,1.0180633068084717,0.000794141145888716
-0.10695400509693864,1.001745343208313,0.0007796782301738858
-0.10683581235129452,0.996961236000061,0.0007441736524924636
-0.10678232029364315,0.9970011711120605,0.0007425255025736988
-0.10673887203510518,1.0043140649795532,0.0007476244354620576
-0.10670220440154465,0.9933196306228638,0.0007534096366725862
-0.10664471852662688,1.0160313844680786,0.0007613435736857355
-0.10662446777994816,1.0035762786865234,0.0007705771131440997
-0.10655292618601175,1.0023876428604126,0.0007711315411143005
-0.10654886165996696,1.020487904548645,0.0007950535509735346
-0.10646327635416747,1.002915859222412,0.0007795150158926845
-0.10634508903817413,0.9953975677490234,0.000743383658118546
-0.10629158801347677,0.998525083065033,0.0007431273115798831
-0.10624814658309473,1.0038572549819946,0.0007470269920304418
-0.10621147088740329,0.9945261478424072,0.0007530998555012047
-0.10615399192242436,1.0150030851364136,0.0007612715708091855
-0.10613373319652242,1.0038161277770996,0.0007704472518526018
-0.10606219843042053,1.0005398988723755,0.0007711193175055087
-0.10605812608936116,1.0177925825119019,0.0007940123323351145
-0.10597254769366121,1.0060884952545166,0.0007802964537404478
-0.10585436580715812,0.9957936406135559,0.0007432565907947719
-0.10580085565120606,0.9977816343307495,0.0007420469773933291
-0.1057574212131886,1.0044796466827393,0.0007468821131624281
-0.10572073737342252,0.9939826130867004,0.0007533071329817176
-0.10566326523627823,1.0157886743545532,0.0007617107476107776
-0.10564299853034964,1.0040538311004639,0.0007708429475314915
-0.10557147067498995,1.0016248226165771,0.0007710778154432774
-0.105567390518434,1.0169343948364258,0.000793985091149807
-0.10548181903331566,1.00188148021698,0.000779918278567493
-0.10531012337120044,0.9974699020385742,0.0007420913898386061
-0.1052666957611782,1.003085732460022,0.0007468517287634313
-0.10523000385912046,0.9946276545524597,0.0007528422283940017
-0.10517253863255777,1.0153785943984985,0.000761572562623769
-0.10515226386449822,1.0042665004730225,0.0007708490593358874
-0.10508074291923808,1.0008164644241333,0.0007708572084084153
-0.10507665494766755,1.0197124481201172,0.0007944830576889217
-0.10499109037297011,1.0032646656036377,0.0007796146674081683
-0.1048193910907127,0.9982506632804871,0.0007423543138429523
-0.10477597030916774,1.0042917728424072,0.0007471940480172634
-0.10473927026287477,0.995764434337616,0.0007531055598519742
-0.1046818120285159,1.0145996809005737,0.0007608390296809375
-0.10466152919880745,1.0032683610916138,0.0007709141355007887
-0.10459001516332556,1.0010464191436768,0.0007711629732511938
-0.10458591937682071,1.0178519487380981,0.0007940402720123529
-0.10450036163003817,1.0036730766296387,0.000780039350502193
-0.10432865872828134,0.9974884986877441,0.0007423306233249605
-0.10428524485667529,1.0045037269592285,0.000747719663195312
-0.10424853674889406,0.9952825307846069,0.0007531483424827456
-0.10419108542479544,1.0150701999664307,0.0007607343140989542
-0.10417079461522094,1.001962423324585,0.0007704853778705001
-0.10409928740789509,1.0021793842315674,0.0007712047663517296
-0.10409518372370896,1.0179516077041626,0.0007944524404592812
-0.10400963296953197,1.0033669471740723,0.0007795278215780854
-0.10383792644827566,0.99815434217453,0.0007419751491397619
-0.10379451940450418,1.0042240619659424,0.0007474464946426451
-0.10375780323451161,0.9948237538337708,0.0007529965369030833
-0.10370035873880995,1.0163490772247314,0.0007611981709487736
-0.10368005994953022,1.0036675930023193,0.000770850689150393
-0.1036085596525449,1.0013868808746338,0.0007707430049777031
-0.10360444815294251,1.0176165103912354,0.0007946472615003586
-0.10351890430894545,1.003347396850586,0.000779833470005542
-0.10334719416802901,0.9974849820137024,0.000742234755307436
-0.10330379403475876,1.0038940906524658,0.0007469718111678958
-0.10326706972028987,0.9957936406135559,0.0007532103336416185
-0.10320963213468776,1.0161679983139038,0.0007616844377480447
-0.10318932528383945,1.0039631128311157,0.0007707703043706715
-0.10311783189687335,1.0011845827102661,0.0007708411430940032
-0.1031137125823367,1.019815444946289,0.0007945238030515611
-0.1030281755660939,1.0041064023971558,0.0007808904047124088
-0.1028564618881036,0.9970771670341492,0.000741721538361162
-0.10281306858242695,1.0043781995773315,0.000746938691008836
-0.10277633620630916,0.9938704967498779,0.0007529669674113393
-0.10271890553072627,1.0151262283325195,0.0007614086498506367
-0.1026985906999317,1.0037850141525269,0.0007708579651080072
-0.10262710422370785,1.0020569562911987,0.0007708334014751017
-0.10262297701173084,1.0178736448287964,0.0007937290356494486
-0.10253744690574834,1.0031551122665405,0.0007797331199981272
-0.10236572952583295,0.9970675706863403,0.000742121075745672
-0.10232234313049682,1.005659580230713,0.0007479056948795915
-0.10228560269216774,0.9962930083274841,0.0007531556766480207
-0.10222817892700581,1.0162107944488525,0.0007610038737766445
-0.10220785603375887,1.0032438039779663,0.0007716519758105278
-0.10213637646811663,1.0011894702911377,0.0007707654149271548
-0.10213224144080374,1.0171762704849243,0.0007941219955682755
-0.10204671824540279,1.002869963645935,0.0007799920276738703
-0.10192857954738344,0.9945946931838989,0.0007433025748468935
-0.10187499724534521,0.9971373677253723,0.000741690571885556
-0.10183161767824539,1.0032825469970703,0.0007469366537407041
-0.10179486917786568,0.9939960241317749,0.000752622087020427
-0.1017374523231247,1.016979694366455,0.0007614729693159461
-0.10171712136806815,1.004225492477417,0.0007710366626270115
-0.1016456487122041,1.0013364553451538,0.0007713736267760396
-0.10164150587003729,1.0175304412841797,0.0007941448129713535
-0.10155598958457518,1.0037791728973389,0.0007800030871294439
-0.1014378562342631,0.9952685236930847,0.0007432494894601405
-0.10138426496501818,0.9990300536155701,0.0007420473266392946
-0.1013408923080179,1.0031685829162598,0.0007470634300261736
-0.10130413566388496,0.993249237537384,0.0007526006083935499
-0.10124672563713921,1.016764760017395,0.0007614745409227908
-0.10122638670237738,1.0047330856323242,0.0007713821833021939
-0.10115492095677359,1.001585602760315,0.0007714203093200922
-0.10115077029927078,1.019595980644226,0.000794297840911895
-0.10106526084180395,1.0024737119674683,0.0007794841076247394
-0.10094713300308644,0.9958059191703796,0.0007436084561049938
-0.10089353268501255,0.9973801374435425,0.0007418140303343534
-0.1008501668560075,1.002693772315979,0.0007463313522748649
-0.1008134021497436,0.9936398267745972,0.0007527099223807454
-0.10075599903309734,1.0153247117996216,0.0007613833295181394
-0.10073565211879093,1.0052721500396729,0.0007709136698395014
-0.10066419320134307,1.0005707740783691,0.0007707849727012217
-0.10066003472834367,1.017773151397705,0.0007943233358673751
-0.1005745321814584,1.0028929710388184,0.0007797146681696177
-0.10045640969004632,0.9953657984733582,0.0007429596153087914
-0.1004028003225812,0.9975109100341797,0.0007419243920594454
-0.100359441403997,1.00308096408844,0.000746617210097611
-0.10032266863528083,0.9938560128211975,0.0007525536348111928
-0.10026527242889488,1.0148061513900757,0.0007610304746776819
-0.10024491745310016,1.0044887065887451,0.0007708337507210672
-0.10017346544567152,1.0015814304351807,0.0007712894584983587
-0.10016929915773792,1.0174728631973267,0.0007939490606077015
-0.10008380352087187,1.0043781995773315,0.0007801972678862512
-0.09996568645894999,0.9947380423545837,0.0007432455895468593
-0.09991206804257552,0.9977219700813293,0.0007421690388582647
-0.09986871603409092,1.0034105777740479,0.0007465124363079667
-0.09983193512130012,0.9938927888870239,0.000752731051761657
-0.09977454582525475,1.0146358013153076,0.000761314295232296
-0.09975418278708803,1.0031051635742188,0.0007709912024438381
-0.09968273769000002,1.0012354850769043,0.000771424500271678
-0.09967856358713212,1.0163332223892212,0.0007939133793115616
-0.09959307486060665,1.003788948059082,0.0007797062280587852
-0.09947496322761262,0.9948639869689941,0.0007434908766299486
-0.09942133576240919,0.9978905320167542,0.000741973053663969
-0.09937799058208052,1.0048519372940063,0.0007475950405932963
-0.09934120160731941,0.9935283064842224,0.0007528770947828889
-0.09928381922161461,1.015305757522583,0.0007612056215293705
-0.09926344820318028,1.0040630102157593,0.0007711479556746781
-0.09919201001667383,1.0007693767547607,0.0007707506883889437
-0.09918782801636561,1.0192291736602783,0.0007940888754092157
-0.09910234611799607,1.0049940347671509,0.0007807544316165149
-0.09898423991449223,0.9944324493408203,0.0007430273690260947
-0.09893060348192145,0.9978947043418884,0.0007424429641105235
-0.09888726512990936,1.0027046203613281,0.0007467719842679799
-0.09885046809317799,0.9935774803161621,0.0007529020076617599
-0.09879309253530771,1.0156584978103638,0.0007613908383063972
-0.09877271353756983,1.0030250549316406,0.0007707687909714878
-0.09870128226092195,1.0013833045959473,0.0007709043566137552
-0.09869709244551883,1.0181119441986084,0.0007941666408441961
-0.09861161745716851,1.003532886505127,0.0007799871964380145
-0.09849351668363687,0.9943888783454895,0.0007436090963892639
-0.09843987120159442,0.9988122582435608,0.0007420977926813066
-0.0983965396774169,1.002671480178833,0.0007464219233952463
-0.09835973457887592,0.9952867031097412,0.0007528986898250878
-0.09830236593158725,1.0157052278518677,0.0007612963672727346
-0.09828197895422441,1.0046190023422241,0.0007717118132859468
-0.09821055450533073,1.001166582107544,0.0007706716423854232
-0.098206356874672,1.0173883438110352,0.0007941257790662348
-0.0981208887965016,1.0036641359329224,0.0007802218315191567
-0.0980027934526208,0.9933557510375977,0.0007428212556988001
-0.09794913883932377,0.9971174597740173,0.0007420106558129191
-0.09790581430767148,1.0041471719741821,0.0007468670373782516
-0.0978690010647345,0.9940942525863647,0.0007527009001933038
-0.09781163932770609,1.0160129070281982,0.0007618868257850409
-0.09779124428821234,1.0038985013961792,0.0007710824720561504
-0.09771982674990021,1.0021746158599854,0.0007709698984399438
-0.09771562130390554,1.016271710395813,0.0007938636117614806
-0.09763016013615605,1.0049893856048584,0.00078066490823403
-0.0975120702217655,0.9952333569526672,0.0007431503618136048
-0.09745840655931809,0.9978431463241577,0.0007422229973599315
-0.09741508885566103,1.0034459829330444,0.0007466739043593407
-0.09737826755051282,0.9944084286689758,0.0007535425829701126
-0.09732091272350357,1.0153366327285767,0.0007613096386194229
-0.09730050962236092,1.0030783414840698,0.0007716917316429317
-0.09722909899446969,1.0024157762527466,0.0007712871883995831
-0.09722488581556477,1.0171009302139282,0.0007940521463751793
-0.09713943139338482,1.0049891471862793,0.000780450296588242
-0.09702134699066911,0.994000256061554,0.0007427016389556229
-0.0969676742791517,0.998788058757782,0.0007421788759529591
-0.09692436340332927,1.0046770572662354,0.000746835779864341
-0.09688753403661243,0.9943886995315552,0.0007526951376348734
-0.09683018611978311,1.0168391466140747,0.0007614621426910162
-0.09680977503861377,1.0026696920394897,0.0007707711774855852
-0.09673837123855716,1.0014537572860718,0.0007708810153417289
-0.09673415024495896,1.0160534381866455,0.0007944889948703349
-0.09664870273287857,1.0055553913116455,0.0007806963985785842
-0.09653062375941207,0.9944491386413574,0.0007429068209603429
-0.09647694199898538,0.9986787438392639,0.0007423259085044265
-0.0964336380334232,1.0026439428329468,0.0007467952673323452
-0.09639680052263172,0.9938846826553345,0.0007527643465436995
-0.0963394595160626,1.0173946619033813,0.0007623140700161457
-0.09631904037276234,1.0031685829162598,0.0007716697873547673
-0.09624764356523097,1.0020018815994263,0.0007710790960118175
-0.0962434146738711,1.0167587995529175,0.0007940853829495609
-0.09615797407253301,1.004016637802124,0.000780662870965898
-0.09603990052855671,0.993294894695282,0.0007430823752656579
-0.09598620971865834,0.9995040893554688,0.0007421172922477126
-0.09594291258117171,1.0025579929351807,0.0007468466064892709
-0.0959060670083296,0.9943175315856934,0.000752313993871212
-0.09584873291218149,1.0166926383972168,0.00076166947837919
-0.09582830570707157,1.0017280578613281,0.0007704545860178769
-0.0957569158098005,1.0014398097991943,0.0007712888764217496
-0.095752679102944,1.017598271369934,0.000793907733168453
-0.09566724541186616,1.0047215223312378,0.0007804915076121688
-0.09554917729770135,0.9943003058433533,0.0007431154372170568
-0.09549547743849196,1.000427484512329,0.0007425426738336682
-0.09545218712892023,1.0029587745666504,0.0007463347283191979
-0.09541533349418824,0.9943353533744812,0.0007527670240961015
-0.09535800630846103,1.0167572498321533,0.0007614922942593694
-0.09533757112364588,1.0040017366409302,0.0007711905636824667
-0.09526618805404863,1.002423644065857,0.0007716608815826476
-0.09526194353241851,1.0184850692749023,0.0007940534851513803
-0.09517651675103855,1.0053373575210571,0.0007812973344698548
-0.09505845406652463,0.9939873814582825,0.000743029871955514
-0.09500474507622131,0.9988293647766113,0.0007422237540595233
-0.0949614617590141,1.0032005310058594,0.0007465191883966327
-0.09492459997988617,0.9944419264793396,0.000753035128582269
-0.09486727962215419,1.0152716636657715,0.0007617122028023005
-0.0948468364577944,1.0034081935882568,0.0007711651269346476
-0.09477546029861805,1.003142237663269,0.0007719482528045774
-0.09477120796157168,1.017388939857483,0.0007943141972646117
-0.09468578800842797,1.0055736303329468,0.0007805152563378215
-0.09456773083566927,0.9949803948402405,0.0007429789984598756
-0.09451401279621563,0.9994951486587524,0.000742706994060427
-0.0944707363070037,1.0031018257141113,0.0007473185542039573
-0.09443386646574475,0.9936717748641968,0.0007524812244810164
-0.09437655301795161,1.0163689851760864,0.0007616786169819534
-0.0943561018740473,1.0016803741455078,0.0007704788586124778
-0.09428473262553289,1.0035607814788818,0.0007716816035099328
-0.09428047239080528,1.015474557876587,0.0007939895731396973
-0.09419505934808242,1.0050287246704102,0.0007804854540154338
-0.0940770076046532,0.9942426681518555,0.0007431051344610751
-0.09402328051596892,0.998843789100647,0.0007423330098390579
-0.09398001093725827,1.0022121667861938,0.0007458518375642598
-0.0939431329517641,0.9930320382118225,0.0007519973441958427
-0.0938858264140705,1.0177119970321655,0.0007619804237037897
-0.09386536720819588,1.003669023513794,0.0007709138444624841
-0.09379400486970069,1.0025596618652344,0.0007714815437793732
-0.09378973682019948,1.0169508457183838,0.0007935920730233192
-0.09370433068757622,1.005608320236206,0.0007805863278917968
-0.09358628437331584,0.9930237531661987,0.000742794421967119
-0.09353254823572221,0.9999499917030334,0.0007423042552545667
-0.09348928548492647,1.003265142440796,0.0007467076065950096
-0.09345239943778327,0.9938308000564575,0.0007523495587520301
-0.09339509981035005,1.0159748792648315,0.0007614614441990852
-0.09337463262444878,1.002355694770813,0.0007710366044193506
-0.09330327711394881,1.001651644706726,0.0007716654799878597
-0.09329900124927232,1.016409993171692,0.0007938810158520937
-0.09321360202723067,1.0062057971954346,0.0007810404058545828
-0.0930955612245648,0.9949941039085388,0.0007434981525875628
-0.09304181595555594,0.9992395639419556,0.000742138538043946
-0.0929985600327553,1.0037144422531128,0.0007471293210983276
-0.09296166600590694,0.9929975867271423,0.0007524362299591303
-0.09290437320662953,1.0146714448928833,0.0007609896128997207
-0.09288389795883834,1.0028138160705566,0.0007712283404543996
-0.09281254935851829,1.0016748905181885,0.0007716064574196935
-0.09280826567818451,1.0167381763458252,0.0007936353795230389
-0.09272287336672447,1.0045603513717651,0.0007802331238053739
-0.09260483799370944,0.9937818646430969,0.0007432643324136734
-0.0925510836752289,0.9997433423995972,0.0007428054232150316
-0.09250783466276896,1.0022451877593994,0.000746067613363266
-0.09247093249160482,0.9929977059364319,0.0007524592219851911
-0.09241364660242701,1.0155479907989502,0.0007629969040863216
-0.09232182160292707,1.002484679222107,0.0007719060522504151
-0.09231753010765908,1.015794277191162,0.0007930618012323976
-0.09223214462363188,1.0056779384613037,0.0007805826608091593
-0.09211411476285414,0.9944016933441162,0.0007434583967551589
-0.09206035139522317,0.9996185898780823,0.0007430229452438653
-0.09201710921051748,1.0010236501693726,0.0007459374610334635
-0.09198019897746346,0.9933388233184814,0.0007525552064180374
-0.0919229199985459,1.015668272972107,0.0007615094655193388
-0.09190242870948079,1.0027618408203125,0.0007714047678746283
-0.09183109392976158,1.001044511795044,0.0007711151265539229
-0.0918267945371336,1.0150847434997559,0.0007934985915198922
-0.09174141596328633,1.004559874534607,0.0007805060013197362
-0.09162339161378169,0.9928564429283142,0.0007425108924508095
-0.0915696191152175,0.9985019564628601,0.0007420423207804561
-0.091526383840772,1.0028916597366333,0.0007461037021130323
-0.09148946546316133,0.9942250847816467,0.0007526009576395154
-0.09143219339482539,1.0167531967163086,0.0007619839743711054
-0.09141169404362937,1.0031880140304565,0.0007709778728894889
-0.09134036617400976,1.0028495788574219,0.0007715250831097364
-0.09133605896620645,1.0151270627975464,0.000793124723713845
-0.09125068730294078,1.0053385496139526,0.0007806848152540624
-0.09113266838260498,0.9930602312088013,0.0007428761455230415
-0.09107888683505116,0.9982365369796753,0.0007418793975375593
-0.0910356583887616,1.00198495388031,0.0007464890950359404
-0.09099873194926095,0.9935699105262756,0.0007525782566517591
-0.09094146679078358,1.0166503190994263,0.0007618211675435305
-0.09092095945988221,1.0029540061950684,0.0007709197234362364
-0.0908496384181775,1.00322687625885,0.0007714505773037672
-0.09084532339560064,1.015729308128357,0.0007936361944302917
-0.0907599586423542,1.005829930305481,0.0007803872576914728
-0.09064194523409497,0.9917442202568054,0.0007426735246554017
-0.09058815447253948,0.9995656609535217,0.0007423548377119005
-0.09054493293626908,1.0019584894180298,0.0007463204674422741
-0.09050799843536061,0.9933963418006897,0.0007520672515965998
-0.09045074018714344,1.0151721239089966,0.0007617926457896829
-0.09043022479403084,1.0027828216552734,0.0007711842772550881
-0.09035891074509234,1.0032410621643066,0.000771604070905596
-0.09035458782483419,1.0150812864303589,0.0007935616886243224
-0.09026922998176767,1.0049179792404175,0.0007805111818015575
-0.09015122200299858,0.9926683306694031,0.0007427118252962828
-0.09009742219229278,1.0010157823562622,0.0007430306286551058
-0.09005420756636301,1.0030109882354736,0.0007470423588529229
-0.09001726492105855,0.9938280582427979,0.0007519311038777232
-0.0899600135835033,1.016056776046753,0.0007618374656885862
-0.08993949021060504,1.0036848783493042,0.0007712540100328624
-0.08986818298966182,1.0032492876052856,0.0007715405081398785
-0.08986385225374638,1.0172302722930908,0.0007936643087305129
-0.08977850132126142,1.005579948425293,0.0007806570501998067
-0.08966049885440824,0.9940611124038696,0.000743126671295613
-0.08960668991212645,0.9996058940887451,0.0007422639755532146
-0.08956348211435256,1.003555178642273,0.0007472558063454926
-0.08952653140691713,0.9936413764953613,0.0007519139326177537
-0.08946928697930079,1.015989065170288,0.0007617428200319409
-0.08944875554491427,1.0015368461608887,0.0007707132608629763
-0.08937745523390994,1.002555251121521,0.0007715012761764228
-0.0893731167654056,1.0167227983474731,0.0007937740301713347
-0.08928777257832948,1.0040408372879028,0.0007803167100064456
-0.08916977562355288,0.9932354092597961,0.0007428457029163837
-0.08911595763212077,0.9995269775390625,0.0007431559497490525
-0.08907275674444648,1.0022878646850586,0.0007464267546311021
-0.08903579789261507,0.9945833683013916,0.0007521971128880978
-0.08897856037525897,1.0163289308547974,0.0007623702404089272
-0.08895802096132782,1.0036039352416992,0.000771134567912668
-0.08888672747847942,1.0016930103302002,0.0007712914375588298
-0.0888823811947998,1.0159657001495361,0.0007932270527817309
-0.08879704391798393,1.0063278675079346,0.0007807167712599039
-0.08867905247448049,0.9937572479248047,0.0007428344688378274
-0.08862522535211509,1.000235676765442,0.0007425887160934508
-0.08858203129243603,1.0021196603775024,0.000745923665817827
-0.08854506446073868,0.9935010075569153,0.0007522223750129342
-0.08848783377153852,1.0160988569259644,0.0007619751850143075
-0.0884672862951551,1.0021872520446777,0.0007711636717431247
-0.08839599980515322,1.0045281648635864,0.000772084400523454
-0.08839164562403334,1.014706015586853,0.0007930852007120848
-0.08830631525763838,1.0054333209991455,0.0007810217211954296
-0.08818832932572945,0.9937597513198853,0.0007432237034663558
-0.08813449307162735,1.001242995262146,0.0007427295786328614
-0.0880913059226906,1.0023139715194702,0.0007460672641173005
-0.08805433094675796,0.9931614995002747,0.0007522422238253057
-0.08799710716765735,1.0161024332046509,0.0007617839728482068
-0.08797655171140795,1.003393530845642,0.0007713213562965393
-0.08790527204924065,1.0033855438232422,0.000771420425735414
-0.08790091005342754,1.0154949426651,0.0007930785650387406
-0.08781558659713218,1.0053476095199585,0.0007803711923770607
-0.08769760609487409,0.991730809211731,0.0007422945345751941
-0.08764376079138064,1.0001535415649414,0.0007429447141475976
-0.08760058047019809,1.0019243955612183,0.0007459092885255814
-0.08756359743277725,0.9934778809547424,0.0007522883825004101
-0.08750638056393684,1.015689492225647,0.0007617122028023005
-0.08748581704571717,1.0026257038116455,0.0007706020842306316
-0.08741454429381018,1.0051095485687256,0.0007718557608313859
-0.08741017448250038,1.0151513814926147,0.0007937871851027012
-0.08732485793662598,1.0059090852737427,0.0007805170025676489
-0.08720688294612305,0.992397129535675,0.0007425828371196985
-0.08715302851145534,0.9996613264083862,0.000742271717172116
-0.0871098551001313,1.0010464191436768,0.0007463256479240954
-0.08707286391831448,0.9921259880065918,0.000752303923945874
-0.08701565396021638,1.0158156156539917,0.0007617615628987551
-0.08699508246213078,1.0015482902526855,0.0007709144265390933
-0.08692381662064463,1.0025023221969604,0.0007713115192018449
-0.08691943891141257,1.0150433778762817,0.0007934477762319148
-0.08683412927595907,1.0042606592178345,0.0007800452294759452
-0.08671615979753272,0.9923900961875916,0.0007426607771776617
-0.08666229623112831,0.9999642372131348,0.0007428990793414414
-0.08661912964820123,1.001132607460022,0.0007463734946213663
-0.08658213040417312,0.9939042329788208,0.0007521224324591458
-0.08652492735601386,1.0154714584350586,0.0007615350768901408
-0.08650434779644,1.002324104309082,0.0007711114012636244
-0.08643308886505346,1.0031700134277344,0.0007714442908763885
-0.08642870334080677,1.0149818658828735,0.0007934171007946134
-0.08634340061545281,1.0064985752105713,0.0007807100773788989
-0.08622543664894233,0.9917498230934143,0.000743140815757215
-0.08617156395112263,1.001112699508667,0.0007431584526784718
-0.08612840427821478,1.0017975568771362,0.0007468254189006984
-0.0860913968901924,0.9944283962249756,0.0007524650427512825
-0.0860342007521327,1.0149544477462769,0.000762143696192652
-0.08601361321285356,1.0021001100540161,0.0007704989402554929
-0.08594236110962294,1.0030354261398315,0.00077146413968876
-0.08593796777028129,1.0147638320922852,0.000793555227573961
-0.08585267187284229,1.0060114860534668,0.0007803619373589754
-0.08573471349987,0.9928171634674072,0.0007431193953379989
-0.08568083167111701,1.0006558895111084,0.0007423622300848365
-0.08563767882620438,1.0014526844024658,0.0007462375215254724
-0.08560066345815531,0.9928543567657471,0.0007522528758272529
-0.08554347414841224,1.0154006481170654,0.0007614981150254607
-0.08552287854668084,1.001637578010559,0.0007714182138442993
-0.0854516334361361,1.0028088092803955,0.0007717681000940502
-0.08544723228169954,1.0155328512191772,0.000793487997725606
-0.08536194321249674,1.0065337419509888,0.0007802851614542305
-0.08524399035095825,0.9918192028999329,0.0007427766104228795
-0.08519009939062921,1.0023964643478394,0.0007429984398186207
-0.0851469534564589,1.0010625123977661,0.000745946541428566
-0.08510992994401395,0.9942362308502197,0.00075191241921857
-0.08505274754437042,1.0158988237380981,0.0007617885712534189
-0.08503214396325504,1.0011707544326782,0.0007706067990511656
-0.08496090568022352,1.0029034614562988,0.0007712173974141479
-0.08495649671093308,1.0146257877349854,0.0007929056882858276
-0.08487121455182983,1.006516933441162,0.0007812624680809677
-0.08475326720236792,0.9932181239128113,0.000743081618566066
-0.08469936711046294,1.0012508630752563,0.000742480275221169
-0.08465622800396644,1.0022358894348145,0.0007464808877557516
-0.08461919643003324,0.9930349588394165,0.0007520076469518244
-0.08456202094073029,1.0144617557525635,0.0007614650530740619
-0.08454140929756426,1.0021750926971436,0.0007710795616731048
-0.08447017792487332,1.0029529333114624,0.0007713441736996174
-0.08446576114000592,1.0126303434371948,0.0007930751307867467
-0.08439130665133482,0.9954332709312439,0.000751655432395637
-0.08438048589132363,1.0061665773391724,0.0007805189816281199
-0.08426254405361688,0.9900440573692322,0.0007420110050588846
-0.08420863483045721,1.001680850982666,0.0007428194512613118
-0.08416550263406031,1.001715064048767,0.0007465168600901961
-0.08412846291589182,0.9928321838378906,0.0007522774976678193
-0.08407129433709015,1.0152236223220825,0.0007620861288160086
-0.08405067471381716,1.0014253854751587,0.0007712541264481843
-0.08397945025178816,1.0035585165023804,0.0007720496505498886
-0.08397502556923947,1.0146185159683228,0.0007934138993732631
-0.08390057099830328,0.9950189590454102,0.0007515048491768539
-0.08388975723081737,1.0072550773620605,0.0007813554839231074
-0.0837718209050265,0.991894006729126,0.0007423734641633928
-0.08371790255029088,1.00177001953125,0.0007430539117194712
-0.08367477718204991,1.002281665802002,0.0007460550987161696
-0.08363772940142905,0.9932690262794495,0.0007519096252508461
-0.08358056773288763,1.014426350593567,0.0007615737849846482
-0.08355994004820677,1.0009169578552246,0.0007711780490353703
-0.08348872249603628,1.004391074180603,0.0007722130976617336
-0.08348428999831231,1.0148006677627563,0.0007931214640848339
-0.08340983526268553,0.9945960640907288,0.0007516171899624169
-0.08339902857015047,1.0078073740005493,0.0007808818481862545
-0.08328109775627551,0.9924291372299194,0.0007427909295074642
-0.08322717027028514,1.0017311573028564,0.0007431283011101186
-0.08318405181206345,1.0024311542510986,0.0007463545771315694
-0.08314699596971331,0.9921156167984009,0.0007517582853324711
-0.08308984112884582,1.0151461362838745,0.0007614842033945024
-0.08306920546454,1.0017880201339722,0.0007710653590038419
-0.08299799474060576,1.0047945976257324,0.0007719422574155033
-0.08299355442778683,1.0141695737838745,0.0007940243231132627
-0.08291909952754967,0.9958499073982239,0.0007519210339523852
-0.08290829990980492,1.0066221952438354,0.0007805069908499718
-0.08279037460720312,0.9918195605278015,0.0007422790513373911
-0.08273643799027952,1.0022140741348267,0.0007432918064296246
-0.08269332636013332,1.001905083656311,0.0007463454967364669
-0.0826562624557326,0.9933626651763916,0.0007520536310039461
-0.08259911452512536,1.0161957740783691,0.0007622275152243674
-0.08257847079836717,1.0015592575073242,0.0007709367200732231
-0.08250726706727957,1.0035066604614258,0.0007715905667282641
-0.08250281885726135,1.0141342878341675,0.0007931190775707364
-0.08242836387467889,0.9941654205322266,0.0007513390155509114
-0.08241757124945936,1.0068763494491577,0.0007808337104506791
-0.08229965145829138,0.9926970601081848,0.0007433737046085298
-0.08224570570979184,1.0017948150634766,0.0007428735261783004
-0.0822026009900666,1.0015373229980469,0.000746416044421494
-0.08216552894143059,0.9937027096748352,0.0007519109058193862
-0.08210838792124414,1.017146110534668,0.0007623486453667283
-0.08208773621494148,1.0015658140182495,0.0007710763020440936
-0.08201653931136704,1.0028239488601685,0.0007714960374869406
-0.08201208336843857,1.0138355493545532,0.0007929060375317931
-0.08193762813938243,0.996059775352478,0.0007522520609200001
-0.08192684258895316,1.0066715478897095,0.0007805353961884975
-0.08180892830970105,0.9916360974311829,0.0007425895892083645
-0.08175497351172983,1.0023443698883057,0.0007432851707562804
-0.08171187553757409,1.0029183626174927,0.0007463301299139857
-0.0816747954275302,0.9930517673492432,0.0007524560787715018
-0.08161766131752368,1.016884684562683,0.0007623715791851282
-0.08159700163151568,1.0020111799240112,0.0007716097170487046
-0.08152581163820155,1.0027865171432495,0.0007714916719123721
-0.08152134779751147,1.0155776739120483,0.0007934492314234376
-0.08144689248651166,0.9935921430587769,0.0007514276658184826
-0.08143611392836658,1.0055960416793823,0.0007807630463503301
-0.08131820524345601,0.9924110174179077,0.000743091746699065
-0.08126424123180442,1.0003231763839722,0.00074233696796
-0.08122115016766801,1.0017586946487427,0.0007459970656782389
-0.08118406199557343,0.9928568601608276,0.0007518367492593825
-0.08112693471364252,1.0156621932983398,0.0007622651755809784
-0.0811062669656642,1.002556324005127,0.000770950922742486
-0.08103508388277103,1.0031565427780151,0.0007715208921581507
-0.08103061222690566,1.0125523805618286,0.0007927569677121937
-0.0809561567510545,0.9951972365379333,0.0007516808691434562
-0.08094538518551503,1.0077259540557861,0.0007810163078829646
-0.08082748209462465,0.991692066192627,0.0007426442462019622
-0.08077350895155772,1.0027552843093872,0.0007436746964231133
-0.08073042479792253,1.0028220415115356,0.0007464300724677742
-0.08069332848111066,0.9934415817260742,0.0007518068887293339
-0.08063620810944,1.0161432027816772,0.000762001785915345
-0.08061553238223845,1.0017248392105103,0.0007713977829553187
-0.0805443561271798,1.0022985935211182,0.0007712458027526736
-0.08053987665613921,1.0132958889007568,0.0007928372942842543
-0.08046542109778204,0.9936503171920776,0.0007511540898121893
-0.08045465652500877,1.0070350170135498,0.0007810061797499657
-0.08033675894587361,0.9925404191017151,0.0007427061209455132
-0.08028277667155209,1.0022298097610474,0.0007434015278704464
-0.08023969934591213,1.0010268688201904,0.0007457446190528572
-0.08020259496712995,0.9934173822402954,0.0007517295889556408
-0.08014548150571954,1.014904260635376,0.0007618391537107527
-0.08012479771630665,1.001707911491394,0.0007711369544267654
-0.08005362845369296,1.0038158893585205,0.0007719305576756597
-0.0800491410855334,1.0139983892440796,0.0007930404390208423
-0.0799746853624052,0.993977427482605,0.0007515446632169187
-0.07996392786466322,1.0069671869277954,0.0007801857427693903
-0.0798460358792269,0.9923226833343506,0.0007425129879266024
-0.07979204439154641,1.0034629106521606,0.0007434755680151284
-0.079748973976006,1.0007007122039795,0.0007453513680957258
-0.07971186145314924,0.9930971264839172,0.0007516768528148532
-0.07965475490199903,1.0169119834899902,0.0007622612756676972
-0.07963406313247923,1.0023019313812256,0.0007717582629993558
-0.07956290069810174,1.0036708116531372,0.000772387080360204
-0.07955840551492754,1.0130177736282349,0.0007926324033178389
-0.07948394970953443,0.9941575527191162,0.0007516451296396554
-0.07947319920431767,1.0070449113845825,0.000780658214353025
-0.07935531273047586,0.9901232123374939,0.0007420738693326712
-0.07930131211105873,1.0019900798797607,0.000743114622309804
-0.07925824852367419,1.000691294670105,0.0007455872837454081
-0.0792211280212729,0.9922465682029724,0.0007513539167121053
-0.07916402838022224,1.0157140493392944,0.0007620658725500107
-0.07914332854905354,1.001514196395874,0.0007709134952165186
-0.07907217302461483,1.003059983253479,0.0007711767102591693
-0.07906767002610476,1.0147693157196045,0.0007931325235404074
-0.07899321397439862,0.9951467514038086,0.0007518973434343934
-0.07898247054349006,1.0061781406402588,0.0007804300985299051
-0.0788645896641505,0.9906030297279358,0.0007422944763675332
-0.07881057983089235,1.0046676397323608,0.0007436071173287928
-0.07876752315376806,1.0014441013336182,0.0007461230270564556
-0.07873039450729208,0.9910696744918823,0.0007510748691856861
-0.07867330177650178,1.0141149759292603,0.0007616083603352308
-0.07865259388336276,1.0017434358596802,0.0007715328247286379
-0.0785814452692647,1.0047101974487305,0.0007721573347225785
-0.07857693445533831,1.0142244100570679,0.0007924573146738112
-0.07850247832136709,0.9951027631759644,0.0007517530466429889
-0.07849174188290353,1.0079727172851562,0.0007807448855601251
-0.07837386651556016,0.993300199508667,0.000742961885407567
-0.07831984755088667,1.0034273862838745,0.0007433492573909461
-0.07827679778370128,1.001821517944336,0.0007461480563506484
-0.07823966099315072,0.9918242692947388,0.0007509241113439202
-0.07818257517262056,1.0159778594970703,0.0007624729187227786
-0.07816185929961561,1.0000114440917969,0.0007707851473242044
-0.07809071751391455,1.0043303966522217,0.0007718880660831928
-0.0780861988847325,1.0145165920257568,0.0007933534798212349
-0.07801174258590998,0.9940006136894226,0.0007515398901887238
-0.0780010132226383,1.0079734325408936,0.0007805883069522679
-0.0778831434490741,0.992409348487854,0.000743169104680419
-0.07782911527072028,1.0037362575531006,0.0007434193976223469
-0.07778607233169088,1.0012046098709106,0.0007460832712240517
-0.07774892756095297,0.9917932152748108,0.0007517244084738195
-0.0776918485684181,1.0150246620178223,0.0007617248338647187
-0.07767112463392484,1.0001634359359741,0.0007710149511694908
-0.07759998984042765,1.0041334629058838,0.0007718453998677433
-0.0775954633138054,1.0121800899505615,0.0007932320586405694
-0.0775210069328785,0.9948691129684448,0.0007514492608606815
-0.07751028456197145,1.005828619003296,0.000780068919993937
-0.07739242038242738,0.9916440844535828,0.0007427278906106949
-0.07733838307265828,1.003488540649414,0.0007440984481945634
-0.07729534696202578,1.0012844800949097,0.0007458738400600851
-0.07725819404697226,0.9928427934646606,0.0007518796483054757
-0.07720112196469764,1.0157111883163452,0.0007626369479112327
-0.07718039005033844,1.002521276473999,0.0007711289217695594
-0.07710926208483648,1.003033995628357,0.0007719341665506363
-0.0771047277431996,1.0149266719818115,0.0007933222805149853
-0.07703027119758205,0.9940552711486816,0.0007514762692153454
-0.0770195559016259,1.011204481124878,0.0007814954151399434
-0.07690169723367635,0.9916369318962097,0.0007423415663652122
-0.07684765079249195,1.0045380592346191,0.0007439253968186677
-0.07680462150977435,0.9991417527198792,0.000745126570109278
-0.07676746053299155,0.9927037954330444,0.0007515850011259317
-0.07671039536097718,1.0162336826324463,0.0007625651778653264
-0.07668965546643064,1.001080870628357,0.0007711605285294354
-0.07661853441134958,1.0022693872451782,0.0007712265942245722
-0.07661399225469812,1.012641429901123,0.000793313083704561
-0.07653953554471127,0.9931512475013733,0.0007519539212808013
-0.07652882724128035,1.0060936212539673,0.0007798887090757489
-0.07641097416702969,0.9911828637123108,0.0007423261413350701
-0.07635691851216492,1.003394365310669,0.0007434260915033519
-0.07631389613986822,1.0005766153335571,0.0007456637686118484
-0.07627672710095446,0.9926486015319824,0.0007519349455833435
-0.07621966875709596,1.0162370204925537,0.0007622463745065033
-0.07619892080073987,1.0013984441757202,0.0007711531361564994
-0.07612780665575836,1.0034550428390503,0.0007717484259046614
-0.07612325668361031,1.0128185749053955,0.0007927299593575299
-0.07604879989184049,0.9933680891990662,0.0007517418125644326
-0.07603809858045274,1.0098735094070435,0.0007816195138730109
-0.07592025110070433,0.9922551512718201,0.0007427186355926096
-0.07586618623199859,1.0045520067214966,0.0007442511850968003
-0.07582317076980144,0.9994528889656067,0.0007455843151547015
-0.0757859935868131,0.9922500848770142,0.0007512450683861971
-0.07572894223531917,1.015748381614685,0.0007622382254339755
-0.07570818621731412,1.0006945133209229,0.0007707912591286004
-0.07563707898227151,1.0041420459747314,0.0007724417955614626
-0.07563252111300456,1.0126649141311646,0.0007926792022772133
-0.07555806415622263,0.9931154251098633,0.0007512412848882377
-0.07554736991994654,1.0067541599273682,0.0007809780072420835
-0.07542952803437897,0.9909772276878357,0.0007429663091897964
-0.07537545395199285,1.0044581890106201,0.0007441373891197145
-0.07533244531763028,0.9992893934249878,0.0007451553246937692
-0.07529526007267173,0.9937459230422974,0.000751423358451575
-0.07523821563143801,1.0163955688476562,0.0007629165193066001
-0.07521745163372767,0.9996400475502014,0.0007704856689088047
-0.07514635122692137,1.0050458908081055,0.0007723326561972499
-0.07514178554239875,1.0127123594284058,0.000793219543993473
-0.07506732850303044,0.9937581419944763,0.0007512325537391007
-0.07505664125960099,1.008967399597168,0.0007804782362654805
-0.07493880488562793,0.991101086139679,0.0007425028015859425
-0.07488472167198723,1.0033737421035767,0.0007442670175805688
-0.07484171994788491,1.0001919269561768,0.0007460715714842081
-0.07480452664063464,0.9936061501502991,0.0007516086916439235
-0.07474748902747647,1.0149115324020386,0.0007620095275342464
-0.0747267169677156,1.0001964569091797,0.0007710729842074215
-0.07465562355383615,1.0031341314315796,0.0007714630919508636
-0.07465105005389722,1.0122512578964233,0.0007926825783215463
-0.07457659276789469,0.9938108325004578,0.0007517532212659717
-0.07456591259909473,1.0093777179718018,0.0007805635104887187
-0.07444808181914186,0.9906237721443176,0.0007429849938489497
-0.07439398947408588,1.0035593509674072,0.00074338773265481
-0.07435099457813943,1.000923752784729,0.0007461231434717774
-0.07431379312665393,0.9927955269813538,0.0007520468207076192
-0.07425676242351503,1.0164070129394531,0.0007625257130712271
-0.07423598238412915,1.0011121034622192,0.0007712391088716686
-0.07416489579792362,1.0040295124053955,0.0007720353896729648
-0.07416031448329141,1.0113383531570435,0.0007922579534351826
-0.07408585711486321,0.9947066903114319,0.0007517648627981544
-0.07407518393874918,1.0083796977996826,0.0007805398781783879
-0.0739573587524952,0.9914711117744446,0.0007424405193887651
-0.07390325719375884,1.0041075944900513,0.0007435232400894165
-0.07386026912588795,1.000824213027954,0.0007453215075656772
-0.07382305961267321,0.9921224117279053,0.0007515237666666508
-0.07376603581979452,1.0157051086425781,0.0007626371225342155
-0.07374524780046238,1.0011308193206787,0.000771225371863693
-0.07367416812443672,1.0034825801849365,0.0007718638516962528
-0.07366957891236431,1.0132368803024292,0.0007927234983071685
-0.07359512146199243,0.992574155330658,0.0007512353477068245
-0.07358445527840363,1.0088534355163574,0.000780648086220026
-0.0734666356860092,0.9897168874740601,0.0007419289322569966
-0.07341252491359246,1.0037096738815308,0.0007437540334649384
-0.07336954375590155,0.9993520975112915,0.0007449624827131629
-0.07333232618079677,0.9925793409347534,0.0007517410558648407
-0.07327530921607406,1.0157201290130615,0.0007625413127243519
-0.07325451313453063,0.9994868636131287,0.000770687242038548
-0.0731834403690062,1.0035165548324585,0.0007719552959315479
-0.07317884334135683,1.0114339590072632,0.0007928282720968127
-0.07310438572685662,0.9934625625610352,0.0007513433811254799
-0.07309372661757607,1.0078586339950562,0.0007800894090905786
-0.07297591261968378,0.9907110929489136,0.0007422664784826338
-0.07292179263326548,1.00436532497406,0.0007435851148329675
-0.07287881838599541,1.0012609958648682,0.0007456778548657894
-0.07284159266649476,0.9910148978233337,0.0007507108966819942
-0.07278458269445792,1.0166963338851929,0.0007626793812960386
-0.07276377855110483,1.0007829666137695,0.0007707762997597456
-0.07269271269568006,1.0037676095962524,0.0007721157162450254
-0.0726881077708314,1.0122088193893433,0.000792637758422643
-0.07261365007350384,0.9946333765983582,0.000751782557927072
-0.07260299795674852,1.0088688135147095,0.0007804515189491212
-0.07248518955335848,0.9903998970985413,0.0007427394157275558
-0.07243106035325975,1.0035464763641357,0.0007442226633429527
-0.07238809301592863,1.0001933574676514,0.0007454938604496419
-0.07235085915235329,0.9922032952308655,0.0007514266762882471
-0.07229385609041605,1.0153764486312866,0.0007628540624864399
-0.07227304396767908,1.0010768175125122,0.0007709626224823296
-0.07220198494024954,1.0039753913879395,0.0007717887638136744
-0.07219737228249057,1.0126491785049438,0.0007933918386697769
-0.07212291442047236,0.9929727911949158,0.000752008578274399
-0.07211226929640296,1.0072407722473145,0.0007802488980814815
-0.07199446656881608,0.9916556477546692,0.0007424713694490492
-0.07194032815559942,1.0050896406173706,0.0007442787173204124
-0.07189736756391818,1.0012530088424683,0.0007456137682311237
-0.0718601257204769,0.9933707118034363,0.0007515469333156943
-0.07180312948653494,1.0150275230407715,0.0007623234414495528
-0.07178230930150631,1.0017588138580322,0.0007713436498306692
-0.07171125726708405,1.004340410232544,0.000772713334299624
-0.07170663671156347,1.011211633682251,0.0007926499820314348
-0.07163217876760153,0.9943250417709351,0.0007517486810684204
-0.07162154063605741,1.0081690549850464,0.0007803358603268862
-0.0715037435022497,0.9886378645896912,0.0007418942986987531
-0.07144959587535277,1.0040353536605835,0.0007435386651195586
-0.07140664219417275,0.9988635182380676,0.000745220691896975
-0.07136939220649624,0.9930346012115479,0.0007517093908973038
-0.07131240288265378,1.0153577327728271,0.0007624704157933593
-0.07129157471791986,1.0000847578048706,0.0007706577889621258
-0.07122052951117147,1.0057530403137207,0.0007724217139184475
-0.07121590114079696,1.0101869106292725,0.0007923480006866157
-0.07114144303222475,0.9934362769126892,0.0007515711477026343
-0.07113081197555121,1.0098562240600586,0.0007804041379131377
-0.07101302043600471,0.9906755685806274,0.0007428053067997098
-0.07095886359518638,1.0047938823699951,0.000744160613976419
-0.07091591682394532,1.0002033710479736,0.000745489145629108
-0.0708786587747805,0.9932696223258972,0.0007516940240748227
-0.0708216763611983,1.0169757604599,0.0007630509790033102
-0.07080084013449411,0.999752938747406,0.0007704892777837813
-0.07072980183784527,1.0047122240066528,0.000772412633523345
-0.07072516565213482,1.0110111236572266,0.0007925392710603774
-0.07065070737911289,0.9925618767738342,0.0007510387804359198
-0.07064008331520566,1.0084511041641235,0.0007807797519490123
-0.070522297369358,0.9906023144721985,0.0007421386544592679
-0.07046813131485935,1.0050069093704224,0.0007445979281328619
-0.07042519137177422,0.9995115995407104,0.0007460849010385573
-0.07038792526047838,0.9931223392486572,0.0007513737073168159
-0.07033094975747783,1.0165355205535889,0.0007628198363818228
-0.07031010555090766,0.9994015693664551,0.0007704794406890869
-0.07023907408241475,1.0050281286239624,0.0007721568690612912
-0.07023443008136837,1.010732889175415,0.0007921403157524765
-0.07015997172624211,0.9934651255607605,0.000751482613850385
-0.0701493546545387,1.0079289674758911,0.0007800909224897623
-0.07003157438513696,0.992516279220581,0.0007428106619045138
-0.069977399116958,1.0050666332244873,0.0007440519984811544
-0.0699344660020288,0.9983110427856445,0.0007446454837918282
-0.06989719174633702,0.9927706718444824,0.0007514093886129558
-0.06984022315327532,1.0157479047775269,0.0007625563885085285
-0.06981937088521689,0.9990594983100891,0.0007702626753598452
-0.06974834640892791,1.004218578338623,0.0007725331815890968
-0.06974369451060186,1.0101288557052612,0.0007922255899757147
-0.06966923607321068,0.9936368465423584,0.0007515536854043603
-0.0696586259937112,1.0080375671386719,0.0007800795719958842
-0.0695408513188116,0.9905282855033875,0.0007425526855513453
-0.06948666683695232,1.0046874284744263,0.0007434809813275933
-0.06944374063212266,0.9996020197868347,0.0007451270357705653
-0.06940645831438025,0.9927210807800293,0.0007510380237363279
-0.06934949654923345,1.0157661437988281,0.0007624732097610831
-0.06932863630179115,0.999674379825592,0.0007709740311838686
-0.06925761865357771,1.0047945976257324,0.0007719772402197123
-0.06925295893999611,1.012111783027649,0.0007928502163849771
-0.06917850041985779,0.9922229051589966,0.0007510553114116192
-0.06916789733344592,1.0090229511260986,0.0007798571605235338
-0.06905012825216494,0.9907821416854858,0.0007423877832479775
-0.06899593455694664,1.0056012868881226,0.0007440270273946226
-0.06895301526237718,0.9995599985122681,0.0007455298909917474
-0.06891572480015856,0.9926419258117676,0.0007514433236792684
-0.06885877002785834,1.0156267881393433,0.0007626930600963533
-0.06883790171788334,1.0005556344985962,0.0007710655336268246
-0.06876689098017119,1.0038739442825317,0.0007718024426139891
-0.06876222345165534,1.0113322734832764,0.0007925707614049315
-0.06868776468472204,0.9943984746932983,0.0007521718507632613
-0.06867716867318074,1.0082502365112305,0.0007800032617524266
-0.06855940526770288,0.9895585775375366,0.0007425323710776865
-0.06850520227678031,1.0056298971176147,0.0007439304608851671
-0.06846228981036678,1.0001174211502075,0.000745123194064945
-0.06842499136828217,0.9923867583274841,0.0007517018239013851
-0.06836804342389685,1.0151667594909668,0.0007622569683007896
-0.06834716713413624,0.9999698400497437,0.0007712711812928319
-0.06827616322425867,1.0054709911346436,0.00077214086195454
-0.06827148788072818,1.01084566116333,0.0007926262333057821
-0.06819702903185121,0.9927536249160767,0.0007513018790632486
-0.06818644001251378,1.009480595588684,0.0007806885987520218
-0.06806868220145784,0.9898493885993958,0.0007421401096507907
-0.06801447007871825,1.0052337646484375,0.0007441197521984577
-0.0679715644401393,1.0001640319824219,0.000745255034416914
-0.06793425785430146,0.9937168955802917,0.000751430809032172
-0.06787731682017639,1.0167955160140991,0.0007633608183823526
-0.06785643246852585,1.0012048482894897,0.0007710109930485487
-0.06778543555109312,1.0043959617614746,0.0007722527952864766
-0.06778075230996167,1.010664463043213,0.0007925117970444262
-0.06770629337881978,0.9930863380432129,0.0007514533353969455
-0.06769571135200758,1.0088438987731934,0.000780005706474185
-0.06757795921739751,0.989557683467865,0.0007420075125992298
-0.06752373779855192,1.0049710273742676,0.0007438778993673623
-0.0674808390701529,0.9995976090431213,0.0007452258723787963
-0.06744352442226442,0.9920457005500793,0.0007513095624744892
-0.06738659021645588,1.0151352882385254,0.0007625386933796108
-0.06736569788485908,1.0006405115127563,0.0007704850868321955
-0.06729470787792763,1.004760503768921,0.0007719966233707964
-0.06729001673911489,1.01239812374115,0.0007928041741251945
-0.06721555772594895,0.9940306544303894,0.0007514129392802715
-0.06720498269134068,1.0090693235397339,0.0007798844017088413
-0.0670872361507508,0.9901897311210632,0.000742249540053308
-0.06703300551822489,1.0059189796447754,0.0007442489732056856
-0.06699011370048774,1.0000845193862915,0.0007458376931026578
-0.06695279090780165,0.9920975565910339,0.0007512589800171554
-0.06689586369451839,1.016106367111206,0.0007624268182553351
-0.06687496330143333,0.9996967911720276,0.0007707318291068077
-0.0668039801223364,1.005202054977417,0.0007720117573626339
-0.06679928125053308,1.0115032196044922,0.0007929686107672751
-0.06672482207275682,0.9924359321594238,0.000751685060095042
-0.06671425403083447,1.0082676410675049,0.0007798789301887155
-0.06659651316669046,0.9900567531585693,0.000742068572435528
-0.06654227332048424,1.0061684846878052,0.0007438546745106578
-0.06649938833042102,0.9992193579673767,0.0007454596925526857
-0.06646205739382094,0.991996705532074,0.0007513001910410821
-0.06640513709063722,1.016304850578308,0.0007631999324075878
-0.06638422871784688,0.99956876039505,0.0007709343917667866
-0.06631325244917086,1.0052025318145752,0.0007727931370027363
-0.06630854567992728,1.0103386640548706,0.0007924523088149726
-0.06623408641940398,0.9933570623397827,0.0007513805176131427
-0.06622352537048892,1.009483814239502,0.0007799901068210602
-0.06610579018246943,0.9912317991256714,0.0007424030918627977
-0.06605154104047856,1.0063221454620361,0.0007444243528880179
-0.06600866287824986,1.0002943277359009,0.000745271157938987
-0.06597132396218552,0.9917919635772705,0.0007513343007303774
-0.06591441048691676,1.0157344341278076,0.0007624314166605473
-0.0658934940516741,0.9990485310554504,0.0007705368334427476
-0.06582252469357963,1.0057392120361328,0.0007722658920101821
-0.06581781010932147,1.0106240510940552,0.0007923755329102278
-0.0657433507665332,0.9932130575180054,0.0007513290038332343
-0.06573279671014337,1.0090930461883545,0.0007797920261509717
-0.065615067115662,0.9897043108940125,0.0007418644963763654
-0.0655608087600712,1.004563570022583,0.0007436256855726242
-0.06551793750850443,0.9994258880615234,0.0007448565447703004
-0.06548059044796378,0.9923468828201294,0.0007513141608797014
-0.0654236839652203,1.016185998916626,0.0007626604638062418
-0.0654027594682483,1.0004829168319702,0.0007715404499322176
-0.06533179701993214,1.0052289962768555,0.0007731417426839471
-0.06532707462049869,1.010757327079773,0.0007924661040306091
-0.0652526150313974,0.9924103021621704,0.0007515018223784864
-0.06524206804963711,1.009645938873291,0.0007801141473464668
-0.06512434413160167,0.9897149801254272,0.0007417350425384939
-0.06502721213843765,1.0001497268676758,0.0007453131256625056
-0.06498985701624804,0.9925137162208557,0.0007510156719945371
-0.06493295736158017,1.0147954225540161,0.0007623216952197254
-0.06491202488482262,1.0008985996246338,0.0007712427177466452
-0.06484106934676664,1.0055333375930786,0.000772735511418432
-0.06483633904973224,1.010920524597168,0.0007927793194539845
-0.06476187937836597,0.9920905232429504,0.0007512823794968426
-0.06475133938897021,1.0096861124038696,0.0007802676409482956
-0.06463362114754129,0.9903375506401062,0.0007422580965794623
-0.06453648676829049,0.998988926410675,0.0007458789041265845
-0.06449912350210668,0.9932695627212524,0.000751238374505192
-0.06444223075785965,1.0147281885147095,0.0007626911974512041
-0.06442129030115584,0.9987121820449829,0.0007707506301812828
-0.06435034159133607,1.004850149154663,0.0007722699665464461
-0.06434560347912643,1.0100135803222656,0.0007925343234091997
-0.06427114372533449,0.9938480257987976,0.0007522722007706761
-0.06426061072846401,1.0080022811889648,0.0007793977274559438
-0.06414289816332025,0.9902141690254211,0.000742096162866801
-0.06404576139862544,0.9982722997665405,0.0007448565447703004
-0.06400839006990894,0.9915544390678406,0.0007517908816225827
-0.06395150423592216,1.0171592235565186,0.0007629485917277634
-0.06393055571781037,1.0009198188781738,0.0007708457414992154
-0.06385961391784922,1.0047430992126465,0.0007727027987129986
-0.06385486799054463,1.0095863342285156,0.0007922402583062649
-0.06378040807214236,0.9935382008552551,0.0007515878533013165
-0.06376988206779705,1.009200096130371,0.0007800794555805624
-0.06365217517925992,0.9895114302635193,0.000741757859941572
-0.06355503602887996,0.9988474249839783,0.0007452055579051375
-0.06351765655592823,0.9926899671554565,0.0007519106729887426
-0.06346077763188035,1.0172789096832275,0.0007629028405062854
-0.0634398210517983,1.0002496242523193,0.000770754530094564
-0.06336888616241876,1.0058653354644775,0.0007727176998741925
-0.0633641324200192,1.0109940767288208,0.0007926119724288583
-0.06328967241911082,0.9928234815597534,0.0007512405863963068
-0.06327915340745155,1.0097976922988892,0.0007802483742125332
-0.06316145219487823,0.9894919991493225,0.0007422030903398991
-0.06306431057654815,0.9992309212684631,0.0007457461324520409
-0.06302692312421249,0.9915705919265747,0.0007511841831728816
-0.06297005102815983,1.0156341791152954,0.000762775307521224
-0.06294908646789049,0.999355137348175,0.0007705007446929812
-0.0628781584890925,1.0063421726226807,0.0007728358614258468
-0.0628733968494134,1.0102386474609375,0.0007924620294943452
-0.06279893676624004,0.9927351474761963,0.00075109041063115
-0.06278842474718638,1.0087894201278687,0.000779494468588382
-0.06267072921033584,0.9883466958999634,0.0007417205488309264
-0.06257358520680273,0.9991180300712585,0.000745602825190872
-0.06253618961007107,0.991727352142334,0.0007511202711611986
-0.0624793245065437,1.0162532329559326,0.0007629457395523787
-0.06245835188446475,1.0002696514129639,0.000771116407122463
-0.06238743081544501,1.0063328742980957,0.0007729086210019886
-0.06238266136059056,1.0100927352905273,0.0007922931690700352
-0.062308201113369266,0.9920573830604553,0.0007517729536630213
-0.06229769616886477,1.0093011856079102,0.0007800872554071248
-0.06218000622635583,0.9886911511421204,0.0007419378380291164
-0.0620828598368966,0.9991884827613831,0.0007454224396497011
-0.062045456178355385,0.9925514459609985,0.0007515210891142488
-0.061988597902823184,1.0151475667953491,0.000762635376304388
-0.061967617301038946,0.9997114539146423,0.0007710191421210766
-0.061896703060014435,1.0056859254837036,0.0007729651406407356
-0.061891925789663405,1.0117558240890503,0.0007929193088784814
-0.06181746546025746,0.9930460453033447,0.0007520238868892193
-0.06180696750835857,1.0094600915908813,0.0007799971499480307
-0.061689283242375825,0.9893389940261841,0.0007418285822495818
-0.06159213446666917,0.9979470372200012,0.0007446434465236962
-0.06155472266405332,0.9924077391624451,0.0007514767348766327
-0.061497871299102724,1.0167733430862427,0.0007629893370904028
-0.0614768827174525,0.9987465739250183,0.0007702189031988382
-0.061405975386849,1.0067697763442993,0.0007730078068561852
-0.0614011902190576,1.0114132165908813,0.0007928096456453204
-0.06132672980698495,0.994067907333374,0.000751720741391182
-0.06131623884769166,1.0100209712982178,0.0007797716534696519
-0.06119856025799414,0.9879418611526489,0.000741826428566128
-0.06110140909692374,0.9984067678451538,0.0007445849478244781
-0.061063989231855575,0.9925386905670166,0.0007516249315813184
-0.061007144777165234,1.0154694318771362,0.0007627379382029176
-0.06098614813402681,0.9999222159385681,0.0007708095363341272
-0.06091524771352275,1.0057138204574585,0.0007727922056801617
-0.060910454730556174,1.0084657669067383,0.000792137288954109
-0.060835994153792816,0.9942780137062073,0.0007517577614635229
-0.06082551018718546,1.0101275444030762,0.0007796437130309641
-0.0607078372737731,0.9888809323310852,0.000741796160582453
-0.060610683727178316,0.9987254738807678,0.0007453319849446416
-0.06057325580013989,0.9923197031021118,0.0007510920986533165
-0.06051641817328407,1.0160294771194458,0.0007627939339727163
-0.06049541346817533,0.9998618364334106,0.0007709768833592534
-0.06042451995809223,1.0068227052688599,0.0007725621107965708
-0.06041971915978972,1.0102860927581787,0.0007924183155409992
-0.06034525850092204,0.9929671287536621,0.0007512555457651615
-0.06033478152683991,1.0092847347259521,0.0007795199053362012
-0.06021711437165639,0.9895629286766052,0.000742608739528805
-0.060119958357272185,1.001035213470459,0.0007452338468283415
-0.060082522286239504,0.9931811690330505,0.0007516351179219782
-0.06002569156956361,1.015909194946289,0.0007626631413586438
-0.06000467888426758,1.0000619888305664,0.000770638114772737
-0.05993379228460538,1.0053478479385376,0.0007728200289420784
-0.059928983589183915,1.0090305805206299,0.0007920943317003548
-0.05985452284789056,0.9922377467155457,0.0007513368618674576
-0.05984405286649436,1.0084508657455444,0.0007795909186825156
-0.05972639138743541,0.9896121025085449,0.0007419547182507813
-0.05962923290494038,0.9991190433502197,0.0007449144613929093
-0.059591788854282735,0.9923257827758789,0.0007509659044444561
-0.05953496504786715,1.0162454843521118,0.0007630822947248816
-0.05951394430052048,0.9993306994438171,0.000771096209064126
-0.059443064611038154,1.0063852071762085,0.0007725992472842336
-0.059438248100521784,1.0094727277755737,0.0007919284980744123
-0.05936378719501978,0.9918462038040161,0.0007511273724958301
-0.059353324205988045,1.0089529752731323,0.0007790355011820793
-0.05923566840337502,0.9889336824417114,0.000741853378713131
-0.0591385075350343,0.9982583522796631,0.0007448971155099571
-0.05910105534030202,0.9921743869781494,0.0007508650305680931
-0.05904423844422696,1.0149952173233032,0.0007624819991178811
-0.05902320971709468,0.9996976852416992,0.0007710671634413302
-0.058952336855688015,1.006216287612915,0.0007732888916507363
-0.05894751252943392,1.008172631263733,0.0007923158700577915
-0.058873051542149,0.9929297566413879,0.0007512231823056936
-0.058862595545321195,1.0106277465820312,0.0007797033176757395
-0.05874494550157966,0.9903835654258728,0.0007423863280564547
-0.05864778216496752,0.9987950921058655,0.000745234196074307
-0.05861032190842563,0.9929211735725403,0.0007515469333156943
-0.05855351192245012,1.0153007507324219,0.0007626510341651738
-0.05853247513366894,0.9982964992523193,0.0007706738542765379
-0.05846160918252247,1.0062980651855469,0.0007730562938377261
-0.058456777041093144,1.0094118118286133,0.0007922250661067665
-0.058382315888796166,0.9928359985351562,0.000751544430386275
-0.058371866884814994,1.0098185539245605,0.0007793603581376374
-0.05825422251735862,0.9896352887153625,0.0007428104290738702
-0.058157056795302364,0.998427152633667,0.0007447709795087576
-0.05811958839396292,0.9936856627464294,0.0007512812735512853
-0.058062785318247656,1.015805959701538,0.0007628913735970855
-0.05804174055008249,0.9987925887107849,0.000770377111621201
-0.057970881509035566,1.0059818029403687,0.0007728250348009169
-0.05796604147048734,1.0100606679916382,0.0007922687800601125
-0.05789158023576474,0.9931617975234985,0.0007514150347560644
-0.05788113822414803,1.0091383457183838,0.0007790880044922233
-0.05776349953281629,0.9891855716705322,0.0007417200249619782
-0.05766633142563732,0.9978660345077515,0.0007454548613168299
-0.05762885496224718,0.9924511313438416,0.0007510071154683828
-0.05757205871436655,1.0163618326187134,0.0007628487655892968
-0.057551005966496094,0.9985995888710022,0.000770755170378834
-0.05748015375344445,1.006772756576538,0.0007732438389211893
-0.05747530589972094,1.0073676109313965,0.0007912328583188355
-0.05740084458289385,0.9933663010597229,0.000751287501771003
-0.057390409646067564,1.0103201866149902,0.0007791286916472018
-0.05727277663069952,0.9894900321960449,0.0007421068730764091
-0.05717560605557054,0.9970974922180176,0.0007443756912834942
-0.05713812153053144,0.9924761056900024,0.0007517616613768041
-0.05708133219291095,1.0155740976333618,0.0007629623869433999
-0.05706027138274894,0.9979392290115356,0.0007710594800300896
-0.05698942607995755,1.0064302682876587,0.0007726624608039856
-0.05698457041138011,1.008686900138855,0.0007924978854134679
-0.05691010892970172,0.9917165637016296,0.0007509583374485373
-0.05689968098572201,1.008785605430603,0.0007787481881678104
-0.056782053728904214,0.9891127347946167,0.0007418392924591899
-0.05668488068566441,0.9981319904327393,0.000746032630559057
-0.0566473880163097,0.9921278953552246,0.0007512655574828386
-0.05659060558919049,1.015006184577942,0.0007624177378602326
-0.05656953671689757,0.9992669224739075,0.0007708394550718367
-0.056498698406631354,1.006762981414795,0.0007727612392045557
-0.056493834840613655,1.0080616474151611,0.0007919155759736896
-0.05641937335909597,0.9919882416725159,0.000751028535887599
-0.056408952324974726,1.009618878364563,0.000778854067903012
-0.05629133074468318,0.9887576103210449,0.0007418256718665361
-0.05619415531559768,0.9980683922767639,0.0007449956028722227
-0.05615665458435298,0.9914390444755554,0.0007508068811148405
-0.05609987906749403,1.0165016651153564,0.0007636009831912816
-0.05607880213347177,0.9989742636680603,0.0007705522584728897
-0.056007970733465806,1.0069637298583984,0.0007726097828708589
-0.05600309926952585,1.0086275339126587,0.000791452475823462
-0.05592863770622519,0.9928921461105347,0.0007515618344768882
-0.0559182236643882,1.0115644931793213,0.000780033937189728
-0.05580060784288782,0.9892969131469727,0.0007421959890052676
-0.05570342994569155,0.9970139861106873,0.0007445925148203969
-0.055665921070211566,0.9925975203514099,0.0007515220786444843
-0.05560915246353254,1.0157703161239624,0.0007630173931829631
-0.05558806755004603,0.9983804225921631,0.0007706870674155653
-0.05551724297803534,1.0072362422943115,0.0007733537349849939
-0.05551236378118507,1.009936809539795,0.0007920368225313723
-0.05543790205295268,0.9925803542137146,0.0007510409923270345
-0.05542749500404265,1.0086196660995483,0.0007789036608301103
-0.05530988494109251,0.9884989857673645,0.0007416598964482546
-0.05521270457594607,0.998059093952179,0.0007452164427377284
-0.05517518763817453,0.9926208853721619,0.0007510306313633919
-0.05511842594191646,1.0152642726898193,0.000762982468586415
-0.055097332966138224,0.998933732509613,0.0007705091265961528
-0.055026515304709145,1.0069974660873413,0.0007735068211331964
-0.055021628210579265,1.0086169242858887,0.0007920970092527568
-0.05494716639984082,0.9927806854248047,0.0007510106079280376
-0.05493676634353645,1.0107221603393555,0.0007791162934154272
-0.054819161956550067,0.9900581240653992,0.0007426873780786991
-0.054721979206200644,0.9979510307312012,0.0007449212134815753
-0.05468445420645879,0.9926934242248535,0.0007511090370826423
-0.054627699337874536,1.0152665376663208,0.0007628255989402533
-0.054606598382551774,0.9993435740470886,0.0007709009805694222
-0.05453578763122224,1.008450984954834,0.0007736061234027147
-0.05453089272199746,1.0092586278915405,0.0007918925839476287
-0.05445643074697004,0.9916356205940247,0.0007508351118303835
-0.054446037683190895,1.0091452598571777,0.0007794625125825405
-0.05432843905459411,0.9882547855377197,0.0007417417364194989
-0.05423125383629451,0.9969807863235474,0.0007447930984199047
-0.05419372069247813,0.991783618927002,0.0007510893628932536
-0.054136972816419104,1.01630437374115,0.0007641027332283556
-0.05411586379912603,0.9984220862388611,0.0007711538928560913
-0.05404505995789605,1.0073951482772827,0.0007733593811281025
-0.054040157151150625,1.008456826210022,0.0007918141782283783
-0.053965695093938615,0.9917303323745728,0.0007510596769861877
-0.053955309105110316,1.0102620124816895,0.0007787988288328052
-0.0538377161527987,0.9891532063484192,0.0007416607695631683
-0.05374052846622773,0.998163640499115,0.0007449880940839648
-0.05370298726060169,0.9920865297317505,0.000751063518691808
-0.053646246212698645,1.0159722566604614,0.0007629674510098994
-0.05362512921537893,0.9998728632926941,0.0007705427124164999
-0.05355433220222455,1.0075284242630005,0.0007729619392193854
-0.05354942158038417,1.0079137086868286,0.0007920238422229886
-0.05347495944074643,0.991979718208313,0.0007511389558203518
-0.053464580444282706,1.0110399723052979,0.0007794726407155395
-0.05334699325068204,0.9886196255683899,0.0007420188630931079
-0.0532498030963216,0.9971628785133362,0.0007451133569702506
-0.0532122538287253,0.9924147129058838,0.0007512685842812061
-0.05315551960881748,1.016114354133606,0.0007633730419911444
-0.053134394631953186,0.9990106821060181,0.0007709268829785287
-0.05306360452881803,1.0075193643569946,0.0007732363301329315
-0.05305868609172204,1.008890151977539,0.0007921106880530715
-0.052984223869979974,0.992592990398407,0.0007517164340242743
-0.05297385178369618,1.012064814567566,0.0007793516269885004
-0.052856270348967005,0.9880980849266052,0.0007418178138323128
-0.05275907772625488,0.9978238344192505,0.0007446992094628513
-0.05272152031442323,0.9910967350006104,0.0007512912270613015
-0.05266479308720129,1.0164601802825928,0.0007630760665051639
-0.052643660048527385,0.9980581402778625,0.0007702417206019163
-0.052572876855652484,1.006953477859497,0.0007730325451120734
-0.052567950521116236,1.007710576057434,0.0007918386836536229
-0.05249348821686817,0.9920817613601685,0.0007514371536672115
-0.05248312312343095,1.0097599029541016,0.0007790587842464447
-0.052365547447252025,0.9884268045425415,0.0007419771864078939
-0.052268352356589776,0.9987608790397644,0.0007447105599567294
-0.05223078688254684,0.9923851490020752,0.0007511322619393468
-0.052174066483159476,1.0162922143936157,0.0007629947504028678
-0.05215292546461964,0.9981092810630798,0.0007706941105425358
-0.052082149182486936,1.0081738233566284,0.0007733665406703949
-0.05207721503277546,1.0079840421676636,0.0007920081843622029
-0.05200275256375636,0.9922155737876892,0.0007513149757869542
-0.05199239446276405,1.0103795528411865,0.0007788555813021958
-0.05187482454497461,0.9884970784187317,0.0007422826602123678
-0.051777626986924674,0.9978616237640381,0.0007449017721228302
-0.05174005345083116,0.9915086627006531,0.0007509887218475342
-0.05168333996154334,1.0172688961029053,0.0007636958034709096
-0.05166219088103319,0.998321533203125,0.0007701969007030129
-0.05159142142657441,1.0073283910751343,0.0007737951236777008
-0.051586479462009005,1.0088988542556763,0.0007924644742161036
-0.05151201691088553,0.9926497340202332,0.0007519560167565942
-0.05150166580241844,1.0109301805496216,0.0007789761293679476
-0.05138410164285795,0.9879919290542603,0.0007414395804516971
-0.051286901616857894,0.9968250393867493,0.0007446938543580472
-0.05124931993685039,0.9910814762115479,0.0007513328455388546
-0.05119261335782288,1.0169421434402466,0.0007633538916707039
-0.05117145629760744,0.9991025328636169,0.0007708521443419158
-0.051100693753248216,1.0079623460769653,0.0007736482657492161
-0.05109574397350747,1.0080037117004395,0.0007919463096186519
-0.05102128125801475,0.992792010307312,0.0007516214973293245
-0.05101093722433797,1.009756326675415,0.0007785625057294965
-0.05089337874106259,0.9869285225868225,0.0007414611172862351
-0.05079617624663041,0.997817873954773,0.000745014229323715
-0.05075858650489368,0.9926945567131042,0.0007514245808124542
-0.050701886836367394,1.0157296657562256,0.0007632590713910758
-0.05068072171402099,0.9981040358543396,0.000770181359257549
-0.050609966080082724,1.0064983367919922,0.0007733554230071604
-0.050605008402580365,1.0089339017868042,0.000791937462054193
-0.050530545604983323,0.9917956590652466,0.0007510853465646505
-0.05052020856351036,1.0106773376464844,0.0007794933044351637
-0.050402655839106525,0.9876574277877808,0.0007417994202114642
-0.05030545087672428,0.997078001499176,0.0007449733675457537
-0.05026785307277626,0.9919852018356323,0.0007515508332289755
-0.05021116031467088,1.0171425342559814,0.000763807212933898
-0.05018998713059525,0.9980490803718567,0.000770210346672684
-0.0501192384066762,1.0092800855636597,0.0007733837119303644
-0.05011427291407894,1.007261872291565,0.0007922312943264842
-0.050039810034056165,0.9915532469749451,0.000751315732486546
-0.05002947990300416,1.010689377784729,0.0007792211836203933
-0.04991193293731122,0.98777836561203,0.0007417963934130967
-0.04981472550697891,0.9979726076126099,0.0007444548537023365
-0.04977711955847419,0.9924381971359253,0.0007514284225180745
-0.04972043371070939,1.0162246227264404,0.0007631931221112609
-0.0496992525471695,0.9995408058166504,0.0007711452781222761
-0.049628510733591036,1.0077942609786987,0.0007733338861726224
-0.04962353734315178,1.007315754890442,0.0007913716253824532
-0.04954907438102468,0.9911660552024841,0.0007512160227634013
-0.04953875124265861,1.0109543800354004,0.0007788024959154427
-0.049421210117620185,0.9886035323143005,0.0007419029716402292
-0.04932400013691207,0.9961082935333252,0.0007447620737366378
-0.04928638612675851,0.9929312467575073,0.000751409912481904
-0.04922970718909325,1.0171873569488525,0.0007636559894308448
-0.0492085179632617,0.9995642900466919,0.0007709429482929409
-0.04913778297783916,1.009544014930725,0.0007736136903986335
-0.049132801772545975,1.0074220895767212,0.000791429600212723
-0.049058338727912876,0.9906617999076843,0.0007506126421503723
-0.049048022582152406,1.0108041763305664,0.0007786037167534232
-0.04893048721534282,0.9885100722312927,0.0007419639150612056
-0.04883327476724697,0.996366024017334,0.0007439233013428748
-0.04879565269488212,0.9933499097824097,0.000751547864638269
-0.048738980585051384,1.016817569732666,0.0007643667049705982
-0.048717783379594926,0.9988192319869995,0.0007707155309617519
-0.048647055304191666,1.0074784755706787,0.0007728525088168681
-0.0486420662842052,1.0072851181030273,0.000791744445450604
-0.04856760307512242,0.9911363124847412,0.0007506568217650056
-0.04855729400375042,1.0111204385757446,0.0007787873037159443
-0.04843976431354746,0.9878845810890198,0.0007415653672069311
-0.048342549397260515,0.9967461228370667,0.0007442470523528755
-0.04830491918090135,0.9920176863670349,0.0007514101453125477
-0.0482482540635959,1.0174583196640015,0.0007633374771103263
-0.048227048796249505,0.9984549283981323,0.0007699774578213692
-0.04815632763102612,1.0079752206802368,0.0007737089763395488
-0.04815133071319766,1.0081909894943237,0.0007918934570625424
-0.04807686750451662,0.9914520978927612,0.000751217536162585
-0.048066565343244216,1.0105812549591064,0.0007784142508171499
-0.04794904149401713,0.9889317750930786,0.0007422679918818176
-0.04785182402703303,0.9976046681404114,0.0007447898387908936
-0.04781418574918561,0.9923037886619568,0.0007510065915994346
-0.04775752745987544,1.0178484916687012,0.0007637044764123857
-0.047736314212502406,0.9986001253128052,0.0007706477190367877
-0.04766559995786057,1.0078586339950562,0.0007738252752460539
-0.04766059522461591,1.0068743228912354,0.0007910309359431267
-0.04758613185132449,0.9925469756126404,0.0007512898882851005
-0.047575836682577366,1.0106897354125977,0.0007794252596795559
-0.04745831859190042,0.987316370010376,0.0007414791034534574
-0.04736109865728766,0.9973009824752808,0.0007445381488651037
-0.04732345231698787,0.9929507970809937,0.0007513003656640649
-0.04726680093793795,1.015405297279358,0.0007640580297447741
-0.04724557962907666,0.9987611174583435,0.0007707078475505114
-0.04717487228453443,1.007789969444275,0.0007738153799436986
-0.047169859654010104,1.0062931776046753,0.0007911065476946533
-0.047095396198293005,0.9918022751808167,0.0007516207406297326
-0.04708510802207111,1.0114343166351318,0.00077863282058388
-0.046967595772450466,0.9893092513084412,0.0007422211347147822
-0.04687037328754218,0.9970870614051819,0.0007443851209245622
-0.046832718885111535,0.9929443001747131,0.0007516859914176166
-0.04677607433405678,1.016027808189392,0.0007633030181750655
-0.04675484504565086,0.9972478151321411,0.0007703349692746997
-0.04668414461136888,1.0085062980651855,0.0007736142142675817
-0.04667912416550868,1.007676124572754,0.0007912975270301104
-0.04660466054510087,0.9912275075912476,0.0007511033327318728
-0.04659437944399053,1.008949637413025,0.0007788797956891358
-0.04647687287041408,0.988662600517273,0.0007419169414788485
-0.046379647999901075,0.9962343573570251,0.0007438779575750232
-0.04634198537113077,0.9908558130264282,0.0007518758648075163
-0.046285347812601296,1.0157322883605957,0.0007632006891071796
-0.04626411046174311,0.9982275366783142,0.000770322629250586
-0.04619341685577766,1.0083298683166504,0.0007735390681773424
-0.046188388594902874,1.0076767206192017,0.0007911354186944664
-0.046113924974334364,0.9917330145835876,0.0007510483264923096
-0.04610365078364498,1.011090636253357,0.0007789279916323721
-0.045986150050401686,0.9884762763977051,0.0007421852205879986
-0.045931519198958104,1.008805274963379,0.0007449869881384075
-0.04588892263015565,0.9965725541114807,0.000744156539440155
-0.045851251939093673,0.9926440715789795,0.0007513895980082452
-0.04579462129098516,1.0173354148864746,0.0007636721711605787
-0.04577337587791569,0.9989147782325745,0.0007714953389950097
-0.04570268918213011,1.0083365440368652,0.0007735691033303738
-0.0456976531065621,1.0050793886184692,0.0007913659792393446
-0.045623189321463586,0.9917218089103699,0.000751138140913099
-0.04561292212313878,1.0108691453933716,0.0007787690847180784
-0.045495427230710594,0.9881044626235962,0.0007421879563480616
-0.0454407870008961,1.0098201036453247,0.0007459827465936542
-0.04539819726024952,0.9966309070587158,0.0007449729600921273
-0.04536051850737799,0.9920465350151062,0.0007511036819778383
-0.0453038946872647,1.0171595811843872,0.0007635612273588777
-0.04528264129457027,0.997732937335968,0.0007697000401094556
-0.04521196150896467,1.0078010559082031,0.0007731883670203388
-0.045206917535474234,1.007035732269287,0.0007911311113275588
-0.04513245366859281,0.9923551678657532,0.0007510948344133794
-0.04512219346247187,1.0112814903259277,0.0007784515037201345
-0.04500470432891529,0.9891589879989624,0.0007419161847792566
-0.044950054720890475,1.0085432529449463,0.0007448197575286031
-0.04490747189002203,0.9955303072929382,0.0007436265586875379
-0.0448697850755016,0.9929835200309753,0.0007515132892876863
-0.044813168165809214,1.0180878639221191,0.0007642782293260098
-0.04479190671114447,0.9972079992294312,0.0007698936969973147
-0.044721233835799123,1.0089607238769531,0.0007741448935121298
-0.04471618204697275,1.006219506263733,0.0007911050342954695
-0.044641718097826355,0.9912770986557007,0.0007516185287386179
-0.04463146480196567,1.0111864805221558,0.0007786631467752159
-0.044513981509385014,0.9880179166793823,0.0007419241592288017
-0.04445932252298912,1.0089699029922485,0.000744895136449486
-0.04441674652027666,0.9966176152229309,0.0007439363980665803
-0.044379051561038885,0.9920761585235596,0.0007511089788749814
-0.044322441561606696,1.0165778398513794,0.0007636479567736387
-0.04430117212739737,0.9972759485244751,0.0007697805995121598
-0.04423050616239255,1.007894515991211,0.0007735009421594441
-0.04422544647636695,1.0053986310958862,0.0007909289561212063
-0.04415098244447352,0.9915156960487366,0.0007509939605370164
-0.04414073622356374,1.0111784934997559,0.0007785928319208324
-0.04402325868953327,0.9880068302154541,0.0007417260785587132
-0.04396859032524841,1.0113134384155273,0.0007460518390871584
-0.043926021150531236,0.9956005811691284,0.0007435634615831077
-0.043888318129323145,0.993313729763031,0.000752248743083328
-0.043831715039910235,1.017423391342163,0.0007638673414476216
-0.04381043754381092,0.99852055311203,0.0007709407364018261
-0.043739778489307435,1.0104355812072754,0.0007742356392554939
-0.04373471098770482,1.0075664520263672,0.0007915210444480181
-0.04366024679128139,0.9915856719017029,0.0007513752789236605
-0.04365000756329851,1.0108200311660767,0.0007783656474202871
-0.04353253586984218,0.9878877997398376,0.0007420315523631871
-0.043477858045242734,1.0098732709884644,0.0007457723841071129
-0.0434352957804644,0.9969459176063538,0.0007441720808856189
-0.043397584697607405,0.9930435419082642,0.0007516097975894809
-0.04334098851853507,1.0175435543060303,0.0007633068016730249
-0.04331970296006382,0.9984927773475647,0.0007705777534283698
-0.04324905081582053,1.0101659297943115,0.0007748110219836235
-0.04324397541709907,1.0044642686843872,0.000790618360042572
-0.043169511138410555,0.9920935034751892,0.0007511868025176227
-0.04315927890303334,1.0114648342132568,0.0007783235050737858
-0.043041813050151256,0.9880298972129822,0.0007418727036565542
-0.042987125847020025,1.0109312534332275,0.0007455051527358592
-0.0429445704107993,0.9964730143547058,0.0007438607863150537
-0.04290685126573107,0.9927128553390503,0.000751564628444612
-0.042850261914493315,1.0171854496002197,0.0007634179200977087
-0.04282896837647737,0.99860680103302,0.0007705684984102845
-0.04275832314217298,1.0090258121490479,0.0007735459366813302
-0.042753239928597586,1.0049854516983032,0.0007911348366178572
-0.0426787755676441,0.9908415079116821,0.0007510852301493287
-0.04266855024236643,1.011527419090271,0.0007787583745084703
-0.042551090230299515,0.9888617992401123,0.0007429577526636422
-0.042496393649118724,1.0118231773376465,0.0007456557941623032
-0.04245384512307787,0.996665358543396,0.0007440353510901332
-0.04241611783401528,0.9925660490989685,0.0007516011828556657
-0.04235953539303777,1.017389178276062,0.0007638698443770409
-0.04233823379305163,0.9995805025100708,0.0007708886405453086
-0.04226759538674246,1.0094306468963623,0.0007744914619252086
-0.04226250435750978,1.005035638809204,0.0007906833779998124
-0.04218803991477332,0.9916949272155762,0.0007514089811593294
-0.042177821664125204,1.010389804840088,0.0007784332265146077
-0.042060367410769184,0.9882585406303406,0.000741837196983397
-0.042005661369113045,1.009878158569336,0.0007458081818185747
-0.041963119752850386,0.9962767362594604,0.0007439461187459528
-0.041925384319713266,0.9924332499504089,0.0007512407610192895
-0.04186880878931731,1.0172712802886963,0.0007635485962964594
-0.04184749920962588,0.9973067045211792,0.0007697769324295223
-0.04177686771357697,1.0092307329177856,0.0007739712600596249
-0.041771768869169,1.0049208402633667,0.0007904611411504447
-0.041697304261741897,0.9917072057723999,0.0007514427998103201
-0.04168709300345835,1.0103458166122437,0.0007779560983181
-0.0415696445912388,0.988056480884552,0.000741919910069555
-0.041514929171050985,1.0102893114089966,0.0007459351327270269
-0.041472394383105016,0.9965462684631348,0.0007442270289175212
-0.04143465088751552,0.9911438226699829,0.0007508218404836953
-0.04137808226737977,1.01691734790802,0.0007636004593223333
-0.041356764708304405,0.9964208602905273,0.0007698158733546734
-0.04128614004025072,1.01164710521698,0.000774306186940521
-0.0412810332985632,1.0054397583007812,0.0007912538130767643
-0.04120656869065403,0.9921157360076904,0.000751405255869031
-0.041196364342952096,1.010508418083191,0.0007781549938954413
-0.041078921771547816,0.9874542951583862,0.0007417129818350077
-0.04102419697331028,1.0109330415725708,0.0007457421743310988
-0.040981669013359534,0.9966050386428833,0.0007443430949933827
-0.04094391745588011,0.9937694668769836,0.0007520755752921104
-0.04088735574576369,1.0182183980941772,0.0007635590736754239
-0.04086603012455736,0.998392641544342,0.0007699020206928253
-0.040795412367085226,1.009211778640747,0.0007741561275906861
-0.040790297810061715,1.005068063735962,0.0007905640522949398
-0.040715833037783256,0.9909290075302124,0.00075104198185727
-0.04070563576487146,1.0107393264770508,0.0007781903259456158
-0.040588198951776455,0.9882310032844543,0.0007420593174174428
-0.04053346477565001,1.0094529390335083,0.0007449970580637455
-0.04049094364345346,0.9953361749649048,0.0007436436135321856
-0.04045318402424475,0.9929463267326355,0.0007518721977248788
-0.04039662914204323,1.016998291015625,0.0007633637287653983
-0.04037529554097086,0.9985384345054626,0.0007705762982368469
-0.04030468469375903,1.0095317363739014,0.0007742120651528239
-0.04029956223945591,1.0067790746688843,0.0007907596882432699
-0.04022509746717745,0.9900245666503906,0.0007511504227295518
-0.04021490710452591,1.0116610527038574,0.0007783712935633957
-0.04009747613200504,0.9879331588745117,0.0007421738700941205
-0.04004273249524265,1.0103847980499268,0.0007454699953086674
-0.04000021827338662,0.995612382888794,0.0007437583990395069
-0.039962450592207654,0.9917959570884705,0.0007511453004553914
-0.03990590262042698,1.0187671184539795,0.0007635760703124106
-0.039884560957223814,0.9968196749687195,0.0007697756518609822
-0.03981395702011148,1.0090945959091187,0.0007736423867754638
-0.039808826750793835,1.0052051544189453,0.0007902721408754587
-0.039734361814065644,0.9906238317489624,0.0007509880815632641
-0.03972417844401971,1.0116338729858398,0.0007785221678204834
-0.039606753312314114,0.9875121116638184,0.0007418552995659411
-0.03955200029718059,1.0097568035125732,0.0007454728474840522
-0.03950949298574552,0.9958212375640869,0.0007442471105605364
-0.03947171716049197,0.9925265312194824,0.0007509891293011606
-0.03941517609897155,1.0167036056518555,0.0007635445217601955
-0.03939382637387839,0.9965494275093079,0.000769435428082943
-0.03932322934694599,1.0103009939193726,0.0007745406473986804
-0.039318091261971,1.0037498474121094,0.0007901602075435221
-0.039243626161275136,0.9912272691726685,0.000750832143239677
-0.03923344978335286,1.0122356414794922,0.0007781626773066819
-0.0391160305750487,0.9875292181968689,0.0007415009895339608
-0.03906126809943988,1.009997010231018,0.0007459213957190514
-0.039018767615839445,0.9957578778266907,0.0007434507715515792
-0.03898098364635055,0.9925539493560791,0.0007516227196902037
-0.03892444949492968,1.0181269645690918,0.0007640226976945996
-0.03890309179053292,0.9974885582923889,0.0007701416616328061
-0.03883250167378044,1.0088409185409546,0.0007737296400591731
-0.03882735569120449,1.0053606033325195,0.0007908003753982484
-0.03875289059034803,0.9930359125137329,0.0007518080528825521
-0.03874272120511163,1.0113844871520996,0.000778235902544111
-0.03857053590153853,1.0113662481307983,0.0007455413579009473
-0.03852804224609402,0.9966105222702026,0.0007445848896168172
-0.03849025021415281,0.9936380386352539,0.0007516791811212897
-0.03843372297299219,1.0172464847564697,0.0007633195491507649
-0.038412357206785874,0.9970663189888,0.0007698525441810489
-0.038341774000293594,1.0112409591674805,0.0007739966968074441
-0.03833662020286377,1.0053075551986694,0.0007902848883531988
-0.038262154936995196,0.989426851272583,0.000751422718167305
-0.03825199254444467,1.0115585327148438,0.000778515066485852
-0.038079803621532904,1.0111855268478394,0.000745309516787529
-0.03803731687634859,0.995304524898529,0.0007436647429130971
-0.03799951678243707,0.9921771883964539,0.0007514064200222492
-0.037942996451376054,1.0175819396972656,0.0007636746158823371
-0.03792162262319937,0.997951090335846,0.0007701796712353826
-0.03785104632696745,1.0105091333389282,0.000773944309912622
-0.03784588463225791,1.0036935806274414,0.0007898397161625326
-0.03777141928412442,0.9918766021728516,0.0007515144534409046
-0.0377612638841795,1.0105657577514648,0.0007777867722325027
-0.0375890714237922,1.0096113681793213,0.0007460585911758244
-0.03754659158854673,0.9960404634475708,0.0007435920415446162
-0.037508783350721386,0.9931150078773499,0.0007512788288295269
-0.03745226992992062,1.0197265148162842,0.000764198717661202
-0.0374308881217173,0.997291088104248,0.0007696767570450902
-0.037360318653641256,1.010071873664856,0.000773687323089689
-0.03735514914375643,1.0041300058364868,0.0007903927471488714
-0.03728068371351867,0.9921552538871765,0.000752277672290802
-0.0372705353061793,1.011135458946228,0.0007786360802128911
-0.03709833922556949,1.0090248584747314,0.0007450191187672317
-0.037055866218640654,0.9947300553321838,0.0007433805731125176
-0.037018049918845,0.9936102032661438,0.0007517254562117159
-0.03696154332620011,1.0184277296066284,0.0007638091337867081
-0.03694015353813085,0.9970164895057678,0.0007698600529693067
-0.036869590980154354,1.010638952255249,0.0007742553716525435
-0.036864413572829324,1.004438042640686,0.0007898171315900981
-0.03678994806048713,0.9905503988265991,0.0007510373252443969
-0.03677980664535174,1.0118621587753296,0.0007792409742251039
-0.036607607027346833,1.0106784105300903,0.0007452068966813385
-0.036565140848654254,0.9963136911392212,0.00074411352397874
-0.03652731648712926,0.992403507232666,0.000751760380808264
-0.03647081680458397,1.0185705423355103,0.000763423799071461
-0.03644941895470516,0.9970908761024475,0.0007699394482187927
-0.03637886330698881,1.0102052688598633,0.0007741738809272647
-0.03637367808432784,1.0049301385879517,0.000790049321949482
-0.03629921248972068,0.9930735230445862,0.0007514955359511077
-0.03628907798468484,1.010533094406128,0.0007780263549648225
-0.036116874747341154,1.0119515657424927,0.0007461808272637427
-0.03607441547866774,0.9958685636520386,0.0007437910535372794
-0.03603658305509222,0.9933702945709229,0.0007523038657382131
-0.035980090282807076,1.0182743072509766,0.0007635261863470078
-0.03595868437127936,0.9967219829559326,0.0007696113898418844
-0.035888135633823315,1.0101238489151,0.0007738934946246445
-0.03588294259574604,1.004386067390442,0.0007901706267148256
-0.0358084768365286,0.991567850112915,0.0007513806340284646
-0.03579834940660426,1.0107512474060059,0.0007778350845910609
-0.03562614254960045,1.011765718460083,0.0007454795413650572
-0.03558369019102664,0.9946406483650208,0.0007441763882525265
-0.035545849622894476,0.9935081005096436,0.0007520869839936495
-0.03548936367892597,1.0177032947540283,0.0007642254349775612
-0.03546794978769291,0.9978196620941162,0.000769740086980164
-0.03539740796049712,1.0115338563919067,0.0007745795301161706
-0.03539220702522056,1.005732536315918,0.0007906482205726206
-0.035317741183497064,0.9911931753158569,0.000751012354157865
-0.035307620746098,1.0106778144836426,0.0007780587184242904
-0.03513541035169915,1.0116699934005737,0.0007456077728420496
-0.035092964821281214,0.9949988722801208,0.0007436899468302727
-0.03505511619125906,0.9925570487976074,0.0007518777274526656
-0.03499863715714918,1.018293023109436,0.0007635807269252837
-0.03497721520394581,0.9984531998634338,0.0007703573210164905
-0.0349066802870906,1.0109926462173462,0.0007737815612927079
-0.03490147153687978,1.004127860069275,0.0007897839532233775
-0.03482700561256996,0.9906220436096191,0.0007512265583500266
-0.034816892085752504,1.0111061334609985,0.0007787452195771039
-0.03464467815363709,1.010695219039917,0.0007453305297531188
-0.03460223945153579,0.9950772523880005,0.0007436936721205711
-0.03456438267735873,0.993333637714386,0.0007519269129261374
-0.03450791063577402,1.019925594329834,0.0007650660700164735
-0.03448648070262439,0.9973961114883423,0.0007699148263782263
-0.03441595261368402,1.0116150379180908,0.000774270563852042
-0.03441073596595268,1.004224181175232,0.0007900912314653397
-0.034336269959699184,0.9913602471351624,0.0007516220211982727
-0.03432616350767198,1.010310411453247,0.000778305868152529
-0.03415394595573573,1.0105221271514893,0.0007456370512954891
-0.0341115140813083,0.9959465861320496,0.0007435841835103929
-0.034073649245321636,0.9947070479393005,0.0007520006038248539
-0.03401718411439891,1.0185374021530151,0.00076408835593611
-0.033995746118877235,0.9975013732910156,0.0007698494591750205
-0.03392522494035788,1.0105358362197876,0.0007738918648101389
-0.03392000047745114,1.0032074451446533,0.0007897608447819948
-0.033845534389093324,0.9913690686225891,0.0007514313329011202
-0.03383543484684437,1.0100864171981812,0.0007777226273901761
-0.033663213757834376,1.0118498802185059,0.000745486409869045
-0.03362078879350655,0.9954305291175842,0.0007437007734552026
-0.03358291581312389,0.994085967540741,0.0007523309323005378
-0.03352645751035699,1.0180673599243164,0.0007638955721631646
-0.03350501153553187,0.996060311794281,0.0007690959610044956
-0.03343449726719233,1.0096547603607178,0.0007734561222605407
-0.03342926490652409,1.0039687156677246,0.0007900039781816304
-0.03335479873582087,0.9902490377426147,0.0007513947784900665
-0.03334470618633817,1.0114892721176147,0.0007785058114677668
-0.03317248147782875,1.0109082460403442,0.0007454156293533742
-0.03313006342384145,0.9949694275856018,0.0007433931459672749
-0.033092182381247504,0.9918778538703918,0.0007514317985624075
-0.03303573098874091,1.017818808555603,0.0007632864289917052
-0.03301427695218645,0.9969398975372314,0.0007696798420511186
-0.03294376959402684,1.0103305578231812,0.0007738913409411907
-0.03293852941802261,1.0037702322006226,0.0007896303432062268
-0.03286406316497403,0.9912989735603333,0.0007513880264014006
-0.03285397760825759,1.0113269090652466,0.0007791310199536383
-0.03268174928008799,1.008819580078125,0.0007446832023561001
-0.032639338053854994,0.9926444292068481,0.0007432643906213343
-0.032601448949531764,0.9917517304420471,0.0007509089191444218
-0.03254500446696407,1.016103744506836,0.0007632277556695044
-0.032523542368278646,0.9961809515953064,0.0007695368258282542
-0.03245304192053999,1.0088846683502197,0.0007736799889244139
-0.032447793929681834,1.0014495849609375,0.0007899599149823189
-0.0323733275121032,0.9892095327377319,0.0007508396520279348
-0.032363248947590684,1.0085721015930176,0.0007772530661895871
-0.032191017082025986,1.0092637538909912,0.0007451577694155276
-0.03214861276637454,0.990980327129364,0.0007426412776112556
-0.032110715517494726,0.9901939630508423,0.0007516045588999987
-0.03205427794534793,1.015883207321167,0.0007629101164638996
-0.03203280786663587,0.9949384927749634,0.0007696492248214781
-0.03196231424689244,1.0082459449768066,0.0007733934908173978
-0.03195705835907603,1.0001506805419922,0.000788332661613822
-0.031882591859071774,0.986467182636261,0.0007503630477003753
-0.03187252028724513,1.0083390474319458,0.0007773623219691217
-0.03170028488412463,1.0060757398605347,0.0007439680048264563
-0.031657887396629114,0.9880955815315247,0.0007415674044750631
-0.031619982085859366,0.9881453514099121,0.0007510680006816983
-0.03156355142389239,1.0136439800262451,0.000762145733460784
-0.031542073283210126,0.9904541969299316,0.0007677417015656829
-0.0314715865735663,1.0056161880493164,0.0007726692128926516
-0.031466322870253194,0.9982340931892395,0.0007880488410592079
-0.031391856288466025,0.9836581349372864,0.00074975989991799
-0.03138179170924493,1.004150629043579,0.0007766836788505316
-0.03120955268614295,1.0046825408935547,0.000743763754144311
-0.031167162026401685,0.9861977100372314,0.0007410081452690065
-0.03112924865422395,0.9855484962463379,0.0007498007034882903
-0.03107282482017193,1.0127902030944824,0.0007619542884640396
-0.03105133869978438,0.9894148111343384,0.000767647463362664
-0.030980858900400754,1.0020757913589478,0.0007718848064541817
-0.030975587381751768,0.9949527382850647,0.000786852091550827
-0.030901120635595247,0.9808969497680664,0.0007484384695999324
-0.030891063048497702,1.0024665594100952,0.0007757436251267791
-0.030718820488161325,1.0006107091903687,0.0007423070492222905
-0.030676436738760582,0.9831347465515137,0.0007403060444630682
-0.030638515222026208,0.9819378852844238,0.0007494935416616499
-0.030582098298555793,1.009175181388855,0.0007613393245264888
-0.030560604116037227,0.9868870377540588,0.0007666732999496162
-0.030490131227074502,1.0005704164505005,0.0007711339858360589
-0.030484851811145908,0.9932736158370972,0.0007863999926485121
-0.030410385064507384,0.9800295233726501,0.0007483873632736504
-0.030400334387830796,1.0014511346817017,0.0007755457190796733
-0.030228088290420563,0.9978675842285156,0.0007416901062242687
-0.030185711369015156,0.9809321165084839,0.000739331531804055
-0.030147781789989114,0.9808509945869446,0.0007482328801415861
-0.030091371776779008,1.0041651725769043,0.0007599966484121978
-0.030069869614956835,0.9847858548164368,0.0007660298724658787
-0.029999403553909065,0.9971388578414917,0.0007713569793850183
-0.029994116322483777,0.9911453723907471,0.0007863490609452128
-0.029919649411475957,0.9773582220077515,0.0007476602913811803
-0.029909605809750273,0.997214138507843,0.0007742657908238471
-0.029737356092679912,0.9959935545921326,0.000741263444069773
-0.029694985999109025,0.9772432446479797,0.0007384983473457396
-0.02965704835827343,0.9779521226882935,0.0007476354367099702
-0.029600645255162816,1.0028808116912842,0.0007594978669658303
-0.02957913503129006,0.9811611771583557,0.0007649816107004881
-0.029508675880743518,0.995936393737793,0.0007697067339904606
-0.029503380751958352,0.9885700345039368,0.0007848456152714789
-0.029428913840870097,0.9738077521324158,0.000746855977922678
-0.02941887714924407,0.9946655631065369,0.0007734455284662545
-0.029246623894778556,0.9922555685043335,0.0007403471390716732
-0.029204260711628627,0.9746536612510681,0.0007371981046162546
-0.02916631492639704,0.9740906357765198,0.0007466254173777997
-0.02910991873338603,0.9987891912460327,0.0007583347614854574
-0.029088400447382312,0.9778568744659424,0.0007643906865268946
-0.02901794820709591,0.9906445145606995,0.0007683508447371423
-0.029012645263697845,0.9844573140144348,0.0007841948536224663
-0.028938178187677965,0.970759928226471,0.0007465841481462121
-0.028928148571163492,0.9912872314453125,0.0007730775396339595
-0.02875589161445158,0.988648533821106,0.0007393397972919047
-0.028713535341561847,0.9696542620658875,0.0007362739997915924
-0.0286755814946813,0.9712322354316711,0.000746089150197804
-0.028619192129665516,0.9957547187805176,0.0007575573981739581
-0.028597665863956512,0.9735357165336609,0.0007627294980920851
-0.028527220533689446,0.9873628616333008,0.0007674057269468904
-0.028521909774875065,0.9795696139335632,0.0007828694069758058
-0.028447442617072216,0.9658507704734802,0.0007447507814504206
-0.02843741991081794,0.9870684742927551,0.0007713199011050165
-0.028265159416550223,0.9853740930557251,0.0007382176700048149
-0.028222809971334306,0.9681161642074585,0.0007359979208558798
-0.028184848062965617,0.9660235047340393,0.0007444071234203875
-0.02812846560829041,0.9933934807777405,0.0007566060521639884
-0.028106931362795795,0.9712458848953247,0.0007627526647411287
-0.028036492860604223,0.9845596551895142,0.0007664344739168882
-0.028031174203787312,0.9767094850540161,0.0007827220833860338
-0.027956706964201383,0.9618564248085022,0.0007436916930601001
-0.02794669124999033,0.9829784631729126,0.0007707594777457416
-0.027774427218648867,0.9804110527038574,0.0007368620717898011
-0.027732084683853908,0.9631983041763306,0.0007347041391767561
-0.02769411463076782,0.961637556552887,0.0007432560087181628
-0.02763773908643319,0.9880059361457825,0.000755263667088002
-0.02761619677920929,0.9664198160171509,0.0007612303597852588
-0.027545765269382405,0.9796892404556274,0.0007652697386220098
-0.02754043871544648,0.9733660221099854,0.0007811349350959063
-0.027465971393113575,0.958365261554718,0.000743232318200171
-0.027455962671749157,0.9793756604194641,0.0007692598737776279
-0.02728369502090816,0.9764286875724792,0.0007352500106208026
-0.027241359314188807,0.9595720171928406,0.0007335864356718957
-0.02720338119889143,0.9581387639045715,0.000741969037335366
-0.027147012564656403,0.9841416478157043,0.000754296372178942
-0.0271254621957836,0.9629174470901489,0.0007599968812428415
-0.027055037596216858,0.9748266339302063,0.0007637855014763772
-0.027049703227105704,0.9693737030029297,0.000779906113166362
-0.026975235739841064,0.9537678956985474,0.0007410721154883504
-0.026965234011403605,0.9741817712783813,0.0007678974652662873
-0.02679296282316751,0.9719015955924988,0.0007339248550124466
-0.02675063402646738,0.954120934009552,0.0007316708797588944
-0.026712647767175746,0.9542167782783508,0.0007414519786834717
-0.026656286043200916,0.9815269708633423,0.000753596075810492
-0.026634727694462124,0.9588958621025085,0.0007593176560476422
-0.026564309922890716,0.9722042083740234,0.0007631386979483068
-0.026558967656178545,0.964136004447937,0.0007780996966175735
-0.026484500169315583,0.9509382843971252,0.0007409123354591429
-0.02647450543300167,0.97127765417099,0.000767127494327724
-0.02630223062510545,0.9691885113716125,0.0007337381248362362
-0.026259908656721898,0.950806200504303,0.0007317077834159136
-0.026221914335138707,0.9490907192230225,0.0007402247283607721
-0.02616555952158478,0.9750588536262512,0.0007512947777286172
-0.026143993110554375,0.9530409574508667,0.0007578741642646492
-0.026073582249243166,0.9665864109992981,0.0007616027141921222
-0.026068232167918093,0.9612181186676025,0.0007770507945679128
-0.025993764516444806,0.9463812112808228,0.000739295210223645
-0.02598377677265612,0.9666268825531006,0.0007666315650567412
-0.02581149842720415,0.9632923603057861,0.0007321428274735808
-0.025769183286815822,0.9454966187477112,0.0007291889050975442
-0.025731180903503292,0.9459631443023682,0.0007382791955024004
-0.02567483291786432,0.9721308350563049,0.0007508667767979205
-0.025653258527128575,0.9492153525352478,0.0007562350365333259
-0.025582854576077618,0.9632482528686523,0.0007613418274559081
-0.025577496679336287,0.9565935730934143,0.0007762224413454533
-0.025503028945517703,0.9402197003364563,0.0007380230817943811
-0.025493048112149863,0.9597956538200378,0.0007640281110070646
-0.02532076622914209,0.9595693945884705,0.0007308790809474885
-0.025278457998853365,0.9411636590957642,0.0007284619496203959
-0.025240447471867877,0.9421558976173401,0.000737538211978972
-0.025184106396408834,0.9650647044181824,0.0007486870163120329
-0.02516252394370283,0.9433339834213257,0.0007546823471784592
-0.025092126902912126,0.9585998058319092,0.0007593246991746128
-0.02508676110824848,0.9523181319236755,0.0007750654476694763
-0.02501229329264687,0.9360527396202087,0.000736337504349649
-0.025002319533587336,0.9568585753440857,0.0007640460389666259
-0.024830034031240733,0.9543747305870056,0.0007294715032912791
-0.024787732629107884,0.9367352724075317,0.0007267603650689125
-0.024749714039670134,0.9367963075637817,0.0007357934373430908
-0.024693379874471344,0.9620228409767151,0.0007478388724848628
-0.024671789442220704,0.9396713376045227,0.0007537820492871106
-0.02460139922958593,0.9521085023880005,0.000757583708036691
-0.024596025619907647,0.9459055662155151,0.0007728563505224884
-0.024521557721880416,0.9327379465103149,0.0007355695706792176
-0.024511590873081135,0.9525498747825623,0.0007620458491146564
-0.024339301833500082,0.948933482170105,0.0007279800483956933
-0.024297007341627486,0.9308279156684875,0.0007249105838127434
-0.02425898060763304,0.9311383962631226,0.0007341675227507949
-0.024202653352855152,0.956825852394104,0.0007465526578016579
-0.024181054858634365,0.9359321594238281,0.0007526716799475253
-0.024110671556420382,0.9473459720611572,0.0007563228718936443
-0.024105290131566925,0.9415114521980286,0.0007718317792750895
-0.024030822068527635,0.9261190891265869,0.0007336880662478507
-0.024020862295000556,0.9459226727485657,0.0007603229023516178
-0.02384856963575943,0.943328857421875,0.0007259921985678375
-0.023806281971641086,0.9257106184959412,0.0007241920684464276
-0.023768247175917356,0.9261538982391357,0.0007327135535888374
-0.02371192683139972,0.9528294801712036,0.0007457525935024023
-0.02369032027496759,0.9306865334510803,0.0007508068229071796
-0.02361994396519851,0.9439993500709534,0.0007550952723249793
-0.023614554560800416,0.9363234043121338,0.0007700696587562561
-0.023540086497921775,0.9222830533981323,0.0007336586131714284
-0.023530133634655004,0.9410741329193115,0.0007588295848108828
-0.02335783743753672,0.9381591081619263,0.0007247880566865206
-0.0233155566842409,0.9203862547874451,0.0007221247651614249
-0.023277513744041023,0.9216562509536743,0.0007321169832721353
-0.023221200309622825,0.9449658989906311,0.0007432998390868306
-0.02319958577356579,0.9249057769775391,0.0007491653668694198
-0.023129216291551014,0.9356361627578735,0.0007528323912993073
-0.02312381907221861,0.9319794774055481,0.000768993457313627
-0.023049350845050998,0.9163612127304077,0.0007309945649467409
-0.023039405056253126,0.9369324445724487,0.0007576492498628795
-0.02286710523963531,0.9337682127952576,0.0007231163908727467
-0.022824831314174177,0.915194571018219,0.0007205286528915167
-0.02278678039459031,0.9156754016876221,0.0007296649855561554
-0.022730473788167394,0.9413598775863647,0.0007421623449772596
-0.02270885119013999,0.9193845987319946,0.0007475405000150204
-0.02263848861838552,0.931873083114624,0.0007517147460021079
-0.02263308358363686,0.9265461564064026,0.0007674560183659196
-0.022558615274284544,0.9109876155853271,0.0007291808142326772
-0.02254867639574687,0.9303948879241943,0.0007568911532871425
-0.022376373041894715,0.9273196458816528,0.0007219670806080103
-0.02233410594394669,0.9106943607330322,0.0007190217729657888
-0.022296046962713922,0.9111894965171814,0.0007286394247785211
-0.02223974726671185,0.9362444281578064,0.0007406416698358953
-0.022218116606714244,0.9141391515731812,0.0007467341492883861
-0.0221477609453003,0.9279558062553406,0.0007507150294259191
-0.022142348095135322,0.9208783507347107,0.0007661284762434661
-0.022067879621092357,0.9063072204589844,0.0007285100873559713
-0.022057947735160344,0.9256956577301025,0.0007549820584245026
-0.021885640843913035,0.9228435158729553,0.0007199934916570783
-0.021843380656466294,0.9024718403816223,0.0007172100013121963
-0.02180531353051618,0.9049026966094971,0.0007275739335455
-0.02174902074485474,0.9299739599227905,0.0007385499193333089
-0.021727382105392767,0.9086940884590149,0.000744469987694174
-0.021657033271893777,0.9218315482139587,0.000748867925722152
-0.021651612524529518,0.9161996245384216,0.0007643472054041922
-0.021577144050325958,0.9001340866088867,0.0007270473870448768
-0.02156721915683879,0.920024573802948,0.000753559113945812
-0.021394908646252653,0.917266309261322,0.0007187813753262162
-0.021352655286720812,0.8991327881813049,0.0007162448018789291
-0.02131458009880044,0.9004343748092651,0.0007252834620885551
-0.021258294223158225,0.9242309927940369,0.0007369814557023346
-0.021236647521645724,0.9037687182426453,0.0007434550789184868
-0.021166305598728286,0.915009081363678,0.0007467305986210704
-0.02116087703618874,0.910492479801178,0.0007618594681844115
-0.02108640839721415,0.8956671953201294,0.000724883284419775
-0.02107649049649324,0.9147941470146179,0.0007518877973780036
-0.020904176448512002,0.9118329882621765,0.0007164491107687354
-0.020861929999079765,0.8932601809501648,0.0007138947257772088
-0.0208238466670847,0.8944046497344971,0.0007241258281283081
-0.020767567701702738,0.9192332029342651,0.00073573476402089
-0.020745913020324303,0.8984454870223999,0.0007414596620947123
-0.02067557800766706,0.911186933517456,0.0007457613828592002
-0.02067014154752661,0.903182327747345,0.000760808412451297
-0.02059567282668867,0.8906169533729553,0.0007235375232994556
-0.020585761918412715,0.9084206223487854,0.0007501597283408046
-0.020413444250289292,0.9048559665679932,0.0007149596349336207
-0.020371204629173634,0.8889061212539673,0.0007129230070859194
-0.020333113235047606,0.8901390433311462,0.0007224832661449909
-0.020276841180086602,0.9126156568527222,0.0007338043651543558
-0.02025517843673791,0.8927302360534668,0.0007399755413644016
-0.02018485033401951,0.9041441082954407,0.0007440621266141534
-0.020179405976760212,0.8979932069778442,0.0007594493799842894
-0.020104937173817894,0.883998692035675,0.0007220450206659734
-0.020095033257906403,0.9035611748695374,0.0007487837574444711
-0.01992271205222723,0.9002693891525269,0.0007136303465813398
-0.019880479341371826,0.8820048570632935,0.0007108237477950752
-0.019842379803331922,0.8842311501502991,0.0007209447212517262
-0.019786114576044844,0.9085017442703247,0.0007330311927944422
-0.019764443853312053,0.886599600315094,0.0007386876968666911
-0.019694122660853963,0.8992881774902344,0.000742558971978724
-0.019688670488258675,0.8927531838417053,0.0007576802163384855
-0.019614201602890735,0.8788421154022217,0.0007203003624454141
-0.019604304679504525,0.8980382680892944,0.0007471757126040757
-0.01943197985448658,0.8927401900291443,0.0007113638566806912
-0.019389753971465695,0.8770362138748169,0.0007093503372743726
-0.019351646371455478,0.8778708577156067,0.0007193430792540312
-0.019295388054589302,0.9028960466384888,0.000730883504729718
-0.019273709352151336,0.8821625709533691,0.0007370521780103445
-0.01920339498768847,0.8939736485481262,0.000740891438908875
-0.019197934999596544,0.8875939846038818,0.0007558355573564768
-0.019123465949859253,0.872818648815155,0.0007187737501226366
-0.019113576018998324,0.891035258769989,0.0007452230784110725
-0.018941247738850253,0.8887452483177185,0.0007103868992999196
-0.018899028683663943,0.8706027269363403,0.0007072077714838088
-0.01886091293925779,0.8733360767364502,0.0007175924256443977
-0.018804661532973166,0.895513117313385,0.0007293650996871293
-0.01878297476840418,0.8761048316955566,0.0007356192800216377
-0.018712667314362275,0.8876019716262817,0.0007392314146272838
-0.018707199511255768,0.8835110068321228,0.0007546537672169507
-0.018632730378932094,0.8668774962425232,0.000716883223503828
-0.018622847440757095,0.8845853209495544,0.0007435684674419463
-0.018450515541109547,0.8843633532524109,0.0007087424164637923
-0.01840830331391846,0.8657410740852356,0.000706144783180207
-0.01837017958980708,0.8658294677734375,0.0007155268685892224
-0.018313935011035676,0.891962468624115,0.0007275685202330351
-0.018292240184496433,0.8701091408729553,0.0007336448761634529
-0.01822193972346181,0.8832361102104187,0.0007376847788691521
-0.018216463940649963,0.8767434358596802,0.0007530694711022079
-0.018141994725900668,0.8619509339332581,0.0007156315841712058
-0.018132118780411544,0.8810520172119141,0.0007424940122291446
-0.017959783343368896,0.8768561482429504,0.0007064019446261227
-0.017917578026438064,0.860744059085846,0.000704058213159442
-0.01787944615809134,0.8622867465019226,0.0007147819269448519
-0.01782320848958019,0.8855869174003601,0.0007256828830577433
-0.017801505683175012,0.8658509850502014,0.0007322094752453268
-0.017731212049974965,0.8770662546157837,0.0007367414655163884
-0.01772572845214848,0.8694998621940613,0.0007519397186115384
-0.017651259155053778,0.8557345867156982,0.0007142390822991729
-0.017641390202330964,0.8754473924636841,0.000740963383577764
-0.017469051145146186,0.8707484006881714,0.0007053880835883319
-0.01742685273855593,0.8539074659347534,0.0007019127951934934
-0.01738871272621495,0.8567150831222534,0.0007134894840419292
-0.017332481968124702,0.879010021686554,0.0007238150574266911
-0.017310771099749322,0.8584831357002258,0.0007306223269551992
-0.01724048437632736,0.8698821067810059,0.0007340494194068015
-0.017234992963486406,0.8649702072143555,0.0007495451718568802
-0.017160523584528353,0.8487533926963806,0.0007118956418707967
-0.01715066154166406,0.8699085712432861,0.0007394130807369947
-0.01697831894724483,0.8659354448318481,0.0007028546533547342
-0.01693612736856953,0.8481031060218811,0.0007022552308626473
-0.01689797929449921,0.8506971597671509,0.0007109453435987234
-0.01684175544650862,0.8734728097915649,0.0007222520653158426
-0.016820036598427845,0.8525338172912598,0.0007286129402928054
-0.016749756703161867,0.8649488091468811,0.0007324019097723067
-0.016744257474984925,0.8599416613578796,0.0007477879407815635
-0.016669787931657576,0.8445073962211609,0.0007109557627700269
-0.01665993296342283,0.8630053400993347,0.0007374928100034595
-0.016487586749504124,0.8613905310630798,0.0007021279889158905
-0.016445402081089078,0.8452673554420471,0.0006992818089202046
-0.016407245862462116,0.8453413248062134,0.0007098361384123564
-0.016351028924731725,0.8676428198814392,0.0007212142227217555
-0.0163293020150021,0.8479767441749573,0.0007269790512509644
-0.016259029112261292,0.8594051599502563,0.0007307766354642808
-0.016253521904218415,0.8536167740821838,0.0007457081228494644
-0.016179052360569823,0.838952898979187,0.0007095119799487293
-0.01616920430275598,0.8580479621887207,0.0007357631693594158
-0.01599685455144212,0.8550457954406738,0.0006999952020123601
-0.015954676711183002,0.8383534550666809,0.0006970543181523681
-0.015916512430344754,0.8398640155792236,0.0007077851332724094
-0.01586030240311559,0.862099289894104,0.0007187921437434852
-0.01583856751384133,0.8417472243309021,0.0007256015669554472
-0.01576830143893515,0.8539137244224548,0.0007294220267795026
-0.01576278641555634,0.8473318219184875,0.0007444233051501215
-0.015688316707377636,0.8331465721130371,0.0007082217489369214
-0.01567847572451475,0.8526130318641663,0.000734540808480233
-0.015506122353540819,0.8491037487983704,0.0006981127080507576
-0.015463951423702493,0.8321742415428162,0.0006956543074920774
-0.015425779080653013,0.8343276977539062,0.000706560502294451
-0.015369575881419129,0.857653796672821,0.0007172558689489961
-0.015347832929933525,0.8354783058166504,0.0007238020189106464
-0.015277573765608954,0.8476399183273315,0.0007273223018273711
-0.015272050927215508,0.8413124084472656,0.0007432482670992613
-0.015197581136771832,0.8280032873153687,0.0007064798264764249
-0.0151877470641692,0.8470608592033386,0.0007323328172788024
-0.015015390155639408,0.8449609279632568,0.0006972329574637115
-0.014973226053957123,0.8267537355422974,0.0006944662309251726
-0.014935045648937273,0.8278353810310364,0.0007043054793030024
-0.014878849360043966,0.8497374653816223,0.0007153759361244738
-0.014857098346186426,0.8317856192588806,0.0007225117296911776
-0.014786846092122108,0.8435577154159546,0.0007272073999047279
-0.014781315438874731,0.8359494209289551,0.0007408498786389828
-0.014706845483740405,0.8217883706092834,0.0007044291705824435
-0.014697018486088675,0.8405753374099731,0.0007315707625821233
-0.01452465803984243,0.8376765251159668,0.0006944798515178263
-0.01448250076599461,0.8218824863433838,0.0006926047499291599
-0.014444312217221589,0.8237252235412598,0.0007032004068605602
-0.01438812283858848,0.8453665971755981,0.0007136731874197721
-0.014366363845106034,0.8265175223350525,0.000720796815585345
-0.014296118501060884,0.8366674184799194,0.0007241254206746817
-0.014290579950051896,0.8305188417434692,0.000739616749342531
-0.0142161099131346,0.8163984417915344,0.0007028336403891444
-0.01420628982526101,0.8358066082000732,0.0007296063704416156
-0.014033925841941075,0.83341383934021,0.000693417910952121
-0.01399177539608848,0.815855860710144,0.0006911389646120369
-0.01395357878502379,0.8175554275512695,0.000701072218362242
-0.013897396316811639,0.8399934768676758,0.0007128833094611764
-0.01387562926143926,0.819848895072937,0.00071897724410519
-0.013805390827895447,0.8315905332565308,0.0007227585301734507
-0.013799844379285442,0.8256058096885681,0.0007383542251773179
-0.013725374260263712,0.8114395141601562,0.000701611686963588
-0.013715561247019836,0.8295232653617859,0.0007276443066075444
-0.013543193644200424,0.8260217905044556,0.0006912751123309135
-0.013501050108608026,0.8108536601066589,0.0006891894736327231
-0.013462845353147457,0.8137561082839966,0.0007007370586507022
-0.013406669795195503,0.8342609405517578,0.0007110241567716002
-0.013384894760278487,0.8150972723960876,0.000717878108844161
-0.0133146631547299,0.8265224695205688,0.0007205628207884729
-0.013309108890944665,0.8199926614761353,0.0007360546733252704
-0.013234638689176015,0.8062812685966492,0.0006998147000558674
-0.013224832586674284,0.8249726891517639,0.0007266457541845739
-0.013052461446459718,0.8213261961936951,0.0006894217221997678
-0.01301032482080633,0.806404709815979,0.0006878358544781804
-0.012972112003696745,0.8090968132019043,0.0006989608518779278
-0.01291594335568369,0.8282582759857178,0.0007087471312843263
-0.012894160176692038,0.809708297252655,0.0007158442167565227
-0.012823935481323323,0.8209139704704285,0.000719053961802274
-0.012818373402443184,0.8162283897399902,0.0007350639789365232
-0.01274390311840945,0.8024100065231323,0.0006988876266404986
-0.012734104008352731,0.8194803595542908,0.0007250558701343834
-0.012561729248478037,0.817363440990448,0.0006886183982715011
-0.012519599451060848,0.8013661503791809,0.0006862898590043187
-0.012481378571820412,0.8027097582817078,0.0006967841763980687
-0.012425216834067498,0.822831928730011,0.0007073251763358712
-0.012403425675049262,0.8054290413856506,0.0007142626564018428
-0.01233320789018183,0.8168293833732605,0.0007182062254287302
-0.012327637914102352,0.8088293075561523,0.0007331968517974019
-0.012253167465538672,0.7956073880195618,0.0006969633977860212
-0.012243375348087504,0.8139342069625854,0.0007232587086036801
-0.01207099713276133,0.8125206232070923,0.0006871048244647682
-0.01202887416358045,0.7950846552848816,0.0006840621354058385
-0.011990645140104617,0.7970647215843201,0.0006954038399271667
-0.011934490312612012,0.8182141184806824,0.0007057798793539405
-0.011912691091623517,0.8012994527816772,0.0007134078769013286
-0.011842480216855633,0.8107302188873291,0.0007161088869906962
-0.011836902343175248,0.8041291832923889,0.0007319314172491431
-0.011762431894611569,0.7919458150863647,0.0006959003512747586
-0.011752646770006925,0.8100373148918152,0.0007220634142868221
-0.011580264934859974,0.8075461387634277,0.000685111852362752
-0.011538148875617937,0.7897372245788574,0.0006827922770753503
-0.011499911708388877,0.7936639785766602,0.0006938660517334938
-0.01144376379115658,0.8134124875068665,0.0007052856381051242
-0.011421956590462745,0.7945029735565186,0.0007119554793462157
-0.011351752543368787,0.8062648773193359,0.0007153868791647255
-0.011346166854352413,0.8001561164855957,0.0007307953201234341
-0.011271696241821116,0.7868298888206482,0.0006942314212210476
-0.01126191810917937,0.8057111501693726,0.0007215393707156181
-0.011089532736797914,0.8042518496513367,0.0006840456626378
-0.011047423505711862,0.7863590717315674,0.0006822276045568287
-0.011009178358456218,0.7890570163726807,0.0006926222704350948
-0.010953037269540389,0.808761477470398,0.0007025246741250157
-0.010931222006876351,0.7908148765563965,0.000710192893166095
-0.010861024952468268,0.8024984002113342,0.0007146545103751123
-0.010855431366091961,0.7944888472557068,0.0007288748165592551
-0.010780960670974282,0.7821363210678101,0.0006928512593731284
-0.010771189530777492,0.8001384139060974,0.0007195082725957036
-0.010598800539057318,0.7985147833824158,0.0006828567711636424
-0.010556698218231408,0.7803442478179932,0.0006806837627664208
-0.010518444926419124,0.7846956253051758,0.0006914146360941231
-0.010462310747763603,0.8015748858451843,0.0007009905530139804
-0.010440487505715523,0.7855117917060852,0.0007090779254212976
-0.010370297279302776,0.7977702617645264,0.0007122256211005151
-0.010364695877831509,0.7897301316261292,0.0007279337733052671
-0.010290225017621446,0.7781416177749634,0.0006916935672052205
-0.010280460952696913,0.7952869534492493,0.0007178783416748047
-0.010108068341316612,0.7933914065361023,0.0006807610625401139
-0.010065972848325333,0.7762262225151062,0.000678545271512121
-0.010027711494783709,0.7789261341094971,0.0006897945422679186
-0.009971584226147412,0.7982528209686279,0.0007000326295383275
-0.00994975292196848,0.781038761138916,0.0007073614979162812
-0.00987956960597658,0.7918420433998108,0.000710522523149848
-0.009873960389169434,0.7850399613380432,0.0007257473189383745
-0.009799489447015641,0.7727179527282715,0.0006906377384439111
-0.009789732292190712,0.7910570502281189,0.0007169383461587131
-0.009617336225680284,0.7892966866493225,0.0006797309615649283
-0.00957524756084488,0.7724560499191284,0.0006779206451028585
-0.009536978062826995,0.775812566280365,0.000688776548486203
-0.009480857704450951,0.7939105033874512,0.0006993736024014652
-0.009459018420325704,0.7764368653297424,0.0007070499705150723
-0.009388842014594001,0.7883367538452148,0.0007093902095220983
-0.009383224900828602,0.780534029006958,0.0007241854327730834
-0.009308753876409892,0.7691069841384888,0.0006893692770972848
-0.009299003714110188,0.7860753536224365,0.0007152722682803869
-0.009126604027698604,0.7847473621368408,0.000678274140227586
-0.009084522273364426,0.7688224911689758,0.0006760946125723422
-0.009046244713376228,0.7707763910293579,0.0006880605360493064
-0.008990131183075789,0.7876733541488647,0.0006965724751353264
-0.008968283836899904,0.773541271686554,0.0007052263827063143
-0.008898114341267804,0.7831252217292786,0.0007078572525642812
-0.008892489330062092,0.7768077254295349,0.0007230822229757905
-0.00881801822337841,0.7634419202804565,0.0006878918502479792
-0.008808275053764636,0.7812734246253967,0.0007146574789658189
-0.008635871829716868,0.7813908457756042,0.0006770876934751868
-0.008593796903136997,0.766615092754364,0.0006761128315702081
-0.008555511281660544,0.7676333785057068,0.0006862682057544589
-0.008499404661620358,0.7841680645942688,0.0006956864963285625
-0.008477549335739187,0.7705909013748169,0.0007042396464385092
-0.008407386668102312,0.7802395224571228,0.000707056256942451
-0.008401753841239368,0.7726140022277832,0.0007218332611955702
-0.008327282652531631,0.7610108256340027,0.0006872077356092632
-0.008317546475201998,0.7788001894950867,0.0007137526990845799
-0.008145139631815568,0.7774737477302551,0.0006762019474990666
-0.008103071615415514,0.7620585560798645,0.0006740638636983931
-0.0080647778494628,0.7654600739479065,0.0006851327489130199
-0.008008678139843517,0.7801811099052429,0.0006940846215002239
-0.007986814752152738,0.7646796703338623,0.0007026030798442662
-0.007916659076880439,0.7762715220451355,0.0007055927417241037
-0.007911018352898536,0.7690553665161133,0.0007208700990304351
-0.007836546999419824,0.7587913870811462,0.0006860096473246813
-0.007826817814695797,0.7739469408988953,0.0007122946553863585
-0.007654407516339834,0.7747460007667542,0.0006753155612386763
-0.00761234632801544,0.7578842639923096,0.0006730459863319993
-0.0075740444998513845,0.7608768939971924,0.0006838833214715123
-0.0075179517004923535,0.7764239311218262,0.0006931116804480553
-0.0074960802509919655,0.761344850063324,0.000701756973285228
-0.007425931403714947,0.7747370600700378,0.0007046832470223308
-0.007420282864557759,0.7637431621551514,0.0007193130441009998
-0.007345811428653315,0.7535364627838135,0.0006851350772194564
-0.007336089236615273,0.7713258266448975,0.0007109171710908413
-0.0071636753185992386,0.7707467675209045,0.000673822476528585
-0.007121621040213688,0.7552861571311951,0.0006718275835737586
-0.0070833110681357,0.7569738626480103,0.0006828835466876626
-0.007027225178715568,0.7728214263916016,0.0006918182480148971
-0.007005345667405516,0.7573494911193848,0.0007002498605288565
-0.006935203730549455,0.7690657377243042,0.0007034788723103702
-0.006929547376056278,0.762046217918396,0.0007187867886386812
-0.0068550757754611835,0.7504590749740601,0.0006838417029939592
-0.00684536065821334,0.767142653465271,0.0007099983049556613
-0.006672943120537178,0.767212986946106,0.0006727741565555334
-0.0066308956704682065,0.7532666921615601,0.0006715822382830083
-0.006592577636178987,0.755625307559967,0.0006825914606451988
-0.006536498657099377,0.7698732614517212,0.0006915114936418831
-0.006514611165762796,0.7542060017585754,0.0006990834954194725
-0.006444476139247257,0.7671767473220825,0.0007026718812994659
-0.0064388118877154454,0.7579533457756042,0.0007174204220063984
-0.006364340204855379,0.7468265295028687,0.0006830424536019564
-0.006354631997948168,0.7649782299995422,0.0007094512111507356
-0.006182210922635822,0.7654995918273926,0.0006721923709847033
-0.006140170382827104,0.7483795881271362,0.0006703304243274033
-0.006101844286808655,0.7520958781242371,0.0006815183442085981
-0.006045772135643945,0.7663023471832275,0.0006899603176862001
-0.006023876664602024,0.7510842084884644,0.0006990202818997204
-0.00595374846584068,0.7642588019371033,0.0007020739722065628
-0.005948076316788342,0.7551776766777039,0.0007166172144934535
-0.005873604634249574,0.745463490486145,0.0006834828527644277
-0.005863903419626615,0.761817991733551,0.0007086341502144933
-0.005691478806999495,0.7632575035095215,0.0006715265335515141
-0.005649445094864647,0.7467545866966248,0.000669441360514611
-0.005611110855092916,0.7491309642791748,0.0006809852202422917
-0.005555045614188403,0.7629624009132385,0.0006888225325383246
-0.005533142081176279,0.7496908903121948,0.0006978556048125029
-0.005463020874940161,0.7634978294372559,0.0007014840957708657
-0.005457340827965507,0.752766489982605,0.0007165647111833096
-0.005382868981218147,0.740937352180481,0.0006820017588324845
-0.005373174758799004,0.7601075768470764,0.0007075504981912673
-0.005200746608937434,0.7600627541542053,0.0006708863656967878
-0.005158719724878191,0.7421769499778748,0.0006679429206997156
-0.005120377422895173,0.7464178800582886,0.0006797598325647414
-0.005064319092250913,0.7611150145530701,0.0006885373732075095
-0.005042407579774477,0.7469686269760132,0.0006968883681111038
-0.00497229320161402,0.760417640209198,0.0007005957886576653
-0.004966605339464081,0.7500270009040833,0.0007146682473830879
-0.004892133410451638,0.7399842739105225,0.0006814033258706331
-0.004882446180718425,0.7577040791511536,0.0007072244770824909
-0.0047100144111967834,0.7571244239807129,0.0006700779777020216
-0.004667994437478118,0.7430217266082764,0.0006683359388262033
-0.0046296440731230515,0.745083749294281,0.0006791469641029835
-0.004573592570634777,0.7574891448020935,0.0006874019745737314
-0.004551672996107703,0.7447110414505005,0.0006965560605749488
-0.004481565528448472,0.7593391537666321,0.0006999915349297225
-0.004475869851123249,0.7469679713249207,0.0007136320928111672
-0.0044013977572595064,0.7383639812469482,0.0006811351631768048
-0.004391717602637901,0.7554477453231812,0.0007069401326589286
-0.004219282295721105,0.756064772605896,0.0006698152283206582
-0.00417726914999772,0.7392421364784241,0.0006670293514616787
-0.004138910641407367,0.7423086762428284,0.0006783612770959735
-0.004082866131444318,0.7552563548088074,0.0006867913180030882
-0.0040609384947862814,0.7418674826622009,0.0006953171105124056
-0.0039908379372265435,0.7560024261474609,0.0006995733128860593
-0.0039851343627825275,0.7447295188903809,0.0007130424492061138
-0.003910662186493108,0.7357453107833862,0.000680569966789335
-0.0039009889421317,0.7539054155349731,0.000706589431501925
-0.0037285500974983954,0.7536453008651733,0.0006685695261694491
-0.0036865438621959123,0.7396288514137268,0.0006671997834928334
-0.0036481772095309783,0.7423537969589233,0.0006785261793993413
-0.003592139609667533,0.7554119229316711,0.0006868239725008607
-0.003570203993304155,0.7408295273780823,0.0006956806755624712
-0.003500110263659373,0.7555279731750488,0.0006990424008108675
-0.0034943988742809906,0.7450606822967529,0.0007133491453714669
-0.0034199265336222195,0.7340399026870728,0.000680126657243818
-0.0034102603640511764,0.7508850693702698,0.0007054592715576291
-0.0032378178995970397,0.7534937262535095,0.0006687687709927559
-0.0031958184922897814,0.7373331189155579,0.0006659358041360974
-0.003157443860080267,0.7414000034332275,0.0006793072680011392
-0.0031014130882923707,0.7522079348564148,0.0006858878186903894
-0.003079469409717761,0.7396406531333923,0.0006953763077035546
-0.0030093826728392337,0.75422203540802,0.0006986603257246315
-0.00300366338561886,0.7438294291496277,0.0007123727700673044
-0.002929190963016415,0.7337686419487,0.0006795224035158753
-0.0029195317035449198,0.7516632676124573,0.000706518767401576
-0.002747085784121417,0.7538393139839172,0.0006687566637992859
-0.002705093204487974,0.736572265625,0.000666397565510124
-0.0026667104282038223,0.7403994202613831,0.0006779368850402534
-0.0026106865669172086,0.7515265941619873,0.0006853296654298902
-0.002588734908556989,0.7388405203819275,0.0006947546498849988
-0.0025186549996736862,0.7539775371551514,0.000698974821716547
-0.002512927897117434,0.742268979549408,0.0007117603090591729
-0.002438455392089367,0.7316958904266357,0.0006795382359996438
-0.002428803124982337,0.750720739364624,0.0007055361056700349
-0.0022563535862200057,0.752412736415863,0.0006682733655907214
-0.002214367916846871,0.7365384697914124,0.0006661308580078185
-0.002175976996006135,0.7388426065444946,0.0006775523070245981
-0.002119960044979663,0.7503575682640076,0.0006852188380435109
-0.002098000325131244,0.7378041744232178,0.0006948683876544237
-0.0020279273261868402,0.7528671026229858,0.0006982914637774229
-0.002022192408455248,0.7404613494873047,0.0007117888890206814
-0.0019477197390578294,0.7315937280654907,0.0006795154185965657
-0.0019380745469018135,0.7486389875411987,0.0007048489642329514
-0.0017656213884793548,0.7513413429260254,0.0006678130012005568
-0.001723642629366473,0.736285924911499,0.0006663609528914094
-0.0016852436465554232,0.7404087781906128,0.0006775010260753334
-0.0016292336053071454,0.748978316783905,0.0006845332682132721
-0.0016072658234884685,0.7384433746337891,0.000694533227942884
-0.001537199735286321,0.7530308961868286,0.0006983740022405982
-0.0015314568379298232,0.7405139803886414,0.0007117115892469883
-0.0014569841682913753,0.7316065430641174,0.0006794777000322938
-0.0014473458865562616,0.7494935989379883,0.0007046968676149845
-0.0012748892730036765,0.7518250346183777,0.0006683857063762844
-0.001232917259621047,0.7366712093353271,0.000665815721731633
-0.001194510214839628,0.7394645810127258,0.000677694974001497
-0.0011385070838517142,0.7503789663314819,0.0006857694825157523
-0.0011165313221669915,0.7368070483207703,0.0006941553438082337
-0.0010464720619601242,0.7529708743095398,0.0006981290061958134
-0.0010407213496693712,0.7395485043525696,0.0007107584970071912
-0.0009662485150992439,0.7322258353233337,0.0006795318913646042
-0.0009566173081543283,0.7499524354934692,0.0007051710272207856
-0.0007841570747810223,0.7515665888786316,0.0006680675433017313
-0.0007421919719799441,0.736147940158844,0.000665453088004142
-0.0007037768651479426,0.7407956123352051,0.0006777746602892876
-0.0006477805623962274,0.749914824962616,0.0006847509066574275
-0.0006257967387412466,0.7355964183807373,0.0006943889311514795
-0.0005557444705776016,0.7534839510917664,0.0006980155594646931
-0.0005499858608465913,0.7408244013786316,0.0007107751443982124
-0.0004755129443327344,0.7323094010353088,0.00068034662399441
-0.00046588872991315533,0.7503557801246643,0.0007047911058180034
-0.0002934249589839899,0.7524617910385132,0.0006680355872958899
-0.00025146668417813656,0.7371090650558472,0.0006658085621893406
-0.00021304343351258304,0.7395619750022888,0.0006779564428143203
-0.00015705404061944206,0.7477677464485168,0.0006844437448307872
-0.00013506223725912037,0.7383646965026855,0.0006950079696252942
-6.501679741205413e-05,0.7530681490898132,0.0006981759215705097
-5.92503721844051e-05,0.7396230101585388,0.0007111337617971003
1.5222708538042973e-05,0.7315478920936584,0.0006799873081035912
2.4839930673481447e-05,0.7507336139678955,0.0007057497277855873
0.00019730723867628086,0.7522723078727722,0.0006684862310066819
0.00023925860346296624,0.737659752368927,0.0006660432554781437
0.0002776899985245107,0.7404649257659912,0.0006782457348890603
0.00033367239849069197,0.7521207928657532,0.0006855414831079543
0.00035567234616662446,0.7393263578414917,0.0006950608803890646
0.0004257107934884097,0.7565979957580566,0.0006988372770138085
0.00043148511615642704,0.7427510619163513,0.0007117812638171017
0.0005059582794650908,0.7321542501449585,0.0006801974959671497
0.0005155685089950346,0.7529208660125732,0.0007062953081913292
0.0006880394366580722,0.7546190023422241,0.0006690507871098816
0.0007299838912647738,0.7387784123420715,0.0006667402340099216
0.0007684233484572811,0.7429445385932922,0.0006787218735553324
0.0008243989201871527,0.750106155872345,0.0006857858970761299
0.0008464068473273967,0.7388098239898682,0.0006951207178644836
0.0009164384668146619,0.7560573816299438,0.0006990946712903678
0.0009222206046578529,0.7415391206741333,0.0007117873174138367
0.0009966938504726297,0.735342800617218,0.0006813608924858272
0.0010062970872362076,0.7537606358528137,0.0007062919903546572
0.0011787715521337505,0.7559881210327148,0.0006697022472508252
0.0012207091786649027,0.7398152947425842,0.0006670760340057313
0.0012591567803336146,0.7455815076828003,0.0006792478379793465
0.0013151254421246428,0.7514398097991943,0.0006852397345937788
0.0013371413488898476,0.7396142482757568,0.0006951458053663373
0.0014071660577151812,0.7576094269752502,0.0006991827394813299
0.0014129560929986296,0.7443521618843079,0.0007125794072635472
0.001497025747581704,0.7539486885070801,0.0007066261023283005
0.0016695037498744014,0.7577281594276428,0.0006704585393890738
0.0017114345483300042,0.7414596080780029,0.0006675841868855059
0.0017498901297843261,0.7452301979064941,0.0006796686793677509
0.001805851963580074,0.7522743940353394,0.0006856494001112878
0.0018278759325566218,0.7427796125411987,0.000696034636348486
0.0018978937312020827,0.7612587213516235,0.0007003759383223951
0.0019036915813394062,0.745171844959259,0.0007121999515220523
0.0019781650738689427,0.7378077507019043,0.0006822074064984918
0.0019877543256623387,0.7565483450889587,0.0007074366440065205
0.0021602358658321386,0.7592097520828247,0.0006703204708173871
0.0022021598361317007,0.7429236173629761,0.0006683504325337708
0.0022406235615001213,0.7474691867828369,0.0006805073353461921
0.0022965784027706437,0.7550941109657288,0.0006864363676868379
0.002318610433717283,0.7431061863899231,0.0006968962261453271
0.00238862132258455,0.7633401155471802,0.0007008641259744763
0.0023944270701622417,0.7475353479385376,0.0007127319113351405
0.002468900727061074,0.7407670617103577,0.0006823379662819207
0.002478482904064272,0.7581404447555542,0.0007078820490278304
0.0026509680637334387,0.7613285183906555,0.0006712740869261324
0.002692885123772748,0.7440973520278931,0.000668174063321203
0.0027313569111917513,0.7513031363487244,0.0006812610663473606
0.0027873049243867243,0.757530689239502,0.0006877364940010011
0.0028093449350387045,0.7448030710220337,0.0006968782981857657
0.0028793489956697726,0.7642109394073486,0.0007010294357314706
0.0028851625586636676,0.7485983371734619,0.0007139239460229874
0.0029596362976668233,0.7420824766159058,0.0006835543899796903
0.0029692115645704176,0.7606226205825806,0.0007084346725605428
0.0031417002614742007,0.7639783620834351,0.0006722483085468411
0.0031836104115746666,0.7493830323219299,0.0006697141216136515
0.003222090343148576,0.7537849545478821,0.0006817003595642745
0.003278031446083296,0.758647620677948,0.0006872100639156997
0.0033000794361995878,0.7486748099327087,0.000697844778187573
0.003370076586489912,0.767884373664856,0.0007030386477708817
0.003375898047004555,0.7511724829673767,0.000713478890247643
0.0034503719506984165,0.7441876530647278,0.0006839201087132096
0.0034599401428117016,0.7627246379852295,0.000709158310201019
0.0036324323771104172,0.7671034932136536,0.0006734485505148768
0.003674335699215714,0.750349223613739,0.0006700597587041557
0.0037128237750249093,0.7557626962661743,0.0006825226009823382
0.0037687579677797567,0.7616012692451477,0.0006885299808345735
0.0037908140196252216,0.7499517798423767,0.0006981645128689706
0.0038608042599767023,0.7705127000808716,0.0007028735708445311
0.0038666335356666304,0.7536911964416504,0.0007148479344323277
0.0039411075217861136,0.7470852732658386,0.0006854391540400684
0.003950668721213524,0.7668105363845825,0.0007107822457328439
0.004123164574851179,0.7692391872406006,0.0006734796334058046
0.004165060986696112,0.7543798685073853,0.0006716808420605958
0.0042035571247970305,0.7582634091377258,0.00068357412237674
0.004259484407130976,0.7644591927528381,0.0006895155529491603
0.004281548521268053,0.7534931898117065,0.0006990461843088269
0.004351531851037982,0.772933304309845,0.0007035896414890885
0.004357369024007407,0.756374716758728,0.0007153501501306891
0.004431843092391974,0.749752938747406,0.0006863409071229398
0.004441397381559131,0.7695750594139099,0.0007110977894626558
0.0046138966903268575,0.7723654508590698,0.0006748915766365826
0.004655786274176621,0.7574490308761597,0.0006724490667693317
0.004694290556512604,0.7608519792556763,0.0006844192976132035
0.004750210928586407,0.7666804194450378,0.0006901537417434156
0.004772283022669743,0.7563043832778931,0.0007000881596468389
0.004842259524524883,0.7782843112945557,0.0007049923297017813
0.0048481045122678035,0.7595784068107605,0.0007161812391132116
0.004922578745262807,0.753391444683075,0.0006873559323139489
0.004932125959639655,0.772639274597168,0.0007125854608602822
0.005104628888549456,0.7753098011016846,0.000676046940498054
0.00514651164440405,0.7601000070571899,0.0006730572204105556
0.005185023905963426,0.765399158000946,0.0006859690765850246
0.005240937450041838,0.7702188491821289,0.000691059569362551
0.005263017606015219,0.7592527270317078,0.0007014480652287602
0.005332987115586052,0.7801302671432495,0.0007065021200105548
0.00533884000101037,0.7630684971809387,0.0007177417282946408
0.005413314316029205,0.7568311095237732,0.000688685686327517
0.0054228545382022375,0.7751085162162781,0.0007138904766179621
0.005595361004507304,0.7799314260482788,0.0006773369386792183
0.005637236932045098,0.7646113038063049,0.0006746335420757532
0.00567575733783976,0.7695651650428772,0.0006867232150398195
0.005731663889553706,0.7737919688224792,0.0006924496847204864
0.005753752107497401,0.762355625629425,0.0007022355566732585
0.005823714788751544,0.7850940227508545,0.0007070634164847434
0.005829575572098289,0.7667763829231262,0.0007185731083154678
0.005904049968899927,0.7597317695617676,0.0006896528066135943
0.0059135831164434105,0.7801620364189148,0.0007142444956116378
0.006086093202247955,0.7843106985092163,0.0006788070313632488
0.006127962219525607,0.7677059769630432,0.0006760174874216318
0.0061664906874512315,0.7725746035575867,0.0006880082655698061
0.006222390411169898,0.777582049369812,0.0006936172139830887
0.006244486608658062,0.7677332162857056,0.0007041794597171247
0.006314442379652063,0.7888373136520386,0.00070889265043661
0.0063203110604389545,0.7713643908500671,0.0007202895358204842
0.006394785539827086,0.7641734480857849,0.0006909538642503321
0.006404311776789018,0.7840580344200134,0.0007153677870519459
0.0065768253177235225,0.7884257435798645,0.0006796059897169471
0.006618687507327414,0.7713468074798584,0.0006776276859454811
0.006657224119488214,0.7775061726570129,0.0006895629921928048
0.0067131169327859785,0.7819505929946899,0.0006952029070816934
0.006735221192083918,0.7704406976699829,0.0007046726532280445
0.0068051700529783155,0.7938776016235352,0.0007100093644112349
0.006811046548779731,0.7739598155021667,0.0007206659065559506
0.0068855211931798666,0.7678919434547424,0.0006923406617715955
0.006895040355030302,0.787389874458313,0.0007164108101278543
0.007067557515624934,0.792656660079956,0.0006810387712903321
0.007109412794727432,0.7761799693107605,0.0006783191929571331
0.007147957469099575,0.7809445261955261,0.0006905825575813651
0.007203843372297847,0.7848125100135803,0.0006957320147193968
0.007225955693726638,0.774448037147522,0.0007056955364532769
0.007295897644200133,0.7968664765357971,0.0007107919082045555
0.007301782037441917,0.7780739068984985,0.0007221029954962432
0.007376256763705347,0.7721292972564697,0.000694249989464879
0.007385768933110826,0.7919919490814209,0.0007181005203165114
0.007558289631421911,0.7964838743209839,0.0006820891867391765
0.007600138082127561,0.7795316576957703,0.0006792796775698662
0.00763869090081537,0.7854424118995667,0.0006915453122928739
0.007694569893753278,0.7903507351875305,0.0006972883711569011
0.007716690195048059,0.7788086533546448,0.0007072747102938592
0.0077866253175262745,0.8026402592658997,0.0007120459922589362
0.007792517525702314,0.7825594544410706,0.0007234889781102538
0.007866992334230827,0.7772339582443237,0.0006959811435081065
0.007876497593456322,0.7972398996353149,0.0007195078069344163
0.00804902182932321,0.801684558391571,0.0006837626569904387
0.008090863370090018,0.7840245962142944,0.0006807295139878988
0.008129424250266082,0.7914021611213684,0.0006934025441296399
0.00818529641520882,0.7952183485031128,0.0006993233109824359
0.008207424696208832,0.782499372959137,0.0007084682583808899
0.008277352908748092,0.8077731132507324,0.000713317422196269
0.008283253014284231,0.7873820066452026,0.0007242028950713575
0.008357727987422958,0.7810685038566589,0.0006964987842366099
0.008367226172018905,0.8009636998176575,0.0007206073496490717
0.00853975394512041,0.8063479065895081,0.0006853873492218554
0.008581588658052475,0.7885322570800781,0.0006826011813245714
0.008620157682463825,0.7955663800239563,0.0006946619250811636
0.008676022854559928,0.7994751930236816,0.0007001433987170458
0.008698159279795226,0.7870463132858276,0.0007092483574524522
0.008768080499568343,0.8117439150810242,0.0007145755807869136
0.008773988503106955,0.7923063635826111,0.0007257088436745107
0.008848463558189468,0.7884279489517212,0.0006988869281485677
0.008857954750420838,0.8063192963600159,0.000722325115930289
0.00903048614286095,0.8104783296585083,0.0006864325259812176
0.009072313945532873,0.7928715944290161,0.0006831226055510342
0.009110891032155566,0.7994035482406616,0.0006957257864996791
0.009166749376336658,0.8022603988647461,0.0007013105787336826
0.009188893780955998,0.7928904891014099,0.0007112111779861152
0.009258808172653565,0.8195450305938721,0.0007169555174186826
0.009264723991447732,0.7981672286987305,0.0007269675843417645
0.0093391992113816,0.7918524742126465,0.000699893047567457
0.009348683328421092,0.8095434308052063,0.000723291072063148
0.009521218258256359,0.8154827952384949,0.0006881108856759965
0.009563039233013382,0.7985305786132812,0.0006851007346995175
0.009601624381526008,0.8051231503486633,0.0006982493796385825
0.00965747589795296,0.808437705039978,0.000703371420968324
0.009679628282438069,0.7976843118667603,0.0007127369754016399
0.009749535763875383,0.8228197693824768,0.0007177909719757736
0.009755459479788509,0.8010132312774658,0.0007282291771844029
0.009829934782147998,0.7959461808204651,0.0007012203568592668
0.009839411989007507,0.8158164024353027,0.0007251339848153293
0.010011950456238039,0.8208072185516357,0.0006897373241372406
0.010053764520815078,0.8025683164596558,0.0006863712915219367
0.010092357813562991,0.8108704686164856,0.0006994400173425674
0.010148202337304069,0.8135634064674377,0.0007043115328997374
0.0101703627840809,0.8018447160720825,0.0007141627720557153
0.010240263437201524,0.8275763392448425,0.0007196601945906878
0.010246194968289934,0.8076338171958923,0.0007299927528947592
0.01032067043525986,0.8017387986183167,0.0007032162393443286
0.01033014056708803,0.820590078830719,0.0007262721192091703
0.010502682571874367,0.8257792592048645,0.000691153749357909
0.010544489808215207,0.8090745806694031,0.0006884826580062509
0.010583091163013814,0.8158504962921143,0.0007002667407505214
0.0106389288587595,0.8179521560668945,0.0007057305192574859
0.010661097285402321,0.8073340654373169,0.000715706730261445
0.010730991028423453,0.832862913608551,0.0007212775526568294
0.010736930456952232,0.8118689656257629,0.0007320807781070471
0.01081140600578534,0.8077529668807983,0.0007051399443298578
0.010820869145168666,0.8266102075576782,0.0007281993748620152
0.010993414687671343,0.8334214091300964,0.0006933833938091993
0.011035215095936746,0.814441978931427,0.0006908573559485376
0.011073824594729387,0.8212913870811462,0.0007025997620075941
0.01112965529795007,0.8247163891792297,0.0007075768080540001
0.011151831868828066,0.8129661083221436,0.0007175318314693868
0.011221718619484622,0.8391680121421814,0.0007224600994959474
0.011227665945453547,0.8183904886245728,0.000733024615328759
0.01130214157639109,0.8115502595901489,0.0007063153316266835
0.011311597723731248,0.8313633799552917,0.000729759456589818
0.011484146885572644,0.8355785608291626,0.0006937395082786679
0.011525940383899091,0.8195540904998779,0.0006914946134202182
0.011564557944662157,0.8255083560943604,0.0007041088538244367
0.0116203818197268,0.8295012712478638,0.0007097434136085212
0.011642566369988838,0.8201900124549866,0.0007196420338004827
0.011712446292971523,0.8450254201889038,0.0007244307198561728
0.011718401433955083,0.8233718276023865,0.0007342640892602503
0.011792877229743981,0.816558301448822,0.0007077733753249049
0.011802326384237394,0.8384629487991333,0.0007318808347918093
0.011974879001048433,0.8424682021141052,0.0006962192710489035
0.01201666567137949,0.824711263179779,0.0006928732036612928
0.01205529137653849,0.8314527869224548,0.0007062151562422514
0.012111108341342991,0.8342522978782654,0.0007106403936631978
0.01213330087131037,0.8230094313621521,0.0007205706788226962
0.012203173883791663,0.8505672216415405,0.0007259378326125443
0.012209136840030888,0.8283783197402954,0.0007358756847679615
0.012283612800671029,0.8224893808364868,0.0007101261289790273
0.012293054962318029,0.8411186337471008,0.0007323883473873138
0.012465611198789084,0.8477596640586853,0.0006976909935474396
0.012507390958859999,0.8302927613258362,0.0006945321219973266
0.012546024725989313,0.8376626372337341,0.0007073294837027788
0.012601834780774479,0.8396100401878357,0.0007124296971596777
0.01262403537279233,0.8293681144714355,0.000721772841643542
0.012693901556876885,0.8556254506111145,0.0007269455236382782
0.012699872328371664,0.833305299282074,0.0007375570712611079
0.012774348453541862,0.828231155872345,0.000711567816324532
0.012783783540559202,0.8477296829223633,0.0007350884843617678
0.012956343314425411,0.8541266322135925,0.0006995291914790869
0.012998116246501157,0.8367860317230225,0.0006964800995774567
0.013036758075600674,0.8423124551773071,0.0007088648271746933
0.01309256130247094,0.8459038734436035,0.0007142708636820316
0.013114769874113863,0.835811197757721,0.0007238818798214197
0.013184629148259464,0.8615349531173706,0.0007288369233720005
0.01319060781703374,0.8399633765220642,0.0007388933445326984
0.013265084024308371,0.8331277370452881,0.0007131741149351001
0.013274512118639836,0.8541001081466675,0.0007368407095782459
0.013447075430222388,0.8592124581336975,0.0007013481808826327
0.013488841534302853,0.8426740169525146,0.0006987184169702232
0.013527491507316358,0.8485192060470581,0.0007109084399417043
0.013583287741661398,0.8514755368232727,0.0007156151696108282
0.013605504457861017,0.8397708535194397,0.0007248492329381406
0.013675356739481281,0.8668287396430969,0.0007305024191737175
0.013681343305535276,0.8432538509368896,0.0007401653565466404
0.013755819677179093,0.8386912941932678,0.0007150899618864059
0.01376524069672036,0.8593806624412537,0.000737527443561703
0.0139378076281238,0.8630274534225464,0.0007021864294074476
0.013979566821944012,0.8467938303947449,0.0006993181887082756
0.01401822485676707,0.8532094955444336,0.0007118784124031663
0.01407401426311683,0.8569064140319824,0.000717348710168153
0.01409623895894141,0.8461586236953735,0.0007267771870829165
0.014166084412646773,0.8733357787132263,0.0007319924770854414
0.014172078794197462,0.8509482145309448,0.0007420199690386653
0.014246555247784842,0.8422868847846985,0.00071640161331743
0.014255969357547915,0.8648176193237305,0.0007395520224235952
0.014428539743920887,0.8701355457305908,0.0007050532731227577
0.014470292109585059,0.8514443635940552,0.000700773554854095
0.014508958288964813,0.8603925704956055,0.0007147799478843808
0.01456474078505443,0.8631680607795715,0.0007191224140115082
0.014586973460021802,0.8506599068641663,0.0007279182318598032
0.014656812003708053,0.8780989646911621,0.0007341786986216903
0.014662814282698888,0.8561785817146301,0.0007433811551891267
0.014737290901137734,0.8496423959732056,0.0007179458043538034
0.014746697935949737,0.8700019121170044,0.0007408216479234397
0.014919271941661427,0.8768059611320496,0.0007068431586958468
0.014961017397065568,0.8578251004219055,0.0007038037292659283
0.014999691638656554,0.864610493183136,0.0007160084787756205
0.015055467224405539,0.8684809803962708,0.0007206306327134371
0.015077707961503872,0.8562268614768982,0.0007298109703697264
0.015147539594608461,0.8846323490142822,0.0007352441316470504
0.015153549771039665,0.8606640696525574,0.0007449931581504643
0.015228026471904244,0.8557375073432922,0.0007203762070275843
0.015237426513949992,0.876602053642273,0.0007427868549712002
0.015410004057056836,0.8806518912315369,0.0007079449133016169
0.015451742684545966,0.8618437051773071,0.0007047489052638412
0.015490424988026885,0.8710728287696838,0.0007168820593506098
0.01554619374586097,0.8742728233337402,0.0007223479333333671
0.015568442462825294,0.8625080585479736,0.0007316524861380458
0.015638267267934713,0.8908566236495972,0.0007377685979008675
0.01564428525938044,0.8682674169540405,0.0007465477683581412
0.015718762042510104,0.8618546724319458,0.0007218426326289773
0.015728155092271545,0.8817238807678223,0.0007446557283401489
0.015900736172773544,0.8865113854408264,0.0007094567408785224
0.015942467972347774,0.869149923324585,0.00070671591674909
0.01598115842006409,0.8777507543563843,0.0007192129269242287
0.01603692018521219,0.8808148503303528,0.0007242191350087523
0.016059176964307476,0.8696562051773071,0.0007337980205193162
0.01612899485931718,0.895774781703949,0.0007386976503767073
0.016135020747881867,0.8717095851898193,0.0007485203095711768
0.016209497695702124,0.8652102947235107,0.0007230352493934333
0.01621888367035218,0.8883774876594543,0.0007459603948518634
0.016391468370674844,0.8937104940414429,0.0007113778847269714
0.01643319325998882,0.8738910555839539,0.0007076906622387469
0.01647189176951469,0.8807578682899475,0.0007211525808088481
0.01652764670698903,0.8867591619491577,0.000725945399608463
0.01654991154789376,0.8741875886917114,0.0007352943648584187
0.0166197224502177,0.9018071293830872,0.0007406105869449675
0.016625756236704703,0.8785399198532104,0.0007497259066440165
0.016700233266227604,0.8716543912887573,0.0007252945215441287
0.016709612330858437,0.8944911360740662,0.0007476669270545244
0.01688220048647182,0.8997436761856079,0.0007130304584279656
0.01692391854771036,0.8797118663787842,0.0007094678585417569
0.016962625118965513,0.8872632384300232,0.000722015684004873
0.01701837314617949,0.8912283182144165,0.0007271553040482104
0.017040646049054642,0.8781293034553528,0.0007358004222624004
0.017110450123383192,0.9091796278953552,0.0007425153744406998
0.01711649172536689,0.8841652274131775,0.0007514732424169779
0.017190968919018168,0.8768589496612549,0.0007264383020810783
0.017200340909420908,0.9001817107200623,0.0007493746234104037
0.01737293260210826,0.9030303955078125,0.0007145811687223613
0.017414643835431787,0.8864516615867615,0.0007111373706720769
0.017453358551163256,0.8926818370819092,0.0007239432889036834
0.01750909966779568,0.898158073425293,0.0007295674877241254
0.017531380550215303,0.8848884105682373,0.0007380340248346329
0.01760117771460512,0.9142787456512451,0.0007437810418196023
0.017607227213627286,0.889503538608551,0.0007529433351010084
0.017681704490105865,0.8836088180541992,0.0007286074687726796
0.017691069487501543,0.906495213508606,0.0007511444855481386
0.01786366479984891,0.910495936870575,0.0007166289142332971
0.017905369122912185,0.8902291059494019,0.0007127993158064783
0.017944091900774617,0.8990503549575806,0.0007264968007802963
0.017999826107468087,0.9031767249107361,0.0007309482898563147
0.018022115051536725,0.8909568190574646,0.0007395803113467991
0.01809190530542537,0.920151948928833,0.0007456309976987541
0.018097962702209203,0.8948243260383606,0.000754794804379344
0.018172440143458757,0.8879176378250122,0.0007298718555830419
0.018181798065582067,0.9106609225273132,0.0007526720874011517
0.01835439691532459,0.915446400642395,0.0007178957457654178
0.018396094410392694,0.8973814845085144,0.0007155988714657724
0.01843482525022533,0.9049862027168274,0.0007269512861967087
0.018490552628923518,0.9080425500869751,0.0007328078499995172
0.018512849553018906,0.8962051272392273,0.0007411601254716516
0.01858263297883178,0.9251488447189331,0.0007468902040272951
0.01858869819054987,0.8995913863182068,0.0007561115780845284
0.018663175714064506,0.894279956817627,0.0007320096483454108
0.01867252664390362,0.9170682430267334,0.0007553262403234839
0.018845129031282215,0.9207234382629395,0.0007189753814600408
0.01888681969803374,0.9012452960014343,0.0007159188389778137
0.018925558682101662,0.9094347953796387,0.0007281150901690125
0.018981279068114087,0.9146444201469421,0.000734396860934794
0.019003584054340217,0.9013761281967163,0.0007427915115840733
0.01907336057021436,0.9306384921073914,0.0007483657100237906
0.019079433679051405,0.9046193957328796,0.000756882771383971
0.01915391136693534,0.8988583087921143,0.0007336997659876943
0.019163255304168847,0.9211113452911377,0.0007551839225925505
0.019335861146918654,0.9266356229782104,0.0007209113682620227
0.01937754498583555,0.9072320461273193,0.0007178594823926687
0.019416292031873783,0.9158287644386292,0.0007301457226276398
0.019472005589730168,0.9201424717903137,0.000735687033738941
0.0194943185558224,0.9073542952537537,0.0007445161463692784
0.01956408816111488,0.9374129176139832,0.0007498245686292648
0.019570169085609157,0.9106966853141785,0.000758893322199583
0.019644646937862498,0.905668318271637,0.0007357796421274543
0.01965398388257078,0.9272472858428955,0.0007565407431684434
0.019826593344659305,0.9332636594772339,0.0007233137148432434
0.019868270273476707,0.9121984243392944,0.0007195104844868183
0.019907025381485144,0.9206455945968628,0.000731679261662066
0.019962732028920738,0.9260910749435425,0.0007372914114966989
0.01998505305690279,0.912824809551239,0.0007458265754394233
0.020054815752015398,0.9413400888442993,0.0007512107840739191
0.020060904573949934,0.9162553548812866,0.0007600212120451033
0.02013538259089398,0.9098742008209229,0.0007369979866780341
0.020144712461133252,0.9324482679367065,0.00075829669367522
0.02031732546045628,0.9377896189689636,0.0007248124456964433
0.02035899547885278,0.9167746305465698,0.0007206503069028258
0.020397758813522238,0.9264859557151794,0.0007334850961342454
0.02045345855069758,0.9312520623207092,0.0007388400845229626
0.020475787557983183,0.9176110625267029,0.0007479345076717436
0.02054554342534154,0.9476748704910278,0.0007531818118877709
0.02055164006229071,0.9209063649177551,0.0007615747163072228
0.02062611816166038,0.9153686165809631,0.00073854043148458
0.020635441039213887,0.9374151229858398,0.00075962656410411
0.02080805757593196,0.9429320693016052,0.0007258919649757445
0.02084972076633318,0.9230965971946716,0.0007225070730783045
0.0208884921631336,0.9320618510246277,0.0007344927871599793
0.020944184990370096,0.9369633197784424,0.0007404585485346615
0.020966522141891097,0.9220133423805237,0.0007486214744858444
0.02103627101624217,0.9526038765907288,0.0007542239036411047
0.021042375550792247,0.9271584749221802,0.0007634270587004721
0.02111685381485262,0.9198536276817322,0.0007400905014947057
0.02112616961729441,0.9439855813980103,0.0007618907256983221
0.02129878977367261,0.9477211833000183,0.0007271270733326674
0.021340446053813578,0.9269567728042603,0.000724047131370753
0.02137922551258431,0.9371280670166016,0.0007366631180047989
0.021434911511825527,0.9410747289657593,0.0007421358022838831
0.021457256643373057,0.9282309412956238,0.0007504389504902065
0.021526998607383607,0.9589440226554871,0.0007557111675851047
0.021533111039133135,0.9320475459098816,0.0007642930722795427
0.02160758938545837,0.9261788725852966,0.0007413919665850699
0.021616898195535583,0.9483472108840942,0.0007628135499544442
0.021789521889630348,0.9528302550315857,0.0007287499611265957
0.021831171341615385,0.9333339929580688,0.0007251848001033068
0.021869958944300105,0.9418611526489258,0.0007378830341622233
0.021925637950935606,0.9453462362289429,0.0007428369717672467
0.02194799114453383,0.9326837658882141,0.0007517560152336955
0.022017726198685805,0.9632997512817383,0.0007572055910713971
0.0220238465277951,0.9375132322311401,0.0007659952971152961
0.022098325038329092,0.9318941831588745,0.0007433201535604894
0.022107626773616107,0.952329158782959,0.000763865711633116
0.022280254005266675,0.9577272534370422,0.0007302825688384473
0.022321896629256543,0.9367126822471619,0.000725887599401176
0.022360692293911466,0.9474371671676636,0.00073907122714445
0.022416364472632067,0.9512498378753662,0.0007451813435181975
0.022438725645855362,0.9376014471054077,0.0007530225557275116
0.022508453871851297,0.9679083228111267,0.0007583699771203101
0.022514582016617934,0.9425631761550903,0.0007680564885959029
0.0225890606090956,0.9353737831115723,0.0007445512455888093
0.022598355434122364,0.9588412642478943,0.0007666308083571494
0.022770986120742354,0.961670994758606,0.0007317520794458687
0.02281262191705824,0.941491425037384,0.0007278109551407397
0.022851425643683476,0.9516398310661316,0.0007404724601656199
0.022907090911822636,0.9555290341377258,0.0007457251194864511
0.022929460147016023,0.9436324834823608,0.0007547168643213809
0.022999181462751817,0.9721317887306213,0.0007595059578306973
0.023005317504958822,0.9457217454910278,0.0007684932788833976
0.023079796262207464,0.9397314786911011,0.0007461186032742262
0.023089084012684946,0.9625778794288635,0.0007670051418244839
0.023261718318643765,0.9662491083145142,0.000732666754629463
0.0233033472046994,0.9465248584747314,0.0007291351794265211
0.023342158993294837,0.9559574723243713,0.0007419692119583488
0.023397817351173744,0.9602599740028381,0.0007472127326764166
0.023420194648176795,0.9472337961196899,0.0007556420168839395
0.023489909053973745,0.9768054485321045,0.0007611874607391655
0.023496052911034626,0.9521499872207642,0.0007708449265919626
0.02357053183305413,0.9456979632377625,0.0007475927704945207
0.02357981259108677,0.9678198099136353,0.0007683503208681941
0.023752450434119332,0.9711802005767822,0.0007339391740970314
0.023794072410075473,0.9509032964706421,0.0007302339654415846
0.02383289242533193,0.9610338807106018,0.0007428945973515511
0.023888543873111345,0.9659162759780884,0.0007486074464395642
0.023910929149819626,0.9513488411903381,0.0007569899898953736
0.023980636644874154,0.9831150770187378,0.0007626149454154074
0.023986788399536052,0.9551436305046082,0.000771007442381233
0.02406126740382064,0.9498106837272644,0.000749196857213974
0.024070541169167403,0.9730947613716125,0.0007695516105741262
0.02424318254959512,0.9763374924659729,0.0007354882545769215
0.024284797697555982,0.9547910094261169,0.0007314590620808303
0.024323625774702262,0.9657296538352966,0.0007441964698955417
0.024379270312301693,0.969612181186676,0.0007499082712456584
0.024401663651462457,0.9564294815063477,0.0007579944794997573
0.024471364318200406,0.9848384261131287,0.000763537420425564
0.02447752388787683,0.9583771228790283,0.0007715842220932245
0.024552003056691474,0.9530267119407654,0.0007500256760977209
0.024561269747167658,0.9766553640365601,0.0007706784526817501
0.024733914665552748,0.9798175096511841,0.0007364716730080545
0.02477552298535768,0.9579401016235352,0.0007321906159631908
0.024814359124072705,0.971424400806427,0.0007464021909981966
0.024869996833757124,0.9738892316818237,0.0007511880830861628
0.02489239815262312,0.9612301588058472,0.0007599507225677371
0.024962091909582984,0.990140438079834,0.000764509488362819
0.024968259376378255,0.9647525548934937,0.0007731030345894396
0.025042738627297223,0.9562483429908752,0.0007511377916671336
0.02505199832548921,0.9807512760162354,0.0007716053514741361
0.025224646781269455,0.9850350618362427,0.0007385888020507991
0.025266248273320246,0.9636898040771484,0.0007343562901951373
0.025305092473844715,0.9746420979499817,0.0007470056880265474
0.025360723273108343,0.9777827858924866,0.0007520322687923908
0.02538313265378389,0.9653915762901306,0.0007607878069393337
0.025452819500483392,0.9941148161888123,0.0007655670051462948
0.02545899486520109,0.9679924845695496,0.0007740347064100206
0.025533474280489465,0.9611441493034363,0.0007526279077865183
0.025542726903730384,0.9839998483657837,0.0007724982569925487
0.025715378978929726,0.9862750172615051,0.0007384807686321437
0.025756973560800644,0.9669992327690125,0.0007352319662459195
0.02579582590572116,0.9777123928070068,0.0007483400986529887
0.0258514497126201,0.9829206466674805,0.0007533659809269011
0.025873867155105423,0.9687126874923706,0.0007616851362399757
0.02594354709138391,0.9973834753036499,0.0007664667791686952
0.025949730353541867,0.9710157513618469,0.0007756291888654232
0.026024209851577162,0.9648956656455994,0.0007536312914453447
0.026033455482132206,0.9873977899551392,0.0007734810933470726
0.026206111094726814,0.9924630522727966,0.0007405565702356398
0.02624769876593569,0.9706105589866638,0.0007365465280599892
0.02628655925549317,0.9809587597846985,0.0007489914423786104
0.026342176234236403,0.9852151870727539,0.0007545663975179195
0.026364601656266085,0.9725655913352966,0.000762664363719523
0.02643427468244519,1.0005006790161133,0.0007672663195990026
0.026440465841882643,0.9756516814231873,0.0007766951457597315
0.026514945504608756,0.9683302640914917,0.0007545706466771662
0.02652418406037349,0.9926801323890686,0.0007748524658381939
0.02669684321036314,0.9953920245170593,0.0007408836390823126
0.026738424053657117,0.9738988876342773,0.0007373197586275637
0.02677729260510453,0.9842636585235596,0.0007493472076021135
0.02683290267374816,0.9897140264511108,0.0007554772309958935
0.026855336157587506,0.9750067591667175,0.0007630251930095255
0.026925002355932093,1.0044994354248047,0.0007686383323743939
0.026931201248199477,0.9779581427574158,0.0007772419485263526
0.027005681075214505,0.9719268679618835,0.0007557073258794844
0.027014912638454014,0.9958755373954773,0.0007762405439279974
0.02718757532583882,0.9997130632400513,0.0007427152595482767
0.027229149341137515,0.9772216081619263,0.0007379999151453376
0.027268025954555353,0.9886294007301331,0.0007512904121540487
0.02732362919520359,0.9917056560516357,0.0007565116975456476
0.027346070659230226,0.9799074530601501,0.0007643264252692461
0.02741572994699315,1.008096694946289,0.0007698400295339525
0.027421936736459984,0.9819905757904053,0.0007780696032568812
0.027496416728245987,0.973870575428009,0.0007563442341051996
0.02750564129879962,0.998198926448822,0.0007760462467558682
0.027678307441635797,1.0020503997802734,0.0007432227721437812
0.027719874628778562,0.9821881055831909,0.0007392168627120554
0.027758759304005953,0.9924566745758057,0.0007518964121118188
0.02781435563439416,0.9961503148078918,0.0007570203160867095
0.027836805160391,0.981968343257904,0.0007646870799362659
0.0279064575381347,1.0103929042816162,0.0007702342700213194
0.02791267222512206,0.9852326512336731,0.0007786977221257985
0.027987152298851847,0.9774112105369568,0.0007576069328933954
0.027996369877362093,1.0005275011062622,0.0007778295548632741
0.028169039557513265,1.0036112070083618,0.0007434589206241071
0.02821059991674113,0.9827849268913269,0.0007395333959721029
0.028249492736203696,0.9943602681159973,0.0007528093410655856
0.02830508207374527,0.9984578490257263,0.000758040405344218
0.02832753966155188,0.9836088418960571,0.0007654756773263216
0.02839718512895495,1.0136570930480957,0.0007712839869782329
0.028403407713944895,0.9878125190734863,0.0007795688579790294
0.02847788795172257,0.9812561869621277,0.0007593423360958695
0.028487098455603377,1.0044550895690918,0.0007779361912980676
0.028659771672908563,1.0079959630966187,0.0007445904775522649
0.028701325121956556,0.9851128458976746,0.000740150164347142
0.028740226085815168,0.9964659810066223,0.0007530461298301816
0.02879580859536135,1.00088369846344,0.0007586773135699332
0.028818274163033952,0.9862408638000488,0.0007659491966478527
0.02888791271985547,1.0160291194915771,0.0007713072118349373
0.02889414320244632,0.9898766279220581,0.0007801498868502676
0.02896862360507535,0.9818192720413208,0.0007590861059725285
0.0289778270336839,1.00597083568573,0.0007786196656525135
0.029150503870649325,1.0083496570587158,0.0007447651005350053
0.029192050409437065,0.9874005317687988,0.0007410295074805617
0.02923095943526599,0.9988627433776855,0.0007535617332905531
0.029286535034873218,1.0028883218765259,0.0007593780755996704
0.029309008664355374,0.990411639213562,0.0007673275540582836
0.029378640311077286,1.0185675621032715,0.0007717548869550228
0.029384878608522125,0.9922392964363098,0.0007804990746080875
0.02945935917592213,0.9858245253562927,0.0007602355326525867
0.029468555612085834,1.009190559387207,0.0007792264223098755
0.02964123598644619,1.0105774402618408,0.0007458294276148081
0.029682775697078112,0.9892278909683228,0.000741310475859791
0.029721692785038,1.0000585317611694,0.0007540722726844251
0.029777261474224437,1.0054712295532227,0.0007599120144732296
0.029799743165676795,0.9906446933746338,0.0007677876274101436
0.029869367984403428,1.021798014640808,0.000772800063714385
0.029875614096863012,0.9936245083808899,0.000780987087637186
0.029950094828712692,0.9879742860794067,0.000760943628847599
0.029959284190166358,1.0089166164398193,0.0007797902217134833
0.030131968102082518,1.0133697986602783,0.0007460301858372986
0.03017350098455851,0.9900584816932678,0.0007415956351906061
0.030212426134488712,1.0031801462173462,0.0007549282745458186
0.030267987995679868,1.0056517124176025,0.0007599382661283016
0.030290477667158755,0.9926213622093201,0.0007685941527597606
0.030360095575625357,1.0220518112182617,0.0007728266646154225
0.030366349585685737,0.9953822493553162,0.0007814993732608855
0.03044083039963974,0.9879810810089111,0.0007610206957906485
0.03045001276824688,1.0098546743392944,0.0007797381258569658
0.030622700217879606,1.0141105651855469,0.0007465141825377941
0.030664226190095234,0.989912211894989,0.0007421319605782628
0.030703159483859044,1.004167079925537,0.0007548611611127853
0.030758714434870327,1.006492018699646,0.0007606951985508204
0.030781212168319638,0.994493842124939,0.0007693660445511341
0.030850823166686525,1.0228261947631836,0.0007734197424724698
0.030857085074187163,0.995781421661377,0.0007820273749530315
0.030931566052510684,0.9910647869110107,0.0007617214578203857
0.030940741346809575,1.012218952178955,0.0007807699148543179
0.031113432333515934,1.0131537914276123,0.0007461796049028635
0.031154951478057802,0.9921859502792358,0.0007424233481287956
0.031193892915976518,1.0042848587036133,0.0007548527210019529
0.031249440874301815,1.0064120292663574,0.0007608597516082227
0.03127194666948041,0.9949019551277161,0.0007695977692492306
0.031341550757587044,1.0207823514938354,0.000772804138250649
0.03134782056252805,0.9961052536964417,0.0007821504259482026
0.03142230162327708,0.989328145980835,0.0007616498041898012
0.03143146992505075,1.0114731788635254,0.0007798994774930179
0.03160416444899172,1.0138015747070312,0.0007466250681318343
0.0316456767655382,0.9917102456092834,0.0007419505272991955
0.03168462626574853,1.0047459602355957,0.0007550764712505043
0.031740167395998276,1.0063287019729614,0.000760159979108721
0.03176268117080172,0.9939218163490295,0.0007690798374824226
0.03183227834848745,1.0211564302444458,0.0007733544334769249
0.03183855596892515,0.9949506521224976,0.0007816420402377844
0.03191303727662986,0.9897767901420593,0.0007617076043970883
0.03192219850313127,1.0103652477264404,0.0007799961022101343
0.03209489656446729,1.01491379737854,0.0007467973046004772
0.032136401970753625,0.992008626461029,0.0007421687478199601
0.03217535961519924,1.003484845161438,0.0007549748406745493
0.032230893835349494,1.00606369972229,0.0007603163248859346
0.0322534156722839,0.9936619997024536,0.0007682464201934636
0.03232300593954873,1.0212085247039795,0.0007734872633591294
0.03232929145726582,0.9947161674499512,0.0007819202728569508
0.03240377284723572,0.9895784854888916,0.0007619626121595502
0.032412927081372556,1.0119285583496094,0.0007801708416081965
0.03258562868010362,1.0140938758850098,0.0007469342090189457
0.032627127258394784,0.991237461566925,0.000741691910661757
0.0326660929648106,1.00432550907135,0.0007556694326922297
0.03272162027486125,1.0058492422103882,0.0007599367527291179
0.032744150173605324,0.9942211508750916,0.0007680298294872046
0.03281373353077055,1.0223764181137085,0.0007732039084658027
0.032820026945606706,0.9949648976325989,0.0007815694552846253
0.032894508500106445,0.9890773296356201,0.0007624861318618059
0.03290365565945308,1.0107624530792236,0.0007796309655532241
0.033076360795900706,1.0129368305206299,0.0007458003237843513
0.03311785254587507,0.9911301136016846,0.0007421053014695644
0.03315682631426131,1.0050866603851318,0.0007555335178039968
0.03321234679631668,1.0076154470443726,0.0007609411841258407
0.03323488467492686,0.9946824908256531,0.0007681202259846032
0.03330446112183183,1.0227608680725098,0.0007731489604339004
0.03331076243434916,0.9937127232551575,0.0007815592689439654
0.033385244070872844,0.9908241629600525,0.0007623716373927891
0.033394384237533714,1.0102680921554565,0.0007803275366313756
0.03356709291153703,1.0137344598770142,0.000746074365451932
0.033608577751251256,0.9910829663276672,0.0007419422036036849
0.03364755966371202,1.004931092262268,0.000756027118768543
0.03370307323550725,1.006288766860962,0.0007599220843985677
0.03372561917608752,0.9941490292549133,0.0007684738957323134
0.03379518871305365,1.0212630033493042,0.0007725479081273079
0.033801497840665995,0.9949243068695068,0.0007816299912519753
0.033885112816096186,1.0106769800186157,0.0007794002303853631
0.03405782502733412,1.0132641792297363,0.000746312434785068
0.034099303039213824,0.9901255965232849,0.0007423057104460895
0.034138293013644794,1.0053739547729492,0.0007556222844868898
0.03419379967485825,1.0061306953430176,0.0007602561381645501
0.03421635359498332,0.9942405223846436,0.0007685179589316249
0.03428591638637979,1.0225796699523926,0.0007737577543593943
0.03429223332900677,0.9958544373512268,0.000781905953772366
0.034366715294670835,0.9902202486991882,0.0007619461975991726
0.03437584139441774,1.011574387550354,0.0007802791078574955
0.03454855722499428,1.0136553049087524,0.0007467193645425141
0.03459002832669411,0.9924679398536682,0.0007421388290822506
0.034629026363256155,1.0053435564041138,0.00075511634349823
0.03468452611453088,1.0043293237686157,0.0007595157367177308
0.03470708809646539,0.9934733510017395,0.0007686985190957785
0.03477664397728042,1.0224002599716187,0.0007729325443506241
0.0347829688175082,0.9952950477600098,0.0007816667784936726
0.034857450948023616,0.989446222782135,0.0007623643614351749
0.03486656997241799,1.00931978225708,0.0007793824770487845
0.0350392893403898,1.012317419052124,0.0007458053878508508
0.03508075353190965,0.9916375279426575,0.0007421265472657979
0.03511975971270698,1.0062366724014282,0.0007552248425781727
0.03517525263614696,1.004734992980957,0.0007600169628858566
0.03519782259778681,0.9935117959976196,0.0007678369875065982
0.03526737156818094,1.0232819318771362,0.0007729553035460413
0.035273704305849085,0.9948614835739136,0.0007813248666934669
0.035348186518790126,0.9895094633102417,0.0007635700749233365
0.035357298550819816,1.0113775730133057,0.0007795789279043674
0.03553002145618667,1.0142531394958496,0.0007463119691237807
0.035571478819631075,0.9901880621910095,0.0007416524458676577
0.03561049314474396,1.005915641784668,0.0007553352625109255
0.03566597907533753,1.0050458908081055,0.00076023064320907
0.03568855709918861,0.9931879043579102,0.0007678479887545109
0.035758099159563406,1.0230284929275513,0.0007734816172160208
0.03576443971192489,0.9942083954811096,0.000781844777520746
0.03583892217166096,0.9906445145606995,0.0007628645980730653
0.03584802712890034,1.0108174085617065,0.0007797084399498999
0.036020753571822994,1.0130242109298706,0.0007463442743755877
0.03606220410735261,0.9905463457107544,0.0007414513383992016
0.03610122649419478,1.006344199180603,0.0007554711191914976
0.0361567055148494,1.005995273590088,0.0007599025266245008
0.03617929160059041,0.9931988716125488,0.0007679463014937937
0.036248826750624574,1.0220454931259155,0.0007727486663497984
0.036255175200747725,0.9950951337814331,0.0007821505423635244
0.03632965782453168,0.9898150563240051,0.0007624292047694325
0.036338755706980974,1.0121710300445557,0.0007803389453329146
0.03651148568762008,1.0124224424362183,0.0007458995678462088
0.03655292931272858,0.9912766218185425,0.0007417917368002236
0.03659195984364538,1.0052675008773804,0.0007552170427516103
0.03664743203630483,1.003868818283081,0.0007594271446578205
0.036670026101751074,0.9930168986320496,0.0007683485164307058
0.036739554341525205,1.0222989320755005,0.0007728838827461004
0.03674591068932942,0.9937134385108948,0.0007813452975824475
0.0368203933952983,0.9904693365097046,0.0007628615130670369
0.036829484285543446,1.011625051498413,0.0007793506956659257
0.03700221780325641,1.0138903856277466,0.0007461144123226404
0.037043654600530385,0.9914499521255493,0.0007420583860948682
0.03708269319349777,1.0056383609771729,0.0007551827584393322
0.037138158475655936,1.0055841207504272,0.000759693852160126
0.037160760602911846,0.9940435886383057,0.0007682784926146269
0.03723028193266675,1.0217634439468384,0.0007726840558461845
0.03723664617758993,0.9959906339645386,0.0007819957681931555
0.03731112904849032,0.9900904893875122,0.0007629398023709655
0.03732021286378473,1.0110639333724976,0.0007793894619680941
0.03749294991873209,1.0120881795883179,0.0007467392133548856
0.03753437988801078,0.9920315146446228,0.0007419231114909053
0.037573426543350164,1.0056777000427246,0.0007556093041785061
0.03762888491532845,1.0041120052337646,0.0007594971102662385
0.03765149510423338,0.9936244487762451,0.0007680717972107232
0.03772100952348678,1.0225335359573364,0.0007727553020231426
0.03772738158398703,0.9939615726470947,0.0007820986211299896
0.03780186461925683,0.9902081489562988,0.000763129850383848
0.037810941441865364,1.010776162147522,0.000779355934355408
0.037983682034207766,1.012176752090454,0.0007462974754162133
0.03802510509322632,0.9928202629089355,0.0007428051321767271
0.038064159892800875,1.005313754081726,0.0007549457368440926
0.0381196113545188,1.0047004222869873,0.0007599464734084904
0.038142229523611126,0.9943380355834961,0.0007678612601011992
0.03821173711470871,1.0234488248825073,0.0007731089717708528
0.038218117072327806,0.9941864609718323,0.0007807367946952581
0.03829260027244896,0.9888508319854736,0.0007628728053532541
0.03830167002010654,1.0112481117248535,0.0007793385884724557
0.03847441415016539,1.0142425298690796,0.0007465046364814043
0.038515830380867366,0.991184413433075,0.0007417480228468776
0.03855489324225159,1.0063680410385132,0.0007555827614851296
0.03861033779370937,1.0044529438018799,0.000759912480134517
0.03863296402501282,0.9935408234596252,0.0007687764591537416
0.03870246470609118,1.0217779874801636,0.0007727800984866917
0.03870885256066858,0.994533896446228,0.000781712238676846
0.03878333584297433,0.9909411072731018,0.0007636386435478926
0.03879239859818717,1.0117591619491577,0.0007798482547514141
0.03896514626580183,1.0125306844711304,0.0007460915949195623
0.03900655558656474,0.9911031723022461,0.0007418555906042457
0.03904562659202371,1.0071392059326172,0.0007556417258456349
0.03910106431532556,1.005104899406433,0.0007603871636092663
0.03912369852609332,0.9939498901367188,0.0007675854722037911
0.0391931922969917,1.0218584537506104,0.0007725186878815293
0.03919958804949142,0.9955510497093201,0.0007819444872438908
0.039274071495764895,0.9913932085037231,0.0007635458023287356
0.039283127176588994,1.0103685855865479,0.0007792306132614613
0.039455878299012426,1.0123298168182373,0.000746156380046159
0.0394972808742059,0.9920408725738525,0.0007419318426400423
0.03953635994163518,1.007812738418579,0.0007556747877970338
0.03959179075451602,1.0044015645980835,0.000759724760428071
0.03961443302757539,0.993647575378418,0.0007676005479879677
0.03968391988789233,1.0211167335510254,0.0007723763701505959
0.0396903234559689,0.995194137096405,0.0007821652689017355
0.039764807148957027,0.9903481006622314,0.0007633892237208784
0.03977385575515158,1.0095816850662231,0.0007795545971021056
0.039946610414809514,1.0139838457107544,0.0007463663350790739
0.03998800616168641,0.9921006560325623,0.0007415904547087848
0.04002709329132681,1.0068455934524536,0.0007555930642411113
0.04008251719402778,1.0026123523712158,0.0007592433830723166
0.04010516752873605,0.9941645860671997,0.0007678138790652156
0.040174647478953496,1.0217885971069336,0.00077264872379601
0.04018105894422941,0.9950926303863525,0.0007825368666090071
0.040255542719723536,0.9906901717185974,0.0007637141970917583
0.04026458433315172,1.0087778568267822,0.0007784662302583456
0.04043734253020481,1.0135631561279297,0.0007457731408067048
0.04047873136722324,0.9914782643318176,0.000741858733817935
0.04051782664101855,1.0073935985565186,0.000756510125938803
0.040573243633700296,1.0049445629119873,0.000759549206122756
0.040595902030057585,0.9933205246925354,0.0007678676047362387
0.040665375069853904,1.0223652124404907,0.0007729012868367136
0.040671794432570074,0.994794487953186,0.0007817840669304132
0.040746278372915556,0.9892552495002747,0.0007632137858308852
0.040755312911151975,1.0108388662338257,0.0007789286319166422
0.04092807464560011,1.01324462890625,0.0007462798384949565
0.04096945665470353,0.9916310906410217,0.0007426775991916656
0.04100855999046926,1.0068655014038086,0.0007555769407190382
0.041063970072810374,1.0040677785873413,0.0007596679497510195
0.04108663644943533,0.9935517907142639,0.0007682130672037601
0.041156102660915184,1.022552490234375,0.0007727636257186532
0.04116252983896729,0.9948022365570068,0.0007827991503290832
0.04123701394368218,0.9913728833198547,0.000764010997954756
0.0412460414895538,1.0107461214065552,0.000779596739448607
0.04141880676155785,1.0129480361938477,0.0007463500369340181
0.041460181859919065,0.9910589456558228,0.0007416717708110809
0.041499293339919974,1.0079443454742432,0.0007559687364846468
0.041554696594185536,1.0047976970672607,0.0007594203343614936
0.041577370950596104,0.9937936663627625,0.0007681955466978252
0.04164683025229765,1.021195650100708,0.0007724332972429693
0.041653265327468714,0.9961927533149719,0.0007823312189429998
0.0417277495965529,0.9923781156539917,0.0007642526761628687
0.04173677006763443,1.0100256204605103,0.0007787855574861169
0.041909538877354824,1.0131901502609253,0.0007461247150786221
0.04195090714780114,0.9911080598831177,0.000741997268050909
0.041990026689531335,1.006816029548645,0.0007552277529612184
0.042045423033697404,1.00303053855896,0.0007589768501929939
0.042068105451756876,0.9937876462936401,0.0007677474059164524
0.04213755784319817,1.0221070051193237,0.0007732349331490695
0.0421440008161309,0.9948272705078125,0.0007820884929969907
0.04221848524942373,0.9901812076568604,0.0007642526761628687
0.042227498645875605,1.0085508823394775,0.0007784917252138257
0.04240027099283061,1.0137906074523926,0.0007461445638909936
0.0424416323532576,0.9920706748962402,0.0007421422051265836
0.042480760039303456,1.0061569213867188,0.0007551460876129568
0.042536149472887974,1.004540205001831,0.0007593293557874858
0.0425588399530783,0.9933466911315918,0.00076747324783355
0.0426282854340988,1.022144079208374,0.0007727614720351994
0.04263473622236735,0.9945999383926392,0.0007821491453796625
0.04270922082051154,0.9900884628295898,0.0007646979647688568
0.04271822722443819,1.0103939771652222,0.0007788980146870017
0.04289100310846694,1.0131299495697021,0.0007457638857886195
0.042932357640737995,0.9916329979896545,0.000741700001526624
0.042971493388914817,1.0060545206069946,0.0007551279268227518
0.04302687591223908,1.0039960145950317,0.000759380345698446
0.04304957445423907,0.9937011003494263,0.0007674123044125736
0.04311901302532062,1.0213396549224854,0.0007724729366600513
0.04312547171070802,0.9952371716499329,0.0007818374433554709
0.04319995647354302,0.9908311367034912,0.0007642238051630557
0.04320895580251871,1.0106416940689087,0.0007788278162479401
0.04338173522394251,1.0138287544250488,0.0007460867636837065
0.04342308284611407,0.9913021922111511,0.0007417883607558906
0.04346222673860656,1.007185935974121,0.0007557513890787959
0.04351760235191149,1.0033185482025146,0.0007594114867970347
0.04354030887345617,0.9940956234931946,0.0007677014800719917
0.043609740616140646,1.021373987197876,0.0007721737492829561
0.043616207199048906,0.9953320026397705,0.0007819254533387721
0.04369069204414877,0.9900548458099365,0.0007642747950740159
0.043699684380599235,1.008939266204834,0.0007785306079313159
0.0438724673394183,1.0149164199829102,0.0007463934598490596
0.04391380813359458,0.9913384914398193,0.0007420710171572864
0.04395296008797689,1.0091582536697388,0.0007560653612017632
0.04400832879110195,1.003198266029358,0.0007587347645312548
0.04403104337509889,0.994006872177124,0.0007684151059947908
0.044100468207282306,1.022172451019287,0.0007725624600425363
0.04410694260528536,0.9950745105743408,0.0007819458260200918
0.0441814276973409,0.9900493025779724,0.000764709897339344
0.04419041295884052,1.0092417001724243,0.0007792145479470491
0.04436319945537592,1.0128542184829712,0.0007461978239007294
0.044404533338810004,0.9918124079704285,0.0007421852205879986
0.0444436934374276,1.007506012916565,0.0007553330506198108
0.0444990553125576,1.0031583309173584,0.0007590558961965144
0.04452177787625966,0.9935559034347534,0.0007674370426684618
0.04459119579866477,1.022284984588623,0.0007730818470008671
0.044597678093947546,0.9946677088737488,0.0007821767940185964
0.044672163350372385,0.9906297922134399,0.0007645495934411883
0.04468114145465607,1.009827971458435,0.0007792756659910083
0.04485393148874728,1.0142704248428345,0.0007464344962500036
0.04489525862677235,0.9923385977745056,0.0007418667082674801
0.04493442678719972,1.0097143650054932,0.0007561151287518442
0.0449897817519086,1.0039184093475342,0.0007593220798298717
0.04501251237734005,0.9943921566009521,0.0007676334353163838
0.04508192338956529,1.0242106914520264,0.0007728919736109674
0.04508841358244897,0.9940693378448486,0.0007822237093932927
0.045162898920978134,0.9894825220108032,0.0007642618147656322
0.04517187003305789,1.0107098817825317,0.0007790565141476691
0.04534466360422296,1.0120652914047241,0.000745628378354013
0.045385983832228805,0.9911754727363586,0.0007418568711727858
0.04542516013681119,1.0095499753952026,0.0007562554674223065
0.04548050819109917,1.0026072263717651,0.0007586998981423676
0.045503246878741854,0.9934478402137756,0.0007678343099541962
0.04557265098046592,1.0216058492660522,0.0007725383038632572
0.045579148988846185,0.9950522184371948,0.0007822506595402956
0.04565363457400973,0.9926316738128662,0.0007656658417545259
0.045662598611620475,1.0098803043365479,0.0007785545894876122
0.045835395720020045,1.0119564533233643,0.0007460406632162631
0.04587670911962893,0.9907829165458679,0.0007413424900732934
0.045915893486583204,1.0080848932266235,0.0007559004006907344
0.045971234630610924,1.004120945930481,0.000759285525418818
0.045993981297637654,0.993940532207489,0.0007674345397390425
0.04606337857152709,1.0220530033111572,0.0007723305025137961
0.04606988447710658,0.9926977157592773,0.0007818791200406849
0.046144370145097424,0.9909622073173523,0.0007648452883586287
0.046153327189701,1.0098683834075928,0.0007783459150232375
0.04632612783549572,1.0118743181228638,0.0007456453167833388
0.04636743432516566,0.9916458129882812,0.0007417986635118723
0.046406626836194564,1.0094164609909058,0.0007558244979009032
0.04646196107028344,1.0026633739471436,0.0007589353481307626
0.046484715798958964,0.9930837750434875,0.0007668104371987283
0.04655410616266864,1.022581696510315,0.0007722597802057862
0.04656061996536709,0.9942657947540283,0.0007827432127669454
0.04663510579796826,0.9913502335548401,0.0007653803913854063
0.046644055767701254,1.01068115234375,0.0007789387018419802
0.04681685995089102,1.0125478506088257,0.0007460410124622285
0.04685815961264628,0.9908515810966492,0.000742110307328403
0.04689736010338019,1.0103540420532227,0.000756202673073858
0.04695268750939363,1.0019867420196533,0.0007584602572023869
0.046975450300601906,0.9925919771194458,0.0007670636405237019
0.04704483375381008,1.020439624786377,0.0007720348658040166
0.04705135537176419,0.9943467974662781,0.0007822821498848498
0.04712584145083898,0.9892537593841553,0.0007646364392712712
0.04713478434602281,1.0093575716018677,0.0007782563916407526
0.04730759206676838,1.0126131772994995,0.0007459628977812827
0.04734888481802224,0.9917152523994446,0.0007416963344439864
0.047388093452830904,1.009265661239624,0.0007562782266177237
0.04744341394850371,1.0034388303756714,0.0007589815650135279
0.04746618480176257,0.9931899905204773,0.0007668359321542084
0.047535561262606274,1.0224121809005737,0.0007727976772002876
0.04754209086026562,0.9948275089263916,0.000782488496042788
0.04761657702176625,0.9907467365264893,0.0007647663005627692
0.0476255129245855,1.0111088752746582,0.0007790292729623616
0.047798324182726004,1.0125335454940796,0.0007465406670235097
0.0478396101059847,0.9905041456222534,0.0007413955172523856
0.047878826802442376,1.0099126100540161,0.0007561268284916878
0.04793414038801558,1.0023002624511719,0.0007587737054564059
0.04795691922065837,0.9943028688430786,0.0007675913511775434
0.04802628885350679,1.0218181610107422,0.0007728997152298689
0.04803282626666283,0.993711531162262,0.0007826975197531283
0.04810731267455659,0.9911655187606812,0.0007647565216757357
0.04811624150282667,1.0102829933166504,0.0007784767658449709
0.04828905621593671,1.0120298862457275,0.0007455679005943239
0.048330335311200234,0.9916574954986572,0.0007414729334414005
0.048369560152214386,1.0093116760253906,0.0007560476078651845
0.048424866827366686,1.0040488243103027,0.0007593095651827753
0.04844765372197979,0.9936273097991943,0.0007674491498619318
0.0485170164444072,1.0220922231674194,0.0007724359747953713
0.048523561755164146,0.9932094812393188,0.0007821796461939812
0.04859804832766845,0.991317629814148,0.0007660924457013607
0.0486069700809072,1.0102063417434692,0.0007784849731251597
0.04877978833141239,1.012062668800354,0.0007457898464053869
0.04882106059868063,0.9925673007965088,0.000741789408493787
0.04886029350182586,1.0089035034179688,0.0007559951045550406
0.048915593266878554,1.0014221668243408,0.0007581363315694034
0.04893838822314056,0.9933427572250366,0.0007670967606827617
0.04900774403562913,1.0222010612487793,0.0007722041918896139
0.049014297243505034,0.9939360022544861,0.0007821771432645619
0.04908878389875626,0.9899792075157166,0.000765294476877898
0.04909769865930913,1.0089051723480225,0.0007779795560054481
0.049270520447209476,1.0116875171661377,0.0007460528868250549
0.04931178580405671,0.9912633895874023,0.0007416888256557286
0.04935102685159787,1.0098729133605957,0.0007561387028545141
0.04940631970622966,1.0023778676986694,0.000758484355174005
0.04942912264235766,0.9934214353561401,0.0007670818595215678
0.0494984716266903,1.0218839645385742,0.0007729106000624597
0.04950503264958084,0.9946588277816772,0.0007828907109797001
0.049579519551627094,0.9908551573753357,0.0007656622328795493
0.0495884271550443,1.009879469871521,0.0007786458008922637
0.049761252562845804,1.0139636993408203,0.0007460378110408783
0.049802511091537105,0.9915505647659302,0.0007417777087539434
0.0498417602009682,1.0103557109832764,0.0007564973784610629
0.049897046227685204,1.0026353597640991,0.0007584697450511158
0.04991985714400038,0.9949604272842407,0.0007677432731725276
0.04998919921775158,1.0218822956085205,0.0007720306748524308
0.049995768138082264,0.9942086338996887,0.0007822926272638142
0.050070255204497816,0.9911121726036072,0.0007658039103262126
0.050079155733044556,1.0100231170654297,0.0007784407935105264
0.05025198467856251,1.0124058723449707,0.0007461350178346038
0.05029323629707394,0.9924746155738831,0.0007417826564051211
0.05033249355033864,1.0100218057632446,0.0007565346895717084
0.05038777266687566,1.003832221031189,0.0007589487941004336
0.05041059164516126,0.9937648177146912,0.0007672483916394413
0.0504799268089734,1.021605134010315,0.0007721386500634253
0.05048650354464013,0.9942266941070557,0.000782431976404041
0.050560990775264436,0.9899781942367554,0.0007652841159142554
0.05056988431160703,1.009218454360962,0.0007777698920108378
0.050742716712014135,1.0115635395050049,0.0007457257597707212
0.05078396150277131,0.9909393191337585,0.0007415534346364439
0.05082322690027141,1.0080742835998535,0.0007556841010227799
0.05087849910622677,1.0013614892959595,0.0007587455911561847
0.05090132606405684,0.9941321611404419,0.0007668171892873943
0.050970654399873916,1.021101951599121,0.0007722639129497111
0.05097723903330209,0.9926294088363647,0.0007820330793038011
0.05105172642813516,0.9895058274269104,0.000765929464250803
0.05106061289000907,1.0095593929290771,0.0007787013310007751
0.051233448827489814,1.0127934217453003,0.000745972793083638
0.05127468679017144,0.9924081563949585,0.0007417589076794684
0.05131396016777834,1.0102306604385376,0.0007566188578493893
0.05136922554573853,1.0036039352416992,0.0007589991437271237
0.05139206056537837,0.9939613342285156,0.000766664685215801
0.051461381990774435,1.0220221281051636,0.0007725335890427232
0.05146797452164298,0.9935100674629211,0.0007818371523171663
0.05154246208116664,0.9906828999519348,0.0007659096736460924
0.051551341468089595,1.0081756114959717,0.0007777418359182775
0.05172418094296549,1.0105830430984497,0.0007453339640051126
0.0517654119953066,0.9907915592193604,0.0007414979627355933
0.05180469351722916,1.0114264488220215,0.0007563708932138979
0.05185995198508975,1.0014194250106812,0.000758229463826865
0.05188279506702109,0.9945793747901917,0.0007674795342609286
0.05195210949957063,1.0217665433883667,0.0007720424327999353
0.05195870992787943,0.9944294095039368,0.0007823004270903766
0.05203319765225445,0.9914068579673767,0.0007660650881007314
0.05204207004633077,1.0107097625732422,0.0007781147724017501
0.05221491305860193,1.010575771331787,0.0007455070735886693
0.052256137283108295,0.9906322956085205,0.0007415534928441048
0.05229542686684063,1.0115412473678589,0.0007563636172562838
0.052350678424601615,1.003042459487915,0.0007582842954434454
0.052373529568342625,0.9934835433959961,0.0007669355836696923
0.05244283709079245,1.0214661359786987,0.0007721948786638677
0.05244944541622032,0.9936955571174622,0.0007825554348528385
0.05252393330512528,0.9900606274604797,0.0007658819085918367
0.05253279854214632,1.0104613304138184,0.0007781471940688789
0.052705645092133935,1.0122021436691284,0.0007456553285010159
0.05274686248832372,0.9925026297569275,0.0007425257354043424
0.052786160216291345,1.009162425994873,0.0007558671059086919
0.05284140486395272,1.0025352239608765,0.0007582993130199611
0.052864263987238314,0.9938563108444214,0.0007666019955649972
0.05293356468185373,1.022806167602539,0.0007726259646005929
0.05294018082245677,0.9938448667526245,0.0007828606758266687
0.053014668957996,0.991187334060669,0.0007648873724974692
0.05302352712022684,1.0102216005325317,0.0007785825873725116
0.05319637720777015,1.0123186111450195,0.0007456793100573123
0.053237587693699906,0.9919926524162292,0.0007419821922667325
0.053276893565742056,1.010863184928894,0.0007562519167549908
0.05333213130314318,1.0025209188461304,0.0007587340660393238
0.053354998488720384,0.9953308701515198,0.0007671685889363289
0.0534242922729149,1.022207260131836,0.0007725022733211517
0.05343091631127961,0.9932181239128113,0.000782343209721148
0.05350540452892316,0.9901005029678345,0.0007652073982171714
0.053514255698789315,1.0108481645584106,0.0007779935258440673
0.05368710932340648,1.0104889869689941,0.0007452530553564429
0.05372831298166236,0.9923692941665649,0.0007417841115966439
0.053767626915674716,1.010923147201538,0.0007564109400846064
0.05382285774233364,1.0010215044021606,0.0007589220185764134
0.053845732989881157,0.9952973127365112,0.0007672025240026414
0.05391501986381542,1.021787166595459,0.000771959952544421
0.053921651799620274,0.9920196533203125,0.000782283372245729
0.05399614018227594,0.9907338619232178,0.0007658039103262126
0.05400498427703071,1.0089055299758911,0.0007781162275932729
0.054177841356617185,1.012572169303894,0.0007459511398337781
0.05421903818719909,0.9929284453392029,0.0007420555921271443
0.0542583601833424,1.011326551437378,0.0007566090789623559
0.05431358418200616,1.0012860298156738,0.000758733251132071
0.054336467408696576,0.9932336211204529,0.0007666667806915939
0.054405747454715936,1.0211577415466309,0.0007720375433564186
0.05441238720569608,0.9935367107391357,0.0007825045031495392
0.054486875835307425,0.9908522367477417,0.0007660748669877648
0.05449571285511112,1.0087758302688599,0.0007774973637424409
0.05466857347209286,1.0125013589859009,0.0007457738392986357
0.05470976339233424,0.9922274351119995,0.0007416400476358831
0.054749093532793225,1.0098168849945068,0.0007560334051959217
0.054804310621357266,1.0012221336364746,0.0007581639220006764
0.05482720191025903,0.9937452077865601,0.0007668838370591402
0.05489647496367267,1.020143985748291,0.000773073872551322
0.054903122694358264,0.9926955103874207,0.0007823400665074587
0.054977611405913285,0.9915035367012024,0.000766120501793921
0.05498644143351317,1.009466528892517,0.0007773808902129531
0.05515930558788995,1.0129854679107666,0.000745900091715157
0.05520048867973426,0.9930921196937561,0.0007421638583764434
0.055239826882243825,1.0112526416778564,0.000756617751903832
0.055295037060547725,1.0016794204711914,0.0007579433149658144
0.055317936329476125,0.9953821897506714,0.0007671486819162965
0.05538720255505536,1.0222307443618774,0.0007725955219939351
0.05539385810035369,0.993363082408905,0.0007821010076440871
0.05546834705894477,0.9916307926177979,0.0007660752744413912
0.05547716992932861,1.0085926055908203,0.0007774307741783559
0.05565003770352628,1.0114141702651978,0.000745566503610462
0.055691213885431745,0.9901198148727417,0.0007412986597046256
0.0557305602318553,1.010977029800415,0.0007565668784081936
0.05578576350005959,1.0014681816101074,0.0007582636317238212
0.0558086708306369,0.9950227737426758,0.0007668816833756864
0.05587793014611642,1.0216937065124512,0.0007724273018538952
0.055884593588935494,0.9932652711868286,0.0007821237086318433
0.05595908271181549,0.9898097515106201,0.0007659792900085449
0.05596789850732886,1.009343147277832,0.0007772977696731687
0.0561407697369779,1.0120303630828857,0.0007460537599399686
0.05618193909096858,0.9912107586860657,0.000741592375561595
0.05622129358130601,1.0138592720031738,0.00075701461173594
0.05627648993916967,1.000949501991272,0.0007579163648188114
0.05629940533195821,0.9948381185531616,0.0007668710895814002
0.05636865773701705,1.0207345485687256,0.0007723522139713168
0.05637532899549336,0.9927297234535217,0.0007824827916920185
0.05644981828242124,0.9918190240859985,0.0007661869167350233
0.056458627085811064,1.00941002368927,0.0007782983593642712
0.05663150185269461,1.012959599494934,0.0007457587635144591
0.05667266437844898,0.9910931587219238,0.0007417858578264713
0.0567120268486524,1.0134530067443848,0.000757081841584295
0.05676721637860116,1.0002995729446411,0.0007575546624138951
0.05679013975085401,0.9931046366691589,0.0007665341254323721
0.056859385328078216,1.0214685201644897,0.000771883933339268
0.05686606448383402,0.99278324842453,0.0007825895445421338
0.05694055393577413,0.9921454787254333,0.0007668794132769108
0.056949355664213,1.0094894170761108,0.0007773758261464536
0.05712223396817029,1.0113497972488403,0.000746413366869092
0.05716338958382505,0.9916062355041504,0.0007422936614602804
0.057202760198585056,1.0132476091384888,0.0007569374865852296
0.05725794281827379,1.0008162260055542,0.0007577456999570131
0.05728087425201478,0.9950165748596191,0.0007668141042813659
0.05735011283671365,1.0227500200271606,0.0007725484319962561
0.057356799889909826,0.9935567378997803,0.0007827790104784071
0.05743128958888599,0.9908280968666077,0.0007663420983590186
0.05744008424229352,1.008337140083313,0.000778095971327275
0.05761296600138088,1.0115262269973755,0.0007457846659235656
0.05765411478904059,0.9925796389579773,0.0007430767291225493
0.05769349354803588,1.0123990774154663,0.0007567349821329117
0.057748669257464136,1.0018301010131836,0.0007579855155199766
0.05777160867139264,0.9948345422744751,0.0007665941375307739
0.05784084042793558,1.020306944847107,0.0007723129238002002
0.05784753537841136,0.9939549565315247,0.0007829685346223414
0.057922025241676445,0.990659236907959,0.0007660414557904005
0.05793081273826972,1.0093703269958496,0.0007775197154842317
0.05810369811701732,1.0124980211257935,0.0007459020125679672
0.05814484007652099,0.9923706650733948,0.0007416015723720193
0.05818422689748648,1.0129919052124023,0.0007568597211502492
0.05823939561438962,1.0012885332107544,0.0007574937772005796
0.05826234317271406,0.9947543740272522,0.0007668870384804904
0.05833156801931805,1.0215835571289062,0.0007722818991169333
0.05833827078448717,0.9942192435264587,0.0007825277280062437
0.05841276081260349,0.9910699725151062,0.0007669792976230383
0.058421541316350245,1.009831428527832,0.0007773945108056068
0.0585944302328143,1.01181161403656,0.0007456423481926322
0.05863556528221836,0.9912866353988647,0.0007415245054289699
0.05867496016499363,1.0116479396820068,0.0007563434774056077
0.05873012205374084,1.0009440183639526,0.0007576049538329244
0.05875307767387472,0.995699942111969,0.0007669734768569469
0.05882229561021857,1.0214236974716187,0.0007722168229520321
0.05882900627298859,0.9930404424667358,0.0007823347114026546
0.058903496465474325,0.9902206659317017,0.0007662020507268608
0.05891226989475218,1.0102812051773071,0.0007774830446578562
0.059085162266185653,1.0112148523330688,0.000745323661249131
0.059126290487594546,0.9922869801521301,0.0007421562913805246
0.05916569351436396,1.0127192735671997,0.0007567285792902112
0.0592208484929313,1.0023603439331055,0.0007581367972306907
0.05924381209309182,0.9926798343658447,0.00076611980330199
0.05931302311877373,1.0214524269104004,0.0007724232273176312
0.059319741679546456,0.993885338306427,0.0007825372740626335
0.05939423211834516,0.9905725717544556,0.0007667848840355873
0.05940299847323438,1.0093623399734497,0.0007771755917929113
0.05957589438190236,1.0119471549987793,0.0007461089990101755
0.059617015775074944,0.9940475821495056,0.0007424122304655612
0.0596564268640557,1.0125600099563599,0.0007577259675599635
0.05971157493228241,1.0004019737243652,0.0007580347592011094
0.0597345465942527,0.9953857660293579,0.0007669391925446689
0.05980375070991528,1.0210672616958618,0.0007717012194916606
0.05981047716788723,0.9932909607887268,0.000782521499786526
0.059884967689432855,0.9902393221855164,0.0007664236472919583
0.05989372696896966,1.0092581510543823,0.0007770579541102052
0.06006662641503269,1.010183334350586,0.0007453480502590537
0.06010774098061167,0.9924125671386719,0.0007417974411509931
0.06014716021398847,1.0128755569458008,0.0007568700239062309
0.060202301371954925,1.0005828142166138,0.0007578233489766717
0.06022528101314828,0.9950093626976013,0.0007663678261451423
0.0602944783008158,1.0216623544692993,0.0007721316651441157
0.06030121257396304,0.9933583736419678,0.0007828064844943583
0.06037570334246445,0.9900071024894714,0.0007664620643481612
0.060384455547050186,1.0071755647659302,0.0007768705254420638
0.060557358530508476,1.0124907493591309,0.0007455428713001311
0.060598466185746824,0.9921997785568237,0.0007419610628858209
0.0606378934811741,1.0134351253509521,0.0007570157758891582
0.060693027811145384,1.0013608932495117,0.0007577495416626334
0.06071601551471084,0.9940295815467834,0.0007663448341190815
0.06078520589187708,1.0203739404678345,0.0007717690314166248
0.06079194806262511,0.9927448034286499,0.0007828106172382832
0.06086643899533528,0.9909287095069885,0.0007671519997529685
0.06087518412545212,1.0083850622177124,0.0007772341486997902
0.0610480906464661,1.0119611024856567,0.0007462011999450624
0.06108919139088187,0.9926585555076599,0.0007423896458931267
0.06112862683062492,1.0121756792068481,0.0007567318389192224
0.06118375425033584,1.0018678903579712,0.0007583189872093499
0.06120674993384756,0.9935950636863708,0.0007662879070267081
0.061275933400994465,1.0205129384994507,0.0007725370232947171
0.061282683468620536,0.9934766292572021,0.0007825138163752854
0.06135717464836665,0.9902036786079407,0.0007663564174436033
0.061365912703532643,1.0081101655960083,0.0007770354859530926
0.061538822679997995,1.0116746425628662,0.0007456970633938909
0.061579916678844326,0.9920052886009216,0.0007418588502332568
0.06161936018023628,1.0124878883361816,0.0007568332366645336
0.0616744806898476,1.0009394884109497,0.0007576066418550909
0.06169748443500833,0.9955933690071106,0.0007665808079764247
0.061766660991895095,1.0207594633102417,0.0007718708948232234
0.06177341895720245,0.9932183623313904,0.0007830560207366943
0.06184791021897251,0.991644024848938,0.0007669554906897247
0.061856641199508844,1.0083110332489014,0.0007770266383886337
0.062029554795473674,1.0125641822814941,0.0007456449675373733
0.06207064188438116,0.9929224252700806,0.0007424618233926594
0.06211009352992802,1.0135821104049683,0.0007573915645480156
0.06216520712903817,1.0006123781204224,0.0007577485521323979
0.06218821893632975,0.9950898289680481,0.0007665765006095171
0.062257388582795614,1.0203444957733154,0.000772492669057101
0.062264154363760205,0.993269681930542,0.0007827018271200359
0.062338645872164644,0.9914769530296326,0.0007670582854188979
0.062347369778071426,1.0079635381698608,0.0007766337948851287
0.06252028682884503,1.0120413303375244,0.000745931698475033
0.06256136708959659,0.992245614528656,0.0007418391178362072
0.06260082679735468,1.0137865543365479,0.0007567206048406661
0.06265593356838928,0.9996874332427979,0.0007574261981062591
0.06267895335522544,0.9952163696289062,0.0007670943741686642
0.0627481160915917,1.0215041637420654,0.0007719523273408413
0.06275488985226174,0.9929952025413513,0.0007826833170838654
0.06282938152551742,0.989799976348877,0.0007664093864150345
0.06283809835615206,1.008681297302246,0.0007768726791255176
0.06301101894432082,1.0109719038009644,0.0007458202890120447
0.06305209229497266,0.9924001693725586,0.0007415141444653273
0.06309156014696604,1.0133216381072998,0.0007568872533738613
0.06314665992579682,1.0000638961791992,0.0007570964517071843
0.06316968785670762,0.9942091703414917,0.0007665927987545729
0.06323884368249233,1.02108633518219,0.0007717915577813983
0.06324562525833743,0.9939377307891846,0.0007839835598133504
0.06332011717854891,0.9912073016166687,0.0007670839549973607
0.06332882693423258,1.0084164142608643,0.0007778896833769977
0.06350175097753141,1.0118736028671265,0.0007459689513780177
0.06354281750018809,0.992011308670044,0.0007421068730764091
0.06358229349641675,1.0143932104110718,0.0007570199086330831
0.06363738636498728,1.0001503229141235,0.0007571127498522401
0.06366042227608537,0.9935145974159241,0.0007654813234694302
0.06372957127371415,1.0191783905029297,0.0007715128012932837
0.06373636074667821,0.9909712076187134,0.0007820747559890151
0.06381085274915477,0.9913555383682251,0.0007670207996852696
0.06381955543020879,1.007062554359436,0.0007764543988741934
0.06399248309348915,1.0122181177139282,0.0007463701185770333
0.06403354278766848,0.9924202561378479,0.0007419331814162433
0.0640730267636026,1.0142852067947388,0.0007575814961455762
0.06412811280417785,1.000048279762268,0.0007572334143333137
0.06415115677716576,0.9931086897850037,0.0007661589188501239
0.06422029886509673,1.019801139831543,0.0007718041888438165
0.06422709615323607,0.9927377700805664,0.0007826074725016952
0.06430158840202549,0.9898245334625244,0.0007671968778595328
0.06431028400828931,1.0093177556991577,0.0007767876959405839
0.06448321520912548,1.0122414827346802,0.0007466499810107052
0.06452426799336597,0.9928197264671326,0.0007429044344462454
0.06456376011337461,1.0139350891113281,0.0007570373127236962
0.06461883924352885,0.9999237060546875,0.0007570935995317996
0.0646418911959813,0.9935040473937988,0.0007655358640477061
0.06471102637373216,1.0203979015350342,0.0007718323031440377
0.06471783164181777,0.9918861389160156,0.0007826356450095773
0.06479232405505697,0.9900203943252563,0.0007668146281503141
0.06480101258669113,1.0079784393310547,0.0007772361277602613
0.06497394724233618,1.0109604597091675,0.0007459651096723974
0.06501499319874215,0.993395209312439,0.0007420018664561212
0.06505449346298597,1.0120426416397095,0.0007566099520772696
0.06510956568271942,0.9994288086891174,0.0007575941272079945
0.06513262569746336,0.9945246577262878,0.000766008161008358
0.06520175396455241,1.0218780040740967,0.0007720840512774885
0.0652085670478133,0.9937493205070496,0.0007830761023797095
0.0652830597082491,0.991241455078125,0.000767214922234416
0.06529174116517344,1.009117603302002,0.0007777801365591586
0.06546467935805278,1.0114741325378418,0.0007458127220161259
0.06550571840395758,0.992682933807373,0.0007417491287924349
0.06554522673033236,1.0149034261703491,0.0007572409813292325
0.0656002921221508,1.0001554489135742,0.0007576463394798338
0.06562336011635905,0.9944593906402588,0.0007663259166292846
0.06569248155569396,1.0199685096740723,0.0007720801513642073
0.06569930253647538,0.9946209192276001,0.0007833181298337877
0.06577379536128058,0.9930881261825562,0.0007690496277064085
0.06578246966090862,1.009074330329895,0.0007767943316139281
0.0659554113911831,1.011250376701355,0.0007456727907992899
0.0659964436094943,0.9915274381637573,0.0007417861488647759
0.06603596008010437,1.0136568546295166,0.000756994413677603
0.06609101856174304,0.9998723268508911,0.000756969500798732
0.06611409461768059,0.9951208829879761,0.0007665684097446501
0.0661832090643294,1.0207462310791016,0.0007719732238911092
0.06619003794255118,0.9941666722297668,0.0007829003152437508
0.06626453093220774,0.990903377532959,0.0007674535154365003
0.06627319823898914,1.0091497898101807,0.0007766421185806394
0.06644614350665878,1.0113784074783325,0.0007457304745912552
0.06648716889697481,0.9912900924682617,0.000741495518013835
0.0665266934295552,1.0143786668777466,0.0007571597816422582
0.06658174491866853,0.9990633130073547,0.000757090630941093
0.06660482903705833,0.9929312467575073,0.0007653768989257514
0.06667393665539056,1.0209136009216309,0.0007719239802099764
0.06668077334862699,0.9933982491493225,0.0007831558468751609
0.0667552665849982,0.9921086430549622,0.0007682074792683125
0.06676392681739107,1.0074411630630493,0.0007764838519506156
0.06693687554035155,1.0117958784103394,0.0007456719758920372
0.06697789410235089,0.9924342632293701,0.0007419577450491488
0.06701742669674093,1.014101505279541,0.0007570889429189265
0.06707247135785899,1.0000736713409424,0.0007569566369056702
0.06709556353846002,0.9930189251899719,0.0007654488435946405
0.06716466424677314,1.021530270576477,0.0007726073381491005
0.06717150883744982,0.9922343492507935,0.0007824470521882176
0.06724600223778865,0.990302324295044,0.00076780014205724
0.06725465531320673,1.0080369710922241,0.0007764199981465936
0.06742760765614852,1.012109398841858,0.0007461498607881367
0.06746861930804826,0.9920073747634888,0.0007419155444949865
0.0675081600463523,1.0150012969970703,0.0007578994845971465
0.06756319779737074,0.9991544485092163,0.0007567863794974983
0.06758629795727555,0.994367778301239,0.0007658150279894471
0.06765539175540858,1.0200523138046265,0.0007717940025031567
0.06766224424368628,0.9929752349853516,0.0007826638175174594
0.06773673789098078,0.9916989803314209,0.00076775107299909
0.06774538389144791,1.008816123008728,0.0007765418849885464
0.06791833968935923,1.0104458332061768,0.0007451867568306625
0.06795934451342445,0.9936692118644714,0.0007421333575621247
0.06799889331385933,1.0144410133361816,0.0007569272420369089
0.06805392423672196,0.999535322189331,0.0007569171139039099
0.06807703245843622,0.9933733344078064,0.0007658072863705456
0.06814611934630921,1.020607352256775,0.0007717668195255101
0.06815297973202716,0.9922576546669006,0.0007824968779459596
0.06822747354401226,0.9909555315971375,0.000767792051192373
0.06823611247001038,1.0080019235610962,0.0007764647016301751
0.06840907180499556,1.0124849081039429,0.0007462071371264756
0.06845006971863976,0.9922868609428406,0.0007416062871925533
0.06848962666347069,1.0145505666732788,0.0007570433081127703
0.06854465067623383,0.9993299245834351,0.000756911002099514
0.06856776687765331,0.9951865673065186,0.0007655743393115699
0.06863684693745076,1.0198780298233032,0.0007717138505540788
0.0686437151382635,0.9931920170783997,0.0007828273810446262
0.06871820911493942,0.9906485676765442,0.0007678850670345128
0.06872684096582593,1.0069842338562012,0.0007762176101095974
0.0688998038384473,1.012238621711731,0.000745706376619637
0.0689407949238553,0.9925441145896912,0.000741830444894731
0.06898036001308205,1.014782428741455,0.0007571073365397751
0.06903537703331997,0.9998373985290527,0.0007566804415546358
0.06905850129670976,0.994887113571167,0.0007658438407815993
0.06912757444632722,1.0193942785263062,0.0007712685037404299
0.06913445062660428,0.9939922094345093,0.0007830552640371025
0.0692089447679709,0.9915797710418701,0.0007676018867641687
0.06921756954390645,1.0087813138961792,0.0007762770401313901
0.06939053595384259,1.0107120275497437,0.0007457945612259209
0.06943152012939202,0.9936732053756714,0.000742957170587033
0.0694710932802679,1.0147218704223633,0.0007579372613690794
0.06952610347251031,0.9993204474449158,0.0007567653665319085
0.06954923579819194,0.9952710866928101,0.0007658533286303282
0.06961830203738839,1.0189019441604614,0.000771533465012908
0.06962518603268009,0.9924571514129639,0.0007826435030438006
0.06969968042084174,0.9921997785568237,0.0007679086411371827
0.06970829812214785,1.008649468421936,0.000776813249103725
0.0698812679873746,1.0106549263000488,0.0007457749452441931
0.06992224541703318,0.9928270578384399,0.0007422738708555698
0.06996182662971862,1.0134203433990479,0.0007570192683488131
0.07001682991170088,0.9994345307350159,0.0007566983695141971
0.07003997021724828,0.9941186308860779,0.0007661601412110031
0.07010902954634524,1.0213934183120728,0.0007722698501311243
0.07011592143923795,0.9935877323150635,0.0007832373376004398
0.07019041607371246,0.9911410212516785,0.0007680276175960898
0.07019902661828459,1.0092986822128296,0.0007766687776893377
0.07037200002106725,1.0128639936447144,0.0007466854876838624
0.07041297062240925,0.9925817251205444,0.0007419766043312848
0.07045255989722554,1.0144048929214478,0.0007569502922706306
0.07050755635105199,0.9992181062698364,0.0007564896950498223
0.07053070471840905,0.9940327405929565,0.0007654140936210752
0.07059975713724576,1.0198023319244385,0.0007715407991781831
0.07060665692781976,0.9922508597373962,0.0007825177744962275
0.07068115172674394,0.9949951171875,0.0007687804754823446
0.07068975519652587,1.0084067583084106,0.0007763260509818792
0.07086273213654293,1.0125634670257568,0.0007459203479811549
0.07090369582794609,0.9922823309898376,0.0007418430759571493
0.0709432932468369,1.0158790349960327,0.0007575034396722913
0.07099828270829878,0.9983422756195068,0.0007560698431916535
0.07102143913730485,0.9940646886825562,0.0007654844666831195
0.07109048472814627,1.0190848112106323,0.0007713613449595869
0.07109739233381518,0.9922480583190918,0.0007828341331332922
0.07117188738009683,0.9939908981323242,0.0007683708681724966
0.0711804837749277,1.0077670812606812,0.0007763964240439236
0.07135346416975363,1.0125401020050049,0.0007460556225851178
0.07139442103316151,0.9923686981201172,0.000741656229365617
0.07143402659652875,1.0142213106155396,0.0007571222959086299
0.07148900914765,0.9989014267921448,0.0007564076804555953
0.07151217363894757,0.9951664805412292,0.0007655328954569995
0.07158121223694247,1.0181617736816406,0.0007710058707743883
0.07158812782247737,0.993391752243042,0.0007831727270968258
0.07166262295102388,0.9917081594467163,0.0007684192969463766
0.071671212270904,1.0078709125518799,0.0007761971210129559
0.07184419628539007,1.0109577178955078,0.0007455365848727524
0.07188514623837683,0.9920416474342346,0.0007418848108500242
0.07192475986395541,1.0164365768432617,0.0007576007046736777
0.07197973558708148,0.9986177086830139,0.0007562137907370925
0.07200290805800402,0.9943724870681763,0.0007656583329662681
0.07207193982800364,1.021517276763916,0.0007724292809143662
0.07207886322855306,0.9931726455688477,0.0007827345398254693
0.07215335860389471,0.9911993741989136,0.0007680539274588227
0.07216194084898453,1.0082846879959106,0.0007765108603052795
0.07233492831876132,1.0108287334442139,0.0007456109160557389
0.07237587144375301,0.9921460747718811,0.0007415289292111993
0.07241549321356688,1.0149867534637451,0.00075671321246773
0.07247046202651286,0.998078465461731,0.0007561421953141689
0.07249364247689982,0.9946227669715881,0.0007653256761841476
0.0725626673369606,1.0180379152297974,0.0007718679844401777
0.07256959863478951,0.9929690361022949,0.0007826949586160481
0.0726440942569262,0.9923994541168213,0.000768149271607399
0.07265266942706505,1.0073654651641846,0.0007761306478641927
0.0728256604345584,1.0120773315429688,0.0007465542294085026
0.07286659664928974,0.9927474856376648,0.0007419346948154271
0.07290622648075251,1.0156433582305908,0.0007573605980724096
0.07296118838343835,0.9986643195152283,0.0007562781102024019
0.07298437697838189,0.99484783411026,0.0007653985521756113
0.07305339492802165,1.0193192958831787,0.000771204533521086
0.07306033412361235,0.9937610626220703,0.0007833109702914953
0.07313482990979703,0.9914092421531677,0.0007692758808843791
0.07314339792336266,1.0083566904067993,0.0007760219741612673
0.07331639246792976,1.0117065906524658,0.0007456736639142036
0.07335732185466592,0.9916013479232788,0.0007413214771077037
0.07339695983052452,1.0167655944824219,0.0007576834759674966
0.07345191482262892,0.9983999729156494,0.0007561373640783131
0.07347511139719731,0.994605541229248,0.0007652421481907368
0.0735441224366572,1.0196954011917114,0.0007714983657933772
0.07355106953000956,0.9941126704216003,0.0007834429270587862
0.0736255655628284,0.9930310845375061,0.0007680760463699698
0.07363412650160395,1.0074260234832764,0.0007759335567243397
0.07380712450114035,1.0108762979507446,0.0007455817540176213
0.073848047060042,0.9929496645927429,0.0007423427305184305
0.07388769309819232,1.0159752368927002,0.000757494883146137
0.07394264126230143,0.9992311000823975,0.0007564689149148762
0.07396584589827782,0.9955202341079712,0.0007662918069399893
0.07403485002755772,1.0200587511062622,0.0007716616964899004
0.07404180493600498,0.9928366541862488,0.0007831422844901681
0.07411630121618118,0.9914057850837708,0.0007683149306103587
0.07412485507968447,1.0073720216751099,0.0007761194137856364
0.07429785661661603,1.0107604265213013,0.0007470816490240395
0.07433877226525742,0.9936851263046265,0.0007421837071888149
0.07437842644756265,1.016971230506897,0.0007576934294775128
0.07443336770165254,0.9979875087738037,0.0007560938829556108
0.07445658031765556,0.9951183795928955,0.0007655165973119438
0.07452557761869927,1.0186330080032349,0.000771928287576884
0.07453254042426549,0.9926326274871826,0.0007832561386749148
0.07460703678678704,0.9926344156265259,0.0007691951468586922
0.07461558357582121,1.0062700510025024,0.0007751799421384931
0.07478858865014804,1.012158751487732,0.0007457444444298744
0.07482949747047285,0.9925628304481506,0.000742565665859729
0.07486915971466812,1.0164499282836914,0.0007579677039757371
0.07492409405857803,0.9980323910713196,0.0007561417296528816
0.07494731473687266,0.9958414435386658,0.0007655529771000147
0.07501630512757584,1.0182671546936035,0.0007712016231380403
0.0750232758306626,0.9913880228996277,0.0007827900117263198
0.07509777243965787,0.9918617010116577,0.0007683166768401861
0.07510631215382146,1.0074619054794312,0.000775667023845017
0.07527932068351939,1.0103814601898193,0.0007455623708665371
0.07532022267600968,0.9938921928405762,0.0007425026851706207
0.07535989306444024,1.0163391828536987,0.0007574058836326003
0.07541482049792914,0.9980354309082031,0.0007560800295323133
0.07543804923803332,0.9942771196365356,0.000766319571994245
0.07550703271863701,1.0180258750915527,0.0007711364305578172
0.07551401123689905,0.9942177534103394,0.0007834460702724755
0.07558850809285,0.9919568300247192,0.0007682574214413762
0.07559704064955675,1.0072120428085327,0.0007757637067697942
0.07577005279915572,1.0119643211364746,0.0007458048057742417
0.07581094788138576,0.9936019778251648,0.0007423453498631716
0.07585062633162587,1.0163822174072266,0.0007578925578854978
0.0759055469371196,0.9980309009552002,0.0007557514472864568
0.07592878365708977,0.9942788481712341,0.0007647780585102737
0.07599776022759386,1.0177674293518066,0.0007710893405601382
0.07600474672556123,0.9922989010810852,0.0007832131814211607
0.07607924374564046,0.9913309216499329,0.0007690151105634868
0.07608776922811933,1.0078022480010986,0.0007761063170619309
0.07626078483268783,1.011066198348999,0.0007456832681782544
0.07630167308684221,0.9933044910430908,0.0007428064127452672
0.07634135968123734,1.0170332193374634,0.0007573523325845599
0.07639627329404508,0.9977827072143555,0.0007561459206044674
0.07641951807598557,0.9945014715194702,0.0007652670028619468
0.07648848781865503,1.0183817148208618,0.0007712816586717963
0.07649548213179769,0.992760419845581,0.0007827897788956761
0.07656997939875221,0.9929225444793701,0.0007689472986385226
0.07657849780652115,1.0070374011993408,0.0007757121929898858
0.07675151686589843,1.0119669437408447,0.0007458951440639794
0.07679239829229867,0.9933866858482361,0.0007422895869240165
0.07683209294890503,1.0162372589111328,0.0007575940107926726
0.0768869997337176,0.9988068342208862,0.0007564570987597108
0.07691025257714623,0.9945377111434937,0.0007657876121811569
0.07697921532729046,1.017770767211914,0.000771213264670223
0.07698621762013835,0.9922652244567871,0.0007832108531147242
0.0770607150521051,0.992769181728363,0.0007690420025028288
0.07706922630233681,1.0076403617858887,0.0007759659201838076
0.0772422489813741,1.0093154907226562,0.0007449697004631162
0.07728312349751398,0.9932833909988403,0.0007421032059937716
0.07732282629835563,1.0157076120376587,0.000757371773943305
0.07737772617322947,0.9975191950798035,0.0007556515629403293
0.07740098699652409,0.9947309494018555,0.0007650956395082176
0.07746994291819109,1.0178353786468506,0.0007709241472184658
0.07747695302621416,0.9917120337486267,0.0007827701047062874
0.07755145070497582,0.9912529587745667,0.0007689284975640476
0.07755995488057799,1.0066262483596802,0.0007755699334666133
0.07773298101474546,1.0104793310165405,0.0007453180733136833
0.07777384870272952,0.994134247303009,0.0007425597286783159
0.07781355956554148,1.0173197984695435,0.0007582029211334884
0.07786845253015495,0.9970585107803345,0.0007554095354862511
0.07789172141558054,0.9951238632202148,0.0007655777735635638
0.07796067042730859,1.017040491104126,0.0007712835795246065
0.07796768843245061,0.9931574463844299,0.0007833734271116555
0.07804218635784665,0.9927522540092468,0.0007689801859669387
0.07805068337639354,1.006531834602356,0.0007762404275126755
0.0782237130481972,1.0106043815612793,0.0007453369908034801
0.0782645739084269,0.9937033653259277,0.0007426886004395783
0.07830429291515284,1.0169764757156372,0.0007575221825391054
0.07835917896950595,0.9971836805343628,0.0007560734520666301
0.0783824559167412,0.9951818585395813,0.0007652961649000645
0.07845139801836976,1.0171624422073364,0.0007708282792009413
0.07845842383884782,0.9914335608482361,0.0007824953063391149
0.07853292201087814,0.9929684400558472,0.0007694836240261793
0.07854141195447406,1.006844162940979,0.0007756142294965684
0.0787144451639138,1.0098342895507812,0.0007450014818459749
0.07875529911380308,0.9931544661521912,0.0007421814952977002
0.07879502618233858,1.0173481702804565,0.0007577317301183939
0.07884990540869652,0.9979239106178284,0.0007557920180261135
0.0788731903359583,0.9936102032661438,0.0007647371385246515
0.07894212552700519,1.0164518356323242,0.0007707402692176402
0.07894915932734925,0.9932934641838074,0.0007832305855117738
0.079023657581484,0.992759108543396,0.0007698385161347687
0.07903214053303664,1.0082366466522217,0.0007759782602079213
0.07920517719728515,1.0108660459518433,0.0007457815227098763
0.0792460243190185,0.994841456413269,0.0007424770155921578
0.07928575953211059,1.016438603401184,0.0007571471505798399
0.07934063176578265,0.9975853562355042,0.0007559084333479404
0.07936392475477372,0.9944755434989929,0.000765283708460629
0.07943285311822712,1.0176624059677124,0.0007708158809691668
0.07943989473374646,0.9915775656700134,0.0007825608481653035
0.07951439323459575,0.9931567907333374,0.0007696308894082904
0.07952286902901284,1.0071686506271362,0.0007755867554806173
0.07969590923049585,1.0107003450393677,0.0007454698206856847
0.07973674952439469,0.9939788579940796,0.0007423059432767332
0.07977649279977839,1.0166666507720947,0.0007576474454253912
0.07983135820545517,0.9975104928016663,0.0007556825876235962
0.07985465925585411,0.9949337244033813,0.0007658528629690409
0.07992358062686267,1.0172251462936401,0.0007707314216531813
0.07993063013974189,0.9910818934440613,0.0007825790671631694
0.08000512888786815,0.993096649646759,0.0007693759398534894
0.08001359760709337,1.0075746774673462,0.000775674358010292
0.08018664134597153,1.0107139348983765,0.0007455588201992214
0.08022747472961,0.9941846132278442,0.0007427642703987658
0.0802672261492291,1.0165976285934448,0.0007580087403766811
0.08032208464464563,0.9970993995666504,0.0007561100064776838
0.08034539367523197,0.99591064453125,0.0007658215472474694
0.08041430821792384,1.0179049968719482,0.0007709924248047173
0.08042136562800228,0.9935057759284973,0.0007831136463209987
0.08049586454106039,0.992709755897522,0.0007693719235248864
0.08050432610323033,1.0076744556427002,0.0007751323864795268
0.08067737337966419,1.0099542140960693,0.0007453107391484082
0.08071819993482543,0.994057834148407,0.0007424992509186268
0.08075795941633435,1.0179494619369507,0.0007577560027129948
0.08081281100157112,0.996736466884613,0.0007559231598861516
0.08083612809460972,0.9952614903450012,0.0007649571634829044
0.08090503572704133,1.0182048082351685,0.0007710271747782826
0.08091210103439939,0.9922583699226379,0.0007821278413757682
0.08098660019393122,0.9922307133674622,0.0007696139509789646
0.08099505468123058,1.0065219402313232,0.0007754177786409855
0.08116810541311592,1.0102624893188477,0.0007455978775396943
0.08120892514052291,0.9936526417732239,0.0007428118260577321
0.08124869268376111,1.0183013677597046,0.0007585878483951092
0.0813035374410026,0.9985816478729248,0.0007557194912806153
0.08132686259577049,0.9951117634773254,0.0007648470345884562
0.08139576331794196,1.0159828662872314,0.0007705787429586053
0.08140283644063584,0.9942111968994141,0.0007830907707102597
0.08147733584680195,0.9938443303108215,0.0007702523726038635
0.08148578317728705,1.0077930688858032,0.000775786757003516
0.08165883744624625,1.0099552869796753,0.0007453073048964143
0.08169965034605975,0.9934930205345154,0.0007422519265674055
0.08173942603337259,1.0173218250274658,0.0007579416851513088
0.08179426379784771,0.9959211349487305,0.0007547754212282598
0.08181759701466629,0.9942266941070557,0.0007652321946807206
0.0818864908265774,1.0181349515914917,0.0007715020328760147
0.08189357192929803,0.993104100227356,0.0007830380345694721
0.08196807149983343,0.9942079186439514,0.000769634498283267
0.08197651175584963,1.0061395168304443,0.0007754950784146786
0.08214956956204322,1.0095667839050293,0.000745229481253773
0.08219037555127517,0.9935596585273743,0.0007421857444569468
0.08223015930087962,1.0169233083724976,0.0007581972167827189
0.08228499023735947,0.9970412850379944,0.0007554691401310265
0.08230833143388339,0.995761513710022,0.0007653613574802876
0.08237721841763856,1.0174317359924316,0.0007710071513429284
0.08238430733553448,0.992439866065979,0.0007829628884792328
0.08245880715302567,0.9917993545532227,0.0007699436391703784
0.08246724025166519,1.005967140197754,0.000775434949900955
0.08264030159525393,1.0098447799682617,0.0007453938596881926
0.08268110075665114,0.9940653443336487,0.0007424048963002861
0.08272089265049098,1.0181279182434082,0.0007576434290967882
0.08277571667703199,0.9965305924415588,0.0007550822920165956
0.08279906585293972,0.9958844184875488,0.0007650975603610277
0.08286794592627411,1.0173307657241821,0.0007708552293479443
0.08287504274161028,0.9939975738525391,0.0007831939146853983
0.08294954280605704,0.9927484393119812,0.0007702471921220422
0.08295796882974571,1.0069092512130737,0.0007754021207801998
0.08313103362846463,1.0083954334259033,0.0007448280812241137
0.08317182596202732,0.9934775233268738,0.0007422768394462764
0.08321162591767672,1.0181554555892944,0.000757737027015537
0.08326644303395747,0.9968302249908447,0.0007551966700702906
0.08328980035426126,0.9953724145889282,0.0007652832427993417
0.08335867343523096,1.0166640281677246,0.0007707229815423489
0.08336577814768609,0.9924939274787903,0.0007824776112101972
0.08344027845908852,0.9933168292045593,0.0007701647700741887
0.083448697407987,1.0061901807785034,0.0007755779079161584
0.08362176566215729,1.011857271194458,0.0007460014894604683
0.08366255116724275,0.9947583675384521,0.0007427146774716675
0.08370235918486246,1.0173050165176392,0.0007576745701953769
0.08375716947314804,0.9975089430809021,0.0007553918403573334
0.08378053477347835,0.9942030310630798,0.0007655180525034666
0.08384940102661353,1.0166534185409546,0.0007712231017649174
0.08385651363650892,0.9919886589050293,0.0007826319779269397
0.08393101411195925,0.9932680726051331,0.0007698824629187584
0.08393942590380243,1.005858063697815,0.0007751918165013194
0.08411249769552864,1.0097193717956543,0.0007450564880855381
0.08415327637277958,0.9929577112197876,0.0007418958120979369
0.08419309253447382,1.0182600021362305,0.0007579291122965515
0.08424789583023418,0.9978986978530884,0.0007558396318927407
0.08427126919237415,0.9944311380386353,0.0007644518045708537
0.0843401285351687,1.0161526203155518,0.0007708987686783075
0.08434724904306667,0.9922562837600708,0.0007824863423593342
0.08442174976483008,0.9941734671592712,0.0007701830472797155
0.08443015448204372,1.0050445795059204,0.0007749730721116066
0.08460322981100432,1.010227084159851,0.0007453546859323978
0.08464400149621198,0.9935728907585144,0.0007421509362757206
0.08468382580198086,1.018829345703125,0.0007584544946439564
0.08473862226942452,0.9977667927742004,0.0007555831107310951
0.08476200361126973,0.9947817325592041,0.0007646369049325585
0.08483085612598884,1.01675283908844,0.0007705324678681791
0.08483798444914248,0.9922614097595215,0.0007827812223695219
0.08491248541818297,0.9934244155883789,0.0007699344423599541
0.08492088297834133,1.006135106086731,0.0007752212113700807
0.08509396184437568,1.0113000869750977,0.0007455014856532216
0.08513472670142741,0.993668258190155,0.0007421862101182342
0.08517455915159222,1.0164401531219482,0.0007574638002552092
0.08522934862651066,0.9973900318145752,0.0007554414332844317
0.08525273811259126,0.993981122970581,0.0007647129823453724
0.08532158363494569,1.016655445098877,0.0007709151250310242
0.08532871985521828,0.9936769604682922,0.0007830337272025645
0.0854032210713751,0.9934670925140381,0.0007702819420956075
0.08541161155642185,1.0058003664016724,0.000775451073423028
0.08558469387758627,1.01059889793396,0.0007452248246408999
0.08562545190656257,0.992763340473175,0.0007419668254442513
0.08566529241909937,1.0186446905136108,0.000758467533160001
0.08572007506618318,0.9964314103126526,0.0007553547038696706
0.08574347253172798,0.9945657849311829,0.0007654567016288638
0.08581231114358123,1.01588773727417,0.0007702123839408159
0.08581945534371971,0.992823600769043,0.0007828245870769024
0.08589395672416555,0.9943608045578003,0.0007702516159042716
0.0859023400522374,1.006280541419983,0.000775648804847151
0.08607542591079698,1.0084683895111084,0.0007450517150573432
0.08611617711201902,0.99382084608078,0.0007421844638884068
0.086156025686285,1.018651008605957,0.0007584431441500783
0.08621080150537375,0.996461808681488,0.0007546860142610967
0.08623420695086481,0.9943153858184814,0.0007647986640222371
0.0863030387346424,1.0150494575500488,0.0007710944628342986
0.08631019074979551,0.9911279678344727,0.000783422845415771
0.0863846923772773,0.9938951730728149,0.00077007245272398
0.08639306863063934,1.005421757698059,0.0007750532822683454
0.08656615794448963,1.0090116262435913,0.0007448544492945075
0.08660690231723434,0.9936888813972473,0.0007423747447319329
0.08664675903573571,1.0174652338027954,0.0007583093829452991
0.08670152786229923,0.9953955411911011,0.0007547299028374255
0.08672494136992126,0.9942089319229126,0.0007645247969776392
0.08679376624376,1.0160620212554932,0.0007703992887400091
0.08680092615603197,0.9910748600959778,0.0007828810485079885
0.08687542794788317,0.9935092329978943,0.0007700301939621568
0.0868837971263745,1.0063602924346924,0.0007753363461233675
0.08705689006028672,1.0111805200576782,0.0007457866449840367
0.08709762752261052,0.9941117763519287,0.0007424989016726613
0.0871374923030821,1.0184041261672974,0.0007581131067126989
0.08719225430181099,0.9957675933837891,0.0007547708228230476
0.08721567587108192,0.9952834248542786,0.0007657596725039184
0.08728449383466041,1.015115737915039,0.0007704658200964332
0.08729166156258972,0.9920092225074768,0.0007827487424947321
0.087366163600754,0.9934125542640686,0.0007704070303589106
0.08737452570469606,1.0031589269638062,0.0007749284850433469
0.08754762209341693,1.0097341537475586,0.0007451333804056048
0.0875883527283079,0.9930217266082764,0.0007426470401696861
0.0876282255704286,1.018728256225586,0.0007580687524750829
0.0876829806586561,0.9962499141693115,0.0007548010908067226
0.08770641028997772,0.9950801134109497,0.0007648145547136664
0.08777522134329607,1.0155912637710571,0.0007705105817876756
0.0877823970509306,0.9916589260101318,0.0007832125411368906
0.08785689925410667,0.9928801655769348,0.0007707596523687243
0.08786525420099356,1.0070195198059082,0.0007755622500553727
0.08803835412686867,1.009899616241455,0.0007461077766492963
0.08807907785125835,0.994511067867279,0.0007424902869388461
0.08811895892020061,1.0193530321121216,0.0007583870319649577
0.0881737070980877,0.9973085522651672,0.0007550502195954323
0.08819714470919482,0.9949023723602295,0.000764828990213573
0.08826594885209216,1.0158904790878296,0.0007704345625825226
0.08827313245700641,0.9927185773849487,0.0007820782484486699
0.08834763490713815,0.994318425655365,0.0007707655313424766
0.0883559827790742,1.0061397552490234,0.0007749617798253894
0.08852908616007937,1.0100501775741577,0.000745458877645433
0.08856980305647377,0.9927122592926025,0.0007424367940984666
0.088609692187547,1.0191644430160522,0.0007581044337712228
0.08866443345549513,0.9963828921318054,0.0007550682639703155
0.08868787912825127,0.9957504272460938,0.0007649349281564355
0.08875667644299268,1.017208218574524,0.0007708256598562002
0.08876386786340351,0.991534411907196,0.0007824712083674967
0.0888383705600091,0.9926126003265381,0.0007703665178269148
0.08884671127488974,1.007477879524231,0.0007756046834401786
0.08901981819329008,1.0102251768112183,0.0007451126584783196
0.08906052826184996,0.9941053986549377,0.0007424635696224868
0.08910042545473273,1.0196146965026855,0.0007579948869533837
0.08915515989468559,0.9953356385231018,0.0007549240253865719
0.0891786135473881,0.996178388595581,0.0007654533837921917
0.08924740395194952,1.0154677629470825,0.0007708216435275972
0.08925460326947932,0.992621660232544,0.0007826469955034554
0.08932910621304047,0.994537353515625,0.0007708111661486328
0.08933743977086595,1.0048924684524536,0.0007746462943032384
0.08951055022698273,1.0104435682296753,0.0007453940925188363
0.08955125346738668,0.9931991696357727,0.000741989875677973
0.08959115880418345,1.0179271697998047,0.000757806352339685
0.08964588625161107,0.9957899451255798,0.0007547542918473482
0.0896693479665247,0.9961580634117126,0.0007655122899450362
0.08973813146106713,1.0163546800613403,0.0007706931792199612
0.08974533867571577,0.9915258884429932,0.0007825340144336224
0.0898198418662326,0.9948561191558838,0.0007719266577623785
0.08982816834926777,1.004751205444336,0.0007749017677269876
0.09000128226035409,1.0081074237823486,0.000744533259421587
0.09004197867276287,0.9938439726829529,0.0007424787618219852
0.0900818920716101,1.0187199115753174,0.0007577605429105461
0.09013661269096218,0.9966660141944885,0.0007547338027507067
0.09016008246768559,0.9940508604049683,0.0007641595439054072
0.09022885905188716,1.0153506994247437,0.0007705189054831862
0.0902360741645386,0.9928534626960754,0.0007821766776032746
0.09031057751910343,0.9932447075843811,0.0007713752565905452
0.09031889684524408,1.0061753988265991,0.0007751652738079429
0.0904920142935648,1.0088413953781128,0.00074573460733518
0.09053270387829959,0.9941532611846924,0.0007422338239848614
0.09057262533919752,1.0195657014846802,0.0007581636309623718
0.09062733904836973,0.995962381362915,0.0007555449847131968
0.09065081688658128,0.9943283796310425,0.0007645940058864653
0.09071958656044232,1.0152429342269897,0.0007699282723478973
0.0907268095706143,0.9916845560073853,0.0007820615428499877
0.0908013131721348,0.9944443106651306,0.0007707829354330897
0.09080962542348525,1.005435824394226,0.000775679771322757
0.09098274640920112,1.0087066888809204,0.0007449091062881052
0.09102342900125004,0.9937155246734619,0.0007421242189593613
0.09106335860670456,1.0194593667984009,0.0007583775441162288
0.09111806548780121,0.9960927367210388,0.0007550501031801105
0.09114155130563761,0.9958383440971375,0.000764840398915112
0.09121031406939928,1.015540361404419,0.0007704100571572781
0.0912175449766901,0.9928485751152039,0.0007826362852938473
0.09129204882548769,0.9956264495849609,0.0007709069759584963
0.0913003539193008,1.006177544593811,0.000775559397879988
0.09147347844273312,1.009750485420227,0.0007450178964063525
0.09151415420646536,0.9938575029373169,0.0007422804483212531
0.09155409195615527,1.0197081565856934,0.0007581179379485548
0.09160879184464632,0.9956548810005188,0.0007545787375420332
0.09163228572485471,0.9954369068145752,0.0007648700848221779
0.09170104166046045,1.0153034925460815,0.0007708629709668458
0.09170828038292655,0.9916773438453674,0.000782246992457658
0.0917827845606235,0.9944124817848206,0.0007713024388067424
0.09179108249738133,1.0052473545074463,0.0007748960051685572
0.09196421047610448,1.0090806484222412,0.0007451170240528882
0.09200487941184154,0.9947413802146912,0.000742834061384201
0.09204482522350166,1.0198484659194946,0.0007581129902973771
0.0920995182018931,0.9958215355873108,0.0007551271701231599
0.09212302014391116,0.994356632232666,0.0007649849285371602
0.09219176916941729,1.0142821073532104,0.000769804057199508
0.09219901578900236,0.992239236831665,0.0007823673659004271
0.09227352021349433,0.9941526055335999,0.0007708247867412865
0.09228181099351829,1.0062224864959717,0.0007754950784146786
0.09245494250963648,1.0089085102081299,0.0007450844277627766
0.09249560461721762,0.9947229027748108,0.0007423596689477563
0.09253555849068751,1.0186376571655273,0.0007574701448902488
0.09259024464108367,0.9946565628051758,0.0007542354287579656
0.09261375456296761,0.9966498017311096,0.0007647236925549805
0.0926824966782136,1.0151405334472656,0.0007700510905124247
0.09268975127758416,0.9919732213020325,0.0007822111947461963
0.09276425586652581,0.9955304861068726,0.0007715518004260957
0.09277253957175946,1.0047866106033325,0.0007748377975076437
0.09294567454300784,1.0096570253372192,0.0007449360564351082
0.09298632974048948,0.9935441017150879,0.0007422707276418805
0.09302629184045952,1.0194873809814453,0.0007584533886983991
0.09308097099800916,0.9953653812408447,0.0007545542903244495
0.09310448906412849,0.9950361847877502,0.0007640946423634887
0.09317322426911401,1.0148327350616455,0.0007706034812144935
0.09318048668406165,0.9929345846176147,0.0007829220849089324
0.09325499151939654,0.994452714920044,0.0007716161198914051
0.09326326806789642,1.0064791440963745,0.0007752949022687972
0.09343640657621843,1.00867760181427,0.0007449385593645275
0.09347705494586545,0.9961930513381958,0.0007433508872054517
0.09351702510804694,1.0195519924163818,0.0007583576953038573
0.09357169743768168,0.995864987373352,0.0007543308893218637
0.09359522348302418,0.9943069815635681,0.0007641391130164266
0.09366395177774955,1.0143795013427734,0.0007698502158746123
0.09367122209013745,0.99083012342453,0.0007821593899279833
0.09374572717258878,0.9953357577323914,0.0007718822453171015
0.0937539966461376,1.004138469696045,0.000775035354308784
0.09392713860942914,1.0086733102798462,0.0007449024706147611
0.09396778015108098,0.9944092035293579,0.0007422252674587071
0.09400775837515218,1.0210040807724,0.0007587197469547391
0.09406242379476781,0.9950383305549622,0.0007543316460214555
0.09408595790240193,0.9941298961639404,0.0007645600708201528
0.09415467928654575,1.014169454574585,0.0007698186091147363
0.09416195749621326,0.9927594065666199,0.0007823570049367845
0.09423646282594156,0.9932025074958801,0.0007709302590228617
0.09424472514195315,1.0041862726211548,0.0007745693437755108
0.0944178706428005,1.0085573196411133,0.0007446284871548414
0.09445850535629641,0.9949373006820679,0.0007426469237543643
0.09449849164233803,1.0186488628387451,0.0007578117656521499
0.09455315023395816,0.9965924620628357,0.000754835142288357
0.09457669232161903,0.9946914911270142,0.0007643844583071768
0.09464540687776757,1.0127712488174438,0.0007696934626437724
0.09465269290261047,0.9927228093147278,0.0007826300570741296
0.09472719847881228,0.9950001835823059,0.000772039289586246
0.0947354536377687,1.0043280124664307,0.0007745693437755108
0.0949086026763325,1.009963870048523,0.0007451899000443518
0.09494923047948778,0.9939188361167908,0.0007419640314765275
0.09498922499211004,1.019656777381897,0.0007580295205116272
0.0950438765910443,0.9961230158805847,0.0007547347340732813
0.09506742674043445,0.9955267310142517,0.0007644540164619684
0.09513613438656376,1.0146540403366089,0.0007703704759478569
0.09514342830884692,0.9928126335144043,0.0007823950727470219
0.09521793413160284,0.9941500425338745,0.0007711374782957137
0.09522618221600998,1.003542423248291,0.0007744899485260248
0.09539933470970385,1.0078303813934326,0.0007446911185979843
0.09543995568494423,0.9952024817466736,0.0007428678218275309
0.09547995825929567,1.0203838348388672,0.0007580553647130728
0.09553460294796978,0.9967527389526367,0.0007547702989540994
0.09555816115957116,0.994284451007843,0.0007643252029083669
0.09562686189552072,1.0146756172180176,0.000769859820138663
0.095634163797509,0.9934648275375366,0.000782421266194433
0.0957086697847146,0.9937677979469299,0.000771332299336791
0.09571691071230759,1.003861904144287,0.0007743843598291278
0.09589006674323586,1.00892972946167,0.0007451864657923579
0.09593068089032042,0.9955189824104309,0.000742961885407567
0.09597069152664217,1.020394206047058,0.0007581741665489972
0.09602532938716035,0.9955053925514221,0.0007546222768723965
0.09604889557862761,0.995904266834259,0.0007652200874872506
0.09611758940415616,1.013931155204773,0.0007694516680203378
0.09612489920374556,0.9919313192367554,0.0007819515303708613
0.09619940543774608,0.9959155917167664,0.0007717762491665781
0.09620763929070941,1.0048021078109741,0.00077475217403844
0.09638079877644645,1.0092631578445435,0.0007451222627423704
0.09642140601359217,0.9950956106185913,0.000742663920391351
0.09646142479430986,1.0198843479156494,0.0007583903498016298
0.09651605574456779,0.9965001344680786,0.0007547683198936284
0.09653962999752341,0.995019793510437,0.0007641667034476995
0.0966083169949764,1.013663649559021,0.000769801321439445
0.09661563460998202,0.992729902267456,0.0007818390731699765
0.09669014109093821,0.9954951405525208,0.0007716742111369967
0.09669836778644458,1.004639983177185,0.0007746871560811996
0.09687153080957689,1.008319616317749,0.0007451443234458566
0.09691213121896824,0.9945266246795654,0.0007425391231663525
0.09695215806149549,1.0206183195114136,0.0007582688122056425
0.09700678218399938,0.9949921369552612,0.0007540286751464009
0.09703036441674051,0.994937002658844,0.0007643875433132052
0.09709904450385287,1.013291835784912,0.0007702589500695467
0.09710637001605771,0.9940517544746399,0.0007826906512491405
0.09718087674396969,0.9941567778587341,0.0007719669374637306
0.09718909628250116,1.0034266710281372,0.0007749347132630646
0.09736226284302851,1.0074139833450317,0.0007446661475114524
0.09740285642418367,0.9945308566093445,0.0007425096700899303
0.0974428914109462,1.0202797651290894,0.0007580036181025207
0.09749750854084438,0.9950552582740784,0.00075416115578264
0.09752109883611826,0.996337354183197,0.0007653995417058468
0.09758977201264896,1.0140727758407593,0.0007701030117459595
0.09759710542213351,0.9927496314048767,0.0007823911146260798
0.09767161239684041,0.9941799640655518,0.000771638413425535
0.09767982486058169,1.0052423477172852,0.0007746831979602575
0.09785299487639987,1.0080379247665405,0.0007446460076607764
0.09789358154713412,0.9939575791358948,0.0007424290524795651
0.0979336246782927,1.0200656652450562,0.0007579340599477291
0.09798823489809128,0.9955819845199585,0.0007543802494183183
0.09801183333727903,0.9961023330688477,0.0007654150831513107
0.09808049952160591,1.0142180919647217,0.0007698317058384418
0.09808784082869126,0.9943215847015381,0.0007829745882190764
0.09816234804971136,0.9949004650115967,0.0007713547674939036
0.09817055335639724,1.0060561895370483,0.0007751527591608465
0.09834372690993198,1.0083590745925903,0.0007448652177117765
0.09838430675283161,0.9956252574920654,0.0007427033851854503
0.09842435794547844,1.0214811563491821,0.0007592719048261642
0.09847896133728173,0.9953781962394714,0.0007540984661318362
0.09850256775609445,0.9959703683853149,0.0007644862052984536
0.09857122711266708,1.014458179473877,0.0007702768198214471
0.09857857623508837,0.9920035600662231,0.0007820710889063776
0.09865308370274284,0.9944009184837341,0.00077232182957232
0.09866128193495993,1.004639744758606,0.0007746989722363651
0.09883445894330334,1.0075745582580566,0.000744332792237401
0.09887503195820768,0.9965944886207581,0.0007429387187585235
0.09891509121298536,1.0209121704101562,0.0007584683480672538
0.09896968769436787,0.9950170516967773,0.0007541964878328145
0.09899330217523128,0.9957345128059387,0.0007647807360626757
0.09906195462162393,1.0143239498138428,0.0007703036535531282
0.0990693116410839,0.9922562837600708,0.0007822225452400744
0.09914381935609551,0.9955762624740601,0.0007723384769633412
0.09915201043093602,1.0039222240447998,0.0007745672482997179
0.09932519097651393,1.009199857711792,0.0007455804734490812
0.09936575708115813,0.9939802289009094,0.0007425976800732315
0.09940582448065316,1.0206950902938843,0.0007581348181702197
0.09946041413404039,0.9962131381034851,0.0007542985258623958
0.09948403659412697,0.9967917799949646,0.0007648050668649375
0.0995526821301791,1.014755129814148,0.0007698733825236559
0.09956004712966571,0.9926392436027527,0.0007821745821274817
0.09963455509155272,0.9948150515556335,0.0007721727597527206
0.09964273892675168,1.0032638311386108,0.0007744408212602139
0.09981592300972453,1.0090659856796265,0.0007451780838891864
0.09985648228669486,0.9929797053337097,0.0007421243935823441
0.09989655774775863,1.0197023153305054,0.0007588170701637864
0.09995114049096587,0.9946218729019165,0.0007536526536568999
0.09997477101318342,0.9967277646064758,0.0007645763107575476
0.10004340963905567,1.013962984085083,0.0007699038833379745
0.10005078253574151,0.9911251068115234,0.0007824673084542155
0.10012529074442345,0.9960915446281433,0.0007726807380095124
0.10013346750499286,1.0053091049194336,0.0007749937358312309
0.10030665504309588,1.0092206001281738,0.0007451352430507541
0.1003472074919104,0.996372401714325,0.000742962583899498
0.10038729109712896,1.0203531980514526,0.000758294714614749
0.10044186684789125,0.9944695234298706,0.00075491116149351
0.10046550543256116,0.9962886571884155,0.0007645814912393689
0.10053413723043825,1.0136241912841797,0.0007695832755416632
0.10054151794181732,0.992763876914978,0.0007824343629181385
0.10061602639745504,0.9947232604026794,0.0007724161259829998
0.10062419600080841,1.0042428970336914,0.0007750880904495716
0.100797387076628,1.0087155103683472,0.0007450463017448783
0.10083793261502139,0.994397759437561,0.0007427193340845406
0.100878024364636,1.0213369131088257,0.000758776324801147
0.10093259328724247,0.9945994019508362,0.0007545557455159724
0.10095623985145685,0.9971449375152588,0.0007647057063877583
0.10102486473907368,1.0128589868545532,0.0007690126076340675
0.10103225334837507,0.9923330545425415,0.0007822318584658206
0.10110676205032576,0.9941017627716064,0.0007722366135567427
0.10111492449694526,1.0036739110946655,0.0007748400093987584
0.10128811910999935,1.00862717628479,0.0007447422249242663
0.10132865782071887,0.9954010248184204,0.0007433295832015574
0.10136875763182174,1.020600438117981,0.0007580936653539538
0.10142331964416795,0.9970474243164062,0.000754648121073842
0.10144697427035265,0.9951683878898621,0.0007638079696334898
0.10151559224770923,1.0137593746185303,0.0007697697728872299
0.10152298875461152,0.9944185018539429,0.0007825939101167023
0.1015974977031966,0.993664562702179,0.000772339291870594
0.10160565307550784,1.0038968324661255,0.0007745696930214763
0.10177885106126627,1.0063185691833496,0.0007443723734468222
0.1018193830259343,0.9957283139228821,0.0007426151423715055
0.10185949089916813,1.0204899311065674,0.0007585161365568638
0.10191404600141474,0.9952023029327393,0.0007545347325503826
0.1019377086894091,0.9967804551124573,0.0007644015713594854
0.10200631975650531,1.0122233629226685,0.0007690945640206337
0.10201372416068732,0.9927780628204346,0.000782082905061543
0.10208823335654937,0.9955609440803528,0.0007725397008471191
0.10209638157132328,1.0038347244262695,0.0007752946694381535
0.10226958309447698,1.0070617198944092,0.0007445829687640071
0.10231010814888475,0.9947696328163147,0.0007424837094731629
0.10235022416683581,1.0212346315383911,0.0007586705032736063
0.10240477235882217,0.9950064420700073,0.0007542576058767736
0.1024284431083049,0.9956446886062622,0.0007644201978109777
0.10249704726514097,1.012945532798767,0.0007692462531849742
0.10250445956692378,0.992874801158905,0.0007820150931365788
0.10257896900958097,0.994148313999176,0.0007720748544670641
0.10258711006713894,1.0030791759490967,0.0007748706266283989
0.10276031512768768,1.0091454982757568,0.0007452891441062093
0.10280083335426082,0.9947143793106079,0.0007428234675899148
0.10284095743402155,1.0213361978530884,0.0007583958795294166
0.10289549879801274,0.9939881563186646,0.0007538393256254494
0.102919177527522,0.9979115128517151,0.0007647638558410108
0.10298777477393706,1.013680100440979,0.0007693289080634713
0.10299519497299958,0.9926179051399231,0.0007817238802090287
0.10306970466245169,0.9952027201652527,0.0007725064642727375
0.10307783864538012,1.0032780170440674,0.0007743532769382
0.10325104716130007,1.0087881088256836,0.0007453630096279085
0.10329155847721128,0.9942759275436401,0.0007427720702253282
0.10333169070120718,1.0209237337112427,0.000758380105253309
0.10338622515485774,0.9946850538253784,0.0007536883349530399
0.10340991194689975,0.99595707654953,0.0007648266036994755
0.10347850236531964,1.0137075185775757,0.0007693363586440682
0.10348593037907527,0.992060124874115,0.000782142742536962
0.10356044031564382,0.9957578778266907,0.0007725683390162885
0.10356856714119567,1.0038807392120361,0.0007746726041659713
0.1037417791947517,1.0095722675323486,0.0007453288417309523
0.10378228368274811,0.996269941329956,0.0007427230011671782
0.10382242396855368,1.0212452411651611,0.000758069334551692
0.10387695151202436,0.9953669905662537,0.0007543942774645984
0.10390064636579555,0.9967510104179382,0.000764817523304373
0.10396922987395507,1.0130380392074585,0.0007693290826864541
0.10397666578563325,0.9932727813720703,0.0007821070612408221
0.10405117605077963,0.9964039921760559,0.0007732653757557273
0.10405929563717187,1.0033639669418335,0.0007750291842967272
0.1042325112279624,1.0077829360961914,0.0007450709235854447
0.10427300888844548,0.9939560890197754,0.0007423856295645237
0.10431315731832569,1.020329475402832,0.000757931440602988
0.10436767795121482,0.9953880906105042,0.000753811385948211
0.10439138078461097,0.9959322810173035,0.0007640932453796268
0.10445995738259062,1.0133699178695679,0.0007694248342886567
0.10446740119203035,0.9923220872879028,0.0007813739939592779
0.10454191170357008,0.9972162842750549,0.0007731610676273704
0.10455002421573445,1.0034115314483643,0.0007751014200039208
0.10472324326133364,1.0082814693450928,0.0007453220314346254
0.10476373401131556,0.9946349859237671,0.000742415024433285
0.10480389058567208,1.0214521884918213,0.0007580330711789429
0.10485840430830096,0.9947751760482788,0.0007543063256889582
0.10488211520374768,0.9969790577888489,0.0007646393496543169
0.10495068489154746,1.0110440254211426,0.0007695349049754441
0.10495813659810616,0.9925771951675415,0.0007811213145032525
0.10503264735684248,0.9954732060432434,0.0007723624003119767
0.10504075271155011,1.0033189058303833,0.0007743744063191116
0.10521397529454435,1.007738709449768,0.0007453164434991777
0.10525445921645071,0.9946193695068359,0.0007424710202030838
0.10529462385317923,1.020871639251709,0.0007580496021546423
0.10534913066570839,0.9932224154472351,0.0007536900229752064
0.10537284962280402,0.9958766102790833,0.0007645278237760067
0.10544141240018301,1.0141339302062988,0.0007693467778153718
0.1054488720043425,0.9923262000083923,0.0007814249838702381
0.10552338301003472,0.994820237159729,0.0007722069858573377
0.10553148120736555,1.0032285451889038,0.0007745376788079739
0.10570470724548997,1.0083167552947998,0.0007447403040714562
0.10574518433972246,0.9951764345169067,0.000742865726351738
0.10578535712028447,1.0204405784606934,0.000758172245696187
0.10583985702263388,0.9954503774642944,0.0007540300139226019
0.10586358404202112,0.9959399104118347,0.000764652038924396
0.1059321399089792,1.0114307403564453,0.0007690631318837404
0.10593960749268339,0.9930403828620911,0.0007824600907042623
0.10601411866290555,0.9956907629966736,0.0007729374920018017
0.1060222097856871,1.0040215253829956,0.0007748448406346142
0.10619543927918274,1.008294939994812,0.000744874298106879
0.10623590954493789,0.9957932233810425,0.0007425703224726021
0.10627609038738994,1.0219019651412964,0.000758122478146106
0.10633058346182445,0.9944871068000793,0.0007538906647823751
0.10635431846107757,0.997725248336792,0.0007651391788385808
0.1064228674180967,1.0134929418563843,0.0007694915402680635
0.10643034289891984,0.9921822547912598,0.0007810145616531372
0.10650485431593693,0.9957115650177002,0.0007727356278337538
0.10651293828142239,1.0029395818710327,0.0007743897731415927
0.10668617131263436,1.0066826343536377,0.0007446192903444171
0.10672663466804899,0.995843231678009,0.0007433464634232223
0.10676682365489698,1.023230791091919,0.0007589603774249554
0.10682130981891058,0.994576632976532,0.0007538613863289356
0.10684505287997337,0.9971228241920471,0.000764509430155158
0.10691359500899722,1.0123730897903442,0.0007687844336032867
0.10692107830547759,0.9931604862213135,0.0007812699186615646
0.10699559005107273,0.9956679940223694,0.0007726841722615063
0.10700366677755924,1.0040072202682495,0.0007746575283817947
0.1071769033457648,1.0082720518112183,0.0007451170822605491
0.10721735987374648,0.9961360692977905,0.0007429284160025418
0.10725755692224337,1.0200183391571045,0.0007578523945994675
0.10731203617615737,0.9949459433555603,0.0007537969504483044
0.10733578729886917,0.9988036155700684,0.0007649688050150871
0.10740432251763277,1.0111619234085083,0.0007692945073358715
0.10741181371187469,0.9913392066955566,0.0007812133990228176
0.10748632570426486,0.9960893392562866,0.0007731173536740243
0.10749439527385685,1.0049524307250977,0.0007754146936349571
0.1076676353792968,1.0077258348464966,0.000744772725738585
0.10770808499669682,0.9964977502822876,0.0007428820827044547
0.1077482901897504,1.021981954574585,0.0007585504790768027
0.1078027625332435,0.9946603775024414,0.0007534564356319606
0.10782652163574091,0.9964216351509094,0.000764682306908071
0.10789505002642885,1.010941505432129,0.0007682947325520217
0.1079025491179505,0.9924818873405457,0.0007810186943970621
0.10797706135753737,0.9958211183547974,0.000772798724938184
0.10798512385193737,1.0037076473236084,0.0007744847680442035
0.1081583674125075,1.0084995031356812,0.0007450995617546141
0.10819881020191235,0.9953263401985168,0.0007425161893479526
0.1082390234570968,1.0224368572235107,0.0007588277803733945
0.10829348897275537,0.9946534633636475,0.000753885367885232
0.10831725605487763,0.9963173270225525,0.000764285447075963
0.10838577753506451,1.0121970176696777,0.00076887576142326
0.10839328452394592,0.9937946200370789,0.000781175447627902
0.10846779701064924,0.9962539672851562,0.0007735225954093039
0.10847585234775292,1.0040404796600342,0.0007746084011159837
0.10864909936345313,1.0066118240356445,0.0007443269132636487
0.10868953532502335,0.9957026839256287,0.0007427596137858927
0.10872975672460383,1.021833896636963,0.0007583721890114248
0.1087842153298415,0.9953999519348145,0.0007541326340287924
0.10880799047393408,0.9974389672279358,0.0007645384757779539
0.10887650504402135,1.012710690498352,0.0007692257640883327
0.10888401993026275,0.9918302893638611,0.000780878821387887
0.10895853266351996,0.9958858489990234,0.0007735097897239029
0.10896658084372912,1.0039087533950806,0.0007753469399176538
0.10913983139714578,1.0067514181137085,0.000744160613976419
0.10918026053056018,0.9961186647415161,0.0007425917428918183
0.1092204899917093,1.0216865539550781,0.0007581682875752449
0.10927494168676688,0.995479941368103,0.0007539420621469617
0.10929872489315118,0.9965668320655823,0.0007645452860742807
0.10936723255305858,1.0113803148269653,0.0007686213939450681
0.10937475533649932,0.9929885864257812,0.0007811118848621845
0.10944926831639079,0.9977818131446838,0.0007734188111498952
0.10945730942180965,1.0037548542022705,0.0007746497285552323
0.10963056343051714,1.0071475505828857,0.0007443164940923452
0.10967098565367128,0.9950210452079773,0.0007432471611537039
0.10971122325881466,1.0206522941589355,0.0007579512312076986
0.10976566804369237,0.9947163462638855,0.0007536730845458806
0.10978945931220763,0.9973118901252747,0.0007648176397196949
0.10985796006161375,1.0119675397872925,0.0007685880991630256
0.10986549074289642,0.9928726553916931,0.0007810998940840364
0.10994000405168725,0.9965726733207703,0.0007733075763098896
0.10994803791778596,1.003173828125,0.0007740448927506804
0.11012129546372784,1.0079554319381714,0.0007446162053383887
0.110161710859208,0.9958668351173401,0.0007428754470311105
0.11020195652648235,1.0208615064620972,0.000758023583330214
0.11025639448336488,0.9937742948532104,0.0007537566125392914
0.11028019373110343,0.997615396976471,0.0007645551231689751
0.11034868757024918,1.0113537311553955,0.0007682895520702004
0.11035622614913287,0.992990255355835,0.0007810344686731696
0.11043073970487938,0.9967267513275146,0.0007733741076663136
0.11043876641408346,1.0024709701538086,0.0007740596774965525
0.11052734309848311,0.9995431900024414,0.0007486450485885143
0.11061202741483411,1.0065993070602417,0.0007444965303875506
0.11065243598207819,0.9966532588005066,0.0007426758529618382
0.1106926897939895,1.0214985609054565,0.0007579554803669453
0.11074712084045102,0.9931821823120117,0.000753578613512218
0.11077092814999923,0.9972975850105286,0.000765673874411732
0.11083941507920603,1.0102739334106445,0.0007680461858399212
0.11084696155520868,0.9931790828704834,0.0007812973926775157
0.11092147535791097,0.9962124228477478,0.0007735550170764327
0.110929494909899,1.004008412361145,0.0007757464773021638
0.11101807184157586,0.9991737008094788,0.0007487513939850032
0.11110275944804482,1.0076584815979004,0.0007453136495314538
0.11114316118721324,0.995632529258728,0.0007425450021401048
0.11118342306117512,1.0221505165100098,0.0007588405278511345
0.1112378471973765,0.9953787326812744,0.000754272798076272
0.11126166256937697,0.9971567392349243,0.0007646239828318357
0.11133014258800222,1.012565016746521,0.0007685116725042462
0.11133769696128448,0.9935101270675659,0.00078083376865834
0.11141221101094234,0.9952974319458008,0.000773303210735321
0.11142022348797953,1.0022811889648438,0.0007743669557385147
0.11150880058466839,0.9976357817649841,0.0007484452798962593
0.11159349148125541,1.0085078477859497,0.0007449677214026451
0.1116338863104851,0.9966496229171753,0.0007435448351316154
0.11167415632852151,1.0218685865402222,0.0007578557706438005
0.11172857355462329,0.9947668313980103,0.0007537290803156793
0.11175239698843342,0.9977396726608276,0.0007647257880307734
0.11182087009695907,1.011033058166504,0.0007682915311306715
0.11182843236752094,0.9929549694061279,0.0007811025134287775
0.11190294666381317,0.9956563711166382,0.0007738190470263362
0.11191095198411649,1.0036358833312988,0.0007746698684059083
0.11199952940954383,0.9982274770736694,0.0007483534282073379
0.11208422351494829,1.0061815977096558,0.0007441145135089755
0.11212461151618247,0.9966381192207336,0.0007429078686982393
0.11216488959570714,1.0224099159240723,0.000758892041631043
0.11221929991154878,0.994024395942688,0.0007542227394878864
0.112243131407329,0.9975141882896423,0.0007647504098713398
0.11231159760575538,1.0112237930297852,0.0007683733711019158
0.11231916777391804,0.9908953309059143,0.000780498085077852
0.11239368239894898,0.9966936111450195,0.0007730542565695941
0.11240168048009269,1.0031476020812988,0.0007745004841126502
0.11249025815215441,0.9976927638053894,0.0007480410276912153
0.11257495546637586,1.007615089416504,0.0007451816345565021
0.11261533663929357,0.9961368441581726,0.0007425884832628071
0.11265562286289299,1.0209156274795532,0.0007581366808153689
0.11271002626839399,0.9936744570732117,0.000753199914470315
0.11273386574428124,0.9958658814430237,0.0007645075093023479
0.11280232519665578,1.0111732482910156,0.0007683985750190914
0.11280990318015449,0.9920563697814941,0.0007805067580193281
0.11288441805214111,0.9975147247314453,0.0007742252782918513
0.11289240897606889,1.0023037195205688,0.0007745540933683515
0.11298098697719072,0.9990219473838806,0.0007492617005482316
0.11306568749958656,1.007610559463501,0.0007448725518770516
0.11310606184450911,0.9976056814193726,0.0007432692218571901
0.11314635613056068,1.023006558418274,0.0007585085113532841
0.11320075270798613,0.9952279329299927,0.0007537546334788203
0.11322460016317692,0.9967666864395142,0.0007642647833563387
0.11329305270529122,1.0103099346160889,0.0007678484544157982
0.1133006385865517,0.992605984210968,0.0007804923225194216
0.11337515370517248,0.9970265030860901,0.0007738939602859318
0.11338313755447083,1.0035773515701294,0.0007746883202344179
0.1134717157201226,0.9983463883399963,0.0007487841648980975
0.11355641953279727,1.0089259147644043,0.000745087512768805
0.11359678696778075,0.9959292411804199,0.0007434777799062431
0.11363708939790707,1.0222445726394653,0.0007579660741612315
0.11369147906523291,0.9945974946022034,0.0007536728517152369
0.11371533458199234,0.9974759817123413,0.000764645985327661
0.11378378021408753,1.0104221105575562,0.0007682258728891611
0.11379137399262751,0.9914751648902893,0.0007808172376826406
0.11386588935836472,0.9956455230712891,0.0007735349354334176
0.11387386605028627,1.0029559135437012,0.0007743206224404275
0.1139624445451588,0.9983043670654297,0.0007486190879717469
0.11404715148390354,1.006330132484436,0.0007442407659254968
0.1140875121729159,0.997468888759613,0.0007437511230818927
0.1141278226650928,1.0222545862197876,0.0007582801626995206
0.1141822054221584,0.9948365688323975,0.0007533027674071491
0.11420606900128971,0.9951828122138977,0.0007644572178833187
0.11427450772304437,1.0103546380996704,0.0007679368718527257
0.11428210931643823,0.9919909834861755,0.0007799279410392046
0.11435662509366118,0.9977786540985107,0.000774222775362432
0.11436459454610193,1.0033252239227295,0.0007752193487249315
0.11445317328809068,0.9991613030433655,0.0007491130963899195
0.11453788351743555,1.0078378915786743,0.0007445295923389494
0.11457823729578598,0.9959174990653992,0.0007427098462358117
0.11461855593259984,1.0227090120315552,0.0007583032129332423
0.11467293177924454,0.9950338006019592,0.0007543532992713153
0.11469680342050681,0.9974852204322815,0.0007645745645277202
0.11476523523184057,1.010536551475525,0.0007686262251809239
0.1147728447229156,0.9928317070007324,0.0007805800414644182
0.11484736074653201,0.9962936043739319,0.0007732225931249559
0.11485532304207802,1.0040749311447144,0.0007744499598629773
0.11494390211296635,0.9970678091049194,0.0007490743300877512
0.1150286155508069,1.0061825513839722,0.0007445878582075238
0.11506896241921838,0.9973573088645935,0.0007432569982483983
0.1151092891997052,1.0226553678512573,0.0007584270206280053
0.11516365813617002,0.9944356083869934,0.0007535828044638038
0.11518753783940261,0.9969142079353333,0.0007643479621037841
0.11525596274071703,1.008598804473877,0.000767704623285681
0.11526358012923255,0.9930360913276672,0.0007804455817677081
0.11533809639940273,0.9966316819190979,0.0007739578140899539
0.11534605153813471,1.0027416944503784,0.0007743780151940882
0.11543463085549655,0.9977271556854248,0.0007487027905881405
0.11551934758433902,1.008021354675293,0.0007446332601830363
0.11555968762475521,0.9971969127655029,0.0007433524006046355
0.11560002246713197,1.0230505466461182,0.000758067995775491
0.11565438449309551,0.99462890625,0.0007533199386671185
0.11567827225845906,0.998370349407196,0.0007649398175999522
0.1157466902492722,1.0093847513198853,0.0007678805268369615
0.11575431553530835,0.9933354258537292,0.000780383066739887
0.11582883205275551,0.9990096688270569,0.0007749340729787946
0.11583678011645626,1.0021536350250244,0.0007746444316580892
0.11592535968061302,0.9984303116798401,0.0007486604154109955
0.11601007953520426,1.0077316761016846,0.0007446332601830363
0.11605041274770556,0.9970836043357849,0.0007435386651195586
0.11609075573479977,1.0255669355392456,0.0007590692839585245
0.11614511085050294,0.9942309856414795,0.0007535053882747889
0.11616900659508977,0.9989426732063293,0.0007656076923012733
0.11623741775790775,1.0098683834075928,0.0007677417597733438
0.1162450509415448,0.9926570653915405,0.0007802470936439931
0.11631956778805208,0.997023344039917,0.0007742590387351811
0.11632750861243246,1.0030276775360107,0.0007750833174213767
0.11641608842338425,0.9967541694641113,0.0007483221124857664
0.1165008115683347,1.0065529346466064,0.0007444721413776278
0.11654113795308174,0.9967938661575317,0.0007430830737575889
0.1165814890019854,1.0213623046875,0.0007581284153275192
0.11663583720758908,0.9941061735153198,0.0007534477626904845
0.11665974101430687,0.9966874718666077,0.0007643098942935467
0.11672814526686459,1.0089386701583862,0.0007682144641876221
0.11673578634762061,0.9930931925773621,0.000780488655436784
0.1168103034409228,0.9979472756385803,0.0007747244089841843
0.11681823710824801,1.0036829710006714,0.0007748788339085877
0.11690681716631623,0.9971652626991272,0.0007488976698368788
0.11699154351960162,1.0068559646606445,0.0007447517709806561
0.11703186307603208,0.9970456957817078,0.0007432925049215555
0.11707222226917113,1.022926688194275,0.0007581179379485548
0.11712656364677965,0.991746187210083,0.0007532887393608689
0.11715047543360435,0.996333122253418,0.0007648956379853189
0.11721887277566079,1.0087841749191284,0.0007672523497603834
0.1172265217536963,0.9927995204925537,0.0007796224090270698
0.11730103909403466,0.9971330761909485,0.00077402702299878
0.11730896560406356,1.002058982849121,0.000774749496486038
0.11739754599135244,0.997012734413147,0.0007487346883863211
0.11748227555297297,1.0060186386108398,0.0007447074167430401
0.11752258819898265,0.9965442419052124,0.0007427807431668043
0.11756295553651741,1.0232725143432617,0.0007582769612781703
0.11761729000402643,0.9948804378509521,0.0007532021263614297
0.11764120985241977,0.9969489574432373,0.000764530326705426
0.11770960028461774,1.0095499753952026,0.0007670990889891982
0.11771725716025416,0.992706835269928,0.0007800674065947533
0.11779177474714653,0.9989116787910461,0.0007740450091660023
0.11779969410020041,1.002254843711853,0.0007743058376945555
0.1178882747339629,0.998515248298645,0.0007490445859730244
0.11797300758650497,1.0070337057113647,0.0007451407727785408
0.11801331340468013,0.9987109303474426,0.0007438089814968407
0.11805368872143818,1.0225635766983032,0.0007580977980978787
0.11810801636095192,0.9937901496887207,0.0007532450254075229
0.11813194427131557,0.9970253705978394,0.0007649670587852597
0.11820032779341383,1.0094883441925049,0.000767118704970926
0.11820799256657089,0.9932950735092163,0.0007802144391462207
0.11828251048228233,0.998420238494873,0.0007746372721157968
0.11829042267844159,1.0034266710281372,0.0007749527576379478
0.11837900355883857,0.9971873760223389,0.0007486735703423619
0.11846373953761125,1.0066579580307007,0.000744483491871506
0.11850403852779112,0.9972674250602722,0.0007434501312673092
0.11854442198878457,1.0242033004760742,0.0007593484479002655
0.11859874271779702,0.9930689930915833,0.0007530520670115948
0.11862267860826758,0.9969408512115479,0.0007639805553480983
0.11869105530204938,1.008679986000061,0.0007671411731280386
0.11869872797256631,0.9922081828117371,0.0007795185083523393
0.1187732461353137,0.9976872801780701,0.0007752649253234267
0.1187811511744179,1.0025556087493896,0.0007746496121399105
0.11886973230169007,0.9978265762329102,0.0007486664108000696
0.11895447157082195,1.0067150592803955,0.000744445133022964
0.11899476365074158,0.9965088367462158,0.0007429436664097011
0.11903515525645236,1.02339506149292,0.0007584135164506733
0.11908946907512419,0.9937333464622498,0.000753361324314028
0.11911341302716338,0.9979625344276428,0.0007651380728930235
0.11918178272841984,1.0063143968582153,0.0007666006567887962
0.11918946337896341,0.9937486052513123,0.0007799898157827556
0.1192639817886666,0.9965053200721741,0.0007745803450234234
0.11927187967055486,1.0013540983200073,0.0007741090375930071
0.11936046112680676,0.996918261051178,0.0007490397547371686
0.11944520360403266,1.0063095092773438,0.0007440082263201475
0.1194854888562783,0.9974432587623596,0.0007435447187162936
0.11952588852363799,1.0225422382354736,0.0007582353428006172
0.11958019543237097,0.9926939606666565,0.0007528918213211
0.11960414744621983,0.9977433681488037,0.0007644729921594262
0.11967251023721603,1.0077944993972778,0.0007667822064831853
0.11968019878519986,0.9936459064483643,0.0007801657193340361
0.11975471752380229,0.9979254603385925,0.0007742958259768784
0.11976260816653095,1.0019214153289795,0.0007745566545054317
0.11985118986957799,0.9971424341201782,0.0007487258408218622
0.11993593555513904,1.0064994096755981,0.0007446351810358465
0.11997621397914837,0.9974169135093689,0.0007433244027197361
0.12001662179082373,1.0228520631790161,0.0007581913378089666
0.12007092178929646,0.993796169757843,0.0007538455538451672
0.12009488186559758,0.9982476830482483,0.000764479220379144
0.12016323774633364,1.008886694908142,0.000767468533013016
0.12017093419127567,0.9921301603317261,0.0007791490061208606
0.12024545317667323,0.9999686479568481,0.0007750045042484999
0.12025333666234661,1.0024338960647583,0.0007755105616524816
0.12034191869477484,0.997774600982666,0.0007490579155273736
0.12042666758867104,1.0068879127502441,0.0007441756315529346
0.12046693910233996,0.9982611536979675,0.0007432647980749607
0.12050735505833088,1.0235490798950195,0.0007580980891361833
0.1205616481463826,0.9951316118240356,0.0007535244221799076
0.12058561628449338,0.9988009333610535,0.000764800061006099
0.12065396525529037,1.0089187622070312,0.0007671702187508345
0.12066166951540791,0.9934972524642944,0.0007806540234014392
0.12074406515816205,1.0011488199234009,0.0007740543805994093
0.12083264743738542,0.9987542033195496,0.0007496793987229466
0.12091739953977731,1.0072526931762695,0.0007444251677952707
0.12095766430803734,0.9967557787895203,0.0007431245758198202
0.1209980883255165,1.0248103141784668,0.0007586674764752388
0.12105237450330808,0.9940809607505798,0.0007530531147494912
0.1210763506211241,0.9978249073028564,0.0007645877776667476
0.12114469276392592,1.0082522630691528,0.0007668951293453574
0.12115240492188528,0.9927544593811035,0.0007795438286848366
0.12123479365445966,1.0018507242202759,0.0007739343564026058
0.12132337626226097,0.9970145225524902,0.0007491865544579923
0.12140813157330932,1.0058897733688354,0.0007438489119522274
0.12144838943098779,0.9963750243186951,0.0007437622989527881
0.12148882151059792,1.0235838890075684,0.0007584844133816659
0.12154310086055486,0.994290828704834,0.0007533568423241377
0.12156708504018054,0.9988746047019958,0.0007649756735190749
0.12163542027272212,1.0073870420455933,0.0007664105505682528
0.1216431403278807,0.9927753806114197,0.0007795864366926253
0.12172552223278121,1.0023009777069092,0.0007748152711428702
0.12181410500503209,0.9975685477256775,0.0007492328877560794
0.12189886352417467,1.0070306062698364,0.000744415505323559
0.12193911455393824,0.9968554377555847,0.0007433821447193623
0.12197955477826561,1.0244582891464233,0.0007586301653645933
0.12203382721788214,0.9936652183532715,0.0007529244176112115
0.12205781945907623,0.9980183839797974,0.0007646763697266579
0.12212614778135766,1.0074877738952637,0.0007662100833840668
0.12221625072851638,1.0009013414382935,0.0007745363982394338
0.1223048338300684,0.9980030655860901,0.0007498365011997521
0.122389595557305,1.0075799226760864,0.0007445333176292479
0.12242983975931432,0.9983280301094055,0.0007434439612552524
0.12247028804545135,1.022157073020935,0.0007576586212962866
0.12252455357472714,0.9949414134025574,0.0007536877528764307
0.12254855387829333,0.998249888420105,0.0007647934835404158
0.12261687529015375,1.0068635940551758,0.0007661163690499961
0.12270697922465335,1.003014326095581,0.0007750679505988955
0.12279556257300028,0.9971904754638672,0.0007491732249036431
0.122880327590837,1.0083250999450684,0.0007451301207765937
0.12292056488226477,0.9976023435592651,0.0007429950055666268
0.12296102131263709,1.0223307609558105,0.0007575256167910993
0.12301527993165262,0.9937612414360046,0.0007533866446465254
0.12303928821540622,0.9986397624015808,0.0007658001268282533
0.12310760279927135,1.0083680152893066,0.0007673892541788518
0.12318986725939196,0.9983643293380737,0.000775056192651391
0.12319770772046879,1.0025105476379395,0.0007742244633845985
0.1232862913980366,0.997619092464447,0.0007494211895391345
0.12337105954194338,1.0073872804641724,0.0007451880373992026
0.12341129000537576,0.9964901208877563,0.0007431231788359582
0.12345175457998347,1.0235804319381714,0.0007580231758765876
0.12350600628889952,0.9927425384521484,0.0007527847192250192
0.12353002263422153,0.996652364730835,0.0007643448188900948
0.1235983303079069,1.0071210861206055,0.0007663200376555324
0.12368060291242355,0.9981767535209656,0.0007752621313557029
0.1236884362164451,1.0025289058685303,0.0007744123577140272
0.12377702014064706,0.9983090162277222,0.0007505242829211056
0.12386179157547539,1.0080783367156982,0.0007444994989782572
0.12390201512880827,0.9980083107948303,0.0007436553132720292
0.12394248784749051,1.0236135721206665,0.0007580335950478911
0.123996732645825,0.993758499622345,0.0007532146410085261
0.12402075705303695,0.9973642230033875,0.0007645642035640776
0.12408905781654234,1.0078752040863037,0.0007665714365430176
0.12417133856529428,0.9982982277870178,0.0007759289001114666
0.1241791647127427,1.0023891925811768,0.0007751693483442068
0.12426774896552262,0.9993558526039124,0.0007503065862692893
0.12435252352658177,1.006897211074829,0.0007442812784574926
0.12439274033402381,0.9978912472724915,0.0007436334271915257
0.12443322103257193,1.0243217945098877,0.0007584872655570507
0.12448745900291114,0.9942321181297302,0.0007535787881352007
0.12451149138998918,0.9973620772361755,0.0007646808517165482
0.12457978532541891,1.008518934249878,0.0007666150922887027
0.12466207430059073,0.9977575540542603,0.0007759953150525689
0.12466989320855815,1.0024014711380005,0.0007747961208224297
0.12475847770861526,0.9962971806526184,0.0007493278826586902
0.12484325555979237,1.004787564277649,0.0007437584572471678
0.12488346545697415,0.9973170757293701,0.0007431433186866343
0.1249239542999182,1.0244569778442383,0.0007580496021546423
0.12497818536031857,0.9935320019721985,0.0007529708673246205
0.12500222580936693,0.998339056968689,0.0007651243358850479
0.125070512751709,1.0071618556976318,0.0007661507115699351
0.1251528099539435,0.9970889091491699,0.0007758511346764863
0.1251606217043738,1.0011584758758545,0.0007743791793473065
0.12524920645146687,0.9981396198272705,0.0007500766078010201
0.1253339875107381,1.0065696239471436,0.0007445436785928905
0.1253741905802459,0.9984652996063232,0.0007435277802869678
0.12541468756710406,1.025999665260315,0.0007589232409372926
0.1254689117174851,0.9934225082397461,0.0007529626600444317
0.12549296022842338,0.9984424114227295,0.0007647277088835835
0.12556124026066595,1.007680892944336,0.0007660514093004167
0.12556902349534682,0.9954774379730225,0.0007801972678862512
0.12564354560681434,0.9973116517066956,0.0007758951978757977
0.12565135028261498,1.0012317895889282,0.0007745360489934683
0.12573993527626204,0.9970786571502686,0.0007502073422074318
0.12582471954443086,1.0076841115951538,0.0007457633037120104
0.125864915703357,0.9989587664604187,0.0007439564797095954
0.12590542083428968,1.0233070850372314,0.00075787294190377
0.1259596380743302,0.9935996532440186,0.0007531109731644392
0.12598369464731896,0.9984095096588135,0.0007653794018551707
0.12605196776978345,1.00664222240448,0.0007664535660296679
0.12605975890174392,0.9948285222053528,0.0007795815472491086
0.12614207877843053,1.003019094467163,0.0007749437936581671
0.12623066401919392,0.9976896047592163,0.0007498834165744483
0.12631545149553713,1.0054395198822021,0.000744718941859901
0.12635564090881346,0.9988486170768738,0.0007435305742546916
0.12639615410179672,1.0238322019577026,0.0007579566445201635
0.12645036443125568,0.9934675693511963,0.0007530235452577472
0.1264744289841908,0.9993814826011658,0.0007651565247215331
0.126542695278419,1.0075783729553223,0.0007661489653401077
0.12655049430798038,0.9949658513069153,0.0007795863202773035
0.126625016995062,0.9992868304252625,0.0007764134788885713
0.12663280727456738,1.000290870666504,0.0007748696953058243
0.12672139284406947,0.9973545670509338,0.0007498917984776199
0.12680618352874784,1.0053671598434448,0.0007437839522026479
0.12684636603200494,0.9984423518180847,0.0007442443165928125
0.12688688728719943,1.0242829322814941,0.0007581925019621849
0.12694109078850246,0.9934784770011902,0.0007528022397309542
0.12696516340300612,0.9980912208557129,0.0007644562283530831
0.12703342278705454,1.0067692995071411,0.0007664631120860577
0.12704122971437748,0.9946499466896057,0.0007791356765665114
0.1271157526483344,0.9983662366867065,0.0007769064977765083
0.127123535770865,1.0014835596084595,0.000774936459492892
0.12721212158668005,0.9977061152458191,0.0007499489584006369
0.12729691548001476,1.0054024457931519,0.0007442376227118075
0.12733709115511604,0.9983026385307312,0.0007435752777382731
0.12737762055454593,1.0229884386062622,0.000758256355766207
0.1274318171455886,0.9927086234092712,0.000752908643335104
0.12745589782190192,0.9987503290176392,0.000764884811360389
0.12752415029585062,1.005499005317688,0.0007654025102965534
0.12753196503810804,0.9939385056495667,0.0007789364899508655
0.12760648838379163,1.0005854368209839,0.0007766505586914718
0.12761426426668054,1.000373125076294,0.0007747489144094288
0.12770285041203766,0.9980457425117493,0.0007502433145418763
0.12778764751322547,1.0072003602981567,0.0007442834321409464
0.1278278162780664,0.9996404647827148,0.000743777200113982
0.12786835382173167,1.0242998600006104,0.0007583351689390838
0.12792254350283538,0.9947332739830017,0.0007532835006713867
0.1279466321590148,0.9994153380393982,0.0007650672341696918
0.12801487780448617,1.0060850381851196,0.0007655168883502483
0.12802270044410347,0.9950923323631287,0.0007791474345140159
0.12809722403666235,0.9985629916191101,0.0007762692403048277
0.12810499276241571,1.0026332139968872,0.0007750570657663047
0.1281935791548089,0.9978411793708801,0.0007499769562855363
0.12827837946409082,1.006133794784546,0.000744312594179064
0.12831854140101684,0.9980899691581726,0.000743692391552031
0.12835908708907795,1.0248435735702515,0.0007586751598864794
0.12841326985992152,0.9923825263977051,0.0007531742448918521
0.1284373665782319,0.9986789226531982,0.0007649778272025287
0.1285056052310174,1.0082416534423828,0.0007665735320188105
0.12851343585050057,0.9932358264923096,0.0007785432389937341
0.1285879597719588,0.9988727569580078,0.0007765011978335679
0.1285957212584723,1.002483606338501,0.0007750565418973565
0.12868430797968433,0.9965738654136658,0.0007496732869185507
0.12876911141543823,1.0058900117874146,0.0007441437337547541
0.12880926660655356,0.9977816343307495,0.0007434248691424727
0.12884982027399872,1.024604082107544,0.00075815140735358
0.128903996216847,0.9924363493919373,0.0007529158610850573
0.1289281009971276,0.9999558329582214,0.0007653068169020116
0.1289963327401349,1.006626009941101,0.0007653880165889859
0.12900417125673702,0.9944877028465271,0.0007785677444189787
0.12907869542482964,1.0000495910644531,0.0007765076006762683
0.12908644975428774,1.0015381574630737,0.0007751709199510515
0.12917503672245567,0.9962830543518066,0.0007497138576582074
0.12925984344897024,1.005326509475708,0.0007442023488692939
0.12929999172966478,0.9988670349121094,0.0007441815105266869
0.12934055354118446,1.0249109268188477,0.000758038368076086
0.1293947225737725,0.9941168427467346,0.0007531563751399517
0.12941883533391907,1.0003997087478638,0.0007652330095879734
0.12948706024877044,1.0063791275024414,0.0007662972202524543
0.12949490666313412,0.9935905337333679,0.0007791072712279856
0.12956943107770047,1.000383973121643,0.0007774988189339638
0.12957717825026405,0.9998226165771484,0.0007745058974251151
0.1296657655473311,0.9964233636856079,0.0007498848717659712
0.12975057539991586,1.0067496299743652,0.0007449285476468503
0.12979071685285615,0.9984990358352661,0.0007433542050421238
0.12983128680885214,1.0240517854690552,0.0007578696822747588
0.12988544893085874,0.9939018487930298,0.0007532155723311007
0.12990956975281476,0.9981820583343506,0.0007648044847883284
0.12997778775740587,1.0062110424041748,0.0007656613597646356
0.12998564198710572,0.9940542578697205,0.0007783207111060619
0.13006016681331822,1.0009042024612427,0.000777175126131624
0.13006790674656166,1.0017509460449219,0.0007748079369775951
0.1301564942899417,0.9965111017227173,0.0007501487270928919
0.1302413074332872,1.0069973468780518,0.0007445807568728924
0.13028144197604763,0.9976962208747864,0.0007433905266225338
0.13032202007635918,1.0241644382476807,0.0007580638630315661
0.13037617528810552,0.9935351014137268,0.0007529580616392195
0.13040030408944547,0.9975175261497498,0.000764310359954834
0.13046851526636283,1.0049917697906494,0.0007656466332264245
0.13047637739342244,0.9967679977416992,0.0007793366094119847
0.13055090246634982,0.9990259408950806,0.0007772577228024602
0.1305586352423771,1.0013508796691895,0.0007746704504825175
0.1306472231152993,0.996272087097168,0.0007506554247811437
0.13073203938423283,1.0048727989196777,0.0007439320324920118
0.13077216709899797,0.9982219338417053,0.0007434150320477784
0.13081275326119957,1.0252832174301147,0.0007580514065921307
0.13086690164519166,0.9927799701690674,0.0007527892012149096
0.13089103850882333,0.9978896379470825,0.0007644643192179501
0.1309592426926529,1.0061876773834229,0.0007651093183085322
0.13096711279941786,0.9960099458694458,0.0007785659399814904
0.13104163811922054,0.9990847110748291,0.000776488974224776
0.13104936373819276,1.0007349252700806,0.0007742425659671426
0.13113795185815091,0.9965090155601501,0.0007499678176827729
0.13122277141744354,1.0055373907089233,0.000743886805139482
0.13126289222194854,0.9978773593902588,0.0007432941347360611
0.13130348652862633,1.024857521057129,0.0007583680562674999
0.13135762800235817,0.9938490390777588,0.000753941829316318
0.13138177292787967,1.0008279085159302,0.0007654523360542953
0.1314499702015295,1.0056684017181396,0.0007654535002075136
0.13145784820549367,0.9942193627357483,0.0007786618079990149
0.13153237385467775,0.999998927116394,0.0007768699433654547
0.13154009223416885,1.0001850128173828,0.0007745818584226072
0.1316286806829462,0.9967342615127563,0.0007499568746425211
0.13171350336887122,1.0054553747177124,0.0007441573543474078
0.13175361742764602,0.9992288947105408,0.0007440106710419059
0.13179421979581207,1.0255591869354248,0.0007588616572320461
0.1318483542769382,0.993258535861969,0.000752876338083297
0.1318725072645105,1.0005186796188354,0.0007653280044905841
0.13194069771064698,1.0056523084640503,0.0007651736959815025
0.13194858361205142,0.9954091310501099,0.0007792809046804905
0.13202310950754848,0.9998985528945923,0.0007770140073262155
0.1320308207299845,1.000489592552185,0.0007746831979602575
0.13211940942587808,0.9971752762794495,0.0007509093848057091
0.1322042353199776,1.0062183141708374,0.0007444862858392298
0.132244342550757,0.999583899974823,0.0007442420464940369
0.13228495298073284,1.0241111516952515,0.0007579561788588762
0.13233908063386368,0.9941595792770386,0.0007530719740316272
0.1323632416837276,1.0003681182861328,0.0007649707258678973
0.13243142521928264,1.00472092628479,0.0007648965111002326
0.13243931893618366,0.9926071166992188,0.0007781608146615326
0.13251384524268428,1.000458002090454,0.0007777831051498652
0.13252154922612136,1.0019110441207886,0.0007749738288111985
0.13261013825075352,0.99639493227005,0.0007501894724555314
0.1326949673531882,1.0065064430236816,0.0007444981602020562
0.13273506767370746,0.998930037021637,0.0007435088627971709
0.13277568624840042,1.0248470306396484,0.0007586329011246562
0.13282980699127134,0.9936370849609375,0.0007529603899456561
0.13285397610254301,0.9988239407539368,0.0007655844674445689
0.13292215272791807,1.0058361291885376,0.0007655611261725426
0.13293005434225946,0.9949044585227966,0.0007785420166328549
0.1330045808959568,0.9991996884346008,0.0007776526035740972
0.13301227772241897,1.0001460313796997,0.0007744515314698219
0.13310086699352475,0.9957477450370789,0.0007501958170905709
0.13318569930445523,1.0049699544906616,0.000743488606531173
0.13322579279681857,0.9979369044303894,0.0007434094441123307
0.1332664195157468,1.024711012840271,0.0007586517021991313
0.13332053334851812,0.9934191703796387,0.0007531589944846928
0.13334471043909335,0.9979870319366455,0.0007647996535524726
0.1334128801544493,1.0076974630355835,0.0007660355768166482
0.13342078974849592,0.995094358921051,0.0007789554656483233
0.13349531663133352,1.0012236833572388,0.0007778714061714709
0.13350300621823452,1.0022417306900024,0.0007752034580335021
0.13359159581888236,0.997294545173645,0.0007507472764700651
0.1336764312555616,1.0065174102783203,0.0007441786583513021
0.13371651791976902,0.9995383024215698,0.0007441374473273754
0.13375715270066757,1.0241191387176514,0.0007579284720122814
0.1338112597054436,0.993140459060669,0.0007528994465246797
0.1338354448584711,0.9987908005714417,0.0007650274783372879
0.13390360766332576,1.0063869953155518,0.0007656606612727046
0.1339115251545716,0.9932713508605957,0.0007781844469718635
0.13398605228420435,1.0015764236450195,0.0007779140141792595
0.1339937347139697,1.0009795427322388,0.0007748871576040983
0.13408232456149294,0.9980935454368591,0.0007508206181228161
0.13416716328909362,1.0053164958953857,0.0007440031040459871
0.13420724304271947,1.0001516342163086,0.0007448169053532183
0.13424788596809434,1.025986909866333,0.0007586905267089605
0.13430198606252974,0.9938485026359558,0.00075316964648664
0.13432617919542333,0.9992698431015015,0.0007652046042494476
0.13439433517220223,1.0040333271026611,0.0007649066974408925
0.13440226047838255,0.995756983757019,0.0007787680951878428
0.13447678793723583,1.0003032684326172,0.0007781475433148444
0.13448446329229125,1.002540946006775,0.0007755955448374152
0.1345730533863685,0.9975722432136536,0.0007511371513828635
0.1346578952401999,1.0060614347457886,0.0007441351772285998
0.13469796816615187,1.0004554986953735,0.0007443141075782478
0.1347386192351997,1.0253089666366577,0.0007583263795822859
0.13479271241945523,0.9935774207115173,0.0007527514826506376
0.13481691361431913,0.9996337890625,0.0007658227114006877
0.13488506268099854,1.005925178527832,0.0007652472122572362
0.1348929958849403,0.9951502084732056,0.0007778595900163054
0.13496752367269305,1.003128170967102,0.0007787807262502611
0.13497519178826756,1.0014457702636719,0.0007747917552478611
0.13506378212913972,0.9966890215873718,0.000750557635910809
0.13514862719130627,1.005393385887146,0.0007443369831889868
0.13518869328942362,0.9998562932014465,0.0007441642810590565
0.13522935242044165,1.024549961090088,0.0007576793432235718
0.13528343869411563,0.9925195574760437,0.0007523384992964566
0.1353076479511105,0.99979168176651,0.0007661375566385686
0.1353757901073689,1.007198691368103,0.0007650521583855152
0.13538373129117676,0.9933958053588867,0.0007783463224768639
0.13545825932556377,0.9995953440666199,0.0007772048120386899
0.1354659202844043,1.0011876821517944,0.000775662250816822
0.13555451095433668,0.9979953169822693,0.0007510875584557652
0.13563935922451698,1.005115270614624,0.0007440342451445758
0.1356794184122938,0.998738706111908,0.0007437433232553303
0.13572008568810945,1.0254148244857788,0.0007589546148665249
0.13577416505152318,0.9933618307113647,0.0007533031166531146
0.1357983823700062,0.999119222164154,0.0007649297476746142
0.13586651761600455,1.0064632892608643,0.0007656085072085261
0.13587446669725256,0.9953119158744812,0.0007787984213791788
0.13594899506086033,1.001636028289795,0.000778121582698077
0.1359566487803806,1.0009227991104126,0.0007751117227599025
0.1360452396971079,0.9975988864898682,0.000751341285649687
0.1361300911754626,1.0052541494369507,0.0007440662011504173
0.13617014361775026,1.0010130405426025,0.000744731049053371
0.1362108189552952,1.0250509977340698,0.0007582114776596427
0.1362648914086093,0.9920703768730164,0.0007526053232140839
0.13628911678906264,0.9994536638259888,0.0007652394124306738
0.1363572451249614,1.005446434020996,0.000764974975027144
0.1363652020213847,0.9959121346473694,0.0007794335251674056
0.136439730714213,1.0016834735870361,0.0007787536014802754
0.13644737719393119,1.0007086992263794,0.0007754799444228411
0.13653596852230465,0.9966096878051758,0.000750672013964504
0.13662082312672963,1.0042369365692139,0.0007438297616317868
0.1366608687407006,0.99997478723526,0.0007442812784574926
0.13670155214021595,1.0252156257629395,0.0007579528028145432
0.1367556177655348,0.9937018156051636,0.0007527275593020022
0.1367798511261754,0.998213529586792,0.0007649458711966872
0.13684797263375748,1.006039023399353,0.0007647586753591895
0.13685593742738011,0.996545672416687,0.000778373156208545
0.1369304664493488,1.003209114074707,0.0007791928946971893
0.13693810568974663,1.000222086906433,0.0007751184166409075
0.137026697265076,0.9972563982009888,0.0007512248703278601
0.13711155516010098,1.0040613412857056,0.0007437613094225526
0.13715159386365106,1.0003596544265747,0.0007444781367667019
0.13719228540756223,1.0260950326919556,0.0007584785344079137
0.13724634412278158,0.9936068058013916,0.0007528021815232933
0.1372705855450712,0.9988987445831299,0.000764905649702996
0.13733870006036908,1.0052387714385986,0.0007647411548532546
0.13734667283369695,0.9946749210357666,0.0007782273460179567
0.13742120210221964,1.0023390054702759,0.0007788181537762284
0.1374288341858032,1.0005944967269897,0.0007758175488561392
0.13751742608995154,0.995415449142456,0.0007502450025640428
0.13760228711128764,1.005104899406433,0.0007445058436132967
0.13764231898708357,0.9998048543930054,0.0007438887259922922
0.13768301867474797,1.0256043672561646,0.0007579359808005393
0.1377370704796267,0.9926502108573914,0.0007527985144406557
0.13776131988170193,1.00020432472229,0.000765029399190098
0.13782942756924565,1.0067840814590454,0.000765227887313813
0.13783740815798973,0.9948822855949402,0.0007791142561472952
0.1379119378375161,1.0007704496383667,0.0007784418412484229
0.1379195626818599,0.9999628663063049,0.0007751806988380849
0.13800815483256212,0.9976491928100586,0.0007508078124374151
0.1380930190624744,1.0055627822875977,0.0007441648049280047
0.13813304411019456,0.9999867081642151,0.0007441460620611906
0.13817375185982939,1.0253984928131104,0.0007581699173897505
0.13822779675420682,0.9932224154472351,0.0007523559033870697
0.13825205430091903,0.9991346001625061,0.0007650168845430017
0.1383201550778811,1.0056074857711792,0.0007652001804672182
0.13832814356406553,0.9942528605461121,0.000778571586124599
0.13840267349070823,1.0007004737854004,0.0007790215313434601
0.138410291177836,1.0009442567825317,0.0007750423392280936
0.13849888365759833,0.9952547550201416,0.0007514924509450793
0.1385837510956851,1.0042203664779663,0.0007437039166688919
0.138623769233145,1.0007829666137695,0.0007448310498148203
0.13866448512749707,1.025305986404419,0.0007579770754091442
0.13871852311161426,0.9935882687568665,0.0007528824498876929
0.1387427886377105,0.9992491006851196,0.000765136384870857
0.13881088250425166,1.0041981935501099,0.0007640948751941323
0.13881887897014134,0.9948955178260803,0.0007784139015711844
0.13889340914373982,1.0011553764343262,0.0007793108234182
0.13890101967397295,1.0018279552459717,0.0007753841928206384
0.1389896124005302,0.9978156089782715,0.0007516434416174889
0.13907448304663073,1.0049774646759033,0.0007438783650286496
0.1391144943563365,0.9997361302375793,0.0007441048510372639
0.13915521831241784,1.0248134136199951,0.0007579598459415138
0.13920924946886115,0.9936761856079102,0.0007525056134909391
0.13923352305684722,0.9997349381446838,0.0007647763122804463
0.13930161001304775,1.0051696300506592,0.0007645880687050521
0.1393096143763778,0.9945411086082458,0.0007786001660861075
0.13938414487911654,1.0024316310882568,0.0007794947014190257
0.1393917481697884,1.0021718740463257,0.0007759160362184048
0.13948034122556652,0.9973247051239014,0.000751785293687135
0.139565214997737,1.0053126811981201,0.0007437284220941365
0.13960521947920657,1.0014935731887817,0.0007445973460562527
0.13964595157960347,1.027405023574829,0.0007581787649542093
0.13969997582578653,0.993723452091217,0.0007533417665399611
0.13972425739371896,0.9980893135070801,0.0007649245671927929
0.1397923375220046,1.0052183866500854,0.0007643524440936744
0.1398003497001885,0.994162380695343,0.0007779178558848798
0.139874880531907,1.0015931129455566,0.0007790728705003858
0.13988247666560405,1.0010591745376587,0.0007756836712360382
0.13997107005076337,0.9961217641830444,0.0007513124728575349
0.14005594694900403,1.0043253898620605,0.0007441501365974545
0.14009594460215702,1.001139760017395,0.000744781456887722
0.14013668484703024,1.0252459049224854,0.0007582819671370089
0.14019070218287277,0.9948297142982483,0.0007529695867560804
0.1402149918127754,0.9996647834777832,0.0007654469227418303
0.14028306494853582,1.004637598991394,0.0007641523261554539
0.14029108510642496,0.9958284497261047,0.0007786916685290635
0.14036561626704291,1.0021240711212158,0.0007792170508764684
0.14037320516158025,1.0002772808074951,0.000774892745539546
0.14046179879329357,0.9964686036109924,0.0007512583979405463
0.14054667898237527,1.0049424171447754,0.0007444304646924138
0.14058666972558942,1.0005574226379395,0.0007441344205290079
0.14062741803187062,1.0254460573196411,0.0007574824267067015
0.14068142845753318,0.9916856288909912,0.0007528547430410981
0.14070572614940613,0.9998762011528015,0.0007649607141502202
0.14077379245733201,1.0054537057876587,0.0007644191500730813
0.14078182051298282,0.9965072870254517,0.0007789863157086074
0.14085635192023493,1.001548171043396,0.0007791488897055387
0.14086393365755645,1.0008469820022583,0.0007755651022307575
0.14095252761808885,0.9980407953262329,0.0007516004261560738
0.14103741093348177,1.0047651529312134,0.000743608979973942
0.14107739484902193,1.0015891790390015,0.0007440164918079972
0.14111815129937766,1.0251972675323486,0.00075725739588961
0.14117215481445866,0.9918861389160156,0.0007521981606259942
0.14119646056830193,1.0007860660552979,0.0007656367379240692
0.14126451996628886,1.0055272579193115,0.0007643165881745517
0.14127255583679355,0.9968709349632263,0.0007792592514306307
0.1413470876555314,1.0022525787353516,0.0007793892873451114
0.1413546621536933,0.9994803071022034,0.0007752954843454063
0.14144325636102073,0.9974993467330933,0.0007519923383370042
0.1415281428844274,1.003922939300537,0.0007434007711708546
0.14156811997197227,1.0021647214889526,0.0007445613737218082
0.14160888448478037,1.0266703367233276,0.0007578618242405355
0.1416628811718661,0.993877112865448,0.000752850784920156
0.14168719490525405,1.001191258430481,0.0007655315566807985
0.14175524739265943,1.0056922435760498,0.0007654124638065696
0.14176329124286935,0.9947161674499512,0.0007776436395943165
0.14183782330872352,1.0028456449508667,0.0007798366132192314
0.1418453906496696,1.0016059875488281,0.0007761811721138656
0.14193398518605693,0.995930016040802,0.0007512356387451291
0.142018874835373,1.004451036453247,0.000744149147067219
0.14205884509492273,1.0007367134094238,0.0007440948393195868
0.14209961775196622,1.0254430770874023,0.0007574462797492743
0.14215360752895223,0.9930826425552368,0.0007529922295361757
0.1421779293243104,0.9999029636383057,0.0007649941253475845
0.14224597490145552,1.005082368850708,0.0007651560590602458
0.14225402664926645,0.9948416352272034,0.0007780048181302845
0.14232855904401998,1.0027447938919067,0.0007795305573381484
0.14233611914580646,1.0004758834838867,0.0007755675469525158
0.1424247139289888,0.9975624084472656,0.0007516957120969892
0.14250960678664015,1.0037519931793213,0.0007432465208694339
0.14254957021803394,1.0005894899368286,0.000744241988286376
0.14259035093688688,1.0270652770996094,0.0007581493118777871
0.14264433380361285,0.9935601949691772,0.00075285549974069
0.14266866366110187,1.00067138671875,0.0007657066453248262
0.14273670241057312,1.0040936470031738,0.0007642318960279226
0.14274476197323793,0.9954817891120911,0.0007782015600241721
0.1428192946968908,1.0028315782546997,0.0007796207210049033
0.142826847641622,1.0014328956604004,0.0007761396700516343
0.142915442754025,0.9963349103927612,0.0007511770236305892
0.1430003388200115,1.0033823251724243,0.0007434339495375752
0.14304029534130558,1.0008305311203003,0.0007440601475536823
0.14308108420423316,1.0256421566009521,0.0007578628719784319
0.14313506016085964,0.9935003519058228,0.0007528015412390232
0.14315939808031897,1.0001801252365112,0.0007652744534425437
0.1432274298369436,1.0035830736160278,0.0007642438868060708
0.14323549737947439,0.995485782623291,0.00077870674431324
0.1433100304320266,1.0035749673843384,0.0007794401608407497
0.1433175761375982,1.0004847049713135,0.0007759490399621427
0.1434061714966357,0.9967997670173645,0.0007516194018535316
0.14349107077127843,1.0044455528259277,0.0007441548514179885
0.14353102046441668,1.0013340711593628,0.0007450085249729455
0.14357181738915392,1.0248050689697266,0.0007572906324639916
0.14362578651794577,0.9933294653892517,0.000752729014493525
0.14365013241694968,0.9997010231018066,0.0007653320790268481
0.14371815734557913,1.0041987895965576,0.0007640460971742868
0.1437262327858715,0.995209813117981,0.0007780893938615918
0.1438007660850582,1.0028821229934692,0.0007803984917700291
0.1438083046338957,1.0006479024887085,0.0007762671448290348
0.14389690032151115,0.9961058497428894,0.0007516944315284491
0.1439818027223847,1.003816843032837,0.0007439133478328586
0.14402174558768854,1.0018877983093262,0.0007447544485330582
0.1440625506565003,1.0279806852340698,0.0007580442470498383
0.14411651279284732,0.9937761425971985,0.0007525436230935156
0.14414086683584548,1.0000988245010376,0.0007650193874724209
0.14420888485437533,1.0038033723831177,0.00076382263796404
0.14421696810984297,0.9960964918136597,0.0007786332862451673
0.14429150182067596,1.004801869392395,0.0007808739901520312
0.14429903312971137,1.0004332065582275,0.000775761203840375
0.14438762906460367,0.9961985945701599,0.0007515884935855865
0.14447253467333043,1.0040431022644043,0.0007438230095431209
0.14451247071063889,1.0014293193817139,0.0007449080585502088
0.14455328384190302,1.025504231452942,0.0007577894721180201
0.14460723915001372,0.9926221966743469,0.000752632855437696
0.14463160117263685,0.9995749592781067,0.0007655986701138318
0.1446996122807459,1.0033267736434937,0.000763900054153055
0.14470770351591877,0.997084379196167,0.0007782336906529963
0.1447822374738681,1.002245545387268,0.000779333000537008
0.1447897616255268,1.0002394914627075,0.000775998632889241
0.14487835788963999,0.9972151517868042,0.000752097403164953
0.14496326662427617,1.0042695999145508,0.0007440042681992054
0.14500319583350907,1.0035958290100098,0.0007462694775313139
0.14504401710941006,1.0260287523269653,0.0007576976786367595
0.14509796550709986,0.994125247001648,0.0007528510759584606
0.1451223355095087,0.9996727705001831,0.0007650239858776331
0.14519033978970264,1.0039973258972168,0.0007639389950782061
0.14519843892199458,0.9977363348007202,0.0007783445180393755
0.1452729732090039,1.003781795501709,0.0007800671155564487
0.14528049003923804,1.0002331733703613,0.0007758599240332842
0.14536908663225057,0.9960392117500305,0.0007518447237089276
0.14545399857570374,1.003727912902832,0.0007437108433805406
0.14549392087443547,1.0021854639053345,0.0007448396645486355
0.14553475029433083,1.0260545015335083,0.0007589200977236032
0.14558869186402534,0.9945985078811646,0.0007542386883869767
0.14561306992864542,0.9995708465576172,0.0007655638037249446
0.14568106721655516,1.0034453868865967,0.0007635806105099618
0.1456891742461267,0.9959390163421631,0.000778334157075733
0.14576370886203538,1.0050092935562134,0.0007808653172105551
0.1457712185350537,0.9998958110809326,0.0007765021291561425
0.14585981545744753,0.9965707063674927,0.0007521901861764491
0.1459447306090751,1.0049690008163452,0.0007438919856213033
0.14598464599754657,1.0023856163024902,0.0007454393780790269
0.14602548356151657,1.026127815246582,0.0007578282966278493
0.14607941813868575,0.9942554235458374,0.0007534835021942854
0.1461038042654368,1.0008095502853394,0.0007654076907783747
0.1461717947251907,1.0046792030334473,0.0007638984825462103
0.14617990965236316,0.9969871044158936,0.0007786867208778858
0.14625444459717118,1.0040711164474487,0.0007809149101376534
0.14626194703119055,1.0010524988174438,0.0007757783751003444
0.14635054428232297,0.9965718984603882,0.0007518932688981295
0.1464354625600207,1.0034900903701782,0.0007437987369485199
0.14647537112081843,1.0031293630599976,0.000744866207242012
0.146516216746839,1.025740623474121,0.0007576310308650136
0.14657014449593253,0.9930170178413391,0.0007522155647166073
0.1465945386843326,0.9999967813491821,0.000765428994782269
0.14666252223374587,1.0030039548873901,0.0007635511574335396
0.14667064497633464,0.9955636262893677,0.000777929206378758
0.146745180332307,1.0035699605941772,0.0007810498937033117
0.14675267552740778,1.0004152059555054,0.0007764590554870665
0.14684127302485317,0.997197687625885,0.0007526576519012451
0.14692619451120748,1.0034959316253662,0.0007434270228259265
0.14696609624392942,1.0017403364181519,0.0007444553193636239
0.14700695001426567,1.0267908573150635,0.0007577772485092282
0.14706087085301878,0.9933685660362244,0.0007528461865149438
0.1470852730209633,1.0005148649215698,0.0007650938932783902
0.14715324966035737,1.00393807888031,0.0007640856201760471
0.14716138038273185,0.9967515468597412,0.000777211447712034
0.14723591598565977,1.0032213926315308,0.0007805172936059535
0.14724340402314307,1.0003588199615479,0.0007761166198179126
0.1473320018501305,0.9955897331237793,0.0007521414663642645
0.14741692646207283,1.003327488899231,0.0007431150297634304
0.14745682136687988,1.0023740530014038,0.0007450017146766186
0.14749768319918644,1.026349663734436,0.0007580278324894607
0.14755159712783994,0.993542492389679,0.000752634834498167
0.14757600744034105,0.9993414878845215,0.0007656216039322317
0.14764397716899302,1.0026048421859741,0.0007637697272002697
0.14765211578880766,0.9960354566574097,0.0007781711174175143
0.14772665172095623,1.0049363374710083,0.0007813526317477226
0.1477341325189585,0.9994786977767944,0.0007752914680168033
0.1478227305930624,0.9965605139732361,0.000752485531847924
0.14790765841301845,1.004407525062561,0.0007434599101543427
0.14794754648983022,1.0033562183380127,0.0007449101540260017
0.1479884164665327,1.0263346433639526,0.0007577622309327126
0.14804232348508672,0.9923162460327148,0.0007524858810938895
0.1480667417772933,1.0002907514572144,0.0007656232337467372
0.14813470459552402,1.001658320426941,0.0007631253683939576
0.14821738737382706,1.0047857761383057,0.0007810977986082435
0.14822486101509547,1.0000468492507935,0.0007759046275168657
0.14831345941793794,0.9965109825134277,0.0007528643473051488
0.14839839036444624,1.0035492181777954,0.0007437895401380956
0.1484382716130218,1.0031849145889282,0.0007447089883498847
0.14847914965145348,1.024064302444458,0.000757486151997
0.1485330498420122,0.9930274486541748,0.000753000087570399
0.14855747611384362,1.0014252662658691,0.0007658653776161373
0.14862543210464163,1.0031702518463135,0.0007635657675564289
0.1487081231092039,1.0029699802398682,0.0007812677649781108
0.1487155895109109,1.0002696514129639,0.0007760930457152426
0.14880418816070917,0.9964878559112549,0.0007526170811615884
0.14888912231571316,1.0039875507354736,0.0007445297087542713
0.14892899673621318,1.0026836395263672,0.0007449798285961151
0.14896988291863922,1.0251927375793457,0.0007576738717034459
0.14902377611667272,0.993045449256897,0.0007522187661379576
0.14904821053298045,0.9994121193885803,0.0007652693893760443
0.1491161595310122,1.0030828714370728,0.0007636925438418984
0.1491243219254127,0.9975493550300598,0.0007784543558955193
0.14919885876199424,1.0046876668930054,0.000781322130933404
0.14920631792462213,0.9999772906303406,0.0007754644611850381
0.14929491698558472,0.9973676800727844,0.000752515799831599
0.14937985426665878,1.0042667388916016,0.0007435693987645209
0.14941972185932428,1.0036542415618896,0.0007452454301528633
0.14946061610404193,1.0237733125686646,0.0007569512235932052
0.14951450247375886,0.9936873316764832,0.0007527637062594295
0.14953894486961117,0.9989582300186157,0.0007650059997104108
0.14960688703964764,1.004374623298645,0.0007638388779014349
0.14961505724922342,0.9983218312263489,0.0007778411963954568
0.14968959449745156,1.0053192377090454,0.0007806241046637297
0.14969704642091974,1.0009413957595825,0.0007758409483358264
0.14978564581046028,0.9956154227256775,0.0007529071881435812
0.14987058621776517,1.003308653831482,0.0007436366286128759
0.14991044690033106,1.0040240287780762,0.0007451429846696556
0.1499513493714687,1.025774359703064,0.0007576908101327717
0.15000522883092526,0.9943656921386719,0.000752887106500566
0.15002967928850697,1.001420497894287,0.0007656515808776021
0.15009761446617886,1.0027035474777222,0.0007638595416210592
0.15010579265545987,0.9986171722412109,0.0007788761286064982
0.15018033015080423,1.0042705535888672,0.0007813641568645835
0.1501877749167353,0.9992749691009521,0.0007756786071695387
0.1502763745535528,0.9982316493988037,0.0007531206938438118
0.15036131825097587,1.0041038990020752,0.0007445111987181008
0.1504011720232814,1.0030206441879272,0.000745029712561518
0.1504420825563091,1.0248310565948486,0.000757305882871151
0.1504959551058268,0.9934208393096924,0.0007527126581408083
0.15052041362561963,1.0003767013549805,0.0007654041983187199
0.1505883419748144,1.0039457082748413,0.0007636884110979736
0.1505965279792707,0.998665452003479,0.0007783936453051865
0.15067106588594015,1.0074821710586548,0.000781398790422827
0.15067850341255085,1.0012462139129639,0.0007765587070025504
0.15076710337858912,0.9962144494056702,0.0007529033464379609
0.1508520502019216,1.0033435821533203,0.0007440072949975729
0.15089189714623197,1.0028061866760254,0.0007450475241057575
0.150932815823816,1.0244555473327637,0.0007578047807328403
0.15098668146291294,0.9921814799308777,0.0007520955987274647
0.1510111479624111,1.0006858110427856,0.0007653750362806022
0.15107906948377114,1.0032958984375,0.0007633951609022915
0.1510872633853465,0.9974179267883301,0.0007781385211274028
0.15116180162107595,1.007022738456726,0.0007820884347893298
0.15116923190852705,1.0013511180877686,0.0007761922897771001
0.1512578321211997,0.9963175058364868,0.0007525138207711279
0.15134278215334918,1.0034596920013428,0.0007436457672156394
0.151382622269584,1.0041394233703613,0.0007451995043084025
0.15142354900873678,1.0249500274658203,0.0007572950562462211
0.15147740773757334,0.9925984740257263,0.0007530778530053794
0.1515018823813069,1.001075267791748,0.0007655161316506565
0.15156979691062367,1.0021214485168457,0.0007634788053110242
0.15157799870963928,0.9989509582519531,0.0007788665243424475
0.15165253727410732,1.0050785541534424,0.0007812843541614711
0.1516599604043426,0.9982573986053467,0.0007755995029583573
0.15174856094639655,0.9969173073768616,0.0007528456044383347
0.15183351410445556,1.0036934614181519,0.0007437113090418279
0.15187334739277547,1.0033725500106812,0.0007447132375091314
0.15191428219365744,1.0246073007583618,0.0007571593741886318
0.15196813409449883,0.9931926131248474,0.0007523467065766454
0.15199261671809827,1.0016213655471802,0.0007655438384972513
0.15206052441925932,1.002395510673523,0.0007634614012204111
0.15206873411603639,0.9964014887809753,0.0007780963787809014
0.15214327300924313,1.0041258335113525,0.0007819078746251762
0.15215068881821447,1.0009515285491943,0.0007762189488857985
0.15223928968900713,0.9968589544296265,0.0007529502036049962
0.15232424605540118,1.0034066438674927,0.0007433320279233158
0.15236407251572592,1.0035700798034668,0.0007448919350281358
0.15240501546132523,1.025617241859436,0.0007577330688945949
0.15245886045190638,0.9932364821434021,0.0007521986262872815
0.152483351054729,1.0006729364395142,0.0007662011776119471
0.1525512518456298,1.002695918083191,0.0007634576177224517
0.1526340086622746,1.0060189962387085,0.0007821039762347937
0.15264141731451208,1.001024603843689,0.0007761032320559025
0.15273001851388268,0.9966408014297485,0.0007529870490543544
0.1528149780066682,1.002522349357605,0.0007432847050949931
0.15285479755657194,1.0033584833145142,0.000744895136449486
0.15289574864640654,1.025378704071045,0.0007571064634248614
0.1529495867268882,0.9939042925834656,0.0007525159162469208
0.1529740854736248,1.0003036260604858,0.0007656236994080245
0.15304197935442598,1.0041719675064087,0.0007639061659574509
0.15312474439789237,1.0054192543029785,0.0007815093849785626
0.15313214581024726,1.0004688501358032,0.000776192347984761
0.1532207473391599,0.9959030151367188,0.0007529743597842753
0.15330570995753368,1.0024120807647705,0.0007442799978889525
0.1533455226795224,1.0045055150985718,0.0007454013102687895
0.1533864819135924,1.0244935750961304,0.0007576698553748429
0.1534403130837333,0.9940444827079773,0.0007525798864662647
0.15346481981073756,1.0004212856292725,0.0007653255015611649
0.1535327067809571,1.0026277303695679,0.0007631693151779473
0.15354094025232,0.997818112373352,0.0007784107001498342
0.15361548013334958,1.005615472793579,0.0007821277831681073
0.15362287430598254,1.0008647441864014,0.0007760669686831534
0.1537114760820114,0.9962478280067444,0.0007528967107646167
0.15379644190839892,1.0036462545394897,0.000743487908039242
0.15383624780247285,1.004608154296875,0.0007451298297382891
0.1538772150986737,1.0248714685440063,0.0007581313257105649
0.15393103935863484,0.9938141703605652,0.0007528804708272219
0.15395555414785034,1.0003145933151245,0.0007659993134438992
0.15402343428991405,1.002008080482483,0.0007633375935256481
0.15403167557613084,0.9968795776367188,0.0007788302027620375
0.1541062157862203,1.0054609775543213,0.0007815029821358621
0.1541136028021194,0.9995235204696655,0.0007760860025882721
0.15420220490688707,0.9953581690788269,0.00075352075509727
0.1542871738598266,1.0032873153686523,0.0007435678853653371
0.15432697292590525,1.0055265426635742,0.0007453193538822234
0.15436794828359446,1.0250109434127808,0.0007570955785922706
0.1544217657155602,0.9933831691741943,0.0007524735992774367
0.15444628856674603,1.0000038146972656,0.0007649488397873938
0.15451416171644516,1.0026124715805054,0.000763546850066632
0.15452241098252806,0.9966942667961121,0.0007781078456901014
0.1545969515213561,1.0072931051254272,0.0007824235362932086
0.15460433121583061,1.000447154045105,0.0007760592852719128
0.1546929336496583,0.9964849352836609,0.0007535120821557939
0.15477790581125428,1.004021167755127,0.0007435598527081311
0.15481769804933776,1.005465030670166,0.0007465010858140886
0.1548586815507802,1.0249104499816895,0.000757094647269696
0.15491249199022072,0.9936525821685791,0.0007524617249146104
0.15493702290337674,1.0011470317840576,0.0007659511757083237
0.1550048892250807,1.0034109354019165,0.000763601332437247
0.15501314630682084,0.9965195655822754,0.0007777506252750754
0.1550876871743877,1.0061286687850952,0.0007818081649020314
0.15509505971196746,0.9992138743400574,0.0007757441489957273
0.15518366247453375,0.9950564503669739,0.0007529983413405716
0.1552686377621999,1.0036804676055908,0.0007433469872921705
0.15530842309002313,1.0058131217956543,0.0007458205218426883
0.1553494147361829,1.0240907669067383,0.0007569920271635056
0.15540321834762816,0.9929224252700806,0.0007525723776780069
0.15542775724016833,1.0014735460281372,0.0007662808056920767
0.15549561665145128,1.0019433498382568,0.000763099524192512
0.15557842290968416,1.0061521530151367,0.0007824298809282482
0.15558578820794378,0.9993990659713745,0.0007755330298095942
0.1556743912997307,0.9964404702186584,0.0007534965989179909
0.15575936971314563,1.0035080909729004,0.000743679644074291
0.1557991482129737,1.0048376321792603,0.0007454815786331892
0.1558401479213446,1.024574637413025,0.0007571866153739393
0.1558939447047143,0.9940963387489319,0.0007525112596340477
0.15591849157679905,0.9999844431877136,0.0007658134563826025
0.15598634407806278,1.0024375915527344,0.0007634965586476028
0.15606915864514137,1.0066169500350952,0.0007822117186151445
0.15607651670375922,1.0004547834396362,0.0007767597562633455
0.15616512004274297,0.9974671006202698,0.000753972097299993
0.15625010166433229,1.0022283792495728,0.0007435301668010652
0.15628987333608468,1.0048292875289917,0.0007452236604876816
0.15633088118845007,1.0240378379821777,0.000757023983169347
0.15638467097937492,0.9931222200393677,0.000752293155528605
0.15640922599601614,1.0013078451156616,0.0007655194494873285
0.15647707158693924,1.0027270317077637,0.0007633866043761373
0.15648535244294393,0.9976016879081726,0.0007787761860527098
0.15655989429817274,1.0079410076141357,0.0007818177691660821
0.15656724519957477,0.9997552037239075,0.0007756254635751247
0.15665584886753825,0.9971967935562134,0.0007543049287050962
0.15674083361551894,1.0043423175811768,0.0007436850573867559
0.15678059845903514,1.003967523574829,0.0007449567201547325
0.15682161437369202,1.023510217666626,0.0007570746820420027
0.15687539733646105,0.9938819408416748,0.0007526114932261407
0.1568999603331288,0.9996356964111328,0.0007652287604287267
0.15696779901347047,1.0029232501983643,0.0007634244975633919
0.15697608776675465,0.9976484179496765,0.0007786102360114455
0.15705063003330855,1.0079939365386963,0.000782210729084909
0.1570579736132861,1.0000299215316772,0.000776371918618679
0.15714657761014872,0.9964844584465027,0.0007545921253040433
0.15723156556662532,1.0028785467147827,0.0007435472216457129
0.15727132350004192,1.0061556100845337,0.000745960627682507
0.1573123475586128,1.0246970653533936,0.0007575128111056983
0.15736612361112146,0.9936434030532837,0.0007529943832196295
0.15739069466975963,1.0011183023452759,0.0007653671782463789
0.1574585265224273,1.0019234418869019,0.0007627134909853339
0.1574668231729911,0.9984195828437805,0.0007788154762238264
0.15754136576844435,1.007470965385437,0.0007824701606296003
0.15754870210942296,0.9997738599777222,0.0007760503212921321
0.15763730643534568,0.9960606694221497,0.0007544112158939242
0.15772229751789235,1.0033453702926636,0.0007436240557581186
0.15776204862339394,1.0056722164154053,0.0007462108042091131
0.15780308082595906,1.0241128206253052,0.0007572409813292325
0.15785684996804694,0.993675708770752,0.000752501015085727
0.15788142908857494,1.0012000799179077,0.0007662830175831914
0.15794925394879777,1.0016330480575562,0.0007632679189555347
0.15795755849728388,0.9992626905441284,0.0007780977757647634
0.15803210142179713,1.0084214210510254,0.0007827186491340399
0.15803943060539916,1.0004054307937622,0.0007757358835078776
0.15812803526022123,0.9961303472518921,0.0007536592893302441
0.158213029386573,1.0019665956497192,0.0007428842363879085
0.15825277374626412,1.0063821077346802,0.0007459639455191791
0.1582938140113619,1.025299310684204,0.0007571142632514238
0.1583475762431894,0.9931100606918335,0.0007522438536398113
0.1583721634254468,1.001034140586853,0.000765433709602803
0.15843998145743332,1.002091884613037,0.0007629243191331625
0.15844829390335968,0.9985795617103577,0.0007787201902829111
0.1585228371570936,1.0083093643188477,0.000782927731052041
0.158530159101536,0.9998881816864014,0.0007757350103929639
0.15861876400299235,0.9968218803405762,0.0007540734950453043
0.15870376133751873,1.002614974975586,0.0007434149738401175
0.15874349886921457,1.0067518949508667,0.0007458574254997075
0.15878454719628254,1.0233030319213867,0.0007575113559141755
0.1588383026004362,0.994847297668457,0.0007528092828579247
0.15886289776223816,1.0013518333435059,0.0007655431400053203
0.15893070888396454,1.0027053356170654,0.0007640678668394685
0.15893902922717051,0.9973788857460022,0.0007784149493090808
0.15901357280996442,1.008346676826477,0.0007830447284504771
0.1590208875150062,0.9991852045059204,0.0007760881562717259
0.15910949282834996,0.9967384338378906,0.0007548332214355469
0.159194493288625,1.0039961338043213,0.0007444729562848806
0.15923422391022135,1.0065257549285889,0.0007458396721631289
0.15927528046346828,1.0244332551956177,0.0007572743343189359
0.15932902887501643,0.9929064512252808,0.0007526858244091272
0.1593536320991904,1.0023560523986816,0.0007655028020963073
0.15942143639276063,1.002744197845459,0.0007635842775925994
0.15950430854542152,1.0089002847671509,0.0007828506059013307
0.15951161601074149,1.0011602640151978,0.0007763337343931198
0.15960022157120157,0.9961827993392944,0.000754166510887444
0.15968522523981177,1.0033063888549805,0.0007436131709255278
0.1597249490331718,1.0063143968582153,0.0007458017789758742
0.1597660136485496,1.023864984512329,0.0007568951114080846
0.15981975523218284,0.992839515209198,0.0007521864026784897
0.15984436651824674,1.0012104511260986,0.0007656416855752468
0.1599121638194525,1.0009899139404297,0.0007631805492565036
0.1599204999575391,0.9979144334793091,0.0007787154172547162
0.15999504428055733,1.0087159872055054,0.0007833992131054401
0.16000234450687834,1.0002535581588745,0.0007762325694784522
0.16009095039599686,0.995819628238678,0.0007543421816080809
0.16017595719099842,1.0025558471679688,0.0007435018196702003
0.1602156741562828,1.007755994796753,0.0007464050431735814
0.16025674683347035,1.0250025987625122,0.0007575051859021187
0.16031048150684335,0.9934720993041992,0.000752885127440095
0.16033510085487757,1.0024064779281616,0.0007660959381610155
0.16040289124598373,1.001173734664917,0.0007629609317518771
0.16041123536377555,0.9972641468048096,0.0007785167545080185
0.16048577993342816,1.0084341764450073,0.0007832984556443989
0.16049307300285454,0.9993621110916138,0.0007753706304356456
0.1605816792208723,0.9961360096931458,0.0007541924715042114
0.1606666891421047,1.00106680393219,0.0007430333062075078
0.16070639919745022,1.0065948963165283,0.0007456472376361489
0.1607474801009774,1.0242186784744263,0.0007570795714855194
0.16080120786376872,0.9933268427848816,0.0007530199945904315
0.16082583519150828,1.0010432004928589,0.000765603210311383
0.16089361875461916,1.0024352073669434,0.0007630942272953689
0.16090197068790768,1.0003668069839478,0.0007790281088091433
0.16097651566904592,1.0097883939743042,0.0007837559678591788
0.1609838014167264,1.0008361339569092,0.0007763913599774241
0.16107240796380418,0.9975584745407104,0.0007545314147137105
0.1611574210930503,1.0033073425292969,0.0007434668368659914
0.16119712432040068,1.007248044013977,0.0007462623761966825
0.1612382132863801,1.024806261062622,0.0007574824267067015
0.1612919341389113,0.9932308197021484,0.0007530164439231157
0.16131656952829976,1.002469778060913,0.0007656707894057035
0.16138434618098974,1.0015157461166382,0.000762765237595886
0.16139270609398348,1.001325249671936,0.0007800018647685647
0.16146725140434248,1.009617805480957,0.0007828396046534181
0.16147452991270272,0.9996638298034668,0.0007761535234749317
0.1615631367888405,0.9955214262008667,0.0007544280961155891
0.16164815304399605,1.00127112865448,0.0007430321420542896
0.16168784944335113,1.00732421875,0.0007463073125109076
0.16172894647130087,1.022822380065918,0.00075631431536749
0.16178266049631873,0.9930394887924194,0.0007523485110141337
0.16180730394751686,1.0017296075820923,0.0007653113570995629
0.16187507368994658,1.0009093284606934,0.0007628899184055626
0.16188344141771394,0.9979856610298157,0.0007787136128172278
0.16195798705721332,1.0092250108718872,0.0007834202842786908
0.16196525840851816,1.0001070499420166,0.0007762102177366614
0.16205386561403745,0.99508136510849,0.0007543488754890859
0.16213888499526308,1.0020443201065063,0.0007432956481352448
0.16217857448419726,1.0071302652359009,0.0007461240747943521
0.16221967965614115,1.0233807563781738,0.0007569650770165026
0.16227338677097924,0.993427574634552,0.0007523584645241499
0.16229803828430822,1.0005719661712646,0.0007654791697859764
0.16236580111671872,1.002871036529541,0.0007631732150912285
0.16244872279250966,1.009666085243225,0.000784306030254811
0.16245598690433383,0.9991390109062195,0.0007760217413306236
0.16254459435680868,0.9958824515342712,0.0007545258267782629
0.16262961686410438,1.002289056777954,0.0007438372122123837
0.162669299607469,1.0074803829193115,0.0007466323440894485
0.16271041292356792,1.0222084522247314,0.0007564477273263037
0.16276411312782446,0.9932394623756409,0.0007523763342760503
0.16278877262126024,1.001259207725525,0.0007658941322006285
0.16285652854333033,1.001562476158142,0.0007632395136170089
0.16286491214800214,0.9979110956192017,0.0007786608766764402
0.16293945852796698,1.0101674795150757,0.0007840456091798842
0.16294671531804505,0.9994513988494873,0.0007759089930914342
0.16303532318168412,0.996008038520813,0.0007547938730567694
0.16312034881521065,1.0029488801956177,0.0007431520498357713
0.1631600247305801,1.0091676712036133,0.0007468644762411714
0.16320114610864933,1.0229394435882568,0.0007564637344330549
0.16325483940272578,0.9943748116493225,0.0007525983965024352
0.16327950695789106,1.0015134811401367,0.0007663651485927403
0.16334725605196576,1.0013184547424316,0.0007626141887158155
0.16335564755439935,0.999554455280304,0.0007790874224156141
0.1634301941808377,1.0098800659179688,0.0007835001451894641
0.1634374438141819,1.0004501342773438,0.0007769034127704799
0.1635260519242947,0.9953563809394836,0.0007551215239800513
0.1636110807664778,1.0018976926803589,0.0007427259697578847
0.1636507497715869,1.0081782341003418,0.0007462974172085524
0.1636918792938914,1.0230295658111572,0.0007570935413241386
0.16374556567754706,0.9944180250167847,0.0007527094567194581
0.1637702412944415,1.0023635625839233,0.0007659722468815744
0.16383798347849698,1.0013065338134766,0.0007628259481862187
0.16384638287837072,0.9986975789070129,0.0007792350952513516
0.16392092991613416,1.009277105331421,0.0007832359988242388
0.1639281723101581,0.9989516735076904,0.0007758867577649653
0.1640167807493309,0.9963989853858948,0.000755401561036706
0.1641018127174234,1.0017452239990234,0.0007430945988744497
0.16414147489445696,1.0081431865692139,0.0007465108064934611
0.1641826124789728,1.0226356983184814,0.0007562939426861703
0.16423629203479384,0.9943179488182068,0.0007523932144977152
0.16426097563131314,1.001512885093689,0.0007653621723875403
0.16432871090486756,0.999650239944458,0.0007629428873769939
0.16433711820218155,0.9995429515838623,0.0007790997624397278
0.16441166565175203,1.0098419189453125,0.0007835603901185095
0.16441890072402998,0.9991810917854309,0.000775532447732985
0.16450750957452787,0.9954681396484375,0.0007549701840616763
0.16459254466836903,1.001792311668396,0.0007434727158397436
0.16463219993506206,1.009594202041626,0.0007467945106327534
0.16467334574647985,1.0233566761016846,0.0007568476139567792
0.164727018309615,0.9944643378257751,0.0007524563698098063
0.1647517100503696,1.001014232635498,0.0007653163047507405
0.1648194384138243,1.0018647909164429,0.0007631473708897829
0.16482785360825736,0.9990954995155334,0.0007789006922394037
0.16490962921984553,1.000367283821106,0.0007767386268824339
0.1649982383172991,0.9964280724525452,0.0007551530143246055
0.16508327661947542,1.001306414604187,0.000742832722608
0.1651229250583338,1.007549524307251,0.000746151665225625
0.16516407893132024,1.0238885879516602,0.0007564925472252071
0.16521774466654038,0.9931402206420898,0.0007521298830397427
0.16524244438732183,1.0024027824401855,0.0007663953583687544
0.16531016584059655,1.0019785165786743,0.0007630067993886769
0.16539313703975855,1.0104002952575684,0.0007838469464331865
0.16540035771558081,1.0011993646621704,0.000776426459196955
0.16548896714241568,0.9957998991012573,0.000754980486817658
0.1655740084883971,1.0022447109222412,0.0007429619436152279
0.16561365018144492,1.0089069604873657,0.0007464398513548076
0.16565481211616062,1.0233793258666992,0.0007564779953099787
0.1657084709412009,0.993895947933197,0.0007519919890910387
0.1657331787241132,1.003267765045166,0.0007660758565180004
0.16580089326688674,1.0013165473937988,0.0007632331107743084
0.1658093243387867,0.9981371164321899,0.000778564193751663
0.16588387277505512,1.0092264413833618,0.0007839462487027049
0.16589108612953296,0.998686671257019,0.0007754027028568089
0.16597969596721085,0.9962236881256104,0.0007557386416010559
0.16606474043958375,1.0013569593429565,0.0007431886624544859
0.1661043752224517,1.0084168910980225,0.0007463571382686496
0.16614554530140258,1.022091269493103,0.0007558689103461802
0.16619919721602194,0.9932497143745422,0.0007522412925027311
0.1662239130607439,1.0002442598342896,0.0007652819040231407
0.16629162077552218,1.0017977952957153,0.0007632366032339633
0.16630005966291872,0.9995561242103577,0.0007796810241416097
0.16637460851019092,1.0114516019821167,0.0007844738429412246
0.16638181462583057,0.9989654421806335,0.0007761105662211776
0.16647042470982143,0.9953945279121399,0.0007553318864665926
0.16655547239069013,1.0020157098770142,0.00074300158303231
0.1665951003455629,1.0083543062210083,0.000747110228985548
0.1666362784864841,1.022907018661499,0.0007565449923276901
0.16668992357326895,0.9947590827941895,0.0007526502595283091
0.16671464739737474,1.0021425485610962,0.0007654952351003885
0.16678234820221405,1.000726342201233,0.0007625505095347762
0.16679079506899452,0.9978826642036438,0.0007787711801938713
0.16686534416338294,1.0121251344680786,0.000785185256972909
0.16687254312164612,0.9997350573539734,0.0007761098677292466
0.16696115353517904,0.9957888722419739,0.0007556137279607356
0.16704620434163575,1.001002311706543,0.000742848205845803
0.16708582538624828,1.0097730159759521,0.0007472134311683476
0.16712701175399103,1.022523045539856,0.0007562502869404852
0.16718064984809,0.9939099550247192,0.0007527419948019087
0.1672053817344874,1.0026799440383911,0.0007656810921616852
0.16727307562858462,0.9996321201324463,0.000762580253649503
0.167281530392966,0.9992552399635315,0.0007788252551108599
0.16735607989892054,1.0120813846588135,0.0007845283835195005
0.1673632715351966,0.999886155128479,0.0007764399633742869
0.167451882360376,0.9944581985473633,0.0007551723974756896
0.1675369362103164,1.0009013414382935,0.0007428971584886312
0.16757655050919862,1.009519338607788,0.0007465814705938101
0.16761774493907244,1.0232350826263428,0.0007566387066617608
0.1676713762053368,0.9944416284561157,0.0007528559654019773
0.16769611615386515,1.0018553733825684,0.0007652990752831101
0.16776380313738082,1.00055730342865,0.0007625853177160025
0.16777226571677673,1.0005638599395752,0.0007795006968080997
0.16784681563397597,1.0114418268203735,0.0007843885687179863
0.16785400003133355,1.0001336336135864,0.0007761397282592952
0.16794261110298647,0.9942948222160339,0.0007550626178272069
0.1680276681617442,1.0014327764511108,0.0007431940175592899
0.16806727563230983,1.0097382068634033,0.0007464962545782328
0.1681084781239932,1.0238012075424194,0.0007565479027107358
0.1681621024799973,0.9944410920143127,0.0007524631801061332
0.16818685049049598,1.0015517473220825,0.0007650895277038217
0.16825453056423334,1.0006859302520752,0.0007627261802554131
0.1682630011230133,0.9994911551475525,0.0007794730481691658
0.16833755136911177,1.0099492073059082,0.0007836811128072441
0.16834472852706872,0.9996038675308228,0.0007763749454170465
0.16843333992802267,0.9960814118385315,0.0007557678036391735
0.1685184001130111,1.0019479990005493,0.0007425917428918183
0.1685580006733166,1.0098919868469238,0.0007471044664271176
0.16859921130891387,1.0224307775497437,0.0007561783422715962
0.1686528287546577,0.9937658309936523,0.000752350315451622
0.1686775848271267,1.0015655755996704,0.0007658178801648319
0.1687452579906038,1.0017796754837036,0.0007631179760210216
0.16875373644730596,0.9995459914207458,0.0007791050593368709
0.1688282870223039,1.0113341808319092,0.0007844669162295759
0.16883545694086022,1.0001577138900757,0.0007768056821078062
0.16892406875289834,0.9954802989959717,0.0007554366602562368
0.16900913206387647,0.9998201131820679,0.0007423807983286679
0.1690487257964277,1.0092530250549316,0.0007466061506420374
0.1690899444943167,1.0229852199554443,0.000756374909542501
0.16914355511174384,0.9949882626533508,0.0007524542161263525
0.16916831916391817,1.0022531747817993,0.0007661811541765928
0.16923598549923935,0.9996958374977112,0.0007625664584338665
0.16931902275760036,1.0146400928497314,0.0007845672662369907
0.16932618543715783,0.9996888041496277,0.0007763633620925248
0.1694147974955088,0.9961128830909729,0.0007553001050837338
0.16949986393279814,1.0012153387069702,0.0007427798118442297
0.1695394508374345,1.011007308959961,0.0007473831064999104
0.169580677679398,1.0216878652572632,0.0007559463265351951
0.169634281386565,0.9928922653198242,0.000752218475099653
0.16965905350054888,1.0012496709823608,0.0007661125855520368
0.16972671292577057,1.0017117261886597,0.0007632247870787978
0.16980975849305746,1.012669324874878,0.0007850921829231083
0.1698169139329735,1.0001733303070068,0.0007769431103952229
0.16990552632086642,0.9964004755020142,0.000755737884901464
0.16999059588374377,1.0007725954055786,0.0007426918018609285
0.17003017596054548,1.009873628616333,0.0007469737902283669
0.17007141094658373,1.0210222005844116,0.0007557967328466475
0.17012500766154692,0.9933344125747681,0.0007516322657465935
0.170149787837501,1.0002999305725098,0.0007655013469047844
0.17021744035214104,1.0004078149795532,0.0007628754829056561
0.17022594250132483,1.0001782178878784,0.0007797286962158978
0.17030049422835392,1.0111571550369263,0.0007846093503758311
0.17030764234652385,0.9994182586669922,0.0007760049775242805
0.17039625514590262,0.9950233101844788,0.0007555357296951115
0.1704813278346895,1.000004768371582,0.0007428692770190537
0.17052090100123096,1.011144757270813,0.0007469647680409253
0.1705621441318258,1.0220788717269897,0.0007569349836558104
0.17061573401863306,0.9937199950218201,0.0007525967666879296
0.1706405221745334,1.0023866891860962,0.0007656316738575697
0.1707081677788329,0.9995507001876831,0.000762469950132072
0.17071667790740064,1.0006319284439087,0.0007796795689500868
0.17079122988122475,1.0129550695419312,0.000785052019637078
0.17079837084250016,0.9986286759376526,0.0007758353604003787
0.1708869838885132,0.9961423277854919,0.0007558501674793661
0.17097205978611718,1.0001087188720703,0.0007433060090988874
0.17101162612418142,1.011244297027588,0.0007472260040231049
0.17105287731674657,1.022514820098877,0.0007561093079857528
0.17110646029329346,0.9944523572921753,0.0007523471722379327
0.17113125651108385,1.002651572227478,0.0007656373782083392
0.1711988952879504,0.9999645948410034,0.0007628552848473191
0.171207413231372,1.0010265111923218,0.0007805523346178234
0.17128196561636055,1.015311360359192,0.0007856484153307974
0.1712890993383157,0.9993429780006409,0.0007764924666844308
0.17137771271371005,0.9963771104812622,0.0007563374238088727
0.17146279165495848,0.9997354745864868,0.0007425500662066042
0.17150235116534884,1.0109357833862305,0.0007472524885088205
0.17154361050158695,1.022147536277771,0.0007560006924904883
0.17159718656795397,0.9944531321525574,0.0007520941435359418
0.17162199084771457,1.0034674406051636,0.0007655197405256331
0.1716896227142406,0.9995553493499756,0.0007625347352586687
0.1716981485556648,1.0001264810562134,0.0007798785227350891
0.171772701351657,1.013383388519287,0.0007854138384573162
0.17177982775202694,0.9988144636154175,0.0007759491563774645
0.17186844153850533,0.9951667189598083,0.0007558808429166675
0.1719535236059042,1.000667929649353,0.0007429714314639568
0.17199307628845995,1.010878086090088,0.0007478050538338721
0.17203434368690929,1.02156400680542,0.00075575738446787
0.1720879129251205,0.9936524629592896,0.0007518515922129154
0.17211272526693167,1.0034950971603394,0.0007655501831322908
0.1721803501405308,0.9995160102844238,0.0007626621518284082
0.1721888839617406,0.9993194341659546,0.0007792478427290916
0.17226343708727487,1.0128374099731445,0.0007856861921027303
0.17227055624832444,0.9989825487136841,0.000776488974224776
0.17235917028103553,0.9958217740058899,0.0007563435356132686
0.1724442555570106,0.9998787045478821,0.000742531381547451
0.17248380132914543,1.0136200189590454,0.0007485758978873491
0.17252507687215135,1.0226733684539795,0.0007557749631814659
0.17257863920002192,0.993162214756012,0.0007520209182985127
0.17260345960356238,1.0028328895568848,0.0007656149682588875
0.17267107756722266,1.0005258321762085,0.0007629548199474812
0.1726796192855513,1.0007420778274536,0.0007798185688443482
0.172754172740467,1.0130027532577515,0.0007845727377571166
0.17276128466187501,0.9987545013427734,0.000775870168581605
0.17284989910639303,0.9936239719390869,0.000755930959712714
0.17293498742569113,1.0016494989395142,0.0007428026292473078
0.17297452645241707,1.0118184089660645,0.0007487642578780651
0.173015810057072,1.0222223997116089,0.000756440160330385
0.17306936547484308,0.9946881532669067,0.0007529616705141962
0.17309419394035397,1.0013561248779297,0.0007656101952306926
0.1731618050758582,1.000142216682434,0.0007624362478964031
0.1731703546095228,1.0015851259231567,0.0007804745109751821
0.1732449084756028,1.0129045248031616,0.0007850350230000913
0.17325201315769068,0.9996006488800049,0.0007762931636534631
0.17334062793159,0.9955685138702393,0.0007561746751889586
0.17342571937663676,1.0005019903182983,0.0007425514631904662
0.17346525149302228,1.013267993927002,0.0007479442865587771
0.17350654324215342,1.020653247833252,0.0007557347998954356
0.17356009183208987,0.99537193775177,0.0007526100380346179
0.17358492827746663,1.0020774602890015,0.0007652901113033295
0.17365253250238943,0.999976396560669,0.0007625638972967863
0.1736610900155986,0.9999108910560608,0.0007796990685164928
0.17373564421089938,1.0137672424316406,0.0007853193674236536
0.17374274165382741,0.9994425177574158,0.0007757139392197132
0.17383135667420058,0.9957003593444824,0.0007564846309833229
0.17391645132806455,1.001518964767456,0.0007428386015817523
0.17395597661621365,1.012434482574463,0.0007472967263311148
0.17399727642707408,1.0205423831939697,0.000755630899220705
0.17405081810675038,0.9939122200012207,0.0007522995583713055
0.17407566261409735,1.0027800798416138,0.0007659218972548842
0.17414325992924196,0.9994304180145264,0.0007623370038345456
0.17415182533965046,0.9992395639419556,0.0007787250215187669
0.17422637994603507,1.0137863159179688,0.0007859171601012349
0.174233470067378,0.9982348680496216,0.0007754904800094664
0.1743220854992369,0.9959250688552856,0.0007565494161099195
0.1744071831970666,1.000119686126709,0.000742475560400635
0.17444670165738108,1.0124988555908203,0.0007478913757950068
0.17448800969425993,1.0220859050750732,0.0007559917285107076
0.17454154438141078,0.9939507842063904,0.0007518662605434656
0.17456639695072818,1.0019631385803223,0.0007656622910872102
0.1746339873556123,0.9987210035324097,0.0007633300847373903
0.17464256066386286,0.999264657497406,0.0007799945306032896
0.1747171155989059,1.013371467590332,0.0007857609307393432
0.1747241985633543,0.9979570508003235,0.0007758390856906772
0.17481281432411233,0.995693564414978,0.0007565433625131845
0.17489791514793185,0.9997190833091736,0.00074244465213269
0.17493742678033153,1.0120484828948975,0.0007475848542526364
0.17497874287966253,1.022035837173462,0.0007566552376374602
0.17503227073881822,0.9944396018981934,0.000752034829929471
0.17505713128751954,1.0030955076217651,0.0007664486183784902
0.17512471478198288,1.0004847049713135,0.0007626505685038865
0.17513329606993877,1.0002028942108154,0.0007796927238814533
0.17520785133452377,1.0133869647979736,0.0007854066789150238
0.17521492697738683,0.999675989151001,0.0007759829168207943
0.175303543148988,0.9959656596183777,0.000757791509386152
0.17538864701685353,0.9998005032539368,0.0007428540848195553
0.175428151821017,1.0122426748275757,0.0007479973137378693
0.17546947606474395,1.0220584869384766,0.0007564844563603401
0.1755229970136395,0.9947095513343811,0.0007519666105508804
0.17554786562415026,1.0020989179611206,0.0007653804495930672
0.17561544229077908,1.000071406364441,0.0007625803700648248
0.1756240313937495,1.0011714696884155,0.0007796349236741662
0.17569858706982022,1.0139003992080688,0.0007854809518903494
0.17570565547320238,0.997988224029541,0.0007757612620480359
0.17579427189208052,0.9959957003593445,0.000756714609451592
0.17587937896779915,1.0001081228256226,0.0007424424984492362
0.175918876944128,1.012481451034546,0.0007481377106159925
0.1759602092496647,1.021427869796753,0.0007560395170003176
0.1760137232882999,0.9933663606643677,0.0007515437318943441
0.1760385999611025,1.0023210048675537,0.0007653399370610714
0.17610616971747084,0.9996562004089355,0.0007627797313034534
0.17618932280495603,1.0141394138336182,0.0007855104631744325
0.17619638396901793,0.9988458156585693,0.0007765059126541018
0.17628500071711672,0.9948256015777588,0.0007563043618574739
0.17637011091890564,1.0001634359359741,0.0007427126402035356
0.17640960198481348,1.0123404264450073,0.0007482701912522316
0.17645094243490667,1.0218032598495483,0.0007562419050373137
0.17650444956312106,0.994785487651825,0.0007519187056459486
0.17652933429813478,1.0030364990234375,0.0007671412895433605
0.17659689714400206,0.9984965324401855,0.0007625036523677409
0.17660550212411807,1.0004459619522095,0.0007795894052833319
0.17668005854041313,1.0146268606185913,0.0007853845017962158
0.17668711238272916,0.9985426664352417,0.0007757854764349759
0.17677572954199228,0.9953241944313049,0.0007569367880932987
0.17686084278806835,1.0007847547531128,0.000742682779673487
0.1769003270256596,1.0125513076782227,0.0007475768215954304
0.17694167561982743,1.0201430320739746,0.0007555041811428964
0.17699517592004654,0.9941378235816956,0.0007524049724452198
0.17702006863468533,1.0025174617767334,0.0007655291701667011
0.17708762457069394,1.0005933046340942,0.0007629533065482974
0.1770962374482502,1.001054286956787,0.0007801894098520279
0.17717079419320358,1.0134884119033813,0.0007850679103285074
0.177177840878866,1.000076413154602,0.0007764241890981793
0.17726645828492416,0.9948842525482178,0.0007570594316348433
0.17735157473933527,1.0008076429367065,0.0007430926780216396
0.177391052149092,1.013371467590332,0.0007477419567294419
0.17743240880490885,1.0211215019226074,0.0007560336962342262
0.17748590219470695,0.9946653246879578,0.000751879473682493
0.17751080297131605,1.00258469581604,0.0007654873770661652
0.17757835199698413,0.9988728165626526,0.0007628016173839569
0.17758697277222169,1.001125693321228,0.0007800529128871858
0.17766152992825912,1.0173307657241821,0.0007857962627895176
0.17766856929257724,0.99899822473526,0.0007759285508655012
0.17775718710971944,0.9960953593254089,0.0007570796296931803
0.17784230660801592,0.9992605447769165,0.0007424657815136015
0.1778817771897775,1.0123896598815918,0.0007479611085727811
0.17792314199031156,1.0210620164871216,0.0007558209472335875
0.17797662846984952,0.9934940338134766,0.0007516442565247416
0.17800153730826807,1.0035244226455688,0.0007654199725948274
0.1780690795055393,1.0006277561187744,0.0007632023189216852
0.17807770817845814,1.002579689025879,0.0007807952351868153
0.17815226566387687,1.0128233432769775,0.0007851417758502066
0.1781592977886337,0.9997149705886841,0.0007765089394524693
0.17824791593483602,0.9954910278320312,0.0007568004657514393
0.17833303855888127,1.0011707544326782,0.0007429599645547569
0.17837250231272783,1.0127328634262085,0.0007483148947358131
0.17841387517523233,1.0202610492706299,0.0007559538935311139
0.17846735474475106,0.9937877058982849,0.0007517212070524693
0.17849227164505954,1.0034282207489014,0.0007652993081137538
0.17855980693223117,1.001025676727295,0.0007632020860910416
0.1786430013993341,1.0142251253128052,0.000785685726441443
0.17865002620210402,1.0002639293670654,0.0007763169705867767
0.17873864476019352,0.9955451488494873,0.0007569334120489657
0.17882377051006793,0.9988260269165039,0.0007420858601108193
0.1788632273537346,1.013709545135498,0.0007483012159354985
0.17890460836015298,1.0206512212753296,0.0007561120437458158
0.17895808101933108,0.9935845732688904,0.0007515756879001856
0.17898300598201167,1.0020463466644287,0.0007650453480891883
0.1790505343587624,0.9988609552383423,0.0007631466723978519
0.1790591788260797,1.0010442733764648,0.0007787973154336214
0.1791337371344699,1.0148576498031616,0.0007859474862925708
0.17914075469791957,0.9991399049758911,0.0007760208682157099
0.1792293735028041,0.9959986209869385,0.0007568700239062309
0.17931450237890922,0.9972741603851318,0.000741577532608062
0.17935395239433982,1.013997197151184,0.0007481643697246909
0.1793953415452344,1.0210199356079102,0.0007555825286544859
0.17944880737657787,0.994763970375061,0.0007518480415455997
0.17947374031880314,1.0038042068481445,0.000765626085922122
0.17954126178545426,0.9996404051780701,0.000763361225835979
0.17954991415037247,1.0002334117889404,0.0007803349872119725
0.17962447278750127,1.0151695013046265,0.0007858676835894585
0.17963148311179145,0.9987514019012451,0.000776014057919383
0.17972010232767965,0.9944891929626465,0.0007572711328975856
0.17980523433017637,1.0003747940063477,0.0007423522765748203
0.1798446775175312,1.013828158378601,0.0007486129179596901
0.17988607473015505,1.0202800035476685,0.0007558059296570718
0.17993953365139903,0.9957192540168762,0.0007519772043451667
0.17996447465543386,1.0044233798980713,0.0007657228270545602
0.18003198921198538,0.9982637763023376,0.0007622981211170554
0.18004064955676957,1.0002745389938354,0.0007798505830578506
0.18011520852263707,1.0142416954040527,0.0007859441684558988
0.18012221160776765,0.9979392290115356,0.0007758820429444313
0.18021083115271597,0.9947200417518616,0.0007572391186840832
0.18029596619901755,0.9997034668922424,0.0007425963412970304
0.18033540255869862,1.0143581628799438,0.0007479321793653071
0.18037680791539712,1.02047598361969,0.000755230023059994
0.18043025992605954,0.9945763349533081,0.000751976331230253
0.18045520899206458,1.0040723085403442,0.0007658472168259323
0.18052271663835584,0.9999098181724548,0.0007631121552549303
0.18053138488050013,1.0006158351898193,0.0007796002901159227
0.18060594425793364,1.0155197381973267,0.0007849528919905424
0.18061294002163963,0.9995458126068115,0.0007759208092465997
0.18070155989532655,0.9942500591278076,0.0007568614673800766
0.1807866981499633,1.0003256797790527,0.0007434356375597417
0.1808261275993841,1.0142110586166382,0.0007479296764358878
0.18086754110071956,1.020990014076233,0.0007555910851806402
0.18092098620104136,0.9942145347595215,0.0007516767946071923
0.18094594332885594,1.0026508569717407,0.0007651695632375777
0.18101344406472641,0.9990247488021851,0.000762841897085309
0.18102212020455188,1.0016356706619263,0.0007805477362126112
0.1810966799935514,1.0137697458267212,0.0007849979447200894
0.18110366851761572,0.9986158609390259,0.0007759652798995376
0.18119228872044302,0.9958628416061401,0.0007574328919872642
0.18127743001864394,1.0001840591430664,0.0007424370269291103
0.18131685272233455,1.015455722808838,0.0007485301466658711
0.18135827428588125,1.0195404291152954,0.0007551109883934259
0.18141171247610355,0.9947241544723511,0.000752017367631197
0.18143667766580807,1.0024336576461792,0.0007655703811906278
0.1815041715735226,0.9998022317886353,0.0007628547609783709
0.18151285561062758,1.0016273260116577,0.0007812838885001838
0.1815874157290085,1.0160735845565796,0.0007860757759772241
0.1815943969311663,0.9989969730377197,0.0007762957829982042
0.18168301754572025,0.9948946237564087,0.0007572772447019815
0.18176816196975032,0.998839795589447,0.0007423813221976161
0.18180757776318068,1.0155150890350342,0.000748777121771127
0.18184900747080202,1.0193982124328613,0.000754881592001766
0.18190243883294865,0.9940928220748901,0.0007513723685406148
0.18192741200259943,1.0032472610473633,0.0007657947135157883
0.18199489900021448,0.9986228942871094,0.0007627499871887267
0.18200359093443852,1.0013461112976074,0.0007801566389389336
0.1820781514641443,1.0146456956863403,0.0007858616299927235
0.18208512542698185,0.9972164034843445,0.0007754742400720716
0.1821737463705959,0.9942424297332764,0.0007566804415546358
0.18225889383875238,0.9993224740028381,0.0007422995986416936
0.18229830280386594,1.0158196687698364,0.0007484977249987423
0.18233974065572267,1.0196696519851685,0.0007550703012384474
0.18239316510760906,0.9940689206123352,0.0007517713238485157
0.18241814633955167,1.0023694038391113,0.000765035510994494
0.1824856264267456,0.9982696771621704,0.0007623766432516277
0.1824943262587313,1.0007051229476929,0.000780282134655863
0.18256888711701513,1.0154699087142944,0.0007859911420382559
0.18257585392295805,0.9990782737731934,0.00077559903729707
0.18266447511320638,0.9955003261566162,0.0007572994800284505
0.18274962578985865,0.9997358918190002,0.0007433284190483391
0.18278902792705753,1.014365315437317,0.0007478654151782393
0.1828304738408041,1.0191998481750488,0.0007558101788163185
0.18288389138259098,0.9938387274742126,0.0007514324970543385
0.18290888067634303,1.0041594505310059,0.0007656603120267391
0.18297635385343747,0.9994014501571655,0.0007630917243659496
0.18298506158270267,1.0012454986572266,0.0007813494303263724
0.1830596228523116,1.0143464803695679,0.000785876763984561
0.18306658233682993,0.9999628067016602,0.0007765054469928145
0.18315520393840323,0.99305260181427,0.0007566710701212287
0.1832403576588607,0.9993523955345154,0.0007421554764732718
0.18327975296814458,1.0159986019134521,0.0007487988914363086
0.18332120702604615,1.0211124420166016,0.0007557415519841015
0.18337461765725138,0.9944021105766296,0.0007518292404711246
0.18339961501297375,1.0036882162094116,0.0007657890673726797
0.18346708127980793,0.9997143149375916,0.0007629189058206975
0.18347579698877847,1.003030776977539,0.0007813284755684435
0.18355035858760804,1.0160069465637207,0.0007867858512327075
0.18355731075054116,0.998587429523468,0.000775830470956862
0.18364593276343955,0.9955170154571533,0.0007574332994408906
0.18373108960980633,1.0003949403762817,0.000742579170037061
0.18377047800915136,1.0148099660873413,0.0007482076180167496
0.18381194021112746,1.0192124843597412,0.0007551791495643556
0.18386534393207254,0.9937099814414978,0.0007513752789236605
0.1838903492673395,1.003532886505127,0.0007654610672034323
0.18395780870609812,0.9978660345077515,0.0007625703001394868
0.18396653231283033,1.000934362411499,0.0007807159563526511
0.18404109432306526,1.0160562992095947,0.0007872849819250405
0.18404803924659774,0.9991675019264221,0.0007756166742183268
0.1841366615886365,0.9946696162223816,0.0007575268973596394
0.1842218214784067,0.9995453953742981,0.0007423386559821665
0.18426120313210181,1.0163520574569702,0.0007488507544621825
0.18430267339628914,1.0205260515213013,0.000755399523768574
0.184356070207215,0.9943366646766663,0.0007517845369875431
0.18438108360445238,1.0046412944793701,0.0007663080468773842
0.18444853613270973,0.9984836578369141,0.0007629562169313431
0.18445726763656067,0.9999314546585083,0.0007807468064129353
0.1845318300583617,1.0164028406143188,0.0007867879467085004
0.18453876766006794,0.9983230233192444,0.0007754328544251621
0.18462739033140763,0.9951561689376831,0.0007571424939669669
0.18471255342959336,0.998649537563324,0.0007427820819430053
0.18475192817278718,1.014946699142456,0.0007481523789465427
0.18479340658112953,1.0202950239181519,0.000755320827011019
0.1848467965641405,0.9943459630012512,0.0007516962359659374
0.18487181794124374,1.0044987201690674,0.0007660612463951111
0.18493926355956225,1.0000224113464355,0.0007633840432390571
0.1849480029603715,1.003158688545227,0.0007818136364221573
0.18502256579349752,1.0144164562225342,0.0007860985351726413
0.1850294961558835,0.9982267022132874,0.0007758130086585879
0.18511811915644394,0.9952552318572998,0.0007573908078484237
0.18520328529843466,0.9997218251228333,0.0007425342337228358
0.1852426532139546,1.0150388479232788,0.0007484061643481255
0.1852841397660503,1.0193560123443604,0.0007553371251560748
0.185337522838801,0.9942811131477356,0.0007513805176131427
0.18536255227787446,1.0042064189910889,0.0007653958746232092
0.18542999098609347,0.9987359642982483,0.000763131189160049
0.1854387382846644,1.0033622980117798,0.0007823899504728615
0.18551330152863332,1.0167189836502075,0.000787341152317822
0.18552022456991601,0.9988187551498413,0.0007754401303827763
0.1856088479813195,0.9950782656669617,0.0007572095491923392
0.18569401716743672,0.9985707402229309,0.0007423736387863755
0.18573337833706582,1.0178807973861694,0.0007487801485694945
0.18577487295129236,1.0200573205947876,0.0007555162301287055
0.18582824911362206,0.9960242509841919,0.0007519136415794492
0.18585328661474632,1.002919316291809,0.0007654456421732903
0.18592071841246394,0.9979747533798218,0.0007625145954079926
0.1859294736910615,1.0017187595367432,0.0007810665410943329
0.18600403718182545,1.0171064138412476,0.0007866209489293396
0.18601095306605298,0.9989593625068665,0.0007757447892799973
0.18609957680619504,0.9949405193328857,0.0007579288212582469
0.186184749118543,0.9983635544776917,0.0007418495952151716
0.18622410337775108,1.0166130065917969,0.0007485023234039545
0.1862656060541087,1.018384575843811,0.0007544269319623709
0.18631897538860387,0.9956191778182983,0.0007521415827795863
0.18634402095129665,1.0040628910064697,0.0007659047842025757
0.1864114458391557,0.996997594833374,0.000763037009164691
0.18642020901487222,1.003721833229065,0.0007823159685358405
0.1864947729171219,1.0163286924362183,0.0007861927733756602
0.18650168147960355,0.9972743391990662,0.0007752266246825457
0.18659030563155254,0.9949978590011597,0.0007582944235764444
0.18667548098722375,0.9984965324401855,0.0007422940107062459
0.1867148284185972,1.0162334442138672,0.0007490733987651765
0.18675633923935075,1.020651936531067,0.000755196379031986
0.18680970166342514,0.9947719573974609,0.0007513595628552139
0.18683475528792737,1.0048222541809082,0.0007653215434402227
0.18690217326552627,0.9981451630592346,0.0007632809574715793
0.1869109443388437,1.0017690658569336,0.000781421025749296
0.18698550865241836,1.0144721269607544,0.0007863423670642078
0.18699240997557975,0.9990726709365845,0.000775564054492861
0.18708103437448453,0.993700385093689,0.00075738929444924
0.18716621293816937,0.9985767602920532,0.0007423511706292629
0.1872055534592827,1.0168819427490234,0.0007488534902222455
0.18724707242443217,1.0199967622756958,0.0007554819458164275
0.18730042793840684,0.9950069785118103,0.0007517168414779007
0.18732548962504014,1.0058457851409912,0.0007659645052626729
0.1873929006920575,0.9978634715080261,0.0007635115180164576
0.18740167966265442,1.0026147365570068,0.0007818337180651724
0.18747624438787547,1.015424370765686,0.0007863485370762646
0.18748313838913033,0.9973633885383606,0.0007754506659694016
0.1875717631992797,0.9957370758056641,0.0007580651436001062
0.18765694480733208,0.9985213875770569,0.0007420178735628724
0.18769627858223314,1.0166651010513306,0.0007488430710509419
0.18773780560935283,1.0186922550201416,0.0007556088385172188
0.1877911542129871,0.9953185319900513,0.0007515084580518305
0.18781622396199227,1.0035096406936646,0.0007654614164493978
0.18788362811891002,0.9981355667114258,0.0007629648316651583
0.18789241498646525,1.002267837524414,0.0007822109037078917
0.18796698012301127,1.0152676105499268,0.0007861196645535529
0.18797386688494577,0.9971407055854797,0.0007751630037091672
0.1880624920243963,0.994977593421936,0.0007574709015898407
0.18814767675843846,0.9991916418075562,0.0007427248638123274
0.18818700362340057,1.018410325050354,0.00074909592512995
0.1882285387942736,1.0195268392562866,0.0007553787436336279
0.1882818804875671,0.9943243265151978,0.0007516733603551984
0.188306958216358,1.00374174118042,0.0007654895889572799
0.18837435554528048,0.9974581003189087,0.0007628765306435525
0.1883831503930231,1.0025780200958252,0.0007823455380275846
0.1884577158581472,1.0174415111541748,0.0007868097745813429
0.1884645952989784,0.9989443421363831,0.0007758628344163299
0.18855322084927184,0.9944748878479004,0.0007577258511446416
0.188638408627119,0.9983534216880798,0.0007418702007271349
0.18867772866440735,1.0175824165344238,0.0007487238035537302
0.18871927197967642,1.0166844129562378,0.0007546829874627292
0.18877260676254903,0.9944739937782288,0.0007514266762882471
0.1887976925531495,1.0034751892089844,0.0007655240478925407
0.18886508305391603,0.9969682097434998,0.0007631799089722335
0.1888738857173159,1.0028835535049438,0.000782112474553287
0.18894845159344364,1.015216588973999,0.000786402786616236
0.1889553237949546,0.9985561966896057,0.0007754952530376613
0.18912914049612106,0.9992196559906006,0.0007419137400574982
0.18916845370501245,1.0179134607315063,0.0007492110598832369
0.18921000516475772,1.0190705060958862,0.0007554696057923138
0.18926333303737009,0.9936313033103943,0.0007511669537052512
0.1892884268897802,1.0048801898956299,0.0007659636903554201
0.18935581048044725,0.9983735084533691,0.0007635070942342281
0.18936462104112672,1.0029933452606201,0.0007818583399057388
0.18943918732882037,1.0157241821289062,0.0007867147796787322
0.1894460522085052,0.9975131154060364,0.0007750941440463066
0.18953467841723992,0.9952024221420288,0.0007583439000882208
0.18961987244706668,0.999039351940155,0.0007419218891300261
0.18965917882820393,1.0185803174972534,0.0007495325990021229
0.1897007383496785,1.0186442136764526,0.0007549329893663526
0.18975405939461698,0.9953408241271973,0.0007514653843827546
0.18977916122657157,1.0042774677276611,0.0007655440713278949
0.18984653790681771,0.9999772906303406,0.0007633045897819102
0.18985535636485718,1.0023895502090454,0.0007817863952368498
0.18992992298193223,1.0156835317611694,0.0007862051133997738
0.18993678062237707,0.9974021315574646,0.0007751542143523693
0.19002540724227623,0.9946518540382385,0.000757774047087878
0.19011060431574733,0.9987637400627136,0.0007421211339533329
0.1901499038688893,1.0167055130004883,0.000748966122046113
0.19019147153484017,1.0167829990386963,0.0007545318221673369
0.19024478566943803,0.9947257041931152,0.0007513679447583854
0.19026989556368445,1.0047791004180908,0.0007652222993783653
0.1903372653334292,0.9985962510108948,0.000763160758651793
0.19034609168890892,1.0036227703094482,0.0007821385515853763
0.19042065871722869,1.0155748128890991,0.000785882759373635
0.19042750911835316,0.998420238494873,0.00077534414594993
0.19051613606715168,0.9935784935951233,0.0007578777149319649
0.19060133618491004,0.9990809559822083,0.0007427746313624084
0.19064062890957467,1.0188333988189697,0.0007498746272176504
0.1906822046374156,1.0177770853042603,0.0007553666946478188
0.19073551194409855,0.9944899082183838,0.0007511588628403842
0.19076062990031517,1.00393545627594,0.0007654068758711219
0.19082799276020135,0.9984303712844849,0.0007635313086211681
0.1908368270128804,1.0044288635253906,0.0007826492073945701
0.1909113944526858,1.0158213376998901,0.0007862703641876578
0.19091823753190373,0.9987443685531616,0.0007755228434689343
0.191006864892188,0.9943174719810486,0.0007577892974950373
0.19109206813601642,0.9974712133407593,0.0007424211362376809
0.1911313539507421,1.0192313194274902,0.0007490404532290995
0.19117293782233635,1.0185340642929077,0.0007550491136498749
0.19122623821875906,0.9944053888320923,0.000750935694668442
0.19125136415468091,1.0040606260299683,0.0007654722430743277
0.19131872018657192,0.9981366395950317,0.0007631665794178843
0.1913275624192775,1.0038728713989258,0.0007826575310900807
0.1914021301878216,1.0159831047058105,0.0007861896883696318
0.19140896602788005,0.998920738697052,0.000775693217292428
0.19149759363479857,0.9954928755760193,0.0007580546080134809
0.19158280000469707,0.9999151229858398,0.0007422291091643274
0.19162207899158823,1.0179802179336548,0.0007490721181966364
0.19166367100773896,1.0194467306137085,0.0007548517314717174
0.19171696449358022,0.9949325919151306,0.0007514241151511669
0.19174209849163293,1.0050686597824097,0.0007658754475414753
0.1918094475306774,0.9991776347160339,0.0007634221692569554
0.19189286592311805,1.0169049501419067,0.0007868022657930851
0.19189969444191257,0.9978393912315369,0.0007749893120490015
0.19198832245967412,0.9947608113288879,0.0007575604831799865
0.19207353187353848,0.9981784224510193,0.0007422026246786118
0.1921128040322737,1.0197373628616333,0.000749902508687228
0.19215440419298102,1.0173091888427734,0.0007545106345787644
0.19220769076856192,0.9945014715194702,0.0007513323798775673
0.19223283282818338,1.0034259557724,0.0007650445331819355
0.19230017495736929,0.9989771246910095,0.0007640300318598747
0.19230903306705982,1.0046268701553345,0.0007833779673092067
0.19238360165873591,1.0170000791549683,0.0007873260765336454
0.19239042285546315,0.9975367784500122,0.0007752212695777416
0.19247905128503162,0.9948412775993347,0.0007581413956359029
0.1925642638244841,0.9981907606124878,0.0007422733469866216
0.1926035291553848,1.0186272859573364,0.0007498716586269438
0.1926451373779018,1.016982913017273,0.0007546049309894443
0.19269841704338309,0.9938428401947021,0.0007511480944231153
0.19272356716505523,1.0051043033599854,0.0007656230591237545
0.19279090238373986,0.9988722205162048,0.0007634643698111176
0.19279976839087054,1.00454580783844,0.0007829827372916043
0.19287433739387172,1.0176644325256348,0.0007869717665016651
0.1928811513512787,0.997927188873291,0.0007754935650154948
0.19296978011022858,0.9935103058815002,0.0007578487857244909
0.19305499569316475,0.99808669090271,0.0007419891771860421
0.1930942541960703,1.018825650215149,0.0007502066437155008
0.1931358705629831,1.018695592880249,0.0007549163419753313
0.1931891433183649,0.9968022704124451,0.0007516455370932817
0.193214301502168,1.0053809881210327,0.000765324744861573
0.19328162981027097,0.9978193044662476,0.0007632419583387673
0.1932905037149224,1.0040771961212158,0.0007827302324585617
0.19336507312900753,1.0163713693618774,0.0007870323024690151
0.1933718797650703,0.9989450573921204,0.000775468593928963
0.19346050893510414,0.9935917258262634,0.0007576897623948753
0.19354572756232746,0.9989161491394043,0.0007430613040924072
0.19358497923675566,1.019256353378296,0.0007494886522181332
0.19362660366563889,1.01821768283844,0.0007545545813627541
0.19367986959294503,0.9952173233032227,0.000751218234654516
0.19370503575653364,1.0046130418777466,0.0007653881912119687
0.1937723572371235,0.9991633892059326,0.0007634834037162364
0.19378123903897415,1.0028011798858643,0.0007826454238966107
0.19385580886430398,1.01730215549469,0.0007866583182476461
0.19386260826080548,0.9980480670928955,0.0007756413542665541
0.19395123767787537,0.9943979978561401,0.0007584220147691667
0.19403645951351411,0.9970564246177673,0.0007419096073135734
0.1940757042779231,1.0182877779006958,0.0007491030846722424
0.19411733685055954,1.0170978307724,0.0007549116271547973
0.19417059586752516,0.994753897190094,0.0007512190495617688
0.19419577009316447,1.005767822265625,0.0007659163093194366
0.19426308466349396,0.9983848929405212,0.0007634611101821065
0.19427197436294563,1.0040217638015747,0.0007831234252080321
0.19434654459943979,1.0160363912582397,0.0007867387612350285
0.19435333667467736,0.9973514080047607,0.000775077030993998
0.19444196650275092,0.9955103397369385,0.0007584713166579604
0.1945271913821145,0.9983164072036743,0.0007418085588142276
0.19456642931892987,1.020097255706787,0.0007498743943870068
0.19460807003596226,1.018736720085144,0.000755239394493401
0.19466132214266763,0.9947248697280884,0.0007511947769671679
0.19468650442995583,1.0058122873306274,0.0007654918008483946
0.19475381208986453,0.9995476007461548,0.0007638116949237883
0.19476270968707776,1.0046600103378296,0.0007833288982510567
0.194837280334897,1.0165725946426392,0.0007868161192163825
0.19484406508870988,0.9972503781318665,0.0007755265687592328
0.19493269532762647,0.9949226975440979,0.0007586066494695842
0.19501792325111644,0.9983190894126892,0.0007422626367770135
0.19505715435953497,1.0192896127700806,0.0007500883657485247
0.19509880322104367,1.01716947555542,0.0007547111599706113
0.19515204841764955,0.9939801692962646,0.0007505923276767135
0.19517723876658655,1.003845453262329,0.0007653205539099872
0.19524453951639575,0.9975941777229309,0.000763177580665797
0.19525344509315357,1.0045005083084106,0.0007834508433006704
0.19532801607051475,1.0189374685287476,0.0007876274175941944
0.19533479358452543,0.9981474280357361,0.0007755030528642237
0.19542342415298408,0.9949503540992737,0.0007575578056275845
0.1955086551197972,0.9983798861503601,0.0007422146736644208
0.19554787940046148,1.0212422609329224,0.0007501133368350565
0.19558953640596433,1.0180491209030151,0.0007547301356680691
0.19564277469230995,0.9962823390960693,0.0007513428572565317
0.19566797310337813,1.0063196420669556,0.0007654974469915032
0.19573526694308763,0.9980822205543518,0.0007632910856045783
0.1957441804169643,1.0046617984771729,0.0007838828023523092
0.1958187518055703,1.0170483589172363,0.0007868745597079396
0.195825521998076,0.9979092478752136,0.0007751062512397766
0.19599938707074283,0.998231053352356,0.0007425780058838427
0.19603860452341182,1.020597219467163,0.0007502458756789565
0.19608026950894142,1.0178643465042114,0.0007545255939476192
0.1961335009671311,0.994401216506958,0.0007515331381000578
0.19615870735822583,1.004481554031372,0.0007655610679648817
0.19622599436961874,0.9977008700370789,0.000763297954108566
0.19623491574093577,1.0038893222808838,0.0007833807030692697
0.19630948745836074,1.017745852470398,0.0007875040755607188
0.19631625041178724,0.9982711672782898,0.0007750221411697567
0.19640488180289584,0.9939583539962769,0.0007583440165035427
0.19649011893990553,0.9969949126243591,0.0007415101863443851
0.19652932956425795,1.0207405090332031,0.0007499305065721273
0.1965710026937818,1.0165917873382568,0.0007540833903476596
0.19662422724179152,0.994889497756958,0.0007513497257605195
0.19664944169485654,1.0052299499511719,0.00076526083284989
0.19671672179623034,0.9977257251739502,0.0007631570333614945
0.19672565106490725,1.004249930381775,0.0007832825067453086
0.19680022319381785,1.0175906419754028,0.0007871313719078898
0.1968069789078437,0.9980884790420532,0.0007760084699839354
0.19689561054574745,0.9946014285087585,0.0007581928512081504
0.19698085080874683,0.9979822039604187,0.0007417791057378054
0.19702005460542538,1.0202640295028687,0.0007506762049160898
0.1970617358786222,1.0166302919387817,0.0007543112151324749
0.19711495351645214,0.9962146282196045,0.0007520297076553106
0.19714017603148726,1.0047703981399536,0.0007646297453902662
0.19720744922252043,0.9973485469818115,0.0007641392876394093
0.19721638638903938,1.0050389766693115,0.000784103584010154
0.19729095892895365,1.0177918672561646,0.0007874872535467148
0.19729770732163532,0.997026801109314,0.0007747678318992257
0.19738633937054262,0.9948946237564087,0.0007580459350720048
0.19747158267742748,0.9987327456474304,0.000742296630050987
0.19751077964611075,1.0191891193389893,0.0007498750346712768
0.1975524690640249,1.015715479850769,0.0007541528320871294
0.1976056797915945,0.9950883984565735,0.0007510208524763584
0.1976309103684395,1.0063453912734985,0.0007656323141418397
0.197698176648891,0.9979356527328491,0.0007635274087078869
0.19770712171301086,1.0063987970352173,0.000783475290518254
0.1977816946642501,1.0167381763458252,0.0007872544229030609
0.19778843581761152,0.9970732927322388,0.000775145657826215
0.19787706819573958,0.995104968547821,0.0007582317921333015
0.19796231462853386,0.9983972311019897,0.0007420677575282753
0.19800150468679623,1.0205574035644531,0.0007497138576582074
0.198043202167002,1.017184853553772,0.0007546056294813752
0.19809640606673706,0.9936059713363647,0.0007506205001845956
0.19812164462296578,1.0057778358459473,0.0007653955253772438
0.19818890407558287,0.9976763725280762,0.0007636802038177848
0.19819785703682158,1.004982829093933,0.0007835370488464832
0.19827243039986797,1.0174907445907593,0.0007875361479818821
0.1982791642311621,0.9979559183120728,0.0007750348304398358
0.19836779702109708,0.9926602840423584,0.0007577580399811268
0.19845304649753592,0.997270941734314,0.0007417785236611962
0.19849222972772274,1.0213435888290405,0.000750127190258354
0.19853393535192265,1.0151195526123047,0.0007548152934759855
0.19858713234139758,0.9950625896453857,0.0007510542054660618
0.19861237895983763,1.005096197128296,0.0007654823129996657
0.19867963150211398,0.9976581931114197,0.0007634186185896397
0.1986885923606324,1.0045993328094482,0.0007834816933609545
0.19876316613500378,1.01849365234375,0.0007874972652643919
0.19876989264471268,0.9978384375572205,0.0007752757519483566
0.19885852584597274,0.9928205013275146,0.0007577924407087266
0.19894377836637722,0.9976856708526611,0.0007416682201437652
0.19898295476864913,1.0219168663024902,0.0007498585619032383
0.19902466853700407,1.0157593488693237,0.0007543843821622431
0.1990778585337929,0.9950916767120361,0.0007510120049118996
0.19910311329670927,1.004685401916504,0.0007655966328456998
0.19917035884654088,0.9976340532302856,0.0007636378286406398
0.19917932768468416,1.004531741142273,0.0007836709264665842
0.19925390187013958,1.0180919170379639,0.0007880657794885337
0.19926062105858455,1.0005730390548706,0.0007758530555292964
0.19934925467084819,0.9948486685752869,0.0007582041434943676
0.19943451023537917,0.9970307350158691,0.000741354248020798
0.19947367980949515,1.0222033262252808,0.0007504872628487647
0.19951540163990078,1.0176684856414795,0.00075389543781057
0.19956858480861406,0.9955143928527832,0.0007512210868299007
0.19959384755123577,1.004658818244934,0.0007653526845388114
0.199661086273072,0.9982627630233765,0.0007635926594957709
0.19967006300873602,1.006246566772461,0.0007834536954760551
0.19974463760543604,1.0164921283721924,0.0007869726396165788
0.19975134955456075,0.9976707100868225,0.0007757585844956338
0.19983998341361942,0.9937074184417725,0.0007580763776786625
0.19992524210422047,0.9963005781173706,0.0007415470317937434
0.19996440485050193,1.0221211910247803,0.0007504340610466897
0.20000613482506258,1.0151894092559814,0.0007545872358605266
0.20005931108327446,0.9957669973373413,0.0007512394804507494
0.2000845818878665,1.0057673454284668,0.0007656154921278358
0.20015181369944257,0.9979158043861389,0.0007635201909579337
0.2001607983327075,1.004705548286438,0.0007839056779630482
0.20023537334089314,1.0178860425949097,0.0007877207826822996
0.20024207796827198,0.9968103766441345,0.0007752502569928765
0.20033071223849508,0.9933375120162964,0.0007579596131108701
0.20041597397290123,0.9988054037094116,0.0007421189220622182
0.20045512989134806,1.0232486724853516,0.0007502509979531169
0.20049686801014388,1.016745924949646,0.0007544185500591993
0.20055003735809573,0.9952954649925232,0.0007508819689974189
0.2005753162244973,1.004626989364624,0.0007650647312402725
0.20064254112581303,0.9982585906982422,0.0007638843962922692
0.20065153365683952,1.0067709684371948,0.0007842507329769433
0.2007261090761896,1.0173265933990479,0.0007876533782109618
0.20073280638214386,0.9987846612930298,0.000775281572714448
0.20082144106353128,0.9937039017677307,0.0007582633406855166
0.20090670592384685,0.9967020750045776,0.0007415796862915158
0.20094585493203354,1.0217262506484985,0.000750480336137116
0.20098760119538595,1.0153917074203491,0.0007538930512964725
0.2010407636332382,0.9946351647377014,0.0007507166592404246
0.20106605056160998,1.0055426359176636,0.0007651288178749382
0.20113326855234426,0.9970428347587585,0.0007635316578671336
0.20114226906307597,1.006155014038086,0.000784783682320267
0.2012168448116468,1.018172264099121,0.0007878602482378483
0.2012235348779593,0.9975539445877075,0.0007753879763185978
0.20131216988888878,0.9952442049980164,0.0007592669571749866
0.20139743779268815,0.9970178008079529,0.0007416295120492578
0.2014365799727189,1.0229779481887817,0.000750217295717448
0.20147833429804174,1.0173964500427246,0.000754699925892055
0.2015314899078986,0.9950328469276428,0.0007509574643336236
0.20155678481621675,1.0061616897583008,0.0007655575755052269
0.20162399597903613,0.9990149736404419,0.0007644093129783869
0.2016330043868868,1.005256175994873,0.0007841609767638147
0.20170758054694327,1.0182464122772217,0.0007882432546466589
0.20171426329150988,0.9971404075622559,0.000774770334828645
0.20180289871376444,0.994071364402771,0.0007581418030895293
0.2018881696616902,0.998146116733551,0.0007421698537655175
0.20192730501356504,1.0232174396514893,0.0007503267261199653
0.2019690674829624,1.0140489339828491,0.0007539360085502267
0.20202221618255922,0.9948397874832153,0.0007507409900426865
0.2020475191527672,1.0057536363601685,0.0007654341752640903
0.20211472340556724,0.99809730052948,0.0007645144360139966
0.20212373971101905,1.0059415102005005,0.0007845311774872243
0.20219831628207907,1.0163341760635376,0.0007875707233324647
0.2022049917052211,0.9985153675079346,0.0007754116668365896
0.2022936275386399,0.9945296049118042,0.0007583550759591162
0.20237890153053162,0.9964395761489868,0.0007422554772347212
0.20241803005457182,1.0221213102340698,0.0007503929082304239
0.2024598006680438,1.0155587196350098,0.0007535989861935377
0.20251294245754092,0.995029866695404,0.0007513354066759348
0.20253825348971932,1.0060794353485107,0.0007654288201592863
0.20260545074999414,0.9981915354728699,0.0007641747943125665
0.20261447503523144,1.0069146156311035,0.0007845584186725318
0.20268905201721488,1.0176295042037964,0.0007877584430389106
0.20269572020127768,0.9975727200508118,0.000775338732637465
0.20278435636383685,0.9935743808746338,0.0007583137485198677
0.20286963339953357,0.9973679184913635,0.0007417933084070683
0.20290875509541795,1.0233739614486694,0.0007507211994379759
0.2029505337709404,1.0161432027816772,0.0007540900260210037
0.20300366873212106,0.9943219423294067,0.0007509519346058369
0.20302898774408507,1.006459355354309,0.000765147153288126
0.20309617817628434,0.9980720281600952,0.000763985444791615
0.2031052103589619,1.0063449144363403,0.0007847535307519138
0.20317978775283263,1.019202470779419,0.0007880727062001824
0.2031864486150693,0.9990678429603577,0.0007754871621727943
0.20327508510636705,0.9954196810722351,0.0007585403509438038
0.20336036526813384,0.9973671436309814,0.0007419502944685519
0.20339948013642473,1.0223509073257446,0.0007503785891458392
0.2034412669561021,1.0158244371414185,0.0007539126090705395
0.2034943950070225,0.9939174652099609,0.0007503313827328384
0.20351972208071578,1.0056915283203125,0.0007653892389498651
0.20358690560257453,0.9975259304046631,0.0007637043599970639
0.2036705234881292,1.0189265012741089,0.0007877820753492415
0.20367717702878052,0.9976764917373657,0.0007752929232083261
0.20376581393148374,0.993828296661377,0.0007582883699797094
0.20385109713673422,0.9963939189910889,0.0007417013985104859
0.2038902051771101,1.0225354433059692,0.000750696868635714
0.20393200014118362,1.0143427848815918,0.0007534863543696702
0.2039851211999001,0.9950208067893982,0.0007509184652008116
0.20401045641782867,1.004561424255371,0.0007649300387129188
0.2040776330292664,0.9964734315872192,0.0007636104710400105
0.20408668100690486,1.007530927658081,0.0007849190151318908
0.204161259223265,1.018702507019043,0.0007878851611167192
0.204167905442331,0.9977837800979614,0.0007752033416181803
0.20425654275684113,0.9947615265846252,0.0007584695122204721
0.20434182908800114,0.9972800016403198,0.0007416963344439864
0.2043809302177152,1.0230871438980103,0.0007507928530685604
0.2044227332438393,1.013742446899414,0.0007541382219642401
0.2044758474745605,0.9951296448707581,0.0007507860427722335
0.20450119067235495,1.0056092739105225,0.0007656419766135514
0.20456836045579752,0.9977354407310486,0.0007643394055776298
0.2046519949587221,1.0182178020477295,0.0007877747993916273
0.20465863393814654,0.9969695806503296,0.000775043445173651
0.2047472715817168,0.9934045672416687,0.0007585117127746344
0.20483256095684255,0.9989162087440491,0.0007423408678732812
0.20487165525880224,1.0240075588226318,0.0007509597926400602
0.20491346642875996,1.0148558616638184,0.0007533443276770413
0.204966573749221,0.9942256808280945,0.0007515593897551298
0.20499192500898578,1.005049467086792,0.0007650998304598033
0.20505908780022442,0.997579038143158,0.0007639736286364496
0.20506815165468706,1.0065151453018188,0.0007845354848541319
0.20514273069377753,1.017549753189087,0.0007880280027166009
0.20514936235201853,0.997231662273407,0.000775582273490727
0.20523800040659246,0.9920075535774231,0.0007579841185361147
0.2053232928258446,0.9979422092437744,0.0007419041940011084
0.20536238029980902,1.0228679180145264,0.0007503801607526839
0.20540419961400203,1.014043927192688,0.0007534347241744399
0.20545730002404217,0.9937537312507629,0.0007503287051804364
0.20548265926351228,1.0073217153549194,0.0007657282403670251
0.20554981522675564,0.9977888464927673,0.0007643572171218693
0.20555888697897984,1.0073282718658447,0.0007847684901207685
0.20563346642883307,1.0197042226791382,0.0007882321369834244
0.20564009076572975,0.9969484210014343,0.0007750042714178562
0.20572872923162855,0.9944944381713867,0.0007591820321977139
0.2058140246946859,0.997925877571106,0.0007416895823553205
0.2058531053404945,1.0232096910476685,0.0007511234725825489
0.20589493271681847,1.0145189762115479,0.0007533271564170718
0.20594802629902398,0.9966534972190857,0.0007511574076488614
0.205973393600143,1.0069305896759033,0.0007656109519302845
0.20604054265336702,0.9983178377151489,0.000764122698456049
0.20604962230279056,1.0069661140441895,0.0007847198285162449
0.20612420216445082,1.0183955430984497,0.0007880953489802778
0.20613081917952125,0.9972785115242004,0.0007754015387035906
0.2062194580565042,0.9939862489700317,0.0007584618288092315
0.20630475656336666,0.9977525472640991,0.000741888303309679
0.20634383038134052,1.0230340957641602,0.000750493782106787
0.20638566590189977,1.0147849321365356,0.0007534598116762936
0.20643875257384503,0.9957443475723267,0.0007516202749684453
0.2064641279367737,1.0054068565368652,0.0007649679319001734
0.20653127007965721,0.9977738857269287,0.0007642211858183146
0.2065403576266014,1.008367657661438,0.0007849875837564468
0.20661493789990804,1.0190377235412598,0.0007883858634158969
0.20662154767557772,0.997950553894043,0.0007752993260510266
0.2067101868815403,0.9945823550224304,0.0007586528663523495
0.2067954884320472,0.9964011311531067,0.0007416444132104516
0.206834555422026,1.0226224660873413,0.0007506496622227132
0.20687639900487687,1.015161156654358,0.0007534956675954163
0.20692947876640122,0.9967422485351562,0.0007512426236644387
0.2069548621916214,1.0042228698730469,0.0007651405176147819
0.2070219975063491,0.9969503879547119,0.0007639836985617876
0.20703109295057287,1.008307933807373,0.0007854323484934866
0.20710567363504384,1.018513798713684,0.0007883179350756109
0.2071122760891283,0.9973108768463135,0.0007749172509647906
0.20720091570689791,0.9933648705482483,0.000758553680498153
0.2072862203008885,0.9975891709327698,0.0007421820773743093
0.20732528046271148,1.0244158506393433,0.0007511499570682645
0.20736713218979763,1.0134702920913696,0.0007533554453402758
0.20742020504106173,0.9961689710617065,0.0007509714923799038
0.20744559652857364,1.0068707466125488,0.0007658755057491362
0.20751272485093664,0.9979739189147949,0.000764177821110934
0.2075218282743837,1.008421540260315,0.000785442884080112
0.2075964093703403,1.0185257196426392,0.0007887711399234831
0.20760300450267888,0.9986129403114319,0.0007753603276796639
0.2076916444498298,0.9933085441589355,0.0007592056063003838
0.20777695216989056,0.9965276718139648,0.0007418366731144488
0.2078160055038789,1.0241061449050903,0.0007515568286180496
0.2078578653747183,1.0150964260101318,0.0007536466000601649
0.20791093131572214,0.9967532753944397,0.0007510756840929389
0.20793633086512398,1.0059239864349365,0.000765170727390796
0.2080034522773071,0.9977155923843384,0.0007640710682608187
0.20801256359851583,1.007915735244751,0.000785131414886564
0.2080871451054761,1.0187400579452515,0.000788734876550734
0.2080937329167114,0.996671736240387,0.0007753917598165572
0.20818237327470546,0.9928038716316223,0.0007584348204545677
0.20826768403873197,0.9961063265800476,0.0007418094319291413
0.20830673054472493,1.025781273841858,0.0007519321516156197
0.20834859847753462,1.0143992900848389,0.0007533226162195206
0.20840165759070395,0.9957090616226196,0.0007506003603339195
0.20842706511973075,1.0074743032455444,0.0007654692162759602
0.20849417970367767,0.9978698492050171,0.0007642535492777824
0.2085778808406118,1.0187803506851196,0.0007887412211857736
0.2085844614126876,0.997658371925354,0.0007758741267025471
0.2086731020995809,0.9929113388061523,0.0007579924422316253
0.20875841590773392,0.997136116027832,0.0007413971470668912
0.2087974555854104,1.0238516330718994,0.0007512302836403251
0.20883933166269641,1.014514684677124,0.0007534191245213151
0.20889238386552522,0.9945829510688782,0.0007503815577365458
0.20891779945636146,1.0067954063415527,0.0007654691580682993
0.2089849071302089,0.9982386231422424,0.0007644505240023136
0.20899403424653906,1.007557988166809,0.0007854866562411189
0.20906861657622977,1.01768159866333,0.0007885468075983226
0.20907518982623818,0.9974216222763062,0.0007756868144497275
0.2091638309249385,0.99428391456604,0.0007578855147585273
0.2092491477763343,0.9976057410240173,0.0007416597218252718
0.2092881806264172,1.0242975950241089,0.0007511191070079803
0.20933006476559313,1.013707160949707,0.0007531976443715394
0.20938311005824195,0.994915246963501,0.0007502837106585503
0.2094085337107272,1.0055229663848877,0.0007650591433048248
0.20947563447431428,0.9988882541656494,0.0007647881866432726
0.20955935231184752,1.0192372798919678,0.0007890689885243773
0.2095659182399494,0.9973888993263245,0.0007754337857477367
0.20965455974997482,0.9940769076347351,0.0007591989706270397
0.20973987964493457,0.9975546598434448,0.0007424223585985601
0.20977890558483758,1.0243542194366455,0.0007511454168707132
0.20982079795067443,1.0143659114837646,0.0007540396181866527
0.2098738363330631,0.9964789152145386,0.0007517928024753928
0.20989926804783998,1.0056052207946777,0.0007653789944015443
0.2099663619008455,0.9973455667495728,0.0007643867866136134
0.20997550481213656,1.008320689201355,0.0007849640678614378
0.21005008804698333,1.0207033157348633,0.0007888899999670684
0.2100566466535,0.9970258474349976,0.0007751123630441725
0.21014528857485026,0.9936826229095459,0.0007582118851132691
0.21023061151409728,0.9959876537322998,0.0007415106520056725
0.21026963062552306,1.0250024795532227,0.0007512727752327919
0.2103115311355952,1.0140820741653442,0.0007533465977758169
0.21036456260772363,0.9961321949958801,0.0007510539726354182
0.21039000230236637,1.0068635940551758,0.000766157463658601
0.21045708932769802,0.9961981773376465,0.0007641196716576815
0.21046624013610804,1.0101243257522583,0.0007866194937378168
0.21054082378211914,1.0184211730957031,0.0007887557148933411
0.21054737514931543,0.9965584874153137,0.0007749897777102888
0.21063601739988658,0.9934731125831604,0.000758564390707761
0.21072134338309922,0.9958799481391907,0.0007415253785438836
0.2107603556666905,1.0240613222122192,0.0007513532764278352
0.21080226423825088,1.0149085521697998,0.0007537665660493076
0.21085528888238403,0.9956595301628113,0.000750676030293107
0.2108807366389971,1.0066958665847778,0.0007651931373402476
0.2109478167540686,0.9971047639846802,0.0007642481359653175
0.21095697546024028,1.0100772380828857,0.0007859248435124755
0.2110315595174156,1.0189272165298462,0.000788370321970433
0.21103810356334807,0.9981307983398438,0.0007756752893328667
0.21112674622476213,0.9931396842002869,0.0007582983234897256
0.21121207525177998,0.9971287846565247,0.0007414487772621214
0.21125108070753662,1.0265501737594604,0.0007516526384279132
0.2112929974236536,1.013553500175476,0.0007531432202085853
0.2113460150749401,0.9952356219291687,0.0007512063602916896
0.21137147097578857,1.005868911743164,0.0007652611238881946
0.21143854409817409,0.9973059892654419,0.0007647871389053762
0.21144771078421165,1.0099060535430908,0.0007859478937461972
0.2115222953350574,1.0184321403503418,0.0007882096106186509
0.21152883197721994,0.9975628852844238,0.0007750950171612203
0.21161747504963768,0.9935604929924011,0.0007584228296764195
0.21170280712062128,0.9971755146980286,0.0007419927860610187
0.211741805748222,1.0251846313476562,0.0007511632866226137
0.2117837305266307,1.0140516757965088,0.0007537289056926966
0.21183674134992203,0.9962085485458374,0.0007505432586185634
0.21186220523047572,1.0058995485305786,0.0007657173555344343
0.21192927152486596,0.99703049659729,0.0007647865568287671
0.2119384461082635,1.0080029964447021,0.0007847608649171889
0.21201303107043412,1.020229697227478,0.000788908451795578
0.21201956039077052,0.9965824484825134,0.00077538046753034
0.2121082038749953,0.9915897250175476,0.0007583902915939689
0.21219353898930193,0.9957088828086853,0.0007408653618767858
0.21223253078906812,1.0253844261169434,0.0007511880830861628
0.21227446371147107,1.013303279876709,0.000753298751078546
0.21232746762474308,0.9953375458717346,0.0007509580464102328
0.21235293956726708,1.0066624879837036,0.0007654721848666668
0.21241999895115604,0.9975455403327942,0.0007646080921404064
0.21242918143199385,1.010130524635315,0.0007862159982323647
0.2125037668057307,1.0180354118347168,0.0007884997758083045
0.21251028880448175,0.9955684542655945,0.0007751827361062169
0.21259893270011188,0.9927994012832642,0.0007581241661682725
0.21268427085798258,0.9963758587837219,0.0007414659485220909
0.2127232558300749,1.0272493362426758,0.000751939311157912
0.21276519681436779,1.0144983530044556,0.0007535963668487966
0.21281819389964463,0.9968166947364807,0.0007507976843044162
0.21284367382195424,1.0065850019454956,0.0007655006484128535
0.21291072629550267,0.9980199933052063,0.0007650868501514196
0.21291991675580468,1.0099915266036987,0.0007869427790865302
0.2129945025408665,1.0179851055145264,0.0007885601953603327
0.21300101721803233,0.9973241686820984,0.0007754830294288695
0.21308966144264208,0.9922415614128113,0.0007575697964057326
0.2131750027271453,0.9970681071281433,0.0007414151332341135
0.2132139807884953,1.0263551473617554,0.0007516988553106785
0.21325592999928844,1.0118345022201538,0.0007527250563725829
0.21330892009195979,0.9964504837989807,0.0007506813853979111
0.2133344081587456,1.0051021575927734,0.0007650316110812128
0.2134014537223552,0.9976767897605896,0.0007646366721019149
0.21341065208009757,1.0102046728134155,0.0007865684456191957
0.2134852382760023,1.0190705060958862,0.0007882009376771748
0.21349174571384777,0.9970479607582092,0.0007755165570415556
0.21358039026783893,0.9930670857429504,0.0007582555990666151
0.2136657345959867,0.9974169135093689,0.0007423747447319329
0.21370470582934142,1.0258097648620605,0.000751370214857161
0.21374666310194423,1.0144435167312622,0.0007535834447480738
0.2137996463666202,0.9968370199203491,0.0007511958247050643
0.21382514241311135,1.0063819885253906,0.0007652291096746922
0.21389218114872555,0.9968286752700806,0.0007644582074135542
0.2139013874042296,1.0102474689483643,0.0007867190288379788
0.2139759740114594,1.0185174942016602,0.0007884902297519147
0.2139824741278803,0.9974784255027771,0.0007755786064080894
0.21407111909271448,0.9935146570205688,0.0007583739352412522
0.21415646646466735,0.9965906739234924,0.0007414130377583206
0.21419543087050885,1.0259929895401,0.0007513200398534536
0.21423739628734695,1.0132161378860474,0.0007530240691266954
0.214290372641602,0.9967436790466309,0.0007508345879614353
0.21431587674974217,1.005684733390808,0.0007650356856174767
0.21438290849283115,0.9980211853981018,0.000764683005400002
0.21439212272804042,1.009379506111145,0.0007860922487452626
0.21446670974675586,1.0198506116867065,0.0007888413383625448
0.21447320254191304,0.9986370801925659,0.0007762928726151586
0.21456184791759003,0.9936648607254028,0.0007582443649880588
0.2146471983336694,0.9969729781150818,0.0007416692678816617
0.21468615591119433,1.0268720388412476,0.0007514622993767262
0.21472812939016328,1.0128132104873657,0.0007529571303166449
0.21478109891674457,0.9962785840034485,0.0007505972171202302
0.21480661100426857,1.0074349641799927,0.0007659902912564576
0.21487363591936226,0.9960517287254333,0.0007642972050234675
0.2148828580520119,1.0106521844863892,0.000787308206781745
0.2149574454820523,1.019274115562439,0.0007890859269537032
0.2149639309554635,0.9977658987045288,0.00077635986963287
0.21505257674294764,0.9946125745773315,0.0007586035062558949
0.21513793012008497,0.9963268637657166,0.0007413234561681747
0.2151768809518797,1.025497555732727,0.0007516575278714299
0.21521886257508405,1.0131090879440308,0.000752830586861819
0.21527182510930065,0.9964767694473267,0.000751181913074106
0.2152973453412207,1.0060416460037231,0.0007651680498383939
0.21536436334573283,0.9965044260025024,0.0007646282901987433
0.21537359337582263,1.008754014968872,0.0007868506363593042
0.21544818121750953,1.0189961194992065,0.0007892330759204924
0.2154546593689336,0.9966799020767212,0.0007751370430923998
0.21554330556798384,0.9944934844970703,0.0007583992555737495
0.21562866198868536,0.9954258799552917,0.0007416828302666545
0.21566760591046086,1.0267918109893799,0.0007513644522987306
0.21570959567790038,1.0146358013153076,0.0007531580631621182
0.21576255138396105,0.9947276711463928,0.0007502439548261464
0.21578807959574708,1.0072320699691772,0.0007657966925762594
0.21585509068999897,0.9974592328071594,0.0007649490726180375
0.21586432861736848,1.0096622705459595,0.0007864782819524407
0.21593891695264533,1.020471215248108,0.0007887952378951013
0.21594538778272532,0.9976252913475037,0.000775720167439431
0.2160340343928594,0.9938618540763855,0.0007581161917187274
0.21611939385776757,0.9972317218780518,0.0007423072820529342
0.21615833095146753,1.0263433456420898,0.0007517475169152021
0.21620032886282103,1.0120294094085693,0.0007525046239607036
0.21625327765878233,0.9958106875419617,0.0007509862189181149
0.2162788139326992,1.0074131488800049,0.000765678589232266
0.2163458181168515,0.9968392848968506,0.0007652395288459957
0.21635506394166126,1.0109953880310059,0.0007865998195484281
0.21642965268778114,1.0180538892745972,0.0007886062958277762
0.21643611627854076,0.9961317777633667,0.0007751128869131207
0.2165247632178957,0.9934268593788147,0.0007580248638987541
0.21661012572676963,0.9949901700019836,0.0007414338761009276
0.21664905599231365,1.026429295539856,0.0007514114840887487
0.21669106196547683,1.0111435651779175,0.0007524145767092705
0.21674400385117776,0.9954046607017517,0.0007504961104132235
0.21676954818706495,1.0068233013153076,0.0007654536166228354
0.21683654554322207,0.9964461922645569,0.0007648559985682368
0.21684579926563263,1.0089786052703857,0.0007858891622163355
0.2169203884230776,1.0196343660354614,0.00078909209696576
0.21692684469225199,0.9966278672218323,0.0007758078281767666
0.21701549204277126,0.9949463605880737,0.0007584146806038916
0.21710085759545028,0.9948439002037048,0.0007415135041810572
0.21713978103324005,1.028254747390747,0.0007518731872551143
0.21718179515087954,1.0111865997314453,0.0007528085261583328
0.21723473012615946,0.9969883561134338,0.0007506530382670462
0.2172602825236153,1.009055256843567,0.0007658099057152867
0.21732727288732756,0.9964661002159119,0.0007647178717888892
0.21733653458944358,1.010711908340454,0.0007868103566579521
0.2174111241585347,1.0188789367675781,0.0007885386003181338
0.2174175731062845,0.9970755577087402,0.0007758497376926243
0.21750622086764682,0.9933585524559021,0.000758442678488791
0.2175915894642917,0.9953213930130005,0.0007416456937789917
0.21763050607384526,1.0256866216659546,0.0007513471646234393
0.21767252825401728,1.011673927307129,0.0007532082381658256
0.21772545640130203,0.9952051043510437,0.0007501322543248534
0.21775101677822206,1.0061203241348267,0.0007653238717466593
0.21781800031401943,0.9982349872589111,0.00076578080188483
0.2178272699135757,1.011681318283081,0.0007872986607253551
0.21790185989383126,1.0195462703704834,0.0007890574634075165
0.2179083015198351,0.9974327683448792,0.0007760150474496186
0.21799694969300443,0.9937776327133179,0.0007583265542052686
0.21808232133297234,0.9960005879402161,0.000741563446354121
0.21812123103226566,1.0260587930679321,0.0007518751081079245
0.21816326143893794,1.0116209983825684,0.0007528053829446435
0.21821618259369746,0.9969505071640015,0.0007506365072913468
0.21824175111501343,1.0067987442016602,0.0007652603671886027
0.21830872774055055,0.9976868629455566,0.0007650936604477465
0.21831800523730605,1.011111855506897,0.0007866662344895303
0.2183925957113927,1.018153190612793,0.0007888305699452758
0.21839902993338567,0.996971845626831,0.0007757691200822592
0.218487678518121,0.9937400817871094,0.0007580347009934485
0.21857305311938802,0.9965057373046875,0.0007412809645757079
0.21861195607327244,1.026558756828308,0.0007517084595747292
0.21865399454159373,1.0105150938034058,0.0007522666128352284
0.21870690886835797,0.996671199798584,0.0007513369782827795
0.21873248536970058,1.0060467720031738,0.0007651022751815617
0.21879945508489707,0.9970956444740295,0.0007647088496014476
0.2188087405610365,1.0110565423965454,0.0007873463910073042
0.2188833314468499,1.019667148590088,0.0007893159054219723
0.2188897583470969,0.9977921843528748,0.0007761473534628749
0.21897840734291618,0.9930398464202881,0.0007580463425256312
0.21906378498855072,0.9947274923324585,0.0007410767138935626
0.21910268111411846,1.027295708656311,0.0007515734760090709
0.21914472772667515,1.0123988389968872,0.0007530955481342971
0.21919763514317914,0.9963778257369995,0.0007510539144277573
0.21922321962422697,1.006977915763855,0.00076556351268664
0.21929018251150856,0.9988141655921936,0.0007661142735742033
0.21929947588532928,1.0115329027175903,0.0007869909168221056
0.2193740671819857,1.0194118022918701,0.0007890614215284586
0.21938048676096877,0.9974917769432068,0.0007757731946185231
0.21946913616811303,0.9926357269287109,0.0007580968085676432
0.21955451685739202,0.9959447979927063,0.0007416452863253653
0.21959340615512524,1.0271471738815308,0.0007514741737395525
0.21963546082965213,1.0107030868530273,0.0007520688232034445
0.21968836133557457,0.9977497458457947,0.0007514499011449516
0.2197139539608578,1.008195161819458,0.0007658981485292315
0.21978090985561416,0.9972801804542542,0.0007651641499251127
0.21979021112719643,1.0136045217514038,0.0007877495954744518
0.21986480291712152,1.0184528827667236,0.0007889494299888611
0.21987121517468,0.9971632361412048,0.0007759164436720312
0.21995986499298859,0.9937048554420471,0.0007582029211334884
0.22004524872607267,0.996493935585022,0.000741492141969502
0.2200841311137064,1.0277360677719116,0.0007522084633819759
0.22012619393246857,1.0115565061569214,0.0007524156244471669
0.22017908761039573,0.9975554347038269,0.0007509840070270002
0.22020468821522354,1.0073744058609009,0.0007656690431758761
0.22027163728198462,0.9976208209991455,0.0007652508211322129
0.22028094645100726,1.0121022462844849,0.0007872686837799847
0.22035553865273927,1.0185788869857788,0.0007892437279224396
0.220361943588552,0.9969122409820557,0.0007758375722914934
0.2204505938180249,0.9920180439949036,0.0007577261421829462
0.22053598059507462,0.9945520162582397,0.0007414649007841945
0.22057485615439176,1.0270317792892456,0.0007516065379604697
0.22061692711771053,1.0114364624023438,0.0007520504877902567
0.2206698138855382,0.9989968538284302,0.0007511988515034318
0.22069542255233632,1.0062294006347656,0.0007652075728401542
0.22076236470851585,0.9976772665977478,0.0007650699117220938
0.22077168177497875,1.013325810432434,0.000787705706898123
0.22084627438803572,1.0189740657806396,0.0007886355160735548
0.22085267208436743,0.9980534911155701,0.0007764014299027622
0.2209413226433824,0.992601752281189,0.0007579465745948255
0.22102671246391603,0.9948757290840149,0.0007410231046378613
0.22106558119507724,1.0273730754852295,0.0007519647479057312
0.22110766022036632,1.0108736753463745,0.0007523809908889234
0.22116054007793362,0.9972023367881775,0.0007508164271712303
0.2211861568068627,1.0064316987991333,0.0007651640917174518
0.22125309205294263,0.9973608255386353,0.000765182136092335
0.22126241709878947,1.0122631788253784,0.0007870494737289846
0.22133701012317153,1.0203479528427124,0.0007888919208198786
0.221343400497918,0.9976943731307983,0.0007763472967781126
0.22143205146825795,0.9938591718673706,0.0007583826081827283
0.22151744425065312,0.9950997233390808,0.0007416507578454912
0.2215563061536583,1.027098298072815,0.0007518104976043105
0.2215983934052067,1.0103623867034912,0.0007524847169406712
0.22165126635259413,0.9971522092819214,0.0007517891936004162
0.22167689114349354,1.0065995454788208,0.0007649743929505348
0.22174381947947386,0.995989203453064,0.0007651193882338703
0.2218277458584681,1.0192393064498901,0.0007889967528171837
0.22183412891162924,0.996345579624176,0.0007756524719297886
0.22192278029313361,0.9942709803581238,0.0007582828984595835
0.2220081761194943,0.9962674379348755,0.0007413074490614235
0.22204703119466507,1.028323769569397,0.0007520335493609309
0.2220891265081033,1.0120893716812134,0.0007525013061240315
0.2221419925452306,0.9979211688041687,0.0007507719565182924
0.22216762539818058,1.006558895111084,0.0007653794018551707
0.2222345468237401,0.9980073571205139,0.0007656312081962824
0.22224388774705373,1.0129612684249878,0.000787512690294534
0.2223184815936038,1.0197479724884033,0.0007892667781561613
0.22232485732534046,0.9975911974906921,0.0007760491571389139
0.22241350911816982,0.9924464821815491,0.0007574979681521654
0.22249890798833571,0.9943958520889282,0.0007406193763017654
0.2225377562355112,1.0288761854171753,0.0007524813991039991
0.22257985961091975,1.0114554166793823,0.0007526577683165669
0.22263271881981073,0.9969345331192017,0.0007507997215725482
0.22265835965254632,1.0071676969528198,0.0007655522204004228
0.22272527425011057,0.9982165694236755,0.0007653027423657477
0.22273462298859947,1.0137845277786255,0.0007880545454099774
0.22280921741132587,1.0210585594177246,0.0007897659670561552
0.22281558573921234,0.9955108761787415,0.0007756357663311064
0.22290423794304537,0.993597149848938,0.0007573594921268523
0.22298963985701636,0.9950352907180786,0.0007413435960188508
0.2230284811942529,1.0296505689620972,0.0007521453662775457
0.22307059279616182,1.0104182958602905,0.0007532445015385747
0.22312344509479254,0.9972034096717834,0.0007506798719987273
0.22314909398917704,1.0069080591201782,0.0007652416825294495
0.22321600167648104,0.9973045587539673,0.0007652701460756361
0.22329995314694384,1.0194313526153564,0.0007895504822954535
0.22330631415292346,0.9974979162216187,0.0007762526511214674
0.22339496676824222,0.9940834641456604,0.0007575216586701572
0.22348037164343204,0.9953731298446655,0.0007412277045659721
0.2235192062348581,1.027921199798584,0.0007519397186115384
0.22356132589897826,1.0113202333450317,0.0007524503162130713
0.22361417128767003,0.9974393248558044,0.0007513046730309725
0.22363982824394446,1.0078068971633911,0.0007654691580682993
0.22370672902090794,0.9965512156486511,0.0007648479077033699
0.22371609363654255,1.013628363609314,0.0007876789895817637
0.22379068888199927,1.0206598043441772,0.0007891171262599528
0.22379704256647404,0.9965699315071106,0.0007756880950182676
0.22388569559359983,0.9933024644851685,0.0007576815551146865
0.2239711035124341,0.9945390820503235,0.0007413133280351758
0.2240099312754632,1.0271470546722412,0.0007514511235058308
0.2240520590838989,1.0111548900604248,0.0007528311689384282
0.22410489756233054,0.9971590042114258,0.0007509253337047994
0.2241305625808162,1.0069128274917603,0.0007650040206499398
0.22419745644743905,0.9966821670532227,0.0007656740490347147
0.22420682896051392,1.0140867233276367,0.000788102624937892
0.2242814246170547,1.0184129476547241,0.0007884560036472976
0.22428777098002461,0.9962902069091797,0.0007756308186799288
0.22437642441847538,0.9948598742485046,0.0007581606623716652
0.2244618353812754,0.9943352937698364,0.0007409063982777297
0.2245006562342049,1.0280210971832275,0.0007518286583945155
0.2245427921865546,1.009521722793579,0.0007519257487729192
0.22459562375472608,0.9974448084831238,0.0007505088578909636
0.22462129683518195,1.007186770439148,0.0007659582770429552
0.22468818379178568,0.9976032376289368,0.0007653880165889859
0.22469756428456578,1.0138120651245117,0.0007877102470956743
0.2247721603525118,1.0186376571655273,0.0007890266715548933
0.2247784993938161,0.9970669746398926,0.0007760702865198255
0.22486715324327067,0.9939510226249695,0.0007581125828437507
0.22495256725019708,0.9957823157310486,0.0007412921986542642
0.22499138127505103,1.0284470319747925,0.0007523503736592829
0.22503352528937104,1.010486364364624,0.0007530850125476718
0.22508635002954713,0.9983424544334412,0.0007511631119996309
0.22511203108970845,1.0079331398010254,0.00076579226879403
0.22517891121839706,0.9975113868713379,0.0007658715476281941
0.22518829952635255,1.015848994255066,0.0007881582714617252
0.2252628960876476,1.017397403717041,0.0007899049087427557
0.22526922780760772,0.996856689453125,0.0007758493302389979
0.22535788206838714,0.996505856513977,0.0007593567715957761
0.22544329903685378,0.9938627481460571,0.0007411491242237389
0.2254821063160578,1.0276142358779907,0.0007517883786931634
0.2255242584746131,1.0092172622680664,0.0007519288337789476
0.22557707622194256,0.9961370229721069,0.0007507688133046031
0.22560276542633917,1.0079220533370972,0.0007654986693523824
0.22566963856250266,0.9966052770614624,0.0007653291104361415
0.22567903485032403,1.0151958465576172,0.0007886502426117659
0.22575363182294406,1.0192205905914307,0.0007895966991782188
0.22575995622131895,0.9965145587921143,0.0007762566092424095
0.22593403090553443,0.9951041340827942,0.0007414654246531427
0.22597283127463885,1.027975082397461,0.0007519172504544258
0.22601499157742944,1.0101540088653564,0.0007517276681028306
0.22606780249676373,0.9971105456352234,0.0007505262619815767
0.2260934996807049,1.0087871551513672,0.0007657912792637944
0.22616036598887312,0.9970582127571106,0.0007657695095986128
0.22616977017413475,1.0152076482772827,0.0007882147328928113
0.2262443676408269,1.019878625869751,0.0007902226643636823
0.22625068463519082,0.9971651434898376,0.0007761726155877113
0.2264247627742152,0.9954013824462891,0.0007411859696730971
0.22646355631556536,1.0279269218444824,0.0007520079961977899
0.22650572468040642,1.0105113983154297,0.0007519916980527341
0.22655852868964121,0.9968758225440979,0.0007506808033213019
0.22658423393555271,1.0077179670333862,0.0007655181689187884
0.22665109333313938,0.997032105922699,0.0007665209705010056
0.22666050549794559,1.017419695854187,0.0007893042638897896
0.2267351033759628,1.018862009048462,0.0007895581657066941
0.2267414130487413,0.9978806972503662,0.0007769271614961326
0.2269154945607914,0.9950110912322998,0.0007411047699861228
0.22695428127390538,1.0289372205734253,0.0007523513049818575
0.22699645786532718,1.0084675550460815,0.0007511351141147316
0.22704925496430162,0.9971357583999634,0.0007506438414566219
0.2270749682726655,1.0077801942825317,0.0007657267851755023
0.2271418207599919,0.9968428015708923,0.000765833246987313
0.22715124073981274,1.0169346332550049,0.0007884754450060427
0.22722583911109862,1.0201414823532104,0.0007892522262409329
0.22723214146229187,0.9963650107383728,0.0007759755244478583
0.22732079736853217,0.9945399761199951,0.000758229405619204
0.22740622642979347,0.9946791529655457,0.0007410711259581149
0.22744500631491216,1.0290627479553223,0.0007524527027271688
0.22748719096798298,1.0102349519729614,0.0007520975195802748
0.22753998123896224,0.9974628686904907,0.0007515607285313308
0.22756570252703123,1.0079119205474854,0.0007658026297576725
0.22763254810441869,0.9972121119499207,0.0007662199204787612
0.2276419760637841,1.0137654542922974,0.0007872813148424029
0.22771657484639507,1.020735740661621,0.0007905884413048625
0.2277228698760031,0.9968128204345703,0.000775688502471894
0.2278115261934076,0.9920173287391663,0.0007573493057861924
0.22789695829863488,0.9933837056159973,0.0007403293857350945
0.2279357313560797,1.0289225578308105,0.0007521853549405932
0.2279779240707992,1.0083492994308472,0.000751430750824511
0.22803070743167897,0.9960461258888245,0.0007504128152504563
0.22805643678139698,1.0080066919326782,0.000765661767218262
0.22812327553070888,0.9974430203437805,0.0007658322574570775
0.2281327113877556,1.0157631635665894,0.0007886192761361599
0.22820731058185217,1.0195202827453613,0.0007894434966146946
0.22821359828971433,0.9967926144599915,0.0007764354813843966
0.2283022550185242,0.9949634075164795,0.0007587099098600447
0.22838769008529147,0.9965263605117798,0.0007413525599986315
0.2284264563145001,1.0296686887741089,0.0007525558467023075
0.22846865725588072,1.009333610534668,0.0007522111409343779
0.22852143370650002,0.997939944267273,0.0007510095019824803
0.22854717111818845,1.0076688528060913,0.0007655266090296209
0.2286140028750554,0.9965595602989197,0.0007656433153897524
0.22862344671188772,1.0151535272598267,0.0007880476769059896
0.22869804631714863,1.0216829776763916,0.0007899206830188632
0.2287043267035863,0.9964580535888672,0.0007767828064970672
0.22879298384364077,0.9946303367614746,0.0007584341219626367
0.22887842195389185,0.9948917627334595,0.0007409586105495691
0.22891718135518546,1.029314637184143,0.0007521070074290037
0.2289593903588577,1.0089704990386963,0.0007513232412748039
0.22901215989905632,0.9963178038597107,0.0007503693923354149
0.22903790537255408,1.0078206062316895,0.0007658352260477841
0.22910473030142597,0.9971354007720947,0.0007657809765078127
0.22911418195343358,1.0162214040756226,0.0007885177037678659
0.22918878213487082,1.019391417503357,0.0007890946581028402
0.22919505511729754,0.996661365032196,0.0007766436319798231
0.22928371266867698,0.9927647113800049,0.0007575462223030627
0.2293691538225724,0.9940240979194641,0.0007409116951748729
0.22940790631376662,1.0287995338439941,0.000751892221160233
0.22945012346167415,1.0095460414886475,0.0007520539802499115
0.22950288617403802,0.9975936412811279,0.0007508113631047308
0.22952863962724124,1.00700044631958,0.0007655287045054138
0.2295954576456921,0.9969167709350586,0.0007656897068955004
0.2296049172772443,1.015571117401123,0.0007897749310359359
0.22967951787016727,1.0194406509399414,0.0007893608417361975
0.2296857835308479,0.9961987733840942,0.0007761368178762496
0.22977444149387394,0.9937025904655457,0.0007581288809888065
0.22985988560947013,0.993139922618866,0.000740666058845818
0.229898631354452,1.0285656452178955,0.0007525173132307827
0.22994085656432983,1.0091358423233032,0.0007516126497648656
0.22999361236643356,0.9974983334541321,0.0007508526905439794
0.23001937396427374,1.0064646005630493,0.0007655146182514727
0.23008618507254464,0.9977376461029053,0.0007660674746148288
0.23009565260121578,1.0155411958694458,0.0007889309781603515
0.23017025360530308,1.0194380283355713,0.0007892610738053918
0.23017651194439848,0.9960641860961914,0.0007759399013593793
0.2302651703187495,0.9934155344963074,0.0007578142685815692
0.23035061747847219,0.9938939213752747,0.0007407718803733587
0.23038935631303314,1.028450608253479,0.0007530698203481734
0.2304315897492505,1.0096328258514404,0.0007513262680731714
0.23048433864109408,0.9968677759170532,0.0007509341812692583
0.2305101082185591,1.0082151889801025,0.0007657721289433539
0.23057691241665013,0.9974310398101807,0.000766115786973387
0.23058638792526753,1.015241265296936,0.0007870569243095815
0.23066098934043877,1.0190640687942505,0.000789195648394525
0.2306672403584311,0.9966909885406494,0.0007771046366542578
0.23084134926488775,0.9945557117462158,0.0007408094243146479
0.23088008135420057,1.0297452211380005,0.0007523389649577439
0.23092232285238823,1.0084633827209473,0.0007514380849897861
0.23097506483365016,0.9982836246490479,0.0007511895964853466
0.23100084247292485,1.0078941583633423,0.000765607284847647
0.2310676398430207,0.9960580468177795,0.0007656197412870824
0.2310771231670543,1.0167338848114014,0.0007886256789788604
0.23115172507573534,1.0194357633590698,0.0007892628782428801
0.23115796877222272,0.9965612292289734,0.000776200438849628
0.23124662796866136,0.9929866194725037,0.0007577549549750984
0.23133208113372916,0.9950504899024963,0.0007414849242195487
0.23137080639488594,1.0291969776153564,0.0007522960077039897
0.23141305595520467,1.0082271099090576,0.0007511567091569304
0.23146579102628662,0.9969489574432373,0.0007505102548748255
0.2314915767276119,1.0079951286315918,0.0007657565292902291
0.23155836718728684,0.9958193898200989,0.0007655030349269509
0.23164246081119244,1.0187190771102905,0.0007894224254414439
0.23164869718569292,0.9972211718559265,0.0007768215727992356
0.23173735679401886,0.9941548705101013,0.0007581928512081504
0.2318228130024097,0.9942918419837952,0.0007412132690660655
0.23186153135330634,1.0288752317428589,0.0007528291316702962
0.23190378905786035,1.0092694759368896,0.0007515941979363561
0.23195651730118805,0.997319221496582,0.0007506570545956492
0.23198231106440337,1.008066177368164,0.0007658950635232031
0.23204909453139244,0.9972028136253357,0.0007659617112949491
0.23213319662875398,1.0196845531463623,0.0007899648626334965
0.2321394255995648,0.9959220290184021,0.0007763265748508275
0.23222808561905506,0.9934573769569397,0.0007575959898531437
0.2323135447888255,0.9943807721138,0.0007409068057313561
0.23235225639431312,1.0273804664611816,0.0007522892556153238
0.2323945222431023,1.0086925029754639,0.0007512957672588527
0.23244724349374424,0.9981520771980286,0.0007513532764278352
0.23247304531909052,1.0076704025268555,0.0007651480264030397
0.2325398219580841,0.9960390329360962,0.0007655619410797954
0.23254932913864734,1.0181058645248413,0.0007889261469244957
0.23262393236421108,1.020025372505188,0.0007897426839917898
0.23263015401311538,0.9960649013519287,0.0007770791999064386
0.23271881444393072,0.99493807554245,0.000758168869651854
0.2328042766579882,0.9933624267578125,0.0007405825308524072
0.23284298135265313,1.0278469324111938,0.0007521157967858016
0.2328852553457581,1.008751630783081,0.0007518326747231185
0.23293796976872605,0.9967877268791199,0.0007505611283704638
0.2329637795736168,1.0083022117614746,0.0007659479160793126
0.23303054930267175,0.9974905848503113,0.0007662837742827833
0.23304006438067515,1.0191222429275513,0.0007895845919847488
0.23311466809926662,1.0189032554626465,0.0007899054326117039
0.23312088242666584,0.996117353439331,0.0007762126624584198
0.23320954326912757,0.9926756620407104,0.0007585018174722791
0.23329500844456452,0.9941508173942566,0.0007409893441945314
0.23333370639357964,1.0281507968902588,0.000752715568523854
0.23337598844841378,1.00874924659729,0.0007522878004238009
0.23342869596112148,0.9971395134925842,0.0007512556039728224
0.23345451391024763,1.0062652826309204,0.0007649851613678038
0.23352127672904222,0.9973610043525696,0.0007667986792512238
0.23353079970480728,1.0175939798355103,0.0007889005355536938
0.23360540383432205,1.0193192958831787,0.0007897570030763745
0.23361161084069837,0.9974805116653442,0.0007768974173814058
0.23370027209400313,0.9929035902023315,0.0007579568773508072
0.23378574031324517,0.9929471015930176,0.0007408339297398925
0.2338244313524821,1.029246211051941,0.0007522894884459674
0.23386672155155153,1.0074528455734253,0.0007518410566262901
0.233919422235782,0.9970291256904602,0.0007506957044824958
0.23394524816461337,1.0071396827697754,0.0007652350468561053
0.23401200407306744,0.9961284399032593,0.0007655288209207356
0.23402153502853784,1.019086241722107,0.0007894863956607878
0.2340961395699398,1.020148515701294,0.0007891342393122613
0.2341023392544096,0.9958625435829163,0.0007762971217744052
0.2341910009187984,0.9929903149604797,0.0007578983204439282
0.23427647209990177,0.9943564534187317,0.000740775023587048
0.23431515639316747,1.0281916856765747,0.0007522869855165482
0.23435745473663294,1.0079039335250854,0.000751218234654516
0.23441014842865948,0.9985989928245544,0.0007510754512622952
0.23443598241913977,1.0083097219467163,0.0007658290560357273
0.23450273149967893,0.9973536133766174,0.0007661946583539248
0.23451227027032462,1.01783287525177,0.0007894042646512389
0.23458687538766199,1.019850254058838,0.0007894422160461545
0.23459306766796018,0.9967392086982727,0.0007768847863189876
0.23468172974407553,0.9930568337440491,0.0007577273063361645
0.23476720396850215,0.9940857291221619,0.0007406296790577471
0.23480588135158798,1.0289721488952637,0.0007522737141698599
0.23484818783928862,1.0099949836730957,0.0007515173638239503
0.23490087470348064,0.9976268410682678,0.000751500716432929
0.2349267166738268,1.0076621770858765,0.0007653632201254368
0.23499345884378442,0.9977675080299377,0.0007660925039090216
0.2350776111227978,1.0177948474884033,0.0007893962319940329
0.2350837960816714,0.9974076151847839,0.0007768481154926121
0.2351724585692725,0.992667555809021,0.0007578421500511467
0.2352579358371828,0.9947319626808167,0.000740972172934562
0.23529660631016913,1.0294146537780762,0.0007530240109190345
0.23533892094210496,1.0066109895706177,0.0007516602636314929
0.23539160089587607,0.9988356232643127,0.000751132145524025
0.2354174509283533,1.0072675943374634,0.0007654997170902789
0.23548418618805056,0.9976288676261902,0.0007661000126972795
0.23549374091794617,1.0179327726364136,0.0007885905797593296
0.23556834685809425,1.0200068950653076,0.0007897340692579746
0.23557452449522198,0.9951017498970032,0.0007765221525914967
0.23566318739414804,0.9925758242607117,0.0007583894184790552
0.23574866762408053,0.9939512610435486,0.0007406346267089248
0.2357873313508545,1.029874324798584,0.0007527786074206233
0.23582965404508205,1.0068843364715576,0.000751006358768791
0.23588232708843226,0.998960018157959,0.0007517223129980266
0.23590818526530544,1.0076452493667603,0.0007654795772396028
0.23597491361490308,0.9961317777633667,0.0007655131630599499
0.23598447615997398,1.018338680267334,0.0007890718406997621
0.23605908259323016,1.0195239782333374,0.0007890819106251001
0.23606525290877245,0.9954817891120911,0.0007763688336126506
0.23615391621918425,0.9941102862358093,0.000758014153689146
0.23623939949308248,0.9934337735176086,0.0007405846263282001
0.23627805630943566,1.0295571088790894,0.0007528823334723711
0.23632038714773784,1.0067534446716309,0.0007511086878366768
0.23637305336309278,0.9983305335044861,0.0007511929143220186
0.2363989195195908,1.0080512762069702,0.0007661398849450052
0.23646564095900857,0.996975302696228,0.0007665639859624207
0.23647521148426676,1.0187021493911743,0.0007891922723501921
0.23654981832836597,1.019816279411316,0.0007895677699707448
0.2365559813228051,0.9974441528320312,0.0007771475939080119
0.2366446450440599,0.9932074546813965,0.0007584014674648643
0.23673013127949816,0.9942361116409302,0.0007412933045998216
0.23676878135060309,1.0286649465560913,0.0007521380321122706
0.23681112033281926,1.005892276763916,0.0007507108966819942
0.2368637795554882,0.9980527758598328,0.0007513925083912909
0.23688965377387627,1.0090909004211426,0.000765827193390578
0.23695636830311417,0.9972254633903503,0.0007668653852306306
0.2369659468079972,1.018306016921997,0.0007890119450166821
0.2370405541462487,1.018987774848938,0.0007899978081695735
0.2370467097368376,0.99611496925354,0.000777499342802912
0.23713537395120043,0.9929347038269043,0.000757424277253449
0.23722086314833957,0.9936113953590393,0.0007403661729767919
0.23725950630902348,1.029435634613037,0.0007527955458499491
0.237301853435957,1.005924105644226,0.0007507394184358418
0.23735450583063067,0.9979279041290283,0.0007512757438234985
0.23738038802856332,1.0083261728286743,0.0007656766683794558
0.23744709572972567,0.9978328943252563,0.0007660721894353628
0.23745668204946258,1.0187896490097046,0.000788180623203516
0.23753128988186656,1.0191376209259033,0.0007887819083407521
0.23753743806812322,0.9961131811141968,0.0007770989905111492
0.23762610277655805,0.9955708980560303,0.0007588376174680889
0.23771159493475513,0.993131697177887,0.000740511401090771
0.23775023134970896,1.028624176979065,0.0007521726074628532
0.23779258653861257,1.0058578252792358,0.0007506163674406707
0.23784523202326713,0.9976907968521118,0.0007507605478167534
0.23787112236535468,1.0085163116455078,0.0007666222518309951
0.23793782307407219,0.9969921112060547,0.0007659303373657167
0.23794741737359482,1.0194634199142456,0.000790074176620692
0.23802202561700236,1.021078109741211,0.0007899314514361322
0.2380281664816737,0.9968167543411255,0.0007767830975353718
0.23811683160159414,0.9940204620361328,0.0007584717241115868
0.2382023268034359,0.9934142231941223,0.0007407853263430297
0.23824095630845066,1.0293067693710327,0.0007530763396061957
0.23828331964126837,1.0073872804641724,0.0007510955329053104
0.23833595821558218,0.9990750551223755,0.0007510989089496434
0.23836185662004183,1.007590889930725,0.0007655504741705954
0.2384285505006034,0.9962340593338013,0.0007656408124603331
0.23843815269740554,1.02142333984375,0.0007896259194239974
0.23851276135213806,1.0191891193389893,0.0007894457085058093
0.23851889489538491,0.997231125831604,0.000777079607360065
0.2386075604264698,0.9960492253303528,0.0007585248094983399
0.23869305859033352,0.9940292835235596,0.0007410094258375466
0.2387316813492968,1.0286598205566406,0.0007519780192524195
0.2387740527440847,1.0069572925567627,0.0007509221322834492
0.2388266844905641,0.9976857900619507,0.0007508800481446087
0.23885259087456823,1.007492184638977,0.0007656874950043857
0.2389192778450302,0.9973248243331909,0.0007660076371394098
0.23892888793911193,1.0192891359329224,0.0007897036848589778
0.2390034970874345,1.0187510251998901,0.0007889510598033667
0.2390096233092568,0.9972032904624939,0.0007773758843541145
0.23909828925166676,0.9937102198600769,0.0007576402858830988
0.23918379037690984,0.9940377473831177,0.0007408199599012733
0.2392224063079582,1.0287396907806396,0.0007519538630731404
0.2392647858467405,1.0046099424362183,0.000750289938878268
0.23931741068295953,0.9979256987571716,0.0007507396512664855
0.23934332512893408,1.0096547603607178,0.0007659152615815401
0.2394100051891357,0.9980246424674988,0.0007664757431484759
0.23941962326340482,1.0198489427566528,0.0007899190532043576
0.2394942329048354,1.019594430923462,0.0007888833642937243
0.23950035172296802,0.9962755441665649,0.0007771485834382474
0.2395890180765422,0.9935636520385742,0.0007584129925817251
0.2396745222455905,0.9938412308692932,0.0007407320663332939
0.23971313126661953,1.0288045406341553,0.0007521607913076878
0.23975551903198244,1.0066183805465698,0.0007511845324188471
0.23980813687551572,0.9978175163269043,0.0007507126429118216
0.23983405938329982,1.0070244073867798,0.0007653636857867241
0.23990073261550626,0.9966586828231812,0.0007658860413357615
0.23991035858721566,1.0213323831558228,0.0007895748713053763
0.23998496864013186,1.0203696489334106,0.0007895422168076038
0.2399910801368399,0.9975254535675049,0.0007772586541250348
0.24007974690157852,0.9935340881347656,0.0007579883676953614
0.24016525403232758,0.993691086769104,0.000740573275834322
0.24020385630746566,1.0289791822433472,0.0007521147490479052
0.24024625213503992,1.0055007934570312,0.0007506046677008271
0.24029886315065818,0.9994394779205322,0.0007512454758398235
0.2403247936378261,1.007746934890747,0.0007656460511498153
0.2403914599597724,0.997742235660553,0.0007666852907277644
0.2404010938287614,1.0188888311386108,0.0007891224231570959
0.24047570437574972,1.0187995433807373,0.0007892496068961918
0.2404818085503101,0.9964494705200195,0.0007768083014525473
0.24057047572693613,0.9940836429595947,0.0007582678808830678
0.24065598590092785,0.993636965751648,0.0007406635559163988
0.24069458126588605,1.0300567150115967,0.0007525159162469208
0.24073698523761522,1.0054556131362915,0.000750977371353656
0.24078958934305372,0.9994874000549316,0.0007509978604502976
0.24081552797477834,1.0074307918548584,0.000765977893024683
0.24088218730403865,0.9968597292900085,0.0007664287113584578
0.24089182915273277,1.0188041925430298,0.0007898167823441327
0.24096644011088553,1.0191808938980103,0.000788932666182518
0.2409725369637803,0.9966535568237305,0.0007771598175168037
0.24106120455181157,0.9939751625061035,0.0007578505901619792
0.24114671768758456,0.9948150515556335,0.0007408514502458274
0.24118530622430656,1.0286827087402344,0.0007525408291257918
0.241227718340271,1.0054749250411987,0.0007504391833208501
0.24128031553544915,0.9987596273422241,0.0007509050192311406
0.24130626222930474,1.0074700117111206,0.0007652955246157944
0.24137291464846544,0.9978703260421753,0.0007658614777028561
0.24138256439427863,1.0214660167694092,0.0007900962373241782
0.2414571759282863,1.0185558795928955,0.000788816309068352
0.24146326537765217,0.9964338541030884,0.0007773647666908801
0.24155193337668723,0.9938670992851257,0.0007582007092423737
0.24163744955674726,0.9945017099380493,0.0007411933038383722
0.241676031265474,1.0292792320251465,0.0007525278488174081
0.241718451443248,1.005668044090271,0.0007508120033890009
0.2417710418102702,0.9981348514556885,0.0007508528069593012
0.24179699648399178,1.0066410303115845,0.0007654331857338548
0.24186364207499667,0.9970632791519165,0.0007663865690119565
0.24187329971841076,1.021210789680481,0.0007902042125351727
0.2419479116637434,1.019687294960022,0.0007893787114880979
0.24195399370909842,0.9963342547416687,0.0007770720403641462
0.24204266220172332,0.9946845173835754,0.0007585939019918442
0.2421281813433236,0.9932391047477722,0.0007405499927699566
0.24216675622413542,1.0297529697418213,0.000752339547034353
0.24220918454606444,1.0061222314834595,0.0007514791795983911
0.24226176800266574,0.9998389482498169,0.0007514989702031016
0.24228773073851828,1.0086578130722046,0.000765778124332428
0.24235436941910216,0.9956547021865845,0.0007658450631424785
0.24236403504270365,1.0222638845443726,0.0007901003700681031
0.24243864739879895,1.0195462703704834,0.0007893485599197447
0.2424447221229704,0.996470034122467,0.0007773046381771564
0.24253339110886396,0.9942026138305664,0.0007584692211821675
0.24261891312973916,0.9934653043746948,0.0007404811913147569
0.24265748126474052,1.0300281047821045,0.0007522906525991857
0.24269991764904153,1.0065914392471313,0.0007505608955398202
0.24275249419538247,0.9985840916633606,0.0007506377878598869
0.2427784649928839,1.0095411539077759,0.0007663202122785151
0.24284509676320765,0.9961706399917603,0.0007657849346287549
0.2428547702842494,1.0214425325393677,0.0007890891283750534
0.24292938313417578,1.0199146270751953,0.0007893739966675639
0.24293545053668153,0.9978998303413391,0.0007782290340401232
0.2430241199340608,0.993772029876709,0.0007581626414321363
0.24310964499841992,0.9932944178581238,0.0007406175136566162
0.24314820622348232,1.0303670167922974,0.0007532141171395779
0.24319065075185775,1.005145788192749,0.0007505135145038366
0.24324322047052505,0.9978975057601929,0.0007507579284720123
0.24326919924741042,1.006820559501648,0.00076538190478459
0.24333582418981914,0.9967503547668457,0.0007662594434805214
0.24334550560797974,1.0221441984176636,0.0007897235336713493
0.24342011895205862,1.0200804471969604,0.0007898996118456125
0.2434261789502321,0.9962319731712341,0.0007771339151076972
0.24351484875941842,0.994458019733429,0.0007581497193314135
0.2436003767851569,0.9926134943962097,0.0007400489994324744
0.24363893118190272,1.0296252965927124,0.0007527450216002762
0.24368138385451354,1.0046042203903198,0.0007506716065108776
0.24373394666292048,0.9991593956947327,0.0007514494936913252
0.2437599335022581,1.0087867975234985,0.0007660926785320044
0.24382655153416566,0.996717095375061,0.0007665671873837709
0.24383624084976652,1.0229617357254028,0.0007903286023065448
0.2439108546871943,1.0209267139434814,0.0007897251634858549
0.2439169073637827,0.9974639415740967,0.0007778367726132274
0.2440055775842136,0.9935981035232544,0.0007578814984299242
0.24409110857173322,0.9939855337142944,0.0007409610552713275
0.24412965614032311,1.030077338218689,0.0007523291860707104
0.24417211695716923,1.0048753023147583,0.0007500312058255076
0.24422467285523564,0.9979532361030579,0.0007511058356612921
0.24425066775662385,1.0083069801330566,0.0007660005940124393
0.2443172788784319,0.9954429268836975,0.0007662520511075854
0.2443269761737381,1.0216656923294067,0.0007903942023403943
0.24440159042233012,1.0200018882751465,0.0007894865702837706
0.24440763577749391,0.9970381855964661,0.0007773641846142709
0.24449630640900888,0.9928568005561829,0.0007580892415717244
0.24458184044057452,0.99500572681427,0.0007412002305500209
0.24462038118149054,1.0296823978424072,0.0007522614323534071
0.24466285014225053,1.0039746761322021,0.0007502221269533038
0.24471539913013707,0.9984250664710999,0.0007509845891036093
0.24474140209325468,1.0086313486099243,0.0007660945411771536
0.2448080062228587,0.9966294765472412,0.0007657767273485661
0.24481771141560515,1.0221911668777466,0.0007900306372903287
0.24489232615762657,1.018902063369751,0.0007894962909631431
0.2448983641091007,0.9962820410728455,0.000777577341068536
0.24498703523420584,0.9936453700065613,0.0007581211975775659
0.2450725722273116,0.9928726553916931,0.0007406657678075135
0.2451111061400717,1.0297482013702393,0.000752490945160389
0.24515358324522762,1.003890037536621,0.0007495086174458265
0.2452061253225325,0.9992889761924744,0.000751180574297905
0.24523213634794172,1.0078672170639038,0.0007657576934434474
0.24529873364922927,0.996900737285614,0.0007664020522497594
0.24530844673957664,1.0229674577713013,0.000790006888564676
0.24538306197534876,1.0194045305252075,0.0007894865702837706
0.24538909252281194,0.9956257939338684,0.0007777304272167385
0.24547776405908128,0.995033860206604,0.0007577816722914577
0.24556330401372717,0.9928295016288757,0.0007405166397802532
0.2456018310984922,1.0295568704605103,0.0007524114334955812
0.24564431634804407,1.0042451620101929,0.0007499114144593477
0.2456968515150887,0.999514102935791,0.0007516093319281936
0.2457228706022272,1.0086255073547363,0.0007660370320081711
0.24578946099333476,0.9961689114570618,0.0007660314440727234
0.24579918206338736,1.0218400955200195,0.0007905198726803064
0.24587379771064521,1.0189456939697266,0.0007892976864241064
0.2458798209366838,0.9976109266281128,0.0007776918355375528
0.2459684928841176,0.9951741695404053,0.000758749432861805
0.24605403588240793,0.9939674139022827,0.0007406353252008557
0.24609255613933823,1.0300488471984863,0.0007524208631366491
0.24618757770796618,0.9990320801734924,0.0007514754543080926
0.24621360485683397,1.0078001022338867,0.000766403682064265
0.2462801883376009,0.9971663355827332,0.000766516721341759
0.24628991730493321,1.0237830877304077,0.0007909675478003919
0.24636453344594167,1.0208866596221924,0.0007894650916568935
0.246370549350154,0.9959054589271545,0.0007772805402055383
0.2464592217094752,0.9948067665100098,0.0007587881991639733
0.24654476766898425,0.993226170539856,0.0007403022609651089
0.24658328109775862,1.0306549072265625,0.0007527042762376368
0.24662578255359646,1.0038084983825684,0.0007497635670006275
0.2466783039826267,0.9986170530319214,0.000751260609831661
0.24670433911168166,1.0078668594360352,0.0007657557143829763
0.24677091568194742,0.9961268901824951,0.0007658585673198104
0.2467806526289047,1.0241035223007202,0.0007905068341642618
0.24685526918139888,1.019035816192627,0.0007891281275078654
0.2468612777636242,0.9966885447502136,0.0007781435269862413
0.24694995061661573,0.9935528635978699,0.000758826732635498
0.24703549945564085,0.9917645454406738,0.0007403574418276548
0.24707400605650043,1.031078577041626,0.000752866268157959
0.24711651565617188,1.0060243606567383,0.0007505402318201959
0.24716903017502212,0.9978344440460205,0.0007513181190006435
0.2471950733660475,1.0079070329666138,0.0007662253337912261
0.24726164310855903,0.9958608150482178,0.0007659732364118099
0.2472713878709325,1.0229960680007935,0.0007896848837845027
0.24734600499879966,1.0194348096847534,0.0007891847053542733
0.2473520061774961,0.9970657229423523,0.0007775633712299168
0.24744067944149128,0.9936069250106812,0.0007588203880004585
0.24752623132456253,0.9937618374824524,0.0007407786324620247
0.24756473109766786,1.0282549858093262,0.0007521419320255518
0.24760724875914897,1.0034732818603516,0.0007494337041862309
0.2476597563675782,0.9990000128746033,0.000751148909330368
0.24768580762041315,1.0087134838104248,0.0007661833660677075
0.24775237045282517,0.9969809651374817,0.0007663576398044825
0.24776212319506463,1.023405909538269,0.0007905755774118006
0.24783674073393547,1.0185673236846924,0.0007887863321229815
0.24784273450894234,0.997803807258606,0.0007777292630635202
0.2479314082665275,0.9931361079216003,0.0007584430859424174
0.24801696311113897,0.9937255382537842,0.0007408469682559371
0.24805545605608825,1.0288571119308472,0.0007523179519921541
0.2480979818619652,1.0042804479599,0.000749837199691683
0.24815048256029504,0.9999029636383057,0.0007514564786106348
0.24817654187493954,1.0095562934875488,0.0007662696298211813
0.24824309779725195,0.9962974190711975,0.0007663129945285618
0.24825285843661038,1.024158000946045,0.0007907218532636762
0.24832747646955333,1.0189356803894043,0.0007886869134381413
0.24833346292281422,0.9975236654281616,0.0007776713464409113
0.24842213709140304,0.9945105314254761,0.0007585625280626118
0.24850769489755464,0.992515504360199,0.0007401014445349574
0.24854618101442838,1.0297716856002808,0.0007525238324888051
0.24858871496494228,1.0027340650558472,0.0007491660653613508
0.24864120875285123,0.9985830187797546,0.000751316430978477
0.2486672761293054,1.0090450048446655,0.0007660210249014199
0.24873382514135745,0.9963107705116272,0.0007661856943741441
0.24874359376058186,1.024255633354187,0.0007914115558378398
0.2488182122048498,1.0179311037063599,0.0007883944781497121
0.24882419133652545,0.996667206287384,0.0007774672703817487
0.2489128659166,0.9941902756690979,0.0007590204477310181
0.24899842676623518,0.9925927519798279,0.000740710471291095
0.2490369059730898,1.030237078666687,0.0007523601525463164
0.24907944806775872,1.0042564868927002,0.0007494221208617091
0.24913193502783304,0.9990270137786865,0.0007511851727031171
0.24915801038383179,1.0092144012451172,0.0007664295262657106
0.24922455256788867,0.9976621866226196,0.0007662685238756239
0.2492343290021276,1.023246169090271,0.0007899952470324934
0.24930894802225045,1.0190043449401855,0.0007890643319115043
0.24931491975007603,0.9975159764289856,0.000778718909714371
0.2494035947419575,0.9945595860481262,0.0007588786538690329
0.24948915855297227,0.9928424954414368,0.0007403497584164143
0.2495276309315103,1.0312659740447998,0.0007525926339440048
0.2495701811704144,1.003145694732666,0.0007495912723243237
0.24962266122038912,1.0002487897872925,0.0007515533361583948
0.2496487446386796,1.0088931322097778,0.0007661226554773748
0.24971527991247622,0.9970620274543762,0.00076672452269122
0.24972506432593844,1.0238937139511108,0.0007904096855781972
0.24979968375754702,1.018612265586853,0.0007889336557127535
0.24980564808136152,0.99699866771698,0.0007778596482239664
0.24989432356675267,0.9949185252189636,0.0007591415196657181
0.2499798903395486,0.9933514595031738,0.0007408211240544915
0.25001835597235633,1.0302733182907104,0.0007525858818553388
0.2500609142730702,1.0031650066375732,0.0007498299237340689
0.25011338741278466,0.9989637136459351,0.0007515484467148781
0.25013947889304533,1.0084561109542847,0.0007661764975637197
0.2502060072565817,0.9974669814109802,0.0007661828421987593
0.25021579956796625,1.0243889093399048,0.0007906097453087568
0.2502904194926828,1.0202800035476685,0.0007896514725871384
0.25029637649539416,0.9961133599281311,0.0007778278086334467
0.25038505247381293,0.9929276704788208,0.0007585624698549509
0.2504706221261249,0.9928575754165649,0.0007403665222227573
0.2505090809312588,1.029814600944519,0.0007529808208346367
0.25055164737588653,1.0028607845306396,0.0007497076294384897
0.2506041136051801,0.9991806745529175,0.0007511985604651272
0.25063021314741096,1.0090394020080566,0.000766080163884908
0.2506967346006872,0.9954066276550293,0.0007658906979486346
0.2507065348919377,1.0244197845458984,0.0007903105579316616
0.2507811553100836,1.01930570602417,0.0007889780681580305
0.2507871049091054,0.9971680641174316,0.0007777598802931607
0.2508757812990099,0.9934250116348267,0.0007589937304146588
0.25096135399512687,0.9950265288352966,0.0007417444721795619
0.2509998058896792,1.032970666885376,0.0007532316958531737
0.2510423804788636,1.0039840936660767,0.0007495554746128619
0.2510948397980576,0.9999068379402161,0.0007517276098951697
0.2511209474020981,1.0082107782363892,0.0007661855779588223
0.25118746194495334,0.9965089559555054,0.0007661567069590092
0.2511972701334835,1.0265308618545532,0.0007913514855317771
0.25127189104570147,1.0201289653778076,0.0007888769614510238
0.25127783332265596,0.9974797964096069,0.0007780008018016815
0.2513665101240462,0.9956802129745483,0.0007594041526317596
0.25145208578154266,0.9934841394424438,0.0007409395184367895
0.2514905308480996,1.0318962335586548,0.0007529130671173334
0.25153311358167996,1.004213809967041,0.0007496794569306076
0.25158556607287874,0.9998241662979126,0.00075154984369874
0.2516116816563836,1.0079994201660156,0.0007662628195248544
0.2516781893713239,0.9965319037437439,0.0007661889540031552
0.2516880054576156,1.024523138999939,0.0007907068938948214
0.25176262678115857,1.0185644626617432,0.0007888960535638034
0.25176856165426276,0.9976804852485657,0.0007778682629577816
0.25185723894924295,0.9942135810852051,0.0007593011250719428
0.2519428175679582,0.9924101233482361,0.0007403921918012202
0.2519812558889457,1.0323569774627686,0.0007536343182437122
0.25202384668465694,1.0034239292144775,0.0007497869082726538
0.2520762922652743,1.0000289678573608,0.0007515394827350974
0.25210241591099025,1.0078086853027344,0.0007660681148990989
0.2521689167157508,0.9969437122344971,0.0007664303993806243
0.2522533625162141,1.0202938318252563,0.0007894728914834559
0.25225929006781334,0.9972032308578491,0.0007781907333992422
0.25234796777427926,0.9925786256790161,0.0007589426822960377
0.25243354935485585,0.9925690293312073,0.0007401424809359014
0.2524719808473661,1.0322412252426147,0.0007529253489337862
0.25251457978723235,1.002726674079895,0.0007489796262234449
0.252567018457991,1.0003520250320435,0.0007514755125157535
0.25259315016583805,1.0077985525131226,0.0007661028648726642
0.25265964406033825,0.997153639793396,0.0007665717857889831
0.2526694760228918,1.0251535177230835,0.0007907344843260944
0.2527440983338559,1.0177785158157349,0.0007882037316448987
0.25275001848128353,0.9963127970695496,0.0007777170394547284
0.2528386965991548,0.9933522343635559,0.0007585916318930686
0.2529242811414323,0.9926143288612366,0.0007402434130199254
0.2529627058061078,1.0316685438156128,0.0007536220364272594
0.25300531288980777,1.0015302896499634,0.0007495805621147156
0.25305774465038655,0.9988853335380554,0.0007516051409766078
0.2530838844202038,1.0076717138290405,0.0007658486720174551
0.2531503714043635,0.9964939951896667,0.0007659081602469087
0.25316021126483934,1.0244351625442505,0.000789977319072932
0.2532348340689917,1.0201228857040405,0.0007889774278737605
0.2532407468952357,0.9966921806335449,0.0007777688442729414
0.25332942542403036,0.9941524863243103,0.0007588567677885294
0.25341501301011293,0.9938666224479675,0.0007405282813124359
0.25345343076501037,1.030484676361084,0.0007523939711973071
0.2534960459929455,1.0017268657684326,0.0007492293952964246
0.2535484708427017,1.000637412071228,0.0007517164340242743
0.25357461867456965,1.0084174871444702,0.0007661572308279574
0.2536410987483886,0.9976494908332825,0.0007666617166250944
0.2537255698042882,1.0197569131851196,0.0007893021102063358
0.2537314752268427,0.9960498809814453,0.0007775783888064325
0.25382015433133154,0.9953307509422302,0.0007590283639729023
0.25390574479668926,0.9941447973251343,0.0007410303223878145
0.25394415572343076,1.0318266153335571,0.0007529224967584014
0.25398677909608325,1.0017714500427246,0.0007495839963667095
0.2540391970354988,1.0002975463867188,0.0007517996709793806
0.25406535292909593,1.0088567733764648,0.0007662354037165642
0.2541318260928155,0.9961475729942322,0.0007660804549232125
0.254216305622171,1.0181695222854614,0.0007885062950663269
0.25422220364039316,0.9977675676345825,0.0007780548767186701
0.2543108831565285,0.9933691024780273,0.0007589031010866165
0.25439647658310494,0.9930539131164551,0.0007405030191875994
0.25443488068185116,1.0319831371307373,0.0007531562587246299
0.25447751211647396,1.002375841140747,0.0007492344593629241
0.2545299233104805,0.9998811483383179,0.0007516490877605975
0.2545560871837831,1.0079158544540405,0.0007660902920179069
0.254622553436921,0.9973849058151245,0.0007670280756428838
0.2546324171544886,1.02680242061615,0.0007912770379334688
0.2547070413573067,1.020153522491455,0.0007884572260081768
0.2547129320541044,0.9974231719970703,0.0007781212916597724
0.2548016119815648,0.993456244468689,0.0007588547305203974
0.2548872083695206,0.99317467212677,0.0007404841016978025
0.2549256056404322,1.0322413444519043,0.0007531080627813935
0.25496824521912964,1.00160813331604,0.0007495044264942408
0.25502064950287595,0.999198317527771,0.0007514177705161273
0.2550468214383095,1.0080333948135376,0.0007665109587833285
0.2551132808634522,0.9960713386535645,0.000766711076721549
0.25512315239603445,1.026234745979309,0.0007914582965895534
0.2551977770924425,1.0193716287612915,0.0007887560059316456
0.25520366046765497,1.0001564025878906,0.0007788345101289451
0.25529234080676166,0.9951147437095642,0.0007593106711283326
0.25537794015641835,0.9935038685798645,0.0007406349177472293
0.25541633068127834,1.0319209098815918,0.0007530858856625855
0.2554589783221066,1.0030665397644043,0.0007494608289562166
0.25551137569543214,1.0007658004760742,0.0007519894279539585
0.25553755569283587,1.0087496042251587,0.0007664511213079095
0.25560400820803963,0.996009886264801,0.0007662412244826555
0.25568851291000405,1.0179154872894287,0.0007890473934821784
0.25569438879894046,0.997412919998169,0.0007779919542372227
0.25578306963179787,0.9946371912956238,0.0007589230081066489
0.2558686719431553,0.9937465190887451,0.0007412087870761752
0.25590705564002025,1.034261703491211,0.0007538824575021863
0.25594971142468204,1.0011485815048218,0.0007488888222724199
0.25600210188782757,1.0008474588394165,0.0007518832571804523
0.2560282899472017,1.0087218284606934,0.0007663482683710754
0.2560947355521451,0.9979962706565857,0.0007664207369089127
0.256104622962114,1.026942491531372,0.0007905474049039185
0.25617924864546116,1.0173306465148926,0.0007882287609390914
0.256185117212973,0.9968453049659729,0.000778296438511461
0.2562737985389384,0.9934236407279968,0.0007588788284920156
0.2563594037294906,0.9923501014709473,0.0007403066847473383
0.2563977805986013,1.0343737602233887,0.0007544393884018064
0.25644044452757875,1.0019917488098145,0.000749074446503073
0.2564928280802231,1.0012248754501343,0.0007521153311245143
0.25651902420156747,1.0080710649490356,0.0007665547309443355
0.2565854628962507,0.9953252077102661,0.0007664096774533391
0.25659535828584457,1.026483178138733,0.0007908320985734463
0.2566699843807576,1.0195634365081787,0.0007883809157647192
0.2566758456266842,0.9965567588806152,0.0007774904952384531
0.25676452736381405,0.9948700070381165,0.0007601183606311679
0.2568501355984123,0.9944776296615601,0.0007406325312331319
0.256888505557343,1.0325521230697632,0.0007532619638368487
0.2569311776307165,1.0023726224899292,0.000749087193980813
0.2569835542731005,1.0008984804153442,0.000752592517528683
0.2570097584562546,1.009161353111267,0.0007666445453651249
0.25707619024051687,0.9965535998344421,0.0007661984418518841
0.2570860935273903,1.026409387588501,0.0007915189489722252
0.2571607201162148,1.018622875213623,0.0007882832433097064
0.2571665739579698,0.9965345859527588,0.0007782167522236705
0.25725525618917156,0.9930042028427124,0.0007588012958876789
0.257340867384828,0.9934958219528198,0.0007411903352476656
0.2573792305157634,1.0332143306732178,0.0007543760584667325
0.2574219107333722,1.0019928216934204,0.0007487309630960226
0.2574742804656568,1.000837802886963,0.0007518409402109683
0.2575004927111023,1.0088317394256592,0.0007664181757718325
0.25756691758462236,0.9976989030838013,0.0007664437871426344
0.25757682885152233,1.027961015701294,0.0007909575360827148
0.25765145593377625,1.019470453262329,0.0007883475045673549
0.2576573023718417,0.9962101578712463,0.000778264133259654
0.25774598501420776,0.9936302900314331,0.0007591996691189706
0.25783159917124354,0.9935089349746704,0.0007410758989863098
0.2578699554741035,1.0321305990219116,0.0007535052136518061
0.25791264383602797,1.0017226934432983,0.000749393308069557
0.2579650066580521,1.000569224357605,0.0007518918137066066
0.2579912269656288,1.0101358890533447,0.000767185352742672
0.25805764492904926,0.9974637031555176,0.0007666427409276366
0.2580675640930682,1.0280630588531494,0.0007910651038400829
0.25814219166891206,1.0185637474060059,0.0007882974459789693
0.2581480307853923,0.9978200793266296,0.000778090616222471
0.2582367138390834,0.9932850003242493,0.0007597215007990599
0.2583223309581413,0.9922305345535278,0.0007403145427815616
0.2583606804329256,1.0335885286331177,0.0007536794291809201
0.2584033769388442,1.000618577003479,0.0007483873632736504
0.25845573285076906,1.000129222869873,0.0007518887869082391
0.25848196121999445,1.0079119205474854,0.0007664235308766365
0.2585483722736368,0.9970102310180664,0.0007659095572307706
0.2585582993347746,1.028049349784851,0.000791044847574085
0.258632927404048,1.0197103023529053,0.0007883497746661305
0.2586387591166778,0.9976772665977478,0.0007786279311403632
0.25872744266428027,0.9935415983200073,0.0007591444882564247
0.2588130627447176,0.9932659864425659,0.0007405281066894531
0.2588514053916674,1.0335333347320557,0.0007540633087046444
0.2588941099592349,1.000136375427246,0.0007486557005904615
0.25894645912542946,1.001164197921753,0.0007520549697801471
0.25897269547452084,1.0086112022399902,0.0007668944890610874
0.2590390996176619,0.9968547224998474,0.0007659197435714304
0.2590490346590675,1.0272639989852905,0.0007911803550086915
0.2591236632216093,1.019095540046692,0.000787125201895833
0.25912948753063003,0.9961726665496826,0.0007777284481562674
0.2592181715713404,0.9925230741500854,0.0007595678907819092
0.2593037945311333,0.9926289916038513,0.0007408415549434721
0.2593421303500878,1.0332669019699097,0.0007532478775829077
0.25938484306205134,1.0016366243362427,0.0007493814337067306
0.25943718531798565,1.0011570453643799,0.0007517471094615757
0.2594634297288867,1.0079774856567383,0.0007666038000024855
0.259529826961687,0.9975565075874329,0.000766466895584017
0.2595397699007739,1.0288687944412231,0.000791282975114882
0.2596143989570666,1.0181856155395508,0.0007883385405875742
0.25962021594442164,0.9970821142196655,0.0007779076113365591
0.2597089003961357,0.9939813613891602,0.0007602471159771085
0.2597945263177096,0.9925463795661926,0.0007412747945636511
0.25983285530866895,1.0348378419876099,0.0007536436314694583
0.2598755761651891,1.0005673170089722,0.0007485371315851808
0.25992791151086303,1.002223014831543,0.0007524084649048746
0.25995416390098736,1.008078694343567,0.0007663647411391139
0.26002055430611404,0.9960659742355347,0.0007657910464331508
0.2600305052245847,1.0277502536773682,0.0007910245331004262
0.26010513469236307,1.0188902616500854,0.0007885447121225297
0.26011094427570713,0.9971113204956055,0.0007779764709994197
0.2601996292214933,0.9924673438072205,0.0007594082271680236
0.2602852581041253,0.9936679601669312,0.0007404580246657133
0.26032358026708935,1.0336302518844604,0.0007539773941971362
0.26036630926784476,1.0011310577392578,0.0007489327108487487
0.26041863770325857,1.0023125410079956,0.000752063759136945
0.26044489815583516,1.0104588270187378,0.0007672701613046229
0.2605112816503802,0.9973739385604858,0.0007669969345442951
0.26052124046613057,1.0270365476608276,0.000790997117292136
0.26059587051008515,1.0182300806045532,0.0007883358048275113
0.26060167268941825,0.9970793128013611,0.0007785548223182559
0.26069035804669016,0.9925425052642822,0.0007596967625431716
0.26077598989054096,0.9923712611198425,0.000740432704333216
0.26081430530777483,1.0342543125152588,0.0007539858343079686
0.26085704237050056,1.0009595155715942,0.0007486079121008515
0.260909363895654,1.001166820526123,0.0007520620711147785
0.26093563241044193,1.0086641311645508,0.0007664434961043298
0.26100200907707205,0.9968903064727783,0.0007659591501578689
0.2610119757079976,1.0282822847366333,0.0007919264608062804
0.26109240110329013,0.9981098771095276,0.0007786508067511022
0.2611810868715658,0.9937490820884705,0.0007596687064506114
0.2612667216774387,0.9928367137908936,0.0007402087794616818
0.2613050302666772,1.0352421998977661,0.0007539637736044824
0.26134777547347754,1.0008732080459595,0.0007489245617762208
0.2614000900882102,1.0009047985076904,0.0007520732469856739
0.2614263666647273,1.0096766948699951,0.0007665485027246177
0.2614927364213382,0.9967911839485168,0.0007667074678465724
0.261502711031969,1.0284924507141113,0.0007911639986559749
0.2615773419802765,1.0170186758041382,0.0007877394673414528
0.2615831294347365,0.9965469837188721,0.0007776665734127164
0.261671815778867,0.9940919876098633,0.0007600825047120452
0.26175745346417567,0.9941686987876892,0.0007411413243971765
0.26179575522525833,1.0360828638076782,0.0007543493993580341
0.26183850849378787,1.0039247274398804,0.0007494005840271711
0.2618908162806056,1.0010260343551636,0.0007518208003602922
0.26191710091941445,1.0096185207366943,0.0007669603801332414
0.2619834637654437,0.9974210858345032,0.0007663401775062084
0.2620680777979182,1.0185343027114868,0.0007879275945015252
0.26207385784860837,0.9982321858406067,0.0007783873588778079
0.26224818525059124,0.9923129081726074,0.0007403604686260223
0.2622864801836787,1.0352779626846313,0.0007543134852312505
0.2623292415966847,1.00031578540802,0.000749093946069479
0.26238154247332246,1.0013628005981445,0.0007519280770793557
0.2624078351737802,1.0097090005874634,0.0007665231823921204
0.2624741911095493,0.9990184903144836,0.0007666178280487657
0.2624841815978076,1.0291359424591064,0.000791363709140569
0.26255881353321475,1.018073320388794,0.0007877026800997555
0.2625645862623195,0.9981085658073425,0.0007785125635564327
0.26265327342877876,0.9940690994262695,0.0007600143435411155
0.26273891703716756,0.9927889704704285,0.000740415882319212
0.26277720514242053,1.0347000360488892,0.0007538225618191063
0.26281997469982243,1.0001375675201416,0.0007487444090656936
0.2628722686661197,1.0003297328948975,0.0007524288375861943
0.2628985694283066,1.0102680921554565,0.0007668723701499403
0.2629649184538154,0.9968942999839783,0.0007666881429031491
0.26304954926867186,1.0202503204345703,0.0007881256751716137
0.263055314593605,0.9969195127487183,0.0007786083151586354
0.26314400225413637,0.9927345514297485,0.0007595906499773264
0.26322964882358335,0.9933293461799622,0.0007413291023112833
0.26326793010084093,1.0353621244430542,0.0007538847858086228
0.263310707802478,0.999519407749176,0.0007489155395887792
0.26336299485843473,1.0015674829483032,0.0007526497938670218
0.2633893036831543,1.009246826171875,0.0007669412298128009
0.2634556457982422,0.9964514374732971,0.0007659952971152961
0.2634656520808992,1.0279440879821777,0.0007901824428699911
0.2635402850862334,1.0160012245178223,0.0007872740388847888
0.26354604300715556,0.9963797330856323,0.000778190849814564
0.2636347310790119,0.9921356439590454,0.0007600163808092475
0.2637203806101597,0.993206799030304,0.000740642542950809
0.2637586550592613,1.0356745719909668,0.0007542162202298641
0.2638014409051338,1.0006382465362549,0.0007492881850339472
0.26385372105083016,1.001213788986206,0.0007523368112742901
0.26388003785525516,1.0094974040985107,0.0007669139886274934
0.26394637314250846,0.9963028430938721,0.0007663204451091588
0.2640310208213691,1.0184065103530884,0.0007882533245719969
0.2640367714208668,0.9969337582588196,0.0007780840387567878
0.26412545998615256,0.993773877620697,0.000759852584451437
0.2642111123970573,0.9922876358032227,0.0007402048795484006
0.2642493800180835,1.0351353883743286,0.000754120759665966
0.26429217392568516,0.9999739527702332,0.0007481209468096495
0.264344447243547,1.0011894702911377,0.0007520550861954689
0.2643707721096208,1.0090651512145996,0.0007672673091292381
0.26443710048693525,0.9969843626022339,0.0007668798789381981
0.2644471226468985,1.028207778930664,0.0007908830884844065
0.2645217565565049,1.0169439315795898,0.0007877559401094913
0.2645274997524737,0.997175931930542,0.0007788315415382385
0.2646161888113494,0.9947711825370789,0.0007607836741954088
0.2647018441837943,0.9923441410064697,0.000740089628379792
0.26474010497674494,1.0360374450683594,0.0007541097002103925
0.26478290702866225,0.9999029636383057,0.0007482792134396732
0.26483517343594243,1.0016053915023804,0.0007519364589825273
0.2648615063641473,1.0077598094940186,0.0007671845378354192
0.26492782783104074,0.9974840879440308,0.0007668902399018407
0.26493785788844426,1.0295463800430298,0.0007922031218186021
0.26501249237438773,1.0182501077651978,0.0007880800403654575
0.2650182281661849,0.9963071346282959,0.0007783746114000678
0.26510691763622496,0.9922483563423157,0.0007601435063406825
0.26519257597020995,0.9933050274848938,0.0007408887031488121
0.26523082985290025,1.035679578781128,0.0007542177918367088
0.2652736401314786,1.0010735988616943,0.0007485378882847726
0.2653258996284986,1.001279354095459,0.0007519721402786672
0.26535224061851304,1.0100840330123901,0.0007671482162550092
0.26541855517506585,0.9976556301116943,0.0007665946031920612
0.2654285932124961,1.0300406217575073,0.0007911345455795527
0.2655032281100056,1.0175203084945679,0.0007874643197283149
0.26550895649771156,0.9966103434562683,0.0007780850282870233
0.26559764646126127,0.9938211441040039,0.000760704162530601
0.26568330775654525,0.9935417771339417,0.0007403201307170093
0.2657215548114814,1.0350576639175415,0.0007541353697888553
0.265764373234295,1.0007221698760986,0.0007493490702472627
0.2658166258213761,1.0008457899093628,0.0007524020620621741
0.2658429748732001,1.007405400276184,0.0007660308037884533
0.2659092825194125,0.9991859793663025,0.0007669231854379177
0.2659193284539616,1.0297685861587524,0.0007914880407042801
0.2659939639274064,1.0172665119171143,0.0007874530856497586
0.26599968491118164,0.9981817007064819,0.0007780641899444163
0.26608837536888374,0.9925454258918762,0.000759775866754353
0.26617403954320207,0.9929604530334473,0.0007401363691315055
0.2662122797699018,1.0361078977584839,0.0007543166284449399
0.2662551063369507,0.9997692704200745,0.0007480278145521879
0.26630735201377165,1.0016740560531616,0.0007524851243942976
0.2663337091280479,1.0098936557769775,0.0007670962368138134
0.2664000098636786,0.996332049369812,0.0007667336030863225
0.26641006369550735,1.0288835763931274,0.0007917233742773533
0.2664846996625422,1.018001675605774,0.0007875672308728099
0.2664904133247322,0.9972308874130249,0.0007779359584674239
0.2665791041937593,0.9927414655685425,0.0007600270328111947
0.2666647713297783,0.9921322464942932,0.000740935851354152
0.2667030047283222,1.0346351861953735,0.0007541367667727172
0.2667458393573414,1.0008597373962402,0.0007492555305361748
0.2667980782061671,1.0030044317245483,0.000752231280785054
0.26682444330014854,1.009752631187439,0.0007673070067539811
0.2668907372081054,0.9949739575386047,0.000765541975852102
0.2669007990198,1.031798005104065,0.0007917791954241693
0.26697543539783863,1.0173559188842773,0.0007870479603298008
0.2669811416563391,0.9965241551399231,0.0007779991719871759
0.26706983301863485,0.9952449798583984,0.0007603681879118085
0.26715550311651526,0.993063747882843,0.0007406939985230565
0.26719372968722477,1.0354101657867432,0.0007540032966062427
0.2672365724603185,1.0027517080307007,0.0007483926601707935
0.26728880439872327,1.0019432306289673,0.0007521802908740938
0.267315177554434,1.011817216873169,0.0007684029988013208
0.26738146455237166,0.9967238903045654,0.0007661046111024916
0.2673915342616673,1.0302773714065552,0.0007914757006801665
0.2674661712152395,1.0177433490753174,0.0007871974958106875
0.26747187007005035,0.9958786368370056,0.0007777963182888925
0.26756056184367116,0.9921174645423889,0.0007598731899634004
0.2676462349030917,0.994444727897644,0.0007405363721773028
0.2676844546458058,1.0374749898910522,0.0007546525448560715
0.26772730556313484,0.998636782169342,0.0007477666367776692
0.26777953059144,1.0012046098709106,0.0007520043873228133
0.2678059118090408,1.008800745010376,0.0007668009493499994
0.26787219181421207,0.9957159757614136,0.0007658916874788702
0.2678822695032129,1.0281705856323242,0.0007911864668130875
0.26795690695061625,1.0179815292358398,0.0007875991868786514
0.26796259840165726,0.9959450364112854,0.0007782582542859018
0.2680512907508117,0.9944106936454773,0.0007607759907841682
0.26813696668950737,0.9927796721458435,0.0007411307306028903
0.2681751796042262,1.0365544557571411,0.0007543478859588504
0.26821803858384696,0.9991955757141113,0.0007487208931706846
0.2682702567839962,1.0005954504013062,0.0007520129438489676
0.26829664606340653,1.0089561939239502,0.0007671343046240509
0.26836291915831767,0.9960831999778748,0.0007658639224246144
0.2683730048271844,1.0289156436920166,0.00079152180114761
0.26844764268615373,1.01881742477417,0.00078739901073277
0.2684533268153685,0.9948230385780334,0.0007774990517646074
0.26854201957600854,0.9942319989204407,0.0007605195860378444
0.26862769847592294,0.9924341440200806,0.0007403646013699472
0.2686659045629679,1.0385867357254028,0.0007549026631750166
0.2687087716866633,1.0005851984024048,0.0007481666980311275
0.2687609829767129,1.0022317171096802,0.0007525298278778791
0.26878738023566795,1.010323166847229,0.0007675931556150317
0.2688536465025839,0.9971180558204651,0.0007666042074561119
0.26886374006873026,1.0305237770080566,0.0007916573667898774
0.2689383785035545,1.0175701379776,0.0007872438291087747
0.268944055146654,0.996945858001709,0.0007776954444125295
0.26903274840128577,0.9924662113189697,0.0007600970566272736
0.2691184301802343,0.992362916469574,0.0007403422496281564
0.2691566295215492,1.0381792783737183,0.0007549080182798207
0.269199504789319,0.9988207817077637,0.0007477655890397727
0.2692517091692691,1.0019659996032715,0.0007525250548496842
0.26927811449051575,1.009380578994751,0.0007674886146560311
0.26934437384717136,0.9960542917251587,0.0007661022827960551
0.269354475310276,1.029004454612732,0.0007914842572063208
0.2694291142386903,1.01775062084198,0.0007874061120674014
0.26943478356020456,0.9972246885299683,0.0007776372949592769
0.26952347722608105,0.9946779012680054,0.0007606168510392308
0.26960916196697127,0.9921864867210388,0.0007401190814562142
0.26964735448029087,1.0379685163497925,0.0007549914880655706
0.26969023789197466,0.9990262389183044,0.0007480664062313735
0.26974243527939956,1.0024384260177612,0.0007525110268034041
0.2697688487448815,1.0104146003723145,0.000767689838539809
0.26983510119159826,0.9971931576728821,0.0007658724789507687
0.2698452106345689,1.0304940938949585,0.0007917766342870891
0.2699198500564125,1.0179858207702637,0.0007870914996601641
0.2699255119739158,0.9965180158615112,0.0007782696629874408
0.2700142061332217,0.993985652923584,0.0007600078242830932
0.2700998937535476,0.9931595325469971,0.000740408489946276
0.2701380794388719,1.0375773906707764,0.0007545891567133367
0.270180970912526,0.9999366998672485,0.0007482906221412122
0.270233161471795,1.002462387084961,0.0007526527042500675
0.27025958299924724,1.0089701414108276,0.000767784018535167
0.27032582853570375,0.9975426197052002,0.0007666196906939149
0.2703359458762753,1.0295114517211914,0.0007917344337329268
0.2704105857915483,1.017606258392334,0.0007871870184317231
0.2704162403055227,0.9964336156845093,0.0007778620347380638
0.27050493495841843,0.9942025542259216,0.0007604147540405393
0.2705906255402847,0.9922249913215637,0.0007406347431242466
0.27062880439753345,1.0363080501556396,0.0007546836859546602
0.2706717040155031,0.99866783618927,0.0007479158230125904
0.2707238876646726,1.0004496574401855,0.0007517456542700529
0.27075031725377363,1.00914466381073,0.000767377729061991
0.2708165558799699,0.9971962571144104,0.0007660576957277954
0.27082668111782104,1.030750036239624,0.0007913354784250259
0.27090132152684476,1.0172926187515259,0.0007869201363064349
0.2709069687192339,0.9958788156509399,0.0007772391545586288
0.2709956637832941,0.9926565885543823,0.0007603589328937232
0.27108135732670036,0.9930965900421143,0.0007402104674838483
0.2711195292736085,1.0374763011932373,0.0007548735593445599
0.27116243711831955,1.000727653503418,0.0007482951041311026
0.27121461385722867,1.0033764839172363,0.0007531408919021487
0.2712410514261958,1.0092960596084595,0.0007672220235690475
0.2713072832240755,0.9966282248497009,0.0007659823168069124
0.2713174164418729,1.0308490991592407,0.0007915691821835935
0.2713920573447276,1.0178601741790771,0.0007872668211348355
0.2713976970508407,0.9963400959968567,0.0007776888087391853
0.2714863926083303,0.9952484369277954,0.0007607078296132386
0.2715720891131159,0.9928762316703796,0.0007404200732707977
0.2716102542320289,1.0378830432891846,0.0007549269357696176
0.2716531701389513,0.9986717700958252,0.0007476744358427823
0.2717053400496242,1.0007647275924683,0.0007525456021539867
0.2717317856807222,1.0084761381149292,0.0007675350643694401
0.271798010568422,0.9951555132865906,0.0007656156085431576
0.2718081516836597,1.0314452648162842,0.0007918242481537163
0.2718827930798634,1.0175862312316895,0.000786968448664993
0.2718884254643109,0.9961528182029724,0.0007777357823215425
0.2719771215159529,0.9947396516799927,0.0007613479974679649
0.2720628208999334,0.9921362996101379,0.0007400311296805739
0.2721009791907707,1.0373092889785767,0.0007544785039499402
0.272143903241848,0.998731255531311,0.0007479155319742858
0.27219606624226067,1.002822756767273,0.0007524796528741717
0.27222251993540925,1.0104663372039795,0.0007674332591705024
0.27228873791292907,0.9961698651313782,0.0007657176465727389
0.27229888692520543,1.0324032306671143,0.0007919517229311168
0.2723735288149992,1.0172202587127686,0.0007871768902987242
0.27237915379551625,0.9963664412498474,0.0007776279235258698
0.27246785034082843,0.9941072463989258,0.0007607676088809967
0.272553552604325,0.9933306574821472,0.0007409132667817175
0.27259170414935174,1.0377503633499146,0.0007545440457761288
0.2726346363445037,0.9996081590652466,0.0007481974898837507
0.2726867924345757,1.0028680562973022,0.0007528407732024789
0.27271325410767067,1.0107501745224,0.0007676634122617543
0.27277946525703467,0.9960682988166809,0.0007659973343834281
0.27278962216691194,1.0315896272659302,0.0007923151133581996
0.27286426463256064,1.0181605815887451,0.000787940516602248
0.2728698822095488,0.9981053471565247,0.0007784035988152027
0.272958579165704,0.9949881434440613,0.0007609041640534997
0.2730442843907407,0.9915212392807007,0.0007399448077194393
0.27308242910809355,1.037951111793518,0.000754590320866555
0.27312536936505505,0.9989771246910095,0.0007482109358534217
0.27317751862697115,1.0026514530181885,0.000752717605791986
0.2732039883620364,1.0095884799957275,0.0007675625965930521
0.2732701925188751,0.9961439967155457,0.0007665221346542239
0.2732803574912047,1.0314841270446777,0.0007917247130535543
0.27335500036769644,1.0173676013946533,0.0007872309652157128
0.2733606105411557,0.9967631697654724,0.0007781404419802129
0.2734493079907403,0.9943150281906128,0.0007605061982758343
0.273535016177317,0.9925013780593872,0.0007411562837660313
0.2735731540666746,1.040607213973999,0.0007551652379333973
0.2736161024681928,0.9969462156295776,0.0007470874115824699
0.27366824481984875,1.0030676126480103,0.0007531164446845651
0.27369472261640226,1.0096713304519653,0.000767718767747283
0.2737609198633021,0.9971157908439636,0.0007660488481633365
0.2737710927327506,1.0306651592254639,0.0007917972980067134
0.27384573618541863,1.0180714130401611,0.0007868835236877203
0.27385133895470615,0.9959120750427246,0.0007777872961014509
0.2739400368982021,0.9938163161277771,0.0007603330304846168
0.2740257479637327,0.9941871762275696,0.0007406783988699317
0.27406387894283,1.0375123023986816,0.000754510285332799
0.2741068355708485,0.9988475441932678,0.0007477166363969445
0.2741589709303004,1.0035088062286377,0.0007533645839430392
0.27418545687124996,1.0099732875823975,0.000768092751968652
0.2742516472074076,0.9976513981819153,0.0007664533331990242
0.2742618279742962,1.0302047729492188,0.0007918662740848958
0.2743364719209561,1.0182485580444336,0.0007874246803112328
0.2743420672861524,0.996907114982605,0.0007781909662298858
0.27443076572323843,0.9950104355812073,0.0007610408938489854
0.27451647975014826,0.9929916262626648,0.0007407598895952106
0.2745546039012504,1.0382463932037354,0.000754810287617147
0.2745975685912392,0.998882532119751,0.0007477034232579172
0.27464969712269593,1.0035940408706665,0.0007529295980930328
0.2746761910435114,1.009851336479187,0.0007674401276744902
0.2747423745516737,0.9968705773353577,0.0007659880793653429
0.2747525632160831,1.0307369232177734,0.0007918331539258361
0.27482720765633284,1.0183719396591187,0.0007872064015828073
0.27483279569970287,0.9968390464782715,0.00077793188393116
0.2749214945483549,0.9942018985748291,0.000760756665840745
0.2750072114547809,0.9922283887863159,0.0007405074429698288
0.2750453288598316,1.039130687713623,0.0007550860173068941
0.2750883016940555,0.9982159733772278,0.0007475549937225878
0.275140423315252,1.0039666891098022,0.000753050553612411
0.2751669252978771,1.010359525680542,0.0007678814581595361
0.27523310189626127,0.995791494846344,0.0007657020469196141
0.27524329854013485,1.0323466062545776,0.0007918952615000308
0.27531794347373373,1.0185630321502686,0.0007870403933338821
0.27532352403098836,0.998607337474823,0.0007784212939441204
0.2754122233731502,0.9951311945915222,0.0007608779706060886
0.2754979432414377,0.9928421378135681,0.0007402283954434097
0.2755360538185734,1.0394567251205444,0.0007552331080660224
0.2755790347144462,0.9988839626312256,0.0007479881751351058
0.27563114950764755,1.003937840461731,0.000752737105358392
0.27565765955256427,1.0099208354949951,0.0007674871594645083
0.27572382924036676,0.996775209903717,0.000766181736253202
0.27573403378184125,1.0311484336853027,0.0007918469491414726
0.27580867920886953,1.017261266708374,0.0007869287510402501
0.2758142524450211,0.9974722862243652,0.0007784193148836493
0.2759029522802907,0.9952694177627563,0.000760199676733464
0.275988675027773,0.9923804998397827,0.0007402484770864248
0.2760267787771544,1.0405852794647217,0.0007553920149803162
0.2760697678174233,0.9984278082847595,0.0007472760626114905
0.276121875700043,1.0018272399902344,0.0007531295414082706
0.27614839372466493,1.0101878643035889,0.0007678071269765496
0.27621455658447225,0.9960325360298157,0.0007655663648620248
0.2762247690237085,1.0315532684326172,0.0007917882176116109
0.27629941502675237,1.0176738500595093,0.0007868895772844553
0.27630498077646726,0.996687650680542,0.0007777519640512764
0.27639368110548757,0.9945256114006042,0.0007608146406710148
0.27647940681451,0.9938637614250183,0.0007406955119222403
0.27651750365363115,1.0388059616088867,0.0007553800824098289
0.27656050092056095,0.9990901947021484,0.0007479976047761738
0.2766126018929205,1.0017216205596924,0.0007524939137510955
0.2766391279789504,1.0098295211791992,0.0007675548549741507
0.2767052838464734,0.9967507719993591,0.0007656977977603674
0.27671550426525415,1.0312209129333496,0.0007917837938293815
0.2767901507620488,1.016379714012146,0.0007863538339734077
0.2767957091900177,0.9956358671188354,0.0007775845588184893
0.2768844099305239,0.9941419363021851,0.0007605593418702483
0.2769701385186607,0.9937813878059387,0.0007405431242659688
0.2770082286119713,1.0397183895111084,0.00075525016291067
0.27705123394095166,1.0004245042800903,0.0007477864855900407
0.2771033280032117,1.0032777786254883,0.0007525569526478648
0.2771298622337178,1.0102843046188354,0.0007678781403228641
0.2771960111905789,0.9962101578712463,0.0007660478004254401
0.27728088649718463,1.0164657831192017,0.0007863661739975214
0.27728643752162474,0.9977441430091858,0.0007781907333992422
0.2773751388379857,0.9942768216133118,0.0007611159817315638
0.27746087030507627,0.9921149611473083,0.0007399459718726575
0.2774989535703114,1.039542317390442,0.0007550069130957127
0.27754196704360745,0.99691241979599,0.0007477703038603067
0.2775940541956071,1.0033775568008423,0.000753440719563514
0.2776205964061399,1.0104389190673828,0.0007679184782318771
0.2776867385350057,0.9974420070648193,0.0007662494899705052
0.2776969748307715,1.0325223207473755,0.0007920152856968343
0.27777162231474606,1.018135905265808,0.0007870791014283895
0.27777716593509494,0.9960088729858398,0.0007772828103043139
0.277865867663022,0.9943884015083313,0.0007613349589519203
0.277951602091974,0.9943074584007263,0.0007404761272482574
0.2779896785290532,1.0394296646118164,0.0007552639581263065
0.2780327000641588,0.9983873963356018,0.000748110469430685
0.27808478038832396,1.0033942461013794,0.0007530680159106851
0.27811133066050564,1.0111809968948364,0.000768258876632899
0.278177465879513,0.9961244463920593,0.0007656050729565322
0.2781877100724779,1.0315262079238892,0.0007922069635242224
0.27826235804988186,1.0158013105392456,0.0007864140206947923
0.27826789426630005,0.9963323473930359,0.0007776723359711468
0.27835659648789757,0.9938624501228333,0.0007607772131450474
0.27844233379628525,0.9931615591049194,0.0007405259530059993
0.27848040340536917,1.0404863357543945,0.0007554436451755464
0.2785234331668145,0.9983832836151123,0.0007477106410078704
0.278575506580639,1.0014694929122925,0.0007525336113758385
0.27860206491503214,1.0108786821365356,0.0007686548051424325
0.2786681932235381,0.9968684315681458,0.0007659865077584982
0.27875309386728264,1.0164850950241089,0.0007865948718972504
0.2787586226803326,0.9961940050125122,0.000777850451413542
0.2788473253127731,0.9945705533027649,0.0007610013126395643
0.27893306558270103,0.9947935342788696,0.0007411341066472232
0.2789711283641111,1.0406988859176636,0.0007556983618997037
0.27901416626963094,0.9983271956443787,0.0007472672732546926
0.27906623277295417,1.0046181678771973,0.0007532119052484632
0.2790927990871328,1.0102448463439941,0.0007677928078919649
0.2791589205676436,0.9955777525901794,0.0007655908702872694
0.27916918055605144,1.0324339866638184,0.000791542639490217
0.2792438296029005,1.0168628692626953,0.0007874852162785828
0.2792493510119396,0.9959990978240967,0.0007773276884108782
0.2793380542200743,0.9945123791694641,0.0007618870004080236
0.27942379736927736,0.993876039981842,0.0007409029058180749
0.27946185332269213,1.040794849395752,0.0007556139025837183
0.2795048992905036,0.9978106021881104,0.0007474227459169924
0.2795569588835667,1.003509759902954,0.0007530410075560212
0.27958353334149855,1.0098187923431396,0.0007685167365707457
0.2796496478298055,0.995785653591156,0.0007657601963728666
0.2796599158798623,1.0308423042297363,0.0007918630726635456
0.2797345653383576,1.0171825885772705,0.0007867782260291278
0.2797400793432251,0.9966517090797424,0.0007775459671393037
0.2798287830454319,0.9924522638320923,0.0007602605037391186
0.27991452915569304,0.9927695393562317,0.000740552437491715
0.27995257828111253,1.0404143333435059,0.0007557293865829706
0.2799956323931594,0.9974176287651062,0.0007472020806744695
0.2800476850762835,1.0023897886276245,0.0007526942063122988
0.28007426759634635,1.0095490217208862,0.0007678613183088601
0.280140375173911,0.9970770478248596,0.0007661804556846619
0.28015065112140813,1.0312496423721313,0.000792080769315362
0.2802253011557585,1.015994668006897,0.0007866347441449761
0.2802308077569362,0.9947758913040161,0.0007768117939122021
0.28040526085984363,0.9935385584831238,0.000740526185836643
0.28044330315726795,1.04041588306427,0.0007552053430117667
0.2804863654135501,0.998469889163971,0.0007474630838260055
0.28053841126867896,1.003037452697754,0.0007529688300564885
0.28056500176860777,1.0100406408309937,0.0007676871027797461
0.28063110251817724,0.9970036149024963,0.0007660681731067598
0.2806413863631949,1.030936598777771,0.0007913790759630501
0.28071603689105495,1.0170931816101074,0.0007867262465879321
0.2807215360882218,0.9955342411994934,0.0007772104581817985
0.2808102407777694,0.9948553442955017,0.0007608184241689742
0.28089599264674125,0.99347323179245,0.0007409485406242311
0.2809340281161704,1.040668249130249,0.0007559091900475323
0.2809770985164467,0.9987233877182007,0.0007469243137165904
0.28102913746123515,1.0033048391342163,0.0007530899019911885
0.2810557360229735,1.010398030281067,0.0007683990988880396
0.2811218298627647,0.9962127208709717,0.000766067358199507
0.2811321216049817,1.031330943107605,0.0007922397344373167
0.28120677270845573,1.016486644744873,0.0007866235100664198
0.28121226450193304,0.9975798726081848,0.0007773588877171278
0.2813009696028056,0.9960090517997742,0.000761602190323174
0.281386724351133,0.993384599685669,0.0007409820100292563
0.28142475307475157,1.0410075187683105,0.0007560049998573959
0.28146783153675714,0.9975621104240417,0.0007471389835700393
0.2815198635713655,1.0033009052276611,0.000753488508053124
0.2815464701953956,1.0095469951629639,0.0007681178394705057
0.2816125571246052,0.9962016940116882,0.000766120501793921
0.2816228568466881,1.0328969955444336,0.0007922473014332354
0.28169750844359154,1.0165303945541382,0.0007865401566959918
0.2817029928337006,0.9963753819465637,0.000777550449129194
0.28179169842768115,0.997055172920227,0.0007621935801580548
0.2818774561374683,0.9925392270088196,0.0007406137883663177
0.2819154779509069,1.0402796268463135,0.0007553630275651813
0.28195856463973423,0.9975932240486145,0.0007471884600818157
0.2820105897639217,1.0031439065933228,0.0007532410090789199
0.2820372044497613,1.0099153518676758,0.0007689523044973612
0.2821032844687107,0.9957811236381531,0.0007657427340745926
0.28211359208855524,1.0309617519378662,0.0007918671471998096
0.2821882442614744,1.0173027515411377,0.0007874344591982663
0.28219372124725106,0.996667742729187,0.0007777027785778046
0.28228242733498243,0.9932950735092163,0.0007605314604006708
0.28236818792420537,0.9926108717918396,0.0007410094258375466
0.2824062029096487,1.0399823188781738,0.0007558339275419712
0.2824492976606069,0.9971046447753906,0.0007477551698684692
0.28250131595679917,1.0038641691207886,0.0007531872834078968
0.28252793870412707,1.0098786354064941,0.0007676996174268425
0.28259401181297683,0.9975603818893433,0.0007659226539544761
0.2826043274123661,1.0307282209396362,0.0007913552690297365
0.28267897999677083,1.0166189670562744,0.0007864919025450945
0.28268444957853667,0.9969382882118225,0.0007770521333441138
0.28277315616034004,0.9954050183296204,0.0007610009051859379
0.28285891962835596,0.9919402599334717,0.0007408015662804246
0.28289692786822984,1.0404515266418457,0.0007558459183201194
0.2829400307632627,0.9968070387840271,0.0007469549891538918
0.2829920421491946,1.0025867223739624,0.0007529584690928459
0.2830186728766295,1.0104622840881348,0.0007681096903979778
0.28308473915740373,0.9975401163101196,0.0007660805131308734
0.2830950626539118,1.0321167707443237,0.0007923003868199885
0.28316971573190663,1.017199158668518,0.0007873318390920758
0.28317517791014357,0.9961848258972168,0.0007771807140670717
0.2832638849852156,0.9944412112236023,0.0007615183130837977
0.2833496514149324,0.9920867681503296,0.0007400126778520644
0.28338765274438515,1.0416209697723389,0.0007561680395156145
0.2834307637836534,0.99898761510849,0.0007480870699509978
0.28348276825932517,1.0040714740753174,0.0007530513103120029
0.2835094071312363,1.0101304054260254,0.0007679612608626485
0.2835754664194049,0.9967417120933533,0.0007663811556994915
0.28358579789561833,1.031138300895691,0.0007916254107840359
0.28366045154954844,1.0159697532653809,0.0007871148991398513
0.28366590632369404,0.9984939098358154,0.0007775236153975129
0.28375461381009115,0.9960423111915588,0.0007620153483003378
0.28384038320183,0.9936996698379517,0.0007407026714645326
0.2838783777029663,1.0404947996139526,0.0007555815391242504
0.2839214968864697,0.9963657855987549,0.0007468319963663816
0.2839734944520419,1.004333257675171,0.0007533092866651714
0.28400014130333695,1.011915683746338,0.0007687307079322636
0.2840661937637514,0.9974856376647949,0.0007664177101105452
0.284076533137646,1.030207872390747,0.0007918663905002177
0.284151187284604,1.0175293684005737,0.0007873842841945589
0.2841566346551404,0.9956104755401611,0.0007765968330204487
0.2842453427174727,0.9936716556549072,0.0007612041081301868
0.28433111490598073,0.9940214157104492,0.0007411778206005692
0.28436910266186877,1.040449619293213,0.0007554791518487036
0.2844122299070212,0.9978823661804199,0.0007472567958757281
0.28446422064435706,1.0029022693634033,0.0007536049233749509
0.28449087555786345,1.0097613334655762,0.0007682392606511712
0.28455692110777664,0.996518611907959,0.000766424578614533
0.28456726837935253,1.0299103260040283,0.0007917250622995198
0.28464192310200465,1.0154718160629272,0.0007862350903451443
0.28464736306917293,0.9960031509399414,0.0007768935756757855
0.284736071542268,0.9961037635803223,0.0007627683808095753
0.2848218466923963,0.9943040609359741,0.0007408657111227512
0.2848598275380242,1.0395750999450684,0.0007552678580395877
0.2849029630099982,0.9969358444213867,0.0007473851437680423
0.28495494675472854,1.0044031143188477,0.0007532742456533015
0.2849816097299641,1.010024070739746,0.0007681891438551247
0.28504764845188213,0.9977636337280273,0.0007659762050025165
0.2850580036208983,1.031630039215088,0.0007926312391646206
0.2851326588376225,1.01560378074646,0.0007867604726925492
0.2851380914006192,0.9962948560714722,0.0007768081268295646
0.28522680036746473,0.9935445785522461,0.0007613757625222206
0.28531257839670765,0.9919683933258057,0.0007401659968309104
0.2853505524964446,1.0408308506011963,0.000755897955968976
0.28539369603054954,0.9970356822013855,0.0007474820595234632
0.28544567294760603,1.0037100315093994,0.0007531262235715985
0.28547234398465127,1.0110468864440918,0.0007680088165216148
0.28553837571404395,0.9973902106285095,0.0007665088050998747
0.28562339465550535,1.0175386667251587,0.00078736268915236
0.2856288197319047,0.9958964586257935,0.0007766818744130433
0.2857175292750874,0.9961010217666626,0.0007619294920004904
0.2858033101834446,0.9916973114013672,0.0007403815980069339
0.2858412774551863,1.0407373905181885,0.0007556873606517911
0.2858844291332052,0.9955169558525085,0.0007465078961104155
0.2859363991401622,1.0034607648849487,0.0007530705188401043
0.285963078157234,1.0099132061004639,0.0007676651584915817
0.2860291030583101,0.998610258102417,0.0007664375589229167
0.28603947418657627,1.0303879976272583,0.0007914231973700225
0.28611413039064115,1.016674280166626,0.0007870768895372748
0.28611954814545515,0.9973432421684265,0.0007767403149046004
0.28620825809996286,0.9951004385948181,0.0007621635450050235
0.286294041887756,0.993797779083252,0.0007404834032058716
0.28633200233126144,1.0403553247451782,0.0007552557508461177
0.28637516215359593,0.9971202611923218,0.0007469613919965923
0.28642712533255765,1.0025807619094849,0.0007529656286351383
0.2864538124117605,1.0091865062713623,0.0007684672600589693
0.286519830402737,0.9971613883972168,0.0007664535078220069
0.28653020942828267,1.0295355319976807,0.0007909041014499962
0.28660486620804193,1.0161422491073608,0.0007863439968787134
0.28661027647706216,0.9976981282234192,0.0007770264055579901
0.28669898692483853,0.9952437877655029,0.0007615982904098928
0.28678477367449295,0.9927811622619629,0.00074041384505108
0.28682272728992286,1.040286660194397,0.0007557826465927064
0.2868658952565729,0.9972326755523682,0.0007471518474631011
0.2869178514426881,1.0049619674682617,0.0007535155746154487
0.28694454666612623,1.0107699632644653,0.0007677011890336871
0.28701055766473815,0.9968780875205994,0.0007663540891371667
0.2870209446703105,1.030491590499878,0.0007915188907645643
0.2870956019433384,1.0152192115783691,0.0007865409716032445
0.2871010048085083,0.996691107749939,0.0007772367680445313
0.2871897158321397,0.9958523511886597,0.0007618641830049455
0.2872755053788043,0.9941596984863281,0.0007412529666908085
0.28731345216656023,1.0397231578826904,0.0007555866613984108
0.2873566282771244,0.9973681569099426,0.0007468698313459754
0.28740857763540484,1.0041483640670776,0.0007532290183007717
0.287435280838227,1.0120621919631958,0.0007685463642701507
0.28750128500884375,0.9975382685661316,0.0007667711470276117
0.2875116799118562,1.0317384004592896,0.0007921438664197922
0.2875863376787956,1.0169744491577148,0.0007870718254707754
0.2875917332222998,0.9971193075180054,0.0007768712239339948
0.28768044465701537,0.9948725700378418,0.0007618010859005153
0.28776623716522,0.9947922229766846,0.0007416366133838892
0.28780417712498074,1.0411720275878906,0.0007558994693681598
0.2878473613799407,0.9997114539146423,0.0007479552295990288
0.28789930382796103,1.0045864582061768,0.0007533789612352848
0.2879260150927534,1.010047435760498,0.0007680917624384165
0.28799201235294924,0.9970616698265076,0.0007662912830710411
0.2880024151534021,1.0320065021514893,0.000792193110100925
0.28807707349635703,1.016960859298706,0.0007861761259846389
0.28808246155382644,0.9970300197601318,0.0007767025381326675
0.28817117348205157,0.994836688041687,0.0007623570272698998
0.2882569688693707,0.9928444027900696,0.0007407792727462947
0.28829490208340114,1.0411758422851562,0.0007558909128420055
0.28833809440065283,0.9967976212501526,0.0007471247226931155
0.28839002993825225,1.003835678100586,0.0007533696480095387
0.28841674926517546,1.0100611448287964,0.0007680060225538909
0.2884827396149504,0.9967162013053894,0.0007659762050025165
0.2884931503951085,1.030340313911438,0.0007919222698546946
0.28856780923181424,1.0165072679519653,0.0007869558176025748
0.28857318988511194,0.9976571202278137,0.0007765720947645605
0.28866190238967415,0.995255172252655,0.0007618764066137373
0.288747700655947,0.9926630258560181,0.0007404653588309884
0.2887856269597172,1.0404140949249268,0.0007554555777460337
0.2888288275033085,0.996702253818512,0.0007468514377251267
0.288880756130969,1.0042307376861572,0.0007533933385275304
0.28890748351970186,1.0104343891143799,0.0007691053324379027
0.2889734669593772,0.9968762993812561,0.0007661908748559654
0.2889838856366542,1.029717206954956,0.0007916474714875221
0.2890585450492149,1.015661358833313,0.0007863499922677875
0.2890639182986625,0.996620237827301,0.0007767637725919485
0.2891526312145497,0.9954425692558289,0.0007617662777192891
0.289238432360419,0.9941622018814087,0.0007407226948998868
0.2892763519181376,1.0406194925308228,0.000755496381316334
0.2893195605236992,0.9972245693206787,0.0007468967232853174
0.2893714823233645,1.0048484802246094,0.0007535592303611338
0.28939821769204366,1.0089507102966309,0.0007680001435801387
0.28946419430364334,0.9969353079795837,0.000765913981013
0.2894746208785215,1.0306940078735352,0.0007916698814369738
0.2895492807843507,1.0167863368988037,0.000786597840487957
0.28955464663010877,0.9976791739463806,0.000776774191763252
0.28964336003942526,0.9961497783660889,0.0007622671546414495
0.28972916414699545,0.9931960105895996,0.0007406354416161776
0.2897670767944538,1.04104483127594,0.0007555705378763378
0.2898102935442506,0.9967525601387024,0.0007470034761354327
0.28986220843349486,1.0048367977142334,0.0007541406084783375
0.289888951946329,1.0095876455307007,0.0007678450783714652
0.28995492156580527,0.9968582987785339,0.0007660186383873224
0.2899653561205493,1.0301234722137451,0.0007921576034277678
0.29004001660191225,1.01547110080719,0.0007861742051318288
0.29004537496171556,0.9971082210540771,0.0007765732007101178
0.2901340889468872,0.9951454401016235,0.000762236537411809
0.29021989585146735,0.9937430620193481,0.0007411758997477591
0.29025780175335625,1.0407592058181763,0.0007560829981230199
0.2903010266471473,0.9964497685432434,0.0007463695947080851
0.29035293462637235,1.0042798519134521,0.0007534464821219444
0.2903796861184298,1.0101532936096191,0.0007685687742196023
0.2904456489100715,0.9975526332855225,0.0007665863377042115
0.29045609136201467,1.0300908088684082,0.0007912068977020681
0.2905307523372087,1.017746090888977,0.0007864882354624569
0.2905361033754268,0.9974787831306458,0.0007766861817799509
0.29062481777168236,0.995836079120636,0.0007621593540534377
0.29071062763780275,0.9946598410606384,0.0007406153017655015
0.29074852662951156,1.0410126447677612,0.0007558003417216241
0.29079175966777904,0.996242344379425,0.0007467132527381182
0.29084366073666357,1.0052868127822876,0.0007532407762482762
0.29087042037311683,1.01058828830719,0.0007686116150580347
0.290936376254177,0.9978138208389282,0.0007663553697057068
0.29094682660348015,1.0295101404190063,0.0007910506683401763
0.2910214881549309,1.0165259838104248,0.0007865325314924121
0.29102683170687305,0.9974117279052734,0.0007761064334772527
0.29111554659679895,0.994904637336731,0.0007617141236551106
0.29120135934187297,0.9941068887710571,0.0007407299126498401
0.29123925158793196,1.0408700704574585,0.000755644403398037
0.29128249277059537,0.9965803623199463,0.0007470792625099421
0.291334386929059,1.0058977603912354,0.0007539913640357554
0.29136115454537836,1.0100458860397339,0.0007684469455853105
0.29142710351617807,0.9984496831893921,0.0007663880242034793
0.2914375618453473,1.0285264253616333,0.0007914533489383757
0.29151222389022735,1.0144037008285522,0.0007859726320020854
0.29151756003815854,0.9964491724967957,0.0007761068409308791
0.2916062755044214,0.9952676892280579,0.0007617580704391003
0.29169209112861005,0.9930281043052673,0.0007415072759613395
0.2917299764644088,1.0393439531326294,0.0007555520278401673
0.2917732257913074,0.9963816404342651,0.000746467849239707
0.2918251131216152,1.0060534477233887,0.0007541848463006318
0.2918518888000654,1.0093618631362915,0.0007684624870307744
0.2919178308607656,0.9961197972297668,0.0007663504802621901
0.291928297169158,1.0305019617080688,0.000791531172581017
0.29200295970762813,1.0147498846054077,0.0007857736782170832
0.2920082884517091,0.996181070804596,0.0007761523011140525
0.2920970043292971,0.995252251625061,0.0007617956143803895
0.2921828228329213,0.9935113787651062,0.0007412143750116229
0.29222070142298984,1.0416114330291748,0.0007555975462310016
0.2922639588116981,0.9966722726821899,0.0007467439863830805
0.29231583923174553,1.004618763923645,0.0007535407203249633
0.2923426229723268,1.0099608898162842,0.0007682524737901986
0.2924085582048711,0.9966922402381897,0.0007657447131350636
0.2924190324108644,1.0307352542877197,0.0007914351299405098
0.29249369544276393,1.0160781145095825,0.000786957738455385
0.2924990167834767,0.9967883229255676,0.0007761646993458271
0.29258773315417264,0.9957969784736633,0.0007623518467880785
0.2926735546196584,0.9938356280326843,0.0007405931246466935
0.292711426299306,1.0406136512756348,0.0007560390513390303
0.2927546919143539,0.9959912896156311,0.0007466480019502342
0.2928065654241411,1.0042121410369873,0.000753346539568156
0.2928333571444276,1.0114725828170776,0.0007687765755690634
0.2928992854667116,0.9974743127822876,0.0007666383753530681
0.29290976765289234,1.0291165113449097,0.0007912658038549125
0.29298443117814077,1.0152287483215332,0.0007857786258682609
0.2929897451150836,0.9964474439620972,0.0007760776206851006
0.2930784620614739,0.9949641823768616,0.000761909584980458
0.29316428632396974,0.9931453466415405,0.0007404112839139998
0.2932021512580478,1.0407646894454956,0.000755441200453788
0.29324542493522654,0.99560546875,0.0007465831586159766
0.2932972915347536,1.0049799680709839,0.0007539501530118287
0.29332409139879334,1.0084656476974487,0.0007684022421017289
0.29339001281105814,0.9965745806694031,0.0007663396536372602
0.2934005028944381,1.0316109657287598,0.0007917974144220352
0.2934751669957826,1.0157541036605835,0.0007864105282351375
0.29348047352855366,0.9980193972587585,0.0007764690672047436
0.2935691908865904,0.9955803155899048,0.0007623403216712177
0.29365501802812033,0.9924213290214539,0.0007401110487990081
0.29369287613420314,1.0391515493392944,0.000755770830437541
0.293736157955778,0.9952331781387329,0.0007472463767044246
0.2937880177274703,1.005653738975525,0.0007540649967268109
0.29381482557105476,1.010865330696106,0.0007685758755542338
0.2938807400728184,0.9968626499176025,0.0007661106064915657
0.29389123813598395,1.030492901802063,0.0007914848392829299
0.29396590273107903,1.0158557891845703,0.0007859457400627434
0.2939712018600803,0.9964101910591125,0.0007761887973174453
0.29405991979397195,0.9951010346412659,0.0007621892145834863
0.294145749814536,0.9932408928871155,0.0007405377109535038
0.29418360109262354,1.0380806922912598,0.0007547635468654335
0.2942268910584337,0.9965438842773438,0.0007462533540092409
0.2942787439197855,1.0056723356246948,0.0007537954952567816
0.2943055598257418,1.0105701684951782,0.000768253521528095
0.2943714674172452,0.9976053833961487,0.000766435987316072
0.29438197337769034,1.0293049812316895,0.0007912216242402792
0.2944566385488012,1.0151442289352417,0.0007859518518671393
0.2944619301913658,0.9965450167655945,0.0007759706932120025
0.29455064861900826,0.9963604807853699,0.0007629655301570892
0.29463648151916866,0.9937099814414978,0.0007412539562210441
0.2946743259689397,1.0394989252090454,0.0007550413138233125
0.29471762407898505,0.9955003261566162,0.0007464532973244786
0.29476947003015697,1.0062602758407593,0.0007537926430813968
0.2947962939980032,1.0104788541793823,0.0007688276818953454
0.29486219476183273,0.996200680732727,0.0007660811534151435
0.2948727086195575,1.0296624898910522,0.0007910568965598941
0.2949473742840977,1.0141291618347168,0.0007857652381062508
0.2949526585226514,0.9960442781448364,0.0007754873367957771
0.2950413774438838,0.9945688843727112,0.000762009178288281
0.2951272133057451,0.9946721792221069,0.0007408683886751533
0.2951650509276814,1.039673089981079,0.0007553498726338148
0.29520835709937576,0.9969934821128845,0.0007470647105947137
0.2952601962225525,1.0051630735397339,0.0007534229080192745
0.29528702825269026,1.0109834671020508,0.0007692273356951773
0.29535292202367314,0.9998000860214233,0.0007674932712689042
0.2953634438612639,1.0283491611480713,0.0007910138228908181
0.29543811010149845,1.0146983861923218,0.0007872488931752741
0.2954433869366839,0.9967601895332336,0.000776520639192313
0.29553210635102445,0.995013415813446,0.000762158480938524
0.2956179450098957,0.9934812188148499,0.0007409581448882818
0.2956557758039976,1.039277195930481,0.0007549499277956784
0.29569909020235274,0.9950783848762512,0.0007463544025085866
0.29575092233268285,1.005664587020874,0.0007546374690718949
0.29577776242471077,1.0107598304748535,0.0007682997384108603
0.29584364936777874,0.9968795776367188,0.0007658008253201842
0.29585417910313105,1.0292056798934937,0.0007914055604487658
0.29592884583663426,1.015641689300537,0.0007871970883570611
0.2959341152681302,0.9986135959625244,0.0007768474170006812
0.2960228351762212,0.9949541687965393,0.0007621215772815049
0.2961086767143677,0.9933397769927979,0.0007404071511700749
0.29614650076257876,1.0396226644515991,0.0007559789228253067
0.2961898232232256,0.995124876499176,0.0007465594098903239
0.29624164852556034,1.0055466890335083,0.0007543685496784747
0.29626849659673116,1.0106757879257202,0.0007687355391681194
0.2963343766297799,0.9963070154190063,0.0007663867436349392
0.29634491434483745,1.029982328414917,0.000791493512224406
0.2964195816545171,1.0153361558914185,0.0007866656524129212
0.2964248435994157,0.9970446228981018,0.0007755180122330785
0.2965135640012575,0.9953556060791016,0.0007625480648130178
0.29659940850078337,0.9939233064651489,0.0007403949275612831
0.29663722563905537,1.039231538772583,0.0007557632634416223
0.29668055624353595,0.9974368214607239,0.0007470016134902835
0.29673237463585156,1.0062648057937622,0.0007541447994299233
0.29675923085157896,1.010354995727539,0.0007689185440540314
0.2968251039738854,0.9968071579933167,0.000766072073020041
0.2968356495863832,1.0289559364318848,0.0007915285532362759
0.29691031738981355,1.014508605003357,0.000785964890383184
0.2969155719309423,0.9970508813858032,0.0007758120191283524
0.29700429290863906,0.995861828327179,0.0007621761760674417
0.2970901402048537,0.993323564529419,0.0007404522621072829
0.2971279505152109,1.0382558107376099,0.0007554180338047445
0.29717128934611126,0.995259165763855,0.0007467908435501158
0.297223100828247,1.0063841342926025,0.0007540630758740008
0.29724996502400103,1.0104490518569946,0.00076961365994066
0.29731583123588656,0.99797523021698,0.0007664935546927154
0.29732638482792906,1.028342604637146,0.0007909840205684304
0.29740105320721444,1.0145710706710815,0.0007862417842261493
0.2974063003444125,0.9968274831771851,0.0007759550353512168
0.29749502173375564,0.9952623248100281,0.0007625642465427518
0.29758087190940596,0.9931396245956421,0.0007406355580314994
0.2976186754736313,1.0406129360198975,0.0007555853226222098
0.29766202236682326,0.9943021535873413,0.0007459201151505113
0.2977138269385381,1.0052961111068726,0.0007535965414717793
0.29774069927836677,1.0109686851501465,0.0007687118486501276
0.2978065585804741,0.9968689680099487,0.0007668394828215241
0.29781712006995675,1.028015375137329,0.0007913070730865002
0.29789178894267154,1.0158066749572754,0.0007867327076382935
0.297897028675698,0.9983614683151245,0.0007758589927107096
0.29798575064089616,0.9964635372161865,0.0007626116857863963
0.29807160369614305,0.9943349957466125,0.0007412363192997873
0.29810940035026867,1.0397666692733765,0.0007551691378466785
0.298152755387214,0.9955950379371643,0.0007464941591024399
0.29820455313093364,1.006446361541748,0.0007544840918853879
0.2982314334506282,1.011608362197876,0.0007688309415243566
0.2982972859245796,0.9954777359962463,0.0007662149728275836
0.2983078553116634,1.028370976448059,0.0007916389149613678
0.2983825247600723,1.0157917737960815,0.0007865094812586904
0.29838775700746567,0.9974847435951233,0.0007757918792776763
0.2984764794657718,0.9949026703834534,0.0007627445738762617
0.29856233540029364,0.9922592043876648,0.0007408939418382943
0.29860012530884983,1.0390667915344238,0.0007558687357231975
0.2986434884900304,0.9969764947891235,0.0007463680813089013
0.2986952792410641,1.0065888166427612,0.0007536154007539153
0.29872216762272896,1.0120453834533691,0.0007688666810281575
0.2987880131864201,0.9977057576179504,0.0007666253368370235
0.2988732604953689,1.0152926445007324,0.0007869437104091048
0.29887848533907246,0.9972760081291199,0.0007755807600915432
0.2989672082908079,0.9967352151870728,0.0007627632585354149
0.299053067104605,0.9947713613510132,0.0007407038938254118
0.29909085018500525,1.0392215251922607,0.0007551420130766928
0.2991342215109032,0.9968079328536987,0.0007469307165592909
0.2991860054339416,1.005531907081604,0.0007538874051533639
0.2992129018770946,1.0109021663665771,0.000768630881793797
0.2992787405308469,0.9981777667999268,0.0007666804012842476
0.2992893257950763,1.028466820716858,0.0007912331493571401
0.2993639963132517,1.0141404867172241,0.0007868387619964778
0.29936921375262304,0.9960397481918335,0.0007752510136924684
0.29945793719826985,0.9955406188964844,0.0007623645942658186
0.2995437988910207,0.9921477437019348,0.0007409169338643551
0.2995815750613213,1.037917137145996,0.000754860695451498
0.2996249545312939,0.9948940277099609,0.0007462275680154562
0.29967673154439334,1.005297064781189,0.0007537321653217077
0.2997036360496774,1.0114145278930664,0.0007685549207963049
0.29976946779260716,0.9973092675209045,0.000766130571719259
0.29978006103654176,1.0281221866607666,0.0007906762766651809
0.2998547320483874,1.0156290531158447,0.0007869197288528085
0.2998599420840693,0.9979268908500671,0.0007757160346955061
0.29994866602330617,0.9955960512161255,0.0007626074366271496
0.3000345305951714,0.9934819936752319,0.0007404016796499491
0.3000723000197417,1.0394601821899414,0.0007551548769697547
0.3001156875516846,0.9956779479980469,0.0007465319358743727
0.3001674577367085,1.0049827098846436,0.0007539703510701656
0.30019437022193884,1.0109562873840332,0.0007686206954531372
0.3002601951369537,0.9971345663070679,0.0007664005970582366
0.3002707962780071,1.0276473760604858,0.0007909781998023391
0.3003454678657882,1.0142674446105957,0.0007869575056247413
0.3003506704153548,0.9996577501296997,0.0007761959568597376
0.30043939484834237,0.9965895414352417,0.0007632050546817482
0.30052526229980403,0.9933721423149109,0.000740789866540581
0.30056302489621856,1.0393589735031128,0.0007558840443380177
0.30060642065450094,0.9964248538017273,0.0007471399148926139
0.30065818384708,1.0073840618133545,0.0007545086555182934
0.3006851044763046,1.010673999786377,0.0007687752950005233
0.30075092239927614,0.9974817037582397,0.0007662235875613987
0.30076153152003493,1.0286221504211426,0.0007914408924989402
0.30083620360108465,1.0131248235702515,0.0007864931249059737
0.3008413987466404,0.9974651336669922,0.000776180240791291
0.300930123755483,0.9950125217437744,0.0007624432910233736
0.3010159940041154,0.9933592677116394,0.0007405328215099871
0.3010537498551209,1.0390970706939697,0.0007554112235084176
0.30109715367489165,0.9968522787094116,0.0007473219884559512
0.3011489100394754,1.006211757659912,0.0007541623199358582
0.30117583864872666,1.0106077194213867,0.0007686619064770639
0.30124164974338163,0.9963772296905518,0.0007660109549760818
0.3012522667619021,1.0272561311721802,0.0007914460729807615
0.30132693941848554,1.0142579078674316,0.0007869719993323088
0.30133212707840784,0.9981749653816223,0.0007759397849440575
0.30142085258035844,0.9958338737487793,0.0007631806656718254
0.30150672579053106,0.9937307834625244,0.0007405722863040864
0.30154447473119605,1.0380289554595947,0.0007546638371422887
0.30158788669560377,0.9955496191978455,0.0007467723917216063
0.3016396361497665,1.0060228109359741,0.0007539080688729882
0.3016665728209882,1.01078200340271,0.0007689053891226649
0.30173237700522215,0.9957616925239563,0.0007664930890314281
0.30174300192118275,1.028178334236145,0.0007910287822596729
0.30181767515394264,1.016017198562622,0.0007873561698943377
0.30182285549211907,0.9972648024559021,0.0007754559046588838
0.3019115814878204,0.9969154596328735,0.0007639199611730874
0.30199745749500306,0.9932328462600708,0.0007404396892525256
0.3020351996072711,1.038255214691162,0.0007557754288427532
0.3020786197164764,0.9959592819213867,0.0007464909576810896
0.3021303623426441,1.0066581964492798,0.0007545170374214649
0.30215730707535393,1.010678768157959,0.0007685533491894603
0.3022231043494883,0.9954306483268738,0.0007655473309569061
0.30223373716288937,1.0276119709014893,0.0007910041604191065
0.3023084109718255,1.0149792432785034,0.0007865302031859756
0.3023135838234047,0.9988839626312256,0.0007759789004921913
0.3024023103131779,0.9965834617614746,0.0007630509207956493
0.30248818919915366,0.994998574256897,0.0007409577374346554
0.3025259245660129,1.0381979942321777,0.0007551196031272411
0.3025693528191322,0.9957360029220581,0.0007461003842763603
0.3026210884530959,1.0068364143371582,0.0007541819359175861
0.30264804124761535,1.0101594924926758,0.0007685717428103089
0.3027138316116502,0.9966850876808167,0.0007661315030418336
0.3027244724044351,1.0279967784881592,0.0007913011941127479
0.3027991467068809,1.0153032541275024,0.0007869923720136285
0.3028043121549312,0.9989381432533264,0.0007757418206892908
0.3028930391382142,0.9955724477767944,0.0007629114552401006
0.302978920903224,0.9936796426773071,0.0007407760713249445
0.30301664944216833,1.0386757850646973,0.0007547468412667513
0.30306008583944255,0.9961730241775513,0.0007464875234290957
0.3031118146454913,1.0064418315887451,0.0007542020175606012
0.30313877542019796,1.0106804370880127,0.0007684244774281979
0.30320455895591636,0.9982848763465881,0.0007665983284823596
0.30321520764598076,1.029357671737671,0.0007913988083600998
0.3032898825242014,1.0150508880615234,0.0007868419052101672
0.3032950404861364,0.9977984428405762,0.0007755313417874277
0.3033837680453547,0.9975162148475647,0.0007624163990840316
0.30346965260777636,0.993102490901947,0.0007406881777569652
0.3035073743184844,1.0374170541763306,0.000754831125959754
0.3035508188600743,0.9955422878265381,0.0007459986954927444
0.3036025407555414,1.0067386627197266,0.0007543567335233092
0.3036295096745638,1.0107609033584595,0.0007684415904805064
0.3036952862179175,0.9985318779945374,0.0007666043238714337
0.3037059428880087,1.0304994583129883,0.0007916384493000805
0.3037806182596585,1.0162533521652222,0.0007871538400650024
0.3037857688177432,0.9981603622436523,0.0007759008440189064
0.30396038439451334,0.9932752847671509,0.0007407877710647881
0.30399809927738686,1.0390032529830933,0.0007553472532890737
0.304041551880465,0.9953407049179077,0.0007466849638149142
0.30409326686591287,1.0066128969192505,0.000754498119931668
0.3041202438466645,1.0106613636016846,0.0007690183119848371
0.30418601347975804,0.9977163076400757,0.0007667449535802007
0.3041966781297152,1.0281620025634766,0.0007907326798886061
0.30427135407722006,1.0145362615585327,0.0007864024373702705
0.30427649723177586,0.9980917572975159,0.0007758972351439297
0.30436522577753156,0.9960168600082397,0.0007629412575624883
0.30445111609866404,0.9929704070091248,0.0007411047117784619
0.3044888241535423,1.0377514362335205,0.0007555247866548598
0.30453228490101636,0.9956144094467163,0.0007468762923963368
0.30458399305846906,1.0058097839355469,0.0007538997451774776
0.30461097801908665,1.0105103254318237,0.0007684454321861267
0.30467674082386353,0.9976499676704407,0.00076634855940938
0.30468741337126093,1.0296266078948975,0.0007913153385743499
0.30476208981267716,1.0160259008407593,0.0007871959824115038
0.30476722556306135,0.9982871413230896,0.0007752391393296421
0.3048559546027284,0.9963188171386719,0.0007629269966855645
0.3049418478029754,0.9942559003829956,0.0007410505204461515
0.3049795490296977,1.0375856161117554,0.0007548999856226146
0.3050230180041541,0.9958096742630005,0.0007461815839633346
0.3050747191689209,1.006919026374817,0.0007544060936197639
0.3051017122733721,1.0121873617172241,0.0007691985811106861
0.30516746808602546,0.9981973767280579,0.000766788434702903
0.305178148613128,1.0264592170715332,0.0007901081698946655
0.3052528256302387,1.0152212381362915,0.0007869584369473159
0.30525795389434685,0.9978182911872864,0.0007749428623355925
0.305346683428086,0.9969712495803833,0.0007633061613887548
0.305432579507126,0.9944565892219543,0.000740881310775876
0.3054702739060139,1.0365855693817139,0.0007546237320639193
0.3055137510245448,0.997026264667511,0.0007471942808479071
0.305565445361477,1.0066020488739014,0.0007539938669651747
0.3055924464457138,1.011641025543213,0.000768910045735538
0.3056581954302916,0.9962773323059082,0.0007665666635148227
0.30566888385459345,1.026938796043396,0.0007906812243163586
0.3057435613656154,1.0141700506210327,0.0007865664083510637
0.3057486822257931,0.9994961023330688,0.0007763186004012823
0.30583741233522654,0.995996356010437,0.0007631729822605848
0.305923311211598,0.9942994117736816,0.0007409594836644828
0.3059609988644343,1.0371310710906982,0.0007549604633823037
0.3060044840449354,0.9962568283081055,0.0007467056857421994
0.30605617147160746,1.0062099695205688,0.0007542533567175269
0.30608318061829654,1.0112932920455933,0.0007692542276345193
0.30614892269237315,0.9978319406509399,0.0007672309293411672
0.30615961909638023,1.0275812149047852,0.0007912041619420052
0.30623429718293593,1.0140622854232788,0.0007865813677199185
0.3062394105570786,0.997812807559967,0.0007753765094093978
0.3063281411600218,0.9967862963676453,0.0007630264735780656
0.30641404299841535,0.9931320548057556,0.0007406356162391603
0.306451723740911,1.0369974374771118,0.0007548955618403852
0.3064952170654869,0.9959171414375305,0.0007469498668797314
0.30654689758173803,1.0073543787002563,0.0007548748399131
0.3065739147903973,1.0106353759765625,0.0007690739003010094
0.30663965003671967,0.9988011121749878,0.0007673993241041899
0.30665035433840804,1.026431918144226,0.0007901298813521862
0.30672503291807174,1.015526533126831,0.0007874235743656754
0.30673013888852496,0.9961696863174438,0.0007743222522549331
0.3068188700674034,0.996475100517273,0.0007634852081537247
0.30690477470248567,0.9934852123260498,0.0007408056990243495
0.3069424486175485,1.037947177886963,0.0007545155240222812
0.3069859500861989,0.9960333108901978,0.0007465241942554712
0.3070376237742941,1.0071908235549927,0.0007547506247647107
0.30706464904476305,1.010441541671753,0.0007688514888286591
0.3071303772985602,0.9967812895774841,0.0007665358716621995
0.3071410894978496,1.0262939929962158,0.0007907507824711502
0.3072157687359546,1.0139505863189697,0.0007865282241255045
0.3072208672202925,0.9971404075622559,0.0007748345960862935
0.30730959889227905,0.9970001578330994,0.0007627680897712708
0.3073955064066364,0.9934817552566528,0.0007403854979202151
0.3074331734937038,1.0381466150283813,0.000754766573663801
0.30747668310675025,0.9957797527313232,0.0007460222695954144
0.30752834988474587,1.0086264610290527,0.0007552157621830702
0.30755538321702447,1.0118051767349243,0.0007690165075473487
0.3076211045604007,0.9978489279747009,0.0007674872176721692
0.3076318247393953,1.0285342931747437,0.0007914708694443107
0.3077065044714117,1.0160459280014038,0.000787092256359756
0.3077115956341644,0.9986389875411987,0.0007753498503006995
0.30780032771731514,0.9967485666275024,0.0007640568073838949
0.3078862381111084,0.9923121333122253,0.0007407674565911293
0.30792389845204393,1.0374306440353394,0.000754693930502981
0.30796741620972734,0.9962568283081055,0.0007467064424417913
0.30801907607730195,1.0071182250976562,0.0007542013190686703
0.30804611738936627,1.0121115446090698,0.0007691776263527572
0.30811183190466684,0.9982370734214783,0.0007665929151698947
0.30812255998094107,1.0261011123657227,0.0007902333745732903
0.30819724028881257,1.0148226022720337,0.0007872618152759969
0.3082023239654499,0.9964937567710876,0.0007749298238195479
0.30829105662493783,0.9963019490242004,0.0007632671622559428
0.30837696981541973,0.9922827482223511,0.0007402916089631617
0.3084146233284404,1.0369473695755005,0.0007543470710515976
0.30845814923011805,0.9947291612625122,0.0007459173793904483
0.3085098021877538,1.0079439878463745,0.0007548258290626109
0.30853685156170807,1.0113989114761353,0.0007688193581998348
0.30860255916682866,0.9974820017814636,0.0007664425065740943
0.3086132952228082,1.0255192518234253,0.0007900801720097661
0.308687976024109,1.0142455101013184,0.0007867504027672112
0.3086930522967355,0.9981417655944824,0.0007751882658340037
0.3087817854498133,0.9966332316398621,0.0007636452792212367
0.30886770151989174,0.9943519830703735,0.0007405939395539463
0.3089053482045958,1.0378426313400269,0.0007543386891484261
0.3089488822504284,0.9945846199989319,0.0007462138310074806
0.30900052829788427,1.0059688091278076,0.0007542057428508997
0.30902758581623435,1.0104397535324097,0.0007685080054216087
0.3090932865110948,0.9987407326698303,0.0007667982717975974
0.3091040304645146,1.0275938510894775,0.0007905233651399612
0.3091787118415097,1.0132215023040771,0.0007866857340559363
0.30918378062818164,0.9981690645217896,0.0007751123630441725
0.3092725143569539,0.9978422522544861,0.0007640663534402847
0.309358433224203,0.9943291544914246,0.0007406346267089248
0.3093960730809119,1.0358195304870605,0.0007540040533058345
0.3094396152710601,0.995307207107544,0.0007471518474631011
0.30949125449019943,1.0075864791870117,0.0007543512037955225
0.30951831998833523,1.0103037357330322,0.000769051315728575
0.3095840137730961,0.9987354874610901,0.00076679652556777
0.30959476570622113,1.0262540578842163,0.0007903835503384471
0.3096694475766455,1.0148530006408691,0.0007871324778534472
0.3096745089596279,0.9979690909385681,0.0007750431541353464
0.3097632431819901,0.9965205788612366,0.0007630914333276451
0.30984916492851433,0.9931760430335999,0.0007406910881400108
0.30988679803981434,1.0366891622543335,0.0007544094114564359
0.3099303482919329,0.9953852891921997,0.0007464596419595182
0.3099819806005709,1.00735342502594,0.0007544553955085576
0.3100090541604359,1.0113697052001953,0.0007686273311264813
0.3100747410349366,0.9985198974609375,0.0007669088081456721
0.3100855009480882,1.0257084369659424,0.0007904925150796771
0.31016018339452833,1.0135798454284668,0.0007868549437262118
0.3101652372912347,0.9976048469543457,0.0007749074720777571
0.31025397208913075,0.9963838458061218,0.000763439224101603
0.31033989663266504,0.9939711689949036,0.0007409360841847956
0.31037752291629106,1.036531686782837,0.0007543747778981924
0.31042108131248425,0.9953522086143494,0.0007464552763849497
0.310472706710862,1.0075570344924927,0.0007543022511526942
0.31049978833285796,1.0110390186309814,0.0007687911274842918
0.3105654683790421,0.9994525909423828,0.0007670592167414725
0.31057623618963404,1.0272353887557983,0.0007906178361736238
0.3106509191298249,1.0138009786605835,0.0007869702531024814
0.31065596562268094,0.9980263710021973,0.0007750015356577933
0.3107447009143276,0.9954521656036377,0.000763524032663554
0.31083062833681574,0.9942297339439392,0.0007407005759887397
0.3108682477923661,1.0354152917861938,0.0007542695966549218
0.31091181433287496,0.9947152137756348,0.0007463762303814292
0.31096343290357875,1.008042812347412,0.000754505512304604
0.3109905225051195,1.0111624002456665,0.0007689188932999969
0.3110561956412039,0.9983079433441162,0.0007666071760468185
0.3110669713489148,1.0263748168945312,0.0007909764535725117
0.3111416549472257,1.0151779651641846,0.0007871733396314085
0.31114669395396644,0.9980520606040955,0.0007750761578790843
0.3112354297396851,0.9988714456558228,0.000763881194870919
0.31132136004128763,0.9949302077293396,0.0007409689715132117
0.31135897266844126,1.0365649461746216,0.0007543404935859144
0.31140254735358697,0.9947392344474792,0.0007468370604328811
0.31145415901386997,1.0071943998336792,0.0007547523709945381
0.31148125675972627,1.0112863779067993,0.0007683627190999687
0.31154692298579134,0.9988772869110107,0.0007670361083000898
0.3115577065906213,1.0257890224456787,0.0007896717288531363
0.3116323906826828,1.014400601387024,0.0007870434201322496
0.31163742228525204,0.998100757598877,0.0007744627073407173
0.3117261586468256,0.9959060549736023,0.0007632990600541234
0.311812091745599,0.9942106008529663,0.0007405643700622022
0.31184969754507874,1.0354963541030884,0.0007538979407399893
0.3118932803739777,0.9947224259376526,0.0007465766975656152
0.3119448851240004,1.0072380304336548,0.0007543046376667917
0.31197199093206796,1.0113526582717896,0.0007682881550863385
0.3120376502477926,0.9989551305770874,0.0007671055500395596
0.3120484418324081,1.0260854959487915,0.0007902285433374345
0.3121231265000033,1.0141220092773438,0.0007870668778195977
0.31212815061677857,0.9984176158905029,0.0007744691101834178
0.3122168874717013,0.9968269467353821,0.0007650303887203336
0.31230282353233607,0.9945499300956726,0.000740787829272449
0.31234042242155546,1.0350688695907593,0.0007540261140093207
0.312384013476553,0.994381844997406,0.0007462988724000752
0.31243561131639586,1.0086454153060913,0.000754672393668443
0.3124627251041686,1.0102156400680542,0.0007685658056288958
0.31252837750963314,0.9980390667915344,0.0007666258024983108
0.3125391770741949,1.0256688594818115,0.0007897202158346772
0.3126138622350587,1.0139689445495605,0.0007874181610532105
0.31261887903057006,0.997878909111023,0.0007745023467577994
0.31270761637900246,0.9960246682167053,0.0007638076785951853
0.3127935552366473,0.9931471347808838,0.0007402554037980735
0.31283114737997586,1.0353119373321533,0.0007536442135460675
0.3128747464973455,0.9953108429908752,0.0007463933434337378
0.31292633742700837,1.0081232786178589,0.0007545470725744963
0.3129534592762694,1.0101808309555054,0.0007682325085625052
0.3130191048538993,0.9975247383117676,0.0007665826706215739
0.31302991231590127,1.0254566669464111,0.0007899585762061179
0.31310459805294155,1.015453577041626,0.0007874749135226011
0.31310960736201643,0.9971408247947693,0.0007741414592601359
0.3131983452038781,0.9963206052780151,0.0007639424293302
0.313284286940798,0.9939022064208984,0.0007405161741189659
0.31332187225629204,1.0342249870300293,0.000753974833060056
0.3133654795180575,0.994009792804718,0.0007466787355951965
0.3134170635372996,1.008156418800354,0.0007543312385678291
0.3134441934485309,1.0108680725097656,0.0007685424061492085
0.3135098321157398,0.9983084797859192,0.0007669815677218139
0.31352064747518216,1.026173710823059,0.0007900834316387773
0.3135953337885593,1.0146656036376953,0.000788114673923701
0.3136003356936232,0.9986690878868103,0.0007744256290607154
0.3136890741111793,0.9967894554138184,0.0007641036063432693
0.3137750186449487,0.9935364723205566,0.0007406054064631462
0.31381259713244736,1.0351074934005737,0.0007541807717643678
0.3138562125384482,0.9942581057548523,0.0007463617948815227
0.31390778964743005,1.0091710090637207,0.0007547879940830171
0.31393492770321796,1.0113428831100464,0.0007681934512220323
0.3140005593779017,0.997450590133667,0.0007669055485166609
0.3140113827167279,1.0258208513259888,0.0007902466459199786
0.3140860696059602,1.0134847164154053,0.0007874516886658967
0.31409106402490883,0.9987380504608154,0.0007746202754788101
0.3141798029365369,0.9965085387229919,0.0007639589020982385
0.3142657503492601,0.9940668940544128,0.0007410438265651464
0.3143033220086028,1.0346630811691284,0.0007538684294559062
0.31434694555899956,0.9944781064987183,0.000746767851524055
0.3143985158401468,1.007979154586792,0.0007547537679784
0.31449128672248916,0.9988930821418762,0.0007673618383705616
0.31450211795859506,1.0241878032684326,0.0007897150353528559
0.3145768054233611,1.0143777132034302,0.0007872783462516963
0.3145817923561943,0.997640073299408,0.0007745153270661831
0.31467053184367744,0.9962700009346008,0.0007638579700142145
0.31475648205373197,0.9937069416046143,0.0007409739191643894
0.31479404688524026,1.0354423522949219,0.0007538407226093113
0.31483767857939027,0.9953871369361877,0.00074632657924667
0.31488924195027734,1.0088342428207397,0.0007546505075879395
0.3149820139843297,0.9985873103141785,0.0007671727216802537
0.3150675411587378,1.0141491889953613,0.0007880011107772589
0.3150725206879619,0.9982079863548279,0.0007747052586637437
0.315161260668553,0.997935950756073,0.0007645570440217853
0.31524721367577835,0.9950671195983887,0.0007409175741486251
0.31528477176155645,1.0328947305679321,0.0007536766352131963
0.315328411600022,0.9945039749145508,0.0007471293793059886
0.3153799680604078,1.0083754062652588,0.0007547783898189664
0.3154727412460899,0.9988061785697937,0.0007670691702514887
0.31548358844208824,1.0269414186477661,0.0007900544442236423
0.3155582769760582,1.0132038593292236,0.0007877528551034629
0.31556324901940813,0.9978295564651489,0.0007743216119706631
0.31565198949366957,0.9983554482460022,0.0007646229933016002
0.3157379453801701,0.9935438632965088,0.0007405196665786207
0.31577549663771176,1.0349665880203247,0.0007543620304204524
0.3158191446208143,0.9927655458450317,0.000746213598176837
0.3158706942532852,1.0084364414215088,0.0007547151762992144
0.31596346850817136,1.0006191730499268,0.0007672939682379365
0.31597432360161004,1.0246859788894653,0.0007899209740571678
0.3160490127115154,1.0125606060028076,0.0007869838154874742
0.3160539773506936,0.9980210661888123,0.0007743066526018083
0.3161427184010511,0.9988350868225098,0.0007647254387848079
0.3162286770842403,0.9936239719390869,0.0007404807838611305
0.3162662215141885,1.0338331460952759,0.0007534314063377678
0.316309877641205,0.9922787547111511,0.0007459401385858655
0.3163614203635764,1.0073082447052002,0.0007543654064647853
0.31645419585227696,0.998725414276123,0.0007676865789107978
0.3164650588431559,1.0241683721542358,0.0007893635192885995
0.31653974852939826,1.012876033782959,0.0007870406843721867
0.31654470568213977,0.9973263144493103,0.0007742038578726351
0.31663344722608744,0.997802197933197,0.0007645048317499459
0.316719408788391,0.9935393929481506,0.0007408583769574761
0.316756946390344,1.0354057550430298,0.0007538087666034698
0.3168006106615957,0.9960691928863525,0.000746505509596318
0.31685214647370685,1.0083422660827637,0.0007548478315584362
0.316944923114278,0.9988567233085632,0.0007673492655158043
0.31695579408470165,1.0242239236831665,0.0007893949514254928
0.31703048426453406,1.012930154800415,0.0007873075664974749
0.3170354340134254,0.9985218048095703,0.0007748943171463907
0.31712417613354926,0.9962149858474731,0.0007643001736141741
0.31721014049302365,0.993121325969696,0.0007408208912238479
0.31724767134868403,1.03374183177948,0.0007532405434176326
0.3172913436823078,0.9954003095626831,0.0007462960202246904
0.31734287258399796,1.0078120231628418,0.0007545133703388274
0.3174356503766005,0.9989639520645142,0.0007674434455111623
0.31744652932672945,1.0240082740783691,0.0007892108405940235
0.31752122008193484,1.01388680934906,0.0007877139141783118
0.31752616234471087,0.9975143671035767,0.0007742948364466429
0.3176149049584248,0.997365415096283,0.0007648198516108096
0.31770087219749565,0.9934207201004028,0.0007404261850751936
0.31773839622524114,1.0339123010635376,0.0007543290266767144
0.31778207670269853,0.9961251616477966,0.0007467464311048388
0.3178335987763935,1.0073827505111694,0.0007544178515672684
0.3178608011635743,1.0107632875442505,0.0007684545125812292
0.317926377720706,0.9987075328826904,0.0007673654472455382
0.31793726456843585,1.0240310430526733,0.0007894615409895778
0.3180119558172313,1.0131072998046875,0.0007874739239923656
0.31810563386556545,0.995370090007782,0.0007641807897016406
0.31819160390164625,0.9939494729042053,0.000740717863664031
0.31822912110171797,1.0338228940963745,0.0007537064957432449
0.3182728097232499,0.9940515160560608,0.0007460970664396882
0.31832432488652385,1.007499098777771,0.0007542011444456875
0.3183515353358357,1.0119140148162842,0.0007686972385272384
0.3184171049825466,0.9975259900093079,0.0007667375612072647
0.3184279997277166,1.024579644203186,0.0007893629954196513
0.31850269163479283,1.0119673013687134,0.0007877792231738567
0.31859636269060165,0.9969478249549866,0.0007641886477358639
0.3186823356059576,0.9950820803642273,0.0007410121615976095
0.3187198459778733,1.033875584602356,0.000753577915020287
0.31876354274412266,0.9946452975273132,0.0007464044610969722
0.31881505099713636,1.0088303089141846,0.0007546731503680348
0.3188422695079365,1.0112602710723877,0.0007682169089093804
0.3189078322445478,0.9986310005187988,0.0007667802274227142
0.31891873496942313,1.0238723754882812,0.0007894124137237668
0.31899342737024994,1.0136929750442505,0.000787645869422704
0.3190870915979028,0.9985498189926147,0.0007649408071301877
0.3191730673101083,0.994197428226471,0.0007407102384604514
0.31921057085418947,1.0320683717727661,0.0007534014293923974
0.3192542757645134,0.9946610927581787,0.0007462580106221139
0.31930577710774877,1.0068693161010742,0.0007545469561591744
0.31933300368035855,1.0121829509735107,0.0007693303632549942
0.3193985595063883,0.9983521699905396,0.0007666735327802598
0.3194094702112903,1.0235459804534912,0.0007884824881330132
0.31948416318781137,1.013827919960022,0.0007882213685661554
0.3195778204230998,0.9986847043037415,0.0007646342273801565
0.319663799014259,0.9949119091033936,0.0007409792742691934
0.3197012957303449,1.0327354669570923,0.0007533627795055509
0.3197450087849041,0.9947345852851868,0.0007468488183803856
0.31979650321787934,1.0094951391220093,0.0007547980640083551
0.3198237378529414,1.011705756187439,0.0007685275631956756
0.3198892868508151,0.997588574886322,0.0007665848243050277
0.31990020545283604,1.0239487886428833,0.0007890372071415186
0.31997489892294717,1.0133305788040161,0.0007877653697505593
0.32006854933040096,0.9961926341056824,0.0007642751443199813
0.32015453071889166,0.9953241944313049,0.0007410877733491361
0.3201920206065002,1.0324430465698242,0.0007535403710789979
0.32023574180545544,0.994360625743866,0.0007461333298124373
0.32028722941027477,1.0082924365997314,0.0007544075488112867
0.32031447202504204,1.0117636919021606,0.0007686354219913483
0.32038001411313766,0.9981834888458252,0.0007667833124287426
0.32039094061227746,1.0235661268234253,0.0007886971579864621
0.32046563474034806,1.0122593641281128,0.0007875334122218192
0.32055927815527663,0.9984188675880432,0.0007649766630493104
0.32064526234093804,0.9945283532142639,0.0007414061110466719
0.3206827454831377,1.0333517789840698,0.0007533019524998963
0.32072647482584615,0.9934090375900269,0.0007455507875420153
0.32077795552056587,1.0081307888031006,0.0007543571991845965
0.32080520619706243,1.010852575302124,0.0007682557334192097
0.3208707413749782,0.9997677803039551,0.0007669829647056758
0.3208816758543054,1.02523934841156,0.0007892107823863626
0.32095637055807025,1.0132006406784058,0.0007883137441240251
0.32105000698015207,0.9980018734931946,0.0007651743944734335
0.32113599404508864,0.9943633079528809,0.0007410667603835464
0.32117347035945376,1.0330504179000854,0.000753036409150809
0.32121720784655816,0.9954373240470886,0.0007466188981197774
0.32126868163069644,1.0096170902252197,0.0007551420130766928
0.32129594036940423,1.0102477073669434,0.0007685877499170601
0.3213614686368186,0.9986492395401001,0.0007675810484215617
0.321372411095851,1.0235031843185425,0.0007890068227425218
0.3214471062933667,1.0128505229949951,0.0007880585617385805
0.321451988996602,0.997107207775116,0.0007735039107501507
0.3215407358876141,0.9969234466552734,0.0007647801539860666
0.32162672574956064,0.9946789741516113,0.0007410678081214428
0.3216641952356093,1.032737374305725,0.0007530408329330385
0.32170794086735055,0.9937878251075745,0.0007459069020114839
0.3217594077411482,1.0066641569137573,0.0007538286154158413
0.321786674541505,1.0106807947158813,0.0007681382121518254
0.32185219598108483,0.9985894560813904,0.0007666820893064141
0.3218631462551318,1.0224919319152832,0.0007888851105235517
0.32193784211092813,1.014504075050354,0.0007884249207563698
0.3219427173278875,0.9997857213020325,0.0007740898872725666
0.3220314647126502,0.9981882572174072,0.0007651540217921138
0.32211745745363096,0.9944509267807007,0.0007416337030008435
0.3221549201120859,1.0316753387451172,0.0007528288988396525
0.3221986738876609,0.9958592653274536,0.0007468031835742295
0.32225013385168033,1.0081552267074585,0.0007544946274720132
0.3222774087137664,1.011993408203125,0.000768347061239183
0.32234292324292524,0.9989293217658997,0.0007670683553442359
0.3223538814968383,1.0234800577163696,0.0007889003027230501
0.32242857784638534,1.012701392173767,0.0007880132179707289
0.32243344565933385,0.9978647828102112,0.0007737060659565032
0.3225221936199515,0.9982412457466125,0.0007652932545170188
0.3226081891577013,0.9943488836288452,0.000740565883461386
0.32264564498824144,1.0311241149902344,0.0007528905989602208
0.3226894069080516,0.9945497512817383,0.0007464003865607083
0.3227408599617304,1.0084986686706543,0.0007545834523625672
0.32276814288634914,1.0112320184707642,0.0007686104509048164
0.3228336505049265,0.9997782111167908,0.0007672819774597883
0.32284461673838405,1.0233335494995117,0.0007888799882493913
0.32291931366394677,1.013222336769104,0.0007880109478719532
0.32292417399061935,0.9985010027885437,0.0007746229530312121
0.32301292244514845,0.9970846176147461,0.0007652665954083204
0.32309892086233405,0.9944369196891785,0.000741566123906523
0.3231363698645575,1.0308499336242676,0.0007528350688517094
0.3231801399287637,0.9943366646766663,0.0007463057991117239
0.32323158615412595,1.0082379579544067,0.0007549558649770916
0.3232588770584499,1.011502981185913,0.0007684116717427969
0.323324377767249,0.999340295791626,0.000767632620409131
0.3233353519802512,1.0242786407470703,0.0007891212007962167
0.3234100493990826,1.0111452341079712,0.0007874440052546561
0.32341490232190484,0.9972610473632812,0.00077338598202914
0.323503651352289,0.9968715310096741,0.0007651466876268387
0.32358965248454097,0.9942139387130737,0.0007406697259284556
0.323627094741195,1.0319617986679077,0.0007527947891503572
0.32367087286688945,0.9937713146209717,0.0007461248314939439
0.3237223122645777,1.009095311164856,0.0007544732070527971
0.32374961131281565,1.0117989778518677,0.0007689698250032961
0.3238151050290895,1.0000241994857788,0.0007672007195651531
0.32382608714001404,1.023598551750183,0.0007885285303927958
0.32390078521648336,1.012388825416565,0.0007876037270762026
0.3239056306536724,0.9998945593833923,0.0007737922132946551
0.32399438017716453,0.9983903169631958,0.0007648039609193802
0.3240803841886917,0.995181679725647,0.0007410934194922447
0.32411781961751107,1.0320392847061157,0.0007528722053393722
0.3241616058874408,0.9942392110824585,0.0007465960807166994
0.3242130383748689,1.009298324584961,0.0007547030691057444
0.3242403454850771,1.011273980140686,0.0007681128918193281
0.324305832373195,0.9999090433120728,0.0007669811602681875
0.3243168223815598,1.024176001548767,0.0007885498343966901
0.3243915209521012,1.0134196281433105,0.0007880414486862719
0.3243963589852793,0.9980694055557251,0.0007735466351732612
0.3244851090847871,0.998105525970459,0.0007650931365787983
0.3245711158930029,0.993943452835083,0.0007409060490317643
0.3246085444936665,1.029510498046875,0.0007527589332312346
0.32465233890831346,0.9942572116851807,0.0007461138884536922
0.3247037644853207,1.0081264972686768,0.0007545592379756272
0.32473107965717785,1.0104798078536987,0.0007679429836571217
0.32479655963527654,0.9998409152030945,0.000767276796977967
0.32480755762302527,1.021936058998108,0.0007884128135628998
0.32488225676966265,1.0114237070083618,0.0007878659525886178
0.3248870873164845,0.9990087151527405,0.000773775449488312
0.32497583790982343,0.9998905062675476,0.0007655715453438461
0.3250618475971536,0.9941980838775635,0.000740875315386802
0.3250992693698219,1.0316085815429688,0.0007534187752753496
0.3251430719287042,0.9948850870132446,0.000746456382330507
0.3251944905956119,1.009007215499878,0.0007543545798398554
0.3252218138295998,1.0112106800079346,0.0007679838454350829
0.3252872868973581,0.9996151328086853,0.0007669239421375096
0.32529829278254696,1.0229201316833496,0.0007877431344240904
0.3253729925870634,1.0126988887786865,0.00078833062434569
0.3253778155657461,0.9985855221748352,0.0007742669549770653
0.32546656681696395,0.9983922243118286,0.0007644792785868049
0.325552579301465,0.9943342208862305,0.0007412043050862849
0.32558999424629864,1.0313150882720947,0.0007533510215580463
0.3256338049490949,0.9931032061576843,0.0007459655753336847
0.32568521670574224,1.008704423904419,0.0007544735562987626
0.32571254800218263,1.0090240240097046,0.0007688365876674652
0.32577801415935914,1.0002704858779907,0.0007670347695238888
0.3257890280240927,1.021999716758728,0.0007883895887061954
0.32586372832252053,1.0121402740478516,0.0007881337660364807
0.3258685438970317,1.000663161277771,0.000774394953623414
0.32595729564200004,0.9976810216903687,0.0007646233425475657
0.32604331092383265,0.9942900538444519,0.0007408970850519836
0.32608071904034974,1.0302393436431885,0.0007528500282205641
0.32612453796964624,0.9947009682655334,0.0007467159884981811
0.3261759428158728,1.0091830492019653,0.0007551137241534889
0.3262032821742834,1.0115481615066528,0.000768464058637619
0.32626874142152107,1.0024642944335938,0.0007676180684939027
0.3262797632657993,1.0223238468170166,0.0007883512880653143
0.3263544641399214,1.0111669301986694,0.0007878714823164046
0.3263592722284778,0.996722400188446,0.0007733001839369535
0.3264480245494621,0.9973565936088562,0.0007644557626917958
0.32653404262798325,0.9949198961257935,0.0007408144883811474
0.3265714439168266,1.029611587524414,0.0007529134163632989
0.32661527099035836,0.995029628276825,0.0007466268143616617
0.3266666689261639,1.0089116096496582,0.0007546890992671251
0.3266940163463038,1.0115736722946167,0.0007687208708375692
0.3267594686833616,0.9997857213020325,0.0007667775498703122
0.32677049842556205,1.0219773054122925,0.000787528173532337
0.3268451998750572,1.0125160217285156,0.0007880029734224081
0.3268500005602454,0.9985870122909546,0.0007737643318250775
0.32693875337433764,0.9979808926582336,0.0007652071071788669
0.32702477433213395,0.9946776628494263,0.0007408640813082457
0.32706216879314265,1.0309524536132812,0.000752618012484163
0.3271060040109097,0.9943546056747437,0.0007464983500540257
0.32715739511888065,1.0084350109100342,0.0007545961998403072
0.3271847505186456,1.0111263990402222,0.0007683970616199076
0.3272501959452021,0.9999241828918457,0.000767009740229696
0.3272612336671078,1.0239787101745605,0.0007888154359534383
0.32733593569294006,1.0114977359771729,0.0007879135082475841
0.3273407288915309,0.999040424823761,0.0007739661959931254
0.3274294822816388,0.9973325133323669,0.0007649312610737979
0.327515505954341,0.99515300989151,0.000740582647267729
0.32755289366929796,1.0297203063964844,0.0007523669046349823
0.32759673703162184,0.9939839243888855,0.0007459199987351894
0.32764812122917186,1.0091410875320435,0.0007548885769210756
0.327675484690907,1.0106788873672485,0.000768184254411608
0.32774092328946824,1.0000724792480469,0.0007667613099329174
0.32775196890865366,1.021945834159851,0.0007880055345594883
0.3278266714282365,1.0123285055160522,0.0007883115322329104
0.32792021110699643,0.9986023902893066,0.0007650819607079029
0.3280062376584113,0.9950780272483826,0.0007408641977235675
0.3280436185454535,1.0299978256225586,0.0007525486289523542
0.3280874699699081,0.9944990277290344,0.0007469623815268278
0.3281388473396236,1.0099081993103027,0.0007546002161689103
0.3281662188633291,1.011138916015625,0.0007676946697756648
0.3282316505514694,0.9987622499465942,0.0007665531593374908
0.3282427040680951,1.0239427089691162,0.0007883862708695233
0.3283174072456373,1.012825608253479,0.0007882157806307077
0.32841094001413695,0.9979301691055298,0.0007661660783924162
0.3284969693628029,0.9956704378128052,0.0007410401594825089
0.32853434342176957,1.030410885810852,0.0007525056716986
0.32857820299029883,0.9940628409385681,0.0007463720976375043
0.3286295734496738,1.0090733766555786,0.000754599052015692
0.32872237781363134,1.0015267133712769,0.0007669288897886872
0.32873343930996224,1.0218669176101685,0.0007886649109423161
0.3288081430631987,1.012958288192749,0.00078834209125489
0.32881291388554823,0.9992055296897888,0.0007736043189652264
0.3289016688390125,0.9974913597106934,0.0007647628663107753
0.3289877010674357,0.9943649768829346,0.000740844348911196
0.3290250682982463,1.0298643112182617,0.0007525511900894344
0.32906893601068954,0.9956685304641724,0.0007463126094080508
0.3291202995597239,1.0091626644134521,0.0007544770487584174
0.3291476871254263,1.0097060203552246,0.0007676026434637606
0.3292131050756324,1.0007386207580566,0.0007674032240174711
0.32922417455166864,1.0237255096435547,0.0007881516357883811
0.3292988787983345,1.011978030204773,0.0007889557164162397
0.329303642217155,0.9979427456855774,0.0007737179403193295
0.3293923977463138,0.9981784224510193,0.0007649197359569371
0.32947843268948196,0.9957630634307861,0.0007421951158903539
0.32951579317456237,1.0271421670913696,0.0007517310441471636
0.3295596690315622,0.9946156740188599,0.0007462212815880775
0.32961102567017575,1.0101733207702637,0.0007549745496362448
0.32963842129752696,1.0098613500595093,0.0007682119030505419
0.3297038323374729,1.0012686252593994,0.0007676771492697299
0.3297149097112708,1.021991491317749,0.0007875929586589336
0.3297896146160567,1.011013150215149,0.0007879943586885929
0.3297943705489226,0.9987232685089111,0.0007741019944660366
0.32988312657118923,0.9988881349563599,0.000766437966376543
0.32996916439363255,0.9940153956413269,0.0007407796801999211
0.3300065180509588,1.0302916765213013,0.0007526421686634421
0.33005040205211356,0.995103657245636,0.0007465785602107644
0.33010175178046686,1.009961485862732,0.000754654873162508
0.33012915546986865,1.0131018161773682,0.0007681813440285623
0.33019455959931354,0.9999814033508301,0.0007674464723095298
0.33020564495281657,1.0227633714675903,0.0007877073949202895
0.3302803503516746,1.0119668245315552,0.0007880861521698534
0.3302850987979432,0.9976414442062378,0.0007736930274404585
0.3303738554786513,0.9988135099411011,0.0007655456429347396
0.33045989609778326,0.9955601692199707,0.0007413023267872632
0.3304972428447689,1.0293660163879395,0.0007522170781157911
0.33054113507250427,0.9936362504959106,0.0007464291993528605
0.3305924778909187,1.0084398984909058,0.0007546243141405284
0.33061988964221056,1.0112699270248413,0.0007680330891162157
0.33068528686147536,0.9996072053909302,0.000766828132327646
0.33069638011209734,1.0205179452896118,0.0007878619362600148
0.330771086168995,1.01237154006958,0.000788590288721025
0.3307758271291483,0.9977579712867737,0.0007734484388493001
0.3308645843040088,0.9989420771598816,0.0007649540202692151
0.3309506277199903,0.9959951639175415,0.0007413627463392913
0.3309879677209243,1.0296320915222168,0.0007529305876232684
0.33103186801087103,0.9952369928359985,0.0007467977120541036
0.3310832040012097,1.0086851119995117,0.0007544051622971892
0.33111062381447187,1.010208249092102,0.0007674386724829674
0.33117601412371755,1.000105619430542,0.0007665918674319983
0.33118711535380374,1.0204614400863647,0.0007871012785471976
0.3312618219040504,1.0122570991516113,0.000788352859672159
0.33126655546067496,0.9973357319831848,0.0007731758523732424
0.3313553132110689,1.0000953674316406,0.0007658376707695425
0.33144135942430153,0.9945382475852966,0.0007409292738884687
0.33147869259740104,1.0284069776535034,0.000751811545342207
0.3315226010311815,0.9944579005241394,0.0007462544599547982
0.3315739301113403,1.0092638731002808,0.0007543301326222718
0.33160135798689394,1.0108009576797485,0.0007681187125854194
0.331666741385799,1.0006211996078491,0.000766873243264854
0.33167785059583166,1.0214645862579346,0.0007874209550209343
0.3317525577217726,1.0106511116027832,0.0007879249169491231
0.3317572837921211,1.0002779960632324,0.0007738044369034469
0.3318460420358642,0.9985683560371399,0.0007655549561604857
0.3319320910463479,0.9942644238471985,0.0007406209479086101
0.3319694174737171,1.027599811553955,0.0007515563047491014
0.3320133340515722,0.9945726990699768,0.0007464230293408036
0.33206465622147074,1.0089457035064697,0.0007545408443547785
0.33209209215915547,1.011728286743164,0.0007683097501285374
0.3321574687299046,1.0004407167434692,0.0007668694597668946
0.3321685857552731,1.0224248170852661,0.0007876644958741963
0.33224329353933413,1.0120117664337158,0.0007885177037678659
0.332248012123728,0.9997115135192871,0.0007739107822999358
0.33233677094332614,0.9986615777015686,0.0007653749780729413
0.3324228227508199,0.9954390525817871,0.0007410204852931201
0.33246014235019394,1.0282659530639648,0.0007519636419601738
0.33250406707244484,0.9932244420051575,0.0007459744811058044
0.33255538233176185,1.0093579292297363,0.000754581531509757
0.33258282633125613,1.0097309350967407,0.0007676801760680974
0.33264819599190565,1.0022084712982178,0.0007673709187656641
0.33265932099681883,1.0212234258651733,0.0007874007569625974
0.33273402927479123,1.0121508836746216,0.0007888796390034258
0.33273874045517426,0.9990869760513306,0.0007736895931884646
0.3328274997682017,0.9989635348320007,0.0007660584524273872
0.3329135544549706,0.9951670169830322,0.0007408501114696264
0.33295086714424504,1.0277957916259766,0.0007518529891967773
0.33299480009315685,0.9937638640403748,0.0007462613866664469
0.3330461084422136,1.0083390474319458,0.000754574837628752
0.3330735605033569,1.0109448432922363,0.000768365163821727
0.33313892325374617,0.9998148083686829,0.0007668788894079626
0.333150056156421,1.021248698234558,0.0007874892326071858
0.33322476509235277,1.0112099647521973,0.0007881597266532481
0.33322946878678106,0.9994872808456421,0.0007737433188594878
0.333318228675503,0.9975106716156006,0.0007659248658455908
0.33340428607685624,0.9952120184898376,0.0007411952828988433
0.33344159202040047,1.0272353887557983,0.0007521686493419111
0.3334855330312826,0.9938099384307861,0.0007468587718904018
0.3335368345525048,1.0098551511764526,0.0007546314154751599
0.33356429467593973,1.0121805667877197,0.0007690132479183376
0.3336296505159081,1.0002079010009766,0.0007666210294701159
0.33364079139796676,1.0217700004577637,0.0007873595459386706
0.3337155008278099,1.0103554725646973,0.0007882952340878546
0.3337201970358017,0.9989698529243469,0.0007739883149042726
0.3338089575008606,0.9988307356834412,0.0007659546099603176
0.3338950177811676,0.9943922758102417,0.0007409941754303873
0.3339323168965559,1.0268490314483643,0.0007515578763559461
0.33397626605183395,0.9935309886932373,0.0007461289060302079
0.3340275606629566,1.0092885494232178,0.0007546166889369488
0.33405502884820104,1.0114479064941406,0.0007684747106395662
0.33412037777823056,1.0008602142333984,0.0007668730686418712
0.33413152663943224,1.02010178565979,0.0007873585564084351
0.3342062366451304,1.0119755268096924,0.0007887997198849916
0.3342996864080011,0.9996059536933899,0.0007658654940314591
0.33438574940329424,0.994856059551239,0.0007407490629702806
0.3344230417731934,1.0282617807388306,0.0007521612569689751
0.33446699907222466,0.9922056794166565,0.0007463975343853235
0.33451828677300677,1.0086817741394043,0.0007545490516349673
0.3345457630203018,1.0105870962142944,0.000768326164688915
0.3346111050399908,0.9999858140945435,0.0007670632912777364
0.3346222617991146,1.020466923713684,0.0007871996494941413
0.3346969723801858,1.0097978115081787,0.0007882945355959237
0.33479041523287656,0.9999171495437622,0.000765887787565589
0.33487648110768586,0.9940678477287292,0.0007409969111904502
0.33491376664950934,1.0267874002456665,0.0007524669636040926
0.33495773209261537,0.9922991394996643,0.0007456654566340148
0.33500901288305684,1.010399341583252,0.0007551171584054828
0.3350364971104589,1.0103261470794678,0.0007677471730858088
0.33510183230175083,1.0008134841918945,0.0007667756290175021
0.33511299704098185,1.0205167531967163,0.0007876363815739751
0.3351877081979079,1.010965347290039,0.0007882883655838668
0.335192382030301,0.9970111846923828,0.000773527252022177
0.33528114414017784,0.9991626143455505,0.0007661370909772813
0.3353672128119972,0.9959572553634644,0.0007414289866574109
0.3354044914433998,1.025960922241211,0.0007513893651776016
0.33544846503122316,0.9941731691360474,0.0007468512048944831
0.33549973899366936,1.0091220140457153,0.0007545389817096293
0.33552723128255957,1.0114070177078247,0.0007684057345613837
0.33559255956391276,1.0000560283660889,0.000766351236961782
0.3356037322002625,1.0194011926651,0.0007864342187531292
0.3356784440154694,1.011711835861206,0.0007888330146670341
0.3356831103615865,0.9989100098609924,0.0007738690474070609
0.3357718729653748,0.9988524317741394,0.0007661112467758358
0.33585794443388284,0.9953303933143616,0.0007410769467242062
0.3358952163198765,1.0263593196868896,0.0007515383185818791
0.3359391980517745,0.9931536316871643,0.0007462624344043434
0.3359904651041212,1.00917649269104,0.0007547172717750072
0.33601796545458007,1.0112335681915283,0.0007681832648813725
0.3360832868257533,1.0005953311920166,0.0007665769662708044
0.336094467441969,1.0205498933792114,0.0007869449909776449
0.33616917975092653,1.0093282461166382,0.0007880640914663672
0.33617383869303274,0.9988051652908325,0.0007738289423286915
0.336262601872676,0.9986389875411987,0.0007656861562281847
0.33634867613803354,0.9948840141296387,0.0007409439422190189
0.33638594119595167,1.0267930030822754,0.0007518876227550209
0.33642993107216523,0.9934262037277222,0.0007469839183613658
0.3364811912142516,1.0098621845245361,0.0007547065033577383
0.33657401408775445,1.001764178276062,0.00076692970469594
0.3365852026012497,1.0200477838516235,0.0007869751425459981
0.33665991556848796,1.011146068572998,0.0007891108398325741
0.33666456694205327,0.9986884593963623,0.0007734064711257815
0.33675333069787294,0.9984080195426941,0.0007657912792637944
0.3368394077604012,0.9951542019844055,0.0007410424295812845
0.3368766660720267,1.026954174041748,0.0007514646276831627
0.33692066409287724,0.9951936602592468,0.0007470287382602692
0.3369719173245427,1.0088341236114502,0.0007545503904111683
0.3369994337995046,1.01021409034729,0.0007678280817344785
0.337064741350077,1.0008641481399536,0.0007667114841751754
0.33707593784279555,1.0206996202468872,0.0007869150722399354
0.33715065130362376,1.011320948600769,0.000788507575634867
0.33715529527333876,0.9987689852714539,0.0007736533880233765
0.3372440596049331,0.9990003705024719,0.0007660158444195986
0.3373301394648732,0.995276689529419,0.0007420045440085232
0.3373673908663992,1.0266386270523071,0.0007515937904827297
0.3374113970309226,0.9936042428016663,0.0007459413027390838
0.33746264343499455,1.008181095123291,0.0007542147650383413
0.33749016797160536,1.0108238458633423,0.000768665864598006
0.33755546861191743,1.0007234811782837,0.0007666348828934133
0.33756667308482335,1.0200555324554443,0.0007861563353799284
0.33764138712102465,1.0106559991836548,0.0007885352242738008
0.3376460236051064,0.998893678188324,0.0007740429718978703
0.33773478842972826,0.9978194236755371,0.0007657950045540929
0.3378208710866786,0.9953083395957947,0.0007414437714032829
0.3378581157430367,1.0255978107452393,0.0007513188174925745
0.33790213005155434,0.9938065409660339,0.000746444275137037
0.3379533695450446,1.0091139078140259,0.0007542341481894255
0.3379809021438668,1.0108907222747803,0.000768592522945255
0.33804619587375795,1.001473307609558,0.0007679238333366811
0.3380574082442648,1.018392562866211,0.0007860019686631858
0.3381321229385862,1.011271357536316,0.0007889005355536938
0.33813675193655257,1.0003814697265625,0.0007744227186776698
0.3382255173371903,1.0007561445236206,0.0007665620069019496
0.3383116027910702,0.9944125413894653,0.0007411439437419176
0.338348840619192,1.0243922472000122,0.0007509678835049272
0.3383928630724271,0.9940402507781982,0.0007466676761396229
0.3384440956554161,1.009601354598999,0.0007542775711044669
0.3385369231357592,1.002241849899292,0.0007670530467294157
0.33854814348581064,1.019362211227417,0.0007869101245887578
0.3386228586740433,1.009137749671936,0.0007889920962043107
0.3386274801855731,0.9993975758552551,0.0007741714362055063
0.3387162461622264,0.998925507068634,0.0007661568815819919
0.3388023344129558,0.9946647882461548,0.0007415850996039808
0.33883956541308247,1.0254340171813965,0.0007513089803978801
0.33888359601055273,0.9935375452041626,0.0007466819952242076
0.3389348217660286,1.0100116729736328,0.0007548709982074797
0.33896237040612454,1.010380506515503,0.0007678028778173029
0.33902765039759963,1.000824213027954,0.0007667012978345156
0.3390388786454127,1.0182487964630127,0.0007861275225877762
0.33911359449160483,1.010443091392517,0.0007882413337938488
0.33911820851718,0.9988768696784973,0.0007739074062556028
0.33920697506968844,0.9973196387290955,0.0007655088556930423
0.3392930661171065,0.9944961071014404,0.0007408424862660468
0.3393302902894788,1.025940179824829,0.0007514084572903812
0.33937432903094344,0.9936835765838623,0.0007461609784513712
0.3394255478761591,1.0095341205596924,0.0007546618580818176
0.3394531045786271,1.010428547859192,0.0007676440291106701
0.33951837765976145,1.001939058303833,0.0007672289502806962
0.33952961388695857,1.0201503038406372,0.0007866204832680523
0.33960433022706193,1.0105973482131958,0.0007889166590757668
0.3396089368484655,0.9994905591011047,0.0007733827224001288
0.33969770389472465,0.9998871088027954,0.0007659753900952637
0.3397837977394742,0.9957630038261414,0.0007413275307044387
0.33982101516555396,1.0242760181427002,0.0007510733557865024
0.3398650620514948,0.9941900968551636,0.0007469153497368097
0.33991627398628965,1.0100398063659668,0.0007547801942564547
0.3399438387506475,1.0094878673553467,0.0007677924004383385
0.340009104922084,1.0007762908935547,0.0007669518236070871
0.3400203490463999,1.0199692249298096,0.0007865788065828383
0.34009506604438233,1.0114293098449707,0.0007889518165029585
0.3400996651797511,0.997847318649292,0.0007737512933090329
0.34018843280186517,0.9993362426757812,0.0007664142758585513
0.34027452944378556,0.9973981380462646,0.0007419113535434008
0.3403117399597657,1.0253077745437622,0.0007508129929192364
0.34035579498962054,0.9938070178031921,0.0007462307694368064
0.34040700009658065,1.0092731714248657,0.0007545226253569126
0.34043457292274815,1.010670781135559,0.0007677626563236117
0.34049983218384416,1.0010418891906738,0.0007669042679481208
0.3405110842884278,1.0194497108459473,0.0007856488227844238
0.34058580177943776,1.0093955993652344,0.0007883566431701183
0.34059039351143827,0.9993585348129272,0.0007737715495750308
0.3406791616267407,0.9985467791557312,0.0007655102526769042
0.3407652610656712,0.9969443082809448,0.0007415128638967872
0.3408024648364032,1.0241827964782715,0.0007506576366722584
0.340846528010172,0.9941930770874023,0.0007469165720976889
0.34089772612444613,1.0082447528839111,0.000754271459300071
0.34092530701290524,1.0103461742401123,0.0007676637615077198
0.3409905594456043,1.0000008344650269,0.000766894081607461
0.3410018194477086,1.019370675086975,0.0007858557510189712
0.3410765375973206,1.008705735206604,0.0007882346399128437
0.3410811217606998,0.9999061226844788,0.0007739582797512412
0.341169890534042,1.0003951787948608,0.0007660458795726299
0.34125599268771756,0.9947109222412109,0.0007407853263430297
0.3412931897125586,1.0242726802825928,0.0007509752176702023
0.34133726103104467,0.9940390586853027,0.0007466264651156962
0.34138845223473735,1.0084228515625,0.0007545829867012799
0.341416041185006,1.0106127262115479,0.0007679331465624273
0.3414812867077661,1.0003337860107422,0.0007663631695322692
0.3414925546892543,1.0190324783325195,0.0007859405013732612
0.3415672734150428,1.0101385116577148,0.0007893517031334341
0.34157185009198543,1.000230073928833,0.0007736391853541136
0.34166061935923897,0.9994813203811646,0.0007659347029402852
0.34174672439186815,0.9949021935462952,0.0007412820705212653
0.34178391450644907,1.0234125852584839,0.0007505184621550143
0.3418279939691703,0.9929782748222351,0.0007466665701940656
0.34187917834534975,1.00967538356781,0.0007544409018009901
0.34190677535726743,1.0108027458190918,0.0007678329711779952
0.34197201396960675,1.002503514289856,0.0007668625330552459
0.34198328984869586,1.019261121749878,0.0007863438222557306
0.3420580091501786,1.0098060369491577,0.0007887346437200904
0.3420625784234316,1.0002784729003906,0.0007740337168797851
0.34215134826654015,1.0002928972244263,0.0007661996060051024
0.34223745601375377,0.9968302845954895,0.0007422693888656795
0.34227463938276514,1.023413896560669,0.000750844192225486
0.342318726989561,0.9928452968597412,0.0007458677282556891
0.3423699044554803,1.0081593990325928,0.0007541696541011333
0.3424627412316079,1.0036568641662598,0.0007666469900868833
0.3424740250902416,1.0197945833206177,0.0007862535421736538
0.34254874496774,1.009350299835205,0.0007889248663559556
0.3425533066724521,0.9985110759735107,0.0007736217230558395
0.3426420770917371,1.0000991821289062,0.0007659473340027034
0.3427281877183864,0.9967995285987854,0.0007415739819407463
0.3427653642590811,1.0241621732711792,0.0007510706782341003
0.3428094600102731,0.9944765567779541,0.0007464250084012747
0.34286063056561067,1.0093746185302734,0.0007544820546172559
0.34288824370195103,1.0112215280532837,0.0007683688891120255
0.3429534684939305,1.0015770196914673,0.0007664464064873755
0.3429647602498437,1.0188151597976685,0.0007857495220378041
0.3430394807031971,1.0093785524368286,0.0007882444187998772
0.3430440350037377,0.9989787340164185,0.0007738152635283768
0.34313280599887763,0.9995691776275635,0.0007660576957277954
0.34321891934059356,0.9958754181861877,0.000741406693123281
0.34325608905329297,1.0227326154708862,0.0007504845852963626
0.3433001929483185,0.9933000802993774,0.0007462258217856288
0.34335135667606254,1.0107825994491577,0.0007547182030975819
0.3433789777917866,1.0108956098556519,0.0007681901333853602
0.3434441957557709,1.0017648935317993,0.0007664283039048314
0.3434554954917912,1.0197428464889526,0.0007864065119065344
0.34353021652051774,1.0095903873443604,0.0007890600827522576
0.34353476333550526,0.9977396726608276,0.000772995816078037
0.3436235349059379,0.9990889430046082,0.0007661202107556164
0.3437096509623988,0.9955081939697266,0.0007408842211589217
0.34374681392960915,1.0229098796844482,0.0007505553076043725
0.3437909259689502,0.9933006763458252,0.0007463075453415513
0.34384208278635364,1.0104402303695679,0.0007545541157014668
0.34386971196404814,1.011930227279663,0.0007683010771870613
0.34393492293534644,1.0017536878585815,0.0007665117736905813
0.3439462306513129,1.0187753438949585,0.0007858035969547927
0.34402095233815955,1.0094845294952393,0.0007885596132837236
0.3440254916669515,0.9982523918151855,0.000773733772803098
0.34411426373105436,0.9997397065162659,0.0007663296419195831
0.34420038266679054,0.9958899617195129,0.0007415901636704803
0.3442375387234995,1.0236320495605469,0.0007506986730732024
0.3442816589898229,0.9931154847145081,0.0007468538824468851
0.34433280889672513,1.0085612535476685,0.0007542740204371512
0.3443604461361489,1.011360764503479,0.0007679816335439682
0.3444256501973475,1.0024763345718384,0.0007669997867196798
0.34443696589285877,1.018829107284546,0.0007851702976040542
0.3445116880737773,1.0086055994033813,0.0007885235245339572
0.34451621991597203,1.0004016160964966,0.0007742212619632483
0.34460499263835553,1.0007169246673584,0.0007666482124477625
0.34469111428867616,0.9961645007133484,0.0007414979045279324
0.3447282635996549,1.0237873792648315,0.0007508429698646069
0.3447723919279486,0.9929521679878235,0.0007469018455594778
0.34482353492483164,1.0082316398620605,0.0007540646474808455
0.34485118030857087,1.0108813047409058,0.0007679029949940741
0.3449163774595094,1.00210702419281,0.0007661341805942357
0.34492770105213955,1.0186043977737427,0.0007858439930714667
0.3450024238911782,1.008492350578308,0.000788673001807183
0.3450069482475788,0.9988332390785217,0.0007735764374956489
0.3450957214635525,0.9992205500602722,0.0007664807490073144
0.34518184599282686,0.9963741302490234,0.0007416494190692902
0.34521898847613164,1.023303508758545,0.0007504156092181802
0.34526312494833933,0.9924243092536926,0.0007461084169335663
0.345314261034962,1.0092417001724243,0.0007552101160399616
0.3453419143988887,1.0103676319122314,0.0007686776807531714
0.3454071047215106,1.0026004314422607,0.0007666312740184367
0.34541843621158097,1.0201395750045776,0.0007854915456846356
0.345493159626314,1.0105725526809692,0.0007893301080912352
0.34549767657886443,0.9989269375801086,0.0007742774905636907
0.34558645037085367,0.9997676610946655,0.0007663514115847647
0.34567257761519454,0.9969792366027832,0.0007416106527671218
0.34570971327018274,1.0229665040969849,0.0007509352290071547
0.3457538578866257,0.9928642511367798,0.0007463188376277685
0.34580498714509256,1.009311318397522,0.0007545686094090343
0.3458326485709091,1.010197639465332,0.0007678038673475385
0.3458978319836725,1.001036524772644,0.0007664425065740943
0.345909171453448,1.0188220739364624,0.0007855281000956893
0.3459838954438753,1.0094243288040161,0.0007893337169662118
0.3459884048280457,0.9994258880615234,0.000773522537201643
0.34607717919572933,0.9998255968093872,0.0007664348231628537
0.3461633092372408,0.9952506422996521,0.000741523050237447
0.3462004381464988,1.0222269296646118,0.0007503671804443002
0.3462445909070163,0.9924247860908508,0.0007459298940375447
0.34629571325538366,1.0095759630203247,0.0007545568514615297
0.34638855924543266,1.002036213874817,0.0007666514720767736
0.34639990661288955,1.0192326307296753,0.0007848679088056087
0.3464746312612762,1.0100089311599731,0.0007893995498307049
0.34647913315981316,1.0006473064422607,0.0007740301662124693
0.34656790810286986,0.9992045760154724,0.000765924109145999
0.3466540409413915,0.9953582882881165,0.0007412659469991922
0.34669116294071056,1.0220757722854614,0.0007503256783820689
0.3467353239275678,0.9935075044631958,0.000746315810829401
0.34678643936583553,1.0090900659561157,0.0007541657541878521
0.3468141169153516,1.0108126401901245,0.0007681552087888122
0.3468792865071928,1.002476692199707,0.0007669688202440739
0.34689064185467633,1.0184121131896973,0.0007849668036215007
0.34696536699657266,1.0090091228485107,0.000789064506534487
0.34696986149109876,0.9995061755180359,0.0007734960527159274
0.34705863692822747,0.9994845390319824,0.0007660925039090216
0.34714477256351817,0.9971836805343628,0.0007417351007461548
0.347181887816866,1.0215175151824951,0.0007500058854930103
0.34722605686617547,0.9923890233039856,0.0007461938657797873
0.34727716539386166,1.00926673412323,0.0007543475949205458
0.347304851005348,1.0089349746704102,0.0007672329084016383
0.3473700137693546,1.0010886192321777,0.0007662284770049155
0.34738137701387684,1.0189368724822998,0.0007845308282412589
0.3474561028144555,1.0101263523101807,0.0007891877903603017
0.34754936583552865,1.0013184547424316,0.0007669152691960335
0.3476355041853234,0.9949755072593689,0.0007413954008370638
0.34767261261075644,1.0213308334350586,0.0007501845830120146
0.3477167898868875,0.9916638731956482,0.0007457007886841893
0.34776789150415266,1.0092527866363525,0.0007547010900452733
0.3477955851777701,1.009666919708252,0.0007673780201002955
0.3478607410313559,1.0014961957931519,0.000766807934269309
0.34787211225542247,1.0172009468078613,0.0007855882868170738
0.3479468385495913,1.0085045099258423,0.0007886560051701963
0.34795131807156543,1.0019418001174927,0.0007741720764897764
0.3480400946604042,1.000257968902588,0.0007671225466765463
0.34812623580753055,0.9964179992675781,0.0007414479623548687
0.3481633374870725,1.021575689315796,0.0007502395310439169
0.3482075228250133,0.99327152967453,0.0007458931650035083
0.34825861761428323,1.0097712278366089,0.0007543762912973762
0.3482863193500316,1.0101227760314941,0.0007681030547246337
0.3483514682112526,1.0025215148925781,0.0007668394828215241
0.34836284741502466,1.0174821615219116,0.0007848243694752455
0.3484375743669921,1.009337067604065,0.0007889783009886742
0.34853082356786624,0.9999712109565735,0.000766299432143569
0.3486169675121632,0.995675802230835,0.000741323921829462
0.348654062281204,1.0196309089660645,0.0007494599558413029
0.34869825584540404,0.9929362535476685,0.0007461179629899561
0.3487493437244137,1.0103620290756226,0.0007553925970569253
0.34877705344010834,1.0101889371871948,0.000768075289670378
0.3488421954732539,1.001811146736145,0.0007662430289201438
0.3488535825744662,1.0168206691741943,0.0007838290766812861
0.34892831018471426,1.0084333419799805,0.0007887920364737511
0.3490215523927417,0.9993900656700134,0.0007667687605135143
0.3491076991340488,0.996951162815094,0.0007413303246721625
0.34914478715760044,1.0203018188476562,0.0007499398780055344
0.3491889887840117,0.9933565855026245,0.0007462277426384389
0.34924006983486555,1.009521245956421,0.000754695269279182
0.34926778761212873,1.0109080076217651,0.0007679646369069815
0.3493329227350944,1.002481460571289,0.0007662356947548687
0.34934431781633335,1.0172703266143799,0.0007849377579987049
0.3494190459200107,1.0093274116516113,0.0007889359258115292
0.3495122812998822,1.0013294219970703,0.0007670552004128695
0.34959843075593444,0.996978759765625,0.0007421781774610281
0.34963551195165143,1.0194183588027954,0.0007494249730370939
0.3496797218045631,0.9942938089370728,0.0007463493966497481
0.3497307958628917,1.0099852085113525,0.0007540879305452108
0.3497585217842295,1.0103859901428223,0.000767248566262424
0.3498236499969348,1.0021651983261108,0.0007661210256628692
0.34983505297577466,1.017030954360962,0.0007841410697437823
0.34990978173757215,1.0092887878417969,0.000789131794590503
0.3500030102074245,0.9995229840278625,0.0007668629987165332
0.3500891623779808,0.9953243732452393,0.0007412414415739477
0.35012623682780697,1.0206847190856934,0.0007503078668378294
0.3501704547426887,0.9928750395774841,0.0007462826906703413
0.35022152197326306,1.0098010301589966,0.0007546895067207515
0.350314377258936,1.0029586553573608,0.0007664082222618163
0.3503257882173205,1.0168209075927734,0.0007850400870665908
0.35040051747302936,1.0094687938690186,0.0007890276610851288
0.3504049595641059,0.9990069270133972,0.0007735897088423371
0.35049373903270176,1.000854730606079,0.0007668143953196704
0.3505798940821314,0.9954960942268372,0.000741132244002074
0.3506169616216973,1.0197280645370483,0.000749699305742979
0.3506611877632402,0.9928593039512634,0.000746177218388766
0.35071224808363455,1.0075196027755737,0.0007535740733146667
0.3508051045210979,1.0018150806427002,0.0007659788243472576
0.3508165233766013,1.016920566558838,0.0007843419443815947
0.35089125329043014,1.0091352462768555,0.0007889283006079495
0.3508956878957128,1.0012341737747192,0.0007736309198662639
0.3509844679398423,0.9990783333778381,0.000766452809330076
0.3510706257041778,0.9977021813392639,0.0007416121661663055
0.35110768649817414,1.019047737121582,0.000749728933442384
0.3511519207013659,0.9921203851699829,0.0007459451444447041
0.351202974193765,1.0086876153945923,0.0007541447994299233
0.3512307242190701,1.0098917484283447,0.0007678453112021089
0.351295831700834,1.0036994218826294,0.0007667136960662901
0.35130725853636413,1.0185655355453491,0.000785564654506743
0.3513819891078309,1.0106874704360962,0.0007892648573033512
0.3513864162269984,0.9993141889572144,0.0007731897057965398
0.35147519676471783,1.000167965888977,0.0007664145668968558
0.3515613573265455,0.9956172704696655,0.0007415226427838206
0.35159841129254654,1.0193836688995361,0.0007495311438106
0.3516426537217566,0.9925426244735718,0.0007466080132871866
0.3516937002216305,1.008007287979126,0.0007539397338405252
0.3517214583090664,1.0106983184814453,0.0007677270332351327
0.35178655896299593,1.0024482011795044,0.0007660085102543235
0.35179799377807064,1.019392728805542,0.0007847385131753981
0.35187272484312737,1.010014295578003,0.000789839425124228
0.35196592567217977,1.0012489557266235,0.0007671754574403167
0.3520520889487525,0.9965748190879822,0.000741336727514863
0.3520891361688626,1.018844723701477,0.0007494869059883058
0.3521333866603642,0.9913617372512817,0.0007458238978870213
0.3521844263319217,1.009494662284851,0.0007543364772573113
0.3522121924811672,1.00899338722229,0.0007679688860662282
0.3522772862249971,1.0023092031478882,0.0007662412244826555
0.3522887289373513,1.020106315612793,0.0007850059191696346
0.3523634606610102,1.009161114692688,0.0007898263866081834
0.3523678728079471,0.9999319911003113,0.0007739057182334363
0.35245665449705543,1.0006341934204102,0.0007666028686799109
0.3525428206529032,0.9960810542106628,0.0007413252023980021
0.35257986096275307,1.0173985958099365,0.0007488002302125096
0.35262411968107643,0.9933143854141235,0.0007463360670953989
0.35267515244237335,1.0088974237442017,0.0007541051018051803
0.35270292665326797,1.008422613143921,0.0007677255780436099
0.3527680134868376,1.00306236743927,0.0007661267882212996
0.3527794641791381,1.017711877822876,0.0007846055086702108
0.35285419639638704,1.008347511291504,0.0007888733525760472
0.3529473834043566,1.0014508962631226,0.000767008401453495
0.35303355227470845,0.9969543814659119,0.0007419532630592585
0.35307058583906914,1.0189828872680664,0.0007498725317418575
0.3531148526191217,0.9926961064338684,0.0007460320484824479
0.35316587855266457,1.0083489418029785,0.0007539383950643241
0.3531936607435857,1.0094050168991089,0.0007681788993068039
0.353258740748678,1.0013279914855957,0.0007657158421352506
0.3532701993383386,1.0153863430023193,0.0007841624901629984
0.35334493221370755,1.0093151330947876,0.0007892599096521735
0.35334932938825325,0.9999432563781738,0.0007738525164313614
0.3534381122297142,0.9997434616088867,0.0007663931464776397
0.3535242838968351,0.9972195625305176,0.0007419506437145174
0.3535613106329596,1.0190972089767456,0.0007494486053474247
0.3536055856397534,0.9928634762763977,0.0007461695931851864
0.3536566045807711,1.0086480379104614,0.0007538243080489337
0.35368439491584713,1.0092175006866455,0.0007676244713366032
0.35374946792873563,1.0023528337478638,0.0007659338880330324
0.35376093449761936,1.0169470310211182,0.0007843999192118645
0.35383566803142974,1.0090219974517822,0.0007891767891123891
0.35392884113685474,1.0005357265472412,0.0007674190565012395
0.35401501551888137,0.9953550696372986,0.0007418025052174926
0.3540520355094363,1.0183696746826172,0.0007491555297747254
0.35409631857787915,0.9912524223327637,0.0007457761093974113
0.35414733069114257,1.0098154544830322,0.0007546331034973264
0.3541751290879479,1.0095723867416382,0.0007674881489947438
0.3542401951907369,1.0026416778564453,0.0007658401736989617
0.35425166973964706,1.0171287059783936,0.0007841602782718837
0.35432640376656543,1.0081840753555298,0.0007888922118581831
0.35441957004399527,1.0014981031417847,0.0007670045597478747
0.3545057471410885,0.9961141347885132,0.000741110066883266
0.3545427603038087,1.0172295570373535,0.0007494026212953031
0.35458705159826986,0.9925723075866699,0.0007459125481545925
0.354638056801273,1.0106292963027954,0.0007542690727859735
0.3546658631781049,1.0097625255584717,0.0007682700525037944
0.3547309224525773,1.003165602684021,0.0007663367432542145
0.35474240489924924,1.0152850151062012,0.0007838096935302019
0.3548171395839662,1.0088597536087036,0.0007891030982136726
0.3548215143004875,1.000482439994812,0.0007737349369563162
0.35491029886903147,0.9994545578956604,0.000766382145229727
0.3549964787631348,0.9963977336883545,0.0007422739290632308
0.3550334850976188,1.0187489986419678,0.0007494090823456645
0.35507778453687755,0.9914293885231018,0.000745919649489224
0.35512878282929916,1.0089936256408691,0.0007540277438238263
0.3551565973501254,1.0089139938354492,0.0007673120126128197
0.35522164971473913,1.002811312675476,0.0007661735289730132
0.35523314005853013,1.0148000717163086,0.0007835224969312549
0.35530787540184905,1.0080822706222534,0.0007890143897384405
0.3553122426320944,1.0005545616149902,0.0007738836575299501
0.3554010277761721,1.0001380443572998,0.0007665674202144146
0.3554872104672855,0.9965565204620361,0.0007415713625960052
0.35552420997369394,1.0175355672836304,0.0007489914423786104
0.3555685175574289,0.9913172721862793,0.0007462691282853484
0.3556195089399117,1.0098824501037598,0.0007543354295194149
0.3556473314398807,1.0088269710540771,0.0007671318016946316
0.3557123768943147,1.0018364191055298,0.0007655181689187884
0.3557238753002365,1.0181022882461548,0.0007841727347113192
0.3557986111371456,1.0101335048675537,0.0007892375579103827
0.35580297088127566,0.999773383140564,0.000774121843278408
0.35589175660136896,1.0015748739242554,0.0007665771408937871
0.3559779420891711,0.9976062774658203,0.0007422985509037971
0.3560149347679057,1.0174683332443237,0.0007495245081372559
0.35605925049555465,0.9936760067939758,0.0007464467780664563
0.356110235050042,1.0083560943603516,0.0007537438650615513
0.35613806561246353,1.0101492404937744,0.000768178841099143
0.35620310415631584,1.0030620098114014,0.0007656718371436
0.35621461045975833,1.0159121751785278,0.000784108939114958
0.3562893469545464,1.0089799165725708,0.0007889015832915902
0.35629369921256115,1.0010874271392822,0.0007741901790723205
0.3563824855089113,1.001689076423645,0.0007670558989048004
0.35646867371129776,0.9968023896217346,0.0007416332373395562
0.3565056596440611,1.0165258646011353,0.0007490854477509856
0.356549983516106,0.994286060333252,0.000746892299503088
0.3566009610779075,1.0092411041259766,0.0007542233797721565
0.3566938314186383,1.0044177770614624,0.0007666535093449056
0.35670534561895884,1.0157147645950317,0.0007836216245777905
0.35678008268984285,1.008573293685913,0.0007888301042839885
0.3567844274615817,1.0008814334869385,0.0007748616044409573
0.35687321433370645,1.0003657341003418,0.0007672412903048098
0.3569594053334245,0.9966204166412354,0.0007417139131575823
0.3569963844381122,1.0175119638442993,0.0007490421994589269
0.35704071645423163,0.9920573830604553,0.0007462333305738866
0.3570916871881987,1.0088409185409546,0.0007541050435975194
0.3571195338747214,1.009813666343689,0.0007672447245568037
0.35718455868047894,1.0032721757888794,0.0007662879070267081
0.3571960808608259,1.016152262687683,0.0007838747696951032
0.3572708185072436,1.0074257850646973,0.0007886490202508867
0.35727515579334923,0.9998202919960022,0.0007739461143501103
0.35736394324084697,1.0015844106674194,0.000767019868362695
0.3574501369554708,0.9980117082595825,0.0007420828915201128
0.3574871092324847,1.0170501470565796,0.000749050872400403
0.35753144939235737,0.9916797280311584,0.0007464127847924829
0.3575824132983292,1.0094889402389526,0.0007540763472206891
0.3576102680469828,1.0099350214004517,0.000767589604947716
0.35767528586005437,1.002292275428772,0.0007656124071218073
0.3576868160205887,1.015613079071045,0.0007841935148462653
0.3577615543246444,1.0060312747955322,0.0007893897127360106
0.3577658840425305,1.0008845329284668,0.0007744287140667439
0.3578546721483089,1.001355767250061,0.0007673283689655364
0.3579408685776777,0.9978941679000854,0.00074194889748469
0.35797783410864004,1.0167367458343506,0.000748691032640636
0.35802218241323014,0.9929173588752747,0.0007467802497558296
0.35807313932651597,1.0099390745162964,0.0007545189582742751
0.3581010021368185,1.0097944736480713,0.0007679590489715338
0.35816601312205554,1.0036014318466187,0.0007660310948267579
0.3581775511798695,1.0158003568649292,0.0007840690668672323
0.35825229006026227,1.00800621509552,0.0007885527447797358
0.358256612373816,0.9995960593223572,0.0007738734129816294
0.3583454009733451,1.0029547214508057,0.0007679547416046262
0.3584316001995633,0.9974724650382996,0.0007417612359859049
0.3584685589025305,1.0170429944992065,0.0007488855626434088
0.3585129153516772,0.991297721862793,0.0007456729654222727
0.3585638654371285,1.0096479654312134,0.0007543451501987875
0.3585917363090799,1.0079137086868286,0.0007673120126128197
0.35865674038389606,1.0032416582107544,0.0007654334767721593
0.35866828642141524,1.0149940252304077,0.0007836828590370715
0.35874734062315783,1.0009114742279053,0.0007741844747215509
0.35883612988080704,1.001100778579712,0.0007668602047488093
0.35892233182144917,0.9976139664649963,0.0007422296912409365
0.3589592836965816,1.0168830156326294,0.0007488763076253235
0.3590036483719876,0.9926020503044128,0.0007460186607204378
0.35905459154725883,1.009020447731018,0.000753941189032048
0.35908247039939767,1.007824182510376,0.0007675578817725182
0.3591474676459775,1.005260944366455,0.0007666138699278235
0.3591590215808568,1.0156034231185913,0.0007833847776055336
0.3592337616129596,1.007366418838501,0.0007882107747718692
0.35923806895436317,1.0005933046340942,0.0007742120651528239
0.35932685870584335,1.0003656148910522,0.0007669168990105391
0.35941306344381674,0.997403621673584,0.000741617230232805
0.359450008572737,1.0148675441741943,0.0007481963257305324
0.35949438131035427,0.9919639825820923,0.0007463666261173785
0.3595453175751243,1.0099825859069824,0.0007540651131421328
0.35957320457149855,1.009067416191101,0.0007676793029531837
0.3596381948259548,1.0038567781448364,0.000765496923122555
0.3596497567402981,1.0136936902999878,0.0007830083486624062
0.3597244974306817,1.0078487396240234,0.0007889129919931293
0.3597287972855683,0.9996156692504883,0.0007741439039818943
0.3598175876129839,1.0010727643966675,0.0007672846550121903
0.359903795065863,0.9980834126472473,0.0007417558808811009
0.35994073336694865,1.0172436237335205,0.0007487753173336387
0.35998511424848,0.9909799695014954,0.0007459329208359122
0.36003604368541553,1.0101768970489502,0.0007542010862380266
0.3600639386613341,1.007688045501709,0.0007675322704017162
0.36012892208779523,1.0034170150756836,0.0007656607776880264
0.3601404918999003,1.0151276588439941,0.0007829959504306316
0.36021523324808247,1.0089486837387085,0.0007898599142208695
0.36021952553507086,1.0020296573638916,0.0007745511829853058
0.3603083164378593,0.9990877509117126,0.0007667653262615204
0.36039452668774874,0.9986128211021423,0.0007431436097249389
0.36043145816132116,1.0158681869506836,0.000748282007407397
0.36047584726903137,0.9928139448165894,0.0007460128981620073
0.360526769795546,1.0103446245193481,0.0007541875238530338
0.3605546728337563,1.0092387199401855,0.0007677311659790576
0.36061964934963575,1.0036625862121582,0.0007655394729226828
0.3606312271416068,1.0156517028808594,0.0007834687712602317
0.3607059689833789,1.0079126358032227,0.0007893737638369203
0.36071025386667777,1.0011929273605347,0.0007740409928373992
0.3607990453451607,1.0015634298324585,0.0007679088157601655
0.3608852583097951,0.9979572892189026,0.0007416322478093207
0.3609221830374767,1.0156744718551636,0.0007487793336622417
0.36096658020763905,0.9921908378601074,0.0007464017835445702
0.3610174958235721,1.008942723274231,0.0007540707592852414
0.3610454069235116,1.0085710287094116,0.0007678376277908683
0.3611103765295326,1.0035974979400635,0.0007654165383428335
0.36112196230088744,1.0147818326950073,0.0007830801187083125
0.36119670480126176,1.0073996782302856,0.0007886519888415933
0.3612009821156983,1.0014158487319946,0.000774671440012753
0.36128977425262254,1.0002803802490234,0.0007669400074519217
0.36137598993168074,0.9971333146095276,0.000741945521440357
0.36141290783128677,1.0156337022781372,0.0007485878304578364
0.36145731322802976,0.9919437766075134,0.0007458128384314477
0.36150822193418464,1.0101351737976074,0.0007541507366113365
0.3615361410958535,1.0096291303634644,0.000767518999055028
0.3616011037913731,1.0051918029785156,0.0007663963478989899
0.36161269746016833,1.0145657062530518,0.0007829592213965952
0.36168744061898395,1.0097432136535645,0.0007893067668192089
0.36169171044714443,1.002943992614746,0.0007747941417619586
0.36178050307765874,1.0006651878356934,0.000767273479141295
0.36186672155356636,0.9991016387939453,0.0007423736387863755
0.36190363262541814,1.015451431274414,0.0007486329413950443
0.3619480461661555,0.9912768006324768,0.000746358884498477
0.36199894796205,1.0090874433517456,0.0007541759987361729
0.36202687526843624,1.009355902671814,0.0007676149252802134
0.3620918310533743,1.0039790868759155,0.0007655337685719132
0.3621034327020354,1.014362096786499,0.0007835865253582597
0.36217817635403937,1.0095278024673462,0.0007891395944170654
0.36218243869616507,1.0032596588134766,0.0007747526979073882
0.3622712319851207,1.0021885633468628,0.0007676762179471552
0.36235745317593404,0.9985495209693909,0.0007422495982609689
0.36239435750157356,1.0128545761108398,0.0007474154699593782
0.36243877910452227,0.9922292232513428,0.0007463126094080508
0.36248967407218047,1.0099533796310425,0.0007542577222920954
0.3625176093584326,1.0089185237884521,0.0007677780231460929
0.3625825582334318,1.0043120384216309,0.0007657139794901013
0.3626689121713599,1.0078116655349731,0.0007885824306868017
0.36267316702745067,1.0018547773361206,0.0007741465233266354
0.36276196080991585,1.0021882057189941,0.0007674178923480213
0.3628481847980607,0.9980395436286926,0.0007421308546327055
0.36288508229562466,1.014601230621338,0.0007479607011191547
0.3629295121248326,0.9905579686164856,0.0007455562590621412
0.36298040018255195,1.0096690654754639,0.0007538028876297176
0.36300834353053335,1.0080305337905884,0.0007673471118323505
0.3630732854952723,1.0051100254058838,0.0007658333051949739
0.36308490302091834,1.0125700235366821,0.0007817769655957818
0.363159647906817,1.0073508024215698,0.0007887922693043947
0.36316389527695314,1.0028935670852661,0.0007745408220216632
0.3632526897169761,1.002614140510559,0.0007678124820813537
0.36333891641986604,1.0004814863204956,0.0007427269010804594
0.36337580708999706,1.0140706300735474,0.000747871061321348
0.3634202450632795,0.992231547832489,0.0007461723289452493
0.36347112621033717,1.0085889101028442,0.000754516338929534
0.36349907762036915,1.009167194366455,0.0007673148647882044
0.3635640127571128,1.003472089767456,0.0007653688662685454
0.3635756381805205,1.0135356187820435,0.0007816850556991994
0.3636503837243785,1.0076955556869507,0.0007888217223808169
0.3636546236083993,1.0012255907058716,0.0007742505404166877
0.36374341854217307,1.0023540258407593,0.0007675667875446379
0.36382964804207296,0.9999500513076782,0.0007423792267218232
0.3638665318838875,1.0148495435714722,0.0007485223468393087
0.3639109780018873,0.9922428131103516,0.0007463147048838437
0.3639618523207889,1.0094126462936401,0.0007537376950494945
0.36398981171052625,1.009617805480957,0.0007677871617488563
0.364054739936849,1.0031086206436157,0.0007655395311303437
0.36406637342206627,1.0139535665512085,0.0007822494953870773
0.3641411195421006,1.0081838369369507,0.0007889576954767108
0.3641453518574198,1.0021703243255615,0.0007744876202195883
0.36423414744947424,1.0020426511764526,0.0007677820976823568
0.3643203796639587,0.9997613430023193,0.0007427040836773813
0.36435725676004294,1.0144693851470947,0.000748294114600867
0.36440171102227803,0.9924942255020142,0.0007461163913831115
0.36445257834913636,1.0089796781539917,0.0007541578961536288
0.36448054588278755,1.0078928470611572,0.0007670056656934321
0.3645454671986895,1.0034526586532593,0.000765572243835777
0.36455710858134704,1.0119091272354126,0.0007820959435775876
0.36463185527739717,1.0066728591918945,0.0007880331249907613
0.3646360801890268,1.0022225379943848,0.0007740362780168653
0.3647248763569362,1.000769019126892,0.0007670971099287271
0.3648111112858444,0.999071478843689,0.0007422527996823192
0.36484798155409404,1.0136451721191406,0.0007478441693820059
0.36489244396040366,0.9910233020782471,0.0007458415348082781
0.3649433044592668,1.0110766887664795,0.0007546672713942826
0.364971279972784,1.0083798170089722,0.0007675744127482176
0.36503619446085134,1.0040650367736816,0.0007652465719729662
0.36512259109479794,1.0094165802001953,0.0007889356347732246
0.36512680843796697,1.000692367553711,0.0007746024639345706
0.3652156051819724,0.9999736547470093,0.0007677439716644585
0.365301842908212,0.9992711544036865,0.0007425801013596356
0.36533870634846644,1.0130621194839478,0.000747616752050817
0.36538317689869015,0.9925183057785034,0.0007464845548383892
0.3654340304871323,1.010219931602478,0.0007542676758021116
0.3654620141452062,1.0092480182647705,0.0007674327353015542
0.36552692164082856,1.0049662590026855,0.0007655398803763092
0.3655385789003103,1.014560580253601,0.000782600196544081
0.3656133269121987,1.0078325271606445,0.0007887138053774834
0.3656175367691722,1.0018515586853027,0.0007744313916191459
0.365706334089113,1.0023213624954224,0.0007677265093661845
0.3657925745302584,0.999305248260498,0.0007428710232488811
0.3658294311426782,1.0135997533798218,0.0007475846214219928
0.3658739099192415,0.9913010001182556,0.000746198755223304
0.3659247565974234,1.0088590383529663,0.0007541090017184615
0.36595274823504187,1.0084278583526611,0.0007667019381187856
0.3660176489025886,1.0039564371109009,0.0007651795749552548
0.3660293140598321,1.0130780935287476,0.0007822055486030877
0.3661040626474952,1.0074466466903687,0.000788122764788568
0.36610826501867466,1.0014182329177856,0.0007746153278276324
0.36619706291398857,1.0027549266815186,0.0007675863453187048
0.366283306152144,0.9990130066871643,0.0007420701440423727
0.36632015593656864,1.0123729705810547,0.0007473019068129361
0.36636464285768855,0.9913864135742188,0.0007465480011887848
0.36641548262544954,1.0097975730895996,0.0007546765846200287
0.36644348240714264,1.0083047151565552,0.0007672026986256242
0.36650837608216424,1.0050585269927979,0.0007654223591089249
0.3665200493015385,1.0135329961776733,0.000782447459641844
0.36659479846521736,1.008324384689331,0.0007887000101618469
0.3665989932680166,1.001405119895935,0.0007743571768514812
0.36668779182128985,1.0039888620376587,0.000767976394854486
0.3667740377741904,0.9982282519340515,0.0007420641486532986
0.3668108808128847,1.013556957244873,0.000747803074773401
0.3668553757959748,0.9915071725845337,0.0007461101631633937
0.3669062087359014,1.0086073875427246,0.0007542672683484852
0.366934216497139,1.0109469890594482,0.0007683811127208173
0.36699910334432606,1.0052313804626465,0.000765601173043251
0.36701078446081936,1.0128387212753296,0.0007827188819646835
0.3670855342005138,1.006430745124817,0.000788480625487864
0.3670897215993022,1.0019205808639526,0.0007746417541056871
0.3671785207287517,1.0015709400177002,0.0007673036307096481
0.3672647693138109,0.9990272521972656,0.0007425386575050652
0.36730160560677516,1.0117379426956177,0.0007473313016816974
0.36734610873442197,0.9924240112304688,0.0007466666284017265
0.3673969348461925,1.0087776184082031,0.0007538117351941764
0.3674249506694808,1.008494257926941,0.0007678374531678855
0.36748983060632723,1.0038048028945923,0.0007652158965356648
0.3675015196201,1.0139765739440918,0.0007828277884982526
0.367576270018236,1.0078718662261963,0.0007883356884121895
0.367669249553788,1.0023831129074097,0.0007682962459512055
0.36775550093601805,0.9979811310768127,0.0007421251502819359
0.3677923304006655,1.0134485960006714,0.0007481194334104657
0.3678368417548127,0.9917073845863342,0.0007459376938641071
0.367887660874058,1.0091311931610107,0.0007545424741692841
0.3679156847595576,1.0074489116668701,0.0007668367470614612
0.36798055778622407,1.0049889087677002,0.0007652546628378332
0.3679922547797022,1.0136469602584839,0.0007825124193914235
0.3680670058355564,1.0063189268112183,0.0007880274206399918
0.3681599784612498,1.0024900436401367,0.0007674400112591684
0.3682462325583856,0.9985292553901672,0.0007420642068609595
0.3682830551950379,1.0124931335449219,0.0007480517379008234
0.36832757469285804,0.9907172918319702,0.0007457609171979129
0.36837838698418846,1.0098114013671875,0.0007542925886809826
0.368406418931819,1.0088320970535278,0.0007674251683056355
0.36847128504822524,1.0055029392242432,0.000765338831115514
0.36848298993946493,1.0130153894424438,0.000781918119173497
0.36855774157061183,1.0056065320968628,0.0007882053614594042
0.3685619064290304,1.0002049207687378,0.0007732639205642045
0.368650707286045,1.0013329982757568,0.000767905788961798
0.368736964180191,1.0006588697433472,0.0007426064112223685
0.3687737799890891,1.0125945806503296,0.0007472962606698275
0.36881830763138546,0.9921772480010986,0.0007461413042619824
0.36886911301237524,1.0090149641036987,0.0007538147619925439
0.3688971530216547,1.007613182067871,0.0007675631204620004
0.3689620122278008,1.0054891109466553,0.0007652983767911792
0.36897372518117155,1.012044906616211,0.0007819831953383982
0.369048477388334,1.0074219703674316,0.0007884307997301221
0.3690526347607177,1.000649333000183,0.0007739627035334706
0.36914143619310524,1.0019501447677612,0.0007678861147724092
0.3692276958019963,0.9997937083244324,0.0007424893556162715
0.36926450478297956,1.0105297565460205,0.0007471268763765693
0.3693090405698325,0.9913323521614075,0.0007459152257069945
0.36935983912266634,1.009285807609558,0.0007540243677794933
0.3693878871114904,1.0070551633834839,0.0007668109610676765
0.3694527394896412,1.0062922239303589,0.0007660963456146419
0.3694644603404522,1.01299250125885,0.0007825848879292607
0.36953921320589556,1.0090454816818237,0.0007886675884947181
0.3695433630097382,1.0011593103408813,0.0007740710279904306
0.36963216510072794,1.0011155605316162,0.0007678029360249639
0.36971842742420336,1.0007448196411133,0.0007426072261296213
0.3697552296594563,1.0112388134002686,0.0007472117431461811
0.3697997735902232,0.9926354289054871,0.000746260629966855
0.3698505651506925,1.008029818534851,0.0007537435740232468
0.36987862128407323,1.0072643756866455,0.0007673486834391952
0.3699434666693775,1.0053249597549438,0.0007652100175619125
0.36995519549989375,1.0116796493530273,0.0007817066507413983
0.37002994894135266,1.0075334310531616,0.0007884030346758664
0.3700340913410237,1.0016151666641235,0.0007747430354356766
0.3701228939259247,1.0025736093521118,0.0007682324503548443
0.370209159046089,0.9988297820091248,0.0007418769528158009
0.37024595445334674,1.0116100311279297,0.0007475810707546771
0.3702905065285095,0.9927293658256531,0.0007464211666956544
0.37034129117887926,1.0087010860443115,0.0007538924692198634
0.3703693553742303,1.0075989961624146,0.0007672974024899304
0.3704341939315392,1.0048918724060059,0.0007658656104467809
0.3704459306591744,1.0131627321243286,0.0007823103223927319
0.3705206847589142,1.0065054893493652,0.0007881145575083792
0.37052481959036565,1.0031672716140747,0.000774705782532692
0.3706136228330653,1.0032744407653809,0.0007682699360884726
0.3706998905858704,1.0000003576278687,0.0007422518101520836
0.3707366792471568,1.009966254234314,0.0007470638374798
0.3707812394666353,0.9914202094078064,0.000745900790207088
0.3708320172891705,1.0088337659835815,0.0007541975937783718
0.3708600895462507,1.008405327796936,0.0007669973419979215
0.3709249211935405,1.0052543878555298,0.0007658411050215364
0.3709366658187766,1.0126169919967651,0.000782591465394944
0.3710114204943713,1.0068765878677368,0.0007885554223321378
0.3710155478393862,1.00191068649292,0.0007741959416307509
0.3711043516581015,1.0010685920715332,0.0007676092209294438
0.37119062220823795,1.0004479885101318,0.0007423628703691065
0.3712274040414488,1.0093549489974976,0.0007468186668120325
0.37127197240476095,0.9920661449432373,0.0007465890375897288
0.37132274331703596,1.0083836317062378,0.0007537744822911918
0.37135082363632743,1.0093659162521362,0.0007674791268073022
0.3714156483734373,1.0062294006347656,0.0007657123496755958
0.3714274009785393,1.0115461349487305,0.0007820806349627674
0.3715021563116918,1.0068609714508057,0.0007883684593252838
0.37150627617083243,1.0026236772537231,0.0007745468756183982
0.37159508056524204,1.0011557340621948,0.0007680235430598259
0.3716813538301236,1.0007575750350952,0.0007425539661198854
0.3717181288356607,1.0099542140960693,0.0007467371178790927
0.3717627054256336,0.9919265508651733,0.000746364239603281
0.3718134694271663,1.0086287260055542,0.0007538515492342412
0.37184155772616323,1.007296085357666,0.0007662418065592647
0.37190637563519746,1.005500078201294,0.0007659908151254058
0.3719181362200048,1.0122345685958862,0.0007817159639671445
0.3719928921293336,1.008003830909729,0.0007888490217737854
0.371997004420335,1.0025012493133545,0.0007744933827780187
0.3720858094723827,1.0023093223571777,0.0007682915893383324
0.3721720854520092,0.9991235136985779,0.0007423758506774902
0.37220885362955103,1.0097713470458984,0.0007466457900591195
0.37225343836392,0.9926828742027283,0.0007463737856596708
0.37230419545551385,1.0080409049987793,0.000753996311686933
0.372332291898264,1.0079307556152344,0.0007672133506275713
0.3723971028146926,1.0060603618621826,0.0007657976821064949
0.3724088713792053,1.0120043754577637,0.000782083545345813
0.37248362786495137,1.0082182884216309,0.0007889015832915902
0.3724877327516205,1.001170039176941,0.0007743333699181676
0.3725765382977403,1.004521369934082,0.000769068778026849
0.3726628169917906,1.0002309083938599,0.0007426565862260759
0.37269957842360213,1.0094915628433228,0.0007468193653039634
0.37274417130204573,0.991222620010376,0.0007457550382241607
0.37279492156580496,1.0100072622299194,0.0007539982907474041
0.37282302598858175,1.007453203201294,0.0007667116005904973
0.37288783007685444,1.0079046487808228,0.0007663612486794591
0.3728996065388074,1.0127757787704468,0.0007819200400263071
0.37297436368235226,1.0060062408447266,0.0007882831851020455
0.372978461000641,1.0012201070785522,0.0007739884895272553
0.37306726720504146,1.0037990808486938,0.0007690713973715901
0.3731535486136762,1.0004990100860596,0.0007431447156704962
0.3731903032174926,1.0099306106567383,0.0007466718088835478
0.37323490424049277,0.992084264755249,0.0007462694775313139
0.37328564759367044,1.0088014602661133,0.0007540861843153834
0.3733137600785782,1.0079385042190552,0.0007669561309739947
0.37337855725691205,1.0071712732315063,0.0007658733520656824
0.37339034169808816,1.0105494260787964,0.0007817266159690917
0.37346509949975293,1.0066368579864502,0.0007886888342909515
0.3734691892498222,1.001956820487976,0.0007745167822577059
0.3735579960299171,1.0029383897781372,0.0007684152806177735
0.37364428023588325,1.0002278089523315,0.0007426159572787583
0.3736810280113829,1.0103152990341187,0.0007473469013348222
0.3737256371786185,0.9926341772079468,0.000746171863283962
0.3737763737041223,1.0091267824172974,0.0007539143553003669
0.37380449425067885,1.0060206651687622,0.0007663468131795526
0.3738692845189131,1.0066678524017334,0.0007657640380784869
0.3738810768575296,1.0149394273757935,0.0007825142820365727
0.3739558352350494,1.0073516368865967,0.0007884518126957119
0.3739599175811078,1.0014692544937134,0.0007740487926639616
0.37404872493737895,1.0037661790847778,0.0007689596968702972
0.37413501185825093,1.0026686191558838,0.0007432526908814907
0.37417175280575543,1.0094040632247925,0.0007467149989679456
0.3742163701990092,0.9926415085792542,0.0007463933434337378
0.3742670997319877,1.0083948373794556,0.0007544879335910082
0.3742952283406753,1.0073212385177612,0.0007671388448216021
0.37436001169848876,1.0077048540115356,0.0007657126989215612
0.3743718120172924,1.0114225149154663,0.0007810862152837217
0.37444657105245027,1.005769968032837,0.0007882029749453068
0.37445064583044974,1.0022984743118286,0.0007745395414531231
0.3745394538446801,1.0032185316085815,0.0007687380420975387
0.37462574339803234,1.0008513927459717,0.0007425715448334813
0.3746624776820715,1.0091904401779175,0.0007466297247447073
0.3747071031376169,0.9910592436790466,0.0007466559181921184
0.37475782575985317,1.0068058967590332,0.0007532936288043857
0.3747859624305111,1.0087589025497437,0.0007670761551707983
0.3748507389605702,1.0060992240905762,0.0007653054781258106
0.3748625471765733,1.0114614963531494,0.0007813614793121815
0.3749373067877467,1.0071879625320435,0.0007882487843744457
0.37494137407987194,1.001980185508728,0.000774447456933558
0.3750301826695558,1.0035059452056885,0.0007685355958528817
0.37511647501991796,1.000667691230774,0.0007434647995978594
0.37515320247596184,1.0098901987075806,0.0007469256524927914
0.3751978360759033,0.9916393160820007,0.0007461007335223258
0.3752485518704657,1.0092729330062866,0.000754057546146214
0.37527669660261187,1.0077253580093384,0.0007672533392906189
0.37534146614006536,1.0061959028244019,0.0007655397057533264
0.37535328241811905,1.0109766721725464,0.0007817362784408033
0.37542804260562956,1.00697922706604,0.0007890455308370292
0.37543210241107705,1.0002250671386719,0.0007735455292277038
0.37552091157685696,1.0020036697387695,0.0007680703420192003
0.3756072066418036,1.0013996362686157,0.0007425416843034327
0.3756439272701737,1.008893370628357,0.0007465438102371991
0.3756885690140289,0.992188572883606,0.0007458613254129887
0.3757392778984918,1.0077519416809082,0.0007535607437603176
0.3758321934019059,1.0062657594680786,0.0007654260261915624
0.3758440175775605,1.011162281036377,0.0007808780646882951
0.37591877842303045,1.0075392723083496,0.0007888570544309914
0.3760116404022146,1.0016273260116577,0.0007681710994802415
0.3760979381815849,1.0006721019744873,0.0007425151998177171
0.37613465206406416,1.0096766948699951,0.0007469255942851305
0.3761793019523154,0.9910125136375427,0.000745836179703474
0.3762300040086223,1.0087895393371582,0.0007539792568422854
0.3762581647830867,1.0077403783798218,0.0007672368665225804
0.37632292058196337,1.0078649520874023,0.0007657839450985193
0.37633475273684125,1.0104445219039917,0.000781347684096545
0.37640951415816615,1.006812572479248,0.0007878787000663579
0.3764135589094395,1.002366542816162,0.0007748360512778163
0.3765023693093551,1.003787636756897,0.0007690523052588105
0.3765886698037919,1.0019886493682861,0.0007430793484672904
0.37662537685811515,1.0087724924087524,0.000746758421882987
0.37667003489044104,0.9929537177085876,0.0007469547563232481
0.3767207300366484,1.007491946220398,0.0007531372830271721
0.3767488989551071,1.0065982341766357,0.0007664638687856495
0.3768136478441253,1.0066384077072144,0.0007653445936739445
0.3768254878964433,1.0122932195663452,0.0007816237630322576
0.37690024997588834,1.0064142942428589,0.0007882090285420418
0.37690428724088576,1.0030723810195923,0.000774838961660862
0.37699309821649574,1.0030395984649658,0.0007692402577959001
0.3770794014258383,1.000610589981079,0.0007430033874697983
0.37711610165248766,1.0081290006637573,0.0007461674395017326
0.3771607678285668,0.9917919039726257,0.000745678145904094
0.3772114560645138,1.0069901943206787,0.0007535492186434567
0.3772396330451838,1.0082393884658813,0.0007668306352570653
0.37730437502370073,1.0064113140106201,0.000765513046644628
0.37731622305620616,1.010817289352417,0.0007817546720616519
0.37739098579320873,1.0065815448760986,0.0007887675892561674
0.3773950154902276,1.0032038688659668,0.000774320331402123
0.3774838270416925,1.0025982856750488,0.0007684688316658139
0.37757013296578035,1.0011399984359741,0.0007426155498251319
0.3776068264463781,1.0083842277526855,0.0007461815839633346
0.37765150084943955,0.9911565184593201,0.0007456469465978444
0.37770218217496565,1.0076279640197754,0.000753300148062408
0.37773036713518027,1.006491780281067,0.0007667118334211409
0.3777951022034369,1.0075843334197998,0.0007661078707315028
0.37780695821540655,1.0097832679748535,0.0007811313844285905
0.37788172152858557,1.005027174949646,0.0007882412173785269
0.37788574373940886,1.0027278661727905,0.0007752354140393436
0.3779745559489939,1.0019221305847168,0.0007689764606766403
0.3780608645875856,1.0012447834014893,0.0007428191020153463
0.37809755124026845,1.0086250305175781,0.0007467730902135372
0.3781422337878063,0.991365909576416,0.0007458904292434454
0.3781929082033132,1.0075266361236572,0.0007538974168710411
0.37822110130728104,1.0068825483322144,0.0007667386089451611
0.37828582946527745,1.0068095922470093,0.0007657592068426311
0.37829769337460706,1.010029673576355,0.0007811713148839772
0.3783724573464684,1.0070863962173462,0.0007885940140113235
0.378376472070855,1.0030556917190552,0.0007748186471872032
0.3784652847740301,1.0016796588897705,0.0007686918834224343
0.37855159620939094,1.0038607120513916,0.0007433082209900022
0.37858827603431955,1.0075310468673706,0.000746382400393486
0.37863296672585156,0.9916901588439941,0.0007466219831258059
0.3786836342310983,1.0066373348236084,0.0007535545155405998
0.37871183539743813,1.00632905960083,0.0007669239421375096
0.37877655664501364,1.0070850849151611,0.0007662990246899426
0.37878842853420924,1.0096030235290527,0.0007812968106009066
0.3788631931638692,1.0049564838409424,0.0007879245677031577
0.37886720031987553,1.0018337965011597,0.0007744767935946584
0.378956013681492,1.002699851989746,0.0007689725025556982
0.37904232774949365,1.002411961555481,0.0007430534460581839
0.3790790008285313,1.0064035654067993,0.000745887984521687
0.3791236996642987,0.9916697144508362,0.0007462879293598235
0.3791743603411484,1.0084445476531982,0.0007545179687440395
0.3792025694877559,1.0069650411605835,0.0007671131752431393
0.3792672839073361,1.0090118646621704,0.0007665242301300168
0.3792791636934899,1.008723497390747,0.0007805248023942113
0.379353928899005,1.004746675491333,0.0007881148485466838
0.37935792856889605,1.003226637840271,0.0007748388452455401
0.37944674258863254,1.0027446746826172,0.0007689032354392111
0.37953305937170057,1.0016518831253052,0.0007431612466461957
0.3795697256225825,1.0070160627365112,0.0007460840861313045
0.37961443260242433,0.9902135729789734,0.0007455628365278244
0.37966508636933527,1.00813889503479,0.0007539144135080278
0.3796933035775917,1.0069440603256226,0.000766558398026973
0.37975801108691165,1.008386254310608,0.0007657956448383629
0.37976989885293144,1.0115982294082642,0.0007816123543307185
0.3798446647165665,1.0070974826812744,0.0007891083951108158
0.3798486569006637,1.0044370889663696,0.000775451073423028
0.3799374714135081,1.0047366619110107,0.0007695690146647394
0.3800237909935862,1.0040957927703857,0.0007437571766786277
0.3800604504167139,1.006711483001709,0.0007460158667527139
0.3801051655407107,0.9922199845314026,0.0007462151697836816
0.38015581239720064,1.0096100568771362,0.0007540938095189631
0.38018403774961196,1.0063945055007935,0.0007666382007300854
0.38024873834875217,1.0087991952896118,0.0007656992529518902
0.38026063401269417,1.0098121166229248,0.0007813585689291358
0.38033540045202363,1.0052571296691895,0.0007884993683546782
0.38033938515000554,1.0030728578567505,0.0007743161404505372
0.38042820032080926,1.0026606321334839,0.0007689422345720232
0.3805145225333676,1.0021871328353882,0.0007436128798872232
0.3805511751285803,1.0053738355636597,0.0007455381564795971
0.3805958984793185,0.9921399354934692,0.0007462080102413893
0.38064653850749186,1.0074212551116943,0.0007538851350545883
0.3806747718396888,1.006689429283142,0.0007664149743504822
0.3807394655286489,1.007537841796875,0.0007657742244191468
0.38075136917229635,1.009533405303955,0.0007814616546966136
0.38082613626958517,1.0063297748565674,0.0007881222409196198
0.3809189291460062,1.0039433240890503,0.0007695284439250827
0.3810052541552532,1.0023624897003174,0.0007433394785039127
0.38104189992247073,1.0069210529327393,0.0007458205800503492
0.38108663141744414,0.9908115863800049,0.0007457187166437507
0.3811372645358393,1.0077136754989624,0.0007538095233030617
0.3811655059296851,1.0080420970916748,0.000766957295127213
0.38123019270814407,1.0082985162734985,0.000765753909945488
0.38124210433149675,1.0110523700714111,0.0007814106065779924
0.3813168720871466,1.0060224533081055,0.0007881454075686634
0.3813208417304724,1.0042047500610352,0.0007752733072265983
0.3814096580533074,1.0036122798919678,0.0007690642378292978
0.38149598569487386,1.0026229619979858,0.0007429136894643307
0.38153262471636107,1.0080944299697876,0.000746404635719955
0.38157736435556977,0.9918632507324219,0.0007461629575118423
0.3816279905637048,1.0095813274383545,0.000754037348087877
0.3816562400198422,1.0072288513183594,0.0007667538011446595
0.3817209199702256,1.0090303421020508,0.0007661712006665766
0.38173283949069725,1.0104769468307495,0.0007814760901965201
0.3818076078226038,1.00652277469635,0.0007884886581450701
0.38181156997949284,1.0034010410308838,0.0007748085772618651
0.3819003869606087,1.002962589263916,0.0007687097531743348
0.38198671731724154,1.0024257898330688,0.0007434349390678108
0.38202334951041217,1.0064432621002197,0.0007457017200067639
0.38206809729385627,0.9921045303344727,0.0007457722094841301
0.3821187166738351,1.0093284845352173,0.0007543129613623023
0.38214697419210364,1.0067890882492065,0.0007669800543226302
0.3822116471502832,1.0088587999343872,0.0007658516406081617
0.3822235746504601,1.0096150636672974,0.0007814191631041467
0.3822983436400045,1.0059090852737427,0.0007878242759034038
0.38230229822851336,1.0029276609420776,0.0007744854083284736
0.38239111578548424,1.0021425485610962,0.0007685059099458158
0.38247744885702284,1.0034154653549194,0.0007441401830874383
0.3825140743046239,1.0055630207061768,0.0007456070743501186
0.382558830231982,0.9916169047355652,0.000746260688174516
0.38260944270186126,1.0087966918945312,0.0007540899096056819
0.3826377082819393,1.0060994625091553,0.0007661752169951797
0.3827023744121236,1.0092238187789917,0.0007657284731976688
0.38271430981006216,1.012413501739502,0.00078101537656039
0.38278907945740537,1.0066852569580078,0.0007880912162363529
0.38279302647801605,1.003607153892517,0.000774980173446238
0.3828818446926249,1.0033442974090576,0.000769113888964057
0.38296818047890846,1.0029758214950562,0.0007432168931700289
0.38300479909867513,1.0054572820663452,0.0007454646402038634
0.383049563252694,0.993139386177063,0.0007461555069312453
0.38310016872972674,1.0080698728561401,0.0007535648765042424
0.3831284423717751,1.0046674013137817,0.0007664071745239198
0.38319310159169917,1.0092624425888062,0.0007659881375730038
0.3832050450516079,1.008576512336731,0.0007808736409060657
0.3832798151930231,1.006219744682312,0.0007881255587562919
0.3832837548094622,1.0026869773864746,0.0007747685303911567
0.3833725735178217,1.0033327341079712,0.000768970581702888
0.3834589120188505,1.0026410818099976,0.0007434458821080625
0.3834955238927261,1.0052603483200073,0.0007455431623384356
0.3835402961913017,0.9916868209838867,0.0007465620874427259
0.3835908948401786,1.0077118873596191,0.0007536288467235863
0.38361917646177157,1.0063716173171997,0.0007658253307454288
0.38368382877143536,1.0103802680969238,0.0007660986739210784
0.38369578021104944,1.0098389387130737,0.0007807948277331889
0.38377055101058466,1.0049556493759155,0.0007878500618971884
0.3837744830584827,1.0025603771209717,0.0007748741772957146
0.383863302425123,1.0021111965179443,0.0007690751808695495
0.38394964364073614,1.0021368265151978,0.0007434216095134616
0.38398624868661657,1.00330650806427,0.00074487627716735
0.38403102912934706,0.9902342557907104,0.0007454167352989316
0.38408162086852604,1.0079519748687744,0.0007536777411587536
0.38410991063419364,1.006688117980957,0.0007666359888389707
0.38417455603327577,1.0102585554122925,0.0007660203846171498
0.3841865153703301,1.009284257888794,0.0007806190988048911
0.38426128674572047,1.0040838718414307,0.0007881212513893843
0.38426521130774427,1.0033842325210571,0.0007748731295578182
0.38435403133250456,1.0027034282684326,0.0007692373474128544
0.3844403751802765,1.0033354759216309,0.0007437672466039658
0.3844769734805069,1.0040817260742188,0.000745402998290956
0.3845217620673924,0.9929977059364319,0.0007465090602636337
0.38457234689631126,1.0083311796188354,0.0007537963101640344
0.3846006447241901,1.0061701536178589,0.0007667203317396343
0.3846652832130121,1.0103671550750732,0.0007661473355256021
0.384677250529611,1.0091310739517212,0.0007817748701199889
0.384752022563282,1.005207896232605,0.0007876806776039302
0.3847559395566845,1.003248691558838,0.0007748399511910975
0.38484476015762115,1.0038583278656006,0.0007695758831687272
0.3849311068025638,1.002842903137207,0.0007432216079905629
0.38496769827471866,1.0048290491104126,0.0007450963603332639
0.38501249500583945,0.9922091960906982,0.0007463489891961217
0.38506307292409636,1.0077247619628906,0.0007534025353379548
0.3850913788143472,1.0050830841064453,0.0007658082759007812
0.38515601039306957,1.0086365938186646,0.0007662353455089033
0.3851679856893737,1.0092841386795044,0.000781207054387778
0.38524275838068267,1.004879355430603,0.0007882937788963318
0.38524666788797,1.0036871433258057,0.0007742031011730433
0.38533548906476167,1.0027996301651,0.0007692453800700605
0.3854218383425059,1.0034394264221191,0.0007434197468683124
0.3854584229865048,1.003222107887268,0.0007448625401593745
0.38550322794412584,0.9904088973999023,0.0007455531740561128
0.38555379903454823,1.0082143545150757,0.0007535518961958587
0.38558211290418287,1.0063090324401855,0.0007661308045499027
0.3856467376549101,1.0106511116027832,0.0007667004829272628
0.38565872084881525,1.0095537900924683,0.0007806031499058008
0.3857334941158185,1.0056712627410889,0.0007879518670961261
0.3857373961374725,1.00393807888031,0.0007748068310320377
0.3858262179719022,1.002719759941101,0.0007693389779888093
0.3859125699643915,1.0055036544799805,0.0007435914594680071
0.38594914778071654,1.0052555799484253,0.0007457986357621849
0.3859939608825729,0.991324782371521,0.0007462058565579355
0.38604452506257436,1.0087318420410156,0.0007537828641943634
0.3860728469939383,1.0059494972229004,0.0007664562435820699
0.3861374648344855,1.011892557144165,0.0007663082215003669
0.3861494560080959,1.008953332901001,0.0007804799824953079
0.3862242299337013,1.0050179958343506,0.0007866700179874897
0.3863169467969384,1.0041797161102295,0.0007693172083236277
0.3864033015041728,1.0040688514709473,0.000744128949008882
0.38643987257476775,1.004583477973938,0.0007451120764017105
0.38648469382085926,0.9916689991950989,0.0007461188361048698
0.38653525109076114,1.0082004070281982,0.0007536943885497749
0.3865635811662801,1.006795883178711,0.000766092212870717
0.38662819209664745,1.012029767036438,0.0007663698634132743
0.3866401910854331,1.0093151330947876,0.0007808043155819178
0.3867149657514235,1.0042295455932617,0.0007869505789130926
0.38671885263583494,1.0045980215072632,0.0007753382669761777
0.38680767570440044,1.0031042098999023,0.0007695287349633873
0.3868940331260585,1.0044562816619873,0.0007440880872309208
0.3869305973686581,1.002347707748413,0.0007446418167091906
0.3869754267593063,0.9922522902488708,0.000746218953281641
0.3870259771187873,1.0081146955490112,0.0007533603347837925
0.38705431525627654,1.0040409564971924,0.0007656641537323594
0.38711891927638353,1.010149359703064,0.0007662387797608972
0.3871309262446335,1.008951187133789,0.0007806438952684402
0.3872095809672812,1.0047783851623535,0.0007747995550744236
0.38729840452943654,1.0019687414169312,0.0007691570208407938
0.38738476466567917,1.0044410228729248,0.0007440445479005575
0.38742132216254854,1.0042922496795654,0.0007452622521668673
0.38746615969735176,0.9929273128509521,0.0007461550994776189
0.38751670322891774,1.008134365081787,0.0007533911266364157
0.38754504934643363,1.006375789642334,0.0007662136922590435
0.3876096464562,1.010300636291504,0.0007662389543838799
0.3876216614038339,1.0083945989608765,0.0007808587979525328
0.38769643730412073,1.0046051740646362,0.0007871773559600115
0.3877003092163017,1.0043238401412964,0.0007745519978925586
0.3877891334368181,1.0035178661346436,0.0007695782114751637
0.38787549628804674,1.0036453008651733,0.0007436516461893916
0.38791204695692094,1.002931833267212,0.0007455322775058448
0.387956892635397,0.9913575053215027,0.0007458272157236934
0.3880074292567832,1.0084513425827026,0.0007538047502748668
0.38803578343642997,1.00456702709198,0.0007666367455385625
0.3881003736360167,1.0106425285339355,0.0007661220151931047
0.38811239656359675,1.009536862373352,0.0007808579248376191
0.3881871731215216,1.0048078298568726,0.000787333759944886
0.388191037465483,1.0039355754852295,0.0007750404183752835
0.38827986234387835,1.0019127130508423,0.0007694472442381084
0.38836622782782815,1.0042128562927246,0.0007435968145728111
0.38840277166870707,1.0018603801727295,0.0007445832015946507
0.38844762557384416,0.9915251731872559,0.0007458717445842922
0.38849815528480935,1.0071765184402466,0.0007540039950981736
0.38852651752626566,1.006037950515747,0.000765803677495569
0.3885911008978571,1.0107897520065308,0.0007660551345907152
0.38860313172319894,1.0096756219863892,0.0007808456430211663
0.38867790885665743,1.0049031972885132,0.0007872752612456679
0.38868176571498547,1.0040302276611328,0.0007745380862616003
0.3887705911687539,1.0026366710662842,0.0007695893873460591
0.3888569593674488,1.0053402185440063,0.0007435352308675647
0.3888934964625974,1.0034421682357788,0.000744753226172179
0.38893835851213043,0.9909620881080627,0.000745618250221014
0.3889888813131568,1.0077346563339233,0.0007539587677456439
0.38901725161610146,1.0070390701293945,0.000766049197409302
0.3890818280774325,1.0115399360656738,0.0007663220749236643
0.3890938668824797,1.0083118677139282,0.0007806934299878776
0.38916864467454026,1.0048333406448364,0.0007871547713875771
0.389172493964006,1.0041131973266602,0.0007747357594780624
0.3892613200763765,1.003976583480835,0.0007697810651734471
0.3893476909896558,1.0041509866714478,0.0007436096202582121
0.3893842212567288,1.0024678707122803,0.0007448398973792791
0.3894290914505776,0.9910749793052673,0.0007461881614290178
0.38947960734134357,1.0089625120162964,0.0007537391502410173
0.3895079857061783,1.0044794082641602,0.0007655863300897181
0.38957255525716883,1.0120199918746948,0.0007665303419344127
0.38958460204192114,1.0075576305389404,0.0007805578061379492
0.3896593804098367,1.0042489767074585,0.0007872857968322933
0.3896632222952915,1.0034257173538208,0.0007743394235149026
0.3897520489838384,1.002516269683838,0.0007695353124290705
0.3898384225292765,1.0047229528427124,0.0007435756269842386
0.38987494605053896,1.0023224353790283,0.000745485769584775
0.3899198243065989,0.9922770261764526,0.0007462591747753322
0.38997033345147414,1.0073875188827515,0.0007534301257692277
0.38999871987852,1.0064457654953003,0.0007663092110306025
0.39006328251933065,1.0103706121444702,0.0007656867965124547
0.3900753372012019,1.0083180665969849,0.0007809866801835597
0.3901501162272374,1.0056835412979126,0.0007872150163166225
0.39015395054463353,1.0057307481765747,0.0007751738303340971
0.39024277780871397,1.0029047727584839,0.0007696235552430153
0.39032915415132274,1.0052822828292847,0.0007435633451677859
0.39036567076216433,1.000611662864685,0.0007442470523528755
0.3904105572447246,0.991895854473114,0.0007459133630618453
0.39046105947950027,1.0089082717895508,0.0007537785568274558
0.3904894539685164,1.0069715976715088,0.0007663171272724867
0.39055400969906684,1.012281894683838,0.0007664847071282566
0.3905660723604827,1.0082426071166992,0.0007805809727869928
0.3906408520447989,1.0048260688781738,0.000786918040830642
0.3906446787935737,1.004117727279663,0.0007745589246042073
0.39073350671601514,1.002752661705017,0.0007703688461333513
0.39081988569142545,1.0059597492218018,0.000744197575841099
0.39085639555653684,1.0025696754455566,0.0007446497329510748
0.39090129018285036,0.9921965599060059,0.000746095203794539
0.39095178550736565,1.008824348449707,0.0007537466590292752
0.3909801880586735,1.0067898035049438,0.0007662725984118879
0.3910447368788029,1.0131208896636963,0.0007663521682843566
0.3910568075202455,1.0074162483215332,0.0007802828913554549
0.39113158778025603,1.0034213066101074,0.0007868329994380474
0.3911354070428352,1.0045719146728516,0.0007748201605863869
0.3912242355408908,1.002000331878662,0.000769715930800885
0.3913106172310461,1.0061222314834595,0.000744088611099869
0.3913471203507486,1.0006532669067383,0.000744274933822453
0.39139202312145804,0.9929289817810059,0.000746160454582423
0.391442511535231,1.0073301792144775,0.000753323023673147
0.3914709221485093,1.0046430826187134,0.000766045122873038
0.39153546405837847,1.0139832496643066,0.0007663279538974166
0.39154754267968694,1.0077146291732788,0.0007803100161254406
0.3916223235976569,1.0041998624801636,0.0007875749724917114
0.3916261352923378,1.0041381120681763,0.0007743975147604942
0.39171496444803133,1.0032079219818115,0.000770865473896265
0.39180134885293183,1.0059839487075806,0.0007443333161063492
0.39183784514463904,1.0016080141067505,0.0007445010123774409
0.3918827560597443,0.9916872382164001,0.0007460401975549757
0.3919332375635787,1.0085322856903076,0.0007540410733781755
0.3919616562383449,1.0052134990692139,0.0007663493161089718
0.392026191320219,1.0126194953918457,0.0007666455931030214
0.39203827783896783,1.0091432332992554,0.0007801187457516789
0.39211305941521846,1.0036884546279907,0.0007873092545196414
0.39211686354135833,1.0060114860534668,0.0007751946686767042
0.3922056933556539,1.0045735836029053,0.0007710676873102784
0.392292080392713,1.0066936016082764,0.0007445421651937068
0.39232856985642517,1.0015994310379028,0.0007445014198310673
0.39237348899787017,0.991635799407959,0.0007459523621946573
0.39242396367386967,1.0089069604873657,0.0007538744830526412
0.39245239032866264,1.003684401512146,0.0007649302715435624
0.39251691850011583,1.0130854845046997,0.0007668855250813067
0.3925290129985699,1.0096471309661865,0.0007807040237821639
0.3926037951508362,1.003880262374878,0.0007871005800552666
0.3926075918726438,1.0034735202789307,0.0007748411735519767
0.3926964221806901,1.0029737949371338,0.0007699027191847563
0.3927828119323338,1.0074610710144043,0.0007445967057719827
0.39281929465055654,1.0020124912261963,0.0007444775546900928
0.3928642219363171,0.9914605617523193,0.0007458762847818434
0.39291468970173515,1.0091677904129028,0.0007537287892773747
0.3929431244189001,1.004960298538208,0.0007656081579625607
0.3930076456801733,1.0134613513946533,0.0007668388425372541
0.39301974815801133,1.008600115776062,0.0007806236972101033
0.393094530968237,1.005463719367981,0.0007870917324908078
0.3930983201218251,1.005545735359192,0.0007745992043055594
0.39318715108783076,1.0025513172149658,0.0007695381063967943
0.3932735435545407,1.0065597295761108,0.0007443216745741665
0.3933100194443666,0.9997716546058655,0.0007439311593770981
0.39335495487436256,0.9912577271461487,0.000746221630834043
0.39340541572992194,1.0074200630187988,0.0007536323391832411
0.39343385850865553,1.0055139064788818,0.0007657999522052705
0.3934983728599095,1.0147521495819092,0.0007669829647056758
0.3935104833176134,1.0081475973129272,0.0007802203763276339
0.39358526678563777,1.004754662513733,0.000786957738455385
0.39358904837084563,1.004196047782898,0.0007745302864350379
0.3936778799952123,1.0024007558822632,0.0007695553940720856
0.393764275094563,1.0058482885360718,0.0007443373906426132
0.39380074423857836,1.001715064048767,0.0007445006049238145
0.3938456878124078,0.9923810362815857,0.0007459284388460219
0.39389614175770715,1.0079559087753296,0.0007540202350355685
0.39392459259849133,1.004953384399414,0.0007656620000489056
0.39398910012175004,1.0140652656555176,0.0007670787163078785
0.39400121847705494,1.0072681903839111,0.0007804675260558724
0.3940760025209342,1.0026880502700806,0.0007866225787438452
0.3940797766200268,1.0050760507583618,0.0007752518868073821
0.3941686088200076,1.0042245388031006,0.0007706779870204628
0.3942550066341034,1.00746750831604,0.0007447387324646115
0.3942914689506858,1.001762866973877,0.0007449434488080442
0.3943364207510156,0.9930334687232971,0.0007466535898856819
0.39438686778549226,1.007737159729004,0.0007534889737144113
0.3944153266886484,1.0025713443756104,0.0007655200897715986
0.39447982730148623,1.014299750328064,0.0007666710298508406
0.3944919535542314,1.0070797204971313,0.0007799873710609972
0.3945667383386564,1.003223180770874,0.0007861622725613415
0.3945705048695294,1.0058221817016602,0.0007743702153675258
0.3946593377271481,1.003456473350525,0.0007703130249865353
0.39474573817372405,1.0069835186004639,0.0007446218514814973
0.3947821937445761,1.002034306526184,0.0007444837247021496
0.39482715368946275,0.9929083585739136,0.0007468570838682353
0.3948775938138397,1.007323980331421,0.0007533638272434473
0.3949060608607492,1.0046905279159546,0.0007657271926291287
0.39497055448106166,1.0139787197113037,0.0007667607860639691
0.39498268871351205,1.0070139169692993,0.0007804898195900023
0.39505747407395286,1.0025410652160645,0.0007858664030209184
0.3950612331185499,1.0063334703445435,0.0007746046176180243
0.3951500665525056,1.0033009052276611,0.000770099344663322
0.3952364697959311,1.0071489810943604,0.0007444022339768708
0.3952729185384667,1.0009928941726685,0.0007443364011123776
0.3953178865453234,0.9920107126235962,0.0007461244240403175
0.39536831984202647,1.007651448249817,0.0007531344890594482
0.39539679495074564,1.0047544240951538,0.0007663635187782347
0.3954612816606372,1.014214038848877,0.0007668422185815871
0.39547342387279294,1.0073513984680176,0.0007804346387274563
0.39554820989167505,1.0038864612579346,0.0007866847445257008
0.3955519613675704,1.0042508840560913,0.0007742006564512849
0.39564079545996755,1.0043514966964722,0.0007709332858212292
0.3957272013355516,1.0070860385894775,0.0007444400689564645
0.3957636432502527,0.9997158646583557,0.0007441312191076577
0.3958086194836097,0.9925940036773682,0.0007462209323421121
0.39585904586989196,1.0068572759628296,0.0007539910147897899
0.3958875290410634,1.0043374300003052,0.0007646985468454659
0.3959520089229597,1.0146584510803223,0.0007668607868254185
0.3959641590323951,1.007106900215149,0.000780905713327229
0.39603894570907583,1.003885269165039,0.0007871385314501822
0.39604268961691236,1.0043355226516724,0.0007738638669252396
0.3961315243671082,1.0040807723999023,0.0007708797929808497
0.396217932875333,1.007940411567688,0.0007447231328114867
0.3962543680443037,1.0001345872879028,0.000744383898563683
0.39629935242173553,0.9928332567214966,0.0007459120824933052
0.3963497719801832,1.0077301263809204,0.0007536740158684552
0.39637826313089897,1.0032871961593628,0.0007651761407032609
0.39644273610285663,1.0140151977539062,0.0007663730066269636
0.39645489419183644,1.0071099996566772,0.0007804696797393262
0.39652968144413137,1.004144310951233,0.0007867555250413716
0.3965334179481175,1.005010724067688,0.0007740121800452471
0.3966222531921443,1.0043329000473022,0.0007708790362812579
0.39670866441543573,1.0071457624435425,0.0007442347705364227
0.39674509283851556,1.0009764432907104,0.0007448595715686679
0.39679008535986116,0.9920096397399902,0.0007463377551175654
0.39684049800804866,1.0071945190429688,0.0007531684823334217
0.39686899722073476,1.0045827627182007,0.0007652699714526534
0.3969334632823518,1.0148593187332153,0.0007668006583116949
0.39694562935135835,1.0073212385177612,0.0007798346341587603
0.397024146197379,1.005180835723877,0.0007743718451820314
0.3971129820992848,1.0036159753799438,0.0007710115169174969
0.39719939603756227,1.0068504810333252,0.0007449612021446228
0.3972358175503017,0.9999826550483704,0.0007440752815455198
0.39728081829846884,0.9908003211021423,0.000745801895391196
0.39733122403615506,1.0059814453125,0.0007530306465923786
0.3973597313107312,1.0041581392288208,0.0007649030303582549
0.39742419046216826,1.0152528285980225,0.0007669511833228171
0.39743636451088005,1.007738709449768,0.0007807089132256806
0.3975111530793346,1.0017695426940918,0.000786262156907469
0.3975148744468817,1.0058459043502808,0.0007743424503132701
0.39760371100642544,1.0051392316818237,0.0007706130854785442
0.39769012757710265,1.005937099456787,0.000744913995731622
0.39772654234419214,1.0003025531768799,0.0007438590982928872
0.3977715512367552,0.9924792647361755,0.0007459776825271547
0.3978219500644222,1.0065103769302368,0.0007529554422944784
0.397850465400567,1.0030789375305176,0.00076521304436028
0.3979149176417437,1.0158106088638306,0.0007669792976230383
0.39792709958789585,1.0051692724227905,0.0007797345751896501
0.3980018888147918,1.0032718181610107,0.0007869871915318072
0.39800560269590224,1.0058302879333496,0.0007747153285890818
0.39809443983178305,1.004561424255371,0.0007705959724262357
0.3981808591167234,1.0067774057388306,0.0007444692309945822
0.3982172670558175,1.0011157989501953,0.0007445149822160602
0.3982622840926159,0.9931208491325378,0.0007464988739229739
0.3983126760922877,1.0075793266296387,0.0007531681330874562
0.3983411994907241,1.003893494606018,0.0007646727026440203
0.39840564482148,1.0160903930664062,0.0007670841878280044
0.3984178347471766,1.0073202848434448,0.0007803690386936069
0.39849262463235313,1.0027313232421875,0.0007867021486163139
0.39849633094492265,1.0067672729492188,0.0007749039796181023
0.39858516873940564,1.0050424337387085,0.0007715714746154845
0.39867159065666535,1.008455753326416,0.0007452336139976978
0.398707991849949,1.0007277727127075,0.0007443472859449685
0.39875301703106303,0.9906027913093567,0.000745477678719908
0.3988034021201532,1.0086590051651,0.0007537407800555229
0.3988319335809615,1.0038396120071411,0.0007653274806216359
0.39889637208380246,1.016114592552185,0.0007667160243727267
0.39890856990661805,1.0083733797073364,0.0007802898180671036
0.398983360449754,1.004641056060791,0.0007869488908909261
0.39898705919410393,1.005756139755249,0.0007746080518700182
0.3990758975642812,1.0042524337768555,0.0007708349148742855
0.39916232219644665,1.009990930557251,0.0007452495628967881
0.39919871664408035,0.9992017149925232,0.0007437547319568694
0.39924374996918865,0.9937224984169006,0.000746727513615042
0.39929412814834,1.006917953491211,0.0007532945601269603
0.3993226676707169,1.0036776065826416,0.0007648847531527281
0.399387099263378,1.016253113746643,0.0007670468767173588
0.39939930506622023,1.007341742515564,0.000780444242991507
0.3994740961848898,1.0022398233413696,0.0007864511571824551
0.39947778744344586,1.006229043006897,0.0007746846531517804
0.3995666264714217,1.0040428638458252,0.0007708321209065616
0.3996530537363886,1.007814645767212,0.000744798977393657
0.3996894413558665,0.998196005821228,0.0007437965250574052
0.3997344829072341,0.9924026131629944,0.0007460566703230143
0.39978485417620546,1.0075703859329224,0.0007534654578194022
0.3998134017605526,1.003563642501831,0.0007647140300832689
0.39987782644295344,1.0154500007629395,0.0007666987949050963
0.39989004022566177,1.0067074298858643,0.0007803532644174993
0.39996483200245136,1.0034898519515991,0.0007865497027523816
0.39996851569262704,1.0074647665023804,0.0007747447234578431
0.4000573553787229,1.0049431324005127,0.0007715295068919659
0.400143785358435,1.0063743591308594,0.0007453122525475919
0.40018016615007823,0.9982969164848328,0.000743443553801626
0.40022521584576154,0.9920641183853149,0.0007461430504918098
0.4002755802042316,1.0078792572021484,0.0007532790768891573
0.4003041358507097,1.0031553506851196,0.0007646842859685421
0.40036855362268964,1.016184687614441,0.0007671551429666579
0.4003807753851031,1.0079879760742188,0.0007809303933754563
0.4004555677380691,1.0020267963409424,0.0007866263622418046
0.4004592439418083,1.0060757398605347,0.0007748473435640335
0.4005480842037592,1.0041213035583496,0.0007710070931352675
0.4006345168980556,1.0080136060714722,0.0007446462986990809
0.4006708908617036,1.0005252361297607,0.0007443059585057199
0.4007159487019435,0.9907993674278259,0.0007458006148226559
0.40076630623257903,1.0078977346420288,0.0007540364167653024
0.4007948699405455,1.0023624897003174,0.000764592201448977
0.40085928080226507,1.017055630683899,0.0007673678919672966
0.4008715104621189,1.0047516822814941,0.0007806387729942799
0.4009463035557913,1.0022919178009033,0.0007861869526095688
0.40094997219082873,1.0054441690444946,0.0007747506024315953
0.40103881311122114,1.0032800436019897,0.0007706067408435047
0.4011252484376764,1.0090599060058594,0.0007451044511981308
0.40116161565559405,0.9991695284843445,0.0007438119500875473
0.4012066816400691,0.9913052916526794,0.0007454326841980219
0.4012570322604445,1.0086910724639893,0.000753431289922446
0.4012856040305418,1.0032434463500977,0.0007646139711141586
0.401350007982162,1.0175518989562988,0.0007670719642192125
0.40136224562139977,1.0049188137054443,0.000779771595261991
0.4014370393731921,1.0033762454986572,0.0007868659449741244
0.40144070043984925,1.0053290128707886,0.000773796287830919
0.4015295420185223,1.0050123929977417,0.000771171529777348
0.401615979977779,1.0085166692733765,0.0007452386198565364
0.40165234044964515,0.9986829161643982,0.0007437206222675741
0.4016974145783556,0.993385910987854,0.0007461283821612597
0.40174775828831,1.0073883533477783,0.000753106374759227
0.40177633812085956,1.0030572414398193,0.0007647811435163021
0.4018407351622195,1.0169930458068848,0.0007675795932300389
0.4018529807811625,1.00541090965271,0.0007801769534125924
0.40192777510848854,1.0027912855148315,0.0007870345143601298
0.4019314286891912,1.0076740980148315,0.000774610263761133
0.40202027084339786,1.002202033996582,0.0007713559316471219
0.4021067115175603,1.0101535320281982,0.0007452958961948752
0.40214306516151155,0.9992712140083313,0.0007441946654580534
0.40218814751648124,0.9925633072853088,0.0007460947381332517
0.40223848431633613,1.0068659782409668,0.0007531284354627132
0.40226707221069535,1.0034680366516113,0.0007646327139809728
0.40233146242406004,1.0194178819656372,0.0007679242989979684
0.40234371594076457,1.00640869140625,0.0007804122287780046
0.4024185109258893,1.0012731552124023,0.0007863015634939075
0.40242215693869376,1.0065441131591797,0.0007740465807728469
0.4025109997505385,1.0048213005065918,0.0007714147213846445
0.4025974430571809,1.0080636739730835,0.0007449174881912768
0.40263378995564303,0.9983190894126892,0.0007436843006871641
0.4026788804549283,0.9925098419189453,0.0007456997991539538
0.4027292103442015,1.0063832998275757,0.0007530958391726017
0.40275780630053115,1.004345178604126,0.0007646496524102986
0.4028221896035552,1.018274188041687,0.0007674520020373166
0.40283445110004534,1.006597638130188,0.0007803334738127887
0.4029092467435311,1.0013784170150757,0.0007861277554184198
0.40291288518787505,1.0058043003082275,0.000774121901486069
0.40300172865792006,1.0036144256591797,0.0007714178063906729
0.4030881745970426,1.0108802318572998,0.0007458209875039756
0.40312451466742916,0.9979188442230225,0.0007439539767801762
0.4031696133111907,0.9917716979980469,0.0007462024223059416
0.4032199363723884,1.0065752267837524,0.0007530561997555196
0.4032485403905276,1.0027415752410889,0.0007642942946404219
0.40331291678337167,1.0191134214401245,0.0007677624234929681
0.4033251861772218,1.006943941116333,0.0007806445355527103
0.4033999824790687,1.0013244152069092,0.0007860446348786354
0.40340361343689557,1.0071983337402344,0.0007741873851045966
0.40349245748303664,1.0040658712387085,0.0007716499385423958
0.40357890613658287,1.0089887380599976,0.0007449922850355506
0.4036152394613195,0.9991447329521179,0.0007438614265993237
0.4036603462495575,0.9925181269645691,0.00074672483606264
0.40371066240065545,1.0069652795791626,0.0007534776232205331
0.4037392744806847,1.0051634311676025,0.0007651150808669627
0.4038036439629471,1.0178320407867432,0.0007678158581256866
0.40381592133650257,1.0062129497528076,0.0007804385386407375
0.4038907182964695,1.0019243955612183,0.0007866797968745232
0.4038943417683417,1.0060901641845703,0.0007741657900623977
0.4039831863903378,1.00416898727417,0.0007714172243140638
0.40406963767620363,1.0105923414230347,0.0007452535210177302
0.40410596417294486,0.999181866645813,0.0007442956557497382
0.4041510791876831,0.9935749769210815,0.0007460527122020721
0.40420138842844067,1.006170630455017,0.000753090949729085
0.40423000848841606,1.0028644800186157,0.0007650122279301286
0.4042943711426834,1.0182887315750122,0.0007673428626731038
0.40430665649578335,1.0059864521026611,0.0007797851576469839
0.4043814541138703,1.0022553205490112,0.0007860775804147124
0.40438507001736224,1.0060025453567505,0.0007744122412987053
0.4044739152155348,1.0048775672912598,0.0007714400999248028
0.4045603692163062,1.0097332000732422,0.0007449004915542901
0.4045966889671567,0.9977178573608398,0.0007433046703226864
0.40464181212580885,0.9923402667045593,0.0007467825198546052
0.40469211445630604,1.0074021816253662,0.0007533728494308889
0.40472074257857316,1.0039433240890503,0.0007638732786290348
0.4047850983227409,1.0183566808700562,0.0007675208034925163
0.4047973916555462,1.005204200744629,0.0007806014036759734
0.4048721898493274,1.0029263496398926,0.0007862583152018487
0.40487579826638287,1.0070390701293945,0.0007745294715277851
0.4049646441226753,1.0040256977081299,0.0007713980739936233
0.4050511007562483,1.0106306076049805,0.0007454078877344728
0.40508741367894274,0.9967487454414368,0.0007434667786583304
0.40513254498183027,0.9910011887550354,0.0007454619044438004
0.40518284048449293,1.006511926651001,0.0007527944981120527
0.40521147666832846,1.003669261932373,0.0007645495352335274
0.40527582550231633,1.0207972526550293,0.0007680798880755901
0.405288126815309,1.004470944404602,0.0007801156607456505
0.40536292566672827,1.0015455484390259,0.000785781245213002
0.40536652651588534,1.0066498517990112,0.0007735526305623353
0.4055418322958688,1.0112245082855225,0.0007465498056262732
0.40557813847299384,0.9993546009063721,0.0007437263848260045
0.4056232779202772,0.9926658868789673,0.0007459439802914858
0.40567356651251907,1.006728172302246,0.0007529894355684519
0.4057022107580839,1.0029796361923218,0.0007644566940143704
0.40576655268189177,1.0192557573318481,0.0007676280802115798
0.4057788618923248,1.005292534828186,0.0007801292813383043
0.4058536614020247,1.0026267766952515,0.00078592385398224
0.4058572547651469,1.0066280364990234,0.0007741560693830252
0.40594610185485214,1.0040041208267212,0.0007714541279710829
0.40603256383565023,1.0115643739700317,0.0007454903679899871
0.4060688631849405,0.9973161816596985,0.0007433551363646984
0.4061140108585636,0.9925327897071838,0.0007459418848156929
0.40616429254070585,1.0052235126495361,0.0007530308794230223
0.406192944848241,1.0018494129180908,0.0007642021519131958
0.40625727986170845,1.0190778970718384,0.0007674965891055763
0.4062695970515252,1.0062228441238403,0.0007805084460414946
0.40634439721990756,1.003231167793274,0.0007868455722928047
0.40634798301408714,1.0065115690231323,0.0007738566491752863
0.4064368307622337,1.0040771961212158,0.0007717758999206126
0.4065232953752709,1.0116136074066162,0.000745972793083638
0.4065595879789917,0.9987205862998962,0.0007442034548148513
0.406604743714585,0.9921885132789612,0.0007460390334017575
0.406655018568732,1.006268858909607,0.0007527200505137444
0.4066836789382374,1.0024805068969727,0.0007640020921826363
0.4067480070412035,1.0214080810546875,0.0007684395532123744
0.406760332211047,1.0045554637908936,0.000779896043241024
0.4068351330373082,1.0016664266586304,0.0007859732140786946
0.40683871126342896,1.0073620080947876,0.0007748213247396052
0.40692755966961525,1.0046842098236084,0.0007720140856690705
0.40701402691489164,1.0097965002059937,0.0007454599835909903
0.4070503126906171,0.998200535774231,0.0007436356972903013
0.4070954766527106,0.9936336278915405,0.0007464803056791425
0.4071457445967581,1.0057693719863892,0.0007524965913034976
0.4071744130283945,1.003314733505249,0.0007642569253221154
0.40723873422110035,1.0205754041671753,0.0007683950243517756
0.4072510673703278,1.0053966045379639,0.0007806525682099164
0.40732586877244403,1.0017648935317993,0.0007859851466491818
0.4073294395124496,1.0083298683166504,0.0007743464084342122
0.40741828849465156,1.004440188407898,0.0007719418499618769
0.4075047584549941,1.0108354091644287,0.0007456079474650323
0.40754103740256387,0.995452344417572,0.0007427846430800855
0.40758620959083636,0.9913002252578735,0.0007458485779352486
0.4076364706246236,1.0067623853683472,0.0007537359488196671
0.40766514711839097,1.0023887157440186,0.0007639270625077188
0.40772946140115796,1.0200560092926025,0.0007680667913518846
0.40774180244750424,1.0045546293258667,0.0007807078654877841
0.40781660459000557,1.0020146369934082,0.0007861972553655505
0.40782016767920504,1.0073415040969849,0.0007740164292044938
0.4079090174017921,1.0050358772277832,0.0007721104193478823
0.40799548999477553,1.0124025344848633,0.000746245845220983
0.40803176219693627,0.9985065460205078,0.0007432765560224652
0.4080769424470184,0.9939407110214233,0.0007465205271728337
0.4081271966524891,1.0053423643112183,0.0007527272682636976
0.40815588120822666,1.0028363466262817,0.000763846910558641
0.4082201885807334,1.0209568738937378,0.0007679852424189448
0.4082325376072671,1.004355788230896,0.0007801252650097013
0.40830734040740646,1.0012942552566528,0.0007863564533181489
0.40831089592870773,1.0047531127929688,0.0007738866261206567
0.4083997463089326,1.0062826871871948,0.0007722089649178088
0.4084862215343962,1.0116323232650757,0.0007461390341632068
0.40852248690848136,0.999535322189331,0.000743742857594043
0.4085676753853049,0.9917891621589661,0.0007456049788743258
0.4086179226808365,1.0054662227630615,0.000752486230339855
0.40864661529806245,1.003292441368103,0.00076388189336285
0.4087109158425739,1.0218687057495117,0.0007687903707846999
0.40872327276654785,1.0051323175430298,0.0007803786429576576
0.40879807614286356,1.0009568929672241,0.0007861165795475245
0.4088016241778889,1.00791335105896,0.0007741182926110923
0.40889047513412946,1.0041558742523193,0.0007718861452303827
0.40897695307433823,1.0123260021209717,0.000746396544855088
0.40901321170229143,0.9968534111976624,0.0007429354591295123
0.40905840832367146,0.992787778377533,0.000746306381188333
0.4091086487090233,1.0060412883758545,0.0007528457208536565
0.4091373493057938,1.002277135848999,0.0007635780493728817
0.4092016430223101,1.0213021039962769,0.0007681821589358151
0.40921400784356365,1.0031843185424805,0.0007794159464538097
0.409288811960666,1.0012058019638062,0.0007859499892219901
0.4092923524269093,1.006813645362854,0.0007740957662463188
0.40938120404143075,1.004609227180481,0.0007722018635831773
0.4094676846138785,1.0125555992126465,0.0007461966597475111
0.4095039364142382,0.9984413981437683,0.0007436968153342605
0.40954914117977326,0.9926895499229431,0.0007464928785338998
0.4095993747368888,1.0060958862304688,0.0007525639375671744
0.40962808339611156,1.0028741359710693,0.0007639972609467804
0.4096923702020463,1.021490216255188,0.0007683128933422267
0.4097047430030051,1.003078579902649,0.0007794873090460896
0.40977954777830783,1.00016188621521,0.0007855225703679025
0.4097830806760907,1.0083892345428467,0.0007739728316664696
0.40987193294873203,1.005462646484375,0.0007724535535089672
0.4099584161534189,1.0116959810256958,0.0007457839674316347
0.40999466120812866,0.9965223670005798,0.0007430803962051868
0.410039874117899,0.9934872984886169,0.00074631383176893
0.41009010068264984,1.0065988302230835,0.0007529393769800663
0.41011881748626866,1.002598524093628,0.000764568685553968
0.41018309738194303,1.0224671363830566,0.0007688458426855505
0.41019547816228585,1.006382942199707,0.0007802107720635831
0.41027028351344363,1.0015363693237305,0.0007860602927394211
0.4102738089251111,1.0082000494003296,0.0007743015303276479
0.4103626617739289,1.0049678087234497,0.0007724143215455115
0.4104491476935215,1.0137591361999512,0.0007461727946065366
0.4104853859199148,0.996713399887085,0.0007429943652823567
0.4105306070560246,0.9919843077659607,0.0007456123712472618
0.4105808267105153,1.006160020828247,0.000752728374209255
0.41060955157610446,1.0029250383377075,0.0007635998190380633
0.41067382456167933,1.0222896337509155,0.0007688386831432581
0.4106862133218879,1.0053775310516357,0.0007805605418980122
0.4107610193308444,1.0024442672729492,0.0007859261240810156
0.41076453717445305,1.0073848962783813,0.0007741078734397888
0.4108533906810694,1.0051336288452148,0.0007726077456027269
0.41093987923346353,1.012993574142456,0.0007459341431967914
0.4109761106320222,0.996618926525116,0.0007433629943989217
0.41102133991236733,0.9926655292510986,0.0007461410132236779
0.4110715527383808,1.005934476852417,0.0007528365240432322
0.4111002856661009,1.0019253492355347,0.0007637139060534537
0.41116455174125477,1.0224888324737549,0.0007686525932513177
0.4111769483993857,1.0037586688995361,0.000780034635681659
0.411251755066141,1.0006295442581177,0.0007848447421565652
0.41125526542395563,1.0069063901901245,0.0007734543178230524
0.41134411950594496,1.0041707754135132,0.0007722896989434958
0.41143061077308407,1.0118523836135864,0.0007466007955372334
0.41146683542591256,0.9978293776512146,0.0007434076978825033
0.4115120728506537,0.9941892027854919,0.0007469694828614593
0.41156227876672824,1.0049320459365845,0.0007523363456130028
0.4115910197559367,1.0020889043807983,0.0007640408584848046
0.4116552789208303,1.0238754749298096,0.0007686757599003613
0.41166768355866656,1.0049015283584595,0.000780330563429743
0.41174249088386305,1.000270962715149,0.0007856293232180178
0.41174599367297615,1.0078496932983398,0.0007741401204839349
0.41183484841356754,1.0048434734344482,0.0007725967443548143
0.4119213423128655,1.012639045715332,0.000745922967325896
0.4119575601375379,0.9973905682563782,0.0007433805731125176
0.41200280578877935,0.9924556612968445,0.0007459853077307343
0.4120530047947544,1.0057196617126465,0.0007526561385020614
0.41208175376366807,1.0009859800338745,0.0007637499365955591
0.4121460061006468,1.0220857858657837,0.0007685379823669791
0.41215841871794723,1.0031365156173706,0.0007799792219884694
0.4122332267014245,1.0010039806365967,0.0007856731535866857
0.4122367219219163,1.0067909955978394,0.0007735987892374396
0.41232557732086883,1.0049610137939453,0.0007734106620773673
0.4124120738524861,1.0132360458374023,0.0007468187832273543
0.41244828484932405,0.9956177473068237,0.0007435766747221351
0.41249353864488125,0.9931060075759888,0.000746104575227946
0.41254373082261986,1.005267858505249,0.0007520754588767886
0.4125724878539858,1.002593755722046,0.000763384101446718
0.41263673328046335,1.0249427556991577,0.0007691879873163998
0.4126491537951237,1.0027098655700684,0.0007802028558216989
0.41272396243672094,0.9999750256538391,0.0007855777512304485
0.41272745017117796,1.007643461227417,0.000774692976847291
0.4128163061457444,1.0057063102722168,0.0007730679935775697
0.41290280531000245,1.012941598892212,0.0007467973046004772
0.4129390096432145,0.9967180490493774,0.0007432879065163434
0.4129842715829265,0.9944387078285217,0.000746569421608001
0.4130344568507264,1.0062979459762573,0.0007522509549744427
0.4130632219438216,1.0018731355667114,0.000763563031796366
0.41312746037793446,1.023848295211792,0.000769180478528142
0.4131398889545652,1.0032141208648682,0.000779559020884335
0.4132146982541218,1.0014382600784302,0.0007858003955334425
0.41321817842019837,1.0077261924743652,0.0007735795807093382
0.41330703505304556,1.0043278932571411,0.0007722725276835263
0.41339353685010516,1.0126560926437378,0.0007461888017132878
0.4134297343551613,0.9955999851226807,0.0007430932600982487
0.41347500443878726,0.9917028546333313,0.0007456372259184718
0.4135251828785115,1.0061042308807373,0.0007524273823946714
0.4135539560336572,1.0019807815551758,0.0007629455649293959
0.4136181875578313,1.024346113204956,0.0007687050383538008
0.4136306241141674,1.0042625665664673,0.0007798439473845065
0.4137054340715226,0.9996669292449951,0.000785134150646627
0.41370890666937954,1.008472204208374,0.000773738429415971
0.4137977639601862,1.0049335956573486,0.0007732661324553192
0.4138842683897258,1.0129307508468628,0.0007459402550011873
0.4139204590672687,0.9943726658821106,0.0007423913921229541
0.41396573737739495,0.99498051404953,0.0007470952114090323
0.4140159088241119,1.004852294921875,0.0007523055537603796
0.4140446901238143,1.0017632246017456,0.0007642325945198536
0.4141089147375675,1.0251606702804565,0.000769003585446626
0.41412135919134385,1.0030725002288818,0.0007797197322361171
0.41419616980714047,1.000383973121643,0.0007850575493648648
0.41419963491888223,1.007834792137146,0.0007738404674455523
0.41428849278506175,1.0044904947280884,0.0007736549014225602
0.41437499992934645,1.012540340423584,0.0007458283216692507
0.4144111838610788,0.9964848756790161,0.0007430374389514327
0.414456470315842,0.9934030771255493,0.0007458723266609013
0.4145066348524594,1.0066536664962769,0.0007524190004914999
0.4145354242135698,1.0010406970977783,0.0007631041808053851
0.41459964191714294,1.0252344608306885,0.0007692375802434981
0.4146120943506245,1.0035266876220703,0.0007800213643349707
0.41468690562486266,0.999604344367981,0.0007848088862374425
0.41469036316790275,1.0077722072601318,0.0007739165448583663
0.41477922169268433,1.0047436952590942,0.000772755709476769
0.4148657314692884,1.0134124755859375,0.0007461432251147926
0.41490190857262377,0.9960553050041199,0.0007432253332808614
0.41494720317170264,0.9930049180984497,0.0007460692431777716
0.4149973608806462,1.0065395832061768,0.0007527349516749382
0.41502615822138145,1.0027905702590942,0.0007635538931936026
0.4150903690967185,1.0250358581542969,0.000769314356148243
0.4151028295099054,1.002003788948059,0.0007799764862284064
0.41517764135999846,1.0004703998565674,0.0007856477168388665
0.4151810913346583,1.008133888244629,0.0007736237021163106
0.41526995060014615,1.005583643913269,0.0007734737591817975
0.4153564629265637,1.012376308441162,0.0007460202905349433
0.41539263328457054,0.9957990050315857,0.0007432117708958685
0.41543793610998914,0.9933814406394958,0.0007462210487574339
0.4154880869085117,1.0057721138000488,0.0007521494990214705
0.4155168923116992,1.003361701965332,0.0007635357324033976
0.4155810962767761,1.0252193212509155,0.000769840378779918
0.4155935645871621,1.0023993253707886,0.0007799427257850766
0.4156683771775598,1.0015839338302612,0.0007860123878344893
0.4156718195838395,1.0084179639816284,0.0007737046107649803
0.41576067942494144,1.004642128944397,0.0007729680510237813
0.4158471944664255,1.013895869255066,0.0007464002119377255
0.415883358078461,0.9958645701408386,0.0007436619489453733
0.4159286689658498,0.9936285614967346,0.00074620614759624
0.4159788129365378,1.0047920942306519,0.0007521226652897894
0.416007626401535,1.0000641345977783,0.000762452429626137
0.41607182345651217,1.0246134996414185,0.0007689996855333447
0.4160842997466839,1.0023674964904785,0.000779848953243345
0.41615911299496067,1.0001131296157837,0.0007855264120735228
0.41616254783286,1.0079065561294556,0.0007740078726783395
0.416251408332323,1.0065635442733765,0.0007732037920504808
0.4163379260065281,1.014777660369873,0.0007469911361113191
0.4163740827902471,0.9961368441581726,0.0007432886050082743
0.4164194019039754,0.9944537281990051,0.000746504811104387
0.4164695389644033,1.004348635673523,0.000752426974941045
0.4164983604913708,1.001250982284546,0.0007625066209584475
0.4165625506360877,1.025772213935852,0.0007692931103520095
0.41657503490612535,1.0026829242706299,0.0007799777085892856
0.4166498487300965,1.0003149509429932,0.0007853569113649428
0.41665327608220193,1.0079861879348755,0.0007736659026704729
0.4167421372394635,1.005975604057312,0.0007739735301584005
0.41682865754614873,1.0143359899520874,0.0007463639485649765
0.41686480750235455,0.9959180951118469,0.0007438226602971554
0.41691013476031813,0.9937120676040649,0.0007464944501407444
0.4169602649100037,1.0047082901000977,0.0007521001389250159
0.41698909449910215,1.0009294748306274,0.0007629332249052823
0.41705327781598456,1.0263043642044067,0.0007696435786783695
0.41706576998346245,1.0017037391662598,0.0007806969806551933
0.4171405845479793,1.0002787113189697,0.0007853430579416454
0.4171440043317044,1.008066177368164,0.0007737643318250775
0.4172328660643392,1.0054388046264648,0.0007733272504992783
0.4173193890857694,1.0141030550003052,0.0007465296075679362
0.41735553221398003,0.9952757358551025,0.0007427074015140533
0.4174008676986045,0.9932563304901123,0.0007460303604602814
0.41745099093835114,1.004613995552063,0.0007519568898715079
0.41747982858893795,1.0005578994750977,0.0007629279862158
0.4175440049955601,1.0270178318023682,0.0007693251827731729
0.417556505142904,1.0037729740142822,0.000780547852627933
0.41763132036554085,0.9997610449790955,0.0007851025438867509
0.41763473258072503,1.0080504417419434,0.0007733922684565187
0.41772359497196176,1.005728840827942,0.0007741974550299346
0.4178101205432857,1.0142611265182495,0.000746255973353982
0.41784625700787037,0.9961702227592468,0.0007430629921145737
0.41789160063673025,0.993992269039154,0.0007463637739419937
0.4179417169663773,1.0053722858428955,0.0007522874511778355
0.4179705626789344,1.0013819932937622,0.0007626931183040142
0.41803473217513554,1.0274046659469604,0.0007694358937442303
0.4180472402199197,1.0007840394973755,0.0007803149637766182
0.41812205610067654,0.9997263550758362,0.0007858221651986241
0.41812546082974555,1.0098618268966675,0.0007740471628494561
0.41821432379699797,1.0063012838363647,0.000773655716329813
0.41830085208322776,1.0149379968643188,0.0007465261151082814
0.4183369817196564,0.9942654967308044,0.0007426083320751786
0.4183823334929123,0.9934604167938232,0.0007468703552149236
0.41843244299424276,1.0047516822814941,0.0007522940868511796
0.41846129676925214,1.002414345741272,0.0007629800238646567
0.41852545935519303,1.0269626379013062,0.0007696418324485421
0.41853797537920057,1.0017868280410767,0.000779898779001087
0.41861279191831846,0.9999028444290161,0.0007854356663301587
0.4186161890789267,1.0086677074432373,0.0007736614788882434
0.4187050527041385,1.0062800645828247,0.0007735658437013626
0.41879158362300906,1.0151159763336182,0.0007468941621482372
0.41882770643160316,0.9963133931159973,0.0007428267854265869
0.4188730664309577,0.9947723746299744,0.0007468975964002311
0.41892316902242954,1.0066542625427246,0.0007525484543293715
0.41895203077682286,1.0007187128067017,0.0007627758895978332
0.41901618653492934,1.02692449092865,0.0007695333915762603
0.4190287105389634,1.0038763284683228,0.0007805090281181037
0.41910352773563886,1.000152587890625,0.0007855274598114192
0.4191069172456823,1.0073785781860352,0.0007733569364063442
0.4191957816114398,1.0056389570236206,0.0007734228856861591
0.4192823150805254,1.0167399644851685,0.0007476654718630016
0.4193184311433893,0.9951581954956055,0.0007431712001562119
0.41936379928673806,0.9949368834495544,0.0007464772206731141
0.4194138949679497,1.006545066833496,0.0007524553802795708
0.41944276486665855,0.9995516538619995,0.0007624439313076437
0.4195069136322397,1.0284534692764282,0.0007699349662289023
0.41951944561613974,1.0028029680252075,0.0007804979686625302
0.41959426347077466,0.9997377395629883,0.0007855762378312647
0.41959764549486345,1.0071128606796265,0.0007734008249826729
0.4196865104363152,1.005915880203247,0.0007734691607765853
0.4197730466204673,1.0168060064315796,0.0007477905019186437
0.41980915593760104,0.9953945279121399,0.0007427162490785122
0.41985453222534574,0.9943482279777527,0.0007465838571079075
0.4199046209960563,1.0053588151931763,0.0007523845997639
0.41993349895681564,1.001967430114746,0.0007628857856616378
0.4199976408119759,1.0281367301940918,0.00076977105345577
0.4200101807754205,1.000785231590271,0.0007794142584316432
0.4200849992886575,1.000884771347046,0.0007855495205149055
0.42008837374436614,1.008346676826477,0.0007735022809356451
0.42017723934377726,1.00429368019104,0.0007730700890533626
0.4202637781600881,1.0150259733200073,0.0007471955614164472
0.42029988064938717,0.9937901496887207,0.0007424675859510899
0.4203452650815278,0.9940286874771118,0.0007462589419446886
0.42039534702440373,1.0045018196105957,0.0007525928085669875
0.42042423304657106,1.0009183883666992,0.0007631639600731432
0.4204883679915514,1.0281662940979004,0.0007700650603510439
0.4205009158527576,1.0016409158706665,0.0007800246239639819
0.42057573502427537,0.9992616176605225,0.0007853911956772208
0.42057910199338655,1.008880853652954,0.0007739515858702362
0.42066796825139985,1.0056700706481934,0.0007735305116511881
0.42075450961744376,1.0154509544372559,0.0007466607494279742
0.42079060536101265,0.9942905902862549,0.0007423963397741318
0.42083599801965343,0.9940322041511536,0.0007466609822586179
0.4208860730522692,1.0052038431167603,0.0007518755155615509
0.4209149670543828,1.0010839700698853,0.0007623723358847201
0.42097909517144827,1.0283229351043701,0.0007700210553593934
0.4209916510120385,1.0021641254425049,0.0007801981410011649
0.42106647084167603,0.9981775283813477,0.0007855257717892528
0.4210698302424071,1.008399248123169,0.0007735423278063536
0.4211586970762754,1.0056945085525513,0.0007741469307802618
0.42124524115754636,1.01609206199646,0.0007473196601495147
0.421281330072638,0.9958749413490295,0.0007428767275996506
0.42132673087567485,0.9935817122459412,0.0007459844346158206
0.4213767989978696,1.0046782493591309,0.0007516798796132207
0.42140570114470055,1.0007368326187134,0.0007626545266248286
0.42146982235150576,1.0281609296798706,0.0007702297298237681
0.42148238617131917,1.0012705326080322,0.0007800864987075329
0.4215572066590769,1.0006179809570312,0.0007855769945308566
0.4215605584916686,1.0092118978500366,0.0007738625863566995
0.42173597269732765,1.015700101852417,0.0007467571995221078
0.42177205478474544,0.9946558475494385,0.0007428949465975165
0.4218174638138006,0.9945874810218811,0.0007464377558790147
0.42186752502589575,1.002718448638916,0.0007511510048061609
0.42189643523453635,1.0001739263534546,0.0007621991098858416
0.42196054953100104,1.0290638208389282,0.0007699059206061065
0.42197312124873665,1.0023245811462402,0.0007799212471581995
0.4220479423943734,1.0001877546310425,0.0007852335693314672
0.4220512866586652,1.007837176322937,0.000772991159465164
0.4221401548907172,1.0052320957183838,0.0007747074705548584
0.42222670415468333,1.0165812969207764,0.0007475787424482405
0.42226277949653157,0.9950424432754517,0.0007425274234265089
0.422308196669822,0.9942060708999634,0.0007462793146260083
0.42235825105400215,1.0056530237197876,0.0007519580540247262
0.42238716924210706,1.0015699863433838,0.0007637128001078963
0.4224512767104961,1.02847158908844,0.0007700423011556268
0.42246385640825845,1.0022038221359253,0.0007804687484167516
0.42253867821177427,0.9986057877540588,0.000784685427788645
0.4225420149078464,1.00797700881958,0.0007733324309810996
0.4226308837157533,1.0066100358963013,0.0007736197439953685
0.4227174356944646,1.0162954330444336,0.0007470647688023746
0.4227535042904219,0.9956058859825134,0.0007428288809023798
0.4227989296084297,0.9937997460365295,0.0007463775691576302
0.4228489769998437,1.0047296285629272,0.0007522049709223211
0.4228779033321035,0.9998582601547241,0.0007627736777067184
0.42294200380812796,1.0290457010269165,0.0007702204748056829
0.42295459148527426,1.0027393102645874,0.0007810278912074864
0.42302941402949623,0.9993927478790283,0.0007848777459003031
0.4230327431571883,1.007968544960022,0.0007734232349321246
0.42312161262321535,1.0065487623214722,0.000773931504227221
0.4232081672340853,1.0168410539627075,0.0007474042940884829
0.4232442290023687,0.9938909411430359,0.0007427769596688449
0.42328966246461175,0.9939814805984497,0.0007462954381480813
0.42333970302786983,1.0037286281585693,0.0007520198705606163
0.4233686374222606,1.0006191730499268,0.0007624658173881471
0.4234327309877035,1.0304560661315918,0.0007708161137998104
0.4234453266447158,1.001900315284729,0.0007803356857039034
0.4235201497651142,0.9997925162315369,0.0007859538309276104
0.42352347140620883,1.0110466480255127,0.0007743402384221554
0.4236123415305165,1.0054644346237183,0.0007739897118881345
0.42369889869144095,1.01616632938385,0.0007476264145225286
0.4237349537139138,0.9943733215332031,0.0007422195631079376
0.4237803953204725,0.995551347732544,0.0007465988164767623
0.4238304290560566,1.0045639276504517,0.0007518581696785986
0.42385937142999197,1.00032377243042,0.0007618834497407079
0.4239234581674396,1.0297725200653076,0.0007700216956436634
0.4239360617217316,1.0016496181488037,0.0007796674035489559
0.4240108855825149,1.000658392906189,0.0007854694849811494
0.42401419965522935,1.0101242065429688,0.0007740145083516836
0.4241030703557134,1.00468111038208,0.0007742780726402998
0.42418963023154366,1.01542329788208,0.0007467562099918723
0.4242256784254589,0.9943615198135376,0.0007423981442116201
0.42427112825859814,0.9944843649864197,0.0007465071394108236
0.4243211550839221,1.0050408840179443,0.0007522382657043636
0.4243501055199884,1.0006723403930664,0.0007623825222253799
0.4244141853474971,1.0304957628250122,0.000770090613514185
0.42442679688133356,1.0025246143341064,0.0007804438937455416
0.4245016213176507,0.9992343783378601,0.000785304990131408
0.42450492782214555,1.0098496675491333,0.0007739966968074441
0.424593799262854,1.0062097311019897,0.0007741753361187875
0.42468036168922063,1.0155607461929321,0.0007471573771908879
0.4247164031375663,0.9945313334465027,0.0007422230555675924
0.42476186111461944,0.9945589900016785,0.0007466592942364514
0.4248118810295225,1.0055819749832153,0.0007519180071540177
0.4248408396101455,1.0002864599227905,0.000762513664085418
0.42490491252707274,1.031480312347412,0.0007712093647569418
0.4249175319588314,1.0009318590164185,0.0007800096063874662
0.4249923571352122,0.999584436416626,0.0007854673895053566
0.42499565607164824,1.0097503662109375,0.0007739808643236756
0.42508452816991427,1.004380464553833,0.0007740295259281993
0.4251710932287609,1.0170406103134155,0.0007470605778507888
0.4252071278495131,0.9959201812744141,0.0007427131640724838
0.42525259405290594,0.9944276213645935,0.0007461120840162039
0.42530260705754863,1.006201148033142,0.0007523993845097721
0.42533157361771623,1.0011266469955444,0.0007630112231709063
0.4253956397066482,1.030340552330017,0.000770204293075949
0.4254082671180319,1.000555396080017,0.0007789448136463761
0.42548309295277376,0.9994948506355286,0.0007853223942220211
0.4254863843208294,1.0083417892456055,0.00077326555037871
0.42557525699503074,1.0041933059692383,0.0007747909403406084
0.4256618246863576,1.0191810131072998,0.0007477324106730521
0.42569785256113846,0.9933153390884399,0.0007421987247653306
0.4257433269090879,0.9958486557006836,0.0007464424706995487
0.42579333308557477,1.0054599046707153,0.0007524117245338857
0.4258223077075519,0.9989718198776245,0.0007621683180332184
0.4258863668041193,1.0300558805465698,0.0007707272307015955
0.4258990022772323,1.0011039972305298,0.0007801640313118696
0.42597382868823086,1.0004100799560547,0.0007850920083001256
0.4259771125698498,1.0107320547103882,0.0007738323183730245
0.426065985902332,1.0043864250183105,0.0007744617178104818
0.42615255622597825,1.016585111618042,0.0007479138439521194
0.4261885772729246,0.9944174885749817,0.0007431352278217673
0.4262340598473743,0.9963111281394958,0.0007469425909221172
0.4262840590314967,1.0052261352539062,0.000752022082451731
0.4263130417978698,1.0009777545928955,0.0007618183153681457
0.42637709398369483,1.03077232837677,0.000770693935919553
0.4263897373545694,1.0014212131500244,0.0007799692102707922
0.4264645645057923,0.9990089535713196,0.0007858502794988453
0.4264678407369268,1.00995671749115,0.0007737580453976989
0.4265567147275289,1.0060325860977173,0.0007745989714749157
0.426643287765599,1.0171574354171753,0.0007475448655895889
0.42667930198454995,0.9936336278915405,0.0007425757357850671
0.42672479270323493,0.9942041635513306,0.0007468148251064122
0.4267747850595228,1.0057401657104492,0.0007524433312937617
0.42680377580560114,0.9991859793663025,0.0007614648202434182
0.4268678211635917,1.0316815376281738,0.0007710476638749242
0.4268804725138502,1.0000327825546265,0.0007803734042681754
0.42695530032319307,0.9981775879859924,0.0007854351424612105
0.4269585689859473,1.0104471445083618,0.0007743589812889695
0.42704744363483016,1.0059754848480225,0.0007746038027107716
0.42713401922343663,1.017844796180725,0.0007473399746231735
0.4271700267784404,0.9937701225280762,0.0007425892981700599
0.4272155255590957,0.9942753314971924,0.0007461424102075398
0.4272655110873882,1.0046950578689575,0.0007518801721744239
0.4272945098954368,1.0008506774902344,0.000762151088565588
0.42735854834364917,1.0311203002929688,0.0007707904442213476
0.42737120759102665,1.0014727115631104,0.000779647147282958
0.427446036058329,0.9994305372238159,0.0007857578457333148
0.42744929723496783,1.0102258920669556,0.000773756590206176
0.4275381725419707,1.003927230834961,0.0007738112471997738
0.42762475076321793,1.0184537172317505,0.0007478045299649239
0.4276607514905477,0.9928067922592163,0.000742094125598669
0.42770625849754274,0.9953681826591492,0.0007462986395694315
0.4277562370329887,1.0022132396697998,0.0007513662567362189
0.4277852439031683,1.000311255455017,0.00076194730354473
0.42784927544087936,1.031812310218811,0.0007706871256232262
0.4278619427507895,1.001904845237732,0.0007798292208462954
0.4279367718759707,0.9998200535774231,0.0007857252494432032
0.42794002548439003,1.0109093189239502,0.0007743280730210245
0.42802890136684635,1.0074214935302734,0.0007750893128104508
0.4281154822205736,1.017959713935852,0.0007474389276467264
0.42815147620233385,0.9939847588539124,0.0007428175886161625
0.42819699135356415,0.9946233034133911,0.0007466055685654283
0.4282469630611755,1.0043389797210693,0.0007520542130805552
0.428275977993004,0.9996456503868103,0.0007622559205628932
0.4283400026203745,1.031889796257019,0.0007712282822467387
0.4283526778278053,1.000524878501892,0.0007796753197908401
0.4284275076113476,0.9981622695922852,0.0007852153503336012
0.4284307536513867,1.0104955434799194,0.0007738917483948171
0.4285196302741475,1.0052820444107056,0.0007746010087430477
0.42860621367808993,1.0176234245300293,0.0007481198408640921
0.4286422009139593,0.994733989238739,0.0007431504200212657
0.42868772429185054,0.9954917430877686,0.000746451667509973
0.4287376890892016,1.0037496089935303,0.0007511203875765204
0.4287667120828398,0.9993879795074463,0.0007615811773575842
0.42883072980027137,1.032059669494629,0.0007709602941758931
0.42884341298708606,1.000874400138855,0.0007798768929205835
0.42891824342890894,1.0,0.0007855865987949073
0.42892148190040713,1.0093836784362793,0.0007737209089100361
0.42901035918160935,1.0043766498565674,0.0007741492590866983
0.4290969452177106,1.0179468393325806,0.0007480402127839625
0.4291329256259061,0.9931830763816833,0.0007419866742566228
0.4291784571480326,0.9964911341667175,0.0007473104051314294
0.4292284150349627,1.0046136379241943,0.0007518232450820506
0.42925744609089256,0.9992640018463135,0.0007617009687237442
0.42932145698000757,1.0315628051757812,0.0007705790922045708
0.4293341480642624,1.0004233121871948,0.0007798040169291198
0.42940897924663113,0.9995093941688538,0.000785288808401674
0.4294122101495883,1.011569857597351,0.0007741612498648465
0.42950108800664566,1.005539059638977,0.000774664047639817
0.42958767667506625,1.0184903144836426,0.0007477846229448915
0.42962365033753147,0.9944133162498474,0.0007425050716847181
0.42966919000389325,0.9961060285568237,0.0007462063222192228
0.42971914106314957,1.0036358833312988,0.0007513444288633764
0.42974818018104965,0.9987614154815674,0.0007612266927026212
0.42981218407763944,1.031835675239563,0.0007710268255323172
0.4298248832238646,0.9998568296432495,0.0007799557643011212
0.4298997149819276,0.9986683130264282,0.0007853279239498079
0.4299029383986088,1.0109719038009644,0.0007741509471088648
0.4299918169141076,1.005524754524231,0.0007751162629574537
0.43007840821516885,1.018833875656128,0.0007477294420823455
0.4301143750493176,0.9935451149940491,0.0007424115901812911
0.4301599229420189,0.9959585666656494,0.0007467439281754196
0.43020986700874997,1.0050567388534546,0.0007516438490711153
0.43023891418854,0.9989214539527893,0.0007617843803018332
0.4303029112573755,1.0345244407653809,0.0007719498826190829
0.43031561830104104,1.0005837678909302,0.0007800504681654274
0.4303904507993285,0.9991366267204285,0.0007854638388380408
0.4303936665656858,1.0110188722610474,0.0007737752166576684
0.4304825458212481,1.0061272382736206,0.0007754917023703456
0.4305691396728458,1.0181576013565063,0.0007475523161701858
0.430605099761425,0.9931843876838684,0.000742700940463692
0.4306506557980403,0.996099591255188,0.0007469982956536114
0.43070059303661545,1.004521131515503,0.0007521362858824432
0.4307296482786167,0.9991011619567871,0.0007615536451339722
0.43079363843695107,1.032439112663269,0.0007708623306825757
0.43080635337837814,0.9994302988052368,0.0007811288232915103
0.4308811865344643,0.9983737468719482,0.0007851268746890128
0.43088439481518837,1.0113147497177124,0.0007738341810181737
0.4309732746460434,1.0053993463516235,0.0007751218508929014
0.4310598712124666,1.0183606147766113,0.0007476027240045369
0.4310958244730504,0.9936255216598511,0.0007421505870297551
0.431141388654142,0.9948490262031555,0.0007465902017429471
0.4311913190649629,1.0042527914047241,0.0007519678329117596
0.4312203823684525,0.9995850324630737,0.0007614605710841715
0.4312843656165265,1.033535122871399,0.0007714604726061225
0.43129708853781956,0.999519944190979,0.0007799598970450461
0.4313719223523471,0.9982402920722961,0.0007850142428651452
0.4313751230641285,1.0110583305358887,0.0007736983825452626
0.4314640035535856,1.0077130794525146,0.0007754790131002665
0.4315506026699828,1.0176571607589722,0.0007478267652913928
0.43158654918467587,0.9936262369155884,0.0007421015179716051
0.43163212159250874,0.9953343868255615,0.0007465043454430997
0.43168204501072416,1.002880334854126,0.0007512812735512853
0.4317111163760232,0.9999128580093384,0.0007613775669597089
0.4317750927139977,1.0336233377456665,0.0007712238584645092
0.43178782361483536,1.0008398294448853,0.000780598318669945
0.43186265816990854,0.9992520809173584,0.0007856179145164788
0.4318658512308037,1.0120841264724731,0.0007742165471427143
0.43195473246104743,1.005368947982788,0.0007751971133984625
0.43204133420960356,1.019607424736023,0.0007480271742679179
0.432077273896462,0.9945442080497742,0.000742256932426244
0.43212285444853016,0.9972541332244873,0.0007472199504263699
0.43217277103858953,1.0038270950317383,0.0007514614262618124
0.43220185046634096,0.9993920922279358,0.0007614389760419726
0.43226581989389457,1.0328168869018555,0.0007712221122346818
0.43227855877411614,0.9997411966323853,0.0007798168808221817
0.43235339390504435,0.9971396923065186,0.0007853595889173448
0.4323565794801456,1.0109363794326782,0.0007740260334685445
0.4324454612859231,1.0039149522781372,0.0007745880866423249
0.4325320656671199,1.0186169147491455,0.0007477127946913242
0.43256799860808737,0.9943404197692871,0.0007430657278746367
0.4326135873043908,0.9947078824043274,0.0007464730297215283
0.4326634969843507,1.0044807195663452,0.0007522025844082236
0.43269258447407244,0.9996846914291382,0.000762116746045649
0.43275654707363076,1.0336995124816895,0.000771832128521055
0.4327692938512926,1.0006847381591797,0.0007800762541592121
0.43284412972276654,0.9978700876235962,0.0007852474227547646
0.43284730772916613,1.0106370449066162,0.0007744072936475277
0.43293619019322427,1.0069743394851685,0.0007756060222163796
0.4330227971249575,1.019454002380371,0.0007483396329917014
0.43305872332003414,0.9933326840400696,0.0007421154878102243
0.43310432024251644,0.9961430430412292,0.0007467266987077892
0.4331542230122162,1.003240942955017,0.0007511177682317793
0.4331833185639081,0.9991978406906128,0.0007608933374285698
0.4332472741712625,1.034733533859253,0.000771611463278532
0.4332600290108948,0.9993603229522705,0.0007801738101989031
0.4333348655401673,0.998874843120575,0.0007855369476601481
0.43333803589608244,1.0109837055206299,0.0007741375011391938
0.4334269190180998,1.004778265953064,0.0007750907097943127
0.43351352866457815,1.0189894437789917,0.0007478954503312707
0.4335494480320612,0.9942188858985901,0.0007423695642501116
0.43359505309885915,0.9947213530540466,0.0007470989366993308
0.4336449489578166,1.0027104616165161,0.0007508363923989236
0.4336740525716395,0.998984158039093,0.0007613500929437578
0.4337380013508382,1.034306526184082,0.0007711814832873642
0.43375076408807123,0.9996904730796814,0.0007801118190400302
0.4338256012753031,0.9981227517127991,0.0007850003894418478
0.4338287641455849,1.0108098983764648,0.0007735010585747659
0.43391764792524035,1.0048139095306396,0.0007751020602881908
0.4340042601219338,1.0182116031646729,0.0007481573265977204
0.4340401727439277,0.993057370185852,0.0007419391185976565
0.43408578595496095,0.9955800175666809,0.0007468452677130699
0.434135674986164,1.0041780471801758,0.0007518302300013602
0.4341647866614753,1.0007684230804443,0.0007616123184561729
0.43422872853033334,1.034234642982483,0.0007715788087807596
0.4343163370931056,0.9996516704559326,0.0007851985283195972
0.43431949239460554,1.0109559297561646,0.0007737950654700398
0.43440837683286304,1.00761878490448,0.0007757897838018835
0.4344949915795304,1.019149899482727,0.0007485460955649614
0.4345308973732881,0.9927234649658203,0.0007427005330100656
0.4345765188107412,0.9959858059883118,0.0007465269882231951
0.4346264010142705,1.0027512311935425,0.0007510412251576781
0.4346555206693674,1.000277042388916,0.0007615395006723702
0.4347194556278847,1.0346611738204956,0.0007715235697105527
0.4347322343246087,1.0005500316619873,0.0007799481390975416
0.4348070728284824,0.998610258102417,0.0007859068573452532
0.434810220561361,1.0117557048797607,0.0007739092106930912
0.43489910565789913,1.0055328607559204,0.0007757009007036686
0.4349857231190708,1.0188990831375122,0.0007478647166863084
0.43502162208491346,0.993049681186676,0.0007422553026117384
0.43506725174918837,0.9957023859024048,0.000746691192034632
0.43511712695979066,1.0030778646469116,0.0007516262121498585
0.43514625475968527,0.9985545873641968,0.000761336472351104
0.4352101828079423,1.0358140468597412,0.0007715537212789059
0.43522296940154415,1.0002191066741943,0.0007802019827067852
0.4352978086458832,0.99944669008255,0.0007853275747038424
0.43530094881054215,1.0111716985702515,0.0007738175918348134
0.43538983456503977,1.0050705671310425,0.0007755482220090926
0.4354764545767478,1.020738124847412,0.0007483099470846355
0.4355123467966996,0.9922797679901123,0.0007425342337228358
0.435557984605049,0.9959518313407898,0.0007465510861948133
0.43560785298797744,1.006272315979004,0.0007524735992774367
0.435636988767256,0.9991570711135864,0.0007613719790242612
0.4357009099876784,1.035176396369934,0.0007716997643001378
0.435713704561307,1.0001366138458252,0.0007804358028806746
0.4357885444634447,0.9971625804901123,0.0007848877576179802
0.4357916770595628,1.0124390125274658,0.000774423882830888
0.4358805634725017,1.0063294172286987,0.0007755820406600833
0.4359671860345855,1.0187407732009888,0.0007474172161892056
0.43600307150864637,0.9919946789741516,0.0007420155452564359
0.4360487174609098,0.9963811039924622,0.0007469748379662633
0.43609857893357784,1.0038809776306152,0.0007516861078329384
0.43612772285709167,0.9997701644897461,0.0007611331529915333
0.436191637084989,1.033902883529663,0.00077170564327389
0.4362044396386441,0.9999656677246094,0.0007799995946697891
0.43627928019858053,0.9985211491584778,0.000785237061791122
0.43628240522663964,1.0106700658798218,0.0007739605498500168
0.43637129229737726,1.0056778192520142,0.000775934022385627
0.43645791757420604,1.0209720134735107,0.0007483643130399287
0.4364937962204325,0.9929529428482056,0.0007423263159580529
0.43653945039951747,0.9956184029579163,0.0007466677925549448
0.4365893049614433,1.0039111375808716,0.0007514820317737758
0.43661845686482315,1.000140905380249,0.0007612041663378477
0.4366823642648858,1.034194827079773,0.0007718052947893739
0.43669517479792486,0.999596357345581,0.0007805470959283412
0.4367700160163027,0.9985397458076477,0.0007854947471059859
0.4367731334761422,1.0119044780731201,0.0007737649721093476
0.4368620212045178,1.0048952102661133,0.0007753144600428641
0.4369486490315617,1.0202819108963013,0.0007484577363356948
0.4369845209322184,0.9928675889968872,0.0007419838802888989
0.4370301832555389,0.9958592653274536,0.000746486708521843
0.4370800309075259,1.0028780698776245,0.0007508005364798009
0.43710919095465883,0.9982189536094666,0.0007611655746586621
0.437173091444381,1.035227656364441,0.0007718235137872398
0.4371859098751013,0.998873770236969,0.0007791225798428059
0.4372607517519205,0.996788740158081,0.0007853698916733265
0.43726386172508247,1.0115140676498413,0.0007738522836007178
0.4373527501121405,1.008099913597107,0.0007764895563013852
0.43743938048907816,1.0198934078216553,0.0007488390547223389
0.4374752456438439,0.9906315207481384,0.00074150157161057
0.43752091611139954,0.9970065355300903,0.0007470667478628457
0.43757075693555203,1.00299870967865,0.0007516126497648656
0.4375999249623903,1.000081181526184,0.0007605105056427419
0.4376638185416112,1.0354806184768677,0.000771827413700521
0.4376766449521171,0.9986922740936279,0.0007801650208421052
0.43775148756924087,0.9974377751350403,0.0007853183196857572
0.43775458989175764,1.0113413333892822,0.0007737526320852339
0.43784347893717657,1.0061639547348022,0.0007760358857922256
0.4379301119464337,1.019626498222351,0.0007482466171495616
0.43796597035546936,0.9933000206947327,0.0007422202615998685
0.43801164896742095,0.9952718615531921,0.000746621226426214
0.43806148288115243,1.0037680864334106,0.0007512907031923532
0.43809065905270805,0.9982730746269226,0.000761031114961952
0.43815454572166856,1.0349258184432983,0.0007717849221080542
0.4381673801113979,0.9984615445137024,0.0007799991290085018
0.4382422233865614,0.9986375570297241,0.0007863291539251804
0.43824531814109946,1.0125463008880615,0.0007738991407677531
0.4383342078443171,1.0067758560180664,0.0007765514310449362
0.438420843486215,1.0212936401367188,0.0007487550028599799
0.4384566950675768,0.992658793926239,0.0007422037306241691
0.4385023819055466,0.9968307614326477,0.000746874837204814
0.43855220890917856,1.0040018558502197,0.0007514752796851099
0.43858139306027877,0.9986420273780823,0.0007611730834469199
0.4386452729015655,1.0370336771011353,0.0007718628621660173
0.43865811518889575,0.9993565678596497,0.0007798076840117574
0.4387329591220185,0.9980674982070923,0.0007863519131205976
0.4387360463078551,1.0142707824707031,0.0007747867493890226
0.4388249367516185,1.0057947635650635,0.0007756787235848606
0.43891157494405275,1.0209381580352783,0.0007484043017029762
0.4389474196972586,0.9906600713729858,0.0007415032596327364
0.43899311476140734,0.9975327849388123,0.0007469256524927914
0.4390429348551004,1.004282832145691,0.0007514379103668034
0.43907212715011446,0.99775230884552,0.000761189206968993
0.439135999998876,1.0353140830993652,0.0007718370179645717
0.43914885034833717,0.9984343647956848,0.0007799004670232534
0.4392267745570363,1.0119911432266235,0.0007737688138149679
0.43931566557649393,1.0062552690505981,0.0007755687111057341
0.4394023064014083,1.019763708114624,0.0007480380591005087
0.4394381444088036,0.9928335547447205,0.0007418933673761785
0.43948384761774995,0.9959412217140198,0.0007466794922947884
0.4395336608831265,1.0031206607818604,0.0007515149773098528
0.4395628611579262,0.9995462894439697,0.0007615064387209713
0.4396267271786122,1.0362800359725952,0.0007721379515714943
0.439639585425353,0.9978451728820801,0.0007793678087182343
0.4397144306750371,0.999671459197998,0.0007862345082685351
0.43971750280653876,1.011789083480835,0.0007735174149274826
0.43980639448363457,1.0038774013519287,0.0007750904769636691
0.439893037858764,1.0200409889221191,0.0007493201410397887
0.43992886912067,0.9917888045310974,0.0007417293963953853
0.4399745804739321,0.9962966442108154,0.0007468200055882335
0.4400243868290483,1.0033023357391357,0.0007514114840887487
0.440053595248003,0.9982402920722961,0.0007603963022120297
0.44011745427592264,1.0370240211486816,0.0007721183355897665
0.4401303205026901,0.9983898997306824,0.0007792317192070186
0.44020516649259867,0.9971703290939331,0.0007856525480747223
0.4402082309732943,1.0128642320632935,0.0007737352279946208
0.44029712339125704,1.0058749914169312,0.0007757849525660276
0.4403837693164411,1.0212454795837402,0.0007489718263968825
0.44041959383229545,0.9922646284103394,0.0007418958120979369
0.4404653133297124,0.9965786337852478,0.0007473871228285134
0.44051511285707445,1.0020256042480469,0.0007508365670219064
0.4405443292557344,0.9985184073448181,0.0007607259904034436
0.4406081814557392,1.037725806236267,0.0007720892899669707
0.44062105566189047,0.9981138110160828,0.0007795673445798457
0.4406959023102405,0.9966045022010803,0.0007850781548768282
0.44069895922231483,1.014246940612793,0.0007745051407255232
0.4407878522163736,1.00626802444458,0.0007765412447042763
0.44087450085622226,1.0214149951934814,0.0007484687375836074
0.4409103185439208,0.9934892654418945,0.0007425984367728233
0.44095604626807916,0.9979932904243469,0.0007473708828911185
0.44100583880267497,1.0029572248458862,0.0007509100250899792
0.4410350632636265,1.0005007982254028,0.0007613195339217782
0.4410989086357163,1.0353161096572876,0.0007716939435340464
0.4411117907388259,0.998798668384552,0.0007793136173859239
0.4411866380452959,0.9981594681739807,0.0007854852010495961
0.44118968738923114,1.0115982294082642,0.0007735777762718499
0.4412785811234339,1.0038706064224243,0.000775494088884443
0.4413652323137386,1.020586609840393,0.0007484898087568581
0.4414010431737633,0.9919666647911072,0.0007420003530569375
0.4414467791239398,0.9959445595741272,0.0007465790258720517
0.44149656483054045,1.00267493724823,0.0007506430265493691
0.44152579735362296,0.9989458918571472,0.0007612298941239715
0.4415896357330269,1.0351266860961914,0.0007718939450569451
0.44160252581632375,0.9970875978469849,0.0007788561633788049
0.4416773738626967,0.9979665875434875,0.0007854275754652917
0.44168041563857297,1.012481927871704,0.0007738357526250184
0.44176930994863084,1.005599021911621,0.000775913882534951
0.44185596377141567,1.0209355354309082,0.0007483866065740585
0.4418917678855493,0.9918984174728394,0.0007417785236611962
0.4419375119798006,0.9970281720161438,0.000747120997402817
0.4419872907763015,1.002988338470459,0.0007509452989324927
0.4420165313611937,1.0002588033676147,0.0007611060864292085
0.44208036291260244,1.037838339805603,0.0007723269518464804
0.4420932609760866,0.9994476437568665,0.0007793999393470585
0.4421681095981539,0.9974460601806641,0.0007855301955714822
0.44217114388775425,1.014769434928894,0.0007744865142740309
0.44226003885577136,1.0063464641571045,0.000776126456912607
0.442346695228932,1.021448016166687,0.0007486426620744169
0.44238249259717477,0.9923081398010254,0.0007419325993396342
0.4424282448361433,0.9980836510658264,0.0007469087140634656
0.4424780167222233,1.0025324821472168,0.000750876497477293
0.44250726545102936,0.9980679154396057,0.0007606108556501567
0.4425710900102342,1.0369263887405396,0.0007721593137830496
0.4425839960531023,0.9985871315002441,0.0007794233388267457
0.4426588454157153,0.9974697828292847,0.0007862314232625067
0.442661872054831,1.0135959386825562,0.0007740058936178684
0.44275076776307265,1.0063315629959106,0.0007763738976791501
0.44283742668628756,1.021223783493042,0.0007486820686608553
0.4428732173090413,0.9915621876716614,0.0007416798616759479
0.4429189776924859,0.9955117106437683,0.0007467273389920592
0.44296874275024944,1.0025769472122192,0.0007510423311032355
0.44299799945876084,0.9982885122299194,0.0007607698789797723
0.44306181718980975,1.0367555618286133,0.000772431492805481
0.4430747311301181,0.9962058663368225,0.0007793375407345593
0.4431495812334375,0.997656524181366,0.0007856448064558208
0.4431526003038516,1.0128459930419922,0.0007738576387055218
0.44324149658843015,1.0065951347351074,0.0007761500892229378
0.44332815814364324,1.022770881652832,0.0007487792754545808
0.4433639419383213,0.9935672283172607,0.0007432724232785404
0.4434097105482663,0.9971315860748291,0.0007471152930520475
0.44345946869617126,1.0040181875228882,0.0007514465251006186
0.44348873346665285,0.9984562993049622,0.0007604686543345451
0.44355254428728097,1.036710262298584,0.0007722895825281739
0.44356546628972027,0.9989157915115356,0.0007792425458319485
0.44364031696873396,0.996941328048706,0.0007852826965972781
0.4436433284705269,1.0128980875015259,0.0007740459986962378
0.4437322254955708,1.0057743787765503,0.0007759034051559865
0.44381888960148097,1.0215636491775513,0.000748867925722152
0.44385466664994666,0.9928189516067505,0.0007418858585879207
0.44390044348631175,0.9966925978660583,0.0007471042335964739
0.44395019472403663,1.0026527643203735,0.0007509290589950979
0.4439794675566493,0.9980923533439636,0.0007608570740558207
0.44404327146733835,1.0372860431671143,0.0007723049493506551
0.4440562013666556,0.9963256120681763,0.000779128517024219
0.44413105278613474,0.997509241104126,0.0007857501041144133
0.44413405671978834,1.0137593746185303,0.0007742703310213983
0.4442229544027113,1.0066860914230347,0.0007769381627440453
0.44430962114134265,1.021928071975708,0.0007486773538403213
0.4443453913620541,0.990906298160553,0.000741182710044086
0.4443911763424938,0.9966481328010559,0.0007473789737559855
0.44444092066955687,1.001671314239502,0.0007504339446313679
0.4444702015645413,0.9984095692634583,0.0007607968873344362
0.4445339986469139,1.0371229648590088,0.0007725789910182357
0.4445469364439125,0.9975749254226685,0.0007790749659761786
0.44462178852127054,0.9980478286743164,0.0007860952173359692
0.44462478488670454,1.0130419731140137,0.0007743997266516089
0.4447136832277476,1.006103277206421,0.0007761380402371287
0.44480035259861794,1.0213532447814941,0.000748749531339854
0.44483611607400086,0.9923871755599976,0.0007419493049383163
0.4448819091985151,0.9980620741844177,0.0007469213451258838
0.4449316466153983,1.003262996673584,0.0007511890144087374
0.4449609356543771,0.9967570304870605,0.000760402181185782
0.44502472574422447,1.035918951034546,0.0007718358538113534
0.44503767160367524,0.9983534812927246,0.0007797096623107791
0.4451125243391534,0.9978366494178772,0.0007853188435547054
0.44511551313604647,1.0129814147949219,0.0007744472823105752
0.44520441213488815,1.006948471069336,0.0007768716895952821
0.4452910840562949,1.0246225595474243,0.0007495088502764702
0.44532684070336126,0.9917442202568054,0.0007416725275106728
0.4453726420546972,0.9982682466506958,0.0007470269338227808
0.44542237264342444,1.0027371644973755,0.0007508934941142797
0.4454516696619478,0.9994195103645325,0.0007607791922055185
0.44551545292396055,1.0367107391357422,0.0007718667038716376
0.44552840668069105,0.9964597821235657,0.0007787676295265555
0.4456032601567149,0.9978935122489929,0.0007864778744988143
0.44560624130296267,1.0139013528823853,0.0007738393032923341
0.44569514104235,1.007447361946106,0.0007764242473058403
0.4457818155136506,1.0218781232833862,0.0007486828835681081
0.4458175654151474,0.9926319122314453,0.0007420553010888398
0.4458633749107186,0.9981023073196411,0.0007472233264707029
0.44591309858934625,1.0020787715911865,0.0007510950090363622
0.44594240366992033,0.9973718523979187,0.00076079904101789
0.4460061800212711,1.037855625152588,0.0007729882490821183
0.44601914175770674,0.9962194561958313,0.000778820423875004
0.4460939958918507,0.9969199895858765,0.000785486598033458
0.4460969695519832,1.0140252113342285,0.0007745674811303616
0.4461858698677076,1.0060054063796997,0.0007761067245155573
0.44627254697100616,1.0216771364212036,0.0007485406822524965
0.44630829012677287,0.990981936454773,0.0007422312046401203
0.44635410776657924,0.9968757629394531,0.0007471767603419721
0.4464038246173724,1.0032635927200317,0.0007509642164222896
0.44643313775999705,0.996743381023407,0.0007603102130815387
0.44649690720116797,1.037536382675171,0.0007722543668933213
0.4465098768348832,0.9982098937034607,0.000779452733695507
0.4465847317095728,0.9968633651733398,0.0007859294419176877
0.44658769771873874,1.0127172470092773,0.0007740744622424245
0.44667659877500887,1.005511999130249,0.0007762779714539647
0.4467632784288439,1.022334337234497,0.0007492810836993158
0.44679901475613326,0.9914544820785522,0.0007415402214974165
0.44684484062244,0.9980319738388062,0.0007474165759049356
0.4468945505629728,1.0028116703033447,0.0007509008282795548
0.44692387176756776,0.9982908368110657,0.0007603704580105841
0.4469876342988801,1.0370242595672607,0.0007722349255345762
0.4470006119944051,0.9973025918006897,0.000778722227551043
0.44707546744462834,0.9973554015159607,0.0007857168675400317
0.4470784259679199,1.0127983093261719,0.0007743923342786729
0.4471673276821494,1.004906177520752,0.0007761591114103794
0.4472540098863602,1.022566795349121,0.0007487503462471068
0.4472897394682407,0.9919717907905579,0.0007415794534608722
0.4473355734784613,0.9966852068901062,0.0007469955016858876
0.4473852765085732,1.0025938749313354,0.000750748673453927
0.44741460577529923,0.9979175329208374,0.0007601307588629425
0.4474783614783753,1.0357768535614014,0.0007718859706073999
0.4474913470716618,0.9965980648994446,0.0007787536596879363
0.44756620326194874,0.9959548115730286,0.0007863705395720899
0.44756915413499687,1.013707160949707,0.0007740834262222052
0.44765805650702506,1.0053870677947998,0.0007760738953948021
0.4477447413437159,1.0231648683547974,0.0007491038995794952
0.447780464180348,0.9915575981140137,0.0007416334701701999
0.44782630641690846,0.9989675283432007,0.0007474577287212014
0.4478760025365993,1.0021848678588867,0.0007502705557271838
0.4479053398651349,0.9989495873451233,0.0007608265150338411
0.44796908857568585,1.0369846820831299,0.000771855004131794
0.4479820821488383,0.996661365032196,0.0007788501097820699
0.4480569390798316,0.9975267052650452,0.0007861970225349069
0.44805988238417804,1.014401912689209,0.0007743849419057369
0.44814878541432623,1.0057984590530396,0.0007764202309772372
0.4482354728012322,1.023261308670044,0.0007496246253140271
0.4482711888097085,0.9917712807655334,0.0007416078587993979
0.44831703927292976,0.9978088736534119,0.0007471536519005895
0.44836672848252124,1.0028561353683472,0.0007510640425607562
0.44839607387270564,0.9981822371482849,0.0007600879762321711
0.4484598157555826,1.0366483926773071,0.0007716509280726314
0.44847281730811905,0.9971895217895508,0.0007788079674355686
0.4485476748152887,0.9972823858261108,0.0007857105229049921
0.4485506105512549,1.0128636360168457,0.0007746136980131269
0.4486395142395231,1.0064947605133057,0.0007764737238176167
0.4487262042585878,1.0222489833831787,0.000748775084502995
0.4487619135212536,0.9911748766899109,0.0007421159534715116
0.4488077721291118,0.9978854656219482,0.0007472776924259961
0.4488574544282824,1.0020179748535156,0.0007508644484914839
0.4488868078807585,0.9962226748466492,0.000760002585593611
0.44895054285289315,1.0370752811431885,0.0007724531460553408
0.44896355238513475,0.9971154928207397,0.0007780889864079654
0.44903841063268946,0.9963130354881287,0.0007841796614229679
0.44904133880043606,1.0151704549789429,0.0007747692288830876
0.44913024314682437,1.0077383518218994,0.000776706263422966
0.44921693571594346,1.0238416194915771,0.0007495899917557836
0.44925263823312,0.9915811419487,0.0007416035514324903
0.4492985049849725,0.9977795481681824,0.0007471390999853611
0.4493481804564692,1.0017751455307007,0.0007502115331590176
0.44937754197075486,0.9985706210136414,0.0007596768555231392
0.44944127003262924,1.0365443229675293,0.0007716973195783794
0.44945428746247207,0.996453046798706,0.0007783265900798142
0.4495291463679859,0.996897280216217,0.000785506796091795
0.4495320669671916,1.013623595237732,0.0007741237059235573
0.4496209720542863,1.007669448852539,0.000776392815168947
0.4497076671737812,1.0229371786117554,0.0007495559402741492
0.44974336286264105,0.9926164746284485,0.0007420269539579749
0.44978923784075286,0.9989350438117981,0.0007470991695299745
0.4498389064020696,1.0024912357330322,0.0007513173040933907
0.4498682759783257,0.997818112373352,0.0007606474100612104
0.44993199713042187,1.0370782613754272,0.0007718612905591726
0.4499450225396485,0.9976745247840881,0.0007781745516695082
0.45001988218562783,0.9963716268539429,0.0007857685559429228
0.45002279521621213,1.0145241022109985,0.0007750362274236977
0.4501117008790815,1.0061548948287964,0.0007762967725284398
0.4501983986313778,1.022757649421692,0.0007489926065318286
0.4502340875745878,0.9919283986091614,0.0007418403984047472
0.45027997069685455,0.9993804097175598,0.0007474096491932869
0.4503296323475897,1.0007654428482056,0.0007501892396248877
0.4503590099862177,0.9981781244277954,0.000761066738050431
0.45042272422773233,1.0358574390411377,0.0007717714179307222
0.45043575761682486,0.9963900446891785,0.0007781985332258046
0.45051061800294834,0.9971863627433777,0.0007872669375501573
0.45051352338344974,1.014475703239441,0.0007739994907751679
0.4506891300886531,1.0246769189834595,0.0007492149597965181
0.45072481228637395,0.9910407662391663,0.0007417608867399395
0.45077070355287596,0.9995826482772827,0.0007474789163097739
0.450820358375857,1.0025427341461182,0.0007514901226386428
0.4508497440760535,0.9984200596809387,0.0007598661468364298
0.4509134514073079,1.0381927490234375,0.0007725920877419412
0.45092649277642693,0.9960588812828064,0.0007782690227031708
0.45100135373840544,0.9965977072715759,0.000785889511462301
0.4510042516326309,1.0138659477233887,0.0007747515919618309
0.45109315869360367,1.0077897310256958,0.000776891247369349
0.45117986154633016,1.024399757385254,0.0007494881865568459
0.45121553691573435,0.9903795719146729,0.0007413248531520367
0.451261436409058,0.9978939294815063,0.0007476146565750241
0.4513110843217787,1.0023921728134155,0.0007508168346248567
0.4513404780836242,0.998741090297699,0.0007606266299262643
0.4514041785047789,1.038244366645813,0.0007726126932539046
0.45141722785344274,0.9981541037559509,0.000778629444539547
0.4514920895562883,0.9965466856956482,0.0007858243770897388
0.45158388751863976,1.0051393508911133,0.0007763339672237635
0.45167059292142075,1.0243421792984009,0.0007493808516301215
0.4517062616273597,0.9918481707572937,0.0007422247435897589
0.45175216926507933,1.0001411437988281,0.00074811588274315
0.4518018102673791,1.0018492937088013,0.0007504594977945089
0.45183121209167687,0.997113049030304,0.0007608660962432623
0.45189490568467583,1.035938024520874,0.0007715331157669425
0.45190796293045854,0.9950854182243347,0.0007781719323247671
0.4519828252914241,0.9958610534667969,0.000786304590292275
0.4519857080487284,1.0144550800323486,0.0007741033332422376
0.4520746164261017,1.0050102472305298,0.00077694037463516
0.45216132437877643,1.0235878229141235,0.0007493086159229279
0.45219698625696114,0.9907901883125305,0.0007416116422973573
0.4522429021209401,0.9997878074645996,0.0007473832229152322
0.4522925362954052,1.0017085075378418,0.0007503003580495715
0.45232194609940835,0.9957074522972107,0.0007592809270136058
0.45238563278214705,1.0376871824264526,0.0007720430148765445
0.452398698007635,0.9959806203842163,0.0007786845089867711
0.45247356110882475,0.9955660104751587,0.0007854366558603942
0.45247643621548395,1.0156311988830566,0.0007744117174297571
0.452565345333403,1.0064802169799805,0.0007767059723846614
0.45265205583661416,1.0237150192260742,0.0007491089636459947
0.45268771096882754,0.9907248020172119,0.0007414775318466127
0.45273363497680075,0.9982070922851562,0.000747244746889919
0.45278326224100574,1.0022860765457153,0.000750372651964426
0.45281268018924403,0.9983041286468506,0.0007604210986755788
0.4528763599619635,1.0377808809280396,0.0007721090223640203
0.4528894331672372,0.9945879578590393,0.0007778103463351727
0.4529642969263863,0.9969439506530762,0.0007861253106966615
0.4529671644646651,1.0147615671157837,0.0007752404198981822
0.45305607415827853,1.0066313743591309,0.0007771679083816707
0.4531427872941305,1.023403286933899,0.0007490736315958202
0.45317843568061367,0.9913303852081299,0.000741306459531188
0.45322436783282216,0.9991097450256348,0.0007469975971616805
0.45327398818660614,1.00068199634552,0.0007499047787860036
0.4533034141969755,0.997442364692688,0.0007600583485327661
0.4533670870591937,1.0371603965759277,0.0007721922011114657
0.45338016824441363,0.9965283870697021,0.0007787929498590529
0.4534550326615221,0.997198760509491,0.0007864434155635536
0.4534578926319027,1.016223669052124,0.0007745776674710214
0.45354680306541906,1.0082406997680664,0.0007764027104713023
0.45363351875148605,1.0239551067352295,0.0007497629267163575
0.45366916031029547,0.9911104440689087,0.0007415973814204335
0.4537151006890042,0.9998776316642761,0.0007476708851754665
0.4537647141326887,1.0022014379501343,0.0007502796361222863
0.4537941482045462,0.9972828030586243,0.0007601878605782986
0.45385781415650417,1.0373834371566772,0.0007720596622675657
0.4538709033215901,0.9968893527984619,0.0007784602348692715
0.45394576847908363,0.9959391951560974,0.0007857110467739403
0.45394862088092325,1.0147240161895752,0.0007746355840936303
0.45403753189077667,1.0069421529769897,0.0007766012568026781
0.4541242502090024,1.0251338481903076,0.0007503348169848323
0.45415988502192084,0.991165816783905,0.0007414284627884626
0.45420583354502553,1.0001574754714966,0.0007474689627997577
0.45425544016071484,1.0029336214065552,0.0007508406997658312
0.45428488221243823,0.9987420439720154,0.0007604508427903056
0.4543485413364011,1.0367379188537598,0.0007724660681560636
0.4543616383989272,0.9960966110229492,0.0007777098217047751
0.4544365042147014,0.9963862895965576,0.0007859272882342339
0.4544393490476788,1.0153141021728516,0.0007753068930469453
0.45452826079807784,1.0050102472305298,0.0007765043410472572
0.45461498166635805,1.0243831872940063,0.0007495097815990448
0.45465060965128135,0.9917607307434082,0.0007414559950120747
0.4546965664012076,0.9990764260292053,0.0007473684381693602
0.45474616610631524,1.000291109085083,0.0007499197381548584
0.4547756163027561,0.9972874522209167,0.0007598206866532564
0.45483926843419353,1.0372568368911743,0.0007719178101979196
0.4548523734759429,0.9973649382591248,0.0007785602356307209
0.45492724003210216,0.9958159327507019,0.0007862451020628214
0.4549300772145949,1.0153765678405762,0.000774746760725975
0.4550189897052185,1.00823175907135,0.0007769169169478118
0.45510571312403514,1.0240182876586914,0.0007493161829188466
0.45514133436306736,0.9903259873390198,0.0007414613501168787
0.45518729925706825,1.0005849599838257,0.0007481200736947358
0.45523689205223705,1.0016913414001465,0.000750215258449316
0.45526635031048757,0.9971250891685486,0.0007602311670780182
0.45532999561392973,1.038530945777893,0.0007724696770310402
0.45541797576723797,0.9959197640419006,0.000786151213105768
0.4554208054636155,1.0157208442687988,0.0007746259798295796
0.45550971853041533,1.0079444646835327,0.0007768917712382972
0.4555964444996078,1.0243710279464722,0.0007501764339394867
0.4556320589925885,0.992688000202179,0.0007415661821141839
0.455678032112929,0.9982960820198059,0.0007473798468708992
0.4557276179979981,1.0011060237884521,0.0007501299260184169
0.4557570843180583,0.9954611659049988,0.0007596060750074685
0.4558207227112402,1.0371578931808472,0.000772146217059344
0.45583384371288216,0.9971734285354614,0.0007782477186992764
0.45590871158496016,0.998981773853302,0.0007865730440244079
0.45591153363069237,1.0152539014816284,0.0007745245238766074
0.4560004474374756,1.0042227506637573,0.0007762747700326145
0.45608717595696335,1.0237475633621216,0.0007493470911867917
0.4561227837045353,0.9903677701950073,0.0007413077400997281
0.45616876496919134,0.9981926083564758,0.0007470835116691887
0.4562183440258636,1.0015733242034912,0.0007502738735638559
0.456247818325629,0.9984799027442932,0.0007606778526678681
0.4563114498087917,1.037322759628296,0.0007718653650954366
0.45632457878989796,0.9946256875991821,0.0007779176812618971
0.4563994474025217,0.9964436292648315,0.0007865820662118495
0.45640226188011457,1.0160363912582397,0.0007748441421426833
0.45649117634453584,1.0069595575332642,0.0007772559183649719
0.45657790741423876,1.0253740549087524,0.0007501696818508208
0.45661350833405634,0.990044891834259,0.000741119496524334
0.456659497825293,1.0015513896942139,0.0007482615765184164
0.45670906997170513,1.0017331838607788,0.000750487670302391
0.45673855241562544,0.996860682964325,0.0007596857030875981
0.45680217698828685,1.0381990671157837,0.0007717940607108176
0.45681531386691376,0.9954177141189575,0.0007780794403515756
0.45689018313781815,0.9960119128227234,0.0007860916666686535
0.45689299004678974,1.0151822566986084,0.0007746571209281683
0.45698190516989345,1.0061523914337158,0.0007770551019348204
0.45706863887183535,1.0252193212509155,0.0007496544276364148
0.4571042330456817,0.9900097250938416,0.0007411031983792782
0.4571502306811538,1.0002031326293945,0.0007483005756512284
0.4571997959177072,1.001075267791748,0.0007506974507123232
0.45722928642351746,0.9968154430389404,0.000759845192078501
0.4572929040855974,1.0366289615631104,0.0007717707776464522
0.4573060489440902,0.994974672794342,0.0007777245482429862
0.45738091895554034,0.9967721700668335,0.0007864238577894866
0.4573837182135454,1.0150185823440552,0.0007742574671283364
0.4574726340773553,1.0074840784072876,0.0007771647651679814
0.45755937024692606,1.0255601406097412,0.0007496539619751275
0.4575949576750421,0.9907422065734863,0.0007415875443257391
0.4576409635371751,0.9995207190513611,0.0007475633174180984
0.4576905218633077,1.0017690658569336,0.0007504390669055283
0.45772002043124893,0.9997733235359192,0.0007605389691889286
0.45778363118338994,1.0375515222549438,0.0007717153057456017
0.457796784021106,0.9962975382804871,0.000777658075094223
0.45787165469067614,0.996537983417511,0.0007861974881961942
0.4578744464628872,1.0160802602767944,0.0007751924567855895
0.4579633629844958,1.0080028772354126,0.0007772508542984724
0.4580501017044424,1.026464581489563,0.0007498267805203795
0.4580856823869085,0.990280270576477,0.0007416908629238605
0.45813169639303586,0.9993674755096436,0.000747457321267575
0.4581812478911732,1.0007749795913696,0.0007498873164877295
0.45821075443914094,0.9982114434242249,0.0007601601537317038
0.45827435836328667,1.0378628969192505,0.0007722214795649052
0.4582875191807081,0.9967115521430969,0.0007777748396620154
0.4583623905080768,0.9951193332672119,0.0007863674545660615
0.45836517462964277,1.0133323669433594,0.0007740930304862559
0.4584540918095321,1.0054116249084473,0.0007761873421259224
0.45854083316228,1.0259041786193848,0.0007505356334149837
0.4585764070165099,0.9914278984069824,0.000741689873393625
0.4586224292488965,1.0004030466079712,0.0007479563937522471
0.4586719738370949,1.0014327764511108,0.0007506040274165571
0.4587014884466314,0.9975762963294983,0.0007596896030008793
0.45876508546059724,1.0366805791854858,0.0007714417879469693
0.45877825425820595,0.9958829283714294,0.0007779458537697792
0.45885312632563835,0.9957830905914307,0.000786120886914432
0.45885590287882394,1.0165811777114868,0.0007752900128252804
0.45894482071667264,1.0063397884368896,0.0007768644136376679
0.45903156461963557,1.0264003276824951,0.0007498993654735386
0.45906713172829605,0.9910951256752014,0.0007418753812089562
0.4591131621052392,1.001160979270935,0.0007483543595299125
0.4591626997826955,1.0000649690628052,0.0007501374348066747
0.4591922225363868,0.9965988397598267,0.0007598527590744197
0.45925581264033344,1.0375059843063354,0.000771661289036274
0.4592689893351414,0.9959897398948669,0.0007781180902384222
0.4593438620612561,0.9962946772575378,0.0007867967360652983
0.45934663104606155,1.0159375667572021,0.0007747410563752055
0.4594355495415482,1.0060592889785767,0.0007771929958835244
0.45952229599472627,1.0253239870071411,0.0007498126942664385
0.45955785635797775,0.990412712097168,0.0007415116997435689
0.459603894961341,0.9994310140609741,0.000747065816540271
0.4596534257284566,1.001845121383667,0.0007510405266657472
0.4596829565442788,0.9976725578308105,0.0007601414108648896
0.4597465397376439,1.0367045402526855,0.0007717151311226189
0.4597597244120767,0.9940643310546875,0.0007781762978993356
0.4598345978788979,0.9964643716812134,0.0007863783393986523
0.459837359212817,1.0169166326522827,0.0007753301761113107
0.4599262784491708,1.007249355316162,0.0007769770454615355
0.4600130274522426,1.026492714881897,0.0007501379586756229
0.46004858098733825,0.9896689057350159,0.0007412456325255334
0.4600946278171213,1.0001089572906494,0.0007480961503461003
0.46014415167453904,1.0002387762069702,0.0007500903448089957
0.4601736905520102,0.9965729713439941,0.0007593338959850371
0.46023726683495436,1.036030650138855,0.0007713247323408723
0.4602504594894139,0.9962717294692993,0.0007781689055263996
0.46032533361395345,0.9962838292121887,0.0007867378299124539
0.4603280874618376,1.0148087739944458,0.0007744798786006868
0.46041700735647206,1.0073119401931763,0.0007769746007397771
0.46050375890959816,1.0261471271514893,0.0007495486061088741
0.4605393056989636,0.9905453324317932,0.0007413747371174395
0.46058536067330347,1.0006028413772583,0.0007476135506294668
0.46063487762013944,1.0009056329727173,0.0007501508807763457
0.4606644245599024,0.9970978498458862,0.0007593965856358409
0.4607279939327469,1.0356334447860718,0.0007714651292189956
0.4607411945664296,0.9948102235794067,0.0007776881684549153
0.46081606943167563,0.9963805675506592,0.0007867765962146223
0.4608188156287538,1.0151159763336182,0.0007747865165583789
0.4609077361813475,1.0070013999938965,0.0007774364203214645
0.46099449028501027,1.02535080909729,0.0007496665930375457
0.4610300303288061,0.991749107837677,0.0007422934286296368
0.4610760934470598,1.0009772777557373,0.0007478645420633256
0.4611256036480049,1.0009498596191406,0.0007502330117858946
0.4611551585676338,0.9966356754302979,0.0007594571798108518
0.4612187211124832,1.0358182191848755,0.0007712641381658614
0.46123192964360615,0.994833767414093,0.0007784578483551741
0.46130680516681133,0.9953261017799377,0.0007867927779443562
0.46130954379550937,1.016514539718628,0.0007747774361632764
0.46139846508880955,1.007413625717163,0.0007767457282170653
0.461485221742848,1.025848627090454,0.0007505004177801311
0.4615207550408331,0.9910156726837158,0.0007413059938699007
0.46156682630292045,1.0013633966445923,0.0007479751366190612
0.4616163295937662,0.9995923638343811,0.0007500338251702487
0.4616458925752045,0.9976611733436584,0.0007593586924485862
0.46170944820979354,1.0358037948608398,0.0007717182161286473
0.4617226647211039,0.9953092932701111,0.0007779006264172494
0.4617975409842122,0.9961867928504944,0.0007867217645980418
0.4618002720448512,1.0160856246948242,0.0007749481592327356
0.4618891939959501,1.00594162940979,0.0007767349015921354
0.46197595320020357,1.026302456855774,0.0007500629290007055
0.46201147967011325,0.9902055859565735,0.0007415285799652338
0.4620575591591025,1.001392126083374,0.0007476423634216189
0.4621070555396879,1.0007106065750122,0.0007503819069825113
0.4621366266650403,0.99635249376297,0.0007596372161060572
0.46220017530734514,1.0361919403076172,0.0007718902779743075
0.4622133997981197,0.9944222569465637,0.0007776895654387772
0.46228827680209506,0.994243323802948,0.0007862948114052415
0.4622910002120084,1.0156549215316772,0.0007747714407742023
0.46237992282074525,1.008361577987671,0.0007771993987262249
0.4624666845752139,1.027421474456787,0.0007502521621063352
0.46250220429947375,0.991306483745575,0.0007416158332489431
0.46254829201536485,1.0003894567489624,0.0007471752469427884
0.46259778148544906,1.0004246234893799,0.000750472245272249
0.46262736067277166,0.9971783757209778,0.0007594995549879968
0.4626909024868403,1.037257432937622,0.0007717061089351773
0.4627041349574005,0.9946774840354919,0.0007774883415549994
0.4627790125373915,0.9962930083274841,0.0007866504602134228
0.4627817283786836,1.0159341096878052,0.0007753240643069148
0.46287065172828745,1.0071932077407837,0.0007769466028548777
0.4629574160328106,1.0271189212799072,0.0007497492479160428
0.4629929290114204,0.9901847243309021,0.0007415128638967872
0.46303902487114523,0.999467134475708,0.000747180194593966
0.4630885074312905,1.0005395412445068,0.0007503596716560423
0.4631180946806638,0.9974381327629089,0.0007595616625621915
0.46318162958447207,1.0377060174942017,0.0007721497677266598
0.46319487003457693,0.9942724704742432,0.0007778259459882975
0.4632697483547923,0.9935399293899536,0.0007862593629397452
0.4632724566277042,1.0156527757644653,0.0007746417541056871
0.4633613805534844,1.0074132680892944,0.0007771275122649968
0.4634481474906482,1.027677297592163,0.0007504015811719
0.4634836536407808,0.9898984432220459,0.0007409996469505131
0.4635297577270059,1.0019426345825195,0.0007484739180654287
0.46357923337681073,1.0026943683624268,0.0007510824361816049
0.46360882868839515,0.9984623193740845,0.000759962247684598
0.4636723566822646,1.034969687461853,0.0007711669895797968
0.46368560511159274,0.9946246147155762,0.0007776475977152586
0.46376048409008885,0.9960048794746399,0.0007866327068768442
0.46376318479478107,1.016150951385498,0.0007750521181151271
0.46385210946062494,1.0073734521865845,0.0007769730873405933
0.4639388788658996,1.0272839069366455,0.0007502497173845768
0.46397437827030197,0.9911999702453613,0.0007415613508783281
0.46402049058318795,1.0016212463378906,0.0007479095947928727
0.46406995932241113,1.0008589029312134,0.0007502906955778599
0.46409956269628716,0.9970899820327759,0.0007592663168907166
0.46416308377957516,1.036756992340088,0.000771226012147963
0.46417634018892984,0.9937511682510376,0.0007770295487716794
0.4642512199074895,0.9949299693107605,0.000786776130553335
0.46425391296169727,1.0158255100250244,0.0007752271485514939
0.4643428383679262,1.0064882040023804,0.0007767252391204238
0.46442961032325525,1.0259701013565063,0.0007499877829104662
0.4644651029824094,0.9898046851158142,0.000741492782253772
0.46451122343920936,1.0010998249053955,0.0007483517401851714
0.4645606853505979,1.000637173652649,0.0007497862097807229
0.4645902967037777,0.996412992477417,0.0007591986795887351
0.4646538109591507,1.036279559135437,0.0007712030783295631
0.4646670752664277,0.995067298412323,0.000777662149630487
0.4647419556426253,0.9958117008209229,0.0007876756135374308
0.4647446412110391,1.0172474384307861,0.0007762773893773556
0.4648335671928018,1.0063446760177612,0.0007770968368276954
0.46492034169866725,1.0274296998977661,0.0007502251537516713
0.4649558276117698,0.9898712635040283,0.000741019262932241
0.46500195621312645,1.0014610290527344,0.0007482328801415861
0.4650514112963591,1.0003890991210938,0.0007497731130570173
0.46508103071126805,0.9970841407775879,0.0007595902425237
0.4651445380566217,1.0365957021713257,0.0007717573316767812
0.4651578103434434,0.9939217567443848,0.0007772160461172462
0.46523269146050816,0.9957830905914307,0.0007873894646763802
0.4652353693779554,1.016438364982605,0.0007750118966214359
0.4653242961002637,1.0075364112854004,0.000777808076236397
0.4654110731560228,1.0277506113052368,0.0007502540829591453
0.4654465522411302,0.9900283813476562,0.0007421339978463948
0.46549268906914776,1.0030009746551514,0.0007478716433979571
0.4655421372422808,1.0008622407913208,0.0007500952342525125
0.4655717647193208,0.9961349964141846,0.0007594943745061755
0.4656352651539323,1.0345817804336548,0.0007710866048000753
0.4656485454203788,0.993385910987854,0.0007768947980366647
0.465723427195885,0.9947841763496399,0.0007871013367548585
0.46572609754471095,1.0176973342895508,0.0007752145756967366
0.4658150250078059,1.0069588422775269,0.0007771005621179938
0.46590180453103314,1.0269790887832642,0.0007506185793317854
0.4659372769529162,0.9890440106391907,0.0007407146040350199
0.4659834219250085,1.0031262636184692,0.000748134043533355
0.46603286318804205,1.000472903251648,0.0007497287588194013
0.46606249872721295,0.997093915939331,0.0007597022340632975
0.4661259922514035,1.035400152206421,0.0007710594218224287
0.46613928049763553,0.9947829842567444,0.0007770147640258074
0.4662141630132055,0.9951345324516296,0.0007867750246077776
0.46621682579373147,1.0162898302078247,0.0007754170219413936
0.4663057538326012,1.006291151046753,0.0007764343754388392
0.4663925359887905,1.0281563997268677,0.0007500940700992942
0.4664280015822766,0.9897810816764832,0.0007411919068545103
0.4664741547808692,0.999634325504303,0.0007472832803614438
0.46652358913364245,0.9994393587112427,0.0007496320176869631
0.46655323273478366,0.9965125918388367,0.0007595516508445144
0.466616719431461,1.0348552465438843,0.0007709236815571785
0.4666300155751335,0.9947276711463928,0.0007771205855533481
0.4667048988309277,0.9941666126251221,0.0007871755515225232
0.46670755396064767,1.0176819562911987,0.0007750403601676226
0.4667964827397417,1.0067440271377563,0.0007768709911033511
0.46688326744646746,1.0276612043380737,0.0007501074578613043
0.4669187262119585,0.9898067116737366,0.0007410825928673148
0.4669648876368906,1.002864956855774,0.0007480282220058143
0.46701431507924285,0.9997974038124084,0.0007496661273762584
0.4670439668247801,0.9958158135414124,0.0007590792956762016
0.46710744652877145,1.0348955392837524,0.0007711443467997015
0.46712075065230985,0.9945745468139648,0.0007771375239826739
0.4671956345660634,0.9945548176765442,0.0007868666434660554
0.4671982821277245,1.0163731575012207,0.0007747251656837761
0.4672872115649387,1.0064027309417725,0.0007771817618049681
0.46737399882155817,1.0279849767684937,0.000750349136069417
0.46740945092406594,0.9894739985466003,0.0007408097735606134
0.4674556204108077,1.0000100135803223,0.0007472763536497951
0.467505041025004,0.9984849691390991,0.0007494654273614287
0.4675347008323508,0.9962425231933594,0.000759225687943399
0.467598173626082,1.0348858833312988,0.0007707640179432929
0.46761148572932565,0.9940030574798584,0.0007770954980514944
0.4676863703836249,0.9954103827476501,0.0007875972660258412
0.46768901029464083,1.0134360790252686,0.0007742401212453842
0.4677779404720792,1.0055631399154663,0.0007767352508381009
0.4678647302790745,1.0267385244369507,0.0007502796361222863
0.46790017555334595,0.9887419939041138,0.0007409856771118939
0.467946353266829,1.0009474754333496,0.0007476864848285913
0.4679957669709257,0.99907386302948,0.0007495468598790467
0.46802543483992154,0.995323657989502,0.0007588471635244787
0.4680889007237138,1.0322694778442383,0.0007700540008954704
0.46810222080666275,0.9919134974479675,0.000775512307882309
0.4681771061192427,0.993742823600769,0.0007867066888138652
0.46817973854398265,1.0151996612548828,0.0007746457704342902
0.4682686693793804,1.0044536590576172,0.0007769499206915498
0.4683554616541651,1.0267540216445923,0.0007504180539399385
0.4683909001826261,0.9871615171432495,0.000740247021894902
0.46843708612301105,0.9998915195465088,0.0007476063328795135
0.468486492916687,0.9963733553886414,0.0007494577439501882
0.4685161688479743,0.9945891499519348,0.0007587461150251329
0.46857962790320906,1.0325329303741455,0.0007697641849517822
0.46859295588367855,0.9900628328323364,0.0007755422848276794
0.46866784193696487,0.9910270571708679,0.000786197604611516
0.4686704667106578,1.013457179069519,0.0007741271401755512
0.468759398204738,1.0034735202789307,0.0007761503802612424
0.46884619311152076,1.0237730741500854,0.000749153143260628
0.4688816248123078,0.9854529500007629,0.0007402148912660778
0.46892781897879143,0.9993464946746826,0.0007472382858395576
0.4689772188626088,0.9945791363716125,0.0007482548244297504
0.4690069028557057,0.9922499060630798,0.0007580757373943925
0.46907035500076044,1.0298246145248413,0.0007693076622672379
0.469083690960614,0.9894600510597229,0.0007754624239169061
0.4691585776720203,0.9913690686225891,0.0007860274636186659
0.469161194877333,1.0107687711715698,0.000773562875110656
0.46925012711187863,1.0027496814727783,0.0007752923993393779
0.4693369244870934,1.0228793621063232,0.0007497912156395614
0.46937234952393325,0.9834441542625427,0.0007389996317215264
0.4694185518345718,0.9989134073257446,0.0007470872951671481
0.4694679448081289,0.9956855177879333,0.0007483622757717967
0.4694976368632765,0.9911922216415405,0.0007574729388579726
0.46956108209855296,1.029124140739441,0.000768920173868537
0.46957442603803146,0.9887721538543701,0.0007745116017758846
0.4696493134893408,0.9879665970802307,0.0007853136630728841
0.46965192304440995,1.0104343891143799,0.0007736741099506617
0.46974085601901916,1.0009994506835938,0.0007756178383715451
0.46982765586234476,1.0224207639694214,0.0007486337563022971
0.4698630741534543,0.9825928807258606,0.0007391262333840132
0.4699092846084888,0.9954659938812256,0.0007458070176653564
0.46995867075364894,0.9926338791847229,0.0007476211758330464
0.4699883708711686,0.9898622632026672,0.0007566867279820144
0.47005180919586353,1.027721881866455,0.00076871964847669
0.47006516111536856,0.9872922301292419,0.000773783540353179
0.4701400493070629,0.9871985912322998,0.0007850805995985866
0.4701426512935911,1.0084538459777832,0.0007737623527646065
0.47023158484405525,0.9995970726013184,0.0007747666095383465
0.4703183873197003,1.0191609859466553,0.0007480438798666
0.47035379878329664,0.9799848794937134,0.0007383260526694357
0.4704000174645101,0.9951177835464478,0.0007457435131072998
0.47044939669957087,0.9906854033470154,0.0007475073216482997
0.4704791048789,0.9865545034408569,0.0007559449295513332
0.4705425362931741,1.0259339809417725,0.0007683525327593088
0.47055589619238436,0.985722541809082,0.0007736480911262333
0.47063078504235933,0.9855661392211914,0.0007850065012462437
0.4707223137515173,0.9973018169403076,0.0007739858701825142
0.4708091186951123,1.0182862281799316,0.0007473976584151387
0.47084452341265703,0.9778146743774414,0.0007378982845693827
0.47089075032069216,0.9925007820129395,0.000745000725146383
0.4709401226453319,0.98828125,0.0007470041746273637
0.4709698388864707,0.9839719533920288,0.0007559980731457472
0.4710332634729102,1.023309350013733,0.000768093450460583
0.4710466312695608,0.9818345904350281,0.000772718689404428
0.4711215208600815,0.983845055103302,0.000784454052336514
0.47112410762758417,1.0064778327941895,0.0007723403978161514
0.4712130425765535,0.994975209236145,0.0007736163679510355
0.471299850152468,1.0168668031692505,0.0007470488781109452
0.47133524804201754,0.9759114384651184,0.0007375868153758347
0.4713814831767136,0.9907041192054749,0.0007450055563822389
0.4714308485912537,0.9860464930534363,0.0007455309387296438
0.47146057289420207,0.9834376573562622,0.0007555590127594769
0.47152399057022076,1.0221024751663208,0.0007671804050914943
0.4715373663465766,0.9802298545837402,0.0007722871960140765
0.471612256595378,0.9824392199516296,0.0007838528836145997
0.47170377148401543,0.9937852025032043,0.0007733661914244294
0.4717905815274783,1.0144256353378296,0.0007466087699867785
0.47182597275380356,0.9751763939857483,0.000736769346985966
0.47187221595030926,0.9883045554161072,0.0007445965893566608
0.4719215745370148,0.984892725944519,0.0007452419376932085
0.47195130690225484,0.9800534248352051,0.0007545702974312007
0.4720147176676919,1.0189670324325562,0.000765774108003825
0.4720281014235924,0.978920042514801,0.0007717962726019323
0.47210299241277887,0.9793553948402405,0.0007831354159861803
0.4721945003913166,0.9904330968856812,0.0007726559415459633
0.4722813129029707,1.013715147972107,0.0007461857167072594
0.47231669738348536,0.9718517065048218,0.0007363124750554562
0.47236294880617,0.9863080382347107,0.0007433875580318272
0.4724123004828563,0.9820913672447205,0.0007446062518283725
0.47244204090982556,0.9803507924079895,0.0007551406743004918
0.4725054447654844,1.0162259340286255,0.0007649701437912881
0.47251883650109017,0.9777191281318665,0.0007718225824646652
0.47259372814791467,0.9777621626853943,0.0007826064247637987
0.47259629221059785,0.998344361782074,0.0007701727445237339
0.47268522921619216,0.9901034832000732,0.0007723183371126652
0.4727720443606477,1.010817289352417,0.0007456210441887379
0.4728074220130065,0.9704552888870239,0.0007355518755502999
0.4728536816621913,0.9846261143684387,0.0007425821386277676
0.47290302642837645,0.980705738067627,0.000744336168281734
0.4729327749173964,0.9761834144592285,0.0007536610355600715
0.47299617186279486,1.0144670009613037,0.0007649797480553389
0.4730095715782666,0.9734287261962891,0.000770695332903415
0.4730844639654761,0.9742801785469055,0.0007818013546057045
0.47308702037783545,0.9963714480400085,0.0007697621476836503
0.4731759581233327,0.9875617623329163,0.000771628983784467
0.4732627757357384,1.0080983638763428,0.000745338445995003
0.4732981466426882,0.9683670401573181,0.0007353718974627554
0.4733444145183734,0.9818750023841858,0.0007420978508889675
0.47339375237429826,0.9775562286376953,0.000743311655241996
0.4734235089252885,0.9747265577316284,0.0007532174931839108
0.4734868989601053,1.0122860670089722,0.0007639311952516437
0.4735003066552824,0.9702890515327454,0.0007693240768276155
0.4735751997009332,0.9715470671653748,0.0007815312710590661
0.4735777485445909,0.9958651661872864,0.0007700449205003679
0.4736666870309554,0.9850682020187378,0.0007711025536991656
0.4737535071932547,1.007238507270813,0.0007445244700647891
0.47378887127220926,0.9641903042793274,0.0007335583795793355
0.47383514729212983,0.9804956912994385,0.00074169528670609
0.4738844783203807,0.9752067923545837,0.0007428568205796182
0.47391424293277884,0.9722456336021423,0.0007526964764110744
0.4739776260577372,1.0090060234069824,0.0007630410837009549
0.4739910417326195,0.9698976278305054,0.00076819903915748
0.47406593551849474,0.9688217043876648,0.0007808265509083867
0.47406847671134644,0.9915360808372498,0.0007688047480769455
0.4741574158559916,0.9829959869384766,0.0007703879964537919
0.4742442385683452,1.0048670768737793,0.0007433254504576325
0.47427959590156965,0.9632042050361633,0.0007341424934566021
0.4743258801483119,0.978035032749176,0.0007406775839626789
0.47437520426598123,0.9735192656517029,0.0007424734649248421
0.4744049769405906,0.9695603847503662,0.0007518830243498087
0.4744683532374735,1.0067174434661865,0.0007625306607224047
0.4744817768096352,0.9662466645240784,0.0007679231348447502
0.47455667125395185,0.9672115445137024,0.000780461763497442
0.4745592049605276,0.990017294883728,0.0007682780851610005
0.4746481447631321,0.9792008996009827,0.0007693978841416538
0.4747349699437573,1.0009629726409912,0.0007431937847286463
0.47477032053093016,0.9608574509620667,0.0007329394575208426
0.4748166130040923,0.9745208621025085,0.0007398157613351941
0.47486593021158163,0.9697086811065674,0.0007415246800519526
0.47489571094864336,0.9675222635269165,0.0007505347020924091
0.4749590803350249,1.0028932094573975,0.0007613631314598024
0.47497251188657075,0.963288426399231,0.0007674076477997005
0.47504740707127235,0.963344395160675,0.0007799541926942766
0.4751388735882487,0.9786277413368225,0.0007688139448873699
0.47522570140151466,1.000443696975708,0.0007429137476719916
0.4752610452430376,0.9582797288894653,0.0007321137236431241
0.4753073457776076,0.9724786281585693,0.0007395498105324805
0.4753566561573428,0.9679186940193176,0.0007406712393276393
0.47538644495621407,0.9645155668258667,0.0007501119398511946
0.47544980743257637,1.0005683898925781,0.0007614301284775138
0.4754632469639881,0.9607748985290527,0.0007677238900214434
0.47553814288859275,0.9610621333122253,0.0007796952850185335
0.47554066129419936,0.9846290946006775,0.000766405020840466
0.47562960249530895,0.9751208424568176,0.0007683337898924947
0.47571643277652487,0.995833694934845,0.0007410821272060275
0.4757517698725586,0.954881489276886,0.0007312197703868151
0.4757980786339502,0.9693407416343689,0.0007383362390100956
0.4758473821029432,0.9643192291259766,0.0007399439346045256
0.4758771789637848,0.9620450735092163,0.00074945850064978
0.4759405345300476,0.9980882406234741,0.0007600180106237531
0.4759539820413252,0.9577065110206604,0.0007663816795684397
0.47602887862404997,0.9597784876823425,0.00077863282058388
0.47603138946143697,0.9806618094444275,0.0007658308604732156
0.47612033140244947,0.9726227521896362,0.0007670192862860858
0.47620716415161557,0.9942269921302795,0.0007406672812066972
0.476242494501919,0.9513417482376099,0.000730479892808944
0.47628881149013225,0.9673500657081604,0.0007379765156656504
0.47633810804870447,0.9624010324478149,0.000738923205062747
0.47636791297151626,0.9597248435020447,0.0007486144313588738
0.47643126162735816,0.9945002794265747,0.0007588992011733353
0.476444717118341,0.9552127122879028,0.0007647862075828016
0.4765196144416114,0.9548578858375549,0.0007772463141009212
0.4765221176281925,0.9793078899383545,0.000765279692132026
0.4766110602278071,0.9694808125495911,0.0007665937300771475
0.47669789552702757,0.9917356371879578,0.0007402070332318544
0.4767332191316008,0.9486485719680786,0.0007292719092220068
0.47677954426372804,0.9657623171806335,0.0007373589323833585
0.4768288339947868,0.9579569697380066,0.0007381816976703703
0.4768586469794084,0.9554623365402222,0.0007473303703591228
0.4769219887246685,0.9924427270889282,0.0007586798747070134
0.4769354521955175,0.9521550536155701,0.0007648052996955812
0.4770103501770685,0.9553180932998657,0.0007776424754410982
0.47701284579494807,0.9775130152702332,0.0007650479674339294
0.4771017891352689,0.96672123670578,0.0007654106011614203
0.47718862698438325,0.9885863065719604,0.0007393135456368327
0.47722394376088095,0.9460762143135071,0.0007286480977199972
0.47727027711974934,0.9616360664367676,0.0007360444287769496
0.47731955994038733,0.9561125636100769,0.0007374504348263144
0.47734938098713975,0.9527847170829773,0.0007470012060366571
0.47741271582246103,0.988498330116272,0.0007574420887976885
0.4774261872725333,0.9491315484046936,0.0007629463216289878
0.47750108599463004,0.9502509832382202,0.0007768378127366304
0.47750357404429,0.9732314348220825,0.0007631744374521077
0.47759251796014457,0.9624200463294983,0.0007644729921594262
0.4776793583596345,0.9867032170295715,0.0007385978242382407
0.47771466839016097,0.9428941011428833,0.0007280574063770473
0.4777610099756101,0.9596554636955261,0.0007354154367931187
0.47781028588598773,0.9531416296958923,0.0007365839555859566
0.47784011491260614,0.9501296281814575,0.0007462633075192571
0.47790344292001263,0.9854881763458252,0.0007563550607301295
0.4779169223498704,0.945797860622406,0.0007621888071298599
0.47799182172976584,0.9474904537200928,0.0007756627164781094
0.47799430221096506,0.9696105718612671,0.0007627448649145663
0.47808324686744574,0.9606499075889587,0.0007636248483322561
0.47817008973520714,0.9832791090011597,0.0007381673203781247
0.4782053930200034,0.9376673698425293,0.0007259777630679309
0.4782517427492058,0.959364116191864,0.0007352259708568454
0.47830101183190965,0.9496333003044128,0.0007360525778494775
0.4783941700172428,0.9819310307502747,0.0007558994693681598
0.4784076573450229,0.9447248578071594,0.0007619081879965961
0.47848255754716673,0.9437724351882935,0.0007744283066131175
0.47848503037796175,0.9665276408195496,0.0007619867101311684
0.4785739757745864,0.9587633013725281,0.0007631967891938984
0.47866082111029784,0.980796754360199,0.0007368484511971474
0.4786961176496851,0.9381093382835388,0.0007268497720360756
0.4787424756055485,0.9532546401023865,0.000733720778953284
0.47879173777742967,0.9466403126716614,0.000734776200260967
0.47882158292774757,0.9449208974838257,0.0007449115510098636
0.4788848971148746,0.9795557856559753,0.0007550899754278362
0.4788983924222796,0.9410278797149658,0.0007605594582855701
0.4789732932827845,0.9417230486869812,0.0007738746353425086
0.47897575854519914,0.9615199565887451,0.0007612264598719776
0.4790647045994618,0.9551900625228882,0.0007618669187650084
0.47915155248538854,0.9774423241615295,0.0007358863367699087
0.4791868422790456,0.9335373044013977,0.000725508842151612
0.4792332084615698,0.9495837092399597,0.0007328659412451088
0.4792824637232711,0.9428344368934631,0.0007336287526413798
0.4793123169356398,0.9401648044586182,0.000743475160561502
0.47937562421218516,0.9747368693351746,0.0007538026547990739
0.4793891274992954,0.936627209186554,0.0007599116652272642
0.4794640291006673,0.9377826452255249,0.000773128995206207
0.4794664867119548,0.9600453972816467,0.0007606334402225912
0.4795554335070845,0.9530308246612549,0.0007610901957377791
0.47964228394290487,0.9741665720939636,0.000735185225494206
0.47967756690856667,0.9305115342140198,0.0007239698898047209
0.4797239412351656,0.9476464986801147,0.0007327813073061407
0.47977318966935356,0.9402137994766235,0.0007332176901400089
0.47980305094337117,0.9380311965942383,0.0007422870839945972
0.4798663513094956,0.9743801951408386,0.000753746076952666
0.4798798625763112,0.9353746771812439,0.0007591277826577425
0.4799547648358031,0.9358664155006409,0.0007724757888354361
0.4800461623321206,0.9498040080070496,0.000760160677600652
0.48013301531799546,0.9716336727142334,0.0007346182828769088
0.48016829153792706,0.9280425310134888,0.0007238545804284513
0.48021467409134766,0.9444274306297302,0.000731255451682955
0.4802639156149542,0.9377190470695496,0.000731878390070051
0.4802937849511828,0.9358465075492859,0.0007421785267069936
0.4803570784895531,0.9693715572357178,0.0007516173645853996
0.48037059765348766,0.9304114580154419,0.0007573706679977477
0.4804455006532039,0.9337831735610962,0.0007719855639152229
0.48044794304562655,0.9552823305130005,0.0007591146277263761
0.48053689123926124,0.9461843967437744,0.0007595573551952839
0.48062374669340746,0.9686573147773743,0.0007336647249758244
0.48065901616728746,0.9253309369087219,0.0007227554451674223
0.4807054068651039,0.9423103332519531,0.0007304184837266803
0.4807546414782895,0.934326171875,0.0007313096430152655
0.48078451895899466,0.9318788647651672,0.0007409108220599592
0.48084780558702434,0.9659945368766785,0.0007510142168030143
0.48086133273082476,0.9268015027046204,0.0007566311396658421
0.48093623638850036,0.9284772872924805,0.0007705925381742418
0.4809386712123821,0.9507721066474915,0.0007576562347821891
0.4810276201467232,0.9416520595550537,0.0007582526886835694
0.4811144780689801,0.9658223986625671,0.0007325036567635834
0.4811497407971299,0.919815719127655,0.0007209014729596674
0.48119613972096464,0.9396693110466003,0.0007296833791770041
0.48124536742405066,0.9303780794143677,0.0007308057975023985
0.48127525296656537,0.9283308386802673,0.000739892537239939
0.4813385326843349,0.9642513394355774,0.0007507683476433158
0.4813520678080012,0.924391508102417,0.0007556417258456349
0.48142697220590125,0.9262493252754211,0.0007696941029280424
0.48142939946156327,0.947541356086731,0.0007569364388473332
0.48151834897151835,0.9400209784507751,0.0007580197416245937
0.48160520944399043,0.9621659517288208,0.0007316782721318305
0.48164046542665095,0.9176081418991089,0.0007202211418189108
0.48168687257698595,0.9355723261833191,0.0007287177140824497
0.4817360933698921,0.9270862936973572,0.0007289007771760225
0.4817659869741361,0.9264719486236572,0.0007392241968773305
0.4818292597818059,0.9593601226806641,0.0007488455739803612
0.48184280288517767,0.9211843609809875,0.0007547123241238296
0.4819177079411977,0.9231579899787903,0.0007691097562201321
0.4819201276288009,0.9439902901649475,0.0007560753729194403
0.4820090778785786,0.9363961815834045,0.0007565871928818524
0.48209594081900076,0.9599859714508057,0.0007307417108677328
0.48213119005601146,0.9151306748390198,0.0007199260871857405
0.4821776053510637,0.9345683455467224,0.000727992388419807
0.48222681931573363,0.9241899847984314,0.0007278997800312936
0.4822567208996026,0.92186039686203,0.0007384426426142454
0.4823199868791165,0.9572471976280212,0.000748660764656961
0.48233353796219347,0.919198215007782,0.0007546849665232003
0.48240844375908054,0.9203174710273743,0.0007680918206460774
0.4824108557955563,0.9426237940788269,0.0007563621620647609
0.4824998067039362,0.9319495558738708,0.0007557135540992022
0.48258667227667784,0.9568405747413635,0.0007301951409317553
0.48262191468569315,0.9114629626274109,0.0007193234632723033
0.48266833820692445,0.9298955202102661,0.0007271611830219626
0.4827175452614947,0.9222617149353027,0.0007271284121088684
0.4827474549074946,0.9191911220550537,0.0007367128855548799
0.48281071397674835,0.9539821743965149,0.0007473211153410375
0.4828242729569443,0.9155356287956238,0.0007526547415181994
0.4828991795764812,0.916613757610321,0.0007673065993003547
0.48290158396231186,0.938849687576294,0.0007543957326561213
0.48299053561139804,0.930360734462738,0.0007552025490440428
0.48307740365176843,0.9553753137588501,0.0007296993280760944
0.4831126393149733,0.9080401062965393,0.0007173781632445753
0.48315907098052024,0.9289055466651917,0.0007270497735589743
0.4832082712070952,0.9179264903068542,0.0007263662409968674
0.48323818891522596,0.9172472953796387,0.0007371567189693451
0.48330144107454087,0.9500499367713928,0.0007461725035682321
0.4833150080342814,0.9133943915367126,0.0007526284316554666
0.483389915311617,0.9147164821624756,0.0007672351785004139
0.4833923121293887,0.9353457093238831,0.0007544821710325778
0.48348126451853857,0.9267475008964539,0.0007539997459389269
0.4835681350270198,0.9512317776679993,0.0007286165491677821
0.4836033639445747,0.9053832292556763,0.0007167283911257982
0.4836498038367022,0.9248085618019104,0.0007255203672684729
0.4836989971526956,0.9149346947669983,0.0007258413243107498
0.48372892292295744,0.9149183034896851,0.0007361993193626404
0.48379216817185133,0.9481231570243835,0.0007457596366293728
0.48380574311145785,0.9088467359542847,0.0007513986201956868
0.4838806511293392,0.909979522228241,0.0007657193928025663
0.483883040296305,0.9317209720611572,0.0007530690054409206
0.4839719933435749,0.9250117540359497,0.0007529449067078531
0.48405886640259244,0.9470598697662354,0.0007272296934388578
0.48409408857441716,0.9026526212692261,0.0007159640663303435
0.4841405366924826,0.9209073781967163,0.000723820470739156
0.48418972301635244,0.91079181432724,0.0007245030719786882
0.48421965693052815,0.9100401401519775,0.0007344016921706498
0.4842828952690815,0.9438409805297852,0.0007450205157510936
0.48429647818879495,0.907301127910614,0.0007507422706112266
0.4843713868643946,0.9078618288040161,0.0007654968067072332
0.4843737684633015,0.9291038513183594,0.0007521163788624108
0.4844627222507154,0.9210296869277954,0.0007524522370658815
0.484549597777683,0.9467409253120422,0.0007275142706930637
0.48458481320377755,0.8988073468208313,0.0007144937408156693
0.4846312694663193,0.9190027713775635,0.000723509700037539
0.4846804489621136,0.9083868861198425,0.0007232650532387197
0.48471039093809887,0.9062537550926208,0.0007335491827689111
0.484773622366633,0.9405229091644287,0.0007436861633323133
0.4847872132659714,0.9035081267356873,0.0007494108285754919
0.48486212268203654,0.9047560691833496,0.0007646094309166074
0.48486449663029807,0.9271390438079834,0.0007523183012381196
0.4849534510757517,0.920387327671051,0.0007521092775277793
0.48504032915277373,0.9425400495529175,0.000727079517673701
0.48507553783313795,0.8967875242233276,0.0007144088158383965
0.4851220023226619,0.9161766171455383,0.0007232158677652478
0.485171174907955,0.9051561951637268,0.0007225575973279774
0.485201124945991,0.9049872159957886,0.00073312281165272
0.4852643494639435,0.9382919669151306,0.0007427218952216208
0.4852779483429872,0.8999766111373901,0.0007485702517442405
0.4853528584176543,0.9002895355224609,0.0007632717024534941
0.4853552247970536,0.9234684109687805,0.0007506718393415213
0.4854441799833743,0.9140489101409912,0.0007507833070121706
0.4855310605280251,0.9389442205429077,0.000724950572475791
0.485566262462659,0.8924548029899597,0.0007130519952625036
0.4856127350962577,0.9121783971786499,0.0007222441490739584
0.48566190085379657,0.9027795195579529,0.0007217734237201512
0.4856918588714574,0.9018880128860474,0.0007318065618164837
0.4857550765614147,0.9349368810653687,0.0007416712469421327
0.4857686833377379,0.8978652358055115,0.0007478386978618801
0.4858435942350552,0.8977215886116028,0.0007629672763869166
0.48584595296380906,0.9195118546485901,0.0007492602453567088
0.4859349088905148,0.9118058681488037,0.0007497213664464653
0.48602179190359773,0.935581624507904,0.0007240544655360281
0.4860569870920194,0.8894606232643127,0.0007120814989320934
0.48610346795211845,0.9095219969749451,0.0007206692243926227
0.48615262679939697,0.9005088210105896,0.0007212511845864356
0.4861825928793495,0.8983554840087891,0.000731505686417222
0.4862458036592072,0.9321050047874451,0.0007407956290990114
0.4862594184149144,0.8952702879905701,0.0007470111595466733
0.4863343299701909,0.8937193751335144,0.0007618012605234981
0.48633668113072537,0.9183640480041504,0.0007495382451452315
0.4864256377153904,0.9087508916854858,0.0007491747965104878
0.4865125232790096,0.9339180588722229,0.0007244855514727533
0.48654771163935584,0.8880722522735596,0.0007117066415958107
0.48659420072587467,0.9065430164337158,0.000720560026820749
0.4866433526627324,0.8969213962554932,0.0007202666602097452
0.48667332688708087,0.8960542678833008,0.0007307233172468841
0.4867365306742527,0.92964106798172,0.0007403789204545319
0.4867501534922516,0.892017126083374,0.0007460166234523058
0.4868250657877524,0.8925679922103882,0.0007609848398715258
0.4868274092978022,0.9153207540512085,0.0007481651846319437
0.4869163666228523,0.9063836932182312,0.000747984740883112
0.4870032546541003,0.9299582839012146,0.0007226357702165842
0.4870384362691179,0.8852162957191467,0.0007112935418263078
0.48708493358205673,0.9044537544250488,0.0007192243356257677
0.48713407860849367,0.8934849500656128,0.0007193034398369491
0.48716406089481223,0.8938577771186829,0.0007301749428734183
0.48722725777156317,0.9269969463348389,0.000739782175514847
0.48724088856942804,0.8885206580162048,0.0007455006125383079
0.4873158015228882,0.8891822695732117,0.0007604652200825512
0.4873181374647184,0.9121965169906616,0.0007471966091543436
0.4874070954476475,0.9034815430641174,0.000747170764952898
0.4874939860293517,0.928914487361908,0.0007218700484372675
0.4875291608987996,0.8811073899269104,0.0007096342742443085
0.4875756663558132,0.9004793763160706,0.0007184035493992269
0.48762480455441537,0.8915045261383057,0.0007182156550697982
0.48765479490238306,0.8899759650230408,0.0007291178917512298
0.4877179848690344,0.9214950799942017,0.0007381685427390039
0.48773162364668476,0.8862601518630981,0.0007445766241289675
0.48780653734044976,0.8866864442825317,0.0007601766264997423
0.4878088656316346,0.9093090891838074,0.0007468043477274477
0.48789782435502915,0.9010041356086731,0.000747433805372566
0.48798471740444227,0.9256521463394165,0.0007211890770122409
0.4880198855281601,0.8779548406600952,0.0007084464887157083
0.4880663992118346,0.8991565704345703,0.0007174883503466845
0.48811553050017653,0.8890236616134644,0.0007177038351073861
0.4881455288280101,0.8880137801170349,0.0007287304033525288
0.48820871196634485,0.9203400015830994,0.0007373489206656814
0.4882223586413552,0.882735550403595,0.0007430131081491709
0.4882972730760675,0.8849882483482361,0.0007594708586111665
0.48829959379839016,0.908047616481781,0.0007465471280738711
0.4883885532626516,0.8989772796630859,0.0007460905471816659
0.488475448779533,0.9231542348861694,0.000720337382517755
0.4885106101575205,0.8752219676971436,0.0007084446842782199
0.48855713198543016,0.895950436592102,0.0007170860189944506
0.4886062564459376,0.8854971528053284,0.000717119371984154
0.4886994390639767,0.9172343015670776,0.000736521789804101
0.488713093718371,0.8824913501739502,0.0007437014719471335
0.4887880088937897,0.8804481029510498,0.0007580858655273914
0.4887903219651457,0.9024836421012878,0.0007442032219842076
0.4888792820875272,0.8954752087593079,0.0007450920529663563
0.4889661801551056,0.9201085567474365,0.0007197714294306934
0.48900133478704166,0.8742086887359619,0.0007073513115756214
0.4890478648412909,0.894743800163269,0.0007161605753935874
0.4890969823095944,0.8825103640556335,0.0007164222188293934
0.4891269968436336,0.8823080062866211,0.0007264817832037807
0.48919016616176925,0.9138456583023071,0.000735785870347172
0.48920382879586877,0.8774807453155518,0.0007416928419843316
0.4892787446289255,0.8786945939064026,0.0007576632779091597
0.4892810501322227,0.90329909324646,0.000744934135582298
0.4893700109946677,0.8931538462638855,0.0007444068905897439
0.489456911530357,0.9176700711250305,0.0007186486618593335
0.489492059416643,0.8700221180915833,0.0007061060750856996
0.489538597615208,0.8911522030830383,0.0007150087621994317
0.48958770825519493,0.8796545267105103,0.0007150451419875026
0.48961773085112403,0.8799330592155457,0.0007264197338372469
0.4896808932590797,0.9123746752738953,0.0007359586306847632
0.48969456387320587,0.877292811870575,0.000741492782253772
0.4897694804463263,0.8764776587486267,0.0007575983181595802
0.48977177829913876,0.8990907073020935,0.000743405194953084
0.489860739819704,0.8905227184295654,0.0007432766142301261
0.48994764290544757,0.9166833162307739,0.0007189601892605424
0.48998278396397943,0.8672147989273071,0.0007051672437228262
0.4900293304712293,0.8889353275299072,0.0007154409540817142
0.49007843420079533,0.8766910433769226,0.0007146269199438393
0.4901084647766708,0.8762460947036743,0.0007250602939166129
0.49017162035639017,0.9094705581665039,0.0007344874902628362
0.49018529895022167,0.8724949359893799,0.0007403843337669969
0.49026021618194404,0.8742654323577881,0.0007571076275780797
0.49035146872684454,0.887481689453125,0.0007425438379868865
0.4904383741985945,0.9125757813453674,0.0007172468467615545
0.4904735085935006,0.8669636249542236,0.0007057131733745337
0.49052006324506614,0.8874025344848633,0.0007143479306250811
0.4905691601468779,0.8757181167602539,0.0007154615013860166
0.4905991987842415,0.8737537860870361,0.0007243264699354768
0.4906623474538614,0.9083482027053833,0.0007343543111346662
0.49067603394513315,0.8702631592750549,0.0007403635536320508
0.4907509519995056,0.8711724281311035,0.0007563676917925477
0.4907532346331319,0.8937025666236877,0.0007428854587487876
0.4908421976341458,0.8857443928718567,0.0007421888294629753
0.4909291055736049,0.9115610718727112,0.0007171905017457902
0.490964233222861,0.8644861578941345,0.0007050549611449242
0.4910107961011678,0.8850322961807251,0.0007135767373256385
0.491059886010374,0.8716159462928772,0.0007131071179173887
0.491089932791973,0.8732585906982422,0.0007242832216434181
0.49115307455117196,0.9048234820365906,0.0007335218833759427
0.4911667690223096,0.8676081895828247,0.0007391555118374527
0.4912416877346414,0.8706517219543457,0.0007557115168310702
0.49124396279988747,0.8909702301025391,0.0007418060558848083
0.4913329264595033,0.8844661116600037,0.0007419711910188198
0.49141983694861524,0.9085173606872559,0.0007161199464462698
0.4914549578522214,0.8619930148124695,0.000703739351592958
0.4915015288747635,0.8837741017341614,0.0007124377298168838
0.4915506119559744,0.8707020282745361,0.0007123576360754669
0.49158066680002566,0.8707902431488037,0.00072388636181131
0.49164380164864296,0.9013500213623047,0.000732086191419512
0.4916575040993254,0.8670453429222107,0.0007378985174000263
0.4917324235522028,0.8678528070449829,0.0007554753683507442
0.4917346909666429,0.8888142704963684,0.0007412339909933507
0.49182365536664396,0.8817057609558105,0.0007409027311950922
0.4919105683241878,0.908275306224823,0.0007158309454098344
0.49194568239979874,0.8595623970031738,0.0007040984346531332
0.4919922616483592,0.8812357783317566,0.0007123267860151827
0.49204133790173554,0.8680786490440369,0.0007113707833923399
0.4920714007253315,0.8689810037612915,0.0007221632404252887
0.4921345287464355,0.899405300617218,0.0007315182010643184
0.4921482391766625,0.8652954697608948,0.0007375688292086124
0.49222315928733873,0.8647777438163757,0.0007547837449237704
0.4922254191335592,0.8879757523536682,0.000741055584512651
0.4923143841915195,0.8801259994506836,0.0007400254253298044
0.4924012996995998,0.9045173525810242,0.0007149387965910137
0.49243640702948055,0.8590762615203857,0.000703122525010258
0.4924829945043806,0.8797938227653503,0.0007112903986126184
0.49253206376507097,0.8669798374176025,0.0007113869651220739
0.4925621347329022,0.8669108152389526,0.000722919125109911
0.492625255761481,0.8984478712081909,0.0007310909568332136
0.4926389741718953,0.8622641563415527,0.0007366099744103849
0.4927138951047394,0.8624741435050964,0.0007538297213613987
0.49271614730063606,0.8861347436904907,0.0007401783368550241
0.49280511309898145,0.8779920935630798,0.000739702838473022
0.4928920310746905,0.9030040502548218,0.0007143539842218161
0.49292713165876056,0.8560625314712524,0.0007026384701021016
0.4929737272782976,0.8769779205322266,0.0007116710767149925
0.4930227897109928,0.8633832335472107,0.0007104233955033123
0.4930528687406336,0.863813579082489,0.0007212508353404701
0.49311598285879155,0.89697265625,0.000730689789634198
0.4931297092489111,0.8610866665840149,0.0007376080611720681
0.49320463084035726,0.8615241646766663,0.0007538971258327365
0.49320687546755226,0.8836772441864014,0.0007401317125186324
0.493295842006122,0.8767121434211731,0.0007392755942419171
0.49338276244994184,0.9030330777168274,0.0007139219087548554
0.493417856288362,0.8551704287528992,0.000702196266502142
0.4934644601343189,0.8770807981491089,0.0007111551240086555
0.49351351565707535,0.8639153838157654,0.000710357038769871
0.49354360266593933,0.8619250655174255,0.0007207706803455949
0.49360670995634304,0.8942111134529114,0.000729657185729593
0.4936204443259269,0.8584569692611694,0.0007365759229287505
0.49369536665799907,0.8605584502220154,0.0007536493358202279
0.49369760363454884,0.8826012015342712,0.0007391672697849572
0.4937865708311583,0.8735664486885071,0.0007389306556433439
0.49387349374276746,0.9005909562110901,0.0007135242922231555
0.4939085808354574,0.8528311252593994,0.0007012775167822838
0.4939551929081557,0.8738383650779724,0.0007104016258381307
0.49400424160267575,0.8609611988067627,0.0007092286250554025
0.49403433667383134,0.8612512350082397,0.0007207132875919342
0.49409743705389464,0.8925564289093018,0.0007296723197214305
0.49411117932083826,0.8577050566673279,0.0007358998991549015
0.4941861023930545,0.8572946190834045,0.0007526385015808046
0.4941883318015454,0.879811704158783,0.0007389808306470513
0.49427729973878076,0.8747013807296753,0.0007388326921500266
0.49436422511785805,0.8999025821685791,0.0007138805813156068
0.4943993054648178,0.8517289161682129,0.0007005646475590765
0.4944459257639361,0.8732814788818359,0.000709933927282691
0.4944949674659309,0.8602917194366455,0.0007093377062119544
0.4945250706818842,0.8586066365242004,0.0007196074002422392
0.49458816415136575,0.891933023929596,0.0007288934430107474
0.49460191439785406,0.8552526831626892,0.0007352193351835012
0.4946768382107767,0.8568477034568787,0.0007524284301325679
0.49467905996830086,0.8792375922203064,0.0007386900833807886
0.4947680285638171,0.871764063835144,0.0007380656315945089
0.4948549564934307,0.8982466459274292,0.000712953507900238
0.49489003009466026,0.8503082394599915,0.0007004557410255075
0.49493665853753166,0.8724995851516724,0.000710457272361964
0.49498569341177234,0.8590620756149292,0.0007091998704709113
0.49501580468945494,0.859627902507782,0.0007198592647910118
0.4950788912489975,0.8903729915618896,0.0007286402396857738
0.4950926494750305,0.854443371295929,0.0007348604267463088
0.4951675739459125,0.856879472732544,0.0007525398395955563
0.49516978813521717,0.8789165616035461,0.000738208182156086
0.4952587574709576,0.8702122569084167,0.0007378656300716102
0.49534568786868205,0.8981691598892212,0.0007129159057512879
0.4953807547241814,0.84958815574646,0.0006998854805715382
0.49542739131144875,0.8724854588508606,0.0007103782845661044
0.49547641935737285,0.8594409227371216,0.0007086814730428159
0.4955065386147607,0.8577070236206055,0.0007200310355983675
0.49556961834646873,0.8898388147354126,0.0007290891371667385
0.49558338455252826,0.8526053428649902,0.0007342304452322423
0.49565830976331327,0.8543694615364075,0.0007517734775319695
0.49566051630245467,0.8775765299797058,0.0007382569019682705
0.49574948629583315,0.8708393573760986,0.0007380078313872218
0.4958364191615078,0.8947305083274841,0.0007116396445780993
0.4958714792712767,0.8494246006011963,0.0007004350773058832
0.49591812416747016,0.8702089190483093,0.0007093230378814042
0.49596714522086893,0.8578106164932251,0.0007086582481861115
0.49599727262249205,0.8585928678512573,0.0007202572305686772
0.4960603453615142,0.887633204460144,0.0007276820833794773
0.4960741195472791,0.85243159532547,0.0007343592005781829
0.49614904549893113,0.8537320494651794,0.0007518021739087999
0.4961512444692102,0.8751110434532166,0.0007374151609838009
0.49624021520345574,0.8677265048027039,0.000737121154088527
0.4963271505369198,0.8946168422698975,0.0007120767841115594
0.49636220390079777,0.847726583480835,0.0006994468276388943
0.49640885694138714,0.8713106513023376,0.0007097320049069822
0.4964578711669514,0.8557732105255127,0.0007076626643538475
0.49648800663006276,0.856204628944397,0.0007194537320174277
0.4965510724588248,0.8862997889518738,0.0007278931443579495
0.4965648546242949,0.8515720367431641,0.0007335496484301984
0.49663978131649256,0.8529531359672546,0.0007514976314269006
0.49664197263596577,0.8759489059448242,0.0007375423447228968
0.4967309441108373,0.8692103028297424,0.0007372067775577307
0.49681788191193,0.8941829204559326,0.0007117468048818409
0.49685292853015817,0.8478067517280579,0.0006995997973717749
0.4968995897151436,0.8686025142669678,0.0007085264078341424
0.4969485971125519,0.856264054775238,0.0007081474759615958
0.49697874055552926,0.8549981117248535,0.0007193764322437346
0.4970417995566173,0.8863434791564941,0.0007273700903169811
0.4970555897015516,0.8499339818954468,0.0007331669912673533
0.49713051705162836,0.8521945476531982,0.0007521500810980797
0.49713270080288197,0.874991774559021,0.0007376297144219279
0.49722167293563246,0.8686701655387878,0.0007371575920842588
0.4973086132872617,0.8942211866378784,0.0007122493698261678
0.4973436530772537,0.8459194898605347,0.0006989515968598425
0.49739032257100424,0.8686829209327698,0.0007086278055794537
0.49743932297588733,0.8560270667076111,0.0007081172661855817
0.49746947456358204,0.8549331426620483,0.0007186861475929618
0.49753252665408854,0.8851991295814514,0.0007274923264048994
0.49754632469654336,0.8505921363830566,0.0007332524983212352
0.4976212528691899,0.851205587387085,0.00075111398473382
0.4976234289696375,0.8745209574699402,0.0007375270943157375
0.4977124018430945,0.8670493960380554,0.0007364257471635938
0.4977993445805694,0.8925855755805969,0.0007127812132239342
0.49783437770709604,0.8465667366981506,0.0006989786052145064
0.4978810553445999,0.8679016828536987,0.0007084023091010749
0.4979300489216484,0.8554173111915588,0.0007079738425090909
0.49796020857115275,0.8537309765815735,0.0007185627473518252
0.4980232537513989,0.8863202333450317,0.0007271094364114106
0.4980370597737198,0.8493227958679199,0.0007330177468247712
0.4981119886043257,0.8515069484710693,0.0007514108438044786
0.49811415713671436,0.874467670917511,0.0007376617868430912
0.49820313066796995,0.8668835759162903,0.0007361073512583971
0.49829007595566,0.8942690491676331,0.0007120565278455615
0.49832510233677796,0.8463417291641235,0.0006993595161475241
0.49837178820094274,0.8680161237716675,0.0007079322822391987
0.4984207747849839,0.8541080951690674,0.0007073183660395443
0.4984509424964584,0.853280246257782,0.0007182421395555139
0.4985139807667658,0.8847169280052185,0.0007278227130882442
0.498527794851057,0.8499706387519836,0.0007329246727749705
0.4986027244220479,0.8524872064590454,0.0007515053730458021
0.49860488530395186,0.874989926815033,0.0007375350105576217
0.4986938595751106,0.8666082620620728,0.0007359989103861153
0.4987808073307507,0.8939339518547058,0.0007115579792298377
0.4988158268837929,0.8462640643119812,0.0006994568975642323
0.4988625209746991,0.8668618202209473,0.0007075979956425726
0.49891150073090573,0.8553962111473083,0.0007078797789290547
0.49894167650427024,0.8532931804656982,0.0007181845139712095
0.49900470786407625,0.8849945068359375,0.0007274175877682865
0.49901852984580775,0.8484874963760376,0.0007328228675760329
0.49909346015766565,0.851132333278656,0.0007512273150496185
0.49909561338844244,0.8733024001121521,0.0007374585256911814
0.4991845884004681,0.8669340014457703,0.0007373098051175475
0.49927153862373697,0.8935609459877014,0.0007119645597413182
0.4993065515133943,0.8450301885604858,0.0006987586966715753
0.49935325374829465,0.8695724606513977,0.0007090623839758337
0.4994022266769882,0.8548296689987183,0.0007077444461174309
0.499432410429817,0.8537991642951965,0.0007181952823884785
0.4994954349613868,0.8846281170845032,0.0007272324291989207
0.49950926492282355,0.8502734303474426,0.0007332858513109386
0.4995841959752272,0.8512961864471436,0.0007516277255490422
0.4995863415551176,0.8734318017959595,0.0007375239511020482
0.4996753173077694,0.8670039176940918,0.0007365624187514186
0.49976226999882767,0.8942828178405762,0.000711688247974962
0.49979727606048974,0.8473446369171143,0.0006993678980506957
0.49984398660439644,0.8703336119651794,0.0007096845656633377
0.4998929525403236,0.8555641770362854,0.0007082638330757618
0.4999231444375484,0.8550161719322205,0.0007184505229815841
0.49998616205909896,0.8836711645126343,0.0007274541421793401
0.5,0.8514519333839417,0.0007335000555031002
