BTJD	fluxes	errors	fluxes_detrended	errors_detrended	flags	quarter
1325.300931867067	38602.26	23.666143	0.96826161188216	0.0006130766	0	1
1325.3023207503302	38765.977	23.71315	0.9728696246676128	0.00061170006	0	1
1325.3037096335925	38762.383	23.713375	0.9732608780635713	0.0006117626	0	1
1325.305098516856	38765.195	23.714314	0.9737929659081331	0.0006117424	0	1
1325.3064874001193	38829.086	23.734024	0.9758401752668259	0.0006112434	0	1
1325.3078762838472	38841.41	23.738216	0.9765724011856267	0.00061115745	0	1
1325.3092651671109	38854.06	23.744608	0.9772932316839786	0.000611123	0	1
1325.310654050374	38867.32	23.747002	0.9780100314733362	0.0006109761	0	1
1325.3120429336368	38870.473	23.750038	0.9784529975648771	0.0006110046	0	1
1325.3134318169004	38922.42	23.766869	0.9801052815355492	0.00061062153	0	1
1325.314820700163	38926.355	23.771261	0.9805295908876993	0.00061067264	0	1
1325.316209583426	38917.855	23.764305	0.9806214278022025	0.0006106273	0	1
1325.3175984666896	38966.42	23.783016	0.9821323844702794	0.00061034644	0	1
1325.3189873499527	38995.848	23.789764	0.9831425258359577	0.0006100589	0	1
1325.3203762332155	39003.0	23.793114	0.983572586410041	0.00061003293	0	1
1325.3217651169443	39043.434	23.80134	0.9848236139331976	0.00060961186	0	1
1325.323154000208	38978.7	23.78511	0.9834033685009974	0.0006102079	0	1
1325.3245428834712	38989.535	23.792177	0.9838712185579527	0.00061021955	0	1
1325.3259317667334	39014.27	23.797594	0.9846719736266819	0.0006099715	0	1
1325.327320649997	39079.426	23.816301	0.9864755403300156	0.0006094332	0	1
1325.3287095332603	39048.91	23.81131	0.9858466737055985	0.00060978165	0	1
1325.3300984165226	39105.88	23.821524	0.9874092472239081	0.0006091545	0	1
1325.3314872997862	39125.094	23.832369	0.9880017090615575	0.0006091326	0	1
1325.332876183049	39091.0	23.825998	0.9872311566615719	0.00060950086	0	1
1325.3342650658458	39114.984	23.831608	0.9879107818156434	0.00060927053	0	1
1325.3356539491097	39148.895	23.840366	0.9888249285177102	0.0006089665	0	1
1325.3370428323733	39186.676	23.852459	0.9898209501255638	0.000608688	0	1
1325.338431715636	39169.902	23.853857	0.9894232862151187	0.0006089843	0	1
1325.3398205988992	39160.062	23.851974	0.989185348547071	0.0006090893	0	1
1325.3412094821624	39202.17	23.86343	0.9902445572980481	0.0006087272	0	1
1325.3425983654251	39194.48	23.862997	0.9900310162978314	0.00060883566	0	1
1325.3439872486883	39253.98	23.875753	0.9915001904164495	0.00060823775	0	1
1325.345376131951	39241.01	23.878504	0.9911247262795173	0.0006085089	0	1
1325.3467650147486	39261.938	23.885826	0.9915915313958791	0.00060837105	0	1
1325.3481538980118	39316.266	23.898212	0.9928883405831358	0.00060784543	0	1
1325.3495427812754	39270.984	23.892748	0.9916564962946971	0.00060840714	0	1
1325.350931664539	39261.016	23.89213	0.9913037231166365	0.0006085459	0	1
1325.3523205478014	39316.465	23.902151	0.9925901697320018	0.0006079425	0	1
1325.3537094310645	39319.3	23.905947	0.9925361273742983	0.0006079952	0	1
1325.3550983138625	39339.645	23.907827	0.9929122921982836	0.0006077286	0	1
1325.3564871971248	39374.215	23.922945	0.9936360380810351	0.00060757896	0	1
1325.3578760803875	39369.438	23.923065	0.9933557934240955	0.00060765573	0	1
1325.3592649636514	39362.617	23.919527	0.9930135271363928	0.00060767116	0	1
1325.3606538464487	39424.473	23.940979	0.9943933852983928	0.00060726184	0	1
1325.362042729712	39410.168	23.93225	0.9938423148168573	0.0006072608	0	1
1325.3634316129746	39487.906	23.962109	0.9956027101548302	0.00060682144	0	1
1325.3648204957722	39462.156	23.954706	0.9947446591046397	0.0006070298	0	1
1325.3662093790354	39461.355	23.95354	0.9945071174740142	0.0006070126	0	1
1325.367598262298	39474.227	23.958515	0.9946059373929209	0.0006069407	0	1
1325.3689871455617	39508.062	23.969416	0.995225003968679	0.0006066968	0	1
1325.3703760283593	39547.63	23.985949	0.9959806757129003	0.0006065079	0	1
1325.3717649116222	39564.145	23.984684	0.9961485896407868	0.0006062227	0	1
1325.3731537944204	39546.727	23.986341	0.9954556543181602	0.0006065316	0	1
1325.3745426776827	39546.344	23.984951	0.9951855867109547	0.00060650235	0	1
1325.3759315609454	39481.625	23.960186	0.9932886482422605	0.0006068693	0	1
1325.3773204437437	39612.67	24.00003	0.9963165252918178	0.0006058675	0	1
1325.3787093270062	39605.89	24.004229	0.9958695255997074	0.00060607726	0	1
1325.380098210269	39585.25	24.00074	0.9950698831392552	0.00060630514	0	1
1325.3814870930669	39653.65	24.015749	0.996504186834026	0.0006056378	0	1
1325.38287597633	39625.824	24.01327	0.9955166117135951	0.0006060005	0	1
1325.3842648591274	39679.746	24.027973	0.9965794815368082	0.00060554757	0	1
1325.3856537423903	39627.473	24.012972	0.9949725512717029	0.00060596777	0	1
1325.3870426251883	39664.79	24.024208	0.9956129634046804	0.000605681	0	1
1325.3884315084515	39714.133	24.04304	0.9965528458915867	0.0006054026	0	1
1325.3898203912481	39759.26	24.054287	0.9973849066238556	0.0006049983	0	1
1325.3912092745118	39725.082	24.043266	0.9962264638303294	0.00060524145	0	1
1325.3925981573093	39704.934	24.042475	0.995419820356752	0.00060552865	0	1
1325.393987040572	39783.793	24.061937	0.9970948382285486	0.0006048176	0	1
1325.39537592337	39739.58	24.053816	0.9956853683915607	0.00060528616	0	1
1325.3967648066325	39812.445	24.076908	0.9972099923739125	0.00060475833	0	1
1325.3981536894298	39786.703	24.065933	0.9962655361801724	0.00060487376	0	1
1325.3995425726935	39796.29	24.069859	0.9962074592931675	0.0006048267	0	1
1325.40093145549	39766.18	24.06582	0.9951579104126245	0.00060518313	0	1
1325.4023203387533	39829.188	24.081734	0.9964408711440139	0.00060462527	0	1
1325.4037092215513	39819.4	24.081665	0.9959051077674953	0.0006047722	0	1
1325.4050981043488	39885.54	24.097155	0.9972712848712191	0.0006041577	0	1
1325.4064869876115	39823.195	24.080845	0.9954286114723437	0.00060469395	0	1
1325.407875870409	39821.246	24.082584	0.9951001522507533	0.00060476724	0	1
1325.4092647536727	39791.066	24.07753	0.9940709859967463	0.0006050989	0	1
1325.4106536364702	39924.13	24.112282	0.9971242102471142	0.0006039526	0	1
1325.4120425192668	39920.535	24.10862	0.9967688418708299	0.00060391525	0	1
1325.4134314025305	39896.523	24.105658	0.9959095790207653	0.0006042045	0	1
1325.4148202853276	39852.98	24.094263	0.9945693319360733	0.0006045787	0	1
1325.4162091681244	39855.31	24.097063	0.9943806147608114	0.0006046136	0	1
1325.4175980513883	39960.035	24.120344	0.9967529663017288	0.0006036117	0	1
1325.4189869341853	39956.36	24.125109	0.996428046307902	0.00060378644	0	1
1325.4203758169829	39937.48	24.11951	0.9957317967665681	0.0006039317	0	1
1325.4217647002465	39978.73	24.12968	0.9965426271963531	0.000603563	0	1
1325.423153583044	39966.4	24.13138	0.9960260963679347	0.00060379173	0	1
1325.4245424658411	39938.65	24.118391	0.9951343222727351	0.00060388603	0	1
1325.4259313491043	39931.48	24.122524	0.9947647057249503	0.0006040979	0	1
1325.4273202319014	39949.113	24.131079	0.9950223831074647	0.0006040454	0	1
1325.428709114699	39999.8	24.142273	0.996112930595854	0.00060355983	0	1
1325.4300979974964	40001.35	24.145021	0.9959898352117835	0.0006036051	0	1
1325.43148688076	39989.742	24.136969	0.9955496812445431	0.000603579	0	1
1325.4328757635571	39966.246	24.136265	0.9948246484302363	0.00060391624	0	1
1325.4342646463538	40008.668	24.147688	0.9957516133408358	0.0006035614	0	1
1325.435653529152	40003.613	24.147663	0.9955084327040645	0.0006036371	0	1
1325.4370424119493	39996.05	24.150063	0.9952147974461605	0.0006038112	0	1
1325.4384312952116	39979.18	24.145561	0.9947018371503071	0.0006039534	0	1
1325.4398201780095	40033.785	24.158878	0.9959797316745621	0.0006034623	0	1
1325.4412090608078	40046.652	24.15895	0.9962319937565739	0.0006032702	0	1
1325.442597943605	39989.434	24.147413	0.9947539971810483	0.0006038448	0	1
1325.4439868264026	40042.184	24.161655	0.9960250264281438	0.00060340506	0	1
1325.4453757091997	39984.836	24.1456	0.994571228336813	0.0006038689	0	1
1325.4467645924628	40005.95	24.146255	0.9950831513009887	0.00060356664	0	1
1325.4481534752601	40087.938	24.17444	0.9971236072201722	0.00060303527	0	1
1325.4495423580574	40052.133	24.168072	0.9962488233744876	0.00060341536	0	1
1325.450931240855	40066.387	24.17303	0.9966341344049777	0.00060332444	0	1
1325.452320123652	40037.395	24.163937	0.9959589249112009	0.00060353416	0	1
1325.4537090064503	40053.797	24.173744	0.9964284161731701	0.0006035319	0	1
1325.4550978892476	39990.06	24.152803	0.9949198882159088	0.0006039702	0	1
1325.4564867720442	40071.402	24.174646	0.9970369384661462	0.0006032892	0	1
1325.4578756548422	40038.727	24.168043	0.996333385916136	0.0006036167	0	1
1325.4592645376401	40070.594	24.181795	0.9972524563719329	0.00060347986	0	1
1325.460653420437	39988.926	24.159418	0.9953625068368616	0.00060415274	0	1
1325.4620423037	40091.062	24.187418	0.9980647142244063	0.000603312	0	1
1325.463431186498	40033.97	24.17032	0.9968202845651081	0.0006037453	0	1
1325.4648200692945	40069.61	24.180601	0.9979022447891324	0.00060346484	0	1
1325.466208952092	40028.887	24.17191	0.9971000728708683	0.00060386164	0	1
1325.46759783489	40026.35	24.170803	0.997266777572219	0.00060387223	0	1
1325.4689867176876	40007.83	24.169819	0.9970530835500618	0.00060412724	0	1
1325.4703756004847	40053.566	24.178694	0.9984593518512103	0.00060365896	0	1
1325.4717644832822	40052.973	24.18152	0.9987294470744025	0.0006037385	0	1
1325.4731533660795	40004.797	24.166502	0.997831393305858	0.0006040901	0	1
1325.4745422488768	40044.93	24.178793	0.9991548129683687	0.0006037916	0	1
1325.4759311316743	40022.54	24.173819	0.9989374045141146	0.0006040051	0	1
1325.4773200140066	39945.63	24.15455	0.9973775557808147	0.0006046857	0	1
1325.4787088968037	40011.336	24.173935	0.9993979066648359	0.0006041771	0	1
1325.4800977796012	40022.38	24.177727	1.0000731436666288	0.0006041052	0	1
1325.4814866623992	39990.547	24.166042	0.999696510705053	0.0006042939	0	1
1325.4828755451958	39926.15	24.154892	0.9985245758618804	0.0006049893	0	1
1325.4842644279934	39978.96	24.171907	1.000303859471867	0.0006046157	0	1
1325.4856533107913	39928.04	24.160204	0.9995077498323662	0.00060509366	0	1
1325.487042193588	39961.945	24.163218	1.0008551645183148	0.0006046557	0	1
1325.4884310763855	39931.88	24.160706	1.0006207799889597	0.00060504803	0	1
1325.4898199591835	39970.46	24.173443	1.0021272148186255	0.00060478266	0	1
1325.4912088419806	39934.28	24.161568	1.0017798791668875	0.00060503324	0	1
1325.4925977243124	39952.543	24.168566	1.0028187128949944	0.00060493185	0	1
1325.49398660711	39956.45	24.171387	1.003518368169007	0.0006049433	0	1
1325.495375489908	39914.043	24.163183	1.003075191455705	0.0006053805	0	1
1325.496764372705	39902.67	24.15964	1.0034321031658375	0.0006054642	0	1
1325.4981532555018	39922.703	24.169067	1.0045999095964766	0.0006053966	0	1
1325.4995421383	39893.055	24.15874	1.0045385787390908	0.0006055876	0	1
1325.5009310210971	39870.1	24.151043	1.0046661419316973	0.0006057432	0	1
1325.502319903429	39821.133	24.140318	1.004158121108261	0.00060621876	0	1
1325.503708786227	39820.797	24.140478	1.0048968637865365	0.0006062279	0	1
1325.5050976690236	39845.547	24.153294	1.0062904885487294	0.00060617295	0	1
1325.5064865518211	39826.273	24.146135	1.0065938210009737	0.0006062866	0	1
1325.507875434619	39804.074	24.142715	1.0068438145194314	0.0006065388	0	1
1325.50926431695	39843.29	24.15376	1.0086691086590023	0.00060621905	0	1
1325.5106531997474	39805.01	24.142826	1.0085541288408446	0.0006065273	0	1
1325.5120420825456	39799.375	24.144354	1.0092867419816447	0.0006066516	0	1
1325.5134309653436	39810.906	24.14829	1.0104763800039103	0.00060657476	0	1
1325.514819847675	39766.875	24.137651	1.0102765118445227	0.00060697884	0	1
1325.5162087304716	39753.707	24.134819	1.0108809047251972	0.00060710864	0	1
1325.5175976132698	39794.504	24.14107	1.0128797138064325	0.0006066433	0	1
1325.518986496067	39706.58	24.123884	1.0116224886914456	0.00060755387	0	1
1325.520375378398	39733.31	24.134743	1.0133063432577676	0.0006074184	0	1
1325.521764261196	39729.832	24.134047	1.0142418349001532	0.00060745404	0	1
1325.5231531439936	39701.92	24.126736	1.0145741233828574	0.00060769694	0	1
1325.5245420263252	39652.938	24.117159	1.0143871280807408	0.0006082061	0	1
1325.5259309091234	39701.78	24.128614	1.01672399452582	0.0006077464	0	1
1325.52731979192	39626.645	24.111753	1.0159062832795764	0.00060847326	0	1
1325.5287086742514	39649.465	24.117348	1.0176195369192402	0.0006082641	0	1
1325.5300975570497	39637.812	24.12176	1.0184693795661441	0.0006085542	0	1
1325.531486439847	39603.91	24.10706	1.0187671265506855	0.00060870405	0	1
1325.5328753221788	39607.64	24.108137	1.0200528818362615	0.0006086739	0	1
1325.534264204976	39605.98	24.109085	1.0212206069139058	0.0006087234	0	1
1325.5356530877734	39548.504	24.103384	1.0209679267897462	0.00060946384	0	1
1325.537041970105	39532.125	24.093334	1.0217943883894072	0.00060946215	0	1
1325.5384308529024	39552.773	24.099026	1.023598403822475	0.0006092879	0	1
1325.5398197357003	39523.15	24.09263	1.0241213086984846	0.00060958276	0	1
1325.5412086180322	39493.703	24.087212	1.0246670070755473	0.00060990005	0	1
1325.5425975008288	39484.586	24.088041	1.0257587557582664	0.0006100619	0	1
1325.5439863831612	39515.195	24.092161	1.027903044141926	0.0006096936	0	1
1325.5453752659587	39385.85	24.066095	1.025910512594162	0.00061103405	0	1
1325.5467641487553	39460.56	24.08049	1.0292348163724505	0.000610242	0	1
1325.5481530310876	39470.926	24.085997	1.0309110307638452	0.00061022124	0	1
1325.5495419138856	39393.62	24.067902	1.0303140273982987	0.00061095937	0	1
1325.5509307962175	39402.68	24.066868	1.0319921394165292	0.00061079266	0	1
1325.5523196790145	39379.926	24.06545	1.0328551379159836	0.0006111096	0	1
1325.5537085613464	39332.844	24.051998	1.033095816776125	0.00061149907	0	1
1325.5550974441437	39311.94	24.04966	1.0340396761335153	0.0006117647	0	1
1325.556486326941	39285.5	24.041334	1.0348539012479132	0.00061196455	0	1
1325.5578752092729	39355.875	24.061317	1.0382377862933554	0.00061137805	0	1
1325.55926409207	39325.332	24.054838	1.0389783048931143	0.0006116881	0	1
1325.5606529744018	39267.555	24.038363	1.0390129026718498	0.0006121686	0	1
1325.5620418571998	39242.215	24.032524	1.0399192890179259	0.0006124151	0	1
1325.5634307395321	39223.12	24.029917	1.0410059205525766	0.00061264675	0	1
1325.5648196223287	39282.12	24.049686	1.0441830698745567	0.0006122298	0	1
1325.5662085046606	39230.117	24.034168	1.044425755470089	0.0006126458	0	1
1325.5675973874586	39192.66	24.031116	1.045067605092502	0.0006131535	0	1
1325.5689862697895	39207.027	24.031057	1.047105644335242	0.0006129273	0	1
1325.570375152587	39167.168	24.022043	1.047709294845246	0.0006133209	0	1
1325.5717640349194	39136.594	24.016993	1.0485728856345171	0.00061367097	0	1
1325.5731529172508	39142.367	24.018347	1.0504234752303494	0.0006136151	0	1
1325.5745418000483	39094.14	24.007961	1.0508369172638985	0.00061410636	0	1
1325.5759306823802	39170.207	24.027103	1.0546060129181123	0.0006134025	0	1
1325.5773195651773	39080.6	24.000784	1.0539270886487775	0.00061413547	0	1
1325.5787084475091	39106.26	24.011202	1.0563665005346055	0.0006139989	0	1
1325.5800973303062	39059.492	23.997362	1.0568607129468157	0.00061437977	0	1
1325.5814862126388	39016.492	23.991848	1.057464718288083	0.00061491557	0	1
1325.582875095436	39026.453	23.995155	1.0595140446964644	0.00061484333	0	1
1325.584263977768	38991.445	23.980639	1.0603523597357594	0.0006150231	0	1
1325.5856528601003	38986.844	23.985373	1.062026263359343	0.0006152171	0	1
1325.5870417428969	38986.91	23.98934	1.0638371837020837	0.0006153178	0	1
1325.5884306252287	38967.45	23.982119	1.0651239554509726	0.0006154398	0	1
1325.589819507561	38929.824	23.970577	1.0659206827185657	0.00061573816	0	1
1325.5912083903577	38945.67	23.977829	1.0681891268183843	0.0006156738	0	1
1325.592597272689	38947.008	23.974401	1.070068484909924	0.00061556464	0	1
1325.5939861554873	38867.062	23.96319	1.0697185268934937	0.00061654235	0	1
1325.5953750378185	38918.69	23.972626	1.0729955690263446	0.0006159669	0	1
1325.59676392015	38896.695	23.972	1.0742507320893895	0.00061629916	0	1
1325.5981528029479	38802.242	23.940512	1.0735052099338198	0.0006169878	0	1
1325.5995416852804	38812.99	23.942867	1.0756715786770035	0.0006168777	0	1
1325.600930567612	38851.387	23.950674	1.0786115863679617	0.00061646895	0	1
1325.6023194504087	38818.457	23.948668	1.0795759484731267	0.0006169402	0	1
1325.603708332741	38794.867	23.935543	1.0808010802066097	0.00061697705	0	1
1325.6050972150729	38783.094	23.94169	1.0823568620989354	0.00061732286	0	1
1325.6064860978695	38747.812	23.929834	1.083256871357823	0.000617579	0	1
1325.6078749802018	38753.203	23.930737	1.0852944341742534	0.00061751634	0	1
1325.6092638625337	38674.03	23.911638	1.0849615498227947	0.00061828666	0	1
1325.6106527453308	38689.57	23.919216	1.0872833049304467	0.0006182342	0	1
1325.6120416276633	38651.8	23.907791	1.0881059419159789	0.0006185428	0	1
1325.6134305099945	38624.953	23.89691	1.0892323386830005	0.000618691	0	1
1325.614819392326	38639.074	23.904358	1.091512234736579	0.0006186576	0	1
1325.6162082751239	38569.332	23.883472	1.0914185109396608	0.0006192348	0	1
1325.6175971574557	38470.07	23.857859	1.09047870887569	0.0006201668	0	1
1325.6189860397874	38334.797	23.8229	1.0885035319809002	0.00062144327	0	1
1325.620374922119	38151.15	23.770073	1.0851354491270429	0.00062305	0	1
1325.621763804917	38168.184	23.770437	1.0874628276012452	0.00062278146	0	1
1325.6231526872489	37951.363	23.71972	1.083112511381124	0.00062500313	0	1
1325.6245415695798	37848.7	23.690128	1.081998905381344	0.0006259166	0	1
1325.6259304519122	37705.47	23.645618	1.0797072649563686	0.00062711374	0	1
1325.6273193347097	37555.71	23.605894	1.0772074870869377	0.0006285567	0	1
1325.6287082170406	37308.56	23.5422	1.0718873772116246	0.0006310134	0	1
1325.630097099373	37175.367	23.501282	1.0698148249094892	0.0006321735	0	1
1325.6314859817046	37023.668	23.458435	1.0671870052611323	0.00063360645	0	1
1325.6328748640362	36761.145	23.38785	1.0613354395071568	0.00063621113	0	1
1325.6342637468342	36558.02	23.332712	1.0571665340843257	0.00063823786	0	1
1325.635652629166	36375.17	23.28408	1.0535549328107674	0.0006401092	0	1
1325.6370415114975	36151.004	23.215487	1.0487159932631125	0.00064218097	0	1
1325.6384303938294	35879.008	23.147486	1.042454476684701	0.000645154	0	1
1325.6398192761612	35675.523	23.085249	1.0381489105952113	0.00064708927	0	1
1325.6412081589583	35464.47	23.0229	1.033590706177377	0.0006491821	0	1
1325.6425970412902	35233.277	22.957596	1.0284115964388052	0.00065158843	0	1
1325.6439859236225	34909.12	22.87102	1.0204795489574787	0.00065515883	0	1
1325.6453748059544	34735.29	22.815887	1.0169045596688902	0.00065685034	0	1
1325.6467636882853	34448.49	22.736952	1.0099863095734762	0.00066002755	0	1
1325.6481525706176	34165.895	22.653267	1.0031503951683574	0.0006630374	0	1
1325.649541452949	33930.496	22.588127	0.9976610749513657	0.0006657176	0	1
1325.650930335746	33625.57	22.498983	0.9900871315302711	0.0006691034	0	1
1325.6523192180784	33390.277	22.429123	0.9845229305892351	0.0006717262	0	1
1325.6537081004108	33118.71	22.356806	0.9778497851273162	0.0006750506	0	1
1325.6550969827417	32839.992	22.271751	0.9709240964619634	0.0006781899	0	1
1325.6564858650734	32531.652	22.183308	0.9630796865086184	0.0006818992	0	1
1325.657874747406	32251.781	22.100561	0.9560349579243499	0.00068525085	0	1
1325.6592636297373	32002.816	22.023336	0.9498654425517626	0.0006881687	0	1
1325.6606525120692	31624.908	21.914356	0.9398241261312467	0.0006929461	0	1
1325.6620413944006	31328.428	21.828648	0.9321562358573725	0.00069676805	0	1
1325.6634302767325	31078.658	21.752306	0.9258364790905238	0.0006999114	0	1
1325.66481915953	30822.871	21.675005	0.9192971748045199	0.00070321176	0	1
1325.6662080418614	30498.283	21.575666	0.9106629955606519	0.00070743874	0	1
1325.6675969241933	30179.773	21.484426	0.9021653783791719	0.0007118816	0	1
1325.668985806525	29922.262	21.397465	0.895448636691172	0.00071510184	0	1
1325.6703746888575	29605.635	21.304314	0.8869204995359716	0.0007196033	0	1
1325.6717635711898	29333.22	21.219574	0.8796742343028956	0.00072339736	0	1
1325.6731524535207	29010.457	21.123087	0.8708754234746507	0.00072811975	0	1
1325.6745413358522	28713.238	21.030115	0.8628003355460311	0.0007324188	0	1
1325.6759302181847	28471.346	20.948423	0.8563472498943505	0.00073577213	0	1
1325.677319100516	28168.174	20.856256	0.8480106366128665	0.0007404192	0	1
1325.6787079828473	27904.127	20.779005	0.8408111351662433	0.00074465707	0	1
1325.6800968651796	27583.578	20.677462	0.8318682402427383	0.0007496294	0	1
1325.6814857475115	27392.338	20.6116	0.8267863481204407	0.00075245864	0	1
1325.6828746298434	27090.824	20.521355	0.8183381794640476	0.00075750204	0	1
1325.6842635121748	26848.094	20.442083	0.8116268632433772	0.00076139794	0	1
1325.685652394507	26641.422	20.378956	0.8059693150356574	0.000764935	0	1
1325.687041276839	26429.293	20.307909	0.8001113342417713	0.0007683864	0	1
1325.68843015917	26180.21	20.23277	0.7930987098297856	0.0007728269	0	1
1325.6898190415022	25989.6	20.172188	0.7878221946938355	0.0007761638	0	1
1325.691207923834	25763.252	20.0979	0.7814279980164855	0.00078009954	0	1
1325.6925968061655	25617.36	20.05563	0.7774407630975171	0.00078289217	0	1
1325.693985688498	25497.99	20.01187	0.7742271785379604	0.0007848411	0	1
1325.6953745708292	25347.582	19.957272	0.770039909584766	0.0007873442	0	1
1325.6967634531607	25242.9	19.925581	0.7672109206624685	0.00078935386	0	1
1325.698152335493	25146.594	19.8966	0.7644944180319582	0.0007912245	0	1
1325.699541217824	25054.537	19.869808	0.7619056602324422	0.00079306227	0	1
1325.7009301001558	25052.145	19.866394	0.7620429009328706	0.00079300173	0	1
1325.7023189824881	24990.654	19.856583	0.7603820731828107	0.00079456036	0	1
1325.7037078648204	25016.408	19.853775	0.7613756090088581	0.00079363014	0	1
1325.7050967466866	24991.117	19.84907	0.7608157096644919	0.000794245	0	1
1325.7064856290176	25098.527	19.881144	0.7642964970679292	0.0007921239	0	1
1325.70787451135	25086.219	19.882574	0.7641325427891977	0.0007925696	0	1
1325.7092633936818	25218.797	19.925032	0.7683830024602113	0.0007900865	0	1
1325.7106522760128	25295.902	19.95202	0.7708016042705556	0.0007887452	0	1
1325.712041158345	25411.229	19.990772	0.7743561393377966	0.0007866905	0	1
1325.7134300406767	25574.006	20.042542	0.7793275841131305	0.00078370754	0	1
1325.7148189230084	25717.732	20.093817	0.7836888663850424	0.0007813215	0	1
1325.7162078053407	25892.932	20.141167	0.7889789593014779	0.0007778635	0	1
1325.7175966876716	26127.596	20.22357	0.7960498919175323	0.00077403104	0	1
1325.7189855700035	26316.775	20.283098	0.8017031480570977	0.00077072886	0	1
1325.7203744518702	26548.203	20.356392	0.808610804138858	0.000766771	0	1
1325.721763334202	26761.445	20.428555	0.8149310748910358	0.0007633577	0	1
1325.7231522165334	27040.648	20.518406	0.8232253522829175	0.0007587986	0	1
1325.7245410988653	27243.414	20.578798	0.8291572670723825	0.0007553678	0	1
1325.725929981197	27501.31	20.662064	0.8367311884198345	0.00075131195	0	1
1325.7273188635286	27779.766	20.750717	0.8448931643014403	0.00074697234	0	1
1325.7287077458604	28052.102	20.836878	0.8528305916157758	0.00074279204	0	1
1325.730096627727	28346.799	20.930544	0.8614083426003861	0.0007383742	0	1
1325.7314855100585	28600.758	21.007387	0.868708073318036	0.00073450455	0	1
1325.7328743923897	28875.652	21.095642	0.8766031385838774	0.0007305685	0	1
1325.7342632747223	29203.754	21.196291	0.8860709360463094	0.00072580704	0	1
1325.7356521570537	29484.207	21.28137	0.894049614943719	0.0007217888	0	1
1325.7370410393846	29779.883	21.37334	0.9024462548412766	0.0007177107	0	1
1325.7384299212515	30067.12	21.463932	0.9105426524135626	0.00071386725	0	1
1325.739818803584	30381.135	21.557072	0.9194044210934832	0.00070955453	0	1
1325.7412076859155	30676.629	21.64688	0.9276591955232596	0.0007056473	0	1
1325.7425965682473	30968.72	21.737352	0.9357643968300493	0.00070191314	0	1
1325.7439854505787	31306.445	21.841137	0.9452000973319138	0.00069765624	0	1
1325.745374332445	31585.861	21.924809	0.9528266663917502	0.00069413363	0	1
1325.7467632147768	31845.516	21.993238	0.9598098416107943	0.0006906228	0	1
1325.7481520971082	32177.3	22.09384	0.968917820987536	0.0006866281	0	1
1325.74954097944	32435.604	22.175413	0.9757634765834833	0.00068367505	0	1
1325.7509298617715	32748.133	22.26401	0.9841908511482697	0.0006798558	0	1
1325.7523187436384	33025.164	22.344725	0.9915008320062028	0.00067659694	0	1
1325.75370762597	33245.59	22.4138	0.9970632943376808	0.00067418866	0	1
1325.755096508301	33576.71	22.506264	1.005895474057675	0.00067029387	0	1
1325.7564853906333	33862.992	22.58741	1.0133317398084518	0.0006670235	0	1
1325.7578742725002	34103.59	22.66557	1.0193510996141364	0.0006646095	0	1
1325.7592631548314	34344.49	22.732107	1.0253309858141144	0.00066188513	0	1
1325.7606520371628	34635.215	22.811682	1.0327480533940698	0.00065862684	0	1
1325.7620409194951	34905.35	22.89011	1.0394995533542382	0.00065577653	0	1
1325.7634298013613	35112.496	22.951359	1.0443265185787765	0.0006536522	0	1
1325.764818683693	35341.58	23.017975	1.0497589195341914	0.0006513001	0	1
1325.7662075660246	35657.96	23.112175	1.057733112158098	0.00064816314	0	1
1325.7675964478908	35808.324	23.152107	1.0607344925193603	0.00064655655	0	1
1325.7689853302222	36084.195	23.22837	1.0674073098464048	0.000643727	0	1
1325.770374212554	36277.926	23.28555	1.0716022701882864	0.0006418655	0	1
1325.771763094886	36518.02	23.353996	1.077120332496282	0.00063951977	0	1
1325.7731519767517	36729.625	23.411066	1.0817511452047492	0.0006373892	0	1
1325.774540859084	36913.746	23.465637	1.0855282175362646	0.0006356883	0	1
1325.7759297414163	37115.33	23.52077	1.0897752290117182	0.0006337212	0	1
1325.7773186232819	37248.67	23.559084	1.0919777717129333	0.0006324812	0	1
1325.7787075056135	37456.42	23.616549	1.0963208264980524	0.0006305073	0	1
1325.7800963879458	37645.78	23.669676	1.1000826237850647	0.0006287471	0	1
1325.7814852698111	37781.023	23.7057	1.1022238906952262	0.0006274499	0	1
1325.782874152143	37962.77	23.758636	1.1056835687314874	0.00062584045	0	1
1325.7842630344753	38057.16	23.784903	1.1065632058351378	0.0006249784	0	1
1325.7856519163406	38200.043	23.825571	1.1088195077222414	0.00062370533	0	1
1325.7870407986725	38343.24	23.863678	1.1110497320237058	0.00062236993	0	1
1325.7884296810048	38415.54	23.883879	1.1111946989649755	0.0006217244	0	1
1325.7898185628715	38481.266	23.903488	1.1111231145097549	0.0006211721	0	1
1325.7912074452033	38623.902	23.943619	1.1132429476602939	0.0006199171	0	1
1325.7925963275343	38650.625	23.95187	1.1119952430154652	0.000619702	0	1
1325.793985209401	38726.676	23.970974	1.112144331288484	0.00061897835	0	1
1325.7953740917324	38741.477	23.977343	1.1105134580417557	0.0006189063	0	1
1325.7967629740635	38764.062	23.985437	1.1090883649807777	0.0006187545	0	1
1325.7981518559304	38746.066	23.979937	1.1064873636303822	0.0006188999	0	1
1325.7995407382618	38781.367	23.989355	1.105393703675643	0.0006185794	0	1
1325.8009296205937	38833.293	23.998749	1.1047562440529344	0.00061799417	0	1
1325.8023185024604	38773.8	23.987226	1.1009374081551007	0.0006186452	0	1
1325.8037073847913	38808.965	24.00249	1.0997962780146606	0.00061847793	0	1
1325.8050962666575	38862.82	24.014172	1.0991694539151449	0.00061792147	0	1
1325.8064851489899	38823.523	24.007399	1.0958975156343975	0.00061837246	0	1
1325.8078740313213	38869.836	24.014513	1.0950328933328142	0.00061781873	0	1
1325.8092629131875	38870.055	24.018074	1.092859092240678	0.00061790686	0	1
1325.8106517955193	38873.504	24.021383	1.0907686811941613	0.0006179372	0	1
1325.812040677386	38885.645	24.028074	1.0889148387215382	0.0006179163	0	1
1325.8134295597174	38919.63	24.030243	1.0876644438523846	0.00061743247	0	1
1325.8148184420486	38870.805	24.021965	1.0840958432040608	0.00061799504	0	1
1325.8162073239155	38979.145	24.053438	1.0849030623896694	0.0006170848	0	1
1325.817596206247	39032.855	24.061567	1.0841773020610421	0.0006164439	0	1
1325.8189850881122	38970.246	24.04852	1.0802186216296332	0.0006170995	0	1
1325.8203739704445	39016.355	24.06082	1.0792727151182056	0.0006166855	0	1
1325.8217628523107	39013.465	24.05912	1.0769679192584805	0.0006166876	0	1
1325.8231517346426	39031.566	24.069235	1.0752415129960804	0.00061666075	0	1
1325.824540616975	39058.426	24.075962	1.0737543170147321	0.00061640894	0	1
1325.8259294988407	39079.3	24.081087	1.072101137439634	0.0006162108	0	1
1325.8273183811725	39070.926	24.080189	1.0696467849314912	0.0006163199	0	1
1325.8287072630387	39129.824	24.09314	1.0690340158094795	0.0006157232	0	1
1325.8300961453701	39076.98	24.079021	1.0653715056123423	0.0006161945	0	1
1325.8314850272363	39170.215	24.107767	1.0656934258552033	0.00061546173	0	1
1325.8328739095678	39135.9	24.09807	1.0625465963958054	0.0006157536	0	1
1325.8342627914346	39163.664	24.103977	1.0610911980791733	0.0006154679	0	1
1325.8356516737663	39220.043	24.1243	1.0604125039459547	0.0006151013	0	1
1325.8370405556316	39208.01	24.116428	1.0578885539360976	0.0006150893	0	1
1325.838429437964	39191.516	24.115236	1.055253271528346	0.0006153178	0	1
1325.83981831983	39213.543	24.122984	1.0536631378508254	0.0006151697	0	1
1325.841207202161	39246.758	24.133354	1.0523793759353828	0.0006149133	0	1
1325.8425960840277	39253.113	24.133451	1.050382677009064	0.00061481626	0	1
1325.84398496636	39239.758	24.132374	1.0478690088039062	0.00061499805	0	1
1325.8453738482262	39316.78	24.151583	1.0477760727769494	0.0006142818	0	1
1325.8467627305579	39304.72	24.145294	1.0453168078995074	0.0006143103	0	1
1325.8481516124239	39339.43	24.153605	1.0441121918552514	0.00061397953	0	1
1325.8495404947557	39344.043	24.160715	1.04211913894126	0.00061408826	0	1
1325.8509293766215	39314.27	24.148317	1.03922970624686	0.000614238	0	1
1325.8523182589533	39384.78	24.17053	1.0390026909940775	0.0006137023	0	1
1325.8537071408193	39392.53	24.17104	1.0371300391593055	0.0006135945	0	1
1325.855096023151	39397.96	24.173464	1.0352103707419245	0.00061357144	0	1
1325.8564849050172	39468.31	24.194538	1.0350078322202105	0.00061301177	0	1
1325.8578737873486	39401.156	24.174196	1.0312151848516586	0.0006135403	0	1
1325.8592626692148	39457.695	24.188911	1.030676725120362	0.00061303406	0	1
1325.860651551547	39432.387	24.182766	1.028015575573001	0.00061327167	0	1
1325.8620404334138	39481.24	24.19793	1.0273039831539323	0.0006128969	0	1
1325.8634293157447	39523.676	24.202742	1.0264387791670513	0.0006123606	0	1
1325.864818197611	39569.64	24.215172	1.0256791460202417	0.0006119634	0	1
1325.8662070794776	39503.35	24.20402	1.0220296011186567	0.000612708	0	1
1325.8675959618085	39520.855	24.20282	1.02056959580882	0.0006124063	0	1
1325.8689848436748	39601.953	24.2246	1.020766787602845	0.00061170215	0	1
1325.870373726007	39607.285	24.227762	1.0190271190905769	0.00061169965	0	1
1325.871762607873	39566.535	24.217781	1.0161241141256327	0.00061207736	0	1
1325.8731514902047	39659.848	24.240692	1.0166826195898009	0.00061121496	0	1
1325.874540372071	39624.484	24.23247	1.0139612795473085	0.0006115529	0	1
1325.8759292539376	39606.406	24.2263	1.011706540913229	0.00061167625	0	1
1325.877318136269	39637.723	24.23092	1.010735183352301	0.0006113096	0	1
1325.8787070181345	39653.453	24.236172	1.0093869285745074	0.00061119953	0	1
1325.880095900467	39654.83	24.235216	1.0076955048974512	0.00061115425	0	1
1325.8814847823328	39688.387	24.241867	1.0068437900268603	0.00061080506	0	1
1325.8828736646647	39700.164	24.243654	1.0054613163409152	0.00061066885	0	1
1325.8842625465313	39708.082	24.247896	1.0040043668812113	0.00061065395	0	1
1325.8856514283966	39686.7	24.243563	1.0018315455483655	0.00061087374	0	1
1325.8870403107285	39744.73	24.256948	1.001686696382128	0.0006103186	0	1
1325.8884291925951	39732.07	24.253178	0.9997834771210767	0.00061041815	0	1
1325.8898180744604	39784.45	24.264984	0.999540709835492	0.0006099113	0	1
1325.891206956792	39781.64	24.26757	0.9979352235660098	0.0006100194	0	1
1325.892595838659	39768.74	24.266472	0.9961031790344014	0.0006101896	0	1
1325.8939847209913	39764.246	24.2644	0.994508772082986	0.00061020645	0	1
1325.895373602857	39829.887	24.275414	0.9946927680957807	0.00060947734	0	1
1325.8967624847223	39822.883	24.273998	0.993087348051031	0.000609549	0	1
1325.8981513670549	39848.25	24.280235	0.9923157293885256	0.0006093175	0	1
1325.8995402489209	39805.906	24.266214	0.9898859809342112	0.00060961343	0	1
1325.9009291307862	39852.203	24.27957	0.989688112881574	0.0006092403	0	1
1325.9023180131185	39825.707	24.278393	0.9877097808797747	0.0006096161	0	1
1325.9037068949847	39868.883	24.283548	0.9874870285022952	0.00060908525	0	1
1325.9050957768509	39877.91	24.287148	0.986445232564005	0.00060903764	0	1
1325.9064846591832	39844.39	24.274866	0.9843803987724626	0.0006092417	0	1
1325.9078735410485	39890.742	24.292698	0.9843173358318433	0.00060898083	0	1
1325.9092624229143	39893.355	24.289436	0.9832026503919361	0.0006088592	0	1
1325.9106513052468	39840.945	24.276272	0.9807626254027483	0.0006093297	0	1
1325.9120401871128	39926.89	24.298199	0.9817570709209706	0.00060856726	0	1
1325.913429068979	39935.51	24.303844	0.9808772922607778	0.0006085773	0	1
1325.9148179513104	39907.863	24.292828	0.9791371114905137	0.00060872285	0	1
1325.9162068331766	39903.66	24.291527	0.9780030988476441	0.00060875434	0	1
1325.9175957150428	39931.17	24.295925	0.9776760745335246	0.0006084451	0	1
1325.9189845973742	39908.88	24.29839	0.9761599405359322	0.0006088467	0	1
1325.9203734792409	39951.21	24.303452	0.9762546668903418	0.00060832826	0	1
1325.921762361107	39952.266	24.29542	0.9753705092618167	0.0006081112	0	1
1325.923151243438	39978.305	24.311611	0.975126659587088	0.0006081201	0	1
1325.9245401253047	39940.727	24.301693	0.9733624433100675	0.0006084439	0	1
1325.925929007171	40021.258	24.322014	0.9745069590094221	0.0006077274	0	1
1325.9273178895019	39977.695	24.310036	0.9726604709597767	0.00060808996	0	1
1325.9287067713685	39986.543	24.310234	0.9721213510071077	0.0006079604	0	1
1325.9300956532352	39990.598	24.314545	0.9714971388190716	0.00060800655	0	1
1325.9314845351014	40011.22	24.319283	0.9713067448700724	0.0006078116	0	1
1325.9328734174328	39978.15	24.307505	0.9698450676726738	0.00060801976	0	1
1325.934262299299	40019.895	24.321178	0.970230302003493	0.0006077272	0	1
1325.935651181165	39985.61	24.308819	0.9688042775994763	0.0006079392	0	1
1325.937040063031	39981.805	24.306	0.9681495649809901	0.0006079265	0	1
1325.9384289453628	39957.375	24.304153	0.9670281404799465	0.000608252	0	1
1325.9398178272286	40003.387	24.316074	0.9676436712726499	0.0006078504	0	1
1325.9412067090948	40023.586	24.314362	0.967666560819447	0.00060750084	0	1
1325.942595591427	40045.594	24.326538	0.9677653549172011	0.00060747104	0	1
1325.9439844732933	40006.973	24.313406	0.9664318561043204	0.0006077292	0	1
1325.9453733551586	39966.66	24.308844	0.9650910557389079	0.00060822803	0	1
1325.9467622370253	40007.438	24.315472	0.9657412367441746	0.0006077738	0	1
1325.948151118892	40003.348	24.3129	0.9653410046591315	0.0006077716	0	1
1325.9495400012229	40010.863	24.312193	0.9652538223331751	0.0006076398	0	1
1325.950928883089	39993.28	24.314571	0.9645942990510635	0.0006079664	0	1
1325.9523177649558	40009.77	24.31499	0.9647896612794193	0.0006077263	0	1
1325.9537066468215	39950.406	24.296562	0.9631893136229676	0.0006081681	0	1
1325.9550955291534	40025.258	24.319538	0.9648580304996368	0.0006076048	0	1
1325.9564844110196	40000.527	24.311577	0.9641593177200308	0.0006077814	0	1
1325.9578732928853	39992.7	24.309256	0.9639014220377988	0.00060784235	0	1
1325.9592621747515	40006.656	24.31342	0.9642019570987644	0.0006077344	0	1
1325.9606510570832	40007.176	24.312723	0.9642120351419385	0.00060770905	0	1
1325.96203993895	39975.76	24.30326	0.9634859041047859	0.0006079499	0	1
1325.9634288208158	39996.934	24.315546	0.9640606445258876	0.00060793525	0	1
1325.964817702682	39949.4	24.30041	0.9630127230213281	0.0006082797	0	1
1325.9662065845487	40002.207	24.314339	0.9644171983938955	0.00060782494	0	1
1325.9689843487458	40007.633	24.316263	0.9649116344898913	0.0006077906	0	1
1325.9703732306125	39974.504	24.312616	0.9643445818279837	0.00060820306	0	1
1325.9717621124778	39973.992	24.309511	0.9645977284402834	0.0006081332	0	1
1325.9731509943438	39948.773	24.30198	0.9642880259328199	0.00060832856	0	1
1325.9745398762107	39998.047	24.313816	0.9658101611881541	0.00060787506	0	1
1325.975928758542	39874.973	24.28309	0.9632035486727387	0.0006089808	0	1
1325.9773176404083	39911.996	24.287079	0.9644968693310371	0.00060851575	0	1
1325.978706522274	39932.133	24.297483	0.9654161540294635	0.0006084695	0	1
1325.980095404141	39932.992	24.296097	0.9659030611187022	0.00060842163	0	1
1325.981484286007	39932.848	24.293217	0.9663991230837129	0.0006083517	0	1
1325.9828731683378	39901.793	24.29172	0.9661801264224473	0.00060878764	0	1
1325.9842620502045	39881.383	24.283808	0.9662515164499518	0.00060890085	0	1
1325.9856509320707	39923.06	24.295918	0.9678607611316905	0.00060856855	0	1
1325.987039813936	39844.0	24.273832	0.9665756831655637	0.00060922175	0	1
1325.9884286958027	39906.004	24.290785	0.968745597849251	0.0006087	0	1
1325.9898175776689	39868.676	24.278658	0.9685377182305084	0.00060896575	0	1
1325.9912064595346	39878.95	24.28649	0.9695188608519428	0.0006090053	0	1
1325.9925953418672	39826.996	24.267714	0.9690194153907516	0.0006093283	0	1
1325.9939842237327	39811.742	24.264534	0.9694445235534656	0.0006094818	0	1
1325.9953731055984	39855.43	24.279068	0.9713383578572973	0.00060917845	0	1
1325.996761987465	39815.332	24.270935	0.971223078769836	0.00060958765	0	1
1325.9981508693313	39844.48	24.279942	0.9728294269525005	0.00060936774	0	1
1325.9995397511975	39767.484	24.261398	0.9718756949926044	0.0006100813	0	1
1326.0009286330633	39770.625	24.25621	0.9729111983336621	0.00060990267	0	1
1326.00231751493	39765.676	24.259914	0.9737811552259641	0.0006100717	0	1
1326.0037063972618	39753.844	24.256836	0.9745144380515667	0.0006101759	0	1
1326.005095279127	39744.46	24.25485	0.9753393909123302	0.00061026996	0	1
1326.0064841609938	39721.79	24.24796	0.9758694231441895	0.0006104448	0	1
1326.00787304286	39744.49	24.253502	0.9775460637919764	0.0006102356	0	1
1326.0092619247253	39760.457	24.260157	0.9790900898924729	0.0006101579	0	1
1326.010650806592	39713.984	24.246695	0.9791273018458093	0.00061053294	0	1
1326.0120396884581	39660.33	24.23294	0.9790159198445525	0.0006110121	0	1
1326.0134285703239	39712.02	24.251015	0.9815363782919293	0.0006106719	0	1
1326.0148174521905	39674.4	24.242426	0.981881011409798	0.0006110345	0	1
1326.0162063345224	39665.137	24.237972	0.9829570408048877	0.0006110649	0	1
1326.0175952163884	39594.42	24.218952	0.9825383775041052	0.00061167584	0	1
1326.0189840982544	39626.504	24.233782	0.9847000133403879	0.0006115549	0	1
1326.0203729801206	39675.715	24.243681	0.9873338069395343	0.00061104586	0	1
1326.0217618619863	39563.617	24.218763	0.9859552176568419	0.0006121473	0	1
1326.0231507438525	39569.582	24.217619	0.9875582693919909	0.00061202614	0	1
1326.0245396257192	39568.066	24.216045	0.9890046843667394	0.00061200984	0	1
1326.0259285075854	39532.09	24.209644	0.9896180009010566	0.0006124049	0	1
1326.0273173894507	39600.773	24.22453	0.9928820525230235	0.00061171857	0	1
1326.0287062713173	39503.902	24.20001	0.9920233711057276	0.00061259797	0	1
1326.030095153184	39498.797	24.203646	0.993494024800326	0.00061276916	0	1
1326.0314840350493	39517.66	24.205698	0.9955968504203879	0.00061252865	0	1
1326.0328729169155	39461.793	24.200968	0.9958438647008652	0.0006132759	0	1
1326.0342617987822	39450.24	24.18952	0.9972344933477686	0.0006131654	0	1
1326.035650680648	39485.746	24.203316	0.9998437484069114	0.00061296334	0	1
1326.0370395629798	39443.88	24.192211	1.0005211072481024	0.00061333244	0	1
1326.038428444846	39434.73	24.188757	1.0020535012301754	0.00061338715	0	1
1326.0398173267117	39413.72	24.18019	1.0033101351536693	0.00061349676	0	1
1326.041206208578	39414.168	24.183382	1.0051388782416142	0.0006135708	0	1
1326.042595090444	39401.664	24.177921	1.0066631494461298	0.0006136269	0	1
1326.04398397231	39421.273	24.183123	1.0090343099569135	0.0006134536	0	1
1326.045372854176	39397.58	24.177538	1.0103225942090226	0.0006136808	0	1
1326.0467617360418	39314.227	24.157299	1.010101241942019	0.00061446714	0	1
1326.0481506179085	39369.156	24.171856	1.0134564006292517	0.00061397953	0	1
1326.0495394997747	39325.14	24.158152	1.0142896477025718	0.00061431824	0	1
1326.050928381641	39303.496	24.153574	1.015720863950163	0.00061454007	0	1
1326.0523172635076	39245.414	24.140337	1.016230214080939	0.0006151123	0	1
1326.0537061453729	39234.887	24.134802	1.017990860954215	0.0006151363	0	1
1326.0550950272388	39274.812	24.14625	1.0210851225873556	0.0006148024	0	1
1326.0564839091057	39227.516	24.13479	1.0219339230474573	0.00061525154	0	1
1326.057872790971	39182.9	24.12473	1.022869784443776	0.0006156954	0	1
1326.0592616728368	39204.0	24.128084	1.025541661615891	0.00061544956	0	1
1326.0606505547034	39192.64	24.125925	1.0273861385113108	0.00061557285	0	1
1326.0620394365696	39180.61	24.124277	1.0292324693167296	0.0006157198	0	1
1326.0634283184359	39177.58	24.125263	1.0313346487941348	0.00061579264	0	1
1326.0648172003016	39159.516	24.112919	1.0330597158215542	0.00061576144	0	1
1326.0662060821683	39113.734	24.105568	1.0340691749510809	0.0006162942	0	1
1326.0675949640345	39067.324	24.089006	1.0350754608639725	0.0006166024	0	1
1326.0689838458998	39069.082	24.093576	1.0373735348104924	0.00061669166	0	1
1326.0703727277664	39035.977	24.091263	1.0387616871230019	0.0006171554	0	1
1326.0717616096326	39082.285	24.099415	1.042280888876079	0.0006166327	0	1
1326.0731504914984	39010.03	24.078606	1.0426530838812966	0.00061724137	0	1
1326.0745393733653	39050.83	24.094294	1.0460608969578955	0.0006169983	0	1
1326.0759282552308	39041.06	24.08463	1.0481312874947344	0.0006169051	0	1
1326.0773171370965	38983.832	24.076466	1.0489382332235075	0.0006176013	0	1
1326.0787060189632	38957.402	24.068182	1.05058279690905	0.0006178077	0	1
1326.0800949008285	38951.2	24.06745	1.052784199017863	0.00061788724	0	1
1326.081483782229	38982.86	24.074545	1.0560232367292737	0.00061756745	0	1
1326.0828726640957	38939.91	24.070326	1.057252487012209	0.0006181403	0	1
1326.0842615459624	38961.375	24.06909	1.0602406668034716	0.000617768	0	1
1326.0856504278286	38922.69	24.061634	1.0616016329821063	0.0006181904	0	1
1326.0870393096939	38948.426	24.067926	1.064728714756015	0.0006179435	0	1
1326.0884281915605	38868.535	24.047392	1.0649741664617731	0.0006186853	0	1
1326.0898170734267	38891.0	24.057096	1.0680289763448356	0.00061857747	0	1
1326.091205955292	38893.73	24.053673	1.0705511397109553	0.00061844604	0	1
1326.0925948371587	38849.36	24.042461	1.071781160466373	0.0006188638	0	1
1326.0939837190247	38807.68	24.035734	1.0730861689450397	0.0006193551	0	1
1326.0953726008906	38793.883	24.025232	1.0751640423339688	0.00061930466	0	1
1326.0967614827573	38835.395	24.03894	1.078781117163143	0.00061899563	0	1
1326.0981503646235	38797.227	24.02981	1.0801887974184943	0.00061936927	0	1
1326.0995392464895	38764.344	24.02161	1.0817420352408862	0.0006196831	0	1
1326.1009281283555	38775.94	24.024128	1.0845372599218712	0.00061956275	0	1
1326.102317009756	38735.84	24.009	1.0858859081059127	0.0006198136	0	1
1326.1037058916218	38774.39	24.022236	1.089439697045245	0.0006195387	0	1
1326.105094773488	38672.668	23.999609	1.0890477023927494	0.00062058325	0	1
1326.1064836553546	38651.9	23.998796	1.0909261953961964	0.00062089565	0	1
1326.1078725372208	38630.723	23.98976	1.0927882570081262	0.0006210021	0	1
1326.1092614190861	38559.38	23.970173	1.0932220772133068	0.00062164315	0	1
1326.1106503009528	38469.22	23.94766	1.0931080458316962	0.00062251487	0	1
1326.1120391828185	38396.016	23.92653	1.0934604564966202	0.0006231514	0	1
1326.113428064684	38262.11	23.890177	1.0920650742137636	0.0006243821	0	1
1326.114816946551	38125.68	23.8556	1.0905737271406377	0.00062570954	0	1
1326.116205827952	38041.16	23.8299	1.0905455414722227	0.00062642415	0	1
1326.1175947098172	37849.508	23.783377	1.087420077497084	0.0006283669	0	1
1326.1189835916832	37713.953	23.73771	1.085876201791875	0.0006294146	0	1
1326.12037247355	37573.37	23.698904	1.0841598157625523	0.0006307367	0	1
1326.1217613554159	37451.55	23.666164	1.0829570274034899	0.0006319141	0	1
1326.123150237282	37243.01	23.608969	1.0792138816163634	0.00063391676	0	1
1326.1245391191478	37007.99	23.545868	1.0746627718282211	0.00063623744	0	1
1326.125928001014	36852.086	23.50423	1.0723711835947132	0.0006377992	0	1
1326.1273168824146	36631.266	23.439236	1.0681526043973277	0.00063986966	0	1
1326.1287057642803	36436.438	23.39196	1.0646509493384861	0.0006419936	0	1
1326.1300946461465	36181.38	23.320652	1.0593456791268079	0.00064454845	0	1
1326.1314835280125	36045.855	23.27609	1.0574993600273939	0.00064573553	0	1
1326.1328724098794	35712.027	23.191257	1.0497891270970292	0.0006493963	0	1
1326.134261291746	35577.605	23.151842	1.0478939242993741	0.000650742	0	1
1326.1356501736113	35310.77	23.076244	1.042055245810682	0.0006535186	0	1
1326.1370390550114	35082.438	23.012098	1.0373035106685353	0.0006559435	0	1
1326.1384279368783	34904.49	22.958796	1.033996627436305	0.00065776054	0	1
1326.1398168187438	34591.176	22.873331	1.0266297091083902	0.0006612476	0	1
1326.1412057006096	34366.78	22.811962	1.0218486681976526	0.00066377944	0	1
1326.1425945824762	34079.723	22.728262	1.015152365797964	0.0006669145	0	1
1326.1439834643425	33803.5	22.651436	1.0087236636286123	0.0006700914	0	1
1326.1453723462087	33617.71	22.589998	1.0049434412900589	0.00067196717	0	1
1326.1467612276087	33322.516	22.508204	0.9978412729988917	0.00067546533	0	1
1326.1481501094754	33058.96	22.434092	0.9916308435492406	0.0006786085	0	1
1326.1495389913416	32737.174	22.3361	0.9836164518141297	0.0006822855	0	1
1326.150927873207	32461.209	22.26558	0.9769208552139906	0.00068591343	0	1
1326.1523167550736	32212.594	22.183256	0.9709938717435402	0.00068865163	0	1
1326.1537056364741	31926.686	22.103539	0.9638877081118864	0.00069232174	0	1
1326.1550945183399	31635.066	22.019983	0.9565520033037123	0.0006960625	0	1
1326.1564834002068	31357.736	21.933619	0.9495916540037794	0.00069946435	0	1
1326.1578722820723	31079.117	21.85644	0.9425362091206436	0.00070325163	0	1
1326.159261163938	30767.584	21.759365	0.9344251117805327	0.0007072172	0	1
1326.160650045339	30499.287	21.678362	0.9275702429356253	0.0007107826	0	1
1326.1620389272043	30208.422	21.596785	0.9199731993764748	0.00071492593	0	1
1326.1634278090705	29923.148	21.51646	0.9124901461698859	0.0007190574	0	1
1326.1648166909372	29665.559	21.430473	0.9057965579251975	0.0007224025	0	1
1326.1662055728038	29397.822	21.347174	0.8987393617216998	0.00072614814	0	1
1326.1675944542044	29087.324	21.250988	0.8903193717862418	0.00073059276	0	1
1326.1689833360697	28865.775	21.188097	0.8845684985045719	0.0007340214	0	1
1326.1703722179363	28558.775	21.09149	0.8761460755189654	0.0007385292	0	1
1326.1717610998026	28299.125	21.01488	0.8691223667479331	0.0007425982	0	1
1326.1731499816678	28033.176	20.928476	0.861853127663061	0.00074656104	0	1
1326.1745388630688	27797.412	20.859266	0.8554610115011385	0.00075040315	0	1
1326.1759277449348	27541.08	20.778362	0.8483857461554307	0.0007544498	0	1
1326.1773166268003	27342.17	20.716974	0.8430306474008396	0.00075769314	0	1
1326.178705508667	27117.617	20.647608	0.8368375545298422	0.00076140935	0	1
1326.180094390067	26899.934	20.576614	0.8308089657257062	0.0007649318	0	1
1326.1814832719333	26715.195	20.516447	0.8257518554211929	0.0007679692	0	1
1326.1828721538	26493.99	20.451876	0.8195218870761556	0.00077194395	0	1
1326.1842610356662	26333.078	20.394154	0.8151121732368165	0.00077446905	0	1
1326.1856499170663	26195.486	20.352932	0.8113817260196492	0.0007769633	0	1
1326.1870387989325	26048.111	20.303873	0.8073062238242289	0.00077947584	0	1
1326.1884276807984	25888.47	20.251451	0.8028084434883324	0.0007822575	0	1
1326.1898165626644	25768.908	20.215078	0.799512163462314	0.00078447553	0	1
1326.191205444065	25736.432	20.201387	0.7988787068331312	0.0007849335	0	1
1326.1925943259316	25638.006	20.176447	0.7960283130872019	0.0007869741	0	1
1326.1939832077974	25562.816	20.15132	0.7938980966932279	0.00078830594	0	1
1326.195372089663	25528.738	20.136177	0.7930438964097178	0.0007887651	0	1
1326.1967609710641	25540.498	20.140812	0.7936135654469877	0.00078858336	0	1
1326.1981498529299	25583.854	20.151344	0.7951655464686554	0.0007876587	0	1
1326.1995387347952	25593.197	20.154919	0.795660944978767	0.00078751077	0	1
1326.200927616662	25651.902	20.177614	0.7976915772688747	0.0007865933	0	1
1326.2023164980633	25732.06	20.202528	0.8003905517355357	0.00078511116	0	1
1326.203705379929	25825.795	20.231873	0.8033419161856407	0.0007833979	0	1
1326.2050942617952	25961.854	20.280163	0.8075716955116365	0.00078115234	0	1
1326.206483143661	26067.66	20.31163	0.8108218105561473	0.0007791889	0	1
1326.2078720250615	26200.908	20.356064	0.8148862888368206	0.0007769221	0	1
1326.2092609069277	26386.482	20.409855	0.820538156982777	0.00077349663	0	1
1326.2106497887935	26593.092	20.476484	0.8268030683081459	0.0007699926	0	1
1326.212038670194	26762.523	20.532984	0.8318703522450727	0.000767229	0	1
1326.2134275520598	26909.006	20.58149	0.8361823419692387	0.00076485507	0	1
1326.2148164339267	27210.385	20.674023	0.8452637382021658	0.0007597843	0	1
1326.216205315328	27461.406	20.753222	0.8527349557757512	0.0007557232	0	1
1326.2175941971932	27625.627	20.81146	0.8574657139825836	0.0007533389	0	1
1326.218983079059	27903.795	20.891876	0.865686981235397	0.00074871094	0	1
1326.2203719609258	28162.053	20.97546	0.8732421091888001	0.0007448129	0	1
1326.2217608423257	28412.357	21.049528	0.8805017612033588	0.0007408582	0	1
1326.2231497241914	28706.51	21.141058	0.889069893055275	0.0007364552	0	1
1326.224538606058	28945.252	21.216227	0.8958709734530862	0.00073297776	0	1
1326.2259274874586	29207.367	21.29593	0.9033443949188154	0.0007291287	0	1
1326.2273163693246	29496.072	21.382118	0.9115873056935042	0.0007249141	0	1
1326.2287052511906	29760.92	21.466589	0.9190391944800183	0.00072130124	0	1
1326.2300941325911	30060.148	21.554264	0.9274980808624833	0.0007170378	0	1
1326.231483014457	30328.578	21.628414	0.9349511906070863	0.00071313645	0	1
1326.232871896323	30649.553	21.727499	0.943967322273012	0.00070890103	0	1
1326.234260777724	30930.43	21.81381	0.9516906834472596	0.00070525403	0	1
1326.2356496595903	31161.795	21.885841	0.9578349356666988	0.0007023293	0	1
1326.2370385414556	31472.662	21.973776	0.9663657306652645	0.0006981861	0	1
1326.2384274228566	31788.287	22.068995	0.9749822076516272	0.00069424923	0	1
1326.2398163047226	32017.172	22.136696	0.980880155825805	0.0006914007	0	1
1326.2412051865886	32345.97	22.234589	0.9897800532549876	0.000687399	0	1
1326.2425940679896	32579.93	22.298456	0.9957183495196028	0.0006844231	0	1
1326.2439829498549	32869.793	22.387331	1.003306801600334	0.00068109133	0	1
1326.245371831721	33149.277	22.467278	1.0105180364189483	0.0006777607	0	1
1326.246760713122	33378.78	22.532888	1.0161474601305007	0.00067506626	0	1
1326.2481495949874	33656.97	22.612871	1.023200645115387	0.000671863	0	1
1326.2495384768536	33923.84	22.694002	1.0298498266283902	0.0006689691	0	1
1326.2509273582546	34215.184	22.77515	1.0371812772511766	0.00066564453	0	1
1326.2523162401212	34453.195	22.842073	1.042836619570357	0.0006629885	0	1
1326.2537051215218	34676.402	22.905289	1.0479875512827104	0.00066054397	0	1
1326.255094003387	34974.375	22.987148	1.0553390441513746	0.00065725687	0	1
1326.2564828852537	35195.227	23.052284	1.0603046778202008	0.0006549833	0	1
1326.2578717666538	35432.184	23.121279	1.0656998501026933	0.0006525502	0	1
1326.2592606485193	35707.227	23.192902	1.0721824220120137	0.0006495296	0	1
1326.2606495303862	35890.363	23.245026	1.075850181035119	0.0006476676	0	1
1326.2620384117863	36117.684	23.313295	1.0807900048607066	0.00064548146	0	1
1326.2634272936525	36347.258	23.374378	1.0857428731345384	0.00064308505	0	1
1326.2648161750535	36561.2	23.435076	1.0901754697899	0.0006409821	0	1
1326.2662050569197	36740.574	23.488882	1.0935272263009226	0.0006393172	0	1
1326.2675939387855	36901.406	23.527445	1.0962803685758613	0.0006375758	0	1
1326.268982820186	37072.184	23.576578	1.0992833380013263	0.0006359641	0	1
1326.2703717020518	37366.703	23.655094	1.1059030200227973	0.0006330527	0	1
1326.2717605834523	37453.574	23.678661	1.1063299643532984	0.00063221366	0	1
1326.2731494653185	37639.066	23.73342	1.1096297367475783	0.0006305528	0	1
1326.2745383471852	37773.297	23.766792	1.1113759807591654	0.0006291956	0	1
1326.2759272285853	37937.234	23.808422	1.1139559722967443	0.000627574	0	1
1326.2773161104508	38080.414	23.85213	1.1158863901149487	0.00062636216	0	1
1326.278704991852	38186.79	23.87881	1.1167024866222224	0.000625316	0	1
1326.2800938737178	38329.562	23.919825	1.1185480218849173	0.0006240568	0	1
1326.281482755583	38377.566	23.930216	1.1175974263119306	0.000623547	0	1
1326.282871636984	38560.402	23.983421	1.1205411667248264	0.0006219702	0	1
1326.284260518851	38590.703	23.990307	1.1190222208770175	0.00062166026	0	1
1326.2856494002513	38717.324	24.026424	1.1202705743836163	0.00062056	0	1
1326.2870382821175	38733.77	24.029005	1.1183071479002258	0.0006203632	0	1
1326.2884271635176	38743.65	24.028755	1.1161385797808154	0.00062019855	0	1
1326.2898160453838	38791.145	24.043053	1.1150371745636707	0.00061980775	0	1
1326.29120492725	38749.523	24.035343	1.111361900497009	0.0006202746	0	1
1326.29259380865	38768.41	24.037132	1.1094126411411775	0.0006200185	0	1
1326.2939826905163	38824.4	24.054718	1.1085104327387294	0.00061957736	0	1
1326.2953715719163	38829.367	24.05562	1.1061387378541356	0.0006195213	0	1
1326.2967604537832	38765.168	24.031912	1.1017926321252782	0.0006199357	0	1
1326.2981493351836	38857.492	24.060495	1.1018865679825556	0.00061919837	0	1
1326.2995382170488	38881.23	24.067192	1.1000221393547964	0.00061899255	0	1
1326.3009270984498	38893.652	24.073843	1.0978302471523007	0.0006189659	0	1
1326.3023159803167	38873.43	24.067352	1.0947134404408334	0.0006191209	0	1
1326.3037048621823	38884.14	24.074018	1.0924653367343766	0.00061912177	0	1
1326.3050937435823	38861.95	24.06791	1.0892914778614202	0.0006193181	0	1
1326.306482625449	38905.72	24.073294	1.0879638885687015	0.0006187598	0	1
1326.3078715068486	38943.055	24.085377	1.0864507934926773	0.0006184768	0	1
1326.3092603887148	38971.637	24.093264	1.0846897782052793	0.0006182256	0	1
1326.3106492701158	39035.973	24.113768	1.083919316457264	0.00061773194	0	1
1326.312038151982	38947.5	24.082867	1.0789053618093989	0.0006183418	0	1
1326.3134270333821	39034.477	24.106619	1.0787638110551263	0.0006175725	0	1
1326.3148159152483	39030.28	24.110487	1.0760969106963367	0.000617738	0	1
1326.3162047966493	39027.562	24.107515	1.073476129123404	0.0006177049	0	1
1326.3175936785155	39064.895	24.123985	1.0719604967879561	0.0006175362	0	1
1326.3189825599152	39038.824	24.108644	1.0687109365579415	0.0006175556	0	1
1326.3203714417818	39055.69	24.120333	1.0666448115820164	0.0006175882	0	1
1326.3217603231822	39074.977	24.126854	1.064650573622618	0.0006174502	0	1
1326.3231492050481	39156.86	24.142754	1.064364346509869	0.0006165651	0	1
1326.3245380864491	39101.926	24.12642	1.060367162745293	0.0006170136	0	1
1326.3259269683144	39189.055	24.15216	1.0602308678997356	0.00061629864	0	1
1326.327315849715	39153.836	24.147522	1.0567924578891466	0.0006167345	0	1
1326.3287047315816	39118.793	24.133448	1.053375179378103	0.0006169272	0	1
1326.3300936129813	39191.81	24.15344	1.0528779161593742	0.000616288	0	1
1326.3314824948475	39215.996	24.160337	1.0510761418256906	0.00061608374	0	1
1326.3328713762485	39217.08	24.160477	1.048667543113892	0.0006160703	0	1
1326.3342602581151	39207.414	24.150908	1.0459868184265888	0.0006159781	0	1
1326.3356491395157	39285.566	24.179165	1.0456600279095944	0.000615472	0	1
1326.337038021381	39227.164	24.166447	1.0417133478483012	0.00061606406	0	1
1326.338426902782	39244.117	24.172077	1.0397869457509126	0.0006159414	0	1
1326.3398157846477	39287.918	24.188316	1.0385854458309771	0.0006156681	0	1
1326.3412046660476	39313.957	24.185276	1.036928064278938	0.000615183	0	1
1326.3425935479145	39313.945	24.186693	1.034600459115469	0.0006152192	0	1
1326.3439824293146	39318.566	24.19181	1.032413506543994	0.00061527704	0	1
1326.3453713111808	39342.555	24.195015	1.0307529841790233	0.0006149833	0	1
1326.3467601925818	39386.438	24.211815	1.029629876220039	0.00061472465	0	1
1326.348149074447	39366.41	24.20115	1.0268553277406558	0.0006147665	0	1
1326.3495379558476	39418.64	24.216518	1.025984956266674	0.0006143418	0	1
1326.3509268377143	39370.836	24.205053	1.0225323105082502	0.00061479653	0	1
1326.3523157191144	39383.14	24.211971	1.0206649889801722	0.0006147801	0	1
1326.356482363782	39467.867	24.235601	1.016424105544176	0.00061405904	0	1
1326.3578712456479	39473.504	24.232996	1.0144709692688005	0.0006139054	0	1
1326.3592601270477	39472.402	24.23177	1.0123689315394249	0.0006138914	0	1
1326.3606490089146	39523.617	24.248327	1.0116310117626608	0.00061351486	0	1
1326.3620378903147	39509.867	24.247484	1.0092536996042656	0.00061370706	0	1
1326.36342677218	39523.676	24.249521	1.0076061230329851	0.0006135442	0	1
1326.364815653581	39583.258	24.265566	1.007147967950609	0.000613026	0	1
1326.3662045354479	39569.06	24.264482	1.004836837141501	0.0006132186	0	1
1326.3675934168477	39586.746	24.267136	1.0033622263032986	0.00061301165	0	1
1326.3689822982478	39565.145	24.265432	1.0009192722647482	0.0006133033	0	1
1326.3703711801145	39658.984	24.286795	1.0014209880219198	0.00061239075	0	1
1326.371760061515	39644.61	24.286467	0.9992144604500914	0.0006126045	0	1
1326.3731489433812	39651.27	24.288355	0.9975668155416919	0.00061254925	0	1
1326.3745378247813	39599.83	24.271881	0.994488099081734	0.00061292894	0	1
1326.3759267066475	39704.473	24.298723	0.995355847689368	0.0006119896	0	1
1326.3773155880476	39668.86	24.29243	0.9927336755087157	0.0006123804	0	1
1326.3787044694482	39639.75	24.288347	0.9903066314670014	0.0006127271	0	1
1326.3800933513144	39725.19	24.305716	0.9907688417506969	0.0006118464	0	1
1326.3814822327145	39665.99	24.299013	0.9876525404552648	0.00061259064	0	1
1326.3828711145811	39701.75	24.303223	0.9869321559421261	0.0006121449	0	1
1326.3842599959823	39707.047	24.307169	0.9854834439675921	0.0006121626	0	1
1326.3856488773822	39750.75	24.313229	0.9850169115807561	0.000611642	0	1
1326.387037759248	39733.484	24.308582	0.983069704654843	0.00061179086	0	1
1326.388426640649	39752.395	24.317228	0.98204887761511	0.00061171735	0	1
1326.3898155225143	39793.957	24.3296	0.9816170412379571	0.0006113893	0	1
1326.3912044039148	39780.29	24.32877	0.9798536367902836	0.0006115785	0	1
1326.3925932853158	39789.66	24.329338	0.978689940038584	0.0006114488	0	1
1326.393982167182	39848.61	24.34285	0.9787756109579857	0.0006108833	0	1
1326.395371048582	39807.395	24.334776	0.9764328776559179	0.000611313	0	1
1326.3967599304483	39804.004	24.337915	0.9750520714236102	0.0006114439	0	1
1326.3981488118486	39821.367	24.33926	0.974212045592627	0.00061121106	0	1
1326.399537693249	39811.65	24.339605	0.972742230900169	0.0006113689	0	1
1326.4009265751151	39829.61	24.34062	0.9719816588579631	0.00061111874	0	1
1326.4023154565161	39872.098	24.353575	0.9718511972222285	0.0006107924	0	1
1326.4037043379165	39930.414	24.371548	0.9721371614971941	0.0006103505	0	1
1326.4050932197824	39835.902	24.346344	0.9687370802905427	0.0006111659	0	1
1326.4064821011834	39871.617	24.355087	0.9685393128854021	0.0006108377	0	1
1326.4078709830487	39871.652	24.350903	0.9675078295950694	0.00061073224	0	1
1326.4092598644493	39896.85	24.366396	0.9671204160909828	0.0006107348	0	1
1326.4106487458503	39909.984	24.366798	0.9664737851554973	0.00061054394	0	1
1326.4120376277156	39942.77	24.373121	0.9663363369046613	0.0006102011	0	1
1326.413426509116	39932.746	24.375217	0.9651971795036047	0.00061040674	0	1
1326.414815390517	39923.94	24.37215	0.9641224944957801	0.00061046454	0	1
1326.4162042723838	39946.566	24.375885	0.9638412210387595	0.0006102123	0	1
1326.4175931537843	39941.684	24.371796	0.9629306746595558	0.0006101845	0	1
1326.418982035184	39986.45	24.381552	0.9632512254485588	0.00060974533	0	1
1326.4203709170506	39937.047	24.37216	0.9613384004291224	0.0006102644	0	1
1326.4217597984507	39979.926	24.382923	0.9616821406146896	0.00060987915	0	1
1326.4231486798506	39950.89	24.38071	0.9603309811513935	0.000610267	0	1
1326.4245375617174	39975.086	24.382343	0.9602947097541675	0.00060993846	0	1
1326.4259264431175	40028.36	24.397543	0.9609911515692796	0.00060950645	0	1
1326.427315324518	39992.28	24.390974	0.9595776346462099	0.000609892	0	1
1326.4287042063847	39967.027	24.382048	0.9584601384053147	0.00061005406	0	1
1326.4300930877844	39999.23	24.397781	0.9587559992566413	0.0006099563	0	1
1326.431481969185	39999.004	24.394686	0.9583097696892685	0.00060988235	0	1
1326.4328708510516	39960.277	24.379139	0.9569772004253381	0.00061008433	0	1
1326.4342597324517	40030.21	24.39633	0.9582822700457935	0.00060944795	0	1
1326.4356486138522	40052.414	24.413795	0.9584796733087639	0.00060954614	0	1
1326.4370374957184	40006.273	24.398085	0.9570775700408815	0.00060985645	0	1
1326.4384263771185	39978.13	24.388851	0.9561423595456904	0.0006100548	0	1
1326.439815258519	39999.69	24.390661	0.9564318859786706	0.00060977123	0	1
1326.4412041403848	39990.15	24.393887	0.9560134727651881	0.0006099974	0	1
1326.442593021786	40013.23	24.397877	0.9564108740441596	0.0006097452	0	1
1326.4439819031863	39993.305	24.393152	0.9558162183625049	0.0006099309	0	1
1326.4453707850516	40050.23	24.407095	0.9570941745375655	0.0006094121	0	1
1326.4467596664526	39938.473	24.37479	0.9543770842793946	0.00061030855	0	1
1326.4481485478539	39974.473	24.389189	0.9552269056913989	0.0006101191	0	1
1326.4495374292537	39983.32	24.39379	0.9554638783471076	0.0006100991	0	1
1326.4509263111195	40011.027	24.390717	0.9561875728093812	0.00060959987	0	1
1326.4523151925205	40008.305	24.40213	0.956220118268736	0.00060992665	0	1
1326.453704073921	39961.477	24.38719	0.9552343794958523	0.0006102675	0	1
1326.455092955787	39963.875	24.389061	0.9554611772648323	0.0006102777	0	1
1326.4564818371873	39995.16	24.40369	0.9564147442811979	0.0006101661	0	1
1326.4578707185879	39961.574	24.38781	0.9558529776898942	0.0006102815	0	1
1326.459259599988	39961.176	24.384668	0.9561207700908929	0.00061020895	0	1
1326.4606484818542	39987.1	24.399225	0.9570545266616189	0.0006101774	0	1
1326.4620373632547	39980.934	24.392805	0.9572562232604439	0.00061011093	0	1
1326.4634262446548	39966.0	24.38981	0.9572837422805575	0.00061026396	0	1
1326.4648151265214	39964.55	24.391233	0.9576699373489512	0.0006103217	0	1
1326.4662040079224	39962.816	24.38645	0.9580850807991187	0.0006102285	0	1
1326.4675928893223	39910.805	24.376694	0.957329972008064	0.00061077933	0	1
1326.4689817707226	39961.957	24.392557	0.9590851587455993	0.00061039446	0	1
1326.4703706525893	39904.906	24.37525	0.9582790389426531	0.0006108334	0	1
1326.471759533989	39982.465	24.394665	0.9607413887069649	0.0006101341	0	1
1326.4731484153895	39874.094	24.369509	0.9587710718184416	0.00061116146	0	1
1326.4745372967905	39927.89	24.383953	0.9607347142640184	0.00061069976	0	1
1326.4759261786567	39899.707	24.373295	0.9607616118414832	0.000610864	0	1
1326.4773150600568	39901.22	24.373175	0.9615384380040916	0.00061083783	0	1
1326.4787039414573	39903.836	24.380585	0.9623772675126496	0.00061098346	0	1
1326.4800928228576	39854.383	24.366531	0.9619945548555554	0.000611389	0	1
1326.4814817047236	39939.113	24.385567	0.9648866132648495	0.00061056856	0	1
1326.4828705861241	39886.418	24.375338	0.9644943256977678	0.00061111874	0	1
1326.4842594675251	39844.793	24.364168	0.964402558518646	0.00061147683	0	1
1326.4856483489252	39891.508	24.373014	0.9664839437531288	0.00061098253	0	1
1326.4870372307914	39880.81	24.369284	0.967209923128525	0.0006110529	0	1
1326.4884261121924	39855.027	24.368397	0.9676038509753797	0.0006114259	0	1
1326.489814993592	39768.23	24.345427	0.966548001062394	0.0006121828	0	1
1326.4912038749926	39800.61	24.351778	0.9684215817794692	0.00061184436	0	1
1326.4925927563936	39807.043	24.3522	0.9696991703183603	0.00061175606	0	1
1326.493981638259	39745.547	24.337189	0.9693545097898866	0.0006123249	0	1
1326.4953705196594	39765.715	24.344355	0.9710343098714823	0.0006121946	0	1
1326.4967594010604	39748.203	24.339064	0.9718278970481738	0.00061233115	0	1
1326.4981482824605	39742.246	24.338264	0.9729369270184209	0.00061240286	0	1
1326.4995371643267	39765.27	24.342485	0.9747894993712616	0.0006121544	0	1
1326.5009260457273	39738.87	24.339834	0.9754638043714449	0.00061249436	0	1
1326.5023149271283	39757.29	24.339256	0.9772711491952013	0.00061219605	0	1
1326.5037038085284	39700.16	24.325426	0.9772531501446651	0.00061272865	0	1
1326.5050926899282	39725.566	24.331902	0.9792985505203066	0.0006124998	0	1
1326.5064815717951	39705.918	24.330881	0.9802661231988777	0.0006127772	0	1
1326.5078704531952	39623.87	24.304783	0.9797218534463257	0.0006133874	0	1
1326.5092593345948	39684.957	24.320263	0.9827480697614933	0.0006128333	0	1
1326.5106482159958	39613.984	24.307547	0.9825356145144678	0.00061361026	0	1
1326.5120370973964	39568.98	24.293665	0.9829944553733003	0.0006139573	0	1
1326.5134259792626	39574.125	24.30169	0.9847290332298241	0.0006140803	0	1
1326.5148148606636	39621.293	24.306057	0.9875427276737656	0.00061345944	0	1
1326.5162037420637	39594.01	24.300274	0.9885326920577984	0.0006137361	0	1
1326.5175926234642	39594.527	24.302132	0.990246339801994	0.000613775	0	1
1326.5189815048648	39541.38	24.287565	0.9906461266637913	0.0006142316	0	1
1326.5203703862649	39543.812	24.289104	0.9924664755103784	0.00061423273	0	1
1326.521759268131	39521.605	24.287458	0.9936974896837829	0.0006145362	0	1
1326.5231481495312	39522.49	24.282328	0.9955377820390944	0.0006143927	0	1
1326.5245370309324	39464.395	24.266489	0.9959192322902101	0.0006148958	0	1
1326.5259259123327	39482.57	24.2732	0.9982526191527121	0.0006147826	0	1
1326.5273147937323	39460.99	24.268488	0.999609380119724	0.0006149995	0	1
1326.5287036751333	39423.742	24.263868	1.0005949104425735	0.00061546336	0	1
1326.5300925570002	39436.137	24.260445	1.0028672101570097	0.0006151831	0	1
1326.5314814384	39468.695	24.274052	1.0056822786174373	0.0006150204	0	1
1326.5328703198002	39378.38	24.256477	1.005390870351876	0.00061598467	0	1
1326.5342592012012	39433.91	24.263935	1.0088484271311535	0.0006153063	0	1
1326.5356480826017	39358.91	24.2506	1.008992160673131	0.00061614	0	1
1326.537036964002	39375.887	24.251713	1.0115169620300652	0.00061590265	0	1
1326.5384258454023	39349.34	24.241594	1.0129490069519018	0.00061606104	0	1
1326.5398147272685	39318.39	24.237707	1.0142900226419453	0.00061644707	0	1
1326.5412036086686	39299.176	24.234251	1.015955974547321	0.0006166605	0	1
1326.5425924900692	39240.324	24.224552	1.0166174368727903	0.0006173382	0	1
1326.5439813714695	39305.785	24.229914	1.0205239724626398	0.0006164465	0	1
1326.5453702528698	39294.312	24.233158	1.022459683106045	0.00061670906	0	1
1326.5467591342708	39235.395	24.218128	1.023179955658077	0.0006172521	0	1
1326.5481480156718	39263.38	24.223104	1.0261873405151087	0.00061693887	0	1
1326.5495368975373	39216.016	24.210253	1.0272464456778732	0.0006173563	0	1
1326.5509257789377	39237.54	24.218699	1.0301301277756492	0.0006172329	0	1
1326.5523146603387	39189.71	24.2027	1.0312126068042176	0.0006175779	0	1
1326.5537035417383	39157.527	24.198349	1.032722507397945	0.0006179744	0	1
1326.5550924231388	39148.797	24.198996	1.0348684703733995	0.0006181287	0	1
1326.5564813045398	39189.08	24.205101	1.0383313770562081	0.0006176492	0	1
1326.5578701859404	39108.473	24.191923	1.0386076972540357	0.0006185852	0	1
1326.5592590673405	39099.836	24.184639	1.0408080280124183	0.00061853556	0	1
1326.5606479492067	39108.39	24.186213	1.0434836102374456	0.0006184405	0	1
1326.562036830607	39030.844	24.16842	1.0438745074366365	0.0006192134	0	1
1326.5634257120073	39013.734	24.15965	1.0458921746451302	0.0006192601	0	1
1326.5648145934078	39043.176	24.167656	1.0491742814776766	0.0006189982	0	1
1326.5662034748088	39036.145	24.169338	1.051492766340468	0.0006191528	0	1
1326.567592356209	39026.8	24.16693	1.0537622761683223	0.0006192393	0	1
1326.5689812376088	38976.293	24.151136	1.054930108419318	0.00061963656	0	1
1326.57037011901	39016.254	24.1591	1.0585588462551356	0.00061920605	0	1
1326.57175900041	38911.473	24.13805	1.0582685352314216	0.0006203325	0	1
1326.5731478818107	38932.25	24.139381	1.0613989984503054	0.00062003563	0	1
1326.5745367632117	38967.008	24.14564	1.064925017974484	0.00061964313	0	1
1326.575925645077	38905.27	24.133404	1.065822094116007	0.00062031194	0	1
1326.5773145264775	38880.94	24.128138	1.0677475045816636	0.0006205646	0	1
1326.5787034078785	38831.727	24.11414	1.0689929612589557	0.00062099064	0	1
1326.5800922892786	38859.766	24.11778	1.0723713009498606	0.0006206363	0	1
1326.5814811706791	38888.65	24.127935	1.0757835150481239	0.00062043645	0	1
1326.5828700520797	38817.28	24.11185	1.076425564882473	0.00062116276	0	1
1326.5842589334807	38829.938	24.116215	1.0793987553282614	0.0006210727	0	1
1326.5856478148808	38849.117	24.122768	1.0825596535597106	0.00062093476	0	1
1326.5870366962804	38790.105	24.102272	1.0835423318489175	0.000621351	0	1
1326.5884255776816	38745.855	24.090794	1.0849328061568035	0.0006217644	0	1
1326.589814459082	38806.95	24.11124	1.0892757232765635	0.0006213124	0	1
1326.5912033404816	38799.906	24.105589	1.0917103963896722	0.0006212796	0	1
1326.5925922218826	38754.53	24.096407	1.093062662520354	0.00062177004	0	1
1326.593981103283	38699.418	24.080057	1.0941322001710005	0.0006222331	0	1
1326.5953699846837	38719.14	24.092655	1.097312942100668	0.00062224147	0	1
1326.5967588665503	38723.086	24.090256	1.1000449855112888	0.0006221161	0	1
1326.5981477479504	38673.855	24.075342	1.1012592053284798	0.00062252244	0	1
1326.599536629351	38632.76	24.06415	1.1026938951532008	0.0006228949	0	1
1326.6009255107513	38571.934	24.04717	1.1035523198444683	0.000623437	0	1
1326.6023143921516	38518.26	24.034601	1.1046006703841298	0.0006239794	0	1
1326.6037032735521	38426.117	24.007765	1.104527833967244	0.0006247773	0	1
1326.6050921549522	38302.527	23.973938	1.1035275926255586	0.00062591006	0	1
1326.6064810363534	38241.477	23.955187	1.1043067269266063	0.000626419	0	1
1326.6078699177538	38083.496	23.916664	1.1022611507132456	0.000628006	0	1
1326.6092587991534	37957.31	23.878792	1.1011048721710734	0.000629096	0	1
1326.6106476805544	37817.605	23.845457	1.0995259176762822	0.0006305385	0	1
1326.6120365619554	37673.68	23.804314	1.0977915268845606	0.0006318553	0	1
1326.6134254433553	37547.75	23.774994	1.0965488682401507	0.0006331936	0	1
1326.6148143247556	37366.066	23.718248	1.0936419928937526	0.00063475367	0	1
1326.6162032061566	37140.805	23.658577	1.0894164893746996	0.0006369969	0	1
1326.6175920875571	37021.56	23.622667	1.0882606452506944	0.00063807867	0	1
1326.6189809689574	36804.91	23.571318	1.0842014010746026	0.0006404395	0	1
1326.6203698503577	36587.547	23.509022	1.0800739573804912	0.0006425416	0	1
1326.6217587317583	36340.082	23.442213	1.0750081809208751	0.0006450787	0	1
1326.6231476131584	36208.316	23.40243	1.0733198584257906	0.00064632745	0	1
1326.624536494559	35906.9	23.319187	1.066553487339728	0.00064943475	0	1
1326.6259253759592	35729.215	23.268763	1.0634099640458008	0.0006512531	0	1
1326.6273142573596	35479.875	23.200588	1.0580838357234907	0.0006539084	0	1
1326.62870313876	35270.46	23.136116	1.0538960352696334	0.00065596297	0	1
1326.630092020161	34993.344	23.063831	1.0476308033215194	0.000659092	0	1
1326.6314809015614	34739.816	22.9908	1.0420143928220227	0.00066179974	0	1
1326.6328697829617	34470.5	22.915724	1.0358670660624139	0.0006647923	0	1
1326.6342586643627	34159.703	22.824905	1.0284123879486942	0.0006681822	0	1
1326.6356475457624	33938.72	22.763607	1.0236031574750877	0.00067072676	0	1
1326.637036427163	33665.184	22.686182	1.017152307060252	0.00067387667	0	1
1326.638425308564	33399.91	22.604267	1.0108917869365222	0.0006767763	0	1
1326.6398141899635	33115.793	22.523981	1.004000937406667	0.00068015826	0	1
1326.641203071364	32840.62	22.440254	0.9973206663003821	0.0006833078	0	1
1326.642591952765	32568.969	22.36697	0.9906872146992843	0.0006867571	0	1
1326.6439808341654	32261.072	22.279581	0.9828895912974537	0.00069060264	0	1
1326.6453697155657	32000.896	22.203463	0.9764847469564438	0.00069383875	0	1
1326.6467585969663	31668.57	22.103554	0.9678161333811448	0.000697965	0	1
1326.6481474783673	31389.56	22.024975	0.960714021785002	0.0007016656	0	1
1326.6495363597674	31124.818	21.944067	0.9539889492214817	0.00070503436	0	1
1326.6509252411672	30803.104	21.847496	0.9454563299446557	0.0007092628	0	1
1326.6523141221028	30532.912	21.765293	0.9384438503081124	0.00071284693	0	1
1326.6537030035029	30288.436	21.689152	0.9321639389073241	0.0007160869	0	1
1326.6550918849034	29923.385	21.579292	0.9221119141129688	0.0007211515	0	1
1326.6564807663044	29606.26	21.487873	0.913473057464516	0.0007257882	0	1
1326.657869647704	29332.084	21.401731	0.9060996807678203	0.00072963553	0	1
1326.6592585291046	29044.602	21.316753	0.8982571588771536	0.00073393167	0	1
1326.6606474105056	28743.492	21.224556	0.8899346609965326	0.00073841255	0	1
1326.6620362919057	28475.328	21.138584	0.8825748668018638	0.0007423473	0	1
1326.6634251733062	28152.293	21.042416	0.8734569644087731	0.00074744946	0	1
1326.6648140547068	27935.846	20.974043	0.867590867112259	0.0007507932	0	1
1326.6662029361078	27628.889	20.878202	0.8588597904263736	0.00075566565	0	1
1326.6675918175079	27413.887	20.80031	0.8529337213254083	0.0007587509	0	1
1326.6689806989075	27100.59	20.706371	0.8438964612889428	0.0007640561	0	1
1326.6703695803087	26884.049	20.63902	0.8378197928104166	0.0007677051	0	1
1326.671758461709	26649.125	20.567747	0.8311205498130394	0.0007717982	0	1
1326.673147342643	26452.996	20.502996	0.8255825765553348	0.0007750727	0	1
1326.674536224044	26162.828	20.411728	0.8170605491831505	0.0007801805	0	1
1326.6759251054445	26014.865	20.365963	0.8129320069678897	0.0007828587	0	1
1326.677313986845	25826.799	20.305706	0.8075052907012419	0.0007862262	0	1
1326.678702868246	25667.334	20.254393	0.8029281153617632	0.00078911165	0	1
1326.6800917496462	25502.156	20.200815	0.7981283975595255	0.00079212186	0	1
1326.6814806310467	25399.861	20.164932	0.7952541083692897	0.0007938993	0	1
1326.682869512447	25249.29	20.112804	0.7908263281200947	0.00079656916	0	1
1326.6842583938474	25152.23	20.08648	0.7878570735345249	0.00079859636	0	1
1326.685647275248	25036.922	20.044403	0.7843155799737064	0.00080059376	0	1
1326.687036156648	24996.627	20.031128	0.783123566759628	0.00080135325	0	1
1326.6884250375836	25012.707	20.024988	0.7836976800044099	0.0008005926	0	1
1326.6898139189839	24959.602	20.02069	0.7821039814640892	0.0008021238	0	1
1326.6912028003835	24940.828	20.017864	0.781585880491332	0.00080261426	0	1
1326.6939805631855	25094.48	20.06022	0.7865422014873216	0.00079938775	0	1
1326.6953694445854	25179.916	20.086012	0.7892908994949301	0.00079769973	0	1
1326.6967583259857	25276.943	20.111427	0.7924034808838448	0.0007956432	0	1
1326.6981472073867	25451.025	20.169315	0.7977141436106773	0.00079247553	0	1
1326.6995360883207	25535.541	20.205545	0.8001763679010224	0.0007912715	0	1
1326.7009249697212	25745.758	20.264896	0.8065355128900367	0.00078711595	0	1
1326.7023138511222	25886.057	20.31508	0.8106612917952183	0.0007847885	0	1
1326.7037027325227	26040.225	20.363482	0.8151783248828722	0.000782001	0	1
1326.7050916139228	26310.746	20.451399	0.8232924472928341	0.00077730214	0	1
1326.7064804953234	26420.137	20.480862	0.826319302797499	0.0007751989	0	1
1326.7078693767237	26679.117	20.558815	0.8339788909499031	0.0007705958	0	1
1326.709258258124	26953.635	20.648117	0.842074881154016	0.0007660606	0	1
1326.710647139059	27204.129	20.722778	0.8493703330186785	0.0007617512	0	1
1326.71203602046	27418.145	20.795698	0.855477243729607	0.0007584648	0	1
1326.71342490186	27739.273	20.879343	0.8648743150065163	0.00075269974	0	1
1326.7148137832605	28008.738	20.980947	0.8726066285697947	0.0007490858	0	1
1326.7162026646615	28229.445	21.051949	0.8787675896261722	0.0007457443	0	1
1326.718980426996	28797.02	21.221943	0.894854395153153	0.00073694927	0	1
1326.720369308397	29131.66	21.320799	0.9043922773872045	0.0007318772	0	1
1326.7217581897967	29434.95	21.414732	0.912897589688443	0.0007275274	0	1
1326.7231470711972	29733.457	21.508236	0.9211957291230611	0.00072336814	0	1
1326.7245359525982	30011.377	21.585602	0.9287973276286605	0.0007192473	0	1
1326.7259248339992	30307.602	21.686445	0.9369062374665766	0.00071554474	0	1
1326.727313714934	30627.406	21.770514	0.9456828806733253	0.00071081804	0	1
1326.7287025963337	30920.209	21.856554	0.953564173346998	0.0007068695	0	1
1326.7300914777347	31212.611	21.941755	0.9613720537635216	0.00070297724	0	1
1326.7314803591348	31482.395	22.028534	0.9684227001924108	0.00069970964	0	1
1326.7328692405347	31793.736	22.116245	0.9766900621415533	0.0006956164	0	1
1326.734258121936	32095.328	22.204554	0.9845946177218734	0.00069183134	0	1
1326.7356470028703	32353.996	22.280615	0.9911210679557779	0.0006886511	0	1
1326.7370358842709	32609.203	22.347319	0.9974820358418726	0.0006853071	0	1
1326.7384247656719	32950.902	22.449871	1.0064253808263783	0.0006813128	0	1
1326.7398136470715	33197.176	22.523142	1.0123910937177252	0.0006784656	0	1
1326.741202528472	33517.78	22.617998	1.020561490022311	0.00067480595	0	1
1326.7425914094074	33783.277	22.692642	1.0269907980286033	0.0006717123	0	1
1326.7439802908075	34027.38	22.759726	1.0327104068838877	0.0006688651	0	1
1326.745369172208	34338.273	22.845577	1.0403956394655394	0.00066530943	0	1
1326.7467580536086	34593.52	22.914244	1.0463328754124082	0.0006623854	0	1
1326.7481469350096	34814.484	22.972631	1.0511761502587742	0.00065985846	0	1
1326.749535815944	35089.484	23.058939	1.057593091225033	0.0006571467	0	1
1326.7509246973436	35335.355	23.1274	1.0630732063214825	0.00065451156	0	1
1326.7523135787449	35560.242	23.19353	1.0678661943801744	0.00065223203	0	1
1326.7537024601452	35760.03	23.246092	1.0718526902030452	0.0006500579	0	1
1326.7550913410792	36005.246	23.30957	1.0771472627288268	0.0006473937	0	1
1326.7564802224801	36284.3	23.388262	1.0833966382296558	0.0006445835	0	1
1326.7578691038807	36467.2	23.44342	1.086721467167849	0.0006428632	0	1
1326.7592579852803	36705.105	23.511957	1.091635010048587	0.00064056367	0	1
1326.7606468666813	36850.84	23.548899	1.0937596367790572	0.00063903286	0	1
1326.7620357476167	36996.97	23.58943	1.0958545149514318	0.0006376044	0	1
1326.7634246290172	37207.133	23.645699	1.099801495381118	0.0006355152	0	1
1326.7648135104175	37404.82	23.702566	1.1033326258309621	0.00063367677	0	1
1326.7662023918178	37590.047	23.75033	1.1064514027868138	0.00063182495	0	1
1326.7675912727527	37718.27	23.787237	1.1078526164143765	0.00063065556	0	1
1326.7689801541528	37843.78	23.808739	1.1091391304951654	0.00062913215	0	1
1326.7703690355534	38070.113	23.881947	1.11334006269872	0.00062731485	0	1
1326.7717579169537	38175.074	23.908693	1.1139532748354788	0.0006262907	0	1
1326.7731467978883	38266.12	23.932798	1.11413177621483	0.0006254305	0	1
1326.7745356792893	38380.34	23.967781	1.1149565787857723	0.0006244807	0	1
1326.7759245606903	38431.32	23.980898	1.113919518489901	0.0006239936	0	1
1326.7773134420902	38561.773	24.015287	1.1151610620525827	0.0006227745	0	1
1326.7787023230248	38597.137	24.021128	1.113629847376572	0.00062235515	0	1
1326.7800912044258	38700.207	24.04508	1.1140320672277368	0.0006213166	0	1
1326.7814800858255	38651.703	24.037209	1.1100575380770477	0.0006218926	0	1
1326.782868967226	38695.645	24.047598	1.1087294424482648	0.0006214549	0	1
1326.7842578481614	38700.805	24.049406	1.106279048229204	0.00062141876	0	1
1326.785646729562	38745.832	24.056671	1.104958079984242	0.0006208841	0	1
1326.787035610962	38759.434	24.065935	1.1027311395934183	0.00062090525	0	1
1326.7884244918969	38796.492	24.075806	1.1011633179723876	0.00062056654	0	1
1326.7898133732972	38799.59	24.074955	1.0986250168622904	0.00062049506	0	1
1326.7912022546975	38798.227	24.076475	1.0959574079189829	0.00062055606	0	1
1326.792591136098	38811.953	24.074184	1.0937132947700046	0.0006202776	0	1
1326.7939800170334	38876.305	24.095192	1.0928895176841602	0.0006197912	0	1
1326.7953688984335	38871.74	24.092457	1.0901242272314584	0.00061979366	0	1
1326.796757779834	38865.35	24.093819	1.0873095161746325	0.00061993056	0	1
1326.7981466607694	38846.832	24.091398	1.0841588572508196	0.0006201638	0	1
1326.799535542169	38871.41	24.096918	1.0822132705442677	0.0006199137	0	1
1326.8009244235695	38933.707	24.11368	1.0813155027400339	0.0006193523	0	1
1326.8023133049705	38916.367	24.1113	1.0782073703233732	0.00061956706	0	1
1326.8037021859045	38930.305	24.116533	1.075971332410523	0.0006194797	0	1
1326.805091067305	38974.555	24.118998	1.0745753123285497	0.0006188396	0	1
1326.806479948706	38967.926	24.124678	1.0717809462966041	0.0006190906	0	1
1326.8078688296414	38970.562	24.124493	1.0692494795220777	0.000619044	0	1
1326.8092577110417	39017.81	24.135302	1.067947237661783	0.0006185714	0	1
1326.8106465924416	39049.74	24.146032	1.0662298876699499	0.00061834045	0	1
1326.812035473377	39090.254	24.15509	1.0647523317171064	0.00061793125	0	1
1326.813424354777	39053.79	24.136532	1.0611886012989054	0.00061803305	0	1
1326.8148132361766	39031.53	24.138348	1.0580264211964718	0.000618432	0	1
1326.8162021171122	39046.797	24.143522	1.0558942207199777	0.00061832275	0	1
1326.8175909985125	39083.348	24.152317	1.0543473249674067	0.0006179695	0	1
1326.8189798799121	39136.496	24.172176	1.0532561740768287	0.0006176377	0	1
1326.8203687608475	39133.246	24.173168	1.0506584794260465	0.00061771437	0	1
1326.821757642248	39116.23	24.162863	1.0477076520148296	0.0006177196	0	1
1326.8231465236486	39180.973	24.177801	1.0469594502652704	0.0006170802	0	1
1326.824535404584	39184.06	24.182669	1.044575896079425	0.0006171558	0	1
1326.825924285984	39135.0	24.163757	1.0408222257841164	0.0006174462	0	1
1326.8273131673845	39169.746	24.176352	1.0393159872009454	0.00061722	0	1
1326.8287020483192	39276.812	24.204208	1.039738209986009	0.0006162468	0	1
1326.8300909297195	39251.81	24.203268	1.0366781129972442	0.00061661535	0	1
1326.83147981112	39261.402	24.205881	1.0345521947250018	0.00061653124	0	1
1326.8328686920545	39231.07	24.195427	1.0313954926371174	0.0006167414	0	1
1326.8342575734557	39274.754	24.20358	1.0302044575330358	0.0006162631	0	1
1326.835646454856	39282.03	24.208609	1.0280765340933977	0.0006162769	0	1
1326.83703533579	39329.426	24.222967	1.0270169652776762	0.00061589933	0	1
1326.838424217191	39364.8	24.229876	1.025660853481992	0.00061552133	0	1
1326.8398130981263	39309.957	24.212471	1.0219778168098352	0.00061593734	0	1
1326.8412019795262	39338.938	24.22432	1.0204986305341917	0.0006157848	0	1
1326.8425908609265	39390.94	24.241743	1.0196357060579426	0.0006154142	0	1
1326.8439797418619	39398.668	24.243246	1.0176473633330871	0.00061533164	0	1
1326.8453686232624	39389.773	24.23769	1.015254256046593	0.0006153295	0	1
1326.8467575046627	39375.316	24.231804	1.012743959910939	0.00061540597	0	1
1326.8481463855974	39489.75	24.26741	1.0135687231590755	0.0006145243	0	1
1326.849535266998	39478.906	24.263588	1.011198258504301	0.00061459624	0	1
1326.8509241479323	39516.82	24.26648	1.0101014151068144	0.00061407976	0	1
1326.852313029333	39464.12	24.25641	1.0067156830958364	0.00061464467	0	1
1326.8537019107332	39500.293	24.261024	1.0056247964753962	0.0006141986	0	1
1326.8550907916679	39520.02	24.270283	1.00413967475022	0.0006141263	0	1
1326.8564796730689	39537.188	24.272602	1.0026153323161027	0.0006139183	0	1
1326.8578685540042	39551.34	24.273481	1.0010409526878077	0.00061372085	0	1
1326.8592574354038	39550.35	24.278395	0.9991110306466847	0.0006138604	0	1
1326.8606463168044	39533.027	24.273514	0.9967979254021906	0.00061400596	0	1
1326.8620351977397	39528.164	24.26915	0.9948289746685761	0.0006139711	0	1
1326.8634240791393	39577.695	24.286312	0.9942561524996326	0.00061363634	0	1
1326.8648129600742	39607.613	24.293919	0.9932165017220853	0.00061336486	0	1
1326.8662018414752	39622.78	24.295664	0.9918347596882424	0.0006131741	0	1
1326.8675907228758	39613.332	24.291193	0.9898666296914457	0.0006132075	0	1
1326.8689796038102	39630.496	24.29459	0.9885935316237155	0.00061302766	0	1
1326.8703684852107	39659.484	24.301792	0.9876440277457912	0.0006127612	0	1
1326.871757366146	39689.035	24.308079	0.9867369425199654	0.00061246334	0	1
1326.8731462475466	39695.633	24.311104	0.9852888198711226	0.0006124377	0	1
1326.8745351284806	39743.336	24.32951	0.9848901467371711	0.0006121658	0	1
1326.8759240098816	39681.18	24.30646	0.9818011297376622	0.0006125438	0	1
1326.8773128912817	39676.97	24.302362	0.9801801363406393	0.00061250554	0	1
1326.8787017722166	39734.66	24.317814	0.9801183150411594	0.00061200507	0	1
1326.8800906536176	39723.78	24.31777	0.9783955069753952	0.0006121716	0	1
1326.8814795345515	39773.863	24.332945	0.9782051139919312	0.0006117823	0	1
1326.882868415952	39762.723	24.321041	0.9765401561842829	0.0006116543	0	1
1326.8842572968874	39745.824	24.316309	0.974767476856879	0.0006117953	0	1
1326.885646178287	39847.707	24.34861	0.9759527471015196	0.0006110417	0	1
1326.887035059222	39739.48	24.314133	0.9719957298228589	0.0006118382	0	1
1326.888423940623	39797.715	24.336117	0.9721598385940302	0.00061149534	0	1
1326.889812822023	39786.19	24.328001	0.9706518008321587	0.00061146845	0	1
1326.891201702958	39826.133	24.335234	0.9704319726006814	0.00061103684	0	1
1326.8925905843585	39855.57	24.34682	0.9699877851827738	0.00061087625	0	1
1326.8939794652938	39842.637	24.33385	0.968545687895163	0.000610749	0	1
1326.8953683466939	39871.52	24.344334	0.9681535883926751	0.0006105695	0	1
1326.8967572276279	39878.855	24.349081	0.9672713392391812	0.00061057624	0	1
1326.898146109029	39794.332	24.324333	0.9642131841248741	0.0006112512	0	1
1326.8995349899637	39899.867	24.350605	0.965761709017045	0.0006102929	0	1
1326.9009238713634	39896.984	24.346397	0.9647338623488947	0.00061023154	0	1
1326.9023127522987	39898.617	24.346678	0.9638496917470198	0.00061021355	0	1
1326.9037016337	39876.125	24.334738	0.9624177267923628	0.0006102583	0	1
1326.9050905146346	39964.766	24.360886	0.9637011797106902	0.00060955907	0	1
1326.9064793960351	39918.742	24.349524	0.9617711787028277	0.0006099772	0	1
1326.9078682769696	39886.973	24.345793	0.9602209607397295	0.00061036955	0	1
1326.90925715837	39914.93	24.34531	0.9601435016334213	0.0006099299	0	1
1326.9106460393048	39955.03	24.355644	0.960391848825796	0.0006095764	0	1
1326.912034920705	39966.54	24.35981	0.9599869888318147	0.0006095051	0	1
1326.91342380164	39958.13	24.361027	0.9591387195722263	0.00060966384	0	1
1326.91481268304	39906.43	24.340672	0.9572874025062228	0.0006099436	0	1
1326.9162015639756	39942.79	24.35317	0.9575838478285088	0.0006097013	0	1
1326.917590445376	39927.77	24.348547	0.9566834140529233	0.00060981483	0	1
1326.91897932631	39930.48	24.348333	0.9562431967486809	0.0006097681	0	1
1326.920368207711	40000.258	24.360332	0.9574434659657564	0.0006090044	0	1
1326.9217570886462	39929.973	24.343708	0.9553265009110211	0.00060966	0	1
1326.923145970046	40010.297	24.36064	0.9568481469897306	0.00060885923	0	1
1326.9245348509808	39960.805	24.350487	0.9553002828555331	0.0006093593	0	1
1326.9259237323818	39968.242	24.35574	0.9551491488213628	0.0006093773	0	1
1326.9273126133166	40016.98	24.371206	0.9560199950789411	0.00060902163	0	1
1326.9287014947167	39902.902	24.335442	0.9530369388616492	0.00060986646	0	1
1326.9300903756516	39965.508	24.344873	0.9543095327586603	0.00060914713	0	1
1326.9314792570522	39946.43	24.334923	0.9536668290543782	0.0006091889	0	1
1326.9328681379866	39938.35	24.34345	0.9533222700425941	0.00060952565	0	1
1326.9342570193871	40019.91	24.360266	0.9551525244446214	0.00060870365	0	1
1326.9356459003225	39938.156	24.337425	0.9531204112983764	0.0006093778	0	1
1326.937034781723	39980.734	24.34505	0.9540909795031379	0.00060891954	0	1
1326.9384236626574	40008.51	24.352047	0.9547437073308777	0.00060867163	0	1
1326.9398125435928	40019.047	24.350773	0.9550204023279181	0.0006084796	0	1
1326.9412014249924	39935.44	24.329975	0.9530858087145453	0.00060923264	0	1
1326.9425903059273	39987.035	24.345367	0.9544131521762854	0.0006088315	0	1
1326.9439791873283	39952.293	24.332094	0.9537151745201051	0.00060902874	0	1
1326.9453680682623	39997.367	24.340893	0.9549578768914075	0.0006085624	0	1
1326.9467569496628	39954.156	24.333622	0.9541279831366083	0.0006090386	0	1
1326.9481458305982	39938.758	24.325686	0.9539971717854563	0.00060907466	0	1
1326.9495347119978	40013.168	24.344036	0.9560471495789404	0.0006084006	0	1
1326.9509235929327	39976.188	24.335312	0.9554710412592388	0.0006087452	0	1
1326.952312473868	39910.684	24.316793	0.9542474514821364	0.0006092803	0	1
1326.953701355269	39970.043	24.33183	0.9560442842249299	0.0006087516	0	1
1326.9550902362037	39924.03	24.32064	0.9553558221485015	0.000609173	0	1
1326.9564791176035	39965.336	24.328976	0.9567916665523764	0.00060875196	0	1
1326.9578679985389	39932.832	24.3153	0.9564954323652831	0.000608905	0	1
1326.959256879939	39933.574	24.322155	0.957029921148921	0.0006090653	0	1
1326.9606457608731	39888.117	24.299978	0.9564913080568513	0.0006092034	0	1
1326.9620346418087	39926.59	24.315094	0.957999804498358	0.00060899503	0	1
1326.9634235232088	39899.145	24.311481	0.9579613500742726	0.0006093234	0	1
1326.9648124041437	39947.633	24.322643	0.9597808404221324	0.0006088632	0	1
1326.9662012855447	39852.36	24.286127	0.9581798648175434	0.0006094025	0	1
1326.9675901664793	39899.418	24.299387	0.9600344468212345	0.0006090161	0	1
1326.968979047414	39869.133	24.28748	0.9600624830012576	0.00060918	0	1
1326.9703679288145	39860.3	24.29583	0.9606404153038794	0.0006095245	0	1
1326.971756809749	39898.277	24.301748	0.9623809892122758	0.00060909265	0	1
1326.9731456911495	39801.504	24.275703	0.9609038381158059	0.00060991925	0	1
1326.9745345720844	39841.77	24.287785	0.9627676203798972	0.0006096061	0	1
1326.9759234530197	39837.543	24.287859	0.9635906422231014	0.0006096726	0	1
1326.9773123344198	39858.008	24.288755	0.9650447483650291	0.00060938206	0	1
1326.9787012153538	39847.87	24.285734	0.965791509874401	0.0006094613	0	1
1326.980090096755	39812.97	24.273176	0.9659700782547218	0.00060968014	0	1
1326.9814789776897	39777.87	24.26766	0.9661751098283666	0.0006100794	0	1
1326.9828678586236	39728.99	24.247976	0.9660758984267286	0.0006103346	0	1
1326.9842567400246	39761.164	24.257313	0.9679799990366502	0.00061007554	0	1
1326.9856456209602	39820.72	24.27018	0.9705858116113855	0.00060948625	0	1
1326.9870345018949	39742.41	24.250578	0.969863178685536	0.00061019394	0	1
1326.9884233832954	39803.52	24.266924	0.9725745971295522	0.0006096678	0	1
1326.9898122642298	39698.965	24.242815	0.9712687706655875	0.0006106662	0	1
1326.9912011451647	39721.348	24.248203	0.9730978175594514	0.00061045773	0	1
1326.992590026565	39683.832	24.236454	0.9734905870420881	0.00061073876	0	1
1326.9939789074997	39732.137	24.244572	0.9760204387702016	0.0006102006	0	1
1326.9953677889002	39691.207	24.234106	0.9763897186443222	0.0006105661	0	1
1326.9967566698347	39663.824	24.226759	0.9771208737161657	0.0006108024	0	1
1326.9981455507702	39632.777	24.218716	0.9777904503429884	0.00061107794	0	1
1326.9995344321715	39622.25	24.21752	0.9789952916521347	0.0006112101	0	1
1327.0009233131054	39604.242	24.200512	0.9800445326865355	0.00061105855	0	1
1327.0023121940399	39658.3	24.231667	0.982908574488407	0.00061101123	0	1
1327.0037010754409	39615.387	24.209259	0.9833994459133308	0.0006111075	0	1
1327.005089956375	39669.97	24.225779	0.9863405874619422	0.00061068306	0	1
1327.0064788373097	39563.004	24.197672	0.9852922500721094	0.00061162375	0	1
1327.0078677187107	39614.09	24.208748	0.9882068264506968	0.0006111146	0	1
1327.0092565996456	39567.547	24.196445	0.9887148761818199	0.0006115225	0	1
1327.01064548058	39588.203	24.20216	0.9909294601349412	0.0006113478	0	1
1327.0120343619806	39544.97	24.19295	0.9915719597655629	0.00061178324	0	1
1327.0134232429155	39486.426	24.174442	0.9918539451500465	0.0006122216	0	1
1327.0148121238499	39498.023	24.181551	0.9939231799270234	0.0006122218	0	1
1327.0162010052504	39437.85	24.162321	0.9942113443621079	0.0006126683	0	1
1327.0175898861858	39503.79	24.17927	0.9977057641575341	0.0006120747	0	1
1327.0189787671206	39459.242	24.166388	0.9984372466190627	0.00061243924	0	1
1327.0203676485203	39445.414	24.1663	0.9999693588503504	0.0006126517	0	1
1327.0217565294556	39432.004	24.160587	1.0015364967527003	0.0006127152	0	1
1327.02314541039	39452.02	24.16578	1.0039783105824873	0.0006125359	0	1
1327.024534291325	39438.316	24.1641	1.0055873388375107	0.0006127062	0	1
1327.025923172726	39375.797	24.145657	1.0059724287193679	0.0006132106	0	1
1327.02731205366	39320.56	24.1286	1.0065617364837436	0.00061363826	0	1
1327.0287009345948	39357.56	24.14313	1.009535038084237	0.0006134306	0	1
1327.0300898159958	39334.57	24.125494	1.0109936303429519	0.0006133407	0	1
1327.0314786969307	39385.934	24.148146	1.0143875983753954	0.000613116	0	1
1327.032867577865	39281.742	24.118828	1.0137948400409553	0.0006139959	0	1
1327.0342564588	39322.38	24.128304	1.016958409166071	0.00061360234	0	1
1327.035645340201	39332.625	24.132315	1.019360229723513	0.0006135445	0	1
1327.0370342211356	39266.34	24.116072	1.0197965520861378	0.00061416655	0	1
1327.0384231020698	39311.492	24.121618	1.0231463804689207	0.0006136022	0	1
1327.0398119834708	39231.914	24.106255	1.0232679332766181	0.0006144552	0	1
1327.0412008644053	39249.52	24.106989	1.025940254583624	0.00061419833	0	1
1327.0425897453392	39198.53	24.09088	1.0268366104977928	0.0006145863	0	1
1327.0439786262748	39217.297	24.102755	1.029576743969714	0.000614595	0	1
1327.045367507675	39222.805	24.10348	1.031988010036007	0.00061452715	0	1
1327.04675638861	39195.01	24.098267	1.0335390330139709	0.00061482994	0	1
1327.0481452695453	39157.01	24.081104	1.034833698002023	0.0006149883	0	1
1327.04953415048	39101.652	24.067537	1.0356801260258583	0.000615512	0	1
1327.0509230318803	39185.3	24.093206	1.040225544276318	0.00061485317	0	1
1327.0523119128152	39118.61	24.07231	1.0407957941077803	0.0006153672	0	1
1327.0537007937496	39077.88	24.064457	1.042064485402852	0.00061580766	0	1
1327.0550896746845	39058.68	24.054815	1.0439172274688486	0.0006158635	0	1
1327.0564785560848	39052.043	24.056719	1.0461170029674283	0.0006160169	0	1
1327.0578674370204	39073.81	24.061348	1.0490907117364223	0.00061579223	0	1
1327.0592563179548	38976.93	24.032488	1.0488858103427923	0.0006165824	0	1
1327.0606451988888	39029.59	24.050385	1.0527131372974559	0.000616209	0	1
1327.06203408029	39016.914	24.041395	1.0547907567070325	0.0006161788	0	1
1327.0634229612256	39006.34	24.045898	1.0569330988743841	0.0006164613	0	1
1327.066200723094	38947.516	24.030304	1.0602133292781164	0.00061699195	0	1
1327.067589604495	38973.754	24.040657	1.0633773336834964	0.00061684224	0	1
1327.0689784854299	38922.95	24.021776	1.064444041180528	0.00061716227	0	1
1327.0703673663647	38891.523	24.019867	1.0660410647814003	0.00061761186	0	1
1327.0717562472992	38912.164	24.022818	1.0690693205673607	0.0006173601	0	1
1327.073145128234	38950.95	24.030615	1.072603773575515	0.00061694556	0	1
1327.0745340096344	38882.79	24.010378	1.0731944885583955	0.00061750656	0	1
1327.075922890569	38864.19	24.009958	1.075149932970726	0.00061779126	0	1
1327.0773117715044	38816.62	24.001425	1.0763010939471478	0.0006183285	0	1
1327.0787006524392	38850.66	24.006922	1.0797148194729074	0.0006179283	0	1
1327.0800895333732	38786.477	23.986996	1.0803965879470965	0.0006184371	0	1
1327.0814784147742	38806.992	23.99143	1.0834337048332339	0.00061822444	0	1
1327.082867295709	38753.883	23.9835	1.0844111916689352	0.000618867	0	1
1327.0842561766435	38814.938	23.997782	1.0885807617914895	0.0006182615	0	1
1327.0856450575789	38805.105	23.993557	1.0907616641361741	0.0006183093	0	1
1327.0870339385128	38765.445	23.98487	1.092096219779192	0.0006187178	0	1
1327.0884228199134	38740.254	23.979757	1.0938285832661503	0.0006189881	0	1
1327.0898117008487	38739.844	23.979921	1.0962523849047159	0.0006189989	0	1
1327.0912005817827	38724.33	23.965374	1.0982401471507506	0.00061887124	0	1
1327.0925894627176	38697.613	23.968634	1.0998991134355767	0.0006193827	0	1
1327.093978343653	38605.71	23.942833	1.099688380659759	0.0006201889	0	1
1327.0953672245882	38558.582	23.9257	1.100733950682114	0.0006205026	0	1
1327.0967561059888	38441.184	23.895025	1.099751980782845	0.0006215996	0	1
1327.0981449869228	38439.438	23.895117	1.1020589910037224	0.0006216302	0	1
1327.099533867858	38270.2	23.84611	1.099540254596336	0.00062309863	0	1
1327.100922748793	38196.49	23.825718	1.099737084830995	0.00062376726	0	1
1327.102311629727	37978.562	23.763052	1.0957489568777796	0.00062569644	0	1
1327.1037005106623	37896.16	23.751026	1.0956367793569273	0.00062673964	0	1
1327.1050893920624	37720.105	23.703337	1.092784551131384	0.0006284006	0	1
1327.1064782729973	37565.05	23.65652	1.0905031903114413	0.00062974816	0	1
1327.1078671539326	37349.883	23.597267	1.0864362193935135	0.0006317896	0	1
1327.1092560348675	37251.047	23.56918	1.085715126437898	0.00063271186	0	1
1327.1120337967368	36874.52	23.469158	1.0789427735982395	0.00063646	0	1
1327.1148115590718	36509.848	23.363377	1.0723442411718331	0.00063991983	0	1
1327.1162004400067	36301.1	23.308584	1.0682018869803789	0.0006420903	0	1
1327.117589320942	36039.258	23.237394	1.0624466028924264	0.00064478006	0	1
1327.1189782018766	35807.43	23.164896	1.0575240210521415	0.0006469299	0	1
1327.1203670828108	35611.957	23.11734	1.0536260968514444	0.00064914546	0	1
1327.1217559637462	35381.45	23.049845	1.0486422055235225	0.00065146695	0	1
1327.1231448446806	35149.562	22.985983	1.043565754357549	0.00065394794	0	1
1327.1245337256146	34915.55	22.919495	1.0383740066773113	0.00065642653	0	1
1327.1259226070158	34630.918	22.835068	1.0316216895904142	0.00065938383	0	1
1327.1287003688858	34069.94	22.676188	1.0181912566743656	0.00066557754	0	1
1327.1300892498207	33865.363	22.614569	1.013661844719723	0.0006677787	0	1
1327.1314781307553	33571.902	22.535378	1.0064172377819935	0.0006712571	0	1
1327.13286701169	33362.56	22.468117	1.0016391981744568	0.00067345303	0	1
1327.1342558926249	33112.79	22.401693	0.9955942739888027	0.0006765269	0	1
1327.1356447735593	32805.117	22.308252	0.9877509060672645	0.0006800236	0	1
1327.1370336544942	32512.31	22.22271	0.9802958887830305	0.0006835168	0	1
1327.1384225354288	32281.121	22.15357	0.9746428259519668	0.0006862702	0	1
1327.1412002977654	31707.451	21.98275	0.9598080331283274	0.00069329917	0	1
1327.1425891786994	31418.148	21.903915	0.9522298346677387	0.000697174	0	1
1327.143978059634	31102.98	21.808018	0.9438096642915313	0.0007011552	0	1
1327.1453669405696	30817.314	21.721384	0.9362272092848233	0.0007048435	0	1
1327.1467558215036	30573.004	21.64972	0.9298464993588125	0.0007081319	0	1
1327.148144702438	30250.45	21.554293	0.9210306201100977	0.000712528	0	1
1327.1495335833733	30010.287	21.48206	0.9146684330862659	0.0007158232	0	1
1327.1509224643075	29686.895	21.378899	0.9057151292203429	0.000720146	0	1
1327.1523113452422	29373.496	21.285294	0.8970107092265331	0.0007246428	0	1
1327.1550891071124	28878.928	21.134058	0.883482747883579	0.0007318159	0	1
1327.1564779880468	28607.521	21.049053	0.8759045644282609	0.0007357874	0	1
1327.1578668689817	28370.242	20.974197	0.8693212434186391	0.0007393027	0	1
1327.163422393187	27363.139	20.662746	0.8407260839969665	0.0007551307	0	1
1327.1662001550562	26942.371	20.528343	0.8286926638900467	0.0007619353	0	1
1327.1731445597306	25984.877	20.223604	0.80076391854452	0.00077828363	0	1
1327.174533440665	25913.613	20.19932	0.7987613567647531	0.0007794868	0	1
1327.1759223216	25816.908	20.165462	0.795733234928979	0.0007810952	0	1
1327.1773112025353	25697.912	20.127134	0.7920184561847194	0.00078322063	0	1
1327.1787000834702	25616.28	20.101345	0.789455599555225	0.00078470976	0	1
1327.1800889644041	25551.396	20.076517	0.787409226834693	0.0007857307	0	1
1327.1814778453395	25571.217	20.08996	0.7879732113367159	0.0007856474	0	1
1327.1828667262741	25567.393	20.080864	0.7878085694310085	0.0007854091	0	1
1327.1842556072083	25528.383	20.069939	0.786559838534085	0.00078618136	0	1
1327.1856444881437	25561.613	20.073524	0.7875369313170548	0.0007852996	0	1
1327.187033369078	25634.607	20.10479	0.7897389285414899	0.0007842831	0	1
1327.188422250013	25688.818	20.125402	0.7913620345050639	0.00078343047	0	1
1327.1898111309483	25781.426	20.138334	0.7941677080412649	0.00078111794	0	1
1327.1912000118832	25913.166	20.195946	0.7981784188986727	0.0007793701	0	1
1327.1925888928176	26037.098	20.230309	0.8017071300259382	0.0007769802	0	1
1327.1939777737525	26153.893	20.261292	0.8049767503004225	0.0007746951	0	1
1327.1953666546872	26388.15	20.340483	0.8118205146630105	0.0007708188	0	1
1327.1967555356218	26542.406	20.39152	0.8161608707863881	0.0007682619	0	1
1327.1981444165567	26691.377	20.444147	0.820297337692612	0.00076594576	0	1
1327.199533297492	26931.885	20.515589	0.8272036993210519	0.00076175836	0	1
1327.2009221784265	27106.586	20.556376	0.8320446086570449	0.00075835356	0	1
1327.2036999402962	27567.977	20.711008	0.845028498915326	0.0007512705	0	1
1327.2050888212316	27884.373	20.809952	0.8540754522077757	0.0007462944	0	1
1327.2064777021656	28104.385	20.886051	0.8601210280509376	0.0007431599	0	1
1327.2078665831002	28360.344	20.954576	0.8672184317936791	0.0007388689	0	1
1327.2092554640358	28666.678	21.050657	0.8758050976391718	0.000734325	0	1
1327.2106443449698	28917.916	21.129292	0.8826569359216475	0.0007306644	0	1
1327.2120332259042	29156.135	21.207682	0.8890612225653279	0.0007273832	0	1
1327.2134221068395	29408.428	21.281263	0.895844070515951	0.00072364503	0	1
1327.2148109873087	29691.191	21.365885	0.9035027193672771	0.0007196035	0	1
1327.2161998682436	30010.166	21.459019	0.9122082403482704	0.0007150583	0	1
1327.217588749178	30232.19	21.524298	0.9179133652184751	0.00071196625	0	1
1327.2189776301134	30548.205	21.62825	0.9264185817868942	0.00070800394	0	1
1327.2203665110483	30838.219	21.712738	0.9340787813186283	0.00070408534	0	1
1327.2217553919822	31138.092	21.805298	0.9419813576329058	0.0007002773	0	1
1327.2231442729176	31429.78	21.891222	0.9495796658730695	0.0006965121	0	1
1327.2245331538525	31701.645	21.962938	0.9565232816349817	0.0006928012	0	1
1327.225922034787	32012.426	22.059837	0.9645842937232021	0.00068910234	0	1
1327.2273109157225	32243.082	22.123066	0.9701757752219191	0.00068613375	0	1
1327.2286997966567	32536.736	22.207474	0.9776081992925791	0.0006825354	0	1
1327.230088677591	32870.742	22.305708	0.9861938486353643	0.0006785885	0	1
1327.2314775585264	33106.785	22.37658	0.9917836821971653	0.00067589106	0	1
1327.2328664394604	33367.69	22.450537	0.998064927198958	0.0006728226	0	1
1327.2342553199296	33583.484	22.518711	1.0029444405234513	0.0006705293	0	1
1327.235644200865	33889.184	22.60129	1.0104546051790397	0.0006669175	0	1
1327.2370330818003	34153.523	22.681896	1.0166750809847709	0.0006641158	0	1
1327.2384219627352	34397.957	22.744123	1.0222496283273779	0.0006612057	0	1
1327.2398108436691	34675.336	22.825857	1.0287494613509194	0.0006582736	0	1
1327.2425886055394	35220.22	22.979183	1.0412917770936865	0.0006524429	0	1
1327.2439774864733	35405.895	23.035187	1.0449208573737783	0.00065060315	0	1
1327.2453663674087	35607.625	23.093214	1.048978292493302	0.0006485469	0	1
1327.246755247878	35830.434	23.150885	1.0536097314469588	0.0006461235	0	1
1327.2481441288123	36051.37	23.213537	1.058138662178364	0.00064390164	0	1
1327.2495330097477	36305.4	23.284838	1.0635901019954945	0.0006413602	0	1
1327.2509218906825	36442.2	23.326046	1.0655638152528508	0.0006400834	0	1
1327.2523107716172	36722.68	23.400026	1.0716942738136321	0.0006372091	0	1
1327.2536996525519	36938.17	23.464891	1.0758798841362294	0.0006352478	0	1
1327.2550885334867	37075.305	23.4913	1.07774367019807	0.00063361047	0	1
1327.2564774144212	37312.62	23.558805	1.0824796129488485	0.00063138973	0	1
1327.2578662948904	37418.543	23.58431	1.083366112435663	0.000630284	0	1
1327.2592551758257	37659.887	23.65428	1.0881363488697655	0.0006281028	0	1
1327.2606440567606	37698.27	23.65356	1.0870099669526145	0.0006274442	0	1
1327.2620329376946	37884.605	23.710552	1.0901214629136222	0.00062586245	0	1
1327.26342181863	37993.89	23.748045	1.0909841708818093	0.00062504906	0	1
1327.2648106995646	38163.707	23.795555	1.0935551380331516	0.00062351266	0	1
1327.2661995804988	38290.055	23.821339	1.0948504547990952	0.0006221286	0	1
1327.2675884609685	38416.45	23.858244	1.096120495265539	0.0006210424	0	1
1327.2689773419038	38475.64	23.86625	1.09545140305566	0.00062029506	0	1
1327.271755103773	38664.637	23.917706	1.0960659242153183	0.0006185938	0	1
1327.273143984708	38714.957	23.933765	1.0950942917947462	0.00061820465	0	1
1327.2745328656424	38730.32	23.936365	1.0931231764447673	0.00061802653	0	1
1327.2759217461116	38730.69	23.939009	1.0907222523375033	0.0006180889	0	1
1327.2773106270463	38726.777	23.93184	1.088196092303414	0.00061796623	0	1
1327.278699507981	38750.465	23.934593	1.0864404076236323	0.00061765953	0	1
1327.2800883889158	38841.11	23.967459	1.0865453643594156	0.00061706424	0	1
1327.2814772698503	38752.332	23.935816	1.0816418902424079	0.0006176613	0	1
1327.2828661507858	38860.5	23.96809	1.0822265564750595	0.00061677257	0	1
1327.2842550312548	38807.99	23.950493	1.0783326057443021	0.0006171537	0	1
1327.2856439121897	38828.676	23.958323	1.076475080436139	0.0006170265	0	1
1327.287032793125	38855.61	23.969027	1.0747890722469444	0.0006168743	0	1
1327.288421674059	38804.266	23.951366	1.0709415176316754	0.0006172354	0	1
1327.2898105549937	38907.543	23.976055	1.0713610211235605	0.0006162315	0	1
1327.2911994354636	38878.617	23.975782	1.0681393182733472	0.000616683	0	1
1327.2925883163975	38912.305	23.975716	1.0666421276430116	0.0006161474	0	1
1327.293977197332	38888.484	23.969734	1.0635733222727504	0.000616371	0	1
1327.2953660782673	38929.31	23.980526	1.0622775915018765	0.00061600184	0	1
1327.2967549592022	38928.28	23.977938	1.059844281569084	0.0006159516	0	1
1327.2981438396714	38959.73	23.98795	1.05830094143014	0.0006157114	0	1
1327.2995327206058	38952.258	23.982424	1.0557072381088717	0.00061568763	0	1
1327.3009216015412	39023.09	24.002369	1.055241029199999	0.0006150812	0	1
1327.302310482476	39005.074	24.0026	1.0523788473851565	0.0006153712	0	1
1327.3036993629444	39048.938	24.011232	1.051195152288407	0.000614901	0	1
1327.3050882438797	39011.336	24.00172	1.0478292510099614	0.0006152499	0	1
1327.3064771248146	39055.773	24.011208	1.0466783591428044	0.0006147928	0	1
1327.307866005749	39060.08	24.008114	1.0444615404612512	0.00061464583	0	1
1327.3092548866846	39106.914	24.025549	1.043392148562389	0.00061435555	0	1
1327.3106437671531	39111.285	24.027542	1.0412005656408276	0.00061433786	0	1
1327.3120326480876	39077.363	24.014719	1.0380057465622914	0.000614543	0	1
1327.313421529023	39153.344	24.039791	1.0377428484869826	0.00061399076	0	1
1327.3148104099578	39137.953	24.03694	1.0350703229142169	0.00061415933	0	1
1327.316199290427	39149.754	24.034327	1.0331333675726682	0.00061390747	0	1
1327.3175881713614	39194.51	24.050112	1.0320796978061246	0.00061360915	0	1
1327.3189770522968	39188.96	24.047636	1.0297164289150007	0.0006136329	0	1
1327.3203659332316	39225.465	24.058886	1.0284743568139183	0.0006133486	0	1
1327.3217548137	39199.957	24.049334	1.0256241980995153	0.0006135041	0	1
1327.3231436946353	39247.277	24.062088	1.0246972821181541	0.00061308936	0	1
1327.3245325755702	39209.246	24.045755	1.0215609054870631	0.0006132675	0	1
1327.3259214560385	39243.336	24.058271	1.0203237772147589	0.0006130537	0	1
1327.3273103369738	39286.348	24.071325	1.0193349264977511	0.0006127148	0	1
1327.3286992179092	39313.82	24.082592	1.0179600833635198	0.0006125732	0	1
1327.330088098844	39332.445	24.086561	1.0163751346457794	0.000612384	0	1
1327.3314769793128	39346.992	24.087326	1.0147049519147546	0.0006121771	0	1
1327.3370325025862	39411.04	24.102367	1.0083867619827165	0.00061156385	0	1
1327.3384213835207	39392.305	24.093864	1.0059748484169402	0.0006116389	0	1
1327.3398102644555	39393.723	24.102455	1.0041027785613046	0.0006118349	0	1
1327.3411991449245	39437.484	24.109709	1.0033325696313862	0.0006113399	0	1
1327.343976906794	39461.25	24.11884	1.0002393548406634	0.00061120314	0	1
1327.3453657872637	39411.938	24.101753	0.9971813084504656	0.00061153434	0	1
1327.346754668199	39481.08	24.116146	0.9971455506391145	0.00061082793	0	1
1327.348143549133	39471.29	24.119463	0.9951401075417646	0.0006110635	0	1
1327.349532430068	39483.242	24.12622	0.993709513688862	0.00061104965	0	1
1327.3509213105376	39517.184	24.128908	0.9928574165069488	0.00061059283	0	1
1327.3523101914716	39627.457	24.156485	0.993955466042837	0.00060958957	0	1
1327.3536990724062	39582.582	24.151108	0.9911648490886007	0.0006101448	0	1
1327.3550879528761	39525.26	24.125696	0.9881059073963353	0.0006103868	0	1
1327.3564768338106	39687.277	24.173365	0.9905660226073486	0.0006090961	0	1
1327.3578657147455	39608.55	24.155487	0.9870191270407594	0.00060985534	0	1
1327.3592545952145	39605.055	24.156878	0.9853907347125804	0.0006099443	0	1
1327.36064347615	39593.195	24.151339	0.9835838817688257	0.0006099871	0	1
1327.3620323570844	39640.023	24.160381	0.9832629145186021	0.00060949463	0	1
1327.364810118488	39667.668	24.164387	0.981066825439382	0.0006091708	0	1
1327.366198999423	39694.824	24.181871	0.9803414415438737	0.00060919457	0	1
1327.3675878798922	39696.547	24.172068	0.9790170993264196	0.00060892117	0	1
1327.3689767608275	39724.47	24.182783	0.978368282040968	0.0006087629	0	1
1327.3703656412958	39717.0	24.176453	0.9768777364439817	0.000608718	0	1
1327.3717545222305	39766.418	24.19926	0.9768158047962683	0.0006085351	0	1
1327.373143403166	39733.83	24.190693	0.9747698673324567	0.0006088186	0	1
1327.3745322836348	39770.484	24.197367	0.9744537411712034	0.00060842524	0	1
1327.3759211645697	39789.86	24.203844	0.9737438153346982	0.00060829177	0	1
1327.3773100455041	39748.184	24.18732	0.9715719697020138	0.0006085139	0	1
1327.378698925974	39791.145	24.204182	0.9715005229745529	0.0006082806	0	1
1327.3800878069087	39876.277	24.226274	0.9724869493903993	0.000607536	0	1
1327.3814766878427	39832.406	24.210096	0.9703581110989989	0.000607799	0	1
1327.3828655683124	39816.777	24.207563	0.9689509458994123	0.00060797395	0	1
1327.3842544492472	39839.547	24.215586	0.9685102600483305	0.00060782785	0	1
1327.3856433297155	39835.88	24.21469	0.9674587424650302	0.0006078613	0	1
1327.387032210651	39825.316	24.214445	0.9662725830362833	0.0006080164	0	1
1327.3884210915858	39917.008	24.233644	0.967598135855685	0.0006071007	0	1
1327.3898099720545	39888.703	24.23104	0.9660462526500996	0.0006074662	0	1
1327.39119885299	39823.652	24.212364	0.9636392333281597	0.00060798955	0	1
1327.392587733459	39862.63	24.2217	0.9637828808897039	0.0006076293	0	1
1327.393976614394	39927.39	24.239624	0.9645809204298554	0.00060709263	0	1
1327.3953654953284	39896.5	24.230446	0.963100614943333	0.0006073326	0	1
1327.3967543757976	39903.91	24.231611	0.9625785224509904	0.00060724904	0	1
1327.3981432567323	39897.934	24.233389	0.9617667589572678	0.00060738454	0	1
1327.3995321372013	39889.062	24.224174	0.9609188106015358	0.0006072886	0	1
1327.4009210181362	39940.633	24.241825	0.9615596577473102	0.0006069465	0	1
1327.402309898605	39923.418	24.236359	0.9605775096768444	0.0006070712	0	1
1327.4036987795398	39947.355	24.240877	0.9606189991375279	0.00060682057	0	1
1327.4050876604751	40004.434	24.260342	0.9614900342709608	0.00060644135	0	1
1327.4064765409448	39971.418	24.252483	0.960229120496427	0.00060674566	0	1
1327.4078654218788	39969.973	24.255304	0.9597607868903306	0.00060683815	0	1
1327.409254302348	39943.117	24.24438	0.9587164007934482	0.00060697267	0	1
1327.4106431832834	39941.64	24.245577	0.9583152744072819	0.00060702505	0	1
1327.4120320637517	39971.47	24.248371	0.9586988727263035	0.000606642	0	1
1327.4134209446865	40011.453	24.261238	0.9593594471102465	0.00060635735	0	1
1327.414809825622	39972.68	24.255014	0.9581655875421595	0.0006067898	0	1
1327.4161987060909	39945.02	24.245132	0.9572725224819019	0.0006069626	0	1
1327.4175875870255	39983.31	24.254873	0.9579938733352058	0.000606625	0	1
1327.4189764674948	39952.523	24.245747	0.957094194125569	0.00060686393	0	1
1327.4203653484292	40019.984	24.26414	0.9585820169180232	0.00060630054	0	1
1327.4217542288984	39966.63	24.253792	0.9572099852009023	0.00060685107	0	1
1327.423143109833	40004.598	24.263668	0.9580593233108788	0.00060652196	0	1
1327.424531990303	39949.133	24.24909	0.9567051279806018	0.00060699915	0	1
1327.4259208712374	39953.69	24.245941	0.9568224744932249	0.00060685107	0	1
1327.4273097517066	39986.902	24.257128	0.9576600932688816	0.00060662685	0	1
1327.428698632642	39989.453	24.259586	0.9577975469665768	0.0006066496	0	1
1327.430087513576	40098.266	24.287527	0.9605485998271979	0.0006057002	0	1
1327.4328652749805	40021.598	24.26843	0.9590013198511123	0.0006063834	0	1
1327.4342541554488	39984.25	24.253147	0.9583189654322749	0.00060656754	0	1
1327.4370319168534	39969.844	24.247839	0.958500643893606	0.00060665334	0	1
1327.4384207977887	40015.68	24.266047	0.9599145850734062	0.00060641346	0	1
1327.4398096782575	40004.51	24.26259	0.959995302049038	0.00060649635	0	1
1327.4411985591914	39933.4	24.25498	0.9586706266116304	0.0006073858	0	1
1327.4425874396613	39923.906	24.242378	0.958858296574851	0.0006072146	0	1
1327.443976320596	40010.9	24.271809	0.9613978775313072	0.00060662994	0	1
1327.4453652010643	39980.99	24.263239	0.9611628766229225	0.0006068694	0	1
1327.4467540819996	39953.535	24.253117	0.9610199280194123	0.0006070331	0	1
1327.4481429624689	39944.414	24.248974	0.9613510694973495	0.00060706795	0	1
1327.4495318434037	39945.734	24.25509	0.9619669566276402	0.000607201	0	1
1327.4509207238734	39962.957	24.260786	0.9629995813116722	0.00060708186	0	1
1327.4523096048079	39946.996	24.251377	0.9632660189778127	0.0006070889	0	1
1327.453698485277	39985.4	24.263603	0.9648771061549463	0.0006068116	0	1
1327.455087365746	39968.496	24.25781	0.9651873187292604	0.00060692325	0	1
1327.4564762466807	39936.78	24.25026	0.9651721492690748	0.00060721615	0	1
1327.45786512715	39918.016	24.246721	0.9655020751789949	0.000607413	0	1
1327.4592540080844	39919.215	24.248451	0.9663475556413439	0.0006074381	0	1
1327.4606428885543	39891.277	24.24385	0.9665200503643885	0.00060774817	0	1
1327.462031769489	39939.79	24.25231	0.9685780935075492	0.0006072218	0	1
1327.4634206499572	39881.863	24.239622	0.9680874003882599	0.0006077856	0	1
1327.4648095308926	39874.94	24.238325	0.9688658543285107	0.0006078586	0	1
1327.4661984113618	39887.156	24.236996	0.9701418785550168	0.0006076391	0	1
1327.4675872922958	39855.867	24.232061	0.9703916516656773	0.00060799235	0	1
1327.4689761727655	39883.76	24.238031	0.9721145384593166	0.0006077168	0	1
1327.4703650532351	39957.51	24.259468	0.9750046954318479	0.0006071316	0	1
1327.471753934169	39832.39	24.220318	0.9730432338542577	0.00060805585	0	1
1327.4731428146383	39847.203	24.231823	0.9745436507118409	0.00060811854	0	1
1327.4745316955737	39784.605	24.211893	0.9741810852080709	0.0006085744	0	1
1327.4759205760429	39844.04	24.227654	0.9768380316410867	0.0006080622	0	1
1327.4773094569773	39785.54	24.21532	0.976634982318141	0.0006086463	0	1
1327.4786983374465	39783.406	24.216497	0.9778448652729326	0.0006087085	0	1
1327.4800872179155	39783.543	24.219023	0.9791414366843869	0.0006087699	0	1
1327.4814760988502	39782.26	24.211994	0.9804338660409042	0.0006086128	0	1
1327.4828649793194	39736.586	24.203062	0.980661206541837	0.0006090876	0	1
1327.4842538602547	39731.957	24.204094	0.9819302195392201	0.00060918456	0	1
1327.4856427407235	39814.934	24.220493	0.9854102339495148	0.00060832687	0	1
1327.4870316216584	39745.12	24.207214	0.9851133794074823	0.0006090613	0	1
1327.488420502128	39720.29	24.192936	0.9859706856982785	0.0006090826	0	1
1327.4898093825964	39658.72	24.182516	0.9859423546453527	0.0006097654	0	1
1327.4911982635313	39667.168	24.18481	0.987682046760271	0.0006096934	0	1
1327.492587144001	39691.336	24.192808	0.989843468379336	0.0006095237	0	1
1327.493976024935	39662.918	24.181751	0.990722136965271	0.0006096816	0	1
1327.4953649054041	39716.418	24.197807	0.9936766234739717	0.0006092646	0	1
1327.4967537858738	39646.49	24.18086	0.9935706364250183	0.0006099118	0	1
1327.4981426668091	39636.145	24.18138	0.9949826406715113	0.00061008404	0	1
1327.4995315472784	39603.08	24.165335	0.9958501667898134	0.0006101883	0	1
1327.5009204282123	39641.53	24.176935	0.9985438449040718	0.00060988904	0	1
1327.502309308682	39592.83	24.16464	0.9990688538535418	0.00061032875	0	1
1327.5036981891508	39577.082	24.16629	1.0004495149087922	0.00061061326	0	1
1327.505087070085	39544.918	24.156698	1.0014395562579759	0.00061086734	0	1
1327.506475950555	39537.223	24.15026	1.0030736639905564	0.0006108234	0	1
1327.5078648310237	39522.918	24.150465	1.0045649749909147	0.00061104965	0	1
1327.5092537119585	39516.824	24.150055	1.0062895964691494	0.0006111335	0	1
1327.5106425924282	39523.418	24.151909	1.008362555846511	0.00061107846	0	1
1327.5120314728965	39468.105	24.139196	1.00887859334709	0.00061161275	0	1
1327.5134203538314	39452.55	24.130049	1.0104319272348685	0.000611622	0	1
1327.514809234301	39447.855	24.128225	1.0122864799642997	0.0006116486	0	1
1327.5161981147698	39454.293	24.129995	1.014450523402494	0.00061159366	0	1
1327.5175869957047	39444.117	24.130678	1.0162105385919913	0.00061176874	0	1
1327.518975876174	39415.867	24.121426	1.0175258348026204	0.0006119725	0	1
1327.5203647571093	39441.406	24.12945	1.0202520667990957	0.00061177963	0	1
1327.521753637578	39355.38	24.10273	1.0201112110066044	0.000612438	0	1
1327.5231425180464	39358.582	24.11367	1.0223004650007284	0.00061266613	0	1
1327.524531398982	39332.562	24.10377	1.0237506067951951	0.0006128197	0	1
1327.525920279451	39240.984	24.08017	1.023514219268483	0.00061364844	0	1
1327.5273091599192	39354.285	24.110674	1.0286319064488885	0.0006126569	0	1
1327.5286980408546	39278.562	24.090826	1.0288362829370195	0.00061333267	0	1
1327.5300869213245	39279.86	24.089842	1.0310731323287334	0.0006132874	0	1
1327.531475801793	39213.527	24.070614	1.031549793726186	0.0006138344	0	1
1327.5328646822618	39251.613	24.08353	1.0347898544720828	0.0006135679	0	1
1327.5342535631971	39285.816	24.095892	1.0379529607822124	0.0006133484	0	1
1327.5356424436663	39212.473	24.073774	1.0382822440686974	0.00061393157	0	1
1327.5370313241353	39194.27	24.069376	1.0400864142825137	0.00061410444	0	1
1327.53842020507	39156.19	24.059242	1.041375845012223	0.00061444286	0	1
1327.5398090855392	39188.617	24.065527	1.044555421679279	0.00061409484	0	1
1327.541197966008	39144.65	24.060093	1.0457128449507556	0.0006146458	0	1
1327.5425868469429	39185.273	24.070023	1.0491441197085767	0.00061426195	0	1
1327.5439757274125	39104.402	24.044632	1.0493336199969985	0.00061488297	0	1
1327.5453646078818	39099.61	24.045052	1.0515723924992877	0.0006149691	0	1
1327.5467534883505	39080.016	24.04518	1.0534239205476041	0.0006152807	0	1
1327.5481423692859	39047.082	24.037304	1.0549243044936805	0.00061559794	0	1
1327.5495312497544	39079.734	24.043215	1.058207569960957	0.00061523484	0	1
1327.5509201302234	39035.547	24.026964	1.0594197399320175	0.000615515	0	1
1327.5523090111587	39025.965	24.029955	1.0615773867223364	0.00061574276	0	1
1327.553697891627	39044.43	24.035051	1.0645074196279256	0.0006155821	0	1
1327.5550867720963	38928.137	24.00401	1.063765505931999	0.0006166236	0	1
1327.556475652566	38980.305	24.021385	1.067630481781019	0.00061624416	0	1
1327.5578645335008	38950.156	24.012484	1.0692489939514083	0.0006164926	0	1
1327.5592534139696	38934.902	24.005377	1.0712795056621105	0.0006165516	0	1
1327.5606422944388	38905.74	23.995289	1.0729296954507934	0.00061675446	0	1
1327.5620311749085	38906.723	23.999752	1.075413966252297	0.0006168536	0	1
1327.5634200558434	38907.324	23.998337	1.077891407155836	0.00061680767	0	1
1327.5648089363117	38871.875	23.99126	1.0793707421909944	0.00061718817	0	1
1327.5661978167814	38898.785	24.000793	1.0825831417943466	0.00061700627	0	1
1327.5675866972501	38835.2	23.985088	1.0832758688137876	0.0006176121	0	1
1327.568975578185	38842.93	23.98499	1.0859547672246836	0.0006174866	0	1
1327.5703644586547	38847.7	23.98446	1.0885512373707804	0.0006173972	0	1
1327.571753339123	38778.91	23.968246	1.0890811761020225	0.00061807426	0	1
1327.5731422195922	38749.19	23.960583	1.0906999927535932	0.0006183505	0	1
1327.5745311005276	38748.152	23.96353	1.0931211165963788	0.0006184432	0	1
1327.5773088614656	38765.992	23.96387	1.0985148241901264	0.00061816734	0	1
1327.5786977419348	38745.293	23.956018	1.1003641124274368	0.00061829493	0	1
1327.5800866224045	38692.39	23.950464	1.1012876336465047	0.00061899674	0	1
1327.581475503339	38735.594	23.96297	1.1049384685793318	0.0006186292	0	1
1327.5828643838076	38681.652	23.950552	1.1058091645538088	0.00061917084	0	1
1327.5842532642773	38694.594	23.95033	1.1085799779200813	0.0006189581	0	1
1327.585642144746	38604.99	23.918306	1.1083978707984483	0.0006195652	0	1
1327.5870310252144	38626.895	23.936075	1.1114020269153648	0.0006196738	0	1
1327.58841990615	38505.56	23.898844	1.1102664923475123	0.00062065956	0	1
1327.5898087866199	38439.5	23.88347	1.110700322251038	0.00062132627	0	1
1327.5911976670886	38341.633	23.850893	1.110191125690219	0.00062206254	0	1
1327.5925865475579	38210.668	23.82105	1.1086948833263521	0.0006234136	0	1
1327.5939754280269	38129.707	23.796585	1.1086210065415594	0.0006240957	0	1
1327.5953643089615	38008.062	23.76046	1.1073354801711393	0.0006251426	0	1
1327.5967531894307	37859.71	23.72367	1.1052382971298458	0.0006266204	0	1
1327.5981420698995	37749.16	23.696795	1.1042109393919965	0.0006277436	0	1
1327.5995309503687	37499.26	23.623878	1.0990671745572826	0.0006299825	0	1
1327.600919830838	37395.816	23.60103	1.098175200020004	0.0006311142	0	1
1327.6023087117724	37229.598	23.549316	1.0954033208773968	0.0006325429	0	1
1327.6036975922416	37009.08	23.486744	1.0909899753762369	0.00063462113	0	1
1327.6050864727104	36798.402	23.43053	1.086819963973844	0.00063672685	0	1
1327.6064753531803	36585.125	23.372793	1.0825261412670169	0.00063886057	0	1
1327.6078642336502	36407.027	23.315828	1.0792275371505862	0.0006404211	0	1
1327.6092531141185	36223.67	23.272652	1.07572844493459	0.0006424708	0	1
1327.6106419945872	35914.97	23.175232	1.0684548790709985	0.0006452806	0	1
1327.6120308755228	35743.31	23.135412	1.065206440823013	0.0006472655	0	1
1327.6134197559913	35508.7	23.068354	1.0600336779576653	0.0006496536	0	1
1327.61480863646	35278.34	23.009468	1.0549360639422516	0.0006522265	0	1
1327.6161975169298	34988.734	22.916908	1.0480120444383412	0.0006549796	0	1
1327.617586397399	34782.496	22.86453	1.0435313000588498	0.0006573574	0	1
1327.618975277868	34488.027	22.775736	1.0363492889122738	0.0006603954	0	1
1327.620364158337	34251.42	22.709303	1.030850202063602	0.0006630178	0	1
1327.6217530392723	33916.637	22.614235	1.0223384803893334	0.0006667594	0	1
1327.6231419197416	33766.137	22.574335	1.0193276899901842	0.00066854956	0	1
1327.6245308002099	33386.117	22.462765	1.009332278077198	0.0006728175	0	1
1327.6259196806795	33124.305	22.386726	1.002849685554079	0.0006758399	0	1
1327.6273085611488	32927.98	22.331379	0.9982969819126365	0.0006781885	0	1
1327.6286974416175	32626.79	22.233877	0.9905105528783625	0.0006814608	0	1
1327.6300863220872	32308.494	22.15037	0.9821455923548652	0.0006855897	0	1
1327.6314752025557	32068.016	22.070942	0.976089548453015	0.0006882541	0	1
1327.6328640834904	31717.857	21.970013	0.9666375113636664	0.0006926701	0	1
1327.63425296396	31469.615	21.894241	0.9602339122675835	0.00069572637	0	1
1327.6356418444293	31133.527	21.798231	0.9510932495883437	0.00070015294	0	1
1327.637030724898	30851.896	21.718473	0.9435587543870857	0.0007039591	0	1
1327.6384196053673	30584.588	21.628092	0.9364076815234991	0.00070715655	0	1
1327.639808485837	30272.34	21.534393	0.9278255275969658	0.0007113554	0	1
1327.6411973663062	29921.664	21.43721	0.9180083045064966	0.00071644445	0	1
1327.6425862467745	29709.256	21.369448	0.9123795522200461	0.00071928586	0	1
1327.6439751272442	29397.553	21.267195	0.9036495434056927	0.0007234342	0	1
1327.6453640077134	29089.64	21.17905	0.894982017945406	0.0007280616	0	1
1327.6467528881817	28806.79	21.090488	0.8870329502978312	0.000732136	0	1
1327.648141769117	28540.678	21.010525	0.879548558293931	0.00073616067	0	1
1327.6495306495858	28244.57	20.918394	0.8710893303720182	0.00074061647	0	1
1327.650919530055	27932.857	20.817682	0.8620980697195834	0.0007452758	0	1
1327.6523084105247	27681.04	20.740215	0.8549063692369377	0.0007492571	0	1
1327.653697290994	27438.771	20.66161	0.8479628569676061	0.00075300783	0	1
1327.6550861714627	27204.371	20.588022	0.8412167048111138	0.000756791	0	1
1327.656475051932	26963.36	20.514452	0.8342210612243964	0.000760827	0	1
1327.6578639324011	26711.83	20.432673	0.826855398401809	0.0007649297	0	1
1327.65925281287	26472.68	20.351093	0.8198291000018552	0.00076875836	0	1
1327.6606416933391	26223.773	20.27887	0.8124576959844414	0.000773301	0	1
1327.662030573808	26033.54	20.215946	0.8068624474078574	0.00077653467	0	1
1327.6634194542771	25881.55	20.170218	0.8024127330200062	0.000779328	0	1
1327.6648083347463	25636.611	20.088778	0.7950415173442585	0.00078359724	0	1
1327.666197215216	25501.668	20.040928	0.7910425553056205	0.00078586733	0	1
1327.668974976154	25252.379	19.959764	0.7831812899835909	0.00079041126	0	1
1327.670363856623	25122.14	19.92102	0.7790781532836228	0.0007929667	0	1
1327.671752737093	25089.82	19.912123	0.7780120349201636	0.0007936335	0	1
1327.6731416175612	25058.268	19.895063	0.7769698913492616	0.0007939521	0	1
1327.67453049803	24985.316	19.869686	0.7746444021114027	0.00079525454	0	1
1327.6759193784999	24976.795	19.87298	0.7743167075710856	0.00079565775	0	1
1327.6773082589689	24973.34	19.869396	0.7741461197963241	0.00079562434	0	1
1327.678697139438	25026.049	19.884464	0.7757164415425558	0.0007945507	0	1
1327.6800860199069	25059.232	19.89674	0.7766813393953524	0.0007939884	0	1
1327.6814749003768	25164.375	19.935627	0.7798761800684028	0.0007922163	0	1
1327.6828637808458	25237.71	19.954212	0.7820848493403457	0.0007906506	0	1
1327.684252661314	25379.246	19.999275	0.7864063912160385	0.00078801694	0	1
1327.687030422253	25656.045	20.089687	0.7943166437920393	0.00078303914	0	1
1327.688419302722	25788.572	20.12469	0.7980318861723692	0.00078037236	0	1
1327.6898081831919	26010.953	20.207932	0.8044871508424362	0.00077690085	0	1
1327.6911970636602	26247.018	20.284124	0.8113228827876129	0.00077281636	0	1
1327.692585944129	26396.646	20.32726	0.8154448035001121	0.0007700698	0	1
1327.6939748245986	26658.912	20.413143	0.8230032360581466	0.00076571555	0	1
1327.6953637050672	26928.549	20.485779	0.830743142121872	0.0007607457	0	1
1327.6967525855362	27111.271	20.55101	0.8357568080186429	0.0007580246	0	1
1327.6981414660058	27409.832	20.647877	0.844295177017736	0.00075330184	0	1
1327.6995303464755	27675.984	20.721504	0.8517864710525391	0.00074871787	0	1
1327.7009192269447	27973.041	20.826897	0.8601794490773752	0.0007445346	0	1
1327.702308107413	28239.852	20.899855	0.8675922645895019	0.00074008375	0	1
1327.7036969878827	28488.432	20.987507	0.8743957199693431	0.00073670276	0	1
1327.705085868352	28762.365	21.067097	0.881927375004215	0.00073245354	0	1
1327.7064747488203	29100.803	21.17074	0.8913836311471899	0.00072749675	0	1
1327.70786362929	29349.74	21.244158	0.8980454560803506	0.0007238278	0	1
1327.7092525097592	29637.197	21.333595	0.90583412798898	0.000719825	0	1
1327.710641390228	29948.287	21.434008	0.914290812659389	0.0007157006	0	1
1327.7120302706976	30273.877	21.524994	0.9231340617500149	0.00071100885	0	1
1327.7134191511668	30504.125	21.604053	0.9290165356306853	0.00070823386	0	1
1327.714808031636	30853.117	21.704288	0.938460634015473	0.0007034715	0	1
1327.7161969116391	31133.262	21.789047	0.9457536145897061	0.00069986394	0	1
1327.7175857921084	31394.066	21.866201	0.9524053242884443	0.00069650746	0	1
1327.7189746725771	31726.64	21.962902	0.9611781993988998	0.0006922543	0	1
1327.7203635530464	31954.338	22.029938	0.966718890192631	0.00068941934	0	1
1327.721752433516	32291.549	22.130331	0.9755174740887845	0.0006853289	0	1
1327.7231413139853	32599.21	22.216185	0.9833645762248303	0.00068149454	0	1
1327.7245301944536	32868.344	22.301651	0.9899935217930192	0.0006785146	0	1
1327.7259190749232	33159.965	22.37766	0.9972446002220172	0.0006748397	0	1
1327.727307955393	33424.902	22.461292	1.0036382258889631	0.0006719928	0	1
1327.7286968358612	33754.63	22.55349	1.0119205046516297	0.0006681599	0	1
1327.7300857163304	33953.516	22.611355	1.016226930970964	0.0006659503	0	1
1327.7314745968001	34223.145	22.697407	1.0226003231671372	0.00066321803	0	1
1327.7328634768028	34516.03	22.772038	1.0296138930771253	0.00065975246	0	1
1327.734252357272	34780.81	22.846184	1.0357346370653329	0.00065686175	0	1
1327.7356412377417	35003.594	22.915163	1.0405544348096225	0.0006546517	0	1
1327.7370301182104	35253.28	22.981216	1.0461246143967775	0.0006518887	0	1
1327.7384189986797	35490.953	23.049994	1.0512884909411326	0.0006494611	0	1
1327.7398078791487	35731.633	23.11719	1.056492595208677	0.00064696703	0	1
1327.7411967596177	35994.848	23.193707	1.062313178652876	0.00064436183	0	1
1327.74397452009	36413.156	23.309324	1.0706239116042346	0.0006401347	0	1
1327.7453634005599	36662.582	23.375162	1.0758953870241756	0.00063757546	0	1
1327.7467522810289	36799.336	23.423077	1.0778192013978205	0.0006365081	0	1
1327.748141161498	36998.457	23.469847	1.0815319632080782	0.0006343466	0	1
1327.7495300419678	37189.617	23.530779	1.0849718320534316	0.00063272443	0	1
1327.750918922436	37403.47	23.583784	1.0890333166109887	0.000630524	0	1
1327.752307802905	37574.156	23.626577	1.091799526784025	0.0006287986	0	1
1327.7536966829093	37736.617	23.675865	1.094291897698657	0.0006273977	0	1
1327.7550855633776	37827.816	23.700342	1.094688469882416	0.0006265321	0	1
1327.7564744438464	37949.06	23.738144	1.0959283492629526	0.00062552653	0	1
1327.7578633243163	38148.094	23.785961	1.0993830512470224	0.0006235164	0	1
1327.7592522047862	38154.305	23.794909	1.0972567682686922	0.0006236494	0	1
1327.760641085255	38382.17	23.847519	1.101480000696811	0.0006213176	0	1
1327.7620299652576	38430.48	23.86644	1.1005236406820473	0.00062102894	0	1
1327.7634188457273	38577.8	23.900513	1.1023816991588873	0.0006195406	0	1
1327.7648077261965	38624.95	23.912796	1.1013572664633935	0.0006191023	0	1
1327.7661966066648	38656.008	23.92418	1.099862018877406	0.00061889936	0	1
1327.7675854871345	38633.902	23.919268	1.0968472442963282	0.00061912637	0	1
1327.7689743676037	38740.07	23.949684	1.097463615553896	0.0006182148	0	1
1327.770363247607	38774.8	23.953268	1.0960429515452483	0.0006177535	0	1
1327.771752128077	38701.664	23.935661	1.0915719104999997	0.00061846594	0	1
1327.7731410085457	38762.742	23.954876	1.0908842885581977	0.0006179871	0	1
1327.774529889015	38792.004	23.962173	1.0892936754232232	0.00061770907	0	1
1327.7759187694837	38778.152	23.957619	1.0864903338971865	0.0006178123	0	1
1327.7773076494873	38785.78	23.96149	1.0842889233509512	0.00061779056	0	1
1327.7786965299565	38830.074	23.977089	1.0831097774279097	0.0006174876	0	1
1327.7800854104253	38798.707	23.963463	1.079820729770385	0.0006176356	0	1
1327.7856409318365	38884.34	23.985039	1.0725555374341582	0.0006168303	0	1
1327.7870298123062	38872.957	23.981997	1.069841329238003	0.00061693264	0	1
1327.7884186927745	38938.9	24.002344	1.0692578149108083	0.00061641046	0	1
1327.789807572778	38956.043	24.003325	1.0673359479530304	0.00061616435	0	1
1327.7911964532477	38991.047	24.012821	1.0659076443752502	0.00061585475	0	1
1327.792585333716	38971.215	24.012947	1.0629875004115172	0.0006161714	0	1
1327.7939742141853	38980.53	24.01226	1.0608719068060468	0.0006160065	0	1
1327.7953630941893	38954.465	24.004389	1.05780390008675	0.0006162166	0	1
1327.7967519746583	38977.492	24.012857	1.056079414061479	0.0006160698	0	1
1327.7981408551273	38998.367	24.01647	1.0543048307616805	0.0006158327	0	1
1327.7995297355965	39057.992	24.032095	1.0535845368618015	0.00061529264	0	1
1327.8009186155996	39065.71	24.031754	1.0514722239787002	0.0006151623	0	1
1327.8023074960688	39073.168	24.033964	1.0493647548491645	0.0006151015	0	1
1327.803696376538	39090.47	24.046326	1.0475335962989238	0.0006151455	0	1
1327.8050852570077	39164.973	24.057161	1.0472489173733979	0.00061425194	0	1
1327.8064741370108	39066.54	24.035109	1.0423512536966328	0.0006152352	0	1
1327.80786301748	39158.46	24.05577	1.042542752904432	0.0006143186	0	1
1327.8092518979497	39143.844	24.05963	1.0399142063055897	0.0006146466	0	1
1327.810640778418	39146.883	24.053226	1.0377716753932795	0.0006144353	0	1
1327.8120296584216	39150.633	24.056051	1.035664432631936	0.00061444857	0	1
1327.8134185388913	39178.8	24.060614	1.034218689001839	0.0006141233	0	1
1327.8148074193596	39213.785	24.06685	1.0329672396555767	0.0006137344	0	1
1327.816196299363	39186.38	24.064554	1.0300902584231941	0.0006141051	0	1
1327.8175851798328	39257.848	24.083508	1.0298288756664362	0.00061346986	0	1
1327.8189740603025	39233.34	24.07294	1.027066599922779	0.0006135838	0	1
1327.8203629407712	39268.832	24.083578	1.025894284782842	0.0006133001	0	1
1327.8217518207741	39346.812	24.103748	1.02585244097952	0.0006125972	0	1
1327.823140701244	39251.87	24.07686	1.021311436235264	0.00061339396	0	1
1327.8245295817128	39316.5	24.097088	1.0209513520221243	0.0006129001	0	1
1327.8273073421853	39380.69	24.117035	1.018593584315392	0.00061240763	0	1
1327.8286962226543	39366.38	24.110086	1.0162452832583755	0.00061245373	0	1
1327.830085102658	39357.086	24.10737	1.0140505949485261	0.00061252934	0	1
1327.8314739831276	39381.086	24.11967	1.0127362208998147	0.0006124684	0	1
1327.8328628635963	39435.59	24.128454	1.0122260821067919	0.00061184465	0	1
1327.8342517436	39480.98	24.139055	1.0115012094396503	0.0006114097	0	1
1327.8356406240691	39446.47	24.131395	1.0087530744305981	0.00061175047	0	1
1327.8398072650102	39512.2	24.150414	1.0049825375017736	0.0006112141	0	1
1327.8564738287778	39660.684	24.18073	0.9892677965452472	0.0006096902	0	1
1327.8578627087809	39652.645	24.183672	0.9876253416649604	0.000609888	0	1
1327.85925158925	39708.27	24.198322	0.9875959250083599	0.0006094026	0	1
1327.8606404697193	39696.395	24.197838	0.98591541886479	0.0006095727	0	1
1327.8620293497224	39705.133	24.196913	0.9847764602344066	0.00060941523	0	1
1327.8634182301917	39669.777	24.187529	0.9825744208330555	0.0006097218	0	1
1327.8648071101957	39746.523	24.207838	0.9831774936869027	0.0006090555	0	1
1327.8661959906647	39747.727	24.204988	0.9819394153116129	0.00060896535	0	1
1327.8675848711337	39714.887	24.196209	0.9798915168929295	0.0006092478	0	1
1327.8689737511377	39784.734	24.214422	0.9804064798626978	0.000608636	0	1
1327.870362631606	39745.098	24.205046	0.9782530350928986	0.0006090071	0	1
1327.8717515116095	39869.617	24.232866	0.9801823680231991	0.0006078028	0	1
1327.8731403920792	39739.367	24.207296	0.9758510487702928	0.00060915155	0	1
1327.8745292725475	39759.82	24.207853	0.9752685907258417	0.0006088522	0	1
1327.875918152551	39775.793	24.211832	0.974606317478833	0.0006087077	0	1
1327.8773070330208	39813.586	24.226152	0.9745085030336383	0.00060848956	0	1
1327.8786959130248	39834.113	24.222172	0.974017947402712	0.0006080761	0	1
1327.880084793494	39852.742	24.227823	0.9735114869667509	0.0006079337	0	1
1327.8814736734967	39877.47	24.240252	0.9731845506215873	0.00060786837	0	1
1327.8828625539663	39819.965	24.214321	0.9708832709565342	0.00060809497	0	1
1327.884251434435	39854.63	24.220377	0.9708615284798021	0.000607718	0	1
1327.885640314438	39868.887	24.234823	0.970373527175566	0.00060786307	0	1
1327.8870291949079	39903.434	24.246681	0.9704103387431282	0.00060763396	0	1
1327.888418074911	39874.23	24.229473	0.9689287858056809	0.0006076474	0	1
1327.8898069553802	39885.21	24.237413	0.9684561955211695	0.0006076792	0	1
1327.8911958353842	39870.566	24.23525	0.9673936967201511	0.00060784817	0	1
1327.8925847158534	39959.742	24.249527	0.968881273008806	0.0006068489	0	1
1327.8939735958566	39898.715	24.238438	0.9667588663786025	0.0006074992	0	1
1327.8953624763258	39910.918	24.242077	0.9664440983347451	0.0006074046	0	1
1327.8967513567945	39927.3	24.243206	0.9662626286045015	0.00060718367	0	1
1327.898140236798	39958.72	24.252981	0.9664769285187271	0.0006069509	0	1
1327.8995291172673	39983.785	24.263155	0.9665695036962402	0.0006068249	0	1
1327.9009179972713	39951.992	24.248726	0.9653203354080354	0.0006069466	0	1
1327.90230687774	39927.977	24.249643	0.9642924663271926	0.00060733466	0	1
1327.903695757743	39903.887	24.235065	0.96329607324054	0.00060733594	0	1
1327.9050846382129	39975.21	24.259104	0.9646353443441802	0.0006068537	0	1
1327.906473518216	39959.902	24.24981	0.9639163948880056	0.0006068536	0	1
1327.9078623986843	39995.098	24.263254	0.9644484236410549	0.0006066557	0	1
1327.9092512786883	39991.824	24.259228	0.964085469630076	0.0006066047	0	1
1327.9106401591582	39943.984	24.244053	0.9626814044044807	0.0006069513	0	1
1327.9120290391616	40010.473	24.264536	0.9640655805972221	0.0006064546	0	1
1327.9134179196308	39948.953	24.246206	0.9623982604979187	0.0006069297	0	1
1327.9148067996339	40010.957	24.265217	0.9637396847705362	0.0006064643	0	1
1327.916195680103	39953.164	24.242847	0.9622284954480343	0.0006067817	0	1
1327.9175845601067	39956.04	24.24787	0.9622115322671604	0.0006068637	0	1
1327.9189734405754	39952.21	24.246424	0.9620660826033686	0.00060688565	0	1
1327.920362320579	39985.75	24.252306	0.962853366969945	0.0006065237	0	1
1327.9217512010478	39910.44	24.227356	0.9610525148654241	0.00060704304	0	1
1327.9231400810513	39981.188	24.246933	0.9628016209607909	0.0006064586	0	1
1327.924528961521	39987.45	24.255114	0.9630308610097323	0.0006065682	0	1
1327.9259178415246	39924.754	24.233086	0.9616321219641837	0.00060696894	0	1
1327.9273067219933	39938.793	24.240046	0.9621143147641947	0.0006069298	0	1
1327.9286956019976	39903.863	24.229763	0.961449567478015	0.00060720346	0	1
1327.9300844820004	39977.516	24.249874	0.9634339917980339	0.0006065878	0	1
1327.9314733624692	39942.207	24.233492	0.9628254702285363	0.0006067139	0	1
1327.9328622424732	39957.555	24.23951	0.9634706403722721	0.00060663145	0	1
1327.9342511229415	39991.008	24.249046	0.9645854187128892	0.0006063625	0	1
1327.935640002945	39904.25	24.229326	0.9628328821690911	0.00060718664	0	1
1327.9370288834148	39937.79	24.226162	0.9640150544844538	0.00060659746	0	1
1327.9384177634188	39857.64	24.21304	0.9625010779496579	0.00060748804	0	1
1327.939806643888	40000.336	24.248781	0.9663694667800031	0.00060621445	0	1
1327.9411955238907	39939.727	24.235943	0.9653755275808763	0.00060681294	0	1
1327.9425844038947	39988.574	24.240173	0.9670594936383285	0.0006061775	0	1
1327.943973284364	39938.33	24.234625	0.9663792893375306	0.0006068012	0	1
1327.9453621643665	39929.574	24.23006	0.9667344640459377	0.0006068199	0	1
1327.9467510448362	39943.77	24.2338	0.9676774669952483	0.00060669787	0	1
1327.9481399248396	39938.57	24.22924	0.9681827965180185	0.0006066627	0	1
1327.9495288053085	39899.59	24.21435	0.9679004381157807	0.00060688215	0	1
1327.9509176853126	39892.434	24.218819	0.9684211527784629	0.00060710305	0	1
1327.9523065653161	39905.83	24.221476	0.9694726157999093	0.00060696586	0	1
1327.9536954457851	39872.19	24.205523	0.9694127623835682	0.0006070778	0	1
1327.9550843257884	39883.1	24.211573	0.9704670822357998	0.0006070634	0	1
1327.9564732062577	39876.477	24.21327	0.9711262336645495	0.00060720684	0	1
1327.9578620862608	39868.344	24.208485	0.9717796698328983	0.0006072107	0	1
1327.9592509662643	39894.133	24.215204	0.9732915331618706	0.0006069866	0	1
1327.960639846734	39814.156	24.189949	0.9722528794790823	0.00060757156	0	1
1327.9620287267376	39790.934	24.184616	0.9726286666170748	0.0006077921	0	1
1327.9634176072059	39835.695	24.19943	0.9746975321807378	0.00060748105	0	1
1327.96480648721	39788.72	24.184765	0.9745523182886087	0.0006078297	0	1
1327.966195367214	39776.996	24.18009	0.9752995761806675	0.0006078913	0	1
1327.9675842476822	39788.164	24.180153	0.9766384154152199	0.00060772226	0	1
1327.9689731276858	39799.69	24.186693	0.9780168765712353	0.00060771056	0	1
1327.9703620076898	39782.0	24.181974	0.9787071852369008	0.0006078622	0	1
1327.9717508881586	39795.71	24.179478	0.9801998060563898	0.00060759	0	1
1327.9731397681621	39747.297	24.16693	0.9801908982023295	0.0006080144	0	1
1327.9745286481657	39771.656	24.169182	0.9820054193719114	0.00060769863	0	1
1327.9759175286345	39755.03	24.165632	0.9828375467681929	0.0006078635	0	1
1327.977306408638	39727.023	24.157913	0.9834159804544461	0.00060809776	0	1
1327.9786952891068	39686.883	24.146055	0.9837207845775083	0.000608414	0	1
1327.9800841691103	39774.4	24.170736	0.9872201142921727	0.00060769584	0	1
1327.981473049114	39708.535	24.149921	0.9869417290259932	0.0006081796	0	1
1327.9828619295827	39653.875	24.141861	0.9869659265087697	0.00060881465	0	1
1327.9842508095867	39683.086	24.145916	0.9891047984045485	0.0006084687	0	1
1327.9856396895902	39669.4	24.141829	0.990202790004707	0.0006085756	0	1
1327.9870285700595	39631.49	24.130953	0.9907218348211015	0.00060888333	0	1
1327.9884174500635	39633.227	24.131811	0.992258003473816	0.00060887827	0	1
1327.9898063300661	39616.773	24.128664	0.9933652346540642	0.0006090517	0	1
1327.991195210535	39567.965	24.110792	0.9936854397217384	0.0006093513	0	1
1327.9925840905391	39522.26	24.104923	0.9941064200722147	0.0006099075	0	1
1327.993972970542	39576.92	24.113817	0.9970784419535321	0.00060928985	0	1
1327.9953618510108	39579.95	24.116613	0.9987779486493045	0.0006093139	0	1
1327.9967507310148	39614.676	24.12485	1.0013046146166364	0.0006089877	0	1
1327.998139611019	39529.098	24.100391	1.0008136772011587	0.00060968735	0	1
1327.9995284910224	39570.08	24.10785	1.0035501860211455	0.0006092444	0	1
1328.0009173714907	39479.008	24.093222	1.00296026173245	0.0006102793	0	1
1328.0023062514947	39484.33	24.087189	1.0048397800759583	0.0006100443	0	1
1328.0036951314983	39509.41	24.092278	1.0072476291327244	0.0006097858	0	1
1328.0050840119666	39472.133	24.084473	1.0080888598272193	0.00061016396	0	1
1328.0064728919706	39475.926	24.086737	1.0100008386350314	0.0006101627	0	1
1328.0078617719741	39412.39	24.06874	1.0102104337687885	0.0006106897	0	1
1328.0092506519773	39437.08	24.075586	1.012702142653854	0.00061048096	0	1
1328.0106395324472	39442.633	24.07245	1.0147262120076834	0.00061031553	0	1
1328.0120284124505	39368.824	24.057531	1.0147270927862833	0.0006110808	0	1
1328.013417292454	39399.445	24.061266	1.0174389929685217	0.00061070063	0	1
1328.0148061729228	39372.848	24.056332	1.0186945113324841	0.00061098783	0	1
1328.0161950529264	39329.016	24.046717	1.0195212315647681	0.00061142433	0	1
1328.0175839329297	39350.793	24.052572	1.0220678046351759	0.00061123475	0	1
1328.018972812933	39315.348	24.038712	1.0231471465593185	0.0006114333	0	1
1328.0203616934027	39308.605	24.03759	1.0249905830244206	0.0006115096	0	1
1328.0217505734063	39275.305	24.028696	1.0261582286935893	0.00061180163	0	1
1328.023139453409	39304.246	24.030733	1.0289702111080785	0.00061140297	0	1
1328.024528333413	39257.293	24.028053	1.029812204077381	0.00061206595	0	1
1328.0259172138826	39195.32	24.006887	1.0302717801213785	0.0006124937	0	1
1328.0273060938853	39236.24	24.016415	1.0334516219988015	0.0006120978	0	1
1328.0286949738888	39252.06	24.016764	1.035989798014836	0.00061185996	0	1
1328.0300838538928	39224.27	24.006718	1.0373921450241559	0.0006120373	0	1
1328.031472734362	39207.562	24.007275	1.0391004373492023	0.00061231235	0	1
1328.0328616143652	39182.5	24.001022	1.0405997178142548	0.0006125444	0	1
1328.0342504943687	39157.914	23.995068	1.0421230713125822	0.00061277696	0	1
1328.0356393743718	39131.484	23.984394	1.0436081050585282	0.00061291805	0	1
1328.0370282543754	39130.863	23.993303	1.0457929301765523	0.0006131555	0	1
1328.0384171348446	39081.23	23.973019	1.046677469694244	0.00061341515	0	1
1328.0398060148477	39097.918	23.97367	1.0493481538004354	0.00061317	0	1
1328.0411948948513	39057.477	23.96843	1.0504953960556216	0.00061367074	0	1
1328.0425837748553	39089.113	23.9756	1.0535913371866967	0.00061335746	0	1
1328.0439726548593	38996.87	23.957727	1.05335474109807	0.00061434996	0	1
1328.0453615353276	39046.61	23.962729	1.056960058125696	0.0006136955	0	1
1328.0467504153312	39033.348	23.957232	1.0588707636532022	0.0006137632	0	1
1328.0481392953352	39015.21	23.95484	1.0606553637326046	0.0006139872	0	1
1328.0495281753379	38959.863	23.94224	1.0614313502545527	0.00061453605	0	1
1328.0509170553414	38968.773	23.946398	1.0639618670723097	0.00061450223	0	1
1328.052305935811	38967.824	23.945454	1.066229558479971	0.000614493	0	1
1328.0536948158137	38950.074	23.934721	1.0680416342066514	0.00061449746	0	1
1328.055083695817	38918.53	23.93342	1.0694770503287703	0.0006149621	0	1
1328.0564725758213	38946.945	23.939034	1.072563629934798	0.00061465753	0	1
1328.0578614558253	38897.555	23.923344	1.0735092883321464	0.00061503466	0	1
1328.0592503358284	38917.465	23.928478	1.0763680305753942	0.00061485195	0	1
1328.0606392162967	38856.28	23.916855	1.0769829365356527	0.0006155209	0	1
1328.062028096301	38849.41	23.913027	1.0790998952404018	0.0006155313	0	1
1328.0634169763043	38861.957	23.915737	1.0817564846862546	0.0006154023	0	1
1328.064805856307	38841.434	23.909843	1.0834912016008658	0.0006155757	0	1
1328.066194736311	38842.68	23.908049	1.0858303845386024	0.00061550975	0	1
1328.0675836163146	38821.95	23.910439	1.0875516044995726	0.0006159	0	1
1328.0689724967835	38733.535	23.878435	1.0873670102188477	0.0006164796	0	1
1328.0703613767878	38766.797	23.892918	1.0905908613975226	0.00061632425	0	1
1328.071750256791	38733.97	23.882042	1.0919505703444354	0.0006165658	0	1
1328.0731391367945	38778.617	23.889874	1.0954893525520746	0.0006160579	0	1
1328.0745280167978	38730.54	23.877554	1.0964018168155518	0.0006165046	0	1
1328.0759168968011	38701.17	23.87181	1.097831964245739	0.00061682396	0	1
1328.0773057768047	38715.742	23.872803	1.1004993005625565	0.00061661744	0	1
1328.0786946568078	38713.43	23.879711	1.1026782722202757	0.00061683275	0	1
1328.0800835372777	38624.895	23.851952	1.1023860572582902	0.0006175279	0	1
1328.081472417281	38538.535	23.828161	1.102134961486433	0.0006182944	0	1
1328.0828612972837	38496.2	23.81662	1.1031237176176252	0.00061867456	0	1
1328.0842501772877	38348.336	23.775698	1.1010650954625194	0.00061999296	0	1
1328.0856390572917	38254.79	23.753832	1.1005388685176687	0.00062093744	0	1
1328.0870279372946	38179.465	23.72537	1.1005130576100086	0.0006214171	0	1
1328.088416817298	38070.703	23.696388	1.0994979607568067	0.00062243105	0	1
1328.089805697302	37854.805	23.638783	1.0953547009950848	0.00062445924	0	1
1328.0911945773055	37772.33	23.615881	1.0950388272409177	0.00062521646	0	1
1328.0925834577743	37557.688	23.557499	1.0908576023722922	0.0006272351	0	1
1328.0939723377778	37473.49	23.534578	1.090430386691666	0.0006280328	0	1
1328.0953612177814	37246.09	23.46672	1.085800314334494	0.0006300452	0	1
1328.0967500977845	37087.598	23.43082	1.0831384677671834	0.0006317697	0	1
1328.098138977788	36918.402	23.380423	1.0801260124695145	0.00063329993	0	1
1328.099527857792	36697.15	23.319021	1.075548618942118	0.00063544506	0	1
1328.1009167377956	36511.98	23.273016	1.0719856664394576	0.00063740765	0	1
1328.1023056177987	36267.953	23.203495	1.0666498085348426	0.00063977955	0	1
1328.1036944978027	36087.965	23.152922	1.0631523620325374	0.0006415691	0	1
1328.1050833778054	35877.113	23.091614	1.05870192824568	0.00064363074	0	1
1328.106472257809	35657.727	23.027794	1.053953537102813	0.00064580096	0	1
1328.107861137813	35422.688	22.967018	1.0486948976765087	0.0006483703	0	1
1328.1092500178156	35146.97	22.879189	1.0421813725618865	0.00065095763	0	1
1328.1106388978192	34946.863	22.82677	1.0378607684729737	0.0006531851	0	1
1328.1120277778232	34717.535	22.76095	1.0326250416282008	0.0006556039	0	1
1328.1134166578258	34461.746	22.688759	1.0265522663236333	0.0006583752	0	1
1328.114805538295	34188.344	22.608362	1.0199027272778793	0.0006612886	0	1
1328.116194418299	33894.562	22.522877	1.0125914452934293	0.00066449825	0	1
1328.117583298303	33634.996	22.449123	1.0062491071444408	0.0006674335	0	1
1328.1189721783064	33420.004	22.383272	1.0011903488648235	0.00066975673	0	1
1328.1203610583093	33104.145	22.291397	0.9930576079170915	0.0006733718	0	1
1328.1217499383133	32819.246	22.213217	0.9857986850444864	0.0006768351	0	1
1328.1231388183164	32500.143	22.12246	0.977457476564647	0.00068068807	0	1
1328.124527698319	32278.43	22.055271	0.9719930548208299	0.00068328204	0	1
1328.1259165783233	32014.8	21.97505	0.965216382928958	0.00068640284	0	1
1328.1273054583266	31730.375	21.892561	0.9577605571542896	0.00068995595	0	1
1328.1286943383302	31450.31	21.809416	0.9503839115961276	0.00069345627	0	1
1328.1300832183342	31151.283	21.716562	0.9423816055797068	0.0006971322	0	1
1328.1314720983376	30895.512	21.638239	0.9356363826942504	0.0007003684	0	1
1328.132860978341	30609.225	21.554958	0.9279163337153634	0.00070419814	0	1
1328.1342498583444	30339.97	21.474789	0.920661914094573	0.0007078052	0	1
1328.1356387383476	30014.406	21.37609	0.9116473457816002	0.0007121943	0	1
1328.137027618351	29699.455	21.281935	0.9029029716289193	0.0007165766	0	1
1328.1384164983544	29470.812	21.203508	0.8967335531395604	0.00071947486	0	1
1328.1398053783587	29204.037	21.122637	0.8893566855474956	0.000723278	0	1
1328.1411942583618	28879.12	21.024858	0.8801601569245688	0.00072802976	0	1
1328.1425831383644	28630.729	20.945715	0.8732480064894108	0.00073158165	0	1
1328.1439720183687	28386.277	20.868492	0.8664105029561875	0.0007351613	0	1
1328.145360898373	28131.225	20.78681	0.8592043284906257	0.00073892303	0	1
1328.1467497783756	27880.432	20.707342	0.852083637340268	0.00074271957	0	1
1328.148138657913	27644.752	20.642721	0.8453812078014664	0.00074671395	0	1
1328.149527537917	27417.31	20.565298	0.8388881075815338	0.00075008447	0	1
1328.1509164179206	27179.8	20.494059	0.8320449366943719	0.00075401796	0	1
1328.1523052979242	26962.713	20.419762	0.8257857100258035	0.00075733336	0	1
1328.1536941779273	26727.387	20.343184	0.8189273696210344	0.0007611363	0	1
1328.1550830579308	26547.12	20.287954	0.8137165884311813	0.0007642243	0	1
1328.1564719379342	26368.938	20.225645	0.808531569412529	0.0007670254	0	1
1328.1578608179375	26191.09	20.167416	0.8033191788609816	0.0007700106	0	1
1328.1592496979415	26032.97	20.124998	0.7986749951696545	0.0007730581	0	1
1328.160638577945	25899.357	20.077879	0.7947465856646759	0.0007752269	0	1
1328.1620274579482	25780.21	20.040285	0.7910239492214586	0.0007773515	0	1
1328.1634163379524	25728.973	20.021534	0.7893854165738797	0.00077817077	0	1
1328.1648052179553	25625.494	19.99243	0.7861445220532234	0.00078017736	0	1
1328.1661940979584	25573.035	19.973894	0.7844692291556711	0.0007810529	0	1
1328.1675829779624	25566.81	19.969784	0.7842123677261253	0.0007810823	0	1
1328.168971857965	25530.629	19.958399	0.7830367528143765	0.0007817433	0	1
1328.170360737503	25523.928	19.960712	0.7827654397804923	0.0007820392	0	1
1328.171749617507	25542.729	19.958982	0.7832761981273513	0.0007813959	0	1
1328.173138497511	25626.902	19.994055	0.7857913882645715	0.00078019785	0	1
1328.1745273775146	25679.488	20.005571	0.7873376654533363	0.00077904866	0	1
1328.1759162575172	25772.238	20.039774	0.7901150166796712	0.0007775721	0	1
1328.1773051375212	25857.139	20.05952	0.792651271331627	0.0007757827	0	1
1328.1786940175248	25983.607	20.111193	0.7964612720612922	0.0007739954	0	1
1328.1800828975274	26208.512	20.17279	0.8030486598710985	0.00076970377	0	1
1328.1814717775314	26323.725	20.215979	0.8062373501752599	0.00076797564	0	1
1328.1828606570693	26512.494	20.27505	0.8116412350859393	0.0007647356	0	1
1328.184249537072	26691.02	20.321724	0.8166925274025012	0.00076136936	0	1
1328.185638417076	26875.283	20.395367	0.8218800244661951	0.00075888936	0	1
1328.187027297079	27069.602	20.451382	0.8273349221974725	0.000755511	0	1
1328.1884161770827	27321.627	20.531998	0.8345117193029413	0.0007514925	0	1
1328.1898050570867	27572.094	20.610075	0.841597450230427	0.00074749766	0	1
1328.1911939370902	27815.938	20.689983	0.8484371319926216	0.0007438176	0	1
1328.1925828170934	28026.805	20.754622	0.8542274176255022	0.0007405276	0	1
1328.1939716966313	28325.426	20.848827	0.8626469983703999	0.0007360464	0	1
1328.1953605766346	28579.87	20.921768	0.8696742213581238	0.0007320456	0	1
1328.196749456638	28820.36	20.997942	0.8762308594298353	0.00072858017	0	1
1328.1981383366415	29145.854	21.096384	0.8853234802662447	0.0007238211	0	1
1328.1995272166455	29437.217	21.191412	0.8933290022457274	0.00071988505	0	1
1328.2009160966488	29670.686	21.2608	0.8995293887757646	0.00071655907	0	1
1328.202304976186	29916.836	21.343273	0.906066998545567	0.00071342016	0	1
1328.20369385619	30239.654	21.435816	0.9148761954684473	0.0007088644	0	1
1328.205082736194	30507.484	21.516087	0.9219702919451227	0.00070527237	0	1
1328.2064716161967	30816.844	21.605803	0.9302679998051898	0.00070110365	0	1
1328.2078604962	31071.086	21.680088	0.9368505840321919	0.00069775764	0	1
1328.2092493762043	31351.102	21.772106	0.9441597220176167	0.00069446064	0	1
1328.2106382557417	31636.72	21.852482	0.9515856812796674	0.00069073157	0	1
1328.2120271357453	31959.467	21.945555	0.9600745743283763	0.0006866684	0	1
1328.2134160157486	32175.283	22.01529	0.9652999586280196	0.00068422983	0	1
1328.214804895752	32516.123	22.11061	0.9742240089665445	0.0006799891	0	1
1328.2161937757555	32736.484	22.176622	0.9794859294884452	0.0006774283	0	1
1328.217582655293	33033.344	22.262749	0.9869859520089501	0.0006739478	0	1
1328.218971535297	33308.203	22.342607	0.9937756127906737	0.0006707839	0	1
1328.2203604153005	33592.688	22.425062	1.0007999022314764	0.0006675579	0	1
1328.221749295304	33853.973	22.502848	1.0070811157305806	0.0006647033	0	1
1328.2231381753081	34114.824	22.576038	1.0132986320386	0.0006617662	0	1
1328.224527054845	34397.3	22.653334	1.0201068162234688	0.0006585788	0	1
1328.2259159348484	34604.36	22.716913	1.0246293606304622	0.0006564755	0	1
1328.2273048148527	34879.38	22.798084	1.0311157632588788	0.00065362646	0	1
1328.2286936948553	35155.777	22.870697	1.037591412273007	0.00065055303	0	1
1328.2300825743928	35356.305	22.932604	1.0417801314974386	0.00064861425	0	1
1328.2314714543968	35564.918	22.98907	1.0461630925707837	0.0006463974	0	1
1328.232860334401	35839.246	23.06471	1.0524317861582393	0.00064356014	0	1
1328.2342492144044	36008.492	23.116646	1.0555697859914441	0.0006419776	0	1
1328.235638094407	36234.51	23.177017	1.0603300218784826	0.0006396393	0	1
1328.2370269739454	36480.066	23.247746	1.0656163998938375	0.00063727255	0	1
1328.238415853949	36630.426	23.283726	1.068080949192775	0.00063563895	0	1
1328.2398047339516	36830.73	23.343155	1.0719636408288256	0.0006337956	0	1
1328.2411936139556	37110.25	23.422146	1.0781073765176075	0.0006311503	0	1
1328.2425824934935	37205.867	23.447487	1.0788701563069842	0.0006302094	0	1
1328.2439713734962	37417.74	23.509308	1.0829699131188122	0.00062829314	0	1
1328.2453602535002	37506.31	23.533407	1.083468015128013	0.000627452	0	1
1328.2467491330385	37739.9	23.5948	1.0881218336270753	0.00062519516	0	1
1328.248138013042	37916.477	23.63796	1.0910941156635114	0.00062342186	0	1
1328.2495268930452	38047.727	23.677473	1.092730642161694	0.0006223098	0	1
1328.2509157730487	38162.977	23.70405	1.0938804379976705	0.00062112685	0	1
1328.2523046525864	38308.29	23.750095	1.0958646626280286	0.00061997276	0	1
1328.2536935325898	38408.402	23.778105	1.0965302518386815	0.00061908603	0	1
1328.2550824125933	38473.05	23.79099	1.0961630978503252	0.00061838067	0	1
1328.2564712921308	38592.473	23.828672	1.097335964391286	0.0006174435	0	1
1328.2578601721343	38617.23	23.83323	1.0957997048579884	0.0006171657	0	1
1328.2592490521383	38724.926	23.86023	1.0966009028182115	0.00061614654	0	1
1328.260637932142	38764.49	23.868273	1.095456722238177	0.00061572524	0	1
1328.2620268116789	38728.71	23.863245	1.0921766863956235	0.0006161642	0	1
1328.263415691683	38745.305	23.863213	1.0903689286631655	0.00061589945	0	1
1328.264804571687	38800.492	23.87962	1.0896381387867609	0.0006154463	0	1
1328.266193451224	38778.496	23.871984	1.0867337503599592	0.0006155985	0	1
1328.2675823312275	38821.812	23.88567	1.085655153437006	0.0006152642	0	1
1328.2689712112315	38800.17	23.879807	1.0827562826196495	0.0006154562	0	1
1328.2703600907691	38815.156	23.881937	1.0808781969891867	0.0006152735	0	1
1328.2717489707725	38824.125	23.89062	1.0788303042369045	0.000615355	0	1
1328.273137850776	38827.42	23.885574	1.0766239869314376	0.0006151728	0	1
1328.2745267303135	38879.094	23.903547	1.0757564639078319	0.0006148175	0	1
1328.275915610317	38896.516	23.90221	1.073938627483925	0.00061450776	0	1
1328.2773044903204	38932.758	23.91136	1.0726394542826727	0.00061417074	0	1
1328.278693369859	38878.94	23.903479	1.0688630540799902	0.0006148181	0	1
1328.280082249862	38926.246	23.912693	1.0678707500442264	0.0006143077	0	1
1328.2814711298656	38945.62	23.91985	1.0661127275673585	0.0006141859	0	1
1328.282860009404	38953.78	23.917233	1.064051211235857	0.00061399	0	1
1328.2842488894066	38959.785	23.920856	1.061935790938135	0.00061398844	0	1
1328.2856377694102	38999.605	23.933935	1.0607459567121453	0.0006136969	0	1
1328.2870266489485	38957.703	23.917582	1.0573406784238515	0.00061393715	0	1
1328.2884155289512	39017.227	23.934774	1.056695025538877	0.0006134412	0	1
1328.2898044084889	38984.06	23.92841	1.0535460376402173	0.00061379984	0	1
1328.291193288493	39049.777	23.93839	1.0530767835953536	0.0006130225	0	1
1328.2925821684971	39003.13	23.93045	1.0495859864477648	0.00061355205	0	1
1328.2939710480346	39059.227	23.941982	1.0488700386573286	0.00061296613	0	1
1328.2953599280374	39093.887	23.951939	1.0475843361999233	0.00061267737	0	1
1328.2967488080417	39078.953	23.949352	1.0449802547484686	0.0006128453	0	1
1328.2981376875791	39159.766	23.97189	1.0449450335011237	0.0006121561	0	1
1328.2995265675818	39111.72	23.959085	1.0414823392318653	0.00061258074	0	1
1328.3009154471201	39181.207	23.975655	1.0411616846232645	0.0006119172	0	1
1328.3023043271237	39192.86	23.978897	1.0393136848996347	0.000611818	0	1
1328.3036932071273	39222.066	23.989801	1.0379435340352485	0.00061164045	0	1
1328.3050820866656	39254.61	23.994118	1.0366734211450819	0.0006112433	0	1
1328.3064709666687	39220.887	23.988758	1.033669012301229	0.00061163225	0	1
1328.3078598462066	39250.74	23.991419	1.0323564895225892	0.00061123486	0	1
1328.3092487262102	39213.445	23.983343	1.0292950189681214	0.0006116102	0	1
1328.3106376057476	39307.27	24.007816	1.0296893780404046	0.0006107729	0	1
1328.3120264857512	39281.26	24.004314	1.026958726661956	0.0006110882	0	1
1328.3134153657543	39312.383	24.010096	1.025739524136999	0.00061075145	0	1
1328.3148042452922	39279.3	24.006067	1.0228638327449948	0.0006111633	0	1
1328.3161931252957	39302.55	24.004236	1.0214746344610575	0.0006107552	0	1
1328.3175820048332	39356.02	24.021795	1.02088645562287	0.0006103716	0	1
1328.3189708848372	39371.484	24.024105	1.01932896265592	0.0006101905	0	1
1328.3203597643758	39370.562	24.024584	1.0173668771290874	0.0006102169	0	1
1328.3217486443787	39360.516	24.027273	1.0151903206967317	0.000610441	0	1
1328.3231375243818	39402.703	24.030172	1.0143806421101875	0.000609861	0	1
1328.3245264039201	39428.758	24.040909	1.0131739681682344	0.0006097303	0	1
1328.3259152839228	39439.902	24.042032	1.0116043853297454	0.0006095865	0	1
1328.3273041634607	39417.164	24.034365	1.0091886361749658	0.00060974364	0	1
1328.3286930434647	39437.715	24.041023	1.007904037111374	0.00060959475	0	1
1328.3300819230026	39494.664	24.059006	1.0075692236128002	0.00060917105	0	1
1328.3314708030057	39487.125	24.053728	1.0056104268602908	0.0006091537	0	1
1328.3328596825436	39526.23	24.064657	1.0048619135748802	0.0006088275	0	1
1328.3342485625476	39480.15	24.051888	1.0019721195032976	0.0006092147	0	1
1328.3356374420855	39486.867	24.057816	1.0004485015621478	0.00060926116	0	1
1328.3370263220881	39536.375	24.06757	1.0000313460026191	0.000608745	0	1
1328.3384152016265	39595.914	24.08368	0.9998884083449696	0.00060823647	0	1
1328.3398040816298	39592.44	24.084026	0.9981773292569689	0.0006082986	0	1
1328.3411929611675	39572.246	24.073597	0.9960712753928641	0.0006083455	0	1
1328.3425818411715	39633.863	24.094635	0.9960488165235684	0.00060793053	0	1
1328.3439707207085	39575.64	24.078371	0.9930406930441974	0.00060841395	0	1
1328.345359600712	39615.168	24.089722	0.9925125430096339	0.0006080934	0	1
1328.3467484802504	39656.457	24.094152	0.9920521881129792	0.000607572	0	1
1328.348137360254	39641.25	24.099178	0.9902045244195831	0.00060793187	0	1
1328.3495262397914	39651.953	24.09054	0.9890314740663536	0.0006075499	0	1
1328.350915119795	39638.754	24.09394	0.9872897735156094	0.000607838	0	1
1328.3523039993333	39711.348	24.112978	0.9877105411547168	0.00060720625	0	1
1328.353692879337	39697.375	24.10467	0.9860040862094822	0.0006072107	0	1
1328.355081758874	39696.402	24.097763	0.9846491710443114	0.00060705154	0	1
1328.356470638878	39735.715	24.119724	0.9843205849625748	0.00060700363	0	1
1328.3578595184154	39724.2	24.114931	0.9827605365668357	0.000607059	0	1
1328.3592483984182	39760.516	24.129358	0.982411798026844	0.0006068673	0	1
1328.3606372779568	39782.832	24.128716	0.9817442641345007	0.00060651073	0	1
1328.36202615796	39731.797	24.11743	0.9792965664971212	0.0006070058	0	1
1328.3634150374978	39793.953	24.135477	0.9796677527916303	0.0006065112	0	1
1328.3648039170362	39810.535	24.137388	0.9789441589458261	0.00060630654	0	1
1328.3661927970397	39784.484	24.132822	0.9772021135483663	0.0006065888	0	1
1328.3675816765772	39901.527	24.162493	0.9790299605403897	0.0006055531	0	1
1328.3689705565807	39771.113	24.126093	0.9747887419084088	0.00060662354	0	1
1328.3703594361182	39852.93	24.150124	0.9757527830207311	0.00060598116	0	1
1328.3717483161217	39875.207	24.156515	0.9753144785381	0.00060580287	0	1
1328.3731371956596	39853.055	24.149506	0.9738198359712945	0.00060596375	0	1
1328.3745260756627	39844.285	24.14808	0.9726834408322238	0.00060606137	0	1
1328.3759149552006	39844.875	24.147884	0.9718063334362518	0.00060604746	0	1
1328.377303834738	39920.543	24.17087	0.9727894450575755	0.00060547446	0	1
1328.3786927147423	39883.543	24.158056	0.9710570823016593	0.0006057149	0	1
1328.380081594281	39911.52	24.168068	0.9709379095488594	0.00060554116	0	1
1328.3814704742836	39914.703	24.1675	0.9702460667906955	0.00060547865	0	1
1328.382859353821	39921.992	24.162544	0.9696850198312988	0.00060524396	0	1
1328.3842482333596	39850.254	24.150202	0.9672368673082503	0.00060602376	0	1
1328.3856371133625	39925.68	24.165947	0.968391967078044	0.0006052733	0	1
1328.3870259929	39911.45	24.163609	0.9674028858447833	0.0006054305	0	1
1328.388414872904	39948.82	24.175514	0.9676957499337406	0.0006051622	0	1
1328.3898037524418	39919.74	24.167107	0.9664103809899207	0.0006053924	0	1
1328.3911926319795	39958.707	24.18015	0.9668040131351506	0.0006051284	0	1
1328.3925815119828	39956.367	24.180676	0.9662294556019898	0.000605177	0	1
1328.3939703915212	40020.953	24.193527	0.9673043909641837	0.00060452154	0	1
1328.395359271059	39935.03	24.175922	0.9647737021557655	0.0006053813	0	1
1328.3967481510617	39931.92	24.173107	0.9642765920175221	0.000605358	0	1
1328.3981370306	39955.656	24.18079	0.9644594910348228	0.00060519064	0	1
1328.3995259106036	40057.316	24.203505	0.966570254868926	0.00060422183	0	1
1328.400914790141	39981.383	24.18473	0.9643957609510588	0.0006048998	0	1
1328.4023036696794	39961.9	24.182201	0.963631767947546	0.00060513144	0	1
1328.4036925496823	39985.867	24.182423	0.963947753138784	0.0006047742	0	1
1328.40508142922	40002.45	24.185846	0.9641176379115781	0.00060460914	0	1
1328.4064703087583	39969.504	24.185257	0.9631261755040634	0.00060509273	0	1
1328.407859188762	40007.426	24.186699	0.9638746373944023	0.00060455524	0	1
1328.4092480682996	40002.855	24.192583	0.963631536733169	0.0006047714	0	1
1328.4106369478372	40004.715	24.18646	0.9635756634216363	0.0006045902	0	1
1328.4120258278413	40017.85	24.200218	0.9638237429188128	0.0006047356	0	1
1328.4134147073792	40006.96	24.189121	0.9635254841582187	0.0006046228	0	1
1328.4148035869162	39977.402	24.186153	0.9628100073816596	0.00060499564	0	1
1328.4161924669202	40010.668	24.190166	0.9636399546530824	0.0006045929	0	1
1328.417581346458	40060.184	24.20083	0.9648937513689596	0.0006041118	0	1
1328.418970225995	40043.703	24.201534	0.9645904090951709	0.000604378	0	1
1328.420359105999	40005.125	24.187572	0.9637870017558912	0.0006046118	0	1
1328.4217479855374	39978.297	24.181381	0.9632987948692454	0.0006048627	0	1
1328.4231368650753	39981.688	24.183811	0.9635709520024329	0.0006048722	0	1
1328.4245257450784	39977.71	24.184374	0.9636978543693046	0.00060494646	0	1
1328.4259146246163	39983.25	24.18921	0.9640864313679935	0.0006049836	0	1
1328.4273035041538	39996.035	24.190956	0.9646821147770468	0.0006048339	0	1
1328.4286923836917	39980.465	24.1893	0.9646260897674115	0.000605028	0	1
1328.4300812636952	40022.26	24.193481	0.9659866298179273	0.0006045006	0	1
1328.4314701432327	39969.207	24.183323	0.9650898659855008	0.00060504884	0	1
1328.4328590227706	40019.934	24.196728	0.966731121630494	0.0006046169	0	1
1328.4342479027746	39988.33	24.190613	0.9664158333500628	0.00060494186	0	1
1328.435636782313	40010.395	24.189096	0.9674296111549727	0.0006045703	0	1
1328.43702566185	39955.03	24.178646	0.9666027480037523	0.00060514646	0	1
1328.4384145413878	39908.035	24.162825	0.9660088703878255	0.00060546264	0	1
1328.4398034213918	39980.18	24.183746	0.9683311135186178	0.0006048934	0	1
1328.4411923009288	39959.156	24.17918	0.968429335600966	0.0006050974	0	1
1328.4425811804667	39995.363	24.189245	0.9699465563361865	0.00060480123	0	1
1328.443970060005	39940.473	24.176893	0.969285872224496	0.0006053232	0	1
1328.4453589400077	39896.79	24.162418	0.9689270466960646	0.0006056231	0	1
1328.4467478195452	39950.29	24.174927	0.9709600806457209	0.0006051252	0	1
1328.4481366990838	39893.137	24.162117	0.9703351043668185	0.000605671	0	1
1328.4495255786223	39961.867	24.177254	0.9728035839122877	0.0006050081	0	1
1328.4509144586254	39902.58	24.164782	0.9721870376824542	0.0006055945	0	1
1328.4523033381624	39922.715	24.172398	0.9735359336188336	0.0006054798	0	1
1328.453692217701	39913.277	24.164568	0.974194891461274	0.0006054268	0	1
1328.4550810972387	39797.855	24.139174	0.9722950429620623	0.0006065446	0	1
1328.4564699772413	39857.297	24.153795	0.9746967162602029	0.0006060069	0	1
1328.4578588567797	39867.027	24.155033	0.9759150199117937	0.00060589	0	1
1328.4592477363176	39847.895	24.151566	0.9764570526662447	0.0006060939	0	1
1328.4606366158553	39837.02	24.142797	0.9772310568864665	0.00060603925	0	1
1328.4620254958595	39844.41	24.148878	0.9784832920758844	0.00060607947	0	1
1328.4634143753965	39792.863	24.138865	0.9783170534151007	0.0006066129	0	1
1328.464803254934	39859.55	24.1575	0.9810880391158097	0.0006060655	0	1
1328.4661921344725	39742.75	24.121529	0.9793710410485725	0.0006069416	0	1
1328.4675810140102	39780.77	24.13339	0.9814965733243798	0.00060665974	0	1
1328.4689698940138	39813.273	24.14055	0.9835176190748545	0.00060634426	0	1
1328.4703587735512	39773.33	24.12655	0.9837780009991388	0.00060660124	0	1
1328.4717476530896	39753.582	24.12659	0.9845652417564134	0.0006069036	0	1
1328.4731365326274	39760.78	24.12433	0.9860483650097599	0.0006067368	0	1
1328.4745254121644	39739.516	24.123072	0.9868538514363456	0.0006070298	0	1
1328.4759142917028	39763.438	24.125732	0.9888101371558704	0.00060673157	0	1
1328.4773031717064	39714.348	24.113989	0.9889782894469737	0.0006071858	0	1
1328.4786920512433	39699.7	24.107159	0.9900300022663067	0.0006072378	0	1
1328.4800809307817	39662.273	24.099546	0.990539719514156	0.0006076189	0	1
1328.48146981032	39669.06	24.099688	0.9921801321238088	0.00060751854	0	1
1328.482858689858	39606.383	24.088133	0.9921085568439924	0.00060818816	0	1
1328.4842475693954	39695.94	24.11234	0.9958785797191573	0.00060742587	0	1
1328.485636449399	39664.637	24.105436	0.9966456366034809	0.00060773117	0	1
1328.4870253289369	39630.297	24.088486	0.997360560409541	0.00060783006	0	1
1328.4884142084743	39613.312	24.086073	0.9985366534952945	0.0006080298	0	1
1328.4898030880122	39598.812	24.084642	0.9998002577288314	0.0006082163	0	1
1328.493969726626	39559.668	24.074823	1.0038484851695264	0.0006085699	0	1
1328.49535860663	39543.777	24.076162	1.0051738084054378	0.0006088483	0	1
1328.496747486167	39496.926	24.058617	1.0057340435357782	0.0006091263	0	1
1328.4981363657048	39545.246	24.065533	1.0087421388267996	0.0006085569	0	1
1328.4995252452431	39478.305	24.053476	1.0088332500385693	0.0006092834	0	1
1328.5009141247801	39441.12	24.045824	1.0097037115108995	0.0006096638	0	1
1328.502303004318	39501.375	24.055994	1.0130930204421915	0.0006089913	0	1
1328.5036918838564	39439.13	24.044353	1.013363443867109	0.0006096573	0	1
1328.5050807633934	39423.344	24.037903	1.014846558963724	0.0006097378	0	1
1328.506469643397	39404.86	24.0368	1.0162807707105168	0.00060999586	0	1
1328.5078585229353	39377.61	24.025728	1.017508521319783	0.0006101368	0	1
1328.5092474024736	39352.15	24.019993	1.0188013430599232	0.0006103858	0	1
1328.5106362820113	39364.516	24.021593	1.0210938961160325	0.0006102347	0	1
1328.5120251615485	39334.645	24.018476	1.0223105453070513	0.00061061885	0	1
1328.513414041087	39367.66	24.023495	1.0251819939822708	0.0006102343	0	1
1328.5148029206243	39278.367	23.997665	1.024885234412793	0.0006109639	0	1
1328.5161918001613	39284.69	24.005253	1.0270984158434027	0.0006110587	0	1
1328.5175806797	39301.59	24.009764	1.0296081286211802	0.00061091076	0	1
1328.5189695592376	39268.543	23.9974	1.030826924645711	0.00061111	0	1
1328.5203584387755	39239.066	23.992258	1.0321540212211016	0.00061143807	0	1
1328.5217473183138	39211.344	23.991276	1.033541592386515	0.0006118453	0	1
1328.5231361983172	39197.69	23.98173	1.035314702220927	0.00061181484	0	1
1328.5245250778548	39159.793	23.97196	1.0364609858606824	0.00061215746	0	1
1328.5259139573927	39212.035	23.98031	1.040009740558865	0.00061155483	0	1
1328.5273028369302	39175.598	23.980227	1.0412226902310793	0.00061212154	0	1
1328.528691716468	39130.2	23.967468	1.0422077135834156	0.00061250565	0	1
1328.5300805960057	39148.81	23.971722	1.0449102946691358	0.0006123232	0	1
1328.5314694755443	39130.504	23.967157	1.0466413138430923	0.00061249296	0	1
1328.5328583550818	39123.24	23.961134	1.0486792592331156	0.00061245274	0	1
1328.5342472346188	39056.56	23.951551	1.0491329256091237	0.000613253	0	1
1328.5356361141573	39063.34	23.943323	1.0515683676239598	0.00061293587	0	1
1328.537024993696	39055.055	23.948164	1.053609446377869	0.0006131899	0	1
1328.538413873233	39070.266	23.950321	1.0562954849645545	0.00061300636	0	1
1328.5398027527704	39021.457	23.939505	1.057258797586063	0.00061349594	0	1
1328.5411916323087	38986.91	23.929897	1.0586130458589709	0.00061379315	0	1
1328.5425805118466	39018.137	23.937862	1.0617618045727188	0.000613506	0	1
1328.5439693913845	38961.168	23.921425	1.0625171555942095	0.0006139812	0	1
1328.545358270922	38926.793	23.91442	1.0638906609065248	0.00061434344	0	1
1328.5467471504599	39002.98	23.934069	1.0682951123078137	0.00061364716	0	1
1328.5481360299973	38939.293	23.91855	1.0688751419028415	0.0006142523	0	1
1328.5495249095352	38928.13	23.91188	1.0708977739460876	0.0006142571	0	1
1328.5509137890735	38869.625	23.896034	1.0716185252544597	0.000614774	0	1
1328.5523026686114	38884.53	23.903332	1.074364410205827	0.000614726	0	1
1328.553691548149	38853.707	23.894955	1.0758489437257073	0.00061499805	0	1
1328.5550804276875	38861.582	23.900307	1.0784060387408045	0.00061501114	0	1
1328.5564693072247	38845.445	23.889303	1.0802979221533346	0.0006149834	0	1
1328.5578581867621	38822.67	23.885494	1.082003731908371	0.000615246	0	1
1328.5592470663005	38844.504	23.890976	1.0849527154951668	0.00061504135	0	1
1328.5606359458375	38785.867	23.872843	1.0856512043631532	0.00061550364	0	1
1328.5620248253754	38833.0	23.891064	1.0893080516398395	0.0006152258	0	1
1328.5634137049137	38740.668	23.866144	1.0890477002049332	0.00061604887	0	1
1328.564802584452	38756.473	23.874626	1.091819447586944	0.0006160165	0	1
1328.56619146399	38723.547	23.858006	1.0932133891993048	0.00061611104	0	1
1328.567580343527	38706.297	23.853762	1.0950420593946126	0.000616276	0	1
1328.5689692230653	38676.734	23.851791	1.0965139475700532	0.0006166961	0	1
1328.5703581026032	38675.438	23.850937	1.0987788483506735	0.0006166947	0	1
1328.5717469821402	38671.977	23.839895	1.100974630991596	0.00061646436	0	1
1328.5731358616786	38606.688	23.824413	1.1013979111329522	0.00061710586	0	1
1328.5745247407506	38587.43	23.82754	1.1031203348865917	0.00061749486	0	1
1328.5759136202878	38456.582	23.790499	1.1016339300419253	0.0006186327	0	1
1328.5773024998261	38395.914	23.775156	1.102135905962101	0.0006192106	0	1
1328.5786913793645	38205.918	23.725548	1.0988993606066928	0.00062099146	0	1
1328.5800802589022	38121.82	23.696035	1.0986803630398518	0.0006215872	0	1
1328.5814691384398	38031.13	23.673706	1.0982479368285558	0.00062248233	0	1
1328.5828580179777	37865.855	23.627203	1.0956329436143029	0.00062397117	0	1
1328.5842468975152	37733.633	23.59634	1.0939423380014233	0.00062533974	0	1
1328.585635777053	37551.035	23.542948	1.0907577052572182	0.0006269587	0	1
1328.5870246565908	37401.06	23.503513	1.0884853472974672	0.0006284184	0	1
1328.5884135361284	37259.992	23.463245	1.086438664051994	0.00062971684	0	1
1328.5898024156663	37044.89	23.40468	1.082195362688855	0.0006317924	0	1
1328.591191294739	36842.41	23.346733	1.0782789216574051	0.0006336918	0	1
1328.5925801742767	36702.42	23.30201	1.0761531119730954	0.0006348902	0	1
1328.593969053814	36479.684	23.246342	1.0715609891570907	0.00063724077	0	1
1328.5953579333523	36227.05	23.179718	1.0660442429473047	0.00063984556	0	1
1328.5967468128906	36014.52	23.117296	1.0616611476153521	0.00064188824	0	1
1328.5981356924276	35833.84	23.061363	1.058173874126785	0.0006435638	0	1
1328.5995245719653	35579.34	23.000189	1.0524609851079825	0.0006464479	0	1
1328.6009134515039	35345.04	22.929043	1.0472967980764905	0.00064872025	0	1
1328.6023023305756	35064.715	22.845846	1.040718516806685	0.0006515338	0	1
1328.6036912101135	34841.098	22.783463	1.0357731472593892	0.00065392494	0	1
1328.6050800896512	34607.324	22.716139	1.030477697701087	0.00065639685	0	1
1328.6064689691889	34321.24	22.637163	1.0235732133817015	0.0006595672	0	1
1328.6078578487268	34034.69	22.554007	1.0166009899683484	0.000662677	0	1
1328.6092467282642	33781.25	22.478046	1.0105650277378773	0.00066540006	0	1
1328.6106356078026	33510.418	22.400496	1.0039568734371334	0.00066846365	0	1
1328.6120244868748	33264.734	22.32991	0.9980504640737236	0.0006712788	0	1
1328.6134133664127	32925.574	22.233036	0.9892847993049556	0.0006752513	0	1
1328.614802245951	32698.959	22.16317	0.9838468486371639	0.00067779433	0	1
1328.616191125488	32363.76	22.066925	0.9750882985448217	0.0006818406	0	1
1328.6175800050257	32097.936	21.98555	0.9683649182430336	0.00068495213	0	1
1328.6189688845643	31813.092	21.901901	0.9610149110274571	0.0006884556	0	1
1328.6203577636356	31527.293	21.816677	0.9535826224658105	0.00069199334	0	1
1328.621746643173	31223.605	21.72353	0.9455553697240296	0.0006957406	0	1
1328.6231355227114	30929.443	21.633888	0.9377626616687473	0.00069945934	0	1
1328.62452440225	30626.496	21.549349	0.9296500502479281	0.0007036178	0	1
1328.6259132817877	30331.105	21.45694	0.9217136048916973	0.0007074236	0	1
1328.6273021613247	30041.896	21.369246	0.9139126690738406	0.0007113148	0	1
1328.6286910403974	29722.148	21.272694	0.9051300129433951	0.00071571855	0	1
1328.6300799199353	29460.953	21.190924	0.8980791295366581	0.0007192885	0	1
1328.6314687994723	29151.271	21.092218	0.8894996885743969	0.0007235437	0	1
1328.6328576790106	28824.355	20.99227	0.8803424731878063	0.0007282824	0	1
1328.6342465580829	28564.88	20.911562	0.8731951437067043	0.00073207245	0	1
1328.6356354376198	28292.582	20.832159	0.8656079758586203	0.0007363117	0	1
1328.6370243171582	28022.012	20.7401	0.8580261320702589	0.000740136	0	1
1328.6384131966965	27767.611	20.66071	0.8508928638061045	0.0007440579	0	1
1328.6398020762344	27460.98	20.57016	0.842112328482391	0.0007490687	0	1
1328.6411909553062	27231.258	20.494389	0.8356446723782154	0.00075260527	0	1
1328.6425798348441	26947.76	20.404718	0.8274824253398543	0.00075719535	0	1
1328.6439687143818	26697.92	20.322525	0.820309581070889	0.00076120254	0	1
1328.6453575939195	26490.04	20.261715	0.8143838814927902	0.0007648805	0	1
1328.6467464729917	26270.352	20.18338	0.8080542653547181	0.000768295	0	1
1328.6481353525292	26070.266	20.126	0.8022873218264086	0.00077199057	0	1
1328.649524232067	25874.592	20.059557	0.7966168315297025	0.0007752608	0	1
1328.6509131116054	25724.168	20.006586	0.7923013377674165	0.000777735	0	1
1328.652301990678	25514.16	19.942722	0.7861128908633306	0.0007816335	0	1
1328.653690870215	25376.178	19.899279	0.7821064635931306	0.0007841716	0	1
1328.655079749753	25281.32	19.863932	0.7791916108201399	0.00078571576	0	1
1328.6564686292913	25156.748	19.820307	0.7753608461841613	0.00078787236	0	1
1328.6578575083627	25084.46	19.801922	0.7731415045889165	0.0007894099	0	1
1328.6592463879006	25007.09	19.775007	0.7707654154982087	0.00079077604	0	1
1328.660635267439	24964.379	19.758696	0.7694575763002511	0.0007914755	0	1
1328.6620241469766	24975.395	19.764503	0.7698056983094737	0.000791359	0	1
1328.6634130260486	24992.719	19.771936	0.7703482772969876	0.0007911079	0	1
1328.6648019055865	24995.205	19.773262	0.7704335163564732	0.0007910822	0	1
1328.6661907851249	25035.412	19.77959	0.771681445058511	0.0007900645	0	1
1328.6675796641966	25130.84	19.813513	0.7746315213168965	0.00078841427	0	1
1328.6689685437339	25232.56	19.84083	0.7777756397290971	0.0007863185	0	1
1328.6703574232724	25346.404	19.888287	0.7812935167900754	0.0007846591	0	1
1328.6717463023442	25456.537	19.917303	0.7846970828692361	0.00078240427	0	1
1328.6731351818821	25612.514	19.973797	0.789275256639846	0.0007798452	0	1
1328.6745240614205	25781.707	20.02777	0.7942238462246255	0.00077682093	0	1
1328.6759129404918	25946.02	20.084269	0.7989846236244854	0.000774079	0	1
1328.6773018200297	26149.562	20.146128	0.8049150815189869	0.0007704193	0	1
1328.678690699568	26435.822	20.235878	0.8133510388859017	0.00076547184	0	1
1328.6800795791055	26625.668	20.297081	0.8187795249292753	0.00076231256	0	1
1328.6814684581777	26841.422	20.3659	0.8249640598893462	0.0007587489	0	1
1328.6828573377156	27104.475	20.446854	0.8325598126137719	0.00075437187	0	1
1328.684246217254	27349.115	20.5304	0.8395463397978035	0.00075067877	0	1
1328.6856350963258	27629.73	20.615852	0.8475924889684905	0.0007461474	0	1
1328.6870239758628	27889.305	20.69505	0.8549474895302597	0.0007420425	0	1
1328.6884128549357	28172.908	20.783913	0.8629926841897081	0.0007377269	0	1
1328.6898017344733	28438.61	20.879177	0.8704422943789164	0.00073418417	0	1
1328.6911906140103	28698.932	20.949638	0.8776800299578554	0.0007299797	0	1
1328.692579493083	29031.234	21.04795	0.8870695342505279	0.0007250105	0	1
1328.6939683726216	29348.506	21.143602	0.8959480135192637	0.00072043197	0	1
1328.6953572521588	29611.133	21.235168	0.9031078880925433	0.0007171346	0	1
1328.6967461312306	29907.178	21.323889	0.9112366195631606	0.0007130024	0	1
1328.698135010769	30201.193	21.410505	0.9192517329422902	0.0007089291	0	1
1328.6995238903069	30506.285	21.503887	0.9275514083981556	0.00070490025	0	1
1328.7009127693789	30757.768	21.578424	0.9341694673222327	0.0007015602	0	1
1328.7023016489165	31084.676	21.675148	0.9430255887585263	0.00069729367	0	1
1328.7036905279888	31342.69	21.75101	0.9497383240237417	0.00069397397	0	1
1328.7050794075262	31697.027	21.85814	0.9593151610882682	0.00068959594	0	1
1328.7064682870641	31952.031	21.93425	0.9658307682532683	0.0006864744	0	1
1328.7078571661368	32283.383	22.028025	0.9745998380511683	0.00068233325	0	1
1328.7092460456747	32523.967	22.106956	0.9805747714986831	0.0006797128	0	1
1328.7106349247465	32830.48	22.195347	0.988484263645997	0.00067605916	0	1
1328.7120238042849	33111.766	22.278938	0.9955792169107927	0.0006728405	0	1
1328.713412683822	33420.22	22.36528	1.0034358734274653	0.00066921406	0	1
1328.714801562894	33660.777	22.433138	1.0092005278296308	0.0006664474	0	1
1328.7161904432405	33933.18	22.514212	1.0158679784428621	0.00066348666	0	1
1328.7175793242986	34222.742	22.605206	1.0229951103583852	0.0006605317	0	1
1328.7189682061935	34457.06	22.666328	1.0284185611487102	0.0006578138	0	1
1328.7203570880886	34700.973	22.739302	1.034078448562943	0.00065529294	0	1
1328.721745969518	34968.4	22.814095	1.040387599661162	0.00065242033	0	1
1328.7231348514129	35234.26	22.886244	1.0465980320711314	0.00064954517	0	1
1328.7245237328423	35475.06	22.959764	1.0520131698204982	0.00064720865	0	1
1328.7259126147374	35726.727	23.026186	1.0577009254153253	0.0006445087	0	1
1328.7273014961659	35944.74	23.090206	1.0623439721704673	0.0006423807	0	1
1328.728690378061	36188.56	23.15642	1.0677022298458434	0.00063988235	0	1
1328.730079259491	36356.766	23.201715	1.07078501927452	0.0006381678	0	1
1328.7314681413852	36557.008	23.260958	1.0747694463425423	0.00063629274	0	1
1328.7328570232796	36739.074	23.31746	1.0781774429622966	0.00063467736	0	1
1328.7342459047095	36996.95	23.38388	1.083765562949509	0.0006320489	0	1
1328.7356347866053	37095.85	23.411373	1.0846572333731055	0.00063110486	0	1
1328.737023668034	37313.664	23.468195	1.0889888880485332	0.00062894373	0	1
1328.7384125499282	37512.816	23.524	1.0927342289750812	0.0006270924	0	1
1328.7398014313583	37653.016	23.567585	1.0947254562841102	0.00062591495	0	1
1328.7411903132534	37786.3	23.601501	1.0964831614696364	0.0006246047	0	1
1328.7425791946819	38000.758	23.658598	1.1005603277728402	0.0006225823	0	1
1328.743968076577	38110.5	23.6941	1.1015708368139305	0.00062172103	0	1
1328.7453569580061	38243.56	23.72776	1.1032266892715588	0.0006204381	0	1
1328.7467458399012	38335.734	23.751535	1.103676345471809	0.0006195665	0	1
1328.7481347213306	38427.547	23.780832	1.1040918709457612	0.00061884854	0	1
1328.7495236032255	38545.953	23.81161	1.1052470824552847	0.00061774603	0	1
1328.750912484655	38568.465	23.821135	1.1036331232288144	0.0006176324	0	1
1328.7523013665493	38666.05	23.841341	1.1041499043023308	0.00061659625	0	1
1328.7536902479787	38724.785	23.85643	1.1035384430488595	0.0006160507	0	1
1328.7550791298736	38716.434	23.857677	1.1010035438348675	0.0006162158	0	1
1328.756468011303	38757.46	23.864834	1.0998630753689091	0.0006157481	0	1
1328.757856893198	38740.71	23.867836	1.0970745686247276	0.0006160918	0	1
1328.7592457746266	38760.297	23.862123	1.0953087429613557	0.00061563315	0	1
1328.7606346565217	38721.42	23.85913	1.091886782459743	0.00061617396	0	1
1328.7620235379516	38786.434	23.875319	1.0913882719151218	0.00061555847	0	1
1328.7634124198466	38790.914	23.878288	1.0891787308348724	0.00061556394	0	1
1328.7648013012754	38813.867	23.884104	1.0874834431085123	0.00061534974	0	1
1328.7661901827046	38856.93	23.893116	1.0863456399335996	0.00061489973	0	1
1328.7675790646003	38909.434	23.91174	1.0854648785705534	0.0006145486	0	1
1328.768967946029	38877.957	23.899715	1.0822396783138026	0.0006147369	0	1
1328.7703568279233	38859.355	23.898226	1.0793763411478883	0.00061499287	0	1
1328.7717457093534	38941.387	23.915287	1.0793056260632183	0.00061413547	0	1
1328.7731345912484	38880.176	23.905485	1.0752655233971395	0.00061485026	0	1
1328.774523472677	38897.03	23.90458	1.073389843755999	0.0006145605	0	1
1328.775912354572	38962.914	23.921589	1.0728656334735776	0.0006139579	0	1
1328.7773012360021	38946.715	23.927002	1.070082509575335	0.00061435223	0	1
1328.7786901174313	38978.047	23.931168	1.0686094046762402	0.00061396527	0	1
1328.7800789993257	39030.9	23.943735	1.0677269362173498	0.0006134559	0	1
1328.781467880755	38995.754	23.9414	1.0644426026992801	0.0006139489	0	1
1328.78285676265	39036.156	23.94929	1.063227221879931	0.00061351556	0	1
1328.7842456440794	39013.9	23.937012	1.060311882425028	0.0006135509	0	1
1328.7856345255086	39027.11	23.943995	1.058369509116446	0.00061352213	0	1
1328.787023407403	39077.78	23.955359	1.057448406706333	0.00061301736	0	1
1328.7884122888322	39075.43	23.951082	1.0550994405392047	0.00061294483	0	1
1328.789801170728	39070.05	23.958693	1.0526796135313279	0.000613224	0	1
1328.7911900521574	39119.508	23.96992	1.0517457600009321	0.0006127357	0	1
1328.792578933586	39122.984	23.969328	1.049584324753371	0.00061266613	0	1
1328.795356696911	39146.613	23.975676	1.0457432084695966	0.0006124585	0	1
1328.7967455788053	39124.188	23.96812	1.0429278217652909	0.0006126164	0	1
1328.798134460234	39224.58	23.99081	1.0433959969561688	0.000611627	0	1
1328.799523341664	39218.117	23.992334	1.0410312090755807	0.0006117666	0	1
1328.800912223559	39245.96	24.00281	1.0395910262911316	0.0006115995	0	1
1328.8023011049877	39236.85	24.002386	1.0371866773554104	0.0006117307	0	1
1328.8036899864169	39259.46	24.005424	1.0356363017796228	0.00061145576	0	1
1328.805078868312	39246.0	24.003996	1.033150689353893	0.0006116291	0	1
1328.8064677497414	39272.523	24.014858	1.0317342450527378	0.0006114926	0	1
1328.8078566311706	39372.66	24.033138	1.0322727471569078	0.0006104017	0	1
1328.8092455130657	39266.49	24.00787	1.027410992673952	0.0006114086	0	1
1328.810634394495	39339.816	24.02523	1.0272559984643093	0.0006107103	0	1
1328.8120232759243	39364.574	24.03295	1.0258569911196316	0.0006105223	0	1
1328.8134121578194	39343.61	24.029125	1.0232859093601079	0.0006107504	0	1
1328.8148010392479	39398.22	24.039639	1.022698843677593	0.0006101707	0	1
1328.8161899206773	39425.03	24.049147	1.02140666144998	0.0006099969	0	1
1328.817578802573	39400.402	24.045784	1.0188026349649304	0.00061029283	0	1
1328.8189676840016	39449.098	24.049332	1.0181148239762392	0.00060962944	0	1
1328.8203565654303	39402.418	24.04414	1.0149872393151491	0.0006102199	0	1
1328.821745447326	39506.86	24.07006	1.0157718815205072	0.00060926285	0	1
1328.8231343287562	39455.098	24.056814	1.012560389615651	0.0006097264	0	1
1328.8245232101847	39439.867	24.05112	1.0103125622545202	0.0006098175	0	1
1328.825912092079	39488.76	24.061493	1.0097291436027842	0.00060932507	0	1
1328.827300973509	39560.312	24.084507	1.0097431730193471	0.00060880475	0	1
1328.8286898549384	39552.582	24.083897	1.007754748779018	0.0006089083	0	1
1328.8300787368328	39511.723	24.066984	1.0049488043586365	0.00060911	0	1
1328.8314676182622	39558.918	24.085001	1.0044068950318144	0.00060883875	0	1
1328.8328564996914	39619.945	24.101368	1.004236485376924	0.000608314	0	1
1328.8342453811206	39580.055	24.089079	1.0015325639801258	0.0006086166	0	1
1328.8356342630157	39622.758	24.097496	1.0009441418907135	0.00060817314	0	1
1328.837023144445	39592.86	24.086512	0.9985470689436159	0.0006083549	0	1
1328.8384120258743	39634.758	24.102922	0.997986486857792	0.0006081259	0	1
1328.8398009077694	39652.72	24.112585	0.9968472517829273	0.0006080941	0	1
1328.8411897891988	39625.71	24.097273	0.9946046614578287	0.00060812215	0	1
1328.8425786706275	39623.16	24.101805	0.9930041315880179	0.0006082757	0	1
1328.8439675520567	39658.38	24.107523	0.992376178645494	0.0006078797	0	1
1328.8453564339525	39697.984	24.117563	0.9918827048962436	0.00060752616	0	1
1328.8467453153812	39742.477	24.135456	0.9915360082898754	0.00060729624	0	1
1328.8481341968097	39692.754	24.11428	0.9888669481604041	0.0006075235	0	1
1328.8495230782398	39690.94	24.116482	0.987421559034521	0.0006076067	0	1
1328.8509119601354	39711.438	24.125982	0.986558951819256	0.00060753233	0	1
1328.852300841564	39769.457	24.135197	0.9866545324114346	0.00060687773	0	1
1328.8536897229928	39762.184	24.138155	0.9851574098873156	0.0006070631	0	1
1328.8550786044227	39810.844	24.14498	0.9850738573074275	0.0006064925	0	1
1328.8564674858521	39789.332	24.140099	0.9832823870037843	0.00060669775	0	1
1328.8578563677465	39804.305	24.150152	0.9824222056032711	0.00060672214	0	1
1328.8592452491757	39814.65	24.150404	0.981476646440612	0.0006065708	0	1
1328.8606341306051	39857.816	24.164606	0.9813684770175101	0.0006062702	0	1
1328.8620230120346	39805.426	24.146784	0.9789377297939895	0.0006066204	0	1
1328.8634118939294	39783.68	24.143026	0.9772928559233042	0.00060685753	0	1
1328.8648007753588	39873.047	24.16638	0.9784059334740408	0.0006060831	0	1
1328.8661896567883	39813.445	24.14752	0.97589322158389	0.0006065167	0	1
1328.8675785382175	39860.812	24.16264	0.9760334034956479	0.0006061753	0	1
1328.8689674196469	39824.137	24.148293	0.9741461256691558	0.0006063733	0	1
1328.870356301541	39879.645	24.163265	0.9745441631686574	0.00060590473	0	1
1328.8717451829705	39900.504	24.17184	0.9741246538755348	0.00060580287	0	1
1328.8731340644006	39894.156	24.169138	0.973071688452896	0.00060583156	0	1
1328.874522945829	39886.016	24.167793	0.9720065307161976	0.0006059215	0	1
1328.8759118272578	39929.055	24.17601	0.9722191977868496	0.00060547417	0	1
1328.877300708688	39861.96	24.164501	0.9697821841375552	0.0006062045	0	1
1328.8786895905835	39894.453	24.170094	0.9698001698673062	0.000605851	0	1
1328.8800784720122	39914.766	24.171928	0.9695526881678213	0.00060558866	0	1
1328.8814673534407	39941.508	24.176804	0.9694922547429047	0.00060530525	0	1
1328.8842451163002	39892.44	24.164877	0.9669784214256758	0.00060575077	0	1
1328.8856339977287	39914.75	24.171602	0.9669052737481217	0.0006055807	0	1
1328.8870228796238	39947.45	24.184742	0.9671150376641607	0.0006054139	0	1
1328.8884117610532	39952.324	24.18655	0.9666827612381818	0.0006053853	0	1
1328.8898006424824	39988.293	24.19575	0.9670344775243352	0.00060507085	0	1
1328.8911895239119	39902.516	24.164288	0.9644748640055847	0.0006055831	0	1
1328.8925784053413	39973.66	24.189224	0.9657406666277475	0.00060512905	0	1
1328.8939672867705	39949.152	24.178623	0.9647273788901827	0.00060523493	0	1
1328.8953561682	39981.996	24.187878	0.9651313972479625	0.0006049692	0	1
1328.8967450496293	39978.1	24.187168	0.9646807603573241	0.0006050104	0	1
1328.8981339315235	40027.258	24.200178	0.9655423833943081	0.00060459244	0	1
1328.899522812953	39996.95	24.19643	0.9645195399857679	0.0006049569	0	1
1328.900911694383	39980.004	24.185566	0.9638518591242305	0.00060494157	0	1
1328.9023005758115	39941.03	24.176796	0.962686058510393	0.00060531223	0	1
1328.9036894572403	39987.402	24.192245	0.9636098523625841	0.0006049967	0	1
1328.9050783386701	39958.207	24.181091	0.9627451959217	0.00060515956	0	1
1328.9064672201002	39960.387	24.17909	0.9626692302593639	0.0006050765	0	1
1328.907856101529	39956.652	24.177357	0.9624834456684801	0.00060508965	0	1
1328.9092449829575	39976.05	24.184559	0.9628875263541635	0.0006049762	0	1
1328.9106338643876	39944.465	24.1811	0.9620962415582933	0.000605368	0	1
1328.9120227462827	39961.65	24.18261	0.962512296268963	0.00060514547	0	1
1328.9134116277112	39951.695	24.177649	0.9623074035238527	0.000605172	0	1
1328.9148005091406	39991.312	24.190062	0.963329218349047	0.0006048829	0	1
1328.9161893905698	39989.727	24.186226	0.9633912615465876	0.000604811	0	1
1328.9175782719992	39938.918	24.17447	0.9622999833871362	0.0006052861	0	1
1328.9189671534286	40019.68	24.19633	0.9644115812596661	0.0006046108	0	1
1328.9203560348578	39956.254	24.172354	0.9630811709510843	0.0006049705	0	1
1328.9217449162873	39956.19	24.173565	0.9633103069322951	0.00060500175	0	1
1328.9231337977167	39971.984	24.183455	0.9639543744184129	0.0006050101	0	1
1328.9245226791459	39886.94	24.15616	0.9621987318748662	0.0006056158	0	1
1328.9259115605746	39928.508	24.168869	0.9635294662808599	0.00060530356	0	1
1328.927300442004	39967.64	24.177322	0.9648346147899819	0.0006049224	0	1
1328.928689323434	39912.438	24.160772	0.9638947036402761	0.0006053444	0	1
1328.9300782048626	39899.61	24.158997	0.9640098272094939	0.00060549454	0	1
1328.9314670862914	39971.91	24.178291	0.9662147225708554	0.0006048821	0	1
1328.9328559677213	39862.945	24.14548	0.9640697920636154	0.00060571235	0	1
1328.9342448491514	39928.402	24.164055	0.9661748594007379	0.00060518464	0	1
1328.9356337305799	39926.27	24.164139	0.9666773822373674	0.00060521904	0	1
1328.9370226120086	39911.41	24.16101	0.9669036090624605	0.000605366	0	1
1328.9384114934387	39880.176	24.151838	0.9667644314388738	0.00060561014	0	1
1328.939800374868	39955.414	24.170961	0.9692544681890292	0.0006049483	0	1
1328.9411892562966	39853.527	24.14165	0.9674482058644087	0.0006057594	0	1
1328.942578137726	39856.414	24.145168	0.9682308537616554	0.00060580386	0	1
1328.9439670191555	39857.715	24.144503	0.9690066955642728	0.00060576736	0	1
1328.9453559005847	39786.29	24.1216	0.9680446257996318	0.0006062792	0	1
1328.946744782014	39850.05	24.141357	0.9704031259663773	0.00060580496	0	1
1328.9481336634435	39847.18	24.142063	0.9711716156869479	0.0006058663	0	1
1328.9495225448727	39824.176	24.132788	0.9714801108241155	0.00060598337	0	1
1328.950911426302	39815.438	24.130106	0.9721670321267417	0.00060604897	0	1
1328.9523003077313	39772.734	24.120686	0.9720544501948521	0.0006064628	0	1
1328.95368918916	39781.527	24.123575	0.9732305137882855	0.0006064014	0	1
1328.9550780705895	39809.547	24.131115	0.9749085938489699	0.00060616405	0	1
1328.9564669520194	39772.91	24.120548	0.9750336760090471	0.0006064567	0	1
1328.957855833448	39729.67	24.103798	0.9750253050846299	0.00060669513	0	1
1328.9592447148766	39763.35	24.11733	0.9769346865434901	0.00060652156	0	1
1328.9606335963067	39746.07	24.115524	0.9776226353933439	0.00060673984	0	1
1328.9620224777368	39723.39	24.102404	0.9782066800446384	0.00060675596	0	1
1328.9634113591655	39747.266	24.112331	0.9799670492574485	0.0006066413	0	1
1328.964800240594	39699.242	24.096655	0.9799837147618619	0.00060698023	0	1
1328.9661891220242	39689.754	24.0942	0.980979374782501	0.00060706347	0	1
1328.9675780034536	39706.973	24.09885	0.9826646943287956	0.00060691737	0	1
1328.968966884882	39688.133	24.090837	0.9834867166054333	0.0006070036	0	1
1328.9703557663115	39636.805	24.082926	0.9835302936715247	0.00060759	0	1
1328.9717446477407	39676.887	24.09159	0.9858704482640586	0.0006071946	0	1
1328.9731335291701	39637.707	24.078526	0.9862696899990915	0.00060746516	0	1
1328.9745224105995	39651.348	24.083048	0.9880106401094952	0.0006073702	0	1
1328.9759112920287	39572.5	24.062809	0.9874727542956336	0.00060806895	0	1
1328.9773001729925	39617.22	24.073755	0.9900449041833039	0.0006076589	0	1
1328.978689054422	39556.77	24.056124	0.9900158804343967	0.00060814177	0	1
1328.980077935851	39584.168	24.061037	0.9922116078701977	0.00060784497	0	1
1328.9814668172799	39588.18	24.064476	0.9938494457933099	0.0006078702	0	1
1328.982855698709	39522.652	24.042694	0.9937659616465694	0.0006083269	0	1
1328.9842445801391	39538.008	24.053652	0.9957408045296839	0.00060836785	0	1
1328.9856334615679	39519.0	24.039837	0.9968763763552954	0.00060831086	0	1
1328.9870223429964	39520.81	24.045734	0.99856236378603	0.0006084322	0	1
1328.9884112244265	39493.387	24.04229	0.9995344460364142	0.0006087675	0	1
1328.9898001053907	39513.35	24.04637	1.0017309561794605	0.00060856313	0	1
1328.9911889868195	39405.535	24.013918	1.000709300145056	0.0006094047	0	1
1328.9925778682482	39447.5	24.018082	1.0035132831949471	0.00060886197	0	1
1328.9939667496783	39441.992	24.020147	1.0051356660179243	0.00060899934	0	1
1328.9953556311075	39458.355	24.032986	1.0073400364321319	0.00060907216	0	1
1328.9967445125362	39430.15	24.01531	1.008429813069696	0.0006090596	0	1
1328.9981333939654	39400.01	24.012957	1.0094909815732749	0.0006094657	0	1
1328.9995222753948	39412.78	24.011238	1.01167374175897	0.00060922466	0	1
1329.0009111563586	39282.68	23.977211	1.010213914930631	0.0006103762	0	1
1329.0023000377878	39393.043	24.002663	1.0149441048104866	0.0006093122	0	1
1329.0036889192172	39319.14	23.985893	1.0149580405710783	0.00061003095	0	1
1329.0050778006466	39325.41	23.98761	1.01705967951565	0.00060997735	0	1
1329.0064666820758	39293.14	23.983114	1.018184388948413	0.0006103639	0	1
1329.0078555635052	39303.59	23.986473	1.020435625753846	0.00061028707	0	1
1329.009244444468	39185.273	23.946264	1.0193644012911593	0.00061110366	0	1
1329.0106333258975	39291.57	23.9843	1.0241435514601998	0.0006104185	0	1
1329.0120222073276	39252.996	23.964426	1.025175340650272	0.00061051204	0	1
1329.0134110887561	39181.35	23.954664	1.0253565412306287	0.0006113792	0	1
1329.0147999701849	39194.08	23.95604	1.0277609752858425	0.0006112158	0	1
1329.016188851615	39181.723	23.952782	1.029525602865039	0.0006113254	0	1
1329.0175777325794	39180.484	23.944942	1.0315990081600332	0.00061114464	0	1
1329.018966614008	39153.06	23.938612	1.0329982488753764	0.00061141106	0	1
1329.0203554954367	39163.562	23.942535	1.0354136611991596	0.0006113472	0	1
1329.0217443768665	39115.008	23.931145	1.0362814154724946	0.0006118149	0	1
1329.023133258296	39156.66	23.943357	1.0395539636057414	0.00061147596	0	1
1329.0245221392588	39133.848	23.935835	1.0411308479241865	0.0006116402	0	1
1329.0259110206882	39093.746	23.923641	1.0422584286850878	0.0006119557	0	1
1329.0272999021176	39072.234	23.917076	1.043891755063811	0.0006121246	0	1
1329.0286887835468	39072.527	23.920418	1.0461194450557392	0.00061220553	0	1
1329.0300776645106	39021.234	23.908527	1.0469754816620789	0.00061270554	0	1
1329.03146654594	39036.945	23.908262	1.0496390568169596	0.00061245216	0	1
1329.0328554273692	39083.22	23.923233	1.053139156773382	0.0006121101	0	1
1329.0342443087986	38996.52	23.892021	1.0530643682992968	0.0006126706	0	1
1329.035633190228	38939.016	23.889303	1.053779489171834	0.0006135056	0	1
1329.0370220711911	39008.2	23.90061	1.0579329893148517	0.00061270734	0	1
1329.0384109526203	38870.477	23.862442	1.0564795708622876	0.0006138963	0	1
1329.0397998340504	38926.445	23.88154	1.0602936720317597	0.00061350426	0	1
1329.0411887154792	38934.234	23.881102	1.0628063918806383	0.00061337027	0	1
1329.042577596442	38918.92	23.87668	1.0646945509205235	0.000613498	0	1
1329.0439664778721	38889.492	23.866367	1.066199643907904	0.00061369705	0	1
1329.045355359302	38885.668	23.872686	1.0684098276430933	0.0006139199	0	1
1329.0467442407307	38922.51	23.8739	1.071743692017074	0.00061337	0	1
1329.0481331216938	38795.938	23.842741	1.0705760174717278	0.000614568	0	1
1329.0495220031237	38856.184	23.861937	1.0745625293847598	0.0006141091	0	1
1329.050910884553	38797.55	23.838387	1.0752636211291506	0.0006144302	0	1
1329.0522997655162	38747.562	23.826962	1.0761990781463862	0.000614928	0	1
1329.0536886469454	38809.32	23.847273	1.0802394518094152	0.00061447284	0	1
1329.0550775283748	38792.344	23.845488	1.0820906833351736	0.0006146957	0	1
1329.0564664098042	38797.223	23.840353	1.0845497411026805	0.00061448605	0	1
1329.0578552907677	38788.383	23.842033	1.0866231532343438	0.00061466946	0	1
1329.0592441721972	38737.062	23.830252	1.087500183317606	0.00061517966	0	1
1329.0606330536266	38746.824	23.82991	1.0900859773751739	0.00061501586	0	1
1329.0620219345901	38695.68	23.816738	1.0909513933709747	0.0006154883	0	1
1329.0634108160193	38721.316	23.822857	1.09397474175279	0.0006152388	0	1
1329.064799697448	38686.656	23.814928	1.0952879116316374	0.0006155851	0	1
1329.0661885784118	38643.77	23.802362	1.0963566159328961	0.0006159431	0	1
1329.0675774598417	38595.28	23.786942	1.0972531788485003	0.0006163173	0	1
1329.0689663412704	38516.902	23.773165	1.0972838073333921	0.00061721384	0	1
1329.0703552222335	38419.2	23.735874	1.0967440510562796	0.00061781285	0	1
1329.0717441036636	38285.754	23.699697	1.0951600802388037	0.0006190213	0	1
1329.0731329850935	38186.223	23.684958	1.0945214225311044	0.0006202488	0	1
1329.0745218660566	38090.082	23.65411	1.0939565173516757	0.00062100444	0	1
1329.075910747485	37945.742	23.606682	1.0919805270964729	0.0006221167	0	1
1329.0772996289152	37805.83	23.575027	1.090101841073204	0.0006235818	0	1
1329.078688509879	37652.06	23.5318	1.0877923151296596	0.0006249804	0	1
1329.0800773913074	37470.883	23.480722	1.084656642414431	0.0006266392	0	1
1329.0814662727369	37311.168	23.43771	1.082106808546196	0.00062816875	0	1
1329.0828551537006	37113.09	23.381191	1.0784073772246507	0.0006299985	0	1
1329.0842440351298	36924.227	23.326647	1.074936488388712	0.0006317437	0	1
1329.0856329165592	36791.984	23.291895	1.0730776972819227	0.00063306984	0	1
1329.087021797523	36510.043	23.208212	1.0668109060978068	0.00063566654	0	1
1329.0884106789522	36364.086	23.169188	1.0644743605794798	0.0006371448	0	1
1329.089799559916	36121.562	23.105896	1.059269480847027	0.00063967047	0	1
1329.0911884413454	35855.81	23.02597	1.0533350267328916	0.0006421824	0	1
1329.0925773227739	35683.535	22.977823	1.0501016067136313	0.0006439335	0	1
1329.0939662037376	35487.785	22.923353	1.0461353116995382	0.0006459505	0	1
1329.0953550851677	35219.402	22.85168	1.0399806105084424	0.0006488378	0	1
1329.0967439661306	34986.45	22.782436	1.0348226041056579	0.0006511789	0	1
1329.0981328475593	34698.508	22.703568	1.0279874447905053	0.00065430964	0	1
1329.1009106099536	34206.785	22.559752	1.0166574833679785	0.000659511	0	1
1329.1022994913824	33978.58	22.48749	1.0114431050194521	0.0006618137	0	1
1329.1036883723452	33753.008	22.432722	1.0062587349451377	0.000664614	0	1
1329.1050772537753	33415.44	22.323265	0.9976819453926058	0.00066805235	0	1
1329.1064661352048	33199.64	22.269995	0.9926875017069399	0.0006707902	0	1
1329.1078550161676	32894.438	22.177496	0.9849681033806694	0.000674202	0	1
1329.109243897597	32639.008	22.101809	0.9786855915443966	0.00067715935	0	1
1329.1106327785606	32343.994	22.017538	0.9711631578395854	0.0006807303	0	1
1329.11202165999	32108.895	21.947336	0.9653875989595948	0.00068352825	0	1
1329.1134105409537	31787.76	21.85071	0.9569722932251121	0.0006873938	0	1
1329.114799422383	31518.916	21.771664	0.9500770406091451	0.00069074915	0	1
1329.1161883038124	31265.756	21.69485	0.9436031589449588	0.0006938854	0	1
1329.117577184776	30900.018	21.5886	0.933676980699726	0.0006986598	0	1
1329.1189660662053	30672.035	21.520527	0.927859751040094	0.00070163346	0	1
1329.1203549471684	30390.54	21.426405	0.9203734757435023	0.00070503535	0	1
1329.1217438285976	30059.39	21.33759	0.9113301345165967	0.0007098477	0	1
1329.123132709562	29851.629	21.262243	0.9059770115227712	0.0007122641	0	1
1329.1245215909908	29502.201	21.165274	0.8962737316087835	0.0007174134	0	1
1329.1259104719538	29271.213	21.08583	0.8901176216997086	0.00072036067	0	1
1329.1272993533837	29008.973	21.004389	0.8829632048284555	0.00072406523	0	1
1329.1286882343481	28719.2	20.919931	0.8749215759243704	0.00072843017	0	1
1329.1300771157767	28424.547	20.825579	0.8666818258175056	0.00073266175	0	1
1329.1314659967397	28184.42	20.757284	0.8600569534242484	0.0007364808	0	1
1329.1328548781698	27939.502	20.674963	0.8532400211872017	0.0007399904	0	1
1329.1342437591334	27712.5	20.606186	0.8469251647087445	0.0007435701	0	1
1329.135632640562	27468.217	20.524563	0.8400376587637768	0.00074721134	0	1
1329.1370215215259	27190.412	20.437696	0.8320800085830278	0.00075165083	0	1
1329.1384104029553	27004.686	20.376514	0.8268968824087254	0.00075455476	0	1
1329.1397992839188	26752.713	20.298899	0.8196431152511875	0.0007587604	0	1
1329.141188165348	26612.312	20.251451	0.8157667710304966	0.00076098053	0	1
1329.1425770463118	26435.617	20.198227	0.8107386368887236	0.00076405355	0	1
1329.1439659277412	26229.621	20.120466	0.8047721659723138	0.0007670895	0	1
1329.1453548087047	26117.762	20.092556	0.8016555564464628	0.0007693062	0	1
1329.1467436901341	25949.771	20.041033	0.7967785588360636	0.00077230093	0	1
1329.1481325710972	25820.094	19.997189	0.7928332252659126	0.0007744816	0	1
1329.1495214525266	25733.885	19.968952	0.7902223447323277	0.0007759789	0	1
1329.1509103334909	25705.236	19.949305	0.7893788441155377	0.0007760794	0	1
1329.1536880958824	25549.588	19.912355	0.7846710677692874	0.0007793611	0	1
1329.1550769768469	25575.775	19.923147	0.7855113779541342	0.0007789851	0	1
1329.156465858277	25529.404	19.904	0.784123163573027	0.00077965	0	1
1329.15785473924	25613.162	19.926878	0.7867318508876979	0.00077799364	0	1
1329.1592436206686	25597.086	19.929995	0.7862741442118945	0.00077860407	0	1
1329.160632501633	25663.98	19.942785	0.7883651509868107	0.000777073	0	1
1329.1620213830624	25758.754	19.981953	0.7913127939355321	0.0007757344	0	1
1329.1634102640253	25854.67	20.01209	0.7942958092816316	0.0007740223	0	1
1329.164799144989	26004.732	20.060768	0.7989426393821075	0.0007714276	0	1
1329.1661880264182	26138.895	20.105257	0.8028559007173655	0.0007691701	0	1
1329.167576907382	26295.459	20.155502	0.8074199223882601	0.00076650124	0	1
1329.1689657888114	26453.004	20.204412	0.8119760425626136	0.0007637852	0	1
1329.170354669775	26646.777	20.259373	0.8176052775957378	0.00076029357	0	1
1329.1717435512044	26906.66	20.34829	0.8252221774827884	0.00075625477	0	1
1329.1731324321681	27076.615	20.395641	0.8300399317378466	0.00075325667	0	1
1329.1745213131317	27280.998	20.469582	0.8358721974906631	0.00075032376	0	1
1329.1759101945604	27538.436	20.549768	0.8432871784298313	0.00074622134	0	1
1329.178687956954	28000.453	20.69195	0.8563665834667815	0.00073898624	0	1
1329.18146571888	28500.72	20.847502	0.8704355892722918	0.0007314728	0	1
1329.18285460031	28840.252	20.957659	0.8801286114990918	0.00072668085	0	1
1329.1842434812743	29033.79	21.020454	0.885318281691714	0.0007239997	0	1
1329.1856323622374	29347.027	21.115557	0.8941099781013738	0.00071951264	0	1
1329.187021243666	29591.256	21.190847	0.9007493811522915	0.00071611855	0	1
1329.1884101246305	29901.77	21.285748	0.9093561766416443	0.00071185577	0	1
1329.189799005594	30184.193	21.37131	0.9170568053058408	0.00070802984	0	1
1329.1911878870228	30435.887	21.449293	0.9237730970699739	0.0007047369	0	1
1329.1953545303795	31278.143	21.70203	0.9462571702034177	0.0006938401	0	1
1329.1981322927725	31885.885	21.88312	0.9623771345083841	0.00068629486	0	1
1329.1995211737362	32159.656	21.964064	0.9694467410174623	0.00068296946	0	1
1329.2009100546998	32425.373	22.042704	0.9762203515625766	0.000679798	0	1
1329.2022989361292	32737.824	22.138006	0.9843460923694928	0.00067622104	0	1
1329.203687817092	32985.844	22.212128	0.9904801770946688	0.00067338365	0	1
1329.2092433414118	34100.773	22.531412	1.0181657923919414	0.00066073023	0	1
1329.2106322223763	34342.086	22.601873	1.0238352179360175	0.00065813924	0	1
1329.2120211038064	34582.83	22.670923	1.029436547455081	0.00065555435	0	1
1329.2134099847692	34808.074	22.73883	1.0345264196030834	0.0006532631	0	1
1329.2147988657323	35061.094	22.800053	1.040391191307749	0.00065029494	0	1
1329.2161877471622	35292.152	22.873142	1.045553712350591	0.0006481084	0	1
1329.217576628126	35547.227	22.948355	1.0513772689309326	0.0006455737	0	1
1329.2189655090888	35769.56	23.00713	1.056182689527333	0.0006432042	0	1
1329.2203543900525	35987.043	23.070457	1.0607974418713344	0.00064107677	0	1
1329.2217432714826	36230.977	23.13338	1.0661435968995754	0.0006384973	0	1
1329.2231321524464	36420.434	23.193085	1.069840306303445	0.00063681515	0	1
1329.2245210334092	36633.895	23.247759	1.0741977366139426	0.000634597	0	1
1329.225909914373	36805.168	23.29841	1.077275199104157	0.00063302007	0	1
1329.2272987958022	37054.008	23.367785	1.0825787093457422	0.00063064124	0	1
1329.228687676766	37221.71	23.413687	1.0854681539506832	0.0006290331	0	1
1329.2300765577297	37359.543	23.448341	1.0874495147687508	0.00062763994	0	1
1329.2314654386928	37533.96	23.495989	1.090459109421996	0.0006259928	0	1
1329.232854320122	37757.2	23.561295	1.0948462909706025	0.0006240212	0	1
1329.2342432010864	37859.242	23.588335	1.0956830885643258	0.0006230535	0	1
1329.23563208205	38057.1	23.642635	1.0992589163314115	0.0006212411	0	1
1329.237020963013	38136.73	23.666811	1.0993877451481742	0.0006205779	0	1
1329.2425764873328	38592.54	23.786062	1.10359253279045	0.00061633834	0	1
1329.2439653687627	38670.293	23.80845	1.1035456470634555	0.00061567803	0	1
1329.2453542497265	38683.22	23.812658	1.1016324108551199	0.0006155811	0	1
1329.2467431306895	38775.55	23.83886	1.1019641919036893	0.000614791	0	1
1329.248132011653	38744.92	23.834541	1.0987886629057995	0.00061516557	0	1
1329.2495208926175	38741.848	23.830057	1.0963882498907958	0.00061509863	0	1
1329.2509097740467	38795.67	23.845583	1.095587570445061	0.0006146454	0	1
1329.2522986550098	38745.67	23.830769	1.091848108476416	0.00061505625	0	1
1329.2536875359735	38828.78	23.850407	1.0918519573618344	0.00061424554	0	1
1329.2550764169373	38792.17	23.84569	1.0884817198417813	0.00061470363	0	1
1329.2564652979008	38791.88	23.847383	1.0861287417219034	0.00061475195	0	1
1329.2578541788644	38873.195	23.868568	1.0860526957377774	0.00061401096	0	1
1329.259243060293	38843.055	23.858534	1.0828573272241162	0.00061422907	0	1
1329.2606319412569	38874.098	23.8689	1.081366095114014	0.00061400526	0	1
1329.262020822221	38835.824	23.850508	1.0779464672311982	0.00061413675	0	1
1329.2634097031848	38902.62	23.871933	1.0774416534744338	0.000613633	0	1
1329.264798584148	38902.223	23.868618	1.0750727423380746	0.0006135541	0	1
1329.2661874651117	38939.746	23.880903	1.0737513147616011	0.00061327836	0	1
1329.2675763465415	38912.777	23.879642	1.0706534274085233	0.00061367097	0	1
1329.2689652275046	38932.312	23.879381	1.06883881102495	0.00061335636	0	1
1329.2703541084675	38961.61	23.886177	1.0672933056670761	0.00061306957	0	1
1329.271742989432	38990.52	23.893026	1.0657385133830566	0.00061279064	0	1
1329.2731318703957	38976.05	23.89562	1.063002717179465	0.0006130847	0	1
1329.2745207513585	39058.887	23.909857	1.0629229208822146	0.00061214896	0	1
1329.2759096323223	39028.652	23.903324	1.059769955964652	0.00061245577	0	1
1329.2772985132865	39068.723	23.918701	1.0585331463785337	0.00061222125	0	1
1329.278687394716	39061.508	23.912153	1.0560216363589643	0.00061216665	0	1
1329.280076275679	39068.344	23.91752	1.0538990985368661	0.0006121969	0	1
1329.2814651566428	39116.13	23.9291	1.052887741525054	0.0006117451	0	1
1329.2828540376063	39121.22	23.930218	1.050734475512182	0.00061169406	0	1
1329.28424291857	39064.613	23.911715	1.046938245623232	0.00061210676	0	1
1329.2856317995338	39162.402	23.941942	1.0472891381574287	0.0006113502	0	1
1329.2870206804967	39185.418	23.944916	1.0456457745430001	0.000611067	0	1
1329.2884095614604	39121.105	23.925226	1.0416874215062355	0.0006115683	0	1
1329.2897984424249	39205.203	23.954268	1.0416932593637602	0.00061099714	0	1
1329.291187323854	39229.156	23.962023	1.0401090512624347	0.00061082176	0	1
1329.2925762048171	39159.332	23.93447	1.0360557762183527	0.0006112073	0	1
1329.2939650857807	39198.188	23.949726	1.0348949255556272	0.0006109906	0	1
1329.295353966745	39252.17	23.962292	1.0341441886091693	0.0006104705	0	1
1329.2967428477082	39272.34	23.971941	1.0325148288149149	0.00061040267	0	1
1329.298131728671	39306.31	23.986225	1.0312622941050682	0.0006102386	0	1
1329.2995206096355	39254.87	23.9667	1.0277874081223497	0.0006105408	0	1
1329.3009094905992	39270.65	23.96841	1.026092275211509	0.00061033905	0	1
1329.302298371562	39332.066	23.98954	1.0256040295286004	0.0006099232	0	1
1329.3036872525258	39278.062	23.963533	1.0221246627243425	0.0006100997	0	1
1329.3050761334903	39343.26	23.982225	1.0217661671894065	0.0006095637	0	1
1329.3064650144538	39375.52	23.995762	1.0205670175810033	0.00060940813	0	1
1329.3078538954169	39375.73	23.992474	1.0185559666788349	0.00060932135	0	1
1329.3092427763804	39412.527	24.009058	1.0175102675286407	0.00060917326	0	1
1329.3106316573442	39379.777	23.992676	1.0146901463963915	0.0006092639	0	1
1329.312020538308	39383.44	23.994019	1.0128314485380316	0.0006092413	0	1
1329.3134094192715	39434.08	24.010572	1.0122001920794332	0.00060887873	0	1
1329.316187181198	39506.383	24.02841	1.010250150747409	0.0006082159	0	1
1329.3175760621625	39476.426	24.021343	1.0076173480026036	0.0006084984	0	1
1329.3189649431263	39474.234	24.015394	1.0057184618602264	0.0006083815	0	1
1329.3203538240891	39464.63	24.021008	1.003655278116193	0.0006086718	0	1
1329.3217427050529	39581.973	24.047028	1.0048401419037027	0.00060752477	0	1
1329.3231315860173	39542.547	24.032394	1.0020664499931844	0.0006077604	0	1
1329.3245204669802	39534.28	24.038568	1.0001096535225409	0.0006080436	0	1
1329.3259093479433	39551.297	24.040646	0.9988174639524495	0.00060783455	0	1
1329.3272982289077	39592.582	24.048748	0.9981614189029393	0.0006074054	0	1
1329.3286871098712	39582.86	24.047346	0.9962441578540967	0.0006075192	0	1
1329.3300759908343	39580.113	24.04645	0.994529395382378	0.0006075387	0	1
1329.331464871798	39616.3	24.059494	0.993818220982	0.000607313	0	1
1329.3328537527623	39698.93	24.07468	0.9942942503757334	0.00060643145	0	1
1329.334242633726	39691.703	24.075695	0.9925440360968606	0.0006065674	0	1
1329.3356315146889	39670.79	24.066301	0.9904802073656737	0.0006066504	0	1
1329.3370203956526	39681.227	24.076893	0.989227366030436	0.00060675776	0	1
1329.3384092766164	39659.062	24.067444	0.9871902791272429	0.00060685864	0	1
1329.33979815758	39694.344	24.076864	0.986610934153761	0.00060655654	0	1
1329.3411870385437	39671.992	24.075342	0.9846271650438176	0.0006068599	0	1
1329.3425759195068	39691.766	24.081184	0.9837177634922478	0.0006067048	0	1
1329.3439648004705	39719.996	24.082138	0.983045272128644	0.0006062976	0	1
1329.3453536814347	39723.83	24.083094	0.981797046648604	0.0006062632	0	1
1329.3467425623985	39706.04	24.079948	0.9800443267963359	0.00060645555	0	1
1329.3481314433616	39731.094	24.084064	0.97937848565202	0.00060617673	0	1
1329.349520324325	39822.477	24.115759	0.9803737690513851	0.0006055816	0	1
1329.3509092052896	39794.438	24.103287	0.9784571052120907	0.0006056949	0	1
1329.3522980862526	39813.055	24.108707	0.9777181513124749	0.0006055478	0	1
1329.3536869672155	39774.855	24.097769	0.975614893588823	0.0006058543	0	1
1329.355075847714	39763.617	24.094671	0.9742049414560549	0.0006059477	0	1
1329.3564647286778	39897.926	24.126633	0.9764024377359326	0.00060470897	0	1
1329.3578536096409	39850.246	24.118093	0.9741462893409405	0.00060521817	0	1
1329.3592424906046	39814.867	24.107317	0.9722383912567719	0.0006054853	0	1
1329.3606313715688	39868.74	24.1177	0.9725406407139328	0.0006049276	0	1
1329.3620202525326	39806.98	24.104952	0.9700538175182105	0.0006055459	0	1
1329.3634091334957	39881.86	24.125456	0.9709278831366811	0.00060492306	0	1
1329.3647980144592	39858.324	24.122183	0.9694364542803138	0.00060519815	0	1
1329.366186895423	39895.45	24.129545	0.9694518741646886	0.0006048195	0	1
1329.3675757763867	39845.773	24.110966	0.9673901910105479	0.0006051072	0	1
1329.3689646568846	39907.184	24.138832	0.9680572638035637	0.00060487434	0	1
1329.3703535378477	39881.42	24.125944	0.9666411195434194	0.0006049419	0	1
1329.3717424188112	39904.387	24.133074	0.9664382914723241	0.0006047725	0	1
1329.3731312997757	39929.58	24.135422	0.9663208231786748	0.0006044497	0	1
1329.3745201807392	39985.13	24.152271	0.9669690906806502	0.0006040314	0	1
1329.3759090617023	39863.594	24.121084	0.9633843331314308	0.0006050906	0	1
1329.377297942666	39953.95	24.146818	0.9649217121081207	0.00060436624	0	1
1329.3786868231646	39939.297	24.141346	0.9639704322238246	0.00060445094	0	1
1329.3800757041276	39954.062	24.141424	0.9637619797576142	0.0006042295	0	1
1329.3814645850907	39985.8	24.142525	0.9639951798087577	0.0006037775	0	1
1329.3828534660552	39945.5	24.137915	0.962524680272509	0.0006042712	0	1
1329.3842423470187	39977.66	24.148794	0.962833324652135	0.0006040572	0	1
1329.3856312279818	39939.227	24.136309	0.9614748989137227	0.0006043259	0	1
1329.3870201089453	39976.93	24.150635	0.9619824995755148	0.0006041143	0	1
1329.388408989444	39992.168	24.155912	0.9619822003763175	0.00060401607	0	1
1329.3897978704078	39877.16	24.124405	0.9588995091482365	0.000604968	0	1
1329.3911867513707	39995.348	24.155392	0.9614244941559869	0.00060395506	0	1
1329.3939645132982	39970.805	24.146132	0.9603340398596558	0.0006040942	0	1
1329.395353393796	40033.34	24.169449	0.9616360390153469	0.000603733	0	1
1329.3967422747598	40013.844	24.16645	0.9610008320275898	0.0006039522	0	1
1329.3981311557227	39977.43	24.150406	0.9599930138648421	0.000604101	0	1
1329.3995200366865	39973.98	24.148254	0.959810416659724	0.0006040993	0	1
1329.400908917651	39996.637	24.15491	0.9602881173815929	0.0006039235	0	1
1329.402297798149	40004.85	24.155909	0.9604525947096579	0.0006038245	0	1
1329.4036866791118	40004.58	24.159264	0.9604468435953025	0.00060391246	0	1
1329.4050755600756	39966.176	24.147722	0.9595592228742674	0.00060420396	0	1
1329.40646444104	40029.22	24.166105	0.9611408582416547	0.00060371164	0	1
1329.407853322003	39956.223	24.13811	0.9594895927609302	0.0006041139	0	1
1329.4092422025	39987.25	24.149359	0.9603697629504296	0.0006039265	0	1
1329.4106310834645	40018.625	24.162003	0.9612920893589626	0.0006037689	0	1
1329.4120199644283	39979.12	24.14831	0.9605453461025587	0.00060402305	0	1
1329.4134088453911	39996.336	24.15334	0.9611947833367985	0.0006038888	0	1
1329.4147977258892	39967.207	24.144314	0.9607639335612057	0.0006041031	0	1
1329.4161866068537	39965.793	24.1439	0.9610326101894483	0.00060411415	0	1
1329.4175754878174	40033.21	24.163517	0.9629904827447896	0.0006035868	0	1
1329.4189643687803	40000.777	24.155157	0.9625802234575146	0.00060386717	0	1
1329.4203532492784	39998.035	24.15586	0.9629175846181356	0.0006039262	0	1
1329.421742130242	39970.203	24.1509	0.9626840161610123	0.0006042226	0	1
1329.4231310112057	39961.08	24.148973	0.9629339539309555	0.00060431234	0	1
1329.4245198917038	40021.66	24.15838	0.9648975725342096	0.00060363265	0	1
1329.4259087726673	39953.316	24.140818	0.9637860309930184	0.0006042256	0	1
1329.427297653631	39950.35	24.143427	0.9642838626407724	0.0006043358	0	1
1329.4286865345948	39924.996	24.13741	0.9642739809690727	0.00060456886	0	1
1329.4300754150927	39951.55	24.145782	0.9655509578444639	0.0006043766	0	1
1329.4314642960558	39958.703	24.14311	0.9663925990317656	0.0006042016	0	1
1329.4328531770193	39938.926	24.132814	0.9666157034494706	0.00060424296	0	1
1329.434242057518	39846.598	24.114754	0.965113757492158	0.00060518977	0	1
1329.4356309384812	39911.004	24.132402	0.9674403168202744	0.00060465536	0	1
1329.4370198194442	39904.53	24.13136	0.9680826021430533	0.0006047273	0	1
1329.4397975809072	39891.113	24.127775	0.969452681333333	0.00060484087	0	1
1329.44118646187	39825.03	24.111822	0.9687417453841702	0.0006054439	0	1
1329.4425753428332	39887.688	24.120539	0.971194624571757	0.00060471136	0	1
1329.443964223332	39880.117	24.117058	0.9719711256925928	0.0006047389	0	1
1329.4453531042955	39830.77	24.109625	0.9717601301328022	0.0006053015	0	1
1329.4467419852585	39832.63	24.106941	0.9728292360445993	0.0006052059	0	1
1329.4481308657564	39835.707	24.1124	0.9739600933936473	0.00060529617	0	1
1329.4495197467202	39811.617	24.102741	0.9744578703492414	0.0006054198	0	1
1329.4509086276832	39833.57	24.11167	0.9761141761198979	0.00060531026	0	1
1329.4522975081813	39843.39	24.112598	0.977505541483733	0.0006051844	0	1
1329.4536863891456	39750.93	24.091604	0.9764164505244675	0.0006060639	0	1
1329.4550752701093	39793.86	24.095272	0.978682693733692	0.0006055023	0	1
1329.4564641506067	39816.934	24.102146	0.9804936455241285	0.000605324	0	1
1329.4578530315703	39742.04	24.088547	0.9799212993291868	0.00060612254	0	1
1329.4592419120684	39758.484	24.091742	0.9816299056055486	0.0006059522	0	1
1329.4606307930321	39680.3	24.070465	0.9810305398706122	0.00060661	0	1
1329.4620196739957	39728.934	24.081577	0.983595792928493	0.0006061471	0	1
1329.463408554493	39722.4	24.081568	0.9848267518841403	0.0006062466	0	1
1329.4647974354566	39743.746	24.085377	0.9867794391540075	0.0006060168	0	1
1329.466186316421	39665.086	24.068453	0.9862766853506071	0.0006067919	0	1
1329.467575196919	39639.516	24.060234	0.9871196407336483	0.000606976	0	1
1329.468964077882	39671.164	24.065475	0.9894169550006806	0.0006066239	0	1
1329.4786862432302	39557.887	24.039665	0.9979230561293163	0.0006077085	0	1
1329.4800751241937	39563.23	24.041237	0.9997877023033829	0.00060766615	0	1
1329.4814640046925	39520.953	24.025091	1.00047418584679	0.0006079077	0	1
1329.4828528856563	39496.07	24.025288	1.0016245868238685	0.00060829567	0	1
1329.4842417661534	39502.168	24.02132	1.003586064091952	0.0006081013	0	1
1329.4856306471172	39467.91	24.020021	1.0045469083830851	0.00060859625	0	1
1329.4870195276153	39477.035	24.017992	1.0066363780946783	0.00060840417	0	1
1329.4884084085788	39483.734	24.02036	1.0086900106696879	0.0006083609	0	1
1329.489797289077	39444.867	24.006958	1.0096029307207575	0.0006086206	0	1
1329.4911861700398	39369.133	23.988262	1.0095911937592659	0.0006093165	0	1
1329.4925750510035	39369.992	23.992037	1.0115641245550535	0.00060939905	0	1
1329.4939639315023	39376.75	23.988611	1.013712760742273	0.0006092075	0	1
1329.495352812466	39402.24	23.997614	1.0163686180814766	0.0006090419	0	1
1329.4967416929633	39402.047	23.9953	1.0183863713080725	0.0006089861	0	1
1329.498130573927	39354.03	23.982483	1.0191881637956124	0.0006094035	0	1
1329.4995194544258	39332.543	23.976475	1.0206955023148963	0.0006095836	0	1
1329.5009083353887	39328.254	23.982683	1.0226695373037868	0.00060980796	0	1
1329.502297215886	39260.168	23.958534	1.0230020426518336	0.0006102504	0	1
1329.5036860968503	39314.586	23.983067	1.0265467262744656	0.00061002973	0	1
1329.5050749773484	39249.41	23.958374	1.0269884345319726	0.0006104136	0	1
1329.5064638583112	39241.996	23.95458	1.0289574094059082	0.00061043224	0	1
1329.5078527388093	39240.242	23.955479	1.0310936610703696	0.0006104824	0	1
1329.5092416197738	39238.344	23.954456	1.0332447840645407	0.0006104859	0	1
1329.5106305002719	39207.34	23.951494	1.0346459884390815	0.0006108931	0	1
1329.5120193812347	39201.453	23.945862	1.0367257517231103	0.0006108412	0	1
1329.5134082617328	39189.984	23.940554	1.0386741888126971	0.0006108845	0	1
1329.5147971426964	39123.01	23.926908	1.039163781630013	0.00061158143	0	1
1329.5161860231945	39136.89	23.92891	1.0418139968837288	0.0006114157	0	1
1329.5175749041582	39102.133	23.919613	1.0431838771564679	0.0006117214	0	1
1329.5189637846556	39049.29	23.901789	1.0440810863876333	0.0006120928	0	1
1329.5203526656192	39050.594	23.907974	1.0464374289735876	0.00061223074	0	1
1329.521741546118	39082.246	23.91213	1.0496227420006485	0.0006118413	0	1
1329.5231304270815	39048.473	23.90118	1.0510639593040472	0.00061209	0	1
1329.5245193075789	39080.527	23.910795	1.0542894945591736	0.000611834	0	1
1329.5259081880768	39036.043	23.899427	1.055461329544911	0.00061224	0	1
1329.5272970690412	39041.168	23.905487	1.0579833343369927	0.00061231485	0	1
1329.5286859495386	38921.906	23.866169	1.057138105733456	0.00061318086	0	1
1329.5314637110002	38976.785	23.888374	1.063437541039512	0.00061288726	0	1
1329.532852591964	38944.816	23.87244	1.064980788456556	0.0006129812	0	1
1329.5342414724614	38946.152	23.87816	1.0674405920413461	0.00061310705	0	1
1329.535630353425	38922.777	23.879074	1.0692287170568644	0.00061349873	0	1
1329.5370192339237	38921.152	23.870926	1.0716189903489124	0.000613315	0	1
1329.5397969953847	38872.168	23.858215	1.0751496056047538	0.00061376084	0	1
1329.5411858758828	38877.234	23.860163	1.0777359572163627	0.000613731	0	1
1329.5425747568465	38846.75	23.857998	1.0793382977994912	0.00061415683	0	1
1329.5439636373444	38888.1	23.85854	1.0829395542873665	0.0006135177	0	1
1329.5453525178423	38734.91	23.820211	1.081112485999777	0.0006149546	0	1
1329.5467413988054	38825.69	23.852627	1.086101978964468	0.00061435165	0	1
1329.5481302793035	38799.8	23.831688	1.0878264235541157	0.0006142219	0	1
1329.5495191602677	38796.547	23.833622	1.0901826546658304	0.0006143233	0	1
1329.5509080407658	38734.227	23.823082	1.0908730847525583	0.00061503955	0	1
1329.5522969212632	38709.613	23.810606	1.0926172111916732	0.00061510835	0	1
1329.553685802227	38681.48	23.808458	1.0942550283407215	0.0006155002	0	1
1329.5550746827255	38718.125	23.821377	1.0977213151721927	0.0006152513	0	1
1329.556463563223	38740.305	23.821838	1.1007757452689806	0.00061491097	0	1
1329.5578524441858	38725.836	23.819653	1.1027829666887647	0.00061508425	0	1
1329.5592413246845	38658.883	23.80584	1.1032832596748763	0.00061579223	0	1
1329.560630205649	38584.68	23.787014	1.1035596840716075	0.00061648857	0	1
1329.5620190861464	38507.31	23.763275	1.1037270070763767	0.00061711075	0	1
1329.5634079666436	38378.676	23.72926	1.102402298363133	0.00061829283	0	1
1329.5647968476078	38317.086	23.712109	1.1029807275756314	0.00061883905	0	1
1329.566185728106	38148.13	23.662592	1.1004425855115882	0.00062028185	0	1
1329.5675746086033	38036.062	23.634092	1.0995156841049074	0.00062136014	0	1
1329.568963489567	37890.04	23.5938	1.0975779062641393	0.00062269135	0	1
1329.570352370065	37750.836	23.554897	1.0958059764524255	0.00062395696	0	1
1329.571741250563	37632.582	23.52287	1.0946112937782657	0.0006250666	0	1
1329.5731301315268	37443.598	23.465849	1.0913247073567227	0.00062669854	0	1
1329.5745190120247	37282.543	23.42724	1.0888142989118013	0.0006283702	0	1
1329.5759078925228	37103.98	23.382032	1.0857546352317768	0.00063017587	0	1
1329.5772967734865	36895.78	23.31778	1.0817863606455156	0.0006319904	0	1
1329.5786856539844	36653.3	23.247253	1.076767291059858	0.0006342472	0	1
1329.5800745344818	36548.23	23.227694	1.0757445074792447	0.0006355354	0	1
1329.5814634149797	36340.023	23.166573	1.0716469335490126	0.0006374947	0	1
1329.5828522959441	36091.914	23.094278	1.0663249636951773	0.000639874	0	1
1329.5842411764415	35915.203	23.044281	1.0630659489191818	0.00064163026	0	1
1329.5856300569387	35579.168	22.954542	1.0550393278606909	0.00064516807	0	1
1329.5870189379032	35382.07	22.897404	1.0510794149126865	0.00064714707	0	1
1329.5884078184017	35117.086	22.820362	1.0450530182853017	0.00064983644	0	1
1329.5897966988991	34927.367	22.765816	1.0412166277691244	0.0006518045	0	1
1329.5911855793966	34656.383	22.688158	1.0349071588300078	0.0006546603	0	1
1329.592574460361	34366.38	22.593327	1.0279738519236767	0.00065742526	0	1
1329.5939633408589	34154.527	22.54476	1.0233251095460922	0.00066008116	0	1
1329.5953522213563	33852.42	22.458073	1.015918295174171	0.0006634111	0	1
1329.5967411023198	33537.586	22.361116	1.0080703940503468	0.0006667479	0	1
1329.598129982818	33350.39	22.312525	1.0040054357593824	0.0006690334	0	1
1329.599518863316	33018.28	22.218172	0.9955233495033167	0.0006729052	0	1
1329.6009077438139	32730.65	22.131527	0.9883231483594194	0.00067617133	0	1
1329.6022966247776	32438.666	22.048601	0.9809342219852231	0.0006797012	0	1
1329.6036855052757	32191.355	21.971132	0.9748407776554656	0.00068251655	0	1
1329.6050743857736	31857.646	21.87729	0.9660738605824196	0.00068672025	0	1
1329.6064632662717	31591.898	21.79444	0.9593101181924488	0.0006898743	0	1
1329.607852146769	31268.982	21.69359	0.9507534177849953	0.00069377344	0	1
1329.6092410277327	30995.928	21.619333	0.9436557202537412	0.0006974895	0	1
1329.6106299082314	30715.055	21.532862	0.9362648628259627	0.00070105237	0	1
1329.6120187887286	30373.84	21.427828	0.9269772973004835	0.00070546987	0	1
1329.613407669226	30148.33	21.36165	0.9211659446435101	0.00070855167	0	1
1329.6147965501905	29805.264	21.258497	0.9117081133685031	0.0007132464	0	1
1329.6161854306893	29501.432	21.163832	0.9033935699156032	0.0007173832	0	1
1329.6175743111864	29201.549	21.071352	0.8951451189428185	0.0007215834	0	1
1329.6189631916839	28895.785	20.977468	0.8866620599507615	0.00072596985	0	1
1329.6203520721824	28650.098	20.89931	0.8799702942386246	0.0007294673	0	1
1329.6217409531462	28371.406	20.81049	0.8722140453916583	0.0007335022	0	1
1329.6231298336434	28095.27	20.717754	0.8644852270263872	0.0007374108	0	1
1329.6245187141415	27802.814	20.632229	0.856203454701072	0.0007420914	0	1
1329.6259075946396	27541.871	20.550653	0.8488423046541126	0.0007461604	0	1
1329.6272964751374	27246.04	20.456467	0.8403567130814645	0.00075080513	0	1
1329.6286853556355	27007.145	20.381989	0.8335792764928198	0.00075468875	0	1
1329.6300742365993	26837.514	20.318342	0.8288950381158493	0.0007570874	0	1
1329.6314631170972	26512.324	20.225637	0.8193605163683848	0.0007628768	0	1
1329.6328519975953	26352.438	20.168087	0.8148896786788397	0.0007653215	0	1
1329.6342408780934	26136.072	20.093895	0.808630009636089	0.0007688185	0	1
1329.6356297585908	25938.828	20.028753	0.8029194864144277	0.0007721534	0	1
1329.6370186390886	25726.115	19.966873	0.7966883778993433	0.00077613245	0	1
1329.638407520053	25572.033	19.915985	0.7922323588058491	0.00077881897	0	1
1329.6397964005505	25443.305	19.876263	0.7885227453545104	0.00078119815	0	1
1329.6411852810477	25312.062	19.833466	0.7844811114962856	0.0007835579	0	1
1329.6425741615462	25232.26	19.805222	0.7820334958871107	0.0007849167	0	1
1329.643963042045	25092.512	19.76324	0.7777277496779345	0.0007876151	0	1
1329.6453519225424	25046.117	19.745485	0.7763152535305513	0.00078836514	0	1
1329.6467408030398	24997.408	19.726896	0.7748309248416169	0.00078915764	0	1
1329.6481296835384	24961.39	19.719746	0.7737399001803783	0.0007900099	0	1
1329.6495185645022	24947.877	19.711819	0.7733463909145462	0.0007901201	0	1
1329.6509074449996	25046.164	19.738241	0.776418624402547	0.0007880744	0	1
1329.6522963254974	25069.553	19.745056	0.7771691690606128	0.000787611	0	1
1329.6550740864936	25187.24	19.78911	0.7808688022166193	0.00078567996	0	1
1329.6564629669915	25346.82	19.84138	0.7858419870325808	0.0007827956	0	1
1329.6578518474896	25402.844	19.860502	0.7876047671193666	0.000781822	0	1
1329.6592407279877	25584.414	19.92091	0.7930057169283141	0.00077863457	0	1
1329.6606296084856	25778.361	19.975925	0.7987506408716767	0.0007749106	0	1
1329.6620184889834	25958.389	20.042067	0.8040239831129984	0.0007720844	0	1
1329.6634073694809	26149.12	20.108725	0.8095879946821166	0.000769002	0	1
1329.6647962504446	26340.268	20.173958	0.8151233722026507	0.000765898	0	1
1329.6661851309432	26589.82	20.242155	0.8224230418990178	0.0007612746	0	1
1329.6675740114413	26778.365	20.30507	0.8277920782205272	0.00075826404	0	1
1329.6689628919387	27074.318	20.402681	0.8364361947166237	0.0007535806	0	1
1329.6703517724368	27346.232	20.487066	0.8442901579892205	0.0007491733	0	1
1329.6717406529353	27545.594	20.55021	0.8498578445558529	0.0007460435	0	1
1329.67451841393	28064.713	20.708162	0.8645658767387776	0.00073787186	0	1
1329.6759072944287	28395.262	20.81682	0.8740314646867507	0.00073310896	0	1
1329.678685055424	28996.906	21.009499	0.8909741870714915	0.00072454277	0	1
1329.680073935922	29294.053	21.09164	0.8992528357533759	0.00071999733	0	1
1329.6814628164207	29570.107	21.179968	0.906830754866134	0.0007162628	0	1
1329.6828516969188	29827.814	21.258484	0.9137934114727805	0.0007127067	0	1
1329.6842405774162	30109.486	21.343891	0.9214370097973656	0.00070887594	0	1
1329.6856294579143	30466.855	21.453001	0.9313401382109747	0.00070414227	0	1
1329.6870183384121	30748.113	21.537445	0.9388590969915374	0.0007004477	0	1
1329.6884072189102	31013.615	21.621922	0.9458422089635881	0.00069717516	0	1
1329.6897960994083	31394.72	21.731434	0.9562921356519314	0.00069220026	0	1
1329.6911849799055	31584.883	21.785166	0.9608695652652893	0.00068973395	0	1
1329.6925738604036	31912.432	21.889275	0.9695719687579745	0.00068591686	0	1
1329.6939627409024	32196.965	21.970055	0.9769089597799547	0.00068236416	0	1
1329.6953516214003	32477.156	22.06163	0.9840573903346933	0.00067929685	0	1
1329.6967405018977	32792.586	22.15126	0.9922152360132719	0.000675496	0	1
1329.6981293823956	33110.668	22.238956	1.000393224219957	0.00067165535	0	1
1329.6995182628943	33332.496	22.306341	1.0056069192065606	0.000669207	0	1
1329.7009071433918	33621.316	22.389963	1.0127868633648986	0.00066594547	0	1
1329.702296023889	33838.504	22.454851	1.0177544656536566	0.00066358875	0	1
1329.7036849043877	34154.934	22.536018	1.025651200922848	0.00065981736	0	1
1329.7050737848858	34428.406	22.617355	1.032199636870085	0.00065693876	0	1
1329.706462665383	34704.457	22.697746	1.0387690755095669	0.0006540297	0	1
1329.707851545881	34913.617	22.760433	1.043283433525113	0.00065190706	0	1
1329.70924042638	35214.35	22.847458	1.0504802650219935	0.000648811	0	1
1329.7106293068778	35398.95	22.901947	1.054160259239306	0.00064696686	0	1
1329.7120181873752	35622.613	22.963139	1.05895558919517	0.0006446225	0	1
1329.713407067873	35895.01	23.040854	1.0651474071293139	0.0006418957	0	1
1329.7147959483711	36101.19	23.098238	1.0693233449277684	0.00063981925	0	1
1329.7161848288692	36351.914	23.168678	1.0747693274930399	0.0006373441	0	1
1329.7175737089015	36483.465	23.207691	1.0766471894054022	0.0006361153	0	1
1329.7189625893989	36768.152	23.287136	1.0829981144422378	0.00063335075	0	1
1329.7203514698967	36912.617	23.323965	1.0851726053382795	0.0006318697	0	1
1329.7217403503955	37096.906	23.375551	1.0884779073974988	0.0006301213	0	1
1329.7231292308936	37337.906	23.446087	1.0934023729337232	0.00062794326	0	1
1329.725906991889	37632.8	23.528421	1.0976520861757615	0.00062521046	0	1
1329.7272958723877	37773.25	23.566742	1.0995200985451266	0.0006239003	0	1
1329.7286847528849	37987.46	23.623251	1.1034972345582303	0.0006218697	0	1
1329.7300736333823	37945.45	23.60971	1.1000050771032592	0.00062220136	0	1
1329.731462513881	38284.99	23.709223	1.107540713424972	0.0006192825	0	1
1329.7328513939133	38255.773	23.70073	1.1043757926975837	0.0006195334	0	1
1329.7342402744107	38398.676	23.734962	1.1061593830159935	0.0006181193	0	1
1329.7356291549086	38577.04	23.787699	1.108932511979562	0.00061662844	0	1
1329.7370180354073	38615.566	23.789658	1.107661185303442	0.00061606395	0	1
1329.7384069159054	38650.754	23.79556	1.106279021071015	0.0006156558	0	1
1329.7397957964026	38661.477	23.804209	1.1041842287944235	0.0006157087	0	1
1329.7411846769007	38698.258	23.815948	1.102822122566019	0.00061542686	0	1
1329.7425735573988	38737.17	23.829346	1.1015084058437679	0.0006151545	0	1
1329.743962437431	38710.812	23.821756	1.0983310913749207	0.0006153773	0	1
1329.7453513179291	38753.043	23.831915	1.0970930439288105	0.0006149689	0	1
1329.7467401984266	38803.9	23.843437	1.0960884089617764	0.00061445986	0	1
1329.7481290789246	38801.46	23.846952	1.093571364391559	0.000614589	0	1
1329.7495179594232	38826.324	23.85803	1.091819238859478	0.0006144808	0	1
1329.7509068399213	38743.387	23.837156	1.087030955828322	0.0006152574	0	1
1329.752295719953	38846.355	23.862532	1.087468490382318	0.0006142798	0	1
1329.753684600451	38865.684	23.864738	1.0855501780103218	0.0006140311	0	1
1329.7550734809497	38832.08	23.849777	1.0821546742069146	0.0006141772	0	1
1329.7564623614471	38852.668	23.864752	1.0802715130502685	0.00061423716	0	1
1329.7578512419443	38853.676	23.864548	1.0778445839146762	0.00061421597	0	1
1329.7592401224429	38896.84	23.876318	1.0765872133483119	0.000613837	0	1
1329.760629002476	38914.176	23.881466	1.0746148548074734	0.00061369577	0	1
1329.7620178829734	38955.22	23.885832	1.0732979908951588	0.0006131613	0	1
1329.7634067634708	38962.223	23.892788	1.0710455507486443	0.0006132296	0	1
1329.7647956439694	38959.715	23.890696	1.0685374263271092	0.0006132154	0	1
1329.7661845244675	38908.63	23.871635	1.0647071412359101	0.00061353063	0	1
1329.7675734044992	39072.016	23.920937	1.0667449901681623	0.00061222684	0	1
1329.768962284997	38970.62	23.88867	1.0615609348246828	0.00061299175	0	1
1329.7703511654952	39014.96	23.898148	1.0603579325837296	0.000612538	0	1
1329.7717400459933	39103.28	23.925833	1.0603518377268286	0.0006118625	0	1
1329.7731289260255	39053.31	23.91498	1.0566038165635667	0.0006123676	0	1
1329.7745178065236	39052.523	23.915552	1.0542008625027142	0.00061239453	0	1
1329.7759066870217	39115.684	23.934946	1.0535321352730531	0.0006119015	0	1
1329.7772955675196	39200.17	23.956299	1.0534443319094025	0.0006111274	0	1
1329.7786844475518	39036.15	23.906046	1.0466934672109514	0.0006124079	0	1
1329.7800733280492	39154.066	23.943966	1.0475156625017616	0.000611532	0	1
1329.7814622085473	39167.1	23.949322	1.0455416050738815	0.00061146525	0	1
1329.7828510890458	39219.72	23.961359	1.0446353607845003	0.00061095186	0	1
1329.7842399690776	39114.496	23.928879	1.0395437260964933	0.00061176496	0	1
1329.785628849575	39185.535	23.952576	1.0391548503375994	0.00061126065	0	1
1329.7870177300738	39160.336	23.937979	1.0362280084053295	0.00061128126	0	1
1329.7884066105723	39252.637	23.965559	1.03642390952726	0.0006105465	0	1
1329.789795490604	39297.19	23.975256	1.0353692910020493	0.000610101	0	1
1329.7911843711013	39220.855	23.954967	1.0311546732211132	0.0006107712	0	1
1329.7925732516	39304.7	23.983778	1.031160310798473	0.00061020127	0	1
1329.793962132098	39309.152	23.986752	1.0291026056698078	0.0006102078	0	1
1329.7953510121297	39386.67	24.001102	1.0289733440781355	0.00060937117	0	1
1329.7967398926278	39322.89	23.98477	1.0251724342815312	0.0006099442	0	1
1329.7981287731259	39317.5	23.986551	1.0229186100849386	0.00061007316	0	1
1329.799517653158	39403.008	24.01112	1.0230469365657422	0.00060937274	0	1
1329.8009065336562	39368.98	23.99894	1.0200909498249384	0.0006095901	0	1
1329.8022954141543	39358.34	23.994076	1.0177657239003197	0.0006096313	0	1
1329.8036842941865	39366.87	23.99603	1.0159592449778492	0.0006095488	0	1
1329.8050731746846	39504.254	24.03482	1.017493957849072	0.0006084109	0	1
1329.8064620551827	39443.133	24.016474	1.0139357572233079	0.0006088886	0	1
1329.8078509352142	39466.242	24.01647	1.0125688810500075	0.000608532	0	1
1329.8092398157123	39469.445	24.028214	1.010714522117368	0.00060878013	0	1
1329.810628696211	39446.72	24.020979	1.008222041676811	0.0006089475	0	1
1329.8120175762426	39494.625	24.033184	1.007558966312248	0.00060851785	0	1
1329.8134064567398	39551.9	24.04734	1.0071555416887183	0.0006079946	0	1
1329.8147953372386	39525.43	24.038948	1.0046442810603342	0.00060818944	0	1
1329.8161842172717	39592.79	24.057493	1.004542435680123	0.0006076231	0	1
1329.8175730977691	39497.746	24.036505	1.0003480976327137	0.0006085538	0	1
1329.8189619782663	39518.3	24.043917	0.9991118515945819	0.0006084249	0	1
1329.8203508582994	39619.387	24.06631	0.9999336106936169	0.00060743775	0	1
1329.8217397387975	39622.023	24.068237	0.9982938234389008	0.00060744595	0	1
1329.8231286192947	39565.01	24.05454	0.9951814654283379	0.00060797506	0	1
1329.8245174993272	39676.785	24.086266	0.9963405712111078	0.0006070619	0	1
1329.825906379825	39618.957	24.061686	0.9932670448117293	0.00060732756	0	1
1329.8272952603231	39701.37	24.082352	0.9937373317808915	0.0006065874	0	1
1329.8286841403556	39622.426	24.067636	0.9901976842042972	0.0006074246	0	1
1329.8300730208534	39711.31	24.093594	0.9908812036164862	0.0006067187	0	1
1329.8314619008859	39665.984	24.074097	0.9882438898165921	0.00060692045	0	1
1329.832850781384	39747.973	24.10239	0.9888069630559908	0.00060638034	0	1
1329.8342396618818	39701.67	24.092144	0.986207362175877	0.0006068295	0	1
1329.8356285419136	39722.004	24.092607	0.985294223178187	0.0006065305	0	1
1329.8370174224115	39730.7	24.093384	0.9841219457884659	0.0006064173	0	1
1329.8384063024446	39716.684	24.099556	0.9824180476068423	0.0006067867	0	1
1329.8397951829427	39800.617	24.117973	0.9831656002460776	0.0006059698	0	1
1329.8411840634399	39732.457	24.094881	0.9801867055651935	0.0006064282	0	1
1329.8425729434723	39793.746	24.114079	0.98043287816319	0.0006059766	0	1
1329.843961823971	39739.84	24.096611	0.9778721577563855	0.00060635904	0	1
1329.8453507040026	39796.66	24.107265	0.978067704591495	0.000605761	0	1
1329.8467395845	39817.13	24.119175	0.9773994243569504	0.00060574873	0	1
1329.8481284645331	39814.957	24.11854	0.9762069077964519	0.0006057658	0	1
1329.849517345031	39861.66	24.130447	0.9762437204182055	0.0006053548	0	1
1329.8509062255284	39819.3	24.115643	0.9741315718159236	0.00060562696	0	1
1329.8522951055606	39880.402	24.132921	0.9745825288548781	0.0006051323	0	1
1329.8536839860594	39829.133	24.126003	0.9723198028610522	0.0006057376	0	1
1329.8550728660919	39844.94	24.129265	0.9717283082074845	0.0006055791	0	1
1329.856461746589	39855.85	24.123625	0.9710496332076528	0.00060527184	0	1
1329.8578506266215	39861.625	24.122688	0.9702784747307178	0.00060516066	0	1
1329.8592395071196	39873.215	24.129725	0.9696816852654269	0.00060516124	0	1
1329.8606283871518	39897.023	24.133968	0.969414584273836	0.00060490647	0	1
1329.86201726765	39878.305	24.132706	0.9681474587267925	0.00060515874	0	1
1329.8634061476816	39924.88	24.146292	0.9684984692177909	0.00060479314	0	1
1329.8647950281797	39870.027	24.132032	0.9664228530911779	0.00060526753	0	1
1329.8661839082126	39938.16	24.145761	0.9673617983591941	0.0006045787	0	1
1329.8675727887107	39882.9	24.136063	0.9653455052943942	0.00060517323	0	1
1329.8689616687425	39959.188	24.153309	0.9665469148015086	0.0006044494	0	1
1329.8703505492404	39926.8	24.147139	0.9651529179294907	0.0006047852	0	1
1329.8717394292735	39943.938	24.147783	0.9649903676817854	0.0006045419	0	1
1329.873128309771	39925.51	24.140017	0.9640028301988551	0.0006046264	0	1
1329.8745171898024	40001.492	24.171738	0.9653282200845075	0.0006042709	0	1
1329.875906070301	39952.81	24.153122	0.9636791191524104	0.0006045413	0	1
1329.8772949503334	39969.297	24.154293	0.9636367354933988	0.0006043212	0	1
1329.8786838308308	40019.68	24.165127	0.9644452523504753	0.0006038311	0	1
1329.8800727108633	39840.5	24.11284	0.959774214781412	0.0006052344	0	1
1329.8814615913618	40011.27	24.163921	0.9635339343132057	0.0006039279	0	1
1329.8828504713942	39948.54	24.156315	0.9617213108647593	0.0006046858	0	1
1329.8842393518917	40047.066	24.177505	0.9638424892372045	0.00060372724	0	1
1329.8856282319239	39966.75	24.154324	0.9616593184638131	0.0006043605	0	1
1329.887017112422	39949.145	24.152172	0.9610375719865135	0.00060457294	0	1
1329.8884059924544	39986.043	24.157642	0.9617616154861417	0.00060415186	0	1
1329.8897948729523	39969.1	24.157194	0.9612253200758476	0.00060439674	0	1
1329.891183752984	39932.81	24.144384	0.9602585191162264	0.00060462527	0	1
1329.8925726330162	40001.51	24.156364	0.9618512589144967	0.00060388626	0	1
1329.893961513515	39973.56	24.14901	0.9611545845958557	0.00060412457	0	1
1329.8953503935472	39968.047	24.155678	0.9610323178549158	0.00060437474	0	1
1329.8967392740446	40046.723	24.17622	0.962986656347291	0.00060370035	0	1
1329.898128154077	40006.043	24.160442	0.9620709716805657	0.00060391985	0	1
1329.8995170345756	39951.17	24.150633	0.9608660387295731	0.00060450373	0	1
1329.9009059146074	39963.15	24.15319	0.9613035330104021	0.00060438656	0	1
1329.9022947946391	39942.996	24.150642	0.961002917357077	0.0006046277	0	1
1329.903683675138	39981.734	24.152601	0.9621540561683849	0.00060409086	0	1
1329.9050725551708	39894.266	24.139158	0.960302484903094	0.0006050784	0	1
1329.906461435668	39943.1	24.148417	0.9617664198834396	0.0006045704	0	1
1329.9078503156998	39951.617	24.149435	0.9622946426519773	0.000604467	0	1
1329.9092391957329	39928.234	24.141909	0.9620891024661977	0.0006046325	0	1
1329.9106280762308	39957.137	24.151283	0.9631781236243266	0.0006044298	0	1
1329.9120169562625	39912.26	24.133501	0.9625231710732207	0.00060466386	0	1
1329.9134058367606	39877.598	24.123577	0.962148157467436	0.0006049406	0	1
1329.914794716793	40014.01	24.160606	0.9659536515429433	0.00060380367	0	1
1329.9161835968252	39910.7	24.136662	0.9639730259457758	0.0006047667	0	1
1329.9175724773233	39983.734	24.158287	0.9663028902607629	0.00060420285	0	1
1329.920350237388	39931.164	24.139128	0.9662657515339298	0.0006045185	0	1
1329.921739117886	39910.023	24.137503	0.9664219835598525	0.000604798	0	1
1329.9231279979185	39858.754	24.120522	0.9658816061637062	0.0006051499	0	1
1329.9245168784157	39848.297	24.117472	0.9663632353239422	0.0006052322	0	1
1329.9259057584482	39977.63	24.152922	0.9702876173780117	0.00060416094	0	1
1329.9272946384813	39829.5	24.108145	0.9674787169421587	0.00060528365	0	1
1329.9286835189785	39949.094	24.146708	0.9712388901197216	0.0006044369	0	1
1329.93007239901	39797.383	24.099443	0.9684039424461376	0.00060555345	0	1
1329.931461279043	39836.24	24.111452	0.9702535184539842	0.0006052643	0	1
1329.9328501595419	39853.297	24.116049	0.9716070850159675	0.00060512056	0	1
1329.9342390395736	39816.336	24.10669	0.9716766852519308	0.0006054472	0	1
1329.9356279196052	39746.105	24.08387	0.9709650767871087	0.0006059429	0	1
1329.939794560168	39838.81	24.109726	0.9764428548979464	0.0006051819	0	1
1329.9411834402003	39772.297	24.089386	0.975947808487514	0.00060568255	0	1
1329.9425723206982	39732.824	24.080591	0.976145932564579	0.00060606294	0	1
1329.9439612007307	39783.95	24.100317	0.9786027832513583	0.00060577993	0	1
1329.945350080763	39810.184	24.101427	0.9804821934967417	0.00060540857	0	1
1329.946738961261	39791.887	24.09481	0.9812974108962	0.0006055207	0	1
1329.9481278412934	39722.133	24.081526	0.980872963471561	0.00060624955	0	1
1329.9495167213258	39737.63	24.077044	0.9825838104919032	0.00060590036	0	1
1329.950905601358	39743.82	24.083315	0.984097098665143	0.00060596375	0	1
1329.9522944818555	39687.7	24.070353	0.9840973289677452	0.000606494	0	1
1329.9536833618877	39704.97	24.068235	0.9859473963085025	0.0006061769	0	1
1329.9550722419208	39746.434	24.080406	0.9884316260181846	0.0006058507	0	1
1329.9564611224182	39662.625	24.061049	0.9878299345336076	0.00060664286	0	1
1329.95785000245	39644.027	24.059195	0.9888793100603537	0.0006068807	0	1
1329.9592388824829	39637.336	24.056713	0.9902552567809213	0.0006069205	0	1
1329.960627762516	39596.082	24.0412	0.9907961620646119	0.0006071611	0	1
1329.9620166430132	39583.17	24.031313	0.9920742109684046	0.00060710934	0	1
1329.963405523045	39616.934	24.046682	0.9945526906446053	0.0006069799	0	1
1329.964794403078	39495.477	24.014769	0.9931722431205244	0.00060803845	0	1
1329.9661832831102	39611.47	24.042881	0.997768219347718	0.00060696766	0	1
1329.967572163142	39545.39	24.024414	0.9978210392538387	0.0006075149	0	1
1329.9689610436399	39596.848	24.043621	1.00086771481204	0.0006072105	0	1
1329.9703499236723	39552.97	24.031702	1.0015334680419878	0.00060758274	0	1
1329.9717388037047	39466.12	24.00569	1.001133477654361	0.0006082607	0	1
1329.973127683737	39547.54	24.025282	1.0050295274430407	0.00060750387	0	1
1329.974516564235	39526.188	24.019522	1.0063442431402363	0.0006076863	0	1
1329.9772943242997	39469.945	24.008682	1.0087030445374112	0.00060827757	0	1
1329.9786832043321	39464.176	24.007067	1.010490706433831	0.0006083255	0	1
1329.9800720843639	39396.605	23.98758	1.0107185215268986	0.00060887425	0	1
1329.981460964862	39459.637	24.006674	1.014322549833551	0.0006083856	0	1
1329.9828498448949	39409.1	23.9788	1.0150334052154715	0.0006084584	0	1
1329.9842387249273	39398.566	23.979448	1.0167964729807233	0.0006086376	0	1
1329.985627604959	39398.434	23.984545	1.018852137932368	0.000608769	0	1
1329.9870164849913	39362.004	23.973812	1.0199915085793048	0.00060905976	0	1
1329.9884053650244	39289.02	23.954987	1.0202016539447958	0.000609712	0	1
1329.9897942455216	39315.094	23.965845	1.0230049029765251	0.0006095838	0	1
1329.9911831255533	39326.375	23.97224	1.025448219037238	0.0006095716	0	1
1329.9939608856187	39315.727	23.963646	1.0295360273882543	0.0006095181	0	1
1329.9953497656504	39278.367	23.947205	1.0307709671992145	0.0006096792	0	1
1330.0050719263427	39164.19	23.917803	1.0437823850443457	0.0006107059	0	1
1330.016182967067	38980.65	23.869347	1.0581265958443504	0.00061233836	0	1
1330.0175718470987	39028.234	23.883696	1.0618759982042305	0.00061195943	0	1
1330.0189607271304	38911.766	23.844774	1.0611779198341327	0.0006127909	0	1
1330.0203496071636	39055.812	23.885595	1.0675978180448815	0.00061157596	0	1
1330.0217384871958	38966.074	23.861628	1.0676422776967103	0.0006123693	0	1
1330.0245162477254	38887.203	23.8428	1.0704866268081537	0.00061312714	0	1
1330.0259051277585	38874.06	23.84179	1.0726442889067638	0.00061330845	0	1
1330.0272940077907	38987.71	23.872185	1.0783075011292742	0.00061230024	0	1
1330.0286828878225	38907.535	23.851013	1.0786239350912923	0.0006130178	0	1
1330.030071767855	38970.105	23.86528	1.0828914453460492	0.00061239966	0	1
1330.0314606478873	38799.367	23.811928	1.080680657303951	0.0006137195	0	1
1330.0328495279196	38823.12	23.82933	1.0838894148261422	0.0006137922	0	1
1330.034238407952	38818.52	23.820555	1.0863027572227617	0.00061363896	0	1
1330.0356272879844	38916.7	23.844486	1.0915951285107952	0.0006127058	0	1
1330.0370161680166	38814.715	23.825327	1.0912846335612243	0.000613822	0	1
1330.038405048049	38806.35	23.822145	1.093593985773804	0.0006138723	0	1
1330.0397939280815	38823.266	23.826197	1.096615622968965	0.0006137092	0	1
1330.041182808113	38813.566	23.820866	1.0988844888501044	0.0006137252	0	1
1330.0425716881455	38818.75	23.829924	1.1015719858923023	0.0006138766	0	1
1330.0439605681786	38731.688	23.80617	1.1016330731648194	0.0006146432	0	1
1330.0467383282416	38732.574	23.799414	1.1067079616677475	0.00061445474	0	1
1330.0481272082748	38712.508	23.800423	1.1086493150041516	0.0006147993	0	1
1330.0495160883079	38726.406	23.800053	1.1115557869654298	0.0006145691	0	1
1330.0509049683396	38679.73	23.78369	1.1127133520067432	0.0006148877	0	1
1330.0522938483712	38632.254	23.775162	1.1138326917700005	0.0006154226	0	1
1330.0536827284043	38575.73	23.757044	1.1146744155780852	0.0006158547	0	1
1330.0550716084367	38527.613	23.743322	1.1157412640739466	0.0006162677	0	1
1330.0564604884682	38420.38	23.709423	1.1150741490982592	0.0006171054	0	1
1330.0578493685007	38233.766	23.665203	1.112071574061663	0.0006189608	0	1
1330.059238248533	38242.004	23.667479	1.1147111988837906	0.00061888696	0	1
1330.0606271285653	38094.965	23.620077	1.1128009772942273	0.0006200315	0	1
1330.0620160085978	38030.65	23.606613	1.1132780348543434	0.00062072603	0	1
1330.0647937686624	37598.94	23.479626	1.1052473283513882	0.0006244757	0	1
1330.0661826486948	37502.695	23.457632	1.1046878987730628	0.0006254919	0	1
1330.067571528727	37423.11	23.444248	1.104588803227274	0.0006264645	0	1
1330.0689604087588	37170.395	23.367567	1.099339010563786	0.0006286607	0	1
1330.070349288791	36898.22	23.285332	1.093460942662453	0.00063106924	0	1
1330.0717381688241	36816.69	23.266075	1.0931893672045336	0.0006319437	0	1
1330.073127048856	36573.668	23.200855	1.0880803067626539	0.00063435955	0	1
1330.0745159288876	36305.625	23.128036	1.0821733280094834	0.0006370373	0	1
1330.0759048084549	36146.453	23.081326	1.0794621611324333	0.0006385502	0	1
1330.0842380886484	34799.797	22.698517	1.0504331062162058	0.00065226003	0	1
1330.0856269686806	34535.94	22.624289	1.0442179603089319	0.00065509405	0	1
1330.087015848713	34283.938	22.550982	1.0383039648170886	0.0006577711	0	1
1330.0884047287454	34001.92	22.476742	1.031422801361	0.0006610433	0	1
1330.089793608312	33713.777	22.392578	1.0242956104189413	0.0006641967	0	1
1330.0911824883444	33506.29	22.32781	1.0195622790974448	0.0006663767	0	1
1330.0925713683769	33170.355	22.230108	1.010861588205788	0.00067017996	0	1
1330.093960248409	32993.703	22.17445	1.0069573970431396	0.00067208125	0	1
1330.0953491284415	32678.184	22.085152	0.9987584278605222	0.0006758378	0	1
1330.0967380084733	32392.416	21.997663	0.9914074577706217	0.0006790992	0	1
1330.0981268885057	32139.52	21.912794	0.9850040648844189	0.00068180216	0	1
1330.0995157685386	31862.203	21.839529	0.9777942945021394	0.0006854369	0	1
1330.1009046481054	31526.842	21.745216	0.9687421941293726	0.00068973657	0	1
1330.1022935281371	31232.69	21.643772	0.960895002037042	0.00069298455	0	1
1330.1036824081693	31054.945	21.588566	0.956574134086927	0.0006951732	0	1
1330.1050712882025	30674.16	21.489178	0.9459411859586541	0.00070056284	0	1
1330.106460168234	30393.729	21.396093	0.938341822301912	0.0007039641	0	1
1330.1078490482657	30139.156	21.313469	0.931484544034176	0.0007071687	0	1
1330.109237927833	29823.096	21.228592	0.9226699416915719	0.0007118172	0	1
1330.1106268078654	29558.346	21.142847	0.9153860192470632	0.00071529194	0	1
1330.1120156878972	29319.994	21.070694	0.9088657687787232	0.0007186459	0	1
1330.1134045679296	28987.95	20.972631	0.8993859572084401	0.00072349486	0	1
1330.1147934479625	28734.57	20.895603	0.8922918082298856	0.00072719384	0	1
1330.116182327995	28451.477	20.800692	0.8842219038477251	0.0007310936	0	1
1330.1189600875932	27967.203	20.650864	0.8704731501397608	0.0007383957	0	1
1330.1203489676254	27760.582	20.581736	0.864629860128729	0.00074140145	0	1
1330.1217378476579	27435.701	20.485231	0.8550531446744053	0.0007466633	0	1
1330.1231267276903	27248.693	20.41651	0.8497243042611821	0.00074926566	0	1
1330.1245156072564	27026.473	20.354786	0.843250972050109	0.0007531425	0	1
1330.1259044872886	26822.799	20.289036	0.8373102284728483	0.00075641007	0	1
1330.1272933673217	26573.246	20.198551	0.8298915229061758	0.0007601085	0	1
1330.128682247354	26458.959	20.16539	0.8266532651061116	0.00076213846	0	1
1330.13007112692	26280.781	20.114882	0.82137641906514	0.0007653837	0	1
1330.1314600069525	26115.975	20.052904	0.816474942527032	0.00076784054	0	1
1330.1328488869854	25945.914	19.999687	0.8113673603118519	0.0007708222	0	1
1330.134237767017	25847.793	19.970562	0.8084686273108905	0.00077262154	0	1
1330.1356266470489	25769.66	19.949533	0.805941931373991	0.0007741481	0	1
1330.1370155266163	25695.023	19.925121	0.8035250833900855	0.0007754467	0	1
1330.1384044066485	25589.396	19.882742	0.8001397168212896	0.0007769914	0	1
1330.1397932866803	25571.936	19.879423	0.7995115737700651	0.0007773922	0	1
1330.1411821667125	25545.898	19.867811	0.798615451660799	0.00077772996	0	1
1330.14257104628	25549.09	19.876959	0.7986331612054265	0.0007779909	0	1
1330.1439599263122	25485.242	19.85503	0.7965555236244463	0.0007790795	0	1
1330.145348806344	25612.666	19.892166	0.8004559961953757	0.00077665347	0	1
1330.1467376859107	25640.518	19.90644	0.801244119915329	0.00077636656	0	1
1330.1481265659431	25810.043	19.956661	0.8064588123369058	0.00077321305	0	1
1330.1495154459753	25792.443	19.961105	0.8058261394237902	0.00077391294	0	1
1330.1509043260078	25942.232	20.005255	0.8104227372185953	0.0007711462	0	1
1330.1522932055746	26121.744	20.056839	0.8156925448179434	0.00076782156	0	1
1330.1536820856068	26225.416	20.095728	0.8185518091099113	0.00076626916	0	1
1330.1550709656385	26461.28	20.166302	0.8254933668729357	0.0007621061	0	1
1330.156459845205	26612.727	20.22062	0.8297565363813993	0.00075981015	0	1
1330.1578487252375	26843.408	20.292242	0.8364446814505926	0.0007559488	0	1
1330.15923760527	27028.002	20.353235	0.8416501003162675	0.0007530425	0	1
1330.1606264848365	27261.998	20.427382	0.8483465998831556	0.0007492988	0	1
1330.1620153648682	27466.074	20.496744	0.8540637683097385	0.0007462568	0	1
1330.1634042449004	27602.74	20.536798	0.8576383241313722	0.00074401306	0	1
1330.1647931249336	28021.258	20.660555	0.8699178290071434	0.0007373172	0	1
1330.1675708845319	28475.912	20.815346	0.8824440784310918	0.0007309808	0	1
1330.1689597645643	28742.293	20.894526	0.8898393736333285	0.000726961	0	1
1330.1703486441318	29049.164	20.993359	0.8984326651173564	0.00072268373	0	1
1330.1717375241633	29208.395	21.035324	0.9024070663373063	0.00072018075	0	1
1330.1731264037294	29609.807	21.167118	0.9138074551771244	0.0007148685	0	1
1330.1745152837625	29736.113	21.194532	0.9166620978319239	0.000712754	0	1
1330.1759041637947	30188.547	21.33576	0.9295121309597609	0.00070675014	0	1
1330.1772930433608	30387.885	21.396032	0.9345082948767948	0.00070409745	0	1
1330.178681923393	30651.076	21.485495	0.9414137464374239	0.0007009703	0	1
1330.1800708034261	31018.16	21.590874	0.9514489186203647	0.000696072	0	1
1330.181459682993	31254.098	21.663044	0.9574008300717584	0.0006931265	0	1
1330.1828485630244	31525.465	21.747116	0.9643811889832101	0.00068982696	0	1
1330.1842374430569	31817.656	21.83431	0.9719391424375012	0.0006862325	0	1
1330.1856263226236	32095.402	21.910051	0.978995929971112	0.0006826539	0	1
1330.1897929622544	32904.746	22.15471	0.9990838473032998	0.0006732983	0	1
1330.1911818422868	33219.066	22.24492	1.0070123312886763	0.00066964317	0	1
1330.192570721854	33588.594	22.340002	1.0165484150414585	0.0006651068	0	1
1330.1939596018865	33641.92	22.361616	1.0164619470507932	0.000664695	0	1
1330.1953484814526	34006.723	22.471016	1.0257338483161575	0.0006607816	0	1
1330.1967373614848	34220.55	22.533855	1.030391544469906	0.00065848895	0	1
1330.198126241518	34527.855	22.62123	1.0378065077512317	0.00065515883	0	1
1330.199515121084	34822.523	22.713913	1.044780215926569	0.0006522765	0	1
1330.2009040011155	34957.83	22.753778	1.046920725780863	0.0006508922	0	1
1330.2022928806828	35228.82	22.827957	1.0530746715957342	0.00064799096	0	1
1330.2036817607159	35516.82	22.905746	1.0596787802032153	0.00064492674	0	1
1330.205070640282	35692.82	22.959461	1.0628887888593133	0.0006432515	0	1
1330.2064595203137	35964.703	23.03737	1.068902957330409	0.000640555	0	1
1330.207848399881	36214.17	23.104286	1.0741960884163442	0.0006379902	0	1
1330.2106261599451	36669.754	23.226526	1.0833427437421717	0.0006333974	0	1
1330.2120150395117	36712.35	23.24537	1.082381679037325	0.0006331758	0	1
1330.2134039195441	36993.89	23.32819	1.0884245044681136	0.0006305957	0	1
1330.214792799111	37192.965	23.374836	1.091991478523008	0.00062847463	0	1
1330.2161816791431	37326.598	23.413607	1.093597281520529	0.00062726333	0	1
1330.2175705587097	37534.29	23.476002	1.0973332684822885	0.0006254548	0	1
1330.218959438742	37650.52	23.510616	1.098357647688909	0.00062444335	0	1
1330.2203483183089	37816.266	23.549828	1.100792260305627	0.00062274333	0	1
1330.221737198341	37971.855	23.597095	1.102895310511838	0.00062143645	0	1
1330.2231260779072	38129.13	23.640087	1.1050127075090577	0.0006200007	0	1
1330.2245149579396	38232.66	23.66619	1.1055422657892062	0.00061900454	0	1
1330.2259038375068	38406.98	23.720278	1.108088190698206	0.0006176033	0	1
1330.2272927175386	38394.812	23.706789	1.1052315577919785	0.0006174477	0	1
1330.2300704771378	38572.44	23.754574	1.1052794884075436	0.00061584316	0	1
1330.231459356705	38592.1	23.755474	1.103295416035191	0.00061555277	0	1
1330.2328482367368	38719.613	23.79317	1.1043772523892506	0.0006144992	0	1
1330.2356259963358	38724.92	23.792128	1.0993816542927148	0.00061438803	0	1
1330.2370148759023	38809.055	23.81699	1.0991833523854067	0.00061369676	0	1
1330.238403755934	38822.402	23.833231	1.0969698534304546	0.0006139041	0	1
1330.2397926355009	38758.285	23.807972	1.0925679732203797	0.00061426795	0	1
1330.2411815155333	38889.812	23.838549	1.0936746680967553	0.00061297667	0	1
1330.2425703950998	38811.47	23.818686	1.0888746526573216	0.0006137022	0	1
1330.245348154699	38933.22	23.854177	1.087080888568591	0.0006126947	0	1
1330.2467370342656	38864.887	23.837229	1.0825747175734903	0.00061333587	0	1
1330.2495147938648	38894.3	23.84888	1.0782019256349722	0.0006131716	0	1
1330.2509036738963	38940.79	23.85517	1.076897321896394	0.00061260106	0	1
1330.2522925534631	38896.5	23.846334	1.0730871481689985	0.0006130715	0	1
1330.2536814330306	38917.668	23.85885	1.0710901758346443	0.0006130596	0	1
1330.2550703130628	38997.78	23.873423	1.0707154105625505	0.00061217387	0	1
1330.2564591926289	38999.637	23.86419	1.068194018679621	0.000611908	0	1
1330.257848072661	38950.496	23.862028	1.0642871619208516	0.0006126245	0	1
1330.2592369522285	39004.95	23.872904	1.0632195292977469	0.0006120481	0	1
1330.2606258317946	38943.55	23.853983	1.0590041032665805	0.0006125272	0	1
1330.2620147118262	39106.355	23.898872	1.060888898150034	0.000611125	0	1
1330.2634035913936	39029.13	23.883196	1.0562685943251846	0.0006119326	0	1
1330.264792471426	39042.453	23.884617	1.0541144821980124	0.00061176013	0	1
1330.266181350992	39048.23	23.883047	1.0517679671198188	0.00061162945	0	1
1330.2675702305587	39046.953	23.884317	1.0492444101857685	0.00061168196	0	1
1330.2689591105918	39103.81	23.897488	1.0482933678396738	0.0006111294	0	1
1330.2703479901584	39097.605	23.898724	1.0456632445184597	0.000611258	0	1
1330.2717368701901	39142.9	23.91673	1.0444231747092125	0.0006110107	0	1
1330.2731257497567	39126.836	23.904774	1.041560045479413	0.000610956	0	1
1330.2745146293234	39161.277	23.912256	1.0400566935497413	0.0006106097	0	1
1330.2772923889224	39219.59	23.933952	1.036809757118402	0.00061025505	0	1
1330.2786812684885	39178.34	23.919401	1.0333510947314068	0.0006105261	0	1
1330.2800701485207	39144.117	23.906977	1.0301011482705047	0.00061074254	0	1
1330.2814590280882	39274.1	23.942877	1.0311860801809778	0.00060963526	0	1
1330.282847907655	39198.707	23.920374	1.0268952160609324	0.00061023375	0	1
1330.2842367876865	39245.332	23.938635	1.0258230632110505	0.0006099741	0	1
1330.2856256672533	39261.363	23.928465	1.0239685313520228	0.000609466	0	1
1330.2870145468207	39345.707	23.965765	1.0239113360945002	0.0006091075	0	1
1330.2884034268523	39205.99	23.912846	1.018054706826852	0.0006099284	0	1
1330.2897923064183	39344.336	23.963417	1.019428335078318	0.000609069	0	1
1330.2911811859858	39356.656	23.963312	1.0175573511383318	0.0006088757	0	1
1330.292570066018	39359.855	23.966824	1.0154730432817471	0.00060891546	0	1
1330.293958945584	39368.74	23.975826	1.0135585086041552	0.00060900673	0	1
1330.2953478251507	39387.645	23.972345	1.0119247521530519	0.000608626	0	1
1330.2967367051838	39429.383	23.989216	1.010898988767309	0.00060840964	0	1
1330.2981255847506	39419.883	23.982601	1.008582916494296	0.00060838845	0	1
1330.2995144643164	39463.06	23.994165	1.007638296383432	0.00060801586	0	1
1330.3009033438832	39389.895	23.979347	1.0037595286389216	0.000608769	0	1
1330.3022922239156	39471.355	24.004208	1.003828633293653	0.00060814247	0	1
1330.3036811034822	39464.23	23.99995	1.0016767268085298	0.0006081444	0	1
1330.305069983049	39471.55	23.998848	0.9999183867770641	0.0006080037	0	1
1330.3064588630814	39527.758	24.009521	0.9994226464879769	0.00060740917	0	1
1330.307847742648	39536.48	24.011497	0.9977507859809502	0.0006073251	0	1
1330.3092366222147	39501.06	23.996407	0.9949940832906367	0.0006074877	0	1
1330.3106255017815	39515.1	24.004362	0.9935125962525025	0.00060747314	0	1
1330.3120143818132	39594.273	24.024736	0.9936928773208672	0.000606773	0	1
1330.3134032613798	39492.496	24.004177	0.9893617308664238	0.00060781615	0	1
1330.3147921409472	39617.95	24.030806	0.9907512410485603	0.0006065636	0	1
1330.3161810205133	39612.43	24.032753	0.9888895601835076	0.0006066973	0	1
1330.3175699005449	39627.797	24.038038	0.9875785732588259	0.00060659536	0	1
1330.318958780112	39563.734	24.015192	0.9843200806219313	0.00060700014	0	1
1330.3203476596796	39700.934	24.059095	0.9861086067900746	0.0006060083	0	1
1330.3217365392456	39651.586	24.037785	0.9832653377904674	0.00060622505	0	1
1330.3231254188117	39683.71	24.050957	0.9824863731776459	0.0006060662	0	1
1330.3245142988446	39627.684	24.03399	0.9795567658895783	0.00060649496	0	1
1330.3259031784114	39717.523	24.05676	0.9802626937201552	0.0006056964	0	1
1330.3272920579775	39596.656	24.030594	0.9758141799787502	0.0006068844	0	1
1330.328680937544	39755.402	24.063429	0.9782594187285902	0.00060528703	0	1
1330.3564585307392	39942.793	24.1216	0.9605795683648112	0.00060390367	0	1
1330.3578474103065	39945.44	24.12007	0.9598839917130192	0.0006038253	0	1
1330.3592362898733	39944.46	24.120996	0.9591357333474881	0.0006038634	0	1
1330.3606251694393	39909.434	24.114346	0.9576051959494336	0.0006042267	0	1
1330.3620140490061	39953.348	24.124968	0.9580033577311734	0.00060382846	0	1
1330.3634029285727	39937.77	24.115198	0.9570092931916704	0.0006038193	0	1
1330.3647918081394	39979.707	24.13348	0.9574278780575785	0.00060364325	0	1
1330.3661806877062	39963.97	24.1239	0.9564997488170157	0.0006036412	0	1
1330.3675695677377	39927.875	24.11731	0.955120045509972	0.0006040219	0	1
1330.3689584473045	39990.64	24.131308	0.9561398280857324	0.00060342386	0	1
1330.370347326872	39962.184	24.122955	0.955013167119937	0.0006036446	0	1
1330.3717362064385	40027.348	24.141687	0.9561585631671751	0.00060312985	0	1
1330.3731250860046	39966.395	24.125473	0.954326374922513	0.00060364394	0	1
1330.3745139655712	39998.98	24.134706	0.9547631614383835	0.00060338306	0	1
1330.3759028451386	39958.242	24.122892	0.9534849462403333	0.00060370256	0	1
1330.3772917247047	39994.84	24.13635	0.9540873685501696	0.0006034866	0	1
1330.3786806042706	39969.094	24.131325	0.9532377037992109	0.0006037496	0	1
1330.380069483838	40034.664	24.14708	0.9546009330908879	0.0006031543	0	1
1330.3814583634048	39955.344	24.11857	0.952544642997313	0.0006036382	0	1
1330.3828472429707	39982.914	24.129923	0.9530721366645846	0.0006035059	0	1
1330.3842361225375	39970.695	24.124413	0.9526864006946889	0.0006035525	0	1
1330.385625002105	40033.28	24.138577	0.9541188199895753	0.00060296274	0	1
1330.3870138816715	40023.555	24.140606	0.9538630542571368	0.00060315995	0	1
1330.3884027612376	39980.61	24.125227	0.9528509218299674	0.0006034232	0	1
1330.389791640804	40009.875	24.137762	0.9535950876161569	0.0006032951	0	1
1330.3911805208365	40002.082	24.135212	0.9534913219734125	0.0006033489	0	1
1330.3925694004033	40013.93	24.137804	0.9538910176299072	0.00060323504	0	1
1330.3939582799699	39976.1	24.130592	0.9531416691633104	0.00060362543	0	1
1330.395347159536	40006.39	24.131939	0.954051657457089	0.0006032021	0	1
1330.3967360391025	39998.703	24.133907	0.9540913419005965	0.0006033672	0	1
1330.39812491867	40010.73	24.138973	0.9546365327972303	0.0006033125	0	1
1330.3995137982367	39969.76	24.128607	0.953952236433828	0.00060367153	0	1
1330.4009026778026	39948.57	24.120243	0.9537746191769887	0.00060378236	0	1
1330.4022915573694	40036.836	24.143782	0.9562460030158241	0.0006030392	0	1
1330.4036804369368	39958.766	24.126316	0.9547797377602896	0.0006037803	0	1
1330.4050693165027	39958.55	24.121647	0.9552079916586446	0.0006036667	0	1
1330.4064581960688	39963.35	24.126131	0.9557911656470689	0.0006037064	0	1
1330.4078470756363	39945.484	24.116732	0.9558669528709105	0.00060374115	0	1
1330.4092359552037	39955.047	24.120455	0.9566338751263337	0.0006036898	0	1
1330.4106248347696	40009.145	24.13538	0.9585028084281154	0.00060324656	0	1
1330.4120137138698	39921.84	24.112265	0.9570184012975224	0.0006039868	0	1
1330.4134025934372	39927.324	24.11705	0.9577917851423821	0.0006040237	0	1
1330.414791473004	39938.734	24.1168	0.9587422020588934	0.0006038449	0	1
1330.4161803525699	39933.332	24.115854	0.9593236681067354	0.00060390285	0	1
1330.4175692321367	39979.77	24.127977	0.9611857230207139	0.00060350465	0	1
1330.4189581117034	39915.668	24.110777	0.9604242589045024	0.0006040429	0	1
1330.42034699127	39876.14	24.095272	0.9602863117044761	0.00060425285	0	1
1330.4217358708368	39950.316	24.119547	0.9629214677912353	0.0006037386	0	1
1330.4231247504035	39926.086	24.11354	0.9632199187205217	0.00060395454	0	1
1330.42451362997	39905.06	24.105055	0.9636286479225725	0.00060406013	0	1
1330.4259025095369	39876.58	24.099655	0.9638901404126915	0.0006043562	0	1
1330.4272913891036	39870.332	24.099613	0.9647220192280448	0.0006044498	0	1
1330.4286802686697	39905.344	24.106842	0.9665865877991061	0.0006041006	0	1
1330.4300691482363	39820.16	24.089226	0.9655720075912213	0.0006049505	0	1
1330.4314580278037	39903.523	24.107674	0.9686778068112233	0.000604149	0	1
1330.4328469073696	39869.89	24.093048	0.9689781139201163	0.0006042918	0	1
1330.43423578647	39840.402	24.092556	0.969410517992943	0.0006047267	0	1
1330.4356246660373	39833.43	24.086756	0.9704227250012879	0.00060468697	0	1
1330.4370135456047	39835.92	24.087114	0.9716982374459959	0.00060465815	0	1
1330.4384024251708	39819.082	24.091585	0.9725344490000423	0.00060502614	0	1
1330.439791304737	39762.883	24.073229	0.9724395598157842	0.0006054196	0	1
1330.4411801843041	39843.49	24.088816	0.9757235436277509	0.00060458604	0	1
1330.442569063871	39765.105	24.069021	0.9751463193230208	0.0006052799	0	1
1330.443957943437	39813.887	24.082214	0.9777185317170148	0.00060486974	0	1
1330.4453468230035	39787.754	24.073776	0.9784836789493235	0.0006050549	0	1
1330.4467357021053	39751.56	24.068087	0.9790307770291805	0.0006054627	0	1
1330.448124581672	39767.996	24.07197	0.9809048787986759	0.0006053101	0	1
1330.449513461238	39695.914	24.053997	0.9806247103430457	0.0006059565	0	1
1330.4509023408045	39712.25	24.052483	0.9825576501726089	0.0006056691	0	1
1330.4522912203713	39717.11	24.059748	0.9842382283771819	0.0006057779	0	1
1330.453680099938	39738.246	24.058483	0.986353768106198	0.0006054239	0	1
1330.4550689795046	39659.17	24.043787	0.9860099010437516	0.00060626044	0	1
1330.456457858605	39660.867	24.041765	0.9877010139796474	0.00060618354	0	1
1330.4578467381718	39584.426	24.022991	0.9874847123185385	0.0006068799	0	1
1330.459235617739	39672.895	24.045925	0.9913886198547575	0.0006061046	0	1
1330.4606244973058	39599.633	24.027489	0.9912927660837019	0.0006067604	0	1
1330.462013376872	39600.07	24.02766	0.9930675835627646	0.000606758	0	1
1330.463402255973	39608.113	24.024565	0.9950621869767651	0.00060655666	0	1
1330.4647911355403	39530.65	24.006533	0.9949338004077902	0.00060728914	0	1
1330.4661800151061	39558.195	24.009794	0.9974741822728842	0.0006069487	0	1
1330.4675688946722	39533.0	24.00665	0.9987124931797501	0.00060725596	0	1
1330.4689577742397	39516.273	24.006008	1.0001901642369775	0.00060749677	0	1
1330.4703466538062	39503.973	24.005669	1.0018055266223087	0.0006076773	0	1
1330.4717355329067	39499.95	24.001335	1.003656728967081	0.00060762954	0	1
1330.4731244124735	39494.957	23.995955	1.0055092464273812	0.0006075701	0	1
1330.4745132920407	39483.414	23.997128	1.0072201670560836	0.00060777745	0	1
1330.4759021716075	39423.457	23.98006	1.0077180181770444	0.00060826883	0	1
1330.477291050708	39453.09	23.98787	1.0105295907194858	0.0006080099	0	1
1330.4786799302747	39439.47	23.980822	1.0122589583375308	0.0006080412	0	1
1330.4800688098412	39446.277	23.980743	1.0145367632309223	0.00060793426	0	1
1330.481457689408	39378.707	23.968508	1.0149223345534946	0.0006086667	0	1
1330.4828465689748	39417.19	23.975119	1.018063315120682	0.00060824014	0	1
1330.4842354480757	39365.023	23.965338	1.018885312501711	0.00060879777	0	1
1330.4856243276424	39354.79	23.956434	1.0208119093956687	0.00060872984	0	1
1330.4870132072092	39311.38	23.949753	1.0218971688482157	0.00060923205	0	1
1330.4884020867757	39283.043	23.942705	1.023391945679659	0.0006094921	0	1
1330.4897909658762	39310.574	23.947535	1.0263633453158434	0.0006091881	0	1
1330.4911798454427	39264.656	23.93704	1.027436710222706	0.0006096333	0	1
1330.4925687250102	39297.582	23.947662	1.0305926445855096	0.00060939277	0	1
1330.4939576045763	39255.414	23.933613	1.031798357365628	0.00060968945	0	1
1330.4953464836765	39245.508	23.930271	1.03386811630326	0.00060975825	0	1
1330.496735363244	39209.91	23.921627	1.0352769453788608	0.0006100914	0	1
1330.4981242428112	39243.652	23.930937	1.0385345059410835	0.000609804	0	1
1330.4995131219116	39173.67	23.90861	1.039062416002011	0.00061032345	0	1
1330.5009020014777	39137.32	23.900974	1.040492682905943	0.0006106952	0	1
1330.5022908810452	39144.273	23.907671	1.0430886660672722	0.0006107578	0	1
1330.5036797606117	39170.83	23.91168	1.0462246697339297	0.00061044615	0	1
1330.5050686397121	39104.996	23.894817	1.0469056311466356	0.00061104255	0	1
1330.5064575192787	39146.84	23.907835	1.0504821089820773	0.00061072194	0	1
1330.5078463988455	39071.438	23.88554	1.0509239247512425	0.00061133	0	1
1330.5092352779466	39054.266	23.88394	1.052939153337883	0.0006115578	0	1
1330.5106241575131	39080.31	23.88618	1.0561323866762446	0.00061120756	0	1
1330.51201303708	39040.145	23.876593	1.0575471197872648	0.0006115908	0	1
1330.513401916181	38995.3	23.863235	1.0588405445296005	0.0006119516	0	1
1330.5147907957476	39016.016	23.864748	1.0619227207172321	0.0006116654	0	1
1330.5161796753143	39042.47	23.880228	1.065173585357218	0.0006116475	0	1
1330.5175685544145	38965.457	23.85693	1.0656070928313992	0.00061225845	0	1
1330.5189574339813	38993.91	23.86723	1.068929578853815	0.0006120758	0	1
1330.5203463135488	38964.39	23.857712	1.0706699640545572	0.0006122953	0	1
1330.521735192649	38879.945	23.836283	1.070899986873021	0.000613074	0	1
1330.523124072215	38909.418	23.848215	1.0742696933171816	0.00061291625	0	1
1330.5245129517825	38908.117	23.844584	1.0767963574703399	0.00061284343	0	1
1330.5259018308843	38923.035	23.846292	1.0797766965610263	0.00061265245	0	1
1330.5272907104502	38894.977	23.834599	1.0815670188901552	0.0006127937	0	1
1330.528679590016	38829.12	23.817822	1.0823023265070406	0.000613401	0	1
1330.5300684691179	38822.16	23.822287	1.0846757698025358	0.000613626	0	1
1330.5314573486846	38819.484	23.820341	1.087168780274246	0.0006136182	0	1
1330.5328462277848	38826.777	23.818829	1.0899408668141406	0.000613464	0	1
1330.5342351073516	38801.62	23.816895	1.0917995511529717	0.00061381183	0	1
1330.535623986919	38786.418	23.809387	1.093933406496368	0.00061385887	0	1
1330.5370128660202	38752.73	23.79919	1.0955395556627248	0.00061412936	0	1
1330.538401745586	38763.992	23.801558	1.098410863686741	0.000614012	0	1
1330.5397906246872	38740.93	23.794956	1.1003037692524928	0.0006142072	0	1
1330.5411795042537	38707.535	23.793665	1.1018935514113364	0.0006147037	0	1
1330.5425683838205	38686.973	23.788036	1.1038381598578282	0.00061488495	0	1
1330.5439572629216	38682.332	23.781313	1.1062275126967724	0.0006147849	0	1
1330.5453461424877	38729.76	23.795528	1.1100998588647524	0.00061439903	0	1
1330.5467350215886	38572.074	23.757473	1.1080759859629172	0.0006159242	0	1
1330.548123901156	38524.062	23.741774	1.1091786820071192	0.00061628426	0	1
1330.5495127807226	38396.16	23.708612	1.1079580605117447	0.0006174735	0	1
1330.550901659823	38361.88	23.700008	1.1094157856175086	0.00061780104	0	1
1330.5522905393896	38231.383	23.660944	1.1080667479009434	0.000618888	0	1
1330.5536794184914	38104.8	23.630741	1.1068001365620719	0.0006201513	0	1
1330.5550682980574	37972.605	23.586102	1.105338497618237	0.00062113465	0	1
1330.5564571771579	37811.816	23.543287	1.103009561309046	0.0006226436	0	1
1330.557846056725	37666.316	23.50552	1.1010900102238987	0.00062404614	0	1
1330.5592349358262	37541.223	23.4739	1.099731767357559	0.0006252833	0	1
1330.5606238153923	37302.555	23.401155	1.0950048001951056	0.0006273339	0	1
1330.5620126949589	37169.848	23.368769	1.093345387240732	0.0006287023	0	1
1330.5634015740607	36960.49	23.313984	1.0893894384551859	0.0006307813	0	1
1330.5647904536272	36714.676	23.236092	1.0843098380542928	0.00063288293	0	1
1330.5661793327276	36562.34	23.19751	1.0819444380274312	0.0006344646	0	1
1330.5675682122942	36359.22	23.140797	1.078031617332949	0.0006364492	0	1
1330.5689570913953	36083.28	23.064295	1.0719075341890554	0.00063919614	0	1
1330.570345970962	35920.277	23.018396	1.0690877732289175	0.000640819	0	1
1330.571734850063	35684.848	22.947308	1.0640636773672492	0.00064305466	0	1
1330.5731237296297	35430.97	22.876549	1.0584351961302405	0.00064566534	0	1
1330.5745126087309	35209.742	22.81666	1.053728263367296	0.00064802123	0	1
1330.5759014882974	34962.17	22.748064	1.0481790410632366	0.0006506479	0	1
1330.5772903673985	34665.09	22.6615	1.0410872183784161	0.00065372686	0	1
1330.5786792469646	34455.426	22.604156	1.036564295303924	0.00065604056	0	1
1330.5800681260657	34137.31	22.50902	1.0287208922355353	0.0006593671	0	1
1330.581457005633	33933.3	22.451277	1.0242584690869148	0.0006616296	0	1
1330.5828458847332	33621.53	22.365072	1.0164858603960172	0.0006652009	0	1
1330.5842347642993	33391.54	22.294651	1.0111267866992557	0.00066767365	0	1
1330.585623643401	33089.84	22.209555	1.0035379812833867	0.00067118957	0	1
1330.5870125225028	32780.754	22.11674	0.9956631159647388	0.00067468674	0	1
1330.5884014020687	32519.67	22.04195	0.9891861593487762	0.00067780365	0	1
1330.5897902811691	32236.85	21.95393	0.9819892505731148	0.0006810197	0	1
1330.5911791607364	31955.508	21.87205	0.974777860015498	0.0006844532	0	1
1330.5925680398375	31630.834	21.776632	0.9661836066702689	0.00068846217	0	1
1330.5939569194036	31356.498	21.693384	0.9590664728191762	0.0006918306	0	1
1330.5953457985047	31047.445	21.599268	0.9508279924861528	0.00069568586	0	1
1330.5967346780712	30770.895	21.51998	0.9435256346453637	0.0006993615	0	1
1330.5981235571724	30472.916	21.425827	0.9355078164378003	0.0007031105	0	1
1330.5995124362735	30173.006	21.339455	0.9273718544800743	0.00070723664	0	1
1330.60090131584	29874.691	21.248453	0.9192265874960118	0.0007112526	0	1
1330.602290194941	29587.182	21.159111	0.911356382871315	0.0007151445	0	1
1330.6036790745077	29300.549	21.069752	0.9034567426528626	0.0007190907	0	1
1330.6050679536088	28945.906	20.959951	0.893402174090488	0.0007241076	0	1
1330.606456833175	28767.0	20.901363	0.8887175666783645	0.00072657433	0	1
1330.6078457122758	28428.928	20.798555	0.8790628377060681	0.0007315983	0	1
1330.6092345913776	28172.639	20.720675	0.8718824933584671	0.0007354893	0	1
1330.6106234709441	27922.871	20.640352	0.8648525556157106	0.0007391916	0	1
1330.6120123500446	27612.908	20.540613	0.8559061436668192	0.0007438772	0	1
1330.6134012296113	27310.287	20.442146	0.8471348159949075	0.0007485145	0	1
1330.614790108713	27058.873	20.364471	0.8399015457943173	0.00075259863	0	1
1330.6161789878133	26823.959	20.300776	0.8331323024668481	0.000756815	0	1
1330.6175678673794	26615.205	20.226995	0.8271289597684673	0.00075997895	0	1
1330.6189567464812	26390.959	20.155073	0.8205984165352912	0.0007637113	0	1
1330.620345625582	26152.783	20.076405	0.8135892240608134	0.0007676584	0	1
1330.6217345051482	25961.309	20.012089	0.8079885570486045	0.00077084283	0	1
1330.623123384249	25795.586	19.964142	0.803146712670566	0.00077393634	0	1
1330.6245122638165	25584.062	19.898037	0.7968366149250186	0.00077775127	0	1
1330.6259011429174	25473.826	19.856836	0.7936400999984743	0.00077949953	0	1
1330.6272900220179	25372.693	19.821865	0.7906876350373607	0.00078122824	0	1
1330.6286789015846	25270.484	19.784111	0.7874550446832324	0.000782894	0	1
1330.6300677806857	25145.277	19.750017	0.7835062436395804	0.0007854364	0	1
1330.6314566597866	25068.63	19.722439	0.7810709341673117	0.0007867378	0	1
1330.6328455393534	25031.516	19.708353	0.7798675310818455	0.00078734156	0	1
1330.6342344184536	24974.332	19.696169	0.7780390724078586	0.00078865647	0	1
1330.6356232975547	25003.686	19.697788	0.7789066096915144	0.0007877954	0	1
1330.6370121771222	24995.715	19.701965	0.7786114006606034	0.00078821374	0	1
1330.6384010562233	25094.281	19.733482	0.7816346364508869	0.0007863737	0	1
1330.6397899353235	25150.021	19.74686	0.7833236422542788	0.0007851628	0	1
1330.6411788144246	25182.014	19.758505	0.7842728314641972	0.0007846277	0	1
1330.642567693992	25322.89	19.801928	0.7886128273732206	0.0007819774	0	1
1330.6439565730923	25418.076	19.839405	0.7915294511798293	0.00078052346	0	1
1330.6453454521925	25556.303	19.886263	0.7955392541891828	0.0007781354	0	1
1330.64673433176	25779.46	19.955029	0.8021510062538809	0.00077406695	0	1
1330.6481232108617	25912.84	20.003086	0.805926863515742	0.00077193725	0	1
1330.6495120899622	26065.805	20.048126	0.8102700435680175	0.00076913513	0	1
1330.6509009690624	26374.88	20.14372	0.8194208051593479	0.0007637464	0	1
1330.6522898486298	26561.043	20.211916	0.8247063914770407	0.0007609609	0	1
1330.653678727731	26800.666	20.285496	0.8316060172287784	0.0007569027	0	1
1330.6550676068312	27026.496	20.359966	0.8380303680292761	0.00075333356	0	1
1330.656456486398	27270.473	20.43695	0.8449693744856527	0.0007494168	0	1
1330.6578453654988	27545.365	20.525692	0.8528164969022002	0.0007451596	0	1
1330.6592342446	27776.408	20.600767	0.8592558902690383	0.0007416642	0	1
1330.660623123701	28047.738	20.687347	0.8668908874990175	0.00073757634	0	1
1330.6620120032676	28340.596	20.779259	0.8751382855773714	0.00073319767	0	1
1330.6634008823687	28669.441	20.88104	0.8844416734903006	0.0007283379	0	1
1330.6647897614698	28932.996	20.963078	0.8916757599981987	0.00072453875	0	1
1330.6661786405707	29215.908	21.05411	0.8994521302634275	0.00072063855	0	1
1330.6675675201368	29473.12	21.127863	0.9063826923592897	0.00071685197	0	1
1330.6689563992377	29799.756	21.229385	0.9153917478337643	0.0007124013	0	1
1330.6703452783395	30119.844	21.327324	0.9241403755175455	0.00070808217	0	1
1330.67173415744	30389.266	21.406391	0.9312767610669688	0.00070440635	0	1
1330.6731230365403	30719.29	21.507618	0.9402117433920972	0.00070013397	0	1
1330.6745119161076	30996.42	21.593943	0.9474686659598957	0.00069665926	0	1
1330.6759007952094	31286.338	21.686451	0.9550584854151586	0.0006931604	0	1
1330.6772896743096	31586.06	21.770416	0.962888443041384	0.0006892413	0	1
1330.67867855341	31877.318	21.854788	0.9704008814516549	0.00068559055	0	1
1330.6800674325118	32185.525	21.948929	0.9783692167005458	0.0006819503	0	1
1330.6814563120784	32521.775	22.042292	0.9871277244528369	0.00067777024	0	1
1330.6828451911788	32706.71	22.103586	0.9912366066343128	0.00067581196	0	1
1330.6842340702797	33031.156	22.20202	0.9995172701906255	0.0006721539	0	1
1330.6856229493815	33316.336	22.28181	1.0065487698226867	0.0006687954	0	1
1330.6870118284826	33565.832	22.352371	1.0124448123331438	0.0006659263	0	1
1330.6884007080484	33837.62	22.432407	1.018956638748972	0.0006629428	0	1
1330.6897895871496	34095.17	22.506327	1.0249828259430194	0.00066010305	0	1
1330.6911784662507	34374.652	22.587719	1.031611168385351	0.0006571039	0	1
1330.6925673453516	34626.594	22.66149	1.0373564459088345	0.00065445335	0	1
1330.6939562244527	34907.266	22.740934	1.0439060181256108	0.00065146707	0	1
1330.695345103553	35146.918	22.809584	1.0491734278671019	0.0006489782	0	1
1330.6967339826542	35347.527	22.865326	1.0532245933815643	0.000646872	0	1
1330.6981228622215	35652.918	22.954506	1.0603438618477514	0.00064383243	0	1
1330.6995117413226	35856.465	23.008234	1.0643805138765878	0.000641676	0	1
1330.700900620423	36110.812	23.08135	1.069874754048226	0.0006391811	0	1
1330.7022894995239	36302.516	23.132774	1.0734637953026211	0.0006372224	0	1
1330.7036783786257	36512.203	23.197165	1.0775385682677927	0.0006353263	0	1
1330.705067257726	36686.312	23.238745	1.0805189590851652	0.0006334446	0	1
1330.7064561368263	36913.867	23.304674	1.08502864099688	0.0006313257	0	1
1330.707845015928	37090.887	23.35397	1.0880085852279893	0.0006296417	0	1
1330.7092338954947	37370.277	23.42922	1.0939446360595124	0.00062694796	0	1
1330.710622774595	37428.867	23.447418	1.0933782573613726	0.0006264528	0	1
1330.7120116536962	37620.38	23.50215	1.0966620184792302	0.00062471855	0	1
1330.7134005327978	37831.9	23.561935	1.1004876307674292	0.0006228061	0	1
1330.714789411899	37895.895	23.571968	1.0999892533047102	0.00062201906	0	1
1330.7161782909993	38069.55	23.626198	1.1026444230588222	0.0006206062	0	1
1330.7175671701002	38193.656	23.662088	1.1038319934475056	0.0006195293	0	1
1330.718956049201	38288.875	23.688286	1.104158104157163	0.0006186728	0	1
1330.7203449283022	38369.188	23.710253	1.1040314227016257	0.00061795034	0	1
1330.7217338074033	38487.49	23.747322	1.1049743165251291	0.00061701407	0	1
1330.7231226865042	38583.645	23.763273	1.1052578403262336	0.0006158898	0	1
1330.724511566071	38647.465	23.783743	1.104595885043687	0.0006154024	0	1
1330.725900445172	38734.535	23.80957	1.1045807619043346	0.0006146858	0	1
1330.727289324273	38705.887	23.799831	1.1012549580670938	0.0006148892	0	1
1330.7286782033734	38760.48	23.81315	1.1002898297377581	0.0006143667	0	1
1330.7300670824745	38728.254	23.808975	1.0968536036676102	0.00061477016	0	1
1330.731455961576	38708.26	23.800999	1.0937631322780574	0.00061488163	0	1
1330.7328448406765	38764.215	23.817741	1.0928130487488887	0.000614426	0	1
1330.734233719777	38812.58	23.833857	1.0916398790457695	0.0006140756	0	1
1330.7356225988788	38805.438	23.830027	1.0889015163336542	0.0006140899	0	1
1330.7370114779803	38873.582	23.848413	1.088271201163978	0.0006134864	0	1
1330.7384003570805	38848.684	23.839384	1.0850336861817285	0.00061364716	0	1
1330.739789236181	38809.336	23.831234	1.0813980595699284	0.00061405933	0	1
1330.7411781152828	38838.406	23.840963	1.0796716392418546	0.0006138502	0	1
1330.7425669943837	38865.363	23.841858	1.077885771693878	0.00061344745	0	1
1330.743955873484	38877.062	23.846933	1.0756780194097098	0.0006133934	0	1
1330.7453447525852	38919.207	23.857162	1.0743137636902877	0.000612992	0	1
1330.7467336316863	38901.81	23.856659	1.0713097214596603	0.0006132532	0	1
1330.7481225107872	38946.332	23.863049	1.0700154053270419	0.0006127162	0	1
1330.7495113898883	38952.562	23.868628	1.0676727546904652	0.0006127614	0	1
1330.7509002689894	38972.266	23.87448	1.065705498460184	0.00061260175	0	1
1330.7522891480903	38995.273	23.879997	1.0638344115751368	0.00061238185	0	1
1330.7536780271914	39019.758	23.89035	1.0620098605164312	0.0006122629	0	1
1330.7550669062925	38981.17	23.874443	1.058479629176263	0.0006124609	0	1
1330.7564557853927	39037.027	23.885258	1.0575234733536727	0.0006118616	0	1
1330.7578446644939	39056.598	23.89373	1.0555910220268696	0.00061177195	0	1
1330.7592335435957	39085.387	23.90545	1.0539168333802214	0.0006116212	0	1
1330.7606224226965	39083.547	23.905315	1.0514278911971198	0.0006116465	0	1
1330.762011301797	39038.09	23.890776	1.047781984309326	0.00061198627	0	1
1330.7634001808979	39112.61	23.909714	1.0473685929404344	0.0006113045	0	1
1330.7647890599997	39139.97	23.919106	1.0457008412593063	0.0006111171	0	1
1330.7661779391	39197.59	23.93287	1.0448518171817622	0.00061056996	0	1
1330.7675668182003	39140.63	23.915628	1.0409644751887681	0.000611018	0	1
1330.7689556968364	39226.508	23.939112	1.0408909342923993	0.0006102789	0	1
1330.7703445759375	39166.438	23.92525	1.0369602305076402	0.000610861	0	1
1330.7717334550377	39233.707	23.942513	1.036418320672036	0.00061025366	0	1
1330.7731223341389	39209.8	23.935917	1.033483647338033	0.0006104575	0	1
1330.7745112132407	39253.74	23.94696	1.0323549229953277	0.0006100555	0	1
1330.7759000923415	39257.1	23.950068	1.0301758053829912	0.0006100824	0	1
1330.777288971442	39210.523	23.940813	1.026708571036797	0.0006105711	0	1
1330.7786778505429	39312.934	23.964668	1.0271598204038523	0.00060958735	0	1
1330.780066729644	39275.934	23.957832	1.0239858466440384	0.0006099876	0	1
1330.781455608745	39330.883	23.969685	1.0232296007935358	0.0006094367	0	1
1330.782844487846	39350.777	23.975609	1.0215791620658665	0.00060927914	0	1
1330.7842333664807	39314.406	23.960476	1.0184913160015192	0.0006094579	0	1
1330.7856222455816	39408.99	23.990126	1.0188156922541094	0.0006087476	0	1
1330.7870111246834	39425.63	23.992426	1.0171424245131007	0.000608549	0	1
1330.7884000037845	39360.58	23.975574	1.0133878884154823	0.0006091266	0	1
1330.7897888828847	39471.496	24.008755	1.0141856534370852	0.0006082555	0	1
1330.7911777619859	39488.34	24.011444	1.0125841928620698	0.0006080642	0	1
1330.7925666410877	39457.09	23.999367	1.0097751824239503	0.0006082397	0	1
1330.7939555201879	39437.99	23.997519	1.0073049538965828	0.0006084874	0	1
1330.7953443988226	39526.348	24.024403	1.0076017009827658	0.0006078073	0	1
1330.7967332779244	39466.617	24.006422	1.0041479933129664	0.00060827157	0	1
1330.7981221570262	39529.016	24.023836	1.0038279195202908	0.00060775195	0	1
1330.7995110361264	39485.97	24.011784	1.0008559053053576	0.0006081093	0	1
1330.8008999152266	39557.465	24.0295	1.0008129916142723	0.000607458	0	1
1330.8022887943284	39517.715	24.020142	0.9979814425104548	0.0006078323	0	1
1330.8036776734295	39557.855	24.031261	0.9971951726258237	0.0006074966	0	1
1330.805066552064	39550.066	24.02979	0.9952272209375156	0.000607579	0	1
1330.8064554311652	39621.875	24.051401	0.9952877380130297	0.0006070233	0	1
1330.8078443102663	39647.816	24.055502	0.9942204370805336	0.00060672953	0	1
1330.8092331893672	39650.656	24.052982	0.9926015150287667	0.00060662255	0	1
1330.8106220684683	39640.363	24.05306	0.9906833280028353	0.00060678204	0	1
1330.8120109471038	39670.742	24.063702	0.9898102155918633	0.00060658564	0	1
1330.8133998262047	39677.434	24.063026	0.9883742591443201	0.0006064663	0	1
1330.8147887053058	39658.55	24.059902	0.986331655151213	0.0006066763	0	1
1330.816177584407	39704.68	24.073486	0.9859350316678244	0.0006063136	0	1
1330.817566463507	39688.36	24.060942	0.9840169147500583	0.0006062468	0	1
1330.8189553421425	39692.297	24.06552	0.982632134168394	0.000606302	0	1
1330.8203442212443	39754.156	24.087738	0.9827096746352427	0.0006059175	0	1
1330.8217331003445	39725.92	24.075005	0.980589922285229	0.0006060276	0	1
1330.823121979445	39752.188	24.083668	0.9798467459315354	0.00060584507	0	1
1330.8245108585465	39748.434	24.07854	0.9783942466360657	0.0006057733	0	1
1330.8258997371827	39756.55	24.08417	0.9772653955400508	0.0006057912	0	1
1330.827288616283	39750.7	24.081745	0.9758248566757776	0.0006058194	0	1
1330.8286774953835	39739.984	24.080614	0.9742973820433016	0.00060595426	0	1
1330.830066374485	39850.523	24.108679	0.9757716445016503	0.0006049777	0	1
1330.8314552531206	39915.957	24.12628	0.9761831665600903	0.00060442695	0	1
1330.832844132221	39789.723	24.09724	0.9719119654756242	0.0006056147	0	1
1330.8342330113219	39891.477	24.116962	0.973257793156556	0.0006045643	0	1
1330.8356218904237	39880.746	24.114687	0.9718894091731292	0.0006046699	0	1
1330.837010769059	39825.473	24.100983	0.9694701719802014	0.000605165	0	1
1330.8383996481593	39844.844	24.106318	0.9689019290577605	0.0006050047	0	1
1330.8397885272602	39853.13	24.107546	0.9680964696777027	0.0006049097	0	1
1330.8411774063613	39881.88	24.11675	0.9678204127893145	0.0006047045	0	1
1330.8425662849968	39875.375	24.115	0.9667216136858023	0.0006047592	0	1
1330.8439551640977	39859.805	24.11217	0.9654369333434932	0.0006049244	0	1
1330.845344043198	39846.03	24.106873	0.9642299260895886	0.0006050006	0	1
1330.8467329218336	39868.125	24.116413	0.963924275041867	0.0006049046	0	1
1330.8481218009351	39917.207	24.124308	0.9643033600594199	0.0006043586	0	1
1330.8495106800362	39926.28	24.125301	0.9637485835402069	0.00060424616	0	1
1330.8508995591367	39940.195	24.129984	0.9633440819148769	0.00060415285	0	1
1330.8522884377721	39878.793	24.112234	0.9611577695732283	0.000604638	0	1
1330.8536773168737	39997.184	24.146992	0.9633378987840521	0.0006037173	0	1
1330.855066195974	39925.055	24.123693	0.960962644601343	0.00060422445	0	1
1330.8564550746087	39933.816	24.12998	0.9605695252720728	0.0006042493	0	1
1330.8578439537105	39968.957	24.140114	0.9608444986673543	0.0006039716	0	1
1330.8592328328114	39976.52	24.142965	0.9604901865701846	0.00060392864	0	1
1330.8606217114461	40009.598	24.15151	0.9607827485914953	0.0006036429	0	1
1330.8620105905472	39989.453	24.142859	0.9598314672305764	0.0006037307	0	1
1330.8633994696488	39964.684	24.139826	0.9588041173913384	0.00060402893	0	1
1330.8647883482836	40020.15	24.151714	0.9597358610768422	0.0006034889	0	1
1330.866177227384	39949.145	24.128998	0.957669343588619	0.00060399284	0	1
1330.8675661064858	39969.92	24.137354	0.957838000905781	0.00060388795	0	1
1330.868954985121	39967.33	24.139029	0.9574809851516984	0.00060396903	0	1
1330.8703438642215	39946.906	24.128101	0.9567315828441042	0.00060400425	0	1
1330.8717327428567	39972.355	24.137299	0.9571153492425486	0.00060384977	0	1
1330.8731216219585	40001.21	24.148396	0.9576149942837947	0.0006036916	0	1
1330.8745105010594	40018.504	24.151842	0.9578722673480341	0.0006035169	0	1
1330.8758993796941	39996.406	24.143627	0.9572213553289657	0.00060364493	0	1
1330.8772882587953	40041.37	24.15462	0.9582100420975875	0.00060324155	0	1
1330.8786771378964	39906.48	24.11884	0.9549467421195725	0.000604384	0	1
1330.8800660165316	39997.664	24.145332	0.9570933526081518	0.00060366857	0	1
1330.8814548956327	39997.19	24.14442	0.9570986230684028	0.0006036529	0	1
1330.8828437742673	40008.62	24.146433	0.9574233493831228	0.00060353073	0	1
1330.8842326533684	39970.84	24.13861	0.9566049965056083	0.00060390553	0	1
1330.8856215324702	40001.094	24.14728	0.9574494872985738	0.0006036655	0	1
1330.8870104111056	40005.613	24.143227	0.9577127036763537	0.000603496	0	1
1330.8883992902058	39993.332	24.143255	0.9576082433450974	0.000603682	0	1
1330.8897881688413	39954.844	24.133307	0.9569105315795764	0.00060401455	0	1
1330.891177047943	39974.168	24.139175	0.9576317930931687	0.0006038694	0	1
1330.8925659270433	39965.44	24.13536	0.9577155733644883	0.00060390576	0	1
1330.8939548056778	39991.887	24.141039	0.9586767563026412	0.0006036484	0	1
1330.8953436847796	39989.492	24.141539	0.9589811801474846	0.00060369703	0	1
1330.8967325634158	39961.2	24.12968	0.9586985784918945	0.00060382776	0	1
1330.8981214425162	39956.15	24.135153	0.959007510489189	0.00060404104	0	1
1330.8995103211507	39933.535	24.123098	0.9589288145156789	0.0006040812	0	1
1330.9008992002525	39949.016	24.13327	0.9597989405068769	0.00060410175	0	1
1330.902288078888	39934.695	24.123995	0.959987183372939	0.0006040861	0	1
1330.9036769579882	39942.055	24.129545	0.9607305180898444	0.0006041138	0	1
1330.9050658370893	39955.027	24.127722	0.9616431307955046	0.000603872	0	1
1330.9064547157245	39936.57	24.13205	0.9618330936076709	0.00060425943	0	1
1330.9078435948256	39955.58	24.133057	0.9629591979386161	0.0006039972	0	1
1330.909232473461	39929.547	24.11583	0.9630334376489903	0.0006039595	0	1
1330.910621352562	39929.723	24.120993	0.9637729382310285	0.00060408615	0	1
1330.9120102311974	39984.727	24.136642	0.9658704309559195	0.00060364656	0	1
1330.9133991102985	39877.504	24.108023	0.964081599423714	0.0006045519	0	1
1330.9147879889338	39875.06	24.112213	0.9648569945916952	0.0006046941	0	1
1330.9161768680342	39915.92	24.116842	0.9667143913158946	0.00060419104	0	1
1330.9175657466694	39918.17	24.122887	0.9676707155413062	0.0006043084	0	1
1330.9189546257712	39875.63	24.110056	0.9675732977333886	0.0006046314	0	1
1330.920343504406	39833.62	24.095396	0.9675197457620938	0.000604901	0	1
1330.9217323835064	39867.207	24.102835	0.9693348570142791	0.00060457794	0	1
1330.9231212621423	39865.965	24.104836	0.9703366072407621	0.000604647	0	1
1330.9245101412441	39851.05	24.099455	0.971037666805704	0.00060473825	0	1
1330.9258990198787	39760.715	24.074139	0.9699452315596634	0.0006054755	0	1
1330.927287898979	39798.008	24.085073	0.9719673118794641	0.0006051829	0	1
1330.9286767776152	39853.855	24.103035	0.9744920658212481	0.0006047855	0	1
1330.9300656567161	39795.93	24.088947	0.9742666927687559	0.0006053118	0	1
1330.931454535351	39756.44	24.077984	0.9745214731637949	0.0006056373	0	1
1330.9328434139861	39795.984	24.084177	0.9767450498224567	0.00060519116	0	1
1330.934232293088	39780.016	24.080532	0.9776382753399605	0.00060534244	0	1
1330.9356211717234	39753.105	24.074848	0.9782923944347198	0.00060560927	0	1
1330.9370100508236	39740.676	24.067688	0.9793325487306717	0.00060561846	0	1
1330.938398929459	39725.047	24.066742	0.9803236954444104	0.00060583296	0	1
1330.9397878085601	39767.676	24.076807	0.982784066371887	0.0006054366	0	1
1330.9411766871954	39652.164	24.049118	0.9813769472699896	0.00060650206	0	1
1330.9425655662965	39678.426	24.04978	0.9834796983503349	0.0006061173	0	1
1330.9439544449313	39725.215	24.0634	0.9861368136649826	0.00060574623	0	1
1330.9453433235667	39687.92	24.053627	0.9867367391114233	0.0006060692	0	1
1330.9467322026683	39682.156	24.04908	0.9881483185772852	0.0006060427	0	1
1330.9481210813037	39639.586	24.046064	0.9886707004606671	0.0006066174	0	1
1330.9495099604042	39674.67	24.050001	0.9911586166938997	0.0006061802	0	1
1330.9508988390394	39605.395	24.027794	0.9910665860274456	0.0006066798	0	1
1330.9522877176755	39611.14	24.036201	0.9928776802479379	0.0006068041	0	1
1330.953676596776	39576.312	24.026073	0.9936986382283114	0.00060708215	0	1
1330.9550654754105	39594.99	24.026222	0.9958901399363073	0.00060679956	0	1
1330.956454354512	39608.402	24.028683	0.9979782523858495	0.0006066562	0	1
1330.9578432331482	39590.266	24.022726	0.9992984429010966	0.00060678367	0	1
1330.959232111783	39541.695	24.012379	0.9998743678699922	0.0006072673	0	1
1330.9606209908834	39497.65	23.996414	1.0005870121520155	0.0006075403	0	1
1330.9620098695193	39515.824	24.00548	1.0029009779307014	0.0006074903	0	1
1330.9633987481548	39521.887	24.01043	1.004934559513687	0.0006075223	0	1
1330.9647876272552	39475.29	23.991117	1.005652743276434	0.00060775026	0	1
1330.9661765058904	39440.305	23.987846	1.0066880043989008	0.00060820644	0	1
1330.9675653849915	39421.273	23.976898	1.0081526002251475	0.0006082223	0	1
1330.968954263627	39452.027	23.991676	1.0109153949424006	0.0006081228	0	1
1330.9703431422622	39382.383	23.978575	1.0111276345214897	0.0006088655	0	1
1330.971732021363	39412.45	23.97709	1.0139215239964023	0.00060836336	0	1
1330.9731208999985	39408.664	23.973148	1.0158691044549746	0.00060832174	0	1
1330.974509778634	39386.324	23.96475	1.0173598045898966	0.0006084536	0	1
1330.975898657735	39350.414	23.956264	1.0185192488912969	0.0006087932	0	1
1330.9772875363697	39340.645	23.958277	1.0203747549059765	0.00060899556	0	1
1330.978676415005	39311.473	23.946619	1.0217463485557254	0.0006091509	0	1
1330.9800652941067	39293.395	23.945566	1.0234246620007836	0.00060940435	0	1
1330.9814541727415	39325.12	23.950108	1.0264214006676435	0.0006090282	0	1
1330.9828430513762	39275.426	23.938898	1.0273119316327264	0.0006095134	0	1
1330.9842319300124	39251.938	23.928179	1.0289033325512242	0.00060960505	0	1
1330.985620809114	39190.79	23.913935	1.0295217194789192	0.0006101927	0	1
1330.9870096877487	39248.434	23.933588	1.033278962221756	0.00060979725	0	1
1330.9883985663832	39233.363	23.924717	1.0351421853019895	0.0006098054	0	1
1330.989787445485	39188.81	23.916018	1.0362413695704304	0.0006102767	0	1
1330.9911763241203	39193.35	23.918175	1.0386532453652522	0.00061026105	0	1
1330.992565202755	39146.105	23.90177	1.0397063451639137	0.00061057846	0	1
1330.9939540818561	39158.266	23.905449	1.0423507795836016	0.0006104828	0	1
1330.995342960492	39164.69	23.907284	1.0448586698046933	0.0006104295	0	1
1330.9967318391275	39203.176	23.920357	1.048238920151185	0.0006101637	0	1
1330.9981207177623	39123.46	23.899914	1.0484699625824767	0.00061088445	0	1
1330.9995095968634	39081.023	23.888615	1.0497057283196412	0.00061125867	0	1
1331.0008984754986	39086.94	23.889776	1.0522505486762086	0.00061119586	0	1
1331.002287354134	39044.473	23.879347	1.053502315753574	0.00061159354	0	1
1331.0036762327695	39101.71	23.890732	1.0574564247999272	0.0006109894	0	1
1331.0050651118697	39043.867	23.873999	1.0583086773296608	0.000611466	0	1
1331.0064539905052	39000.543	23.86242	1.0595579480228419	0.0006118484	0	1
1331.0078428691413	38986.812	23.857086	1.0616166758169368	0.00061192707	0	1
1331.0092317477765	38990.18	23.86371	1.0641486132891678	0.0006120441	0	1
1331.010620626877	38967.914	23.851448	1.0659873237944024	0.00061207917	0	1
1331.0120095055122	38933.117	23.8539	1.0674864429711748	0.00061268924	0	1
1331.0133983841483	38939.297	23.843075	1.0701133070104947	0.000612314	0	1
1331.014787262783	38923.33	23.837172	1.0721361365721391	0.0006124135	0	1
1331.0161761414176	38916.707	23.841066	1.0744194890758725	0.00061261776	0	1
1331.0175650205194	38885.57	23.834614	1.0760272908887911	0.0006129424	0	1
1331.0189538991553	38872.156	23.826916	1.0781255434390398	0.00061295583	0	1
1331.0203427777901	38881.17	23.826212	1.0808476520368657	0.00061279564	0	1
1331.021731656425	38901.59	23.834412	1.0838898164021302	0.00061268476	0	1
1331.023120535061	38764.14	23.801348	1.0825204950276477	0.00061400427	0	1
1331.024509414162	38837.098	23.815119	1.0870341045609477	0.0006132054	0	1
1331.0258982927967	38885.17	23.827925	1.0908517436919478	0.0006127766	0	1
1331.027287171432	38775.035	23.805882	1.0902249017120569	0.0006139487	0	1
1331.0286760500674	38821.03	23.812132	1.0939808131950042	0.00061338226	0	1
1331.0300649287028	38789.613	23.801924	1.095552113354323	0.0006136159	0	1
1331.031453807338	38796.67	23.807661	1.0982036764206722	0.00061365217	0	1
1331.0328426864392	38688.51	23.779222	1.0975815909811775	0.0006146327	0	1
1331.0342315650746	38716.727	23.787577	1.1008166538558932	0.0006144005	0	1
1331.0356204437098	38737.137	23.787807	1.1038252049890311	0.00061408273	0	1
1331.0370093223453	38694.832	23.78174	1.1050367159758374	0.00061459735	0	1
1331.0383982009798	38695.465	23.780262	1.1074622848689697	0.0006145491	0	1
1331.0397870796153	38603.42	23.747644	1.107219325530939	0.0006151694	0	1
1331.041175958717	38532.01	23.73373	1.1075466288921025	0.0006159484	0	1
1331.0425648373516	38483.535	23.72355	1.1085133856400795	0.00061645976	0	1
1331.0439537159864	38381.992	23.694973	1.1079290914741728	0.0006173461	0	1
1331.0453425946225	38215.324	23.644388	1.1054343652516565	0.00061871484	0	1
1331.0467314732587	38144.43	23.629759	1.1056804984929975	0.00061948126	0	1
1331.0481203518932	37965.1	23.579643	1.1027524088447302	0.0006210873	0	1
1331.0495092305277	37863.945	23.549946	1.1020612141146064	0.0006219623	0	1
1331.0508981091639	37689.523	23.501402	1.0992033682130828	0.00062355265	0	1
1331.0522869877993	37510.758	23.449684	1.0961793242767897	0.00062514556	0	1
1331.0536758668995	37336.383	23.403708	1.0932433785890652	0.0006268338	0	1
1331.055064745535	37163.793	23.353102	1.0903191677031592	0.0006283832	0	1
1331.0564536241711	37038.805	23.320312	1.0887530998189805	0.0006296184	0	1
1331.0578425028066	36839.637	23.264193	1.084965952066329	0.000631499	0	1
1331.0592313814411	36635.62	23.208408	1.0809904019050036	0.00063349295	0	1
1331.0606202600766	36436.73	23.147776	1.0771198953221202	0.00063528685	0	1
1331.0620091387118	36194.96	23.08357	1.071933074538939	0.0006377565	0	1
1331.0633980173473	35995.15	23.029684	1.0679395439317643	0.0006397997	0	1
1331.0647868959827	35792.965	22.972479	1.063828034339451	0.0006418155	0	1
1331.0661757746175	35509.68	22.887705	1.0572536171193565	0.00064454833	0	1
1331.0675646532527	35283.777	22.824097	1.0523336830046484	0.0006468723	0	1
1331.0689535318888	35063.67	22.762508	1.0475355523851029	0.0006491764	0	1
1331.0703424109897	34801.04	22.686308	1.0414136773979497	0.00065188593	0	1
1331.0717312896245	34576.105	22.62013	1.0363662105651301	0.0006542128	0	1
1331.0731201682597	34271.645	22.53353	1.0288791058122282	0.00065749773	0	1
1331.0745090468959	34099.336	22.48344	1.0253057701757404	0.0006593513	0	1
1331.0758979255306	33861.605	22.418488	1.019714670357118	0.00066206214	0	1
1331.0772868041654	33528.668	22.315874	1.0111983568223668	0.0006655759	0	1
1331.0786756828013	33268.86	22.243313	1.00482844619537	0.0006685926	0	1
1331.0800645614374	33016.7	22.166975	0.9986340633166704	0.0006713868	0	1
1331.081453440072	32689.441	22.07059	0.990109969267391	0.00067515956	0	1
1331.0828423187068	32440.832	22.002382	0.9839100028335307	0.0006782311	0	1
1331.084231197343	32173.62	21.920109	0.9770904405400823	0.0006813069	0	1
1331.085620075978	31917.809	21.850111	0.970561651589584	0.0006845743	0	1
1331.0870089546129	31608.709	21.753218	0.962355551054244	0.0006882033	0	1
1331.088397833248	31331.344	21.666586	0.9550582239232771	0.0006915307	0	1
1331.0897867118836	31034.248	21.58571	0.9471028739387168	0.0006955448	0	1
1331.091175590519	30803.975	21.504883	0.9411322150926301	0.0006981204	0	1
1331.0925644691542	30468.828	21.409605	0.9319019818342554	0.0007026724	0	1
1331.0939533477897	30199.324	21.329979	0.9246231325295182	0.0007063065	0	1
1331.0953422264251	29862.293	21.224613	0.9152209993047946	0.0007107496	0	1
1331.0967311050604	29635.164	21.155012	0.9091331965024245	0.00071384833	0	1
1331.0981199836958	29334.486	21.060757	0.9007367966915163	0.00071795215	0	1
1331.0995088623306	29078.445	20.980698	0.8936584069010316	0.0007215206	0	1
1331.100897740966	28803.041	20.895432	0.8859336409946842	0.0007254592	0	1
1331.102286619602	28549.516	20.812204	0.8788312041024997	0.0007289862	0	1
1331.1036754982365	28296.37	20.736675	0.8716909706130967	0.00073283876	0	1
1331.1050643768713	28035.3	20.655466	0.8642577059745209	0.0007367663	0	1
1331.1064532550417	27751.818	20.57381	0.8560845369072181	0.00074135	0	1
1331.1078421336779	27522.385	20.494604	0.8495310862231084	0.0007446522	0	1
1331.1092310123126	27348.146	20.43863	0.8446364829346232	0.0007473497	0	1
1331.1106198909472	27069.557	20.349655	0.8364739486171592	0.00075175427	0	1
1331.112008769583	26889.258	20.2913	0.831304140149712	0.0007546248	0	1
1331.1133976482186	26670.947	20.221556	0.8249162189863279	0.0007581866	0	1
1331.1147865268533	26464.057	20.153915	0.8188388371224913	0.00076155807	0	1
1331.1161754054888	26292.625	20.100456	0.8138171601622805	0.0007644903	0	1
1331.1175642841247	26153.24	20.054255	0.8097472495103919	0.0007667981	0	1
1331.1189531627601	26000.639	20.003195	0.8052286589321338	0.0007693347	0	1
1331.120342041395	25888.223	19.974743	0.801915802226454	0.0007715764	0	1
1331.1217309200301	25759.486	19.925678	0.7978574443073788	0.0007735278	0	1
1331.1231197986656	25652.102	19.893684	0.7944610753743531	0.0007755187	0	1
1331.1245086768354	25584.059	19.871222	0.7922836388650892	0.00077670324	0	1
1331.1258975554706	25540.953	19.855206	0.7908787803817432	0.000777387	0	1
1331.1272864341054	25492.566	19.837812	0.7893106503537497	0.00077818026	0	1
1331.1286753127406	25521.445	19.84933	0.7901349141410727	0.00077775103	0	1
1331.1300641913767	25513.264	19.849928	0.7898117521898537	0.00077802385	0	1
1331.131453070012	25586.49	19.873053	0.7920085707642749	0.000776701	0	1
1331.1328419486467	25618.748	19.877756	0.7929369592975896	0.0007759066	0	1
1331.1342308272822	25699.941	19.900904	0.795379675017523	0.000774356	0	1
1331.1356197054524	25779.846	19.936543	0.7977820675445937	0.0007733383	0	1
1331.1370085840872	25933.812	19.989971	0.8024757677987576	0.00077080727	0	1
1331.138397462722	26101.154	20.034391	0.8073423783795289	0.00076756725	0	1
1331.139786341358	26164.611	20.05727	0.8089565393198321	0.0007665801	0	1
1331.141175219994	26399.947	20.142067	0.8158443440417923	0.0007629586	0	1
1331.1425640986288	26566.23	20.189772	0.8205557708430085	0.0007599788	0	1
1331.1439529767977	26734.84	20.246918	0.825297169262693	0.00075732335	0	1
1331.1453418554338	26958.258	20.316608	0.8316871370057873	0.0007536321	0	1
1331.146730734069	27164.516	20.381424	0.8375031252300758	0.0007502959	0	1
1331.1481196127038	27446.959	20.48053	0.8456215800953194	0.0007461858	0	1
1331.1495084913392	27653.195	20.534454	0.8513451800960339	0.0007425708	0	1
1331.1508973699747	27895.852	20.617037	0.8581433660892684	0.0007390718	0	1
1331.1522862481443	28177.387	20.697485	0.8660885307764901	0.0007345424	0	1
1331.1536751267797	28430.348	20.782408	0.873105531173036	0.0007309938	0	1
1331.1550640054152	28686.357	20.86876	0.8801663955699631	0.0007274803	0	1
1331.1564528840504	28952.428	20.943563	0.8874852942230697	0.0007233785	0	1
1331.1578417626858	29194.0	21.0155	0.894002556466357	0.00071985676	0	1
1331.1592306408556	29518.365	21.117603	0.9030021942694789	0.00071540556	0	1
1331.1606195194902	29764.504	21.193516	0.90955521056203	0.00071203994	0	1
1331.1620083981256	30069.336	21.291992	0.917848373166868	0.00070809654	0	1
1331.1633972767618	30329.182	21.366693	0.9247140825457301	0.0007044929	0	1
1331.164786155397	30639.238	21.457603	0.9330558144226256	0.0007003308	0	1
1331.166175033566	30929.336	21.55293	0.9407334072379583	0.0006968443	0	1
1331.1675639122013	31165.756	21.618666	0.9467244888810075	0.0006936673	0	1
1331.1689527908375	31491.3	21.717299	0.9553674155759687	0.0006896285	0	1
1331.1703416694722	31787.836	21.806498	0.9630721238188338	0.0006860013	0	1
1331.1717305476411	32020.596	21.875126	0.968790069032787	0.000683158	0	1
1331.1731194262773	32295.936	21.959833	0.9757424840249456	0.0006799566	0	1
1331.1745083049127	32553.506	22.035492	0.9821031396666288	0.00067690073	0	1
1331.1758971835472	32893.0	22.134613	0.9908775415457547	0.00067292777	0	1
1331.177286061717	33158.523	22.214624	0.9973654103128234	0.00066995213	0	1
1331.1786749403532	33449.52	22.298737	1.004563397531126	0.0006666385	0	1
1331.1800638189884	33773.98	22.388584	1.0127076007110658	0.00066289445	0	1
1331.1814526976232	33922.164	22.433388	1.015514249100568	0.0006613195	0	1
1331.1828415757927	34221.688	22.519901	1.0228009583203959	0.0006580593	0	1
1331.1842304544282	34422.855	22.580904	1.027095224226756	0.0006559858	0	1
1331.1856193330636	34720.344	22.665285	1.0342109212558133	0.00065279554	0	1
1331.1870082112332	34949.7	22.731012	1.0392434834510602	0.0006503922	0	1
1331.188397089868	35171.805	22.795574	1.0440109797458916	0.0006481207	0	1
1331.1897859685032	35475.074	22.883833	1.0511346733534892	0.00064506795	0	1
1331.1911748471393	35734.848	22.959335	1.0569149047906239	0.0006424915	0	1
1331.1925637253091	35846.668	22.982515	1.0582752397548545	0.0006411339	0	1
1331.1939526039437	36140.184	23.07251	1.0649543309186849	0.0006384171	0	1
1331.1953414825791	36314.727	23.121258	1.0680794244105174	0.00063669094	0	1
1331.1967303607496	36514.773	23.17007	1.0719121589024454	0.00063453964	0	1
1331.199508118019	36972.113	23.306713	1.0811222859764302	0.0006303863	0	1
1331.2008969961894	37080.77	23.332481	1.0821565186957594	0.000629234	0	1
1331.2022858748255	37316.145	23.401573	1.0868506977976677	0.0006271166	0	1
1331.20367475346	37502.453	23.451105	1.0900737839621637	0.0006253219	0	1
1331.205063631629	37623.0	23.48784	1.0913508359465718	0.00062429474	0	1
1331.206452510265	37803.035	23.530674	1.0943200578207841	0.0006224546	0	1
1331.2078413889005	37924.117	23.56721	1.0955500234406454	0.00062143063	0	1
1331.2092302670694	38078.242	23.61089	1.0977041858924548	0.00062006246	0	1
1331.2106191457049	38204.137	23.642673	1.09901470493139	0.00061885116	0	1
1331.2120080238747	38328.652	23.678347	1.1002583472608167	0.0006177714	0	1
1331.2133969025099	38434.332	23.701582	1.1009361490945653	0.00061667734	0	1
1331.2147857811453	38480.07	23.720682	1.0998775112393007	0.0006164407	0	1
1331.2161746593151	38615.82	23.75663	1.1013712566355556	0.00061520457	0	1
1331.2175635379504	38653.83	23.766232	1.1000582069531473	0.00061484805	0	1
1331.2189524165858	38688.766	23.775312	1.0986458485443895	0.00061452755	0	1
1331.2203412947556	38750.688	23.795065	1.0979872451559258	0.0006140553	0	1
1331.2217301733904	38740.426	23.795113	1.0952745394033012	0.00061421917	0	1
1331.22311905156	38825.8	23.813683	1.0952489980234368	0.00061334687	0	1
1331.224507930196	38712.527	23.78224	1.0896322589773206	0.0006143293	0	1
1331.2258968088313	38778.293	23.800037	1.089047660194331	0.0006137464	0	1
1331.2272856870004	38812.926	23.808716	1.0875803917942226	0.00061342237	0	1
1331.2286745656356	38798.555	23.804289	1.084737539110046	0.00061353546	0	1
1331.230063443806	38831.25	23.808516	1.0832091126338095	0.0006131277	0	1
1331.2314523224409	38818.707	23.809353	1.0804180115517599	0.0006133474	0	1
1331.2328412010756	38888.98	23.829987	1.0799296225779453	0.0006127696	0	1
1331.2356189578813	38921.066	23.83631	1.0759354345356198	0.00061242696	0	1
1331.2370078360505	38868.582	23.824713	1.0720505338995152	0.00061295554	0	1
1331.2383967146857	38897.492	23.832672	1.0704166628555827	0.0006127046	0	1
1331.2397855928562	38941.332	23.849312	1.0691944513207916	0.0006124421	0	1
1331.2411744714914	38942.6	23.841585	1.066806711085049	0.00061222375	0	1
1331.2425633496605	38925.27	23.845304	1.0639172588634447	0.0006125919	0	1
1331.2439522282957	38959.023	23.85059	1.062430691842225	0.0006121968	0	1
1331.2453411069312	39000.758	23.860025	1.0611654295178925	0.00061178365	0	1
1331.246729985101	38978.54	23.854267	1.0581679237084793	0.00061198464	0	1
1331.2481188637362	38981.96	23.855625	1.0558773973301239	0.0006119658	0	1
1331.249507741906	39018.023	23.864887	1.0544790162207263	0.00061163754	0	1
1331.2508966205414	39027.086	23.871132	1.052359321819231	0.00061165553	0	1
1331.252285498711	39085.746	23.88433	1.0515847181601907	0.0006110752	0	1
1331.2536743773464	39091.285	23.887474	1.0493894949164582	0.00061106903	0	1
1331.2550632555156	39068.434	23.88145	1.0464462559194885	0.0006112723	0	1
1331.256452134151	39072.492	23.8872	1.0442386287093555	0.00061135594	0	1
1331.2578410123213	39164.574	23.906025	1.0443921369876916	0.0006103992	0	1
1331.2592298909558	39156.793	23.89967	1.0418925927310516	0.0006103582	0	1
1331.260618769125	39094.633	23.884607	1.0379657234514927	0.00061094336	0	1
1331.262007647761	39167.035	23.906982	1.0376270118060764	0.0006103853	0	1
1331.2633965259315	39189.312	23.913439	1.035971584805228	0.0006102031	0	1
1331.2647854045663	39168.44	23.901247	1.0331926634889996	0.0006102169	0	1
1331.2661742827352	39293.355	23.936907	1.0342756437556568	0.0006091846	0	1
1331.267563161371	39172.34	23.906616	1.028894460491049	0.0006102933	0	1
1331.2689520395409	39225.62	23.918913	1.0281183950006199	0.0006097778	0	1
1331.27034091771	39274.74	23.936375	1.0272468492297147	0.0006094598	0	1
1331.2717297963454	39271.56	23.924553	1.025024758932024	0.00060920813	0	1
1331.273118674515	39329.9	23.94943	1.0244257171602666	0.000608937	0	1
1331.2745075531504	39263.395	23.927454	1.0205960749860716	0.0006094087	0	1
1331.2758964313202	39302.473	23.936579	1.0195335919761466	0.0006090349	0	1
1331.2772853099555	39312.348	23.946514	1.01773265641252	0.0006091347	0	1
1331.2786741881253	39328.184	23.950178	1.016106820961823	0.0006089826	0	1
1331.2800630667607	39325.766	23.95229	1.0140312154339939	0.0006090737	0	1
1331.2814519449303	39414.273	23.97484	1.0143187670852414	0.00060827815	0	1
1331.2828408230994	39370.863	23.96216	1.0112325301756657	0.00060862675	0	1
1331.2842297017346	39367.383	23.953085	1.0091979863181877	0.00060845003	0	1
1331.285618579905	39457.74	23.982948	1.0095888658971024	0.00060781353	0	1
1331.2870074585403	39435.258	23.975397	1.007113894449527	0.00060796854	0	1
1331.2883963367094	39447.402	23.974537	1.0055486018763584	0.0006077596	0	1
1331.2897852153449	39469.87	23.983038	1.0042701103786194	0.000607629	0	1
1331.291174093515	39443.74	23.977407	1.0017807689449139	0.0006078888	0	1
1331.2925629716842	39469.508	23.984735	1.0006355834228309	0.0006076776	0	1
1331.293951850319	39525.355	24.002905	1.000275513185733	0.00060727866	0	1
1331.2953407284895	39499.82	23.997105	0.997881096446691	0.0006075244	0	1
1331.2967296071247	39510.863	23.997862	0.9964382828066846	0.0006073738	0	1
1331.2981184852938	39556.043	24.010202	0.995881138808984	0.000606992	0	1
1331.2995073634634	39561.574	24.008379	0.9943511114956852	0.0006068611	0	1
1331.3008962420995	39615.066	24.030357	0.9940518658050908	0.0006065964	0	1
1331.302285120269	39525.86	23.994957	0.9902129502410264	0.0006070698	0	1
1331.3036739984382	39622.25	24.03166	0.9910285580164597	0.00060651934	0	1
1331.3050628770736	39601.234	24.012562	0.9889447143345756	0.0006063589	0	1
1331.3064517552434	39659.18	24.032627	0.9888601280147192	0.00060597894	0	1
1331.307840633413	39665.09	24.037891	0.9875047226826327	0.0006060214	0	1
1331.3092295120484	39679.105	24.032772	0.9863796808750558	0.00060567824	0	1
1331.3106183902182	39684.516	24.04197	0.985069541554051	0.0006058275	0	1
1331.3120072683878	39640.832	24.026577	0.9825718888138242	0.00060610677	0	1
1331.3133961470232	39749.246	24.057417	0.983871959969429	0.0006052295	0	1
1331.314785025193	39678.652	24.037354	0.9807700675557929	0.00060580065	0	1
1331.316173903362	39766.47	24.058481	0.981613549178252	0.00060499413	0	1
1331.3175627819974	39696.824	24.040495	0.9786001229386755	0.00060560246	0	1
1331.3189516601678	39764.434	24.062778	0.9790010903492118	0.0006051332	0	1
1331.3203405383367	39696.207	24.043953	0.976088674871552	0.000605699	0	1
1331.3217294169713	39819.77	24.075756	0.9779215757126426	0.00060461817	0	1
1331.3231182951417	39743.36	24.055227	0.9748732197555633	0.00060526404	0	1
1331.3245071733122	39777.5	24.061749	0.9745692490085933	0.0006049085	0	1
1331.325896051947	39811.383	24.072584	0.9742885970632227	0.00060466584	0	1
1331.3272849301159	39801.78	24.071703	0.9729748112464294	0.0006047896	0	1
1331.3286738082863	39864.25	24.086672	0.9734532914237463	0.00060421735	0	1
1331.3300626869218	39803.332	24.067461	0.9709507080010342	0.00060465944	0	1
1331.3314515650907	39833.62	24.085579	0.9707059138877051	0.00060465455	0	1
1331.3328404432605	39866.164	24.086332	0.9705467684242436	0.0006041798	0	1
1331.334229321431	39823.906	24.081644	0.9685991738364286	0.0006047032	0	1
1331.3356182000662	39883.74	24.094147	0.9691667177986565	0.00060410955	0	1
1331.3383959564048	39819.867	24.067053	0.9659398982362923	0.00060439814	0	1
1331.3397848345746	39843.332	24.078812	0.9657203359220253	0.0006043373	0	1
1331.34117371321	39954.04	24.111029	0.967645639014226	0.0006034691	0	1
1331.3425625913796	39860.6	24.077227	0.9646594025824237	0.0006040357	0	1
1331.3439514695488	39945.27	24.10519	0.9660167322922267	0.00060345547	0	1
1331.3453403477183	39913.1	24.096067	0.9645808069098533	0.0006037132	0	1
1331.3467292263545	39962.473	24.110521	0.9651484232504338	0.00060332904	0	1
1331.3481181045242	39922.715	24.10448	0.9635966074762983	0.0006037786	0	1
1331.3495069826931	39919.395	24.099977	0.9629582691387778	0.000603716	0	1
1331.350895860863	39932.94	24.101406	0.9627601015435019	0.00060354697	0	1
1331.352284739499	39958.22	24.106926	0.9628777483827755	0.0006033033	0	1
1331.353673617668	39949.664	24.102884	0.9622134894708501	0.0006033313	0	1
1331.355062495837	39939.742	24.100317	0.9615501060725162	0.00060341693	0	1
1331.3564513740075	40000.387	24.114374	0.9626187592495355	0.00060285354	0	1
1331.357840252178	39954.59	24.102694	0.9611594187766705	0.0006032522	0	1
1331.3592291308125	39931.496	24.100508	0.9602805531591404	0.00060354633	0	1
1331.3606180089814	39943.207	24.102297	0.9602725182523577	0.00060341414	0	1
1331.362006887152	39982.76	24.111769	0.9609673125139215	0.0006030541	0	1
1331.3633957653217	39931.75	24.100393	0.9595192513092813	0.00060353964	0	1
1331.3647846434906	39940.652	24.103773	0.9595449206397775	0.0006034897	0	1
1331.366173522126	39965.23	24.108904	0.959980893090564	0.00060324697	0	1
1331.3675624002958	39948.28	24.104204	0.9594531950192438	0.00060338527	0	1
1331.3689512784654	39982.938	24.117687	0.9601987751315769	0.00060319947	0	1
1331.371729034805	40022.605	24.125776	0.96107953271473	0.0006028037	0	1
1331.3731179129745	39989.137	24.113968	0.9602908082997991	0.000603013	0	1
1331.3758956697798	39960.453	24.105042	0.959733616806102	0.0006032224	0	1
1331.3772845479489	40039.97	24.129602	0.961777163889907	0.0006026379	0	1
1331.3786734261184	39926.348	24.099741	0.9591814075954372	0.00060360495	0	1
1331.380062304289	40035.965	24.127436	0.9619995281667956	0.00060264405	0	1
1331.3814511824585	39965.355	24.108717	0.9605211137031204	0.0006032404	0	1
1331.3828400606276	39992.58	24.115185	0.9614275803688526	0.0006029915	0	1
1331.3842289387972	39916.434	24.094007	0.9598825233959551	0.00060361123	0	1
1331.3856178174333	40021.805	24.122925	0.9627364433583434	0.0006027446	0	1
1331.3870066956024	39964.93	24.10997	0.9617215982252304	0.00060327817	0	1
1331.3883955737715	39980.863	24.112103	0.9624921690474563	0.0006030911	0	1
1331.3897844519418	39954.754	24.102303	0.9622841455916862	0.0006032399	0	1
1331.3911733301115	39977.84	24.112736	0.96329454156404	0.00060315256	0	1
1331.3925622082807	39980.16	24.108107	0.9638384319327487	0.00060300174	0	1
1331.3939510864502	39998.973	24.12158	0.9648137046131192	0.000603055	0	1
1331.3953399646207	39931.793	24.09297	0.9637475521945604	0.0006033531	0	1
1331.3967288427903	39939.582	24.10345	0.9645233014347011	0.00060349784	0	1
1331.398117721425	40012.48	24.115011	0.9669221914997679	0.00060268724	0	1
1331.3995065995946	39962.223	24.105656	0.9663461515204556	0.0006032111	0	1
1331.4008954777644	39865.008	24.077608	0.9646815330261168	0.0006039785	0	1
1331.4022843559342	39906.26	24.091396	0.9663997763145431	0.00060369965	0	1
1331.4036732341037	39899.777	24.089708	0.9669955563050705	0.00060375547	0	1
1331.4050621122728	39890.727	24.085796	0.9675617280621891	0.00060379435	0	1
1331.4064509904426	39936.23	24.101826	0.96948469005172	0.0006035078	0	1
1331.4078398686129	39882.266	24.08007	0.9690254872036181	0.0006037789	0	1
1331.4092287467827	39855.117	24.07605	0.9692486900660104	0.0006040893	0	1
1331.4106176249518	39937.95	24.102085	0.9721956326685549	0.0006034883	0	1
1331.4120065031216	39825.465	24.068089	0.9703891507763792	0.0006043392	0	1
1331.4133953812918	39857.566	24.076363	0.9721513177109088	0.00060406	0	1
1331.4147842594607	39839.688	24.073942	0.9727269002133967	0.0006042704	0	1
1331.4161731376298	39856.508	24.078585	0.9741816849820243	0.00060413184	0	1
1331.4175620158003	39852.797	24.072235	0.9751668648926035	0.00060402876	0	1
1331.4189508939708	39825.76	24.066725	0.9756122155481048	0.0006043004	0	1
1331.4203397721399	39794.086	24.057434	0.975973815293312	0.00060454797	0	1
1331.4217286503088	39815.652	24.063257	0.9776723576034302	0.00060436677	0	1
1331.423117528479	39860.54	24.076792	0.9799768017698299	0.0006040257	0	1
1331.4245064066488	39758.92	24.05309	0.9787088006081786	0.00060497335	0	1
1331.425895284818	39803.13	24.065239	0.9810596003628448	0.0006046067	0	1
1331.4272841629877	39760.74	24.05194	0.9813067715739229	0.0006049169	0	1
1331.4286730411573	39735.547	24.043482	0.9820067903304455	0.0006050875	0	1
1331.430061919327	39759.297	24.054693	0.9839466766011149	0.00060500804	0	1
1331.4314507974968	39740.695	24.046541	0.9848688364897974	0.0006050861	0	1
1331.4328396756664	39775.746	24.052147	0.9871512307872067	0.0006046938	0	1
1331.4342285538362	39755.87	24.047384	0.9881008342933304	0.0006048763	0	1
1331.435617432006	39695.08	24.036467	0.9880600860447644	0.0006055276	0	1
1331.4370063101755	39661.055	24.026524	0.9887114724808704	0.0006057964	0	1
1331.4383951883447	39719.92	24.036732	0.9917086103950145	0.00060515554	0	1
1331.4397840665142	39699.24	24.032259	0.9927499264699112	0.00060535816	0	1
1331.4411729446847	39671.656	24.027979	0.9936454779133039	0.0006056712	0	1
1331.4425618228543	39603.668	24.003696	0.9935535083027996	0.0006060978	0	1
1331.4439507010234	39659.805	24.013815	0.9966031607320133	0.00060549506	0	1
1331.4453395791932	39585.773	24.001995	0.9964089235467322	0.00060632883	0	1
1331.4467284573634	39641.027	24.01851	0.9994957018854723	0.0006059003	0	1
1331.4481173355325	39568.625	23.997314	0.9993903198769853	0.0006064733	0	1
1331.4495062137016	39577.41	23.999512	1.0013597111846742	0.0006063942	0	1
1331.450895091872	39545.742	23.988203	1.0023312334381893	0.00060659385	0	1
1331.4522839700417	39560.934	23.990892	1.004516083884708	0.0006064289	0	1
1331.4536728482108	39501.594	23.980707	1.0048324672555806	0.00060708204	0	1
1331.4550617259147	39526.293	23.98414	1.0073107213247736	0.00060678954	0	1
1331.4564506040851	39508.156	23.980698	1.0087229871490409	0.00060698093	0	1
1331.4578394822547	39406.59	23.955412	1.00803309231788	0.0006079037	0	1
1331.4592283604238	39482.156	23.975319	1.0118802837990382	0.00060724444	0	1
1331.4606172385936	39468.547	23.972115	1.0134779975965718	0.0006073726	0	1
1331.4620061167634	39490.395	23.968765	1.0160105082448925	0.00060695177	0	1
1331.463394994933	39428.598	23.95583	1.0164125160360342	0.000607575	0	1
1331.4647838731028	39438.527	23.962328	1.0186840261461452	0.00060758676	0	1
1331.4661727512726	39378.402	23.942781	1.0191661591076289	0.0006080181	0	1
1331.4675616294421	39354.824	23.939827	1.02061209933914	0.0006083073	0	1
1331.4689505071462	39414.637	23.953424	1.0242444107349387	0.0006077292	0	1
1331.470339385316	39317.062	23.932217	1.0238061863203232	0.000608698	0	1
1331.471728263485	39360.215	23.945208	1.0270504904570081	0.0006083607	0	1
1331.4731171416547	39328.812	23.932411	1.0283705000556285	0.00060852105	0	1
1331.4745060198252	39329.297	23.937914	1.0305426076440394	0.00060865347	0	1
1331.475894897994	39299.535	23.922106	1.0319400815482873	0.0006087122	0	1
1331.477283776163	39289.832	23.921883	1.0338810873271895	0.00060885685	0	1
1331.4786726538678	39231.64	23.903997	1.0345608488651794	0.00060930406	0	1
1331.4800615320382	39237.586	23.903646	1.0369469583222504	0.0006092028	0	1
1331.4814504102073	39247.047	23.913137	1.0394442984921635	0.0006092978	0	1
1331.4828392883762	39238.957	23.906248	1.0414937944095721	0.00060924777	0	1
1331.4842281665467	39240.83	23.913034	1.0438236707152773	0.00060939166	0	1
1331.4856170447165	39164.742	23.883642	1.044091300213483	0.0006098251	0	1
1331.4870059224197	39155.195	23.885086	1.0461429592723503	0.00061001064	0	1
1331.4883948005895	39241.656	23.908216	1.0507807264147395	0.00060925604	0	1
1331.48978367876	39127.305	23.877525	1.0500499760892417	0.00061025226	0	1
1331.4911725569295	39088.32	23.86771	1.0513478790743807	0.0006106098	0	1
1331.4925614350987	39056.25	23.857494	1.0528402058396855	0.0006108496	0	1
1331.4939503128026	39134.863	23.878096	1.057331145074014	0.00061014894	0	1
1331.4953391909723	39103.387	23.870884	1.0588620223375524	0.00061045564	0	1
1331.4967280691421	39040.875	23.853481	1.0595575564542026	0.00061098736	0	1
1331.4981169473117	39046.773	23.855822	1.0621163521201664	0.000610955	0	1
1331.4995058254808	39051.566	23.85567	1.0646551423011665	0.0006108762	0	1
1331.5008947031847	38975.344	23.833633	1.0649895042355895	0.0006115054	0	1
1331.5022835813552	38907.434	23.829472	1.065550048153417	0.0006124658	0	1
1331.503672459525	38989.656	23.841372	1.0702303968070335	0.0006114794	0	1
1331.5050613376939	38977.477	23.837524	1.0723303707709608	0.00061157177	0	1
1331.506450215398	38976.258	23.834465	1.074736831444169	0.0006115124	0	1
1331.5078390935685	38921.31	23.823406	1.075663209665678	0.0006120916	0	1
1331.5092279717373	38880.906	23.809511	1.076989865128266	0.00061237026	0	1
1331.5106168499065	38896.316	23.81885	1.0798643875440088	0.00061236776	0	1
1331.5120057276113	38849.777	23.799591	1.081019725919788	0.0006126056	0	1
1331.5147834839506	38851.87	23.803957	1.0859777382284441	0.00061268493	0	1
1331.5161723621195	38809.125	23.790298	1.0872308032749236	0.00061300787	0	1
1331.5175612398243	38815.29	23.792551	1.0898511305858294	0.0006129685	0	1
1331.520338996163	38796.863	23.792154	1.094221415667189	0.00061324943	0	1
1331.5217278743328	38780.316	23.786438	1.0961931223331451	0.0006133637	0	1
1331.523116752037	38803.51	23.794024	1.0992845335113886	0.0006131925	0	1
1331.5245056302065	38676.977	23.757957	1.0981144366225604	0.00061426614	0	1
1331.5258945083763	38779.344	23.785906	1.1034525064910112	0.0006133654	0	1
1331.5272833860804	38747.234	23.774214	1.10495344098559	0.0006135719	0	1
1331.52867226425	38747.51	23.77546	1.1073682712893662	0.00061359967	0	1
1331.5300611424198	38636.023	23.751076	1.1065734451818836	0.00061473914	0	1
1331.5314500205895	38654.66	23.750593	1.1094902581618928	0.0006144303	0	1
1331.532838898293	38593.49	23.735855	1.1101032929604882	0.00061502226	0	1
1331.5342277764626	38572.145	23.721037	1.11184550783291	0.00061497843	0	1
1331.535616654633	38433.414	23.68351	1.1101819884778594	0.00061622186	0	1
1331.537005532337	38352.695	23.659988	1.1101676579650033	0.0006169055	0	1
1331.538394410506	38227.36	23.638725	1.1088352784604105	0.00061837194	0	1
1331.5397832886756	38079.85	23.592487	1.1068283966326053	0.00061955303	0	1
1331.5411721663804	37959.926	23.562021	1.1055913627822602	0.00062070775	0	1
1331.5425610445495	37829.59	23.525305	1.1040195150732717	0.00062187575	0	1
1331.5439499227186	37691.66	23.484518	1.1021925989654076	0.00062306935	0	1
1331.5453388004232	37544.17	23.442892	1.1000509606864632	0.0006244083	0	1
1331.546727678593	37331.383	23.38745	1.0959557654777463	0.00062648224	0	1
1331.5481165562965	37160.61	23.333763	1.0930518102622933	0.0006279166	0	1
1331.549505434466	37034.46	23.30536	1.091422492431729	0.0006292885	0	1
1331.5508943126365	36783.01	23.234564	1.086057376107882	0.00063166564	0	1
1331.5522831903404	36564.83	23.173286	1.081625647263521	0.00063375896	0	1
1331.5536720685095	36354.58	23.114471	1.0773815577020496	0.00063580635	0	1
1331.555060946679	36189.098	23.066689	1.0744195205131033	0.0006373933	0	1
1331.5564498243832	35992.133	23.013395	1.0704782262585206	0.00063940074	0	1
1331.557838702553	35693.99	22.924862	1.0634756710468807	0.0006422612	0	1
1331.5633942143	34755.004	22.659296	1.042494605996933	0.0006519722	0	1
1331.5647830924695	34476.605	22.58351	1.0358080421483349	0.00065503863	0	1
1331.5661719701736	34187.73	22.501774	1.0287496621431393	0.0006581827	0	1
1331.568949726513	33665.555	22.354666	1.0161374516972141	0.0006640219	0	1
1331.571727482386	33134.66	22.197659	1.0030407303694693	0.0006699226	0	1
1331.5731163600908	32856.27	22.10769	0.9960166922246642	0.00067286065	0	1
1331.5745052382604	32562.37	22.02869	0.9884652916472666	0.0006765076	0	1
1331.5758941159638	32292.771	21.941359	0.9815949426276169	0.0006794511	0	1
1331.5772829941336	31945.227	21.843306	0.9722966399890348	0.0006837737	0	1
1331.5786718718382	31707.008	21.770054	0.9662686940569415	0.0006866007	0	1
1331.5800607500073	31402.299	21.682537	0.9581592901826645	0.0006904761	0	1
1331.5814496281764	31077.691	21.579098	0.9493846506763681	0.00069435977	0	1
1331.5828385058812	30835.602	21.504337	0.9430753747546029	0.0006973867	0	1
1331.5842273840515	30514.182	21.411058	0.9342849597071662	0.00070167566	0	1
1331.585616261755	30189.834	21.311108	0.9253476506899763	0.00070590345	0	1
1331.5870051399238	29941.537	21.232145	0.9186870324110368	0.00070912007	0	1
1331.5883940176286	29623.367	21.141514	0.9098289172430392	0.0007136769	0	1
1331.5897828957984	29290.297	21.035198	0.9004575619850907	0.0007181627	0	1
1331.5911717735016	29065.373	20.96436	0.8943586301903883	0.00072128297	0	1
1331.5925606516714	28751.213	20.86159	0.885462732678776	0.00072558987	0	1
1331.5939495293755	28445.416	20.768475	0.8767717536446936	0.00073011674	0	1
1331.5953384075451	28201.336	20.698313	0.8699329014715305	0.00073394796	0	1
1331.5967272852492	27949.88	20.616411	0.8628183473454925	0.0007376207	0	1
1331.598116163419	27655.398	20.525713	0.8543268337448735	0.0007421955	0	1
1331.599505041123	27355.76	20.429775	0.8456270629468792	0.000746818	0	1
1331.6008939192927	27120.094	20.353949	0.8388578366847395	0.0007505117	0	1
1331.6022827969969	26892.34	20.280441	0.8322884415270352	0.0007541345	0	1
1331.6036716751657	26589.842	20.18705	0.8233604761056001	0.0007592016	0	1
1331.6050605528699	26450.904	20.140648	0.8194539867414756	0.00076143513	0	1
1331.6064494310403	26194.197	20.05344	0.8118571734919733	0.00076556805	0	1
1331.6078383087442	25995.52	19.988445	0.8060169054553391	0.00076891884	0	1
1331.6092271864477	25864.75	19.94637	0.8022423614878269	0.0007711797	0	1
1331.6106160646173	25641.037	19.878786	0.7955455083124311	0.0007752723	0	1
1331.612004942322	25510.072	19.828566	0.7916873138823975	0.0007772838	0	1
1331.6133938204912	25335.535	19.771727	0.7864389360453041	0.00078039506	0	1
1331.6147826981944	25250.49	19.742393	0.7837355953939267	0.0007818618	0	1
1331.6161715763649	25173.879	19.72185	0.7812944367994368	0.0007834251	0	1
1331.617560454069	25089.371	19.696669	0.7786086186953534	0.0007850603	0	1
1331.618949332238	25017.756	19.67219	0.7763233036295404	0.0007863291	0	1
1331.620338209942	24952.139	19.646704	0.7742244682435128	0.00078737555	0	1
1331.6217270876468	24989.502	19.657959	0.7753210312187774	0.0007866487	0	1
1331.6231159658164	25003.562	19.66615	0.7756944875903001	0.00078653387	0	1
1331.6245048435198	25018.879	19.674837	0.7761068413608072	0.00078639964	0	1
1331.6258937216894	25117.416	19.700932	0.77910049626191	0.0007843534	0	1
1331.6272825993935	25208.441	19.734495	0.7818606845539505	0.00078285264	0	1
1331.6286714770977	25305.555	19.76837	0.7848092319024186	0.000781187	0	1
1331.6300603552672	25411.498	19.802418	0.7880311300258188	0.00077926996	0	1
1331.6314492329714	25583.371	19.861046	0.7930638418139463	0.0007763264	0	1
1331.634226988845	25914.713	19.97232	0.8026259922038438	0.0007706943	0	1
1331.6356158665492	26101.83	20.031868	0.8080107042334651	0.0007674507	0	1
1331.637004744718	26298.998	20.09458	0.8136648799877184	0.00076408155	0	1
1331.6383936224222	26515.594	20.163929	0.8198774056075796	0.0007604555	0	1
1331.6397825005927	26748.963	20.240963	0.8265645966013674	0.0007567009	0	1
1331.641171378296	26954.027	20.309734	0.8323328309134242	0.0007534954	0	1
1331.6425602559993	27240.18	20.398321	0.8405589743266544	0.0007488321	0	1
1331.6439491341698	27508.57	20.478706	0.8481889130270697	0.0007444482	0	1
1331.6453380118746	27742.182	20.557194	0.8546989498640288	0.00074100855	0	1
1331.6467268895778	28009.793	20.642485	0.8622083765836689	0.00073697383	0	1
1331.648115767747	28298.984	20.733894	0.8703319403655385	0.00073267275	0	1
1331.6495046454515	28578.17	20.820673	0.8780966987894013	0.00072855165	0	1
1331.6508935231557	28879.81	20.908983	0.8864993646679323	0.00072400004	0	1
1331.6522824013246	29153.396	21.004414	0.8939884157512297	0.0007204791	0	1
1331.6536712790287	29479.385	21.102406	0.9030306013965944	0.000715836	0	1
1331.6550601567335	29702.943	21.170864	0.9088824834702862	0.0007127531	0	1
1331.6564490349033	30066.363	21.285446	0.9189596029590903	0.0007079488	0	1
1331.6578379126065	30284.725	21.340078	0.9245485309219604	0.00070464826	0	1
1331.6592267903106	30613.402	21.445965	0.9334514960290183	0.0007005417	0	1
1331.6606156684802	30940.51	21.549965	0.9422484387385964	0.00069649675	0	1
1331.6620045461843	31225.98	21.629038	0.9497205022758156	0.0006926616	0	1
1331.6633934238885	31528.059	21.72258	0.9576414280365956	0.000688992	0	1
1331.664782301592	31860.975	21.821522	0.9664405873869598	0.0006848981	0	1
1331.6661711797615	32072.783	21.883867	0.9715112816834742	0.00068231893	0	1
1331.6675600574663	32388.7	21.980656	0.9796811289411161	0.000678652	0	1
1331.6689489351702	32745.508	22.082195	0.9890271223448771	0.000674358	0	1
1331.6703378133393	32985.016	22.152315	0.9947727117956392	0.00067158724	0	1
1331.6717266910432	33278.734	22.239271	1.002098468221778	0.0006682727	0	1
1331.673115568748	33553.137	22.317904	1.008786249908795	0.00066515105	0	1
1331.6758933246206	34062.746	22.470001	1.020821167343702	0.000659665	0	1
1331.67867108003	34569.035	22.605341	1.032544176935379	0.0006539188	0	1
1331.6800599577332	34869.344	22.706789	1.039733034210984	0.00065119634	0	1
1331.6814488359023	35099.926	22.771667	1.0447892086120856	0.0006487668	0	1
1331.6828377136071	35372.934	22.84101	1.0510563431044841	0.00064571993	0	1
1331.684226591311	35566.387	22.896353	1.054910060458456	0.0006437638	0	1
1331.6856154690145	35827.387	22.969885	1.0607186997444942	0.0006411264	0	1
1331.6870043471843	36070.543	23.039282	1.0659482609088768	0.00063872844	0	1
1331.6883932248884	36213.195	23.08575	1.068163916000968	0.00063749554	0	1
1331.6911709802962	36653.53	23.206383	1.0770382629640842	0.00063312816	0	1
1331.6925598580003	36907.754	23.280586	1.0824060406445737	0.0006307776	0	1
1331.6939487361701	37067.56	23.324417	1.0849616380805915	0.0006292407	0	1
1331.695337613874	37262.7	23.375933	1.0885123767547509	0.00062732794	0	1
1331.6967264915781	37406.527	23.414648	1.0905266637477862	0.00062595087	0	1
1331.6981153692816	37576.977	23.461151	1.0932816719768401	0.0006243491	0	1
1331.6995042469857	37768.023	23.518282	1.0965985199219317	0.0006227035	0	1
1331.700893125156	37875.266	23.548193	1.0974491483664794	0.0006217301	0	1
1331.70228200286	38086.355	23.600197	1.101275403798709	0.00061964965	0	1
1331.7036708805635	38121.617	23.616049	1.0999892922941858	0.0006194923	0	1
1331.7050597582675	38316.473	23.667088	1.1032817286306968	0.00061767397	0	1
1331.7064486359723	38459.05	23.710217	1.105036699860142	0.0006165055	0	1
1331.7078375136757	38530.64	23.728767	1.10472812913857	0.0006158415	0	1
1331.7092263918446	38569.08	23.743025	1.1034524382431525	0.0006155974	0	1
1331.7106152695492	38657.87	23.764498	1.103600626891526	0.0006147389	0	1
1331.7120041472533	38668.746	23.76942	1.1015102350842925	0.00061469333	0	1
1331.7133930249568	38734.293	23.782667	1.10096535023992	0.00061399513	0	1
1331.714781902661	38681.17	23.773304	1.0970405214398764	0.0006145963	0	1
1331.7161707803655	38740.48	23.78992	1.0962986143441351	0.0006140843	0	1
1331.7175596580696	38776.58	23.797379	1.094889463354875	0.00061370496	0	1
1331.7189485362387	38774.836	23.791676	1.092406157113841	0.00061358546	0	1
1331.7203374139426	38870.035	23.820873	1.0926390373613164	0.0006128338	0	1
1331.7217262916467	38825.17	23.808977	1.0889424987696614	0.0006132356	0	1
1331.7231151693509	38761.94	23.792513	1.0847302358866904	0.0006138112	0	1
1331.7245040470548	38831.125	23.80755	1.084222977993034	0.00061310484	0	1
1331.725892924759	38917.64	23.835197	1.084190537760768	0.0006124523	0	1
1331.727281802463	38803.945	23.805506	1.078583705061107	0.00061348156	0	1
1331.728670680167	38862.973	23.820164	1.077783559873221	0.00061292696	0	1
1331.7300595578708	38903.004	23.830624	1.0764534729093225	0.00061256514	0	1
1331.73144843604	38900.746	23.825315	1.073954749010465	0.0006124642	0	1
1331.732837313744	38903.59	23.829227	1.0716014820386728	0.00061252003	0	1
1331.7342261914487	38969.016	23.847324	1.0709731924699488	0.00061195606	0	1
1331.7356150691521	38963.84	23.844332	1.068406991457116	0.00061196054	0	1
1331.7370039468556	38944.496	23.842682	1.0654607226320982	0.0006122221	0	1
1331.7383928245604	38985.22	23.853037	1.064164081250092	0.0006118482	0	1
1331.739781702265	38961.633	23.844711	1.0611193107538102	0.00061200495	0	1
1331.7411705799684	39026.098	23.863707	1.0604791327504792	0.00061148073	0	1
1331.7425594576716	38985.45	23.850657	1.0569909147802163	0.00061178353	0	1
1331.7439483353764	39027.816	23.8687	1.0557637607820511	0.0006115817	0	1
1331.7453372130806	39069.277	23.877518	1.0545180742467795	0.00061115844	0	1
1331.7467260907838	39090.324	23.883251	1.0527293469982537	0.000610976	0	1
1331.748114968488	39081.61	23.874304	1.0501507498107228	0.00061088335	0	1
1331.7495038461927	39119.504	23.88756	1.0488358443812311	0.00061063044	0	1
1331.7508927238969	39089.055	23.877436	1.0457017425087534	0.0006108471	0	1
1331.7522816016	39201.426	23.910183	1.0463977380627105	0.0006099315	0	1
1331.7536704793042	39192.15	23.904606	1.0438553578078928	0.0006099335	0	1
1331.7550593570081	39150.727	23.8916	1.0404752018414893	0.0006102467	0	1
1331.756448235178	39171.297	23.90339	1.0387597452893773	0.00061022723	0	1
1331.757837112882	39234.285	23.914316	1.0381808723994872	0.000609526	0	1
1331.7592259905853	39251.79	23.916605	1.0364109196587925	0.0006093125	0	1
1331.7606148682894	39226.613	23.917107	1.0335320975858113	0.00060971634	0	1
1331.7620037459942	39261.555	23.92512	1.0322548229343445	0.0006093778	0	1
1331.763392623698	39275.73	23.92684	1.0304474919759947	0.00060920167	0	1
1331.7647815014016	39277.566	23.926287	1.0283346719389628	0.0006091591	0	1
1331.7661703791055	39305.664	23.939512	1.026927413945627	0.0006090601	0	1
1331.7675592568103	39247.145	23.923424	1.0232788770057355	0.0006095583	0	1
1331.768948134048	39396.04	23.95838	1.02505392240448	0.0006081418	0	1
1331.7703370117513	39342.11	23.9495	1.021567598359285	0.00060874975	0	1
1331.771725889456	39324.71	23.94616	1.0190550935521179	0.00060893415	0	1
1331.7731147671607	39365.047	23.956026	1.0180594159733782	0.00060856086	0	1
1331.7745036448641	39432.293	23.968967	1.0177764715109496	0.0006078512	0	1
1331.7758925225676	39429.645	23.972528	1.015708946829045	0.00060798234	0	1
1331.7772814002724	39422.758	23.966227	1.0135558771724875	0.0006079287	0	1
1331.7786702779763	39495.18	23.989964	1.0134621154759742	0.000607415	0	1
1331.7800591556797	39437.094	23.975967	1.0100426727940246	0.00060795475	0	1
1331.7814480333836	39498.766	23.987581	1.0097145413563544	0.0006072995	0	1
1331.7828369110885	39500.215	23.994186	1.007868541509814	0.00060744444	0	1
1331.7842257887926	39456.594	23.97541	1.0048995372597642	0.00060764013	0	1
1331.7856146664958	39540.652	23.996952	1.0052058019867545	0.00060689315	0	1
1331.7870035442	39525.656	23.999134	1.003016362196346	0.00060717866	0	1
1331.789781299608	39588.605	24.01737	1.0010700055080877	0.0006066738	0	1
1331.791170177312	39580.65	24.010988	0.9991370559994691	0.00060663454	0	1
1331.7925590550153	39596.07	24.015154	0.997820858042288	0.00060650345	0	1
1331.7953368099586	39582.805	24.012297	0.9941585646536755	0.00060663454	0	1
1331.7967256876627	39645.02	24.034008	0.9940960492361504	0.00060623017	0	1
1331.798114565366	39691.055	24.042662	0.9936630629173551	0.00060574507	0	1
1331.79950344307	39604.06	24.021914	0.9899063297439323	0.0006065518	0	1
1331.800892320775	39605.016	24.017303	0.9883914874859858	0.00060642074	0	1
1331.8036700761816	39667.223	24.025883	0.9869480366517349	0.00060568604	0	1
1331.8050589538861	39733.02	24.051527	0.9871284094017846	0.0006053285	0	1
1331.8064478311253	39722.71	24.048733	0.9854454109703122	0.0006054152	0	1
1331.8078367088287	39704.273	24.043215	0.9835913976666564	0.00060555735	0	1
1331.809225586532	39765.37	24.06525	0.9837360578923342	0.0006051811	0	1
1331.8106144642368	39757.996	24.06057	0.9822149930816756	0.0006051756	0	1
1331.812003341941	39796.25	24.066782	0.9818503883814602	0.00060475	0	1
1331.8133922196441	39754.746	24.064068	0.9795484980031425	0.0006053131	0	1
1331.8147810973483	39785.734	24.071022	0.9790637152967625	0.0006050164	0	1
1331.8161699745865	39806.688	24.072752	0.9783611086629695	0.0006047414	0	1
1331.8175588522906	39798.195	24.076834	0.976965321989662	0.000604973	0	1
1331.8189477299948	39828.95	24.078772	0.9765633595095571	0.00060455455	0	1
1331.8203366076987	39866.95	24.088385	0.9763683152638734	0.0006042194	0	1
1331.8217254854028	39879.047	24.09223	0.9755688853272891	0.00060413254	0	1
1331.823114363107	39809.484	24.078968	0.9728048390812046	0.0006048551	0	1
1331.8245032403452	39874.656	24.088459	0.9733649994164558	0.0006041045	0	1
1331.8258921180486	39835.74	24.081734	0.9714153237990708	0.00060452585	0	1
1331.8272809957525	39823.89	24.078028	0.9701588939400556	0.00060461264	0	1
1331.8286698734573	39930.254	24.111895	0.9718119757847584	0.0006038503	0	1
1331.8300587511615	39854.33	24.085985	0.9690599288763252	0.0006043505	0	1
1331.831447628399	39914.137	24.102703	0.9696408746405449	0.0006038638	0	1
1331.8328365061031	39937.938	24.105272	0.9693776014680553	0.0006035683	0	1
1331.834225383808	39958.562	24.115622	0.9690687726137287	0.0006035158	0	1
1331.8356142615112	39948.87	24.11234	0.9680570362546348	0.00060358003	0	1
1331.837003138749	39960.953	24.109814	0.9676055117370583	0.0006033343	0	1
1331.8383920164538	40003.766	24.124945	0.9679298141290141	0.0006030668	0	1
1331.8397808941577	39928.645	24.10539	0.9654339360486136	0.0006037117	0	1
1331.8411697718611	39918.93	24.103788	0.9645537790581197	0.0006038185	0	1
1331.8453364045083	39954.81	24.112108	0.963680945205932	0.0006034845	0	1
1331.8467252822115	39970.477	24.114555	0.9635448319895823	0.0006033092	0	1
1331.8481141599157	39985.805	24.123447	0.9634332957167263	0.0006033003	0	1
1331.8495030371541	39971.812	24.11368	0.9626484912399962	0.0006032671	0	1
1331.850891914858	39947.906	24.114405	0.9616585740176271	0.0006036463	0	1
1331.8522807925622	39969.41	24.113451	0.9617951138110851	0.00060329767	0	1
1331.8536696698006	39960.5	24.112753	0.9612329810193668	0.0006034147	0	1
1331.8550585475045	39981.938	24.1227	0.9614340980709077	0.0006033399	0	1
1331.8564474252087	39970.098	24.114481	0.9608683059284376	0.00060331303	0	1
1331.8578363029128	40020.566	24.132769	0.9618335643095192	0.0006030092	0	1
1331.8592251801506	39972.793	24.116625	0.9604711288345091	0.000603326	0	1
1331.8606140578545	39996.562	24.126783	0.9608613271094423	0.0006032214	0	1
1331.8620029355593	39934.59	24.106314	0.9592252865861959	0.00060364493	0	1
1331.863391812797	39995.82	24.123869	0.9605820629906139	0.0006031598	0	1
1331.8647806905003	40018.535	24.128387	0.9610470803582187	0.0006029303	0	1
1331.866169568205	39959.18	24.115627	0.9595747153654106	0.0006035066	0	1
1331.8675584459097	39934.707	24.105062	0.9589735667696505	0.0006036119	0	1
1331.8689473231475	40064.17	24.139736	0.9621192900048079	0.00060252676	0	1
1331.870336200851	40024.402	24.128347	0.9612010270459498	0.0006028409	0	1
1331.8717250785555	39965.723	24.111877	0.9598787229106198	0.0006033139	0	1
1331.873113955794	39888.992	24.093998	0.9581892692169238	0.00060402625	0	1
1331.8745028334974	40079.48	24.142714	0.9629192698593334	0.00060237094	0	1
1331.8758917112013	39990.645	24.121515	0.9609388785903316	0.000603179	0	1
1331.8772805884405	39921.96	24.100887	0.9595087929980668	0.0006037	0	1
1331.8786694661444	39994.844	24.122358	0.9615146026621091	0.0006031367	0	1
1331.8800583438478	39955.504	24.115055	0.9608560000870666	0.0006035478	0	1
1331.8814472210863	40034.71	24.133797	0.9630818648699612	0.0006028218	0	1
1331.8828360987904	39956.89	24.112743	0.9615635098734188	0.000603469	0	1
1331.8842249760287	39938.816	24.108784	0.9615152868301308	0.0006036429	0	1
1331.8856138537326	39974.062	24.112944	0.9627840756777487	0.0006032147	0	1
1331.887002731436	39960.438	24.11596	0.9629091359511173	0.00060349586	0	1
1331.8883916086745	39929.64	24.100382	0.9626529468850039	0.00060357124	0	1
1331.889780486379	39980.7	24.113089	0.9644034603363459	0.0006031182	0	1
1331.8911693640832	39951.453	24.108925	0.9642501103114891	0.0006034555	0	1
1331.892558241321	39982.26	24.119225	0.9655791369984903	0.00060324813	0	1
1331.8939471190251	39962.586	24.11395	0.965721938870115	0.00060341315	0	1
1331.895335996264	39923.85	24.102934	0.9654359899159265	0.00060372264	0	1
1331.8967248739675	39884.88	24.08606	0.965175622427438	0.0006038895	0	1
1331.8981137516707	39919.64	24.101799	0.9667320412171404	0.0006037579	0	1
1331.8995026289099	39891.117	24.09294	0.9667884483066421	0.0006039675	0	1
1331.9008915066147	39896.145	24.094404	0.9676899079672511	0.0006039281	0	1
1331.9022803838525	39924.355	24.103159	0.9691866366557401	0.00060372066	0	1
1331.9036692615557	39924.953	24.102531	0.9700458234419878	0.0006036959	0	1
1331.9050581387949	39848.01	24.078583	0.9690514851837625	0.0006042606	0	1
1331.906447016499	39916.86	24.098797	0.9716343535856786	0.0006037248	0	1
1331.9078358942022	39889.305	24.098686	0.9719034403686235	0.00060413906	0	1
1331.9092247714407	39814.88	24.071842	0.9710597854627596	0.0006045941	0	1
1331.9106136491446	39929.13	24.104723	0.974865122358772	0.00060368766	0	1
1331.912002526383	39861.586	24.077274	0.9742353266370003	0.000604022	0	1
1331.9133914040872	39850.902	24.080969	0.9750391896606162	0.0006042766	0	1
1331.9147802813254	39793.457	24.063332	0.9747282482530079	0.0006047057	0	1
1331.9161691590296	39794.754	24.063816	0.9758856369946097	0.0006046982	0	1
1331.917558036268	39784.324	24.062511	0.9767860437013017	0.00060482393	0	1
1331.918946913972	39815.1	24.073265	0.9787294755467192	0.0006046265	0	1
1331.9203357916754	39756.11	24.057192	0.9784958753221683	0.0006051194	0	1
1331.9217246689136	39776.11	24.058575	0.9802356361489595	0.0006048499	0	1
1331.9231135466184	39731.895	24.045017	0.9804222953162799	0.00060518173	0	1
1331.9245024238567	39683.56	24.032505	0.9805342320643624	0.00060560356	0	1
1331.9272801787986	39700.52	24.033995	0.983652901310631	0.0006053824	0	1
1331.9286690565032	39663.594	24.02423	0.9841306681312224	0.0006056998	0	1
1331.930057933741	39705.375	24.036495	0.9865906625386913	0.0006053713	0	1
1331.9328356886836	39624.87	24.013386	0.9875177118504516	0.000606018	0	1
1331.9342245663881	39640.098	24.024961	0.9894042774705814	0.00060607726	0	1
1331.935613443626	39668.332	24.033628	0.9916454348859288	0.00060586433	0	1
1331.9370023213291	39618.914	24.014719	0.9919725804715552	0.0006061428	0	1
1331.9383911985683	39580.676	24.008877	0.9926039027919507	0.00060658075	0	1
1331.9397800758068	39596.53	24.01445	0.9946183636204589	0.00060647866	0	1
1331.94116895351	39604.516	24.015955	0.9964633017087527	0.0006063944	0	1
1331.9425578307485	39615.156	24.017925	0.9984027956839847	0.0006062812	0	1
1331.9439467084526	39542.176	24.000654	0.9982588161619161	0.0006069634	0	1
1331.9453355856908	39554.867	24.001816	1.0003014145614282	0.00060679804	0	1
1331.946724463395	39580.176	24.007292	1.0026908035539717	0.0006065484	0	1
1331.9481133406334	39493.0	23.972742	1.002253569814149	0.0006070124	0	1
1331.9495022183373	39487.996	23.981647	1.0039229391510756	0.00060731487	0	1
1331.9508910955758	39463.305	23.971785	1.0051154703255294	0.00060744496	0	1
1331.95227997328	39518.64	23.992098	1.0083724214948937	0.0006071084	0	1
1331.9536688505175	39476.445	23.974726	1.009165712692635	0.00060731726	0	1
1331.955057727756	39493.855	23.982853	1.0115055967399693	0.0006072553	0	1
1331.9564466054608	39469.953	23.977335	1.0128107366378103	0.00060748326	0	1
1331.957835482699	39374.777	23.951582	1.0123044160500425	0.0006082976	0	1
1331.9592243604025	39422.547	23.963432	1.0154936807342598	0.0006078611	0	1
1331.9606132376407	39403.5	23.95681	1.016985700340277	0.0006079869	0	1
1331.9620021148799	39404.984	23.960308	1.0190288006564188	0.0006080527	0	1
1331.9633909925833	39326.04	23.932646	1.0190096221905922	0.00060856994	0	1
1331.9647798698209	39330.64	23.937635	1.0211726569746193	0.0006086256	0	1
1331.9661687475257	39335.64	23.940098	1.0233672893911776	0.00060861086	0	1
1331.9675576247641	39337.38	23.942366	1.0254977255597062	0.0006086416	0	1
1331.9689465020017	39283.13	23.920195	1.0261856277611094	0.00060891773	0	1
1331.9703353797058	39291.594	23.923983	1.0285287299723649	0.000608883	0	1
1331.971724256945	39240.895	23.915796	1.0293396824795547	0.00060946104	0	1
1331.9731131346489	39221.0	23.906538	1.0309731960105306	0.00060953415	0	1
1331.975890889125	39206.1	23.899145	1.0349437225939853	0.00060957717	0	1
1331.977279766829	39259.66	23.915094	1.0385671122072102	0.00060915184	0	1
1331.9786686440675	39154.715	23.882671	1.038010836788783	0.00060995645	0	1
1331.9800575213058	39189.453	23.901773	1.0411693867146679	0.0006099032	0	1
1331.9814463990099	39186.2	23.895958	1.043335537814573	0.00060980546	0	1
1331.9828352762484	39143.82	23.892757	1.044471934882542	0.00061038387	0	1
1331.9842241534866	39058.54	23.862879	1.0444733205735246	0.0006109516	0	1
1331.9870019084283	39169.97	23.889795	1.0520500227353022	0.0006099008	0	1
1331.9883907856668	39040.984	23.859755	1.0508966838622509	0.00061114633	0	1
1331.9897796633716	39101.816	23.87327	1.054860272373939	0.0006105412	0	1
1331.9911685406091	39014.598	23.851152	1.0548391404658588	0.0006113392	0	1
1331.992557417847	39067.094	23.870733	1.0586036237032277	0.0006110189	0	1
1331.9939462955517	39066.78	23.860441	1.0609498292177342	0.00061076035	0	1
1331.9953351727909	39021.504	23.851742	1.0620810170922976	0.0006112461	0	1
1331.9967240500284	38975.543	23.84553	1.0631962344477521	0.0006118075	0	1
1331.9981129272662	38973.82	23.839352	1.0655227652543648	0.000611676	0	1
1331.9995018049708	38951.59	23.83769	1.067293899336072	0.0006119825	0	1
1332.0008906822093	38919.977	23.820065	1.0688106525260423	0.0006120267	0	1
1332.0022795594468	38939.39	23.821379	1.0717332262233534	0.0006117553	0	1
1332.003668437151	38985.6	23.83703	1.075401884011694	0.00061143166	0	1
1332.0050573143901	38871.863	23.803543	1.0746580054362362	0.0006123592	0	1
1332.0064461916286	38892.03	23.817266	1.0776133395934682	0.00061239453	0	1
1332.0078350688661	38840.973	23.806667	1.078595430477809	0.00061292667	0	1
1332.0106128238085	38783.14	23.78721	1.0817793447599122	0.00061333895	0	1
1332.0133905782855	38872.742	23.808535	1.0890786675131998	0.00061247376	0	1
1332.0147794559894	38833.363	23.791	1.090370608899118	0.0006126433	0	1
1332.0161683332278	38757.527	23.777088	1.090629077029333	0.0006134831	0	1
1332.0175572104663	38738.52	23.767466	1.0924772638735607	0.0006135357	0	1
1332.0189460877045	38737.67	23.768621	1.0948319373031716	0.000613579	0	1
1332.020334965408	38737.35	23.773312	1.097196140488376	0.00061370514	0	1
1332.0217238426465	38801.504	23.787897	1.1013841824181227	0.00061306637	0	1
1332.0231127198854	38739.004	23.77201	1.101970215154888	0.00061364536	0	1
1332.0245015971232	38672.16	23.756702	1.1024168510098005	0.0006143102	0	1
1332.0258904748266	38712.28	23.76631	1.1059022171681168	0.00061392173	0	1
1332.0272793520655	38586.31	23.733002	1.104627808532204	0.0006150628	0	1
1332.0286682293047	38487.66	23.706944	1.104111461234915	0.0006159622	0	1
1332.0300571065422	38435.504	23.68413	1.104908278864569	0.00061620446	0	1
1332.03144598378	38294.746	23.652538	1.1031341413150928	0.00061764446	0	1
1332.0328348614848	38187.254	23.62156	1.1022902405490504	0.0006185718	0	1
1332.034223738723	38013.14	23.56945	1.0994925249028404	0.0006200343	0	1
1332.0356126159609	37857.992	23.52534	1.0972090256155458	0.0006214101	0	1
1332.0370014931993	37739.62	23.497328	1.0959595923708132	0.00062261696	0	1
1332.0383903704383	37593.266	23.459612	1.0938654311995226	0.00062403764	0	1
1332.0397792476767	37447.797	23.413496	1.0917627175676965	0.00062523026	0	1
1332.04116812538	37210.723	23.35186	1.0869491327244907	0.0006275573	0	1
1332.043945879857	36848.555	23.244707	1.0804670344094671	0.0006308173	0	1
1332.0453347570951	36665.918	23.194767	1.0771193156888732	0.0006325975	0	1
1332.0467236343336	36468.76	23.144077	1.0733026095585958	0.0006346275	0	1
1332.0481125115714	36290.574	23.091555	1.0700013921637537	0.00063629623	0	1
1332.0495013888099	36041.78	23.019363	1.0645723826951679	0.0006386855	0	1
1332.0508902665144	35798.395	22.954865	1.05925312269722	0.00064122607	0	1
1332.052279143753	35584.207	22.891945	1.05474932243976	0.00064331753	0	1
1332.0536680209907	35349.777	22.823298	1.0495970782476403	0.0006456419	0	1
1332.055056898229	35049.285	22.742203	1.042430178315655	0.0006488635	0	1
1332.056445775468	34878.44	22.685478	1.03906898566463	0.0006504155	0	1
1332.0578346527059	34651.297	22.627005	1.033983576001076	0.0006529916	0	1
1332.0592235299434	34361.7	22.54278	1.0269815988646391	0.0006560438	0	1
1332.0606124071826	34127.09	22.467056	1.0215695446480517	0.00065833493	0	1
1332.0620012848872	33806.754	22.379274	1.0135362742810152	0.00066197646	0	1
1332.063390162125	33620.34	22.32306	1.0094650469680861	0.00066397485	0	1
1332.0647790393627	33328.91	22.241604	1.002188958995202	0.0006673367	0	1
1332.0661679166017	33052.445	22.165085	0.9953070948730713	0.0006706035	0	1
1332.0675567938401	32793.34	22.086304	0.9888936502797228	0.00067349966	0	1
1332.068945671078	32496.064	21.993238	0.9812740580121921	0.000676797	0	1
1332.0703345483162	32215.756	21.917122	0.9741109302553138	0.00068032305	0	1
1332.0717234255546	31986.068	21.854292	0.9684254184085711	0.0006832441	0	1
1332.073112302793	31663.01	21.748402	0.9598584467806994	0.00068687095	0	1
1332.0745011800313	31424.037	21.67583	0.9537858398770578	0.00068978505	0	1
1332.0758900572698	31087.668	21.568886	0.9447021941968967	0.0006938084	0	1
1332.0772789345083	30846.93	21.501072	0.9384699763955343	0.0006970247	0	1
1332.0786678117465	30472.57	21.390505	0.9281170416239164	0.0007019593	0	1
1332.0800566894504	30264.508	21.326935	0.9227750559897286	0.0007046847	0	1
1332.0814455666882	29978.102	21.237501	0.9149936505099864	0.0007084338	0	1
1332.0828344439267	29701.545	21.155735	0.9074603814145681	0.00071227725	0	1
1332.0842233211656	29369.312	21.045216	0.898172727514387	0.00071657164	0	1
1332.085612198404	29176.746	20.986752	0.8931059418479839	0.0007192972	0	1
1332.0870010756419	28845.227	20.887886	0.8837359707406354	0.00072413665	0	1
1332.0883899528803	28580.059	20.805586	0.876347592744895	0.0007279756	0	1
1332.0897788301193	28330.137	20.730463	0.8693782077954819	0.00073174597	0	1
1332.091167707357	28040.625	20.629791	0.8611454367522885	0.00073571084	0	1
1332.0925565845946	27805.357	20.552454	0.8545310124464873	0.00073915446	0	1
1332.0939454618338	27583.688	20.494053	0.8482890509521283	0.00074297725	0	1
1332.095334339073	27358.588	20.419691	0.8418969516900274	0.0007463723	0	1
1332.0967232163107	27134.451	20.34206	0.8354903415033462	0.0007496765	0	1
1332.0981120935483	26916.018	20.277374	0.8292159082491584	0.00075335713	0	1
1332.0995009707874	26675.47	20.20376	0.8222171612006464	0.0007573909	0	1
1332.1008898480259	26509.117	20.146317	0.8174636139672641	0.0007599769	0	1
1332.1022787252634	26347.936	20.09583	0.8128295567590891	0.0007627099	0	1
1332.103667602502	26134.482	20.024677	0.8065428703005364	0.0007662167	0	1
1332.1050564797401	26037.607	19.990738	0.8038150674617813	0.000767764	0	1
1332.107834234217	25704.867	19.89301	0.7935656089889366	0.0007739005	0	1
1332.1092231114553	25690.533	19.882612	0.793134415963591	0.0007739276	0	1
1332.1106119886938	25651.738	19.873041	0.7919480262751849	0.00077472493	0	1
1332.1120008659323	25554.045	19.834011	0.7889432008739109	0.00077615934	0	1
1332.1133897427048	25535.732	19.830559	0.788389090822554	0.00077658077	0	1
1332.1147786199426	25535.56	19.833021	0.7883950458114188	0.00077668246	0	1
1332.1161674971809	25542.352	19.832869	0.7886159790938704	0.00077646994	0	1
1332.11755637442	25583.83	19.845467	0.7899079049467057	0.0007757035	0	1
1332.1189452516585	25632.135	19.86322	0.7914106306848204	0.0007749343	0	1
1332.120334128896	25732.828	19.8983	0.7945309604564613	0.0007732652	0	1
1332.1217230061345	25822.354	19.924448	0.7973065504433222	0.0007715969	0	1
1332.1231118833734	25908.74	19.949127	0.7999853068223441	0.00076997676	0	1
1332.1245007606112	26089.242	20.008219	0.8053190264357	0.0007669145	0	1
1332.125889637849	26162.826	20.0377	0.8073144821024335	0.0007658844	0	1
1332.1272785150882	26359.127	20.10159	0.8130580927056932	0.0007626045	0	1
1332.1286673923264	26544.516	20.158562	0.8184247926704205	0.00075942476	0	1
1332.1300562695642	26716.086	20.218332	0.823324904730504	0.000756785	0	1
1332.1314451463368	26940.254	20.288387	0.8298042904657862	0.0007530882	0	1
1332.132834023576	27168.418	20.359941	0.836363617903396	0.0007493974	0	1
1332.1342229008144	27342.54	20.413021	0.8412164222039522	0.0007465664	0	1
1332.135611778052	27612.889	20.499851	0.8489855601742204	0.0007424015	0	1
1332.1370006552904	27922.51	20.598389	0.8579145603737773	0.00073769834	0	1
1332.138389532529	28134.943	20.664082	0.8638104489904388	0.0007344632	0	1
1332.1397784097671	28415.896	20.752571	0.8717629840709398	0.0007303156	0	1
1332.1411672870056	28629.404	20.820972	0.8775987747697027	0.00072725833	0	1
1332.1425561637784	28911.197	20.913658	0.8854795610409768	0.0007233757	0	1
1332.1439450410167	29211.916	21.000832	0.8938889504201376	0.00071891316	0	1
1332.1453339182551	29447.506	21.076963	0.9002550495008431	0.000715747	0	1
1332.1467227954936	29715.436	21.148106	0.9075599248404465	0.00071168755	0	1
1332.1481116727311	30039.936	21.258142	0.9165395028914279	0.0007076627	0	1
1332.1495005499696	30271.87	21.331156	0.9226424213532591	0.00070465275	0	1
1332.1508894272088	30611.428	21.438221	0.9319722096929429	0.0007003339	0	1
1332.1522783039813	30886.854	21.515877	0.9392942157763329	0.00069660303	0	1
1332.1536671812191	31115.11	21.581263	0.9451299613167865	0.0006935943	0	1
1332.1550560584574	31445.45	21.677893	0.9540124742893189	0.0006893809	0	1
1332.1564449356965	31697.748	21.761477	0.9604721215194039	0.00068653066	0	1
1332.1578338129343	31978.791	21.849134	0.9677491098867008	0.00068323826	0	1
1332.1592226897062	32296.328	21.934181	0.9760740967306896	0.000679154	0	1
1332.1606115669454	32565.975	22.021774	0.982895552978504	0.00067622034	0	1
1332.1620004441838	32833.03	22.088354	0.9895845781883829	0.00067274796	0	1
1332.1633893214214	33137.133	22.186773	0.9973343145004656	0.00066954416	0	1
1332.1647781986599	33335.83	22.24745	1.0018587083241168	0.00066737353	0	1
1332.1661670754333	33664.293	22.34206	1.010229121871928	0.00066367234	0	1
1332.1675559526716	33884.17	22.407347	1.0152861082771834	0.00066129246	0	1
1332.1689448299094	34167.473	22.49462	1.0221906392299247	0.00065836357	0	1
1332.1703337071476	34429.242	22.562328	1.0283964088202702	0.00065532455	0	1
1332.171722584386	34720.695	22.646694	1.0354339258159901	0.00065225345	0	1
1332.173111461159	34845.543	22.681326	1.0374549069940049	0.00065091037	0	1
1332.1745003383971	35196.234	22.782484	1.046149189042523	0.00064729893	0	1
1332.1758892156356	35435.277	22.847195	1.0514687952109363	0.00064475846	0	1
1332.177278092874	35614.582	22.89619	1.0549685901925014	0.0006428881	0	1
1332.1786669696467	35886.895	22.977013	1.0611749081674897	0.0006402619	0	1
1332.1800558468851	36050.51	23.023054	1.0641198244571768	0.0006386332	0	1
1332.1814447241227	36357.043	23.107006	1.0712345041720033	0.0006355579	0	1
1332.1828336013612	36488.676	23.14504	1.0731494273794595	0.0006343075	0	1
1332.1842224781346	36702.184	23.204128	1.0774313318181585	0.00063222746	0	1
1332.1856113553722	36887.066	23.253792	1.0808296045872838	0.00063040503	0	1
1332.18700023261	37061.72	23.309013	1.0838875172600122	0.00062892423	0	1
1332.1883891098491	37310.395	23.375463	1.0890667195144672	0.00062651344	0	1
1332.1897779866226	37389.992	23.400614	1.0892730661192571	0.0006258523	0	1
1332.1911668638602	37585.258	23.452425	1.0928152483096358	0.0006239794	0	1
1332.192555741098	37775.094	23.506786	1.09616007931622	0.0006222827	0	1
1332.1939446178712	37920.31	23.550898	1.098174182875569	0.00062106294	0	1
1332.1953334951097	38036.875	23.570429	1.0993277007223436	0.0006196731	0	1
1332.1967223723473	38160.098	23.60929	1.100644729073828	0.0006186905	0	1
1332.1995001263592	38533.957	23.710312	1.1068540403873803	0.0006153096	0	1
1332.2008890035977	38497.934	23.70741	1.1035157655677301	0.0006158099	0	1
1332.2022778808353	38516.58	23.712366	1.101734277461222	0.00061564054	0	1
1332.203666757608	38632.87	23.745182	1.102727442791729	0.00061463675	0	1
1332.2050556348463	38698.484	23.75814	1.1022535446239357	0.0006139295	0	1
1332.2064445120848	38745.36	23.774162	1.1012305112480896	0.00061360025	0	1
1332.2078333888576	38742.645	23.773825	1.098787649741403	0.00061363453	0	1
1332.2092222660958	38855.668	23.798466	1.0995977197328979	0.00061248377	0	1
1332.212000020107	38791.46	23.782503	1.0930288429749753	0.00061308604	0	1
1332.2133888973453	38791.35	23.78016	1.090635180435692	0.00061302737	0	1
1332.2147777745831	38855.65	23.802341	1.090045065015818	0.0006125838	0	1
1332.216166651356	38750.26	23.773376	1.0846886971785992	0.00061350234	0	1
1332.2175555285949	38875.277	23.80816	1.085791090799923	0.0006124242	0	1
1332.218944405367	38832.79	23.798119	1.0822031160422203	0.0006128357	0	1
1332.2203332826048	38855.89	23.804764	1.080444263301594	0.0006126423	0	1
1332.2217221598437	38874.426	23.804539	1.0785567213138885	0.0006123444	0	1
1332.2231110366172	38920.05	23.821268	1.0774184772037159	0.00061205646	0	1
1332.2244999138547	38852.887	23.80153	1.0731616917107234	0.00061260647	0	1
1332.2258887910925	38904.66	23.810532	1.0721942846265768	0.0006120226	0	1
1332.227277667866	38882.664	23.81446	1.0691959939977569	0.00061246986	0	1
1332.2286665451043	38975.9	23.834244	1.0693667023081468	0.00061151234	0	1
1332.2300554218764	38980.46	23.833437	1.06710407261175	0.0006114201	0	1
1332.2314442991149	39016.957	23.849285	1.0657193842239334	0.00061125436	0	1
1332.2328331763538	38968.473	23.834663	1.062021229248479	0.00061163964	0	1
1332.2356109303641	38990.387	23.841385	1.0578918997644506	0.0006114683	0	1
1332.236999807137	39069.89	23.86	1.0576942199399315	0.00061070046	0	1
1332.2383886843754	39022.758	23.846813	1.05407606639993	0.0006111002	0	1
1332.239777561148	39107.15	23.870272	1.0540188212261552	0.0006103813	0	1
1332.2411664383865	39101.066	23.869324	1.0515295770950828	0.00061045197	0	1
1332.2425553156243	39050.42	23.856613	1.0478570374481113	0.0006109182	0	1
1332.243944192397	39112.055	23.874792	1.0472090156355938	0.0006104203	0	1
1332.245333069636	39123.836	23.875435	1.045234918337967	0.0006102529	0	1
1332.2481108236466	39131.582	23.875021	1.0409033034913302	0.0006101215	0	1
1332.2494997004192	39142.06	23.886278	1.0389339806677726	0.00061024586	0	1
1332.2508885776583	39197.355	23.89912	1.0381659042425717	0.00060971256	0	1
1332.2522774544304	39217.305	23.89768	1.0364732721661494	0.0006093657	0	1
1332.253666331668	39206.258	23.900604	1.0339774206106398	0.000609612	0	1
1332.2550552084415	39175.4	23.889277	1.030978415330428	0.000609803	0	1
1332.2564440856804	39256.36	23.912878	1.0309369457057365	0.0006091466	0	1
1332.2578329624525	39226.676	23.905773	1.0280049850167088	0.0006094264	0	1
1332.2592218396903	39304.2	23.928045	1.0278985387011126	0.0006087911	0	1
1332.2606107169292	39294.12	23.922827	1.0255165050564734	0.0006088144	0	1
1332.261999593702	39297.992	23.925596	1.0235184092538379	0.0006088249	0	1
1332.2633884709398	39341.418	23.933058	1.0225680263556307	0.0006083425	0	1
1332.2647773477124	39333.824	23.929293	1.0203101269944217	0.00060836424	0	1
1332.266166224486	39279.08	23.916286	1.0168532720904389	0.00060888106	0	1
1332.2675551017237	39384.06	23.944397	1.0175501862587373	0.0006079718	0	1
1332.2689439784956	39356.965	23.93898	1.0148525498608756	0.0006082527	0	1
1332.2703328557348	39446.258	23.95877	1.015175140302752	0.00060737756	0	1
1332.2717217325076	39366.55	23.939566	1.0111705349385403	0.0006081195	0	1
1332.2731106097451	39414.883	23.954845	1.0104793288635263	0.00060776144	0	1
1332.274499486518	39450.074	23.963602	1.0094705699551842	0.00060744124	0	1
1332.2758883637562	39437.16	23.962	1.0072535720165365	0.0006075995	0	1
1332.277277240529	39464.348	23.964937	1.0060842816871693	0.0006072554	0	1
1332.2786661177674	39417.516	23.950237	1.003053389735871	0.0006076039	0	1
1332.28005499454	39551.67	23.985607	1.0046583084320129	0.0006064373	0	1
1332.2814438717785	39457.27	23.969461	1.0004622304665958	0.00060747896	0	1
1332.2828327485513	39513.13	23.977358	1.0001127938062846	0.00060682005	0	1
1332.2842216253239	39547.508	23.990097	0.9992415124148982	0.00060661463	0	1
1332.2856105025617	39554.477	23.988874	0.9977020277856122	0.00060647685	0	1
1332.2869993793342	39561.793	23.99558	0.9961971803681455	0.0006065342	0	1
1332.2883882565734	39609.344	24.00389	0.9957299288584798	0.00060601585	0	1
1332.2897771333462	39605.875	24.005266	0.9940053397486789	0.0006061037	0	1
1332.2911660105838	39622.254	24.012644	0.9928057052508723	0.0006060393	0	1
1332.2925548873566	39621.164	24.013697	0.9911953645510354	0.00060608255	0	1
1332.29394376413	39600.082	24.003777	0.9891136332712713	0.00060615473	0	1
1332.2953326413676	39685.465	24.02585	0.9897167812805122	0.0006054068	0	1
1332.2967215181397	39609.82	24.008148	0.9863441059746091	0.0006061161	0	1
1332.298110395379	39701.785	24.028074	0.987149018877527	0.000605214	0	1
1332.2994992721515	39706.25	24.02954	0.9858156866013464	0.0006051828	0	1
1332.3008881489236	39718.83	24.035809	0.9847122744308795	0.00060514896	0	1
1332.3022770261618	39692.727	24.023394	0.9826796900642312	0.0006052342	0	1
1332.3064436569457	39722.258	24.035606	0.9794291909662834	0.0006050916	0	1
1332.3078325337185	39820.832	24.061075	0.9806028744524228	0.00060423336	0	1
1332.309221410957	39756.18	24.045553	0.9777591801408476	0.00060482556	0	1
1332.3106102877296	39829.875	24.061882	0.9783617912497545	0.0006041164	0	1
1332.3119991645024	39732.223	24.039099	0.974786834675107	0.0006050278	0	1
1332.3133880417408	39796.75	24.057442	0.9752225739650894	0.0006045077	0	1
1332.3147769185134	39853.215	24.067556	0.9754882628850995	0.000603905	0	1
1332.3161657952862	39762.56	24.0432	0.9721849095022785	0.00060466933	0	1
1332.3175546725247	39819.52	24.06268	0.9725229504260323	0.00060429354	0	1
1332.3189435492966	39817.492	24.05448	0.9714502553230046	0.0006041184	0	1
1332.3203324260694	39813.848	24.060534	0.9703697833098915	0.00060432573	0	1
1332.3217213033085	39870.39	24.072931	0.9707866264648719	0.0006037797	0	1
1332.3231101800811	39909.04	24.080051	0.9707973226177743	0.0006033734	0	1
1332.3244990568533	39875.145	24.075489	0.9690752240051391	0.0006037718	0	1
1332.3258879340915	39868.707	24.070799	0.9680533609616181	0.0006037517	0	1
1332.328665687637	39938.656	24.087189	0.9681146628446933	0.00060310465	0	1
1332.330054564875	39910.555	24.080046	0.9666640134358331	0.0006033503	0	1
1332.3314434416482	39916.203	24.084675	0.9660637273319376	0.0006033809	0	1
1332.332832318421	39905.61	24.082022	0.9651029924814667	0.0006034746	0	1
1332.3369989492048	39871.438	24.068752	0.9623613312743752	0.000603659	0	1
1332.3383878259774	40004.266	24.102457	0.9650087966130636	0.0006024972	0	1
1332.3397767032152	39925.375	24.084974	0.9625489364734195	0.0006032498	0	1
1332.3425544567606	39954.125	24.09125	0.9622591285951879	0.00060297275	0	1
1332.3439433335334	39933.3	24.077524	0.9613160538275006	0.0006029435	0	1
1332.3453322107716	40007.004	24.107096	0.9626811977620584	0.0006025719	0	1
1332.3467210875444	39953.94	24.09339	0.9610290388365176	0.0006030291	0	1
1332.3481099643172	39952.344	24.091494	0.9606485874933289	0.00060300576	0	1
1332.3494988410898	39990.406	24.103384	0.9612548073060732	0.00060272915	0	1
1332.3508877183283	39890.37	24.068176	0.9585919507983945	0.000603358	0	1
1332.3522765951002	39983.54	24.098879	0.9605720769293344	0.00060272	0	1
1332.353665471873	39974.168	24.09734	0.9601383273598735	0.0006028228	0	1
1332.3550543486465	39979.336	24.096725	0.9600872892613947	0.0006027295	0	1
1332.3564432254193	39928.996	24.085703	0.9587369084479367	0.0006032133	0	1
1332.3578321026569	39977.598	24.097921	0.9597957367721902	0.0006027856	0	1
1332.3592209794297	39969.16	24.094555	0.9595185684350603	0.00060282863	0	1
1332.3606098562032	40035.3	24.110886	0.9610652430854687	0.0006022407	0	1
1332.361998732975	39967.934	24.0964	0.9594405497593606	0.0006028933	0	1
1332.3633876097472	40005.75	24.111456	0.960374403865244	0.00060269976	0	1
1332.364776486986	39959.85	24.09488	0.9593321479916056	0.0006029772	0	1
1332.366165363759	40002.273	24.105675	0.9604438085700664	0.0006026076	0	1
1332.367554240531	39995.566	24.101404	0.960409550856693	0.0006026019	0	1
1332.3689431173038	39967.32	24.092226	0.9598915055074181	0.0006027981	0	1
1332.370331994077	39983.65	24.097988	0.9604774880864534	0.0006026961	0	1
1332.3717208713156	40019.383	24.109938	0.9615634511351288	0.0006024565	0	1
1332.3731097480877	39989.535	24.100174	0.9611071914100647	0.00060266204	0	1
1332.3744986248603	39968.473	24.096678	0.9608952145311207	0.00060289213	0	1
1332.3772763784057	40009.04	24.104574	0.9625599744734642	0.0006024782	0	1
1332.3786652551785	40014.164	24.106709	0.9630782160436075	0.00060245435	0	1
1332.3800541324167	39888.56	24.06758	0.9604984909965086	0.0006033705	0	1
1332.3814430091895	39968.92	24.093586	0.9628783080282254	0.000602808	0	1
1332.3828318859623	39957.062	24.091436	0.9630868830008517	0.0006029331	0	1
1332.384220762735	39951.21	24.089193	0.9634732500386408	0.0006029653	0	1
1332.385609639507	39966.277	24.0922	0.9643973674789111	0.0006028132	0	1
1332.3869985162798	39952.06	24.086737	0.9646479368033438	0.000602891	0	1
1332.388387393053	39907.3	24.073427	0.9641932627314975	0.00060323364	0	1
1332.3897762698252	39891.18	24.072123	0.9644624468370427	0.00060344476	0	1
1332.391165147063	39929.336	24.076494	0.9660771673006349	0.0006029776	0	1
1332.3925540238363	39894.49	24.066227	0.965958430005558	0.0006032469	0	1
1332.3939429006098	39952.062	24.087065	0.9681106626621307	0.0006028992	0	1
1332.3953317773817	39898.242	24.078932	0.9675963138685376	0.0006035086	0	1
1332.3967206541538	39921.953	24.083363	0.9689941990709703	0.0006032611	0	1
1332.3981095309273	39851.754	24.063591	0.9681441454393886	0.00060382765	0	1
1332.3994984076999	39820.066	24.048243	0.9682598062215493	0.0006039227	0	1
1332.400887284472	39818.9	24.050295	0.9691490539738299	0.00060399197	0	1
1332.4022761612448	39898.64	24.073086	0.9720415481691962	0.00060335605	0	1
1332.403665038018	39861.637	24.063093	0.972122834875977	0.0006036655	0	1
1332.4064427920287	39837.176	24.055904	0.9735862775415868	0.00060385565	0	1
1332.4133871758922	39780.957	24.04256	0.9779058956141123	0.00060437364	0	1
1332.4147760526648	39750.99	24.030792	0.9784003044004551	0.0006045332	0	1
1332.4161649294376	39695.902	24.01438	0.9783045524255929	0.0006049586	0	1
1332.4175538062104	39766.457	24.036562	0.9813362808915137	0.00060444314	0	1
1332.4189426829826	39716.258	24.02158	0.981419138665139	0.00060482987	0	1
1332.4203315597551	39732.77	24.026733	0.9831795604103891	0.0006047083	0	1
1332.4217204365286	39775.56	24.037142	0.9856222840716706	0.0006043194	0	1
1332.4231093133008	39667.523	24.011354	0.984355158793123	0.0006053152	0	1
1332.4244981900727	39726.4	24.02502	0.9872578168172516	0.0006047621	0	1
1332.4258870668461	39620.688	23.994286	0.9860979286147457	0.00060559995	0	1
1332.4272759436194	39662.414	24.01154	0.9886343328115018	0.00060539786	0	1
1332.4286648203915	39637.723	24.002468	0.989544763961136	0.0006055461	0	1
1332.4300536971637	39656.875	24.006327	0.9915782499992626	0.00060535094	0	1
1332.4314425739371	39640.97	24.000662	0.9927637362592765	0.00060545094	0	1
1332.4328314507097	39649.77	24.003807	0.9945959395347811	0.0006053959	0	1
1332.4342203274819	39560.85	23.978128	0.9940015853002222	0.00060610747	0	1
1332.4397758345726	39578.97	23.9833	1.0012783780042378	0.00060596067	0	1
1332.4411647113454	39516.27	23.965048	1.0014619267110243	0.00060646026	0	1
1332.4425535881182	39482.66	23.960442	1.0024045910309192	0.00060685986	0	1
1332.4439424648908	39464.418	23.952726	1.0037609308232498	0.0006069449	0	1
1332.4453313416636	39527.715	23.970638	1.0072188645107987	0.0006064261	0	1
1332.4467202184364	39462.8	23.94906	1.0074349714157458	0.00060687686	0	1
1332.448109095209	39466.66	23.952412	1.009428781761059	0.0006069024	0	1
1332.4494979719818	39426.63	23.940735	1.0103228014816874	0.0006072225	0	1
1332.4508868487546	39450.453	23.948994	1.012876536911882	0.0006070651	0	1
1332.4522757255265	39376.52	23.93105	1.0129416764185242	0.0006077492	0	1
1332.4536646018337	39338.89	23.919151	1.0139585425167688	0.0006080281	0	1
1332.455053478607	39372.547	23.926514	1.0168355824161746	0.0006076954	0	1
1332.456442355379	39320.324	23.909302	1.0175163376646676	0.0006080647	0	1
1332.457831232151	39368.387	23.929165	1.020814208781458	0.0006078269	0	1
1332.4592201089245	39330.453	23.915703	1.0219044948890246	0.00060807087	0	1
1332.460608985698	39354.992	23.92484	1.0246386011730637	0.0006079239	0	1
1332.46199786247	39259.82	23.894306	1.0242730101797106	0.0006086199	0	1
1332.463386739242	39316.91	23.91529	1.0278982286582308	0.0006082698	0	1
1332.4647756160155	39272.97	23.898855	1.028902730980802	0.00060853193	0	1
1332.4661644927883	39278.723	23.900234	1.0312265429324814	0.0006084779	0	1
1332.4675533690945	39142.242	23.867369	1.0298323074422828	0.0006097599	0	1
1332.4689422458673	39219.633	23.887522	1.0340710797158448	0.0006090705	0	1
1332.4703311226408	39214.496	23.885206	1.036160428866803	0.00060909125	0	1
1332.4717199994134	39185.605	23.873692	1.037637578478871	0.0006092465	0	1
1332.4731088761855	39186.47	23.88208	1.0399178528034916	0.00060944713	0	1
1332.474497752958	39160.113	23.869726	1.0414906180249104	0.0006095418	0	1
1332.4772755065037	39149.777	23.868864	1.045805459850034	0.0006096807	0	1
1332.4800532595834	39064.19	23.83622	1.0481569957376573	0.0006101808	0	1
1332.4814421363562	39091.754	23.853956	1.0512373695684205	0.0006102043	0	1
1332.4828310131288	39045.78	23.834538	1.0523518564552805	0.0006104254	0	1
1332.4842198899016	39106.39	23.85124	1.05635186826901	0.00060990645	0	1
1332.4856087666735	39055.57	23.842287	1.0573539133066299	0.00061047083	0	1
1332.4869976429807	39005.52	23.830282	1.058381390807459	0.0006109464	0	1
1332.4883865197542	39007.73	23.819767	1.0608340847452125	0.0006106422	0	1
1332.489775396526	38961.824	23.813578	1.061984892072092	0.00061120285	0	1
1332.4911642732982	38976.887	23.817606	1.0648042984140798	0.00061107	0	1
1332.4925531500717	38951.36	23.81737	1.0665221428395855	0.0006114644	0	1
1332.493942026845	38909.633	23.802761	1.067799490947186	0.0006117447	0	1
1332.4953309031514	38931.953	23.80985	1.0708397652497927	0.0006115761	0	1
1332.4967197799233	38897.137	23.800503	1.0723134303426742	0.0006118832	0	1
1332.4981086566968	38882.85	23.787075	1.0743550078470832	0.00061176263	0	1
1332.4994975334696	38915.777	23.801964	1.0777064273826096	0.0006116276	0	1
1332.5008864097758	38864.668	23.787365	1.0787329153621095	0.0006120563	0	1
1332.5022752865486	38897.824	23.797325	1.0820997925598699	0.00061179063	0	1
1332.5036641633221	38844.76	23.784613	1.0830687140763382	0.0006122991	0	1
1332.505053040095	38813.54	23.771275	1.084642268004193	0.000612448	0	1
1332.5064419168668	38806.57	23.771591	1.0868913620927025	0.00061256613	0	1
1332.507830793174	38785.55	23.77071	1.0887444912623867	0.0006128754	0	1
1332.5092196699466	38717.953	23.752832	1.089283037333082	0.00061348366	0	1
1332.5106085467194	38711.344	23.74881	1.0915303715201394	0.00061348453	0	1
1332.5119974234922	38711.832	23.75312	1.0939742066981053	0.00061358814	0	1
1332.513386299799	38751.203	23.760206	1.0975152209542038	0.00061314757	0	1
1332.514775176572	38734.258	23.75553	1.0994576265132299	0.00061329507	0	1
1332.5161640533447	38663.94	23.73399	1.0998737512873806	0.00061385334	0	1
1332.5175529301173	38689.812	23.746866	1.1030165345658633	0.0006137757	0	1
1332.5189418064238	38560.797	23.70686	1.1017294940950382	0.00061479176	0	1
1332.5217195599698	38428.508	23.670368	1.1026888983220797	0.00061595853	0	1
1332.5231084362763	38326.23	23.6441	1.102102142902911	0.0006169169	0	1
1332.5244973130484	38215.254	23.61386	1.1012408364312944	0.0006179171	0	1
1332.5258861898217	38123.734	23.586227	1.100915627672576	0.00061867567	0	1
1332.5272750665952	37994.832	23.55743	1.0994843854002487	0.0006200167	0	1
1332.5286639429014	37836.06	23.507397	1.0971573593945987	0.0006212961	0	1
1332.5300528196735	37716.625	23.471367	1.095939490174349	0.00062230823	0	1
1332.531441696447	37509.254	23.418007	1.0921311510409775	0.0006243261	0	1
1332.532830572754	37375.316	23.373613	1.0904240666708203	0.00062537566	0	1
1332.534219449526	37218.3	23.341576	1.0880090526755148	0.0006271532	0	1
1332.5356083262986	37006.98	23.282965	1.0839667071153731	0.0006291506	0	1
1332.5369972026065	36787.016	23.216486	1.0796270457288781	0.00063110545	0	1
1332.5383860793793	36612.145	23.163353	1.076568156788966	0.00063266855	0	1
1332.5397749561512	36435.336	23.12203	1.0734114824269816	0.00063460454	0	1
1332.5411638324583	36219.906	23.060081	1.0690733162526738	0.0006366687	0	1
1332.5425527092311	35955.45	22.987722	1.0632389819942925	0.00063933904	0	1
1332.5439415860037	35757.027	22.923903	1.0593087518673903	0.00064110203	0	1
1332.5453304623109	35492.535	22.84463	1.0533721234766558	0.00064364605	0	1
1332.5467193390837	35357.906	22.814754	1.0512435386862067	0.0006452518	0	1
1332.5481082158562	34977.887	22.704636	1.041766557393788	0.00064911396	0	1
1332.5494970921634	34752.8	22.642414	1.0368464411197704	0.0006515278	0	1
1332.5508859689362	34532.863	22.588554	1.0320302925424825	0.0006541176	0	1
1332.552274845708	34259.516	22.501005	1.0255655899961433	0.0006567812	0	1
1332.5536637220152	33985.613	22.421629	1.0190290086186893	0.00065973884	0	1
1332.5550525987887	33693.875	22.324406	1.0119013299334263	0.0006625657	0	1
1332.556441475095	33443.754	22.265968	1.0059682319355465	0.0006657736	0	1
1332.557830351867	33155.77	22.183174	0.998841064067447	0.0006690592	0	1
1332.5592192286404	32911.598	22.108217	0.9929788127402108	0.0006717455	0	1
1332.5606081049482	32628.018	22.024744	0.9858727956159042	0.0006750255	0	1
1332.5619969817203	32299.148	21.924732	0.9773398703098797	0.0006788022	0	1
1332.5633858584924	31986.0	21.834484	0.969223045940747	0.00068262627	0	1
1332.5647747348	31750.168	21.764353	0.9633935424341343	0.0006854878	0	1
1332.5661636115728	31462.72	21.676577	0.9559436226160657	0.00068896066	0	1
1332.5675524878793	31133.715	21.58301	0.9471731964444374	0.00069323595	0	1
1332.568941364652	30911.572	21.514381	0.9415988331127401	0.0006959976	0	1
1332.5703302409597	30551.738	21.404528	0.9317744009120507	0.00070059934	0	1
1332.5717191177323	30288.715	21.319788	0.9248454707053151	0.0007038855	0	1
1332.5731079945044	29935.018	21.21518	0.9150915482888076	0.0007087078	0	1
1332.5744968708113	29736.0	21.148142	0.910012334613589	0.00071119657	0	1
1332.5758857475842	29386.129	21.050446	0.9002634314879294	0.0007163395	0	1
1332.5772746238913	29066.814	20.948748	0.8913941091428833	0.00072071014	0	1
1332.5786635006639	28787.56	20.861082	0.8836996292202403	0.0007246561	0	1
1332.580052376971	28530.28	20.779152	0.8766283771386841	0.0007283193	0	1
1332.5814412537438	28277.99	20.69975	0.8696605304055995	0.00073200924	0	1
1332.5828301300508	27943.645	20.59453	0.8601176026207678	0.0007370023	0	1
1332.5842190068236	27695.836	20.519648	0.8531875633662477	0.0007408929	0	1
1332.5869967599028	27203.062	20.347553	0.8392720426024107	0.0007479876	0	1
1332.588385636676	26931.156	20.271421	0.8314561097218285	0.00075271266	0	1
1332.5897745129823	26647.594	20.180891	0.8232330387326702	0.0007573251	0	1
1332.5911633897545	26492.652	20.134682	0.8189392003568331	0.00076001004	0	1
1332.5925522660623	26244.592	20.046303	0.8117238607439977	0.0007638261	0	1
1332.5939411428358	26079.559	20.001911	0.8070338093660099	0.0007669574	0	1
1332.595330019142	25868.213	19.924759	0.8008691239973794	0.000770241	0	1
1332.5967188959141	25691.596	19.868036	0.7957384967448488	0.00077332824	0	1
1332.5981077722217	25531.145	19.81652	0.7910686764497289	0.00077617046	0	1
1332.5994966489945	25387.06	19.77256	0.7868669562162115	0.000778844	0	1
1332.600885525301	25256.537	19.726032	0.7828503185954722	0.0007810268	0	1
1332.6022744020738	25139.48	19.690739	0.7792508158494138	0.0007832596	0	1
1332.6036632783814	25118.887	19.683151	0.7786412268388789	0.0007835997	0	1
1332.6050521546886	25023.637	19.64501	0.7757172951209671	0.00078505813	0	1
1332.6064410314607	25003.582	19.646574	0.7751242417923012	0.0007857504	0	1
1332.6078299077676	25003.498	19.651636	0.7751502698488614	0.00078595546	0	1
1332.6092187845402	25013.645	19.650215	0.7754934732004154	0.00078557985	0	1
1332.6106076608473	25122.588	19.683594	0.7788997965998522	0.00078350183	0	1
1332.6119965376201	25073.535	19.672207	0.7774076856067008	0.0007845805	0	1
1332.613385413927	25155.879	19.698727	0.7799895771573546	0.0007830665	0	1
1332.6147742906999	25280.479	19.73988	0.7838819038183621	0.0007808349	0	1
1332.616163167007	25425.885	19.78281	0.7884197017448774	0.0007780579	0	1
1332.6175520437796	25508.473	19.811714	0.7907744069787889	0.0007766719	0	1
1332.618940920086	25668.715	19.859322	0.7954982770305711	0.00077367807	0	1
1332.6203297963932	25846.008	19.930792	0.8007110570465285	0.0007711362	0	1
1332.6217186731665	26065.178	19.999825	0.807180411106051	0.00076730055	0	1
1332.623107549473	26278.428	20.067715	0.8134245471105264	0.0007636574	0	1
1332.624496426245	26471.002	20.128765	0.8189864886689381	0.0007604081	0	1
1332.625885302553	26666.852	20.192347	0.824607227756067	0.00075720774	0	1
1332.6272741788605	26921.607	20.268963	0.8320052992645358	0.00075288827	0	1
1332.6286630556324	27171.201	20.353525	0.8391979944798681	0.00074908446	0	1
1332.6300519319389	27486.672	20.454927	0.8483775135714938	0.0007441762	0	1
1332.6314408087123	27703.277	20.525255	0.8544576715005214	0.00074089627	0	1
1332.6328296850193	27925.836	20.59913	0.8606749268782782	0.00073763705	0	1
1332.6342185613257	28244.426	20.703264	0.8698023512199842	0.00073300354	0	1
1332.6356074380985	28539.934	20.785013	0.8781669425946074	0.00072827825	0	1
1332.6369963144061	28782.451	20.863277	0.8848502912331776	0.00072486105	0	1
1332.638385191179	29091.682	20.956373	0.8935328065682966	0.0007203562	0	1
1332.6397740674854	29393.121	21.05394	0.9019219682484027	0.000716288	0	1
1332.6411629437926	29703.604	21.143854	0.9105338475477682	0.0007118279	0	1
1332.6425518205651	29916.58	21.207615	0.9161042312499613	0.00070889166	0	1
1332.6439406968723	30262.592	21.318995	0.925694191993413	0.0007044669	0	1
1332.6453295731794	30571.904	21.409178	0.9341036585300894	0.0007002893	0	1
1332.646718449952	30904.99	21.511948	0.943181445238619	0.0006960671	0	1
1332.648107326259	31178.732	21.602985	0.9503908711389011	0.0006928757	0	1
1332.649496202566	31491.855	21.694586	0.9587437399237945	0.0006888951	0	1
1332.6508850793389	31754.758	21.77304	0.9655108089372598	0.0006856623	0	1
1332.6522739556453	32010.445	21.849224	0.97200361656802	0.00068256544	0	1
1332.6536628319523	32355.287	21.947903	0.9811451853842378	0.00067834056	0	1
1332.6550517087258	32576.057	22.010262	0.9864672086888446	0.00067565765	0	1
1332.6564405850322	32940.96	22.12031	0.9960956604699911	0.0006715138	0	1
1332.6578294613385	33129.305	22.177784	1.0003282227406016	0.000669431	0	1
1332.659218338112	33493.4	22.285559	1.0098104694841048	0.00066537166	0	1
1332.6606072144195	33691.85	22.340628	1.0142412887838608	0.00066308695	0	1
1332.661996090726	34019.465	22.433466	1.0225044638154375	0.0006594303	0	1
1332.664773843806	34481.58	22.565691	1.0330595369244868	0.00065442745	0	1
1332.6661627201129	34835.62	22.669077	1.0419370848137097	0.0006507442	0	1
1332.6675515964193	35064.242	22.736431	1.0470051527667528	0.00064842217	0	1
1332.668940473192	35315.18	22.808134	1.0526868617180236	0.0006458451	0	1
1332.6703293494998	35520.566	22.867731	1.0569595800655696	0.0006437885	0	1
1332.6717182258067	35756.27	22.935139	1.0620843484322278	0.00064142986	0	1
1332.6731071021131	35981.914	22.999075	1.0668596177104042	0.0006391843	0	1
1332.674495978886	36206.188	23.062965	1.0715445338081346	0.0006369896	0	1
1332.675884855193	36476.492	23.139019	1.077540066546462	0.0006343543	0	1
1332.6772737315	36632.195	23.180624	1.0801027416696871	0.00063279376	0	1
1332.6786626082728	36806.0	23.233654	1.083157602795727	0.00063124637	0	1
1332.68005148458	37024.11	23.289976	1.087471852575788	0.0006290489	0	1
1332.682829237194	37391.195	23.39085	1.093939197117777	0.00062557106	0	1
1332.6842181135012	37557.39	23.437038	1.0966043176805338	0.00062403263	0	1
1332.685606990273	37754.73	23.496103	1.1001385463804818	0.00062233536	0	1
1332.6869958665802	37888.785	23.533104	1.10179106546382	0.00062111	0	1
1332.688384742888	38082.086	23.584667	1.1051297593999208	0.00061931135	0	1
1332.6897736191943	38175.56	23.613436	1.1055380069817475	0.00061854854	0	1
1332.6911624959662	38271.49	23.639511	1.105990623918407	0.00061767944	0	1
1332.692551372274	38331.656	23.653612	1.1053858855079302	0.00061707775	0	1
1332.6939402485818	38487.33	23.699453	1.107508534301293	0.0006157729	0	1
1332.6953291248883	38527.098	23.7107	1.1062714128170272	0.00061542913	0	1
1332.6967180011945	38631.16	23.73055	1.106859884419165	0.00061428524	0	1
1332.698106877968	38727.945	23.763678	1.1072166623143032	0.0006136054	0	1
1332.6994957542752	38659.01	23.748629	1.1028241275185922	0.00061431027	0	1
1332.7008846305814	38791.297	23.780487	1.1041589495579092	0.0006130367	0	1
1332.7022735068886	38704.266	23.753315	1.099240401964203	0.0006137131	0	1
1332.7036623831964	38734.297	23.765913	1.0976431788684273	0.00061356253	0	1
1332.7050512595033	38786.406	23.778847	1.096660347521798	0.00061307166	0	1
1332.7064401362754	38795.324	23.780245	1.0944472863710744	0.0006129668	0	1
1332.7078290125824	38809.246	23.78556	1.09236968588349	0.0006128839	0	1
1332.7092178888895	38802.387	23.786222	1.0897033398513403	0.00061300927	0	1
1332.7106067651966	38853.605	23.798912	1.0886627111086817	0.0006125278	0	1
1332.7119956415036	38891.723	23.807053	1.0872476632142112	0.00061213673	0	1
1332.7133845178107	38780.01	23.783836	1.0816423735452645	0.0006133014	0	1
1332.7147733945835	38857.027	23.79711	1.081314582061026	0.0006124274	0	1
1332.7161622708904	38886.0	23.804436	1.0796383855092462	0.00061215955	0	1
1332.7175511471976	38926.223	23.81577	1.0782718767772546	0.00061181816	0	1
1332.7189400235038	38946.332	23.823498	1.0763469487441615	0.0006117007	0	1
1332.720328899811	38954.23	23.822323	1.0740861469806238	0.0006115465	0	1
1332.7217177761188	38886.082	23.807602	1.0697365032585138	0.00061223964	0	1
1332.723106652425	38983.68	23.829163	1.0699495381723185	0.00061125995	0	1
1332.7244955287315	39009.25	23.841072	1.0681836255881834	0.0006111646	0	1
1332.725884405505	38966.22	23.827768	1.0645467929809012	0.0006114981	0	1
1332.7272732818128	38984.605	23.82702	1.0625966671241114	0.0006111905	0	1
1332.728662158119	38979.438	23.832397	1.0600116425475414	0.0006114095	0	1
1332.7300510344253	39068.684	23.850636	1.059997551239651	0.0006104796	0	1
1332.7314399107331	39080.586	23.858786	1.0578880852737467	0.00061050226	0	1
1332.7328287870403	39076.727	23.858967	1.0553615607325553	0.00061056716	0	1
1332.7342176633465	39091.613	23.858591	1.0533514249629599	0.0006103251	0	1
1332.7356065396536	39035.086	23.841053	1.0494309974554699	0.0006107596	0	1
1332.7369954159615	39125.43	23.866621	1.0494691453240825	0.0006100028	0	1
1332.7383842922686	39094.984	23.86544	1.04627644422655	0.0006104476	0	1
1332.7397731685749	39183.758	23.879948	1.0462842019754177	0.00060943485	0	1
1332.741162044882	39241.04	23.906254	1.0454562906328368	0.00060921564	0	1
1332.742550921189	39232.9	23.89614	1.0428971295838703	0.0006090842	0	1
1332.7439397979617	39197.043	23.892818	1.0396191197483184	0.0006095567	0	1
1332.7453286742689	39203.395	23.896492	1.037478144644454	0.0006095516	0	1
1332.7467175505758	39248.54	23.905018	1.0363771717612047	0.00060906773	0	1
1332.74949530319	39292.844	23.909647	1.0330020533687454	0.00060849875	0	1
1332.750884179497	39345.383	23.919714	1.0321346345209885	0.00060794206	0	1
1332.7522730558035	39245.57	23.906359	1.0272966646399038	0.00060914794	0	1
1332.7536619321104	39390.727	23.942455	1.028878046724184	0.0006078196	0	1
1332.7550508084182	39369.25	23.936737	1.0261244638914366	0.0006080059	0	1
1332.7564396847247	39345.875	23.929016	1.0233440080308347	0.00060817087	0	1
1332.7578285610311	39334.72	23.92459	1.020903831697293	0.0006082308	0	1
1332.7592174373387	39401.65	23.94764	1.02050834470733	0.0006077827	0	1
1332.7606063136466	39407.95	23.945297	1.0185601253037666	0.00060762605	0	1
1332.7619951899528	39381.14	23.94127	1.0157791938151868	0.00060793746	0	1
1332.7633840662593	39456.89	23.96216	1.0156634404526577	0.00060729973	0	1
1332.764772942567	39472.926	23.965782	1.0140285974387897	0.0006071448	0	1
1332.766161818874	39451.414	23.957485	1.0114527324420368	0.00060726557	0	1
1332.7675506951805	39427.793	23.957573	1.0088487271048674	0.0006076316	0	1
1332.7689395714874	39442.668	23.954098	1.0072541928362453	0.00060731434	0	1
1332.7703284477952	39543.312	23.983774	1.007868640139043	0.0006065191	0	1
1332.7717173241024	39508.68	23.971062	1.0050567105621724	0.000606729	0	1
1332.7731062004086	39550.438	23.982609	1.0042129043742136	0.00060638034	0	1
1332.7744950767158	39533.02	23.97633	1.0018909237480889	0.0006064887	0	1
1332.775883953023	39558.34	23.987638	1.000677553476357	0.0006063864	0	1
1332.7772728293298	39594.664	23.994991	0.9997658630251811	0.0006060158	0	1
1332.778661705637	39547.254	23.987074	0.9967668882345966	0.0006065421	0	1
1332.7800505814785	39666.355	24.008724	0.9979883687813216	0.0006052667	0	1
1332.7814394577854	39610.703	23.994455	0.9948374124767759	0.0006057569	0	1
1332.7828283340925	39610.168	23.999052	0.9931006609034945	0.0006058811	0	1
1332.7842172103997	39667.242	24.017231	0.9928335764490681	0.00060546765	0	1
1332.7856060867061	39654.32	24.015621	0.9908406811201845	0.00060562434	0	1
1332.786994963013	39690.555	24.020622	0.9901033734916036	0.00060519745	0	1
1332.7883838393209	39656.977	24.012192	0.987652978704369	0.0006054973	0	1
1332.7897727156271	39722.305	24.029272	0.9876933721526355	0.00060493144	0	1
1332.7911615919336	39674.58	24.021362	0.9849509962895964	0.0006054598	0	1
1332.7925504682412	39718.76	24.02174	0.9845197948746472	0.0006047958	0	1
1332.793939344549	39743.7	24.03946	0.9836384156541851	0.0006048622	0	1
1332.7953282208555	39739.617	24.033998	0.9820677824847021	0.00060478685	0	1
1332.7967170966963	39704.58	24.017384	0.9797635047502984	0.0006049021	0	1
1332.7981059730039	39764.977	24.03905	0.9798435391309102	0.0006045282	0	1
1332.799494849311	39792.98	24.047035	0.9791526087629941	0.00060430344	0	1
1332.8008837256175	39817.938	24.054733	0.9784154762740407	0.000604118	0	1
1332.8022726019244	39751.9	24.037424	0.9754744996685448	0.0006046862	0	1
1332.809216982994	39873.867	24.07396	0.9723244494886186	0.0006037528	0	1
1332.8106058593012	39893.37	24.076445	0.9716656717204841	0.0006035199	0	1
1332.811994735608	39909.04	24.082428	0.9709444254126612	0.00060343294	0	1
1332.8133836119152	39913.395	24.079576	0.9699795041819741	0.00060329563	0	1
1332.8147724882224	39841.676	24.065649	0.9671997969822567	0.0006040321	0	1
1332.8161613645293	39873.77	24.069332	0.9669736012571064	0.00060363824	0	1
1332.8175502403708	39818.723	24.046679	0.9646824484539033	0.00060390384	0	1
1332.8189391166773	39923.223	24.08102	0.9662573237401237	0.0006031833	0	1
1332.8203279929844	39945.863	24.090794	0.9658959923627339	0.0006030861	0	1
1332.821716869292	39890.99	24.077703	0.9636938336521716	0.00060358754	0	1
1332.8231057455992	39948.3	24.089838	0.9642347900916595	0.0006030254	0	1
1332.8244946219056	39925.41	24.078096	0.9628721491217106	0.000603077	0	1
1332.8258834977469	39997.348	24.100496	0.9638286086858936	0.0006025524	0	1
1332.8272723740547	39990.258	24.099648	0.9629126856285035	0.00060263794	0	1
1332.8286612503612	39956.883	24.091518	0.9613978841745175	0.0006029379	0	1
1332.8300501266674	39985.94	24.095053	0.961418747498647	0.0006025881	0	1
1332.831439002975	40035.11	24.115494	0.9619552862830903	0.00060235866	0	1
1332.8328278788165	39964.21	24.092815	0.9596407485190305	0.00060285977	0	1
1332.8564387741733	40009.387	24.110916	0.9555065196535802	0.0006026315	0	1
1332.8578276504797	40038.133	24.120136	0.956192528955819	0.0006024291	0	1
1332.8592165263212	40034.973	24.113644	0.9561507192023099	0.0006023145	0	1
1332.8606054026288	40011.836	24.109274	0.9556659350476647	0.00060255354	0	1
1332.861994278935	40030.92	24.12022	0.956223770739192	0.0006025397	0	1
1332.8633831552415	40005.12	24.10583	0.9557434997065293	0.00060256856	0	1
1332.8647720310837	40066.434	24.118753	0.9573786968065416	0.0006019691	0	1
1332.8661609073906	39960.867	24.09594	0.955060229966713	0.0006029884	0	1
1332.867549783697	39971.53	24.09621	0.9555532229978452	0.00060283433	0	1
1332.8689386595386	40000.39	24.10548	0.956515476985446	0.00060263113	0	1
1332.8703275358462	39954.688	24.096214	0.9557286155510926	0.0006030885	0	1
1332.8717164121533	39981.49	24.098537	0.9567099051554697	0.00060274237	0	1
1332.8731052879941	39949.65	24.092916	0.9563218703725126	0.00060308207	0	1
1332.8744941643013	39977.06	24.100964	0.9573860378183112	0.00060286984	0	1
1332.8758830406082	40001.395	24.105427	0.9584109976867041	0.00060261466	0	1
1332.8772719164497	40012.844	24.109768	0.9591614470895932	0.00060255075	0	1
1332.8786607927568	39929.62	24.084522	0.9576753657878074	0.0006031743	0	1
1332.8800496690637	39977.133	24.098326	0.9593580972123852	0.0006028027	0	1
1332.8814385449052	39942.81	24.086931	0.9591107753281981	0.0006030355	0	1
1332.8828274212124	39955.105	24.093346	0.9600161972047817	0.0006030104	0	1
1332.8842162970536	39983.72	24.10108	0.9613478359950248	0.00060277234	0	1
1332.88560517336	39956.91	24.096218	0.961380431714657	0.0006030551	0	1
1332.886994049667	39910.555	24.08397	0.9609748339124509	0.0006034486	0	1
1332.8883829255092	39895.05	24.077322	0.9613442507365699	0.0006035165	0	1
1332.889771801816	39901.43	24.078138	0.9622739945561762	0.0006034405	0	1
1332.8911606781226	39910.574	24.083475	0.9633038507588706	0.00060343597	0	1
1332.892549553964	39892.42	24.0727	0.9637076818801364	0.00060344045	0	1
1332.8939384302716	39835.07	24.061333	0.9631958283593812	0.00060402387	0	1
1332.8953273061124	39875.664	24.072948	0.9650846909874555	0.00060370023	0	1
1332.896716182419	39910.098	24.080858	0.9668589027792602	0.0006033776	0	1
1332.8981050587267	39845.04	24.06533	0.9662546740864295	0.00060397305	0	1
1332.899493934568	39854.652	24.065857	0.9674923760765972	0.00060384057	0	1
1332.9008828108745	39870.406	24.068089	0.9689121471817802	0.000603658	0	1
1332.9022716867157	39787.453	24.050694	0.9679636098124531	0.00060447934	0	1
1332.9036605630235	39827.703	24.060516	0.9700433351058729	0.0006041151	0	1
1332.9050494388648	39795.594	24.047554	0.9703928187856395	0.0006042768	0	1
1332.9064383151713	39837.504	24.065197	0.9725793185032808	0.00060408394	0	1
1332.9078271914784	39762.98	24.040668	0.9719539035567665	0.00060459925	0	1
1332.90921606732	39761.176	24.043032	0.9731351679072314	0.00060468615	0	1
1332.9106049436268	39765.043	24.046806	0.9744866163755198	0.00060472224	0	1
1332.9119938194683	39748.723	24.036554	0.9753740820908133	0.00060471264	0	1
1332.9133826957755	39710.457	24.026754	0.9757522049342919	0.00060504855	0	1
1332.9147715716167	39734.1	24.036446	0.9776818511372325	0.00060493243	0	1
1332.9161604479239	39717.688	24.026022	0.9786566553945997	0.00060492	0	1
1332.9175493237653	39722.383	24.027813	0.9801815875788572	0.00060489355	0	1
1332.9189382000716	39723.32	24.028816	0.9816441915548149	0.00060490455	0	1
1332.920327075913	39638.97	24.009203	0.9810260379552224	0.000605697	0	1
1332.921715952221	39656.66	24.013277	0.9829606193882088	0.00060552947	0	1
1332.9231048280622	39666.18	24.014393	0.9847231989429464	0.0006054123	0	1
1332.9244937043686	39659.586	24.008759	0.9861151717610406	0.0006053709	0	1
1332.9258825802099	39631.375	24.00505	0.9869973220971879	0.0006057082	0	1
1332.9272714565177	39649.523	24.00654	0.9890624418859517	0.0006054686	0	1
1332.9286603323585	39624.77	24.003647	0.9900856383441332	0.00060577376	0	1
1332.9300492086647	39557.402	23.985075	0.9900685087208451	0.00060633593	0	1
1332.931438084507	39556.35	23.9834	0.9917362878307647	0.00060630974	0	1
1332.9328269608145	39550.945	23.980959	0.9933222967923807	0.00060633087	0	1
1332.9342158366553	39567.555	23.990929	0.9954891489875219	0.0006063283	0	1
1332.9356047129618	39535.83	23.976994	0.9964663593149513	0.0006064624	0	1
1332.936993588804	39508.9	23.969067	0.9975886389309369	0.00060667517	0	1
1332.9383824651109	39524.324	23.976328	0.9998063627833539	0.0006066221	0	1
1332.9397713409517	39481.918	23.959816	1.0005860779952893	0.00060685544	0	1
1332.9411602172586	39534.863	23.975647	1.0038086373202322	0.00060644315	0	1
1332.9425490931	39433.42	23.949408	1.003134398825895	0.0006073378	0	1
1332.9439379694072	39431.74	23.94853	1.0050180084211022	0.00060734147	0	1
1332.9453268452485	39450.71	23.95166	1.0074537058059794	0.0006071287	0	1
1332.9467157215556	39412.45	23.94421	1.0084512289036662	0.00060752913	0	1
1332.948104597397	39343.945	23.9289	1.0086935467736688	0.00060819776	0	1
1332.9494934732384	39452.273	23.9541	1.0134951061809683	0.0006071665	0	1
1332.9508823495455	39380.875	23.935486	1.0137047291639172	0.0006077947	0	1
1332.952271225386	39363.055	23.932491	1.0153116465446526	0.00060799374	0	1
1332.9536601016932	39329.58	23.920446	1.0165343710549655	0.000608205	0	1
1332.9550489775354	39290.008	23.91118	1.0176175911560101	0.0006085817	0	1
1332.9564378538425	39308.76	23.91467	1.0202317430362686	0.0006083802	0	1
1332.9578267296831	39272.22	23.907906	1.021430703917819	0.000608774	0	1
1332.9592156055246	39276.168	23.90702	1.0237015437294794	0.00060869026	0	1
1332.9606044818324	39259.75	23.903772	1.0254608547990267	0.0006088621	0	1
1332.961993357673	39178.605	23.881754	1.0255435602470033	0.0006095611	0	1
1332.9633822339792	39189.73	23.878237	1.0280565738026834	0.0006092983	0	1
1332.9647711098214	39212.07	23.892887	1.030884162376924	0.0006093248	0	1
1332.9661599856636	39242.98	23.898745	1.0339580770201895	0.0006089941	0	1
1332.96754886197	39236.145	23.893496	1.0360562866227845	0.00060896645	0	1
1332.9689377378106	39204.73	23.88533	1.037520132345801	0.00060924614	0	1
1332.9703266136528	39145.348	23.8732	1.038254767275609	0.00060986046	0	1
1332.971715489959	39130.99	23.871096	1.040194905648283	0.0006100305	0	1
1332.9731043657998	39108.79	23.856903	1.0419395621843583	0.00061001384	0	1
1332.9744932421077	39074.777	23.8551	1.0433806284122131	0.0006104987	0	1
1332.9758821179498	39110.773	23.858381	1.04670504455757	0.0006100207	0	1
1332.9772709937904	39094.19	23.856714	1.048636746004359	0.0006102368	0	1
1332.9786598700969	39078.363	23.8545	1.0505992931579637	0.0006104273	0	1
1332.9800487459388	39028.12	23.839422	1.0516445238473189	0.00061082677	0	1
1332.9814376217803	39072.992	23.849796	1.0552635987041974	0.00061039085	0	1
1332.9828264980865	39008.67	23.832005	1.055943059799223	0.0006109412	0	1
1332.984215373928	38988.23	23.828035	1.0578149204467098	0.0006111597	0	1
1332.9856042497695	38976.46	23.827238	1.0599292256347086	0.0006113238	0	1
1332.9869931260764	39010.797	23.829319	1.0633071921588229	0.00061083905	0	1
1332.988382001918	38959.875	23.822184	1.0643679823046315	0.0006114543	0	1
1332.9897708777594	38927.484	23.804106	1.0659367666157287	0.0006114987	0	1
1332.9911597540663	38935.773	23.809723	1.068624159178425	0.00061151275	0	1
1332.9925486299078	38896.848	23.80419	1.0700192006595166	0.0006119825	0	1
1332.9939375057493	38975.01	23.818708	1.0746386687324656	0.0006111277	0	1
1332.99532638159	38861.69	23.790741	1.0739875723872911	0.00061219005	0	1
1332.996715257897	38839.285	23.784588	1.0758396532857568	0.0006123848	0	1
1332.9981041337392	38887.457	23.796846	1.0796506097516472	0.00061194145	0	1
1332.9994930095804	38798.965	23.771673	1.079666135994553	0.0006126883	0	1
1333.0008818858869	38809.14	23.780355	1.0824228913215301	0.0006127514	0	1
1333.0022707617281	38815.043	23.781143	1.0850611958415974	0.00061267853	0	1
1333.0036596375703	38825.336	23.779646	1.087822123384544	0.00061247754	0	1
1333.005048513411	38823.594	23.781128	1.0902443689878774	0.0006125432	0	1
1333.0064373897176	38774.39	23.771238	1.0913276722452483	0.00061306544	0	1
1333.0078262655595	38774.188	23.766695	1.0937831708488224	0.00061295147	0	1
1333.0092151414017	38721.56	23.755386	1.0947517401394498	0.0006134925	0	1
1333.0106040172423	38727.684	23.756525	1.0973728699987617	0.00061342487	0	1
1333.0119928935487	38648.18	23.73714	1.0975564978094792	0.00061418524	0	1
1333.013381769391	38633.46	23.733337	1.0995665532790169	0.00061432074	0	1
1333.0147706452321	38516.676	23.695618	1.098655024460103	0.0006152041	0	1
1333.016159521073	38441.363	23.676876	1.0989051555243075	0.00061592186	0	1
1333.01754839738	38314.047	23.639545	1.0976458384693335	0.0006169942	0	1
1333.0189372732216	38198.332	23.608612	1.0966926765639924	0.0006180535	0	1
1333.0203261490628	38032.867	23.567242	1.0942817620196326	0.0006196546	0	1
1333.021715024904	37909.105	23.52986	1.093040001011402	0.0006206915	0	1
1333.0231039007456	37781.285	23.49089	1.091651975883688	0.00062176	0	1
1333.0244927770527	37639.484	23.45643	1.0898288455572331	0.0006231868	0	1
1333.025881652894	37490.14	23.411448	1.087754061240767	0.0006244694	0	1
1333.0272705287355	37301.37	23.361538	1.0844985331872148	0.0006262917	0	1
1333.0286594045763	37143.37	23.31574	1.0820995146932662	0.00062772277	0	1
1333.0300482804178	36891.184	23.244616	1.0769140239551536	0.00063008594	0	1
1333.0314371567254	36663.566	23.183989	1.0723985638044797	0.00063234405	0	1
1333.0328260325668	36551.13	23.154589	1.0712123316226598	0.0006334849	0	1
1333.0342149084076	36356.863	23.092976	1.0675894659753549	0.00063517515	0	1
1333.035603784249	36099.16	23.02588	1.0620564443813691	0.0006378509	0	1
1333.036992660091	35898.344	22.965998	1.0581487836432861	0.0006397509	0	1
1333.0383815363975	35621.332	22.88134	1.0519453539505035	0.00064234936	0	1
1333.039770412238	35421.23	22.829985	1.0479629295356796	0.00064452825	0	1
1333.04115928808	35196.28	22.764061	1.0431975145658685	0.0006467746	0	1
1333.0425481639222	34930.715	22.686169	1.037176446922625	0.00064946193	0	1
1333.043937039763	34699.996	22.62162	1.032137638456307	0.00065192	0	1
1333.0453259156038	34412.543	22.543253	1.0253574095472968	0.0006550883	0	1
1333.0467147914458	34208.824	22.482325	1.0210193402803067	0.0006572083	0	1
1333.048103667753	33942.434	22.399893	1.0147587557523525	0.00065993774	0	1
1333.0494925435937	33643.793	22.31632	1.0074771132908114	0.0006633117	0	1
1333.050881419435	33406.02	22.255905	1.0019625295307943	0.0006662244	0	1
1333.0522702952771	33116.117	22.166494	0.9948291223519253	0.00066935667	0	1
1333.0536591711184	32854.227	22.089943	0.988480690921832	0.0006723623	0	1
1333.0550480469592	32603.186	22.014015	0.9824039397824571	0.00067521055	0	1
1333.0564369228007	32296.068	21.922485	0.9745807149676595	0.00067879737	0	1
1333.0578257986422	32017.053	21.840055	0.9675475513618447	0.0006821382	0	1
1333.059214674949	31731.37	21.752762	0.9602560134637241	0.0006855286	0	1
1333.0606035507903	31433.361	21.664682	0.9525340208517376	0.00068922574	0	1
1333.0619924266312	31202.086	21.59432	0.9467791478912877	0.00069207937	0	1
1333.0633813024726	30893.691	21.503727	0.9386289294892503	0.0006960556	0	1
1333.0647701783146	30613.184	21.414797	0.931269015988592	0.00069952855	0	1
1333.066159054156	30290.156	21.318546	0.9225585001313626	0.00070381106	0	1
1333.0675479299969	30039.938	21.239109	0.9160098801319183	0.0007070291	0	1
1333.0689368058383	29751.38	21.151861	0.9082381935696149	0.00071095396	0	1
1333.0703256816803	29492.93	21.072973	0.9013316114510884	0.00071450934	0	1
1333.071714557521	29205.592	20.98566	0.8934887704573602	0.0007185494	0	1
1333.0731034333617	28898.885	20.893353	0.8849988725194707	0.0007229813	0	1
1333.0744923092038	28693.854	20.825533	0.8795712198635625	0.00072578376	0	1
1333.075881185046	28373.482	20.723164	0.870556661114091	0.0007303708	0	1
1333.0772700613525	28134.365	20.647907	0.8639833601787081	0.00073390343	0	1
1333.078658937193	27905.764	20.571444	0.8576842690780055	0.00073717546	0	1
1333.0800478130352	27620.176	20.486168	0.8495843484403562	0.00074171025	0	1
1333.0814366888767	27399.338	20.413076	0.8434275190716123	0.0007450208	0	1
1333.0828255647173	27192.756	20.347252	0.8376633451074976	0.00074826	0	1
1333.0842144405588	26925.842	20.265125	0.8299940606696442	0.0007526274	0	1
1333.0856033164007	26755.514	20.21262	0.8252567438366032	0.0007554562	0	1
1333.0869921922422	26569.1	20.145033	0.8199800480617465	0.0007582129	0	1
1333.088381068083	26340.566	20.079674	0.8133597361275567	0.0007623099	0	1
1333.0897699439242	26199.516	20.032093	0.8093982902067177	0.00076459785	0	1
1333.0911588197657	26066.14	19.99372	0.8056334077370614	0.000767038	0	1
1333.0925476956072	25922.156	19.941757	0.8015003854095892	0.0007692939	0	1
1333.0939365714485	25805.668	19.902317	0.7979745370664396	0.0007712382	0	1
1333.09532544729	25734.719	19.879238	0.795856331234711	0.00077246764	0	1
1333.0967143231314	25652.672	19.85547	0.7933944902163174	0.0007740118	0	1
1333.0981031989727	25568.623	19.823809	0.7908702576494965	0.0007753178	0	1
1333.099492074814	25542.771	19.812143	0.7901458318776037	0.0007756458	0	1
1333.1008809506548	25515.52	19.809679	0.7893779440742648	0.0007763776	0	1
1333.1022698264962	25553.004	19.82279	0.7906128594595809	0.00077575183	0	1
1333.1036587023382	25584.586	19.826122	0.7916653734061351	0.00077492447	0	1
1333.105047578179	25647.04	19.845184	0.7936734248306971	0.00077378075	0	1
1333.1064364540198	25675.955	19.859055	0.7946439202628202	0.0007734495	0	1
1333.107825329862	25806.06	19.899836	0.7987466063751524	0.0007711303	0	1
1333.109214205704	25895.895	19.934807	0.8016034762935169	0.0007698057	0	1
1333.110603081079	26008.736	19.975203	0.8049300562562433	0.00076801894	0	1
1333.1119919569196	26223.258	20.03257	0.8113638495520473	0.00076392374	0	1
1333.1133808327618	26325.303	20.074986	0.814277524469442	0.0007625738	0	1
1333.1147697086033	26515.828	20.136044	0.8198876404487973	0.0007593971	0	1
1333.1161585844438	26721.996	20.204931	0.8259394026582263	0.0007561161	0	1
1333.1175474602853	26924.164	20.262789	0.8318247007728832	0.00075258745	0	1
1333.1189363361275	27141.254	20.335499	0.8381273691851648	0.00074924686	0	1
1333.120325211969	27341.855	20.400093	0.8438766279829405	0.00074611226	0	1
1333.1217140878096	27565.941	20.471586	0.8503057141122848	0.0007426406	0	1
1333.123102963651	27837.941	20.557283	0.8581658395269752	0.0007384628	0	1
1333.1244918394923	28097.912	20.63983	0.8656067971784144	0.0007345681	0	1
1333.1258807153338	28294.404	20.703865	0.8710447311007193	0.00073173	0	1
1333.1272695911753	28575.617	20.788921	0.8790422455350287	0.0007275056	0	1
1333.1286584665509	28868.969	20.87951	0.8873617372706606	0.000723251	0	1
1333.1300473423923	29155.295	20.97089	0.895412998636527	0.00071928237	0	1
1333.1314362182338	29425.66	21.052792	0.9029216954248773	0.0007154569	0	1
1333.132825094075	29703.27	21.141748	0.9105999164123191	0.000711765	0	1
1333.134213969916	29994.857	21.232908	0.9186527177850758	0.00070788496	0	1
1333.1356028457571	30237.475	21.302515	0.9251522548001135	0.0007045071	0	1
1333.1369917215993	30564.277	21.40065	0.9341724856261813	0.0007001851	0	1
1333.1383805974408	30849.559	21.491903	0.941866718132922	0.0006966681	0	1
1333.1397694728157	31150.426	21.579374	0.9499802111383591	0.00069274736	0	1
1333.1411583486572	31399.438	21.650688	0.9564565505650013	0.0006895247	0	1
1333.1425472244991	31658.646	21.736954	0.9631889232457291	0.000686604	0	1
1333.14393610034	31977.557	21.826925	0.9716801935295967	0.00068257016	0	1
1333.1453249761807	32218.426	21.901184	0.9777430547513289	0.000679772	0	1
1333.146713852023	32561.5	22.001724	0.9868492789427458	0.0006756975	0	1
1333.1481027278642	32780.586	22.07086	0.9921401775671187	0.0006732906	0	1
1333.1494916032393	33108.117	22.161644	1.0006561274931653	0.0006693719	0	1
1333.1508804790806	33355.996	22.233248	1.006706210127995	0.00066654425	0	1
1333.1522693549227	33599.074	22.3104	1.0125565179502496	0.00066401827	0	1
1333.1536582307642	33886.57	22.393375	1.0196887956194058	0.0006608333	0	1
1333.1550471066048	34128.453	22.456173	1.0253919854941687	0.00065798976	0	1
1333.1564359824463	34425.27	22.54483	1.0326887342274318	0.0006548919	0	1
1333.157824857822	34637.76	22.606441	1.0374005235851267	0.00065265305	0	1
1333.1592137336634	34896.324	22.684517	1.043438707387522	0.0006500546	0	1
1333.1606026095048	35145.465	22.750542	1.049140197789362	0.0006473251	0	1
1333.1619914853463	35378.473	22.816784	1.054306650774677	0.00064493413	0	1
1333.1633803611876	35612.156	22.887133	1.059440872852121	0.00064267754	0	1
1333.1647692365634	35839.746	22.953276	1.064342066069801	0.0006404419	0	1
1333.166158112405	36091.13	23.01924	1.0698975402793696	0.0006378088	0	1
1333.1675469882455	36287.816	23.073784	1.0737813587946055	0.00063585484	0	1
1333.168935864087	36480.188	23.133062	1.0774908403568695	0.0006341267	0	1
1333.1703247394635	36661.875	23.182709	1.0808395183510342	0.00063233834	0	1
1333.1717136153047	36941.473	23.25775	1.087025177908862	0.0006295837	0	1
1333.1731024911455	37103.55	23.307014	1.0897048683805168	0.0006281613	0	1
1333.1744913669868	37246.605	23.350481	1.0917862617237468	0.00062691566	0	1
1333.1758802423633	37473.344	23.407536	1.0962780051406866	0.000624645	0	1
1333.177269118204	37600.27	23.443737	1.0978087529775866	0.00062349916	0	1
1333.1786579940447	37733.81	23.4837	1.0994977209215882	0.0006223517	0	1
1333.1800468698868	37901.89	23.529892	1.1021566966710403	0.0006208105	0	1
1333.1814357452631	38019.445	23.567045	1.1033115878433184	0.0006198682	0	1
1333.182824621104	38218.906	23.619184	1.10680747365948	0.0006179974	0	1
1333.1842134969447	38269.14	23.63211	1.105950771880239	0.00061752397	0	1
1333.185602372787	38431.89	23.678776	1.1083176911949069	0.0006161231	0	1
1333.1869912481625	38512.77	23.69572	1.1082945806773468	0.0006152692	0	1
1333.1883801240033	38628.152	23.729303	1.1092391572195692	0.0006143008	0	1
1333.1897689998445	38647.637	23.735106	1.1074093705549317	0.0006141412	0	1
1333.1911578752204	38700.887	23.750023	1.1065313003633384	0.0006136816	0	1
1333.1925467510619	38777.523	23.769354	1.10630347143034	0.0006129673	0	1
1333.193935626903	38759.09	23.769928	1.103350309615801	0.00061327365	0	1
1333.1953245027446	38792.81	23.772608	1.1018723589162547	0.0006128097	0	1
1333.1967133781204	38858.816	23.792526	1.1012977700821547	0.00061228126	0	1
1333.1981022539617	38816.53	23.786142	1.097645989609816	0.0006127838	0	1
1333.1994911298032	38848.637	23.79081	1.0960928168054764	0.00061239756	0	1
1333.200880005178	38798.387	23.777296	1.0922124692067106	0.0006128424	0	1
1333.2022688810196	38830.387	23.782944	1.090644893422466	0.0006124828	0	1
1333.2036577568617	38884.656	23.798002	1.0896944207026613	0.00061201525	0	1
1333.2050466322376	38847.535	23.787561	1.0861797359137966	0.0006123313	0	1
1333.2064355080781	38899.58	23.802479	1.085155999906364	0.0006118956	0	1
1333.2078243839196	38941.13	23.815641	1.083833343186425	0.0006115807	0	1
1333.2092132592961	38923.875	23.813156	1.080873047966128	0.0006117879	0	1
1333.2106021351367	38860.684	23.791025	1.076639143847443	0.0006122132	0	1
1333.2119910109775	38982.887	23.828386	1.0775492498845698	0.0006112525	0	1
1333.2133798863538	38962.625	23.826216	1.0745134819606033	0.00061151467	0	1
1333.214768762196	38984.387	23.828081	1.0726404679083827	0.0006112211	0	1
1333.216157637571	39009.52	23.83432	1.070861963713573	0.00061098725	0	1
1333.2175465134117	38990.438	23.829845	1.067874836974202	0.00061117153	0	1
1333.2189353892538	39026.93	23.838444	1.066414982234221	0.00061082037	0	1
1333.2203242646297	39041.53	23.84153	1.064360810335639	0.00061067095	0	1
1333.2217131404702	39051.355	23.844257	1.0621826805864336	0.0006105872	0	1
1333.2231020163117	39047.54	23.84444	1.059641711541721	0.00061065156	0	1
1333.2244908916882	39051.89	23.849375	1.0573316497437608	0.0006107099	0	1
1333.2258797675295	39095.566	23.861494	1.0560933136702737	0.0006103376	0	1
1333.2272686429046	39082.758	23.85673	1.053337952472549	0.0006104157	0	1
1333.2286575187459	39094.37	23.858122	1.0512522648625575	0.00061027	0	1
1333.2300463945874	39158.543	23.87657	1.050587323216224	0.000609741	0	1
1333.2314352699632	39186.137	23.875303	1.0489481832151806	0.0006092793	0	1
1333.2328241458044	39154.562	23.876892	1.0457388537541725	0.0006098112	0	1
1333.2342130211796	39140.363	23.868452	1.0430103688018482	0.0006098168	0	1
1333.235601897021	39208.453	23.888716	1.0424861598453774	0.0006092746	0	1
1333.2369907723973	39236.59	23.893784	1.0409092242493756	0.00060896686	0	1
1333.2383796482388	39272.81	23.906265	1.0395587931717956	0.0006087231	0	1
1333.2397685240794	39215.805	23.891502	1.0357584352486722	0.0006092315	0	1
1333.241157399449	39274.715	23.910088	1.0350365297980793	0.00060879084	0	1
1333.2425462723281	39307.61	23.909584	1.0336413373107383	0.0006082686	0	1
1333.243935141791	39244.023	23.897854	1.0297290062049775	0.0006089552	0	1
1333.2453240117197	39311.684	23.913864	1.029278951750294	0.0006083144	0	1
1333.2467128811825	39345.227	23.922884	1.0279491604901139	0.00060802506	0	1
1333.2481017511118	39334.574	23.920515	1.025483189792247	0.0006081295	0	1
1333.2494906205748	39368.535	23.932468	1.0241993124489732	0.0006079085	0	1
1333.2508794905032	39395.58	23.9389	1.0227528834984398	0.0006076545	0	1
1333.2522683599668	39367.883	23.930204	1.0199066701606831	0.0006078611	0	1
1333.2536572298945	39412.184	23.940235	1.018946499516896	0.00060743233	0	1
1333.2550460998232	39432.21	23.948824	1.0173775277820871	0.00060734164	0	1
1333.2564349692866	39472.816	23.95689	1.0163589354725	0.0006069212	0	1
1333.2578238392152	39446.0	23.95258	1.0136266913504097	0.00060722453	0	1
1333.2592127086782	39449.125	23.954906	1.0116885556637747	0.0006072354	0	1
1333.2606015786066	39447.41	23.953995	1.0096501227512984	0.00060723873	0	1
1333.2619904480696	39504.0	23.969519	1.009125540543731	0.00060676184	0	1
1333.263379317998	39484.984	23.961603	1.006692445837474	0.0006068536	0	1
1333.264768187461	39541.38	23.97861	1.0062052423336725	0.0006064181	0	1
1333.2661570569244	39528.54	23.970219	1.0039795833772658	0.0006064029	0	1
1333.2675459268537	39536.145	23.981861	1.0022992863908464	0.0006065807	0	1
1333.268934796316	39545.816	23.976664	1.0006967317774154	0.0006063009	0	1
1333.2703236662444	39584.88	23.9877	0.9998621560556488	0.0006059814	0	1
1333.271712535708	39585.465	23.986649	0.9980807469611166	0.0006059459	0	1
1333.2731014056358	39602.64	23.995369	0.9967440027965656	0.0006059033	0	1
1333.2744902750987	39622.348	23.998869	0.995496825244917	0.00060569023	0	1
1333.275879145028	39609.2	23.995836	0.9934516709852776	0.00060581474	0	1
1333.2772680144908	39629.707	24.006897	0.992278438713651	0.00060578034	0	1
1333.2786568844194	39617.434	23.995283	0.990312420246638	0.00060567487	0	1
1333.2800457538824	39639.074	24.003237	0.9892224087345944	0.00060554483	0	1
1333.2814346238115	39730.09	24.0286	0.9899001072772178	0.00060479605	0	1
1333.2828234932745	39727.316	24.025768	0.9882425679693772	0.00060476694	0	1
1333.2842123627365	39654.21	24.004473	0.9848799706643948	0.00060534483	0	1
1333.2856012326658	39724.047	24.025839	0.9850974092127844	0.0006048185	0	1
1333.2869901021286	39684.098	24.013529	0.9826211136435375	0.0006051172	0	1
1333.2883789720565	39732.14	24.025654	0.9823534709038791	0.00060469063	0	1
1333.2897678415202	39759.203	24.035185	0.9815947552642476	0.0006045188	0	1
1333.2911567109836	39766.145	24.034267	0.9803686833862972	0.00060439017	0	1
1333.2925455809122	39794.94	24.044518	0.9797110134807725	0.0006042104	0	1
1333.2939344503752	39825.406	24.051376	0.9791234369854469	0.00060392043	0	1
1333.2953233203036	39804.426	24.045208	0.9773019750892799	0.00060408376	0	1
1333.2967121897666	39715.047	24.02815	0.9738502635436538	0.0006050138	0	1
1333.2981010592293	39861.195	24.060583	0.9761753563302654	0.0006036092	0	1
1333.299489929158	39861.7	24.052853	0.9749750761304191	0.0006034076	0	1
1333.3008787986214	39810.516	24.051205	0.9725440433566596	0.000604142	0	1
1333.30226766855	39807.383	24.046654	0.9713205473970298	0.0006040752	0	1
1333.303656538013	39857.703	24.065584	0.97143224670535	0.00060378754	0	1
1333.3050454074764	39928.83	24.083157	0.9720800805341002	0.0006031521	0	1
1333.3064342774044	39857.27	24.063148	0.9692868014618617	0.000603733	0	1
1333.3078231468671	39855.57	24.06202	0.9682270462218545	0.0006037304	0	1
1333.3092120163308	39882.688	24.061487	0.9678995248256755	0.0006033066	0	1
1333.3106008862594	39925.434	24.080753	0.9679825609799394	0.0006031432	0	1
1333.3119897557222	39889.42	24.0692	0.9661890527442661	0.0006033981	0	1
1333.3133786251851	39921.008	24.079496	0.9660661950135638	0.0006031786	0	1
1333.3147674951142	39912.363	24.076214	0.9650025912556532	0.00060322694	0	1
1333.3161563645772	39923.875	24.077568	0.9644596968029238	0.00060308696	0	1
1333.3175452340395	39949.87	24.082079	0.9642994883321973	0.00060280744	0	1
1333.3189341039688	39964.01	24.088636	0.963885980624325	0.0006027582	0	1
1333.3203229734322	39938.082	24.079918	0.9625399702250645	0.00060293125	0	1
1333.3217118428943	39980.49	24.093422	0.9628744583725936	0.0006026295	0	1
1333.323100712823	39974.617	24.088696	0.962079545326869	0.00060259976	0	1
1333.3244895822866	40020.45	24.100977	0.9625623668525884	0.0006022166	0	1
1333.3258784517488	39926.9	24.078852	0.9597275528188967	0.00060307345	0	1
1333.3272673216773	39933.363	24.08273	0.9593322019435407	0.0006030729	0	1
1333.328656191141	40002.305	24.093153	0.9604709294272378	0.0006022941	0	1
1333.3300450606037	39941.12	24.083437	0.9585194354039414	0.0006029735	0	1
1333.3314339300666	40008.758	24.098383	0.9596936781922788	0.0006023277	0	1
1333.332822799995	40023.41	24.101946	0.9596304662710703	0.0006021962	0	1
1333.3342116694587	39965.293	24.088095	0.9578573377221236	0.0006027253	0	1
1333.3356005389214	40014.87	24.10022	0.9586999442809377	0.0006022816	0	1
1333.3369894088494	39981.434	24.092018	0.9575879819451718	0.00060258014	0	1
1333.338378278313	40000.598	24.097296	0.9577705432197452	0.0006024234	0	1
1333.339767147776	40014.34	24.100578	0.9578576642504464	0.00060229853	0	1
1333.3411560172387	40046.895	24.109962	0.9584295030447413	0.00060204323	0	1
1333.342544887168	40021.227	24.099678	0.9576425533554042	0.0006021724	0	1
1333.3439337566308	40033.53	24.107656	0.9577989905896603	0.0006021866	0	1
1333.3453226260938	40033.156	24.101141	0.957686751537649	0.0006020295	0	1
1333.3467114955565	40024.61	24.103533	0.9574137796698641	0.0006022178	0	1
1333.3481003654852	40057.38	24.107649	0.9581638568951334	0.0006018279	0	1
1333.3494892349481	39978.363	24.090748	0.9562748137140992	0.00060259463	0	1
1333.3508781044109	40013.46	24.095188	0.9571500915758225	0.00060217705	0	1
1333.3522669738745	40039.035	24.103037	0.957832395774617	0.00060198846	0	1
1333.353655843338	39991.26	24.090366	0.9567947416905728	0.00060239073	0	1
1333.355044713266	40045.52	24.103857	0.9582329929154285	0.00060191145	0	1
1333.3564335827289	40052.984	24.107504	0.9585865501711024	0.0006018903	0	1
1333.3578224521925	39994.29	24.089752	0.9573911935791865	0.0006023298	0	1
1333.3592113216546	39999.5	24.097412	0.957760066182451	0.00060244283	0	1
1333.3606001915832	40001.438	24.09025	0.9580852951725499	0.0006022346	0	1
1333.3619890610466	40031.785	24.099878	0.9591259064809006	0.00060201855	0	1
1333.3633779305096	39955.562	24.079428	0.9576474357597778	0.00060265523	0	1
1333.3647667999726	40017.24	24.094028	0.9595085947203226	0.00060209126	0	1
1333.3661556694353	40001.7	24.095917	0.9595533724044648	0.00060237234	0	1
1333.367544538899	39984.348	24.090748	0.9595888654466216	0.0006025045	0	1
1333.3689334088274	39965.574	24.084614	0.9596243077458685	0.000602634	0	1
1333.3703222782897	39948.387	24.08044	0.9597318160491012	0.0006027888	0	1
1333.371711147753	40004.168	24.092564	0.9616272738647402	0.0006022513	0	1
1333.3731000172168	39946.48	24.076843	0.9608294470837373	0.0006027275	0	1
1333.374488886679	39958.29	24.080633	0.9617368070175855	0.0006026442	0	1
1333.3758777561418	39957.906	24.080784	0.962385136116549	0.0006026538	0	1
1333.377266626071	39912.74	24.065296	0.9619881850147041	0.0006029478	0	1
1333.378655495534	39965.94	24.079622	0.963996437693956	0.00060250354	0	1
1333.3800443649968	39866.215	24.051933	0.9623490531057978	0.0006033162	0	1
1333.3814332344596	39955.293	24.080185	0.9652930504596255	0.0006026782	0	1
1333.3828221039225	39906.31	24.06491	0.9649361656715163	0.00060303527	0	1
1333.3842109733855	39933.832	24.073112	0.9664625556360541	0.000602825	0	1
1333.3855998428485	39923.668	24.072222	0.9671108812926545	0.00060295616	0	1
1333.386988712312	39885.723	24.061192	0.9671186893851557	0.00060325325	0	1
1333.3883775822405	39917.938	24.070843	0.9688610158357598	0.0006030082	0	1
1333.3897664517033	39908.863	24.062794	0.9696351085485387	0.0006029436	0	1
1333.391155321167	39884.69	24.0573	0.9700747768040845	0.0006031713	0	1
1333.392544190629	39841.12	24.049805	0.9700739619172003	0.0006036428	0	1
1333.393933060092	39890.562	24.055754	0.9723709954214701	0.0006030437	0	1
1333.3953219295554	39887.594	24.058302	0.9734246175046937	0.0006031525	0	1
1333.3967107990184	39796.066	24.035288	0.9723470280779877	0.0006039614	0	1
1333.3980996684813	39859.176	24.050594	0.975079462395904	0.00060338917	0	1
1333.3994885379443	39822.87	24.037348	0.9754131205197787	0.0006036066	0	1
1333.400877407407	39795.633	24.029146	0.9759991299272078	0.0006038136	0	1
1333.4022662773355	39774.05	24.032173	0.9767543818614579	0.0006042174	0	1
1333.405044016262	39770.594	24.031124	0.9793338936272237	0.00060424354	0	1
1333.4064328857257	39758.082	24.020302	0.9804049857579523	0.00060416147	0	1
1333.4078217551878	39754.0	24.025265	0.9817147324227987	0.0006043484	0	1
1333.4092106246508	39677.28	24.003378	0.9812589800976161	0.0006049653	0	1
1333.4105994941142	39713.066	24.011095	0.9836150241948303	0.0006046145	0	1
1333.4119883635765	39684.543	24.002518	0.9844092615982186	0.0006048329	0	1
1333.4133772330392	39695.84	24.000803	0.986221146828141	0.0006046176	0	1
1333.4147661025029	39641.535	23.984587	0.9864318020576808	0.0006050368	0	1
1333.4175438414293	39610.613	23.97874	0.9888693818691437	0.00060536154	0	1
1333.4189327108916	39612.293	23.982899	0.9905593374498892	0.0006054408	0	1
1333.420321580355	39673.668	23.998322	0.9937740209304805	0.00060489296	0	1
1333.421710449818	39579.11	23.974352	0.9931103798005448	0.0006057325	0	1
1333.42309931928	39533.047	23.956427	0.9936862506809173	0.0006059848	0	1
1333.4244881887437	39597.285	23.979464	0.9970638804326502	0.00060558354	0	1
1333.4258770582067	39575.676	23.973526	0.9983099438916068	0.00060576416	0	1
1333.4272659276694	39641.895	23.991829	1.0018119214796288	0.000605214	0	1
1333.428654797133	39531.613	23.958632	1.0008581387088527	0.0006060626	0	1
1333.4300436665958	39472.652	23.93985	1.0012334562401362	0.00060649205	0	1
1333.4314325360588	39534.418	23.963898	1.004698096999122	0.0006061528	0	1
1333.4328214055217	39489.164	23.946964	1.0054703859867793	0.00060641865	0	1
1333.4342102749847	39475.035	23.942005	1.007058505835786	0.00060651003	0	1
1333.4355991444475	39461.574	23.93767	1.0086881635406764	0.00060660706	0	1
1333.4369880139102	39454.098	23.936268	1.0104952341965947	0.00060668646	0	1
1333.4383768833732	39442.965	23.937939	1.0122328304165633	0.0006069001	0	1
1333.4397657528368	39349.832	23.912865	1.011893331960177	0.0006076993	0	1
1333.4411546222996	39423.668	23.925478	1.0158548423913916	0.00060688105	0	1
1333.4425434917625	39393.027	23.920443	1.0171583694711046	0.0006072253	0	1
1333.443932361226	39404.85	23.924053	1.0195808584112054	0.0006071347	0	1
1333.4453212306883	39354.418	23.911308	1.0204134112527063	0.0006075889	0	1
1333.4467101001512	39308.71	23.897469	1.0213858581875919	0.00060794334	0	1
1333.4480989696149	39394.25	23.92038	1.0257929090512075	0.00060720486	0	1
1333.4494878390776	39356.734	23.907394	1.027020055629955	0.0006074537	0	1
1333.4508767080747	39286.594	23.895353	1.0274109763297645	0.00060823176	0	1
1333.4522655775377	39251.188	23.881454	1.0287249441132444	0.0006084263	0	1
1333.4536544470013	39307.777	23.898981	1.0324714040149565	0.00060799625	0	1
1333.455043316464	39234.08	23.879574	1.0328142909683315	0.0006086437	0	1
1333.4564321859264	39239.93	23.874235	1.035266471241789	0.00060841686	0	1
1333.45782105539	39222.4	23.872536	1.0371196176220518	0.0006086455	0	1
1333.4592099248534	39173.312	23.86325	1.0381524452396007	0.0006091711	0	1
1333.4605987943157	39201.734	23.868458	1.0412555507606258	0.0006088623	0	1
1333.4619876637785	39211.242	23.873182	1.0438754028738648	0.00060883514	0	1
1333.4633765332421	39128.258	23.848234	1.0440447387551006	0.0006094888	0	1
1333.4647654027049	39129.65	23.849289	1.0464760898854188	0.0006094941	0	1
1333.4661542717022	39143.64	23.855648	1.0492604114404096	0.0006094387	0	1
1333.4675431411652	39104.824	23.84268	1.0506420208693954	0.000609712	0	1
1333.4689320106286	39114.195	23.847992	1.0533302046032214	0.00060970173	0	1
1333.4703208800915	39071.574	23.830687	1.0546292436528892	0.0006099239	0	1
1333.4717097495536	39049.914	23.827589	1.0565024172331152	0.0006101829	0	1
1333.4730986190173	39047.758	23.823444	1.0589134651162306	0.0006101104	0	1
1333.4744874884802	39021.715	23.825415	1.060685944994368	0.0006105681	0	1
1333.4758763574769	38981.945	23.807798	1.0620913915104904	0.0006107391	0	1
1333.4772652269403	38998.293	23.810246	1.0650338396448837	0.00061054586	0	1
1333.4786540964033	38960.145	23.806105	1.0664954101030497	0.00061103737	0	1
1333.480042965866	38954.82	23.803978	1.0688607574243045	0.0006110663	0	1
1333.4814318353297	38926.285	23.791143	1.0705943178718393	0.0006111845	0	1
1333.4828207047926	38934.504	23.795527	1.0733439028620504	0.0006111681	0	1
1333.4842095742554	38933.43	23.796177	1.0758434610798817	0.0006112017	0	1
1333.4855984432527	38899.152	23.787216	1.0774281113299762	0.0006115099	0	1
1333.4869873127154	38847.395	23.772684	1.0785270529936772	0.0006119505	0	1
1333.4883761821784	38884.07	23.781511	1.0820834456534552	0.00061160035	0	1
1333.4897650516414	38884.99	23.782423	1.0846496005183577	0.0006116094	0	1
1333.4911539211048	38845.25	23.764074	1.0860806966780538	0.0006117627	0	1
1333.4925427901028	38794.594	23.759335	1.0872012903126718	0.0006124393	0	1
1333.493931659565	38768.688	23.754335	1.0890102717952854	0.0006127196	0	1
1333.4953205290278	38780.156	23.753069	1.0918670655742695	0.00061250577	0	1
1333.4967093984915	38780.1	23.749437	1.0943981512637475	0.000612413	0	1
1333.4980982679535	38746.28	23.742266	1.0959712180955787	0.0006127624	0	1
1333.4994871369508	38803.918	23.756699	1.1001289264918541	0.0006122242	0	1
1333.5008760064143	38745.28	23.74506	1.1009853252374082	0.00061285036	0	1
1333.502264875878	38724.047	23.742096	1.1028936333297146	0.0006131099	0	1
1333.5036537453407	38764.895	23.744766	1.1065646772075128	0.0006125327	0	1
1333.5050426143373	38600.844	23.704082	1.1043711958427518	0.000614082	0	1
1333.506431483801	38596.23	23.700996	1.1067197600854148	0.0006140754	0	1
1333.507820353264	38475.535	23.67163	1.1057221613000634	0.0006152385	0	1
1333.509209222726	38375.76	23.636322	1.105301210605677	0.00061591796	0	1
1333.5105980917238	38330.72	23.625822	1.1064359044551932	0.00061636785	0	1
1333.5119869611874	38168.22	23.583628	1.1041545562955677	0.00061788654	0	1
1333.5133758306497	37996.566	23.540304	1.1015739951421253	0.00061953766	0	1
1333.5147647001127	37891.445	23.512505	1.1008905790341827	0.00062052277	0	1
1333.5161535691104	37761.17	23.473158	1.0994464371460786	0.00062162156	0	1
1333.5175424385734	37577.5	23.421188	1.0964119048356966	0.0006232769	0	1
1333.5189313080361	37441.168	23.383732	1.0947217910652307	0.000624546	0	1
1333.5203201774991	37299.285	23.343029	1.092834312884467	0.0006258305	0	1
1333.521709046497	37046.63	23.274315	1.087658416894905	0.0006282438	0	1
1333.5230979159599	36839.43	23.213469	1.0837696327767503	0.00063012564	0	1
1333.5244867854221	36667.867	23.17308	1.0808859466581315	0.0006319724	0	1
1333.52587565442	36485.55	23.114908	1.0776427688717458	0.00063353596	0	1
1333.5272645238829	36238.715	23.044327	1.072446422698528	0.00063590356	0	1
1333.5286533933458	36042.258	22.996412	1.0686920731606226	0.0006380403	0	1
1333.5300422623436	35817.652	22.929922	1.0640549131655226	0.00064018497	0	1
1333.5314311318057	35544.074	22.848787	1.0579098736359294	0.00064282975	0	1
1333.5328200012686	35433.19	22.816784	1.0565599831317247	0.00064393814	0	1
1333.5342088707323	35081.734	22.71969	1.0479846672814643	0.00064762164	0	1
1333.5355977397294	34840.566	22.647041	1.0426446135275689	0.0006500193	0	1
1333.5369866091924	34587.266	22.577257	1.0368871036624747	0.00065276213	0	1
1333.5383754786553	34334.805	22.503302	1.0310995073411282	0.0006554079	0	1
1333.539764347653	33998.695	22.40543	1.0227401403547258	0.0006590085	0	1
1333.541153217116	33744.332	22.32914	1.0167798464966362	0.0006617153	0	1
1333.5425420865781	33585.934	22.284163	1.013659868434841	0.0006634969	0	1
1333.5439309555761	33247.773	22.189932	1.0050589171898623	0.0006674111	0	1
1333.5453198250398	32972.137	22.105606	0.9982866754715367	0.0006704329	0	1
1333.5467086940362	32648.69	22.016558	0.9900063412738511	0.0006743474	0	1
1333.5480975634991	32382.684	21.936022	0.983407762466547	0.00067739974	0	1
1333.5494864329626	32128.768	21.854727	0.9771195189858884	0.000680223	0	1
1333.5508753019592	31794.857	21.758406	0.968338753386739	0.0006843373	0	1
1333.552264171422	31457.943	21.659393	0.9594034673742262	0.00068851904	0	1
1333.5536530408856	31227.23	21.589207	0.9536486760568493	0.00069135835	0	1
1333.5550419098836	30942.39	21.49924	0.9461848589355745	0.0006948151	0	1
1333.5564307793466	30648.428	21.414005	0.9383837418267715	0.00069869834	0	1
1333.557819648343	30349.18	21.323257	0.9303622761470557	0.0007025975	0	1
1333.5592085178066	30025.514	21.224695	0.921533069919561	0.0007068887	0	1
1333.5605973872694	29721.3	21.135254	0.9132420282808363	0.0007111147	0	1
1333.561986256266	29447.723	21.046309	0.9058356824798283	0.0007147007	0	1
1333.5633751257296	29179.299	20.964127	0.8985329692413279	0.0007184589	0	1
1333.5647639947274	28848.186	20.862017	0.8892435823920402	0.00072316563	0	1
1333.5661528641904	28565.324	20.778183	0.8813854663711147	0.0007273918	0	1
1333.5675417336531	28263.307	20.683186	0.8728817556628661	0.0007318035	0	1
1333.5689306026504	28015.6	20.598745	0.8660024733717132	0.00073525985	0	1
1333.5703194721132	27770.39	20.521492	0.8591496853359747	0.00073897024	0	1
1333.5717083411105	27498.377	20.435432	0.851416866534446	0.0007431505	0	1
1333.5730972105735	27230.217	20.348503	0.8437527015253513	0.0007472766	0	1
1333.5744860795712	26974.164	20.267248	0.8364141259670947	0.00075135776	0	1
1333.5758749490342	26701.754	20.17733	0.8285194289468373	0.0007556556	0	1
1333.5772638180315	26474.828	20.10305	0.8219884705458489	0.00075932697	0	1
1333.578652687495	26279.23	20.043419	0.8163847621803731	0.00076270953	0	1
1333.580041556957	26066.574	19.974056	0.8102065696471487	0.00076627085	0	1
1333.5814304259543	25859.746	19.909252	0.8041654223026417	0.0007698936	0	1
1333.582819295418	25701.645	19.853357	0.7995968456627133	0.0007724547	0	1
1333.584208164415	25562.357	19.80651	0.7955723473440165	0.00077483116	0	1
1333.585597033878	25356.773	19.745537	0.7894432246665091	0.00077870855	0	1
1333.5869859028753	25329.996	19.73607	0.7888412607810282	0.0007791581	0	1
1333.5883747723383	25156.502	19.676981	0.783425543987474	0.00078218273	0	1
1333.5897636413354	25100.934	19.659918	0.7816823958384507	0.00078323454	0	1
1333.591152510798	25042.316	19.639814	0.7798443602831275	0.0007842651	0	1
1333.592541379796	25002.717	19.63074	0.778598602178222	0.0007851442	0	1
1333.5939302492588	24991.809	19.625727	0.7782463363542369	0.00078528636	0	1
1333.5953191182555	24962.205	19.61651	0.7773119182388791	0.0007858485	0	1
1333.5967079877191	25015.123	19.63096	0.7789471709626339	0.0007847637	0	1
1333.598096856717	25102.049	19.656775	0.7816413246995343	0.00078307453	0	1
1333.5994857261792	25142.906	19.666933	0.7829009127657293	0.000782206	0	1
1333.6008745951765	25253.209	19.707455	0.7863228163517012	0.00078039407	0	1
1333.6022634646401	25360.8	19.74773	0.789660198772165	0.0007786714	0	1
1333.6036523336372	25492.41	19.789413	0.7937452974708373	0.00077628647	0	1
1333.6050412031	25675.123	19.844164	0.7991737988596014	0.0007728946	0	1
1333.6064300720973	25819.623	19.894112	0.8033716684791872	0.00077050354	0	1
1333.6078189410953	26009.559	19.95852	0.8089413877976119	0.0007673533	0	1
1333.609207810558	26216.072	20.02339	0.8149834493333622	0.000763783	0	1
1333.6105966795546	26429.025	20.09827	0.8211814367110808	0.000760462	0	1
1333.6119855490183	26652.45	20.16433	0.8276595548471452	0.0007565657	0	1
1333.6133744180154	26899.19	20.249195	0.8348152367647388	0.0007527809	0	1
1333.6147632874784	27095.773	20.309834	0.8403676773712698	0.0007495573	0	1
1333.6161521564763	27336.225	20.393131	0.8472334874574438	0.00074601127	0	1
1333.617541025939	27602.184	20.475372	0.8548405657783357	0.0007418026	0	1
1333.6189298949362	27936.496	20.575352	0.8645123031804762	0.0007365044	0	1
1333.6203187639335	28215.488	20.671232	0.8724187395543194	0.00073262	0	1
1333.6217076333965	28465.889	20.741547	0.879389153392716	0.00072864565	0	1
1333.6230965023938	28804.633	20.848963	0.8890344406351083	0.00072380586	0	1
1333.6244853718565	29058.467	20.931139	0.8960039846511948	0.0007203112	0	1
1333.6258742408536	29326.254	21.013536	0.9033501956757509	0.00071654347	0	1
1333.6272631098516	29599.33	21.091805	0.9108046518479378	0.0007125771	0	1
1333.6286519793146	29891.924	21.188131	0.9188036884720824	0.0007088246	0	1
1333.6300408483116	30235.117	21.287548	0.9282991058826305	0.000704067	0	1
1333.6314297177753	30565.299	21.392546	0.9373341902274229	0.0006998965	0	1
1333.632818586772	30835.846	21.473837	0.9444817275538123	0.00069639203	0	1
1333.634207455769	31060.256	21.54447	0.9501609689482665	0.0006936347	0	1
1333.6355963252327	31455.4	21.655857	0.9610027935010736	0.0006884623	0	1
1333.63698519423	31729.617	21.745499	0.9680874675222846	0.0006853376	0	1
1333.638374063227	32005.902	21.830296	0.9751770729190378	0.0006820709	0	1
1333.6397629326898	32260.121	21.90469	0.9815368396510109	0.0006790021	0	1
1333.6411518016878	32583.938	21.999643	0.9899544377061192	0.00067516835	0	1
1333.6425406711508	32848.016	22.075342	0.9964967979789333	0.00067204493	0	1
1333.6439295401474	33141.195	22.166346	1.003862964801897	0.00066884566	0	1
1333.6453184091451	33406.832	22.243484	1.010335704402453	0.0006658364	0	1
1333.6467072786081	33654.48	22.314047	1.0162074490911117	0.00066303345	0	1
1333.6480961476045	33982.97	22.416641	1.024460218272967	0.0006596434	0	1
1333.6494850166025	34220.848	22.471197	1.0299220632684842	0.00065665226	0	1
1333.6508738860662	34520.527	22.568295	1.0371860178305055	0.00065376447	0	1
1333.6522627550632	34733.14	22.627245	1.0417776612681309	0.0006514598	0	1
1333.6536516240603	35026.586	22.707382	1.0487379341541527	0.0006482899	0	1
1333.6550404935233	35199.16	22.757042	1.052025807842309	0.0006465223	0	1
1333.6564293625206	35484.426	22.840387	1.0586291665299683	0.0006436736	0	1
1333.657818231518	35759.188	22.91868	1.0648613731149792	0.0006409173	0	1
1333.659207100515	35955.85	22.9738	1.068715400978751	0.0006389447	0	1
1333.6605959699787	36138.945	23.028662	1.0721191342499157	0.00063722563	0	1
1333.6619848389757	36409.2	23.107103	1.0780580345023625	0.0006346501	0	1
1333.6633737079724	36566.44	23.15185	1.0806021803341048	0.00063314475	0	1
1333.6647625774358	36813.293	23.221035	1.0857478065263648	0.00063077855	0	1
1333.666151446433	36986.562	23.26589	1.0886763195944271	0.0006290363	0	1
1333.6675403154304	37237.74	23.334652	1.093851368586151	0.00062663987	0	1
1333.6689291844282	37359.152	23.367022	1.095171890396391	0.0006254698	0	1
1333.6703180538912	37521.37	23.41464	1.0976518535366087	0.0006240348	0	1
1333.6717069228885	37680.957	23.459608	1.100016531613572	0.00062258524	0	1
1333.6730957918855	37842.24	23.502987	1.102393270589444	0.0006210781	0	1
1333.6744846613483	37980.04	23.543306	1.1040507072011356	0.0006198863	0	1
1333.6758735303456	38084.016	23.57645	1.1046940098733324	0.0006190642	0	1
1333.677262399343	38268.906	23.622444	1.1076513750009658	0.00061727513	0	1
1333.6786512683407	38382.93	23.65157	1.108524801444639	0.0006162002	0	1
1333.6800401378043	38451.02	23.677027	1.1080471309833302	0.0006157711	0	1
1333.681429006801	38571.06	23.707434	1.109042508254227	0.00061464304	0	1
1333.682817875798	38592.273	23.713434	1.1071763215550137	0.0006144607	0	1
1333.684206744796	38703.703	23.740099	1.107879743371883	0.0006133806	0	1
1333.6855956137924	38756.805	23.758518	1.1068938600671612	0.0006130154	0	1
1333.6869844832554	38766.363	23.759335	1.1046522339645888	0.0006128853	0	1
1333.6883733522534	38753.22	23.753332	1.1017567846233773	0.0006129383	0	1
1333.6897622212514	38811.625	23.766611	1.1008864104989755	0.00061235804	0	1
1333.6911510902485	38747.5	23.757246	1.0965356164021218	0.00061312976	0	1
1333.692539959245	38795.348	23.766735	1.0953503852463164	0.00061261817	0	1
1333.6939288287085	38761.45	23.75372	1.0918528791863413	0.00061281817	0	1
1333.6953176977058	38828.668	23.773565	1.0911990934758935	0.0006122684	0	1
1333.6967065667022	38815.418	23.774372	1.088278854034559	0.00061249814	0	1
1333.6980954357002	38851.848	23.778904	1.0867493700492445	0.0006120405	0	1
1333.6994843046982	38904.0	23.791754	1.0856541414698138	0.00061155035	0	1
1333.7008731741603	38870.324	23.784845	1.0821637416984298	0.0006119024	0	1
1333.7022620431576	38873.01	23.786142	1.079689768540001	0.0006118935	0	1
1333.7036509121554	38924.543	23.799976	1.0785717472550709	0.0006114388	0	1
1333.7050397811527	38899.094	23.795565	1.075322663369213	0.00061172544	0	1
1333.70642865015	38995.44	23.821913	1.0754404424309616	0.0006108897	0	1
1333.707817519147	39011.348	23.819658	1.0733378077926223	0.0006105828	0	1
1333.70920638861	38940.98	23.80505	1.0688712070912647	0.000611311	0	1
1333.710595257607	38963.824	23.813654	1.0669731568841496	0.00061117345	0	1
1333.7119841266044	39028.082	23.830538	1.0662112813578268	0.00061059976	0	1
1333.7133729956022	39002.273	23.823671	1.0629948972870373	0.00061082776	0	1
1333.7147618645995	39055.074	23.83757	1.0619285174738853	0.00061035785	0	1
1333.7161507335968	38997.797	23.817257	1.0578793305650602	0.0006107334	0	1
1333.7175396025946	39087.293	23.84366	1.057820290588637	0.0006100105	0	1
1333.7189284720569	39035.54	23.838285	1.0539476251848026	0.0006106816	0	1
1333.720317341054	39089.598	23.846115	1.0529438591647573	0.00061003736	0	1
1333.721706210052	39128.62	23.855585	1.05154206346776	0.000609671	0	1
1333.7230950790492	39151.43	23.86196	1.0497141431453778	0.0006094786	0	1
1333.7244839480463	39119.61	23.856678	1.0464362460495387	0.0006098394	0	1
1333.7258728170436	39111.418	23.84802	1.0438076834157506	0.00060974574	0	1
1333.7272616860414	39178.37	23.86682	1.0431964041509165	0.00060918357	0	1
1333.7286505550387	39204.03	23.874352	1.0414960207427786	0.00060897693	0	1
1333.7300394240353	39194.52	23.868902	1.038876940648368	0.0006089857	0	1
1333.7314282930333	39291.066	23.899782	1.039081051776039	0.00060827524	0	1
1333.7328171624968	39243.53	23.88604	1.0354897150016802	0.00060866185	0	1
1333.7342060314932	39265.24	23.888214	1.0337453734831177	0.0006083807	0	1
1333.7355949004905	39228.69	23.882437	1.0304871897146173	0.0006088002	0	1
1333.7369837694885	39260.51	23.895485	1.0290446972758893	0.00060863915	0	1
1333.738372638485	39323.188	23.908085	1.028425514309539	0.0006079895	0	1
1333.7397615074822	39366.58	23.921848	1.0273164453375012	0.000607669	0	1
1333.7411503764802	39389.25	23.925728	1.0256840236789913	0.0006074177	0	1
1333.742539245478	39318.996	23.905428	1.0216560691573027	0.00060798676	0	1
1333.7439281144752	39390.48	23.926334	1.0213329932819066	0.0006074141	0	1
1333.7453169834716	39396.023	23.92453	1.0193184120060843	0.00060728285	0	1
1333.7467058524696	39341.24	23.91235	1.0157685521682163	0.00060781895	0	1
1333.7480947214667	39381.465	23.922512	1.0146960219439753	0.00060745614	0	1
1333.7494835904633	39467.63	23.949257	1.0148242022300717	0.0006068076	0	1
1333.7508724594613	39460.36	23.949335	1.0125700371322361	0.0006069214	0	1
1333.752261328459	39458.81	23.943201	1.0104877590566146	0.0006067898	0	1
1333.7536501974564	39498.855	23.959076	1.0094938450925006	0.00060657645	0	1
1333.7550390664537	39464.227	23.945381	1.0066165784718026	0.0006067617	0	1
1333.7564279354508	39503.54	23.955093	1.0056509527710256	0.00060640374	0	1
1333.757816804448	39569.066	23.973972	1.005373712175888	0.0006058766	0	1
1333.7592056734452	39568.67	23.971226	1.0034449218818307	0.0006058132	0	1
1333.7605945424425	39590.727	23.980846	1.0021113379928712	0.00060571876	0	1
1333.7619834114403	39565.074	23.97113	0.999597641745221	0.0006058659	0	1
1333.7633722804376	39553.016	23.968943	0.9974567389440475	0.0006059953	0	1
1333.7647611494342	39614.176	23.983068	0.9971879302372283	0.0006054163	0	1
1333.7661500184322	39615.586	23.98632	0.9954404312979652	0.00060547685	0	1
1333.7675388874293	39623.902	23.987244	0.9938945550223957	0.00060537306	0	1
1333.7689277564264	39631.496	23.994448	0.9923586578255301	0.00060543884	0	1
1333.7703166254244	39621.945	23.993713	0.9904226281906503	0.00060556625	0	1
1333.771705494421	39611.844	23.986544	0.9885030034667508	0.0006055397	0	1
1333.7730943634183	39718.375	24.013847	0.9895195262343501	0.000604603	0	1
1333.774483232416	39679.645	24.011147	0.9869441663905959	0.00060512504	0	1
1333.7758721014134	39675.29	24.001238	0.9852556755905485	0.00060494174	0	1
1333.7772609704105	39725.176	24.020231	0.9849427524203759	0.00060466013	0	1
1333.7786498394078	39726.79	24.018963	0.9834615394377489	0.0006046037	0	1
1333.7800387084058	39760.61	24.027573	0.9828071254012809	0.00060430594	0	1
1333.7814275774028	39718.64	24.007536	0.9803106797800257	0.00060444	0	1
1333.7828164463995	39812.18	24.041624	0.9811881573400228	0.00060387613	0	1
1333.7842053153972	39764.984	24.025297	0.9786269642651858	0.00060418225	0	1
1333.7855941843952	39748.27	24.022514	0.9768497771761476	0.0006043663	0	1
1333.7869830533919	39770.285	24.029179	0.9760560672439069	0.0006041993	0	1
1333.7883719219233	39801.84	24.030895	0.9755266912242281	0.00060376344	0	1
1333.7897607909213	39835.633	24.045446	0.9750822469779038	0.0006036165	0	1
1333.7911496599183	39822.58	24.043215	0.9735227824641651	0.0006037584	0	1
1333.7925385289157	39820.965	24.044413	0.9722759911672688	0.0006038129	0	1
1333.7939273979127	39856.23	24.052748	0.9719613117889202	0.0006034878	0	1
1333.7953162669107	39840.88	24.049654	0.9704444782253568	0.00060364266	0	1
1333.7967051359078	39858.36	24.054417	0.9697602749421372	0.00060349744	0	1
1333.7980940049044	39893.406	24.060053	0.969535129561645	0.0006031085	0	1
1333.7994828739024	39846.203	24.053696	0.9673445913113304	0.00060366344	0	1
1333.8008717428997	39860.29	24.054531	0.9666761748450056	0.00060347107	0	1
1333.8022606114305	39920.023	24.065746	0.9671464418429448	0.000602849	0	1
1333.8036494804285	39899.05	24.064392	0.9656940581698651	0.00060313195	0	1
1333.8050383494265	39961.13	24.081175	0.9662845686783753	0.000602615	0	1
1333.8064272184236	39951.703	24.078909	0.9651787128091455	0.00060270046	0	1
1333.8078160874206	39906.848	24.065897	0.9632520159440824	0.0006030518	0	1
1333.809204956418	39974.77	24.076584	0.9640810422425341	0.0006022945	0	1
1333.8105938254153	39958.027	24.076527	0.962901283729713	0.00060254545	0	1
1333.811982693947	39939.348	24.068325	0.9617097039647062	0.0006026219	0	1
1333.813371562944	39912.34	24.07038	0.960352669544723	0.00060308113	0	1
1333.814760431942	40073.387	24.110596	0.9635862686577972	0.00060166104	0	1
1333.816149300939	39874.645	24.05711	0.9581699970599643	0.0006033185	0	1
1333.8175381699364	39949.14	24.076433	0.959322354615751	0.0006026771	0	1
1333.8189270389344	40017.312	24.091644	0.9603888026453297	0.00060203054	0	1
1333.820315907465	40003.258	24.09531	0.9595157220999184	0.0006023337	0	1
1333.8217047764624	39981.867	24.091665	0.9585018147017248	0.0006025648	0	1
1333.8230936454602	39930.207	24.067305	0.9567978185820454	0.0006027343	0	1
1333.8244825144575	40020.09	24.092192	0.9585197762351798	0.00060200243	0	1
1333.8258713834548	40024.227	24.095848	0.9582218424747677	0.0006020316	0	1
1333.8272602519862	39991.434	24.08526	0.9570748897773927	0.00060226046	0	1
1333.8286491209842	40009.152	24.090086	0.9571717994002465	0.00060211436	0	1
1333.8300379899813	39969.18	24.082998	0.9559235656155783	0.0006025392	0	1
1333.831426858978	40022.77	24.092503	0.9569478668816855	0.0006019699	0	1
1333.8328157279757	39994.027	24.096277	0.9560383842803793	0.0006024969	0	1
1333.834204596508	40016.016	24.097189	0.9563766064416496	0.00060218864	0	1
1333.8355934655046	40020.418	24.093092	0.9563294014773451	0.00060202	0	1
1333.8369823345017	40018.926	24.096449	0.9561763371446593	0.00060212635	0	1
1333.8383712034997	39960.707	24.080267	0.9547030388894072	0.0006025986	0	1
1333.8397600720305	39957.406	24.078848	0.9545768809968663	0.0006026129	0	1
1333.8411489410278	40022.33	24.093546	0.9561155037947066	0.0006020026	0	1
1333.8425378100255	39887.336	24.055649	0.952930641282632	0.00060308987	0	1
1333.8439266790228	39997.285	24.089333	0.9555975434400492	0.0006022742	0	1
1333.8453155475545	40025.895	24.098963	0.9563737663729969	0.0006020843	0	1
1333.8467044165518	40012.01	24.091644	0.956169705412976	0.0006021103	0	1
1333.8480932855496	39964.61	24.081257	0.955199358116933	0.00060256454	0	1
1333.8494821545469	40017.52	24.092215	0.9566615699001456	0.00060204166	0	1
1333.8508710230776	39992.996	24.083944	0.9563076992139877	0.00060220406	0	1
1333.8522598920756	40033.453	24.097929	0.9575426455568241	0.0006019448	0	1
1333.8536487610727	39992.88	24.085903	0.9568742941451162	0.0006022548	0	1
1333.85503763007	39996.125	24.089664	0.9572889341646768	0.0006023	0	1
1333.856426498602	40074.082	24.103954	0.9595445330827916	0.0006014849	0	1
1333.8578153675994	39930.953	24.059034	0.9565060732414729	0.0006025159	0	1
1333.8592042365967	39898.78	24.058908	0.9561755622401313	0.0006029986	0	1
1333.8605931051284	39941.902	24.067192	0.9576841770750886	0.000602555	0	1
1333.8619819741255	39985.617	24.08559	0.9592426544821498	0.00060235633	0	1
1333.8633708431225	39954.055	24.074984	0.9590299168022764	0.0006025667	0	1
1333.8647597116542	39929.223	24.06263	0.9590123933291106	0.00060263206	0	1
1333.8661485806522	39991.05	24.077978	0.9611112121707096	0.00060208415	0	1
1333.8675374496502	39911.863	24.060356	0.9598549974423949	0.0006028372	0	1
1333.8689263186466	39929.766	24.072256	0.9609669659463861	0.00060286495	0	1
1333.8703151871782	39949.26	24.075148	0.9621520966422696	0.0006026431	0	1
1333.871704056176	39921.56	24.070604	0.9622343824843164	0.0006029475	0	1
1333.8730929251726	39935.098	24.071154	0.9633444597897705	0.00060275686	0	1
1333.874481793704	39942.652	24.064013	0.9643445003983117	0.0006024641	0	1
1333.875870662702	39894.883	24.059948	0.9640417879993088	0.0006030836	0	1
1333.877259531699	39907.484	24.05932	0.9652308537284915	0.0006028774	0	1
1333.8786484002308	39934.434	24.06409	0.9668014259873846	0.00060259004	0	1
1333.880037269228	39874.875	24.051153	0.96631036817573	0.0006031656	0	1
1333.8814261377602	39869.9	24.057186	0.9671738211691074	0.0006033922	0	1
1333.8828150067575	39912.895	24.065983	0.9692351961869193	0.0006029626	0	1
1333.8842038757539	39901.527	24.0629	0.9700103514080982	0.00060305715	0	1
1333.8855927442862	39866.668	24.053297	0.9702461516134532	0.00060334353	0	1
1333.8869816132842	39808.656	24.039244	0.9699487427240884	0.00060386973	0	1
1333.8883704822806	39847.746	24.047665	0.9720493817497997	0.0006034887	0	1
1333.8897593508123	39787.53	24.03271	0.9717594416423642	0.00060402614	0	1
1333.89114821981	39805.11	24.036444	0.9734005725032749	0.0006038532	0	1
1333.8925370883417	39816.06	24.034403	0.9749126591979018	0.0006036359	0	1
1333.893925957339	39808.027	24.029465	0.9759921151428981	0.00060363364	0	1
1333.8953148263363	39774.58	24.025162	0.9764788828708676	0.0006040331	0	1
1333.8967036948684	39770.258	24.02809	0.9777111795886866	0.00060417235	0	1
1333.8980925638657	39764.062	24.023258	0.978928486539809	0.00060414494	0	1
1333.8994814323964	39728.66	24.018269	0.9794565704738258	0.00060455775	0	1
1333.9008703013944	39754.805	24.02331	0.9815327493187314	0.00060428696	0	1
1333.9022591703915	39723.707	24.009588	0.9822262970265243	0.0006044146	0	1
1333.9036480389232	39695.168	23.99946	0.983011520074617	0.000604594	0	1
1333.9050369079212	39709.516	24.008453	0.9848886553842445	0.00060460204	0	1
1333.9064257764526	39658.38	23.99713	0.9851703478978489	0.00060509605	0	1
1333.90781464545	39621.145	23.983603	0.9858238124606495	0.0006053233	0	1
1333.9092035139815	39625.945	23.986061	0.9875515057698244	0.000605312	0	1
1333.9105923829786	39716.312	24.01047	0.9914568167845023	0.0006045493	0	1
1333.9119812515103	39585.477	23.9731	0.9898439594673807	0.00060560345	0	1
1333.9133701205074	39534.07	23.961697	0.9902615400327368	0.00060610246	0	1
1333.9147589895047	39630.746	23.987003	0.9943961669764303	0.00060526247	0	1
1333.9161478580363	39642.85	23.992262	0.9964531623421609	0.0006052103	0	1
1333.9175367270334	39579.49	23.973223	0.9966389028509847	0.00060569815	0	1
1333.9189255955657	39558.83	23.969181	0.9979238209911179	0.0006059123	0	1
1333.9203144645635	39501.383	23.958878	0.9983045298143881	0.0006065326	0	1
1333.9217033330945	39542.94	23.961542	1.0012136093806658	0.0006059626	0	1
1333.9230922020915	39502.69	23.95419	1.0020780444821784	0.00060639385	0	1
1333.9244810706239	39437.42	23.933254	1.0023290437386203	0.0006068666	0	1
1333.9258699396205	39525.215	23.957676	1.0064973035340024	0.0006061365	0	1
1333.927258808152	39523.785	23.958052	1.0084321448314038	0.00060616795	0	1
1333.92864767715	39444.855	23.934752	1.0083933216131935	0.0006067902	0	1
1333.930036545682	39404.383	23.92599	1.0093651807391617	0.00060719106	0	1
1333.9314254146793	39413.707	23.925823	1.0116354346364052	0.0006070432	0	1
1333.9328142832103	39399.38	23.923765	1.0133223365483432	0.0006072117	0	1
1333.9342031522083	39356.473	23.914124	1.0142948001363052	0.0006076287	0	1
1333.9355920207397	39364.043	23.915745	1.0165894135242537	0.00060755305	0	1
1333.9369808897363	39336.574	23.90409	1.0180007508484255	0.00060768105	0	1
1333.9383697582684	39424.297	23.929478	1.0224186832927624	0.00060697284	0	1
1333.9397586272664	39351.797	23.900646	1.0227040557856768	0.00060735847	0	1
1333.9411474957978	39286.285	23.888884	1.0231847208511582	0.00060807186	0	1
1333.9425363643295	39271.24	23.887058	1.024996011354125	0.00060825836	0	1
1333.9439252333268	39366.543	23.910887	1.0297174044656512	0.00060739106	0	1
1333.9453141018582	39210.258	23.868486	1.0278641539732285	0.00060873065	0	1
1333.948091839387	39200.023	23.868982	1.0321313246493613	0.00060890225	0	1
1333.949480708385	39234.664	23.87056	1.0353406467520725	0.00060840487	0	1
1333.9508695769164	39209.8	23.873829	1.0369979118037447	0.000608874	0	1
1333.9522584454473	39136.54	23.847492	1.0373863550916884	0.00060934084	0	1
1333.9536473144453	39242.996	23.878613	1.0425569915732225	0.0006084809	0	1
1333.955036182977	39129.95	23.844221	1.04191153484472	0.0006093599	0	1
1333.956425051974	39186.95	23.862951	1.0458057411973383	0.0006089515	0	1
1333.9578139205064	39156.62	23.855396	1.0473855580595581	0.0006092302	0	1
1333.9592027895035	39163.863	23.855627	1.0499828578653683	0.00060912344	0	1
1333.9605916580351	39053.613	23.830103	1.0494378468400924	0.00061018945	0	1
1333.9619805265665	39134.008	23.847303	1.054025089977418	0.0006093754	0	1
1333.9633693955639	39068.367	23.833305	1.0546926175118787	0.00061004097	0	1
1333.9647582640955	39022.902	23.820871	1.055909093621769	0.0006104331	0	1
1333.9661471330926	39102.926	23.838194	1.0605329899261693	0.0006096269	0	1
1333.967536001625	39023.402	23.816422	1.0608411829580329	0.0006103112	0	1
1333.968924870157	38984.28	23.808384	1.0622484388057964	0.0006107175	0	1
1333.9703137391537	39005.4	23.816639	1.0653042451068926	0.00061059854	0	1
1333.971702607685	38980.4	23.808222	1.0671078132770084	0.0006107742	0	1
1333.9730914762174	38955.773	23.807844	1.0689252570154568	0.0006111506	0	1
1333.974480345214	38963.715	23.800896	1.0716412329770244	0.0006108477	0	1
1333.9758692137457	38950.668	23.798	1.0737848247492585	0.000610978	0	1
1333.9772580822778	38927.08	23.78943	1.0756398018114521	0.0006111281	0	1
1333.9786469512758	38938.31	23.797224	1.0784597113087473	0.000611152	0	1
1333.9800358198072	38871.31	23.77723	1.0791120335692035	0.000611691	0	1
1333.9814246888038	38794.703	23.755697	1.079490312023098	0.00061234384	0	1
1333.9828135573362	38830.97	23.760988	1.0830077292484053	0.0006119082	0	1
1333.9842024258676	38837.594	23.769844	1.0857013884890925	0.00061203184	0	1
1333.9855912943985	38811.883	23.759462	1.0874891449489064	0.0006121698	0	1
1333.9869801633963	38812.496	23.758026	1.090011260166385	0.0006121231	0	1
1333.9883690319286	38777.91	23.750162	1.091540133920145	0.00061246625	0	1
1333.9897579004596	38850.008	23.767408	1.096070979068085	0.0006117736	0	1
1333.9911467694567	38789.25	23.753447	1.0968499702631236	0.0006123719	0	1
1333.992535637989	38755.016	23.74396	1.0983675858527322	0.00061266805	0	1
1333.9939245065204	38781.33	23.74927	1.1015944472784802	0.0006123893	0	1
1333.9953133755178	38726.332	23.73558	1.1025027155842226	0.0006129055	0	1
1333.9967022440492	38732.734	23.739779	1.1051477126277964	0.0006129125	0	1
1333.9980911125808	38670.48	23.722849	1.105821132117094	0.0006134614	0	1
1333.9994799815781	38593.73	23.703272	1.1060611795954045	0.0006141742	0	1
1334.0008688501096	38554.656	23.691322	1.107362665721083	0.0006144867	0	1
1334.0022577186419	38437.2	23.660545	1.106391060725496	0.0006155637	0	1
1334.0036465871735	38310.383	23.626226	1.105121880671979	0.00061670557	0	1
1334.0050354561706	38276.316	23.615837	1.1065043303671203	0.000616983	0	1
1334.006424324703	38070.484	23.55509	1.1028916922403038	0.00061872316	0	1
1334.0078131932337	37922.25	23.51765	1.1009101594539878	0.00062015443	0	1
1334.0092020617653	37789.613	23.478691	1.0993476257090997	0.00062130013	0	1
1334.010590930763	37657.895	23.43604	1.0977781725143263	0.0006223407	0	1
1334.0119797992947	37530.27	23.410604	1.096293921630415	0.00062377925	0	1
1334.0133686678264	37299.617	23.342094	1.0917593679964996	0.0006257998	0	1
1334.014757536358	37112.418	23.290016	1.0884516862470914	0.0006275532	0	1
1334.0161464053558	36947.555	23.242582	1.0857572689320418	0.0006290696	0	1
1334.0175352738875	36790.02	23.202929	1.0832374138172747	0.0006306854	0	1
1334.0189241424182	36537.61	23.12119	1.0778776475588945	0.0006328052	0	1
1334.0203130109505	36330.684	23.068867	1.0738098807426562	0.00063496927	0	1
1334.0217018799485	36132.688	23.013735	1.0699587544968365	0.00063692284	0	1
1334.0230907484793	35924.035	22.95475	1.065744155716148	0.0006389803	0	1
1334.024479617011	35693.48	22.888397	1.0608295983545162	0.00064124865	0	1
1334.025868485543	35489.816	22.830866	1.0566638633737662	0.0006433075	0	1
1334.0272573540738	35235.215	22.754639	1.0509294723114673	0.0006457925	0	1
1334.028646223071	35027.758	22.69795	1.0465485780323092	0.00064799894	0	1
1334.0300350916034	34748.85	22.621346	1.0399787558114721	0.00065099547	0	1
1334.0314239601357	34512.438	22.55095	1.0346247224541902	0.00065341516	0	1
1334.0328128286671	34217.586	22.46438	1.02746193251244	0.00065651565	0	1
1334.0342016971981	33957.43	22.38964	1.0212827387807504	0.00065934437	0	1
1334.0355905661959	33744.996	22.325237	1.016484438675955	0.0006615866	0	1
1334.0369794347275	33432.918	22.237879	1.0086276785250794	0.0006651492	0	1
1334.0383683032583	33192.246	22.166725	1.002866867402813	0.0006678284	0	1
1334.0397571717906	32957.766	22.09701	0.997238335988755	0.0006704644	0	1
1334.041146040323	32629.408	21.998995	0.9887106551336496	0.0006742076	0	1
1334.0425349088546	32323.174	21.907518	0.9807917725311889	0.00067776506	0	1
1334.0439237778517	32095.668	21.844063	0.9752046453401783	0.00068059226	0	1
1334.045312646383	31836.883	21.764826	0.9686120842543425	0.0006836356	0	1
1334.0467015149147	31448.127	21.65011	0.9580040789300159	0.00068843877	0	1
1334.0480903834464	31231.729	21.582321	0.952587359221317	0.0006910383	0	1
1334.049479251978	30974.125	21.50646	0.9458599024179	0.0006943363	0	1
1334.0508681205101	30698.28	21.418674	0.9385195111771363	0.0006977158	0	1
1334.0522569890418	30384.459	21.326826	0.9299606984539911	0.0007018992	0	1
1334.0536458575732	30044.174	21.222	0.920532795011871	0.0007063599	0	1
1334.0550347265712	29842.443	21.15708	0.9152951951340442	0.00070895936	0	1
1334.056423595102	29507.508	21.063246	0.9059178874687273	0.0007138267	0	1
1334.0578124636336	29296.625	20.986252	0.9002951306583222	0.0007163368	0	1
1334.0592013321657	28966.936	20.886179	0.8909681718618788	0.0007210352	0	1
1334.0605902006973	28696.004	20.803314	0.8833941848717044	0.0007249551	0	1
1334.061979069229	28411.19	20.718647	0.8753404299762404	0.0007292425	0	1
1334.0633679377606	28179.543	20.641369	0.8688739961104616	0.0007324948	0	1
1334.064756806292	27890.443	20.551498	0.8605859065186313	0.0007368653	0	1
1334.0661456748235	27714.555	20.494871	0.8557427060320125	0.0007394985	0	1
1334.0675345433551	27427.465	20.401505	0.8474183386411511	0.0007438349	0	1
1334.0689234123531	27207.344	20.335299	0.8411152373123865	0.0007474195	0	1
1334.0703122808854	27036.877	20.282131	0.8363021385746852	0.00075016543	0	1
1334.0717011494162	26720.97	20.179655	0.8269443674444639	0.0007551992	0	1
1334.0730900179478	26579.914	20.126982	0.8229528827058707	0.00075722527	0	1
1334.07447888648	26427.078	20.07968	0.8185547824799747	0.0007598146	0	1
1334.075867755011	26265.922	20.035294	0.8138572581715926	0.0007627866	0	1
1334.0772566235423	26056.479	19.963835	0.8076217803379876	0.00076617545	0	1
1334.0786454920747	25960.416	19.926636	0.8048599440544112	0.0007675777	0	1
1334.080034360606	25848.52	19.895565	0.8013411706890494	0.0007696984	0	1
1334.0814232291377	25741.732	19.85351	0.7979812210772816	0.00077125774	0	1
1334.0828120976694	25709.195	19.852623	0.7969232589140615	0.0007721993	0	1
1334.0842009662015	25609.666	19.818949	0.7937889594381742	0.00077388546	0	1
1334.0855898347331	25512.4	19.78366	0.7907252076030079	0.00077545276	0	1
1334.0869787032639	25523.629	19.79412	0.7910242681891863	0.0007755214	0	1
1334.0883675717962	25534.564	19.794664	0.7913142126852543	0.00077521056	0	1
1334.0897564403278	25547.223	19.798481	0.7916575029841535	0.00077497587	0	1
1334.0911453088593	25616.727	19.820528	0.7937621768371961	0.00077373383	0	1
1334.0925341773916	25655.143	19.833675	0.7949033577118958	0.0007730877	0	1
1334.093923045923	25763.666	19.869934	0.7982164834507094	0.00077123864	0	1
1334.0953119144547	25908.459	19.912458	0.8026528416674782	0.00076856976	0	1
1334.0967007829863	25988.605	19.934097	0.8050860049416062	0.0007670322	0	1
1334.098089651518	26196.45	20.00054	0.8112077605427994	0.0007634829	0	1
1334.0994785200494	26348.867	20.053053	0.8155711295823095	0.0007610594	0	1
1334.1008673885808	26474.082	20.102451	0.8190510709232834	0.0007593257	0	1
1334.1022562571125	26699.312	20.165358	0.8255823009570328	0.0007552763	0	1
1334.1036451256448	26856.13	20.225138	0.8299541765333437	0.000753092	0	1
1334.1050339941762	27114.229	20.303463	0.837410812380496	0.0007488121	0	1
1334.1064228627079	27319.812	20.372885	0.8431989529260323	0.0007457183	0	1
1334.1078117312402	27559.184	20.444715	0.8499830133842846	0.0007418477	0	1
1334.1092005997712	27789.016	20.518772	0.8564248868974219	0.0007383771	0	1
1334.1105894683026	28051.803	20.59847	0.8638332604484695	0.00073430117	0	1
1334.111978336835	28318.166	20.68938	0.8713011118176516	0.0007306045	0	1
1334.1133672053663	28550.223	20.758797	0.8776629766763754	0.00072709756	0	1
1334.114756073898	28842.668	20.850536	0.885829526790121	0.00072290597	0	1
1334.1161449424294	29078.021	20.922026	0.8921903218651029	0.0007195134	0	1
1334.1175338109617	29405.604	21.026596	0.9013269656766097	0.00071505405	0	1
1334.1189226794932	29673.74	21.10807	0.9085860116908535	0.00071133836	0	1
1334.1203115480241	29928.922	21.18911	0.9153947079608181	0.00070798106	0	1
1334.1217004165565	30255.271	21.283846	0.9243240222987618	0.0007034756	0	1
1334.123089284623	30469.236	21.350847	0.9297648574437107	0.00070073456	0	1
1334.1244781531539	30729.11	21.43016	0.9365536028132746	0.0006973896	0	1
1334.1258670216853	31107.51	21.535706	0.946895359874739	0.0006922992	0	1
1334.1272558902176	31354.336	21.621143	0.9531727842903368	0.0006895743	0	1
1334.1286447587493	31639.402	21.707333	0.9605567644602436	0.00068608543	0	1
1334.1300336272807	31913.176	21.788342	0.9675406703518532	0.00068273814	0	1
1334.1314224958123	32171.047	21.86226	0.9739861976138423	0.00067956327	0	1
1334.1328113643444	32522.611	21.96804	0.9832085524731871	0.00067546975	0	1
1334.134200232876	32769.094	22.046003	0.989194729856723	0.00067276816	0	1
1334.135589101407	33019.984	22.119913	0.9952590155853199	0.00066989474	0	1
1334.1369779694737	33292.344	22.194674	1.0019142892960486	0.00066665997	0	1
1334.1383668380051	33628.805	22.297815	1.0104385544178835	0.000663057	0	1
1334.139755706536	33826.383	22.352362	1.014733361958175	0.0006607967	0	1
1334.1411445750682	34094.44	22.431072	1.0210894277226812	0.00065790996	0	1
1334.1425334436005	34419.16	22.52432	1.0290832449136176	0.00065441226	0	1
1334.143922312132	34574.266	22.572899	1.0319526279194924	0.0006528815	0	1
1334.1453111806636	34867.855	22.652258	1.038904007198224	0.0006496602	0	1
1334.1467000487296	35046.695	22.704323	1.0423841140979382	0.00064783066	0	1
1334.148088917261	35291.094	22.775541	1.047764815323091	0.0006453623	0	1
1334.1494777857927	35637.83	22.871298	1.0561258548795442	0.00064177025	0	1
1334.150866654324	35750.043	22.90217	1.0574865724958875	0.0006406194	0	1
1334.1522555228564	36006.535	22.981041	1.0630700727014968	0.00063824636	0	1
1334.1536443913878	36213.02	23.037758	1.0671275006614322	0.00063617335	0	1
1334.1550332594538	36528.24	23.12181	1.0743366472374882	0.00063298456	0	1
1334.1564221279862	36694.355	23.173143	1.0771109130400554	0.0006315179	0	1
1334.1578109965171	36921.094	23.238527	1.081620633968723	0.0006294106	0	1
1334.1591998650485	37013.145	23.26312	1.0821456381564225	0.00062850973	0	1
1334.1605887335809	37183.62	23.314743	1.0849285950172864	0.0006270165	0	1
1334.1619776016466	37413.875	23.371159	1.0894132972835981	0.0006246655	0	1
1334.1633664701783	37594.516	23.42168	1.0924110473466853	0.0006230079	0	1
1334.1647553387097	37737.98	23.462723	1.0942921920286905	0.000621727	0	1
1334.166144207242	37876.363	23.500439	1.0959929611392882	0.0006204513	0	1
1334.1675330757735	38030.844	23.543081	1.098126661165289	0.0006190523	0	1
1334.1689219438388	38216.715	23.597162	1.1011317720147364	0.00061745656	0	1
1334.170310812371	38248.434	23.602556	1.099668774329691	0.00061708555	0	1
1334.1716996809027	38368.156	23.634262	1.1007143902953895	0.0006159864	0	1
1334.1730885494335	38493.277	23.668678	1.1018883815954188	0.00061487826	0	1
1334.1744774175	38578.98	23.694845	1.1019105374091385	0.00061419053	0	1
1334.1758662860323	38629.383	23.700996	1.1009065494477364	0.0006135484	0	1
1334.1772551545632	38742.18	23.740536	1.1016620840644493	0.00061278266	0	1
1334.1786440230949	38775.695	23.74663	1.100146516483578	0.00061241013	0	1
1334.180032891627	38710.11	23.73136	1.095814841487206	0.0006130533	0	1
1334.181421759693	38748.33	23.740793	1.094417942962536	0.0006126921	0	1
1334.1828106282244	38788.62	23.753382	1.0930700336313912	0.00061238016	0	1
1334.184199496756	38826.027	23.759584	1.091632142523974	0.00061194994	0	1
1334.1855883648227	38772.973	23.74375	1.087649120107516	0.0006123789	0	1
1334.1869772333541	38844.277	23.766537	1.0871515792400912	0.0006118414	0	1
1334.188366101885	38854.54	23.776672	1.0849394067755926	0.0006119407	0	1
1334.1897549704172	38879.83	23.780645	1.0831444860727308	0.0006116448	0	1
1334.1911438384832	38843.25	23.770363	1.0796275440939875	0.00061195606	0	1
1334.1925327070148	38844.87	23.766361	1.0771762276295536	0.00061182753	0	1
1334.193921575547	38969.363	23.798601	1.0781224194444594	0.0006107003	0	1
1334.195310443613	38890.816	23.779814	1.0734599722361986	0.00061145064	0	1
1334.1966993121443	38931.367	23.789955	1.0720873030896259	0.0006110742	0	1
1334.198088180676	38971.99	23.80266	1.0707163395091148	0.0006107633	0	1
1334.1994770492074	39004.043	23.8117	1.0691111447345065	0.0006104931	0	1
1334.2008659172734	38918.19	23.79396	1.064284071052277	0.00061138405	0	1
1334.202254785805	38982.566	23.80405	1.06357387531346	0.00061063323	0	1
1334.2036436543372	38990.883	23.808657	1.061337678426397	0.0006106211	0	1
1334.2050325224038	39079.465	23.834711	1.0612881393195148	0.0006099037	0	1
1334.2064213909348	39007.367	23.816147	1.0568852915214826	0.0006105551	0	1
1334.2078102594662	39013.844	23.818428	1.054624854390908	0.0006105122	0	1
1334.2091991275329	39044.55	23.82701	1.0530280713401925	0.00061025185	0	1
1334.2105879960636	39115.02	23.842064	1.0525090547442522	0.0006095373	0	1
1334.2119768645953	39008.203	23.811005	1.0472352399411764	0.0006104102	0	1
1334.2133657326617	39104.684	23.840763	1.0474308527779204	0.0006096652	0	1
1334.2147546011934	39119.625	23.843546	1.0454502976178277	0.0006095034	0	1
1334.216143469725	39105.816	23.838308	1.0427156563479363	0.00060958473	0	1
1334.2175323377908	39134.516	23.854362	1.0411284861759114	0.0006095479	0	1
1334.218921206323	39157.023	23.85424	1.0393890858503188	0.00060919445	0	1
1334.220310074389	39198.266	23.863361	1.0381593454326252	0.0006087861	0	1
1334.2216989429198	39271.105	23.8833	1.0377800626125953	0.0006081647	0	1
1334.2230878114522	39164.793	23.85319	1.0326786557730068	0.0006090467	0	1
1334.2244766795188	39253.574	23.878256	1.0327439022046174	0.00060830783	0	1
1334.2258655480496	39253.766	23.881596	1.0304916947214364	0.0006083899	0	1
1334.2272544165812	39248.062	23.876701	1.0281040550979321	0.00060835364	0	1
1334.2286432846477	39159.87	23.845745	1.0235857038529763	0.00060893316	0	1
1334.2300321531793	39340.89	23.906004	1.0261084550005406	0.000607663	0	1
1334.2314210212453	39278.176	23.887196	1.0222931596398988	0.0006081544	0	1
1334.2328098897767	39306.83	23.898005	1.0208787997981026	0.00060798606	0	1
1334.2341987578434	39352.145	23.909328	1.019914703899249	0.0006075737	0	1
1334.2355876263748	39347.65	23.908644	1.017679349579778	0.00060762576	0	1
1334.2369764949058	39409.33	23.921057	1.0171749412307922	0.0006069897	0	1
1334.2383653629722	39390.2	23.917591	1.0146054496465964	0.0006071965	0	1
1334.2397542315039	39380.95	23.915426	1.0123152256565267	0.00060728414	0	1
1334.2411430995699	39428.22	23.92585	1.011499651559464	0.00060682045	0	1
1334.242531968102	39401.88	23.916754	1.008818750804367	0.00060699525	0	1
1334.243920836168	39437.56	23.92767	1.0077498365130166	0.0006067229	0	1
1334.2453097046996	39487.96	23.944773	1.0070777710967598	0.00060638157	0	1
1334.246698573231	39502.68	23.945194	1.0055177676519345	0.0006061663	0	1
1334.2480874412968	39487.258	23.945442	1.0032162847135326	0.00060640933	0	1
1334.2494763098284	39448.57	23.929653	1.0003523500035734	0.0006066038	0	1
1334.2508651778944	39493.5	23.949802	0.9996349058496451	0.0006064239	0	1
1334.252254046426	39544.77	23.955116	0.9991001622963421	0.0006057721	0	1
1334.2536429144925	39531.52	23.953548	0.9969606335046792	0.0006059354	0	1
1334.2550317830242	39529.266	23.956774	0.9951264993750294	0.0006060516	0	1
1334.25642065109	39599.46	23.97366	0.9951409006661022	0.0006054037	0	1
1334.2578095196222	39542.914	23.955683	0.9919976192282093	0.0006058148	0	1
1334.2591983876873	39629.918	23.979122	0.9924825320890409	0.00060507626	0	1
1334.260587256219	39619.24	23.972767	0.9905463932048189	0.00060507894	0	1
1334.2619761242854	39643.805	23.985485	0.9895197471754845	0.0006050248	0	1
1334.263364992817	39708.414	24.003704	0.9895301866165432	0.0006044992	0	1
1334.264753860883	39617.0	23.97483	0.985658777747831	0.0006051652	0	1
1334.2661427294147	39625.39	23.982697	0.9843155126090257	0.0006052356	0	1
1334.2675315974811	39707.76	24.003668	0.9848362973662176	0.0006045082	0	1
1334.2689204660128	39739.684	24.00858	0.9841315829661194	0.0006041462	0	1
1334.2703093340779	39623.973	23.980436	0.9798173475439226	0.0006052002	0	1
1334.2716982026102	39739.555	24.005787	0.9812267879356794	0.0006040779	0	1
1334.2730870706769	39761.9	24.017006	0.9803729449013868	0.0006040206	0	1
1334.2744759392076	39715.043	23.999882	0.9778447274047971	0.00060430204	0	1
1334.2758648072736	39731.645	24.003899	0.9769111068570985	0.00060415064	0	1
1334.2772536758057	39757.984	24.020554	0.9762468206675372	0.0006041693	0	1
1334.278642543871	39693.824	23.999638	0.9733930456938861	0.0006046189	0	1
1334.2800314124024	39851.355	24.037199	0.9760044567894642	0.0006031714	0	1
1334.281420280469	39822.0	24.029158	0.9740666737757334	0.00060341414	0	1
1334.2828091485349	39849.543	24.040073	0.9735527853702894	0.000603271	0	1
1334.2841980170665	39837.758	24.033484	0.9721098261644787	0.00060328405	0	1
1334.2855868851325	39818.39	24.029936	0.9705150964947009	0.00060348836	0	1
1334.2869757536646	39796.848	24.026527	0.9689009478215208	0.0006037294	0	1
1334.2883646217306	39845.938	24.035503	0.9690383157207569	0.0006032109	0	1
1334.2897534902613	39884.555	24.049328	0.9689514527491818	0.00060297345	0	1
1334.291142358328	39929.973	24.059835	0.9690605927006574	0.00060255075	0	1
1334.292531226394	39828.074	24.03254	0.9656288945636936	0.00060340704	0	1
1334.2939200949254	39896.645	24.050198	0.9663641459061705	0.00060281256	0	1
1334.295308962992	39917.832	24.053072	0.9659828868110952	0.0006025646	0	1
1334.2966978315235	39887.332	24.05091	0.9643843772708772	0.0006029712	0	1
1334.2980866995895	39896.22	24.058502	0.9637720590336122	0.0006030271	0	1
1334.2994755676555	39919.523	24.05736	0.9635409219157258	0.00060264644	0	1
1334.300864436187	39938.812	24.060694	0.9632456677606911	0.0006024389	0	1
1334.3022533042529	39928.16	24.061733	0.962261849690589	0.00060262566	0	1
1334.305031040851	39979.293	24.071012	0.9621400881163295	0.000602087	0	1
1334.3064199089176	39995.484	24.065407	0.9619034189386048	0.00060170307	0	1
1334.3078087774484	39918.707	24.051113	0.9594657733203751	0.0006025023	0	1
1334.3091976455144	39991.484	24.06913	0.9606569309065731	0.0006018564	0	1
1334.310586513581	39924.535	24.054903	0.958525682201833	0.0006025093	0	1
1334.311975382112	39975.812	24.072449	0.9592672911476898	0.00060217537	0	1
1334.3133642501778	40021.22	24.079214	0.95990113693106	0.0006016612	0	1
1334.3175308548416	40039.062	24.086977	0.9591676529063656	0.00060158694	0	1
1334.3189197233733	40014.14	24.083042	0.9582525756301499	0.0006018633	0	1
1334.32030859144	39961.105	24.064333	0.9566993013397971	0.0006021939	0	1
1334.3216974595057	40014.74	24.075378	0.957734242913254	0.0006016628	0	1
1334.3230863280367	39986.684	24.071657	0.956848378240418	0.00060199184	0	1
1334.3244751961033	39957.797	24.05973	0.9559774082207729	0.00060212857	0	1
1334.3258640641698	40028.426	24.083628	0.9575217047830669	0.00060166314	0	1
1334.327252932235	40041.113	24.078243	0.9577142772365488	0.000601338	0	1
1334.3286418007665	39992.242	24.075897	0.9564691380457931	0.0006020142	0	1
1334.3300306688332	40012.754	24.081614	0.9569180234331105	0.0006018484	0	1
1334.3314195368991	40071.5	24.09425	0.9583158513723259	0.00060128147	0	1
1334.3328084054306	40015.438	24.071127	0.9570026011675571	0.000601546	0	1
1334.3341972734966	40042.145	24.091581	0.9577034373870549	0.0006016556	0	1
1334.335586141563	40035.69	24.08479	0.9576457901151547	0.0006015829	0	1
1334.3369750100946	40067.797	24.09397	0.9585451231712353	0.00060133	0	1
1334.33836387816	39979.36	24.072357	0.9565950242834858	0.00060211966	0	1
1334.3397527462266	39984.734	24.07705	0.9569237508648529	0.00060215604	0	1
1334.3411416142924	40043.04	24.08628	0.9585540456065189	0.0006015098	0	1
1334.3425304828238	40061.504	24.094156	0.9592656143070741	0.00060142914	0	1
1334.3439193508905	40038.984	24.079401	0.9590302558163583	0.0006013989	0	1
1334.3453082189565	39919.246	24.055761	0.956516534629346	0.0006026106	0	1
1334.3466970870222	40032.727	24.082937	0.9595912428441973	0.00060158124	0	1
1334.3480859555539	40003.12	24.07702	0.9592882719020412	0.00060187856	0	1
1334.3494748236199	39998.117	24.071068	0.9596091742887225	0.00060180505	0	1
1334.3508636916856	40003.27	24.069582	0.9602079679859911	0.0006016904	0	1
1334.3522525597516	40025.43	24.077065	0.9612495226722284	0.00060154416	0	1
1334.353641428283	40024.69	24.069357	0.9617755592034006	0.0006013627	0	1
1334.3564191644155	40061.637	24.088282	0.9638541369556842	0.00060128054	0	1
1334.3578080324814	39949.723	24.061464	0.9618061562412759	0.00060229364	0	1
1334.3591969010138	39980.867	24.067604	0.9632349023069692	0.00060197804	0	1
1334.360585769079	39973.89	24.06305	0.9637793822680407	0.00060196914	0	1
1334.3619746371448	39980.16	24.06919	0.9646768924515349	0.00060202833	0	1
1334.3633635052115	40009.695	24.07231	0.9661700607748179	0.0006016619	0	1
1334.3647523732773	39915.934	24.04432	0.9647180016410731	0.00060237397	0	1
1334.366141241809	39928.688	24.052801	0.9658720074387359	0.000602394	0	1
1334.3675301098747	39892.664	24.04523	0.9658788346133402	0.0006027482	0	1
1334.3689189779413	39906.383	24.047842	0.9671226682563493	0.0006026064	0	1
1334.370307846007	39951.652	24.060999	0.9691655473833858	0.0006022529	0	1
1334.3716967140724	39885.676	24.04366	0.9685421806637611	0.00060281437	0	1
1334.373085582139	39925.277	24.050894	0.9705147340467997	0.00060239766	0	1
1334.3744744506712	39882.39	24.04223	0.9705147144591766	0.0006028282	0	1
1334.3758633187365	39913.027	24.052608	0.972336077911814	0.0006026255	0	1
1334.3772521868023	39907.312	24.046694	0.9733049533173721	0.0006025636	0	1
1334.378641054869	39902.055	24.04206	0.9743169400311025	0.0006025269	0	1
1334.380029922935	39837.91	24.029438	0.9739211360549435	0.0006031802	0	1
1334.3814187910007	39898.617	24.043688	0.9766094573143387	0.0006026196	0	1
1334.3828076595323	39735.945	23.994274	0.9738728373802892	0.000603843	0	1
1334.3841965275988	39872.508	24.033852	0.9784724209442738	0.0006027675	0	1
1334.3855853956647	39818.14	24.022272	0.9784347706535751	0.0006032997	0	1
1334.38697426373	39801.82	24.01647	0.9793609512950193	0.0006034013	0	1
1334.3883631317967	39854.473	24.03149	0.9820165602981747	0.000602981	0	1
1334.3897519998625	39807.395	24.017593	0.9822458484079926	0.00060334505	0	1
1334.3911408679278	39735.98	23.99676	0.981901114425396	0.00060390506	0	1
1334.3925297359942	39778.773	24.006828	0.9844079179356017	0.0006035085	0	1
1334.3939186045266	39711.32	23.992462	0.9842157245179285	0.00060417183	0	1
1334.3953074725923	39709.574	23.988443	0.9856794059093059	0.0006040972	0	1
1334.3966963406583	39709.94	23.995098	0.9872252148892373	0.0006042592	0	1
1334.3980852087243	39737.375	23.995796	0.9894745057596006	0.0006038596	0	1
1334.39947407679	39703.117	23.991585	0.9902166338831218	0.00060427457	0	1
1334.400862944856	39673.773	23.97852	0.9911077392200599	0.0006043922	0	1
1334.4022518129218	39680.19	23.98386	0.9929200062848524	0.00060442905	0	1
1334.4036406809885	39630.824	23.968163	0.9933629891143297	0.00060478586	0	1
1334.4050295490542	39612.77	23.967466	0.994616110030856	0.00060504396	0	1
1334.4064184171202	39686.305	23.981049	0.9981992024724109	0.0006042651	0	1
1334.407807285187	39587.4	23.960203	0.9974714388014527	0.00060524826	0	1
1334.4091961537179	39638.793	23.968092	1.0005559213743909	0.0006046625	0	1
1334.4105850217836	39600.37	23.964417	1.001400797263551	0.00060515635	0	1
1334.4119738898503	39652.96	23.972721	1.0045744512964356	0.0006045632	0	1
1334.4133627579154	39539.43	23.94518	1.0035629838754372	0.0006056026	0	1
1334.4147516259814	39530.277	23.941875	1.0052209113606088	0.0006056592	0	1
1334.4161404940478	39525.184	23.936857	1.0070069190281847	0.00060561026	0	1
1334.4175293621145	39538.81	23.945559	1.0092954542946322	0.00060562167	0	1
1334.4189182301802	39478.08	23.928091	1.0097084250039536	0.00060611084	0	1
1334.4203070982455	39506.67	23.932386	1.012428829930881	0.00060578086	0	1
1334.4216959663122	39487.2	23.929907	1.0139419428276868	0.00060601684	0	1
1334.4230848343782	39469.727	23.922035	1.0155281539097822	0.00060608564	0	1
1334.4244737024433	39455.754	23.919786	1.0172260023975634	0.0006062433	0	1
1334.42586257051	39485.312	23.929848	1.020069762790532	0.00060604425	0	1
1334.4272514385766	39387.746	23.894995	1.0196480826264407	0.0006066606	0	1
1334.4286403066417	39402.75	23.906473	1.0221580369371008	0.0006067209	0	1
1334.4300291747077	39412.816	23.9079	1.0245626819030802	0.0006066022	0	1
1334.431418042774	39365.523	23.894218	1.0254951397125773	0.0006069834	0	1
1334.43280691084	39339.96	23.882496	1.027010128621322	0.0006070798	0	1
1334.434195778906	39314.15	23.87894	1.0285356796365115	0.000607388	0	1
1334.4355846469718	39303.59	23.877562	1.030477697011643	0.00060751603	0	1
1334.4369735150385	39341.594	23.882362	1.0337134273286857	0.0006070512	0	1
1334.4383623831043	39274.64	23.867022	1.034208102356773	0.0006076955	0	1
1334.4397512511696	39287.42	23.87825	1.0368171313368535	0.00060778356	0	1
1334.441140119236	39283.78	23.872778	1.0390105926467579	0.0006077006	0	1
1334.442528987302	39299.19	23.874678	1.0417253389679433	0.0006075107	0	1
1334.443917855368	39224.418	23.853756	1.0420621733632256	0.00060813536	0	1
1334.4453067234344	39172.277	23.846779	1.0430082924472557	0.00060876674	0	1
1334.4466955915004	39229.137	23.853552	1.0468718756649589	0.000608057	0	1
1334.4480844595664	39133.805	23.836756	1.0466860413537504	0.00060910906	0	1
1334.4494733276322	39186.355	23.845652	1.0504666230745792	0.00060851924	0	1
1334.450862195698	39114.863	23.829779	1.0509338485547997	0.00060922565	0	1
1334.452251063764	39136.918	23.83668	1.0539238277259995	0.00060905865	0	1
1334.45363993183	39099.098	23.823639	1.0553121400610406	0.0006093143	0	1
1334.4550287998964	39131.207	23.83239	1.058598564074008	0.00060903793	0	1
1334.4564176674974	39049.02	23.808142	1.0588001673009533	0.0006096988	0	1
1334.4578065355627	39091.87	23.817368	1.0623993218461039	0.0006092665	0	1
1334.4591954036284	39048.434	23.806925	1.0636622391393342	0.0006096768	0	1
1334.460584271695	39064.37	23.811808	1.0665489339582552	0.00060955307	0	1
1334.4619731397602	39045.566	23.807333	1.068494307948301	0.00060973206	0	1
1334.4633620078262	39082.414	23.812883	1.0719704149822986	0.00060929917	0	1
1334.4647508758926	38951.17	23.779785	1.0708359799570655	0.00061050244	0	1
1334.4661397439586	38991.477	23.788876	1.0744170031271942	0.00061010453	0	1
1334.4675286120246	38948.15	23.778439	1.075697609919977	0.00061051524	0	1
1334.4689174800906	38920.938	23.771906	1.0774223567691052	0.0006107742	0	1
1334.470306348157	38929.86	23.776245	1.0801488512381474	0.00061074574	0	1
1334.4716952157573	38903.63	23.765734	1.081900746236873	0.0006108873	0	1
1334.4730840838224	38851.227	23.748678	1.0829207975711637	0.0006112723	0	1
1334.474472951889	38920.742	23.769714	1.0873403761582676	0.000610721	0	1
1334.4758618199558	38792.51	23.73005	1.0862245948369291	0.0006117173	0	1
1334.4772506880208	38867.977	23.754631	1.090820382683228	0.00061116205	0	1
1334.4786395560868	38869.035	23.757654	1.0933239715587963	0.00061122316	0	1
1334.4800284241533	38849.883	23.752254	1.0952545508405513	0.0006113855	0	1
1334.4814172917536	38789.0	23.73915	1.0959993252103246	0.0006120072	0	1
1334.4828061598196	38809.363	23.740995	1.0990320041334527	0.0006117337	0	1
1334.4841950278853	38759.93	23.726397	1.1000802020486882	0.00061213726	0	1
1334.485583895952	38793.023	23.734602	1.1034626335040798	0.00061182654	0	1
1334.4869727640178	38731.844	23.71872	1.1041537570268918	0.0006123829	0	1
1334.488361632083	38711.48	23.716291	1.105994457323035	0.0006126423	0	1
1334.4897505001495	38751.688	23.726803	1.109557056898774	0.00061227795	0	1
1334.4911393677498	38683.19	23.707434	1.1099946635061708	0.00061286136	0	1
1334.4925282358158	38548.438	23.674902	1.1085067173989949	0.00061415986	0	1
1334.4939171038823	38554.79	23.67187	1.1110558188338848	0.00061398	0	1
1334.4953059719483	38381.75	23.623783	1.1084114843669137	0.0006154952	0	1
1334.4966948400142	38321.098	23.607904	1.108983907076558	0.00061605504	0	1
1334.4980837076143	38231.367	23.581379	1.1086902131487508	0.0006168071	0	1
1334.49947257568	38133.152	23.553257	1.1081227202391324	0.00061765825	0	1
1334.500861443746	37951.258	23.506445	1.105089466887138	0.00061938516	0	1
1334.502250311812	37815.24	23.460564	1.1033549141184122	0.0006203997	0	1
1334.503639179878	37605.47	23.41142	1.0994290419520254	0.00062255363	0	1
1334.5050280474788	37456.953	23.366034	1.0972530549178308	0.00062381034	0	1
1334.5064169155448	37310.062	23.328348	1.0950866828344519	0.0006252562	0	1
1334.5078057836106	37143.91	23.282223	1.0923152573374524	0.0006268113	0	1
1334.5091946516773	36919.098	23.215805	1.0877740124077806	0.0006288292	0	1
1334.5105835192767	36742.785	23.167217	1.0846158215097044	0.00063052424	0	1
1334.5119723873427	36566.195	23.122255	1.0814056051493366	0.0006323397	0	1
1334.513361255409	36342.652	23.050024	1.076759821364208	0.0006342417	0	1
1334.514750123475	36107.938	22.986595	1.0717324253254712	0.0006366078	0	1
1334.516138991541	35812.33	22.906162	1.0648427636211952	0.0006396167	0	1
1334.5175278591414	35659.547	22.859785	1.0621490259628419	0.0006410565	0	1
1334.5189167272079	35384.367	22.77275	1.0557593474421363	0.00064358226	0	1
1334.5203055952738	35164.39	22.720789	1.0509627548561824	0.0006461306	0	1
1334.5216944628733	34861.23	22.631878	1.0436244177733165	0.00064919906	0	1
1334.52308333094	34667.723	22.575077	1.0395141231359308	0.0006511843	0	1
1334.5244721990066	34379.83	22.491373	1.032519647763295	0.0006542026	0	1
1334.5258610670717	34070.97	22.403051	1.0248359377882559	0.0006575408	0	1
1334.527249934672	33847.03	22.34058	1.019649958921161	0.0006600455	0	1
1334.5286388027384	33581.676	22.26476	1.0131615332685324	0.00066300324	0	1
1334.5300276708044	33298.74	22.17945	1.0060852604550183	0.00066607475	0	1
1334.5314165388704	33099.305	22.112312	1.001477442108331	0.00066805974	0	1
1334.5328054064705	32682.32	21.998802	0.9902271479459924	0.0006731102	0	1
1334.5341942745372	32443.926	21.925764	0.984326309522321	0.0006758049	0	1
1334.5355831426032	32137.672	21.837036	0.9763099343706557	0.00067948404	0	1
1334.5369720102026	31866.268	21.754568	0.9692944158883535	0.00068268325	0	1
1334.538360878269	31610.574	21.676933	0.9627011559552716	0.00068574946	0	1
1334.539749746335	31259.164	21.568823	0.9531345576536325	0.00069	0	1
1334.5411386139344	31022.477	21.497087	0.9470087667650505	0.000692952	0	1
1334.542527482001	30710.393	21.405828	0.9385259747263316	0.0006970223	0	1
1334.5439163500678	30397.389	21.311016	0.9299575132216044	0.0007010805	0	1
1334.545305217668	30117.674	21.222563	0.9223515167836221	0.0007046548	0	1
1334.5466940857339	29794.6	21.11598	0.9133619563655085	0.0007087184	0	1
1334.5480829537998	29541.559	21.049538	0.9064649612519706	0.0007125398	0	1
1334.5494718214	29251.549	20.951244	0.8983808470904237	0.0007162439	0	1
1334.550860689466	28916.846	20.850681	0.8888697284170353	0.00072105654	0	1
1334.552249557532	28617.885	20.764343	0.8804034275546861	0.00072557223	0	1
1334.5536384251327	28344.357	20.671782	0.8726680297568146	0.0007293085	0	1
1334.5550272931987	28112.65	20.601679	0.8661709440837971	0.0007328259	0	1
1334.5564161612647	27807.25	20.503496	0.8573540513303832	0.00073734357	0	1
1334.5578050288655	27553.12	20.420683	0.8500688854168	0.0007411387	0	1
1334.5591938969305	27241.436	20.321331	0.8409598244856019	0.0007459714	0	1
1334.5605827645309	27012.584	20.250263	0.8343608246555833	0.00074966036	0	1
1334.5619716325975	26762.863	20.169403	0.8270720950382987	0.00075363397	0	1
1334.5633605006633	26572.268	20.112282	0.8215667106366166	0.00075688993	0	1
1334.5647493682636	26309.057	20.017569	0.8137729206167685	0.00076086225	0	1
1334.5661382363296	26124.531	19.962519	0.8083704790743987	0.0007641293	0	1
1334.5675271039304	25924.574	19.90545	0.8024495163346623	0.0007678217	0	1
1334.5689159719964	25741.646	19.835997	0.7970153125485412	0.00077057997	0	1
1334.5703048400615	25595.758	19.791899	0.7926886632564153	0.0007732492	0	1
1334.5716937076625	25458.717	19.74675	0.788597667356776	0.0007756381	0	1
1334.5730825757291	25313.23	19.69446	0.7839902754879697	0.0007780303	0	1
1334.5744714433285	25241.143	19.673271	0.7816570407894072	0.00077941286	0	1
1334.5758603113945	25135.37	19.632288	0.7782813806260067	0.00078106223	0	1
1334.577249179461	25063.145	19.611315	0.7759452474098099	0.0007824762	0	1
1334.5786380470606	24998.52	19.59142	0.7738449657145399	0.0007837032	0	1
1334.5800269151264	25005.203	19.588856	0.7739523428121703	0.0007833912	0	1
1334.5814157827274	24959.984	19.573915	0.7724534355717867	0.00078421185	0	1
1334.582804650794	25047.438	19.602213	0.77506027168229	0.0007826035	0	1
1334.5841935183944	25077.057	19.601622	0.7758770705868421	0.0007816556	0	1
1334.5855823864595	25144.54	19.638279	0.7778649882615217	0.00078101567	0	1
1334.5869712540602	25220.98	19.662067	0.7801295123603045	0.00077959173	0	1
1334.5883601221262	25358.064	19.701294	0.7842689957558077	0.0007769242	0	1
1334.5897489901915	25429.44	19.737919	0.7863754428096602	0.0007761838	0	1
1334.5911378577925	25650.627	19.803257	0.7928594112369348	0.00077203795	0	1
1334.592526725859	25811.166	19.861805	0.7974277109598155	0.00076950435	0	1
1334.5939155934593	25964.055	19.907623	0.8017191676267773	0.00076673785	0	1
1334.595304461525	26165.2	19.972181	0.8074590625152125	0.0007633109	0	1
1334.5966933291254	26383.527	20.045261	0.8136859608089413	0.0007597643	0	1
1334.5980821971912	26596.797	20.115602	0.8197127804453406	0.00075631676	0	1
1334.5994710647915	26869.783	20.200268	0.8275342551297625	0.0007517838	0	1
1334.6008599328575	27087.893	20.27047	0.8336191246333872	0.0007483221	0	1
1334.6022488004576	27352.684	20.353554	0.8410936665694845	0.00074411544	0	1
1334.6036376685236	27630.15	20.449827	0.8489089946997082	0.00074012723	0	1
1334.6050265361246	27859.412	20.517048	0.8551946238317187	0.00073644944	0	1
1334.606415404191	28141.291	20.611774	0.8630461038869005	0.0007324388	0	1
1334.6091931398564	28758.326	20.797785	0.8802251229765726	0.00072319177	0	1
1334.6105820074574	29061.127	20.890675	0.8885588643000231	0.00071885285	0	1
1334.6119708755227	29255.281	20.961155	0.8935199137254399	0.0007164913	0	1
1334.6133597431228	29628.672	21.073866	0.9039016290237948	0.00071126595	0	1
1334.6147486107238	29873.072	21.14801	0.9102924444652933	0.00070792885	0	1
1334.6161374787896	30214.084	21.25348	0.9195721421453529	0.00070342957	0	1
1334.61752634639	30513.629	21.343634	0.9275323218213601	0.0006994787	0	1
1334.6189152144557	30765.676	21.42266	0.9339942417693431	0.00069631694	0	1
1334.6203040820567	31033.707	21.50487	0.9408879705481155	0.000692952	0	1
1334.6216929501225	31345.879	21.591402	0.949063898302878	0.00068881153	0	1
1334.623081817722	31708.697	21.705317	0.9587130083622252	0.0006845225	0	1
1334.6244706857888	31935.043	21.778366	0.9641790275044229	0.0006819583	0	1
1334.6258595533895	32296.297	21.881325	0.9736611968128582	0.0006775181	0	1
1334.6272484209892	32502.676	21.936903	0.9784181071533126	0.00067492604	0	1
1334.6286372890552	32862.93	22.047544	0.9877508780519882	0.00067089405	0	1
1334.6300261566562	33126.363	22.127975	0.9941147526613802	0.00066798687	0	1
1334.631415024722	33348.836	22.192522	0.9991971001718352	0.0006654662	0	1
1334.632803892322	33612.605	22.270456	1.0054646280508721	0.0006625626	0	1
1334.6341927599224	33972.176	22.368242	1.0145391584472647	0.0006584283	0	1
1334.635581627989	34157.535	22.427032	1.018356420967291	0.0006565764	0	1
1334.6369704955891	34441.25	22.50955	1.025055352366166	0.0006535637	0	1
1334.6383593636544	34762.33	22.591919	1.0328089733979195	0.0006498966	0	1
1334.6397482312555	34968.56	22.658539	1.0370973612665828	0.0006479689	0	1
1334.6411370988556	35191.09	22.724314	1.0418216834844527	0.00064574054	0	1
1334.6425259669215	35442.03	22.798607	1.0473376081592074	0.0006432647	0	1
1334.6439148345225	35707.727	22.872011	1.0532381336373227	0.0006405339	0	1
1334.6453037025883	35906.05	22.922598	1.0571034164247066	0.00063840486	0	1
1334.6466925701884	36142.086	22.993765	1.0620330120758255	0.00063620467	0	1
1334.6480814377887	36322.6	23.046873	1.0652868022631294	0.000634505	0	1
1334.6494703058547	36586.43	23.113667	1.0709386355794752	0.00063175516	0	1
1334.650859173455	36763.42	23.164211	1.0740040750314195	0.00063008856	0	1
1334.6522480410551	37018.65	23.24081	1.0793115519404832	0.00062781357	0	1
1334.653636909121	37168.664	23.283178	1.0815102446620137	0.00062641955	0	1
1334.655025776722	37369.64	23.337576	1.0851543483438388	0.00062450627	0	1
1334.6564146443222	37569.527	23.397041	1.0887271591803107	0.00062276644	0	1
1334.657803512388	37707.688	23.43361	1.0904760146294292	0.00062145444	0	1
1334.659192379989	37837.062	23.469187	1.0919406218723227	0.0006202698	0	1
1334.6605812475887	37965.2	23.498116	1.093340719692776	0.0006189383	0	1
1334.6619701156544	38157.355	23.559334	1.0965527124271226	0.0006174258	0	1
1334.6633589832554	38256.24	23.582186	1.0970550767184561	0.0006164272	0	1
1334.6647478508557	38314.812	23.60439	1.0963813771208817	0.00061606435	0	1
1334.6661367189215	38454.473	23.63937	1.09800616488492	0.0006147366	0	1
1334.6675255865216	38564.637	23.675684	1.0987646320445845	0.00061392214	0	1
1334.6689144541226	38640.59	23.69024	1.0985290780869739	0.0006130921	0	1
1334.6703033221886	38685.55	23.70656	1.0973980668335734	0.0006128014	0	1
1334.6716921897882	38719.12	23.71141	1.0959331046302294	0.00061239535	0	1
1334.673081057389	38691.85	23.706823	1.0927406706782503	0.00061270845	0	1
1334.6744699249898	38763.18	23.722357	1.092325959865795	0.0006119817	0	1
1334.675858793055	38782.293	23.729475	1.0904309578489935	0.0006118636	0	1
1334.6772476606554	38771.742	23.724913	1.087699013022478	0.00061191246	0	1
1334.6786365282564	38837.54	23.744839	1.0871039703168532	0.0006113889	0	1
1334.6800253963222	38836.953	23.740555	1.08464608984602	0.0006112878	0	1
1334.6814142639223	38823.85	23.74007	1.0818397726709026	0.0006114816	0	1
1334.6828031315226	38807.254	23.736786	1.0789389853060507	0.0006116585	0	1
1334.6855808671894	38872.598	23.749454	1.0758774869515895	0.0006109562	0	1
1334.686969734789	38843.2	23.739237	1.072631471106666	0.0006111555	0	1
1334.68835860239	38952.49	23.770172	1.0732145737037682	0.00061023503	0	1
1334.6897474699902	38928.05	23.769848	1.0701130849703753	0.0006106098	0	1
1334.6911363380555	38905.2	23.763292	1.067064042491501	0.00061079994	0	1
1334.6925252056562	38905.92	23.757988	1.064669614822852	0.0006106522	0	1
1334.6939140732572	39019.883	23.79032	1.0653742911725896	0.00060969737	0	1
1334.6953029408573	38968.637	23.778584	1.0615725330894852	0.000610198	0	1
1334.6966918084577	38995.082	23.784306	1.0598976335820045	0.0006099309	0	1
1334.6980806765237	38988.1	23.785942	1.0573226056415748	0.00061008206	0	1
1334.699469544124	39033.973	23.789936	1.0561887858243686	0.00060946745	0	1
1334.700858411724	39039.496	23.801502	1.0539710860428675	0.0006096775	0	1
1334.7022472793242	39032.8	23.798437	1.0514352360742398	0.00060970354	0	1
1334.7036361469252	39078.18	23.807535	1.0503121149395171	0.00060922833	0	1
1334.7050250149912	39118.07	23.822931	1.0490493530267648	0.0006090007	0	1
1334.7064138825913	39094.59	23.814125	1.0460997706327204	0.0006091412	0	1
1334.7078027501923	39089.773	23.815649	1.0436655157829409	0.0006092552	0	1
1334.709191617792	39159.56	23.826784	1.043234097309228	0.0006084539	0	1
1334.710580485392	39139.492	23.82485	1.040421520159555	0.0006087164	0	1
1334.7119693534587	39123.016	23.815428	1.0377225258095386	0.0006087319	0	1
1334.713358221059	39179.254	23.833189	1.036966590348993	0.00060831144	0	1
1334.7147470886591	39180.164	23.833424	1.0347601755746727	0.0006083033	0	1
1334.7161359562592	39253.047	23.847569	1.0344681397515363	0.0006075342	0	1
1334.7175248238602	39240.734	23.849346	1.031945748250499	0.0006077701	0	1
1334.7189136914606	39262.85	23.857435	1.0303470530280643	0.0006076338	0	1
1334.7203025595259	39233.977	23.840086	1.027429895399675	0.0006076388	0	1
1334.7216914271266	39279.35	23.861568	1.026476067814427	0.0006074838	0	1
1334.7230802947277	39323.305	23.87139	1.025500553498845	0.0006070545	0	1
1334.7244691623273	39290.96	23.865417	1.0225554878324086	0.00060740224	0	1
1334.7258580299274	39322.727	23.87148	1.02130019066587	0.00060706574	0	1
1334.7272468975284	39389.062	23.889833	1.020959333281891	0.00060650933	0	1
1334.7286357651278	39326.332	23.87204	1.0172950716099365	0.0006070243	0	1
1334.7300246327281	39365.266	23.88824	1.0162845120992035	0.0006068355	0	1
1334.7314135007946	39369.406	23.881945	1.014396539712838	0.0006066118	0	1
1334.7328023683956	39430.13	23.90242	1.0139866603887493	0.0006061969	0	1
1334.7341912359957	39403.58	23.898314	1.0113546025022784	0.0006065011	0	1
1334.7355801035953	39503.066	23.92029	1.0119869386120057	0.00060552993	0	1
1334.7369689711963	39414.914	23.894693	1.007819008976784	0.0006062348	0	1
1334.7383578387967	39474.145	23.9051	1.0074547099460291	0.0006055888	0	1
1334.739746706396	39514.516	23.922853	1.006629750066849	0.0006054194	0	1
1334.7411355739969	39510.94	23.920004	1.0047093071275728	0.00060540205	0	1
1334.7425244415979	39534.066	23.932434	1.0034929820727068	0.0006053623	0	1
1334.7439133091982	39509.758	23.921335	1.0010991115369148	0.00060545385	0	1
1334.745302177264	39513.05	23.926233	0.9994322791493835	0.00060552737	0	1
1334.7466910448643	39526.844	23.935825	0.998057314607073	0.00060555874	0	1
1334.7480799124646	39618.266	23.946753	0.9986653002400226	0.0006044372	0	1
1334.7494687800647	39592.33	23.942478	0.9963398452018283	0.0006047252	0	1
1334.750857647665	39627.414	23.951344	0.9955776317411003	0.0006044135	0	1
1334.752246515266	39577.5	23.943672	0.9927087502513848	0.0006049819	0	1
1334.7536353828662	39620.16	23.952032	0.9921906750317222	0.0006045415	0	1
1334.7550242504658	39645.36	23.958988	0.9912613887006272	0.0006043327	0	1
1334.7564131180666	39665.375	23.964527	0.9902297528999611	0.0006041674	0	1
1334.757801985667	39624.207	23.946728	0.9877007554692946	0.0006043459	0	1
1334.7591908532672	39698.855	23.9798	0.988086940907073	0.0006040426	0	1
1334.760579720868	39704.92	23.977386	0.9867929100266254	0.0006038895	0	1
1334.7619685884683	39702.348	23.97395	0.9853139770381129	0.0006038421	0	1
1334.7633574560684	39714.24	23.981226	0.9842238828732995	0.0006038445	0	1
1334.7647463236688	39715.152	23.979134	0.9828917050385115	0.00060377794	0	1
1334.7661351912689	39781.676	23.994514	0.983211599055504	0.00060315494	0	1
1334.7675240588692	39683.523	23.972328	0.9794933031816728	0.0006040877	0	1
1334.7689129264695	39795.234	23.998432	0.9809855572748865	0.0006030479	0	1
1334.7703017940703	39775.656	23.988564	0.9792696734626484	0.0006030966	0	1
1334.7716906616713	39708.3	23.961296	0.9764257954378683	0.00060343294	0	1
1334.773079529271	39786.348	23.993063	0.9771599148204845	0.00060304767	0	1
1334.774468396871	39858.43	24.014105	0.9777891356957858	0.000602485	0	1
1334.775857264472	39752.63	23.99067	0.9741021205738787	0.00060349895	0	1
1334.7772461320715	39841.734	24.010584	0.9751940111387452	0.00060264906	0	1
1334.7786349996718	39845.816	24.012533	0.9742491877632568	0.00060263625	0	1
1334.7800238672726	39915.824	24.030363	0.9749466779166072	0.000602026	0	1
1334.7814127348736	39851.97	24.01008	0.9724068073377572	0.00060248165	0	1
1334.7828016024737	39866.168	24.015518	0.9718052782684157	0.0006024035	0	1
1334.7841904700733	39867.508	24.016466	0.9709225778835517	0.00060240703	0	1
1334.7855793376743	39915.293	24.027195	0.9712026847617593	0.00060195464	0	1
1334.7869682052747	39846.56	24.011215	0.968681018522094	0.00060259196	0	1
1334.788357072874	39919.605	24.03483	0.9696390338960905	0.00060208084	0	1
1334.7897459404749	39896.324	24.027065	0.9682893491854476	0.0006022376	0	1
1334.7911348080759	39972.867	24.04438	0.969394631638961	0.0006015175	0	1
1334.7925236756755	39911.996	24.03276	0.967200451279152	0.0006021438	0	1
1334.7939125432758	39957.297	24.04383	0.9676128745711773	0.00060173817	0	1
1334.7953014108766	39896.914	24.023777	0.9654997589581079	0.00060214626	0	1
1334.796690278477	39973.73	24.036776	0.9667401717114006	0.0006013143	0	1
1334.7980791456114	39922.215	24.029127	0.9649101838667238	0.00060189865	0	1
1334.7994680132117	39931.996	24.030489	0.9645960343285387	0.0006017853	0	1
1334.8008568808127	40011.125	24.053783	0.9659896458790954	0.0006011774	0	1
1334.8022457484128	39871.957	24.022892	0.9621808775346873	0.000602501	0	1
1334.8036346160125	40050.746	24.064041	0.9660449492014368	0.0006008388	0	1
1334.8050234836132	40034.598	24.063293	0.9652056167348194	0.00060106243	0	1
1334.8064123512136	39956.44	24.044247	0.9629398830734683	0.00060176145	0	1
1334.807801218814	39981.94	24.045454	0.9632067994735294	0.00060140784	0	1
1334.8091900864147	39977.59	24.041134	0.9627884714551515	0.0006013653	0	1
1334.810578954015	40042.957	24.060083	0.9640829027868155	0.0006008568	0	1
1334.8119678211494	39994.48	24.0517	0.9626704675793321	0.0006013755	0	1
1334.8133566887498	40050.293	24.064354	0.9638024887060684	0.00060085335	0	1
1334.8147455563499	40000.742	24.053434	0.9624331681621294	0.0006013247	0	1
1334.8161344239502	40001.473	24.052198	0.9623081104902249	0.0006012828	0	1
1334.8175232915505	40041.055	24.062738	0.9631518673374909	0.00060095167	0	1
1334.8189121591513	39989.082	24.049187	0.9618276752433035	0.0006013938	0	1
1334.8203010267523	40009.195	24.06042	0.962271684364253	0.0006013722	0	1
1334.8216898938863	40014.61	24.059668	0.9623964589066107	0.0006012721	0	1
1334.8230787614864	39992.11	24.05029	0.9618841821191277	0.0006013759	0	1
1334.8244676290874	40036.934	24.062483	0.9630255442039577	0.00060100714	0	1
1334.8258564966868	39983.8	24.043964	0.961844993758239	0.00060134265	0	1
1334.8272453642871	40007.89	24.046377	0.9625563486813352	0.00060104084	0	1
1334.828634231888	40007.74	24.052057	0.9627188448613737	0.00060118514	0	1
1334.8300230994882	39993.098	24.04874	0.9625669276091491	0.0006013223	0	1
1334.831411966623	40014.54	24.056868	0.9633177649943128	0.0006012032	0	1
1334.8328008342232	40008.742	24.049528	0.9634472167290248	0.00060110685	0	1
1334.834189701824	40010.293	24.052502	0.96378781873279	0.00060115784	0	1
1334.8355785694243	39998.973	24.048939	0.963852505707863	0.0006012389	0	1
1334.8369674370238	39954.7	24.03672	0.9631567909729343	0.00060159934	0	1
1334.838356304159	40062.945	24.066486	0.96617253490158	0.00060071686	0	1
1334.8397451717601	40001.418	24.047127	0.9651285401409907	0.00060115685	0	1
1334.8411340393595	39995.336	24.051468	0.9654556098195279	0.0006013568	0	1
1334.8425229069599	39961.27	24.041588	0.9651406683570225	0.0006016222	0	1
1334.8439117745606	40007.363	24.054178	0.9667958753817559	0.00060124375	0	1
1334.8453006416953	39981.844	24.043503	0.9667546951457493	0.0006013605	0	1
1334.8466895092956	39948.34	24.032824	0.9665534209748392	0.00060159754	0	1
1334.8480783768957	39968.52	24.04303	0.9676845957509007	0.00060154917	0	1
1334.8494672444967	39986.16	24.047274	0.9687886284889099	0.0006013899	0	1
1334.8508561116312	39973.7	24.040438	0.9691970890368314	0.0006014064	0	1
1334.8522449792308	39948.438	24.034283	0.9693280631500026	0.00060163264	0	1
1334.8536338468316	39970.117	24.04151	0.9706314700596888	0.0006014871	0	1
1334.855022714432	39948.11	24.038992	0.9709073569695919	0.00060175546	0	1
1334.8564115815666	39968.445	24.042568	0.9722456624621696	0.00060153875	0	1
1334.8578004491674	39959.973	24.039719	0.9729166635622398	0.000601595	0	1
1334.8591893167677	39894.02	24.021273	0.9722196111349992	0.00060212717	0	1
1334.860578184368	39960.715	24.036217	0.9747882540065596	0.00060149614	0	1
1334.8619670515025	39879.785	24.01689	0.973788302105447	0.0006022322	0	1
1334.8633559191026	39942.49	24.03437	0.9763279423077976	0.00060172443	0	1
1334.8647447867029	39854.12	24.010658	0.9752068810322634	0.0006024636	0	1
1334.8661336543032	39860.465	24.009928	0.9764336972721914	0.0006023494	0	1
1334.8675225214379	39884.074	24.021254	0.9781166505083961	0.0006022768	0	1
1334.8689113890387	39868.305	24.008081	0.9788663375608413	0.0006021847	0	1
1334.870300256639	39841.66	24.001616	0.9793798931631066	0.0006024251	0	1
1334.8716891237734	39837.367	24.005165	0.9804739232700561	0.0006025791	0	1
1334.8730779913744	39856.094	24.003159	0.982166749642201	0.0006022456	0	1
1334.8744668589738	39818.074	23.99426	0.9824922174079267	0.0006025972	0	1
1334.8758557265742	39835.75	24.00569	0.9842227710376651	0.00060261675	0	1
1334.8772445937093	39798.656	23.996658	0.9846307804007892	0.00060295145	0	1
1334.8786334613096	39703.953	23.967407	0.983653687000836	0.0006036529	0	1
1334.88002232891	39772.438	23.985815	0.9867224240844912	0.0006030763	0	1
1334.8814111960446	39780.164	23.990086	0.9883307125527592	0.0006030665	0	1
1334.8828000636454	39778.996	23.984438	0.9897487830633312	0.00060294225	0	1
1334.8841889312457	39727.44	23.971178	0.9899415452419026	0.0006033909	0	1
1334.8855777983795	39779.207	23.98611	0.992739007430229	0.00060298113	0	1
1334.8869666659805	39679.406	23.9622	0.9917819564548969	0.0006038951	0	1
1334.8883555335815	39714.76	23.972445	0.9942302657610149	0.0006036155	0	1
1334.8897444007152	39732.87	23.959879	0.996278357668993	0.0006030241	0	1
1334.8911332683156	39628.152	23.942358	0.9952722362594549	0.0006041755	0	1
1334.8925221359164	39664.03	23.958677	0.9978233370375064	0.0006040404	0	1
1334.893911003051	39722.09	23.968676	1.0009649905676288	0.00060340925	0	1
1334.8952998706513	39664.527	23.954119	1.0012214761557818	0.0006039179	0	1
1334.8966887377858	39612.434	23.93806	1.0016393474304368	0.00060430676	0	1
1334.8980776053868	39674.98	23.958231	1.0049843039749615	0.00060386246	0	1
1334.8994664729871	39614.707	23.943691	1.0052457661086232	0.0006044142	0	1
1334.9008553401209	39641.9	23.94682	1.0077524215993539	0.0006040785	0	1
1334.9022442077217	39471.367	23.90384	1.005262756335768	0.0006055995	0	1
1334.903633075322	39614.22	23.945564	1.0107599033302075	0.0006044689	0	1
1334.9050219424557	39559.36	23.917484	1.0112526427455706	0.0006045974	0	1
1334.9064108100567	39541.61	23.916752	1.01271639909734	0.00060485024	0	1
1334.907799677192	39555.27	23.927486	1.015009944567882	0.00060491276	0	1
1334.9091885447924	39551.445	23.91567	1.0168804872087507	0.0006046725	0	1
1334.9105774123925	39494.14	23.90819	1.0173977571754471	0.00060536043	0	1
1334.911966279527	39527.695	23.91382	1.0202788481755816	0.000604989	0	1
1334.9133551471273	39423.04	23.883953	1.0196128115078236	0.00060583744	0	1
1334.914744014262	39456.895	23.892412	1.0225490879192842	0.000605532	0	1
1334.9161328818623	39421.47	23.889017	1.0237129778191012	0.00060599	0	1
1334.9175217489974	39437.14	23.894108	1.0262254991030404	0.0006058783	0	1
1334.9189106165977	39427.246	23.89383	1.028095360093961	0.0006060233	0	1
1334.9202994841978	39413.89	23.888783	1.0298955855934782	0.0006061006	0	1
1334.9216883513332	39368.984	23.874693	1.0308895921489087	0.00060643407	0	1
1334.9230772189326	39397.57	23.878529	1.0338280565791584	0.0006060914	0	1
1334.9244660860672	39360.816	23.872082	1.0350719325966526	0.00060649356	0	1
1334.9258549536682	39361.137	23.863977	1.037308661658264	0.00060628273	0	1
1334.9272438208027	39364.02	23.87165	1.039632558600737	0.00060643326	0	1
1334.9300215555377	39328.324	23.867336	1.0432378455284872	0.00060687395	0	1
1334.9314104231385	39326.145	23.859781	1.045480976900906	0.0006067155	0	1
1334.9327992902731	39307.395	23.86183	1.0472996677512767	0.000607057	0	1
1334.9341881578725	39294.81	23.854864	1.0492974831599686	0.0006070742	0	1
1334.9355770254735	39219.156	23.831074	1.0496221143864584	0.0006076386	0	1
1334.936965892609	39268.883	23.841866	1.0533162730446453	0.000607144	0	1
1334.9383547602083	39254.715	23.840767	1.0553136749787337	0.0006073351	0	1
1334.939743627343	39200.535	23.825155	1.0562455953602583	0.0006077763	0	1
1334.9411324949438	39117.96	23.802275	1.056419615409979	0.0006084743	0	1
1334.9425213620777	39234.74	23.834518	1.0619903979465544	0.00060748507	0	1
1334.9439102296778	39128.72	23.802046	1.0615422893087532	0.0006083012	0	1
1334.9452990968132	39134.316	23.802658	1.06412940600168	0.00060822984	0	1
1334.9466879644142	39115.145	23.792688	1.066053190364418	0.000608273	0	1
1334.9480768315489	39027.375	23.77782	1.0661101954737884	0.00060926005	0	1
1334.9494656986826	39118.168	23.800198	1.0710565098357858	0.000608418	0	1
1334.9508545662834	39074.418	23.781675	1.07233007586816	0.0006086252	0	1
1334.952243433418	39014.758	23.776512	1.0731686493185675	0.00060942356	0	1
1334.9536323010177	39055.105	23.783445	1.0767643288503832	0.00060897146	0	1
1334.955021168153	38983.75	23.766388	1.0772850108649659	0.0006096486	0	1
1334.9564100357538	39015.977	23.774593	1.0806715175021664	0.00060935534	0	1
1334.9577989028885	39007.605	23.771095	1.0829402011347857	0.00060939643	0	1
1334.9591877704886	39039.33	23.781948	1.08632782079701	0.00060917926	0	1
1334.9605766376233	38869.254	23.723381	1.0840903635495442	0.00061033794	0	1
1334.9619655052234	38979.746	23.762543	1.0896858447488933	0.00060961256	0	1
1334.963354372358	38978.363	23.760984	1.0921583367588232	0.0006095942	0	1
1334.9647432394927	38943.8	23.748714	1.093699877851055	0.0006098201	0	1
1334.9661321070935	38842.137	23.714226	1.0933483501932273	0.00061052834	0	1
1334.9675209742281	38905.707	23.742266	1.0976448004468262	0.0006102515	0	1
1334.9689098418285	38905.535	23.747091	1.10014544037342	0.0006103782	0	1
1334.9702987089636	38892.184	23.738333	1.102270096819939	0.00061036256	0	1
1334.971687576563	38837.375	23.713959	1.1032120911911645	0.0006105963	0	1
1334.9730764436977	38883.094	23.73482	1.1070048495908196	0.0006104149	0	1
1334.974465310833	38771.918	23.70183	1.1063214839822828	0.0006113144	0	1
1334.978631913168	38770.46	23.705349	1.1136850636326923	0.0006114281	0	1
1334.9800207803025	38766.43	23.702509	1.1160209194981485	0.0006114184	0	1
1334.9814096474372	38794.152	23.703598	1.119262583245108	0.00061100954	0	1
1334.9827985150373	38757.605	23.700914	1.1206386432107422	0.0006115165	0	1
1334.9841873821726	38698.355	23.680708	1.1213405144214141	0.0006119306	0	1
1334.985576249308	38646.418	23.674187	1.122234635474781	0.00061258423	0	1
1334.9952983206476	37818.93	23.443129	1.1142102685041395	0.0006198782	0	1
1335.0077981262564	36130.746	22.966604	1.0826948449723925	0.0006356526	0	1
1335.009186993391	35992.402	22.926088	1.0804400785220123	0.0006369702	0	1
1335.0105758605255	35767.793	22.86246	1.0755482516420087	0.00063919125	0	1
1335.0119647281258	35515.207	22.79114	1.069761348030022	0.00064172904	0	1
1335.0133535952605	35261.79	22.719875	1.0638938122326613	0.00064432	0	1
1335.0147424623956	35060.258	22.667892	1.0595384749211263	0.00064654095	0	1
1335.016131329996	34794.527	22.579159	1.0531888750886935	0.00064892846	0	1
1335.0175201971297	34534.12	22.512997	1.046943263038093	0.0006519059	0	1
1335.0286311351392	32482.055	21.897217	0.9958797468919375	0.0006741327	0	1
1335.0300200022737	32111.842	21.800276	0.9857516334356732	0.0006788859	0	1
1335.031408869408	31834.365	21.70962	0.9784091736760046	0.0006819555	0	1
1335.032797737009	31626.113	21.648785	0.9731394956814411	0.00068452244	0	1
1335.0341866041445	31268.182	21.54049	0.9632068527152569	0.0006888948	0	1
1335.0355754712782	30977.68	21.447556	0.9552916387071918	0.00069235516	0	1
1335.0369643384129	30675.342	21.365921	0.9469541360010416	0.00069651776	0	1
1335.0383532060137	30422.39	21.29107	0.9400856151426793	0.0006998487	0	1
1335.0397420731476	30172.15	21.215115	0.9332473538709404	0.0007031356	0	1
1335.0411309402823	29847.072	21.11142	0.9240391935426251	0.0007073196	0	1
1335.0425198074176	29599.535	21.026047	0.9171771777895084	0.0007103506	0	1
1335.0439086745528	29305.383	20.946604	0.9088177798726057	0.0007147698	0	1
1335.045297542153	29055.174	20.864376	0.9017687365209981	0.00071809505	0	1
1335.0480752764222	28523.443	20.703009	0.8865459472946946	0.0007258243	0	1
1335.0494641435566	28217.152	20.60346	0.8776018253833956	0.00073017506	0	1
1335.0508530106906	27981.188	20.527422	0.870795483371742	0.00073361513	0	1
1335.0522418782916	27715.057	20.445345	0.8630024342423886	0.0007376981	0	1
1335.0536307454267	27508.785	20.378746	0.8570266116547312	0.00074080867	0	1
1335.0550196125607	27211.969	20.28089	0.8481835090841781	0.000745293	0	1
1335.0564084796952	27114.068	20.245232	0.8454963506194014	0.0007466689	0	1
1335.0577973468305	26824.385	20.146463	0.8367855083797411	0.00075105036	0	1
1335.059186213965	26685.764	20.111286	0.8327438020035711	0.0007536335	0	1
1335.0605750815653	26478.77	20.037712	0.8265268405802387	0.00075674633	0	1
1335.0619639487	26336.74	19.998072	0.8222966237430583	0.0007593222	0	1
1335.063352815835	26153.312	19.931908	0.8167335609122066	0.0007621179	0	1
1335.0647416829697	25933.178	19.8484	0.8099840983169746	0.00076536706	0	1
1335.0661305501035	25871.025	19.837957	0.8081300759246974	0.0007668021	0	1
1335.0675194172388	25762.664	19.807013	0.8045888885150786	0.0007688263	0	1
1335.0689082843735	25664.996	19.765207	0.8013829739807575	0.00077012315	0	1
1335.0702971519736	25679.895	19.76869	0.8016924792969747	0.000769812	0	1
1335.071686019109	25544.037	19.722511	0.7972963788179651	0.0007720984	0	1
1335.0730748862434	25482.715	19.7203	0.7952279709763896	0.0007738697	0	1
1335.074463753378	25561.625	19.730804	0.7975356887304391	0.0007718916	0	1
1335.0758526205127	25540.686	19.726015	0.7967277568916876	0.00077233696	0	1
1335.0772414876474	25676.31	19.777313	0.8008031338387565	0.0007702553	0	1
1335.0786303547818	25690.145	19.780127	0.8010791993489125	0.00076995	0	1
1335.0800192219162	25759.127	19.807602	0.8030744824852584	0.0007689547	0	1
1335.0814080890516	25855.516	19.8343	0.8059232520286658	0.0007671206	0	1
1335.082796956187	26017.855	19.896141	0.8108262342008471	0.000764711	0	1
1335.0841858237864	26168.691	19.934528	0.8151245237995979	0.0007617702	0	1
1335.085574690921	26221.465	19.961113	0.8163283426872567	0.00076125085	0	1
1335.0869635580561	26437.727	20.036554	0.8225805183898245	0.00075787737	0	1
1335.0883524251901	26667.645	20.100039	0.8292125835783367	0.0007537238	0	1
1335.0897412923248	26848.262	20.15192	0.8342667932047683	0.00075058563	0	1
1335.0911301594601	27093.643	20.238369	0.8412876478940302	0.0007469785	0	1
1335.0925190265946	27251.729	20.288689	0.8455521677829498	0.0007444918	0	1
1335.093907893729	27535.537	20.376762	0.8536703458137738	0.00074001687	0	1
1335.0952967608637	27757.701	20.457256	0.8598280958142268	0.0007369939	0	1
1335.096685627999	28026.691	20.53686	0.8673868289193806	0.00073276076	0	1
1335.0980744951335	28219.494	20.59763	0.872538504917262	0.0007299078	0	1
1335.0994633622674	28576.838	20.70346	0.8827254307118438	0.000724484	0	1
1335.1008522294028	28775.197	20.76491	0.8879484520426364	0.0007216253	0	1
1335.102241096538	29086.178	20.871675	0.89659467054931	0.00071758055	0	1
1335.103629963672	29310.648	20.93265	0.9025208719428411	0.00071416533	0	1
1335.1050188308063	29597.424	21.023212	0.9103125825707429	0.00071030547	0	1
1335.1064076979417	29884.812	21.101719	0.9180676078423035	0.00070610177	0	1
1335.1077965650761	30167.842	21.192745	0.9256328779374627	0.0007024946	0	1
1335.1091854322108	30378.777	21.26822	0.930932843022703	0.00070010126	0	1
1335.1105742993454	30771.564	21.387629	0.9417476178970722	0.0006950452	0	1
1335.1119631664806	30952.63	21.43153	0.9460258671862702	0.0006923977	0	1
1335.1133520336152	31307.82	21.542984	0.9555702170292318	0.00068810233	0	1
1335.114740900749	31583.967	21.628807	0.9626421318172557	0.00068480335	0	1
1335.1161297678843	31873.09	21.720928	0.9700522317921496	0.00068148173	0	1
1335.117518635019	32199.871	21.820337	0.9785487110895227	0.00067765295	0	1
1335.1189075021534	32340.607	21.851784	0.9813382353662513	0.00067567633	0	1
1335.1202963692888	32730.832	21.967346	0.991642114460242	0.0006711515	0	1
1335.1216852364234	32984.2	22.049723	0.9977383023652862	0.0006684935	0	1
1335.1230741035579	33279.94	22.136215	1.0050593967051187	0.00066515186	0	1
1335.1244629706925	33502.863	22.209692	1.0101260080148406	0.0006629192	0	1
1335.1258518378272	33842.04	22.300804	1.018640336087369	0.00065896753	0	1
1335.1272407049617	34081.164	22.370674	1.0240850938509694	0.00065639406	0	1
1335.128629572096	34260.934	22.425714	1.0276966760262054	0.00065455644	0	1
1335.1300184392308	34646.508	22.536726	1.0374245376581928	0.00065047614	0	1
1335.131407306366	34735.234	22.565254	1.0382119770730394	0.00064963585	0	1
1335.1327961735005	35052.547	22.641022	1.0457837768087348	0.0006459166	0	1
1335.1341850406352	35265.89	22.702024	1.0501994297190957	0.0006437389	0	1
1335.1355739077705	35639.086	22.819483	1.0593182946961914	0.0006402937	0	1
1335.1369627749045	35708.984	22.839928	1.0593735336543804	0.0006396129	0	1
1335.138351642039	35930.117	22.899412	1.0638759436080591	0.000637332	0	1
1335.1397405091743	36222.54	22.978004	1.0704375392672465	0.0006343565	0	1
1335.141129375843	36441.348	23.038063	1.0747727184317355	0.0006321957	0	1
1335.1425182429778	36653.074	23.098923	1.0788532539816778	0.0006302042	0	1
1335.1439071101122	36780.457	23.133896	1.0804114711510853	0.0006289725	0	1
1335.1452959772475	37040.027	23.214218	1.0858107071636978	0.0006267333	0	1
1335.146684844382	37257.3	23.277637	1.0899233512392488	0.00062478054	0	1
1335.148073711516	37405.492	23.313662	1.0919758052743784	0.0006232684	0	1
1335.1508514457864	37667.242	23.382738	1.0949717733574533	0.0006207712	0	1
1335.1522403129204	37897.926	23.448153	1.0993186495689176	0.0006187186	0	1
1335.1536291800548	37993.297	23.481468	1.0997066659895811	0.00061804237	0	1
1335.1550180467245	38093.14	23.501978	1.100199344423939	0.00061696087	0	1
1335.1577957809936	38365.77	23.57253	1.1032103468865857	0.0006144157	0	1
1335.1591846481283	38543.527	23.634108	1.1058637723566929	0.0006131797	0	1
1335.1605735152634	38568.793	23.63544	1.1041201530142846	0.0006128126	0	1
1335.161962382398	38665.363	23.662865	1.1044020169881246	0.0006119913	0	1
1335.163351249532	38699.793	23.670643	1.1028934899940868	0.0006116478	0	1
1335.1647401162018	38707.055	23.684246	1.1006019003813772	0.00061188446	0	1
1335.1661289833362	38777.62	23.708078	1.1001000801215015	0.00061138556	0	1
1335.1675178504702	38698.938	23.671455	1.0953456922532223	0.0006116823	0	1
1335.1689067176053	38872.297	23.717682	1.0977306433905656	0.0006101436	0	1
1335.1702955847406	38810.926	23.70675	1.0934911957443836	0.0006108267	0	1
1335.171684451875	38784.227	23.69561	1.090218302466602	0.00061095995	0	1
1335.173073318544	38792.81	23.696442	1.0879375537498075	0.00061084627	0	1
1335.1744621856787	38825.184	23.70925	1.0863214822494887	0.00061066676	0	1
1335.1758510528132	38876.832	23.729	1.0852401320856242	0.0006103635	0	1
1335.1772399199479	38858.043	23.720768	1.082192144835433	0.0006104468	0	1
1335.1786287870823	38921.43	23.734802	1.0814324220878002	0.0006098132	0	1
1335.1800176542176	38875.098	23.72784	1.0776264367104007	0.00061036093	0	1
1335.1814065208864	38957.258	23.74363	1.0773841496942425	0.000609479	0	1
1335.182795388021	38911.86	23.731525	1.0736167485810375	0.000609879	0	1
1335.1841842551564	38921.668	23.732529	1.071380602408894	0.0006097511	0	1
1335.1855731222904	38936.453	23.729877	1.0692863633361682	0.00060945144	0	1
1335.1869619889592	38936.266	23.740952	1.0667872537935508	0.0006097388	0	1
1335.1883508560945	38975.484	23.741352	1.065373300615851	0.00060913555	0	1
1335.189739723229	39002.574	23.759966	1.0636322983436008	0.0006091897	0	1
1335.1911285903636	39015.516	23.760017	1.0615123437945064	0.0006089889	0	1
1335.192517457498	38938.24	23.7309	1.056951662460859	0.00060944975	0	1
1335.1939063241678	39078.695	23.773787	1.0583086651483884	0.0006083567	0	1
1335.1952951913022	39030.617	23.759357	1.054565246742337	0.0006087364	0	1
1335.1966840584362	39060.48	23.771784	1.0529410164667816	0.00060858915	0	1
1335.1980729255715	39156.812	23.7996	1.053113541151588	0.0006078023	0	1
1335.199461792241	39135.62	23.79287	1.0501341065906447	0.0006079594	0	1
1335.200850659375	39120.81	23.787733	1.0473421268134002	0.0006080583	0	1
1335.2022395265094	39205.52	23.805733	1.047225020272601	0.0006072036	0	1
1335.2036283936447	39101.113	23.779074	1.0420728362043963	0.00060814316	0	1
1335.205017260313	39150.04	23.801355	1.0410262796222962	0.0006079523	0	1
1335.2064061274477	39179.902	23.805452	1.0394845516991804	0.00060759345	0	1
1335.2077949945829	39177.16	23.80208	1.037093147981539	0.0006075499	0	1
1335.2091838612525	39221.598	23.81003	1.035965773994663	0.0006070642	0	1
1335.210572728387	39221.24	23.805162	1.0336706759504914	0.0006069457	0	1
1335.211961595521	39214.344	23.810873	1.0312223743961324	0.00060719805	0	1
1335.2133504626563	39254.207	23.821764	1.0300208928171595	0.00060685887	0	1
1335.214739329325	39301.07	23.832237	1.0290177691421105	0.0006064017	0	1
1335.216128196459	39286.383	23.83179	1.0264213601645857	0.0006066171	0	1
1335.2175170635942	39301.38	23.833399	1.0246210686415993	0.0006064265	0	1
1335.2189059302639	39300.203	23.83123	1.022419452042797	0.0006063895	0	1
1335.2202947973983	39398.062	23.865124	1.0228170203187716	0.0006057436	0	1
1335.221683664533	39370.035	23.854628	1.0199516035205696	0.0006059082	0	1
1335.223072531202	39413.48	23.862482	1.0189659147350079	0.0006054396	0	1
1335.2244613983366	39204.746	23.806747	1.0114994830385087	0.00060724147	0	1
1335.225850265471	39443.188	23.873833	1.0155773012216456	0.0006052714	0	1
1335.2272391321399	39415.28	23.866478	1.0128171890963307	0.00060551334	0	1
1335.2286279992752	39336.113	23.839043	1.0087775675614534	0.00060603453	0	1
1335.2300168664096	39476.355	23.881355	1.0103695917463604	0.0006049534	0	1
1335.231405733078	39448.895	23.876406	1.0076966373979712	0.000605249	0	1
1335.2327946002133	39478.344	23.886114	1.0065024532483333	0.0006050435	0	1
1335.2341834673484	39522.684	23.894672	1.0057097732441365	0.0006045812	0	1
1335.2355723340174	39523.37	23.892693	1.0038299435507672	0.0006045206	0	1
1335.236961201152	39447.53	23.874456	1.000045924206731	0.00060522056	0	1
1335.2383500682868	39523.957	23.899677	1.0001288981136718	0.00060468836	0	1
1335.2397389349555	39568.836	23.905157	0.9994445042291211	0.00060414104	0	1
1335.24112780209	39550.54	23.904146	0.9971902472058025	0.00060439494	0	1
1335.2425166692246	39557.64	23.908213	0.9956042355402334	0.00060438924	0	1
1335.2439055358943	39562.473	23.907906	0.9939882146100435	0.0006043077	0	1
1335.2452944030288	39600.617	23.91167	0.9932352017379339	0.00060382066	0	1
1335.2466832696978	39654.875	23.928524	0.992921997023583	0.0006034195	0	1
1335.248072136833	39580.848	23.910757	0.9894030981681221	0.0006040992	0	1
1335.2494610039669	39650.65	23.930367	0.9895197956789641	0.00060353026	0	1
1335.2508498706359	39553.156	23.893826	0.9855157470221261	0.000604094	0	1
1335.2522387377712	39784.188	23.961218	0.9896969830889074	0.00060227996	0	1
1335.25362760444	39672.664	23.940886	0.9853568618905655	0.0006034605	0	1
1335.2550164715744	39685.844	23.938046	0.9841718781628369	0.0006031885	0	1
1335.256405338709	39698.066	23.948233	0.9829920346601387	0.0006032594	0	1
1335.2577942053788	39745.94	23.959352	0.9827228331638455	0.00060281256	0	1
1335.2591830725132	39670.117	23.937212	0.9794263816382051	0.00060340663	0	1
1335.2605719391815	39751.97	23.95532	0.9800530638384597	0.0006026197	0	1
1335.261960806317	39771.098	23.959661	0.9791604656412439	0.00060243905	0	1
1335.2633496729864	39714.72	23.948906	0.9764409145053045	0.00060302345	0	1
1335.2647385401203	39689.918	23.940264	0.974545221434001	0.0006031825	0	1
1335.266127406789	39780.145	23.955736	0.9754751798497494	0.00060220336	0	1
1335.2675162739245	39867.152	23.981045	0.9763799384660897	0.0006015239	0	1
1335.2689051410584	39788.37	23.966455	0.9732272097548593	0.00060234824	0	1
1335.2702940077272	39733.04	23.950386	0.9707123033509985	0.00060278265	0	1
1335.2716828748626	39839.348	23.974356	0.9721477060978997	0.0006017758	0	1
1335.273071741532	39872.004	23.987364	0.9718282064505029	0.0006016092	0	1
1335.2744606086667	39896.02	23.994364	0.9713285546929734	0.0006014225	0	1
1335.2758494753348	39832.32	23.976078	0.9687265370411139	0.0006019252	0	1
1335.2772383424701	39912.01	24.004896	0.9696436531155374	0.0006014454	0	1
1335.2786272091391	39887.5	23.993496	0.9680601581606723	0.0006015292	0	1
1335.2800160762731	39877.324	23.991507	0.9668579113087752	0.0006016328	0	1
1335.2814049429426	39967.508	24.014158	0.9681507770231317	0.000600842	0	1
1335.2827938100777	39811.203	23.96829	0.9634759658325488	0.0006020489	0	1
1335.2841826767467	39961.086	24.007957	0.966213022844963	0.0006007834	0	1
1335.2855715438814	39837.215	23.975512	0.9623942649737276	0.00060183706	0	1
1335.2869604105504	39871.758	23.98158	0.9624372397227885	0.00060146785	0	1
1335.2883492776848	39867.133	23.989882	0.9615671327341576	0.00060174585	0	1
1335.2897381443536	39954.85	24.009645	0.9629558150819176	0.0006009194	0	1
1335.2911270114882	39903.812	23.991707	0.9610327412051991	0.00060123845	0	1
1335.292515878158	39948.285	24.00289	0.9614432860176387	0.00060084905	0	1
1335.2939047452924	39934.016	24.006687	0.9604728429335474	0.0006011589	0	1
1335.2952936119614	40048.69	24.038889	0.9626519600770259	0.00060024153	0	1
1335.2966824790965	39941.016	24.003689	0.9594869964330457	0.00060097844	0	1
1335.2980713457648	39985.23	24.019646	0.9600215830508888	0.00060071296	0	1
1335.2994602128995	39981.28	24.01559	0.9594327513813973	0.0006006709	0	1
1335.3008490795692	39987.598	24.02071	0.9591237831759479	0.000600704	0	1
1335.302237946238	39962.312	24.010216	0.9580906151233733	0.00060082146	0	1
1335.3036268133724	39955.96	23.996948	0.9575453033184235	0.00060058496	0	1
1335.3050156800414	39990.645	24.017853	0.9580167671364631	0.00060058676	0	1
1335.306404547176	40013.71	24.024502	0.9582431000533168	0.0006004067	0	1
1335.307793413845	40014.613	24.023153	0.9579721681859046	0.0006003595	0	1
1335.3091822809795	39968.93	24.011944	0.9566199625551102	0.0006007652	0	1
1335.3105711476492	40022.47	24.022472	0.9576762624602921	0.00060022465	0	1
1335.3119600143186	39975.535	24.012594	0.956362092961051	0.0006006822	0	1
1335.3133488814526	40047.176	24.035301	0.9579183304747583	0.0006001747	0	1
1335.3147377481214	40002.348	24.01998	0.9567223195923301	0.00060046423	0	1
1335.3161266152567	40010.605	24.017914	0.9568298287936665	0.0006002887	0	1
1335.317515481925	40044.39	24.02469	0.9575815107916299	0.0005999515	0	1
1335.3189043490595	40031.43	24.028883	0.9572491047092305	0.00060025044	0	1
1335.3202932157292	40064.453	24.035154	0.9580500864726433	0.0005999122	0	1
1335.3216820823986	40017.523	24.02856	0.9569729174683232	0.00060045096	0	1
1335.3230709495333	40019.26	24.018944	0.9570932731074893	0.0006001846	0	1
1335.3244598162014	40007.23	24.02135	0.9569180084379277	0.00060042524	0	1
1335.325848682871	40041.348	24.0225	0.9578803306910431	0.00059994234	0	1
1335.3272375500057	40068.25	24.036335	0.9587039966986274	0.00059988484	0	1
1335.328626416674	40025.004	24.02548	0.9578828159982463	0.0006002618	0	1
1335.3300152838092	40050.23	24.028238	0.9587338777969325	0.00059995253	0	1
1335.3314041504789	40016.297	24.024536	0.9582022740750914	0.0006003688	0	1
1335.3550148866457	39936.344	24.00875	0.9661283737645291	0.0006011755	0	1
1335.3564037533147	39977.902	24.021072	0.9680082534336857	0.00060085877	0	1
1335.3577926199835	39945.938	24.012299	0.9681402652706624	0.00060111994	0	1
1335.3591814866531	40002.676	24.025162	0.9704547934829731	0.00060058886	0	1
1335.3605703537883	39948.938	24.011192	0.9701212217663999	0.00060104707	0	1
1335.3619592204566	39891.195	23.99451	0.9697195071526932	0.00060149893	0	1
1335.3633480871254	39917.977	24.001928	0.971403396520312	0.0006012812	0	1
1335.364736953795	39887.496	23.992918	0.9717252626639749	0.00060151477	0	1
1335.366125820929	39900.89	23.99906	0.9731469509207433	0.00060146675	0	1
1335.367514687598	39900.89	23.999386	0.9742735941852929	0.00060147495	0	1
1335.3689035542675	39852.05	23.988789	0.9742374024397418	0.00060194614	0	1
1335.370292420937	39813.004	23.97378	0.9744689632516417	0.00060215953	0	1
1335.3716812880716	39810.484	23.973537	0.9756240750731925	0.00060219155	0	1
1335.37307015474	39878.45	23.991747	0.9785391556708632	0.00060162187	0	1
1335.3744590214096	39800.55	23.971033	0.9779051243312498	0.0006022789	0	1
1335.3758478880784	39822.945	23.97632	0.9797637639096332	0.000602073	0	1
1335.3772367552124	39853.883	23.98363	0.9818644199324139	0.00060178904	0	1
1335.3786256218818	39750.625	23.961388	0.9806863425548465	0.0006027927	0	1
1335.3800144885515	39792.44	23.971262	0.9831149263408301	0.00060240744	0	1
1335.3814033552198	39797.844	23.97223	0.9846749726205896	0.00060235	0	1
1335.3827922223543	39769.473	23.962425	0.9854278002582785	0.00060253317	0	1
1335.384181089024	39722.285	23.94972	0.9857405950375273	0.0006029291	0	1
1335.3855699556927	39651.05	23.929483	0.9854809288030836	0.00060350186	0	1
1335.3869588223617	39696.87	23.94304	0.9881580581475344	0.0006031468	0	1
1335.3883476890305	39696.293	23.944536	0.9897102293830017	0.00060319324	0	1
1335.3897365561659	39676.707	23.938404	0.9908157092129761	0.0006033365	0	1
1335.3911254228346	39656.223	23.930262	0.9919248839835976	0.0006034428	0	1
1335.392514289503	39632.65	23.92515	0.9929824362205047	0.00060367276	0	1
1335.3939031561727	39631.418	23.923124	0.9946259683410028	0.0006036404	0	1
1335.3952920228417	39651.367	23.928797	0.996828769037368	0.00060347974	0	1
1335.3966808895104	39607.11	23.916264	0.9974429907140494	0.00060383766	0	1
1335.3980697566458	39635.207	23.92265	0.9999050116912174	0.0006035707	0	1
1335.3994586233146	39602.797	23.914299	1.00086638926333	0.0006038538	0	1
1335.4008474899836	39568.348	23.896347	1.0017989187842964	0.00060392584	0	1
1335.4022363566523	39572.406	23.904013	1.0037303824158101	0.0006040576	0	1
1335.4036252233213	39547.89	23.900915	1.0049611594396322	0.0006043537	0	1
1335.4050140899903	39517.58	23.890333	1.0060667321023016	0.00060454954	0	1
1335.4064029571248	39472.13	23.881968	1.0068076423664964	0.0006050337	0	1
1335.4077918237945	39530.348	23.89252	1.0102173775038767	0.0006044096	0	1
1335.409180690464	39509.55	23.894243	1.011633245966593	0.0006047713	0	1
1335.4105695571322	39452.734	23.873947	1.0121462010534164	0.00060512783	0	1
1335.4119584238013	39470.8	23.883392	1.0146011242264403	0.0006050901	0	1
1335.413347290471	39424.36	23.86942	1.015418820640385	0.0006054485	0	1
1335.4147361571397	39368.254	23.854559	1.016004323106389	0.0006059339	0	1
1335.4161250242742	39426.133	23.864948	1.019553154758182	0.00060530787	0	1
1335.4175138909432	39360.67	23.851223	1.019933141442634	0.00060596585	0	1
1335.4189027576122	39379.344	23.851774	1.0225114250652805	0.0006056925	0	1
1335.42168049095	39336.36	23.839622	1.025639766708578	0.0006060455	0	1
1335.4230693576196	39362.363	23.846315	1.028470569803341	0.00060581515	0	1
1335.424458224289	39264.914	23.820635	1.0280905983323012	0.00060666463	0	1
1335.4258470909572	39277.402	23.828049	1.0306027440235668	0.0006066605	0	1
1335.4272359576262	39251.06	23.816746	1.0321129474335002	0.0006067797	0	1
1335.4286248242959	39261.957	23.821917	1.0346188073990081	0.000606743	0	1
1335.4300136909642	39235.91	23.816013	1.0361669337508757	0.0006069953	0	1
1335.4314025580986	39217.793	23.808027	1.0379381045273846	0.0006070721	0	1
1335.4327914247683	39257.625	23.81515	1.041259815000207	0.00060663756	0	1
1335.4341802914378	39172.547	23.802156	1.0412808390998256	0.0006076234	0	1
1335.4355691581068	39155.594	23.79219	1.0431212556504308	0.000607632	0	1
1335.4369580247749	39169.117	23.797213	1.0457872304044038	0.0006075504	0	1
1335.4383468914446	39127.016	23.78497	1.046979612555581	0.00060789124	0	1
1335.4397357581136	39169.324	23.792067	1.0504433347146367	0.0006074158	0	1
1335.4411246247819	39074.82	23.770033	1.0502468981289652	0.000608321	0	1
1335.4425134914513	39077.543	23.770073	1.0526695639504893	0.0006082796	0	1
1335.4439023581208	39047.668	23.768692	1.0542231814839331	0.00060870964	0	1
1335.4452912247898	39064.46	23.767624	1.0570460124725491	0.00060842064	0	1
1335.4466800914588	39030.64	23.75704	1.0585076306758523	0.00060867664	0	1
1335.4480689581278	39021.254	23.757586	1.06063793602937	0.00060883706	0	1
1335.4494578247966	38998.957	23.748365	1.0624233759467976	0.00060894876	0	1
1335.4508466914654	38995.023	23.745512	1.0647147419753447	0.000608937	0	1
1335.4522355581344	39013.832	23.75069	1.0676345333835657	0.0006087762	0	1
1335.453624424804	38948.367	23.73698	1.068251080154661	0.00060944736	0	1
1335.4550132914728	38972.465	23.739866	1.0713266161952686	0.00060914457	0	1
1335.4564021581411	38918.086	23.723402	1.0722473333171805	0.0006095727	0	1
1335.4577910248108	38923.562	23.728529	1.0748176784389003	0.0006096186	0	1
1335.4591798914796	38908.78	23.720972	1.0768308412845424	0.000609656	0	1
1335.4605687581486	38867.516	23.715605	1.0781095390384348	0.0006101652	0	1
1335.4619576248183	38909.43	23.71969	1.0816967244682745	0.0006096129	0	1
1335.463346491487	38839.15	23.704136	1.0821634663641697	0.00061031553	0	1
1335.4647353581558	38869.332	23.714178	1.0854265098006188	0.0006101	0	1
1335.4661242248249	38837.05	23.701927	1.0869438435328613	0.0006102916	0	1
1335.4675130914939	38752.203	23.680443	1.0869806111292213	0.00061107345	0	1
1335.4689019581629	38817.61	23.695314	1.0912277886876816	0.00061042694	0	1
1335.4702908248316	38767.684	23.687767	1.0922299715481123	0.0006110184	0	1
1335.4716796915013	38754.426	23.681322	1.0942566634279824	0.0006110611	0	1
1335.4730685581708	38754.99	23.677069	1.0966672785175071	0.0006109425	0	1
1335.474457424839	38712.867	23.66884	1.0978610984628925	0.00061139464	0	1
1335.4758462915079	38720.547	23.672287	1.1004578197214068	0.0006113624	0	1
1335.4786240248459	38690.676	23.657055	1.104337648019677	0.00061144074	0	1
1335.4800128915147	38500.625	23.608727	1.1012514062194136	0.00061320374	0	1
1335.4814017577187	38408.395	23.583525	1.1009351988341	0.00061402004	0	1
1335.4827906243881	38344.88	23.565195	1.101420939618185	0.0006145591	0	1
1335.4841794910571	38210.527	23.527393	1.0998474897920352	0.00061573065	0	1
1335.4855683577252	38094.305	23.502666	1.0987673977307213	0.0006169601	0	1
1335.486957224395	37966.715	23.463709	1.0973305906486406	0.0006180073	0	1
1335.488346091064	37843.33	23.42667	1.0959852109214214	0.0006190436	0	1
1335.4897349577323	37679.527	23.382929	1.0934364624361852	0.0006205738	0	1
1335.4911238244017	37477.9	23.330313	1.0897517647370496	0.0006225086	0	1
1335.4925126910712	37332.566	23.287329	1.087666201743832	0.00062378054	0	1
1335.4939015577395	37140.805	23.236319	1.0841900200515342	0.00062562776	0	1
1335.4952904244085	36948.45	23.17605	1.0806552756211885	0.00062725367	0	1
1335.4966792906125	36745.684	23.120764	1.0767736099704954	0.0006292103	0	1
1335.4980681572813	36526.234	23.063208	1.0723585376744336	0.0006314149	0	1
1335.49945702395	36345.47	23.008764	1.069035304723047	0.0006330573	0	1
1335.500845890619	36094.496	22.94119	1.0636009863394325	0.00063558697	0	1
1335.5022347572888	35903.164	22.881048	1.0598769688494174	0.0006372989	0	1
1335.5036236239575	35658.727	22.812452	1.054538039511988	0.00063974387	0	1
1335.5050124906259	35404.336	22.740738	1.0488538328256212	0.0006423151	0	1
1335.5064013572955	35210.652	22.685743	1.0449194048229622	0.0006442864	0	1
1335.507790223499	34919.26	22.602394	1.03803452842188	0.0006472758	0	1
1335.5091790901677	34667.08	22.527624	1.0322610431481438	0.0006498276	0	1
1335.5105679568373	34381.59	22.448256	1.0254418721226561	0.000652915	0	1
1335.5119568235061	34147.0	22.377764	1.020087438888083	0.00065533613	0	1
1335.5133456901751	33903.99	22.308334	1.0144299647514505	0.00065798557	0	1
1335.514734556844	33647.766	22.231085	1.0083245753757388	0.0006607002	0	1
1335.5161234230472	33359.11	22.142786	1.0011924100858365	0.0006637703	0	1
1335.5175122897163	33050.207	22.059172	0.9933953842236939	0.00066744426	0	1
1335.518901156385	32797.844	21.98218	0.9872421972203633	0.00067023246	0	1
1335.5202900230547	32511.693	21.900286	0.9800174928325679	0.0006736126	0	1
1335.5216788897242	32172.262	21.798677	0.9711286265838657	0.0006775612	0	1
1335.5230677559268	31911.203	21.718042	0.9645486274334558	0.00068057736	0	1
1335.5244566225956	31642.246	21.634502	0.9576761211661016	0.0006837221	0	1
1335.5258454892653	31355.604	21.550484	0.950213750216618	0.0006872929	0	1
1335.5272343559336	31026.666	21.450155	0.9414130308186776	0.0006913458	0	1
1335.5286232226024	30791.732	21.376492	0.9354101989394051	0.0006942283	0	1
1335.5300120888064	30463.752	21.280657	0.9265267575103722	0.00069855666	0	1
1335.5314009554754	30131.266	21.17742	0.9174492598261917	0.0007028387	0	1
1335.5327898221442	29861.877	21.092537	0.910238475715812	0.00070633664	0	1
1335.5341786888132	29529.885	20.991901	0.9010654770364787	0.00071086973	0	1
1335.5355675554829	29297.488	20.919771	0.8948791949163323	0.0007140466	0	1
1335.536956421686	28938.494	20.811424	0.884773490679288	0.0007191606	0	1
1335.5383452883543	28698.36	20.72842	0.8782495705192875	0.0007222859	0	1
1335.5397341550238	28427.852	20.644913	0.8707470228604925	0.00072622136	0	1
1335.5411230216935	28123.59	20.54789	0.8621602870999616	0.00073062826	0	1
1335.5425118878961	27877.746	20.470476	0.8553153729313598	0.00073429453	0	1
1335.543900754565	27626.54	20.38944	0.8482588012981124	0.00073803816	0	1
1335.5452896212346	27299.402	20.287796	0.8388225105131835	0.000743159	0	1
1335.546678487904	27084.38	20.21261	0.8327843059410075	0.0007462829	0	1
1335.5480673541074	26829.738	20.137054	0.8254832232006277	0.0007505498	0	1
1335.5494562207755	26555.766	20.049776	0.8175422988953773	0.0007550065	0	1
1335.5508450874452	26345.736	19.975672	0.8115263406390478	0.0007582127	0	1
1335.552233954114	26155.16	19.917807	0.8060680761497774	0.00076152495	0	1
1335.5536228203166	25982.44	19.857927	0.8011196961641356	0.00076428265	0	1
1335.5550116869863	25768.463	19.787983	0.7948590998253623	0.00076791475	0	1
1335.5564005536557	25574.227	19.72497	0.7891675595483565	0.0007712832	0	1
1335.557789419859	25443.393	19.675203	0.7853941676092234	0.00077329326	0	1
1335.559178286528	25329.781	19.646637	0.7821153809242816	0.0007756339	0	1
1335.5605671531969	25221.111	19.608547	0.7787618305366644	0.00077746564	0	1
1335.5619560194002	25104.582	19.567583	0.7751655864299037	0.0007794427	0	1
1335.563344886069	25092.932	19.563469	0.774807726401489	0.0007796406	0	1
1335.564733752738	25035.936	19.540314	0.7730496979875761	0.00078049063	0	1
1335.5661226194075	24982.512	19.530483	0.771401964337125	0.0007817662	0	1
1335.5675114856108	25011.664	19.536718	0.7723039893668642	0.0007811043	0	1
1335.5689003522791	25019.752	19.539877	0.7725555942037423	0.00078097807	0	1
1335.5702892189488	25034.328	19.539879	0.7730075447742709	0.0007805234	0	1
1335.571678085152	25130.486	19.580187	0.775978585637503	0.0007791408	0	1
1335.5730669518207	25171.943	19.592274	0.7772605752484296	0.00077833777	0	1
1335.5744558184904	25315.799	19.641314	0.7817044429861568	0.000775852	0	1
1335.5758446846937	25443.963	19.679647	0.7856638098225494	0.0007734506	0	1
1335.5772335513625	25623.572	19.736044	0.7909829840799867	0.00077023	0	1
1335.5786224175658	25758.25	19.788671	0.7948773713942024	0.00076824595	0	1
1335.5800112842348	25913.883	19.83876	0.7993804026162922	0.00076556497	0	1
1335.5814001509036	26106.537	19.896107	0.8049863011105525	0.00076211203	0	1
1335.582789017107	26374.4	19.98569	0.8128700112135185	0.00075776846	0	1
1335.5841778837766	26535.824	20.040936	0.8174318157242143	0.00075524073	0	1
1335.585566750446	26797.824	20.123112	0.8250498723336084	0.00075092335	0	1
1335.5869556166485	27028.15	20.200851	0.8316490146860659	0.00074740045	0	1
1335.59112221619	27814.04	20.456324	0.8540956028460924	0.0007354676	0	1
1335.5925110828587	28103.71	20.546112	0.8623347771691677	0.0007310818	0	1
1335.5938999490627	28348.137	20.618992	0.8691376916430796	0.0007273491	0	1
1335.5952888157321	28682.094	20.7224	0.8786358790592422	0.00072248565	0	1
1335.5966776824012	28918.781	20.79521	0.8851042585518085	0.0007190901	0	1
1335.5980665486036	29183.5	20.881487	0.8923817804986762	0.0007155237	0	1
1335.5994554152733	29532.352	20.985104	0.9021794119972418	0.00071058015	0	1
1335.6008442814764	29789.146	21.067865	0.909111973470814	0.0007072329	0	1
1335.6022331481447	30097.55	21.164576	0.9175673884081706	0.00070319924	0	1
1335.6036220143487	30391.246	21.256632	0.925520568329715	0.00069943274	0	1
1335.6050108810182	30708.23	21.333662	0.9341283917288773	0.0006947213	0	1
1335.6063997476865	30941.146	21.422493	0.9401260024071758	0.0006923626	0	1
1335.6077886138899	31288.332	21.530516	0.9495412602047966	0.0006881324	0	1
1335.6091774805595	31572.201	21.611921	0.9569784578386034	0.0006845237	0	1
1335.6105663467627	31911.271	21.711798	0.9660322220247167	0.0006803802	0	1
1335.6119552134314	32163.082	21.792376	0.9723887609504235	0.0006775587	0	1
1335.6133440796348	32550.834	21.903564	0.9827973211041972	0.0006729033	0	1
1335.6147329463045	32737.02	21.963488	0.9870646528029007	0.00067090674	0	1
1335.6161218125076	33059.164	22.05346	0.9953784744641923	0.00066709064	0	1
1335.617510679176	33304.062	22.128405	1.0013111537266903	0.0006644356	0	1
1335.61889954538	33623.074	22.21768	1.0094168102348344	0.0006607867	0	1
1335.6202884120487	33894.633	22.29823	1.0160413705257798	0.00065786904	0	1
1335.6216772787177	34128.234	22.373438	1.0214755202135581	0.0006555697	0	1
1335.6230661449217	34367.688	22.440899	1.0270338319130274	0.00065296504	0	1
1335.6244550115905	34642.973	22.5193	1.0336101743066182	0.00065003947	0	1
1335.6258438777936	34918.98	22.598911	1.0401537382357133	0.0006471813	0	1
1335.6272327444626	35160.918	22.669588	1.045629895592391	0.0006447382	0	1
1335.628621610666	35425.76	22.737417	1.0517354988613206	0.0006418328	0	1
1335.630010477335	35671.293	22.812418	1.057216099446301	0.00063951756	0	1
1335.631399343538	35894.47	22.876947	1.0619849319244559	0.0006373391	0	1
1335.6327882102078	36159.25	22.95204	1.0679348792579644	0.0006347488	0	1
1335.6341770764116	36353.85	23.008427	1.071764194839955	0.000632902	0	1
1335.6355659430799	36545.47	23.060598	1.0754619180508502	0.00063101115	0	1
1335.636954809283	36747.707	23.119917	1.0794287096305748	0.00062915264	0	1
1335.638343675487	36962.633	23.179592	1.083723969527563	0.0006271088	0	1
1335.6397325421553	37097.54	23.21518	1.0856331483875097	0.0006257876	0	1
1335.6411214083585	37323.89	23.281599	1.0901784208612608	0.00062377204	0	1
1335.6425102750281	37502.63	23.327845	1.0932911757689308	0.00062203227	0	1
1335.6438991412315	37682.043	23.375134	1.0963850951030507	0.00062032556	0	1
1335.6452880079003	37815.113	23.417236	1.0980953488575271	0.000619256	0	1
1335.6466768741034	38006.297	23.471512	1.1014578886710884	0.000617569	0	1
1335.648065740773	38098.38	23.495033	1.1019162394765925	0.00061669375	0	1
1335.6508434736447	38336.277	23.56148	1.1043047827979746	0.0006146001	0	1
1335.6522323398485	38469.105	23.597294	1.1058568932918733	0.000613409	0	1
1335.6536212060523	38527.164	23.613789	1.1052360703790505	0.0006129127	0	1
1335.6550100727206	38613.77	23.633354	1.1054141923423	0.0006120447	0	1
1335.656398938924	38635.426	23.64251	1.103716038803888	0.00061193865	0	1
1335.6577878055937	38682.168	23.65818	1.1027208392274017	0.0006116043	0	1
1335.6591766717975	38768.19	23.67872	1.102828740067914	0.000610777	0	1
1335.6605655384665	38778.156	23.673834	1.1007594101696503	0.00061049405	0	1
1335.661954404669	38722.902	23.66108	1.096834617654451	0.0006110358	0	1
1335.663343270873	38731.617	23.672338	1.0947185568555422	0.000611189	0	1
1335.6647321375417	38768.473	23.679453	1.0933899252454098	0.0006107915	0	1
1335.6661210037444	38807.824	23.69284	1.0921227293515503	0.0006105171	0	1
1335.667509870414	38796.426	23.68572	1.0894221763035186	0.000610513	0	1
1335.6688987366178	38866.4	23.703304	1.089000364344894	0.0006098662	0	1
1335.6702876028212	38887.086	23.71065	1.0871902914938794	0.00060973066	0	1
1335.6716764694902	38851.88	23.705894	1.0838174914933285	0.0006101608	0	1
1335.6730653356933	38888.98	23.711357	1.0824615826900763	0.0006097192	0	1
1335.6744542018964	38919.598	23.72135	1.0809217040387313	0.00060949626	0	1
1335.6758430685654	38877.95	23.708212	1.077376934490185	0.0006098113	0	1
1335.6772319347688	38921.22	23.717772	1.0761875610221558	0.00060937897	0	1
1335.6786208009726	38945.727	23.732203	1.0744783034970709	0.00060936605	0	1
1335.6800096676416	38944.61	23.729342	1.0720644489986164	0.00060931005	0	1
1335.681398533844	38994.68	23.737677	1.071061253034142	0.0006087414	0	1
1335.6827874005137	39001.445	23.746874	1.0688704519888927	0.00060887163	0	1
1335.684176266717	38974.746	23.733707	1.0657697686536187	0.0006089509	0	1
1335.6855651329201	39078.46	23.763525	1.0662373678932648	0.00060809776	0	1
1335.6869539995898	39018.426	23.749994	1.0622419476737088	0.00060868665	0	1
1335.688342865793	39078.836	23.764624	1.061533700214628	0.00060812006	0	1
1335.6897317319963	39165.21	23.78815	1.0615304036955813	0.0006073796	0	1
1335.6911205986653	39150.633	23.784655	1.0587969260110477	0.0006075165	0	1
1335.6925094648686	39072.516	23.762981	1.054360417332172	0.0006081764	0	1
1335.6938983310718	39109.04	23.76667	1.053030776883156	0.00060770276	0	1
1335.6952871972749	39134.574	23.774961	1.0514130917630877	0.0006075181	0	1
1335.6966760639446	39147.33	23.783215	1.0494618840993575	0.000607531	0	1
1335.6980649301486	39152.484	23.781065	1.0473186861059876	0.00060739607	0	1
1335.699453796351	39191.344	23.795198	1.0460878228577513	0.00060715445	0	1
1335.70084266302	39195.26	23.793928	1.0439357712571316	0.0006070613	0	1
1335.702231529224	39241.832	23.802237	1.0429313596712626	0.00060655264	0	1
1335.7036203954267	39294.906	23.818897	1.0421092216845205	0.00060615735	0	1
1335.7050092620955	39272.586	23.811972	1.03930152070369	0.0006063255	0	1
1335.7063981282995	39236.918	23.805077	1.0361600534789694	0.00060670095	0	1
1335.7077869945033	39298.28	23.824146	1.0355962736527216	0.0006062389	0	1
1335.7091758607066	39298.605	23.818348	1.0334378159887685	0.00060608634	0	1
1335.7105647273747	39322.676	23.831934	1.0319202468602222	0.00060606084	0	1
1335.7119535935788	39339.4	23.83568	1.0302259124483677	0.00060589844	0	1
1335.7133424597819	39367.24	23.844097	1.0288390821623086	0.0006056838	0	1
1335.7147313259845	39338.56	23.830702	1.0259944337973057	0.0006057848	0	1
1335.7161201926542	39390.484	23.847727	1.0252705569805625	0.00060541846	0	1
1335.717509058858	39448.6	23.864525	1.0247222356284225	0.0006049524	0	1
1335.7188979250607	39387.766	23.843771	1.021104730152892	0.00060535985	0	1
1335.7202867912638	39422.156	23.85439	1.0199783485214142	0.00060510106	0	1
1335.7216756579335	39410.02	23.85183	1.0176684892956127	0.0006052225	0	1
1335.7230645241368	39471.273	23.868025	1.0172731947262337	0.00060469355	0	1
1335.72445339034	39431.97	23.85892	1.0143074459952417	0.0006050654	0	1
1335.7258422565433	39529.07	23.884205	1.0148703427239527	0.00060421875	0	1
1335.727231122747	39481.723	23.869858	1.011745294345224	0.0006045799	0	1
1335.728619989416	39561.652	23.891516	1.011903733099386	0.00060390594	0	1
1335.7300088556187	39554.74	23.889563	1.0098612550497057	0.0006039621	0	1
1335.7313977218228	39564.883	23.892649	1.008278347415729	0.0006038852	0	1
1335.7327865880259	39586.16	23.900017	1.0070022432554255	0.0006037468	0	1
1335.734175454229	39543.7	23.88588	1.0041305802874994	0.00060403754	0	1
1335.7355643208987	39593.695	23.902826	1.0036315395092328	0.00060370285	0	1
1335.736953187102	39535.25	23.889606	1.0004095565314939	0.00060426095	0	1
1335.7383420533051	39607.83	23.90415	1.0005282298834932	0.00060352084	0	1
1335.7397309195085	39590.344	23.899435	0.9983955672602675	0.0006036683	0	1
1335.7411197857118	39610.7	23.912436	0.9972434412421245	0.00060368626	0	1
1335.7425086523806	39679.883	23.92525	0.9973435824010772	0.0006029566	0	1
1335.743897518584	39665.645	23.922848	0.9953716515337445	0.00060311257	0	1
1335.745286384787	39637.54	23.913166	0.9930806875195617	0.0006032959	0	1
1335.746675250991	39711.863	23.933598	0.9933816827182796	0.0006026813	0	1
1335.7480641171942	39725.28	23.938698	0.9921834580968899	0.0006026061	0	1
1335.7494529833975	39743.23	23.944529	0.9911252269380396	0.00060248066	0	1
1335.7508418500672	39736.906	23.94267	0.9894894738294071	0.0006025298	0	1
1335.7522307162703	39738.156	23.940704	0.9880709929068627	0.0006024614	0	1
1335.7536195824737	39766.62	23.949492	0.9873568239236074	0.0006022511	0	1
1335.755008448677	39716.434	23.936277	0.9847194711037723	0.00060267944	0	1
1335.7563973148801	39823.06	23.96543	0.9859972706700206	0.00060179783	0	1
1335.7577861810835	39784.027	23.958529	0.9836957055829114	0.0006022148	0	1
1335.7591750472866	39839.098	23.971031	0.9837498978246687	0.00060169614	0	1
1335.7605639134906	39824.508	23.967129	0.9821123571489844	0.00060181855	0	1
1335.7619527801603	39889.52	23.974663	0.9824661947629156	0.00060102664	0	1
1335.7633416463627	39836.812	23.970333	0.9799503409790578	0.00060171314	0	1
1335.764730512566	39875.613	23.97604	0.9797161829770514	0.00060127076	0	1
1335.7661193787699	39847.152	23.970675	0.9778595359097787	0.0006015656	0	1
1335.7675082449725	39902.977	23.986263	0.9781010587852049	0.00060111465	0	1
1335.7688971111756	39914.562	23.991165	0.9772870449288585	0.00060106296	0	1
1335.7702859773797	39855.56	23.974422	0.9747768103024879	0.0006015327	0	1
1335.7716748435837	39933.83	23.99595	0.9756544815144356	0.0006008928	0	1
1335.773063709787	39932.883	23.995462	0.9746259355608955	0.0006008948	0	1
1335.7744525759895	39904.062	23.983625	0.9729490541153786	0.00060103217	0	1
1335.7758414426592	39891.89	23.980698	0.971710454224863	0.0006011422	0	1
1335.7772303088623	39937.21	23.995852	0.971903004648994	0.00060083944	0	1
1335.778619175065	39944.086	23.995533	0.9711903833649207	0.00060072803	0	1
1335.780008041269	39916.184	23.994078	0.9696643535584126	0.0006011115	0	1
1335.7813969074728	39962.598	24.002365	0.9699750928024078	0.00060062075	0	1
1335.7827857736752	39952.016	24.001556	0.9689336005704686	0.0006007596	0	1
1335.7841746398785	40029.41	24.019802	0.9700565062469304	0.00060005387	0	1
1335.7855635060826	39979.82	24.005966	0.9681337085970525	0.00060045207	0	1
1335.7869523722857	40071.492	24.033178	0.9696788445539138	0.00059975754	0	1
1335.788341238489	39991.2	24.016912	0.9670633955571355	0.0006005549	0	1
1335.7897301046924	39979.54	24.011583	0.9661571618874676	0.00060059683	0	1
1335.7911189708962	39993.457	24.004732	0.9659014328173834	0.0006002165	0	1
1335.7925078370995	39990.645	24.008614	0.9652739455097322	0.00060035574	0	1
1335.793896703302	40023.383	24.022142	0.9655367034256821	0.0006002027	0	1
1335.795285569506	39989.625	24.007534	0.964227886532722	0.0006003441	0	1
1335.796674435709	40012.867	24.012274	0.9643262352162449	0.0006001138	0	1
1335.7980633019124	39978.22	24.0077	0.963062201342173	0.0006005195	0	1
1335.7994521681164	40071.484	24.030539	0.9649117391205411	0.00059969176	0	1
1335.8008410343195	40004.543	24.015081	0.962936046662743	0.0006003089	0	1
1335.802229900523	40029.562	24.022413	0.9632071306284142	0.0006001168	0	1
1335.8036187667262	40031.254	24.02275	0.9629495309126359	0.0006000999	0	1
1335.8050076329296	40023.445	24.019144	0.9624963450167552	0.00060012686	0	1
1335.8063964991327	40116.676	24.044617	0.9645218622076419	0.00059936714	0	1
1335.8077853653358	40007.21	24.009735	0.9616741775665111	0.0006001352	0	1
1335.8091742315398	40012.305	24.020603	0.961630122232734	0.0006003304	0	1
1335.8105630977439	40034.27	24.018454	0.9620244023069842	0.00059994735	0	1
1335.8119519639463	40037.203	24.02324	0.9619942705380436	0.0006000229	0	1
1335.8133408301496	40033.848	24.02382	0.9618460270051616	0.00060008775	0	1
1335.8147296963534	40045.098	24.02488	0.9620816898611967	0.0005999456	0	1
1335.816118562556	40046.598	24.027771	0.962116111945058	0.0005999953	0	1
1335.8175074287594	40019.68	24.017324	0.9615007847020621	0.00060013786	0	1
1335.8188962949635	40066.816	24.033823	0.9626977108771386	0.00059984357	0	1
1335.8202851611666	39977.594	24.011858	0.9606511598776949	0.0006006329	0	1
1335.8216740273697	39980.35	24.005793	0.9608475939644877	0.00060043973	0	1
1335.823062893573	40045.098	24.023962	0.9625669777229231	0.00059992267	0	1
1335.824451759777	39997.645	24.015402	0.9616223982526961	0.0006004204	0	1
1335.8258406259802	40035.305	24.02394	0.962756977258165	0.00060006883	0	1
1335.8272294921828	40036.58	24.025747	0.9630496517013025	0.0006000949	0	1
1335.8286183579212	39995.344	24.016474	0.9623523966330503	0.00060048176	0	1
1335.830007224125	39986.973	24.008163	0.9624783046811712	0.0006003996	0	1
1335.8313960903276	40016.742	24.013985	0.9635551970335081	0.00060009846	0	1
1335.8327849565308	40015.59	24.014433	0.9639205155573085	0.0006001269	0	1
1335.8341738227348	40031.61	24.018328	0.9647323256113024	0.0005999841	0	1
1335.8355626889388	39978.93	24.009735	0.963920752320525	0.00060055975	0	1
1335.836951555142	39957.43	23.999132	0.9638926317208737	0.0006006175	0	1
1335.8383404213446	39971.477	24.003891	0.9647544098401014	0.0006005255	0	1
1335.8397292875484	39958.953	24.003447	0.9650073282942201	0.0006007026	0	1
1335.8411181537517	40024.996	24.019472	0.9671907794663915	0.0006001118	0	1
1335.8425070194885	39946.195	24.001722	0.9659062232141772	0.00060085126	0	1
1335.8438958856925	39937.88	23.994032	0.9663568439128865	0.00060078385	0	1
1335.8452847518965	39945.977	24.000275	0.9672367576634227	0.0006008183	0	1
1335.8466736180999	39944.297	24.000135	0.967912088683792	0.0006008401	0	1
1335.848062484303	39937.184	23.99857	0.9684875598429232	0.0006009079	0	1
1335.8494513505061	39918.04	23.992142	0.9688026362562187	0.0006010351	0	1
1335.8508402167095	39875.605	23.975637	0.9685830206692245	0.00060126075	0	1
1335.8522290829128	39946.97	23.989557	0.9711598219082762	0.00060053513	0	1
1335.8536179486505	39862.715	23.977863	0.96998462663366	0.00060151104	0	1
1335.8550068148543	39919.56	23.988419	0.9722736372947947	0.00060091895	0	1
1335.8563956810576	39833.652	23.969418	0.9711164738171173	0.0006017379	0	1
1335.85778454726	39864.69	23.972084	0.9728402531344424	0.00060133624	0	1
1335.859173413464	39832.273	23.96915	0.9730464607916757	0.000601752	0	1
1335.8605622796672	39886.207	23.984144	0.9753936083226358	0.00060131424	0	1
1335.8619511454049	39820.0	23.963627	0.9748332408992954	0.00060179876	0	1
1335.8633400116087	39836.504	23.966915	0.9763270436525653	0.000601632	0	1
1335.864728877812	39812.74	23.95737	0.9768641916429172	0.0006017514	0	1
1335.8661177440154	39768.215	23.955826	0.9769203966836603	0.00060238625	0	1
1335.8675066102187	39746.258	23.94318	0.9775591632600896	0.00060240086	0	1
1335.8688954759562	39810.418	23.957941	0.980347250597359	0.0006018008	0	1
1335.8702843421593	39777.043	23.95163	0.9807642589141616	0.0006021471	0	1
1335.8716732083626	39801.613	23.958298	0.9826393962814729	0.0006019429	0	1
1335.8730620745666	39758.992	23.950373	0.9828845694229822	0.0006023888	0	1
1335.8744509407707	39732.6	23.940168	0.9835579822823531	0.0006025321	0	1
1335.8758398065074	39719.68	23.938961	0.9845925503648539	0.0006026977	0	1
1335.8772286727108	39691.785	23.929354	0.9852834146167809	0.00060287927	0	1
1335.8786175389146	39667.887	23.923803	0.9861002871174248	0.00060310256	0	1
1335.8800064051172	39719.78	23.933783	0.9888307260528426	0.0006025658	0	1
1335.8813952713203	39662.676	23.919542	0.9888755835455224	0.0006030743	0	1
1335.8827841370587	39676.49	23.927994	0.9907149415262386	0.0006030774	0	1
1335.8841730032627	39667.59	23.920996	0.9920151217567996	0.00060303626	0	1
1335.885561869466	39698.965	23.922075	0.994350836075878	0.0006025869	0	1
1335.8869507356685	39588.07	23.900772	0.993147159454982	0.0006037367	0	1
1335.8883396014066	39623.383	23.908283	0.9956353251786475	0.00060338824	0	1
1335.88972846761	39611.105	23.90476	0.9969552851330901	0.0006034863	0	1
1335.8911173338124	39619.285	23.90641	0.99881635824339	0.0006034034	0	1
1335.8925062000164	39593.64	23.89778	0.9998500901030304	0.0006035762	0	1
1335.8938950657548	39548.836	23.889084	1.0004227744932837	0.0006040401	0	1
1335.8952839319572	39575.555	23.896065	1.0028294383134944	0.00060380873	0	1
1335.8966727981606	39508.074	23.877522	1.0028725069141944	0.00060437067	0	1
1335.8980616643646	39531.223	23.881773	1.0052389904251753	0.00060412433	0	1
1335.899450530102	39540.926	23.887842	1.0072895910597723	0.0006041296	0	1
1335.9008393963054	39419.53	23.853998	1.0060195672037884	0.00060513144	0	1
1335.9022282625087	39466.69	23.865671	1.0090715862734	0.00060470414	0	1
1335.9036171282469	39479.168	23.871714	1.0112630915248957	0.0006046661	0	1
1335.9050059944502	39445.824	23.86091	1.0123030061710525	0.0006049033	0	1
1335.9063948606527	39412.418	23.850122	1.0133608113266301	0.0006051423	0	1
1335.907783726391	39435.973	23.855581	1.0159050316236202	0.00060491933	0	1
1335.909172592595	39438.05	23.86083	1.0179191979011997	0.00060502056	0	1
1335.9105614587982	39363.387	23.836508	1.017970491846508	0.00060555025	0	1
1335.9119503250015	39399.45	23.84391	1.0209044325183183	0.0006051838	0	1
1335.913339190739	39368.734	23.843533	1.0221289985393707	0.0006056464	0	1
1335.9147280569423	39357.656	23.834429	1.0238814736408313	0.0006055856	0	1
1335.9161169231456	39318.637	23.826046	1.024924223935009	0.00060597336	0	1
1335.917505788883	39283.97	23.816545	1.0260958399584261	0.00060626626	0	1
1335.9188946550871	39283.895	23.814123	1.0281880336266804	0.0006062058	0	1
1335.9202835212905	39300.582	23.820486	1.0307381779514195	0.00060611026	0	1
1335.921672387028	39232.96	23.802956	1.0310922544235397	0.0006067081	0	1
1335.923061253232	39237.973	23.804094	1.0333691600418644	0.0006066596	0	1
1335.9244501189687	39252.586	23.804934	1.035916840904614	0.00060645514	0	1
1335.925838985172	39233.496	23.802847	1.0375911219767706	0.00060669705	0	1
1335.9272278513758	39236.656	23.804657	1.039868729512942	0.0006066943	0	1
1335.9286167171135	39176.766	23.787535	1.040487368315432	0.0006071848	0	1
1335.9300055833169	39173.383	23.785572	1.0426178731198263	0.0006071871	0	1
1335.93139444952	39155.066	23.780905	1.0443637579295877	0.00060735195	0	1
1335.9327833152577	39157.383	23.782625	1.0466725539124617	0.0006073599	0	1
1335.9341721814608	39096.645	23.765081	1.047305437466432	0.00060785474	0	1
1335.9355610476641	39083.875	23.763744	1.0492313241344813	0.0006080191	0	1
1335.9369499134023	39116.484	23.770023	1.052388259751093	0.0006076728	0	1
1335.9383387796063	39104.99	23.764755	1.0543708588592164	0.00060771673	0	1
1335.9397276453433	39033.668	23.7444	1.0547459742861613	0.0006083056	0	1
1335.9411165115466	39085.86	23.758112	1.0584671778847439	0.00060784415	0	1
1335.9425053777504	39031.805	23.74718	1.0593201411221442	0.0006084059	0	1
1335.9438942434872	39022.477	23.747814	1.0613916156817318	0.00060856756	0	1
1335.9452831096905	38987.887	23.735785	1.0627810758858383	0.00060879893	0	1
1335.946671975429	39044.1	23.749178	1.0666541178338937	0.00060826546	0	1
1335.948060841633	38975.65	23.733496	1.0671268973426018	0.0006089314	0	1
1335.9494497073704	38988.133	23.735994	1.0698179095475648	0.0006088005	0	1
1335.950838573573	38945.96	23.726751	1.0710122369164876	0.0006092224	0	1
1335.9522274397768	38902.523	23.708904	1.0721706921549756	0.0006094439	0	1
1335.9536163055145	38896.777	23.709375	1.0743683125671375	0.000609546	0	1
1335.955005171717	38904.71	23.71281	1.0769464996640938	0.00060951	0	1
1335.9563940374553	38914.766	23.71001	1.0795863051218462	0.00060928054	0	1
1335.9577829036593	38869.38	23.69236	1.0806869203039797	0.00060953794	0	1
1335.9591717693968	38870.598	23.704254	1.0830808592207126	0.0006098248	0	1
1335.9605606356001	38847.766	23.694231	1.0848027691131439	0.0006099252	0	1
1335.9619495013376	38810.375	23.682953	1.0861130960862995	0.0006102222	0	1
1335.963338367541	38829.76	23.690323	1.089009042043889	0.0006101073	0	1
1335.9647272332786	38826.297	23.689514	1.0912620195293317	0.00061014097	0	1
1335.9661160994817	38752.61	23.66868	1.091532752065447	0.0006107635	0	1
1335.9675049656857	38786.246	23.67816	1.0948192985723564	0.0006104783	0	1
1335.9688938314234	38772.89	23.679165	1.0967750274491106	0.0006107144	0	1
1335.9702826976259	38761.996	23.674494	1.0987924536096711	0.0006107656	0	1
1335.9716715633642	38669.504	23.642265	1.0984832989964997	0.000611393	0	1
1335.9730604295673	38533.074	23.611282	1.0969041553601613	0.0006127537	0	1
1335.974449295305	38560.6	23.611057	1.099976755035432	0.0006123104	0	1
1335.9758381615088	38361.94	23.560253	1.0965770897465417	0.00061415695	0	1
1335.9772270272465	38282.7	23.532862	1.0965637929914251	0.0006147127	0	1
1335.9786158934498	38161.543	23.507715	1.0953264965590992	0.0006160054	0	1
1335.9800047591873	38053.918	23.476746	1.0944516928918129	0.00061693374	0	1
1335.9813936253906	37939.9	23.444128	1.093366722124012	0.00061792805	0	1
1335.982782491129	37750.688	23.387922	1.0900831240537747	0.0006195363	0	1
1335.9841713568665	37569.32	23.338728	1.0869897025183297	0.0006212177	0	1
1335.9855602230698	37427.12	23.304401	1.0849951949031056	0.0006226608	0	1
1335.9869490888082	37211.723	23.246893	1.0808417489014455	0.0006247196	0	1
1335.9883379550106	37072.984	23.204521	1.0788775496983911	0.00062591454	0	1
1335.9897268207483	36852.984	23.14243	1.0745102347984619	0.00062796625	0	1
1335.991115686952	36620.383	23.074844	1.0697314431623814	0.00063010934	0	1
1335.9925045526898	36507.383	23.043823	1.0684075807750917	0.0006312099	0	1
1335.993893418893	36250.97	22.97456	1.0628459968729027	0.000633764	0	1
1335.9952822846305	36031.02	22.90755	1.0583066266098666	0.00063577306	0	1
1335.9966711508346	35786.707	22.842457	1.0530049582727163	0.00063829444	0	1
1335.998060016572	35608.0	22.78876	1.0495886964657009	0.00063998986	0	1
1335.999448882309	35321.28	22.709589	1.0429410730964148	0.00064294355	0	1
1336.0008377485128	35128.637	22.646471	1.0390225051015882	0.00064467266	0	1
1336.0022266142512	34830.31	22.569878	1.0319284860057396	0.00064799533	0	1
1336.0036154804538	34609.656	22.498375	1.0270845112065412	0.00065006065	0	1
1336.0050043461913	34348.74	22.425817	1.0209959195732554	0.0006528862	0	1
1336.0063932123953	34175.1	22.37516	1.0174539930203572	0.0006547211	0	1
1336.007782078132	33867.055	22.287188	1.0098602805136985	0.0006580787	0	1
1336.0091709438698	33574.49	22.194866	1.0026723312082015	0.0006610634	0	1
1336.0105598100736	33290.94	22.117542	0.9956990020577219	0.0006643712	0	1
1336.011948675812	32995.926	22.032003	0.9883278045550475	0.0006677189	0	1
1336.0133375420153	32759.084	21.957647	0.9826462833820815	0.0006702766	0	1
1336.0147264077523	32485.043	21.882446	0.9757970385747576	0.0006736161	0	1
1336.0161152734904	32169.502	21.7838	0.9676460565361149	0.0006771569	0	1
1336.0175041396938	31926.387	21.70788	0.9616198494569195	0.0006799354	0	1
1336.0188930054305	31601.133	21.614475	0.9530656666647928	0.00068397785	0	1
1336.020281871169	31357.016	21.536375	0.9469046542568008	0.00068681204	0	1
1336.021670737373	31001.54	21.436197	0.9373261594318214	0.0006914559	0	1
1336.0230596031104	30759.945	21.35417	0.9311365362557974	0.00069422	0	1
1336.0244484688478	30474.172	21.274265	0.9235580516193888	0.00069810805	0	1
1336.0258373350512	30259.98	21.206186	0.9180986382696195	0.00070079975	0	1
1336.0272262007888	29956.316	21.114422	0.9098739890158141	0.0007048404	0	1
1336.0286150669922	29636.035	21.014969	0.9010909084479223	0.0007091019	0	1
1336.0300039327296	29397.87	20.93682	0.8947533915245189	0.0007121883	0	1
1336.031392798468	29090.572	20.844433	0.8862615309222243	0.00071653567	0	1
1336.0327816646711	28813.602	20.756073	0.8786426281192812	0.00072035677	0	1
1336.0341705304088	28565.797	20.683664	0.8718643815553251	0.000724071	0	1
1336.0355593961472	28314.895	20.60305	0.8649440582359632	0.00072764	0	1
1336.0369482623496	28041.361	20.51174	0.8572847391186145	0.0007314816	0	1
1336.0383371280873	27758.998	20.424503	0.8493075928129755	0.0007357796	0	1
1336.0397259938254	27591.627	20.371275	0.8448038746320893	0.00073831365	0	1
1336.041114859563	27320.266	20.288816	0.8370721209043186	0.0007426288	0	1
1336.0425037257664	27078.754	20.206804	0.8302098498989272	0.00074622355	0	1
1336.043892591504	26871.82	20.142796	0.824364511407535	0.0007495881	0	1
1336.0452814572413	26719.992	20.089508	0.8201686267505043	0.00075185305	0	1
1336.0466703234454	26492.133	20.016716	0.8135980450474922	0.0007555721	0	1
1336.048059189183	26347.742	19.970747	0.809550499819516	0.00075796805	0	1
1336.0494480549205	26138.09	19.892641	0.8034581874997204	0.00076105946	0	1
1336.0508369211245	26030.445	19.863434	0.8004628265774574	0.0007630847	0	1
1336.0522257868615	25914.527	19.82384	0.7971759041453235	0.00076497014	0	1
1336.053614652599	25781.646	19.78657	0.7931384226836669	0.00076746725	0	1
1336.0550035183373	25743.65	19.769573	0.7920196200106198	0.0007679398	0	1
1336.0563923845407	25653.445	19.740585	0.7892943319005614	0.0007695101	0	1
1336.0577812502781	25627.104	19.737125	0.7885337416240117	0.00077016605	0	1
1336.0591701160156	25534.635	19.704258	0.7857382315920977	0.0007716679	0	1
1336.060558981754	25573.455	19.713972	0.7869825807862117	0.00077087636	0	1
1336.0619478479573	25585.17	19.721231	0.7873929068169264	0.00077080715	0	1
1336.0633367136943	25592.475	19.72665	0.7876675520113702	0.0007707989	0	1
1336.0647255794324	25685.37	19.75807	0.7905766239180322	0.00076923444	0	1
1336.0661144451708	25756.498	19.777966	0.7928160918424715	0.00076788256	0	1
1336.0675033113735	25840.832	19.80759	0.7954623372329448	0.00076652295	0	1
1336.068892177111	25968.518	19.847822	0.7994434999384872	0.00076430326	0	1
1336.0702810428493	26104.887	19.892714	0.8034625789531918	0.00076203025	0	1
1336.0716699085867	26257.334	19.942116	0.8079391619018922	0.00075948745	0	1
1336.0730587743244	26434.877	19.998535	0.8131497424814214	0.00075652084	0	1
1336.0744476405275	26649.31	20.06875	0.8194557175741396	0.00075306825	0	1
1336.075836506266	26843.848	20.12739	0.8251096986552533	0.0007497953	0	1
1336.0772253720033	27077.494	20.204636	0.8319247094107388	0.0007461782	0	1
1336.0786142377403	27213.297	20.254173	0.8356927483528197	0.0007442749	0	1
1336.0800031039444	27489.693	20.34095	0.8437361857090568	0.00073994824	0	1
1336.081391969682	27743.15	20.423199	0.8510309313465559	0.0007361528	0	1
1336.0827808354188	28011.455	20.500118	0.8587358959124355	0.00073184766	0	1
1336.084169701157	28220.412	20.566017	0.8645764122415297	0.0007287639	0	1
1336.0855585668953	28491.23	20.659365	0.8722664060275296	0.0007251131	0	1
1336.086947432633	28730.12	20.72759	0.8789319137566356	0.0007214586	0	1
1336.088336298836	28990.328	20.815527	0.8862023507803412	0.00071801624	0	1
1336.0897251645738	29317.998	20.916557	0.8954849215506232	0.00071343745	0	1
1336.0911140303115	29585.143	20.999754	0.9028679216838399	0.00070980744	0	1
1336.092502896049	29870.03	21.090199	0.9107419620853392	0.00070606556	0	1
1336.0938917617866	30102.246	21.153624	0.9169601464567534	0.0007027258	0	1
1336.095280627525	30395.17	21.248121	0.92497689913106	0.0006990624	0	1
1336.096669493728	30696.291	21.33635	0.9331899216134045	0.0006950791	0	1
1336.0980583594655	30968.637	21.421911	0.9404751180719051	0.00069172925	0	1
1336.099447225204	31284.316	21.51641	0.9490223345029162	0.0006877699	0	1
1336.100836090941	31577.117	21.605251	0.9568204294653366	0.00068420597	0	1
1336.1022249566786	31828.094	21.683014	0.9632979791729495	0.0006812539	0	1
1336.1036138224167	32132.701	21.771238	0.9713447381324981	0.0006775415	0	1
1336.1050026881544	32407.432	21.853872	0.9784332479726988	0.00067434757	0	1
1336.1063915538919	32680.805	21.938738	0.9854266023218713	0.0006713035	0	1
1336.1077804200952	32952.31	22.02035	0.9923093663774724	0.0006682491	0	1
1336.1091692858336	33221.277	22.101862	0.9990615929831685	0.0006652924	0	1
1336.1105581515717	33497.395	22.178368	1.0059743038104756	0.0006620923	0	1
1336.1119470173085	33747.047	22.247772	1.012038497380656	0.00065925095	0	1
1336.1133358830461	34036.42	22.335823	1.0192395913588368	0.000656233	0	1
1336.1147247487845	34291.42	22.413895	1.0253567512077366	0.0006536298	0	1
1336.1161136145215	34559.355	22.487709	1.031807069874915	0.00065069814	0	1
1336.117502480259	34817.93	22.559444	1.0379243153906204	0.00064792606	0	1
1336.1188913459973	35039.01	22.625616	1.0428725899800135	0.00064572645	0	1
1336.1202802117348	35299.57	22.701574	1.0489445858040347	0.00064311194	0	1
1336.1216690779381	35507.234	22.760763	1.0533944698119486	0.0006410176	0	1
1336.1230579436756	35711.504	22.82022	1.0576963583088268	0.000639016	0	1
1336.124446809414	36008.87	22.90568	1.0647041941812334	0.0006361121	0	1
1336.1258356751514	36162.715	22.947886	1.0674198445108514	0.0006345731	0	1
1336.1272245408884	36434.58	23.024408	1.0735722281933677	0.0006319384	0	1
1336.1286134066268	36588.203	23.071579	1.0761942535918116	0.00063057424	0	1
1336.130002272365	36842.2	23.139715	1.081723547821167	0.0006280764	0	1
1336.131391138102	36945.59	23.171606	1.0827891107412089	0.0006271819	0	1
1336.1327800038393	37139.324	23.223736	1.0864644043442484	0.0006253139	0	1
1336.1341688695777	37389.566	23.286451	1.0917473920095337	0.00062280614	0	1
1336.1355577353154	37546.74	23.337687	1.094269986097235	0.00062156364	0	1
1336.1369466010528	37717.273	23.384613	1.097144220517132	0.00061999745	0	1
1336.1383354667905	37867.504	23.432531	1.099391053747286	0.00061880314	0	1
1336.1397243325287	38022.684	23.466936	1.1017463574804542	0.0006171825	0	1
1336.1411131982663	38129.516	23.495438	1.1026687035782652	0.0006162008	0	1
1336.1425020640033	38255.168	23.530432	1.104105714985688	0.0006150916	0	1
1336.1438909297417	38394.754	23.5698	1.10591416017583	0.00061388075	0	1
1336.1452797954792	38503.25	23.596874	1.1067981565836529	0.0006128541	0	1
1336.1466686612166	38582.78	23.617369	1.106824894779417	0.000612122	0	1
1336.148057526955	38658.8	23.64112	1.1067289761621846	0.0006115327	0	1
1336.1494463926927	38704.508	23.657484	1.1057461959747332	0.0006112333	0	1
1336.15083525843	38756.785	23.673239	1.1049343182499187	0.00061081536	0	1
1336.1522241241678	38833.105	23.687683	1.1047901286436415	0.00060998683	0	1
1336.1536129899055	38794.574	23.678566	1.1013669892051714	0.0006103577	0	1
1336.155001855643	38813.992	23.683287	1.0995818516035734	0.000610174	0	1
1336.1563907213806	38831.14	23.690979	1.0977227992357066	0.00061010255	0	1
1336.157779587118	38852.0	23.698145	1.0959598180992653	0.0006099595	0	1
1336.1591684528564	38846.207	23.69472	1.093438438433443	0.0006099622	0	1
1336.1605573185939	38858.21	23.692064	1.0914128312840436	0.00060970546	0	1
1336.1619461843316	38880.047	23.704185	1.0896573814135095	0.00060967484	0	1
1336.16333505007	38969.086	23.731232	1.0897631445685154	0.0006089758	0	1
1336.164723915807	38868.9	23.701395	1.0845883138110135	0.00060977787	0	1
1336.1661127815444	38965.4	23.730083	1.0849123937348661	0.000609004	0	1
1336.1675016472827	38989.81	23.735386	1.0832092500022	0.0006087587	0	1
1336.1688905130204	38960.45	23.728874	1.0800128159101974	0.00060905033	0	1
1336.1702793787579	38956.43	23.727745	1.0775218894995677	0.0006090842	0	1
1336.1716682444953	38968.934	23.727564	1.0754893002550383	0.0006088841	0	1
1336.1730571102337	39013.36	23.739912	1.0743368450590818	0.00060850725	0	1
1336.1744459755064	39012.74	23.74398	1.0719446157453165	0.0006086212	0	1
1336.1758348412432	39057.46	23.758045	1.0707997493131154	0.00060828443	0	1
1336.1772237069808	39016.39	23.742147	1.0673074544828018	0.00060851726	0	1
1336.178612572719	39046.723	23.75127	1.0657746859869415	0.0006082782	0	1
1336.180001438456	39120.99	23.768906	1.065441128611765	0.00060757424	0	1
1336.1813903041937	39078.332	23.757921	1.0619284423603994	0.0006079564	0	1
1336.182779169932	39071.938	23.744518	1.059411889133711	0.00060771283	0	1
1336.1841680356702	39146.066	23.77051	1.0590831217642442	0.000607226	0	1
1336.1855569014078	39151.047	23.776043	1.056888028707249	0.0006072901	0	1
1336.1869457671446	39161.38	23.783207	1.054846351806593	0.00060731283	0	1
1336.1883346324173	39148.816	23.78066	1.0521986406730202	0.00060744263	0	1
1336.1897234981548	39188.832	23.783195	1.0509736219937347	0.00060688704	0	1
1336.1911123638918	39200.49	23.792622	1.048996838082865	0.00060694705	0	1
1336.1925012296301	39177.832	23.783955	1.0461149333411897	0.00060707686	0	1
1336.1938900953683	39240.7	23.806667	1.045527379196496	0.0006066831	0	1
1336.1952789611053	39219.133	23.795637	1.0427014527423397	0.0006067354	0	1
1336.1966678268427	39224.406	23.798822	1.0406042882451874	0.00060673506	0	1
1336.198056692581	39257.324	23.80797	1.039253177835002	0.00060645933	0	1
1336.1994455578529	39210.03	23.791565	1.0357948537969712	0.00060677243	0	1
1336.2008344235905	39318.562	23.81795	1.0364654054240878	0.0006057686	0	1
1336.2022232893282	39335.363	23.826546	1.0347274037328846	0.00060572836	0	1
1336.2036121550664	39284.49	23.817963	1.0312280989380658	0.0006062943	0	1
1336.205001020804	39287.914	23.813814	1.029174371423189	0.0006061359	0	1
1336.2063898865408	39412.473	23.850319	1.030304940969617	0.00060514646	0	1
1336.2077787518135	39390.59	23.844234	1.0276203522630407	0.0006053282	0	1
1336.2091676175512	39346.215	23.828703	1.0243716129079241	0.00060561614	0	1
1336.2105564832887	39474.023	23.863998	1.0256208173186014	0.0006045494	0	1
1336.211945349027	39408.67	23.845984	1.021868053024997	0.0006050948	0	1
1336.2133342147645	39424.867	23.852442	1.0202528650023204	0.0006050101	0	1
1336.2147230800365	39465.645	23.867485	1.0192918439246104	0.00060476613	0	1
1336.2161119457742	39478.38	23.86787	1.017625214868655	0.0006045808	0	1
1336.2175008115119	39483.758	23.867998	1.015789894813772	0.0006045017	0	1
1336.2188896772493	39477.887	23.863413	1.0136874046960236	0.00060447544	0	1
1336.2202785429868	39457.844	23.864906	1.01124491911569	0.0006048203	0	1
1336.2216674082588	39575.76	23.893646	1.0123564602480444	0.00060374447	0	1
1336.2230562739971	39553.52	23.88558	1.0099014999111318	0.00060388003	0	1
1336.2244451397346	39588.266	23.900003	1.0089248341933161	0.0006037143	0	1
1336.2258340054723	39570.082	23.890871	1.0066226368986542	0.00060376094	0	1
1336.2272228712104	39524.45	23.88168	1.0036496325295199	0.0006042255	0	1
1336.2286117364824	39644.69	23.908276	1.0049102181985763	0.00060306373	0	1
1336.2300006022201	39622.836	23.90446	1.002589717787659	0.0006033001	0	1
1336.2313894679578	39697.555	23.924255	1.0027361240497874	0.0006026632	0	1
1336.2327783336953	39576.492	23.900337	0.9979651008186827	0.0006039024	0	1
1336.234167198967	39634.098	23.91305	0.997728328366843	0.0006033454	0	1
1336.2355560647047	39631.56	23.915236	0.9960016484203752	0.00060343917	0	1
1336.236944930443	39690.03	23.923538	0.9958327546720859	0.00060275936	0	1
1336.2383337961815	39653.402	23.91649	0.9933039075790255	0.0006031384	0	1
1336.2397226614526	39689.11	23.923565	0.9926144548553627	0.00060277403	0	1
1336.2411115271902	39679.207	23.924238	0.990810916219227	0.00060294144	0	1
1336.2425003929284	39740.02	23.93775	0.99079909025271	0.0006023588	0	1
1336.2438892581997	39755.066	23.94353	0.9896714945436936	0.0006022762	0	1
1336.2452781239372	39787.445	23.950197	0.9890020176695924	0.00060195365	0	1
1336.2466669896755	39752.977	23.941238	0.9866996301375645	0.0006022502	0	1
1336.248055855414	39765.72	23.946838	0.9855987331737835	0.00060219807	0	1
1336.249444720686	39760.484	23.94049	0.984081121140233	0.0006021177	0	1
1336.2508335864227	39784.88	23.950956	0.9833254954831036	0.00060201157	0	1
1336.2522224521608	39855.61	23.972752	0.9837414524365803	0.00060149	0	1
1336.2536113174328	39817.5	23.955656	0.9814996266140905	0.00060163636	0	1
1336.2550001831696	39821.7	23.956093	0.9803317699179502	0.0006015839	0	1
1336.256389048908	39803.062	23.955528	0.978632326274599	0.0006018514	0	1
1336.2577779141807	39863.637	23.972914	0.9789094772933776	0.000601373	0	1
1336.2591667799175	39836.094	23.967785	0.9770522834032567	0.00060166	0	1
1336.2605556456551	39848.902	23.965351	0.9762159037588743	0.00060140557	0	1
1336.2619445109278	39889.543	23.977839	0.976090683781624	0.00060110586	0	1
1336.2633333766653	39884.18	23.97806	0.9748697906961056	0.00060119224	0	1
1336.264722242403	39936.383	23.989288	0.9750859033737925	0.0006006876	0	1
1336.266111107675	39899.902	23.984852	0.9731676358944022	0.0006011256	0	1
1336.2674999734131	39937.48	23.990004	0.9730871480216969	0.000600689	0	1
1336.2688888391508	39924.953	23.982683	0.9718168284105284	0.0006006941	0	1
1336.270277704422	39946.035	23.989233	0.9713961631688847	0.000600541	0	1
1336.2716665701603	39928.586	23.986814	0.9700703028202439	0.0006007429	0	1
1336.2730554358977	39895.082	23.979578	0.968387516098923	0.00060106604	0	1
1336.2744443011698	39942.934	23.99385	0.9687113137485664	0.0006007033	0	1
1336.2758331669081	39996.895	24.007542	0.9692134218626954	0.00060023513	0	1
1336.2772220326456	39987.426	24.009407	0.9682099670921	0.0006004239	0	1
1336.2786108979176	39932.246	23.991898	0.9661334030395857	0.0006008151	0	1
1336.2799997636553	39969.156	24.000603	0.9663177857324697	0.0006004781	0	1
1336.281388628927	39982.02	24.005789	0.9659525740526486	0.00060041464	0	1
1336.2827774946654	39993.42	24.009499	0.9655844116324255	0.0006003362	0	1
1336.284166360403	39997.105	24.003252	0.9650624897611219	0.0006001247	0	1
1336.285555225675	39987.59	24.00327	0.9642550948904856	0.00060026796	0	1
1336.2869440914133	40024.457	24.015373	0.9645987908910739	0.0006000175	0	1
1336.2883329566844	40013.24	24.013351	0.9638163344755201	0.0006001352	0	1
1336.289721822422	40048.56	24.024624	0.9641877514905991	0.00059988734	0	1
1336.2911106881602	39988.848	24.003386	0.9623047275715936	0.000600252	0	1
1336.2924995534322	40037.12	24.017391	0.9630536907160692	0.0005998781	0	1
1336.29388841917	40028.74	24.015717	0.9624727686484669	0.00059996184	0	1
1336.2952772844417	40042.79	24.025383	0.9624645986974015	0.00059999275	0	1
1336.2966661501794	39994.746	24.006588	0.9609976511933719	0.0006002435	0	1
1336.2980550154512	40071.223	24.029444	0.9625559659025268	0.00059966836	0	1
1336.2994438811888	40101.676	24.037073	0.963041583566643	0.0005994032	0	1
1336.300832746927	40051.285	24.020939	0.9616194395735111	0.0005997545	0	1
1336.3022216121997	40004.26	24.006166	0.9603122293755487	0.00060009025	0	1
1336.3036104779367	40009.477	24.010796	0.9602928059662098	0.00060012774	0	1
1336.3049993432087	40055.36	24.024935	0.9612829688820803	0.0005997933	0	1
1336.3063882089468	40013.65	24.010778	0.9602046318026664	0.0006000647	0	1
1336.307777074218	40071.156	24.027208	0.961540939713241	0.00059961353	0	1
1336.3091659399556	39950.223	24.001173	0.9586291110939886	0.0006007769	0	1
1336.3105548052283	40048.945	24.026379	0.9610218107406293	0.0005999254	0	1
1336.3119436709667	40069.613	24.022436	0.9615753358678129	0.00059951755	0	1
1336.3133325362385	40031.03	24.018446	0.9607407193884692	0.00059999566	0	1
1336.3147214019755	40012.85	24.012466	0.9604293586702947	0.00060011883	0	1
1336.316110267248	40019.56	24.013687	0.9607490548479447	0.00060004875	0	1
1336.3174991329856	39997.344	24.01428	0.9604080763674264	0.0006003969	0	1
1336.3188879982567	40013.6	24.014988	0.9610245872028554	0.00060017064	0	1
1336.320276863995	40013.76	24.014513	0.9612882762493898	0.0006001564	0	1
1336.3216657292678	40036.598	24.013966	0.9621305912710044	0.0005998004	0	1
1336.3230545950053	39946.63	23.994633	0.9602951948888448	0.00060066726	0	1
1336.3244434602773	40027.938	24.018114	0.9626108105752633	0.0006000338	0	1
1336.3258323260147	39987.434	24.003643	0.9620309998140993	0.00060027966	0	1
1336.3272211912868	39997.883	24.00601	0.9627103303854035	0.00060018204	0	1
1336.3286100570244	40019.926	24.01198	0.963702636026913	0.0006000006	0	1
1336.3299989222962	39974.734	24.001326	0.9631091355619905	0.0006004124	0	1
1336.3313877880346	39993.426	24.004313	0.9640879117900449	0.00060020643	0	1
1336.3327766533066	39992.676	24.010431	0.964631702498306	0.0006003707	0	1
1336.3341655190434	39947.684	23.998283	0.9641410702792871	0.0006007428	0	1
1336.3355543843159	39980.227	24.002655	0.9655548969987103	0.0006003631	0	1
1336.3369432500542	40011.46	24.014765	0.9669714196330026	0.0006001972	0	1
1336.3383321153262	39914.055	23.988192	0.9653110989242348	0.00060099614	0	1
1336.339720980598	39942.336	23.997496	0.9667224128255961	0.0006008035	0	1
1336.3411098463357	39916.668	23.987978	0.9668610714923422	0.00060095143	0	1
1336.3424987116077	39871.277	23.972809	0.9665535727872192	0.0006012551	0	1
1336.3438875773452	39946.547	23.992401	0.9692045964370828	0.00060061266	0	1
1336.3452764426172	39875.586	23.969059	0.9683405502054699	0.0006010961	0	1
1336.3466653083556	39933.145	23.988832	0.9706299151482923	0.00060072483	0	1
1336.3480541736274	39855.504	23.970255	0.9696651996690587	0.00060142897	0	1
1336.3494430388994	39845.1	23.966341	0.9703667886289419	0.00060148776	0	1
1336.3508319046377	39883.574	23.971573	0.9722917249762809	0.00060103874	0	1
1336.3522207699089	39835.727	23.961267	0.9721443448429846	0.00060150196	0	1
1336.3536096356465	39803.83	23.955692	0.9724162651506281	0.00060184393	0	1
1336.354998500919	39859.504	23.967825	0.9748603172092346	0.00060130766	0	1
1336.356387366191	39884.363	23.971899	0.9765848156495157	0.000601035	0	1
1336.3577762319287	39819.19	23.95976	0.9761355014852319	0.0006017139	0	1
1336.3591650972005	39788.68	23.953545	0.9765647086370635	0.0006020191	0	1
1336.3605539629389	39752.79	23.942509	0.9768913772024916	0.000602285	0	1
1336.3619428282107	39709.098	23.923195	0.977055196345661	0.0006024613	0	1
1336.363331693482	39760.633	23.949352	0.9795934970355586	0.0006023383	0	1
1336.3647205592201	39734.375	23.93793	0.9802469793478458	0.0006024489	0	1
1336.3661094244928	39774.41	23.947216	0.9825672083155653	0.00060207595	0	1
1336.3674982897642	39727.188	23.937263	0.9827622661665814	0.0006025411	0	1
1336.3688871555016	39736.793	23.939137	0.9843923116054958	0.0006024426	0	1
1336.3702760207743	39725.594	23.93239	0.985537194014513	0.0006024426	0	1
1336.371664886511	39697.273	23.92324	0.9862859844027574	0.0006026419	0	1
1336.3730537517831	39677.688	23.920742	0.9872798919501009	0.0006028764	0	1
1336.3744426170556	39663.91	23.918764	0.988446734999149	0.00060303597	0	1
1336.375831482794	39677.984	23.92618	0.9903371138572072	0.00060300896	0	1
1336.377220348066	39684.0	23.925825	0.9920563676546208	0.0006029086	0	1
1336.3786092133373	39626.305	23.907358	0.9922098391451735	0.0006033204	0	1
1336.3799980790754	39687.246	23.92053	0.9953627815266395	0.0006027259	0	1
1336.381386944348	39576.004	23.891525	0.9942237196137579	0.00060368713	0	1
1336.3827758096193	39661.336	23.918343	0.998061270378869	0.0006030645	0	1
1336.3841646748913	39553.277	23.891144	0.9970370079555692	0.0006040244	0	1
1336.3855535406296	39576.45	23.89008	0.9993558615032665	0.0006036438	0	1
1336.3869424059014	39583.418	23.893126	1.0012942897926995	0.0006036145	0	1
1336.3883312711732	39585.953	23.896078	1.0031481099736632	0.00060365046	0	1
1336.389720136911	39514.3	23.879332	1.0031455964335176	0.00060432125	0	1
1336.3911090021836	39455.227	23.860989	1.00348283680579	0.0006047612	0	1
1336.3924978674554	39510.41	23.878382	1.0067520248793183	0.0006043567	0	1
1336.3938867331924	39449.555	23.8551	1.0070899868299164	0.00060469884	0	1
1336.395275598465	39474.465	23.8631	1.0096411783725523	0.0006045199	0	1
1336.396664463737	39502.742	23.876747	1.012306227716528	0.00060443266	0	1
1336.398053329009	39451.77	23.86094	1.0129640523467702	0.0006048129	0	1
1336.3994421947473	39399.055	23.843	1.013596357003985	0.00060516683	0	1
1336.400831060019	39422.79	23.854322	1.0162179795658879	0.00060508965	0	1
1336.4022199252909	39398.918	23.850155	1.0176360653900312	0.0006053505	0	1
1336.4036087905629	39333.086	23.82697	1.0179888939443926	0.0006057742	0	1
1336.4049976563006	39343.17	23.833748	1.0203264476243983	0.0006057912	0	1
1336.4063865215726	39336.44	23.82815	1.0222504237634393	0.0006057526	0	1
1336.4077753868444	39312.688	23.813555	1.0237523010619043	0.00060574734	0	1
1336.4091642521162	39311.527	23.82111	1.0258626869913772	0.00060595735	0	1
1336.4105531190357	39299.926	23.816917	1.0277209289475466	0.0006060296	0	1
1336.4119419872995	39304.137	23.81881	1.0300128384945906	0.00060601276	0	1
1336.4133308561927	39238.613	23.79912	1.0304939265658486	0.00060652295	0	1
1336.414719725087	39166.83	23.777882	1.0308271316493982	0.00060709234	0	1
1336.4161085944465	39255.32	23.805664	1.0353892158733395	0.0006064315	0	1
1336.4174974633395	39266.27	23.809748	1.0379350079754086	0.00060636643	0	1
1336.4188863322338	39164.613	23.785517	1.0375170597606362	0.0006073216	0	1
1336.4202752011283	39199.74	23.79313	1.040736236349567	0.0006069717	0	1
1336.4216640700215	39149.49	23.77765	1.041704771965515	0.0006073553	0	1
1336.4230529393808	39107.715	23.769373	1.0429097770467364	0.0006077924	0	1
1336.4244418082753	39160.023	23.776194	1.0466401310572995	0.00060715474	0	1
1336.4258306771683	39074.77	23.753843	1.0467070131667178	0.0006079074	0	1
1336.4272195460621	39072.39	23.754196	1.0490031933668205	0.00060795347	0	1
1336.4286084149564	39122.105	23.769608	1.0527147970262742	0.0006075749	0	1
1336.429997284316	39083.75	23.758795	1.0540705859657222	0.00060789444	0	1
1336.4313861532096	39006.785	23.737581	1.0543907170339406	0.00060855004	0	1
1336.4327750221032	38995.887	23.73446	1.056503301212796	0.0006086401	0	1
1336.434163890997	39057.43	23.746506	1.0605930097480334	0.00060798944	0	1
1336.4355527598914	38973.008	23.729477	1.06072833169485	0.00060886954	0	1
1336.4369416287852	39016.707	23.742785	1.0643581746773543	0.0006085287	0	1
1336.4383304981438	39023.82	23.7377	1.067002432730008	0.00060828746	0	1
1336.4397193670384	38988.914	23.732012	1.068504591564016	0.0006086861	0	1
1336.441108235932	38935.54	23.720129	1.069502863796667	0.00060921535	0	1
1336.4424971048252	38937.383	23.719831	1.0720217343882799	0.0006091789	0	1
1336.4438859737195	38914.793	23.717052	1.0738729032467458	0.0006094611	0	1
1336.4452748426138	38899.03	23.708357	1.075915607925834	0.0006094845	0	1
1336.446663711507	38906.945	23.7101	1.0786174339941939	0.00060940534	0	1
1336.4480525804006	38840.46	23.690454	1.0792569424317986	0.00060994265	0	1
1336.4494414497608	38825.223	23.686558	1.0813183621287656	0.0006100817	0	1
1336.450830318654	38908.812	23.710623	1.086138961532867	0.0006093895	0	1
1336.4522191875476	38843.652	23.692549	1.0868099055835274	0.0006099465	0	1
1336.4536080564421	38782.246	23.68016	1.0875784434786253	0.00061059283	0	1
1336.4549969253358	38788.246	23.675568	1.0902335402477126	0.00061037997	0	1
1336.4563857942294	38818.883	23.685072	1.0935824178793592	0.00061014306	0	1
1336.4577746631232	38789.18	23.677708	1.0952295831109213	0.0006104204	0	1
1336.459163532017	38760.75	23.667772	1.0969061837694403	0.0006106118	0	1
1336.4605524009107	38659.363	23.6435	1.0964983116865163	0.00061158533	0	1
1336.46194127027	38733.703	23.661755	1.1010839846278793	0.0006108828	0	1
1336.4633301391639	38724.29	23.659502	1.103279565294878	0.00061097316	0	1
1336.4647190080582	38618.297	23.630287	1.1027098131822524	0.00061189354	0	1
1336.466107876952	38528.516	23.603916	1.102583193921363	0.000612635	0	1
1336.467496745845	38451.125	23.590063	1.1027923295782487	0.00061350776	0	1
1336.4688856147395	38377.316	23.563719	1.1030854821818261	0.00061400124	0	1
1336.4702744836331	38205.844	23.51783	1.1005459649446596	0.00061555585	0	1
1336.471663352527	38123.49	23.491945	1.1005466334922487	0.0006162066	0	1
1336.4730522214213	37933.906	23.43801	1.0974230403817224	0.00061786437	0	1
1336.4744410903152	37842.934	23.417854	1.0971219729114368	0.0006188171	0	1
1336.475829959209	37692.215	23.373903	1.0950601260290806	0.0006201255	0	1
1336.4772188281027	37570.984	23.336908	1.093823655835923	0.0006211418	0	1
1336.4786076969963	37321.926	23.27323	1.0888275801318823	0.0006235806	0	1
1336.4799965658908	37153.652	23.227741	1.086146666477825	0.00062518055	0	1
1336.4813854347844	36920.94	23.154837	1.0815406412084339	0.00062714645	0	1
1336.4827743036776	36807.305	23.127893	1.08038388774283	0.00062835065	0	1
1336.4841631725722	36603.273	23.069994	1.0765360229774148	0.00063027133	0	1
1336.4855520414658	36416.535	23.016462	1.073153981020805	0.0006320333	0	1
1336.486940910359	36217.35	22.962679	1.0693620639540402	0.00063402427	0	1
1336.4883297792533	35929.73	22.88442	1.062909449993161	0.00063692156	0	1
1336.4897186481476	35744.39	22.824673	1.0594334035172377	0.0006385526	0	1
1336.4911075170407	35479.89	22.751305	1.0535627274193353	0.00064124505	0	1
1336.4924963859344	35249.32	22.688871	1.0486482029039095	0.00064366835	0	1
1336.493885254829	34991.348	22.611391	1.042867050341919	0.0006461995	0	1
1336.495274123722	34700.01	22.526585	1.036036488378449	0.0006491809	0	1
1336.4966629926157	34514.234	22.473127	1.0323060160515514	0.0006511263	0	1
1336.4980518615102	34241.754	22.391745	1.0259313989004617	0.000653931	0	1
1336.4994407304039	33967.53	22.305912	1.0194488092698615	0.00065668335	0	1
1336.5008295992975	33617.312	22.212795	1.010625518169858	0.0006607546	0	1
1336.5022184681914	33434.32	22.158234	1.0067740364103968	0.00066273916	0	1
1336.5036073370852	33077.176	22.05659	0.9976226103867869	0.000666822	0	1
1336.5049962059788	32868.613	21.98998	0.9928952229850676	0.00066902675	0	1
1336.5063850748725	32535.006	21.896917	0.9843343530099053	0.00067302637	0	1
1336.507773943766	32276.0	21.81821	0.9779720132921701	0.0006759887	0	1
1336.5091628126606	31989.434	21.728567	0.9707182927697808	0.000679242	0	1
1336.5105516815545	31681.105	21.632978	0.9627458112063033	0.00068283535	0	1
1336.5119405504474	31357.408	21.540201	0.9542464517877531	0.0006869254	0	1
1336.513329419342	31030.812	21.442472	0.9455985550218668	0.00069100584	0	1
1336.5147182882356	30795.084	21.363085	0.9396632081967986	0.0006937174	0	1
1336.5161071571288	30493.613	21.27775	0.9316666795636235	0.00069777726	0	1
1336.517496026023	30237.059	21.193964	0.9249866949187692	0.00070092676	0	1
1336.5188848944517	29921.822	21.10019	0.9164556178308645	0.00070517726	0	1
1336.520273763345	29682.867	21.027067	0.9102059204024672	0.0007083907	0	1
1336.5216626322385	29345.436	20.920904	0.9008811573669551	0.0007129185	0	1
1336.523051501133	29039.762	20.831615	0.8924741343133359	0.000717348	0	1
1336.5244403700267	28728.17	20.73031	0.8838295025232331	0.0007216022	0	1
1336.5258292389206	28493.805	20.652803	0.8775078557598046	0.00072481734	0	1
1336.5272181078144	28158.48	20.54916	0.8680239673771046	0.0007297681	0	1
1336.528606976708	27887.104	20.462614	0.8604577433354814	0.0007337662	0	1
1336.5299958456017	27630.494	20.378716	0.8532964699480444	0.0007375444	0	1
1336.5313847144955	27353.408	20.295218	0.8454525712697059	0.00074196304	0	1
1336.5327735829237	27100.545	20.214014	0.838307807660576	0.00074588956	0	1
1336.534162451818	26889.531	20.143503	0.832410258785304	0.00074912066	0	1
1336.5355513207119	26603.012	20.053602	0.8241278137614038	0.00075380947	0	1
1336.5369401896055	26446.73	19.997334	0.8198342417922447	0.0007561363	0	1
1336.5383290585	26212.848	19.921055	0.8130910045444432	0.00075997296	0	1
1336.539717927393	25944.45	19.83464	0.8052315084804776	0.0007645042	0	1
1336.5411067962868	25804.23	19.784565	0.80130695925141	0.0007667179	0	1
1336.5424956647155	25654.914	19.735584	0.7970590548287186	0.0007692711	0	1
1336.5438845336093	25472.08	19.682339	0.7917287491611613	0.00077270245	0	1
1336.545273402503	25364.062	19.64489	0.788683817183212	0.00077451667	0	1
1336.5466622713966	25218.166	19.597364	0.7842205400308686	0.000777113	0	1
1336.5480511402905	25114.344	19.562763	0.7810649513412736	0.00077894784	0	1
1336.5494400091843	25070.752	19.550707	0.7797821365131637	0.0007798213	0	1
1336.5508288776123	25022.412	19.532381	0.7783513881931077	0.00078059547	0	1
1336.552217746506	24966.123	19.50896	0.7766730794185219	0.0007814173	0	1
1336.5536066154004	24975.781	19.519222	0.7770462072394967	0.000781526	0	1
1336.554995484294	25028.074	19.527159	0.7787459812558002	0.0007802102	0	1
1336.5563843531872	25022.336	19.530676	0.7786402679421838	0.0007805297	0	1
1336.5577732216161	25116.059	19.560902	0.781629830826048	0.00077882054	0	1
1336.5591620905097	25199.9	19.590195	0.7843124249382767	0.0007773918	0	1
1336.560550959403	25327.1	19.628944	0.7883450878015743	0.0007750175	0	1
1336.5619398282972	25432.389	19.664846	0.7916964541643586	0.00077322056	0	1
1336.5633286971915	25587.455	19.719917	0.7963555953275344	0.00077068695	0	1
1336.564717565619	25695.041	19.750483	0.7994979578197713	0.00076864957	0	1
1336.5661064345127	25915.562	19.82135	0.8061141318933368	0.00076484354	0	1
1336.5674953034072	26128.246	19.896694	0.8124446989244903	0.0007615013	0	1
1336.5688841723008	26278.025	19.952301	0.8167775710928488	0.000759277	0	1
1336.570273040729	26504.219	20.023962	0.8234430088921026	0.0007555009	0	1
1336.571661909623	26750.18	20.099426	0.8306780365637024	0.0007513754	0	1
1336.5730507785165	27004.936	20.17978	0.8381403799126582	0.0007472626	0	1
1336.5744396474101	27272.441	20.268616	0.8459514551955529	0.00074319035	0	1
1336.575828515838	27558.543	20.358727	0.8542909370604166	0.0007387447	0	1
1336.577217384732	27784.139	20.424156	0.8607064146687811	0.0007351013	0	1
1336.5786062536263	28044.781	20.511856	0.8681590000820038	0.00073139655	0	1
1336.5799951225201	28304.219	20.59853	0.8755242741385277	0.0007277548	0	1
1336.5813839909474	28595.14	20.690256	0.8838119991994742	0.0007235585	0	1
1336.582772859842	28892.342	20.783737	0.8922406811428013	0.00071935105	0	1
1336.5841617287356	29178.094	20.874493	0.900262069948511	0.0007154166	0	1
1336.5855505976288	29453.678	20.954031	0.9079159281447525	0.0007114232	0	1
1336.5869394660576	29806.842	21.065409	0.9179047449616934	0.00070673064	0	1
1336.588328334952	30064.705	21.144457	0.924902194783761	0.0007032983	0	1
1336.5897172038449	30367.637	21.23737	0.9332304878938823	0.00069934217	0	1
1336.591106072273	30662.242	21.324234	0.9412455621347308	0.0006954558	0	1
1336.5924949411674	30983.725	21.42628	0.9500271491216757	0.0006915334	0	1
1336.5938838100606	31261.342	21.50922	0.9574053075183276	0.00068804534	0	1
1336.5952726789542	31521.172	21.593498	0.9641821235844951	0.0006850474	0	1
1336.596661547383	31854.143	21.691761	0.97313714459364	0.0006809714	0	1
1336.5980504162776	32131.865	21.770594	0.9803442686251047	0.00067753904	0	1
1336.6008281535987	32747.316	21.955494	0.9964094951029066	0.00067045167	0	1
1336.602217022493	32978.12	22.021648	1.002013242399791	0.0006677654	0	1
1336.603605891387	33257.39	22.10524	1.0090327482559205	0.00066467153	0	1
1336.6049947598142	33600.54	22.203197	1.0179284687223467	0.00066079886	0	1
1336.6063836287085	33825.824	22.271566	1.0231939987944583	0.00065841904	0	1
1336.607772497603	34057.156	22.342142	1.0285880821129936	0.000656019	0	1
1336.6091613660305	34325.434	22.420887	1.0350417177273423	0.0006531858	0	1
1336.6105502349242	34610.344	22.504824	1.0419381540913946	0.00065023405	0	1
1336.611939103353	34873.28	22.579391	1.0481147316516066	0.00064746966	0	1
1336.6133279722467	35103.438	22.648571	1.053250596489332	0.00064519525	0	1
1336.6147168411403	35360.59	22.71446	1.0591415094391234	0.00064236653	0	1
1336.6161057095685	35602.44	22.784536	1.0645188558021752	0.0006399712	0	1
1336.6174945784624	35804.79	22.845068	1.0686629691955558	0.000638045	0	1
1336.618883447356	36069.996	22.924324	1.0746303005897346	0.00063555106	0	1
1336.620272315784	36256.426	22.971838	1.0781989775620864	0.0006335936	0	1
1336.6216611846778	36492.11	23.034016	1.0831827782188121	0.0006312054	0	1
1336.6230500531065	36732.105	23.103083	1.0882425004710499	0.00062896154	0	1
1336.6244389220003	36872.223	23.14237	1.090296986642717	0.00062763697	0	1
1336.6258277908933	37155.066	23.22586	1.0965237616509511	0.00062510616	0	1
1336.6272166593221	37260.79	23.255121	1.0974778651276638	0.0006241178	0	1
1336.6286055282158	37381.26	23.284718	1.0988310676641797	0.0006228981	0	1
1336.6299943966433	37624.6	23.349829	1.1037532704413195	0.0006206	0	1
1336.6313832655378	37877.65	23.422241	1.10891031836604	0.00061836577	0	1
1336.6327721344321	37930.785	23.43876	1.108176940555448	0.00061793503	0	1
1336.6341610028594	38016.684	23.460882	1.108373777109706	0.0006171207	0	1
1336.6355498717533	38213.28	23.515514	1.1117632103604327	0.0006153754	0	1
1336.636938740182	38311.51	23.540527	1.1122560285013534	0.0006144505	0	1
1336.638327609075	38403.74	23.571823	1.1125470626106961	0.00061378983	0	1
1336.639716477503	38459.04	23.587086	1.1117444563395544	0.0006133041	0	1
1336.6411053463976	38537.348	23.601664	1.1115848131668633	0.0006124361	0	1
1336.6424942152912	38696.883	23.648746	1.1137403066911749	0.00061112794	0	1
1336.6438830837194	38702.234	23.65129	1.1114359530488045	0.0006111092	0	1
1336.645271952613	38652.402	23.63331	1.1075388352395972	0.00061143184	0	1
1336.6466608210412	38766.516	23.665028	1.1083253750862478	0.0006104502	0	1
1336.6480496899349	38716.742	23.650295	1.10441339237338	0.0006108545	0	1
1336.6494385583628	38802.05	23.676224	1.1043444305748382	0.0006101797	0	1
1336.6508274272567	38838.297	23.690514	1.1028642359348135	0.00060997816	0	1
1336.6522162956853	38815.223	23.684147	1.0996926372189286	0.00061017676	0	1
1336.6536051645792	38818.133	23.679737	1.0972533820630308	0.0006100174	0	1
1336.6549940330065	38852.09	23.681002	1.0956851047838798	0.0006095168	0	1
1336.656382901901	38766.438	23.666672	1.0907299123037408	0.0006104939	0	1
1336.6577717703299	38927.926	23.712656	1.0927351057627024	0.00060914253	0	1
1336.6591606392228	38829.94	23.685343	1.087464281257219	0.0006099763	0	1
1336.660549507651	38851.133	23.687544	1.0855219143723474	0.0006097002	0	1
1336.6619383765453	38952.01	23.717758	1.085798358291085	0.0006088969	0	1
1336.6633272449735	38939.68	23.720995	1.082914368329333	0.00060917286	0	1
1336.6647161138671	38887.195	23.702198	1.078919948042507	0.0006095116	0	1
1336.666104982295	38977.76	23.728104	1.0788947972464378	0.00060876005	0	1
1336.6674938511896	38971.203	23.728893	1.0761794343417819	0.00060888275	0	1
1336.6688827196176	39008.348	23.74052	1.074673408739356	0.000608601	0	1
1336.6702715885108	39019.85	23.74098	1.0724631105061506	0.0006084334	0	1
1336.6716604569397	39046.355	23.74343	1.0706687035754636	0.0006080831	0	1
1336.6730493258333	38995.957	23.721498	1.0667739890817984	0.0006083066	0	1
1336.6744381942608	39074.12	23.750029	1.0664020706549249	0.0006078199	0	1
1336.6758270626895	39038.145	23.745422	1.0629207142176624	0.0006082621	0	1
1336.6772159315838	39099.03	23.762558	1.0620842568207738	0.0006077531	0	1
1336.6786048000113	39145.977	23.77338	1.0608720825370903	0.0006073007	0	1
1336.679993668905	39086.805	23.762356	1.0567954285431729	0.00060793804	0	1
1336.6813825373338	39147.45	23.775595	1.0559694566313764	0.0006073344	0	1
1336.682771406227	39168.277	23.781254	1.0540763141897196	0.00060715596	0	1
1336.684160274655	39144.8	23.77538	1.051003676803032	0.00060737005	0	1
1336.6855491430838	39097.19	23.760595	1.0473008147917673	0.0006077315	0	1
1336.6869380119774	39224.88	23.79835	1.0483026629711243	0.0006067157	0	1
1336.6883268804054	39184.016	23.791132	1.0448091629831149	0.0006071642	0	1
1336.6897157492992	39255.63	23.806349	1.0443281214178464	0.0006064442	0	1
1336.6911046177274	39280.906	23.806705	1.0426243622735571	0.00060606305	0	1
1336.692493486621	39235.676	23.798998	1.0390667832387919	0.00060656527	0	1
1336.693882355049	39309.285	23.816568	1.0386717623265773	0.0006058764	0	1
1336.6952712234772	39347.395	23.830011	1.0373497093907433	0.0006056312	0	1
1336.6966600923715	39283.02	23.810413	1.0333455035156973	0.0006061248	0	1
1336.6980489607997	39351.367	23.82845	1.032851109071805	0.0006055304	0	1
1336.7049933038716	39438.215	23.857	1.0239440430634472	0.0006049209	0	1
1336.7063821723002	39455.234	23.861145	1.022211192122306	0.000604765	0	1
1336.7077710411932	39435.543	23.854591	1.0195496472037124	0.0006049008	0	1
1336.7091599096211	39459.055	23.861229	1.0180275823535425	0.00060470856	0	1
1336.71054877805	39491.227	23.873693	1.0167491285129506	0.00060453155	0	1
1336.7119376469439	39485.73	23.86876	1.0145230529689546	0.00060449075	0	1
1336.7133265153718	39512.56	23.880236	1.0131504121583568	0.0006043708	0	1
1336.7147153838	39467.492	23.854511	1.009959675371663	0.0006044091	0	1
1336.7161042526936	39562.08	23.891626	1.010364907610839	0.0006039022	0	1
1336.7174931211216	39543.836	23.88882	1.0079100032175023	0.00060410984	0	1
1336.7188819895498	39500.723	23.8711	1.0048498406385027	0.00060432055	0	1
1336.7202708584437	39579.836	23.89467	1.0049231762387119	0.00060370815	0	1
1336.7216597268723	39641.457	23.908161	1.0045718788288587	0.00060311006	0	1
1336.7230485953005	39598.297	23.899834	1.001591076941709	0.0006035571	0	1
1336.7244374641941	39585.99	23.8917	0.9994202892884176	0.00060353935	0	1
1336.725826332623	39655.867	23.915234	0.9993491585589541	0.00060306926	0	1
1336.7272152010503	39678.42	23.919298	0.9981088692206715	0.00060282886	0	1
1336.7286040694785	39629.17	23.90896	0.9950915360941673	0.00060331717	0	1
1336.7299929383728	39732.355	23.93147	0.9959277507616083	0.0006023169	0	1
1336.731381806801	39709.414	23.926788	0.9936276017672577	0.000602547	0	1
1336.732770675229	39641.508	23.91108	0.990235112135782	0.0006031829	0	1
1336.7355484125508	39713.68	23.929209	0.9887329160627094	0.00060254324	0	1
1336.7369372809794	39728.062	23.932312	0.987482283925032	0.0006024032	0	1
1336.7383261494076	39706.96	23.929995	0.9853798325061508	0.00060266495	0	1
1336.7397150183006	39773.04	23.947557	0.9854692644646114	0.0006021053	0	1
1336.7411038867294	39815.402	23.956121	0.9849973328005827	0.0006016797	0	1
1336.7424927551574	39804.516	23.96286	0.9832375052661031	0.0006020136	0	1
1336.743881623585	39685.07	23.916664	0.9788451405446076	0.0006026615	0	1
1336.7452704924794	39864.383	23.971622	0.9818238131029319	0.0006013293	0	1
1336.746659360908	39850.59	23.964174	0.9800852229206136	0.00060135056	0	1
1336.7480482293354	39813.703	23.964483	0.9778119204623997	0.00060191547	0	1
1336.7494370977636	39819.164	23.960402	0.9766114058312678	0.0006017304	0	1
1336.7508259666579	39827.72	23.96252	0.9755181474938568	0.00060165435	0	1
1336.7522148350854	39905.14	23.9865	0.9761409532965425	0.000601088	0	1
1336.7536037035134	39872.17	23.977434	0.9740942364602843	0.0006013576	0	1
1336.7549925719422	39807.914	23.958727	0.971318465193248	0.00060185837	0	1
1336.7563814403702	39905.25	23.98112	0.9725171593642842	0.0006009515	0	1
1336.757770309264	39910.047	23.984112	0.9714903137618037	0.0006009542	0	1
1336.7591591776923	39960.086	24.001514	0.971596073631679	0.0006006372	0	1
1336.7605480461202	39933.977	23.988766	0.9698826872584236	0.0006007107	0	1
1336.7619369145482	39909.617	23.974356	0.9682462818425265	0.0006007163	0	1
1336.7633257829764	39936.75	23.99647	0.9678923172420671	0.00060086185	0	1
1336.7647146518702	39983.605	24.003407	0.9680478894697967	0.00060033123	0	1
1336.7661035202989	39889.848	23.969305	0.9648336639659671	0.00060088735	0	1
1336.767492388727	39858.973	23.969515	0.9631928988930475	0.0006013581	0	1
1336.7688812571544	39970.09	24.002628	0.9649832392713226	0.00060051476	0	1
1336.770270125583	40009.805	24.012001	0.9650962901926129	0.00060015294	0	1
1336.7716589940112	39977.3	24.002914	0.9635011052154556	0.0006004136	0	1
1336.7730478629041	39936.125	23.989159	0.9617324088680053	0.0006006882	0	1
1336.774436731333	40076.047	24.022661	0.9643737401611473	0.0005994269	0	1
1336.775825599762	39994.562	24.006948	0.9616872752963824	0.0006002553	0	1
1336.7772144681892	40061.52	24.029186	0.9626213519161331	0.0005998072	0	1
1336.7786033366174	39978.555	24.007069	0.9599876418875292	0.00060049864	0	1
1336.779992205046	39918.414	23.99392	0.9579555196021637	0.00060107396	0	1
1336.7813810734742	40024.527	24.012764	0.9599131768285608	0.0005999512	0	1
1336.7827699419022	39952.42	23.992355	0.9576474904418775	0.0006005232	0	1
1336.7841588107958	40066.617	24.022749	0.9598814959717807	0.00059957016	0	1
1336.7855476792238	39992.555	24.008991	0.9576395527325527	0.0006003365	0	1
1336.786936547652	39993.38	24.00345	0.9572263863217814	0.0006001856	0	1
1336.7883254160802	40056.473	24.0239	0.9583377517988153	0.0005997507	0	1
1336.7897142845088	40038.27	24.019697	0.9575385230927022	0.0005999185	0	1
1336.7911031529375	40007.566	24.012259	0.956475659942152	0.0006001929	0	1
1336.792492021365	40043.85	24.020388	0.9570491981330469	0.00059985206	0	1
1336.793880889793	40017.324	24.012045	0.9561563870530517	0.00060004124	0	1
1336.7952697582218	40055.28	24.026772	0.9568392684656374	0.0005998403	0	1
1336.796658627115	40013.1	24.013786	0.955642863816314	0.0006001481	0	1
1336.798047495543	40030.99	24.019176	0.9559161863341094	0.0006000146	0	1
1336.7994363639718	39990.645	24.012829	0.9548341012026317	0.00060046115	0	1
1336.8008252323998	40005.973	24.014162	0.9551163801462101	0.0006002644	0	1
1336.8022141008278	40054.023	24.020557	0.9562148564397371	0.000599704	0	1
1336.803602969256	39976.16	24.004137	0.95434244483623	0.0006004613	0	1
1336.8049918376842	40042.254	24.02186	0.9559417948919519	0.0005999128	0	1
1336.8063807061121	40044.418	24.018644	0.9560500730827479	0.0005998001	0	1
1336.80776957454	40080.977	24.029549	0.9570147030566084	0.00059952505	0	1
1336.8091584429683	40040.91	24.020187	0.9561848443261866	0.0005998911	0	1
1336.810547311397	39968.414	23.995922	0.9546152270603109	0.00060037215	0	1
1336.8119361798251	39972.656	24.004246	0.9549131870844738	0.0006005167	0	1
1336.8133250482524	40052.22	24.021946	0.9570634330904315	0.0005997657	0	1
1336.8147139166813	39962.793	23.99629	0.9551757064906305	0.0006004658	0	1
1336.8161027851102	39965.38	23.996838	0.9555390492042682	0.00060044066	0	1
1336.8174916535374	40049.94	24.021343	0.9579154038591751	0.0005997847	0	1
1336.8188805219656	39966.508	24.001614	0.9562738962225343	0.00060054316	0	1
1336.8202693903943	40017.453	24.011091	0.9578996284231412	0.00060001545	0	1
1336.8216582588216	39910.637	23.980795	0.9557832305770363	0.00060086226	0	1
1336.8230471272498	39937.055	23.982197	0.956891424281066	0.00060049986	0	1
1336.8244359956784	39968.113	23.998814	0.9581462465596349	0.000600449	0	1
1336.8258248641066	39955.703	23.998411	0.9583939380106433	0.0006006254	0	1
1336.8272137325348	39957.715	23.99711	0.9590220646174887	0.0006005626	0	1
1336.8286026009628	39935.637	23.991774	0.9591062956561616	0.00060076104	0	1
1336.8299914693907	39988.973	24.004496	0.9610367357514905	0.00060027785	0	1
1336.831380337819	39974.42	23.999851	0.9613708013256855	0.0006003802	0	1
1336.8327692062471	39918.117	23.986244	0.9607338586967694	0.0006008862	0	1
1336.834158074675	39881.69	23.975481	0.960607955993425	0.0006011651	0	1
1336.835546943104	39953.074	23.9918	0.9631136903535809	0.0006004995	0	1
1336.836935811532	39931.49	23.991741	0.9634134440849348	0.0006008226	0	1
1336.8383246799594	39869.527	23.976387	0.9627713859349987	0.0006013712	0	1
1336.839713548388	39955.35	23.987762	0.9657486683154831	0.0006003642	0	1
1336.8411024168163	39886.098	23.9767	0.9649796752847334	0.00060112926	0	1
1336.8424912852436	39868.484	23.972382	0.9655078780922669	0.0006012865	0	1
1336.8438801536722	39876.38	23.97513	0.9666872177057814	0.0006012364	0	1
1336.845269022101	39854.773	23.96821	0.9671845872147915	0.0006013887	0	1
1336.8466578905284	39820.01	23.96046	0.9673946089019676	0.0006017191	0	1
1336.8480467589566	39809.64	23.960743	0.9682292274730852	0.00060188293	0	1
1336.8494356273854	39817.914	23.954233	0.9695503743693701	0.0006015944	0	1
1336.8508244953484	39786.32	23.943865	0.9699330814199062	0.0006018115	0	1
1336.8522133637766	39834.582	23.96924	0.9722959031063035	0.00060171937	0	1
1336.853602232204	39817.496	23.957245	0.9730973400994587	0.00060167635	0	1
1336.8549911006326	39800.785	23.952627	0.9739394603259794	0.0006018129	0	1
1336.8563799690608	39788.93	23.949808	0.9749318871656178	0.0006019214	0	1
1336.857768837488	39746.75	23.938086	0.9752117448190675	0.00060226524	0	1
1336.859157705917	39782.18	23.945034	0.9774276309871589	0.00060190354	0	1
1336.8605465743456	39739.887	23.93907	0.9777655280418602	0.000602394	0	1
1336.8619354427728	39745.703	23.936249	0.979317523850362	0.00060223485	0	1
1336.863324311201	39719.89	23.931973	0.9801209532112601	0.0006025186	0	1
1336.864713179164	39717.973	23.935795	0.9815442638741873	0.00060264394	0	1
1336.8661020475915	39683.676	23.922113	0.9821971000962241	0.00060282	0	1
1336.8674909160195	39643.53	23.912968	0.9827331891962076	0.00060319976	0	1
1336.8688797844484	39661.996	23.907255	0.9847519224001056	0.0006027749	0	1
1336.8702686528763	39664.363	23.917566	0.9864021690173012	0.0006029989	0	1
1336.8716575213045	39610.875	23.894165	0.9866914127257743	0.00060322235	0	1
1336.8730463897327	39645.258	23.91631	0.9891985979122091	0.00060325774	0	1
1336.874435257695	39645.293	23.907515	0.9908798375981754	0.0006030354	0	1
1336.875824126123	39601.027	23.903429	0.9914813139654858	0.0006036063	0	1
1336.8772129945512	39602.195	23.903091	0.9932475243141387	0.00060358	0	1
1336.8786018629794	39575.33	23.894094	0.9943382563009158	0.0006037624	0	1
1336.879990731408	39554.57	23.88839	0.995608852634613	0.000603935	0	1
1336.8813795998362	39467.594	23.859146	0.9952568461803156	0.000604525	0	1
1336.8827684677979	39628.074	23.904165	1.001155236479984	0.0006032129	0	1
1336.8841573362265	39523.883	23.873507	1.0003764993281472	0.00060402736	0	1
1336.8855462046547	39529.63	23.869295	1.0024237987285822	0.000603833	0	1
1336.886935073082	39493.46	23.868723	1.003433625327783	0.00060437154	0	1
1336.8883239415109	39494.344	23.876259	1.0054096399018102	0.00060454884	0	1
1336.889712809474	39425.113	23.852133	1.0056235345504614	0.00060499844	0	1
1336.8911016779014	39436.92	23.85357	1.007927412676672	0.0006048538	0	1
1336.8924905463296	39464.574	23.858707	1.0106636549006127	0.00060456013	0	1
1336.8938794147582	39429.426	23.85496	1.0118162397166028	0.00060500397	0	1
1336.8952682831864	39381.832	23.843441	1.012669743068321	0.0006054427	0	1
1336.8966571511487	39384.008	23.837013	1.0148248173846977	0.000605246	0	1
1336.8980460195767	39388.06	23.839024	1.0170523048512043	0.0006052348	0	1
1336.8994348880049	39404.082	23.847227	1.0196133686889344	0.00060519687	0	1
1336.900823756433	39387.617	23.846266	1.0213566379379928	0.00060542545	0	1
1336.9022126243954	39291.41	23.817497	1.0210482935526268	0.0006061757	0	1
1336.9036014928233	39286.0	23.813377	1.0231157026163522	0.00060615427	0	1
1336.9049903612522	39267.79	23.814056	1.0248698362203568	0.0006064527	0	1
1336.9063792296802	39298.188	23.81669	1.027914285682466	0.0006060506	0	1
1336.907768097642	39287.082	23.80936	1.0298946630114383	0.00060603535	0	1
1336.909156966071	39273.766	23.807524	1.0318355777690795	0.0006061941	0	1
1336.9105458344989	39232.5	23.800993	1.0330583583173951	0.0006066652	0	1
1336.9119347029264	39240.8	23.800558	1.0356031832770156	0.0006065258	0	1
1336.9133235708894	39156.75	23.778595	1.035727986853089	0.0006072668	0	1
1336.914712439318	39164.855	23.780514	1.0382965057743139	0.00060719013	0	1
1336.9161013077462	39161.65	23.77338	1.0405859813943934	0.0006070577	0	1
1336.9174901757087	39236.11	23.795773	1.0449624521404148	0.00060647633	0	1
1336.9188790441367	39156.26	23.779377	1.0452399777693129	0.0006072944	0	1
1336.9202679125647	39093.68	23.76235	1.0459872620377544	0.000607831	0	1
1336.9216567809929	39091.76	23.753904	1.0483682472390483	0.0006076448	0	1
1336.9230456489552	39140.02	23.771154	1.0521116683876142	0.0006073363	0	1
1336.9244345173838	39078.684	23.760328	1.052921558336912	0.0006080125	0	1
1336.925823385812	39053.035	23.75337	1.0547000825847845	0.0006082337	0	1
1336.9272122537736	39030.426	23.746378	1.0565694852917846	0.00060840684	0	1
1336.9286011222025	39047.973	23.749557	1.0595367659139874	0.0006082149	0	1
1336.9299899906314	39038.082	23.747936	1.0617704676465909	0.00060832745	0	1
1336.931378858593	39042.082	23.743359	1.0643912855188424	0.0006081479	0	1
1336.9327677270212	39062.344	23.747189	1.0674659501681663	0.0006079305	0	1
1336.9341565954498	38933.277	23.716875	1.0664610192769974	0.0006091672	0	1
1336.9355454634115	38960.754	23.722244	1.0697449183828591	0.0006088754	0	1
1336.9369343318397	38982.43	23.728682	1.0728793367159295	0.00060870196	0	1
1336.9383232002683	38937.92	23.722837	1.0741965398545859	0.00060924765	0	1
1336.9397120682308	38897.797	23.708546	1.0756340893988054	0.0006095087	0	1
1336.941100936659	38930.812	23.720785	1.079097855004875	0.0006093062	0	1
1336.942489805087	38851.71	23.69658	1.0794541813487215	0.00060992374	0	1
1336.9438786730493	38865.312	23.701153	1.082384297355648	0.0006098279	0	1
1336.9452675414775	38882.582	23.705395	1.0854201523036753	0.00060966617	0	1
1336.94665640944	38864.54	23.698006	1.0874708715225465	0.00060975907	0	1
1336.948045277868	38830.906	23.688997	1.089081756027667	0.0006100552	0	1
1336.9494341462969	38794.24	23.679846	1.0906017695315968	0.000610396	0	1
1336.9508230142592	38881.812	23.701616	1.0956158337100916	0.00060958107	0	1
1336.9522118826867	38812.176	23.68441	1.0961981961589384	0.0006102314	0	1
1336.9536007506497	38788.996	23.671108	1.0980826767094014	0.0006102532	0	1
1336.9549896190779	38818.05	23.68127	1.1014413836919321	0.0006100582	0	1
1336.9563784875052	38755.438	23.667646	1.1021910457122774	0.00061069225	0	1
1336.9577673554681	38647.82	23.636862	1.1016429385289541	0.0006115962	0	1
1336.959156223897	38589.57	23.621284	1.1024834994262065	0.0006121158	0	1
1336.9605450918589	38516.098	23.600107	1.1028719037145867	0.0006127336	0	1
1336.9619339602868	38439.05	23.58208	1.103138552271575	0.0006134928	0	1
1336.96332282825	38302.582	23.544666	1.1016754980360324	0.0006147018	0	1
1336.964711696678	38168.562	23.505869	1.1002539448648916	0.0006158437	0	1
1336.966100565106	38060.895	23.47486	1.099564005543374	0.0006167711	0	1
1336.9674894330685	37946.977	23.437721	1.0986658859664495	0.000617644	0	1
1336.9688783014967	37779.156	23.398344	1.0961748649616945	0.00061934534	0	1
1336.970267169459	37620.527	23.355171	1.0939146018137484	0.00062080927	0	1
1336.971656037887	37476.63	23.315157	1.092047400769509	0.0006221252	0	1
1336.9730449058495	37316.273	23.266737	1.0896644661342307	0.0006235011	0	1
1336.9744337742782	37084.19	23.206928	1.0851447020730411	0.00062579033	0	1
1336.9758226422407	36922.22	23.16091	1.082633258676612	0.00062728924	0	1
1336.977211510669	36672.258	23.092875	1.077496878394855	0.0006297096	0	1
1336.9786003786319	36537.68	23.055258	1.0757066393621497	0.0006309995	0	1
1336.9799892470592	36278.812	22.9751	1.0702120356005658	0.0006332925	0	1
1336.9813781150217	36090.742	22.916464	1.0667569665138723	0.00063496793	0	1
1336.9827669834503	35828.75	22.847296	1.0610672750134051	0.0006376805	0	1
1336.9841558514129	35648.277	22.799713	1.057741984629521	0.0006395741	0	1
1336.985544719841	35434.562	22.735804	1.053382761926751	0.0006416279	0	1
1336.9869335878034	35175.996	22.649534	1.0476377632265286	0.00064389175	0	1
1336.9883224562313	34904.543	22.580933	1.0414529279095999	0.0006469339	0	1
1336.9897113241939	34711.746	22.526129	1.0375621300281976	0.0006489483	0	1
1336.991100192622	34376.285	22.426752	1.0293504219651155	0.00065239024	0	1
1336.9924890605844	34166.61	22.36005	1.0248474088340538	0.0006544416	0	1
1336.9938779290133	33951.34	22.305426	1.0201248287474096	0.0006569822	0	1
1336.9952667969756	33594.125	22.204819	1.0110777443027612	0.00066097325	0	1
1336.9966556654028	33357.37	22.127577	1.005595416624425	0.00066334894	0	1
1336.9980445333658	33094.203	22.053734	0.9992606385561944	0.0006663927	0	1
1336.9994334017947	32847.836	21.982254	0.9933763898039344	0.0006692147	0	1
1337.0008222697566	32465.291	21.86872	0.9833115280986572	0.00067360303	0	1
1337.0022111381845	32287.023	21.812807	0.9793746395707497	0.00067559053	0	1
1337.0036000061477	31984.268	21.72665	0.9716061205561856	0.0006792918	0	1
1337.0049888741094	31770.19	21.654217	0.9664743219735148	0.0006815892	0	1
1337.0063777425376	31381.992	21.541986	0.955985125441872	0.0006864442	0	1
1337.0077666105005	31125.074	21.464048	0.94943293395092	0.00068960636	0	1
1337.0091554789287	30796.266	21.35443	0.9406284928068179	0.0006934097	0	1
1337.010544346891	30573.172	21.290712	0.9349952403050208	0.00069638545	0	1
1337.011933215319	30326.682	21.218264	0.9285922019750474	0.0006996566	0	1
1337.0133220832815	29990.764	21.122957	0.9193927464821968	0.00070431543	0	1
1337.014710951244	29741.295	21.045095	0.9127855801237094	0.0007076052	0	1
1337.016099819672	29385.932	20.935108	0.9028704235438547	0.0007124194	0	1
1337.0174886876343	29209.828	20.876295	0.8984078339606413	0.0007147011	0	1
1337.0188775560632	28858.025	20.764254	0.8884868382965476	0.0007195313	0	1
1337.0202664240255	28652.701	20.69983	0.8830207488132608	0.000722439	0	1
1337.0216552919874	28361.092	20.614828	0.8748430250591636	0.00072687	0	1
1337.0230441604162	28139.86	20.543474	0.8687837231518749	0.0007300489	0	1
1337.0244330283786	27861.416	20.451523	0.8609066078710884	0.00073404465	0	1
1337.0258218963404	27635.03	20.384956	0.8545869556380302	0.00073764916	0	1
1337.027210764769	27395.572	20.304485	0.847813626241102	0.00074115937	0	1
1337.028599632732	27145.484	20.22956	0.8406618842957705	0.0007452275	0	1
1337.0299885011596	26962.043	20.163809	0.8355264883469078	0.00074785907	0	1
1337.0313773691219	26692.816	20.072395	0.8276853649543058	0.00075197744	0	1
1337.032766237085	26571.549	20.042055	0.824386476542468	0.0007542675	0	1
1337.034155105513	26367.21	19.971972	0.8184663755947169	0.00075745484	0	1
1337.0355439734756	26233.193	19.927166	0.8146853566437935	0.0007596165	0	1
1337.036932841438	26037.84	19.865786	0.8089564605946616	0.0007629583	0	1
1337.038321709866	25934.049	19.822287	0.8060300360256922	0.00076433446	0	1
1337.0397105778284	25814.414	19.789036	0.8023567524632914	0.0007665886	0	1
1337.041099445791	25678.838	19.74582	0.7981875428340336	0.000768953	0	1
1337.0424883142196	25666.64	19.7404	0.7978531260873348	0.0007691073	0	1
1337.0438771821828	25615.729	19.723278	0.7963151450106801	0.0007699675	0	1
1337.0452660501446	25606.44	19.72125	0.7960709980625945	0.0007701676	0	1
1337.046654918107	25541.633	19.70129	0.7941007574727793	0.0007713403	0	1
1337.0480437865358	25590.357	19.719646	0.7956602310761267	0.00077058893	0	1
1337.0494326544974	25570.752	19.707748	0.7950952287089214	0.0007707145	0	1
1337.05082152246	25722.77	19.758657	0.7998668975801924	0.0007681388	0	1
1337.0522103908886	25784.693	19.776588	0.8018374184630638	0.0007669895	0	1
1337.0535992588511	25797.072	19.788296	0.8022673547227687	0.0007670753	0	1
1337.0549881268134	25995.97	19.849743	0.8084982657869572	0.00076356996	0	1
1337.0563769947757	26152.238	19.90043	0.8131477649002198	0.0007609456	0	1
1337.057765863204	26217.62	19.926348	0.8149303118713557	0.0007600365	0	1
1337.0591547311665	26411.531	19.986794	0.8206661772228278	0.000756745	0	1
1337.0605435991288	26607.7	20.049692	0.8264283290773478	0.0007535297	0	1
1337.061932467091	26830.201	20.12214	0.832963530213021	0.000749981	0	1
1337.06332133552	26984.752	20.173613	0.8373442179977999	0.00074759306	0	1
1337.0647102034823	27199.934	20.238316	0.8435608712175992	0.0007440575	0	1
1337.0660990714441	27422.373	20.311634	0.8499554469292643	0.0007406957	0	1
1337.0674879394073	27729.746	20.41459	0.8589328958076082	0.0007361983	0	1
1337.068876807836	27917.012	20.476011	0.8641403504409405	0.00073346	0	1
1337.0702656757976	28190.377	20.559982	0.8719632531525463	0.0007293263	0	1
1337.07165454376	28444.25	20.64563	0.8791314256887084	0.0007258279	0	1
1337.0730434117231	28763.852	20.736792	0.8882773740755965	0.0007209324	0	1
1337.0744322801506	29042.781	20.825775	0.896112208763232	0.00071707234	0	1
1337.075821148113	29287.85	20.902443	0.902848458408264	0.0007136899	0	1
1337.0772100160762	29587.5	20.983694	0.9112122780424996	0.0007092081	0	1
1337.0785988840385	29772.854	21.056723	0.9160023502222443	0.0007072457	0	1
1337.0799877520008	30110.104	21.151775	0.925410287788772	0.000702481	0	1
1337.081376620429	30369.947	21.239662	0.9323809115063172	0.00069936446	0	1
1337.0827654883915	30631.027	21.318789	0.9393332249554728	0.00069598673	0	1
1337.0841543563538	30973.621	21.417248	0.9487256191410225	0.0006914674	0	1
1337.085543224316	31237.787	21.497536	0.955655579823365	0.0006881901	0	1
1337.0869320922786	31536.812	21.590832	0.96359297505603	0.00068462314	0	1
1337.0883209602416	31823.43	21.671354	0.9710910226897145	0.0006809874	0	1
1337.0897098286698	32084.686	21.756483	0.977756145762038	0.00067809556	0	1
1337.0910986966314	32381.674	21.841	0.9854504870968714	0.00067448645	0	1
1337.0924875645946	32635.133	21.91572	0.991760580591308	0.00067153765	0	1
1337.093876432557	32891.45	21.99604	0.9980995793775282	0.0006687465	0	1
1337.0952653005188	33187.664	22.080284	1.005589403110285	0.000665316	0	1
1337.096654168482	33457.652	22.163027	1.0122239721288366	0.00066242024	0	1
1337.098043036445	33757.754	22.245394	1.0197087463206898	0.0006589714	0	1
1337.0994319048723	33959.918	22.30697	1.02417758423043	0.00065686175	0	1
1337.1008207728348	34251.613	22.394066	1.031289457945229	0.00065381057	0	1
1337.1022096407978	34503.703	22.467388	1.037149463699451	0.00065115874	0	1
1337.103598508761	34735.145	22.528748	1.0423326119388365	0.00064858655	0	1
1337.1049873767233	35046.68	22.617306	1.0498601856842298	0.00064534805	0	1
1337.1063762446852	35245.637	22.682486	1.053958296050146	0.00064355443	0	1
1337.1077651126484	35519.12	22.755054	1.0602302294439865	0.00064064236	0	1
1337.1091539806107	35701.793	22.81405	1.063737951340606	0.000639017	0	1
1337.1105428490382	35929.746	22.877369	1.0685442330516484	0.00063672505	0	1
1337.1119317170012	36162.094	22.940172	1.0734283465122512	0.00063437066	0	1
1337.1133205849642	36359.008	22.995146	1.0772100322646259	0.000632447	0	1
1337.114709452926	36612.19	23.074972	1.0826075203921828	0.0006302538	0	1
1337.1160983208883	36822.402	23.128407	1.086682814865164	0.00062810694	0	1
1337.1174871888516	37019.477	23.181236	1.0903227550750736	0.0006261903	0	1
1337.1188760568134	37118.973	23.210768	1.0910482948563824	0.0006253074	0	1
1337.1202649247757	37339.133	23.268307	1.0952794263662915	0.00062316144	0	1
1337.121653792739	37554.164	23.33235	1.099312781523709	0.0006212986	0	1
1337.1230426607012	37650.086	23.358383	1.0998204172499773	0.00062040717	0	1
1337.1244315286635	37865.016	23.418203	1.103766171696898	0.0006184654	0	1
1337.125820396626	37934.02	23.44076	1.103422402449501	0.00061793503	0	1
1337.1272092645886	38104.723	23.483494	1.106004643986361	0.0006162883	0	1
1337.1285981325516	38219.58	23.514784	1.1069316927819184	0.0006152549	0	1
1337.1299870005141	38338.004	23.55235	1.1079321182007482	0.00061433425	0	1
1337.1313758684757	38470.37	23.594137	1.1093051960710207	0.0006133067	0	1
1337.1327647364387	38604.94	23.62308	1.1107114289183346	0.0006119185	0	1
1337.1341536044013	38671.797	23.63508	1.1101441694113492	0.000611171	0	1
1337.1355424723629	38684.887	23.648695	1.108017002063562	0.0006113161	0	1
1337.136931340326	38822.508	23.685469	1.10942617562264	0.0006100963	0	1
1337.138320208289	38729.94	23.656713	1.104265852028144	0.000610812	0	1
1337.1397090762507	38837.867	23.684603	1.104802225070632	0.00060983276	0	1
1337.1410979442132	38843.355	23.690908	1.1024098764829002	0.0006099089	0	1
1337.1424868121762	38779.113	23.666138	1.0980360578758173	0.00061028055	0	1
1337.143875680138	38872.457	23.695408	1.0981170488048515	0.00060956803	0	1
1337.1452645481004	38883.664	23.704351	1.0958664747119118	0.0006096224	0	1
1337.1466534160636	38876.09	23.697369	1.0930829307102294	0.0006095615	0	1
1337.148042284026	38871.605	23.693924	1.090384596221594	0.00060954323	0	1
1337.1494311519884	38882.91	23.69867	1.0881271797593415	0.00060948805	0	1
1337.150820019951	38877.22	23.701225	1.0853931578201663	0.000609643	0	1
1337.1522088879133	38980.023	23.725115	1.0856712842125027	0.00060864806	0	1
1337.1535977558756	38882.64	23.698914	1.080385716762935	0.0006094986	0	1
1337.154986623838	39035.63	23.732578	1.0820654811814965	0.0006079722	0	1
1337.1563754918006	38974.92	23.729374	1.0778080759320516	0.000608837	0	1
1337.1577643597636	38998.47	23.730125	1.0758869212982518	0.0006084886	0	1
1337.1591532277262	38976.793	23.726755	1.072722740480322	0.00060874055	0	1
1337.1605420956878	39010.934	23.732548	1.071099461797261	0.0006083563	0	1
1337.1619309636508	39034.387	23.741955	1.0691853261254964	0.0006082318	0	1
1337.163319831614	39006.973	23.730469	1.0658853270904767	0.0006083648	0	1
1337.1647086995758	39013.37	23.73524	1.0635186159872023	0.00060838734	0	1
1337.1660975675381	39114.22	23.748201	1.0637261541821856	0.0006071501	0	1
1337.1674864350357	39156.777	23.771421	1.062351282363992	0.0006070832	0	1
1337.168875302998	39035.438	23.746513	1.056546800601094	0.0006083322	0	1
1337.1702641709603	39079.652	23.749765	1.0552373020829908	0.00060772715	0	1
1337.1716530389228	39069.91	23.753845	1.0524803934282354	0.0006079831	0	1
1337.1730419068858	39106.254	23.756195	1.0509757523916523	0.00060747814	0	1
1337.1744307748484	39175.387	23.778467	1.0503588218818753	0.00060697465	0	1
1337.17581964281	39162.55	23.783066	1.0475545024095252	0.000607291	0	1
1337.1772085107732	39237.945	23.802694	1.0471209088502038	0.0006066244	0	1
1337.1785973787355	39150.293	23.770678	1.0423521551009376	0.00060716475	0	1
1337.1799862462317	39207.668	23.789083	1.041462424845458	0.0006067457	0	1
1337.181375114195	39193.58	23.785906	1.0386882297445723	0.00060688274	0	1
1337.182763982158	39248.09	23.795902	1.0377467486894552	0.00060629455	0	1
1337.1841528501195	39260.355	23.80372	1.0357019460696621	0.00060630427	0	1
1337.185541718082	39349.81	23.82409	1.0357097889100308	0.0006054436	0	1
1337.186930586045	39292.47	23.810713	1.0318626544351313	0.0006059867	0	1
1337.1883194535412	39338.297	23.817083	1.0307491920545482	0.0006054427	0	1
1337.1897083215035	39274.15	23.79691	1.0267752200974154	0.0006059179	0	1
1337.1910971894667	39406.56	23.838848	1.0279566928785928	0.0006049462	0	1
1337.192486057429	39337.184	23.821163	1.0238918951796487	0.0006055635	0	1
1337.1938749253916	39356.39	23.826235	1.0221572911681271	0.00060539687	0	1
1337.1952637933541	39399.46	23.835093	1.0210610975023406	0.00060495985	0	1
1337.1966526608508	39416.215	23.837132	1.019302204390315	0.00060475443	0	1
1337.198041528814	39466.676	23.852926	1.0184344050365257	0.00060438144	0	1
1337.1994303967763	39425.21	23.849287	1.0152175809997952	0.0006049248	0	1
1337.200819264738	39456.496	23.852541	1.0138987335151428	0.0006045276	0	1
1337.202208132701	39469.96	23.862207	1.0121440758486728	0.0006045663	0	1
1337.2035970001978	39512.53	23.867426	1.0111577731724366	0.000604047	0	1
1337.2049858681594	39472.434	23.862415	1.0080811609112243	0.00060453365	0	1
1337.2063747361226	39535.527	23.879929	1.0076645504140467	0.0006040119	0	1
1337.2077636040858	39566.69	23.888123	1.006455511873773	0.00060374325	0	1
1337.2091524715818	39483.742	23.861916	1.0023825716089783	0.00060434785	0	1
1337.2105413395443	39596.17	23.899328	1.0032759728893499	0.0006035767	0	1
1337.2119302075073	39564.816	23.88538	1.0005591449512512	0.00060370256	0	1
1337.213319075469	39610.312	23.893206	0.9998128430602228	0.0006032067	0	1
1337.2147079429658	39578.184	23.894361	0.9971345723909006	0.00060372555	0	1
1337.2160968109288	39587.086	23.897612	0.9955194953985559	0.0006036719	0	1
1337.2174856788913	39675.15	23.915323	0.9959193368209309	0.0006027784	0	1
1337.2188745468538	39567.625	23.886402	0.9914394685440147	0.0006036855	0	1
1337.2202634143505	39624.844	23.900848	0.9911190914799431	0.00060317834	0	1
1337.2216522823128	39669.117	23.910313	0.9905000570520733	0.00060274376	0	1
1337.2230411502753	39688.883	23.91742	0.9892962263144858	0.00060262263	0	1
1337.2244300182379	39703.832	23.923702	0.9880010668164927	0.000602554	0	1
1337.2258188857345	39650.86	23.912758	0.985047752258074	0.00060308294	0	1
1337.2272077536977	39783.906	23.947554	0.9867561596657717	0.00060194073	0	1
1337.22859662166	39711.605	23.92985	0.9833740543409333	0.00060259085	0	1
1337.2299854891562	39770.953	23.94024	0.9832966693917357	0.0006019529	0	1
1337.2313743571192	39712.812	23.926508	0.980345909489458	0.0006024884	0	1
1337.2327632250822	39815.758	23.948631	0.981401747498925	0.00060148624	0	1
1337.234152092579	39745.973	23.934128	0.978230704508941	0.00060217746	0	1
1337.2355409605416	39725.35	23.928759	0.9763192380458604	0.0006023549	0	1
1337.236929828504	39818.42	23.95943	0.9772034096934241	0.0006017172	0	1
1337.2383186960005	39813.945	23.958868	0.9757372588967037	0.00060177076	0	1
1337.239707563963	39847.715	23.959278	0.9752402102598197	0.00060127105	0	1
1337.2410964319256	39848.266	23.961876	0.9739619867738815	0.000601328	0	1
1337.242485299423	39824.31	23.959826	0.9721186295315818	0.0006016382	0	1
1337.2438741673855	39833.688	23.957958	0.9711227646927937	0.0006014497	0	1
1337.245263035347	39838.156	23.957901	0.9700402277651999	0.0006013808	0	1
1337.2466519028444	39863.617	23.966415	0.9695015824952942	0.0006012103	0	1
1337.248040770807	39908.49	23.981363	0.9694667799822689	0.0006009088	0	1
1337.2494296387686	39863.8	23.965158	0.9672903213240643	0.00060117594	0	1
1337.2508185062661	39921.355	23.987667	0.9676285199898542	0.0006008731	0	1
1337.2522073742293	39927.242	23.9851	0.9667469407832081	0.0006007202	0	1
1337.253596242191	39956.855	23.993008	0.9664733390051091	0.00060047285	0	1
1337.2549851096878	39971.77	23.995914	0.965877627833609	0.00060032157	0	1
1337.2563739776508	39915.508	23.985336	0.9635976197085047	0.0006009027	0	1
1337.2577628451477	39965.215	23.999098	0.9639107070161201	0.0006004997	0	1
1337.25915171311	39954.03	23.990438	0.9627891897687797	0.000600451	0	1
1337.2605405810723	39911.156	23.982151	0.9609400636066933	0.0006008884	0	1
1337.2619294485692	39952.957	23.991928	0.9611647498016727	0.00060050446	0	1
1337.2633183165317	39953.12	23.992884	0.9604220883903813	0.0006005259	0	1
1337.2647071840283	40030.73	24.007717	0.961592152229114	0.00059973216	0	1
1337.2660960519906	39964.09	23.990995	0.9592979487817352	0.0006003138	0	1
1337.2674849194882	39994.547	24.004992	0.9593877123381478	0.0006002066	0	1
1337.2688737874505	40007.574	24.002478	0.9590941946214839	0.00059994834	0	1
1337.2702626554124	40011.61	24.004095	0.9586204438533524	0.00059992826	0	1
1337.27165152291	39955.95	23.99571	0.9567528265211988	0.0006005541	0	1
1337.2730403908722	39931.31	23.981237	0.9556647026278654	0.00060056226	0	1
1337.2744292583682	39983.652	23.984467	0.9564544360529466	0.00059985684	0	1
1337.2758181263312	39943.992	23.99155	0.95507896162268	0.0006006298	0	1
1337.2772069938287	40020.96	23.992476	0.956527636525664	0.00059949775	0	1
1337.2785958617906	40067.746	24.02543	0.9572896798477734	0.0005996202	0	1
1337.2799847292872	39955.117	23.983765	0.9542795540091209	0.00060026767	0	1
1337.2813735972504	40022.965	24.004795	0.9556162823620687	0.0005997755	0	1
1337.2827624647464	40054.41	24.022507	0.9561192371611195	0.0005997469	0	1
1337.284151332709	40007.035	24.009104	0.9547768983845024	0.00060012203	0	1
1337.2855402002062	40027.1	24.012732	0.9550803457794389	0.00059991184	0	1
1337.2869290681688	40021.984	24.011307	0.9548189854663697	0.00059995294	0	1
1337.2883179356654	40074.062	24.02981	0.9559582212114948	0.000599635	0	1
1337.2897068036277	40078.914	24.016607	0.9560069852998626	0.00059923297	0	1
1337.2910956711246	40012.484	24.006617	0.9543917835344072	0.00059997814	0	1
1337.2924845390876	40023.973	24.008402	0.9546713853920602	0.00059985055	0	1
1337.2938734065845	40027.547	24.011215	0.9547984673424529	0.00059986726	0	1
1337.295262274547	40033.438	24.00649	0.9550170737387244	0.00059966097	0	1
1337.2966511420443	40032.46	24.00968	0.955108132054624	0.00059975527	0	1
1337.298040010006	40025.125	24.012432	0.9550836982611326	0.00059993396	0	1
1337.2994288775028	40042.457	24.019178	0.9556841996415399	0.00059984275	0	1
1337.3008177454658	40064.953	24.015348	0.9564444180330056	0.0005994104	0	1
1337.3022066129627	40036.168	24.016283	0.9560166427545653	0.0005998647	0	1
1337.3035954804595	40015.645	24.00151	0.9558220410684043	0.00059980317	0	1
1337.3049843484218	40024.426	24.010725	0.9563635344002859	0.0005999018	0	1
1337.3063732159185	40040.3	24.009771	0.9571109309903323	0.00059964013	0	1
1337.307762083881	40089.27	24.02375	0.958686203965143	0.00059925637	0	1
1337.309150951378	40015.152	24.008202	0.957353894842272	0.00059997773	0	1
1337.3105398193402	40001.06	24.005564	0.9574927420021027	0.0006001232	0	1
1337.3119286868377	40079.0	24.018288	0.9598714789965315	0.00059927366	0	1
1337.3133175543344	40046.496	24.011265	0.9596417345024504	0.00059958466	0	1
1337.3147064222962	39973.293	23.991535	0.9584711955874524	0.0006001891	0	1
1337.3160952897936	39987.73	24.000717	0.9594371300725147	0.000600202	0	1
1337.3174841577566	40033.863	24.01101	0.9612003722584281	0.0005997675	0	1
1337.3188730252527	40021.293	24.014862	0.9615905490772687	0.0006000521	0	1
1337.3202618927494	40033.87	24.009995	0.9626207473145351	0.000599742	0	1
1337.3216507607126	40044.285	24.015118	0.9636350553503146	0.000599714	0	1
1337.3230396282088	39990.645	23.998163	0.963142723018721	0.00060009444	0	1
1337.3244284957054	40026.977	24.013376	0.9648525366700017	0.00059992983	0	1
1337.3258173636686	39900.785	23.976505	0.9626950613130842	0.0006009031	0	1
1337.3272062311653	39950.01	23.987503	0.964769857734088	0.0006004379	0	1
1337.3285950991276	39979.273	23.996956	0.9664164154633095	0.0006002349	0	1
1337.3299839666245	39898.6	23.976831	0.9654394719379266	0.00060094416	0	1
1337.3313728341213	39942.066	23.984104	0.9675004658939994	0.00060047227	0	1
1337.3327617020836	39966.508	23.992504	0.9691373682826268	0.0006003152	0	1
1337.3341505695803	39877.824	23.963049	0.9680642583742983	0.0006009116	0	1
1337.3355394370772	39937.91	23.981155	0.9706366158230016	0.000600461	0	1
1337.3369283050401	39907.99	23.97123	0.9710569021513968	0.00060066243	0	1
1337.338317172537	39816.734	23.954079	0.970031414993981	0.0006016083	0	1
1337.339706040033	39826.723	23.95919	0.9714729441628353	0.0006015858	0	1
1337.3410949075305	39904.383	23.975878	0.9746177104251849	0.0006008332	0	1
1337.3424837754928	39897.863	23.980734	0.9757427884307803	0.00060105306	0	1
1337.343872642989	39865.72	23.968912	0.9762738344975541	0.0006012412	0	1
1337.3452615104866	39835.3	23.958202	0.9768788155198176	0.0006014314	0	1
1337.3466503784496	39837.062	23.961485	0.978305529144506	0.00060148723	0	1
1337.3480392459455	39736.184	23.923328	0.9772559750374245	0.000602054	0	1
1337.3494281134422	39817.16	23.948227	0.9806823800898757	0.0006014549	0	1
1337.3508169809397	39798.035	23.940067	0.9816930603129469	0.0006015389	0	1
1337.352205848902	39768.13	23.940287	0.9824687756633251	0.0006019968	0	1
1337.353594716399	39745.523	23.931812	0.9834554442690574	0.000602126	0	1
1337.3549835838958	39833.12	23.952387	0.9872174793972843	0.0006013184	0	1
1337.356372451858	39708.996	23.919184	0.9857359051132046	0.00060236186	0	1
1337.3591501868516	39689.883	23.916723	0.9885718311336947	0.0006025899	0	1
1337.360539054349	39735.32	23.929087	0.9914080024612523	0.000602212	0	1
1337.3619279218465	39710.457	23.929024	0.9925222562095438	0.0006025875	0	1
1337.3633167898083	39689.535	23.91629	0.9937639788555841	0.0006025843	0	1
1337.364705657305	39676.375	23.918056	0.9952292125685296	0.0006028287	0	1
1337.3660945248025	39668.375	23.91712	0.9968533341102715	0.00060292665	0	1
1337.3674833922985	39616.246	23.895914	0.9973958346945546	0.0006031847	0	1
1337.368872260261	39587.184	23.892597	0.9985450484287522	0.00060354377	0	1
1337.3702611277583	39606.3	23.892508	1.0009385656539136	0.00060325017	0	1
1337.3716499952552	39623.355	23.88962	1.0033109028166929	0.00060291763	0	1
1337.3730388627519	39561.74	23.877043	1.003717824267993	0.00060353876	0	1
1337.3744277302485	39524.254	23.871923	1.0047605670774353	0.0006039816	0	1
1337.375816598211	39550.016	23.878513	1.0074386769753625	0.00060375483	0	1
1337.3772054657084	39496.105	23.865263	1.0081136689814716	0.0006042434	0	1
1337.3785943332052	39578.684	23.888481	1.0123013883240193	0.0006035694	0	1
1337.3799832007012	39398.4	23.826046	1.0097965780549296	0.0006047466	0	1
1337.3813720681987	39522.73	23.8696	1.0151050875716834	0.00060394616	0	1
1337.3827609356954	39489.434	23.862148	1.0164050734261594	0.00060426665	0	1
1337.3841498036572	39435.574	23.847641	1.017196852382378	0.00060472405	0	1
1337.3855386711548	39479.73	23.85813	1.0205417068582567	0.0006043134	0	1
1337.3869275386521	39420.234	23.845629	1.0212312522602307	0.00060490833	0	1
1337.388316406148	39390.453	23.834377	1.022710026096276	0.00060508004	0	1
1337.389705273645	39395.234	23.84293	1.025108748780509	0.0006052237	0	1
1337.3910941411423	39385.715	23.832705	1.027158615326705	0.00060511037	0	1
1337.3924830086385	39290.906	23.80691	1.02700110217565	0.000605914	0	1
1337.393871876135	39308.523	23.818665	1.0298001832065053	0.00060594146	0	1
1337.3952607440983	39307.07	23.816023	1.032122626572236	0.00060589664	0	1
1337.396649611595	39281.477	23.802738	1.0338310251513538	0.0006059532	0	1
1337.3980384790918	39265.5	23.803438	1.035810931590747	0.00060621765	0	1
1337.3994273465887	39265.234	23.796711	1.0382246589933184	0.0006060504	0	1
1337.4008162140854	39256.97	23.798733	1.040446123935996	0.0006062295	0	1
1337.402205081582	39309.953	23.805014	1.0443129456397149	0.0006055722	0	1
1337.4035939490789	39196.34	23.7664	1.0437687053535998	0.00060634234	0	1
1337.4049828165757	39231.11	23.791521	1.047188806349117	0.0006064453	0	1
1337.406371684073	39150.367	23.769722	1.0475399876708424	0.0006071392	0	1
1337.40776055157	39148.637	23.773163	1.050016690243538	0.0006072539	0	1
1337.409149419066	39182.305	23.783539	1.0534609408946245	0.00060699694	0	1
1337.4105382865632	39124.746	23.764048	1.0544662788669694	0.00060739176	0	1
1337.4119271545264	39155.797	23.776081	1.0578727295363912	0.0006072174	0	1
1337.4133160220224	39138.133	23.766254	1.0599779187856935	0.00060724036	0	1
1337.4147048895193	39115.31	23.759737	1.061953953098744	0.0006074281	0	1
1337.4160937570166	39033.867	23.738667	1.062344169937983	0.0006081556	0	1
1337.4174826245126	39065.508	23.745293	1.065820485214592	0.0006078327	0	1
1337.4188714920094	39028.93	23.741365	1.0674462767354989	0.0006083017	0	1
1337.4202603595068	39011.39	23.730364	1.0695993855772208	0.0006082932	0	1
1337.4216492270043	39084.664	23.753504	1.0742555823399929	0.00060774485	0	1
1337.4230380945012	38906.668	23.698565	1.072004437756993	0.0006091132	0	1
1337.4244269619971	39019.367	23.732237	1.0777715723548773	0.00060821685	0	1
1337.4258158294947	38970.562	23.721308	1.0790864343911912	0.0006086981	0	1
1337.4272046969913	38916.832	23.710197	1.0802640226390778	0.000609253	0	1
1337.4285935644875	38965.36	23.720247	1.084285025865164	0.0006087522	0	1
1337.4299824319849	38919.684	23.706482	1.0856892323914962	0.0006091129	0	1
1337.4313712994822	38949.363	23.712578	1.0891979274696344	0.0006088053	0	1
1337.4327601669784	38878.348	23.692345	1.089890475715859	0.0006093969	0	1
1337.434149034475	38839.242	23.684813	1.0914716534969264	0.0006098165	0	1
1337.4355379019726	38890.477	23.703402	1.0955931600772788	0.00060949114	0	1
1337.4369267694692	38854.836	23.683746	1.097268154062368	0.00060954434	0	1
1337.4383156365004	38762.51	23.659313	1.097324832003017	0.0006103658	0	1
1337.4397045039973	38783.008	23.671658	1.100583399886543	0.0006103616	0	1
1337.441093371494	38863.734	23.692114	1.1055389396806674	0.0006096201	0	1
1337.4424822389906	38747.48	23.661545	1.104901498924736	0.00061066024	0	1
1337.4438711064874	38846.98	23.6823	1.1103921165544492	0.0006096304	0	1
1337.4452599739843	38731.223	23.657902	1.109741453121966	0.00061082246	0	1
1337.4466488414816	38758.832	23.664587	1.1131759413934739	0.0006105599	0	1
1337.4480377089785	38769.348	23.664131	1.116113863779064	0.00061038247	0	1
1337.4494265764745	38711.176	23.656773	1.1170618683615205	0.00061110966	0	1
1337.4508154439718	38601.086	23.618738	1.1164900164196228	0.0006118672	0	1
1337.4522043114687	38594.633	23.620955	1.118896505525305	0.00061202695	0	1
1337.4535931789646	38488.715	23.582928	1.1183994560510624	0.0006127232	0	1
1337.4549820459965	38364.43	23.547443	1.1173398586585868	0.00061378325	0	1
1337.456370913494	38254.742	23.513979	1.1166753587976959	0.00061466836	0	1
1337.45775978099	38132.28	23.483004	1.1156071138133663	0.00061583	0	1
1337.459148648487	38029.184	23.46147	1.1150739631356994	0.0006169333	0	1
1337.4605375159842	37901.18	23.423721	1.1137778206177358	0.0006180209	0	1
1337.461926383481	37817.676	23.401146	1.1137569906302278	0.0006187886	0	1
1337.4688707204991	36847.465	23.131227	1.0967263089265447	0.0006277563	0	1
1337.4702595879958	36640.78	23.072498	1.0928009404775805	0.0006296945	0	1
1337.4716484554933	36423.69	23.009594	1.0885140262043507	0.0006317205	0	1
1337.47303732299	36210.223	22.945705	1.084283123144623	0.0006336803	0	1
1337.4744261900205	35993.52	22.888245	1.0799026074656368	0.000635899	0	1
1337.475815057518	35752.273	22.826113	1.0747308160025706	0.00063845207	0	1
1337.4772039250147	35495.46	22.750544	1.0690333837249528	0.0006409423	0	1
1337.4785927925107	35286.484	22.68341	1.0647203379419854	0.0006428357	0	1
1337.479981660008	35035.992	22.607258	1.0590982588672815	0.0006452581	0	1
1337.4813705270399	34759.895	22.535816	1.0526417387556355	0.0006483281	0	1
1337.482759394536	34512.094	22.465607	1.0469815909064093	0.00065094884	0	1
1337.4841482620327	34249.504	22.383015	1.0408127346451022	0.00065352814	0	1
1337.4855371295303	34061.9	22.336403	1.0368654109018758	0.0006557592	0	1
1337.4869259965612	33748.895	22.240633	1.0290409300815797	0.00065900333	0	1
1337.491092599052	32882.555	21.989656	1.0073960847160564	0.0006687332	0	1
1337.4924814660833	32644.928	21.906235	1.0016229487777364	0.00067104556	0	1
1337.4938703335793	32359.13	21.827578	0.9943106427954972	0.0006745415	0	1
1337.4952592010768	32061.246	21.736826	0.9865631240195429	0.0006779782	0	1
1337.4966480685744	31731.932	21.64979	0.9777830686747371	0.00068227143	0	1
1337.4980369356047	31458.084	21.548943	0.9706480921553403	0.0006850049	0	1
1337.4994258031015	31126.584	21.463055	0.9616704828194999	0.000689541	0	1
1337.5008146705989	30919.947	21.397724	0.9564898257351729	0.00069203624	0	1
1337.5022035380948	30505.777	21.273525	0.9448257984074097	0.00069736055	0	1
1337.503592405126	30256.902	21.197237	0.9382167018888261	0.00070057524	0	1
1337.5049812726234	29971.523	21.104708	0.930416376003062	0.0007041587	0	1
1337.5063701401202	29746.293	21.024456	0.9244251815539186	0.00070679246	0	1
1337.5077590071514	29366.07	20.922855	0.9135566487194916	0.000712484	0	1
1337.509147874648	29104.967	20.842714	0.9063326494900278	0.0007161223	0	1
1337.5105367421447	28804.459	20.732338	0.8978236607225323	0.0007197614	0	1
1337.511925609176	28522.195	20.661806	0.8898254615035706	0.0007244115	0	1
1337.5133144766728	28239.51	20.56826	0.8817574857503263	0.0007283505	0	1
1337.5147033441694	28000.705	20.494568	0.8750049073303271	0.0007319304	0	1
1337.5160922112013	27718.637	20.40885	0.8668463811043089	0.0007362862	0	1
1337.517481078698	27480.861	20.323402	0.8600197939489971	0.0007395475	0	1
1337.5188699461942	27182.652	20.22037	0.8512491778753539	0.00074387033	0	1
1337.5202588132258	26950.477	20.150343	0.8444946329495477	0.0007476804	0	1
1337.5216476807232	26634.93	20.054043	0.8350764683819325	0.0007529227	0	1
1337.5230365482194	26504.111	20.00324	0.8314013903183203	0.00075472216	0	1
1337.5244254152503	26237.055	19.918219	0.8234056527986116	0.00075916364	0	1
1337.525814282748	26074.984	19.86701	0.8186578787892878	0.0007619184	0	1
1337.5272031497784	25838.992	19.798206	0.8115436063858522	0.00076621433	0	1
1337.528592017275	25686.277	19.739414	0.8070000449935137	0.00076848094	0	1
1337.5299808847726	25539.732	19.684353	0.8026070520385863	0.0007707345	0	1
1337.5313697518036	25441.89	19.661736	0.7997022672248614	0.00077280955	0	1
1337.5327586193002	25254.182	19.599907	0.7937094803375663	0.0007761054	0	1
1337.5341474863314	25175.623	19.568632	0.7911481611060815	0.0007772849	0	1
1337.5355363538283	25124.385	19.555029	0.7894458846641038	0.0007783287	0	1
1337.5369252208593	25009.43	19.516878	0.7857421614929951	0.0007803808	0	1
1337.538314088356	25029.959	19.517256	0.7862954316499441	0.0007797558	0	1
1337.5397029558528	24971.768	19.504549	0.7843759154593621	0.00078106404	0	1
1337.5410918228845	25060.08	19.530296	0.78705807254246	0.00077933894	0	1
1337.5424806903814	25027.373	19.515654	0.7859392055463111	0.00077977235	0	1
1337.5438695574117	25094.062	19.548304	0.7879416016780402	0.00077900116	0	1
1337.5452584249092	25180.598	19.576143	0.7905666039583977	0.00077742967	0	1
1337.546647291941	25301.42	19.608482	0.794267342333701	0.0007749953	0	1
1337.5480361594377	25387.861	19.63474	0.7968880529661645	0.0007733909	0	1
1337.5494250264687	25544.875	19.70055	0.8014603846941569	0.0007712134	0	1
1337.5508138939656	25689.512	19.744612	0.8056002755487851	0.00076858647	0	1
1337.5522027609968	25896.832	19.811573	0.8116604247025772	0.00076501915	0	1
1337.5535916284935	26028.867	19.854053	0.8153152750602128	0.00076277053	0	1
1337.5549804955244	26237.848	19.927114	0.8213340414619879	0.00075947976	0	1
1337.556369363022	26468.107	19.99855	0.8279701210897907	0.0007555716	0	1
1337.557758230053	26702.809	20.078804	0.8346951111659539	0.00075193605	0	1
1337.5591470975492	26999.125	20.158062	0.84329379944138	0.0007466191	0	1
1337.560535964581	27164.297	20.21205	0.8477450698253405	0.0007440667	0	1
1337.5619248320777	27456.795	20.311277	0.8561181302793546	0.0007397541	0	1
1337.563313699108	27738.729	20.41031	0.8641061429603897	0.00073580554	0	1
1337.5647025666053	28003.191	20.49379	0.8714943617207018	0.00073183764	0	1
1337.5660914336372	28293.715	20.587542	0.8796371258590349	0.00072763656	0	1
1337.5674803011334	28561.281	20.670147	0.8870089605215028	0.00072371215	0	1
1337.5688691681644	28812.13	20.740395	0.8938051844920073	0.00071984937	0	1
1337.570258035662	29161.998	20.862247	0.9036132322577268	0.0007153916	0	1
1337.571646902693	29398.643	20.925531	0.909853080579855	0.00071178563	0	1
1337.573035769724	29729.688	21.028645	0.9189547514822052	0.00070732814	0	1
1337.5744246372208	30023.914	21.120285	0.9268559257029817	0.0007034488	0	1
1337.575813504252	30309.457	21.208385	0.9344279388153769	0.0006997283	0	1
1337.5772023717486	30628.398	21.309294	0.9429670906738589	0.0006957365	0	1
1337.5785912387796	30926.25	21.396448	0.9507935290804178	0.00069185393	0	1
1337.5799801058108	31153.047	21.463552	0.9563758003852709	0.0006889712	0	1
1337.5813689733081	31463.062	21.566063	0.9644524100223999	0.00068544067	0	1
1337.5827578403394	31794.977	21.66586	0.9731348545579664	0.000681424	0	1
1337.5841467078353	32059.12	21.739258	0.9796795710227961	0.00067809905	0	1
1337.5855355748672	32372.207	21.833817	0.9876572559552002	0.0006744618	0	1
1337.5869244418982	32647.482	21.910244	0.9944179753542621	0.0006711159	0	1
1337.5883133093944	32926.01	21.994991	1.0012161856463506	0.0006680126	0	1
1337.5897021764263	33181.996	22.075777	1.0072682910418849	0.00066529383	0	1
1337.591091043458	33521.887	22.170746	1.0158037342589086	0.00066138123	0	1
1337.592479910954	33742.625	22.230404	1.0206668510613572	0.0006588226	0	1
1337.593868777985	34087.203	22.340387	1.0292141124895902	0.0006553893	0	1
1337.5952576450168	34330.688	22.409075	1.034646138342452	0.0006527418	0	1
1337.596646512513	34537.793	22.46676	1.0389269019399077	0.00065049785	0	1
1337.598035379544	34820.89	22.551378	1.0454368123030424	0.00064763933	0	1
1337.5994242465758	35114.605	22.63233	1.0522040949253633	0.00064452755	0	1
1337.6008131140725	35305.203	22.695917	1.0558259073735712	0.0006428491	0	1
1337.6022019811037	35529.047	22.756027	1.060391012511377	0.0006404908	0	1
1337.603590848135	35801.09	22.828957	1.066339359132533	0.00063766097	0	1
1337.6049797156315	36060.41	22.910376	1.0718518232415661	0.0006353332	0	1
1337.6063685826634	36283.113	22.974194	1.0762225223557325	0.0006331925	0	1
1337.6077574496944	36512.633	23.031658	1.0807444938418884	0.000630786	0	1
1337.609146316725	36689.723	23.08331	1.0836672097463176	0.0006291492	0	1
1337.6105351842223	36843.1	23.128857	1.085847774816767	0.00062776625	0	1
1337.6119240512535	37102.695	23.196184	1.091112388697612	0.00062518864	0	1
1337.6133129182845	37275.414	23.24775	1.093775377452415	0.0006236751	0	1
1337.6147017853164	37430.64	23.290085	1.0958858287097408	0.00062221976	0	1
1337.616090652813	37532.656	23.319706	1.0964046123643436	0.00062131777	0	1
1337.617479519844	37747.598	23.387102	1.10018536207952	0.0006195653	0	1
1337.6188683868752	37901.3	23.423893	1.1021419090386457	0.00061802345	0	1
1337.6202572539064	38034.957	23.45379	1.1034824391224325	0.00061663776	0	1
1337.621646121403	38158.96	23.497774	1.1045127765073397	0.0006157865	0	1
1337.623034988434	38303.6	23.533829	1.1061104878127521	0.0006144025	0	1
1337.6244238554652	38332.11	23.543913	1.1043320484897463	0.00061420863	0	1
1337.625812722497	38498.055	23.593725	1.1064901137264438	0.000612855	0	1
1337.6272015899938	38552.33	23.601583	1.1054147866928357	0.00061219605	0	1
1337.628590457024	38656.61	23.631145	1.105754746071064	0.0006113093	0	1
1337.629979324056	38629.805	23.620413	1.1023330232608792	0.00061145565	0	1
1337.6313681910876	38690.105	23.645489	1.1013889199757232	0.0006111508	0	1
1337.632757058118	38759.465	23.659725	1.1006890561748026	0.00061042444	0	1
1337.6341459251491	38772.35	23.663465	1.0983761104406458	0.00061031803	0	1
1337.6355347926465	38709.543	23.644049	1.0939195461605737	0.0006108067	0	1
1337.636923659677	38810.65	23.669317	1.094090759127331	0.0006098666	0	1
1337.638312526708	38854.414	23.68167	1.0926347372819007	0.00060949754	0	1
1337.6397013937399	38815.71	23.681631	1.0888594218989298	0.0006101043	0	1
1337.6410902607709	38795.32	23.669968	1.0856030185885983	0.0006101243	0	1
1337.642479127802	38891.9	23.697128	1.0856165079257967	0.00060930755	0	1
1337.6438679948333	38839.875	23.684717	1.0814818531665653	0.0006098042	0	1
1337.64525686233	38922.91	23.705542	1.0811095709900573	0.0006090383	0	1
1337.646645729361	38931.367	23.707773	1.078664266521826	0.0006089633	0	1
1337.648034596392	38940.977	23.714909	1.0762552596085617	0.00060899626	0	1
1337.6494234634233	38864.2	23.687778	1.0714667988639164	0.00060950126	0	1
1337.650812330455	38948.0	23.710331	1.0711181504079217	0.0006087689	0	1
1337.6522011974862	38965.266	23.717997	1.068937974032152	0.0006086959	0	1
1337.6535900645165	39005.184	23.735193	1.0673842791756551	0.00060851383	0	1
1337.6549789315482	38962.4	23.721237	1.0635773301412286	0.00060882384	0	1
1337.65636779858	38997.117	23.724113	1.0618971179872003	0.00060835556	0	1
1337.6577566656106	38957.285	23.720701	1.0581984998964844	0.00060888997	0	1
1337.6591455331072	39022.285	23.72981	1.0573577950954587	0.0006081092	0	1
1337.660534400139	39032.395	23.73779	1.0550375267087029	0.0006081561	0	1
1337.6619232671694	39095.332	23.755	1.0541538592343827	0.00060761726	0	1
1337.6633121342006	39076.688	23.754824	1.0510817316255452	0.0006079027	0	1
1337.6647010012323	39049.48	23.74237	1.0477972032668939	0.00060800737	0	1
1337.6660898682635	39096.215	23.75172	1.0465110241500393	0.0006075197	0	1
1337.6674787352945	39082.93	23.745039	1.0436323361386626	0.00060755527	0	1
1337.6688676023255	39146.895	23.766144	1.04283009740157	0.00060710165	0	1
1337.6702564693567	39176.93	23.77578	1.0411355364614814	0.00060688215	0	1
1337.6716453363879	39155.52	23.767239	1.0380914154182288	0.0006069959	0	1
1337.6730342034189	39179.266	23.782843	1.0362630999535816	0.0006070263	0	1
1337.6744230704508	39288.39	23.797215	1.0367083384417177	0.000605706	0	1
1337.6758119374824	39223.566	23.784777	1.0325722243504414	0.00060638995	0	1
1337.6772008045127	39231.695	23.793888	1.030384902876178	0.0006064965	0	1
1337.678589671544	39255.047	23.791845	1.0286165286272524	0.0006060837	0	1
1337.6799785385756	39289.723	23.800346	1.0271629798078097	0.0006057652	0	1
1337.6813674056068	39349.83	23.82722	1.02639071053535	0.0006055229	0	1
1337.682756272638	39194.03	23.781591	1.02002151805832	0.0006067656	0	1
1337.684145139669	39401.633	23.83882	1.0231171229517582	0.0006050211	0	1
1337.6855340067	39270.46	23.8048	1.0174484869638378	0.00060617574	0	1
1337.6869228737312	39367.812	23.819817	1.017712598985546	0.00060505816	0	1
1337.6883117402967	39346.895	23.82608	1.0149464595763569	0.000605539	0	1
1337.6897006073277	39383.18	23.834162	1.0136799925514544	0.00060518633	0	1
1337.6924783413906	39426.586	23.847946	1.010464254611344	0.0006048697	0	1
1337.693867208421	39479.94	23.85816	1.0097015319177176	0.00060431095	0	1
1337.6952560754526	39520.113	23.866228	1.0086419321519409	0.0006039008	0	1
1337.6966449424838	39393.81	23.83486	1.0033465990598074	0.00060504075	0	1
1337.698033809514	39523.98	23.870329	1.0045919800704521	0.00060394546	0	1
1337.699422676546	39424.05	23.842043	1.0000437090837149	0.00060475885	0	1
1337.7008115435779	39548.715	23.883724	1.0011993581215772	0.00060390646	0	1
1337.7022004106082	39544.12	23.882664	0.9991152316730735	0.00060394977	0	1
1337.7035892771737	39508.227	23.870403	0.9962710759285991	0.0006041882	0	1
1337.7049781442054	39535.28	23.879635	0.9950438569034471	0.0006040082	0	1
1337.7063670112366	39505.688	23.864897	0.9924204084985453	0.0006040876	0	1
1337.7077558782676	39597.88	23.895035	0.9928831059873225	0.0006034423	0	1
1337.7091447452985	39587.98	23.88877	0.9908121732531966	0.0006034349	0	1
1337.7105336123298	39612.92	23.899101	0.9896428505890791	0.00060331577	0	1
1337.7119224788953	39590.527	23.892473	0.9873213995313082	0.00060348964	0	1
1337.7133113459263	39601.47	23.894	0.9858626329827153	0.00060336146	0	1
1337.7147002129573	39719.133	23.926292	0.9870990384706552	0.00060238707	0	1
1337.7160890799892	39627.453	23.898699	0.9831375029376003	0.0006030844	0	1
1337.7174779470201	39709.527	23.914291	0.9835315531471488	0.00060223055	0	1
1337.7188668140507	39712.812	23.927847	0.9820024582964216	0.0006025221	0	1
1337.720255680617	39672.016	23.91245	0.9794168638802648	0.0006027536	0	1
1337.7216445476479	39680.44	23.91716	0.9780799873432597	0.0006027443	0	1
1337.7230334146784	39680.93	23.909405	0.9765795375461006	0.00060254143	0	1
1337.72442228171	39784.59	23.93844	0.9776469568798792	0.0006017013	0	1
1337.725811148276	39723.85	23.916525	0.9747057549925809	0.00060206966	0	1
1337.7272000153066	39731.926	23.919758	0.9734879323119736	0.0006020287	0	1
1337.7285888823376	39780.023	23.941593	0.9732819472281967	0.00060184964	0	1
1337.7299777493695	39762.184	23.937887	0.9714949948046901	0.00060202647	0	1
1337.7313666159348	39841.152	23.958275	0.9721048259095492	0.0006013449	0	1
1337.732755482966	39783.79	23.94006	0.9694211719345425	0.0006017541	0	1
1337.7341443499972	39797.637	23.950542	0.9685079531803273	0.00060180813	0	1
1337.7355332170282	39840.58	23.95835	0.9683349554892534	0.00060135545	0	1
1337.7369220835935	39843.016	23.96141	0.9672102274300992	0.0006013955	0	1
1337.7383109506247	39857.55	23.963293	0.9664129182957194	0.00060122344	0	1
1337.7396998176564	39832.54	23.960186	0.9646913711342037	0.0006015229	0	1
1337.7410886842226	39821.63	23.942337	0.963346790282549	0.0006012395	0	1
1337.7424775512532	39843.03	23.959124	0.9628181748319472	0.0006013379	0	1
1337.7438664182841	39826.766	23.950205	0.9614138122713184	0.0006013595	0	1
1337.745255285316	39936.36	23.982151	0.9630801449050531	0.0006005092	0	1
1337.7466441518807	39880.26	23.97038	0.9607843284911781	0.00060105877	0	1
1337.7480330189119	39878.83	23.9641	0.9598417774973306	0.00060092285	0	1
1337.7494218859435	39965.953	23.991669	0.9610638965693935	0.00060030265	0	1
1337.75219961954	39922.83	23.98526	0.9583844773959129	0.0006007906	0	1
1337.7535884861054	39894.566	23.974812	0.9569382605621362	0.0006009543	0	1
1337.7549773531366	39919.906	23.976051	0.9568131568932464	0.0006006039	0	1
1337.7563662201683	39970.926	23.988888	0.9573375844718034	0.0006001584	0	1
1337.7577550867338	39968.062	23.989092	0.9566061145717231	0.00060020655	0	1
1337.7591439537641	39952.395	23.984251	0.9556039969690335	0.00060032075	0	1
1337.760532820796	40004.062	23.999317	0.9562474982296608	0.000599922	0	1
1337.7619216873613	39953.363	23.980125	0.9544796233515966	0.00060020294	0	1
1337.7633105543919	39983.84	23.99438	0.9546869673413853	0.00060010195	0	1
1337.764699420958	39884.82	23.9636	0.9518564402143728	0.00060082006	0	1
1337.7660882879898	39988.066	23.998365	0.9538534165645027	0.00060013816	0	1
1337.76747715502	40032.5	24.0047	0.9544992262092717	0.0005996303	0	1
1337.7688660215854	39936.055	23.97649	0.9518223033944233	0.00060037203	0	1
1337.7702548886173	40078.637	24.020388	0.9548955330479616	0.00059933146	0	1
1337.7716437551821	40053.254	24.016113	0.9539661786818582	0.00059960457	0	1
1337.7730326222131	39934.7	23.982155	0.9508723962381075	0.00060053426	0	1
1337.7744214887794	40073.387	24.02032	0.9539394769442672	0.0005994083	0	1
1337.7758103558103	40041.59	24.00409	0.9529834429357951	0.00059947895	0	1
1337.7771992223757	39971.598	23.990677	0.9511546702462971	0.0006001931	0	1
1337.7799769559724	40049.633	24.017288	0.9527925804221168	0.0005996881	0	1
1337.781365823004	39956.195	23.987171	0.9505319482742438	0.0006003367	0	1
1337.7827546895696	40056.4	24.018114	0.9528778975167838	0.0005996074	0	1
1337.7841435566	39990.684	23.998245	0.9513305339083205	0.0006000959	0	1
1337.785532423166	40017.465	24.008255	0.9520192861091998	0.00059994444	0	1
1337.7869212901971	40004.32	23.992918	0.9517939409267082	0.0005997582	0	1
1337.7883101567618	40070.316	24.020306	0.953487400552924	0.00059945387	0	1
1337.7896990237937	40040.535	24.017069	0.9529376109381305	0.0005998189	0	1
1337.79108789036	40053.18	24.015705	0.9534331292947158	0.0005995955	0	1
1337.7924767573902	40025.375	24.006155	0.9530013212205853	0.00059977337	0	1
1337.7938656239558	40017.375	24.00004	0.9530764137723431	0.0005997405	0	1
1337.7952544909874	39980.09	23.995222	0.9524892135196101	0.0006001793	0	1
1337.796643357552	39951.61	23.99097	0.9521466869367098	0.00060050073	0	1
1337.7980322241176	40008.746	24.000755	0.9538802754956048	0.0005998877	0	1
1337.7994210911493	39939.707	23.976688	0.952640781625081	0.0006003221	0	1
1337.8008099577155	40024.367	23.998796	0.955102775594417	0.0005996046	0	1
1337.8021988247465	39986.855	23.996284	0.9546851021328158	0.00060010434	0	1
1337.8035876913113	40061.547	24.014969	0.9570335309581797	0.0005994519	0	1
1337.8077542914739	39987.504	23.992285	0.9569611066868352	0.00059999456	0	1
1337.809143158505	40002.723	23.99805	0.9579779578696438	0.00059991045	0	1
1337.810532025071	39953.586	23.985693	0.957487788725883	0.0006003389	0	1
1337.811920891636	39995.12	23.998266	0.9592050907418896	0.00060002983	0	1
1337.813309758667	39930.785	23.975344	0.9584173671866038	0.00060042256	0	1
1337.8146986252332	40000.33	24.003023	0.9608775554580354	0.00060007063	0	1
1337.8160874917985	39939.477	23.987736	0.9602399103333273	0.0006006021	0	1
1337.8174763588297	39950.52	23.986618	0.9613639507202468	0.0006004082	0	1
1337.8188652253953	39908.074	23.97861	0.9612342274328607	0.0006008461	0	1
1337.8202540919606	39960.58	23.990833	0.9634256666646595	0.00060036255	0	1
1337.8216429589916	39861.1	23.960331	0.9619856201710629	0.00060109555	0	1
1337.823031825557	39967.74	23.995571	0.9655536904299714	0.0006003735	0	1
1337.8244206921227	39827.24	23.956202	0.9631839766686016	0.00060150295	0	1
1337.8258095591543	39916.336	23.977133	0.9663989450036072	0.0006006847	0	1
1337.8271984257199	39800.47	23.943604	0.9646840373563681	0.000601591	0	1
1337.8285872922845	39824.76	23.953304	0.9663968525476009	0.0006014676	0	1
1337.8299761588505	39893.55	23.976557	0.9692249755199409	0.00060101337	0	1
1337.832753892447	39858.406	23.958166	0.9707848698144599	0.0006010819	0	1
1337.8341427590126	39782.895	23.945574	0.9701988845337558	0.0006019063	0	1
1337.8355316255788	39892.66	23.970682	0.9743504279365695	0.0006008795	0	1
1337.8549757588924	39731.65	23.931187	0.991457271690505	0.00060232054	0	1
1337.8563646254584	39647.598	23.91705	0.9910949116896814	0.0006032408	0	1
1337.8577534920232	39647.684	23.910976	0.99286024558705	0.0006030863	0	1
1337.8591423590542	39674.664	23.921434	0.9953281357330429	0.0006029398	0	1
1337.8605312256204	39649.848	23.915983	0.9965241983983222	0.0006031797	0	1
1337.8619200921853	39632.363	23.909328	0.9979297691444563	0.0006032779	0	1
1337.8633089587506	39601.33	23.900791	0.9990186849635195	0.0006035351	0	1
1337.8646978253169	39595.348	23.901154	1.0007643563580795	0.0006036354	0	1
1337.8660866918829	39544.973	23.889217	1.001411321946	0.0006041025	0	1
1337.8674755584484	39581.01	23.898376	1.0042715927769819	0.0006037839	0	1
1337.868864425013	39555.684	23.8897	1.0056006563054476	0.0006039511	0	1
1337.870253291579	39575.16	23.891626	1.008093398263921	0.00060370256	0	1
1337.8716421581446	39538.367	23.88559	1.00917641888577	0.0006041117	0	1
1337.8730310247092	39455.996	23.862959	1.0091216827620872	0.0006047993	0	1
1337.8744198912755	39531.1	23.879509	1.0131025307876995	0.0006040689	0	1
1337.8758087578417	39477.008	23.87182	1.0138041793281647	0.00060470187	0	1
1337.8771976244063	39475.133	23.865738	1.0158666262782012	0.0006045765	0	1
1337.8785864914375	39440.04	23.854889	1.0170944901163652	0.00060483936	0	1
1337.8799753580035	39431.816	23.855465	1.019034754151195	0.0006049801	0	1
1337.881364224569	39413.81	23.851793	1.0207419955713548	0.0006051634	0	1
1337.8827530911344	39407.11	23.849213	1.0227615337771694	0.00060520077	0	1
1337.8841419576997	39365.273	23.841364	1.023886701063479	0.00060564454	0	1
1337.8855308242653	39395.93	23.843546	1.026916510147528	0.00060522865	0	1
1337.8869196903652	39321.586	23.829998	1.0272260408590905	0.0006060284	0	1
1337.8883085569305	39325.31	23.827896	1.0295895663102679	0.0006059176	0	1
1337.8896974234958	39321.25	23.82758	1.0317674362460976	0.0006059721	0	1
1337.891086290062	39365.81	23.828379	1.035240884787973	0.0006053065	0	1
1337.8924751566274	39259.734	23.809925	1.0347663055362166	0.0006064719	0	1
1337.8938640231922	39225.715	23.797613	1.0361989087904147	0.000606684	0	1
1337.8952528897585	39232.16	23.79055	1.0387145054902263	0.00060640427	0	1
1337.8966417563238	39297.727	23.813108	1.0428148074412604	0.00060596655	0	1
1337.8980306228887	39234.062	23.800087	1.0435003775695328	0.00060661795	0	1
1337.8994194894547	39206.43	23.788868	1.0451525289781856	0.00060675933	0	1
1337.9008083560207	39235.297	23.800747	1.0483240577495834	0.0006066157	0	1
1337.9021972225855	39167.094	23.785046	1.0489120155204092	0.00060727115	0	1
1337.9035860891508	39149.93	23.7782	1.050873328506886	0.00060736254	0	1
1337.904974955717	39165.96	23.777721	1.0537366767062937	0.0006071017	0	1
1337.9063638218167	39115.98	23.768002	1.0548322531016054	0.00060762896	0	1
1337.9077526883823	39127.047	23.766632	1.0575812642310802	0.0006074221	0	1
1337.9091415549476	39110.367	23.766352	1.0595888468136574	0.00060767395	0	1
1337.9105304215132	39140.605	23.77818	1.0628765374930476	0.00060750666	0	1
1337.9119192880785	39060.832	23.756048	1.0631810622271378	0.0006081808	0	1
1337.9133081546438	39041.543	23.750015	1.0651322077181131	0.00060832675	0	1
1337.9146970207437	39059.62	23.75504	1.0681085318813255	0.00060817384	0	1
1337.9160858873097	39034.453	23.743937	1.069906817861233	0.0006082815	0	1
1337.9174747538752	39019.754	23.742691	1.071993694780497	0.00060847873	0	1
1337.9188636204399	39040.41	23.744286	1.0750556447036006	0.00060819765	0	1
1337.920252487006	38999.4	23.734678	1.0764206739224589	0.0006085909	0	1
1337.9216413535714	39000.2	23.73594	1.0789388805346598	0.00060861075	0	1
1337.9230302196706	38974.625	23.726862	1.0807266632513095	0.00060877716	0	1
1337.9244190862369	38983.164	23.728773	1.0834592396431477	0.0006086928	0	1
1337.9258079528029	38967.074	23.724854	1.0855058984575077	0.0006088436	0	1
1337.9271968193684	38953.09	23.720612	1.0876074716983402	0.0006089533	0	1
1337.928585685468	38942.87	23.718798	1.0898099229582885	0.0006090665	0	1
1337.9299745520334	38883.96	23.706491	1.090641719193217	0.00060967274	0	1
1337.9313634185996	38880.457	23.704025	1.093019065603598	0.00060966425	0	1
1337.932752285165	38864.434	23.702797	1.0950377514471104	0.00060988404	0	1
1337.9341411512642	38858.55	23.699879	1.0973343641456046	0.00060990127	0	1
1337.9355300178304	38855.695	23.69841	1.099708566851186	0.00060990825	0	1
1337.9369188843957	38821.574	23.687428	1.1011872478051332	0.00061016146	0	1
1337.938307750495	38827.13	23.691086	1.103780289421336	0.0006101684	0	1
1337.939696617061	38790.137	23.679617	1.105151618122281	0.0006104546	0	1
1337.941085483627	38744.965	23.668453	1.1062735926871612	0.00061087817	0	1
1337.9424743497261	38779.37	23.675802	1.1096548985822827	0.00061052566	0	1
1337.9438632162914	38694.82	23.656849	1.10961607181183	0.0006113699	0	1
1337.9452520828577	38612.062	23.627762	1.1096042798470396	0.00061192695	0	1
1337.9466409489573	38548.625	23.615362	1.1101237035201275	0.0006126123	0	1
1337.948029815523	38461.39	23.586666	1.109932655533452	0.00061325566	0	1
1337.9494186820884	38370.82	23.56358	1.1096176371346345	0.00061410153	0	1
1337.950807548188	38250.453	23.529697	1.1084103966253402	0.0006151482	0	1
1337.9521964147534	38097.55	23.48615	1.1062252889638795	0.000616474	0	1
1337.953585281319	37981.664	23.454782	1.1050793836029804	0.0006175291	0	1
1337.9549741474189	37828.676	23.414206	1.102817624699993	0.0006189539	0	1
1337.9563630139849	37657.9	23.369637	1.0999969634263322	0.0006205773	0	1
1337.9577518800847	37493.387	23.322926	1.097317664057716	0.0006220544	0	1
1337.9591407466494	37374.793	23.288036	1.095942844708949	0.00062309473	0	1
1337.9605296132154	37117.176	23.21361	1.090446185853479	0.00062541425	0	1
1337.9619184793153	36951.766	23.166199	1.0876099800298795	0.0006269308	0	1
1337.96330734588	36801.137	23.125	1.085165682563073	0.0006283773	0	1
1337.9646962119805	36590.44	23.071651	1.0809040187733652	0.0006305377	0	1
1337.9660850785467	36367.45	23.00143	1.0762285654145312	0.00063247303	0	1
1337.9674739446457	36170.332	22.943893	1.0722685726588332	0.0006343291	0	1
1337.9688628112112	35885.125	22.867607	1.0656433194444914	0.0006372447	0	1
1337.9702516773116	35696.97	22.81357	1.0618463454376912	0.00063908985	0	1
1337.9716405438771	35443.184	22.741417	1.0560447308122969	0.0006416302	0	1
1337.9730294099768	35228.15	22.683214	1.0513436240486551	0.0006438946	0	1
1337.974418276542	35037.85	22.624887	1.0473295426082196	0.00064572704	0	1
1337.975807142642	34751.82	22.540426	1.0403989850051092	0.0006486114	0	1
1337.9771960092075	34479.395	22.458054	1.033816956042818	0.0006513471	0	1
1337.9785848753072	34234.805	22.389769	1.0280126134112528	0.000654006	0	1
1337.9799737418725	33966.297	22.31094	1.0214332807731406	0.00065685523	0	1
1337.981362607973	33686.59	22.233843	1.0144588865796678	0.00066002057	0	1
1337.9827514745384	33398.727	22.146732	1.0071798784362316	0.0006631011	0	1
1337.9841403406376	33157.246	22.079988	1.0012423217386393	0.00066591747	0	1
1337.9855292072036	32905.94	21.999487	0.9949524388663079	0.00066855666	0	1
1337.9869180733035	32652.549	21.921665	0.9885434186031161	0.0006713615	0	1
1337.9883069394025	32343.54	21.838764	0.9803926312009705	0.0006752126	0	1
1337.9896958059685	32042.277	21.747372	0.9724172793068241	0.00067870866	0	1
1337.991084672069	31792.56	21.669882	0.9659492998748269	0.0006816023	0	1
1337.9924735386344	31487.16	21.580833	0.9577328479420729	0.0006853852	0	1
1337.9938624047343	31203.32	21.490864	0.9501148253381457	0.00068873644	0	1
1337.9952512708342	30913.203	21.40192	0.9422493062093851	0.00069232297	0	1
1337.9966401374002	30628.428	21.32009	0.934490751264105	0.00069608825	0	1
1337.9980290035	30375.865	21.237568	0.9276608317301049	0.0006991593	0	1
1337.999417869599	30057.758	21.142698	0.9187746525222068	0.0007034024	0	1
1338.000806736165	29758.912	21.051065	0.910422071394665	0.00070738693	0	1
1338.002195602265	29509.709	20.974005	0.9035355456806085	0.0007107493	0	1
1338.003584468364	29233.254	20.8867	0.8957631737914107	0.00071448425	0	1
1338.0049733349301	28940.283	20.800783	0.8874329582457573	0.00071874843	0	1
1338.0063622010307	28749.846	20.731428	0.882197657547169	0.00072109705	0	1
1338.0077510671297	28414.094	20.626411	0.8724540203894992	0.0007259218	0	1
1338.0091399336952	28197.55	20.560572	0.8663215625174027	0.0007291616	0	1
1338.0105287997956	27948.56	20.4808	0.859145491504064	0.0007328034	0	1
1338.0119176658945	27675.549	20.397781	0.8511840718495176	0.00073703256	0	1
1338.0133065319944	27398.523	20.311502	0.843052724526623	0.0007413357	0	1
1338.0146953985604	27200.932	20.243956	0.8373209699230115	0.00074423756	0	1
1338.0160842646603	26993.205	20.182396	0.8312343185454801	0.00074768433	0	1
1338.0174731307602	26787.023	20.107483	0.8251529250710562	0.0007506427	0	1
1338.0188619968599	26577.018	20.040522	0.818912135628213	0.0007540546	0	1
1338.0202508634252	26404.947	19.982075	0.8137996667835171	0.00075675495	0	1
1338.0216397295258	26242.883	19.936218	0.8089560267941319	0.00075968093	0	1
1338.0230285956254	26062.666	19.87676	0.8035138956585461	0.0007626526	0	1
1338.0244174617246	26010.67	19.855694	0.8019868837817401	0.0007633673	0	1
1338.0258063278252	25856.912	19.804256	0.797083986684472	0.0007659173	0	1
1338.0271951943905	25769.766	19.7817	0.7942360745697777	0.00076763215	0	1
1338.0285840604897	25666.904	19.746815	0.7909050797087177	0.0007693493	0	1
1338.02997292659	25635.36	19.735168	0.7897725498166385	0.0007698417	0	1
1338.0313617926904	25595.697	19.72109	0.7883904570397051	0.00077048456	0	1
1338.0327506587896	25608.488	19.724916	0.7886242418597137	0.0007702492	0	1
1338.0341395248893	25580.322	19.72122	0.7875968987264536	0.0007709528	0	1
1338.0355283909898	25595.432	19.718588	0.7879021155971817	0.0007703948	0	1
1338.0369172575547	25659.664	19.74107	0.7897190523906783	0.00076934247	0	1
1338.0383061236544	25720.373	19.760578	0.7914268341344597	0.00076828507	0	1
1338.039694989755	25833.55	19.801643	0.7947480811117231	0.00076650875	0	1
1338.0410838558546	25973.785	19.847414	0.7989001872522481	0.00076413254	0	1
1338.0424727219543	26100.775	19.890148	0.8024071482218832	0.000762052	0	1
1338.0438615880541	26216.545	19.923367	0.8055299739203126	0.0007599539	0	1
1338.045250454154	26415.457	19.98501	0.8111667496799323	0.000756565	0	1
1338.0466393202544	26559.252	20.038134	0.8150694823138745	0.0007544691	0	1
1338.048028186354	26760.492	20.107124	0.8206931954821827	0.0007513735	0	1
1338.049417052453	26935.71	20.160212	0.8254759529170924	0.00074845663	0	1
1338.0508059185536	27222.047	20.25199	0.833618739729603	0.00074395543	0	1
1338.0521947846535	27391.975	20.302343	0.8381511833119043	0.0007411785	0	1
1338.0535836507534	27662.736	20.390799	0.8457232742553764	0.0007371215	0	1
1338.0549725168537	27919.42	20.474657	0.8528165695713756	0.00073334825	0	1
1338.0563613829534	28151.016	20.548489	0.8590957217298807	0.00072993775	0	1
1338.0577502490532	28428.71	20.634808	0.8667328435292453	0.00072584394	0	1
1338.059139115153	28694.88	20.716724	0.873968254647749	0.00072196586	0	1
1338.0605279812526	28966.307	20.803623	0.8813131630410024	0.00071820075	0	1
1338.0619168473531	29197.924	20.875023	0.8873970352203981	0.00071494887	0	1
1338.0633057134528	29514.334	20.974033	0.8960062683347976	0.0007106389	0	1
1338.064694579552	29796.762	21.058378	0.9035300531525744	0.0007067338	0	1
1338.0660834456526	30012.232	21.129932	0.908972949243678	0.000704044	0	1
1338.0674723117522	30325.727	21.223438	0.9173327196986029	0.0006998493	0	1
1338.0688611778514	30640.168	21.31872	0.92566524255592	0.00069577683	0	1
1338.0702500439518	30914.604	21.405191	0.9327344697837984	0.0006923974	0	1
1338.0716389100521	31203.074	21.496681	0.940173275583787	0.0006889283	0	1
1338.0730277761513	31489.156	21.581089	0.9474856005213775	0.00068534986	0	1
1338.0744166417853	31738.918	21.656725	0.9536520783576152	0.0006823397	0	1
1338.075805507886	32033.54	21.745611	0.9611130116330318	0.0006788389	0	1
1338.077194373985	32303.414	21.828	0.9677771684728088	0.000675718	0	1
1338.0785832400848	32616.125	21.913486	0.9756694965921664	0.00067186053	0	1
1338.0799721061853	32882.625	21.996014	0.9821245124491783	0.0006689251	0	1
1338.081360972285	33159.918	22.079498	0.988848604815726	0.000665849	0	1
1338.0827498383846	33455.03	22.16323	0.9960495863209898	0.00066247827	0	1
1338.0841387040189	33723.83	22.245546	1.0024130750595248	0.00065963884	0	1
1338.0855275701188	33970.69	22.311914	1.0080731640968863	0.00065679895	0	1
1338.086916436219	34229.934	22.391283	1.0140498791890917	0.00065414334	0	1
1338.088305302319	34519.543	22.470736	1.020873622615715	0.00065095694	0	1
1338.089694168418	34711.35	22.530174	1.0247562060005695	0.00064907223	0	1
1338.0910830340526	34982.68	22.604696	1.0309388643331734	0.00064616825	0	1
1338.0924719001525	35193.383	22.663351	1.035286837993295	0.00064396625	0	1
1338.0938607662515	35446.57	22.73976	1.0408378962852805	0.0006415221	0	1
1338.095249632352	35692.926	22.806295	1.0461402188070696	0.0006389584	0	1
1338.096638497987	35956.145	22.887138	1.0518885908461875	0.0006365293	0	1
1338.098027364086	36060.355	22.914515	1.0529453636259105	0.00063544896	0	1
1338.0994162301859	36419.453	23.019068	1.0614000808734405	0.0006320542	0	1
1338.1008050958205	36612.24	23.06739	1.0649588494648223	0.0006300459	0	1
1338.1021939619195	36793.156	23.122974	1.0681340490063416	0.00062845857	0	1
1338.1035828280194	36968.55	23.173063	1.071112182183495	0.0006268318	0	1
1338.104971693654	37129.797	23.216146	1.0736454999914138	0.00062526995	0	1
1338.106360559754	37316.22	23.270878	1.076871998850897	0.00062361296	0	1
1338.1077494258539	37513.59	23.320688	1.080378297747518	0.00062165974	0	1
1338.1091382914879	37723.336	23.379189	1.084204178615689	0.000619754	0	1
1338.1105271575875	37848.875	23.419199	1.0855780251226808	0.00061875547	0	1
1338.111916023688	37982.52	23.457205	1.0871577837765165	0.000617579	0	1
1338.113304889322	38114.785	23.49361	1.0886719229633885	0.000616391	0	1
1338.1146937554213	38259.28	23.537136	1.0905094165683533	0.00061520067	0	1
1338.1160826215219	38373.45	23.560228	1.091458388736266	0.00061397214	0	1
1338.1174714871559	38521.777	23.600185	1.0933555028925486	0.0006126453	0	1
1338.1188603532555	38630.594	23.628532	1.0941088454622048	0.0006116534	0	1
1338.1202492188904	38640.332	23.636911	1.0920429800845006	0.00061171607	0	1
1338.12163808499	38717.78	23.659441	1.0918804250509246	0.00061107427	0	1
1338.1230269506243	38737.785	23.665585	1.0900877864545564	0.00061091734	0	1
1338.124415816724	38824.3	23.688541	1.0901570363366575	0.00061014725	0	1
1338.1258046823582	38817.29	23.68969	1.0875928533914614	0.00061028707	0	1
1338.1271935484579	38845.555	23.686216	1.08601422630988	0.0006097536	0	1
1338.1285824145575	38941.83	23.720293	1.086323458531966	0.0006091212	0	1
1338.1299712801917	38826.11	23.68829	1.0807305072302325	0.0006101124	0	1
1338.131360146292	38886.473	23.703543	1.0800380146973045	0.00060955755	0	1
1338.1327490119263	38907.99	23.7037	1.0782633311398933	0.0006092245	0	1
1338.1341378775596	38918.68	23.716566	1.0761892768859305	0.00060938776	0	1
1338.1355267436602	38948.94	23.723785	1.0746572494275377	0.00060909963	0	1
1338.136915609295	38959.715	23.723166	1.072589155034706	0.0006089153	0	1
1338.138304475394	38937.785	23.721964	1.0696262970886077	0.00060922734	0	1
1338.1396933410283	38967.6	23.725016	1.0680900920388516	0.0006088395	0	1
1338.1410822071286	39042.223	23.745749	1.0677820671396152	0.0006082069	0	1
1338.142471072762	38984.04	23.733217	1.063848050307289	0.00060879317	0	1
1338.1438599388619	39063.926	23.754028	1.063688434119621	0.00060808094	0	1
1338.1452488044965	38996.02	23.734694	1.0595123318937927	0.000608644	0	1
1338.1466376701308	39073.754	23.75114	1.0593019202833962	0.0006078541	0	1
1338.1480265362306	39087.312	23.75894	1.0573561938436102	0.00060784275	0	1
1338.1494154018646	39072.87	23.754608	1.05466368756967	0.00060795655	0	1
1338.1508042674986	39079.375	23.755415	1.0525482617484987	0.00060787605	0	1
1338.1521931335992	39128.957	23.768717	1.0516017019971784	0.0006074457	0	1
1338.1535819992332	39130.465	23.776907	1.049372687776166	0.0006076316	0	1
1338.1549708648668	39092.28	23.763935	1.04609451774821	0.0006078933	0	1
1338.1563597309673	39174.01	23.782238	1.0460364511652382	0.0006070922	0	1
1338.1577485966013	39135.5	23.774359	1.0427794989197963	0.0006074883	0	1
1338.1591374622349	39134.312	23.774424	1.0405342324647102	0.0006075084	0	1
1338.1605263283352	39161.73	23.780794	1.0390635463084685	0.0006072457	0	1
1338.16191519397	39226.016	23.794613	1.0385819480565786	0.0006066029	0	1
1338.1633040596034	39246.652	23.802034	1.0369565410483605	0.000606473	0	1
1338.1646929252374	39235.13	23.801453	1.0344980289430779	0.0006066363	0	1
1338.166081791338	39206.83	23.796635	1.031616959160269	0.0006069513	0	1
1338.1674706569715	39290.254	23.81386	1.0316908134052267	0.00060610095	0	1
1338.1688595226055	39257.79	23.80571	1.028737466710755	0.00060639455	0	1
1338.1702483882405	39321.62	23.827848	1.0283250033146385	0.0006059732	0	1
1338.17163725434	39263.918	23.809505	1.024753438806774	0.0006063966	0	1
1338.173026119974	39278.395	23.81391	1.0230879982744885	0.00060628523	0	1
1338.1744149856083	39339.02	23.824146	1.0226411809978933	0.0006056111	0	1
1338.1758038512426	39406.547	23.843811	1.0223881558245245	0.0006050723	0	1
1338.1771927168772	39337.555	23.829481	1.01861459797722	0.0006057693	0	1
1338.1785815825115	39446.434	23.855444	1.019466665010205	0.0006047554	0	1
1338.1799704486111	39380.973	23.84251	1.0158330334651495	0.00060543226	0	1
1338.181359314246	39433.656	23.856192	1.0152701503197648	0.0006049703	0	1
1338.1827481798794	39415.65	23.850183	1.0129084750208044	0.0006050943	0	1
1338.1841370455136	39458.06	23.860212	1.012121578839669	0.0006046981	0	1
1338.1855259111483	39464.797	23.86128	1.0104410216535367	0.0006046219	0	1
1338.1869147767825	39489.25	23.87057	1.00923659943462	0.0006044827	0	1
1338.1883036424165	39483.9	23.871428	1.0072939290800162	0.0006045864	0	1
1338.1896925080505	39506.832	23.877966	1.0060967493407076	0.00060440094	0	1
1338.1910813736847	39509.91	23.873734	1.0044177588631398	0.00060424674	0	1
1338.192470239319	39590.145	23.894886	1.0047218846106425	0.0006035564	0	1
1338.193859104953	39525.637	23.880943	1.0013776535716459	0.0006041887	0	1
1338.1952479710526	39587.6	23.898212	1.0012636362186498	0.0006036792	0	1
1338.1966368366875	39555.04	23.886803	0.9987837342787843	0.0006038877	0	1
1338.1980257023215	39587.242	23.89719	0.9979656796988542	0.0006036589	0	1
1338.199414567955	39593.367	23.894938	0.996515362765974	0.0006035086	0	1
1338.2008034335897	39629.723	23.907284	0.9958511848770557	0.00060326647	0	1
1338.2021922992244	39620.598	23.90688	0.9940702764572011	0.0006033952	0	1
1338.2035811643923	39675.543	23.91779	0.9939225763184713	0.00060283457	0	1
1338.2049700300263	39662.938	23.91995	0.9921087209201835	0.00060308067	0	1
1338.2063588956612	39720.383	23.934174	0.9920733459577616	0.0006025665	0	1
1338.2077477612947	39678.28	23.921055	0.9895792103548822	0.00060287525	0	1
1338.2091366269287	39727.05	23.931194	0.9893795286659962	0.0006023904	0	1
1338.2105254925636	39757.36	23.940329	0.9887458444892174	0.00060216093	0	1
1338.2119143581976	39752.86	23.94258	0.9872743397596138	0.0006022857	0	1
1338.2133032238316	39769.215	23.946182	0.9863493205363173	0.0006021286	0	1
1338.2146920894659	39752.65	23.940632	0.9846368792487636	0.0006022399	0	1
1338.2160809551	39732.87	23.936457	0.9828753344962455	0.0006024346	0	1
1338.2174698207348	39809.637	23.962002	0.9835296050556633	0.0006019146	0	1
1338.2188586859033	39771.67	23.950563	0.9813777184090147	0.00060220156	0	1
1338.2202475515367	39855.4	23.969152	0.9822569730265567	0.0006014029	0	1
1338.2216364171713	39806.215	23.954773	0.9798894224281587	0.00060178473	0	1
1338.2230252828056	39835.203	23.96606	0.9794767866377762	0.0006016302	0	1
1338.2244141484389	39839.098	23.964987	0.9784763447147629	0.0006015444	0	1
1338.2258030136081	39893.207	23.979445	0.9787379083441836	0.0006010909	0	1
1338.227191879243	39878.96	23.975351	0.9773517618653538	0.000601203	0	1
1338.2285807448764	39920.688	23.986803	0.9773671968302894	0.00060086144	0	1
1338.2299696105106	39866.605	23.970945	0.9750678635487022	0.0006012788	0	1
1338.2313584761453	39876.824	23.96706	0.9743729625791965	0.0006010273	0	1
1338.232747341313	39936.98	23.987562	0.9749274011849097	0.00060063537	0	1
1338.2341362069471	39905.805	23.981142	0.9732824712382402	0.0006009437	0	1
1338.2355250725818	39945.953	23.996181	0.9734078710898474	0.0006007162	0	1
1338.2369139377504	39924.96	23.983723	0.9720739992879769	0.00060072	0	1
1338.2383028033846	39937.35	23.992096	0.9715841867617038	0.0006007433	0	1
1338.2396916690186	40010.176	24.007143	0.9725941056151315	0.00060002593	0	1
1338.241080534187	39994.664	24.008276	0.9714868561394543	0.000600287	0	1
1338.2424693998219	39988.94	24.00629	0.9706490709821335	0.00060032326	0	1
1338.2438582654559	39942.676	23.992884	0.9688594022654051	0.0006006829	0	1
1338.2452471306244	39954.812	24.001251	0.9685182794238633	0.0006007099	0	1
1338.246635996259	39975.527	24.00354	0.9684159764997105	0.00060045585	0	1
1338.2480248618926	39994.566	24.006407	0.9683039281301088	0.0006002417	0	1
1338.249413727061	40057.125	24.024702	0.9692758842520819	0.000599761	0	1
1338.250802592696	40035.94	24.018562	0.9682524743397619	0.000599925	0	1
1338.2521914578642	40004.58	24.010927	0.9670150694438128	0.0006002045	0	1
1338.2535803234985	40008.438	24.009417	0.9666609595852554	0.0006001088	0	1
1338.2549691891327	40023.36	24.016571	0.9666054889734389	0.0006000638	0	1
1338.256358054301	40091.22	24.031164	0.9678592755523604	0.0005994122	0	1
1338.257746919935	40055.594	24.026667	0.9666460869242952	0.000599833	0	1
1338.2591357851036	40012.695	24.01004	0.965289622011281	0.00060006056	0	1
1338.2605246507378	40060.184	24.024988	0.9661452509623659	0.0005997224	0	1
1338.2619135159068	40050.188	24.024935	0.9656458081598447	0.0005998707	0	1
1338.2633023815408	40088.715	24.032755	0.9663477102381539	0.00059948926	0	1
1338.2646912467085	40070.594	24.028252	0.9657155257700282	0.000599648	0	1
1338.2660801123434	40087.82	24.034119	0.9659667802319825	0.0005995367	0	1
1338.2674689775126	40044.05	24.020864	0.9647798479299419	0.000599861	0	1
1338.2688578426803	40078.965	24.032608	0.9655201458055822	0.00059963146	0	1
1338.2702467083145	40071.53	24.030401	0.9652716407294256	0.0005996876	0	1
1338.2716355734835	40052.17	24.02419	0.9647672926320657	0.00059982244	0	1
1338.2730244391169	40092.395	24.033178	0.9657294999547311	0.00059944484	0	1
1338.2744133042854	40075.637	24.033484	0.9653504996432133	0.0005997031	0	1
1338.27580216992	40068.83	24.026445	0.9652424083902843	0.00059962936	0	1
1338.2771910350887	40104.12	24.036022	0.9661798064837551	0.0005993405	0	1
1338.2785799002572	40086.22	24.032068	0.9658668414711574	0.00059950945	0	1
1338.2799687658912	40136.434	24.045427	0.9672263853512015	0.0005990923	0	1
1338.2813576310596	40032.754	24.017899	0.9649081116428281	0.0005999562	0	1
1338.2827464962288	40103.69	24.035887	0.9668294734598879	0.0005993435	0	1
1338.2841353618628	40161.062	24.053999	0.9684707888594974	0.0005989383	0	1
1338.2855242270307	40070.426	24.02786	0.9665428681128744	0.00059964077	0	1
1338.2869130922	40058.188	24.026466	0.9665514084835002	0.00059978914	0	1
1338.2883019573683	40070.742	24.026972	0.9671888300819406	0.0005996138	0	1
1338.2896908230018	40027.793	24.018703	0.9665168361965015	0.00060005067	0	1
1338.2910796881708	40091.05	24.02987	0.9684400129459151	0.0005993824	0	1
1338.2924685533399	40121.953	24.039629	0.9696129645476779	0.000599164	0	1
1338.2938574185077	40092.062	24.03458	0.9693470684608669	0.0005994848	0	1
1338.2952462841417	40073.773	24.030058	0.9693913144980131	0.0005996455	0	1
1338.296635149311	40127.05	24.043407	0.9711973098598147	0.00059918204	0	1
1338.2980240144789	40006.383	24.008549	0.9688223490074254	0.00060011796	0	1
1338.2994128796472	40060.973	24.024858	0.9707204992837318	0.0005997073	0	1
1338.3008017448165	40086.344	24.026127	0.9719415456213015	0.0005993594	0	1
1338.3021906104505	40077.285	24.02708	0.9723576683010616	0.00059951865	0	1
1338.3035794756188	40049.297	24.022247	0.9723434009549077	0.00059981697	0	1
1338.3049683407874	40031.2	24.020065	0.9725978267439642	0.0006000336	0	1
1338.3063572059564	39996.777	24.01135	0.9724838958179022	0.00060033216	0	1
1338.3077460711256	39995.105	24.00411	0.9731946243939174	0.0006001762	0	1
1338.3091349362935	40009.87	24.009066	0.974334462948903	0.00060007855	0	1
1338.3105238014618	40014.96	24.012928	0.9752678090178949	0.00060009875	0	1
1338.311912666631	40048.453	24.017786	0.9769227930896979	0.0005997182	0	1
1338.3133015317987	40012.336	24.011343	0.9769081403335477	0.0006000985	0	1
1338.3146903969673	39965.965	23.995949	0.9766695915860814	0.0006004096	0	1
1338.3160792621363	39946.652	24.000261	0.977118880242835	0.00060080783	0	1
1338.317468127305	39984.992	24.007362	0.9790067344768032	0.00060040934	0	1
1338.3188569924732	40004.887	24.009226	0.9804721043348065	0.0006001573	0	1
1338.3202458576416	39926.574	23.989843	0.9795566265226929	0.00060084905	0	1
1338.3216347228101	39977.613	24.003817	0.9818413349896157	0.00060043146	0	1
1338.3230235879792	39993.906	24.00601	0.9833016129158293	0.0006002417	0	1
1338.3244124531477	39930.31	23.987885	0.9828233705318995	0.0006007438	0	1
1338.3258013183154	39914.48	23.984394	0.9835454783291315	0.00060089456	0	1
1338.3271901834846	39915.574	23.985357	0.9847106824936633	0.00060090225	0	1
1338.328579048653	39946.848	23.992283	0.986647675660343	0.00060060516	0	1
1338.3299679138208	39917.586	23.985142	0.9871156703128503	0.00060086657	0	1
1338.33135677899	39886.81	23.978113	0.9875702528662877	0.00060115394	0	1
1338.332745644159	39932.99	23.990755	0.9899563684863208	0.00060077535	0	1
1338.3341345093268	39877.42	23.976986	0.989845251805289	0.0006012672	0	1
1338.335523374495	39871.79	23.97404	0.990996800303966	0.0006012782	0	1
1338.3369122391987	39854.203	23.969166	0.991875397221784	0.0006014213	0	1
1338.3383011043666	39846.73	23.968767	0.993029497749236	0.0006015241	0	1
1338.339689969535	39801.465	23.957937	0.9932643279011256	0.0006019361	0	1
1338.3410788347041	39786.973	23.951662	0.9942891564921397	0.0006019976	0	1
1338.3424676998725	39791.918	23.947704	0.9958232151134677	0.0006018233	0	1
1338.3438565645752	39816.637	23.95809	0.9978767233573667	0.0006017105	0	1
1338.3452454297437	39766.957	23.942781	0.9980880165337005	0.0006020773	0	1
1338.3466342949123	39741.48	23.940794	0.9989269588729922	0.00060241326	0	1
1338.3480231600813	39740.008	23.937761	1.0003908990622867	0.00060235924	0	1
1338.3494120247842	39726.195	23.934679	1.0015659654529054	0.0006024911	0	1
1338.3508008899519	39685.824	23.924639	1.0020913788393317	0.000602851	0	1
1338.352189755121	39695.188	23.926573	1.0038931143029635	0.0006027575	0	1
1338.3535786202895	39744.527	23.939383	1.0067295859293273	0.00060233154	0	1
1338.3549674849914	39706.684	23.926878	1.0073792208750636	0.0006025907	0	1
1338.3563563501607	39683.965	23.92495	1.0084308548391678	0.00060288707	0	1
1338.35774521533	39658.543	23.915876	1.009432193798869	0.00060304475	0	1
1338.359134080032	39645.973	23.9117	1.0107790848864322	0.0006031306	0	1
1338.3605229452005	39540.438	23.885485	1.0097772696174026	0.0006040774	0	1
1338.3619118099039	39617.387	23.907343	1.0134401681280416	0.0006034558	0	1
1338.3633006750724	39603.09	23.901566	1.0147973411480455	0.0006035278	0	1
1338.3646895402408	39580.7	23.89644	1.0159640616340233	0.00060373975	0	1
1338.3660784049434	39577.86	23.897806	1.0176496639789685	0.0006038176	0	1
1338.367467270112	39549.07	23.884842	1.0186844000996986	0.0006039293	0	1
1338.368856134815	39467.445	23.862354	1.0183705915798607	0.00060460856	0	1
1338.3702449999832	39527.99	23.873932	1.021741119162923	0.0006039754	0	1
1338.3716338646868	39515.117	23.87728	1.0232327277091484	0.0006042568	0	1
1338.3730227298558	39494.31	23.871918	1.0245333686007951	0.0006044394	0	1
1338.3744115945578	39472.67	23.863071	1.025826246717349	0.0006045466	0	1
1338.3758004597264	39470.75	23.858707	1.0276456433709504	0.00060446555	0	1
1338.3771893244298	39426.688	23.847456	1.028380523809463	0.0006048557	0	1
1338.3785781895976	39365.34	23.838821	1.0286738753044802	0.00060557894	0	1
1338.3799670543003	39386.36	23.839975	1.031131579711806	0.00060528505	0	1
1338.381355919004	39333.46	23.821686	1.0316660200328605	0.0006056341	0	1
1338.3827447841722	39420.242	23.8452	1.0358787483895555	0.00060489733	0	1
1338.3841336488751	39322.133	23.824398	1.0352449106250363	0.00060587755	0	1
1338.3855225140437	39339.05	23.828852	1.0376474654848515	0.0006057302	0	1
1338.3869113787464	39265.69	23.805954	1.0376775105832594	0.0006062787	0	1
1338.38830024345	39286.723	23.814676	1.0402104729920907	0.0006061762	0	1
1338.3896891086183	39349.8	23.825697	1.0438715531743452	0.0006054846	0	1
1338.3910779733205	39272.44	23.8103	1.0438164563229735	0.00060628523	0	1
1338.392466838024	39239.535	23.800066	1.0449468243799327	0.00060653285	0	1
1338.3938557031925	39196.895	23.788235	1.045823145208	0.0006068908	0	1
1338.3952445678945	39310.414	23.811543	1.0508782015799065	0.00060573115	0	1
1338.3966334325978	39210.79	23.7932	1.0502440213152389	0.00060680235	0	1
1338.3980222973014	39218.81	23.796297	1.052495786910561	0.00060675724	0	1
1338.3994111624693	39240.188	23.798143	1.0551145420240255	0.00060647377	0	1
1338.400800027172	39157.645	23.778557	1.0549421815890854	0.00060725195	0	1
1338.4021888918755	39192.67	23.787117	1.0579406357891221	0.0006069277	0	1
1338.4035777565782	39099.664	23.761118	1.057485240253232	0.00060770643	0	1
1338.404966621281	39139.266	23.770002	1.0606183109584684	0.00060731854	0	1
1338.4063554864495	39060.84	23.75203	1.0605551299576392	0.0006080778	0	1
1338.4077443511524	39043.496	23.744543	1.0621489529403922	0.00060815614	0	1
1338.409133215855	39067.832	23.75046	1.064880043258371	0.0006079288	0	1
1338.4105220805577	39030.195	23.741282	1.0659236846306361	0.00060827984	0	1
1338.4119109452604	39028.33	23.741217	1.0679439853000328	0.0006083073	0	1
1338.413299809964	38973.207	23.733438	1.0685053553566493	0.0006089681	0	1
1338.4146886746669	39017.62	23.738333	1.0717957665066877	0.0006084003	0	1
1338.4160775393689	38966.734	23.723122	1.0724680905786523	0.00060880446	0	1
1338.4174664040725	38940.598	23.717726	1.0738170423147486	0.00060907454	0	1
1338.4188552692408	38921.887	23.716217	1.0753673250073992	0.00060932856	0	1
1338.420244133943	38973.49	23.728363	1.0788603494935773	0.00060883345	0	1
1338.4216329986464	38942.05	23.720879	1.08005350879528	0.00060913275	0	1
1338.4230218633497	38910.844	23.71204	1.0812468863398985	0.00060939416	0	1
1338.424410728052	38887.43	23.702358	1.0826504680349185	0.0006095121	0	1
1338.4257995927546	38863.65	23.69542	1.084037277194258	0.0006097065	0	1
1338.4271884569926	38847.492	23.698914	1.0856300070881495	0.00061005005	0	1
1338.4285773216952	38872.93	23.701298	1.0883803335053535	0.00060971215	0	1
1338.4299661863981	38769.863	23.672026	1.0875228212232524	0.000610578	0	1
1338.431355051101	38839.81	23.69058	1.0915102027144374	0.00060995616	0	1
1338.4327439158044	38782.85	23.677294	1.0919248666823431	0.00061050936	0	1
1338.4341327805073	38800.953	23.68235	1.0944430903803426	0.0006103549	0	1
1338.4355216452093	38752.816	23.665731	1.0950831236670935	0.00061068416	0	1
1338.4369105099127	38695.977	23.647242	1.0954629416677788	0.0006111034	0	1
1338.4382993746162	38679.312	23.645914	1.0969668762022071	0.0006113323	0	1
1338.4396882388528	38521.684	23.602968	1.094454041117491	0.00061271904	0	1
1338.4410771035555	38495.855	23.600433	1.0956659129099193	0.0006130643	0	1
1338.442465968259	38326.96	23.55459	1.0927848433734244	0.00061456976	0	1
1338.4438548329617	38267.65	23.528963	1.0930050042772839	0.0006148526	0	1
1338.4452436976644	38100.15	23.492111	1.0901115213206682	0.00061658846	0	1
1338.4466325619017	37933.96	23.439857	1.0872262599278777	0.0006179122	0	1
1338.4480214266046	37807.523	23.401642	1.0854525553106247	0.00061896787	0	1
1338.4494102913072	37639.12	23.35689	1.0824458149042606	0.0006205482	0	1
1338.4507991555442	37488.24	23.3164	1.0799131054190336	0.00062196574	0	1
1338.4521880202471	37283.9	23.258602	1.0758085927036956	0.0006238243	0	1
1338.4535768849505	37110.75	23.212238	1.0725708178915088	0.00062548555	0	1
1338.4549657491877	36874.773	23.147467	1.0674821404826553	0.0006277318	0	1
1338.4563546138897	36714.28	23.102694	1.0645439150365683	0.0006292563	0	1
1338.4577434785933	36546.23	23.05052	1.061354687702251	0.0006307222	0	1
1338.4591323428303	36312.58	22.98683	1.0562248428088403	0.00063302665	0	1
1338.4605212075326	36112.38	22.92527	1.0520309204997536	0.0006348313	0	1
1338.4619100717705	35864.37	22.859406	1.046406301036891	0.00063738483	0	1
1338.4632989364738	35597.402	22.78192	1.0401874385644587	0.0006399883	0	1
1338.4646878011758	35333.44	22.71186	1.0340146765297835	0.00064278656	0	1
1338.466076665413	35135.676	22.650726	1.029740244779666	0.0006446646	0	1
1338.4674655301164	34855.312	22.56928	1.0230054944725067	0.00064751337	0	1
1338.4688543943537	34607.574	22.497738	1.0171865541030658	0.0006500813	0	1
1338.4702432590566	34333.066	22.42034	1.0105393527693805	0.0006530247	0	1
1338.4716321232936	34059.836	22.342083	1.0038872986654095	0.00065596565	0	1
1338.4730209879963	33865.555	22.278934	0.9995230849657956	0.00065786415	0	1
1338.4744098522335	33505.965	22.179317	0.9902373991901603	0.0006619513	0	1
1338.4757987164708	33257.113	22.107721	0.9841799656234405	0.0006647517	0	1
1338.4771875811734	32999.96	22.029915	0.9778365569406408	0.00066757394	0	1
1338.4785764454114	32675.059	21.933403	0.9694425587013153	0.00067125825	0	1
1338.479965310114	32397.445	21.85043	0.9624079885796646	0.00067444914	0	1
1338.4813541743504	32112.84	21.763828	0.9551238710541663	0.0006777298	0	1
1338.482743038588	31830.363	21.678066	0.9478613257516093	0.0006810499	0	1
1338.4841319032917	31551.105	21.59341	0.9406533622438148	0.00068439473	0	1
1338.4855207675282	31249.87	21.5024	0.932748532213206	0.0006880797	0	1
1338.4869096317652	30935.158	21.411682	0.9243990473627832	0.0006921472	0	1
1338.4882984964688	30638.992	21.322517	0.9165618231388453	0.00069592753	0	1
1338.4896873607051	30375.143	21.239136	0.9096515168376277	0.0006992275	0	1
1338.4910762249424	30053.627	21.139233	0.9009740462874871	0.00070338376	0	1
1338.49246508918	29785.627	21.052305	0.8938609729222793	0.0007067941	0	1
1338.4938539534173	29470.557	20.956356	0.8852960593118693	0.0007110947	0	1
1338.49524281812	29149.809	20.861181	0.8765202156805982	0.00071565417	0	1
1338.496631682357	28929.854	20.790642	0.8707380744203814	0.000718657	0	1
1338.498020546595	28574.584	20.680653	0.8608456429622124	0.00072374294	0	1
1338.499409410832	28323.596	20.601528	0.8540568747528965	0.00072736276	0	1
1338.5007982750685	28038.994	20.50974	0.846219086290356	0.00073147204	0	1
1338.5021871393064	27761.137	20.421286	0.8385491757285466	0.00073560694	0	1
1338.5035760040098	27495.367	20.332573	0.8312097548864968	0.00073949085	0	1
1338.5049648682461	27207.768	20.242588	0.8231760682814186	0.0007440003	0	1
1338.5063537324834	26976.707	20.176708	0.8168200383101315	0.0007479307	0	1
1338.507742596721	26760.924	20.098293	0.810895846052581	0.0007510314	0	1
1338.5091314609583	26513.592	20.018227	0.8039850619131408	0.0007550175	0	1
1338.5105203251956	26322.064	19.954863	0.7987368688914814	0.000758104	0	1
1338.5119091894326	26063.59	19.87637	0.7914278606617988	0.0007626106	0	1
1338.5132980536696	25903.9	19.824194	0.7870902955009611	0.0007652976	0	1
1338.5146869179068	25735.46	19.77032	0.7816931391689297	0.0007682132	0	1
1338.516075782144	25591.049	19.71872	0.777029384542533	0.0007705319	0	1
1338.517464646381	25458.205	19.675486	0.772720085546008	0.0007728544	0	1
1338.518853510619	25304.193	19.621115	0.7677715880219272	0.00077540963	0	1
1338.520242374856	25223.496	19.595016	0.7650503085070472	0.0007768557	0	1
1338.521631238627	25102.662	19.55811	0.7611140209206104	0.0007791249	0	1
1338.5230201028646	25042.379	19.538227	0.7590157862396492	0.0007802065	0	1
1338.5244089671023	25013.303	19.523579	0.7578645707483985	0.00078052783	0	1
1338.5257978313389	25021.84	19.531345	0.7578533936594617	0.0007805719	0	1
1339.6660515131525	39616.36	23.890018	0.9285494781143206	0.00060303416	0	1
1339.6674403678535	39625.445	23.891407	0.9289033467588922	0.00060293096	0	1
1339.6688292225547	39657.152	23.897821	0.9298052661662747	0.00060261064	0	1
1339.6702180772559	39699.0	23.915365	0.9309628728590991	0.00060241733	0	1
1339.6716069319568	39659.69	23.905207	0.9302349460046591	0.00060275826	0	1
1339.6729957866578	39707.215	23.910604	0.9315613695331268	0.0006021728	0	1
1339.6743846413597	39701.86	23.917183	0.9316650570800465	0.0006024197	0	1
1339.6757734960602	39782.805	23.931774	0.9338120073892711	0.00060156075	0	1
1339.6771623507605	39714.605	23.920153	0.9324758099326373	0.00060230115	0	1
1339.678551205462	39739.008	23.921196	0.9333311571931601	0.00060195755	0	1
1339.679940060164	39773.32	23.93164	0.9344372855547927	0.00060170086	0	1
1339.681328914865	39841.85	23.948935	0.9363657536108067	0.0006010999	0	1
1339.6827177695654	39810.824	23.945375	0.9359722858673354	0.000601479	0	1
1339.6841066242664	39864.71	23.956758	0.9375929873621662	0.0006009515	0	1
1339.6854954789683	39859.863	23.956106	0.9378503133812974	0.00060100824	0	1
1339.6868843332036	39860.914	23.956486	0.9382639529570085	0.0006010019	0	1
1339.6882731879048	39895.027	23.961899	0.9394737369717987	0.0006006237	0	1
1339.689662042606	39874.715	23.959099	0.9394195392780642	0.00060085946	0	1
1339.691050897307	39890.54	23.96567	0.940234163678619	0.00060078583	0	1
1339.6924397520079	39945.098	23.971989	0.9419800648858997	0.0006001234	0	1
1339.6938286062432	39908.98	23.971941	0.9416053464695765	0.00060066534	0	1
1339.695217460945	39913.48	23.972094	0.9422060122443304	0.00060060143	0	1
1339.6966063156456	39913.887	23.967072	0.9427275195397344	0.0006004695	0	1
1339.6979951698802	39931.004	23.973055	0.9436613434733049	0.00060036196	0	1
1339.6993840245818	39894.73	23.96761	0.9433505187006473	0.0006007713	0	1
1339.7007728792837	40017.62	23.994219	0.9468218408351303	0.00059959135	0	1
1339.702161733519	39984.273	23.988966	0.9466151299074086	0.00059996004	0	1
1339.7035505882195	39976.734	23.988625	0.9470361131449331	0.00060006464	0	1
1339.7049394429205	40001.46	23.994217	0.9482389680732233	0.0005998335	0	1
1339.7063282971567	39994.676	23.991566	0.9487123196938295	0.000599869	0	1
1339.7077171518577	40011.465	23.995018	0.9497622079593533	0.0005997036	0	1
1339.7091060065588	40010.61	23.996803	0.9504106540759438	0.000599761	0	1
1339.7104948607948	40064.074	24.006645	0.9523674111103032	0.0005992063	0	1
1339.7118837154953	40065.586	24.01077	0.9531071903278754	0.00059928664	0	1
1339.7132725697302	40016.773	23.999615	0.9526659855565071	0.00059973885	0	1
1339.7146614244318	40042.395	24.008688	0.9540133337947895	0.00059958175	0	1
1339.7160502786678	40113.707	24.022572	0.956468000605976	0.0005988619	0	1
1339.717439133369	40126.98	24.025087	0.957557266080471	0.0005987265	0	1
1339.7188279876036	40043.434	24.003193	0.9563515303363067	0.00059942895	0	1
1339.7202168423048	40120.26	24.028889	0.9589926425579294	0.00059892156	0	1
1339.7216056965408	40112.77	24.021946	0.9596363475203491	0.0005988603	0	1
1339.722994551242	40135.047	24.030481	0.9610091975930716	0.0005987406	0	1
1339.7243834054775	40128.92	24.02821	0.9617188933868386	0.00059877534	0	1
1339.7257722597128	40067.41	24.019003	0.9611162560699053	0.0005994648	0	1
1339.7271611144133	40172.38	24.041964	0.964524479830666	0.00059847	0	1
1339.7285499686486	40156.72	24.038666	0.9650548171180688	0.00059862126	0	1
1339.7299388233505	40179.23	24.034597	0.9665189921625794	0.0005981846	0	1
1339.7313276775865	40169.49	24.037777	0.9672238358951747	0.00059840886	0	1
1339.732716531821	40166.016	24.037317	0.9680955029550481	0.00059844914	0	1
1339.7341053865216	40170.535	24.038748	0.9691759191755424	0.0005984174	0	1
1339.7354942407576	40129.984	24.033756	0.9691840686454792	0.00059889775	0	1
1339.7368830949936	40200.406	24.048246	0.971889005812327	0.00059820904	0	1
1339.738271949229	40149.19	24.031954	0.9716695540607619	0.0005985663	0	1
1339.7396608039294	40188.55	24.042013	0.9736575904975577	0.0005982304	0	1
1339.741049658165	40228.234	24.056246	0.9756712012404255	0.0005979941	0	1
1339.7424385124004	40178.977	24.038935	0.9755430005278799	0.00059829635	0	1
1339.7438273666357	40215.9	24.05499	0.9775223972123804	0.0005981463	0	1
1339.7452162213376	40207.65	24.049623	0.9784199646826579	0.0005981355	0	1
1339.746605075573	40213.266	24.04937	0.9796701915772956	0.0005980457	0	1
1339.7479939298078	40194.914	24.048761	0.9803513158375231	0.00059830357	0	1
1339.749382784043	40191.08	24.043339	0.9814009170686321	0.0005982258	0	1
1339.7507716382793	40191.016	24.044538	0.9825575029837216	0.00059825653	0	1
1339.752160492981	40200.234	24.049576	0.9839560983200363	0.00059824466	0	1
1339.7535493472155	40216.816	24.048794	0.9855504074662723	0.00059797853	0	1
1339.7549382014504	40229.547	24.053556	0.9870658171423556	0.0005979077	0	1
1339.7563270556866	40212.19	24.055532	0.9878573968462476	0.0005982149	0	1
1339.757715909922	40227.61	24.05292	0.9894684067489892	0.0005979207	0	1
1339.7591047641572	40199.477	24.049873	0.9900220542723395	0.00059826334	0	1
1339.7604936183927	40192.617	24.046577	0.9911126353517266	0.0005982834	0	1
1339.7618824726283	40244.953	24.058846	0.9936783282109373	0.00059781026	0	1
1339.7632713268636	40165.78	24.039164	0.9930099638375117	0.0005984986	0	1
1339.7646601810989	40172.062	24.042036	0.9944655860813453	0.0005984765	0	1
1339.766049035335	40196.266	24.04651	0.9963794001273688	0.0005982275	0	1
1339.7674378895704	40160.406	24.039383	0.9968173991594236	0.0005985842	0	1
1339.7688267438052	40212.83	24.051191	0.999460419242754	0.0005980975	0	1
1339.7702155980405	40145.31	24.041494	0.9991349573443917	0.00059886184	0	1
1339.7716044522767	40210.152	24.05454	1.0021165989969343	0.00059822056	0	1
1339.772993306512	40169.31	24.04555	1.002477882521544	0.000598605	0	1
1339.7743821607469	40225.293	24.0578	1.0052687793075208	0.00059807644	0	1
1339.7757710149822	40118.59	24.03098	1.0040046206248958	0.0005989986	0	1
1339.7771598692184	40177.023	24.044743	1.0068837382840934	0.00059847	0	1
1339.7785487234537	40192.26	24.044046	1.0086950228542702	0.00059822574	0	1
1339.779937577689	40162.637	24.038218	1.0093917801012038	0.0005985219	0	1
1339.7813264314589	40150.598	24.037428	1.010540743724854	0.0005986817	0	1
1339.7827152856944	40120.59	24.032598	1.0112474619992355	0.0005990091	0	1
1339.7841041399297	40153.734	24.037802	1.0135574066179378	0.00059864426	0	1
1339.785492994165	40156.04	24.038546	1.015101347217672	0.0005986284	0	1
1339.7868818484012	40165.188	24.040598	1.0168296697605352	0.00059854315	0	1
1339.7882707026365	40157.71	24.038704	1.0181479244265155	0.0005986074	0	1
1339.7896595564057	40102.727	24.023022	1.018269864472349	0.0005990371	0	1
1339.791048410641	40115.0	24.022572	1.020108294296594	0.0005988426	0	1
1339.7924372648772	40102.996	24.022402	1.021339479166388	0.00059901766	0	1
1339.7938261191125	40106.664	24.023966	1.0229793655900221	0.0005990018	0	1
1339.7952149728824	40114.402	24.026028	1.024733181655512	0.0005989377	0	1
1339.796603827118	40046.195	24.00686	1.0245540376480529	0.0005994792	0	1
1339.7979926813532	40027.484	24.003956	1.0256470188305618	0.0005996869	0	1
1339.7993815351228	40062.91	24.013838	1.0281368008643117	0.0005994032	0	1
1339.8007703893584	40052.63	24.005074	1.0294633228444543	0.00059933827	0	1
1339.8021592435944	40011.223	24.001993	1.0299962715010016	0.0005998815	0	1
1339.8035480973635	40014.715	24.007439	1.0316917444689022	0.0005999653	0	1
1339.8049369515982	40035.0	24.006512	1.0338291274786868	0.0005996381	0	1
1339.8063258058344	40017.676	24.001162	1.0350031652736635	0.000599764	0	1
1339.8077146596047	39984.973	23.995214	1.0357848829963685	0.0006001058	0	1
1339.80910351384	40009.957	23.998129	1.0380678479420238	0.0005998039	0	1
1339.8104923680748	39981.76	23.992378	1.0389778529318021	0.0006000831	0	1
1339.8118812218445	39939.18	23.991152	1.039517746088548	0.0006006922	0	1
1339.8132700760807	39971.566	23.98877	1.0420148516636347	0.00060014584	0	1
1339.8146589298503	39993.36	23.995335	1.044244136084568	0.000599983	0	1
1339.8160477840859	39945.39	23.98795	1.044656637794258	0.0006005186	0	1
1339.8174366378557	39906.77	23.974342	1.045315509777672	0.00060075877	0	1
1339.8188254920904	39912.164	23.975708	1.0471311624507162	0.0006007118	0	1
1339.8202143458602	39902.76	23.975971	1.048563366116005	0.00060085993	0	1
1339.8216032000962	39861.016	23.964054	1.049148113210612	0.00060119026	0	1
1339.8229920538665	39815.824	23.951683	1.0496428234343955	0.0006015619	0	1
1339.8243809081014	39887.47	23.968096	1.0532227460816044	0.0006008929	0	1
1339.8257697618706	39867.87	23.963772	1.0543993336448594	0.0006010798	0	1
1339.8271586161065	39872.023	23.96699	1.056206767660504	0.0006010979	0	1
1339.8285474698769	39845.848	23.95552	1.0572129274090962	0.0006012049	0	1
1339.8299363241124	39796.49	23.945623	1.0576034696851155	0.0006017019	0	1
1339.8313251778814	39833.137	23.958958	1.0602815481153385	0.0006014831	0	1
1339.8327140321169	39770.3	23.937326	1.060312483143858	0.0006018895	0	1
1339.8341028858872	39798.258	23.946524	1.0627642697394672	0.0006016978	0	1
1339.835491739657	39778.883	23.936203	1.0639538599512457	0.0006017314	0	1
1339.8368805938926	39727.73	23.924784	1.0642915183781227	0.00060221873	0	1
1339.8382694476622	39697.305	23.913818	1.0651816140568933	0.00060240406	0	1
1339.8396583014314	39735.812	23.927359	1.0679220550137463	0.00060216105	0	1
1339.8410471556667	39700.246	23.921957	1.0686718112939941	0.0006025644	0	1
1339.8424360094373	39630.914	23.903639	1.0685077542595502	0.0006031564	0	1
1339.8438248632076	39685.51	23.922264	1.0716836412453823	0.0006027959	0	1
1339.8452137174422	39661.83	23.911213	1.0727458008605393	0.00060287723	0	1
1339.8466025712114	39664.3	23.91142	1.074513018603581	0.00060284487	0	1
1339.8479914249817	39616.395	23.90122	1.0749116556320706	0.0006033164	0	1
1339.849380279218	39614.555	23.898739	1.0765558463431357	0.0006032818	0	1
1339.8507691329878	39583.285	23.888725	1.077396231388271	0.00060350535	0	1
1339.8521579867565	39630.133	23.8968	1.0803605096890672	0.0006029957	0	1
1339.8535468405264	39554.5	23.878807	1.079981228105676	0.0006036938	0	1
1339.854935694762	39558.566	23.884834	1.0817712085997604	0.0006037841	0	1
1339.8563245485316	39552.477	23.883263	1.0832792058726814	0.00060383737	0	1
1339.8577134023021	39510.25	23.872183	1.0837908772297975	0.0006042023	0	1
1339.8591022560724	39473.58	23.864405	1.0844466400598554	0.00060456654	0	1
1339.8604911098414	39467.652	23.864311	1.0859399441513136	0.00060465495	0	1
1339.8618799640763	39474.754	23.860155	1.0877859941486643	0.00060444087	0	1
1339.8632688178468	39426.18	23.840956	1.0880899359908711	0.0006046986	0	1
1339.8646576716171	39489.703	23.865362	1.0914816291597467	0.00060434395	0	1
1339.866046525387	39392.723	23.841822	1.0904287102593464	0.0006052342	0	1
1339.867435379156	39385.49	23.83702	1.091848384271142	0.00060522347	0	1
1339.8688242329258	39394.17	23.844078	1.0937016243303743	0.00060526916	0	1
1339.8702130866955	39324.24	23.827444	1.0933615342292318	0.0006059226	0	1
1339.871601940465	39424.004	23.845737	1.0977255057084345	0.00060485327	0	1
1339.8729907942356	39323.324	23.82469	1.0965128313434276	0.0006058666	0	1
1339.874379648471	39312.906	23.820532	1.0977963531133386	0.00060592144	0	1
1339.8757685022401	39307.793	23.817066	1.0992175532088606	0.00060591206	0	1
1339.8771573560098	39310.223	23.817734	1.1008393315868246	0.0006058916	0	1
1339.8785462097803	39258.227	23.806171	1.100924362773916	0.00060639955	0	1
1339.8799350635509	39264.25	23.809809	1.102623564965384	0.00060639915	0	1
1339.8813239173198	39213.164	23.798672	1.1027057791389296	0.00060690515	0	1
1339.8827127710888	39282.598	23.81249	1.1061658901393416	0.0006061842	0	1
1339.8841016248593	39200.77	23.795221	1.1053538056093681	0.00060700905	0	1
1339.885490478629	39209.605	23.799208	1.1070826848475155	0.0006069739	0	1
1339.8868793323986	39201.727	23.793987	1.1083265061138092	0.0006069627	0	1
1339.8882681861685	39177.164	23.788141	1.1090838688813895	0.00060719403	0	1
1339.8896570399384	39160.5	23.783094	1.1100493334491413	0.00060732354	0	1
1339.891045893708	39163.742	23.78445	1.1115641832292242	0.0006073079	0	1
1339.8924347474776	39135.145	23.777386	1.1121596265486913	0.00060757116	0	1
1339.8938236007825	39126.77	23.773033	1.1133132352478052	0.00060758996	0	1
1339.8952124545522	39107.4	23.769865	1.1141373701173345	0.0006078099	0	1
1339.8966013083214	39103.69	23.770359	1.115390937237992	0.0006078802	0	1
1339.897990162091	39125.88	23.777023	1.1173673316526478	0.0006077058	0	1
1339.8993790158615	39072.684	23.764734	1.117173047552694	0.00060821866	0	1
1339.9007678696312	39045.426	23.755337	1.1177004435269144	0.00060840254	0	1
1339.9021567234004	39050.848	23.758944	1.1191449825077582	0.00060841045	0	1
1339.90354557717	38984.91	23.739824	1.1185244899024342	0.00060894905	0	1
1339.9049344309406	39026.473	23.750225	1.1209691276451497	0.00060856703	0	1
1339.9063232842445	38951.137	23.728655	1.1200362367737542	0.0006091903	0	1
1339.9077121380144	38969.133	23.736216	1.1217661577856772	0.000609103	0	1
1339.9091009917843	38937.305	23.727514	1.122041911349516	0.0006093774	0	1
1339.910489845554	39055.156	23.753689	1.1266022680942809	0.00060820876	0	1
1339.9118786993236	38882.61	23.719412	1.1227864336012234	0.00061002624	0	1
1339.9132675526278	38901.684	23.721338	1.1244674113544075	0.00060977665	0	1
1339.914656406398	38920.715	23.729204	1.1261272819818002	0.0006096806	0	1
1339.9160452601673	38865.76	23.71364	1.1256241713896213	0.0006101422	0	1
1339.9174341139365	38797.797	23.696213	1.12471916194092	0.0006107618	0	1
1339.918822967241	38715.61	23.66951	1.1233758130520466	0.0006113686	0	1
1339.9202118210114	38631.363	23.644718	1.1219460519252504	0.00061206013	0	1
1339.9216006747813	38554.46	23.634733	1.1207028345341412	0.000613022	0	1
1339.9229895285503	38369.36	23.578583	1.11628502587726	0.0006145159	0	1
1339.9243783818542	38279.348	23.555792	1.1146037866445626	0.00061536557	0	1
1339.9257672356248	38118.35	23.511625	1.110826298729838	0.0006168059	0	1
1339.9271560893944	38003.332	23.47513	1.1083586052896155	0.00061771245	0	1
1339.9285449426986	37796.004	23.430473	1.1031676437106366	0.00061991933	0	1
1339.9299337964685	37710.434	23.39959	1.10150000193719	0.00062050705	0	1
1339.9313226502375	37504.703	23.346842	1.0962921448662464	0.0006225044	0	1
1339.9327115035417	37370.67	23.303606	1.0931486700836661	0.00062358007	0	1
1339.934100357312	37133.465	23.241625	1.0869551633043846	0.00062589435	0	1
1339.9354892110823	36945.418	23.188196	1.0821676946978651	0.0006276339	0	1
1339.9368780643865	36762.76	23.137503	1.0775063801603215	0.00062937336	0	1
1339.9382669181555	36521.53	23.072113	1.0710957050646608	0.00063174	0	1
1339.9396557714597	36382.71	23.028831	1.0676568701973796	0.0006329609	0	1
1339.94104462523	36083.695	22.950493	1.059484693882454	0.000636035	0	1
1339.9424334789999	35864.492	22.882235	1.05362247960804	0.0006380192	0	1
1339.943822332304	35682.445	22.835358	1.0488205127412185	0.0006399606	0	1
1339.9452111860737	35458.04	22.770555	1.0427423131679279	0.0006421832	0	1
1339.9466000393777	35173.48	22.686295	1.0348628198382548	0.0006449829	0	1
1339.9479888931476	34993.38	22.630878	1.0300252152029679	0.0006467189	0	1
1339.9493777464518	34681.492	22.548622	1.0212771540356098	0.000650163	0	1
1339.950766600222	34471.453	22.489744	1.0154968359471317	0.0006524165	0	1
1339.9521554535254	34121.94	22.393723	1.0055764330563088	0.00065628515	0	1
1339.9535443072946	33888.914	22.314528	0.9990576762785508	0.00065846095	0	1
1339.9549331605995	33651.246	22.254969	0.9923725826908628	0.0006613416	0	1
1339.9563220143698	33395.535	22.174889	0.985126079703817	0.00066400756	0	1
1339.957710867674	33085.035	22.090277	0.9762338943376629	0.0006676818	0	1
1339.959099721443	32815.85	22.005331	0.9685317685708981	0.0006705702	0	1
1339.9604885747472	32549.611	21.930086	0.9608883289385545	0.00067374343	0	1
1339.9618774285175	32265.865	21.849045	0.9527003617480726	0.0006771566	0	1
1339.9632662818217	31973.412	21.75588	0.9442279781072568	0.0006804366	0	1
1339.9646551355913	31682.014	21.675976	0.9357599718430301	0.0006841729	0	1
1339.9660439888953	31431.47	21.595707	0.9284726681548361	0.00068707275	0	1
1339.9674328426645	31154.232	21.511557	0.9203714240982436	0.0006904859	0	1
1339.9688216959685	30826.018	21.41806	0.9107392366501751	0.00069480465	0	1
1339.9702105492734	30557.744	21.33855	0.9028536769004026	0.0006983025	0	1
1339.9715994030437	30283.273	21.250044	0.89476142363836	0.00070170895	0	1
1339.972988256347	29951.428	21.14822	0.8849509812546195	0.0007060839	0	1
1339.9743771101162	29720.617	21.081932	0.8781034125942581	0.00070933695	0	1
1339.975765963421	29405.219	20.982012	0.8687350060437778	0.0007135472	0	1
1339.9771548167257	29147.92	20.905386	0.861062079460974	0.0007172171	0	1
1339.9785436704956	28888.143	20.824278	0.853295469933291	0.00072085904	0	1
1339.9799325237989	28624.312	20.74223	0.8453893364421726	0.0007246368	0	1
1339.981321377103	28361.932	20.657055	0.8375068393322733	0.0007283374	0	1
1339.9827102308727	28076.943	20.574541	0.8289383610238662	0.0007327913	0	1
1339.9840990841767	27881.47	20.507917	0.8229945792303714	0.0007355393	0	1
1339.9854879374816	27688.594	20.44519	0.8171092732846754	0.0007383976	0	1
1339.9868767912512	27370.584	20.351767	0.8075145223140899	0.00074356346	0	1
1339.9882656445548	27186.285	20.285885	0.801848489536854	0.0007461808	0	1
1339.9896544978587	26933.54	20.214878	0.7941475750301675	0.0007505467	0	1
1339.9910433511636	26765.393	20.156525	0.7889254558361595	0.0007530816	0	1
1339.9924322049342	26566.209	20.094637	0.782772866237061	0.00075639837	0	1
1339.9938210582375	26405.422	20.03458	0.7777364119828485	0.0007587298	0	1
1339.9952099115408	26249.387	19.995562	0.7728247057633887	0.0007617535	0	1
1339.9965987648457	26113.203	19.948355	0.7684824006775283	0.00076391833	0	1
1339.9979876186153	26020.389	19.915344	0.7652917305245175	0.00076537457	0	1
1339.9993764719195	25847.256	19.8618	0.7597440391561753	0.0007684297	0	1
1340.0007653252237	25818.574	19.855026	0.758446391430994	0.000769021	0	1
1340.0021541785277	25720.518	19.822645	0.7551135575410008	0.0007706939	0	1
1340.0035430318317	25693.96	19.810997	0.7538825822651486	0.00077103707	0	1
1340.0049318856013	25688.848	19.806374	0.7532818690601547	0.0007710106	0	1
1340.0063207389062	25704.658	19.81722	0.7532950630623589	0.0007709583	0	1
1340.007709592211	25721.979	19.824911	0.7533524597405019	0.0007707382	0	1
1340.0090984455144	25730.826	19.830553	0.7531617865026483	0.0007706924	0	1
1340.0104872988177	25807.305	19.85843	0.7549497690314381	0.00076948875	0	1
1340.0118761521226	25886.041	19.882456	0.7568016289028813	0.00076807634	0	1
1340.0132650058922	26009.959	19.920517	0.7599714207300894	0.0007658804	0	1
1340.0146538591964	26153.951	19.969421	0.76372362670516	0.00076353364	0	1
1340.0160427125006	26298.697	20.012686	0.7673701074449081	0.00076097634	0	1
1340.0174315658046	26423.521	20.055002	0.7704132094981441	0.00075898296	0	1
1340.0188204191086	26617.969	20.119844	0.7754630026453655	0.0007558745	0	1
1340.0202092724128	26805.008	20.184977	0.78027218968335	0.00075303006	0	1
1340.0215981257174	27008.91	20.244246	0.785547137326849	0.0007495395	0	1
1340.0229869790217	27169.021	20.300278	0.7895239010259996	0.00074718473	0	1
1340.024375832325	27446.686	20.387583	0.7968902172718956	0.0007428067	0	1
1340.0257646856292	27679.105	20.46989	0.8029144438408883	0.00073954306	0	1
1340.0271535393995	27920.777	20.541468	0.8091793739671476	0.0007357054	0	1
1340.0285423927044	28166.598	20.619595	0.8155363767498045	0.0007320584	0	1
1340.029931246008	28425.953	20.698141	0.8222565196989127	0.0007281424	0	1
1340.0313200993112	28681.84	20.78635	0.8288471738117447	0.00072472164	0	1
1340.0327089526158	28931.445	20.864681	0.8352273353249022	0.0007211766	0	1
1340.03409780592	29177.812	20.938812	0.8414852259156418	0.0007176279	0	1
1340.0354866592243	29466.4	21.031534	0.8489307483404028	0.0007137463	0	1
1340.0368755125282	29782.496	21.130556	0.8571365889527911	0.0007094958	0	1
1340.0382643658322	30051.295	21.2078	0.8639495489077073	0.00070572	0	1
1340.0396532191362	30367.354	21.312275	0.8720894139239862	0.00070181536	0	1
1340.0410420724404	30598.21	21.384579	0.877751843221553	0.0006988833	0	1
1340.0424309257453	30950.092	21.478605	0.8868541756480153	0.0006939755	0	1
1340.0438197790495	31180.295	21.55696	0.8924381071798105	0.0006913648	0	1
1340.0452086323526	31465.646	21.639475	0.8995708280672589	0.00068771746	0	1
1340.0465974856568	31764.018	21.738377	0.9070438837795568	0.0006843711	0	1
1340.0479863384958	31998.754	21.80874	0.9126696434150448	0.00068154966	0	1
1340.0493751918	32332.355	21.904827	0.9210839251113133	0.0006774894	0	1
1340.0507640451033	32589.402	21.981041	0.9272853043789653	0.0006744843	0	1
1340.0521528984075	32868.82	22.068638	0.9340931330553462	0.0006714156	0	1
1340.0535417517121	33131.99	22.145733	0.9404089546009394	0.0006684094	0	1
1340.0549306050164	33430.316	22.235388	0.9476919869257261	0.0006651264	0	1
1340.0563194583206	33701.414	22.31507	0.954172153205973	0.00066214043	0	1
1340.0577083116245	33971.137	22.39062	0.9605836124477384	0.0006591072	0	1
1340.0590971649285	34208.992	22.465055	0.9660655629538505	0.0006567003	0	1
1340.0604860182327	34499.22	22.544493	0.9729974847228744	0.0006534784	0	1
1340.061874871537	34781.887	22.626883	0.9796857705271379	0.0006505364	0	1
1340.063263724376	34957.78	22.685642	0.9833405878152813	0.000648944	0	1
1340.0646525776792	35201.8	22.748804	0.9888873571411911	0.0006462398	0	1
1340.0660414309828	35464.297	22.826773	0.9949258150501656	0.000643655	0	1
1340.0674302842876	35676.504	22.884916	0.9995275426040621	0.0006414562	0	1
1340.0688191375923	35945.457	22.967234	1.0056931968375815	0.0006389468	0	1
1340.0702079908965	36181.27	23.0302	1.0109051104293068	0.0006365227	0	1
1340.0715968437341	36389.082	23.090822	1.0153108076144617	0.00063455355	0	1
1340.0729856970383	36613.535	23.15588	1.0201576462195652	0.00063244044	0	1
1340.074374550343	36773.83	23.20058	1.0231958048857346	0.0006308993	0	1
1340.0757634036472	37056.04	23.274328	1.0296032955523393	0.00062808464	0	1
1340.0771522569512	37162.71	23.311333	1.0311129492555258	0.00062727754	0	1
1340.0785411097895	37396.64	23.3768	1.0361352420530694	0.0006251043	0	1
1340.079929963093	37546.203	23.422419	1.0388004443339407	0.0006238292	0	1
1340.081318816397	37723.88	23.464111	1.0422264876022318	0.00062199624	0	1
1340.082707669702	37900.953	23.5176	1.0456182279345467	0.0006205015	0	1
1340.084096522541	38078.46	23.569912	1.0490046372061486	0.00061898277	0	1
1340.085485375845	38159.586	23.59491	1.0497227526047839	0.00061832194	0	1
1340.0868742291484	38324.184	23.64073	1.0527249204003415	0.0006168619	0	1
1340.0882630824526	38402.133	23.659513	1.0533353076490075	0.0006160989	0	1
1340.0896519352916	38539.92	23.701054	1.0555768873168643	0.0006149741	0	1
1340.0910407885958	38694.805	23.737263	1.0582738344040832	0.0006134483	0	1
1340.0924296418998	38760.137	23.759401	1.058512128920354	0.00061298546	0	1
1340.0938184952038	38811.344	23.774673	1.058359735184497	0.0006125702	0	1
1340.0952073480423	38891.746	23.794584	1.0589983532894884	0.0006118158	0	1
1340.0965962013465	38933.395	23.80737	1.0585774024781522	0.0006114897	0	1
1340.0979850546505	38971.344	23.819212	1.0580536633649023	0.00061119813	0	1
1340.0993739074897	38944.51	23.815468	1.0557720836444031	0.0006115231	0	1
1340.100762760793	38958.54	23.817703	1.0546004909114688	0.0006113603	0	1
1340.1021516140963	38976.78	23.819353	1.0535439086742815	0.00061111647	0	1
1340.1035404669356	38973.617	23.818851	1.0519107189655852	0.0006111532	0	1
1340.1049293202404	38981.02	23.823278	1.050565554459803	0.00061115075	0	1
1340.1063181735444	38969.87	23.819471	1.0487239796827856	0.0006112279	0	1
1340.1077070263823	39030.24	23.84024	1.048808821592431	0.0006108146	0	1
1340.1090958796863	39008.47	23.835482	1.0466891679182455	0.0006110335	0	1
1340.1104847325255	39066.61	23.844828	1.0467168331666232	0.0006103634	0	1
1340.1118735858295	39064.883	23.8526	1.0451432072270688	0.00061058934	0	1
1340.1132624391335	39065.895	23.852495	1.0436481973368879	0.00061057083	0	1
1340.114651291972	39063.082	23.850779	1.042056793547877	0.00061057083	0	1
1340.1160401452753	39112.203	23.861546	1.0418550607942916	0.0006100793	0	1
1340.1174289981138	39123.17	23.869345	1.0406411597556917	0.0006101076	0	1
1340.1188178514185	39128.887	23.871695	1.039293668639713	0.00061007857	0	1
1340.1202067047234	39204.812	23.885555	1.0398150772784043	0.00060925056	0	1
1340.1215955575612	39164.72	23.88097	1.0372654911207995	0.0006097572	0	1
1340.1229844108643	39190.656	23.88137	1.0364731266179383	0.0006093639	0	1
1340.1243732637035	39200.453	23.889442	1.0352607561112228	0.0006094175	0	1
1340.1257621170084	39206.984	23.89425	1.0339700814316153	0.00060943863	0	1
1340.1271509698468	39163.55	23.881947	1.0313719837137052	0.00060980034	0	1
1340.1285398231503	39221.06	23.898518	1.0314408743587495	0.00060932874	0	1
1340.1299286759886	39250.34	23.905336	1.0307738121146641	0.0006090479	0	1
1340.1313175292926	39273.906	23.910013	1.029964612154869	0.0006088015	0	1
1340.1327063821311	39288.508	23.91987	1.0289291187687506	0.0006088261	0	1
1340.1340952354358	39283.22	23.91411	1.027382880959599	0.0006087615	0	1
1340.13548408874	39284.895	23.915028	1.026029742660636	0.0006087589	0	1
1340.1368729415776	39351.613	23.93648	1.0263840818575716	0.00060827186	0	1
1340.1382617944162	39323.387	23.930092	1.024272091788562	0.0006085461	0	1
1340.1396506477208	39415.4	23.949884	1.025301515212627	0.0006076276	0	1
1340.14103950056	39368.28	23.942461	1.0227222875722548	0.0006081663	0	1
1340.1424283538636	39419.1	23.955042	1.0226995124977687	0.00060770137	0	1
1340.1438172067012	39410.816	23.952745	1.021154446723384	0.00060777087	0	1
1340.1452060600059	39416.098	23.958735	1.0199738783770487	0.00060784136	0	1
1340.1465949128444	39453.332	23.962456	1.0196319116504482	0.000607362	0	1
1340.1479837661486	39460.965	23.96605	1.018536875671259	0.0006073356	0	1
1340.149372618987	39462.16	23.966381	1.0172890933124399	0.00060732564	0	1
1340.150761472291	39476.09	23.970407	1.0163830639028066	0.0006072133	0	1
1340.1521503251295	39473.617	23.974253	1.015068579250687	0.00060734875	0	1
1340.153539177968	39504.38	23.986963	1.0146223045431078	0.0006071976	0	1
1340.1549280312727	39524.027	23.986567	1.0139037529429242	0.0006068857	0	1
1340.1563168841112	39547.49	23.99293	1.0132966530179062	0.0006066866	0	1
1340.1577057374143	39508.68	23.981838	1.011109740968535	0.00060700177	0	1
1340.1590945902528	39612.527	24.011133	1.0125872173541082	0.00060615	0	1
1340.1604834435575	39578.324	23.999979	1.0105494179764711	0.000606392	0	1
1340.1618722963967	39587.375	24.007668	1.0096326789077286	0.0006064476	0	1
1340.163261149235	39590.28	24.010765	1.0085750278149332	0.0006064813	0	1
1340.1646500025386	39652.113	24.025984	1.009033064476397	0.0006059194	0	1
1340.1660388553769	39610.633	24.01732	1.0068781005073766	0.0006063352	0	1
1340.1674277082154	39675.207	24.027126	1.007435156573695	0.0006055955	0	1
1340.1688165615196	39705.184	24.038303	1.0071281547691326	0.0006054198	0	1
1340.1702054143586	39709.176	24.041718	1.006178375849174	0.0006054449	0	1
1340.1715942671972	39672.652	24.034279	1.0042202591883065	0.0006058148	0	1
1340.1729831205005	39749.184	24.050718	1.005140454966871	0.00060506194	0	1
1340.174371973339	39715.1	24.045542	1.0032802913448962	0.0006054508	0	1
1340.175760826178	39744.168	24.055681	1.0030335148727876	0.00060526317	0	1
1340.1771496794827	39785.836	24.066545	1.0031212293811262	0.00060490234	0	1
1340.1785385323205	39793.164	24.067812	1.0023603341821188	0.00060482277	0	1
1340.1799273851584	39739.3	24.05972	1.0000777142980608	0.0006054389	0	1
1340.181316238463	39759.215	24.067266	0.9996712762988315	0.0006053255	0	1
1340.1827050913016	39817.035	24.08046	1.0002350516823015	0.00060477783	0	1
1340.18409394414	39855.992	24.090302	1.0003418889112536	0.0006044336	0	1
1340.185482797444	39791.01	24.07445	0.9978597889488783	0.0006050223	0	1
1340.1868716502825	39903.61	24.106403	0.9998493092779259	0.00060411583	0	1
1340.188260503121	39878.008	24.099531	0.998393764514418	0.0006043314	0	1
1340.1896493559593	39883.47	24.099672	0.9977360250393794	0.00060425216	0	1
1340.1910382092642	39871.566	24.09768	0.9966638932176521	0.00060438254	0	1
1340.1924270621025	39901.15	24.108944	0.9966483958802144	0.00060421677	0	1
1340.1938159149404	39868.184	24.097645	0.9950907884980775	0.00060443295	0	1
1340.1952047677787	39942.586	24.120691	0.9962325396663883	0.00060388405	0	1
1340.1965936210836	39866.438	24.101995	0.9936397206973397	0.0006045686	0	1
1340.197982473922	39933.742	24.115633	0.9946430508170079	0.00060389115	0	1
1340.1993713267595	39955.383	24.129122	0.9945281808983398	0.00060390163	0	1
1340.200760179598	39959.652	24.126577	0.994001296339714	0.00060377346	0	1
1340.2021490329028	39926.93	24.125767	0.9925755683058326	0.00060424797	0	1
1340.2035378857413	39993.14	24.134836	0.993629834982677	0.0006034744	0	1
1340.2049267385796	40000.86	24.139977	0.993250920126093	0.00060348643	0	1
1340.206315591418	39969.62	24.132544	0.9919262490839038	0.0006037721	0	1
1340.2077044442565	40019.97	24.13873	0.9926474034909183	0.0006031671	0	1
1340.209093297095	40017.703	24.143436	0.9920843810971368	0.0006033189	0	1
1340.210482150399	40082.84	24.163107	0.9932131415471325	0.0006028292	0	1
1340.2118710032382	40001.496	24.141195	0.9907341049362629	0.00060350733	0	1
1340.2132598560765	40035.59	24.149714	0.9911364610466579	0.00060320616	0	1
1340.2146487089144	40121.184	24.16959	0.9928343381944786	0.00060241466	0	1
1340.2160375617527	40072.25	24.158855	0.9912247774356653	0.0006028824	0	1
1340.217426414592	40067.867	24.157658	0.9907397760170448	0.0006029185	0	1
1340.218815267896	40065.47	24.162472	0.9903260043224357	0.00060307473	0	1
1340.2202041207338	40043.67	24.156298	0.9894551236102166	0.00060324883	0	1
1340.2215929735721	40125.117	24.17501	0.9911570784318281	0.00060249073	0	1
1340.2229818264113	40105.56	24.17434	0.9903859248998219	0.0006027678	0	1
1340.2243706792497	40102.344	24.169897	0.9900409334589304	0.00060270535	0	1
1340.225759532088	40051.97	24.15951	0.9885544456420126	0.00060320407	0	1
1340.2271483849265	40093.723	24.16966	0.9893644310006705	0.00060282904	0	1
1340.2285372382307	40088.812	24.163832	0.9890452849025212	0.0006027575	0	1
1340.229926091069	40145.188	24.178137	0.9902605245594716	0.0006022674	0	1
1340.2313149439074	40090.31	24.173502	0.988754130808387	0.0006029762	0	1
1340.2327037967466	40178.207	24.187115	0.9907917209864724	0.00060199585	0	1
1340.234092649585	40123.27	24.18674	0.9893296607160875	0.0006028108	0	1
1340.2354815024228	40110.438	24.18087	0.9889288010007435	0.0006028573	0	1
1340.236870355261	40161.184	24.184608	0.9901182704430188	0.00060218864	0	1
1340.2382592081003	40117.51	24.17976	0.9890028758496496	0.00060272333	0	1
1340.2396480609386	40100.043	24.179976	0.9885564294538891	0.00060299126	0	1
1340.241036913777	40163.78	24.191418	0.9901348792562992	0.00060231925	0	1
1340.2424257666155	40110.168	24.179924	0.9888433027299826	0.00060283777	0	1
1340.243814619454	40158.316	24.195662	0.9900834960311002	0.00060250686	0	1
1340.2452034722924	40125.223	24.18666	0.989343747667417	0.0006027795	0	1
1340.2465923251307	40131.086	24.187395	0.9895875325474532	0.0006027097	0	1
1340.24798117797	40142.676	24.192745	0.9899956360912665	0.00060266897	0	1
1340.2493700312734	40138.61	24.190365	0.9900407225236033	0.0006026707	0	1
1340.250758884111	40130.31	24.188694	0.9900043968409997	0.0006027538	0	1
1340.25214773695	40139.383	24.19437	0.9904197966859665	0.0006027589	0	1
1340.2535365897893	40195.484	24.211794	0.9920190034565507	0.0006023511	0	1
1340.2549254426276	40172.715	24.195196	0.9916949647823234	0.0006022793	0	1
1340.2563142954655	40198.137	24.208157	0.9925836980382837	0.0006022209	0	1
1340.2577031483038	40147.957	24.19459	0.9916285718467427	0.0006026356	0	1
1340.259092001143	40093.63	24.185966	0.99059327660777	0.00060323713	0	1
1340.2604808539813	40148.504	24.197712	0.9922791176595515	0.0006027052	0	1
1340.2618697068199	40166.258	24.198633	0.993071142454603	0.00060246175	0	1
1340.2632585596584	40182.527	24.199774	0.9938497974379615	0.0006022462	0	1
1340.264647412031	40117.785	24.18505	0.9926472733635352	0.00060285104	0	1
1340.2660362648694	40113.082	24.189344	0.9929525632014533	0.0006030288	0	1
1340.267425117708	40143.387	24.197882	0.9941476238240928	0.00060278625	0	1
1340.268813970547	40149.184	24.203123	0.9947590431294292	0.0006028298	0	1
1340.2702028233848	40112.223	24.19375	0.9943335404436178	0.00060315157	0	1
1340.2715916762227	40195.773	24.209545	0.9969299053624194	0.0006022908	0	1
1340.2729805290617	40075.293	24.183743	0.994465985803575	0.0006034577	0	1
1340.2743693819007	40080.418	24.188759	0.995151215861476	0.00060350564	0	1
1340.2757582347392	40163.98	24.2028	0.997807868001074	0.00060259964	0	1
1340.2771470875769	40064.62	24.182165	0.9959424598133909	0.00060357904	0	1
1340.2785359404152	40123.58	24.190573	0.9980344703797358	0.0006029017	0	1
1340.2799247932544	40098.746	24.1885	0.99806529949963	0.00060322334	0	1
1340.2813136460927	40106.13	24.193869	0.9989200724581468	0.00060324615	0	1
1340.2827024989313	40047.918	24.177376	0.9981625453763273	0.0006037112	0	1
1340.2840913517698	40109.652	24.19179	1.000416868164259	0.0006031413	0	1
1340.2854802041418	40106.33	24.191313	1.0010717042182875	0.00060317945	0	1
1340.2868690569803	40036.35	24.176107	1.0000835639280752	0.0006038539	0	1
1340.2882579098193	40032.97	24.174768	1.0007794592910049	0.0006038715	0	1
1340.2896467626583	40008.082	24.171759	1.0009590790001062	0.0006041719	0	1
1340.2910356154962	40106.176	24.189535	1.0042388110131013	0.0006031374	0	1
1340.292424468334	40048.8	24.179594	1.0036481955870873	0.00060375326	0	1
1340.293813321173	40025.09	24.172565	1.0039210675409116	0.00060393533	0	1
1340.295202174012	40117.44	24.194338	1.0071379242060081	0.00060308777	0	1
1340.296591026385	39971.688	24.159746	1.0043776133100597	0.0006044215	0	1
1340.2979798792226	39916.414	24.148333	1.0039173015846563	0.0006049725	0	1
1340.299368732061	39964.95	24.154686	1.0060887331129147	0.00060439674	0	1
1340.3007575848997	39914.46	24.148005	1.005788184396416	0.0006049939	0	1
1340.302146437738	39985.19	24.16044	1.0085634845729259	0.0006042347	0	1
1340.3035352905772	39954.504	24.155449	1.0088023331871758	0.00060457387	0	1
1340.3049241434155	39935.14	24.151451	1.00934634690523	0.0006047669	0	1
1340.3063129957877	39955.367	24.15996	1.010911377094859	0.0006046737	0	1
1340.307701848626	39879.082	24.136272	1.0100532701180793	0.0006052364	0	1
1340.3090907014653	39879.887	24.136463	1.0111656876694992	0.000605229	0	1
1340.3104795543043	39912.016	24.145884	1.0130931261332774	0.00060497783	0	1
1340.3118684071428	39893.797	24.141125	1.0137626790139282	0.0006051348	0	1
1340.3132572595148	39840.195	24.132391	1.0135505732519503	0.00060572976	0	1
1340.3146461123533	39856.215	24.1279	1.015127913938239	0.0006053736	0	1
1340.3160349651923	39852.074	24.131369	1.0162112870962203	0.0006055235	0	1
1340.3174238180309	39852.523	24.127785	1.0174305597016695	0.0006054268	0	1
1340.3188126708692	39845.05	24.13403	1.0184661484746107	0.00060569705	0	1
1340.3202015232418	39789.72	24.117332	1.0182950350976843	0.0006061197	0	1
1340.3215903760797	39743.28	24.107695	1.0183666936686797	0.0006065854	0	1
1340.322979228918	39759.47	24.110361	1.020060193022046	0.0006064055	0	1
1340.3243680817573	39750.11	24.113007	1.0211163877401561	0.00060661486	0	1
1340.3257569341306	39747.316	24.108047	1.0223585440530851	0.00060653273	0	1
1340.3271457869682	39745.59	24.110575	1.0236454305353926	0.00060662266	0	1
1340.328534639806	39783.496	24.114202	1.0259715021875462	0.0006061358	0	1
1340.3299234926453	39709.324	24.098408	1.025422935806968	0.0006068703	0	1
1340.3313123450187	39694.652	24.09267	1.0264245077983993	0.00060695	0	1
1340.3327011978572	39675.453	24.091734	1.0273242835788354	0.0006072201	0	1
1340.3340900506948	39653.895	24.082657	1.0281777158729404	0.00060732133	0	1
1340.3354789035334	39583.73	24.068071	1.0277834919247764	0.00060802937	0	1
1340.336867755906	39638.785	24.078745	1.0306556447756918	0.00060745416	0	1
1340.3382566087444	39622.04	24.075108	1.0316776449962628	0.0006076191	0	1
1340.3396454615836	39635.63	24.075851	1.0335044958217328	0.00060742954	0	1
1340.3410343139562	39578.43	24.064402	1.033498659858111	0.0006080181	0	1
1340.342423166794	39569.613	24.057312	1.0347682205433968	0.0006079744	0	1
1340.3438120196324	39563.285	24.059357	1.0361164416139976	0.0006081233	0	1
1340.3452008724717	39536.156	24.054878	1.036932479715171	0.00060842733	0	1
1340.3465897248452	39468.36	24.034615	1.0366917412354173	0.00060895906	0	1
1340.3479785776829	39474.145	24.037247	1.0383945085558381	0.0006089365	0	1
1340.3493674305205	39562.453	24.058628	1.0422923467415899	0.0006081177	0	1
1340.350756282894	39373.816	24.015566	1.0388946803690284	0.0006099375	0	1
1340.3521451357324	39488.76	24.041891	1.043508997738243	0.0006088287	0	1
1340.353533988571	39452.676	24.032295	1.0441547332349523	0.00060914236	0	1
1340.3549228409438	39453.54	24.033176	1.04578840296014	0.0006091513	0	1
1340.3563116937821	39356.547	24.006052	1.0448353831226735	0.0006099634	0	1
1340.3577005466204	39397.598	24.018024	1.0475555351012575	0.0006096317	0	1
1340.359089398993	39352.45	24.006891	1.0479938633809378	0.0006100482	0	1
1340.3604782518323	39338.34	24.003513	1.0492662628163143	0.00061018113	0	1
1340.361867104205	39381.914	24.015287	1.0520880407443371	0.000609805	0	1
1340.3632559570428	39311.906	23.995037	1.0518835040353547	0.00061037584	0	1
1340.3646448098812	39260.27	23.986822	1.0521741024923048	0.0006109694	0	1
1340.3660336622547	39334.863	23.999187	1.055856983104561	0.0006101251	0	1
1340.367422515094	39315.47	23.997799	1.0570272297689	0.00061039074	0	1
1340.3688113679316	39284.133	23.983782	1.057881718097991	0.00061052083	0	1
1340.3702002203036	39221.18	23.974833	1.0578877480520352	0.0006112726	0	1
1340.3715890731428	39249.504	23.975555	1.060360841960984	0.0006108499	0	1
1340.3729779255154	39213.61	23.97089	1.0611048268358494	0.00061129004	0	1
1340.374366778354	39222.434	23.973059	1.0630633989124523	0.00061120786	0	1
1340.3757556311925	39159.992	23.957575	1.0630933059283456	0.000611787	0	1
1340.3771444835652	39147.52	23.950779	1.0644812047424264	0.0006118083	0	1
1340.3785333364035	39133.793	23.944477	1.0658381436952518	0.0006118619	0	1
1340.3799221887764	39089.035	23.9411	1.0663511452133627	0.0006124761	0	1
1340.3813110416154	39134.76	23.948772	1.0693359372095184	0.0006119565	0	1
1340.3826998944546	39073.418	23.932016	1.0693972306276913	0.0006124884	0	1
1340.3840887468268	39027.0	23.917137	1.0698645670374036	0.00061283563	0	1
1340.3854775996645	39089.17	23.935505	1.0733112607798152	0.0006123308	0	1
1340.3868664520378	39017.87	23.919994	1.073093973826397	0.0006130523	0	1
1340.3882553048763	39044.883	23.920248	1.0755793716154778	0.00061263464	0	1
1340.3896441572492	38941.69	23.897781	1.0744719854527616	0.00061368116	0	1
1340.3910330100875	39050.766	23.922565	1.079227294814491	0.0006126017	0	1
1340.3924218624602	39012.08	23.912714	1.079898422813675	0.0006129567	0	1
1340.3938107152985	39036.76	23.92173	1.0823218007130906	0.00061280007	0	1
1340.395199568137	38965.133	23.90701	1.0820709046774288	0.0006135488	0	1
1340.3965884205106	38901.477	23.887962	1.0820329939471176	0.0006140631	0	1
1340.3979772733492	38972.32	23.904924	1.0857335314601695	0.00061338214	0	1
1340.399366125721	38869.332	23.888716	1.0845863410567058	0.00061459036	0	1
1340.4007549785595	38863.043	23.879702	1.0861284891915917	0.0006144578	0	1
1340.4021438309328	38890.18	23.887367	1.0886011026428077	0.0006142262	0	1
1340.4035326837713	38860.316	23.883005	1.0894728799475266	0.000614586	0	1
1340.4049215361433	38893.586	23.888817	1.0921090040456947	0.0006142097	0	1
1340.4063103889819	38818.184	23.86873	1.0916855062226614	0.0006148853	0	1
1340.4076992413552	38810.56	23.864153	1.0931575765749126	0.00061488815	0	1
1340.4090880941937	38824.773	23.862223	1.095237585780598	0.0006146133	0	1
1340.4104769465666	38685.707	23.836147	1.0929801077581525	0.0006161487	0	1
1340.411865799405	38670.664	23.827421	1.0942113643114189	0.0006161627	0	1
1340.4132546517776	38561.83	23.800985	1.0927741757534073	0.0006172162	0	1
1340.4146435046162	38447.03	23.759659	1.0911487725498257	0.0006179842	0	1
1340.416032356989	38331.05	23.736853	1.0894696794595493	0.00061925914	0	1
1340.417421209828	38136.188	23.6839	1.085524589151025	0.0006210348	0	1
1340.418810062201	38069.93	23.662836	1.085217835265699	0.00062156236	0	1
1340.420198914573	37945.176	23.625257	1.083223689998377	0.00062261557	0	1
1340.4215877674114	37753.387	23.579882	1.0792903479216016	0.0006245766	0	1
1340.4229766197848	37569.39	23.527044	1.0755514132871653	0.00062622904	0	1
1340.4243654726233	37394.94	23.47859	1.0720577259994097	0.0006278547	0	1
1340.4257543249953	37244.67	23.42831	1.069230128220488	0.0006290379	0	1
1340.4271431778338	37013.914	23.374605	1.0640621426802148	0.0006315086	0	1
1340.4285320302072	36820.082	23.323956	1.0599239170795314	0.00063345744	0	1
1340.4299208830457	36619.688	23.25974	1.0555658832038861	0.0006351704	0	1
1340.4313097354184	36442.58	23.221153	1.051848472657832	0.00063719845	0	1
1340.432698587791	36197.39	23.151258	1.0461335491982882	0.0006395836	0	1
1340.4340874406296	35985.61	23.091652	1.0413499634867043	0.00064169127	0	1
1340.4354762930025	35771.97	23.02903	1.0364793821190794	0.00064377306	0	1
1340.4368651458408	35507.402	22.955359	1.0300979170730897	0.000646495	0	1
1340.4382539982141	35302.992	22.892746	1.0254264458362967	0.0006484648	0	1
1340.4396428510518	35037.14	22.820316	1.0189349415919948	0.0006513179	0	1
1340.441031703424	34766.695	22.741604	1.0122720203941666	0.0006541204	0	1
1340.4424205557975	34551.19	22.677307	1.0071725980330222	0.00065633934	0	1
1340.4438094086365	34211.418	22.584963	0.9984121202103552	0.00066015864	0	1
1340.4451982610094	33982.16	22.518173	0.9928378032455805	0.0006626469	0	1
1340.446587113847	33702.387	22.440077	0.9857505049851973	0.0006658305	0	1
1340.44797596622	33429.28	22.355614	0.9788197242539955	0.00066874345	0	1
1340.4493648185933	33161.062	22.281689	0.97199392401126	0.0006719232	0	1
1340.4507536714318	32844.613	22.187181	0.96371506571776	0.00067551964	0	1
1340.4521425238045	32530.486	22.102692	0.9554637284246065	0.00067944545	0	1
1340.4535313761771	32335.293	22.03755	0.9506687200559837	0.00068153243	0	1
1340.4549202290157	31960.928	21.92837	0.940567511579307	0.0006860993	0	1
1340.4563090813886	31712.082	21.85871	0.9341203181592811	0.0006892865	0	1
1340.4576979337612	31356.924	21.758774	0.924502508999364	0.0006939065	0	1
1340.4590867866004	31097.715	21.677109	0.9176744916732609	0.0006970644	0	1
1340.460475638973	30780.479	21.580244	0.9090963134395886	0.0007011017	0	1
1340.461864491811	30542.324	21.503796	0.9028167689687888	0.0007040655	0	1
1340.4632533441836	30201.81	21.402931	0.8934742286958598	0.00070866384	0	1
1340.4646421965572	29903.611	21.309464	0.885345082523834	0.000712605	0	1
1340.4660310493955	29590.65	21.223751	0.8767415197151757	0.00071724516	0	1
1340.4674199017682	29340.336	21.135355	0.8699581643721614	0.0007203515	0	1
1340.468808754141	29109.693	21.071697	0.8637242455117491	0.00072387216	0	1
1340.470197606514	28723.346	20.951782	0.8528340760903445	0.0007294339	0	1
1340.4715864593522	28481.953	20.873777	0.8462117481680428	0.0007328773	0	1
1340.472975311725	28142.83	20.772778	0.8366511686764636	0.0007381197	0	1
1340.4743641640985	27874.332	20.683971	0.829155502534509	0.00074204366	0	1
1340.4757530169363	27639.078	20.611237	0.8226163222833157	0.0007457281	0	1
1340.477141869308	27360.03	20.522722	0.8147415405954218	0.00075009867	0	1
1340.4785307216816	27095.793	20.43969	0.8072757053938671	0.0007543492	0	1
1340.4799195745209	26895.773	20.374533	0.8016925707479622	0.0007575366	0	1
1340.4813084268935	26621.344	20.287691	0.7938612369806248	0.0007620837	0	1
1340.4826972792657	26405.447	20.220331	0.7877453824882223	0.00076576363	0	1
1340.4840861316384	26200.06	20.153513	0.7819143440160008	0.0007692163	0	1
1340.4854749844776	26020.951	20.095404	0.7768396021334525	0.0007722778	0	1
1340.4868638368503	25816.521	20.03163	0.7709814069726005	0.00077592285	0	1
1340.488252689223	25651.621	19.972202	0.7662766757348853	0.00077859417	0	1
1340.4896415420615	25491.863	19.929956	0.7616992733434451	0.0007818164	0	1
1340.4910303944343	25362.074	19.886251	0.7579916198487143	0.00078409404	0	1
1340.492419246807	25266.701	19.859064	0.7551566103281138	0.0007859777	0	1
1340.4938080991797	25163.26	19.821424	0.7520803378792513	0.0007877129	0	1
1340.495196952019	25084.457	19.799059	0.7497403565070294	0.0007892959	0	1
1340.496585804391	25082.387	19.79438	0.7496937543864621	0.0007891745	0	1
1340.497974656763	25026.814	19.778502	0.7480479844689151	0.0007902924	0	1
1340.4993635091364	25063.236	19.791584	0.7491518955089409	0.00078966597	0	1
1340.5007523619756	25070.186	19.78673	0.7493748820680631	0.00078925345	0	1
1340.5021412143483	25075.742	19.8019	0.7495562512004578	0.00078968355	0	1
1340.5035300667205	25224.643	19.847507	0.7540225016392209	0.0007868301	0	1
1340.5049189190931	25275.043	19.862041	0.7555444828857233	0.00078583614	0	1
1340.5063077719324	25434.95	19.908924	0.7603400412475828	0.0007827389	0	1
1340.507696624305	25532.916	19.945398	0.7632841693597542	0.00078116416	0	1
1340.509085476678	25656.953	19.99012	0.7668500358663655	0.0007791307	0	1
1340.5104743290508	25812.895	20.04527	0.7713435712878257	0.0007765604	0	1
1340.5118631814225	26001.686	20.104195	0.7767920122812179	0.00077318813	0	1
1340.513252034261	26223.377	20.174583	0.7831956806634505	0.00076933583	0	1
1340.5146408866344	26432.355	20.24036	0.7891913329426662	0.0007657418	0	1
1340.516029739008	26589.234	20.297064	0.7936032650808027	0.00076335645	0	1
1340.5174185913802	26876.152	20.392006	0.8018669667343253	0.00075873977	0	1
1340.5188074437522	27117.93	20.460564	0.8087529277929665	0.0007545032	0	1
1340.5201962965912	27350.121	20.543034	0.8153221528225021	0.00075111305	0	1
1340.5215851489647	27663.621	20.639017	0.824282874288222	0.0007460707	0	1
1340.5229740013374	27919.568	20.72349	0.8314954583621905	0.0007422568	0	1
1340.5243628537096	28155.107	20.7928	0.8380675885664931	0.000738509	0	1
1340.5257517060822	28523.299	20.897587	0.8485532492146942	0.0007326497	0	1
1340.5271405584551	28703.316	20.970488	0.8534062476484302	0.00073059456	0	1
1340.5285294112937	29029.678	21.06812	0.8625759166717836	0.0007257442	0	1
1340.529918263667	29327.225	21.163208	0.8708523483424403	0.0007216233	0	1
1340.5313071160404	29597.525	21.243322	0.8782832113904863	0.0007177398	0	1
1340.5326959684126	29932.883	21.344645	0.8876067810678836	0.0007130835	0	1
1340.5340848207848	30177.834	21.41947	0.8942117903253842	0.0007097749	0	1
1340.535473673158	30466.887	21.512383	0.9020864279769802	0.0007060906	0	1
1340.536862525997	30752.486	21.589521	0.9098203511974856	0.0007020415	0	1
1340.53825137837	31224.467	21.73207	0.9230250815650386	0.00069599494	0	1
1340.539640230742	31414.852	21.794752	0.9278641211550255	0.0006937722	0	1
1340.5410290831148	31654.188	21.865618	0.9341129776635602	0.0006907654	0	1
1340.5424179354882	31980.281	21.966877	0.9428822912099791	0.0006868882	0	1
1340.543806787861	32215.3	22.03332	0.9489265360427818	0.0006839396	0	1
1340.545195640234	32623.955	22.14734	0.9600427856501633	0.00067886745	0	1
1340.5465844926066	32880.99	22.230522	0.9666537458687945	0.0006760904	0	1
1340.5479733454445	33147.766	22.304014	0.9735115368646675	0.0006728663	0	1
1340.5493621978171	33432.824	22.38227	0.9808655867004604	0.00066946994	0	1
1340.5507510501907	33718.01	22.46719	0.9881820447036541	0.000666326	0	1
1340.552139902564	33938.89	22.541683	0.9935743033479882	0.00066418445	0	1
1340.553528754936	34274.727	22.630444	1.0022907396369876	0.0006602662	0	1
1340.5549176073082	34487.914	22.695147	1.0073795441156814	0.0006580609	0	1
1340.5563064596815	34765.63	22.779608	1.014313984118155	0.00065523357	0	1
1340.5576953120549	35003.01	22.842691	1.0200317154339191	0.00065259216	0	1
1340.5590841644278	35223.145	22.905302	1.0252087869392306	0.0006502912	0	1
1340.5604730167997	35544.31	22.996958	1.0332855927024966	0.0006469941	0	1
1340.5618618696383	35723.047	23.047676	1.037182699564648	0.0006451767	0	1
1340.5632507220112	35950.105	23.117468	1.042446927172411	0.00064304314	0	1
1340.5646395743838	36200.223	23.181774	1.048341497496926	0.0006403766	0	1
1340.5660284267574	36347.95	23.222227	1.0512357665407999	0.0006388869	0	1
1340.56741727913	36653.023	23.312344	1.0586437221704206	0.00063602783	0	1
1340.5688061315022	36833.04	23.366716	1.0624015732926848	0.0006343956	0	1
1340.570194983875	37042.844	23.41929	1.0669845371056268	0.00063222175	0	1
1340.5715838362485	37181.32	23.46158	1.0694808084567435	0.0006310045	0	1
1340.5729726886218	37366.746	23.510826	1.0732966775375306	0.00062919117	0	1
1340.5743615409938	37592.26	23.574572	1.0782300139507572	0.00062711234	0	1
1340.575750393366	37772.746	23.626951	1.0818382418887749	0.0006255026	0	1
1340.5771392457395	37872.207	23.65162	1.0830980069363367	0.0006245113	0	1
1340.5785280981129	38045.215	23.697315	1.086433959732775	0.00062287244	0	1
1340.5799169504858	38108.547	23.7122	1.0866128154676733	0.0006222279	0	1
1340.5813058028577	38316.793	23.77317	1.0908974819546737	0.0006204374	0	1
1340.5826946552306	38380.938	23.78897	1.0910537545610859	0.0006198121	0	1
1340.5840835076033	38528.957	23.829308	1.0935716807166225	0.0006184779	0	1
1340.585472359976	38636.805	23.858688	1.0949253472240708	0.0006175119	0	1
1340.5868612123495	38718.58	23.880684	1.0955194885528727	0.0006167758	0	1
1340.5882500647222	38705.676	23.881115	1.0934201738007898	0.0006169926	0	1
1340.5896389170944	38817.86	23.905794	1.094839043392044	0.00061584526	0	1
1340.591027769467	38838.504	23.913025	1.0936597391523508	0.00061570405	0	1
1340.5924166218406	38854.223	23.916723	1.0923303375750093	0.00061555015	0	1
1340.593805474214	38789.582	23.90164	1.0887348826069887	0.0006161871	0	1
1340.595194326586	38852.16	23.921144	1.0887017785641586	0.00061569666	0	1
1340.5979720313317	38874.594	23.92162	1.0857263216171507	0.0006153536	0	1
1340.5993608837043	38937.56	23.937098	1.0856696532949572	0.000614756	0	1
1340.600749736077	38890.688	23.930243	1.0825437555594546	0.00061532063	0	1
1340.6021385884499	38920.51	23.933054	1.0815481258777293	0.0006149214	0	1
1340.6035274408227	38990.62	23.945507	1.081662497203001	0.00061413506	0	1
1340.6049162931954	38956.457	23.948452	1.078878299047052	0.0006147492	0	1
1340.606305145568	39029.26	23.965115	1.07905115571495	0.0006140294	0	1
1340.6076939979416	38990.418	23.958937	1.0761326783318201	0.0006144827	0	1
1340.6090828503152	39002.47	23.964128	1.0746177924274192	0.0006144259	0	1
1340.6104717026872	39040.574	23.968618	1.0738166354056218	0.0006139412	0	1
1340.6118605550591	39062.207	23.977373	1.0725583843205948	0.00061382534	0	1
1340.6132494074327	39037.645	23.960474	1.070031262504765	0.00061377865	0	1
1340.6146382598063	39037.184	23.965252	1.0681659456321708	0.00061390834	0	1
1340.616027112179	39078.8	23.982422	1.067450613486762	0.0006136939	0	1
1340.6174159645511	39130.02	23.988941	1.0669942818543776	0.00061305723	0	1
1340.6188048169238	39097.684	23.982407	1.0642603915019693	0.0006133971	0	1
1340.6201936692964	39104.836	23.986958	1.0626048457442372	0.0006134013	0	1
1340.6215825216693	39147.85	23.998877	1.061924263099323	0.0006130318	0	1
1340.6229713740427	39199.69	24.001959	1.0614819328826937	0.0006122997	0	1
1340.6243602264155	39087.957	23.970226	1.0566159503910793	0.00061323814	0	1
1340.6257490787875	39211.65	24.005238	1.058119784963833	0.00061219657	0	1
1340.6271379311604	39220.027	24.012867	1.056509733587458	0.0006122603	0	1
1340.628526783068	39230.1	24.01614	1.0549499920548246	0.00061218656	0	1
1340.6299156354416	39227.742	24.016148	1.0530615555935894	0.0006122236	0	1
1340.6313044878138	39298.13	24.035297	1.0531293540350688	0.0006116143	0	1
1340.6326933401856	39262.008	24.023731	1.0503483611635056	0.00061188237	0	1
1340.6340821925592	39244.59	24.02064	1.0480777285971699	0.0006120752	0	1
1340.6354710449318	39291.203	24.036413	1.0475238278860193	0.0006117505	0	1
1340.6368598973047	39334.402	24.043947	1.0468833250477392	0.0006112702	0	1
1340.6382487496776	39291.73	24.031326	1.0439663410145843	0.0006116128	0	1
1340.6396376020502	39408.035	24.060673	1.0452794618992398	0.00061055244	0	1
1340.641026454423	39370.766	24.057014	1.042525486595869	0.0006110375	0	1
1340.6424153063301	39376.92	24.062704	1.0409332177137482	0.0006110865	0	1
1340.6438041587035	39367.324	24.058119	1.0389355022245501	0.000611119	0	1
1340.6451930110763	39452.004	24.080086	1.0394338394788285	0.0006103641	0	1
1340.6465818634483	39404.492	24.061613	1.0364594667881493	0.0006106312	0	1
1340.6479707158212	39447.32	24.07609	1.0358737024705855	0.00061033526	0	1
1340.6493595681945	39432.918	24.07419	1.0337964557859862	0.00061051	0	1
1340.650748420568	39500.367	24.090317	1.0338758335884122	0.0006098758	0	1
1340.6521372729403	39537.465	24.102575	1.03316978704189	0.00060961355	0	1
1340.6535261248466	39483.277	24.088213	1.0300929004828436	0.0006100865	0	1
1340.65491497722	39517.73	24.096302	1.0293436700230727	0.00060975924	0	1
1340.6563038295928	39490.58	24.078957	1.0270040851672584	0.0006097393	0	1
1340.6576926819657	39532.527	24.10145	1.0264759876629281	0.0006096612	0	1
1340.6590815343384	39567.41	24.108385	1.0257766706226088	0.00060929905	0	1
1340.660470386711	39570.23	24.108747	1.0242603865692037	0.00060926477	0	1
1340.661859239084	39638.45	24.127096	1.0244502255060848	0.00060867914	0	1
1340.6632480909911	39538.066	24.10096	1.020306396372372	0.00060956343	0	1
1340.6646369433645	39681.016	24.141172	1.0224449540577556	0.0006083809	0	1
1340.6660257957374	39620.59	24.122377	1.0193632724571071	0.0006088344	0	1
1340.6674146481091	39649.965	24.123777	1.0186107275569602	0.00060841866	0	1
1340.668803500482	39647.37	24.130487	1.0170537446873371	0.0006086277	0	1
1340.6701923528556	39659.008	24.129122	1.0158796530583871	0.00060841464	0	1
1340.6715812047628	39681.465	24.13342	1.0149999685977522	0.00060817867	0	1
1340.6729700571345	39680.086	24.139551	1.013528629824567	0.0006083543	0	1
1340.6743589095074	39715.03	24.14074	1.013003014285049	0.0006078489	0	1
1340.6757477618808	39724.04	24.146528	1.011833670300969	0.00060785684	0	1
1340.6771366142536	39752.043	24.155575	1.0111666065328455	0.0006076562	0	1
1340.6785254661609	39720.69	24.14745	1.0090098310446074	0.00060793123	0	1
1340.6799143185342	39784.402	24.165379	1.0092870780758383	0.00060740835	0	1
1340.681303170907	39774.77	24.157324	1.0077224065895896	0.00060735294	0	1
1340.682692023279	39788.76	24.169449	1.0067769710916785	0.0006074441	0	1
1340.684080875652	39796.01	24.16922	1.005681327009544	0.0006073277	0	1
1340.6854697275596	39855.223	24.179766	1.005918011450762	0.00060669	0	1
1340.686858579933	39875.473	24.185852	1.0051904559024252	0.00060653454	0	1
1340.6882474323052	39805.797	24.168713	1.002219383259096	0.0006071656	0	1
1340.6896362846774	39831.26	24.180916	1.001667147890659	0.00060708384	0	1
1340.6910251370507	39905.633	24.198467	1.0023641353244714	0.0006063923	0	1
1340.692413988958	39838.7	24.180267	0.999534076021765	0.0006069542	0	1
1340.6938028413306	39908.258	24.199223	1.000151232964971	0.0006063713	0	1
1340.6951916937032	39895.703	24.189497	0.9987318864857766	0.00060631835	0	1
1340.6965805460761	39911.324	24.201483	0.998040978459305	0.00060638133	0	1
1340.6979693979833	39870.445	24.187998	0.995961247861135	0.00060666486	0	1
1340.699358250356	39942.562	24.207146	0.9967269166295722	0.0006060489	0	1
1340.7007471027296	39927.082	24.207104	0.995328975836141	0.0006062828	0	1
1340.7021359551022	39948.305	24.215616	0.9948698164811375	0.0006061738	0	1
1340.7035248070088	39941.754	24.207994	0.9937427672553238	0.00060608244	0	1
1340.7049136593814	40003.37	24.2224	0.9943347445681279	0.000605509	0	1
1340.706302511755	39935.07	24.20924	0.9917220788403921	0.00060621504	0	1
1340.7076913641276	39979.836	24.22247	0.9919424378267574	0.0006058671	0	1
1340.7090802160342	39943.543	24.20927	0.9901762595908685	0.0006060872	0	1
1340.7104690684068	39994.414	24.220335	0.9905954957605296	0.00060559297	0	1
1340.7118579207802	39993.875	24.226023	0.9897654621805143	0.0006057433	0	1
1340.713246773153	39929.387	24.201914	0.9873793829673887	0.0006061178	0	1
1340.71463562506	39984.105	24.22046	0.9879666757696529	0.0006057522	0	1
1340.7160244774327	40056.33	24.231201	0.9890096318220752	0.0006049282	0	1
1340.7174133298056	40024.23	24.236704	0.9875018277564824	0.00060555077	0	1
1340.7188021821785	40031.555	24.237926	0.9869929372652667	0.0006054705	0	1
1340.7201910340855	40094.55	24.244482	0.9878814391405442	0.0006046827	0	1
1340.721579886459	40022.03	24.224699	0.985457219244247	0.0006052841	0	1
1340.7229687388317	40035.008	24.234186	0.9851652900412756	0.00060532487	0	1
1340.7243575907382	40031.586	24.237848	0.984495978222055	0.0006054681	0	1
1340.725746443111	40024.19	24.232037	0.9837555132103649	0.00060543476	0	1
1340.7271352954845	40114.066	24.258919	0.9854442821424927	0.00060474843	0	1
1340.7285241478571	39998.773	24.227184	0.9820937607452814	0.0006056982	0	1
1340.7299129997637	40003.07	24.234152	0.981720651383459	0.0006058073	0	1
1340.7313018521363	40123.098	24.256964	0.9842130404631707	0.00060456357	0	1
1340.7326907045099	40105.957	24.256927	0.9833664610830366	0.0006048211	0	1
1340.7340795564169	40014.465	24.2335	0.9807249142075015	0.00060561846	0	1
1340.7354684087895	40064.88	24.245958	0.9815888227585811	0.0006051674	0	1
1340.7368572611624	40063.69	24.244558	0.9812151379494221	0.00060515036	0	1
1340.7382461130696	40110.4	24.256905	0.9820412653620157	0.0006047535	0	1
1340.7396349654423	40055.715	24.24058	0.9804122902402467	0.00060517155	0	1
1340.741023817815	40062.586	24.246092	0.9803175797579892	0.00060520536	0	1
1340.7424126697229	40053.496	24.247795	0.9798596682319118	0.0006053852	0	1
1340.7438015220955	40075.715	24.249306	0.9801950166994444	0.0006050873	0	1
1340.7451903744677	40029.715	24.235926	0.9788893835140614	0.0006054484	0	1
1340.7465792263747	40073.85	24.244087	0.979815472258778	0.0006049852	0	1
1340.7479680787483	40040.5	24.242617	0.9788744349228627	0.0006054524	0	1
1340.749356931121	40128.96	24.260355	0.9809388094595272	0.0006045598	0	1
1340.7507457830275	40092.68	24.247988	0.9799814064320328	0.0006047984	0	1
1340.7521346354001	40076.4	24.249327	0.9795406035863434	0.0006050775	0	1
1340.7535234877737	39981.363	24.226482	0.9772164576758212	0.00060594437	0	1
1340.7549123396807	40084.434	24.252764	0.9797343656159528	0.000605042	0	1
1340.7563011920533	40038.824	24.244074	0.9786598069593173	0.00060551416	0	1
1340.7576900439612	40120.113	24.262806	0.98072867948608	0.0006047542	0	1
1340.759078896334	40022.61	24.239164	0.9784269718407631	0.0006056368	0	1
1340.760467748706	40054.656	24.24557	0.9793338377352221	0.0006053121	0	1
1340.761856600613	40102.816	24.262276	0.9806626963845445	0.0006050018	0	1
1340.7632454529867	40043.883	24.245403	0.9794004115034994	0.00060547085	0	1
1340.7646343053593	40039.88	24.245522	0.9795090563556066	0.00060553435	0	1
1340.7660231572659	40019.15	24.236906	0.9792360954234144	0.0006056327	0	1
1340.7674120096385	40049.77	24.247334	0.9802474433572249	0.00060543005	0	1
1340.7688008615464	40006.2	24.236462	0.9794704924902836	0.00060581765	0	1
1340.770189713919	40012.23	24.238506	0.9799353242661712	0.00060577743	0	1
1340.771578566292	39987.996	24.2265	0.9796864010481776	0.0006058443	0	1
1340.7729674181992	40021.773	24.2392	0.9808864372463907	0.00060565036	0	1
1340.7743562705718	39971.484	24.23003	0.9800535049462604	0.0006061829	0	1
1340.7757451224788	39971.652	24.230083	0.9804847374145171	0.0006061817	0	1
1340.7771339748517	39953.066	24.231184	0.98048321733973	0.00060649123	0	1
1340.778522827225	39995.73	24.232655	0.9820125546479365	0.00060588104	0	1
1340.7799116791323	39986.45	24.237772	0.9822942864190027	0.00060614967	0	1
1340.7813005315043	39938.723	24.228643	0.9816581750358084	0.0006066454	0	1
1340.7826893834115	39972.957	24.235018	0.9830636957967583	0.00060628535	0	1
1340.7840782357848	39951.84	24.232233	0.9831353417699288	0.0006065361	0	1
1340.7854670881577	39921.94	24.226233	0.98301727302273	0.00060684007	0	1
1340.786855940064	39936.715	24.23144	0.9840260182123214	0.00060674595	0	1
1340.7882447924367	39916.85	24.21863	0.9842082303572728	0.000606727	0	1
1340.7896336443446	39895.04	24.213825	0.9843685734386017	0.00060693827	0	1
1340.7910224967172	39828.844	24.201979	0.983471832064638	0.00060764956	0	1
1340.7924113486245	39952.664	24.223019	0.9872692162643609	0.000606293	0	1
1340.7938002009973	39816.266	24.195002	0.9846754748685971	0.00060766627	0	1
1340.7951890529043	39912.324	24.225475	0.9878562707788033	0.0006069673	0	1
1340.796577905277	39850.406	24.206068	0.9871541400802951	0.00060742337	0	1
1340.7979667576499	39811.86	24.198824	0.9870551300173088	0.00060782954	0	1
1340.7993556095576	39862.44	24.204891	0.9891923505401018	0.00060721044	0	1
1340.8007444619298	39819.074	24.20139	0.989024423202323	0.00060778385	0	1
1340.8021333138363	39794.96	24.195002	0.9893591031905162	0.0006079916	0	1
1340.8035221662096	39782.47	24.190706	0.9900076265197271	0.00060807454	0	1
1340.8049110181173	39775.03	24.188585	0.990807106341264	0.0006081349	0	1
1340.8062998704902	39782.83	24.187763	0.992011604810624	0.0006079951	0	1
1340.8076887223965	39791.75	24.195389	0.9932699602944933	0.0006080504	0	1
1340.8090775747694	39762.117	24.18533	0.993590599456336	0.00060825056	0	1
1340.810466426677	39687.695	24.165737	0.9928142702958401	0.0006088975	0	1
1340.81185527905	39716.055	24.170876	0.9946326970185636	0.00060859206	0	1
1340.8132441309572	39662.152	24.160717	0.994414953398095	0.000609163	0	1
1340.8146329833298	39744.26	24.181894	0.9976326717715859	0.0006084374	0	1
1340.8160218352368	39689.75	24.167694	0.9974461682411663	0.00060891523	0	1
1340.8174106876097	39677.957	24.16736	0.9983554090959164	0.0006090878	0	1
1340.8187995399826	39703.24	24.170063	1.0002218768580442	0.000608768	0	1
1340.8201883918903	39616.188	24.152567	0.9992802378524774	0.0006096641	0	1
1340.8215772442622	39635.99	24.157751	1.0010552391723462	0.0006094903	0	1
1340.8229660961688	39620.566	24.14673	1.0019641077828747	0.0006094494	0	1
1340.8243549485424	39607.83	24.14396	1.0029630140597976	0.0006095755	0	1
1340.82574380045	39569.484	24.142643	1.0033346755605486	0.0006101329	0	1
1340.8271326523572	39580.867	24.146513	1.0049889296115708	0.00061005517	0	1
1340.82852150473	39588.87	24.147943	1.0065804550463813	0.000609968	0	1
1340.829910356637	39544.664	24.137451	1.0068653299824173	0.0006103845	0	1
1340.8312992090096	39536.688	24.13038	1.0080926988871592	0.00061032886	0	1
1340.8326880609168	39515.62	24.130018	1.0090068583834597	0.00061064505	0	1
1340.8340769132897	39462.42	24.112665	1.009119107514539	0.0006110285	0	1
1340.8354657651973	39483.42	24.114204	1.0111485992417566	0.00061074254	0	1
1340.8368546175702	39461.266	24.112457	1.0120935950042178	0.00061104115	0	1
1340.8382434694765	39473.195	24.114214	1.013932899945211	0.000610901	0	1
1340.8396323218494	39465.28	24.111532	1.0152828159171818	0.0006109555	0	1
1340.841021173757	39421.37	24.104029	1.015724504684251	0.00061144575	0	1
1340.84241002613	39408.297	24.096807	1.0169779658198839	0.0006114653	0	1
1340.8437988780363	39404.617	24.097265	1.0184923956261192	0.00061153405	0	1
1340.8451877304092	39432.75	24.103714	1.0208489774250622	0.0006112613	0	1
1340.8465765823169	39381.438	24.090736	1.0211664260662137	0.00061172823	0	1
1340.8479654346897	39386.113	24.084482	1.0229519019386886	0.0006114968	0	1
1340.8493542865967	39279.195	24.065916	1.0218584220071931	0.0006126886	0	1
1340.8507431385037	39386.16	24.090271	1.0263347409178578	0.0006116431	0	1
1340.8521319908766	39226.7	24.051756	1.023889173339684	0.00061314757	0	1
1340.8535208427838	39290.105	24.06096	1.0272733504041838	0.0006123924	0	1
1340.8549096951565	39314.363	24.069725	1.0296541273707913	0.00061223743	0	1
1340.8562985470644	39225.81	24.044304	1.0290933353190066	0.00061297155	0	1
1340.8576873994364	39267.043	24.059898	1.0319509436312604	0.000612725	0	1
1340.8590762513427	39237.785	24.050081	1.0329716011933254	0.0006129317	0	1
1340.8604651032506	39174.17	24.035223	1.0330982034317473	0.0006135477	0	1
1340.8618539556242	39221.84	24.043465	1.0361729805424624	0.0006130122	0	1
1340.8632428075312	39163.863	24.030872	1.0364700803462914	0.0006135981	0	1
1340.8646316599034	39172.984	24.033356	1.0385539368037768	0.00061351864	0	1
1340.8660205118103	39142.324	24.021183	1.0395949315305517	0.0006136882	0	1
1340.867409363718	39071.28	24.008976	1.0395709105264141	0.00061449164	0	1
1340.868798216091	39144.16	24.021317	1.0433882010887203	0.0006136628	0	1
1340.870187067998	39118.9	24.01595	1.0446032318972545	0.0006139219	0	1
1340.8715759203706	39118.6	24.018425	1.0464945741137837	0.0006139899	0	1
1340.8729647722778	39053.305	23.993763	1.0466542410530917	0.00061438495	0	1
1340.874353624185	39067.867	24.001558	1.048961585744899	0.0006143555	0	1
1340.8757424765577	39027.832	23.99589	1.0498110879823	0.0006148404	0	1
1340.8771313284656	39107.254	24.015461	1.0538846368858497	0.0006140922	0	1
1340.8785201808375	38968.496	23.97997	1.0520838717783945	0.00061536813	0	1
1340.8799090327439	38987.695	23.985085	1.0545494434132514	0.00061519624	0	1
1340.8812978846518	39043.24	23.992579	1.0580089463931504	0.000614513	0	1
1340.8826867370253	38971.582	23.975082	1.0580273312016553	0.000615194	0	1
1340.8840755889323	38976.668	23.97673	1.0601318247948224	0.00061515596	0	1
1340.8854644413045	38950.42	23.969826	1.0613884666329352	0.0006153932	0	1
1340.8868532932115	38913.51	23.958445	1.0623561413166893	0.0006156845	0	1
1340.8882421451194	38881.93	23.950974	1.0634700189801274	0.0006159924	0	1
1340.889630997492	38944.93	23.96896	1.0671760446921044	0.0006154578	0	1
1340.891019849399	38909.35	23.953894	1.068185200354439	0.0006156333	0	1
1340.8924087013063	38855.88	23.946087	1.068700912982235	0.00061627966	0	1
1340.8937975536792	38898.69	23.95492	1.0718660574938554	0.00061582844	0	1
1340.8951864055862	38819.098	23.931147	1.0716574587801957	0.0006164787	0	1
1340.8965752574932	38814.22	23.934168	1.0735075833337935	0.00061663403	0	1
1340.8979641098667	38798.93	23.930841	1.0750685298362255	0.00061679125	0	1
1340.8993529617733	38822.95	23.931982	1.0777182190877574	0.00061643904	0	1
1340.9007418136796	38819.562	23.929173	1.0796066033160918	0.00061642047	0	1
1340.902130666053	38766.402	23.921751	1.0801056126053692	0.0006170743	0	1
1340.9035195179608	38705.41	23.899548	1.0803776568420294	0.00061747304	0	1
1340.9049083698678	38597.625	23.869812	1.079331371775952	0.00061842694	0	1
1340.9062972222407	38573.926	23.869562	1.0806254515684346	0.00061880046	0	1
1340.907686074148	38408.465	23.823263	1.0779335811018578	0.0006202608	0	1
1340.909074926055	38294.473	23.788273	1.0766663683090152	0.0006211934	0	1
1340.9104637784276	38184.246	23.759485	1.0754873527235598	0.0006222327	0	1
1340.9118526303346	38033.617	23.716774	1.0731502096034822	0.00062357396	0	1
1340.9132414822425	37901.312	23.680552	1.0713081889045009	0.00062479504	0	1
1340.9146303346147	37765.652	23.643679	1.0693495312723986	0.00062606303	0	1
1340.916019186521	37593.434	23.594482	1.0663313091406437	0.0006276224	0	1
1340.9174080384287	37451.535	23.55295	1.064147808575188	0.00062889146	0	1
1340.9187968908022	37187.598	23.487326	1.058466308198032	0.0006315903	0	1
1340.9201857427092	37145.344	23.47069	1.05906845827868	0.00063186086	0	1
1340.9215745946158	36933.227	23.408218	1.0548034092701197	0.00063379837	0	1
1340.9229634469884	36703.6	23.342524	1.0500045913150382	0.00063597364	0	1
1340.9243522988963	36473.555	23.283903	1.0451586090633356	0.0006383777	0	1
1340.9257411508033	36273.367	23.2235	1.0411340866352714	0.00064023555	0	1
1340.9271300027106	36070.008	23.165457	1.0369851476498972	0.000642236	0	1
1340.9285188550834	35885.64	23.117258	1.033349113856461	0.00064419245	0	1
1340.9299077069904	35575.688	23.030514	1.026058297500906	0.0006473666	0	1
1340.9312965588974	35419.727	22.97979	1.0231712920041023	0.0006487851	0	1
1340.9326854112703	35104.414	22.896688	1.0156429510965677	0.0006522453	0	1
1340.934074263178	34897.25	22.83905	1.0112027611084873	0.00065446564	0	1
1340.9354631150845	34601.676	22.75333	1.0041605497516843	0.0006575789	0	1
1340.936851966991	34388.05	22.68572	0.9994557682193889	0.00065969775	0	1
1340.9382408193644	34099.66	22.608242	0.9925372882339789	0.00066300493	0	1
1340.939629671272	33856.074	22.534416	0.9868807003941759	0.0006655945	0	1
1340.9410185231793	33581.74	22.455717	0.980285947065297	0.0006686883	0	1
1340.9424073750856	33344.83	22.388042	0.9747419542090766	0.00067140977	0	1
1340.9437962274585	33042.73	22.300947	0.9672493790531576	0.00067491236	0	1
1340.9465739312732	32502.645	22.140938	0.9540087145200514	0.0006812042	0	1
1340.947962783646	32194.418	22.049511	0.9462012335599117	0.0006848861	0	1
1340.9493516355533	31953.62	21.97877	0.9403317974140406	0.00068783347	0	1
1340.9507404874603	31632.852	21.872465	0.9320649320901272	0.00069144776	0	1
1340.9521293393673	31449.285	21.826342	0.9277987004739526	0.0006940171	0	1
1340.9535181912745	31083.652	21.712177	0.9181177021782413	0.00069850794	0	1
1340.9549070436478	30796.486	21.632301	0.9107072397734018	0.0007024276	0	1
1340.9562958955544	30529.99	21.555002	0.9038645223783457	0.00070602715	0	1
1340.957684747461	30186.084	21.447004	0.894684785566469	0.00071049307	0	1
1340.9590735993686	29951.742	21.374647	0.8887084492095871	0.00071363617	0	1
1340.960462451742	29716.596	21.303856	0.8826679643595243	0.000716901	0	1
1340.9618513036492	29394.873	21.202076	0.8740130873944806	0.0007212848	0	1
1340.9632401555555	29098.467	21.109396	0.8660665221639451	0.000725447	0	1
1340.9646290074627	28756.578	21.001122	0.8567216128317197	0.00073030667	0	1
1340.966017859836	28573.885	20.943916	0.8520784319532273	0.00073297403	0	1
1340.9674067117433	28310.156	20.863266	0.8449802044056184	0.0007369534	0	1
1340.9687955636505	28081.988	20.796011	0.838903787348868	0.00074054627	0	1
1340.9701844155575	27792.08	20.706657	0.8309430684650807	0.000745056	0	1
1340.971573267464	27608.668	20.638214	0.8261279373860536	0.0007475266	0	1
1340.9757398236522	26913.959	20.42541	0.8071368464630594	0.0007589151	0	1
1340.9771286755586	26715.762	20.362032	0.8017337879778852	0.000762173	0	1
1340.978517527465	26510.604	20.294163	0.7960865445132669	0.0007655112	0	1
1340.9799063798387	26326.723	20.235819	0.7910435434587266	0.00076864177	0	1
1340.9812952317463	26200.182	20.198587	0.787690442783756	0.0007709331	0	1
1340.9826840836536	26065.898	20.152367	0.784072640710144	0.0007731315	0	1
1340.9840729355606	25935.627	20.101294	0.7805436890198324	0.0007750456	0	1
1340.9854617874676	25813.238	20.067318	0.7770636746161238	0.0007774041	0	1
1340.9868506393746	25741.883	20.03799	0.7751185081619699	0.0007784198	0	1
1340.9882394917474	25660.234	20.018219	0.7728623084297166	0.00078012614	0	1
1340.9896283436547	25621.07	20.004236	0.7718848515747135	0.0007807729	0	1
1340.9910171955623	25620.473	20.004063	0.7720690753614401	0.0007807843	0	1
1340.9924060474686	25577.646	19.992237	0.7709805122680218	0.0007816293	0	1
1340.9937948993752	25607.408	19.998434	0.7720799504056841	0.0007809628	0	1
1340.995183751283	25640.564	20.005867	0.7732823392558755	0.00078024284	0	1
1340.9965726036564	25739.041	20.0422	0.7764558417114484	0.00077866926	0	1
1340.9979614555637	25833.152	20.07025	0.7794992909675199	0.0007769183	0	1
1340.99935030747	25910.162	20.095423	0.7820281730882309	0.00077558076	0	1
1341.0007391593772	26055.127	20.143589	0.786609961398946	0.0007731142	0	1
1341.0021280112849	26192.564	20.180042	0.7907755709070876	0.0007704493	0	1
1341.003516863192	26292.08	20.219635	0.7937666674720858	0.000769039	0	1
1341.004905715099	26477.186	20.282454	0.7993116151378966	0.0007660351	0	1
1341.0062945674717	26650.232	20.338812	0.8044617587121988	0.0007631758	0	1
1341.007683419379	26880.455	20.409376	0.8113062628262757	0.0007592645	0	1
1341.0090722712862	27089.97	20.479427	0.8174934440995906	0.0007559782	0	1
1341.0104611231932	27291.336	20.541254	0.8234018017233239	0.00075266574	0	1
1341.011849975101	27542.387	20.62041	0.8307754102065802	0.00074867916	0	1
1341.0132388270074	27822.648	20.708519	0.8389950083377496	0.0007443044	0	1
1341.0146276789137	28047.049	20.781416	0.8454944676459225	0.0007409484	0	1
1341.0160165308216	28309.967	20.860744	0.8531188565230055	0.0007368693	0	1
1341.0174053831952	28516.662	20.925282	0.8590123300874424	0.0007337914	0	1
1341.0187942351022	28748.006	21.005514	0.8656113955915057	0.0007306773	0	1
1341.0201830870087	29079.363	21.096638	0.8751827311480149	0.00072548486	0	1
1341.0215719389157	29311.424	21.167809	0.8817257334396758	0.00072216924	0	1
1341.0229607908236	29583.254	21.261038	0.8894253941067009	0.0007186849	0	1
1341.0243496427306	29871.986	21.3372	0.8975920252713708	0.000714288	0	1
1341.0257384946376	30158.041	21.436941	0.9056360909438208	0.0007108201	0	1
1341.0271273465446	30482.977	21.533907	0.9148042799727224	0.000706424	0	1
1341.0285161984511	30685.818	21.595037	0.920265976080047	0.0007037465	0	1
1341.0299050508238	31001.812	21.693848	0.9290782915216629	0.0006997606	0	1
1341.0312939027317	31327.586	21.789667	0.9381376816393878	0.0006955425	0	1
1341.0326827546396	31575.18	21.864876	0.9448108699873623	0.00069247035	0	1
1341.034071606546	31829.576	21.938192	0.9516437841364213	0.00068923924	0	1
1341.0354604584522	32160.293	22.036312	0.9607122128591828	0.0006852025	0	1
1341.0368493103601	32404.645	22.108118	0.9671542026130702	0.0006822515	0	1
1341.038238162268	32679.156	22.18464	0.9744509488781795	0.0006788621	0	1
1341.039627014175	32988.027	22.278637	0.9827247085533833	0.00067535526	0	1
1341.0410158660816	33221.777	22.352324	0.988713879815141	0.0006728214	0	1
1341.0424047179886	33537.73	22.439636	0.9971022549704903	0.0006690863	0	1
1341.0437935698965	33825.61	22.523882	1.0046067975738167	0.00066588254	0	1
1341.0451824218035	34071.66	22.595728	1.0108218119378158	0.00066318247	0	1
1341.0465712737105	34325.457	22.665207	1.017220298056608	0.0006603031	0	1
1341.0479601256177	34527.18	22.726315	1.0220306372500605	0.0006582152	0	1
1341.0493489779897	34837.754	22.813213	1.0300160926512776	0.00065484166	0	1
1341.050737829897	35142.047	22.903362	1.0377651924439888	0.00065173674	0	1
1341.0521266818046	35292.49	22.946165	1.0409259609262607	0.00065017137	0	1
1341.0535155337125	35554.44	23.010164	1.0473322406641954	0.0006471811	0	1
1341.0549043856195	35761.836	23.077938	1.0520859471589272	0.0006453231	0	1
1341.056293237526	35971.805	23.13671	1.0568720265353209	0.0006431901	0	1
1341.057682089433	36235.305	23.210201	1.063185485024214	0.0006405411	0	1
1341.059070941341	36456.96	23.275238	1.0682254832425124	0.0006384306	0	1
1341.060459793248	36669.47	23.320831	1.0729539204808454	0.00063597405	0	1
1341.0618486451551	36747.484	23.3514	1.073709784297101	0.00063545577	0	1
1341.0632374970623	37094.93	23.453823	1.082295342458543	0.00063226494	0	1
1341.0646263489693	37203.473	23.485285	1.0838669953568942	0.0006312659	0	1
1341.0660152008763	37416.492	23.546257	1.0884448576570485	0.0006293016	0	1
1341.0674040527833	37581.566	23.58506	1.09158839337573	0.0006275699	0	1
1341.0687929046912	37729.773	23.627686	1.0942056810207899	0.0006262345	0	1
1341.0701817565978	37864.137	23.666122	1.0963870084513225	0.0006250274	0	1
1341.071570608504	37965.74	23.694122	1.0975878575100368	0.00062409224	0	1
1341.0729594604118	38195.5	23.756174	1.1024580992552462	0.00062196265	0	1
1341.0743483123197	38318.906	23.79434	1.1042223399940219	0.0006209556	0	1
1341.0757371642267	38448.957	23.825174	1.1061470478828976	0.0006196572	0	1
1341.0771260161332	38523.348	23.852053	1.1064423840807707	0.0006191584	0	1
1341.0785148680402	38615.15	23.869852	1.1072121591953663	0.0006181474	0	1
1341.079903719948	38736.03	23.905159	1.1087886010332257	0.0006171298	0	1
1341.081292571855	38724.527	23.905365	1.1065541069915241	0.00061731844	0	1
1341.0826814237623	38809.438	23.924864	1.1070556490826455	0.00061647024	0	1
1341.0840702756695	38796.008	23.922842	1.1047338623323117	0.0006166315	0	1
1341.0854591275765	38868.586	23.942698	1.1048343728220842	0.00061599095	0	1
1341.0868479794835	38806.344	23.931217	1.1011090731897732	0.0006166831	0	1
1341.0882368313908	38789.55	23.926483	1.0986551043845187	0.00061682804	0	1
1341.0896256832984	38772.55	23.91566	1.096176548583732	0.00061681936	0	1
1341.091014535205	38928.434	23.953587	1.0985858570969615	0.00061532366	0	1
1341.0924033871115	38925.027	23.955742	1.0964731243153625	0.00061543286	0	1
1341.0937922390192	38904.875	23.953897	1.0938807043178602	0.0006157043	0	1
1341.0951810909269	38903.605	23.959896	1.0918119012107945	0.00061587855	0	1
1341.096569942834	38914.074	23.957735	1.0900643854163752	0.0006156573	0	1
1341.0979587947404	39022.26	23.978567	1.0910273214046446	0.0006144843	0	1
1341.0993476466476	38911.715	23.964146	1.085882551169949	0.0006158594	0	1
1341.1007364985553	39032.45	23.98947	1.0871992155343941	0.0006146032	0	1
1341.1021253504625	39012.79	23.98795	1.0845819457920631	0.000614874	0	1
1341.1035142023698	39020.35	23.981348	1.082718196759146	0.00061458565	0	1
1341.1049030542767	39036.74	23.988623	1.0810948280666153	0.000614514	0	1
1341.106291906183	39002.797	23.985928	1.078076125013277	0.00061497965	0	1
1341.1076807576246	39025.457	23.9888	1.0766207998882023	0.0006146962	0	1
1341.1090696095323	39088.59	24.002325	1.0762764082903118	0.0006140494	0	1
1341.11045846144	39025.26	23.98632	1.0724496891671536	0.00061463576	0	1
1341.1118473133465	39110.332	24.009039	1.0727003078215143	0.0006138797	0	1
1341.113236165253	39105.4	24.001896	1.070479131740197	0.00061377446	0	1
1341.1146250171607	39130.37	24.017496	1.0690773015451314	0.00061378145	0	1
1341.1160138690684	39184.332	24.029013	1.0684656876509044	0.0006132301	0	1
1341.1174027209756	39089.46	24.002039	1.063798878863866	0.00061402837	0	1
1341.118791572882	39177.863	24.029268	1.0641282230338782	0.0006133379	0	1
1341.1201804247892	39194.7	24.03332	1.0625103925087518	0.0006131778	0	1
1341.1215692766968	39205.668	24.040585	1.0607371138938722	0.0006131916	0	1
1341.122958128604	39246.332	24.045755	1.0597702545186418	0.00061268796	0	1
1341.1243469805113	39187.363	24.036089	1.0561203090315237	0.0006133633	0	1
1341.1257358324183	39217.246	24.036118	1.0548734513503408	0.00061289663	0	1
1341.1271246838592	39270.05	24.054956	1.0542464097356583	0.0006125522	0	1
1341.1285135357662	39261.684	24.052254	1.0519830127376826	0.0006126139	0	1
1341.129902387674	39321.598	24.069515	1.0515552697809076	0.00061211945	0	1
1341.1312912395817	39154.176	24.012451	1.0450639975830796	0.00061327947	0	1
1341.132680091489	39280.07	24.055656	1.0464115265145	0.0006124138	0	1
1341.1340689433953	39398.082	24.092688	1.0475499258552958	0.0006115193	0	1
1341.1354577953025	39375.043	24.082043	1.044940756524141	0.00061160675	0	1
1341.1368466472102	39287.11	24.05917	1.0406307088662368	0.0006123935	0	1
1341.1382354991174	39412.69	24.084753	1.0419818383194261	0.0006110913	0	1
1341.1396243505587	39432.96	24.096056	1.0405565128527012	0.00061106385	0	1
1341.1410132024657	39374.004	24.076258	1.0370557131061309	0.00061147596	0	1
1341.142402054373	39380.41	24.080608	1.0352928310009402	0.00061148696	0	1
1341.1437909062802	39413.156	24.086176	1.0342347493814972	0.0006111202	0	1
1341.1451797581872	39487.94	24.107414	1.034289352231791	0.00061050063	0	1
1341.1465686100948	39422.676	24.090834	1.0306904481583834	0.0006110908	0	1
1341.1479574620012	39436.812	24.09243	1.0291856557642034	0.0006109122	0	1
1341.1493463139077	39491.715	24.106909	1.0287576512571546	0.0006104295	0	1
1341.15073516535	39448.78	24.097149	1.0257971047239502	0.00061084644	0	1
1341.1521240172576	39547.547	24.123281	1.0265357258921812	0.00060998177	0	1
1341.1535128691648	39522.453	24.115662	1.024073481470739	0.00061017624	0	1
1341.1549017210712	39539.668	24.113934	1.0227258615421462	0.00060986687	0	1
1341.1562905729784	39624.625	24.141195	1.0231442716300907	0.0006092473	0	1
1341.157679424886	39579.273	24.134962	1.0202150643674863	0.0006097879	0	1
1341.1590682767933	39624.348	24.146662	1.0196360030081841	0.0006093895	0	1
1341.1604571282346	39590.895	24.137627	1.0170553735709114	0.00060967624	0	1
1341.1618459801416	39679.35	24.156631	1.0176242014131511	0.000608796	0	1
1341.1632348320488	39601.492	24.142294	1.013947611938216	0.0006096309	0	1
1341.164623683956	39672.88	24.15588	1.0141133860717282	0.0006088764	0	1
1341.166012535863	39638.824	24.144442	1.0116034842650803	0.0006091109	0	1
1341.167401387771	39650.6	24.143177	1.0102856883493694	0.0006088981	0	1
1341.1687902392116	39749.9	24.172827	1.011215257360264	0.00060812297	0	1
1341.170179091118	39633.285	24.14156	1.0066839243215655	0.0006091234	0	1
1341.1715679430258	39774.438	24.176544	1.008703726061681	0.00060784124	0	1
1341.1729567949337	39711.117	24.158293	1.0055666595277324	0.00060835085	0	1
1341.1743456468407	39736.16	24.159084	1.004691824769715	0.0006079874	0	1
1341.1757344987473	39767.703	24.17466	1.004002728253072	0.0006078968	0	1
1341.1771233501886	39730.516	24.162197	1.0016024426240702	0.0006081521	0	1
1341.1785122020965	39802.535	24.185486	1.0019781234449192	0.0006076368	0	1
1341.1799010540035	39757.383	24.166235	0.9994275843740537	0.0006078427	0	1
1341.1812899059105	39757.03	24.160522	0.9980295528202585	0.0006077044	0	1
1341.1826787578175	39879.74	24.206432	0.9997522429095386	0.00060698576	0	1
1341.184067609259	39811.496	24.192514	0.9966898104550649	0.0006076766	0	1
1341.1854564611663	39779.04	24.182209	0.9945629408661256	0.00060791336	0	1
1341.1868453130733	39827.605	24.194805	0.9944870583746891	0.0006074883	0	1
1341.1882341649812	39882.777	24.212389	0.9945987859430232	0.00060708885	0	1
1341.1896230168875	39881.285	24.210928	0.9933219853589218	0.00060707494	0	1
1341.1910118683281	39837.61	24.199522	0.9910223897434761	0.00060745416	0	1
1341.192400720236	39867.45	24.20121	0.9905787375668959	0.0006070419	0	1
1341.193789572144	39886.3	24.204573	0.9898875490289265	0.00060683925	0	1
1341.195178424051	39906.02	24.207329	0.9892439192600162	0.00060660846	0	1
1341.1965672759575	39940.332	24.221458	0.9889879101713517	0.0006064411	0	1
1341.1979561273988	39916.53	24.215237	0.9873201966723978	0.0006066468	0	1
1341.1993449793067	39872.44	24.196558	0.9851802017919732	0.00060684915	0	1
1341.2007338312137	39913.285	24.212885	0.9851667981592034	0.0006066372	0	1
1341.2021226831207	39898.81	24.205551	0.9838153764620461	0.00060667354	0	1
1341.203511534563	39985.887	24.22734	0.9849946046634845	0.0006058973	0	1
1341.20490038647	39911.105	24.211704	0.9822148257389086	0.00060664077	0	1
1341.2062892383765	39977.97	24.227915	0.9829497881268536	0.0006060317	0	1
1341.2076780902835	40044.848	24.24246	0.9837247199965179	0.0006053828	0	1
1341.2090669417257	39991.426	24.22717	0.981545634185538	0.00060580915	0	1
1341.2104557936327	39916.887	24.204782	0.9788938194650862	0.00060637953	0	1
1341.2118446455393	40023.758	24.234514	0.9807194255621192	0.0006055032	0	1
1341.2132334974463	39930.117	24.208744	0.9776609240459451	0.0006062778	0	1
1341.2146223488885	40012.707	24.232862	0.9789470884020354	0.0006056292	0	1
1341.2160112007955	39959.406	24.213121	0.9769376904546062	0.000605943	0	1
1341.2174000527027	40011.816	24.229567	0.9775425826648948	0.00060556026	0	1
1341.21878890461	39970.598	24.216188	0.975889720441862	0.0006058501	0	1
1341.2201777560513	40093.465	24.252773	0.9782865955356603	0.0006049059	0	1
1341.2215666079583	39967.85	24.221727	0.9746212907687527	0.0006060303	0	1
1341.2229554598655	40075.94	24.25141	0.9767001943554137	0.0006051364	0	1
1341.2243443117732	39982.46	24.224777	0.9738967332984617	0.0006058851	0	1
1341.225733163214	40056.688	24.247562	0.9752090592197737	0.0006053312	0	1
1341.2271220151204	40058.848	24.243563	0.9747965349534397	0.00060519873	0	1
1341.228510867028	40119.344	24.264936	0.9758335757390277	0.00060481887	0	1
1341.2298997184703	40065.21	24.25041	0.9741131803775485	0.00060527347	0	1
1341.2312885703773	40060.113	24.249655	0.9736164419244595	0.0006053317	0	1
1341.2326774222838	39981.137	24.22114	0.971371180082866	0.0006058142	0	1
1341.2340662741908	40072.227	24.25192	0.9732579271242423	0.00060520525	0	1
1341.235455125633	39997.29	24.231543	0.9711585363713284	0.00060582964	0	1
1341.23684397754	40140.89	24.256245	0.9744117077380512	0.0006042777	0	1
1341.2382328294473	39996.227	24.22309	0.9706674091613957	0.00060563436	0	1
1341.2396216808888	39988.625	24.21626	0.9702970825455262	0.0006055787	0	1
1341.2410105327958	40115.152	24.251055	0.97321210530413	0.00060453604	0	1
1341.2423993847028	40095.105	24.25115	0.9726021461953328	0.00060484064	0	1
1341.2437882361444	39998.25	24.223743	0.9701607297387812	0.0006056201	0	1
1341.245177088052	40080.64	24.238262	0.9721141867024873	0.0006047374	0	1
1341.2465659399586	40005.51	24.217978	0.9702471675272528	0.000605366	0	1
1341.2479547913995	40103.69	24.24526	0.9726938567864725	0.0006045643	0	1
1341.2493436433072	39927.3	24.198711	0.9684808690900835	0.0006060693	0	1
1341.2507324952148	40123.055	24.253447	0.9732946993601144	0.00060447655	0	1
1341.252121347122	39893.156	24.191536	0.9677831179611007	0.00060640817	0	1
1341.2535101985627	40089.195	24.236408	0.9726044684095885	0.0006045621	0	1
1341.25489905047	40036.08	24.22837	0.9714760198246275	0.00060516346	0	1
1341.2562879023776	39964.637	24.206371	0.9699340032370232	0.0006056948	0	1
1341.2576767538192	39954.082	24.204597	0.9699008695506829	0.0006058104	0	1
1341.2590656057264	40095.156	24.250576	0.9735967625289972	0.00060482556	0	1
1341.2604544576334	39967.293	24.216045	0.9707625138267488	0.0006058966	0	1
1341.2618433090747	40025.906	24.220757	0.9725044722386909	0.000605127	0	1
1341.2632321609817	39977.492	24.214016	0.9716776584944051	0.0006056912	0	1
1341.2646210124233	40037.32	24.224602	0.9735134496453695	0.00060505053	0	1
1341.266009864331	39974.773	24.207678	0.9724051951442328	0.0006055739	0	1
1341.2673987162375	40050.11	24.236832	0.9746982862546422	0.0006051627	0	1
1341.2687875676784	39935.457	24.204975	0.9723676204631045	0.00060610235	0	1
1341.270176419586	39972.824	24.218271	0.9737845156797807	0.0006058684	0	1
1341.2715652714937	39890.594	24.19229	0.9723340346730005	0.000606466	0	1
1341.2729541229353	39975.164	24.210089	0.974949988839274	0.00060562824	0	1
1341.2743429748416	39893.184	24.186567	0.973550646704292	0.0006062832	0	1
1341.2757318267488	39878.37	24.181128	0.9738202552522	0.000606372	0	1
1341.2771206781908	39967.16	24.207098	0.976652223448784	0.0006056747	0	1
1341.278509530098	40006.5	24.21026	0.9783242747695381	0.00060515816	0	1
1341.2798983815396	39930.57	24.199903	0.9771778915582313	0.00060604955	0	1
1341.2812872334473	39897.36	24.196692	0.9771210430397821	0.00060647354	0	1
1341.2826760853545	39850.027	24.176691	0.9767477595635727	0.00060669193	0	1
1341.2840649367952	39825.28	24.170624	0.9769574860750156	0.0006069166	0	1
1341.2854537887024	39848.957	24.163084	0.9783858101323714	0.0006063668	0	1
1341.28684264061	39901.824	24.18453	0.980563216160145	0.0006061009	0	1
1341.2882314920516	39752.66	24.144917	0.9778328524058195	0.00060737866	0	1
1341.289620343958	39922.797	24.197706	0.982958918402081	0.0006061125	0	1
1341.2910091953995	39762.39	24.154306	0.9799485496885759	0.00060746615	0	1
1341.2923980473072	39797.31	24.159086	0.9818078919462313	0.0006070533	0	1
1341.2937868992144	39841.28	24.16745	0.9839227944567546	0.0006065932	0	1
1341.2951757506557	39859.832	24.180279	0.9854415918631565	0.00060663273	0	1
1341.2965646025627	39795.625	24.158092	0.9849431109025392	0.000607054	0	1
1341.2979534540043	39691.707	24.129139	0.9834869091694234	0.0006079139	0	1
1341.2993423059115	39734.92	24.13984	0.9857043074915282	0.000607522	0	1
1341.3007311573529	39757.867	24.146805	0.98745029555196	0.0006073466	0	1
1341.3021200092608	39679.797	24.128654	0.9867150733984679	0.00060808414	0	1
1341.3035088611678	39796.082	24.15491	0.9908562402533345	0.000606967	0	1
1341.3048977126084	39701.633	24.132746	0.989754308757501	0.0006078527	0	1
1341.3062865645156	39718.37	24.145071	0.9914636175990434	0.0006079069	0	1
1341.3076754159576	39651.582	24.123856	0.9911149066889642	0.0006083958	0	1
1341.3090642678649	39701.316	24.13733	0.9937067083830241	0.000607973	0	1
1341.3104531197712	39693.055	24.128757	0.994876619109246	0.0006078836	0	1
1341.3118419712127	39598.473	24.100613	0.9939074682404951	0.00060862483	0	1
1341.3132308231204	39711.164	24.133621	0.9981693894296946	0.0006077289	0	1
1341.314619674562	39647.426	24.114035	0.9980260787087465	0.00060821185	0	1
1341.316008526469	39581.035	24.09433	0.9978386475860502	0.0006087342	0	1
1341.3173973779103	39536.027	24.082481	0.9982132835273486	0.0006091275	0	1
1341.3187862298175	39488.414	24.080004	0.9985564681136672	0.00060979923	0	1
1341.320175081259	39595.953	24.101908	1.0028301964046988	0.00060869625	0	1
1341.321563933166	39510.64	24.080267	1.002257936468252	0.00060946285	0	1
1341.3229527846083	39623.69	24.104687	1.006755276281019	0.00060834025	0	1
1341.3243416365153	39501.816	24.07597	1.0052885565202287	0.0006094902	0	1
1341.3257304884219	39439.395	24.059013	1.0053632132415198	0.0006100249	0	1
1341.3271193398632	39562.15	24.087309	1.0101959178809832	0.00060884736	0	1
1341.328508191771	39442.145	24.054527	1.0088358127151928	0.0006098687	0	1
1341.3298970432124	39368.953	24.02716	1.0086990845127253	0.0006103073	0	1
1341.331285895119	39526.113	24.07962	1.0145015623037479	0.0006092079	0	1
1341.3326747465603	39390.926	24.042465	1.0128076687544816	0.0006103554	0	1
1341.3340635984682	39434.066	24.052443	1.0157275382097921	0.00060994073	0	1
1341.3354524499096	39413.89	24.053053	1.0170410657138702	0.00061026844	0	1
1341.3368413018165	39222.79	23.994743	1.0139651372149712	0.0006117552	0	1
1341.338230153258	39401.195	24.04437	1.0204477577269642	0.0006102447	0	1
1341.3396190051653	39242.7	23.999714	1.018243604135478	0.0006115714	0	1
1341.3410078566067	39342.062	24.026505	1.0227344909679796	0.0006107078	0	1
1341.3423967085137	39246.22	24.002678	1.0221799508689644	0.00061159214	0	1
1341.343785559956	39360.23	24.033379	1.0271199291516042	0.0006106006	0	1
1341.345174411863	39272.82	24.013563	1.026812633750677	0.000611455	0	1
1341.3465632633038	39282.906	24.006262	1.0290775471118225	0.00061111216	0	1
1341.3479521152108	39148.91	23.97621	1.0275928611412648	0.0006124362	0	1
1341.349340966653	39336.004	24.02995	1.0345470438804423	0.00061088946	0	1
1341.35072981856	39228.53	24.002941	1.0337662718332987	0.00061187457	0	1
1341.3521186700013	39158.266	23.98718	1.033986396120976	0.00061257003	0	1
1341.3535075219086	39191.32	23.988848	1.0369508616408762	0.00061209593	0	1
1341.3548963733501	39217.957	23.99847	1.0397663356949227	0.00061192556	0	1
1341.3562852252571	39216.426	23.999626	1.0418534988121158	0.00061197893	0	1
1341.3576740766985	39054.3	23.957247	1.0396854991019913	0.0006134343	0	1
1341.3590629286064	39145.47	23.972157	1.0442655210928926	0.0006123865	0	1
1341.3604517800477	39019.504	23.942085	1.0430785992866316	0.00061359274	0	1
1341.3618406319542	39167.004	23.983948	1.049212333861677	0.0006123508	0	1
1341.3632294833956	39126.316	23.97016	1.0503200206265626	0.0006126352	0	1
1341.3646183353035	38976.34	23.938662	1.0484924062185434	0.0006141844	0	1
1341.3660071867457	39007.492	23.942308	1.0515514637247938	0.00061378744	0	1
1341.3673960381864	39079.78	23.962988	1.0557393706224303	0.0006131812	0	1
1341.3687848900927	38973.32	23.928864	1.0551059060170618	0.00061398064	0	1
1341.370173741535	38983.848	23.9321	1.0576468532150032	0.00061389786	0	1
1341.371562593442	38941.203	23.918283	1.0587542125042815	0.0006142153	0	1
1341.3729514448835	39040.17	23.94724	1.0637253382576262	0.00061339996	0	1
1341.3743402967907	38980.44	23.92732	1.0643842594448845	0.0006138289	0	1
1341.375729148232	38941.164	23.919518	1.065604759830031	0.00061424763	0	1
1341.377118000139	38892.027	23.907145	1.066558478744712	0.00061470555	0	1
1341.3785068515806	38877.23	23.903395	1.0684576749501233	0.00061484304	0	1
1341.3798957030226	38854.902	23.901968	1.07015452602034	0.00061515963	0	1
1341.3812845549296	38898.254	23.902945	1.073667736432142	0.00061449915	0	1
1341.3826734063705	38763.324	23.870947	1.0722512067743195	0.00061581266	0	1
1341.3840622582775	38948.58	23.92525	1.079704453137058	0.00061427784	0	1
1341.3854511097197	38696.598	23.851362	1.0750430368383352	0.00061636843	0	1
1341.3868399616276	38811.438	23.89124	1.0805742625523516	0.00061557215	0	1
1341.3882288130683	38837.27	23.901117	1.0836244575513008	0.000615417	0	1
1341.389617664509	38685.227	23.853603	1.0817141012064169	0.00061660755	0	1
1341.3910065164168	38818.4	23.890703	1.0877694253131893	0.00061544793	0	1
1341.3923953678582	38735.12	23.86964	1.0877724207544786	0.00061622733	0	1
1341.3937842197654	38733.418	23.874859	1.0900553592071955	0.00061638915	0	1
1341.395173071207	38590.598	23.82434	1.0883441381627335	0.0006173613	0	1
1341.396561923114	38711.41	23.860996	1.0940765191357347	0.00061638147	0	1
1341.3979507745553	38524.89	23.810953	1.0911288961112928	0.00061806676	0	1
1341.3993396259968	38459.45	23.792341	1.0915785194399612	0.00061863445	0	1
1341.4007284779045	38318.89	23.75677	1.0898789093257075	0.0006199754	0	1
1341.402117329346	38280.344	23.750967	1.0910643192797713	0.0006204481	0	1
1341.4035061807867	38207.707	23.723097	1.0912648955128936	0.0006208982	0	1
1341.404895032694	38004.08	23.668766	1.0877003249183987	0.0006227954	0	1
1341.406283884136	37879.656	23.635052	1.0863750181501093	0.0006239511	0	1
1341.4076727360439	37702.03	23.596016	1.0834969468827271	0.0006258553	0	1
1341.4090615874848	37532.97	23.543777	1.0808346418354762	0.0006272826	0	1
1341.4104504389254	37343.33	23.497276	1.0775480039262464	0.0006292229	0	1
1341.411839290833	37189.27	23.457075	1.0752564865600518	0.00063074846	0	1
1341.4132281422746	37018.57	23.409866	1.0724526057352517	0.0006323817	0	1
1341.4146169941819	36852.402	23.356356	1.069747351784567	0.0006337811	0	1
1341.4160058456232	36577.195	23.284973	1.0638376348500114	0.0006365981	0	1
1341.4173946970645	36407.188	23.225996	1.060947454283886	0.00063795084	0	1
1341.4187835489715	36127.543	23.162758	1.0548213471432706	0.00064113847	0	1
1341.420172400413	35944.473	23.0996	1.0514726101110883	0.0006426468	0	1
1341.4215612518553	35745.96	23.042673	1.0476337831561637	0.0006446231	0	1
1341.4229501037626	35429.945	22.958553	1.0403049417738486	0.00064799853	0	1
1341.424338955203	35302.066	22.914886	1.0384573002938984	0.0006491089	0	1
1341.4257278066445	35002.3	22.838924	1.0315108672952888	0.0006524978	0	1
1341.4285055099945	34513.22	22.703367	1.0207277503395429	0.0006578166	0	1
1341.4298943614358	34238.547	22.622416	1.0143730660641925	0.0006607294	0	1
1341.4312832133423	33906.71	22.519686	1.006271344766185	0.00066416606	0	1
1341.4326720647837	33670.363	22.44928	1.0009517161085029	0.0006667371	0	1
1341.4340609162252	33388.418	22.373745	0.9942270633620568	0.000670105	0	1
1341.4354497681325	33094.03	22.283283	0.9870793276544992	0.00067333237	0	1
1341.4368386195745	32850.08	22.221981	0.9813849045648161	0.0006764666	0	1
1341.438227471016	32579.072	22.133108	0.9748322998980312	0.0006793658	0	1
1341.4396163229223	32257.23	22.04683	0.9667047823132847	0.00068346935	0	1
1341.441005174364	31951.863	21.950726	0.9590155508300363	0.0006869936	0	1
1341.442394025806	31660.764	21.866983	0.9517005395696223	0.00069066504	0	1
1341.4437828777136	31372.312	21.787094	0.9444119091883931	0.00069446885	0	1
1341.4451717291545	31137.998	21.719597	0.9387022418591698	0.0006975271	0	1
1341.4465605805954	30783.904	21.61254	0.9293281649881691	0.0007020727	0	1
1341.447949432503	30526.168	21.532564	0.9228086226856633	0.0007053805	0	1
1341.449338283945	30152.1	21.423124	0.9127174096472419	0.0007105019	0	1
1341.4507271353866	29975.936	21.363995	0.908565321459194	0.00071270484	0	1
1341.452115987293	29554.143	21.238329	0.8969151822848637	0.00071862445	0	1
1341.4535048387345	29364.973	21.17303	0.892271326752694	0.00072103017	0	1
1341.454893690176	29049.133	21.072481	0.8837294354078365	0.00072540826	0	1
1341.4562825416174	28757.264	20.985962	0.8758642021922727	0.00072976213	0	1
1341.4576713935253	28438.135	20.888887	0.8671164481846982	0.0007345379	0	1
1341.4590602449666	28199.059	20.811377	0.8607595242484483	0.00073801674	0	1
1341.4604490964075	27921.059	20.717424	0.8531661485809041	0.00074199995	0	1
1341.4618379483145	27620.13	20.637117	0.8448222958283296	0.00074717664	0	1
1341.4632267997565	27361.96	20.559938	0.8377374747505532	0.0007514059	0	1
1341.4646156511988	27112.303	20.469975	0.8308664368828828	0.00075500685	0	1
1341.4660045026394	26886.55	20.400606	0.8246825337720624	0.0007587662	0	1
1341.467393354546	26688.504	20.332466	0.8193047218454471	0.00076184364	0	1
1341.468782205988	26344.658	20.220219	0.8094047996435242	0.00076752633	0	1
1341.47017105743	26232.902	20.190641	0.8065918253670735	0.0007696686	0	1
1341.4715599088715	25962.377	20.103186	0.798855668502405	0.0007743199	0	1
1341.4729487607779	25798.543	20.056025	0.7943601023831321	0.0007774092	0	1
1341.4743376122194	25657.426	20.004452	0.7905248627952824	0.0007796749	0	1
1341.475726463661	25456.91	19.942642	0.784819973603954	0.00078338815	0	1
1341.477115315568	25383.496	19.915363	0.7829955053341788	0.0007845792	0	1
1341.4785041670102	25316.945	19.897892	0.7811593446359992	0.00078595156	0	1
1341.4798930184515	25176.205	19.849613	0.777032398990063	0.00078842754	0	1
1341.4812818698924	25092.918	19.822165	0.7746768735661623	0.00078995054	0	1
1341.4826707213338	24986.322	19.797842	0.771600249289313	0.0007923472	0	1
1341.4840595732417	25002.865	19.799578	0.7723256057306297	0.00079189235	0	1
1341.4854484246837	25064.201	19.813547	0.7744353813990095	0.00079051184	0	1
1341.4868372761243	25002.236	19.789246	0.7727355151022272	0.00079149904	0	1
1341.4882261275652	25073.906	19.824926	0.775166055619965	0.0007906597	0	1
1341.4896149794731	25101.781	19.831142	0.7762436406742046	0.0007900293	0	1
1341.4910038309151	25198.3	19.857738	0.7794451687034811	0.0007880586	0	1
1341.4923926823567	25299.697	19.892248	0.7827993765734392	0.00078626425	0	1
1341.4937815337973	25466.332	19.947294	0.7881745549211452	0.000783281	0	1
1341.4951703857046	25555.64	19.971003	0.7909310616419214	0.00078147143	0	1
1341.496559237146	25774.084	20.049257	0.7976485382900628	0.0007778844	0	1
1341.4979480885872	25949.459	20.102947	0.8029966669205171	0.0007746962	0	1
1341.4993369400295	26062.188	20.14427	0.8063693858365245	0.0007729309	0	1
1341.5007257914717	26375.135	20.241552	0.8158986794404725	0.0007674483	0	1
1341.5021146433778	26531.62	20.301048	0.8205486618792732	0.0007651643	0	1
1341.5035034948187	26768.127	20.370213	0.8276339820759611	0.0007609876	0	1
1341.504892346261	27007.936	20.453426	0.8347803207402636	0.0007573117	0	1
1341.506281197703	27281.574	20.537472	0.8429300015912791	0.0007527964	0	1
1341.5076700491445	27540.393	20.618725	0.8505783569362878	0.0007486722	0	1
1341.5090589010508	27819.924	20.704628	0.8588220077482748	0.0007442374	0	1
1341.5104477524924	28050.992	20.77482	0.8655247039196049	0.00074060913	0	1
1341.5118366039344	28359.992	20.87738	0.8745858126300005	0.0007361561	0	1
1341.513225455376	28655.656	20.973103	0.8831875107742522	0.000731901	0	1
1341.5146143068173	28838.652	21.027843	0.8882700495704068	0.00072915485	0	1
1341.5160031587243	29220.068	21.142462	0.8994150441341667	0.00072355964	0	1
1341.5173920101652	29499.068	21.235237	0.9073556835343706	0.0007198613	0	1
1341.5187808616065	29800.045	21.325422	0.9159212408716804	0.0007156171	0	1
1341.5201697130487	30026.846	21.394379	0.9221564511608665	0.00071250834	0	1
1341.521558564491	30450.578	21.513039	0.9343853034726236	0.0007064903	0	1
1341.5229474159316	30621.695	21.56558	0.9388090557908968	0.0007042582	0	1
1341.524336267838	31032.594	21.695715	0.9505301024677657	0.0006991267	0	1
1341.5257251192802	31287.5	21.76545	0.9574161766863609	0.0006956596	0	1
1341.5271139707224	31539.611	21.851215	0.964163849755228	0.00069281814	0	1
1341.5285028221638	31884.738	21.951511	0.9736988515955123	0.00068846456	0	1
1341.5298916736047	32093.197	22.018684	0.9790050923923636	0.0006860857	0	1
1341.531280525046	32466.9	22.130394	0.989295465390867	0.0006816294	0	1
1341.5326693764882	32758.02	22.211584	0.9970095314310286	0.0006780503	0	1
1341.5340582283952	32979.395	22.269646	1.0025459714100473	0.0006752594	0	1
1341.5354470798366	33294.742	22.364817	1.010883000775788	0.00067172217	0	1
1341.5368359312781	33583.305	22.456602	1.0183479104842068	0.0006686835	0	1
1341.5382247827188	33809.895	22.51929	1.0238779428905844	0.00066605624	0	1
1341.53961363416	34085.812	22.607079	1.03084647471747	0.00066324015	0	1
1341.5410024856023	34359.69	22.683346	1.037695997377814	0.00066017313	0	1
1341.5423913370446	34581.73	22.734764	1.0429247562248407	0.00065742125	0	1
1341.5437801889511	34866.48	22.824476	1.0499891243492667	0.0006546252	0	1
1341.5451690403916	35121.434	22.901	1.056099117517147	0.00065205194	0	1
1341.5465578918338	35421.805	22.991116	1.0635170595810812	0.00064906676	0	1
1341.547946743276	35651.156	23.054447	1.0687461592521708	0.0006466676	0	1
1341.5493355947174	35823.453	23.10534	1.0722144876182609	0.000644978	0	1
1341.5507244461583	36094.676	23.177898	1.0785915792627137	0.00064214173	0	1
1341.5521132975996	36364.0	23.250172	1.0848553615549419	0.0006393733	0	1
1341.5535021490418	36540.875	23.296593	1.0883093972264388	0.00063754886	0	1
1341.5548910004832	36749.496	23.365799	1.0926606204448304	0.00063581276	0	1
1341.5562798523902	36910.11	23.412214	1.0955374054854317	0.00063430355	0	1
1341.5576687038317	37147.76	23.472054	1.1006527097308951	0.00063185644	0	1
1341.5590575552724	37273.98	23.506437	1.102420562380259	0.0006306393	0	1
1341.560446406714	37505.35	23.57345	1.1072534602980209	0.00062853564	0	1
1341.561835258156	37657.945	23.614653	1.1097148562339303	0.0006270829	0	1
1341.5632241095982	37812.89	23.661915	1.1122044775901836	0.0006257632	0	1
1341.564612961039	37812.156	23.644258	1.110083125207298	0.00062530837	0	1
1341.5660018124797	38187.973	23.755024	1.1189729372181563	0.00062205514	0	1
1341.5673906639217	38271.727	23.7809	1.1192572063524917	0.0006213699	0	1
1341.568779515364	38339.387	23.802303	1.1190413302736422	0.0006208316	0	1
1341.5701683668053	38474.652	23.83812	1.120767080777604	0.00061957986	0	1
1341.5715572187119	38512.53	23.841171	1.1196268848946518	0.0006190497	0	1
1341.5729460701532	38628.457	23.884565	1.120728527683561	0.0006183153	0	1
1341.5743349215954	38661.82	23.879263	1.1194088010152066	0.0006176446	0	1
1341.5757237730368	38667.477	23.89061	1.117268284649292	0.00061784766	0	1
1341.5771126244783	38779.73	23.91271	1.1181854609822388	0.0006166291	0	1
1341.5785014759203	38754.23	23.913715	1.115111024332162	0.00061706075	0	1
1341.5798903273612	38754.867	23.913769	1.11277672222561	0.000617052	0	1
1341.5812791788019	38821.816	23.930738	1.1123298669481687	0.000616425	0	1
1341.582668030244	38789.793	23.920176	1.1090335564718226	0.0006166616	0	1
1341.5840568816861	38788.043	23.918411	1.1065942586871984	0.0006166439	0	1
1341.5854457331275	38794.285	23.92145	1.104373023963485	0.00061662303	0	1
1341.5868345845684	38887.24	23.953289	1.104605323875405	0.00061596785	0	1
1341.5882234360097	38811.812	23.93225	1.100045844728178	0.0006166228	0	1
1341.589612287452	38848.902	23.934448	1.0986708653492947	0.0006160907	0	1
1341.5910011388933	38899.59	23.94947	1.0976689252198095	0.00061567413	0	1
1341.5923899903348	38854.31	23.947922	1.0939534741715564	0.0006163518	0	1
1341.5937788417764	38939.516	23.964508	1.0939052036080656	0.000615429	0	1
1341.5951676932177	38942.44	23.963882	1.0915365478329382	0.00061536673	0	1
1341.596556544659	38911.938	23.957766	1.0882301172081568	0.00061569194	0	1
1341.5979453961006	38937.973	23.960382	1.0865035331614847	0.00061534747	0	1
1341.5993342475426	38909.008	23.95839	1.0832416626427985	0.00061575434	0	1
1341.6007230989835	39067.375	23.995691	1.0851819417915194	0.00061421306	0	1
1341.6021119504244	38983.81	23.969204	1.0804084161056153	0.00061485026	0	1
1341.603500802332	39077.152	23.997742	1.0805337828944324	0.00061411184	0	1
1341.604889653774	39004.504	23.974045	1.0760704708713051	0.0006146481	0	1
1341.6062785052156	39057.727	23.991476	1.0750842851120608	0.00061425683	0	1
1341.6076673566563	39125.12	24.014837	1.0744847297030273	0.0006137959	0	1
1341.6090562080979	39092.9	23.996855	1.071152098979786	0.0006138418	0	1
1341.6104450595399	39123.78	24.0094	1.0695543199268764	0.0006136779	0	1
1341.6118339109814	39136.777	24.016106	1.067471242185477	0.0006136455	0	1
1341.613222762423	39150.45	24.015823	1.0654121048668177	0.00061342394	0	1
1341.6146116138643	39102.234	24.01344	1.0616788640508912	0.00061411934	0	1
1341.61600046484	39163.004	24.027534	1.0609125434914293	0.0006135263	0	1
1341.6173893162816	39191.1	24.034431	1.0592650055252395	0.00061326247	0	1
1341.6187781677231	39174.824	24.024061	1.0564273920141751	0.0006132526	0	1
1341.6201670191651	39252.99	24.042112	1.056143523166304	0.0006124913	0	1
1341.6215558706058	39235.7	24.03952	1.053299074561096	0.00061269506	0	1
1341.6229447220467	39246.086	24.040972	1.0512100720266753	0.0006125699	0	1
1341.6243335734887	39329.914	24.06746	1.0510966673746924	0.0006119377	0	1
1341.6257224249307	39217.14	24.045126	1.0457413072871193	0.00061312795	0	1
1341.6271112763723	39268.19	24.050762	1.0447734540568678	0.0006124744	0	1
1341.628500127813	39287.297	24.05457	1.0429660845937037	0.00061227346	0	1
1341.6298889792545	39329.35	24.066994	1.0417795454046412	0.0006119347	0	1
1341.6312778306965	39333.438	24.067177	1.0396003510967124	0.00061187573	0	1
1341.632666682138	39402.82	24.083664	1.039159097775641	0.00061121676	0	1
1341.6340555335796	39303.51	24.058853	1.0342914907989376	0.00061212986	0	1
1341.635444385021	39436.2	24.08903	1.035536834393653	0.00061083544	0	1
1341.6368332364623	39426.496	24.086216	1.033058124154235	0.00061091443	0	1
1341.6382220879038	39420.008	24.08687	1.0306831342881293	0.0006110316	0	1
1341.6396109393454	39423.766	24.092245	1.0285952806859369	0.00061110966	0	1
1341.6409997907874	39455.805	24.09702	1.0272629262826967	0.00061073445	0	1
1341.642388642229	39472.19	24.091198	1.0255404943278033	0.0006103334	0	1
1341.6437774936696	39427.645	24.082901	1.0222570201850893	0.00061081257	0	1
1341.6451663451112	39436.74	24.0876	1.0203872543452068	0.0006107909	0	1
1341.6465551965532	39572.46	24.12581	1.021821480370306	0.0006096616	0	1
1341.6479440479948	39406.88	24.075235	1.0154855039519461	0.0006109399	0	1
1341.6493328989704	39600.375	24.135439	1.0184096088675314	0.000609475	0	1
1341.6507217504118	39532.0	24.11539	1.0146293696017241	0.00061002205	0	1
1341.6521106018533	39578.445	24.123917	1.01382052185937	0.0006095216	0	1
1341.653499453295	39584.84	24.131113	1.012006779096693	0.00060960493	0	1
1341.6548883047362	39592.203	24.124884	1.010241209046349	0.0006093342	0	1
1341.6562771561785	39625.195	24.13456	1.0091520954651163	0.00060907105	0	1
1341.6576660076198	39646.8	24.140604	1.0077952137651893	0.0006088916	0	1
1341.6590548590607	39647.156	24.13231	1.0059223611062336	0.000608677	0	1
1341.660443710502	39652.734	24.137651	1.0042073383767995	0.00060872606	0	1
1341.661832561944	39668.484	24.146454	1.0027748771619232	0.00060870626	0	1
1341.6646102643613	39665.367	24.145584	0.9991128969356731	0.00060873217	0	1
1341.6659991158022	39678.574	24.147589	0.9976936250484039	0.00060858007	0	1
1341.6673879672442	39712.34	24.167088	0.9968164806951623	0.0006085536	0	1
1341.6687768186857	39687.246	24.149864	0.9944890834655756	0.0006085044	0	1
1341.670165670127	39767.258	24.169508	0.9948209803367907	0.00060777407	0	1
1341.6715545215684	39726.348	24.1619	0.9921543870546589	0.0006082084	0	1
1341.67294337301	39834.926	24.182217	0.9932469194363114	0.0006070607	0	1
1341.6743322244515	39860.496	24.199997	0.9922930565634558	0.0006071173	0	1
1341.6771099268694	39802.465	24.177128	0.9877574174561784	0.0006074279	0	1
1341.6784987783108	39855.176	24.192291	0.9875621366866032	0.00060700503	0	1
1341.6798876297516	39837.145	24.186884	0.9856423887971405	0.00060714403	0	1
1341.681276481193	39850.945	24.187008	0.9845403610831899	0.00060693687	0	1
1341.6840541840772	39919.582	24.2006	0.9834351042765025	0.0006062338	0	1
1341.685443035518	39904.99	24.20512	0.9817214988864321	0.00060656876	0	1
1341.686831886493	39862.887	24.189953	0.9793639124627201	0.00060682895	0	1
1341.6882207379354	39889.156	24.199299	0.9787176530678472	0.0006066636	0	1
1341.6896095893767	39823.406	24.178242	0.9758460614252877	0.00060713646	0	1
1341.690998440818	39876.78	24.190237	0.9759253352202764	0.00060662464	0	1
1341.6923872922596	39945.188	24.21646	0.9764003474641574	0.0006062422	0	1
1341.6937761437011	39876.664	24.18866	0.9735600578805884	0.00060658687	0	1
1341.6951649946768	39987.098	24.226854	0.9751196367536583	0.0006058668	0	1
1341.6979426975604	39991.08	24.229567	0.9730399063722429	0.0006058743	0	1
1341.6993315490017	39938.027	24.207952	0.9707106738388932	0.0006061379	0	1
1341.702109251884	39965.152	24.216278	0.9693894952062749	0.0006059348	0	1
1341.7048869543025	39897.535	24.195715	0.9659033298650208	0.00060644635	0	1
1341.707664657184	39907.52	24.200485	0.9644305983408282	0.00060641416	0	1
1341.7090535086263	40004.418	24.224825	0.9659629295816016	0.00060555374	0	1
1341.7132200624849	39948.008	24.205893	0.9623767927288789	0.00060593494	0	1
1341.7146089139264	40010.34	24.21977	0.9632032329780396	0.0006053378	0	1
1341.7159977653678	39995.82	24.223381	0.9622125490610498	0.0006056478	0	1
1341.7173866163434	40004.145	24.218943	0.9618054225516658	0.00060541084	0	1
1341.7187754677857	40026.605	24.231085	0.9617716980223907	0.00060537446	0	1
1341.720164319227	40058.38	24.228252	0.9619950478662862	0.0006048236	0	1
1341.721553170668	39929.016	24.195208	0.9584009034946929	0.00060595555	0	1
1341.7229420221092	39965.582	24.212626	0.9587911349015816	0.0006058369	0	1
1341.7243308730858	40088.15	24.236465	0.9613108017628685	0.00060457934	0	1
1341.725719724528	40038.516	24.227345	0.9597007461442785	0.00060510094	0	1
1341.7271085759694	40022.04	24.217014	0.9589374749599798	0.000605092	0	1
1341.7284974274103	40082.977	24.23797	0.960063136835791	0.0006046949	0	1
1341.729886278386	40030.82	24.231075	0.9585144038957818	0.0006053105	0	1
1341.7312751298273	39888.094	24.187574	0.9548672418292269	0.0006063858	0	1
1341.7326639812688	40115.71	24.24678	0.9600852326320151	0.0006044211	0	1
1341.7340528327109	40014.84	24.223417	0.9574409280769671	0.00060536084	0	1
1341.7354416841524	39991.62	24.218122	0.9567244102581907	0.00060557993	0	1
1341.7368305351274	40042.93	24.22486	0.9578253992004022	0.0006049722	0	1
1341.738219386569	39945.05	24.198046	0.9554099380110702	0.0006057833	0	1
1341.739608238011	39997.348	24.212831	0.9565864932097261	0.00060536095	0	1
1341.7409970894532	40077.617	24.233349	0.9584839853744174	0.0006046604	0	1
1341.7423859404284	40035.9	24.229874	0.957498803614951	0.0006052037	0	1
1341.7437747918689	39995.527	24.213972	0.9565805886714468	0.000605417	0	1
1341.7451636433111	39877.508	24.181196	0.9538570550553134	0.00060638686	0	1
1341.7465524942877	40026.39	24.227766	0.9575178363601891	0.0006052948	0	1
1341.747941345729	40019.188	24.22307	0.9574972565125788	0.0006052864	0	1
1341.7507190486112	39950.72	24.195522	0.9562662769151088	0.00060563424	0	1
1341.7521078995878	39995.965	24.21444	0.9576053029381266	0.0006054221	0	1
1341.7534967510292	39895.984	24.188711	0.9555188127556454	0.0006062944	0	1
1341.7548856024705	40027.52	24.220955	0.9589776212287316	0.0006051076	0	1
1341.756274453912	39952.72	24.20321	0.957545454100866	0.00060579635	0	1
1341.757663304887	39924.395	24.198788	0.9572609274503492	0.0006061153	0	1
1341.7590521563286	39977.64	24.197649	0.9589671368704381	0.0006052796	0	1
1341.7604410077706	39968.586	24.214039	0.9592140330637734	0.00060582673	0	1
1341.7618298587472	40005.125	24.219166	0.9605901210294373	0.0006054016	0	1
1341.763218710188	39931.93	24.196127	0.9593654079852554	0.0006059343	0	1
1341.7646075616287	39925.035	24.191929	0.9597670232507781	0.00060593383	0	1
1341.7659964130708	39941.85	24.202192	0.9607732649941539	0.00060593564	0	1
1341.7673852640473	39879.793	24.18161	0.9599159361292262	0.0006063625	0	1
1341.7687741154887	39806.496	24.156443	0.958836849362393	0.00060684676	0	1
1341.7701629669295	39904.785	24.191227	0.9618922429853304	0.0006062237	0	1
1341.7715518179052	39967.434	24.211588	0.9641588367110491	0.0006057829	0	1
1341.7729406693475	39852.484	24.182705	0.9621413294305652	0.00060680544	0	1
1341.7743295207888	39877.37	24.186768	0.9635487124402649	0.00060652866	0	1
1341.7757183717647	39858.15	24.17982	0.9639244235239032	0.0006066468	0	1
1341.7771072232063	39845.188	24.178825	0.9644848229463499	0.00060681923	0	1
1341.7784960746467	39852.12	24.179115	0.9655605138015182	0.0006067209	0	1
1341.7798849256226	39767.48	24.159979	0.9644494250755103	0.00060753105	0	1
1341.7812737770646	39812.848	24.170738	0.9665240403035419	0.000607109	0	1
1341.7826626285068	39750.17	24.148212	0.9660088143888025	0.00060749956	0	1
1341.784051479482	39705.66	24.12991	0.9659811505741299	0.00060771964	0	1
1341.7854403309227	39796.973	24.154968	0.9692614465399773	0.0006069549	0	1
1341.7868291823647	39752.418	24.145632	0.9692826174002563	0.0006074003	0	1
1341.7882180333413	39781.41	24.162535	0.9711297544083461	0.00060738256	0	1
1341.7896068847826	39708.066	24.134869	0.9705103578323258	0.0006078077	0	1
1341.7909957362235	39822.45	24.16506	0.9745281618019479	0.00060682005	0	1
1341.7923845871992	39673.98	24.127415	0.9721155224794046	0.000608142	0	1
1341.7937734386414	39711.24	24.132633	0.9742975812021254	0.0006077029	0	1
1341.7951622900828	39707.457	24.136177	0.9755062206816225	0.00060785	0	1
1341.7965511410587	39715.605	24.142132	0.9770403257134457	0.0006078752	0	1
1341.7979399925007	39642.16	24.111996	0.9765969830615324	0.00060824124	0	1
1341.799328843476	39643.453	24.119228	0.9780242230384074	0.0006084038	0	1
1341.8007176949168	39565.016	24.094015	0.9775269938559302	0.00060897274	0	1
1341.8021065463588	39650.938	24.123642	0.981095091117721	0.00060840027	0	1
1341.8034953973352	39661.52	24.121626	0.9828475349286013	0.0006081871	0	1
1341.8048842487767	39628.668	24.115015	0.9835539488268443	0.0006085245	0	1
1341.8062731002174	39598.574	24.106731	0.9843573013957033	0.00060877774	0	1
1341.8076619511933	39635.97	24.114857	0.9868693195620498	0.0006084084	0	1
1341.8090508026353	39538.316	24.080688	0.9860469308830028	0.0006090469	0	1
1341.8104396536112	39597.6	24.106333	0.9891671109281327	0.00060878263	0	1
1341.8118285050527	39555.633	24.097921	0.9897886386023287	0.00060921593	0	1
1341.813217356494	39475.35	24.071585	0.9894760242570028	0.0006097877	0	1
1341.8146062074698	39453.895	24.075495	0.9906629441172712	0.00061021844	0	1
1341.8159950589113	39545.785	24.09237	0.9947282837942384	0.0006092272	0	1
1341.8173839098872	39482.89	24.069859	0.9949304102685091	0.0006096276	0	1
1341.8187727613292	39442.56	24.0702	0.9957250616050405	0.0006102596	0	1
1341.8201616127699	39434.47	24.070026	0.9973597887437685	0.0006103804	0	1
1341.821550463745	39450.42	24.074013	0.9996310321305244	0.0006102346	0	1
1341.822939315187	39432.39	24.060858	1.0010688008770192	0.00061018	0	1
1341.8243281661635	39453.87	24.070238	1.0035372704140861	0.0006100856	0	1
1341.825717017605	39377.22	24.046745	1.003534050969676	0.0006106766	0	1
1341.8271058690457	39297.434	24.024872	1.0034792072132728	0.00061135984	0	1
1341.8284947200216	39341.33	24.037075	1.0065886185492372	0.0006109879	0	1
1341.8298835714636	39441.895	24.063843	1.0111994637880413	0.0006101087	0	1
1341.8312724224395	39329.188	24.037565	1.0103500632063527	0.00061118894	0	1
1341.832661273881	39349.38	24.044355	1.012943977175475	0.0006110479	0	1
1341.8340501248567	39274.133	24.023994	1.0131030599419995	0.0006117002	0	1
1341.835438976298	39324.793	24.040012	1.0165331574189516	0.0006113195	0	1
1341.836827827274	39276.863	24.018164	1.0174389351459285	0.0006115092	0	1
1341.8382166787155	39263.555	24.006704	1.0192618237088955	0.0006114246	0	1
1341.8396055301575	39320.453	24.03519	1.0229328770380968	0.0006112643	0	1
1341.8409943811334	39243.08	24.0129	1.0231323534103558	0.0006119015	0	1
1341.842383232574	39143.383	23.981577	1.0227681007088647	0.0006126598	0	1
1341.84377208355	39177.895	23.988104	1.0259166082465416	0.0006122867	0	1
1341.845160934992	39148.066	23.981962	1.027407807120473	0.00061259634	0	1
1341.846549785968	39248.125	24.006245	1.0323376625093712	0.00061165326	0	1
1341.8479386374086	39152.324	23.977453	1.0321264125444884	0.00061241456	0	1
1341.8493274883845	39088.254	23.962626	1.0327668884923318	0.000613039	0	1
1341.8507163398265	39135.508	23.984282	1.0363669043704318	0.00061285216	0	1
1341.8521051908024	39172.79	23.987995	1.0397265755215435	0.00061236374	0	1
1341.8534940422437	39044.59	23.95706	1.0387065941490672	0.0006135821	0	1
1341.854882893685	39056.207	23.952381	1.0414165226345276	0.00061327976	0	1
1341.856271744661	39078.258	23.960812	1.0444236243664509	0.00061314943	0	1
1341.8576605961025	39122.844	23.97404	1.0480534499133383	0.0006127888	0	1
1341.8590494470782	38999.4	23.94319	1.0471926524930475	0.0006139374	0	1
1341.8604382985204	39037.344	23.94773	1.0506751048437475	0.00061345694	0	1
1341.861827149496	39059.05	23.960604	1.053738667009553	0.00061344565	0	1
1341.8632160009367	39001.844	23.944965	1.0546847392490855	0.00061394443	0	1
1341.8646048519126	38901.773	23.918755	1.0544748967633732	0.00061484997	0	1
1341.8659937033547	38940.22	23.92981	1.0580276041685701	0.00061452686	0	1
1341.8673825543306	39023.918	23.941328	1.0628296414914893	0.000613504	0	1
1341.8687714057712	38901.684	23.909569	1.0620314188980164	0.0006146153	0	1
1341.870160256747	38973.734	23.928427	1.0665441892056573	0.0006139629	0	1
1341.8715491081891	38832.53	23.888538	1.065226014946585	0.0006151682	0	1
1341.872937959165	38847.71	23.892605	1.0681980227191814	0.0006150325	0	1
1341.8743268106064	38961.434	23.925661	1.073893462649376	0.00061408576	0	1
1341.875715661583	38881.336	23.90632	1.0742611709136807	0.0006148534	0	1
1341.8771045125586	38908.133	23.905285	1.077575320198175	0.0006144033	0	1
1341.8784933639995	38733.89	23.857327	1.075324163183599	0.000615929	0	1
1341.8798822149752	38826.82	23.891762	1.0804972011298433	0.0006153417	0	1
1341.8812710664174	38740.973	23.862738	1.0806919703986337	0.0006159561	0	1
1341.8840487688344	38696.367	23.854147	1.0846173334685618	0.0006164441	0	1
1341.8854376198096	38818.184	23.88256	1.0906209325682892	0.0006152416	0	1
1341.8868264712519	38745.863	23.869036	1.0911857721588145	0.0006160409	0	1
1341.8882153222276	38715.562	23.854582	1.0929205362657588	0.0006161497	0	1
1341.8896041736689	38684.277	23.849422	1.0946218994116232	0.0006165146	0	1
1341.8909930246448	38503.09	23.799438	1.0920324988072705	0.0006181176	0	1
1341.8923818760863	38584.977	23.817179	1.096909792503299	0.0006172656	0	1
1341.893770727062	38246.926	23.714254	1.0898438175586274	0.00062003033	0	1
1341.8951595780377	38391.246	23.757046	1.0965220702443867	0.00061881414	0	1
1341.89654842948	38191.04	23.709831	1.093368278438559	0.00062082184	0	1
1341.8979372804556	38025.535	23.654486	1.0911421920655904	0.0006220685	0	1
1341.8993261318965	37870.414	23.616419	1.0891847937692154	0.0006236113	0	1
1341.9007149828722	37786.254	23.59366	1.089243503925131	0.00062439794	0	1
1341.9021038343144	37595.746	23.534447	1.0862085979241478	0.00062598696	0	1
1341.9034926852908	37420.527	23.494247	1.083580606870619	0.00062784384	0	1
1341.9048815362657	37224.305	23.439512	1.0803083956699548	0.000629683	0	1
1341.9062703877066	37098.234	23.40091	1.0790384478975985	0.0006307823	0	1
1341.9076592386832	36873.434	23.33389	1.07486050860786	0.00063281035	0	1
1341.9090480901252	36647.94	23.27489	1.0706189493554126	0.00063509407	0	1
1341.9104369411011	36534.168	23.243608	1.0696039208291857	0.0006362156	0	1
1341.9118257925418	36291.58	23.17602	1.064778551820897	0.000638606	0	1
1341.9132146435177	35964.363	23.084236	1.0574172409510272	0.00064186414	0	1
1341.9146034944933	35915.805	23.062458	1.0582072273598557	0.0006421256	0	1
1341.9159923459347	35656.99	22.997877	1.0527641276234512	0.0006449753	0	1
1341.9173811969113	35341.53	22.908503	1.0455935943837829	0.0006482035	0	1
1341.9187700483526	35126.25	22.845772	1.0413337772088482	0.0006503903	0	1
1341.9201588993278	34893.094	22.782314	1.036495441192419	0.0006529176	0	1
1341.9215477503035	34710.516	22.724234	1.0331122825650685	0.0006546787	0	1
1341.9229366017457	34384.258	22.62284	1.0253994985417894	0.0006579418	0	1
1341.9243254527223	34096.87	22.545506	1.0187862255543205	0.0006612192	0	1
1341.925714304163	33857.35	22.474833	1.0135481296337239	0.00066380954	0	1
1341.927103155138	33676.9	22.424118	1.0100288231768135	0.00066586054	0	1
1341.9284920061145	33326.03	22.327103	1.0013425302160992	0.0006699598	0	1
1341.9298808575568	33061.36	22.24808	0.9951852399848694	0.000672933	0	1
1341.9312697085325	32762.07	22.165026	0.9879276860446875	0.0006765453	0	1
1341.9326585595077	32603.932	22.106691	0.9848736399633917	0.0006780376	0	1
1341.934047410949	32200.744	21.981827	0.9743589424770008	0.00068264967	0	1
1341.9354362619247	31965.262	21.920525	0.9688562646765095	0.0006857608	0	1
1341.9368251129006	31617.367	21.810707	0.9598867443075451	0.00068983313	0	1
1341.9382139643426	31467.082	21.76882	0.9568609883466496	0.0006917966	0	1
1341.9396028153183	31057.875	21.646042	0.9459033866217474	0.0006969582	0	1
1341.9409916667591	30919.834	21.60169	0.9431464855207959	0.0006986354	0	1
1341.9423805177348	30501.246	21.480919	0.9317738839785231	0.0007042636	0	1
1341.9437693687114	30240.88	21.396751	0.9251711033547946	0.0007075439	0	1
1341.9451582201536	30020.97	21.329556	0.9197514140604891	0.00071048853	0	1
1341.9465470711286	29727.62	21.235214	0.9120258365690174	0.0007143261	0	1
1341.9479359221036	29376.678	21.128498	0.9024722897408497	0.00071922695	0	1
1341.9493247735459	29151.213	21.061264	0.8967154554302178	0.00072248327	0	1
1341.9507136245225	28849.34	20.968443	0.8885525718661444	0.00072682573	0	1
1341.9521024754981	28592.41	20.890854	0.881717345539582	0.00073064334	0	1
1341.9534913269395	28373.293	20.816393	0.8759950313384594	0.0007336615	0	1
1341.9548801779154	28087.096	20.729824	0.8681478507824664	0.0007380551	0	1
1341.9562690288913	27880.695	20.659325	0.8627140598693427	0.0007409903	0	1
1341.9576578803326	27552.072	20.555592	0.8534443325913195	0.00074606336	0	1
1341.9590467313083	27356.139	20.499104	0.8482315286359582	0.00074934197	0	1
1341.9604355822848	27181.4	20.444754	0.8436279442083522	0.0007521597	0	1
1341.96182443326	26863.855	20.346245	0.8345408936928382	0.00075738365	0	1
1341.9632132847007	26767.643	20.308027	0.8322810551059281	0.0007586782	0	1
1341.964602135677	26500.256	20.23139	0.8246522187402628	0.0007634413	0	1
1341.9659909866537	26373.984	20.176407	0.8213674689161685	0.0007650117	0	1
1341.967379838095	26149.486	20.096912	0.8149779418125542	0.0007685395	0	1
1341.9687686890702	26071.951	20.074694	0.8131243444713424	0.0007699728	0	1
1341.9701575400459	25943.453	20.039883	0.809639347034251	0.0007724447	0	1
1341.9715463914881	25795.557	19.995068	0.8052920114631378	0.0007751361	0	1
1341.9729352424638	25744.271	19.969486	0.8039588194491819	0.0007756866	0	1
1341.9743240934397	25577.902	19.905363	0.7990296230518491	0.000778225	0	1
1341.9757129444156	25629.324	19.924343	0.8009029945007854	0.0007774042	0	1
1341.977101795857	25494.373	19.881197	0.796951612688748	0.0007798269	0	1
1341.9784906468326	25587.197	19.911966	0.8001202061270901	0.0007782004	0	1
1341.9798794978085	25537.326	19.903975	0.7988272954052437	0.00077940716	0	1
1341.9812683487849	25549.889	19.90464	0.799487144410296	0.00077905	0	1
1341.9826572002257	25703.246	19.957298	0.8045545506507358	0.0007764505	0	1
1341.9840460512007	25755.074	19.97122	0.8064462447972163	0.00077542855	0	1
1341.985434902177	25810.352	19.98608	0.8084472420900344	0.0007743436	0	1
1341.9868237536193	26052.535	20.06532	0.816305924384817	0.00077018683	0	1
1341.988212604595	26077.92	20.074482	0.8171150386730164	0.00076978846	0	1
1341.9896014555702	26292.28	20.140772	0.8238050598218137	0.0007660337	0	1
1341.9909903065459	26413.453	20.175024	0.8275343446237309	0.00076381624	0	1
1341.9923791579881	26647.518	20.252186	0.834758609853317	0.0007600027	0	1
1341.9937680089638	26623.643	20.23992	0.8338609334656762	0.00076022354	0	1
1341.9951568599397	27101.633	20.389355	0.848637745474442	0.00075232936	0	1
1341.9965457109156	27230.734	20.436672	0.8524437819974734	0.00075050024	0	1
1341.9979345618913	27324.234	20.466894	0.8550917660557907	0.0007490382	0	1
1341.9993234133326	27690.98	20.584093	0.8662440592867827	0.0007433501	0	1
1342.0007122643085	27881.492	20.642433	0.8718346330151436	0.00074036326	0	1
1342.0021011152849	28172.127	20.733805	0.8805072657652048	0.00073596876	0	1
1342.0034899662608	28507.85	20.83903	0.8905372586854128	0.0007309927	0	1
1342.0048788177014	28701.303	20.894955	0.8960717735623979	0.00072801416	0	1
1342.0062676686773	28996.807	20.990429	0.9047409458960819	0.0007238876	0	1
1342.0076565196537	29213.57	21.060572	0.9109007230992876	0.0007209174	0	1
1342.0090453706296	29564.027	21.170116	0.9211745269625307	0.0007160769	0	1
1342.0104342216046	29777.137	21.232012	0.9271134671118502	0.0007130307	0	1
1342.0118230730461	30113.36	21.333216	0.9368297028298296	0.0007084303	0	1
1342.0132119240225	30300.621	21.386415	0.9418559383737161	0.0007058078	0	1
1342.0146007749984	30674.918	21.504835	0.9526383094622907	0.000701056	0	1
1342.0159896259743	30918.578	21.575994	0.9593038284953364	0.0006978327	0	1
1342.01737847695	31186.795	21.661888	0.9666738493355483	0.00069458527	0	1
1342.0187673283913	31518.582	21.749315	0.9759536127374949	0.0006900474	0	1
1342.020156179367	31734.125	21.812143	0.9815744089580059	0.00068734033	0	1
1342.0215450303428	32109.662	21.940174	0.9920824067334072	0.00068328885	0	1
1342.0229338813192	32421.1	22.025715	1.0005444755573376	0.0006793636	0	1
1342.0243227322958	32610.83	22.085941	1.005191271491527	0.0006772579	0	1
1342.0257115837367	32893.465	22.168274	1.01264320926477	0.00067394157	0	1
1342.0271004347117	33204.047	22.25933	1.0208920986769041	0.0006703801	0	1
1342.028489285688	33490.676	22.34126	1.0283406038690182	0.00066708896	0	1
1342.029878136664	33724.625	22.41063	1.0341105236160693	0.0006645183	0	1
1342.0312669876398	33959.805	22.484035	1.0398591787111868	0.00066207786	0	1
1342.0326558386155	34285.92	22.572596	1.0483292873339611	0.0006583634	0	1
1342.0340446900568	34433.645	22.620445	1.0512855974759157	0.0006569286	0	1
1342.0354335410327	34779.82	22.719976	1.0602406730038483	0.0006532517	0	1
1342.0368223920086	35039.62	22.78772	1.0664973515782896	0.0006503415	0	1
1342.038211242985	35225.414	22.842491	1.0704438135294208	0.00064846623	0	1
1342.0396000939609	35511.28	22.919796	1.0773726094098532	0.00064542296	0	1
1342.0409889449359	35618.52	22.958168	1.0788274717208821	0.00064455706	0	1
1342.0423777963774	35963.773	23.048393	1.087434129491537	0.00064087805	0	1
1342.0437666473538	36095.957	23.082846	1.0895399974422142	0.0006394856	0	1
1342.0451554983301	36384.598	23.171047	1.0963134795203946	0.0006368367	0	1
1342.0465443493053	36576.85	23.234056	1.100124973135981	0.00063521205	0	1
1342.0479332002806	36719.508	23.269104	1.1023953404140383	0.0006336987	0	1
1342.049322051257	37024.406	23.349607	1.1094814544742357	0.00063065445	0	1
1342.0507109022333	37147.32	23.38962	1.111060746468635	0.0006296449	0	1
1342.0520997532092	37354.49	23.440762	1.1151126670372122	0.00062752195	0	1
1342.0534886046498	37515.54	23.490696	1.1177389987193733	0.0006261591	0	1
1342.0548774556257	37686.574	23.535643	1.1206166732682339	0.00062451	0	1
1342.0562663066016	37820.156	23.575474	1.122336887210523	0.00062335737	0	1
1342.0576551575773	37873.324	23.588266	1.1216348162552943	0.00062282005	0	1
1342.0590440085539	38065.582	23.642183	1.1250132948925198	0.0006210908	0	1
1342.0604328595296	38235.61	23.685009	1.1276898128124844	0.00061944895	0	1
1342.0618217105045	38264.38	23.696234	1.1261661249666064	0.0006192766	0	1
1342.0632105614804	38489.79	23.753853	1.1303931472702557	0.00061714684	0	1
1342.0645994124568	38518.508	23.76925	1.1288078817207834	0.0006170865	0	1
1342.0659882638988	38716.94	23.823814	1.1321630347950336	0.0006153331	0	1
1342.067377114874	38661.156	23.807909	1.1280574981091682	0.0006158095	0	1
1342.0687659658493	38773.855	23.82668	1.128847644079593	0.00061450375	0	1
1342.0701548168256	38737.715	23.82132	1.12528395423792	0.0006149387	0	1
1342.071543667802	38771.266	23.830782	1.1237303015595266	0.0006146506	0	1
1342.0729325187779	38793.914	23.843178	1.121843465381083	0.0006146113	0	1
1342.0743213697529	38764.2	23.831718	1.1184303835391864	0.0006147868	0	1
1342.0757102207288	38872.723	23.86834	1.1189779854605335	0.00061401253	0	1
1342.0770990717047	38832.332	23.848532	1.1152463284631937	0.0006141411	0	1
1342.0784879226803	38794.457	23.847618	1.1115716154610007	0.00061471714	0	1
1342.079876773657	38829.277	23.847599	1.1099716869295586	0.0006141654	0	1
1342.0812656246326	39008.78	23.888988	1.1124766179364491	0.0006124003	0	1
1342.0826544756078	38879.69	23.864143	1.106189788341142	0.00061379455	0	1
1342.0840433270491	38970.15	23.893076	1.106090892192536	0.00061311224	0	1
1342.086821029002	39024.766	23.907547	1.1023270351095047	0.000612625	0	1
1342.088209879977	38828.46	23.843182	1.0941573602112418	0.0006140646	0	1
1342.0895987309523	38871.344	23.860386	1.092750729297923	0.0006138297	0	1
1342.0909875819289	38914.293	23.870152	1.0913526610318476	0.0006134032	0	1
1342.0923764329052	39052.344	23.914661	1.092622025829767	0.00061237457	0	1
1342.093765283881	39099.492	23.922884	1.0912903774614453	0.0006118464	0	1
1342.095154134856	38970.996	23.88836	1.0850746728193614	0.0006129779	0	1
1342.096542985832	39006.02	23.896528	1.083415946050413	0.0006126369	0	1
1342.0979318368084	39053.176	23.906092	1.0820926182427133	0.0006121421	0	1
1342.0993206877843	39075.207	23.916447	1.080073272502473	0.00061206194	0	1
1342.10070953876	39019.02	23.90087	1.0758998441409944	0.00061254407	0	1
1342.1020983897363	39066.04	23.920343	1.0745793278038949	0.0006123053	0	1
1342.1034872407113	39028.37	23.906324	1.070936013408932	0.0006125371	0	1
1342.1048760916865	39201.754	23.948854	1.073077205085344	0.00061091286	0	1
1342.106264942663	39012.61	23.888784	1.0653085532726545	0.00061233493	0	1
1342.1076537936394	38973.19	23.881466	1.0616561631641281	0.0006127665	0	1
1342.1090426446153	39272.652	23.972645	1.067230412340417	0.0006104157	0	1
1342.1104314955903	39136.46	23.939121	1.0609675153791187	0.00061168335	0	1
1342.1118203465662	39307.7	23.981426	1.0630451424904397	0.00061009487	0	1
1342.1132091975426	39134.453	23.935923	1.0558188574684704	0.000611633	0	1
1342.1145980485185	39228.06	23.962315	1.055809404047823	0.0006108463	0	1
1342.1159868994941	39192.605	23.949617	1.0523390242837702	0.0006110749	0	1
1342.1173757504698	39321.094	23.991423	1.0532765863523286	0.00061014126	0	1
1342.1187646014457	39270.344	23.977093	1.04942484325946	0.0006105649	0	1
1342.1201534524216	39362.617	23.99842	1.0494086251373815	0.0006096754	0	1
1342.1215423033973	39323.363	23.99769	1.045899292233741	0.0006102655	0	1
1342.1229311543739	39306.207	23.990007	1.0429985975190204	0.00061033637	0	1
1342.1243200053489	39384.64	24.00897	1.0426485963720666	0.0006096024	0	1
1342.1257088563239	39370.29	24.014236	1.0398568874134875	0.00060995837	0	1
1342.1270977073004	39386.465	24.006668	1.0378905433331165	0.0006095157	0	1
1342.128486558277	39410.363	24.018229	1.0361450265103518	0.0006094394	0	1
1342.1298754092527	39356.56	24.003988	1.0323786893322162	0.00060991076	0	1
1342.131264260228	39474.117	24.035658	1.0331245304498433	0.00060889666	0	1
1342.1326531112036	39491.51	24.04466	1.0312622851366764	0.00060885644	0	1
1342.1340419621802	39510.434	24.045801	1.0294597369774543	0.0006085937	0	1
1342.1354308131558	39359.37	24.004555	1.0232646759056325	0.00060988154	0	1
1342.1368196641315	39502.2	24.040428	1.0247206209407211	0.00060858455	0	1
1342.1382085151072	39439.695	24.027214	1.020875322658403	0.000609214	0	1
1342.139597366083	39466.15	24.034868	1.0193585035731403	0.0006089996	0	1
1342.140986217059	39528.203	24.049217	1.0187806172151563	0.00060840655	0	1
1342.142375067569	39589.902	24.063807	1.018219637086566	0.00060782686	0	1
1342.1437639185456	39514.027	24.040335	1.0141301650609518	0.00060840003	0	1
1342.1451527695212	39592.246	24.056698	1.0140291292229593	0.0006076113	0	1
1342.1465416204965	39438.316	24.014484	1.0080398438032687	0.0006089125	0	1
1342.1479304714721	39684.617	24.08797	1.012283949885473	0.00060698506	0	1
1342.1493193224487	39508.383	24.03391	1.005754557800573	0.00060832436	0	1
1342.1507081734244	39591.234	24.06172	1.0058336668669512	0.0006077537	0	1
1342.1520970243996	39673.754	24.082607	1.0059515657907572	0.0006070161	0	1
1342.1534858753753	39626.047	24.064886	1.0027936734928353	0.0006072997	0	1
1342.1548747263519	39700.926	24.09108	1.0027649642407783	0.00060681405	0	1
1342.1562635773275	39616.94	24.066467	0.99875270496805	0.0006074792	0	1
1342.1576524283032	39688.01	24.09269	0.998678970114396	0.00060705206	0	1
1342.159041279279	39630.35	24.069704	0.9953945355816429	0.0006073553	0	1
1342.1604301297893	39692.07	24.088112	0.9951379001233397	0.00060687464	0	1
1342.161818980765	39700.14	24.09039	0.9935628862239668	0.00060680864	0	1
1342.1632078317407	39720.668	24.099697	0.9923284879372793	0.0006067294	0	1
1342.1645966827173	39806.35	24.123806	0.9927601012916735	0.00060602906	0	1
1342.165985533693	39721.766	24.099014	0.9889510407560913	0.0006066954	0	1
1342.1673743846682	39742.746	24.102282	0.9878163375391779	0.00060645735	0	1
1342.1687632356438	39666.047	24.079893	0.9842872253124864	0.0006070656	0	1
1342.1701520866204	39878.93	24.144117	0.9879831949799714	0.00060543546	0	1
1342.171540937596	39731.64	24.105389	0.9827585135711603	0.0006067051	0	1
1342.1729297881063	39824.875	24.119295	0.9835305521065387	0.00060563395	0	1
1342.1743186390822	39737.68	24.095266	0.9798923652615092	0.00060635817	0	1
1342.175707490058	39874.227	24.131279	0.9817740996389586	0.0006051849	0	1
1342.1770963410336	39780.258	24.115746	0.9780249655729698	0.00060622394	0	1
1342.1784851920095	39896.523	24.14872	0.9794765792160285	0.0006052838	0	1
1342.1798740429858	39818.707	24.121078	0.9761949560825214	0.00060577254	0	1
1342.1812628939615	39887.207	24.14362	0.9765338939373215	0.00060529733	0	1
1342.182651744471	39863.574	24.14725	0.9746489930772023	0.0006057472	0	1
1342.1840405954467	39838.953	24.131628	0.9727749524678103	0.00060572947	0	1
1342.1979291047396	39979.844	24.178055	0.9653271931436646	0.0006047561	0	1
1342.1993179552499	40008.19	24.183943	0.9651127648347411	0.0006044748	0	1
1342.2007068062262	39995.54	24.18049	0.9639440403123373	0.0006045797	0	1
1342.202095657202	40034.56	24.190405	0.9640553278041645	0.00060423807	0	1
1342.203484508177	40027.824	24.192343	0.963099471623524	0.00060438813	0	1
1342.204873359153	40027.246	24.192461	0.9623272738810853	0.00060439983	0	1
1342.2062622101294	40008.902	24.186375	0.9611637702114303	0.0006045248	0	1
1342.2076510606403	39993.527	24.180122	0.960107711665251	0.0006046009	0	1
1342.2090399116155	40002.29	24.18645	0.9596668013958852	0.0006046266	0	1
1342.2104287625905	40030.76	24.191322	0.9597338441349946	0.00060431834	0	1
1342.2118176135668	40029.484	24.193848	0.9591229653299629	0.0006044007	0	1
1342.2132064645434	40053.844	24.194298	0.9591618503455629	0.00060404435	0	1
1342.2145953150534	40041.91	24.195433	0.9583673429745516	0.0006042527	0	1
1342.2159841660286	40025.41	24.19001	0.9574998185664375	0.0006043663	0	1
1342.2173730170043	40059.38	24.196993	0.9578754101664114	0.0006040282	0	1
1342.218761867981	40092.33	24.202284	0.9582619616435263	0.00060366374	0	1
1342.220150718491	40010.973	24.186018	0.9559529944263576	0.00060448464	0	1
1342.2215395694666	40023.41	24.193071	0.9559216672553076	0.000604473	0	1
1342.2229284204425	40051.887	24.193027	0.9563092276724099	0.00060404214	0	1
1342.2243172714175	40048.395	24.192297	0.9559694686051792	0.0006040766	0	1
1342.2257061219277	39995.52	24.17662	0.9544874379543387	0.00060448324	0	1
1342.227094972904	40050.7	24.193323	0.9556203313333879	0.00060406746	0	1
1342.2284838238807	39994.77	24.173914	0.9541383260187262	0.0006044269	0	1
1342.2298726748559	40065.0	24.190712	0.9557022956959086	0.00060378667	0	1
1342.2312615258309	40006.36	24.183706	0.9542284077513206	0.00060449657	0	1
1342.2326503763416	40036.36	24.18999	0.9549050998960112	0.0006042005	0	1
1342.2340392273181	40057.19	24.192526	0.955399381897721	0.00060394965	0	1
1342.2354280782938	39920.484	24.155968	0.9521905001211408	0.00060510205	0	1
1342.236816929269	40025.77	24.183846	0.9547536240162574	0.00060420687	0	1
1342.238205779779	40028.26	24.183846	0.9549193382228869	0.00060416927	0	1
1342.2395946307556	40005.64	24.177404	0.9545221487342372	0.0006043499	0	1
1342.2409834817313	40025.035	24.187002	0.9551636917977996	0.00060429686	0	1
1342.2423723322415	39986.508	24.176043	0.9544591100789905	0.000604605	0	1
1342.2437611832174	40041.18	24.185982	0.9560154882919752	0.0006040277	0	1
1342.2451500341924	39995.07	24.17322	0.9552018778512706	0.00060440495	0	1
1342.2465388851683	40076.105	24.199574	0.9574793386627667	0.00060384045	0	1
1342.247927735679	39960.395	24.165295	0.9550561827592019	0.00060473115	0	1
1342.2493165866554	40021.53	24.180946	0.9569133324787036	0.00060419843	0	1
1342.2507054376313	39958.492	24.169691	0.9558374745311613	0.00060487	0	1
1342.2520942881406	39983.715	24.17484	0.9569085317389617	0.0006046172	0	1
1342.2534831391165	39954.03	24.161835	0.9567014653870621	0.00060474087	0	1
1342.2548719900929	39963.734	24.165676	0.9574731998551268	0.0006046901	0	1
1342.2562608410688	39970.85	24.166151	0.9582191007916598	0.00060459436	0	1
1342.257649691579	39966.305	24.16463	0.9587212563965583	0.0006046251	0	1
1342.2590385425547	39974.82	24.167982	0.9595726119647153	0.00060458016	0	1
1342.2604273935303	39946.766	24.163097	0.9595815107840259	0.0006048824	0	1
1342.2618162440403	39926.062	24.153936	0.9598017997856046	0.00060496666	0	1
1342.2632050950162	39913.938	24.146673	0.9602632626360049	0.00060496846	0	1
1342.2645939459926	39925.836	24.154943	0.9613381748069124	0.0006049953	0	1
1342.2659827965028	39890.28	24.142725	0.9613054208920553	0.00060522824	0	1
1342.2673716474778	39917.23	24.14759	0.9628140813278957	0.0006049415	0	1
1342.2687604984537	39909.883	24.147316	0.963531149579689	0.00060504605	0	1
1342.2701493489644	39948.23	24.159094	0.9653872992187231	0.0006047601	0	1
1342.2715381999403	39918.617	24.145271	0.9656363715449029	0.0006048624	0	1
1342.2729270509153	39816.996	24.125568	0.9641915836323142	0.0006059113	0	1
1342.2743159014256	39805.16	24.120323	0.9649202413550796	0.0006059597	0	1
1342.275704752402	39903.04	24.140972	0.9683778800003482	0.0006049908	0	1
1342.2770936033778	39837.887	24.12433	0.9678823540255714	0.0006055625	0	1
1342.278482453888	39804.016	24.120247	0.968194591024869	0.0006059752	0	1
1342.2798713048637	39813.734	24.117052	0.9696007195446007	0.00060574705	0	1
1342.2812601558394	39808.855	24.118607	0.9706856511241124	0.0006058603	0	1
1342.2826490063496	39807.4	24.115597	0.9718878544513709	0.0006058069	0	1
1342.2840378573255	39783.62	24.112267	0.9725781916770342	0.0006060853	0	1
1342.2854267083019	39807.9	24.11836	0.9744770582264871	0.0006058687	0	1
1342.2868155588121	39777.09	24.108074	0.9750607882146309	0.0006060794	0	1
1342.288204409787	39755.707	24.103006	0.9759071927412949	0.0006062779	0	1
1342.2895932602974	39732.22	24.095974	0.9767335520857121	0.00060645933	0	1
1342.2909821112737	39717.492	24.09565	0.9778069503191896	0.00060667604	0	1
1342.29237096225	39699.84	24.085932	0.9788399511499726	0.00060670095	0	1
1342.2937598127596	39738.285	24.091055	0.9812895102207402	0.0006062429	0	1
1342.2951486637348	39673.793	24.074808	0.9812285628436617	0.00060681894	0	1
1342.2965375147112	39608.47	24.062206	0.981174164845499	0.00060750154	0	1
1342.2979263652214	39639.12	24.068258	0.983527866998858	0.0006071845	0	1
1342.299315216197	39621.953	24.064693	0.9847273113088115	0.0006073576	0	1
1342.300704066707	39566.363	24.046745	0.9850003161547293	0.0006077573	0	1
1342.3020929176828	39585.316	24.05174	0.9871587554982034	0.00060759246	0	1
1342.3034817686587	39587.344	24.05328	0.9889269863624116	0.00060760026	0	1
1342.304870619169	39590.98	24.051401	0.9907664000568286	0.000607497	0	1
1342.3062594701453	39599.508	24.053587	0.9927592182983491	0.0006074214	0	1
1342.3076483206555	39557.293	24.045399	0.9935085911944554	0.0006078626	0	1
1342.3090371716305	39508.938	24.028044	0.9941294579512637	0.0006081673	0	1
1342.3104260226064	39469.656	24.020355	0.9950367499435601	0.00060857774	0	1
1342.311814873117	39586.355	24.049183	0.9998873259840663	0.0006075119	0	1
1342.3132037240935	39569.043	24.044266	1.0013650858819965	0.00060765346	0	1
1342.314592574603	39441.6	24.01501	1.0000561605801412	0.0006088751	0	1
1342.3159814255782	39439.97	24.009008	1.0019913981134372	0.0006087482	0	1
1342.317370276089	39446.156	24.015114	1.0041534665683238	0.00060880743	0	1
1342.3187591270653	39453.95	24.01277	1.0063846943637313	0.0006086278	0	1
1342.3201479780412	39407.18	23.999691	1.0072493270530476	0.00060901826	0	1
1342.3215368285514	39363.11	23.989431	1.008204989076311	0.00060943945	0	1
1342.322925679527	39387.207	23.996	1.0109319904000225	0.00060923334	0	1
1342.3243145300366	39389.348	23.99573	1.0131228542765878	0.00060919335	0	1
1342.3257033810123	39338.695	23.978863	1.0139787914416096	0.000609549	0	1
1342.3270922315232	39334.336	23.979261	1.0160500928519374	0.0006096267	0	1
1342.3284810824996	39342.97	23.977592	1.0184819627717845	0.0006094505	0	1
1342.329869933009	39291.207	23.969818	1.0193722121870994	0.0006100555	0	1
1342.3312587839841	39287.215	23.967566	1.0215224235959874	0.0006100602	0	1
1342.3326476349607	39228.418	23.95204	1.0222673218045966	0.0006105788	0	1
1342.3340364854714	39231.37	23.954185	1.0246409545433186	0.00061058754	0	1
1342.3354253364473	39221.63	23.948284	1.0267049215337436	0.0006105887	0	1
1342.3368141869566	39252.3	23.957296	1.0298498582446258	0.0006103412	0	1
1342.3382030379325	39242.61	23.951698	1.0319583352731712	0.0006103493	0	1
1342.3395918884432	39229.7	23.948868	1.0340015502543358	0.000610478	0	1
1342.3409807394191	39149.35	23.928196	1.0342817606956354	0.00061120285	0	1
1342.3423695899291	39163.332	23.931564	1.0370695426574574	0.0006110707	0	1
1342.3437584409048	39148.42	23.92638	1.0391112358643542	0.000611171	0	1
1342.3451472914144	39121.805	23.917969	1.0408580107380376	0.0006113718	0	1
1342.34653614239	39048.89	23.900515	1.041389675066219	0.0006120664	0	1
1342.347924992901	39152.918	23.925507	1.0466539539525093	0.0006110785	0	1
1342.3493138438773	39057.367	23.898155	1.0465954327348168	0.00061187317	0	1
1342.3507026943867	39062.246	23.899714	1.0492430166533493	0.0006118366	0	1
1342.3520915453619	39057.914	23.898685	1.0516584260255843	0.0006118782	0	1
1342.3534803958728	38980.066	23.878206	1.0521035483663577	0.0006125748	0	1
1342.3548692468491	39000.727	23.88663	1.055217557696709	0.00061246625	0	1
1342.3562580973594	38984.918	23.880184	1.0573582677279456	0.0006125493	0	1
1342.3576469483344	38981.824	23.880507	1.059854959153274	0.0006126062	0	1
1342.3590357988446	38978.13	23.875835	1.062346476121556	0.0006125444	0	1
1342.360424649821	38943.504	23.866554	1.0640033272857699	0.0006128507	0	1
1342.3618135003312	38942.176	23.86507	1.066577604438926	0.00061283354	0	1
1342.3632023513069	38896.332	23.854189	1.0679387987475026	0.00061327603	0	1
1342.364591201817	38890.062	23.855856	1.070391544440976	0.00061341777	0	1
1342.3659800527928	38909.902	23.85507	1.0735715281178306	0.0006130848	0	1
1342.367368903303	38804.58	23.83703	1.0732991486116181	0.00061428396	0	1
1342.368757753813	38858.664	23.845821	1.0774384521381661	0.0006136552	0	1
1342.3701466047896	38828.836	23.833622	1.079257873667131	0.0006138124	0	1
1342.371535455299	38801.035	23.82731	1.0811340054658403	0.00061408954	0	1
1342.372924306274	38832.105	23.841171	1.0846541255625788	0.00061395514	0	1
1342.3743131567849	38797.652	23.829296	1.086346326514761	0.00061419426	0	1
1342.3757020077614	38762.383	23.820066	1.088012491324927	0.00061451504	0	1
1342.3770908582715	38786.32	23.826582	1.0913404165586191	0.00061430375	0	1
1342.3784797092467	38746.926	23.816607	1.0928850245239194	0.00061467086	0	1
1342.3798685597567	38750.992	23.818842	1.0956518376402546	0.00061466405	0	1
1342.3812574102674	38641.555	23.789684	1.0952000306779333	0.00061565026	0	1
1342.3826462612433	38572.87	23.76792	1.0958879638120338	0.0006161823	0	1
1342.3840351117533	38571.207	23.767313	1.0984710380987506	0.0006161931	0	1
1342.3868128132392	38324.19	23.70036	1.096646983942409	0.00061841775	0	1
1342.388201664215	38244.93	23.678757	1.0969687339147263	0.0006191345	0	1
1342.3895905147251	38176.043	23.658812	1.0975699265213272	0.0006197293	0	1
1342.390979365236	37991.637	23.612518	1.0948237140680224	0.0006215189	0	1
1342.3923682162117	37841.04	23.570135	1.0930191585606563	0.0006228723	0	1
1342.3937570667213	37714.05	23.535267	1.091866857684561	0.00062404503	0	1
1342.395145917697	37584.07	23.491364	1.090598694529007	0.0006250351	0	1
1342.3965347682079	37371.68	23.440884	1.086903389924109	0.00062723656	0	1
1342.3979236187179	37228.977	23.39528	1.0851973345985138	0.0006284159	0	1
1342.3993124696935	37063.566	23.351095	1.082794104146384	0.0006300283	0	1
1342.4007013202038	36756.746	23.26401	1.0762128561453836	0.0006329181	0	1
1342.4020901711797	36604.086	23.226425	1.0740985778280812	0.00063453097	0	1
1342.4034790216897	36368.906	23.162022	1.0695200216495075	0.0006368633	0	1
1342.4048678721997	36195.406	23.109104	1.066710363995669	0.00063845405	0	1
1342.4062567231763	36005.336	23.056028	1.0633695431243997	0.00064035034	0	1
1342.4076455736863	35750.703	22.9887	1.058073340356035	0.00064302795	0	1
1342.4090344246615	35508.06	22.9154	1.0530794234053023	0.0006453577	0	1
1342.4104232751715	35260.535	22.851112	1.047888156005777	0.00064806483	0	1
1342.4118121256824	35049.723	22.785084	1.0437365940623047	0.0006500789	0	1
1342.413200976659	34790.29	22.714338	1.0380846196026665	0.00065289304	0	1
1342.4145898271684	34464.703	22.620605	1.030398941051682	0.0006563412	0	1
1342.4159786776777	34217.48	22.547628	1.0249966100391856	0.0006589506	0	1
1342.4173675286543	33994.684	22.481936	1.0202720571425345	0.0006613368	0	1
1342.4187563791652	33741.195	22.41419	1.014571701647862	0.00066429743	0	1
1342.4201452296752	33425.906	22.3203	1.0069528294392212	0.0006677545	0	1
1342.4215340806504	33172.19	22.24198	1.0011283941948461	0.00067050074	0	1
1342.4229229311604	32849.95	22.148844	0.9931748006435203	0.00067424285	0	1
1342.4243117816704	32554.08	22.065382	0.9859551350465403	0.00067780697	0	1
1342.425700632646	32354.553	22.0003	0.9815962763627795	0.0006799754	0	1
1342.427089483157	31977.592	21.898607	0.9717929659328279	0.00068481104	0	1
1342.428478333667	31731.285	21.82146	0.9658964255456263	0.00068769546	0	1
1342.4298671846423	31434.486	21.729744	0.9584032121309485	0.00069127086	0	1
1342.4312560351523	31117.352	21.635874	0.9502268677910569	0.00069529936	0	1
1342.4326448856632	30801.078	21.546335	0.9420129592313025	0.00069953187	0	1
1342.4340337366398	30569.473	21.46956	0.936328809368888	0.0007023203	0	1
1342.435422587149	30257.719	21.374128	0.9281304359488008	0.0007064025	0	1
1342.4368114376584	29943.055	21.284777	0.9197800035156344	0.00071084185	0	1
1342.438200288635	29632.367	21.1848	0.9114893397988505	0.0007149209	0	1
1342.439589139146	29351.906	21.106457	0.9040678774868558	0.000719083	0	1
1342.440977989656	29042.188	21.00857	0.8956851302267533	0.0007233811	0	1
1342.4423668406312	28791.69	20.93233	0.8890702558356613	0.0007270268	0	1
1342.4437556911412	28504.621	20.841404	0.8812688717000992	0.00073115877	0	1
1342.445144541652	28194.402	20.74164	0.8726927597334804	0.0007356652	0	1
1342.446533392162	27981.809	20.672224	0.8670825557603277	0.00073877367	0	1
1342.4479222431378	27638.705	20.564661	0.8573717903164069	0.000744053	0	1
1342.449311093648	27413.934	20.496557	0.8512754599098049	0.0007476693	0	1
1342.4506999441573	27133.035	20.410017	0.8433825611885358	0.0007522202	0	1
1342.4520887951332	26856.742	20.314575	0.8355781520388499	0.00075640506	0	1
1342.453477645644	26645.352	20.246004	0.8297409848184106	0.0007598325	0	1
1342.4548664961549	26479.955	20.197691	0.8252876171923548	0.00076275395	0	1
1342.4562553466644	26190.967	20.101025	0.8169323530659808	0.0007674793	0	1
1342.4576441976394	26017.816	20.047646	0.812140583142252	0.00077053526	0	1
1342.45903304815	25819.078	19.983212	0.8065031542367594	0.00077397074	0	1
1342.460421898661	25658.83	19.92957	0.8020218200587547	0.0007767139	0	1
1342.461810749171	25486.092	19.877361	0.7971048669480003	0.00077992975	0	1
1342.4631996001463	25336.156	19.830202	0.7928565093489732	0.0007826839	0	1
1342.4645884506563	25224.592	19.794104	0.7895485549705499	0.00078471453	0	1
1342.4659773011672	25158.957	19.771278	0.7876770314581817	0.00078585447	0	1
1342.4673661516772	25065.336	19.734976	0.7849282384769652	0.0007873414	0	1
1342.4687550026529	25066.014	19.734428	0.7851318493610708	0.00078729825	0	1
1342.4701438531638	24977.752	19.711203	0.7825490955512316	0.00078915036	0	1
1342.4715327036738	24981.82	19.710302	0.7828585004238551	0.0007889858	0	1
1342.4729215541834	25031.152	19.723143	0.7845868124700195	0.00078794383	0	1
1342.474310405159	25002.777	19.722324	0.7838796806289309	0.00078880537	0	1
1342.47569925567	25052.672	19.740252	0.7856266737643957	0.00078794995	0	1
1342.47708810618	25157.994	19.776787	0.7891130424964911	0.0007861035	0	1
1342.4784769566895	25249.795	19.799385	0.7921768164602017	0.00078414043	0	1
1342.4798658076652	25417.125	19.857264	0.7976121940298648	0.0007812553	0	1
1342.481254658176	25512.736	19.88974	0.8005365237409159	0.0007796004	0	1
1342.4826435086861	25653.01	19.936111	0.804820916759016	0.00077714515	0	1
1342.4840323591964	25934.365	20.02267	0.8134885868118493	0.0007720517	0	1
1342.4854212097066	26047.748	20.061743	0.8168438982420062	0.0007701911	0	1
1342.4868100606823	26273.887	20.134436	0.8236912170648507	0.00076632877	0	1
1342.4881989111923	26470.406	20.204082	0.8295645437009536	0.0007632706	0	1
1342.4895877617025	26669.273	20.263186	0.8354655137561703	0.0007597952	0	1
1342.4909766122132	26949.957	20.357618	0.8438817077087736	0.0007553859	0	1
1342.4923654627235	27222.627	20.438086	0.8519971693013303	0.0007507757	0	1
1342.4937543136984	27474.225	20.522377	0.8594027878916836	0.0007469684	0	1
1342.4951431642087	27719.291	20.599693	0.8665533455243836	0.0007431537	0	1
1342.4965320147194	28008.342	20.6875	0.8750265886694718	0.00073861924	0	1
1342.4979208652303	28256.627	20.765766	0.8821729960713076	0.00073489896	0	1
1342.4993097157399	28560.285	20.867249	0.8909936928421615	0.0007306387	0	1
1342.500698566249	28819.928	20.947056	0.8983857047795654	0.0007268254	0	1
1342.5020874172255	29170.723	21.052439	0.9085615414014557	0.0007216975	0	1
1342.5034762677356	29432.723	21.136793	0.9159132505248448	0.0007181392	0	1
1342.5048651182458	29737.537	21.235542	0.9245392293295468	0.0007140989	0	1
1342.506253968756	30037.96	21.321241	0.9329687994503875	0.0007098099	0	1
1342.507642819266	30329.629	21.41312	0.941066185295558	0.0007060133	0	1
1342.509031669776	30670.102	21.513384	0.9506156510334027	0.0007014448	0	1
1342.510420520752	30889.352	21.583878	0.9563474291274815	0.00069874816	0	1
1342.5118093712626	31147.424	21.66379	0.9632231067875229	0.0006955243	0	1
1342.5131982217729	31497.625	21.763401	0.9728846454600817	0.0006909537	0	1
1342.5145870722822	31788.795	21.85456	0.980657928429568	0.0006874926	0	1
1342.5159759227924	32033.688	21.925407	0.9869422689767712	0.00068444846	0	1
1342.5173647733031	32345.79	22.014898	0.9952347824204807	0.00068061094	0	1
1342.518753623814	32673.477	22.115902	1.003940614967604	0.0006768763	0	1
1342.5201424747893	32965.145	22.197027	1.0114739560900445	0.0006733484	0	1
1342.5215313252986	33254.438	22.28303	1.018870064676635	0.0006700769	0	1
1342.5229201758093	33469.027	22.351341	1.0239163337492625	0.0006678217	0	1
1342.5243090263202	33768.52	22.439404	1.031498436024254	0.0006645066	0	1
1342.5256978768302	34032.51	22.519127	1.0379322529788508	0.0006616945	0	1
1342.5270867273398	34232.28	22.571892	1.042348321587752	0.00065937446	0	1
1342.5284755778498	34591.164	22.674837	1.0515455880374611	0.00065550953	0	1
1342.52986442836	34872.918	22.753445	1.0583304577645125	0.0006524675	0	1
1342.531253279336	35098.035	22.825918	1.063335664600509	0.00065034744	0	1
1342.5326421298466	35283.22	22.875212	1.067075503853649	0.0006483312	0	1
1342.5340309803569	35538.438	22.94655	1.0728766385966984	0.00064568256	0	1
1342.5354198308662	35817.797	23.024418	1.079345016000418	0.0006428206	0	1
1342.5368086813764	36001.914	23.078476	1.0828860531075624	0.0006410347	0	1
1342.5381975318871	36266.598	23.152567	1.0887943363014763	0.0006383992	0	1
1342.5395863823978	36413.49	23.197027	1.0911128069952705	0.0006370449	0	1
1342.5409752329074	36618.77	23.256304	1.0951314430614036	0.00063509244	0	1
1342.5423640834167	36900.848	23.333687	1.1013899935948726	0.00063233473	0	1
1342.5437529339274	37036.715	23.368732	1.1032324401498539	0.00063096127	0	1
1342.5451417844383	37281.17	23.441875	1.1082602464870264	0.0006287859	0	1
1342.5465306349483	37425.496	23.477528	1.1102623385388217	0.00062731374	0	1
1342.5479194859242	37577.777	23.525246	1.112457786266304	0.00062604144	0	1
1342.5493083364345	37690.938	23.55889	1.113455149547007	0.00062505447	0	1
1342.5506971869445	37861.973	23.602747	1.1161219618160585	0.00062338926	0	1
1342.5520860374545	38007.344	23.638266	1.117990773975431	0.0006219394	0	1
1342.5534748879647	38144.406	23.683338	1.1195767429723893	0.0006208863	0	1
1342.5548637384754	38267.918	23.710602	1.1207288308797254	0.00061959476	0	1
1342.556252588985	38394.91	23.749321	1.121948260222214	0.0006185539	0	1
1342.5576414394945	38453.895	23.767504	1.1211509848402141	0.00061807793	0	1
1342.5590302900052	38564.035	23.794394	1.1218178528489366	0.00061700994	0	1
1342.560419140516	38640.94	23.818895	1.1214904020477556	0.00061641604	0	1
1342.5618079910262	38704.266	23.831991	1.1207453202367825	0.00061574584	0	1
1342.5631968415355	38721.59	23.836475	1.1186498064927897	0.0006155862	0	1
1342.5645856920457	38709.297	23.842266	1.1156863683245988	0.0006159313	0	1
1342.5659745425564	38689.93	23.834393	1.11251028776552	0.00061603606	0	1
1342.5673633930667	38771.88	23.849472	1.1122334381852652	0.00061512296	0	1
1342.568752243577	38770.637	23.85507	1.1095558456479697	0.00061528705	0	1
1342.570141094087	38813.863	23.864836	1.1081402734539096	0.0006148534	0	1
1342.571529944597	38765.453	23.856844	1.1041021156036495	0.00061541505	0	1
1342.5729187951072	38783.17	23.858315	1.1019438381003162	0.0006151718	0	1
1342.5743076456174	38834.074	23.868574	1.1007190197938626	0.00061462965	0	1
1342.575696496128	38809.113	23.866318	1.097338469059598	0.00061496685	0	1
1342.5770853466383	38856.023	23.875301	1.0959859007325197	0.0006144556	0	1
1342.5784741971477	38840.227	23.87078	1.092860750063708	0.00061458914	0	1
1342.579863047658	38875.91	23.884674	1.0911820135552277	0.0006143824	0	1
1342.5812518981686	38879.227	23.882877	1.0885923080578588	0.0006142838	0	1
1342.5826407486788	38906.5	23.893192	1.0866724281359523	0.00061411824	0	1
1342.584029599188	38911.74	23.896072	1.0841369380695616	0.0006141096	0	1
1342.5854184496982	38959.54	23.905642	1.0827866430924125	0.00061360176	0	1
1342.5868073002089	38979.254	23.91108	1.0806550184694654	0.0006134309	0	1
1342.588196150719	38941.438	23.908176	1.0769344304698998	0.00061395206	0	1
1342.5895850012294	39026.035	23.920944	1.0766016836511565	0.0006129484	0	1
1342.5909738517394	39039.43	23.926613	1.0743044850690484	0.00061288325	0	1
1342.5923627022494	39055.293	23.92989	1.072080590980324	0.0006127182	0	1
1342.5937515527596	38976.914	23.91533	1.0672801071680742	0.0006135768	0	1
1342.5951404032699	39052.26	23.93358	1.066702335896744	0.0006128603	0	1
1342.5965292537805	39093.99	23.949389	1.0652060568257598	0.00061261054	0	1
1342.5979181042908	39093.67	23.942907	1.0625720253453244	0.0006124497	0	1
1342.5993069548	39141.312	23.955256	1.061249674580962	0.00061201974	0	1
1342.6006958053104	39097.023	23.947538	1.0574467027957972	0.00061251567	0	1
1342.602084655821	39163.496	23.963507	1.0566508754966335	0.00061188376	0	1
1342.6034735063317	39101.492	23.949701	1.0524019701269107	0.00061250094	0	1
1342.6048623568413	39160.652	23.962782	1.0514286463262217	0.00061190967	0	1
1342.6062512073509	39199.16	23.971949	1.0499094434960785	0.0006115424	0	1
1342.6076400578615	39240.965	23.981594	1.0484890251226435	0.0006111367	0	1
1342.6090289083718	39177.625	23.96543	1.0442769676563963	0.00061171217	0	1
1342.6104177588818	39247.438	23.98433	1.0436306886513487	0.0006111056	0	1
1342.6118066089261	39260.492	23.987705	1.0414875350595938	0.0006109884	0	1
1342.6131954594364	39250.348	23.98975	1.0387470590395247	0.0006111984	0	1
1342.6145843099466	39258.844	23.982992	1.0365188966886025	0.000610894	0	1
1342.6159731604566	39269.223	23.992006	1.034358753016988	0.0006109621	0	1
1342.6173620109676	39315.25	24.007607	1.0331541868931795	0.0006106436	0	1
1342.6187508614782	39329.39	24.005043	1.0311286373462099	0.0006103589	0	1
1342.6201397119876	39399.47	24.026842	1.0305857545356794	0.00060982653	0	1
1342.6215285624971	39347.055	24.012512	1.0268594838245162	0.0006102747	0	1
1342.6229174130078	39441.938	24.035372	1.0269970753406736	0.0006093862	0	1
1342.6243062635187	39310.67	24.00028	1.0212775454652845	0.0006105284	0	1
1342.625695114029	39406.547	24.031475	1.0214714746188882	0.00060983456	0	1
1342.6270839640724	39429.227	24.034655	1.0197914565146922	0.0006095644	0	1
1342.6284728145827	39433.664	24.036032	1.0176623391981365	0.0006095308	0	1
1342.6298616650934	39479.707	24.049318	1.01662881838237	0.00060915644	0	1
1342.6312505156036	39432.605	24.032444	1.0132219957048227	0.00060945615	0	1
1342.6326393661138	39494.51	24.051579	1.0126409514883048	0.0006089853	0	1
1342.6340282166238	39492.09	24.05168	1.010433320813287	0.00060902524	0	1
1342.6354170671334	39518.492	24.055086	1.008988360237993	0.0006087046	0	1
1342.6368059176434	39529.875	24.062983	1.0071847801511806	0.000608729	0	1
1342.6381947676887	39581.58	24.071472	1.0064324896080616	0.00060814834	0	1
1342.6395836181994	39552.96	24.063007	1.0036643625737818	0.00060837436	0	1
1342.6409724687087	39547.83	24.0614	1.0015219137786733	0.00060841267	0	1
1342.6423613192183	39527.74	24.059679	0.9990303234455264	0.0006086784	0	1
1342.6437501697292	39600.402	24.077942	0.9989091161369336	0.0006080227	0	1
1342.6451390202399	39605.195	24.078978	0.9971011258744689	0.00060797523	0	1
1342.64652787075	39639.18	24.08928	0.9960555898431432	0.0006077139	0	1
1342.6479167207938	39622.8	24.08604	0.9937733943187406	0.0006078833	0	1
1342.649305571304	39654.875	24.093508	0.9927357410059001	0.00060757995	0	1
1342.6506944218147	39635.11	24.089445	0.9904300491170653	0.0006077805	0	1
1342.652083272325	39704.48	24.107718	0.9903801470059308	0.0006071788	0	1
1342.653472122835	39628.55	24.088123	0.9867370438796329	0.0006078477	0	1
1342.654860973345	39674.98	24.09584	0.986173101943273	0.0006073309	0	1
1342.6562498238552	39735.55	24.11319	0.9859874584268273	0.0006068417	0	1
1342.6576386738998	39745.977	24.11667	0.9845862263664477	0.0006067701	0	1
1342.6590275244098	39750.3	24.117355	0.9830651745875999	0.0006067213	0	1
1342.660416374942	39767.668	24.125443	0.9818979858671285	0.00060665974	0	1
1342.6618052255383	39784.816	24.121176	0.9807564289320387	0.000606291	0	1
1342.6631940761788	39733.113	24.116333	0.9779515227893837	0.00060695806	0	1
1342.6645829263543	39786.75	24.124859	0.9777721085562928	0.0006063541	0	1
1342.6659717769949	39812.383	24.136183	0.9769345537318775	0.00060624816	0	1
1342.6673606276347	39845.324	24.145851	0.9763074503966199	0.0006059896	0	1
1342.6687494782745	39814.01	24.128891	0.9741393357058262	0.0006060402	0	1
1342.670138328915	39868.055	24.145079	0.9740924795308536	0.0006056247	0	1
1342.67152717909	39823.594	24.13575	0.9716723332057549	0.0006060666	0	1
1342.6729160297295	39850.11	24.142387	0.9710185332275714	0.0006058299	0	1
1342.67430488037	39851.88	24.141727	0.9697949433572163	0.00060578645	0	1
1342.6756937310113	39862.438	24.149473	0.9688191170104288	0.00060582027	0	1
1342.6770825816518	39884.516	24.153383	0.9681566881731873	0.00060558296	0	1
1342.678471431826	39906.57	24.154177	0.9675269554462492	0.0006052682	0	1
1342.6798602824658	39834.516	24.140753	0.9646516785788648	0.00060602603	0	1
1342.6812491331063	39937.62	24.162092	0.9660521593477763	0.00060499576	0	1
1342.6826379837469	39939.645	24.160501	0.9650396751009879	0.0006049253	0	1
1342.6840268339217	39938.71	24.166197	0.9639908238687763	0.000605082	0	1
1342.6854156845623	39898.234	24.154982	0.9620237820395757	0.0006054148	0	1
1342.6868045352028	39947.664	24.167805	0.9622596645711808	0.0006049867	0	1
1342.688193385843	39952.66	24.167337	0.9614593643231039	0.0006048993	0	1
1342.6895822360173	39960.027	24.169832	0.9607513773742755	0.00060485024	0	1
1342.690971086657	39962.78	24.17191	0.9599678796592127	0.00060486054	0	1
1342.6923599372976	39944.39	24.16187	0.9587124889649636	0.00060488767	0	1
1342.6937487879381	39988.51	24.175398	0.958992748429658	0.00060455856	0	1
1342.695137638113	39979.953	24.173576	0.9580448549613308	0.00060464244	0	1
1342.6965264887535	40016.824	24.182573	0.9582210664251712	0.00060431013	0	1
1342.697915339394	39972.69	24.167824	0.9564937527638095	0.0006046084	0	1
1342.699304190034	39964.453	24.167286	0.9556623048353127	0.00060471956	0	1
1342.700693040208	39948.613	24.161327	0.9546855886668775	0.0006048102	0	1
1342.7020818908486	40019.97	24.180141	0.9558280657846893	0.0006042019	0	1
1342.7034707414896	39968.465	24.17435	0.954072168015778	0.00060483563	0	1
1342.70485959213	40001.656	24.17725	0.9543745700276148	0.00060440623	0	1
1342.7062484423043	39971.773	24.168411	0.9532084298467305	0.00060463697	0	1
1342.7076372929448	40006.3	24.175272	0.9536146475721403	0.0006042866	0	1
1342.7090261435853	40036.223	24.187914	0.9539468986323926	0.00060415076	0	1
1342.7104149937595	39993.074	24.178684	0.9525747012817204	0.0006045718	0	1
1342.7118038443994	39992.418	24.18998	0.9522514894857618	0.00060486415	0	1
1342.7131926950399	40018.242	24.182697	0.9525951650852168	0.00060429185	0	1
1342.714581545681	39981.4	24.16513	0.9514837155776081	0.0006044093	0	1
1342.715970395856	39991.203	24.175564	0.9515191511105028	0.00060452207	0	1
1342.7173592464958	39998.0	24.17118	0.9515195417884228	0.0006043097	0	1
1342.718748097136	39976.492	24.17102	0.9508832436709715	0.00060463086	0	1
1342.7201369473103	40074.37	24.195383	0.953141491789969	0.000603762	0	1
1342.72152579795	40021.395	24.178099	0.9518116777101203	0.00060412934	0	1
1342.7229146485906	39971.266	24.171064	0.9506046826632808	0.000604711	0	1
1342.7243034987662	39979.49	24.168242	0.9508220547301881	0.000604516	0	1
1342.7256923494067	39946.504	24.16122	0.9500959873839224	0.0006048394	0	1
1342.7270812000465	40002.58	24.173231	0.9515247782996434	0.00060429185	0	1
1342.7284700502214	40019.082	24.180838	0.9520491417320049	0.0006042327	0	1
1342.729858900862	39978.742	24.16696	0.9512577144336097	0.00060449523	0	1
1342.7312477515018	39974.633	24.164953	0.9513647456654282	0.0006045072	0	1
1342.732636601676	39972.652	24.168028	0.9515589661210367	0.0006046141	0	1
1342.7340254523172	39947.33	24.161707	0.9512338271447632	0.0006048391	0	1
1342.7354143029584	39931.75	24.152113	0.9511769494280797	0.0006048348	0	1
1342.7368031531323	39982.785	24.169561	0.9527435708545892	0.0006044992	0	1
1342.7381920037722	40017.105	24.17942	0.9539491329664781	0.0006042271	0	1
1342.7395808544127	39941.0	24.152819	0.9525582832347372	0.0006047124	0	1
1342.7409697045875	39929.062	24.156277	0.952733182381423	0.0006049798	0	1
1342.7423585552274	39942.88	24.159468	0.9535589097936271	0.0006048504	0	1
1342.7437474054022	39953.27	24.16287	0.9543394185047973	0.0006047783	0	1
1342.7451362560435	39931.055	24.153013	0.9543771373431893	0.0006048679	0	1
1342.7465251066833	39981.785	24.164017	0.9561948871239818	0.0006043756	0	1
1342.7479139568575	39928.797	24.15002	0.95556817035779	0.00060482713	0	1
1342.749302807498	39947.574	24.155886	0.9566944220348388	0.0006046897	0	1
1342.7506916581383	39863.656	24.136509	0.955396040520553	0.00060547655	0	1
1342.7520805083125	39910.562	24.148762	0.9572682763694559	0.00060507195	0	1
1342.7534693589523	39904.184	24.14608	0.9578989971223173	0.00060510146	0	1
1342.7548582091279	39880.41	24.13685	0.9581472579102279	0.00060523074	0	1
1342.756247059769	39875.87	24.136255	0.9588926543112621	0.0006052847	0	1
1342.757635910409	39872.41	24.136702	0.9596993155924803	0.00060534844	0	1
1342.759024760583	39922.855	24.148872	0.9618399721994564	0.0006048884	0	1
1342.7604136112236	39849.883	24.135614	0.9610419654809309	0.00060566334	0	1
1342.7618024613985	39861.33	24.131907	0.9623135575891569	0.00060539646	0	1
1342.7645801626788	39779.523	24.109474	0.9624307076168949	0.0006060775	0	1
1342.7659690128544	39841.836	24.12639	0.965038308543342	0.0006055542	0	1
1342.7673578634947	39791.6	24.108404	0.9649548552424059	0.00060586666	0	1
1342.7687467136689	39735.805	24.098486	0.9647680058732157	0.0006064678	0	1
1342.7701355643087	39806.457	24.114807	0.9676861686238315	0.0006058014	0	1
1342.7715244144836	39806.293	24.118242	0.9689192338667512	0.0006058902	0	1
1342.7729132651234	39769.77	24.105715	0.9693002685599269	0.0006061316	0	1
1342.774302115764	39764.855	24.10465	0.9704843603810147	0.00060617976	0	1
1342.7756909659395	39694.85	24.08705	0.97011119421548	0.0006068054	0	1
1342.77707981658	39690.926	24.079327	0.9713840262643455	0.0006066708	0	1
1342.7784686667542	39691.97	24.08517	0.9728117791723802	0.0006068021	0	1
1342.779857517394	39691.047	24.08967	0.9742246189993774	0.0006069296	0	1
1342.7812463675687	39660.355	24.076826	0.9749386443093236	0.0006070754	0	1
1342.7826352182092	39667.145	24.074436	0.9766059801611089	0.00060691126	0	1
1342.784024068384	39666.508	24.077734	0.9781233676826605	0.00060700416	0	1
1342.7854129190246	39664.824	24.077703	0.9796472856125011	0.0006070291	0	1
1342.7868017691994	39621.848	24.064873	0.9801817655369253	0.0006073637	0	1
1342.78819061984	39626.45	24.061752	0.9819236735659259	0.00060721446	0	1
1342.7895794704798	39661.5	24.07086	0.9844534904065604	0.0006069075	0	1
1342.790968320654	39610.137	24.061308	0.9848691894866621	0.0006074533	0	1
1342.7923571712945	39590.992	24.054125	0.9861141893920836	0.00060756557	0	1
1342.7937460214694	39658.7	24.07353	0.9895555754361389	0.00060701766	0	1
1342.7951348721099	39572.1	24.051313	0.9891766319036166	0.0006077846	0	1
1342.7965237222847	39537.527	24.04398	0.9901230352282855	0.0006081306	0	1
1342.7979125729253	39540.91	24.04024	0.9920486560219576	0.00060798397	0	1
1342.7993014231	39522.58	24.040104	0.9934585676250883	0.00060826255	0	1
1342.8006902737397	39529.617	24.037853	0.9955351826390625	0.0006080973	0	1
1342.802079123914	39513.184	24.034512	0.9970493691704191	0.00060826563	0	1
1342.8034679745545	39499.45	24.027454	0.998659032800286	0.00060829846	0	1
1342.8048568247293	39437.14	24.015184	0.9990652939644824	0.0006089484	0	1
1342.8062456753698	39438.72	24.015036	1.0011150698307314	0.0006089203	0	1
1342.8076345255447	39423.562	24.010891	1.002767117395573	0.0006090492	0	1
1342.8090233761852	39431.79	24.015913	1.0050409570293946	0.0006090495	0	1
1342.8104122263594	39412.754	24.008669	1.0066463808379313	0.0006091599	0	1
1342.8118010769992	39449.062	24.01546	1.0096928991489098	0.00060877134	0	1
1342.8131899271739	39361.45	23.993107	1.0095910748065895	0.00060955854	0	1
1342.8145787773494	39342.53	23.992493	1.0112711905487721	0.000609836	0	1
1342.81596762799	39316.875	23.981142	1.012800961709869	0.0006099453	0	1
1342.8173564781641	39279.188	23.973158	1.0140421308532603	0.00061032723	0	1
1342.8187453288047	39287.055	23.974314	1.0164820800752419	0.00061023445	0	1
1342.8201341789795	39282.14	23.971941	1.0186154466880906	0.0006102504	0	1
1342.8215230296194	39318.14	23.983112	1.0218350241873115	0.0006099758	0	1
1342.8229118797935	39217.79	23.956957	1.0215301748135017	0.00061086967	0	1
1342.8243007304347	39243.324	23.96329	1.0245224382894842	0.0006106335	0	1
1342.8256895806103	39274.742	23.971134	1.027693619803078	0.0006103448	0	1
1342.8270784312501	39262.375	23.968142	1.0297416499262682	0.0006104608	0	1
1342.8284672814243	39205.023	23.951015	1.0306265055732788	0.000610917	0	1
1342.829856131599	39134.78	23.930468	1.031184975034016	0.0006114885	0	1
1342.8312449822388	39214.324	23.94979	1.0357105230281498	0.00061074086	0	1
1342.832633832413	39176.742	23.942291	1.0371643465851468	0.0006111353	0	1
1342.8340226830535	39165.83	23.937113	1.0393396740197125	0.0006111734	0	1
1342.835411533229	39120.49	23.931936	1.0406157981371085	0.0006117494	0	1
1342.8368003838696	39090.684	23.919432	1.0423176504762355	0.000611896	0	1
1342.8381892340437	39142.836	23.926878	1.0462228691567719	0.00061127095	0	1
1342.8395780842186	39073.918	23.90968	1.0469069484333011	0.0006119089	0	1
1342.8409669348591	39050.035	23.905323	1.0488069203925108	0.0006121716	0	1
1342.8423557850333	39093.203	23.920042	1.0525235928462366	0.0006118721	0	1
1342.843744635673	39052.875	23.908691	1.0540063287006127	0.00061221333	0	1
1342.8451334858485	39009.688	23.894308	1.0554195465835992	0.0006125224	0	1
1342.846522336024	39000.188	23.89168	1.0577531214965554	0.00061260426	0	1
1342.8479111866639	38983.62	23.88777	1.059904975446247	0.00061276427	0	1
1342.849300036838	39026.06	23.898619	1.0636736942806941	0.0006123759	0	1
1342.8506888874786	38988.77	23.890207	1.0652799004439766	0.0006127459	0	1
1342.8520777376534	38899.293	23.869299	1.0654587487900042	0.0006136178	0	1
1342.8534665878276	38977.945	23.885418	1.0702549594864144	0.00061279314	0	1
1342.8548554384681	38938.367	23.874474	1.0718129067029503	0.00061313494	0	1
1342.8562442886437	38920.36	23.869478	1.0739675396525727	0.0006132903	0	1
1342.8576331388185	38878.43	23.86288	1.0754639899465288	0.00061378203	0	1
1342.8590219894584	38899.29	23.865904	1.0787010248244855	0.0006135306	0	1
1342.8604108396326	38825.676	23.84556	1.0793189151752267	0.00061416987	0	1
1342.8617996902728	38795.72	23.841501	1.0811357256779277	0.0006145395	0	1
1342.863188540447	38918.414	23.867025	1.0872259846928523	0.00061325793	0	1
1342.864577390622	38830.82	23.840853	1.0874571707003289	0.00061396725	0	1
1342.865966241263	38877.668	23.8552	1.0914398632967262	0.00061359646	0	1
1342.867355091438	38783.16	23.834288	1.0914505521691635	0.00061455247	0	1
1342.8687439416121	38802.1	23.838175	1.09464746152482	0.0006143527	0	1
1342.870132792252	38832.258	23.838842	1.0981618272190545	0.0006138928	0	1
1342.8715216424268	38749.61	23.822617	1.098479237305636	0.0006147834	0	1
1342.8729104926017	38759.484	23.823303	1.101410249106122	0.0006146445	0	1
1342.8742993432422	38716.543	23.813793	1.102832855344488	0.0006150806	0	1
1342.8756881934169	38652.316	23.79582	1.1036355446838202	0.00061563763	0	1
1342.8770770435917	38606.965	23.784636	1.104962387458984	0.0006160711	0	1
1342.8784658942322	38512.965	23.75871	1.1048790691604395	0.0006169016	0	1
1342.8798547444064	38453.7	23.74114	1.1057724761188028	0.0006173955	0	1
1342.8812435945806	38321.137	23.70533	1.1045348263491068	0.00061859674	0	1
1342.8826324452211	38176.46	23.665285	1.1029179938778997	0.0006198921	0	1
1342.884021295396	38072.09	23.632183	1.1024364569662075	0.00062072196	0	1
1342.8854101455709	37925.85	23.598774	1.1007124413577216	0.00062223454	0	1
1342.8867989962114	37791.707	23.553587	1.0993063647559522	0.0006232475	0	1
1342.8881878463862	37605.12	23.50424	1.0963382366973078	0.00062502763	0	1
1342.8895766965604	37478.145	23.471598	1.0950709296339143	0.00062627427	0	1
1342.8909655467346	37315.76	23.42775	1.0927327669366955	0.0006278245	0	1
1342.892354397375	37066.875	23.356422	1.087816468885471	0.00063011574	0	1
1342.8937432475498	36922.33	23.31468	1.0859176109441924	0.0006314521	0	1
1342.8951320977246	36706.562	23.257534	1.0818808379611609	0.000633607	0	1
1342.8965209483652	36593.797	23.219883	1.0808377466685435	0.00063453056	0	1
1342.89790979854	36276.34	23.135082	1.073699731441973	0.0006377458	0	1
1342.8992986487149	36098.836	23.082424	1.070650202383914	0.000639423	0	1
1342.900687498889	35829.547	23.005978	1.0648269959093795	0.0006420951	0	1
1342.902076349529	35650.594	22.95654	1.0616363608714035	0.00064393145	0	1
1342.9034651997038	35424.617	22.889097	1.0569952955767543	0.00064613536	0	1
1342.9048540498793	35169.434	22.817972	1.0514275956751944	0.0006488012	0	1
1342.9062429000542	34966.44	22.758215	1.0473658956061545	0.00065085874	0	1
1342.9076317506938	34686.777	22.681055	1.0409514637006694	0.00065388187	0	1
1342.9090206008686	34432.523	22.608442	1.035240157171232	0.0006566014	0	1
1342.9104094510435	34189.164	22.532341	1.0297986719338728	0.0006590492	0	1
1342.9117983012177	33949.56	22.462854	1.0244130089301562	0.0006616538	0	1
1342.9131871518575	33630.6	22.376125	1.0165713981464788	0.0006653501	0	1
1342.914576002033	33350.496	22.293802	1.0098403274229841	0.0006684699	0	1
1342.9159648522086	33135.457	22.227774	1.0050208677598256	0.00067081535	0	1
1342.9173537023828	32844.594	22.142412	0.9978423605871065	0.000674157	0	1
1342.9187425530226	32550.34	22.055899	0.9904975641044129	0.0006775935	0	1
1342.9201314031975	32314.783	21.982695	0.9848783300340594	0.00068026746	0	1
1342.9215202533717	32049.834	21.906034	0.9783041116619864	0.00068349915	0	1
1342.9229091035459	31714.766	21.802319	0.9695258094713896	0.0006874501	0	1
1342.9242979541862	31457.994	21.723711	0.9630778552361462	0.0006905625	0	1
1342.9256868043617	31154.219	21.633165	0.9551293296674718	0.0006943896	0	1
1342.9270756545366	30875.537	21.554276	0.9478878476285574	0.00069810206	0	1
1342.9284645047107	30582.383	21.462982	0.9401405291909346	0.0007018087	0	1
1342.9298533548856	30275.287	21.369835	0.9319023116607725	0.0007058508	0	1
1342.9312422055261	30014.14	21.285769	0.925017788285079	0.0007091913	0	1
1342.9326310557003	29761.85	21.203999	0.9183480005072029	0.00071245566	0	1
1342.9340199058745	29415.072	21.106592	0.9087017969034308	0.0007175434	0	1
1342.93540875605	29146.777	21.020443	0.9014191599352464	0.0007211927	0	1
1342.9367976062256	28941.795	20.954409	0.8960390346552926	0.00072401896	0	1
1342.9381864568654	28638.855	20.86443	0.8875699479251767	0.00072853576	0	1
1342.9395753070394	28381.354	20.7803	0.880451686963281	0.0007321814	0	1
1342.9409641572142	28153.252	20.706331	0.874190984572048	0.00073548633	0	1
1342.942353007389	27864.668	20.617607	0.8659974325123603	0.0007399194	0	1
1342.9437418575633	27577.068	20.526232	0.8577787233896823	0.0007443225	0	1
1342.9451307077381	27405.072	20.466568	0.8531037744125664	0.0007468168	0	1
1342.9465195583794	27183.475	20.397041	0.8468349077288956	0.0007503471	0	1
1342.9479084085535	26956.137	20.32455	0.8403366196828403	0.000753986	0	1
1342.9492972587277	26754.674	20.263153	0.8345954149724559	0.00075736875	0	1
1342.9506861089026	26535.07	20.190357	0.8282395752567124	0.0007608933	0	1
1342.9520749590774	26372.072	20.135433	0.8236031108112237	0.0007635135	0	1
1342.9534638092514	26238.2	20.094135	0.8198307477097085	0.00076583517	0	1
1342.954852659892	26074.256	20.035498	0.8150737812004315	0.0007684015	0	1
1342.9562415100675	25972.098	20.003738	0.8122040003766513	0.0007702011	0	1
1342.9576303602423	25811.264	19.954805	0.8072304870873369	0.00077310455	0	1
1342.9590192104165	25701.932	19.91984	0.803867084303683	0.0007750328	0	1
1342.9604080605907	25632.729	19.893915	0.8017583937731727	0.0007761138	0	1
1342.9617969107655	25587.938	19.879854	0.8004130420972486	0.0007769229	0	1
1342.9631857609404	25605.22	19.884554	0.8010093741370637	0.000776582	0	1
1342.9645746115802	25535.56	19.857965	0.7988857466149818	0.0007776593	0	1
1342.965963461755	25564.23	19.867811	0.7998383162107889	0.0007771723	0	1
1342.9673523119307	25568.732	19.86082	0.8000348128071745	0.000776762	0	1
1342.9687411621055	25637.479	19.9003	0.8022416485282364	0.00077621907	0	1
1342.9701300122797	25734.951	19.923605	0.8053477583164338	0.0007741847	0	1
1342.9715188624536	25795.121	19.945894	0.8072868699163783	0.0007732429	0	1
1342.9729077126285	25938.645	19.98937	0.8118350733768827	0.0007706405	0	1
1342.9742965628034	26033.414	20.021002	0.8145888741272687	0.0007690502	0	1
1342.9756854129782	26224.537	20.078863	0.8203138451458839	0.00076565176	0	1
1342.977074263153	26379.367	20.130945	0.8248586894807111	0.00076313224	0	1
1342.9784631137936	26566.133	20.196476	0.8303566546753539	0.00076023396	0	1
1342.9798519639678	26686.498	20.235321	0.8337336503305873	0.00075826066	0	1
1342.981240814142	26926.227	20.304436	0.8407928420835382	0.0007540765	0	1
1342.9826296643168	27175.805	20.384289	0.8481099250455751	0.0007500896	0	1
1342.9840185144917	27423.217	20.462297	0.8553087626984919	0.0007461669	0	1
1342.9854073646666	27655.9	20.532843	0.8619971075334837	0.0007424399	0	1
1342.9867962148412	27875.283	20.602882	0.868219625374309	0.00073910935	0	1
1342.988185065016	28135.846	20.686508	0.8756721771841731	0.00073523674	0	1
1342.989573915191	28426.963	20.778189	0.8840206734531014	0.0007309324	0	1
1342.990962765365	28663.295	20.845545	0.8906103274299709	0.0007272557	0	1
1342.9923516155393	28897.977	20.926805	0.8970944060783914	0.0007241616	0	1
1342.9937404657142	29256.096	21.029501	0.9073520060118477	0.0007188075	0	1
1342.9951293158897	29458.914	21.105118	0.9127349914775877	0.00071642554	0	1
1342.9965181660646	29762.664	21.194263	0.9211880725817183	0.0007121091	0	1
1342.9979070167044	30048.277	21.273388	0.9290195002875955	0.0007079736	0	1
1342.9992958668793	30291.633	21.351599	0.9354855975873418	0.0007048679	0	1
1343.0006847170541	30607.35	21.448267	0.9441260097579457	0.00070075545	0	1
1343.0020735672283	30860.766	21.521769	0.9507834750907096	0.00069738284	0	1
1343.0034624174023	31146.236	21.608562	0.9583680041515948	0.00069377763	0	1
1343.0048512675771	31426.707	21.686924	0.9657367724187637	0.0006900794	0	1
1343.006240117752	31717.746	21.780457	0.9733678092855163	0.0006866962	0	1
1343.0076289679268	31999.459	21.8626	0.9806497826698171	0.00068321783	0	1
1343.0090178181017	32278.639	21.947077	0.9877915057138168	0.0006799257	0	1
1343.0104066682766	32606.979	22.041677	0.9963727030115863	0.00067598035	0	1
1343.0117955184508	32818.562	22.107021	1.0013241622710298	0.00067361334	0	1
1343.013184368625	33118.793	22.195885	1.0089194581033283	0.00067019	0	1
1343.0145732187998	33382.598	22.276756	1.0153417708512769	0.00066731643	0	1
1343.0159620689753	33707.633	22.35608	1.0235618197061334	0.0006632349	0	1
1343.01735091915	33944.152	22.427168	1.02903077951124	0.0006607078	0	1
1343.0187397693242	34169.707	22.50103	1.0341092261552853	0.00065850816	0	1
1343.020128619499	34412.91	22.57051	1.03966355688705	0.00065587333	0	1
1343.0215174696739	34675.836	22.645073	1.0457537871489542	0.00065305055	0	1
1343.022906319848	34938.027	22.714619	1.0517611446043935	0.0006501403	0	1
1343.0242951700222	35173.9	22.786913	1.05691719419551	0.00064783584	0	1
1343.0256840201978	35376.633	22.846132	1.0610222291478781	0.00064579723	0	1
1343.0270728703733	35654.87	22.922329	1.0673344935127493	0.0006428947	0	1
1343.0284617205475	35867.13	22.983091	1.0716142278961114	0.0006407843	0	1
1343.0298505707217	36108.816	23.05109	1.0767184095301074	0.00063837843	0	1
1343.0312394208966	36323.234	23.112808	1.0809550176007365	0.0006363092	0	1
1343.0326282710712	36551.613	23.1794	1.0855539988312686	0.0006341553	0	1
1343.0340171212454	36683.934	23.210756	1.0872526089738241	0.0006327227	0	1
1343.0354059714202	36962.543	23.284254	1.0932370629317179	0.0006299419	0	1
1343.0367948215958	37128.797	23.33754	1.0958470770768471	0.0006285563	0	1
1343.0381836713043	37336.145	23.39788	1.0996237524069274	0.0006266818	0	1
1343.0395725214785	37439.957	23.4299	1.1003096218099229	0.0006257993	0	1
1343.0409613716533	37643.527	23.48079	1.1038867888712165	0.000623767	0	1
1343.0423502218282	37781.08	23.51691	1.1054862005056705	0.00062245206	0	1
1343.0437390720024	37936.527	23.56189	1.107571519504987	0.00062108715	0	1
1343.0451279221766	38141.887	23.609089	1.1110726335738244	0.0006189806	0	1
1343.046516772352	38249.125	23.648003	1.1116781684260897	0.00061826257	0	1
1343.0479056225277	38262.707	23.652683	1.1095379338701683	0.0006181654	0	1
1343.0492944727016	38467.676	23.705612	1.1129182711317733	0.0006162476	0	1
1343.0506833228758	38512.367	23.721817	1.111631263068379	0.00061595323	0	1
1343.0520721730506	38643.71	23.753736	1.112820978347125	0.0006146857	0	1
1343.0534610232255	38627.008	23.756565	1.1097281245814776	0.0006150247	0	1
1343.0548498733997	38751.996	23.785065	1.1106881338283932	0.0006137765	0	1
1343.0562387235746	38829.29	23.804556	1.1102579275837647	0.0006130567	0	1
1343.0576275732844	38787.66	23.793303	1.1064165239928996	0.0006134245	0	1
1343.0590164234593	38785.484	23.797943	1.1036961622359576	0.0006135786	0	1
1343.0604052736335	38798.965	23.800543	1.1014142309422652	0.00061343244	0	1
1343.0617941238077	38807.246	23.803871	1.0989779196926772	0.00061338727	0	1
1343.0631829739825	38858.492	23.813972	1.097749944916102	0.0006128383	0	1
1343.0645718241572	38867.45	23.82079	1.095319876441551	0.0006128725	0	1
1343.065960674332	38921.277	23.833927	1.0941476903733618	0.0006123624	0	1
1343.0673495245069	38911.617	23.830994	1.091186370641764	0.00061243906	0	1
1343.0687383746817	38885.465	23.827044	1.0877646963837244	0.00061274937	0	1
1343.0701272243903	38919.188	23.833998	1.0860180242358033	0.0006123971	0	1
1343.0715160745644	38949.46	23.831749	1.0841722278274382	0.0006118634	0	1
1343.0729049247393	38925.965	23.83755	1.0808317419714892	0.00061238173	0	1
1343.0742937749142	38977.453	23.847443	1.079574754821177	0.0006118266	0	1
1343.075682625089	38920.75	23.827005	1.0753257850012	0.00061219285	0	1
1343.077071475264	39005.785	23.860115	1.07499606918672	0.0006117071	0	1
1343.0784603254388	38996.652	23.850317	1.0720719203388402	0.00061159907	0	1
1343.0798491756136	38973.707	23.846495	1.0687771364801713	0.00061186106	0	1
1343.081238025322	39071.633	23.873724	1.0687996293030804	0.0006110245	0	1
1343.082626875496	39036.152	23.867361	1.065177120971798	0.0006114168	0	1
1343.084015725671	39034.594	23.860243	1.0624921291322715	0.0006112589	0	1
1343.0854045758458	39038.98	23.864721	1.0599789441148855	0.00061130495	0	1
1343.0867934260207	39090.816	23.879974	1.0587612646599647	0.0006108845	0	1
1343.0881822761955	39075.55	23.874878	1.0557354314811094	0.0006109927	0	1
1343.0895711259047	39116.402	23.88588	1.0542365383266672	0.0006106359	0	1
1343.0909599760796	39178.016	23.902891	1.0533036232127726	0.00061010977	0	1
1343.0923488262538	39120.375	23.888891	1.0491782370789062	0.00061065087	0	1
1343.093737676428	39182.69	23.906914	1.0482843663903285	0.0006101396	0	1
1343.0951265266026	39175.664	23.897871	1.0455470251757877	0.00061001827	0	1
1343.0965153767781	39229.207	23.91837	1.0444392503560078	0.0006097082	0	1
1343.0979042264873	39237.266	23.92088	1.0421332306011215	0.00060964696	0	1
1343.0992930766615	39262.08	23.92699	1.0402874491807614	0.00060941733	0	1
1343.1006819268364	39245.895	23.92096	1.037372879112473	0.00060951494	0	1
1343.1020707770106	39285.938	23.934958	1.0359616428250458	0.00060925	0	1
1343.1034596271847	39278.62	23.926113	1.0333187185634993	0.00060913834	0	1
1343.104848476894	39281.81	23.930172	1.030972197152759	0.00060919224	0	1
1343.1062373270695	39352.336	23.950151	1.0304089072849472	0.0006086081	0	1
1343.1076261772444	39307.883	23.937656	1.0268543055238455	0.0006089785	0	1
1343.1090150274185	39346.223	23.948664	1.025484429668546	0.0006086649	0	1
1343.1104038775934	39362.64	23.95518	1.0235619642150444	0.0006085765	0	1
1343.1117927273026	39374.3	23.956982	1.0215366901003653	0.00060844206	0	1
1343.1131815774766	39336.76	23.945381	1.0182595766373543	0.0006087278	0	1
1343.1145704276507	39332.203	23.941648	1.01586220519618	0.00060870347	0	1
1343.1159592778263	39393.94	23.9587	1.0151978877004015	0.00060818234	0	1
1343.1173481275362	39411.055	23.960379	1.0134035884067083	0.00060796086	0	1
1343.1187369777103	39417.6	23.972527	1.0113612437880546	0.0006081681	0	1
1343.1201258278845	39445.125	23.979078	1.009880651802151	0.0006079098	0	1
1343.1215146780594	39493.215	23.988962	1.0089483255916079	0.0006074198	0	1
1343.1229035277686	39546.766	24.001394	1.0081763081771677	0.00060691166	0	1
1343.1242923779428	39483.973	23.98703	1.0044655319771976	0.00060751307	0	1
1343.125681228117	39514.61	23.996944	1.003160445471978	0.000607293	0	1
1343.1270700782925	39558.04	24.009342	1.0022037735005855	0.00060693966	0	1
1343.1284589280017	39530.094	24.003216	0.9994659032535498	0.0006072137	0	1
1343.1298477781756	39567.707	24.009132	0.9984133758790121	0.00060678605	0	1
1343.1312366283505	39570.17	24.008392	0.9965005434580717	0.00060672953	0	1
1343.1326254785254	39573.23	24.015644	0.9946313517170642	0.0006068659	0	1
1343.134014328234	39640.543	24.031933	0.9944029925465118	0.0006062463	0	1
1343.135403178408	39592.797	24.021023	0.9913170003697884	0.0006067018	0	1
1343.1367920285836	39643.324	24.03417	0.9907213885583322	0.0006062602	0	1
1343.1381808782935	39584.25	24.016888	0.9874173508114523	0.00060672837	0	1
1343.1395697284677	39677.688	24.04145	0.9879466537447283	0.00060591864	0	1
1343.1409585786419	39637.582	24.029139	0.985179222431574	0.0006062211	0	1
1343.1423474288167	39621.453	24.030035	0.9830412980867519	0.0006064905	0	1
1343.1437362785257	39700.047	24.04954	0.9832821715770748	0.00060578116	0	1
1343.1451251286999	39742.547	24.056576	0.982655540126019	0.0006053104	0	1
1343.1465139788747	39680.418	24.045742	0.9794745950234084	0.0006059851	0	1
1343.1479028285846	39737.117	24.060228	0.9792591786923501	0.000605485	0	1
1343.1492916787595	39716.38	24.05162	0.9771663218870617	0.0006055844	0	1
1343.1506805289337	39730.805	24.057228	0.9759714553368625	0.00060550566	0	1
1343.1520693786422	39751.094	24.068083	0.9749520656140914	0.0006054697	0	1
1343.153458228817	39776.45	24.06672	0.9740882168141582	0.0006050495	0	1
1343.154847078992	39802.09	24.078304	0.9732626850875984	0.00060495076	0	1
1343.1562359291668	39763.324	24.05362	0.9708961282805099	0.00060491974	0	1
1343.157624778876	39820.27	24.082237	0.9708995057883046	0.00060477335	0	1
1343.1590136290506	39769.227	24.067701	0.9683034523967893	0.00060518406	0	1
1343.1604024792248	39813.94	24.079987	0.9680730850790524	0.0006048129	0	1
1343.1617913289333	39856.23	24.095022	0.9678150031103733	0.00060454843	0	1
1343.1631801791082	39840.695	24.089281	0.9661862221873564	0.00060464005	0	1
1343.1645690288174	39893.848	24.09836	0.966256500624222	0.00060406205	0	1
1343.1659578789915	39863.52	24.093882	0.9643387257790746	0.0006044093	0	1
1343.1673467291664	39904.418	24.10877	0.9641784497222663	0.0006041629	0	1
1343.1687355788763	39874.723	24.092436	0.9623470253910557	0.0006042032	0	1
1343.1701244290512	39909.855	24.106827	0.9621150573618842	0.0006040319	0	1
1343.1715132792253	39920.383	24.105396	0.9613238428569397	0.0006038368	0	1
1343.1729021289339	39848.266	24.092108	0.9585792840165739	0.00060459616	0	1
1343.1742909791087	39874.85	24.098612	0.9582455932079988	0.0006043562	0	1
1343.1756798292834	39973.402	24.12158	0.9596737908609075	0.00060344074	0	1
1343.1770686789926	39919.49	24.103537	0.9574761754484794	0.0006038037	0	1
1343.1784575291674	39938.88	24.115032	0.9570732620631915	0.0006037984	0	1
1343.1798463788766	39956.55	24.11686	0.9566641569211886	0.0006035771	0	1
1343.1812352290515	39973.574	24.118025	0.9562747046150739	0.00060334924	0	1
1343.1826240792257	39937.22	24.117922	0.9546446214605117	0.00060389587	0	1
1343.1840129289342	39881.914	24.102367	0.9526168075454982	0.0006043433	0	1
1343.185401779109	39989.117	24.119978	0.9544707731575199	0.00060316356	0	1
1343.186790628819	39972.047	24.121214	0.9534106963664422	0.00060345203	0	1
1343.1881794789938	39965.066	24.117048	0.9526279320797271	0.0006034532	0	1
1343.1895683291677	40004.82	24.13324	0.952995001787556	0.0006032583	0	1
1343.190957178877	39970.98	24.125725	0.9516452162350075	0.000603581	0	1
1343.1923460290511	40030.92	24.141582	0.9525643463019776	0.00060307333	0	1
1343.1937348787596	39992.19	24.126272	0.9511717431680137	0.00060327456	0	1
1343.1951237289345	40020.855	24.129013	0.9514187415420218	0.000602911	0	1
1343.19651257911	40046.004	24.143047	0.9516182197493737	0.0006028828	0	1
1343.1979014288193	40050.883	24.139471	0.9513724173405251	0.0006027201	0	1
1343.1992902789934	39977.938	24.128443	0.9493152402617415	0.00060354394	0	1
1343.2006791287026	39990.137	24.122375	0.9493170946262296	0.00060320814	0	1
1343.2020679788775	40032.914	24.134407	0.950081207347314	0.00060286414	0	1
1343.203456828586	40000.73	24.129776	0.9491030062370162	0.0006032334	0	1
1343.2048456787602	40087.82	24.153078	0.950991394638083	0.0006025041	0	1
1343.2062345289348	40013.113	24.124132	0.9490782861405431	0.00060290564	0	1
1343.2076233786447	40011.902	24.13122	0.948945544513591	0.00060310104	0	1
1343.2090122288196	40029.55	24.13607	0.9492969020434111	0.00060295634	0	1
1343.210401078528	40024.7	24.132378	0.9491515205743154	0.0006029371	0	1
1343.211789928703	40045.23	24.140131	0.9496449527366257	0.00060282164	0	1
1343.2131787784122	40031.99	24.137531	0.949374358007074	0.0006029561	0	1
1343.2145676285863	40007.4	24.128395	0.9488714720229534	0.0006030983	0	1
1343.2159564782949	40016.5	24.132828	0.9492044975979588	0.00060307194	0	1
1343.2173453284704	40044.746	24.139982	0.9500286379559233	0.0006028252	0	1
1343.2187341781803	40091.305	24.152588	0.9513244404573611	0.00060243957	0	1
1343.2201230283545	40066.93	24.138012	0.9509740606199948	0.00060244225	0	1
1343.2215118780628	40022.08	24.13285	0.9501741181710003	0.00060298847	0	1
1343.2229007282376	40031.58	24.134575	0.9507011420983221	0.0006028884	0	1
1343.2242895779461	39966.508	24.118822	0.9494935384938806	0.00060347584	0	1
1343.2256784281203	40012.855	24.127966	0.9509695223711154	0.00060300535	0	1
1343.2270672778302	39983.785	24.122484	0.9506899480994854	0.0006033067	0	1
1343.2284561280057	40033.227	24.133522	0.952314070881621	0.0006028373	0	1
1343.2298449777143	39960.203	24.115059	0.9510613459460824	0.0006034769	0	1
1343.2312338278884	39965.99	24.115925	0.9517200564859227	0.0006034112	0	1
1343.2326226775976	39981.164	24.12298	0.9526392228183954	0.0006033586	0	1
1343.2340115277725	39986.145	24.124811	0.953352265686445	0.0006033293	0	1
1343.235400377481	39978.773	24.11753	0.9538072514890599	0.0006032584	0	1
1343.236789227656	39987.363	24.116873	0.9546794710416361	0.00060311233	0	1
1343.2381780773658	40049.418	24.139505	0.956883372236294	0.00060274295	0	1
1343.2395669275404	40037.02	24.132093	0.9573103850932445	0.0006027445	0	1
1343.240955777249	39887.21	24.09637	0.9545199988936628	0.0006041127	0	1
1343.242344627423	39971.656	24.119274	0.9573354415618865	0.0006034094	0	1
1343.2437334771323	39936.383	24.106903	0.9573380121072409	0.0006036326	0	1
1343.2451223273072	39930.383	24.107761	0.9580774085591687	0.0006037448	0	1
1343.2465111770157	39961.47	24.111021	0.9597431059851956	0.00060335675	0	1
1343.2479000271906	39926.64	24.103813	0.9598614792608567	0.0006037025	0	1
1343.2492888769004	39914.887	24.10322	0.9605691568322917	0.0006038654	0	1
1343.2506777270753	39936.215	24.100748	0.962108829654228	0.000603481	0	1
1343.2520665767838	39938.99	24.102255	0.9632376443536205	0.00060347683	0	1
1343.253455426492	39917.58	24.09608	0.9638181124010279	0.00060364587	0	1
1343.254844276667	39901.65	24.08723	0.9645651598311753	0.0006036651	0	1
1343.2562331263755	39842.375	24.073368	0.9642974112311548	0.0006042152	0	1
1343.2576219765504	39838.48	24.085312	0.9654031270248182	0.00060457404	0	1
1343.2590108262602	39888.367	24.086748	0.9678484084151205	0.00060385396	0	1
1343.260399676435	39813.586	24.061476	0.9673026900746368	0.0006043534	0	1
1343.2617885261436	39732.85	24.04976	0.9666572576739899	0.00060528656	0	1
1343.2631773758521	39842.125	24.076784	0.9706390581726626	0.0006043047	0	1
1343.264566226027	39792.38	24.06505	0.970798440345924	0.0006047653	0	1
1343.2659550757362	39760.723	24.053185	0.9714304188892362	0.0006049484	0	1
1343.267343925911	39756.51	24.052261	0.9727655773670022	0.00060498924	0	1
1343.2687327756203	39731.965	24.047697	0.9736358278506525	0.00060524815	0	1
1343.270121625795	39763.664	24.055038	0.9759182239166204	0.00060495024	0	1
1343.271510475504	39739.574	24.047634	0.9768650383648837	0.0006051306	0	1
1343.2728993252126	39728.312	24.046665	0.9781589803953987	0.0006052778	0	1
1343.2742881753868	39676.793	24.030884	0.978492162385633	0.00060566596	0	1
1343.275677025096	39776.51	24.056526	0.9826033597915113	0.00060479227	0	1
1343.2770658748059	39680.723	24.03442	0.9818906303144644	0.0006056951	0	1
1343.2784547249807	39605.184	24.015087	0.9817175047100897	0.00060636224	0	1
1343.2798435746893	39680.746	24.032265	0.9853218721664042	0.00060564047	0	1
1343.2812324248641	39663.94	24.028837	0.9866670073362114	0.0006058106	0	1
1343.2826212745733	39624.7	24.013512	0.9874830192184579	0.0006060238	0	1
1343.2840101242818	39600.8	24.007795	0.9887097952489969	0.0006062452	0	1
1343.2853989744558	39593.246	24.004414	0.9903741458300892	0.00060627545	0	1
1343.286787824165	39662.38	24.02288	0.9939903637310255	0.0006056843	0	1
1343.2881766738742	39582.043	24.001736	0.9938905689751705	0.0006063794	0	1
1343.289565524049	39570.484	23.998653	0.9955434029428262	0.00060647866	0	1
1343.2909543737583	39575.035	24.000298	0.9976309793365441	0.0006064504	0	1
1343.2923432234675	39620.355	24.012684	1.000778299296973	0.00060606934	0	1
1343.2937320736416	39516.195	23.975712	1.0001759983315075	0.0006067313	0	1
1343.2951209233502	39534.16	23.986837	1.0026891101225894	0.000606737	0	1
1343.296509773525	39458.715	23.967566	1.002858493923257	0.0006074087	0	1
1343.297898623235	39484.63	23.976038	1.0056293999053496	0.0006072246	0	1
1343.299287472944	39454.383	23.969608	1.0069973972755542	0.00060752715	0	1
1343.300676323118	39455.58	23.96419	1.0091935825726814	0.0006073714	0	1
1343.3020651728273	39409.35	23.952742	1.0102011965979327	0.00060779334	0	1
1343.3034540225365	39384.37	23.943079	1.0117759021011357	0.0006079335	0	1
1343.304842872245	39440.74	23.963057	1.0154682336804888	0.0006075712	0	1
1343.3062317224192	39381.656	23.942627	1.016213566899468	0.00060796394	0	1
1343.307620572129	39383.156	23.939772	1.0185440082847226	0.0006078683	0	1
1343.309009421839	39338.953	23.934261	1.0197146390980825	0.00060841127	0	1
1343.3103982720131	39323.594	23.931238	1.021653625253831	0.000608572	0	1
1343.3117871217216	39314.363	23.927284	1.023774088911511	0.0006086143	0	1
1343.3131759714308	39312.7	23.921143	1.026114145470538	0.00060848385	0	1
1343.3145648216057	39320.62	23.92527	1.0287274979763357	0.0006084662	0	1
1343.3159536713142	39278.88	23.917648	1.030061606831894	0.00060891884	0	1
1343.3173425210232	39274.637	23.917212	1.0323979154416032	0.00060897344	0	1
1343.318731370733	39232.39	23.897821	1.033753389148109	0.00060913496	0	1
1343.320120220908	39287.492	23.915249	1.0376952555649432	0.00060872425	0	1
1343.3215090706165	39195.277	23.89167	1.0377636185530803	0.0006095548	0	1
1343.322897920325	39188.96	23.88561	1.040119301759926	0.0006094984	0	1
1343.3242867704998	39191.477	23.888266	1.0427278514501401	0.00060952705	0	1
1343.3256756202084	39164.266	23.878761	1.0445619584071348	0.0006097079	0	1
1343.3270644699169	39168.95	23.881618	1.0472626927557291	0.0006097079	0	1
1343.3284533196268	39101.11	23.868267	1.0480369595794066	0.0006104243	0	1
1343.3298421698023	39201.633	23.888754	1.0533434106390922	0.0006093816	0	1
1343.3312310195106	39055.117	23.850893	1.0520218557020364	0.0006106983	0	1
1343.3326198692191	39119.816	23.866726	1.0564002059660604	0.000610093	0	1
1343.3340087189283	39034.97	23.846792	1.0567527712354694	0.00061090844	0	1
1343.3353975691032	38997.297	23.835066	1.0583874094231098	0.0006111979	0	1
1343.3367864188117	39001.75	23.836205	1.06117554814875	0.00061115733	0	1
1343.338175268521	39040.645	23.844885	1.064915490443513	0.0006107708	0	1
1343.3395641182308	39015.547	23.837095	1.0669218212120735	0.000610964	0	1
1343.3409529684056	38953.523	23.822798	1.0679225254639406	0.0006115698	0	1
1343.3423418181142	38979.547	23.826393	1.071343926628041	0.0006112537	0	1
1343.3437306678227	38906.52	23.805437	1.072048196878615	0.0006118624	0	1
1343.3451195175319	38937.625	23.816053	1.0756265637366782	0.0006116463	0	1
1343.3465083672409	38919.777	23.807325	1.077860400044639	0.0006117025	0	1
1343.3478972174157	38889.902	23.806068	1.0797637746130662	0.0006121401	0	1
1343.349286067125	38854.566	23.793121	1.0815160350369453	0.00061236357	0	1
1343.3506749168341	38822.84	23.785713	1.0833682335188426	0.0006126732	0	1
1343.3520637665433	38886.66	23.800043	1.0878922560937068	0.0006120362	0	1
1343.3534526167175	38861.746	23.794231	1.0899389527986387	0.000612279	0	1
1343.354841466426	38850.645	23.79295	1.0923719194033505	0.00061242096	0	1
1343.3562303161352	38810.16	23.778114	1.093975546062265	0.00061267754	0	1
1343.3576191658444	38792.973	23.7811	1.0962312884016814	0.000613026	0	1
1343.3590080155536	38814.67	23.78567	1.0995847506477778	0.000612801	0	1
1343.3603968652628	38769.4	23.761406	1.1010368036596567	0.00061289076	0	1
1343.3617857154377	38759.598	23.771778	1.1034889090250064	0.00061331334	0	1
1343.363174565146	38739.098	23.764095	1.1056297811708258	0.0006134396	0	1
1343.3645634148545	38804.957	23.77398	1.110233046031119	0.00061265315	0	1
1343.3659522645637	38676.297	23.744892	1.1092600313865528	0.00061393913	0	1
1343.367341114273	38751.316	23.765676	1.1141064103749712	0.000613287	0	1
1343.368729963982	38635.16	23.728529	1.1134666552844217	0.0006141693	0	1
1343.370118814157	38610.27	23.726734	1.1154267481599038	0.00061451877	0	1
1343.3715076638662	38394.523	23.665419	1.1118457117480522	0.00061637483	0	1
1343.3728965135754	38401.49	23.665825	1.1146877854520945	0.0006162736	0	1
1343.374285363284	38317.836	23.647959	1.1148813235049315	0.0006171528	0	1
1343.3756742129924	38190.21	23.608162	1.1137670406089482	0.0006181731	0	1
1343.3770630627016	37996.082	23.559984	1.1106763805792221	0.0006200635	0	1
1343.3784519128772	37851.79	23.518688	1.1090035680943449	0.0006213362	0	1
1343.3798407625864	37732.76	23.482367	1.1080362156274528	0.0006223336	0	1
1343.3812296122946	37563.973	23.437538	1.1055702604339683	0.00062393665	0	1
1343.3826184620038	37457.38	23.401026	1.1048973923080692	0.0006247374	0	1
1343.384007311713	37185.258	23.32841	1.0992968425577982	0.0006273564	0	1
1343.3853961614216	36970.543	23.272186	1.0953404968826461	0.0006294792	0	1
1343.38678501113	36882.824	23.240675	1.095104988047859	0.0006301219	0	1
1343.38817386084	36674.258	23.179583	1.0912392155026693	0.00063203956	0	1
1343.3895627110148	36455.035	23.12586	1.0870051393038185	0.0006343667	0	1
1343.3909515607234	36254.547	23.070421	1.0832782874706428	0.0006363456	0	1
1343.3923404104326	36022.39	23.003286	1.0785523829450345	0.000638583	0	1
1343.3937292601418	35757.0	22.927366	1.072774034397422	0.00064119935	0	1
1343.39511810985	35529.63	22.8584	1.0680787478138822	0.00064336165	0	1
1343.3965069595586	35248.55	22.787653	1.0617099664993161	0.00064648484	0	1
1343.3978958092684	35159.934	22.751745	1.0610868992618625	0.00064709294	0	1
1343.3992846589783	34727.26	22.63804	1.0500201433341134	0.000651881	0	1
1343.4006735086869	34564.41	22.586573	1.0470465451883366	0.0006534633	0	1
1343.4020623583954	34358.758	22.531239	1.0427237498765392	0.0006557641	0	1
1343.4034512081046	34001.727	22.424702	1.0337431549460874	0.00065951655	0	1
1343.4048400582794	33750.6	22.344896	1.0279159918838188	0.0006620592	0	1
1343.406228907988	33467.223	22.26361	1.0210439702465133	0.00066523626	0	1
1343.4076177576965	33216.875	22.199074	1.015117071830531	0.0006683071	0	1
1343.4090066074064	32892.695	22.105734	1.0068691075675529	0.000672056	0	1
1343.410395457116	32617.732	22.011616	1.000061742531032	0.0006748359	0	1
1343.4117843068245	32317.863	21.934263	0.9924261030093685	0.000678704	0	1
1343.413173156533	32065.596	21.853876	0.9861887520707643	0.00068153656	0	1
1343.4145620062422	31751.623	21.755684	0.9779896705126973	0.0006851834	0	1
1343.4159508559515	31535.074	21.692585	0.9727291485536051	0.00068788754	0	1
1343.41733970566	31150.76	21.59081	0.9622286952167636	0.000693107	0	1
1343.4187285553692	30925.97	21.507555	0.9565907405703583	0.00069545285	0	1
1343.420117405079	30554.693	21.404583	0.9463575609405032	0.0007005334	0	1
1343.4215062547883	30338.72	21.342588	0.9408711502438631	0.0007034769	0	1
1343.4228951044968	29953.967	21.21073	0.9300870853328379	0.00070811086	0	1
1343.4242839542053	29722.32	21.15043	0.9239935574937289	0.00071160094	0	1
1343.4256728039145	29438.707	21.060808	0.9162252944953736	0.00071541214	0	1
1343.4270616536228	29156.441	20.97037	0.9084384377732637	0.00071923627	0	1
1343.428450503332	28819.357	20.865913	0.8988818887299496	0.00072402426	0	1
1343.4298393530419	28559.67	20.78235	0.891679080731435	0.00072768173	0	1
1343.431228202751	28284.367	20.694347	0.8839311249011129	0.0007316532	0	1
1343.4326170524596	28032.28	20.620104	0.8768519191223014	0.0007355843	0	1
1343.434005902168	27705.588	20.520344	0.8673816712022643	0.0007406572	0	1
1343.4353947518773	27394.607	20.423325	0.8583451294814688	0.00074552355	0	1
1343.4367836015865	27167.498	20.348454	0.8518817500193575	0.0007489999	0	1
1343.4381724512957	26889.93	20.25844	0.843783050927161	0.0007533839	0	1
1343.439561301005	26727.86	20.201145	0.8392576034689306	0.00075580855	0	1
1343.4409501507141	26489.861	20.127756	0.8322985740699388	0.00075982866	0	1
1343.442339000423	26247.973	20.048513	0.8251669974268276	0.00076381187	0	1
1343.4437278501316	26057.066	19.989311	0.8195894740179888	0.0007671359	0	1
1343.4451166998401	25863.72	19.915028	0.8138880406571876	0.0007699985	0	1
1343.4465055495493	25746.844	19.885292	0.8105474218487145	0.000772339	0	1
1343.4478943992585	25474.986	19.789696	0.8022819627262475	0.0007768285	0	1
1343.4492832489677	25362.697	19.7623	0.7989966225045226	0.00077918766	0	1
1343.450672098677	25228.764	19.717272	0.7947406980923754	0.00078153936	0	1
1343.4520609483861	25213.324	19.707329	0.7942177221167104	0.0007816236	0	1
1343.4534497980953	25044.328	19.649796	0.7888579952552331	0.0007846006	0	1
1343.4548386478039	25059.375	19.658825	0.7892955670372008	0.00078448985	0	1
1343.4562274975124	25017.963	19.64736	0.7879548908392426	0.00078533014	0	1
1343.4576163472213	25011.266	19.639378	0.7877076514656595	0.0007852213	0	1
1343.4590051969305	24938.223	19.622932	0.7853710320366567	0.0007868617	0	1
1343.4603940466397	24993.15	19.63977	0.7870645804204794	0.0007858061	0	1
1343.461782896349	25093.092	19.660545	0.7901754424542625	0.0007835043	0	1
1343.4631717460582	25147.62	19.696957	0.7918560057572284	0.00078325334	0	1
1343.4645605957667	25269.129	19.72881	0.7956454802132008	0.0007807475	0	1
1343.4659494454752	25378.514	19.772913	0.799052844904362	0.0007791202	0	1
1343.4673382947187	25514.102	19.810099	0.8032848736927698	0.0007764372	0	1
1343.4687271444286	25702.73	19.86943	0.808895699193988	0.00077304745	0	1
1343.4701159941378	25799.363	19.908073	0.8115666406925792	0.0007716498	0	1
1343.4715048438463	26034.332	19.974646	0.8185432821685262	0.0007672425	0	1
1343.4728936935553	26211.979	20.044127	0.8236699138891419	0.00076469337	0	1
1343.4742825432645	26501.145	20.123672	0.832251365174829	0.00075935107	0	1
1343.475671392973	26642.223	20.17854	0.8361327726136788	0.00075738947	0	1
1343.4770602426815	26900.094	20.269356	0.8436300665852471	0.00075350504	0	1
1343.4784490923914	27130.824	20.339779	0.8502240928813801	0.0007496926	0	1
1343.4798379421013	27482.049	20.43942	0.8605389771662073	0.00074373715	0	1
1343.4812267918098	27659.229	20.503057	0.8653494851423089	0.00074127363	0	1
1343.4826156410527	27922.94	20.579842	0.8728142778772711	0.0007370227	0	1
1343.484004490762	28210.895	20.675524	0.8809802425900257	0.00073289144	0	1
1343.485393340471	28456.021	20.756289	0.887752002756513	0.0007294164	0	1
1343.4867821901796	28847.324	20.878723	0.8990233063096964	0.0007237664	0	1
1343.4881710398881	29006.365	20.921518	0.902997678440937	0.00072127336	0	1
1343.4895598895978	29341.838	21.03704	0.9124072643422899	0.00071696396	0	1
1343.4909487393077	29681.627	21.13299	0.9218868871021983	0.00071198895	0	1
1343.4923375890162	29980.387	21.231916	0.9300286535798351	0.0007081936	0	1
1343.493726438259	30216.23	21.306011	0.9361586121516814	0.0007051181	0	1
1343.4951152879682	30607.701	21.417461	0.9470459660225764	0.00069974095	0	1
1343.4965041376768	30785.938	21.476244	0.9512733245788753	0.00069759914	0	1
1343.4978929873853	31163.008	21.591164	0.9615825038585092	0.00069284596	0	1
1343.4992818370952	31398.438	21.660986	0.9674563961296945	0.00068987464	0	1
1343.500670686805	31730.254	21.757576	0.9762370791396809	0.00068570446	0	1
1343.502059536048	32003.96	21.843637	0.9831648968367517	0.0006825292	0	1
1343.5034483857564	32339.525	21.942213	0.9919275177310058	0.0006784952	0	1
1343.5048372354654	32616.99	22.015717	0.9988422973848556	0.00067497697	0	1
1343.5062260851746	32829.68	22.086674	1.0037136148900272	0.0006727654	0	1
1343.5076149348831	33109.87	22.169516	1.0105887996647496	0.0006695742	0	1
1343.5090037845923	33449.445	22.26349	1.019210147343897	0.00066558627	0	1
1343.5103926338365	33664.96	22.33057	1.0239885207429849	0.00066331786	0	1
1343.5117814835457	34017.926	22.43554	1.032884138349293	0.0006595211	0	1
1343.5131703332543	34288.39	22.502178	1.0392084437627263	0.00065626233	0	1
1343.5145591829628	34457.824	22.555603	1.0424146788996458	0.00065458583	0	1
1343.515948032672	34760.633	22.644821	1.0495982469708924	0.0006514502	0	1
1343.5173368819155	35059.992	22.727736	1.0566130973829466	0.0006482527	0	1
1343.5187257316247	35291.85	22.804277	1.0615335233189087	0.00064616266	0	1
1343.520114581334	35552.508	22.880367	1.067262620439749	0.0006435655	0	1
1343.521503431043	35766.4	22.927769	1.0715319004696697	0.00064104213	0	1
1343.524281129995	36190.055	23.054008	1.0797901964244565	0.0006370261	0	1
1343.5256699797035	36479.305	23.141464	1.0861475460748629	0.0006343724	0	1
1343.5270588294127	36637.016	23.184084	1.0885364818465688	0.00063280493	0	1
1343.5284476791212	36791.547	23.228949	1.0907882054128635	0.00063136645	0	1
1343.5298365288304	37009.375	23.293898	1.0948707498289045	0.0006294053	0	1
1343.5312253780746	37177.2	23.3398	1.0974281372141912	0.0006277988	0	1
1343.5326142277838	37317.84	23.3715	1.0991430402470992	0.00062628224	0	1
1343.5340030774923	37473.996	23.403448	1.101276498639765	0.000624525	0	1
1343.5353919272006	37695.426	23.480993	1.105285292540026	0.0006229136	0	1
1343.5367807764442	37847.71	23.51738	1.1072248766144146	0.00062136864	0	1
1343.5381696261534	38027.34	23.562372	1.1099262526852454	0.00061961665	0	1
1343.5395584758626	38113.156	23.597433	1.1098567201368053	0.0006191414	0	1
1343.5409473255718	38347.523	23.66419	1.1140774563994689	0.0006170983	0	1
1343.5423361748153	38358.395	23.663774	1.1117756850260534	0.00061691256	0	1
1343.5437250245245	38470.227	23.697855	1.1123800189666646	0.0006160051	0	1
1343.545113874233	38522.44	23.719208	1.111238563093722	0.0006157244	0	1
1343.5465027239416	38584.59	23.723785	1.1103661519788615	0.0006148513	0	1
1343.547891573185	38693.266	23.752337	1.1108122888851153	0.0006138623	0	1
1343.549280422895	38714.305	23.75769	1.1087260103434353	0.00061366695	0	1
1343.5506692726042	38711.105	23.761215	1.1059378512279099	0.00061380875	0	1
1343.552058121847	38697.668	23.760365	1.1028529035766506	0.0006139999	0	1
1343.553446971556	38808.484	23.784985	1.1032894627009333	0.00061288103	0	1
1343.5548358212652	38746.754	23.759485	1.0988305710775854	0.0006131994	0	1
1343.5562246709737	38700.703	23.762098	1.09479163277016	0.0006139965	0	1
1343.5603912196364	38803.074	23.782717	1.089548250573251	0.00061290804	0	1
1343.5617800688792	38804.137	23.790728	1.08685935849049	0.00061309774	0	1
1343.5631689185877	38826.26	23.797613	1.0847611558016192	0.0006129257	0	1
1343.564557768297	38908.05	23.819244	1.0843259276782535	0.0006121932	0	1
1343.5659466175398	38854.062	23.806587	1.08010898938088	0.0006127181	0	1
1343.567335467248	38845.21	23.790298	1.0771562885534292	0.00061243837	0	1
1343.5687243169573	38944.61	23.82739	1.0772049705620474	0.0006118277	0	1
1343.5701131662015	38906.312	23.817783	1.073447596278224	0.000612183	0	1
1343.5715020159107	38931.363	23.822472	1.0714466200593666	0.0006119095	0	1
1343.5728908656192	38893.465	23.811283	1.0677225830459254	0.0006122181	0	1
1343.5742797148628	38902.98	23.822044	1.0653114558905397	0.00061234494	0	1
1343.575668564572	38946.773	23.82486	1.0638454370222763	0.0006117287	0	1
1343.5770574142805	39033.516	23.849867	1.0635545932044326	0.00061100995	0	1
1343.5784462635233	39057.89	23.854845	1.0615685555218741	0.0006107561	0	1
1343.581223962943	39158.516	23.88771	1.059028350398931	0.00061002595	0	1
1343.5826128121857	39037.188	23.849756	1.0531371827691955	0.00061094965	0	1
1343.5840016618943	39199.67	23.885262	1.0549199531713116	0.000609323	0	1
1343.586779360847	39000.777	23.845844	1.0444303992695836	0.00061141973	0	1
1343.5881682105555	39093.074	23.868116	1.0443463545252978	0.0006105459	0	1
1343.589557059799	39176.06	23.889547	1.0440248816729865	0.00060979964	0	1
1343.590945909509	39126.555	23.87465	1.0401884468059994	0.00061019044	0	1
1343.5923347592181	39271.523	23.911602	1.0415382510245585	0.0006088789	0	1
1343.593723608461	39165.258	23.894796	1.0362344369511336	0.00061010185	0	1
1343.5951124581695	39231.113	23.902187	1.035510613796606	0.0006092661	0	1
1343.596501307413	39217.82	23.9027	1.0327147369646028	0.00060948567	0	1
1343.5978901571223	39222.805	23.903622	1.0304216150189867	0.0006094317	0	1
1343.5992790068312	39179.496	23.885824	1.0268836222214182	0.00060965115	0	1
1343.6006678560748	39226.184	23.905516	1.0257262146591675	0.0006094275	0	1
1343.602056705784	39275.535	23.916058	1.0246552019632096	0.00060893013	0	1
1343.6034455550268	39330.625	23.937958	1.0237507129497623	0.000608634	0	1
1343.6048344047354	39264.363	23.913929	1.0197117323033278	0.0006090492	0	1
1343.6062232544446	39170.004	23.882977	1.0149835987393905	0.0006097262	0	1
1343.607612103688	39375.016	23.949356	1.0180166448369299	0.0006082374	0	1
1343.6090009533966	39423.797	23.960308	1.0170279600720868	0.00060776254	0	1
1343.6103898026402	39322.426	23.936457	1.0122022625700915	0.0006087228	0	1
1343.61177865235	39416.207	23.9553	1.012410062437954	0.00060775253	0	1
1343.6131675015936	39407.35	23.96075	1.0100112939149266	0.00060802745	0	1
1343.6145563513019	39396.254	23.955774	1.0075828452080584	0.0006080724	0	1
1343.6159452010104	39400.086	23.954319	1.005563706401881	0.00060797634	0	1
1343.617334050254	39495.46	23.980854	1.0059031059537447	0.00060718	0	1
1343.6187228999631	39545.25	23.994282	1.0051017067293027	0.0006067551	0	1
1343.6201117492067	39440.62	23.968529	1.0004066152541324	0.0006077117	0	1
1343.6215005989159	39504.305	23.982906	1.0000114521404453	0.000607096	0	1
1343.6228894481594	39519.465	23.98604	0.9984128876020827	0.00060694246	0	1
1343.6242782978686	39489.312	23.96861	0.9956995383763861	0.0006069645	0	1
1343.6256671471115	39571.848	24.0014	0.9958545526612066	0.00060652714	0	1
1343.62705599682	39572.953	24.00066	0.9939861625884975	0.0006064915	0	1
1343.6284448460635	39584.527	24.004303	0.9924103224542223	0.0006064062	0	1
1343.6298336957734	39602.44	24.010504	0.9910225349462723	0.0006062885	0	1
1343.6312225454826	39605.234	24.012749	0.9892861659682846	0.0006063024	0	1
1343.6326113947252	39554.63	24.002867	0.9862491521520519	0.00060682825	0	1
1343.6340002444344	39649.156	24.016403	0.9868602122043023	0.00060572295	0	1
1343.6353890936773	39526.992	23.991688	0.9821234849545776	0.00060696976	0	1
1343.6367779433858	39715.13	24.032824	0.985099806585652	0.0006051302	0	1
1343.6381667926294	39676.867	24.025097	0.9824991361802977	0.000605519	0	1
1343.6395556423392	39721.15	24.04691	0.9819744944819057	0.0006053931	0	1
1343.6409444915828	39702.613	24.035194	0.9799283778819543	0.0006053807	0	1
1343.6423333412913	39688.242	24.035755	0.9780190482016256	0.000605614	0	1
1343.6437221905348	39750.258	24.045984	0.9780231572649642	0.0006049265	0	1
1343.645111040244	39771.54	24.045258	0.9770549830479072	0.0006045845	0	1
1343.6464998894867	39659.965	24.027355	0.9728596121372911	0.000605834	0	1
1343.6478887387295	39799.98	24.05797	0.974868227317792	0.0006044719	0	1
1343.6492775884387	39732.195	24.042076	0.9718179779033196	0.00060510315	0	1
1343.650666437683	39708.1	24.038725	0.9698733746937188	0.0006053859	0	1
1343.6520552873922	39852.895	24.080149	0.9721145802864369	0.00060422585	0	1
1343.653444136635	39718.074	24.043194	0.9675384066282154	0.0006053464	0	1
1343.6548329863442	39869.656	24.079338	0.9699419251876716	0.00060395146	0	1
1343.6562218355878	39752.965	24.05166	0.9658987360119841	0.0006050281	0	1
1343.6576106852963	39878.902	24.08313	0.967753554026131	0.0006039065	0	1
1343.6589995345391	39827.11	24.075712	0.9653435847212493	0.00060450565	0	1
1343.660388384249	39798.51	24.067348	0.9635329543324832	0.00060472987	0	1
1343.661777233493	39867.25	24.086727	0.9641126947835207	0.0006041733	0	1
1343.6631660832015	39888.223	24.090199	0.9635699676482051	0.00060394267	0	1
1343.6645549324444	39855.914	24.079533	0.9617756028628587	0.0006041646	0	1
1343.665943781688	39846.086	24.077816	0.9605600465393924	0.00060427055	0	1
1343.6673326313971	39855.76	24.079865	0.9598500228908091	0.00060417526	0	1
1343.66872148064	39939.61	24.092176	0.9609595887207182	0.0006032151	0	1
1343.6701103303492	39912.914	24.088774	0.959443726516432	0.00060353335	0	1
1343.6714991795934	39891.7	24.084934	0.958096286345908	0.00060375803	0	1
1343.6728880288363	39900.32	24.094378	0.9575014052524523	0.00060386426	0	1
1343.6742768785448	39909.934	24.093466	0.9569657565911355	0.000603696	0	1
1343.6756657277883	39907.49	24.09341	0.9561766795505992	0.00060373155	0	1
1343.6770545774975	39843.266	24.07089	0.9539445019265309	0.0006041395	0	1
1343.6784434267402	39911.152	24.097122	0.9549112514155579	0.00060376915	0	1
1343.6798322764494	39933.812	24.097954	0.9548304634097048	0.0006034474	0	1
1343.6812211256936	39915.91	24.097282	0.9538158154277	0.00060370116	0	1
1343.6826099749371	40008.63	24.122385	0.955533262471416	0.00060292956	0	1
1343.6839988246456	39818.695	24.062288	0.9505017994289632	0.0006042963	0	1
1343.6853876738885	40019.99	24.110569	0.9548095817260559	0.00060246314	0	1
1343.686776523132	39862.406	24.07706	0.9505551825896927	0.0006040042	0	1
1343.6881653728412	39968.938	24.103626	0.9526893610109433	0.00060305896	0	1
1343.689554222084	40054.23	24.131716	0.9543698660605309	0.00060247607	0	1
1343.6909430717933	39929.152	24.09536	0.9510384804955978	0.00060345285	0	1
1343.6923319210375	40054.2	24.139923	0.9537373156705471	0.0006026815	0	1
1343.6937207702808	40001.777	24.115992	0.952210069104105	0.000602873	0	1
1343.6951096199894	39913.316	24.093962	0.9498803785978027	0.0006036572	0	1
1343.6964984692322	40017.19	24.110643	0.9521643910788167	0.00060250715	0	1
1343.6978873184758	39944.906	24.094637	0.9502931285693442	0.00060319674	0	1
1343.699276168185	39945.59	24.10553	0.9501944829046839	0.0006034591	0	1
1343.7006650174285	40047.33	24.124544	0.9525358580742951	0.00060240086	0	1
1343.702053866672	39920.555	24.091507	0.94947846058384	0.00060348626	0	1
1343.7034427163812	39980.89	24.105637	0.9509078165163658	0.000602929	0	1
1343.7048315656248	40098.492	24.143433	0.9537539498257663	0.00060210325	0	1
1343.7062204148676	39977.395	24.093477	0.9509225556307	0.0006026775	0	1
1343.7076092645761	39892.625	24.082108	0.9490276491423438	0.00060367316	0	1
1343.7089981138197	40011.04	24.118841	0.9519665227738863	0.00060280465	0	1
1343.710386963063	39995.758	24.116264	0.9517793080356439	0.00060297054	0	1
1343.7117758127722	39923.934	24.091356	0.9502824397879324	0.0006034314	0	1
1343.7131646620157	40041.07	24.121847	0.9533198843831394	0.00060242764	0	1
1343.7145535112593	39938.316	24.102026	0.9511583789589922	0.00060348125	0	1
1343.7159423609678	39947.82	24.10638	0.9517059168891183	0.0006034467	0	1
1343.7173312102107	40038.105	24.11545	0.9542150229699988	0.00060231244	0	1
1343.7187200594542	39979.93	24.110748	0.9532223570538322	0.0006030713	0	1
1343.720108909164	39815.55	24.056704	0.9497667666606517	0.0006042037	0	1
1343.7214977584076	40067.707	24.127317	0.9562487529867775	0.00060216367	0	1
1343.7228866076505	39984.906	24.104813	0.9547391440967358	0.0006028478	0	1
1343.7242754568938	39897.523	24.08506	0.9531895346470365	0.00060367305	0	1
1343.725664306603	39991.297	24.102055	0.9560039177170457	0.00060268247	0	1
1343.7270531558459	39849.547	24.069538	0.953240493510372	0.00060401036	0	1
1343.7284420050887	39974.01	24.105953	0.9568457435718828	0.0006030406	0	1
1343.7298308547986	39941.305	24.094664	0.9567433849647692	0.0006032518	0	1
1343.7312197040428	39958.832	24.100481	0.9578796769327417	0.00060313276	0	1
1343.7326085532857	39833.934	24.06388	0.9556352797571748	0.00060410507	0	1
1343.7339974025285	39993.484	24.106243	0.960268105676626	0.00060275424	0	1
1343.7353862522377	39905.03	24.08547	0.958948986536524	0.0006035698	0	1
1343.7367751014813	39849.73	24.075895	0.9584757751671389	0.00060416706	0	1
1343.7381639507241	39972.645	24.103296	0.9623423483007004	0.0006029948	0	1
1343.739552799967	39847.434	24.068546	0.9602369736518002	0.00060401746	0	1
1343.7409416496766	39860.53	24.071705	0.9615134929226592	0.00060389825	0	1
1343.7423304989209	39944.402	24.100922	0.9645506822851626	0.0006033617	0	1
1343.7437193481637	39791.47	24.06171	0.9618700458571355	0.00060469523	0	1
1343.7451081974066	39827.414	24.063272	0.9638029152859053	0.00060418865	0	1
1343.7464970471158	39826.52	24.063839	0.9648795976222219	0.0006042165	0	1
1343.7478858963586	39863.12	24.069826	0.9668999670163153	0.0006038119	0	1
1343.7492747456015	39821.258	24.05989	0.9670510932560523	0.00060419715	0	1
1343.7506635948457	39802.09	24.048725	0.9677855352884042	0.0006042076	0	1
1343.75205244409	39805.996	24.05608	0.9691143742024473	0.00060433306	0	1
1343.7534412937985	39856.74	24.07427	0.9716188706952326	0.0006040201	0	1
1343.7548301430413	39687.52	24.025467	0.9688056648823085	0.0006053658	0	1
1343.7562189922846	39831.945	24.063377	0.9736515417543463	0.0006041226	0	1
1343.7576078415282	39791.68	24.052725	0.9740342963675221	0.0006044662	0	1
1343.7589966912367	39741.91	24.042788	0.9742142450296424	0.0006049731	0	1
1343.7603855404802	39608.605	24.00601	0.9723867231366714	0.0006060807	0	1
1343.7617743897245	39709.3	24.033865	0.9763069786560163	0.00060524524	0	1
1343.763163238968	39698.53	24.024534	0.9775364265232814	0.0006051744	0	1
1343.7645520882108	39807.184	24.057104	0.9817559531000938	0.00060434075	0	1
1343.7659409374537	39708.613	24.022482	0.9808700434135346	0.00060496904	0	1
1343.767329787163	39649.094	24.00584	0.9809877375726621	0.00060545746	0	1
1343.7687186364064	39630.27	24.015476	0.9821405559693255	0.0006059882	0	1
1343.77010748565	39696.113	24.020872	0.9854247899960815	0.000605119	0	1
1343.7714963348935	39584.805	23.996977	0.9843403353812743	0.0006062169	0	1
1343.7728851841368	39629.176	24.005247	0.9871549223020339	0.0006057468	0	1
1343.774274033846	39641.33	24.005423	0.9891997871927928	0.00060556555	0	1
1343.775662883089	39576.156	23.997728	0.9893428706556131	0.00060636835	0	1
1343.7770517323318	39587.133	23.995312	0.9914169314607555	0.0006061392	0	1
1343.7784405815753	39553.555	23.993603	0.9924036333231211	0.00060661056	0	1
1343.7798294308188	39620.258	24.003838	0.9959371781620424	0.00060584757	0	1
1343.7812182800624	39490.324	23.973581	0.9945537235524156	0.0006070748	0	1
1343.782607129306	39510.637	23.973322	0.9969774892125098	0.00060675613	0	1
1343.7839959790151	39504.8	23.97255	0.9987703540300412	0.0006068262	0	1
1343.7853848282587	39521.062	23.975498	1.0011502874094027	0.0006066511	0	1
1343.7867736775015	39478.297	23.968994	1.002061116035776	0.00060714356	0	1
1343.7881625267441	39475.086	23.966515	1.0040007616363356	0.0006071301	0	1
1343.7895513759877	39443.184	23.953434	1.005235626377988	0.00060728955	0	1
1343.7909402252312	39506.312	23.972752	1.0089204550605755	0.0006068081	0	1
1343.7923290744748	39347.707	23.929329	1.0069718303762845	0.00060815056	0	1
1343.7937179237183	39374.367	23.933172	1.009766223493905	0.00060783635	0	1
1343.7951067734275	39363.387	23.94006	1.0116296139858887	0.0006081809	0	1
1343.7964956226704	39460.945	23.958452	1.016319335583963	0.0006071434	0	1
1343.7978844719132	39354.938	23.93055	1.0157751119008325	0.0006080698	0	1
1343.7992733211568	39335.598	23.927746	1.0174920752711898	0.00060829753	0	1
1343.800662170401	39289.543	23.917347	1.0185376084564142	0.00060874585	0	1
1343.8020510196445	39354.062	23.925564	1.022473554922145	0.00060795667	0	1
1343.8034398688874	39331.6	23.921982	1.0241743939345227	0.0006082128	0	1
1343.8048287181307	39254.89	23.896324	1.0244786356845494	0.0006087477	0	1
1343.8062175673742	39292.613	23.921307	1.0277884042978742	0.00060879905	0	1
1343.807606416617	39139.836	23.872581	1.0261338191232274	0.00060993055	0	1
1343.80899526586	39318.254	23.925722	1.0331745409462636	0.00060851435	0	1
1343.8103841155698	39269.71	23.91002	1.0342835764107772	0.00060886674	0	1
1343.811772964814	39236.168	23.904627	1.0358017918778386	0.0006092498	0	1
1343.813161814057	39168.844	23.88793	1.0364405204311424	0.0006098707	0	1
1343.8145506632998	39194.6	23.88459	1.0395576157795618	0.0006093847	0	1
1343.8159395125433	39201.14	23.888102	1.0421842762614408	0.0006093726	0	1
1343.8173283617868	39182.957	23.88521	1.0441696089665464	0.0006095816	0	1
1343.8187172110297	39084.984	23.866632	1.0440373491694694	0.00061063434	0	1
1343.8201060602723	39109.395	23.86671	1.0471848622331625	0.00061025517	0	1
1343.8214949095166	39069.617	23.860819	1.0486273953751366	0.00061072566	0	1
1343.8228837587608	39129.625	23.863777	1.0527634728300432	0.0006098647	0	1
1343.8242726080036	39167.99	23.874851	1.0563369663886661	0.0006095501	0	1
1343.8256614572465	38963.93	23.831089	1.0533739607869652	0.00061161927	0	1
1343.82705030649	39080.504	23.853659	1.059085777707436	0.00061037234	0	1
1343.828439155733	38990.703	23.833982	1.0592174762605373	0.00061127346	0	1
1343.8298280049758	38996.402	23.838245	1.0619483509677994	0.0006112935	0	1
1343.83121685422	39049.22	23.843853	1.0659757995088828	0.00061061024	0	1
1343.8326057034642	38931.656	23.82156	1.0653567160109758	0.0006118815	0	1
1343.8339945527068	39028.47	23.841255	1.0706106166640073	0.00061086833	0	1
1343.8353834019497	38916.336	23.81056	1.070139013534118	0.0006118397	0	1
1343.8367722511932	38959.94	23.823687	1.0739517814723807	0.00061149185	0	1
1343.8381611004368	38940.117	23.82029	1.076023228592809	0.0006117159	0	1
1343.8395499496796	38901.293	23.80968	1.0775704139619402	0.00061205373	0	1
1343.8409387989232	38886.32	23.804808	1.0797785075067434	0.00061216403	0	1
1343.8423276481674	38808.773	23.782778	1.080240459579309	0.0006128196	0	1
1343.843716497411	38881.45	23.800472	1.0848962725906457	0.0006121292	0	1
1343.8451053466538	38824.305	23.791386	1.0859266472196762	0.00061279617	0	1
1343.8464941958966	38886.203	23.803957	1.0902872665636303	0.000612144	0	1
1343.8478830451402	38784.492	23.773157	1.09005726319586	0.00061295525	0	1
1343.8492718943837	38793.375	23.775179	1.0929276694487775	0.000612867	0	1
1343.850660743627	38793.28	23.780588	1.095543214123266	0.0006130079	0	1
1343.8520495928706	38709.844	23.750528	1.0957605185515762	0.0006135527	0	1
1343.853438442114	38882.082	23.795557	1.1032333481589585	0.00061199284	0	1
1343.8548272913577	38604.926	23.72164	1.0979603275779035	0.00061447185	0	1
1343.8562161406005	38786.133	23.771383	1.105729493304476	0.00061288354	0	1
1343.8576049898434	38691.242	23.745403	1.1056457865187395	0.0006137152	0	1
1343.858993839087	38757.625	23.77269	1.1101225972791091	0.00061336806	0	1
1343.8603826883304	38706.766	23.758451	1.111232801481954	0.0006138062	0	1
1343.861771537574	38691.34	23.754385	1.1133453353800469	0.00061394577	0	1
1343.8631603868175	38642.164	23.730825	1.1144708799518313	0.0006141174	0	1
1343.864549236061	38471.293	23.701855	1.1120596100043019	0.00061609194	0	1
1343.8659380853037	38448.484	23.683002	1.113901996311895	0.00061596715	0	1
1343.867326934081	38262.793	23.636375	1.1109973043901396	0.0006177378	0	1
1343.8687157833244	38190.77	23.614244	1.111360787136655	0.00061832333	0	1
1343.870104632568	38092.188	23.584652	1.1109238080005344	0.0006191467	0	1
1343.8714934818115	37910.96	23.535719	1.1080410996934427	0.00062081567	0	1
1343.872882331055	37723.996	23.482195	1.104948756793162	0.00062247366	0	1
1343.8742711802986	37554.59	23.436232	1.1023287435331146	0.0006240577	0	1
1343.8756600295421	37466.457	23.408834	1.102057695852346	0.00062479445	0	1
1343.877048878785	37340.32	23.372005	1.1006339821873252	0.00062591874	0	1
1343.8784377280278	37133.56	23.32001	1.0967909148731112	0.0006280036	0	1
1343.8798265772714	36917.395	23.256817	1.0926210944216772	0.00062996906	0	1
1343.8812154265156	36777.18	23.217594	1.0906533625756063	0.00063130434	0	1
1343.8826042752935	36522.97	23.154865	1.0852563764990453	0.0006339809	0	1
1343.8839931245361	36375.67	23.098934	1.0829865873824644	0.00063501054	0	1
1343.8853819737797	36067.066	23.019321	1.0758609329499749	0.0006382366	0	1
1343.8867708230232	35857.383	22.967611	1.0716286475859385	0.0006405267	0	1
1343.888159672266	35696.137	22.907774	1.0687943835008575	0.00064174377	0	1
1343.889548521509	35452.242	22.847378	1.0634335366824816	0.0006444551	0	1
1343.8909373707531	35184.242	22.76873	1.0572913898807246	0.0006471286	0	1
1343.8923262199974	34915.01	22.6946	1.051052388077627	0.00064999546	0	1
1343.8937150687746	34812.43	22.659472	1.0497785437212603	0.00065090175	0	1
1343.8951039180174	34432.96	22.551868	1.0400976293327493	0.00065495004	0	1
1343.896492767261	34172.53	22.472654	1.0339466972096314	0.00065762334	0	1
1343.8978816165045	33966.184	22.42117	1.0293749551307123	0.0006601027	0	1
1343.8992704657471	33713.77	22.346172	1.023350208744132	0.00066282036	0	1
1343.90065931499	33360.324	22.2413	1.0141947113086875	0.0006666992	0	1
1343.9020481642342	33114.824	22.164804	1.0082572187908732	0.0006693318	0	1
1343.9034370130128	32901.92	22.10634	1.0032550965641525	0.00067188597	0	1
1343.9048258622556	32593.893	22.01476	0.9952924228479035	0.0006754259	0	1
1343.9062147114985	32290.309	21.925722	0.9874017469039092	0.0006790187	0	1
1343.907603560742	32011.521	21.841354	0.9802070992514443	0.00068229664	0	1
1343.9089924099849	31777.953	21.769463	0.9743379656887378	0.0006850492	0	1
1343.9103812592277	31498.443	21.696043	0.9670013295003449	0.0006887973	0	1
1343.9117701080063	31151.19	21.586315	0.957521954214923	0.0006929532	0	1
1343.9131589572505	30926.502	21.521269	0.9517494843374616	0.00069588434	0	1
1343.9145478064934	30635.045	21.42208	0.9438641753860528	0.0006992671	0	1
1343.915936655736	30431.953	21.36461	0.9386444262412208	0.00070204533	0	1
1343.9173255049795	30023.443	21.247408	0.9270283814496095	0.0007076939	0	1
1343.9187143537574	29807.729	21.177357	0.9213049669443283	0.0007104653	0	1
1343.9201032030003	29566.557	21.10034	0.9147403359020685	0.00071365567	0	1
1343.9214920522438	29279.344	21.008411	0.9066952315864336	0.00071751646	0	1
1343.922880901488	29016.498	20.92524	0.8993486432216071	0.0007211497	0	1
1343.9242697507316	28681.309	20.825132	0.8897031986660129	0.00072608725	0	1
1343.9256585995088	28385.793	20.73988	0.8812318177139395	0.00073064293	0	1
1343.9270474487516	28230.785	20.682348	0.8770709685947883	0.0007326168	0	1
1343.9284362979952	27915.938	20.582191	0.8678929950095545	0.00073729176	0	1
1343.9298251472387	27691.861	20.5155	0.8614849813295575	0.0007408494	0	1
1343.9312139960164	27427.736	20.433346	0.8537808465199891	0.00074498844	0	1
1343.93260284526	27293.148	20.376003	0.8500610630530384	0.0007465611	0	1
1343.9339916945034	26938.729	20.268951	0.8394458409531153	0.00075240934	0	1
1343.935380543747	26755.75	20.204538	0.8341243071179733	0.00075514754	0	1
1343.9367693925242	26632.357	20.1747	0.8306157977338281	0.00075752585	0	1
1343.938158241767	26352.207	20.076935	0.8221731462764696	0.0007618692	0	1
1343.9395470910106	26205.592	20.034315	0.8178519683936133	0.00076450536	0	1
1343.9409359402541	26079.482	19.998556	0.8141281973878894	0.00076683104	0	1
1343.942324789032	25961.793	19.957743	0.8106254191818634	0.00076873513	0	1
1343.9437136382755	25828.496	19.914133	0.8063548897820463	0.000771014	0	1
1343.9451024875189	25723.309	19.877115	0.8029629542216418	0.00077272777	0	1
1343.9464913367624	25715.703	19.869846	0.802617581959755	0.00077267364	0	1
1343.9478801855396	25532.709	19.818012	0.7967989503949201	0.00077618135	0	1
1343.9492690347824	25538.25	19.819754	0.7968647068517014	0.0007760811	0	1
1343.950657884026	25594.182	19.830643	0.7985025624370018	0.00077481056	0	1
1343.9520467328039	25563.307	19.820013	0.7974320963655523	0.0007753306	0	1
1343.9534355820474	25560.723	19.824093	0.7972443207480053	0.00077556854	0	1
1343.954824431291	25639.998	19.841602	0.7996094636161276	0.0007738535	0	1
1343.9562132805345	25696.922	19.85785	0.8012770082844155	0.0007727715	0	1
1343.9576021293117	25764.516	19.886744	0.8032767678823156	0.0007718656	0	1
1343.9589909785545	25909.885	19.93058	0.8077005174804912	0.00076922687	0	1
1343.960379827798	26012.783	19.973886	0.8107992981663135	0.00076784886	0	1
1343.9617686765764	26207.752	20.024712	0.8164862418093973	0.0007640759	0	1
1343.96315752582	26292.0	20.06683	0.8186802897475016	0.0007632295	0	1
1343.9645463750628	26504.172	20.118048	0.8248134198109303	0.0007590521	0	1
1343.9659352238407	26774.945	20.211	0.8327221474650106	0.0007548475	0	1
1343.9673240730842	26921.094	20.254917	0.8367075143100402	0.00075238093	0	1
1343.9701017711043	27294.379	20.372437	0.8470554371598455	0.0007463968	0	1
1343.9714906203485	27606.758	20.473577	0.8560566894499299	0.0007416147	0	1
1343.9728794695927	27793.37	20.526058	0.8611063973965275	0.00073852355	0	1
1343.97426831837	28096.436	20.632362	0.8697121087026265	0.0007343409	0	1
1343.9756571676128	28309.195	20.694042	0.8754691234803978	0.00073100073	0	1
1343.977046016856	28660.748	20.801872	0.8854629353489626	0.00072579656	0	1
1343.978434865634	28889.98	20.877419	0.8916212367037316	0.0007226526	0	1
1343.9798237148768	29143.203	20.958199	0.8984660421196623	0.00071914535	0	1
1343.9812125641197	29432.586	21.050861	0.9063692934292227	0.00071522297	0	1
1343.9826014128982	29701.94	21.13391	0.9135983808802629	0.00071153295	0	1
1343.9839902621425	29895.791	21.184498	0.9184508270944437	0.0007086114	0	1
1343.9853791113853	30214.834	21.284227	0.9270928980649097	0.00070442975	0	1
1343.9867679601625	30554.332	21.391247	0.9363001491855083	0.0007001052	0	1
1343.988156809406	30772.059	21.455389	0.941717044949091	0.00069723604	0	1
1343.9895456581833	31058.838	21.547544	0.9491901988174865	0.0006937653	0	1
1343.9909345074261	31390.035	21.647123	0.9579588441373781	0.0006896177	0	1
1343.99232335667	31632.078	21.720417	0.963946414971919	0.0006866579	0	1
1343.9937122054487	31985.004	21.81955	0.9732515024214098	0.00068218063	0	1
1343.9951010546915	32208.752	21.890446	0.9785651553195966	0.0006796428	0	1
1343.9964899034687	32474.781	21.969975	0.9851065740153797	0.0006765242	0	1
1343.9978787527123	32772.695	22.061255	0.992554869749065	0.0006731596	0	1
1343.9992676019558	33042.793	22.13634	0.9991001900451953	0.00066992943	0	1
1344.000656450733	33290.098	22.207687	1.0048983661705104	0.0006670959	0	1
1344.0020452999765	33589.223	22.294298	1.012201463769751	0.0006637337	0	1
1344.003434148755	33888.24	22.376905	1.0194393853772765	0.0006603148	0	1
1344.0048229979986	34193.863	22.467768	1.0268140056717574	0.0006570702	0	1
1344.0062118472415	34335.184	22.5183	1.029201223754227	0.0006558375	0	1
1344.0076006960185	34608.004	22.591724	1.0354788067105152	0.000652789	0	1
1344.008989545262	34926.11	22.68037	1.0430506116348623	0.00064938155	0	1
1344.01037839404	35137.824	22.74325	1.0473881268945828	0.00064725836	0	1
1344.0117672432834	35405.758	22.811749	1.0533476204718637	0.0006442949	0	1
1344.0131560920613	35658.824	22.882206	1.0588090941003678	0.00064169825	0	1
1344.0145449413048	35808.887	22.930607	1.0611637376996	0.0006403608	0	1
1344.0159337900827	36128.7	23.022602	1.0684970055137215	0.0006372386	0	1
1344.0173226393256	36228.99	23.053009	1.0692897524716698	0.0006363139	0	1
1344.0187114885684	36500.945	23.12762	1.0751045218880508	0.00063361705	0	1
1344.0201003373463	36688.71	23.17985	1.0783901781139995	0.0006317979	0	1
1344.0214891865899	36929.33	23.24686	1.0831825173640757	0.0006294959	0	1
1344.0228780353677	37103.098	23.296555	1.0859689234958554	0.000627887	0	1
1344.0242668846113	37234.516	23.329487	1.0874780868860168	0.0006265554	0	1
1344.025655733389	37428.65	23.385233	1.090780772838429	0.00062479504	0	1
1344.0270445826325	37524.496	23.419006	1.0911840941904352	0.00062409916	0	1
1344.0284334314097	37776.83	23.48701	1.0960999161162266	0.0006217306	0	1
1344.0298222806525	37898.18	23.518963	1.0971765853332136	0.0006205829	0	1
1344.0312111294304	38066.164	23.55789	1.0995708410446754	0.00061886694	0	1
1344.032599978674	38142.664	23.57977	1.099293848362752	0.00061819935	0	1
1344.0339888274518	38349.023	23.641085	1.1027292123241186	0.00061647163	0	1
1344.0353776766954	38440.797	23.666891	1.1028392950403612	0.00061567116	0	1
1344.0367665254732	38578.57	23.692083	1.1042441484543952	0.0006141255	0	1
1344.038155374716	38602.723	23.705248	1.102377276672632	0.00061408227	0	1
1344.039544223493	38659.2	23.724718	1.101420315826258	0.00061368884	0	1
1344.0409330727366	38741.465	23.739323	1.1011730368050694	0.00061276264	0	1
1344.0423219215152	38728.547	23.745455	1.0982277898628765	0.0006131254	0	1
1344.0437107707587	38666.613	23.724625	1.093883745779452	0.0006135687	0	1
1344.045099619536	38868.598	23.775732	1.0969850175436429	0.0006116951	0	1
1344.0464884687794	38735.914	23.745914	1.0906486710221548	0.0006130206	0	1
1344.0478773175573	38853.758	23.772873	1.0913574940495063	0.0006118552	0	1
1344.0492661668002	38782.91	23.75609	1.0867619680101361	0.00061254017	0	1
1344.0506550155774	38851.156	23.776562	1.0860641117129521	0.0006119911	0	1
1344.0520438648216	38828.137	23.769503	1.0828126973941437	0.0006121721	0	1
1344.0534327136002	38835.242	23.76428	1.080404120926068	0.0006119256	0	1
1344.0548215623771	38830.246	23.765928	1.0776612813007396	0.0006120468	0	1
1344.05621041162	38890.918	23.785887	1.0767406217731916	0.0006116052	0	1
1344.0575992603979	38902.637	23.791328	1.074464071989669	0.0006115608	0	1
1344.0589881096414	38920.383	23.792282	1.0723571506461114	0.00061130646	0	1
1344.0603769584186	38841.12	23.773518	1.0675846000039517	0.00061207084	0	1
1344.0617658076615	39005.99	23.812645	1.0695290013097185	0.0006104869	0	1
1344.06315465644	38966.906	23.803368	1.0658775644437057	0.0006108611	0	1
1344.0645435056842	39012.89	23.81374	1.0645609115124504	0.000610407	0	1
1344.0659323544614	38969.625	23.806871	1.0608178294812627	0.0006109084	0	1
1344.0673212032386	39067.586	23.836786	1.060925508348491	0.0006101423	0	1
1344.0687100524822	39009.676	23.826431	1.0568083707554763	0.0006107826	0	1
1344.07009890126	39084.754	23.837593	1.0563043116842994	0.0006098949	0	1
1344.071487750503	39074.24	23.835897	1.0534949398264917	0.00061001565	0	1
1344.0728765992806	39092.348	23.839138	1.051469693535265	0.000609816	0	1
1344.0742654480591	39052.59	23.834412	1.0479029032437892	0.00061031576	0	1
1344.075654297302	39083.742	23.838957	1.0462536108791485	0.0006099456	0	1
1344.0770431460792	39082.566	23.83991	1.0437518717765215	0.00060998835	0	1
1344.0784319953227	39121.53	23.844494	1.0423352808099355	0.00060949795	0	1
1344.0798208441006	39161.293	23.855885	1.0409511547454324	0.00060917	0	1
1344.0812096928778	39186.188	23.86664	1.0391846142680343	0.0006090575	0	1
1344.0825985421213	39061.07	23.836275	1.0334705570923266	0.00061023096	0	1
1344.0839873909	39290.375	23.891165	1.0371384619239774	0.0006080666	0	1
1344.0853762401434	39157.68	23.863203	1.0312558510987433	0.0006094131	0	1
1344.0867650889204	39252.496	23.879404	1.0313938156629547	0.00060835376	0	1
1344.0881539376976	39097.367	23.837051	1.0249923560477299	0.0006096843	0	1
1344.0895427869411	39307.656	23.899101	1.0281781192446657	0.0006080012	0	1
1344.090931635719	39246.57	23.876547	1.024282276080629	0.00060837285	0	1
1344.092320484497	39320.844	23.905064	1.0239396858993854	0.0006079489	0	1
1344.0937093337404	39231.234	23.868988	1.0193521488242583	0.00060841796	0	1
1344.0950981825183	39292.797	23.893366	1.0187164442707821	0.00060808513	0	1
1344.0964870312962	39333.4	23.9025	1.017554277625971	0.00060768967	0	1
1344.097875880539	39288.668	23.898247	1.0142080263587616	0.00060827326	0	1
1344.0992647293162	39410.035	23.92525	1.015176427173897	0.0006070852	0	1
1344.1006535780941	39396.438	23.916063	1.0126714922166677	0.00060706155	0	1
1344.1020424273374	39337.297	23.911345	1.0090399826144651	0.0006078543	0	1
1344.1034312761153	39419.938	23.932453	1.0090528567301795	0.00060711545	0	1
1344.1048201248932	39463.496	23.949198	1.0080921339945506	0.00060686964	0	1
1344.1062089741367	39416.93	23.937008	1.0048551332664135	0.0006072773	0	1
1344.1075978229146	39443.594	23.93716	1.0035122253593458	0.0006068707	0	1
1344.1089866716918	39438.926	23.941011	1.001397606875012	0.0006070401	0	1
1344.1103755209347	39426.29	23.939638	0.9991084317555592	0.0006071999	0	1
1344.1117643697125	39518.76	23.962574	0.9995061777573071	0.00060635945	0	1
1344.113153218491	39463.777	23.94525	0.9962002104478767	0.0006067653	0	1
1344.1145420677346	39532.15	23.954845	0.9960354836287156	0.00060595863	0	1
1344.1159309165118	39575.695	23.96714	0.9952682675745814	0.0006056025	0	1
1344.1173197652897	39523.625	23.960953	0.9921254166020799	0.0006062438	0	1
1344.1187086140667	39585.723	23.977404	0.9918768836726245	0.0006057084	0	1
1344.1200974633095	39549.09	23.963352	0.9891825413881111	0.0006059141	0	1
1344.1214863120874	39633.414	23.986595	0.9895409008268977	0.0006052114	0	1
1344.122875160866	39517.992	23.958849	0.9849432104840968	0.00060627697	0	1
1344.1242640101095	39615.434	23.983322	0.9856817233968375	0.0006054035	0	1
1344.1256528588867	39638.94	23.986303	0.9846058192268042	0.0006051197	0	1
1344.1270417076646	39605.996	23.981815	0.982158569400012	0.00060550973	0	1
1344.1284305564425	39631.824	24.000896	0.9811998598677235	0.0006055966	0	1
1344.1298194056853	39587.99	23.987873	0.9785481023432873	0.00060593814	0	1
1344.1312082544625	39739.29	24.015594	0.9807602175387289	0.00060432876	0	1
1344.132597103241	39682.44	24.003248	0.9778363647592657	0.00060488336	0	1
1344.1339859520197	39647.797	24.00061	0.9755218511697771	0.00060534535	0	1
1344.1353748012625	39742.16	24.02057	0.9763837067170898	0.0006044103	0	1
1344.1367636500395	39797.637	24.04249	0.976330608599503	0.0006041185	0	1
1344.1381524988174	39732.48	24.023216	0.9733507058459919	0.0006046241	0	1
1344.1395413475952	39772.37	24.032143	0.9729775445388024	0.00060424214	0	1
1344.140930196838	39746.203	24.025414	0.9710204929338007	0.00060447067	0	1
1344.1423190456153	39764.72	24.03054	0.9701881243977708	0.0006043181	0	1
1344.1437078943939	39774.855	24.02758	0.9691833470883313	0.0006040897	0	1
1344.1450967431724	39728.55	24.010855	0.9668374714572854	0.00060437276	0	1
1344.1464855919496	39858.594	24.048704	0.96881394685974	0.0006033505	0	1
1344.1478744411925	39768.27	24.028639	0.9654817094227369	0.00060421636	0	1
1344.1492632899703	39868.53	24.049395	0.9667788520012246	0.00060321746	0	1
1344.150652138748	39855.77	24.05198	0.9653819127535392	0.0006034755	0	1
1344.1520409875252	39844.97	24.045553	0.9640669158513598	0.00060347776	0	1
1344.153429836303	39876.906	24.047417	0.9638193743291764	0.0006030412	0	1
1344.1548186855473	39903.664	24.071028	0.9634792116157528	0.0006032285	0	1
1344.1562075343252	39883.75	24.064516	0.9620461407395574	0.0006033664	0	1
1344.1575963831024	39886.137	24.064823	0.9611856706799432	0.000603338	0	1
1344.1589852318796	39866.574	24.046661	0.9598309943673419	0.0006031785	0	1
1344.1603740806574	39841.89	24.045534	0.9583884056399454	0.0006035239	0	1
1344.161762929901	39947.957	24.069256	0.960123826861622	0.0006025153	0	1
1344.1631517786789	39839.855	24.050268	0.9567464632978252	0.0006036736	0	1
1344.1645406274567	39901.94	24.06089	0.9574917135694663	0.0006030005	0	1
1344.1659294762344	39950.965	24.075754	0.9579562453611319	0.0006026326	0	1
1344.1673183250116	39935.215	24.066486	0.9569018877024029	0.00060263823	0	1
1344.1687071737888	39936.61	24.071775	0.9562935037306094	0.0006027496	0	1
1344.1700960230323	39916.133	24.059298	0.9551966815490482	0.0006027462	0	1
1344.1714848718102	39872.258	24.044239	0.9535758917124958	0.0006030318	0	1
1344.172873720588	39925.14	24.067234	0.9543040891487385	0.000602809	0	1
1344.174262569366	39914.766	24.066723	0.953554822125617	0.0006029529	0	1
1344.1756514181438	40015.133	24.093111	0.955502711206113	0.0006021	0	1
1344.1770402669217	39992.848	24.085629	0.9545213872658574	0.0006022484	0	1
1344.178429115699	39929.19	24.071318	0.9526062550496756	0.0006028501	0	1
1344.1798179649418	39852.008	24.046408	0.9504575935715246	0.0006033926	0	1
1344.1812068137197	40086.1	24.110949	0.9557317868326346	0.000601479	0	1
1344.1825956624973	39913.695	24.064627	0.9513139410475195	0.0006029165	0	1
1344.1839845112752	40026.613	24.094309	0.9536972478889005	0.0006019572	0	1
1344.185373360053	40029.777	24.095804	0.9535529152111714	0.000601947	0	1
1344.186762208831	39988.766	24.093515	0.9523919199896068	0.0006025071	0	1
1344.1881510576088	40022.95	24.099762	0.9530573319743402	0.0006021486	0	1
1344.189539906386	39995.258	24.09225	0.9522847767052408	0.0006023777	0	1
1344.1909287556289	39992.6	24.086552	0.9521438684197648	0.0006022752	0	1
1344.1923176044068	40040.887	24.100374	0.9532512054895457	0.0006018941	0	1
1344.1937064531853	40092.31	24.112951	0.9544686789399041	0.00060143584	0	1
1344.1950953019632	40041.684	24.099663	0.9532922620377935	0.00060186436	0	1
1344.1964841507402	39987.953	24.092716	0.9520772989124326	0.00060249935	0	1
1344.197872999518	40008.703	24.097643	0.9526710663071646	0.00060231	0	1
1344.199261848296	40059.215	24.098156	0.9540091868639697	0.00060156337	0	1
1344.2006506970731	39975.24	24.086859	0.9521797696135278	0.00060254446	0	1
1344.2020395458503	40022.03	24.09208	0.953500456183712	0.0006019704	0	1
1344.2034283946289	40017.56	24.092354	0.9536353927823025	0.0006020446	0	1
1344.2048172434074	39973.207	24.08345	0.9528550418814011	0.0006024898	0	1
1344.2062060921846	40025.863	24.088278	0.9544225118282932	0.0006018178	0	1
1344.2075949409618	39908.15	24.058413	0.9519796194976023	0.00060284464	0	1
1344.2089837902054	39936.297	24.067488	0.9530156507267834	0.00060264696	0	1
1344.2103726389826	40015.77	24.085234	0.9553301680917983	0.0006018935	0	1
1344.2117614877598	39880.348	24.055273	0.9525660970236335	0.00060318614	0	1
1344.213150336538	39988.246	24.081993	0.9556140178233133	0.00060222676	0	1
1344.2145391853167	40006.914	24.08689	0.9565834767194238	0.00060206815	0	1
1344.2159280340938	40030.664	24.093073	0.9577100559474243	0.0006018654	0	1
1344.217316882871	39959.99	24.080515	0.9566118306286008	0.00060261565	0	1
1344.218705731649	39989.383	24.087961	0.9579434956144705	0.0006023589	0	1
1344.2200945804268	40011.04	24.089174	0.9591254401176706	0.0006020632	0	1
1344.221483429204	39999.766	24.088707	0.9595529501256345	0.0006022212	0	1
1344.2228722779812	39937.355	24.063404	0.9587870977643568	0.00060252874	0	1
1344.2242611267598	40015.234	24.08768	0.961424116019705	0.00060196273	0	1
1344.2256499755383	39864.734	24.048393	0.9586234940079911	0.0006032498	0	1
1344.2270388243155	39975.02	24.074482	0.9620945186601249	0.0006022382	0	1
1344.2284276730925	39852.863	24.042875	0.9600379885624589	0.00060329103	0	1
1344.2298165218704	39989.434	24.082603	0.9642160218856003	0.00060222414	0	1
1344.2312053706482	39892.11	24.064863	0.9628056515034271	0.0006032487	0	1
1344.2325942194254	39944.953	24.07032	0.9650525846897255	0.00060258724	0	1
1344.2339830682033	39905.082	24.056427	0.9650937471971404	0.0006028412	0	1
1344.2353719169819	39935.477	24.065073	0.9668678013924891	0.0006025989	0	1
1344.2367607657598	39826.74	24.028116	0.9653048710848531	0.0006033162	0	1
1344.238149614537	39955.58	24.0699	0.9695802096390034	0.0006024165	0	1
1344.2395384633141	39957.96	24.076242	0.9707934165892327	0.00060253934	0	1
1344.240927312092	39771.188	24.029846	0.9674084147651302	0.0006042024	0	1
1344.24231616087	39834.094	24.036135	0.970095877711529	0.0006034061	0	1
1344.2437050096478	39864.47	24.04052	0.9720723234223476	0.00060305634	0	1
1344.2450938584257	39834.07	24.045105	0.9725995803088612	0.00060363166	0	1
1344.2464827072033	39846.73	24.04094	0.9742101915416879	0.0006033353	0	1
1344.2478715559812	39831.957	24.025599	0.9751824229775842	0.0006031739	0	1
1344.2492604047584	39673.766	24.000725	0.9726837779363252	0.00060495205	0	1
1344.2506492535356	39810.52	24.033184	0.977419487604104	0.0006036893	0	1
1344.2520381018478	39794.727	24.0269	0.97846000944484	0.00060377095	0	1
1344.2534269506264	39809.887	24.032032	0.9802932418510525	0.00060366996	0	1
1344.2548157994042	39740.47	24.012636	0.9800732146391242	0.0006042364	0	1
1344.2562046481814	39751.633	24.019487	0.9818695225093624	0.000604239	0	1
1344.2575934969593	39782.426	24.025328	0.9841832996021125	0.0006039181	0	1
1344.2589823457365	39780.39	24.020021	0.9857168650889272	0.0006038156	0	1
1344.2603711945135	39648.465	23.988997	0.9840570171634936	0.00060504227	0	1
1344.2617600432914	39718.836	24.008413	0.9874458818168449	0.00060445914	0	1
1344.2631488920692	39680.617	24.00122	0.9881664554845112	0.0006048601	0	1
1344.2645377408471	39708.266	23.996008	0.9905566637536176	0.0006043076	0	1
1344.265926589625	39655.812	23.989527	0.9909770961492519	0.00060494355	0	1
1344.2687042871808	39694.83	24.001741	0.9955007861180928	0.00060465664	0	1
1344.2700931354923	39609.83	23.968416	0.9951827146864152	0.0006051129	0	1
1344.2714819842695	39477.723	23.942709	0.9937304000325239	0.0006064866	0	1
1344.274259681826	39668.07	23.98844	1.0022946578054628	0.00060472917	0	1
1344.2756485306036	39588.87	23.969416	1.0021868722861478	0.00060545845	0	1
1344.2770373793808	39553.254	23.953894	1.00323454934805	0.0006056112	0	1
1344.2784262281587	39555.97	23.957811	1.0052795286620781	0.0006056687	0	1
1344.2798150769365	39496.387	23.94898	1.0057647177369555	0.00060635875	0	1
1344.281203925248	39528.902	23.948467	1.0086197040934803	0.000605847	0	1
1344.2825927740253	39468.473	23.938654	1.009127178024147	0.000606526	0	1
1344.2839816228038	39449.867	23.923677	1.0107250200838263	0.0006064324	0	1
1344.2853704715824	39431.117	23.920801	1.0123419000439737	0.0006066478	0	1
1344.2881481691368	39260.367	23.869814	1.0122486437796663	0.0006079875	0	1
1344.2895370179147	39526.08	23.94681	1.021273060235432	0.0006058484	0	1
1344.2909258662269	39275.34	23.870167	1.0169635401019	0.00060776476	0	1
1344.292314715004	39348.734	23.897825	1.021046366208096	0.000607334	0	1
1344.2937035637817	39389.902	23.90405	1.0243487892207535	0.0006068573	0	1
1344.2950924125603	39323.562	23.886158	1.0248755446737707	0.0006074261	0	1
1344.2964812613382	39386.41	23.907722	1.028790149214983	0.00060700433	0	1
1344.2978701101154	39341.88	23.885633	1.029921583952935	0.00060712994	0	1
1344.299258958427	39122.69	23.827599	1.0264897748598767	0.00060904806	0	1
1344.3006478072048	39344.87	23.89671	1.0346490755040576	0.0006073653	0	1
1344.3020366559826	39285.895	23.88195	1.0354479494547304	0.0006079014	0	1
1344.3034255047598	39179.543	23.852896	1.0350100736940382	0.00060880993	0	1
1344.3048143535377	39276.086	23.873323	1.0399423781213768	0.00060783356	0	1
1344.3062032023163	39274.367	23.884043	1.0422993766016282	0.0006081331	0	1
1344.3089808994048	39227.37	23.86614	1.0459006520219467	0.0006084053	0	1
1344.3103697481827	39250.656	23.866953	1.0489722136340645	0.00060806505	0	1
1344.3117585969605	39073.176	23.814468	1.0466801473771	0.0006094838	0	1
1344.313147445272	39152.656	23.841415	1.0512810208760117	0.0006089348	0	1
1344.31453629405	39143.67	23.840605	1.0535244022559522	0.0006090539	0	1
1344.3159251428285	39046.195	23.813894	1.0533920244798387	0.00060989027	0	1
1344.3173139916064	39060.195	23.82262	1.0562737666713222	0.00060989504	0	1
1344.3187028403836	39125.758	23.831398	1.060566310823036	0.0006090974	0	1
1344.3200916886951	39080.867	23.816483	1.0618767855371225	0.0006094154	0	1
1344.321480537473	39018.965	23.802113	1.0627279886672152	0.00061001396	0	1
1344.3228693862507	39078.074	23.816711	1.06688404404755	0.0006094648	0	1
1344.3242582350285	38995.617	23.80003	1.0671819850768305	0.0006103258	0	1
1344.3256470833408	39010.348	23.80288	1.070142794643243	0.0006101683	0	1
1344.3270359321186	38966.758	23.78631	1.0715086568440721	0.0006104257	0	1
1344.3284247808965	38967.367	23.791328	1.074093091817503	0.0006105449	0	1
1344.3298136296737	39007.92	23.800785	1.0777864916860203	0.0006101526	0	1
1344.3312024779852	38912.816	23.77743	1.0777323763228983	0.00061104365	0	1
1344.3325913267631	38940.14	23.777555	1.0810681380889484	0.0006106181	0	1
1344.3339801755417	38936.63	23.77101	1.0835520889160914	0.00061050506	0	1
1344.3353690243196	38832.3	23.743418	1.083225133076393	0.00061143475	0	1
1344.336757872631	38822.75	23.748703	1.085535382018055	0.0006117213	0	1
1344.338146721409	38888.562	23.766962	1.0899566913625285	0.0006111556	0	1
1344.3395355701869	38866.348	23.766813	1.0919128631839035	0.00061150105	0	1
1344.3409244184982	38777.438	23.730478	1.0919861879538308	0.0006119661	0	1
1344.3423132672754	38853.3	23.753202	1.0966960713433727	0.0006113561	0	1
1344.3437021160532	38796.656	23.745808	1.097663404351639	0.0006120581	0	1
1344.3450909648318	38785.688	23.732025	1.099914038761869	0.00061187585	0	1
1344.346479813144	38803.92	23.748512	1.1029878445882004	0.0006120132	0	1
1344.3478686619212	38719.934	23.714766	1.1031452568329407	0.00061246916	0	1
1344.349257510699	38763.887	23.73274	1.1069377399496159	0.0006122384	0	1
1344.3506463590113	38770.586	23.731163	1.1096613460915783	0.0006120919	0	1
1344.3520352077885	38681.11	23.71045	1.1096175355079663	0.0006129723	0	1
1344.3534240565657	38756.684	23.729134	1.1142971573512506	0.00061225914	0	1
1344.3548129048786	38697.277	23.707645	1.1150856453866607	0.0006126438	0	1
1344.3562017536563	38545.08	23.666742	1.113174291279712	0.00061400165	0	1
1344.3575906024334	38454.926	23.644753	1.1130259938743807	0.0006148693	0	1
1344.3589794507457	38389.637	23.624174	1.1135731252812264	0.00061537896	0	1
1344.3603682995235	38362.49	23.6244	1.115205450161994	0.0006158203	0	1
1344.3617571483007	38183.18	23.57218	1.1123851864590384	0.0006173446	0	1
1344.3631459966123	37999.562	23.519075	1.1093994817984631	0.00061893015	0	1
1344.3645348453908	37946.223	23.499352	1.110184315584799	0.0006192804	0	1
1344.3659236941694	37757.49	23.45262	1.1069738920636316	0.00062113826	0	1
1344.367312542481	37546.387	23.398056	1.1030632125214583	0.00062317733	0	1
1344.3687013912581	37436.707	23.35917	1.1020917334991314	0.00062396436	0	1
1344.370090240036	37348.133	23.337479	1.1017077150088808	0.0006248633	0	1
1344.371479088348	37034.387	23.255527	1.0946347872017126	0.0006279442	0	1
1344.3728679371252	36774.617	23.180702	1.0890998675194326	0.0006303452	0	1
1344.3742567854374	36710.086	23.158491	1.0893035789532464	0.00063084817	0	1
1344.375645634216	36513.4	23.101866	1.0855453405778033	0.00063269556	0	1
1344.3770344829938	36251.035	23.03132	1.0797822249931537	0.00063532864	0	1
1344.3784233313054	36046.9	22.969217	1.075700218322842	0.0006372037	0	1
1344.3798121800826	35813.996	22.902277	1.0707077554483422	0.0006394784	0	1
1344.3812010288605	35505.496	22.820658	1.0633970850039443	0.0006427359	0	1
1344.3825898771727	35336.67	22.767363	1.0602147059491143	0.00064429844	0	1
1344.3839787259499	35046.28	22.684849	1.0533305905650787	0.00064728264	0	1
1344.385367574262	34809.164	22.622658	1.047989404688899	0.00064990524	0	1
1344.3867564230404	34633.344	22.569324	1.0444410436973735	0.0006516646	0	1
1344.3881452718183	34271.17	22.461123	1.0352137642000376	0.00065539405	0	1
1344.3895341201298	34121.137	22.418991	1.032336359505274	0.00065704115	0	1
1344.390922968907	33829.844	22.329807	1.0251305143004872	0.00066006236	0	1
1344.3923118172193	33548.81	22.259706	1.0181744857635213	0.00066350214	0	1
1344.3937006659971	33162.477	22.136822	1.0079575181717217	0.0006675262	0	1
1344.3950895143093	32936.887	22.071661	1.0025636072052082	0.0006701198	0	1
1344.3964783630872	32652.02	21.985598	0.9953074191190824	0.0006733304	0	1
1344.397867211865	32438.256	21.928804	0.990161233798595	0.00067601673	0	1
1344.3992560601773	32148.52	21.83641	0.9826385642032944	0.0006792353	0	1
1344.4006449089545	31844.139	21.745209	0.9746072979172729	0.00068286376	0	1
1344.402033757266	31570.732	21.662802	0.9674640117932536	0.0006861672	0	1
1344.4034226060437	31082.645	21.514439	0.9536754004077445	0.00069216883	0	1
1344.404811454356	30981.115	21.480146	0.9516874512997425	0.0006933303	0	1
1344.4062003031338	30677.783	21.395943	0.9434479530530867	0.000697441	0	1
1344.408978000224	30041.035	21.209671	0.925864369712762	0.0007060233	0	1
1344.410366849001	29705.338	21.107592	0.9164492043584773	0.0007105656	0	1
1344.4117556973126	29487.371	21.032703	0.9106103274969848	0.00071327836	0	1
1344.4131445460905	29178.314	20.932465	0.9019040527940018	0.000717398	0	1
1344.4145333944034	28863.81	20.835686	0.8929728564410543	0.0007218619	0	1
1344.4159222431813	28593.303	20.756628	0.8853480507405971	0.0007259262	0	1
1344.4173110914926	28345.418	20.685213	0.8783714390238397	0.0007297551	0	1
1344.4186999402705	28054.633	20.585472	0.8700133453395805	0.00073376374	0	1
1344.4200887885827	27782.342	20.49898	0.8621768864950792	0.00073784206	0	1
1344.4214776373599	27506.355	20.415325	0.8541750081030671	0.0007422039	0	1
1344.4228664856714	27229.908	20.327936	0.846108832122412	0.0007465297	0	1
1344.4256441827622	26726.314	20.165445	0.831363651944977	0.0007545165	0	1
1344.42703303154	26563.797	20.112211	0.8266993037463791	0.00075712864	0	1
1344.4284218798516	26260.133	20.012352	0.8175971207001039	0.0007620811	0	1
1344.4298107286295	26041.303	19.937124	0.8110910855637589	0.0007655963	0	1
1344.4311995769417	25958.068	19.913177	0.8087665551514452	0.00076712866	0	1
1344.4325884257187	25766.723	19.848091	0.8030326947091911	0.0007702994	0	1
1344.4339772740302	25551.633	19.783022	0.7965173261130857	0.0007742371	0	1
1344.4353661228088	25409.852	19.741564	0.7922467612636903	0.0007769256	0	1
1344.4367549711217	25210.238	19.67067	0.785907876261924	0.00078026514	0	1
1344.4381438194332	25226.129	19.672817	0.7862880167391725	0.00077985873	0	1
1344.4395326682104	25109.299	19.639946	0.7825318024064696	0.0007821782	0	1
1344.4409215165226	25094.889	19.635923	0.7819681399595171	0.000782467	0	1
1344.4423103653005	24980.926	19.595768	0.7783029885029464	0.0007844292	0	1
1344.443699213612	25056.885	19.614292	0.7805552291791837	0.00078279054	0	1
1344.44508806239	24919.605	19.57619	0.7761651273238127	0.00078557385	0	1
1344.4464769107028	25110.324	19.626911	0.7819908937905846	0.00078162714	0	1
1344.4478657594807	25103.156	19.62708	0.78165322772819	0.0007818571	0	1
1344.4492546077922	25068.037	19.623667	0.7804454542005744	0.00078281626	0	1
1344.4506434561035	25266.102	19.688728	0.7864966975608073	0.0007792547	0	1
1344.4520323048814	25368.49	19.722387	0.7895683590150672	0.00077743636	0	1
1344.4534211531936	25503.92	19.77044	0.7936673391674418	0.00077519217	0	1
1344.4548100019715	25601.605	19.80362	0.796326192980648	0.0007735304	0	1
1344.4561988502837	25775.297	19.85	0.801307976854673	0.0007701172	0	1
1344.4575876990616	25956.494	19.91892	0.8064801513457519	0.0007673964	0	1
1344.4603653956847	26438.691	20.078136	0.8204108859403756	0.0007594225	0	1
1344.4617542444626	26637.068	20.137554	0.8259810681243637	0.0007559974	0	1
1344.4631430927748	26879.514	20.220428	0.8328708761176009	0.00075226167	0	1
1344.4645319415517	27101.67	20.286673	0.8390840489760683	0.0007485396	0	1
1344.465920789864	27342.953	20.3713	0.8458408970915045	0.00074502925	0	1
1344.4673096381769	27644.893	20.460201	0.8544229179640195	0.00074010785	0	1
1344.4686984869547	27953.83	20.554409	0.8631674832736672	0.0007352985	0	1
1344.4700873352663	28151.174	20.62137	0.8684148881926446	0.0007325226	0	1
1344.4714761835778	28444.695	20.715286	0.8765777933970376	0.0007282654	0	1
1344.4728650323557	28746.938	20.811037	0.8849542384841586	0.0007239393	0	1
1344.474253880668	28974.492	20.878744	0.8909779264529313	0.0007205905	0	1
1344.4756427294458	29299.695	20.98919	0.899949509384023	0.00071636203	0	1
1344.477031577758	29610.682	21.081419	0.9084261813688334	0.0007119532	0	1
1344.4784204260702	29848.734	21.162254	0.9146098032536841	0.0007089833	0	1
1344.479809274848	30242.445	21.273876	0.9255039147188142	0.0007034443	0	1
1344.4811981231596	30498.053	21.347034	0.9321115006288349	0.0006999475	0	1
1344.482586971471	30809.98	21.453474	0.9403830661554442	0.0006963157	0	1
1344.4839758202488	30989.64	21.498072	0.944563186205851	0.00069371803	0	1
1344.4853646685617	31449.748	21.641579	0.9572303982349076	0.000688132	0	1
1344.486753516874	31757.531	21.733507	0.9651946042698993	0.0006843576	0	1
1344.4881423656511	32004.367	21.811056	0.9712488368222811	0.0006815025	0	1
1344.4895312139633	32247.094	21.883852	0.9771236329772515	0.0006786302	0	1
1344.4909200622756	32543.123	21.971113	0.984556564061467	0.00067513844	0	1
1344.4923089110528	32847.566	22.059359	0.9921841244352669	0.0006715675	0	1
1344.4936977593643	33051.363	22.116606	0.9967161617972574	0.00066915865	0	1
1344.4950866076772	33331.777	22.196175	1.003504577150552	0.0006659163	0	1
1344.4964754564558	33663.832	22.298174	1.011787281736906	0.00066237774	0	1
1344.497864304767	33900.938	22.362017	1.0171581310856714	0.00065962825	0	1
1344.4992531530786	34240.348	22.45898	1.0255401484512172	0.0006559215	0	1
1344.5006420013908	34385.83	22.499205	1.028060494797295	0.0006543162	0	1
1344.5020308501687	34684.066	22.595882	1.0350972081438168	0.0006514773	0	1
1344.5034196984802	34974.9	22.676516	1.0418546180112445	0.0006483655	0	1
1344.5048085467918	35216.66	22.741581	1.0470954340786247	0.000645762	0	1
1344.5061973955703	35428.125	22.80928	1.0513854066636033	0.00064381846	0	1
1344.5075862438825	35687.727	22.88834	1.0570533407503035	0.00064135046	0	1
1344.508975092194	35986.555	22.961914	1.063828041734774	0.00063806924	0	1
1344.5103639405063	36133.125	23.009256	1.066053660839127	0.0006367912	0	1
1344.511752789284	36428.76	23.09286	1.072629906489817	0.00063391833	0	1
1344.5131416375955	36507.863	23.121996	1.0727876615570533	0.0006333429	0	1
1344.514530485907	36868.207	23.21782	1.081163776715422	0.00062975177	0	1
1344.51591933422	36937.125	23.237818	1.080949160268139	0.0006291182	0	1
1344.5173081829985	37202.88	23.306702	1.0864565884865216	0.0006264758	0	1
1344.51869703131	37407.11	23.364756	1.0901215239391298	0.0006246074	0	1
1344.5200858796215	37504.613	23.400108	1.090641515366054	0.0006239261	0	1
1344.5214747279338	37680.562	23.439228	1.0934105477255578	0.0006220509	0	1
1344.5228635767116	37845.97	23.490387	1.095838071306643	0.000620684	0	1
1344.5242524250232	37965.32	23.523302	1.0969008689964954	0.0006195997	0	1
1344.5256412733354	38134.88	23.56966	1.0993836268904318	0.00061806047	0	1
1344.5270301216483	38273.797	23.605915	1.1009520336372594	0.0006167644	0	1
1344.5284189704262	38338.965	23.63282	1.1003755097023558	0.0006164178	0	1
1344.5298078187375	38334.145	23.631199	1.0977768502780534	0.000616453	0	1
1344.531196667049	38622.66	23.702768	1.1035516359601911	0.00061370106	0	1
1344.5325855153612	38586.77	23.70187	1.100033357911713	0.0006142486	0	1
1344.5353632124513	38597.746	23.700642	1.095340153472218	0.0006140421	0	1
1344.5367520607635	38695.47	23.726782	1.095596263280429	0.00061316695	0	1
1344.5381409090758	38700.31	23.727592	1.0932119937795388	0.0006131112	0	1
1344.539529757388	38667.562	23.714893	1.0897648418517718	0.000613302	0	1
1344.5409186056995	38718.48	23.736647	1.0886723394157702	0.0006130573	0	1
1344.5423074544767	38764.293	23.751328	1.0874288006489339	0.0006127115	0	1
1344.5436963027887	38859.906	23.772598	1.087567147716257	0.0006117513	0	1
1344.545085151101	38741.977	23.741493	1.0817423650407696	0.0006128106	0	1
1344.5464739994131	38837.41	23.769787	1.0818723528428118	0.00061203324	0	1
1344.5478628477254	38842.67	23.763577	1.0794862100038494	0.00061179046	0	1
1344.5492516965032	38869.22	23.770092	1.0776926832750573	0.0006115403	0	1
1344.5506405448155	38788.277	23.751503	1.0729229069151267	0.00061233714	0	1
1344.552029393127	38879.168	23.777683	1.072917392301575	0.000611579	0	1
1344.5534182414385	38964.332	23.799288	1.0727417721666057	0.00061079673	0	1
1344.5548070897507	38858.855	23.776342	1.0673306761376247	0.0006118642	0	1
1344.5561959380636	38923.34	23.79732	1.0665949556135208	0.00061138946	0	1
1344.5575847863759	38956.305	23.798258	1.064997172147068	0.0006108962	0	1
1344.558973635153	38937.914	23.790728	1.062003152837418	0.0006109913	0	1
1344.5603624834653	39005.934	23.822193	1.0613721522198372	0.00061073253	0	1
1344.5617513317766	38876.45	23.776875	1.0553805670441396	0.000611601	0	1
1344.5645290284003	38998.316	23.813778	1.0537714346094411	0.000610636	0	1
1344.5659178767132	39113.223	23.848658	1.0544289675859828	0.0006097339	0	1
1344.5673067250254	38995.156	23.813864	1.0488174078026926	0.0006106877	0	1
1344.5686955738026	39137.68	23.851458	1.050240645983904	0.00060942443	0	1
1344.5700844221149	39012.207	23.828724	1.0444822652946075	0.00061080174	0	1
1344.571473270427	39186.773	23.87313	1.0467648352120424	0.000609214	0	1
1344.57425096705	39053.066	23.82859	1.03845971376386	0.00061015924	0	1
1344.5756398153628	39255.45	23.886219	1.0414784072958143	0.0006084816	0	1
1344.5770286636757	39154.29	23.858715	1.0364484163582275	0.00060935126	0	1
1344.5784175119873	39084.63	23.844984	1.0323007124427432	0.00061008596	0	1
1344.5798063602988	39276.516	23.890696	1.0350640503658004	0.00060826924	0	1
1344.581195208611	39271.8	23.88762	1.0326582930695996	0.00060826394	0	1
1344.5825840569232	39135.64	23.854996	1.026828764239776	0.00060954655	0	1
1344.5839729057004	39259.72	23.881145	1.027837821455591	0.0006082862	0	1
1344.585361754012	39307.816	23.90381	1.0268733567700388	0.0006081185	0	1
1344.5867506023249	39217.723	23.878265	1.022322078389818	0.0006088641	0	1
1344.5881394506378	39274.785	23.897528	1.0216301098731675	0.00060847	0	1
1344.5895282989493	39281.51	23.895449	1.0196471179463724	0.00060831284	0	1
1344.5909171472608	39284.48	23.899317	1.0175883722698778	0.00060836534	0	1
1344.5923059955728	39366.07	23.918316	1.0175843609256292	0.0006075871	0	1
1344.593694843885	39449.355	23.936928	1.0176461481427896	0.00060677616	0	1
1344.5950836921966	39297.918	23.89356	1.011665104832011	0.00060801086	0	1
1344.5964725405088	39410.297	23.932964	1.012509303875249	0.0006072769	0	1
1344.5978613888217	39496.645	23.957249	1.0127073355965812	0.00060656416	0	1
1344.599250237134	39360.19	23.912086	1.0072032444705905	0.0006075196	0	1
1344.6006390854454	39339.88	23.907228	1.0047216128604974	0.00060770975	0	1
1344.602027933757	39493.527	23.957174	1.0066838722073328	0.00060661015	0	1
1344.6034167820692	39418.246	23.925707	1.0028417353155232	0.00060697034	0	1
1344.6048056303814	39485.77	23.94418	1.002659377647931	0.00060640025	0	1
1344.6061944786936	39349.8	23.910189	0.9973495651674673	0.00060763175	0	1
1344.6075833270056	39591.414	23.98451	1.0016117933222837	0.00060580083	0	1
1344.6089721753178	39571.535	23.972944	0.999285525346401	0.0006058128	0	1
1344.61036102363	39595.453	23.976479	0.9980926824666697	0.00060553616	0	1
1344.6117498719416	39568.53	23.97235	0.9956463378090672	0.0006058438	0	1
1344.6131387202531	39599.69	23.99063	0.9946894941817364	0.0006058287	0	1
1344.6145275685653	39588.277	23.980803	0.9926908361153938	0.00060575514	0	1
1344.6159164168782	39573.656	23.977797	0.9906415967537586	0.000605903	0	1
1344.6173052651905	39677.137	23.995474	0.9915859562706888	0.0006047683	0	1
1344.618694113502	39581.77	23.973423	0.9875659378704038	0.0006056683	0	1
1344.6200829618142	39689.9	24.0036	0.9886640763706944	0.0006047785	0	1
1344.6214718101255	39591.133	23.983074	0.9846503480592256	0.0006057688	0	1
1344.622860658437	39677.43	24.00205	0.9852445988379444	0.0006049296	0	1
1344.6242495067493	39715.363	24.018106	0.9846758249251131	0.00060475606	0	1
1344.6256383550622	39697.926	24.00983	0.9827638421344961	0.0006048132	0	1
1344.6270272033744	39635.88	23.986977	0.9797810241946785	0.0006051834	0	1
1344.628416051686	39697.062	24.00829	0.9798752311813396	0.00060478755	0	1
1344.6298048999981	39869.31	24.059294	0.9827473676413089	0.000603454	0	1
1344.6311937483104	39702.848	24.010977	0.9772742859190217	0.0006047671	0	1
1344.632582596622	39695.82	24.006977	0.9757765760368428	0.0006047734	0	1
1344.6339714449334	39743.297	24.01571	0.9756488166655477	0.0006042707	0	1
1344.6353602932456	39757.11	24.02514	0.9747243383645274	0.00060429797	0	1
1344.6367491415585	39794.76	24.03696	0.9744145749982859	0.0006040232	0	1
1344.6381379898708	39781.09	24.041912	0.9728793468212967	0.0006043553	0	1
1344.639526838182	39766.137	24.032024	0.9713457776939572	0.0006043339	0	1
1344.6409156864943	39865.816	24.056108	0.9726421361213379	0.00060342695	0	1
1344.6423045348065	39801.67	24.04394	0.9699729303944155	0.0006040937	0	1
1344.6436933826524	39821.28	24.04415	0.9693786107239689	0.0006038015	0	1
1344.645082230964	39840.445	24.047243	0.9688050922516788	0.0006035887	0	1
1344.6464710792768	39827.203	24.042435	0.9674761777652117	0.0006036687	0	1
1344.6478599275897	39893.68	24.063923	0.9681153782585368	0.0006032014	0	1
1344.6492487759012	39865.953	24.053297	0.9665005900475784	0.00060335436	0	1
1344.6506376242128	39886.23	24.060682	0.9660829076773169	0.0006032328	0	1
1344.652026472525	39851.89	24.052753	0.9643758613656059	0.0006035536	0	1
1344.6534153208372	39895.04	24.058578	0.964577078246569	0.00060304685	0	1
1344.6548041691485	39903.957	24.064058	0.9639829813464429	0.0006030494	0	1
1344.657581865308	40050.555	24.100178	0.9660325096095216	0.00060174393	0	1
1344.6589707136202	39972.29	24.081724	0.9634019373000479	0.00060246047	0	1
1344.6603595619317	39903.336	24.05906	0.9610646861207159	0.0006029335	0	1
1344.6617484102433	39892.137	24.060022	0.9601535178471272	0.00060312694	0	1
1344.6631372585555	39917.17	24.062502	0.960148052789595	0.0006028108	0	1
1344.6645261068677	39964.242	24.083445	0.9607054128580802	0.00060262484	0	1
1344.66591495518	40047.15	24.107248	0.9621731299243785	0.00060197164	0	1
1344.6673038034921	39964.434	24.087633	0.9596622023860418	0.00060272677	0	1
1344.6686926513387	39893.555	24.060654	0.9574881519573606	0.00060312136	0	1
1344.6700814996507	39962.215	24.082571	0.958697278231026	0.0006026335	0	1
1344.6714703479622	40010.24	24.087643	0.9594441823561018	0.00060203695	0	1
1344.6728591962737	39876.96	24.051212	0.9558953201996153	0.00060313556	0	1
1344.674248044586	39926.285	24.064728	0.9567246251461095	0.0006027289	0	1
1344.6756368928975	39887.625	24.062883	0.9555135215506165	0.0006032669	0	1
1344.677025740744	40030.527	24.100834	0.9586511987145617	0.00060206134	0	1
1344.678414589057	39869.223	24.06075	0.95458899193995	0.0006034918	0	1
1344.6798034373692	40073.996	24.10534	0.9592916618162828	0.0006015207	0	1
1344.6811922856807	39968.08	24.082415	0.9565565875610051	0.0006025412	0	1
1344.6825811339922	40076.383	24.110641	0.9590341847756612	0.0006016172	0	1
1344.6839699823045	39953.742	24.080124	0.9559852922793761	0.0006027001	0	1
1344.6978584644944	40020.72	24.101578	0.9584986986053826	0.0006022275	0	1
1344.6992473123403	40008.766	24.097122	0.9584911712612402	0.0006022961	0	1
1344.7006361606525	39959.363	24.092697	0.9576199956608047	0.00060292997	0	1
1344.7020250089645	39996.254	24.09943	0.9588506578609944	0.0006025422	0	1
1344.703413857276	39994.19	24.097015	0.9591816665731707	0.00060251285	0	1
1344.704802705122	40042.24	24.109825	0.9607487636354822	0.0006021098	0	1
1344.7061915534348	39984.266	24.097807	0.9598057629035074	0.00060268224	0	1
1344.7075804017477	39988.88	24.092243	0.9603982306599138	0.00060247356	0	1
1344.7089692500592	40009.938	24.103312	0.9614196401089172	0.0006024331	0	1
1344.710358097905	39972.7	24.0906	0.961073568018682	0.0006026763	0	1
1344.7117469462173	39983.21	24.089108	0.9619087055226161	0.00060248055	0	1
1344.7131357945295	39957.855	24.08785	0.9619141557880461	0.0006028314	0	1
1344.714524642841	39965.086	24.08967	0.9627371176169783	0.00060276786	0	1
1344.715913490687	39985.016	24.093073	0.963899713435678	0.00060255255	0	1
1344.7173023389996	39988.965	24.094458	0.9647106755576925	0.00060252764	0	1
1344.7186911873125	39958.824	24.090717	0.9647318466517952	0.0006028885	0	1
1344.7200800351584	39970.094	24.084745	0.9657854246706487	0.00060256914	0	1
1344.72146888347	39923.06	24.076483	0.9654623548897627	0.0006030721	0	1
1344.7228577317821	39874.23	24.063223	0.9651266775314246	0.00060347805	0	1
1344.7242465800944	39942.273	24.0836	0.9676528384708508	0.0006029601	0	1
1344.7256354279402	39858.938	24.052246	0.9665437834238371	0.0006034342	0	1
1344.7270242762525	39891.07	24.068542	0.9682659507730405	0.00060335663	0	1
1344.7284131245653	39896.895	24.067142	0.9693826906336663	0.00060323346	0	1
1344.729801972412	39906.48	24.067827	0.9706233418907199	0.00060310576	0	1
1344.7311908207234	39847.78	24.055029	0.9702338453842368	0.000603673	0	1
1344.7325796690347	39862.75	24.058994	0.9716687411813617	0.00060354575	0	1
1344.7339685168813	39859.95	24.055681	0.9727025043830069	0.00060350506	0	1
1344.7353573651928	39835.688	24.050606	0.9732433183707283	0.0006037452	0	1
1344.736746213505	39813.97	24.045786	0.9738762898933828	0.0006039535	0	1
1344.738135061818	39836.64	24.052494	0.9756263062775549	0.0006037782	0	1
1344.7395239096645	39822.184	24.047731	0.9764982701588298	0.00060387776	0	1
1344.740912757976	39828.094	24.050844	0.977900248637952	0.0006038663	0	1
1344.742301605822	39807.574	24.0414	0.9786834847746891	0.00060394034	0	1
1344.7436904541341	39790.63	24.040985	0.9795838319937045	0.00060418714	0	1
1344.7450793024464	39749.76	24.030977	0.9799235706198627	0.0006045565	0	1
1344.746468150293	39782.13	24.038143	0.9820984671692153	0.00060424476	0	1
1344.7478569986051	39725.797	24.019135	0.9821126243716161	0.0006046231	0	1
1344.7492458469173	39755.914	24.031488	0.9842926871172843	0.0006044758	0	1
1344.7506346947637	39714.215	24.019066	0.9847236308647445	0.0006047977	0	1
1344.7520235430752	39749.35	24.026394	0.9870886561342992	0.00060444744	0	1
1344.7534123913867	39695.484	24.016096	0.9872716418849105	0.0006050083	0	1
1344.7548012392333	39734.836	24.02222	0.9898011956143107	0.0006045632	0	1
1344.7561900875455	39650.59	24.00372	0.9892785180470126	0.00060538115	0	1
1344.7575789358577	39627.207	23.999298	0.990298179624839	0.0006056268	0	1
1344.7589677837043	39628.16	23.996534	0.9919529157163255	0.0006055425	0	1
1344.7603566320165	39633.035	23.997137	0.9937336106665714	0.0006054832	0	1
1344.761745479863	39593.023	23.985418	0.9944146114334913	0.0006057991	0	1
1344.7631343281746	39599.74	23.988014	0.996294728134934	0.00060576195	0	1
1344.764523176486	39611.305	23.992132	0.998324356154632	0.000605689	0	1
1344.7659120243325	39578.13	23.985952	0.9992517266009572	0.0006060406	0	1
1344.7673008726454	39603.926	23.99031	1.001693714561453	0.0006057559	0	1
1344.768689720492	39551.72	23.977055	1.002187240069906	0.0006062203	0	1
1344.7700785688035	39500.375	23.964045	1.0027231913152812	0.0006066789	0	1
1344.7714674171157	39482.566	23.957449	1.0041321657483762	0.0006067855	0	1
1344.7728562649622	39526.574	23.968985	1.0071391242662884	0.00060640177	0	1
1344.7742451132738	39475.445	23.954044	1.007745875722025	0.0006068087	0	1
1344.7756339611196	39491.723	23.959957	1.0100955723941232	0.00060670835	0	1
1344.7770228094325	39508.176	23.96266	1.0124748503915482	0.00060652406	0	1
1344.7784116572798	39384.645	23.937765	1.0112844586887184	0.0006077944	0	1
1344.779800505591	39454.59	23.949196	1.0150819521460972	0.0006070066	0	1
1344.781189353437	39430.84	23.94275	1.0164934300297719	0.00060720876	0	1
1344.7825782017492	39406.81	23.938498	1.0179169888624608	0.0006074711	0	1
1344.7839670500614	39414.56	23.937145	1.0201819935770189	0.0006073174	0	1
1344.7853558979073	39368.35	23.921278	1.0210692687487382	0.0006076271	0	1
1344.7867447462195	39338.125	23.915224	1.0223873758430992	0.00060794014	0	1
1344.7881335940667	39333.613	23.920576	1.0243918775550807	0.0006081459	0	1
1344.789522442379	39266.125	23.900217	1.0247717700869625	0.0006086727	0	1
1344.7909112902248	39315.7	23.90829	1.0282247442651633	0.0006081105	0	1
1344.7923001385363	39285.28	23.905151	1.0296051617317563	0.0006085015	0	1
1344.793688986383	39330.27	23.911154	1.0329805979130364	0.00060795806	0	1
1344.7950778346951	39249.223	23.892506	1.0330611703317667	0.00060873834	0	1
1344.796466682541	39246.188	23.891336	1.0352071503463014	0.0006087556	0	1
1344.797855530853	39172.395	23.87458	1.0354986241533957	0.0006094746	0	1
1344.7992443787002	39213.11	23.882086	1.0388308547793617	0.0006090332	0	1
1344.8006332270118	39234.777	23.890003	1.0416772226024456	0.00060889864	0	1
1344.8020220748576	39152.54	23.870049	1.0417759049818873	0.000609668	0	1
1344.8034109231698	39177.355	23.873	1.044733694832478	0.0006093571	0	1
1344.8047997710164	39128.39	23.863108	1.04573586051255	0.0006098668	0	1
1344.806188619328	39135.926	23.864502	1.0482582689623268	0.000609785	0	1
1344.8075774671745	39112.527	23.852398	1.0499632154457397	0.0006098404	0	1
1344.8089663154874	39132.777	23.863218	1.052851099802937	0.00060980127	0	1
1344.810355163334	39084.305	23.846748	1.0538990613924777	0.0006101362	0	1
1344.8117440116453	39035.72	23.834873	1.0549481673172427	0.0006105914	0	1
1344.8131328594911	39071.992	23.846043	1.0582992348078757	0.0006103104	0	1
1344.8145217078034	39046.598	23.840801	1.0599892952283152	0.0006105731	0	1
1344.81591055565	39059.19	23.844013	1.0627177926268756	0.00061045843	0	1
1344.8172994039621	38985.586	23.82532	1.0631044889191659	0.0006111315	0	1
1344.8186882518087	38999.047	23.826103	1.0658682221018647	0.0006109407	0	1
1344.820077100121	39017.1	23.829672	1.068765197768401	0.0006107494	0	1
1344.8214659479675	38985.508	23.819061	1.0703063528557422	0.0006109722	0	1
1344.8228547958133	38954.25	23.816212	1.071857076372521	0.0006113893	0	1
1344.8242436441249	38957.65	23.81874	1.074363120319442	0.0006114009	0	1
1344.8256324919714	38941.066	23.807846	1.076319989281429	0.0006113815	0	1
1344.8270213402843	38907.316	23.800653	1.0778010773497606	0.00061172695	0	1
1344.8284101881309	38925.05	23.804432	1.0807084251935453	0.0006115453	0	1
1344.8297990364422	38882.36	23.792645	1.081936798439571	0.0006119136	0	1
1344.8311878842887	38881.715	23.791584	1.084331866459402	0.00061189645	0	1
1344.832576732601	38801.99	23.771189	1.084515065278902	0.0006126281	0	1
1344.8339655804468	38843.895	23.783438	1.0880932552392137	0.00061228254	0	1
1344.8353544282927	38807.746	23.768717	1.0894821822354777	0.0006124735	0	1
1344.836743276605	38793.203	23.767344	1.091470497783983	0.0006126677	0	1
1344.8381321244522	38813.05	23.772675	1.0944218369906087	0.0006124918	0	1
1344.8395209727644	38753.805	23.763594	1.0951347373158293	0.00061319384	0	1
1344.8409098206102	38732.625	23.753786	1.0969117256649414	0.0006132759	0	1
1344.8422986684568	38710.33	23.745396	1.0986468362496196	0.0006134124	0	1
1344.843687516769	38804.12	23.77088	1.103662835577779	0.00061258645	0	1
1344.8450763646147	38752.47	23.754707	1.1045547214997613	0.00061298563	0	1
1344.8464652129262	38679.684	23.736267	1.104816645803914	0.0006136624	0	1
1344.8478540607734	38678.44	23.7373	1.1071063525695612	0.0006137088	0	1
1344.8492429086207	38611.832	23.720312	1.1075087954996687	0.00061432755	0	1
1344.8506317569322	38515.023	23.689968	1.10702219462302	0.00061508385	0	1
1344.852020604778	38392.254	23.659458	1.1057623912334713	0.00061625603	0	1
1344.8534094526246	38336.16	23.646076	1.1063975124331389	0.00061680865	0	1
1344.8547983009369	38242.957	23.620321	1.1059370894360319	0.00061763846	0	1
1344.8561871487827	38096.42	23.578094	1.1039037263523452	0.00061890576	0	1
1344.8575759966293	37933.543	23.535751	1.1013613356666536	0.000620447	0	1
1344.8589648449422	37810.176	23.496908	1.0999312761185558	0.000621444	0	1
1344.8603536927885	37600.582	23.437525	1.0959546048153956	0.0006233288	0	1
1344.8617425406344	37521.56	23.41856	1.095747275457308	0.0006241361	0	1
1344.863131388946	37293.914	23.351112	1.0911616570856395	0.00062613736	0	1
1344.8645202367925	37138.01	23.310488	1.0886320991056988	0.00062767195	0	1
1344.865909085104	36946.91	23.260307	1.0850291566419816	0.00062956027	0	1
1344.8672979329506	36781.336	23.211826	1.082133174024292	0.0006310762	0	1
1344.8686867807978	36601.93	23.16339	1.0787875968680014	0.00063284615	0	1
1344.8700756286444	36330.24	23.084251	1.072673314342878	0.0006354005	0	1
1344.871464476956	36158.82	23.036772	1.0694708880444324	0.00063709967	0	1
1344.8728533248018	35911.203	22.96516	1.0639667842979947	0.00063949847	0	1
1344.8742421726483	35709.21	22.905102	1.0597645562951974	0.000641434	0	1
1344.8756310209606	35507.01	22.85449	1.0555082024135967	0.0006436613	0	1
1344.8770198688062	35193.805	22.76227	1.0478982205445382	0.00064676924	0	1
1344.8784087166528	34970.793	22.700424	1.0429188473444106	0.00064912526	0	1
1344.8797975649657	34751.88	22.629429	1.0380110039135975	0.0006511714	0	1
1344.8811864128122	34479.28	22.560867	1.03144649792937	0.0006543311	0	1
1344.882575260658	34246.508	22.48385	1.0260193722794932	0.00065652974	0	1
1344.883964108504	33961.008	22.408285	1.0189579727278866	0.00065982394	0	1
1344.8853529568162	33718.145	22.334824	1.0131207467879648	0.00066239777	0	1
1344.8867418046627	33440.953	22.255142	1.0061973663328136	0.0006655056	0	1
1344.8881306525093	33261.69	22.196629	1.0021684948612772	0.00066733314	0	1
1344.8895195008215	32916.26	22.100761	0.9930782321215912	0.0006714238	0	1
1344.8909083486678	32672.564	22.026226	0.9869999533085608	0.00067415053	0	1
1344.8922971965144	32386.604	21.941399	0.9795902317711581	0.0006774838	0	1
1344.8936860443603	32106.12	21.86195	0.972290266234612	0.0006809278	0	1
1344.8950748926718	31766.422	21.757708	0.9631395959463056	0.00068492786	0	1
1344.8964637405184	31542.17	21.689304	0.9574339700502246	0.0006876288	0	1
1344.8978525883656	31221.746	21.595774	0.9487550144746243	0.00069169013	0	1
1344.8992414362122	30988.408	21.518581	0.9426682897433962	0.00069440744	0	1
1344.9006302845237	30695.746	21.433392	0.9347241492449642	0.0006982528	0	1
1344.9020191323702	30385.77	21.341612	0.9261980553373852	0.00070235546	0	1
1344.9034079802168	30091.086	21.249529	0.9180839121158689	0.00070617354	0	1
1344.9047968280627	29874.25	21.185808	0.9122939148846709	0.00070916617	0	1
1344.9061856763742	29555.986	21.087284	0.9033554467235249	0.0007134691	0	1
1344.9075745242212	29231.492	20.989765	0.8941732460604276	0.00071805314	0	1
1344.9089633720685	29024.52	20.920902	0.8885361066126676	0.000720801	0	1
1344.9103522199143	28734.404	20.828592	0.8803053259948841	0.000724866	0	1
1344.9117410677602	28481.28	20.755457	0.8731589535715932	0.00072874036	0	1
1344.9131299160724	28210.803	20.667704	0.8654329362268995	0.00073261664	0	1
1344.914518763919	27970.283	20.592823	0.8585791586387201	0.00073623937	0	1
1344.9159076117649	27706.965	20.504398	0.8509796392790476	0.0007400449	0	1
1344.9172964596107	27436.865	20.422531	0.8431261738712574	0.00074434635	0	1
1344.918685307458	27244.236	20.359035	0.8376095469563962	0.0007472786	0	1
1344.9200741557709	27051.35	20.299318	0.832042976877457	0.0007503995	0	1
1344.9214630036167	26794.367	20.21462	0.8244627381300552	0.00075443543	0	1
1344.9228518514624	26631.055	20.16245	0.8197235122743111	0.000757103	0	1
1344.924240699309	26413.357	20.088123	0.8132702040884885	0.00076052896	0	1
1344.9256295471555	26265.262	20.041443	0.80892058603291	0.0007630399	0	1
1344.9270183950014	26103.168	19.990873	0.8041015591942648	0.0007658409	0	1
1344.9284072433136	25965.23	19.940388	0.7999889550481438	0.000767965	0	1
1344.9297960911608	25837.05	19.897293	0.7959263452564271	0.00077010697	0	1
1344.9311849390067	25754.807	19.874874	0.7932797641222582	0.00077169575	0	1
1344.9325737868526	25657.352	19.841295	0.7901654878730576	0.0007733181	0	1
1344.9339626346991	25585.01	19.816256	0.7878253981932846	0.00077452604	0	1
1344.9353514825457	25523.217	19.79831	0.7858107529343005	0.00077569805	0	1
1344.936740330857	25538.812	19.80405	0.7861789903833554	0.00077544915	0	1
1344.9381291787035	25547.346	19.804054	0.7863297441550529	0.0007751903	0	1
1344.9395180265508	25565.46	19.812855	0.7867753413884037	0.00077498524	0	1
1344.9409068743973	25591.438	19.816948	0.7874627092407882	0.0007743585	0	1
1344.9422957222432	25649.54	19.83437	0.7891382449372738	0.00077328365	0	1
1344.943684570089	25775.912	19.873972	0.792913457726544	0.00077102886	0	1
1344.9450734179356	25800.291	19.89451	0.7935505195259873	0.0007710963	0	1
1344.9464622657822	25971.467	19.944098	0.7987018519759695	0.0007679234	0	1
1344.9478511140944	26122.86	19.992912	0.802994014127544	0.0007653416	0	1
1344.949239961941	26307.178	20.05271	0.8082585599877745	0.0007622524	0	1
1344.9506288097875	26475.926	20.103079	0.8130043030621218	0.0007592965	0	1
1344.952017657634	26673.514	20.166744	0.8185945311784707	0.0007560588	0	1
1344.95340650548	26879.559	20.233618	0.8244020564919441	0.00075275113	0	1
1344.9547953533256	27047.246	20.29044	0.8289910411235603	0.00075018505	0	1
1344.9561842011722	27325.76	20.376278	0.8369327090126193	0.0007456802	0	1
1344.9575730490187	27518.416	20.446886	0.8421996149227132	0.00074302556	0	1
1344.9589618968653	27768.861	20.511951	0.8491901308813328	0.0007386674	0	1
1344.9603507447118	27960.766	20.582754	0.8543450156298833	0.0007361298	0	1
1344.9617395925584	28296.146	20.68657	0.8638357193781516	0.0007310737	0	1
1344.9631284408706	28519.139	20.753422	0.869845934582839	0.0007277016	0	1
1344.9645172887165	28828.78	20.852654	0.8784496471162284	0.0007233277	0	1
1344.9659061365624	29041.492	20.918398	0.8840504173612745	0.0007202935	0	1
1344.967294984409	29344.492	21.012068	0.892349909811551	0.0007160481	0	1
1344.9686838322561	29620.03	21.097883	0.8997621911114366	0.00071228435	0	1
1344.9700726801025	29904.92	21.184797	0.9074066673259196	0.0007084051	0	1
1344.9714615279483	30194.781	21.272291	0.9151491558799943	0.0007045022	0	1
1344.972850375795	30487.873	21.362406	0.9229360757426525	0.00070068537	0	1
1344.9742392236415	30756.867	21.444168	0.9299404527055195	0.0006972156	0	1
1344.9756280714873	31023.459	21.524681	0.9368198582940164	0.0006938195	0	1
1344.9770169193332	31320.23	21.614202	0.9445569788848428	0.00069010357	0	1
1344.9784057671804	31684.92	21.719355	0.9542846193656157	0.00068547926	0	1
1344.9797946150277	31900.248	21.787275	0.959459111853884	0.0006829814	0	1
1344.9811834628736	32181.545	21.878557	0.9665663183320107	0.00067984796	0	1
1344.9825723107194	32432.988	21.94993	0.9727239346502284	0.0006767779	0	1
1344.983961158566	32750.047	22.037386	0.9807949169692144	0.00067289633	0	1
1344.9853500064123	33025.438	22.123869	0.9875623967927339	0.0006699039	0	1
1344.9867388542582	33263.64	22.192432	0.9931657709866853	0.0006671679	0	1
1344.9881277021047	33523.754	22.272226	0.9993720385641415	0.0006643715	0	1
1344.989516549952	33842.344	22.362421	1.0072666119387903	0.0006607823	0	1
1344.9909053977985	34094.867	22.43463	1.0131403637501755	0.00065800606	0	1
1344.9922942456444	34319.754	22.503613	1.0181431182033656	0.00065570435	0	1
1344.9936830934903	34552.918	22.565392	1.0233428911801359	0.0006530676	0	1
1344.9950719413368	34794.906	22.637772	1.0287549294552674	0.0006506059	0	1
1344.9964607891834	35095.785	22.71459	1.0358559338599937	0.00064721704	0	1
1344.9978496370293	35342.926	22.790121	1.041318679019408	0.00064482837	0	1
1344.9992384848758	35621.46	22.870638	1.0476557092806562	0.0006420466	0	1
1345.000627332723	35806.316	22.925484	1.0511905262138044	0.00064026366	0	1
1345.0020161805687	36059.29	22.993034	1.0566798808279165	0.00063764525	0	1
1345.0034050284146	36273.895	23.05601	1.0609986006721055	0.00063560886	0	1
1345.0047938762611	36452.445	23.104311	1.0642209756895382	0.0006338206	0	1
1345.0061827241077	36623.223	23.153753	1.0671776449039727	0.00063221506	0	1
1345.0075715719536	36840.758	23.218798	1.0714564938690674	0.0006302476	0	1
1345.0089604198001	37062.277	23.276104	1.0758086766688455	0.00062802684	0	1
1345.0103492676474	37257.438	23.331457	1.0793550526780995	0.0006262228	0	1
1345.011738115494	37389.977	23.366611	1.0810523392175662	0.0006249432	0	1
1345.0131269633398	37518.297	23.40699	1.08259725718169	0.000623882	0	1
1345.0145158111857	37699.344	23.45733	1.0856311584122222	0.0006222212	0	1
1345.0159046590322	37904.69	23.511395	1.0893286491520076	0.0006202766	0	1
1345.017293506413	37974.754	23.530058	1.0891092727494052	0.0006196237	0	1
1345.0186823542595	38167.598	23.58131	1.09238377873079	0.00061783585	0	1
1345.020071202106	38270.31	23.608229	1.093050030555083	0.00061688107	0	1
1345.0214600499526	38379.652	23.638489	1.0938828919415875	0.000615912	0	1
1345.0228488977991	38488.496	23.672905	1.0946791290227733	0.0006150644	0	1
1345.024237745645	38619.504	23.706617	1.0960829003263484	0.0006138509	0	1
1345.0256265934909	38710.715	23.729074	1.0963362119882316	0.00061298464	0	1
1345.0270154413374	38706.883	23.734276	1.0938858112262617	0.0006131797	0	1
1345.0284042891915	38795.523	23.74903	1.0940377940836872	0.000612159	0	1
1345.0297931370546	38788.9	23.751356	1.0914933488309424	0.0006123236	0	1
1345.0311819849198	38830.367	23.765018	1.0902960233900185	0.0006120215	0	1
1345.0325708323194	38758.676	23.749447	1.0859199577458567	0.00061275176	0	1
1345.0339596801846	38889.484	23.778206	1.0872114454617516	0.0006114302	0	1
1345.0353485280498	38814.402	23.759237	1.0827420309223286	0.0006121243	0	1
1345.036737375914	38857.516	23.769526	1.0815709680553915	0.00061170984	0	1
1345.0381262237793	38893.504	23.779291	1.080196873274163	0.00061139493	0	1
1345.039515071645	38915.008	23.784035	1.0784179210578033	0.000611179	0	1
1345.0409039195097	38843.918	23.768854	1.0740777562539237	0.0006119067	0	1
1345.042292767374	38893.406	23.787224	1.0730755516213997	0.0006116004	0	1
1345.0436816147744	38944.516	23.79454	1.072115247572481	0.0006109857	0	1
1345.0450704626394	38920.832	23.788902	1.0690983461903298	0.00061121257	0	1
1345.046459310504	38940.24	23.796757	1.0672701490823642	0.00061110966	0	1
1345.047848158369	38938.93	23.793762	1.0648786781596185	0.0006110533	0	1
1345.0492370062343	38993.527	23.807755	1.064019190065171	0.00061055657	0	1
1345.0506258540995	38986.15	23.807837	1.0614727304961893	0.00061067427	0	1
1345.052014701499	38983.395	23.80563	1.0590605512152076	0.00061066076	0	1
1345.0534035493633	39057.082	23.822294	1.058729258497639	0.0006099353	0	1
1345.0547923972285	38947.5	23.794624	1.053441120366839	0.000610941	0	1
1345.0561812450942	39031.992	23.81833	1.053413916188886	0.00061022583	0	1
1345.057570092959	39117.273	23.845066	1.0534082660038666	0.0006095789	0	1
1345.0589589408232	39061.746	23.82586	1.0496200902663904	0.0006099538	0	1
1345.0603477882237	39071.953	23.832458	1.0476126840541757	0.0006099633	0	1
1345.0617366360889	39088.832	23.83692	1.0457949887520834	0.0006098141	0	1
1345.0631254839532	39148.2	23.850885	1.0451226475428963	0.000609246	0	1
1345.0645143318184	39146.145	23.85128	1.0428208820059315	0.0006092881	0	1
1345.065903179684	39153.516	23.851776	1.040784137234377	0.00060918607	0	1
1345.0672920270836	39167.63	23.862707	1.038940203290705	0.0006092456	0	1
1345.0686808749483	39161.906	23.857924	1.036585012321173	0.0006092125	0	1
1345.0700697228135	39200.188	23.868664	1.0354086841519596	0.0006088916	0	1
1345.0714585706785	39176.695	23.860792	1.0326163633817578	0.00060905574	0	1
1345.0728474185435	39246.992	23.881592	1.0323105704062707	0.00060849485	0	1
1345.074236265943	39265.42	23.88738	1.0306532035857716	0.00060835667	0	1
1345.0756251138077	39201.277	23.866974	1.026848933159426	0.0006088315	0	1
1345.077013961673	39268.246	23.886461	1.0264974945102394	0.0006082895	0	1
1345.0784028095381	39302.566	23.89231	1.0253062409634828	0.0006079071	0	1
1345.0797916569368	39307.64	23.897184	1.0233694797721131	0.00060795265	0	1
1345.081180504802	39297.91	23.893925	1.0210675238702918	0.00060802023	0	1
1345.0825693526676	39307.26	23.897728	1.0192818449858696	0.0006079723	0	1
1345.0839582005324	39344.875	23.912231	1.0182475131522324	0.00060775975	0	1
1345.085347047931	39395.215	23.920944	1.0175594216110881	0.00060720433	0	1
1345.0867358957971	39401.895	23.924095	1.0157625166317916	0.00060718134	0	1
1345.088124743662	39402.195	23.926365	1.0138230144844473	0.0006072343	0	1
1345.0895135915266	39434.78	23.926937	1.012735200136738	0.00060674705	0	1
1345.0909024389262	39409.113	23.930786	1.010173998109625	0.0006072399	0	1
1345.0922912867914	39418.027	23.929897	1.0085234104659577	0.00060708006	0	1
1345.0936801346566	39410.113	23.929691	1.0064659481306166	0.0006071967	0	1
1345.0950689825218	39525.25	23.957247	1.0075700949247655	0.0006061251	0	1
1345.096457829921	39475.55	23.943588	1.0044937047674156	0.0006065422	0	1
1345.097846677786	39472.176	23.944677	1.0026233149395876	0.0006066217	0	1
1345.0992355256512	39484.21	23.948479	1.0011691017740405	0.000606533	0	1
1345.1006243730508	39491.516	23.948904	0.9996195418240953	0.0006064316	0	1
1345.1020132209155	39465.77	23.945564	0.9972599549103636	0.00060674263	0	1
1345.1034020687807	39514.043	23.955305	0.996795876739349	0.00060624786	0	1
1345.1047909161807	39577.71	23.972027	0.9967417957983223	0.0006056951	0	1
1345.106179764045	39564.7	23.970106	0.9947811489196908	0.00060584577	0	1
1345.1075686119098	39575.31	23.969284	0.9934414846794942	0.0006056626	0	1
1345.1089574597754	39600.035	23.979424	0.9924820214996747	0.00060554047	0	1
1345.110346307175	39613.0	23.984203	0.9912537998145783	0.00060546293	0	1
1345.1117351550397	39640.652	23.991402	0.9904193112286156	0.0006052222	0	1
1345.1131240029047	39622.77	23.984528	0.9884747772034796	0.00060532184	0	1
1345.114512850304	39616.586	23.978977	0.9868512693036868	0.0006052762	0	1
1345.1159016981692	39653.543	23.993126	0.9863297621197583	0.0006050689	0	1
1345.1172905460344	39700.676	24.003595	0.9860870668741957	0.00060461427	0	1
1345.1186793934335	39681.293	24.002785	0.9842202243459729	0.0006048892	0	1
1345.1200682412987	39691.59	24.006897	0.9831190197838502	0.00060483586	0	1
1345.1214570886987	39732.41	24.015717	0.9828015026936109	0.00060443644	0	1
1345.122845936563	39714.516	24.01314	0.9810604558243509	0.0006046439	0	1
1345.1242347844277	39716.8	24.01205	0.9798481800379764	0.00060458167	0	1
1345.1256236318277	39775.543	24.02558	0.9800567877340274	0.00060402893	0	1
1345.127012479693	39816.56	24.03199	0.9798556982047245	0.00060356775	0	1
1345.1284013275576	39763.38	24.023949	0.9773672198566147	0.0006041727	0	1
1345.129790174957	39765.246	24.027	0.9762637717746667	0.0006042211	0	1
1345.1311790228228	39831.793	24.041368	0.976776959442311	0.00060357235	0	1
1345.132567870688	39817.223	24.038845	0.975330305094469	0.00060372986	0	1
1345.1339567180867	39814.17	24.035961	0.9741972663762956	0.00060370367	0	1
1345.1353455659519	39777.79	24.025969	0.9722807555590843	0.0006040046	0	1
1345.1367344133514	39818.89	24.03733	0.9722892905264628	0.0006036665	0	1
1345.1381232612166	39826.62	24.041754	0.9715131188589111	0.0006036604	0	1
1345.1395121090818	39841.824	24.042421	0.9709501724769096	0.0006034468	0	1
1345.1409009564804	39780.473	24.028606	0.9685542238653749	0.0006040302	0	1
1345.1422898043456	39847.98	24.044853	0.9693272635297772	0.0006034146	0	1
1345.143678651746	39909.957	24.06563	0.9699948054189309	0.00060299813	0	1
1345.1450674996104	39901.93	24.06329	0.9689917722845717	0.0006030608	0	1
1345.146456347475	39840.48	24.047422	0.9667248544717342	0.00060359266	0	1
1345.1478451948751	39940.316	24.07146	0.9684029519699338	0.0006026858	0	1
1345.1492340427403	39935.633	24.07451	0.9675773470970571	0.0006028328	0	1
1345.150622890139	39928.098	24.07117	0.9667152260111995	0.000602863	0	1
1345.1520117380041	39908.72	24.068167	0.9655992258931179	0.00060308044	0	1
1345.1534005854037	39950.086	24.071827	0.9659851575648964	0.00060254754	0	1
1345.1547894332682	39928.44	24.069323	0.9648797509208615	0.00060281146	0	1
1345.1561782806675	39984.473	24.082272	0.9656835834944942	0.0006022906	0	1
1345.1575671285327	39954.74	24.079155	0.9644484132846276	0.0006026608	0	1
1345.158955976398	39973.14	24.08147	0.9644081362855152	0.0006024413	0	1
1345.1603448237975	40002.242	24.089851	0.964658291968698	0.0006022125	0	1
1345.1617336716622	39968.45	24.085747	0.9634246886786355	0.000602619	0	1
1345.1631225190615	39964.02	24.078627	0.9629322154844704	0.0006025076	0	1
1345.1645113669274	39950.574	24.079525	0.9622556527870896	0.0006027329	0	1
1345.165900214327	39977.02	24.083479	0.9625728166475424	0.00060243305	0	1
1345.1672890621912	39979.6	24.085361	0.9623482306129392	0.00060244126	0	1
1345.1686779095908	39949.23	24.078146	0.9613637018711623	0.0006027186	0	1
1345.1700667574569	39966.51	24.078281	0.9615591059408937	0.0006024614	0	1
1345.1714556048555	40035.555	24.099392	0.9630325697697819	0.00060194975	0	1
1345.1728444527198	40011.535	24.091532	0.962300451553265	0.00060211465	0	1
1345.1742333001202	39964.26	24.076944	0.9610425106697271	0.00060246186	0	1
1345.1756221479855	39973.867	24.088896	0.961185675216385	0.0006026161	0	1
1345.177010995384	40015.47	24.093855	0.9621313219508848	0.00060211355	0	1
1345.1783998432493	40054.355	24.101786	0.9630448588287934	0.000601727	0	1
1345.1797886906488	39999.98	24.095297	0.9617493038947637	0.0006023827	0	1
1345.181177538514	40022.15	24.09114	0.9623273699204177	0.0006019452	0	1
1345.1825663859136	40042.754	24.099005	0.9629011776939317	0.0006018318	0	1
1345.1839552337779	39971.258	24.085148	0.9612933321459329	0.0006025617	0	1
1345.1853440811774	40015.188	24.094873	0.9624945770436554	0.00060214323	0	1
1345.1867329290435	40044.406	24.100605	0.9633754723316508	0.00060184696	0	1
1345.1881217764421	40003.15	24.0908	0.9625939903232377	0.0006022226	0	1
1345.1895106243064	40025.89	24.098473	0.9633856157633974	0.0006020721	0	1
1345.1908994717069	40023.164	24.096205	0.9635975027274843	0.00060205645	0	1
1345.192288319572	40013.17	24.097181	0.9636674855722578	0.00060223124	0	1
1345.1936771669707	39970.992	24.085577	0.9629949112085348	0.0006025764	0	1
1345.195066014836	40009.44	24.0902	0.9642978836668185	0.0006021129	0	1
1345.1964548622364	40029.047	24.096844	0.9651802506848643	0.0006019839	0	1
1345.1978437096357	39996.953	24.09368	0.9648488640864786	0.0006023879	0	1
1345.1992325575002	40028.16	24.098534	0.9660774003145731	0.0006020395	0	1
1345.2006214048997	40016.844	24.095993	0.9663127355065608	0.00060214626	0	1
1345.202010252765	39971.074	24.078796	0.9657481544679184	0.0006024055	0	1
1345.2033991001645	39950.418	24.075752	0.9658221362850423	0.0006026408	0	1
1345.2047879480297	39974.04	24.085848	0.9669992401660883	0.00060253724	0	1
1345.2061767954283	39945.777	24.076046	0.9669537544024233	0.00060271815	0	1
1345.2075656428278	39932.855	24.072008	0.9673114169531901	0.0006028121	0	1
1345.2089544906935	39946.18	24.074064	0.9683372728805801	0.0006026625	0	1
1345.2103433380926	39946.152	24.0727	0.9690720427082133	0.00060262874	0	1
1345.2117321859569	39937.1	24.076097	0.9696199867260462	0.0006028504	0	1
1345.2131210333573	39930.496	24.069458	0.9702591497169281	0.00060278387	0	1
1345.2145098807566	39913.133	24.063911	0.970668476319517	0.0006029071	0	1
1345.2158987286211	39928.25	24.070768	0.9718996251662372	0.0006028506	0	1
1345.2172875760207	39923.36	24.070871	0.9726758347622954	0.000602927	0	1
1345.2186764238859	39929.418	24.069601	0.9737505839758513	0.0006028037	0	1
1345.2200652712854	39971.164	24.07663	0.9757284188825885	0.00060235	0	1
1345.221454118685	39909.246	24.06669	0.9752067522163974	0.00060303544	0	1
1345.2228429665493	39812.168	24.042398	0.9738677829575175	0.00060389575	0	1
1345.2242318139488	39920.39	24.065994	0.9775532830954138	0.00060284964	0	1
1345.2256206618144	39855.805	24.051643	0.9770538473556906	0.0006034665	0	1
1345.2270095092135	39859.54	24.050741	0.9782585605264008	0.00060338737	0	1
1345.2283983566122	39896.664	24.063162	0.9803147425767443	0.0006031372	0	1
1345.2297872044783	39850.617	24.048355	0.9803576729075947	0.00060346257	0	1
1345.2311760518783	39833.06	24.038	0.9811300439561621	0.0006034686	0	1
1345.232564899277	39819.203	24.038103	0.9820229863307594	0.0006036812	0	1
1345.2339537471416	39834.293	24.03937	0.9836599718906743	0.0006034843	0	1
1345.2353425945416	39764.613	24.02716	0.9832318703870734	0.00060423475	0	1
1345.2367314419412	39810.89	24.03426	0.985699980734125	0.00060371065	0	1
1345.238120289806	39758.47	24.026653	0.9857536974449026	0.00060431537	0	1
1345.2395091372052	39783.35	24.031235	0.9877525205739706	0.00060405256	0	1
1345.2408979846045	39733.93	24.01301	0.987934783009514	0.00060434523	0	1
1345.2422868324693	39762.125	24.015326	0.9900751125966136	0.0006039749	0	1
1345.2436756798688	39739.58	24.017443	0.9909809033343456	0.00060437084	0	1
1345.2450645272684	39712.527	24.010115	0.9918010453868337	0.000604598	0	1
1345.2464533751336	39674.15	23.998503	0.9923640521031452	0.00060489017	0	1
1345.2478422225329	39712.656	24.008158	0.9948782540338212	0.00060454675	0	1
1345.2492310699317	39658.777	23.993029	0.9951051446044397	0.0006049866	0	1
1345.250619917797	39667.45	23.994259	0.9969272519467517	0.00060488534	0	1
1345.252008765197	39654.88	23.987267	0.9982425827130635	0.00060490076	0	1
1345.253397612596	39652.47	23.988083	0.9998400367083485	0.0006049581	0	1
1345.2547864599946	39634.4	23.985073	1.0010684509249423	0.000605158	0	1
1345.2561753078605	39599.984	23.977003	1.001908215384816	0.0006054801	0	1
1345.2575641552598	39533.523	23.957031	1.0019588650456033	0.0006059928	0	1
1345.258953002659	39617.145	23.98304	1.0058398296258975	0.0006053702	0	1
1345.2603418505241	39550.63	23.962566	1.0059351854315648	0.0006058707	0	1
1345.2617306979241	39499.27	23.951353	1.00643581076493	0.0006063746	0	1
1345.2631195453237	39565.2	23.96732	1.0099504281538692	0.0006057677	0	1
1345.2645083927225	39535.12	23.958664	1.011040452440095	0.0006060096	0	1
1345.2658972405875	39568.684	23.966955	1.0137822739873255	0.00060570514	0	1
1345.267286087987	39514.902	23.953056	1.014309062872229	0.0006061778	0	1
1345.2686749353866	39435.832	23.933601	1.0142036400223378	0.00060689985	0	1
1345.270063782786	39483.094	23.947023	1.0173686406408717	0.00060651335	0	1
1345.2714526306509	39472.36	23.939981	1.019063649010744	0.0006064999	0	1
1345.2728414780502	39443.062	23.932568	1.020299615354739	0.0006067624	0	1
1345.2742303254504	39461.566	23.939299	1.0227933248940908	0.00060664845	0	1
1345.275619172849	39395.5	23.920351	1.0231139939855192	0.00060718483	0	1
1345.2770080207138	39419.473	23.926353	1.0257917649156765	0.0006069679	0	1
1345.2783968681138	39381.914	23.918201	1.0268881053669552	0.0006073397	0	1
1345.2797857155133	39344.395	23.90835	1.028001517766142	0.00060766854	0	1
1345.2811745629122	39342.902	23.907774	1.0300737367337136	0.0006076769	0	1
1345.2825634103115	39334.71	23.900301	1.0319891122439073	0.0006076135	0	1
1345.2839522581767	39304.86	23.894714	1.0333527309411024	0.0006079328	0	1
1345.2853411055762	39262.5	23.883892	1.0344016347705087	0.0006083131	0	1
1345.2867299529757	39268.8	23.890152	1.0367481124675189	0.0006083749	0	1
1345.2881188003748	39279.523	23.88733	1.039229338916811	0.00060813694	0	1
1345.2895076477741	39246.477	23.87189	1.0405678136290606	0.0006082556	0	1
1345.29089649564	39228.22	23.870922	1.0423114841779086	0.00060851406	0	1
1345.2922853430387	39230.86	23.874296	1.0446249757126833	0.0006085591	0	1
1345.2936741904377	39204.36	23.863714	1.0461760138226486	0.0006087005	0	1
1345.2950630378377	39171.832	23.859045	1.047577085915942	0.00060908677	0	1
1345.2964518852382	39134.445	23.849957	1.048857828828513	0.0006094364	0	1
1345.2978407331025	39161.887	23.852192	1.0518885665540316	0.00060906645	0	1
1345.299229580501	39157.117	23.852959	1.054067926090788	0.0006091602	0	1
1345.3006184279016	39109.016	23.83902	1.0550895631233979	0.00060955307	0	1
1345.302007275301	39097.754	23.82919	1.0571127662043216	0.00060947717	0	1
1345.3033961226997	39134.52	23.848137	1.0604466129171641	0.00060938875	0	1
1345.3047849700993	39039.434	23.818666	1.060214025982446	0.00061011815	0	1
1345.3061738174988	39083.605	23.83125	1.063769519846807	0.0006097505	0	1
1345.307562665364	39016.86	23.815525	1.064313259163846	0.0006103906	0	1
1345.3089515127635	39052.223	23.820576	1.0676483334121634	0.0006099672	0	1
1345.3103403601622	39024.473	23.812319	1.0692655738784607	0.0006101894	0	1
1345.3117292075617	39012.0	23.81118	1.0713054044302877	0.0006103553	0	1
1345.3131180549622	38992.79	23.802671	1.0731639749651205	0.00061043777	0	1
1345.3145069023608	39003.22	23.808	1.0758427591852429	0.00061041117	0	1
1345.3158957497594	38959.527	23.79155	1.0770308835000775	0.00061067345	0	1
1345.3172845976255	38897.555	23.777313	1.0777105961786364	0.00061128044	0	1
1345.318673445025	38945.277	23.787266	1.0814313876713377	0.0006107869	0	1
1345.3200622924237	38928.5	23.78379	1.0833649650792172	0.0006109609	0	1
1345.3214511398232	38884.668	23.775139	1.084543007098785	0.00061142707	0	1
1345.3228399872228	38904.76	23.77381	1.0875028779081377	0.0006110771	0	1
1345.3242288346223	38858.6	23.762432	1.0886086587525974	0.00061151024	0	1
1345.3256176820219	38824.125	23.75498	1.0900354687242184	0.0006118613	0	1
1345.3270065294205	38814.113	23.753803	1.092144278146011	0.0006119888	0	1
1345.32839537682	38843.086	23.757359	1.0953482086103978	0.00061162387	0	1
1345.3297842242196	38853.074	23.765179	1.0980153566314332	0.0006116679	0	1
1345.3311730720848	38726.66	23.726412	1.0967998268200887	0.0006126635	0	1
1345.3325619194843	38837.6	23.75931	1.1023158374285362	0.0006117605	0	1
1345.3339507668838	38760.64	23.737808	1.1025109992160442	0.00061242044	0	1
1345.3353396142834	38695.176	23.725683	1.1030007965719675	0.0006131432	0	1
1345.336728461682	38765.445	23.74236	1.107351784026535	0.00061246194	0	1
1345.3381173090816	38708.64	23.725039	1.1080645810236047	0.0006129132	0	1
1345.339506156482	38679.895	23.719364	1.10956544438795	0.0006132221	0	1
1345.3408950038806	38623.434	23.704079	1.1102553020123243	0.0006137227	0	1
1345.3422838512793	38632.543	23.700731	1.112815410165681	0.00061349134	0	1
1345.3436726986797	38572.766	23.684307	1.113375535793131	0.0006140163	0	1
1345.3450615460793	38425.527	23.648428	1.1113853686889765	0.00061543536	0	1
1345.3464503934779	38376.93	23.633724	1.112222225414519	0.0006158316	0	1
1345.3478392408774	38224.246	23.588726	1.1100154345901503	0.00061711424	0	1
1345.349228088277	38088.504	23.550652	1.1082676932630835	0.0006183139	0	1
1345.3506169356765	37960.965	23.517973	1.1067264218348962	0.00061953044	0	1
1345.352005783076	37815.133	23.480064	1.1046183002916694	0.0006209171	0	1
1345.3533946304747	37612.062	23.423166	1.1007996871593388	0.0006227568	0	1
1345.3547834778742	37484.574	23.386349	1.0991549981099065	0.0006238926	0	1
1345.3561723252747	37318.715	23.335592	1.0963484282590388	0.00062530534	0	1
1345.3575611726733	37125.98	23.283972	1.0927113583666432	0.0006271611	0	1
1345.358950020072	36891.97	23.215935	1.0878141468927887	0.0006292951	0	1
1345.3603388674724	36771.805	23.18882	1.0862320025879604	0.0006306141	0	1
1345.3617277148724	36552.594	23.126146	1.081682391241208	0.0006326814	0	1
1345.3631165622714	36345.43	23.065294	1.07744252439939	0.00063461333	0	1
1345.36450540967	36033.97	22.978699	1.0700589011186632	0.0006376955	0	1
1345.3658942570703	35888.12	22.933073	1.0675441231356078	0.0006390157	0	1
1345.3672831044696	35640.07	22.866325	1.0619428499688301	0.00064159033	0	1
1345.3686719518687	35344.793	22.78014	1.054880304712431	0.0006445119	0	1
1345.3700607992682	35150.027	22.729856	1.0507658336649701	0.0006466526	0	1
1345.3714496466678	34922.46	22.665018	1.0456221062672224	0.0006490098	0	1
1345.3728384940673	34647.895	22.57835	1.0390183951362353	0.0006516514	0	1
1345.3742273414666	34399.918	22.509277	1.0331581992227035	0.000654341	0	1
1345.3756161888655	34170.383	22.442274	1.0277999434166334	0.0006567756	0	1
1345.377005036265	33895.582	22.364809	1.0210269319609173	0.00065981486	0	1
1345.378393883665	33600.438	22.276064	1.0135849769558696	0.0006629695	0	1
1345.379782731064	33321.016	22.191236	1.0065610355582122	0.0006659832	0	1
1345.3811715784627	33019.57	22.099058	0.9988153930953741	0.0006692715	0	1
1345.382560425863	32796.816	22.037773	0.993396106821031	0.00067194854	0	1
1345.3839492732623	32395.951	21.922504	0.9825241853066891	0.0006767051	0	1
1345.3853381206613	32145.791	21.84812	0.9761643460567035	0.00067965727	0	1
1345.3867269680609	31891.658	21.767836	0.9696311765212865	0.0006825558	0	1
1345.3881158154604	31608.328	21.683836	0.9621565834073966	0.0006860165	0	1
1345.38950466286	31271.635	21.582415	0.9530012651061067	0.00069015945	0	1
1345.3908935102593	30989.273	21.498842	0.9454458061159708	0.0006937511	0	1
1345.3922823576581	30705.25	21.411736	0.9377859619492986	0.00069733144	0	1
1345.393671204592	30382.738	21.320822	0.9288961028320131	0.00070174126	0	1
1345.395060051992	30152.502	21.241297	0.9227750147567417	0.0007044622	0	1
1345.3964488993915	29798.346	21.132845	0.9128087509598268	0.0007091952	0	1
1345.3978377467906	29549.195	21.061089	0.9060062951560008	0.0007127466	0	1
1345.39922659419	29298.861	20.982498	0.8991182117617181	0.00071615406	0	1
1345.4006154415902	28949.387	20.873667	0.8891362847688474	0.00072104	0	1
1345.4020042889888	28647.498	20.780313	0.8805638295184394	0.0007253797	0	1
1345.4033931363879	28297.777	20.67301	0.870469911202633	0.0007305524	0	1
1345.4047819837879	28102.768	20.60506	0.8650870349190191	0.00073320395	0	1
1345.4061708311874	27811.164	20.515455	0.8566846746841971	0.00073766976	0	1
1345.4075596781206	27518.908	20.424404	0.8482148496863939	0.0007421953	0	1
1345.40894852552	27262.598	20.339966	0.8408070664594502	0.0007460759	0	1
1345.4103373729195	27020.072	20.259281	0.8337801837012034	0.0007497863	0	1
1345.411726220319	26777.877	20.183254	0.8267201926039396	0.0007537287	0	1
1345.4131150677185	26553.809	20.112288	0.8201775344151402	0.0007574163	0	1
1345.4145039151176	26310.262	20.040684	0.8129916441421705	0.000761706	0	1
1345.415892762517	26176.654	19.988081	0.8091630816792673	0.0007635843	0	1
1345.4172816094515	25883.541	19.897877	0.8003642766895577	0.0007687463	0	1
1345.4186704568501	25787.68	19.863676	0.7976261303157627	0.00077027775	0	1
1345.4200593042492	25579.432	19.796259	0.7913745153257216	0.00077391317	0	1
1345.4214481516492	25476.42	19.764814	0.7883417990733668	0.0007758082	0	1
1345.4228369990487	25283.102	19.70214	0.7824784340562202	0.00077926123	0	1
1345.4242258464476	25223.498	19.671276	0.7805286415518718	0.000779879	0	1
1345.4256146933812	25153.01	19.650105	0.7782425959278488	0.00078122277	0	1
1345.4270035407817	25006.828	19.605059	0.7736155032276777	0.0007839882	0	1
1345.4283923881812	24976.488	19.595806	0.7725728755719462	0.0007845701	0	1
1345.4297812355799	24991.535	19.60129	0.7729342418765365	0.00078431715	0	1
1345.4311700829794	24975.912	19.591484	0.7723470840891841	0.00078441517	0	1
1345.432558930379	24987.734	19.60117	0.7726086801505408	0.00078443164	0	1
1345.433947777312	25043.334	19.627722	0.7742235980335512	0.0007837503	0	1
1345.4353366247115	25085.39	19.630505	0.7754194519511444	0.0007825473	0	1
1345.436725472111	25261.0	19.686182	0.7807427036467177	0.0007793113	0	1
1345.4381143195105	25283.967	19.697926	0.7813474278120287	0.00077906786	0	1
1345.43950316691	25433.342	19.750849	0.7858578416630314	0.0007765731	0	1
1345.4408920138433	25561.104	19.793152	0.7894747573197635	0.0007743465	0	1
1345.4422808612426	25749.205	19.850399	0.7949171148285327	0.0007709131	0	1
1345.443669708643	25934.64	19.910524	0.8002376950490937	0.0007677193	0	1
1345.4450585560417	26183.395	19.996447	0.8074710211437715	0.0007637072	0	1
1345.446447402975	26373.969	20.053762	0.8128684924922877	0.00076036196	0	1
1345.447836250375	26555.059	20.113358	0.8179327009769516	0.00075742096	0	1
1345.4492250977746	26852.06	20.207249	0.8265235827813151	0.00075253996	0	1
1345.4506139451732	27034.83	20.266163	0.8315541778524066	0.0007496316	0	1
1345.4520027921071	27375.195	20.377195	0.8413864101308239	0.00074436713	0	1
1345.4533916395067	27547.504	20.431297	0.8460073055324479	0.0007416751	0	1
1345.4547804869062	27816.072	20.516478	0.8535395389060639	0.0007375764	0	1
1345.4561693343057	28138.932	20.6177	0.8626884125094719	0.0007327109	0	1
1345.457558181239	28380.916	20.69329	0.8693086525490871	0.000729127	0	1
1345.4589470286382	28647.34	20.781857	0.876629360437503	0.0007254376	0	1
1345.4603358760387	28970.562	20.88044	0.8856371449684937	0.00072074676	0	1
1345.4617247234382	29249.43	20.968033	0.8932370617062445	0.0007168698	0	1
1345.4631135703712	29577.275	21.068707	0.9022801012684065	0.0007123275	0	1
1345.4645024177707	29813.752	21.143158	0.9084841984354226	0.00070917467	0	1
1345.4658912651712	30116.062	21.242887	0.916643190376425	0.00070536736	0	1
1345.4672801125698	30424.87	21.32724	0.9249458204823224	0.0007009805	0	1
1345.4686689595028	30738.89	21.430004	0.9333520771249332	0.0006971626	0	1
1345.4700578069032	31008.854	21.507229	0.9403667404093164	0.0006935835	0	1
1345.4714466543028	31353.623	21.613596	0.9495946621807985	0.00068934925	0	1
1345.4728355012357	31601.352	21.691744	0.9558288735630582	0.0006864182	0	1
1345.4742243486353	31916.42	21.78533	0.9640461617311812	0.00068257435	0	1
1345.4756131960348	32222.17	21.872482	0.9719257220716397	0.00067880226	0	1
1345.4770020429687	32461.756	21.94502	0.9777563501387342	0.0006760269	0	1
1345.4783908903682	32747.412	22.028267	0.9849222241651652	0.000672672	0	1
1345.4797797377669	33108.13	22.135206	0.9942878492851832	0.00066857314	0	1
1345.4811685851664	33316.215	22.196325	0.9990154052109328	0.0006662319	0	1
1345.4825574321012	33609.934	22.282793	1.0062594812748213	0.00066298235	0	1
1345.4839462794998	33899.52	22.362333	1.0133248891024738	0.0006596652	0	1
1345.4853351268985	34127.21	22.433233	1.0184884618455048	0.00065734156	0	1
1345.4867239738333	34417.54	22.521486	1.0254698001736111	0.00065436075	0	1
1345.4881128212328	34722.637	22.606266	1.0328360334931745	0.0006510527	0	1
1345.4895016686314	34923.07	22.66859	1.0370385330878193	0.00064910075	0	1
1345.4908905155653	35148.387	22.728083	1.0419337865737135	0.00064663234	0	1
1345.4922793629655	35394.504	22.801275	1.0473975574114727	0.00064420386	0	1
1345.4936682098992	35622.074	22.862791	1.0522646572427325	0.00064181525	0	1
1345.4950570572983	35936.38	22.953646	1.0596428097851172	0.00063873007	0	1
1345.4964459046978	36180.36	23.022867	1.0648957963010108	0.00063633604	0	1
1345.4978347516317	36289.582	23.052336	1.0661423974142792	0.0006352329	0	1
1345.4992235990312	36616.6	23.145462	1.0737435253813234	0.00063210295	0	1
1345.5006124464305	36820.855	23.201351	1.0776959397096133	0.0006301144	0	1
1345.5020012933637	36948.406	23.240196	1.0793662019612433	0.00062899047	0	1
1345.5033901407633	37126.688	23.291018	1.0824833772141425	0.00062733894	0	1
1345.5047789876976	37306.855	23.335327	1.085618204190097	0.000625497	0	1
1345.5061678350967	37473.81	23.384514	1.088332431713046	0.00062402285	0	1
1345.5075566824953	37587.348	23.417736	1.0894638498408158	0.0006230218	0	1
1345.5089455294299	37867.883	23.490055	1.0953982282435522	0.000620316	0	1
1345.5103343768292	37985.746	23.52618	1.0965900847553953	0.0006193423	0	1
1345.5117232237626	38088.43	23.562939	1.0973178986209153	0.0006186377	0	1
1345.5131120711621	38250.336	23.607199	1.0997242631953426	0.00061717624	0	1
1345.5145009185617	38311.86	23.620382	1.0992201429073047	0.00061652926	0	1
1345.5158897654956	38401.082	23.648148	1.099491464858512	0.0006158198	0	1
1345.5172786128949	38570.95	23.68591	1.1020468497459779	0.00061408675	0	1
1345.518667459828	38623.473	23.707869	1.1012275755127303	0.0006138202	0	1
1345.5200563072276	38690.137	23.72555	1.1007965761668432	0.00061321957	0	1
1345.5214451546276	38733.438	23.73694	1.0996873573445343	0.0006128281	0	1
1345.522834001561	38713.03	23.725685	1.0967620448029722	0.0006128604	0	1
1345.5242228489597	38741.715	23.742535	1.0952218387325556	0.0006128416	0	1
1345.5256116958942	38759.617	23.73897	1.0933697395858188	0.0006124666	0	1
1345.5270005432944	38771.176	23.746305	1.0913334619730952	0.0006124732	0	1
1345.5283893902274	38838.01	23.769554	1.0908457578701989	0.0006120178	0	1
1345.5297782376265	38791.7	23.754038	1.0871770249080266	0.0006123485	0	1
1345.5311670845608	38769.867	23.747482	1.0841975936884873	0.0006125242	0	1
1345.5325559319604	38806.355	23.759224	1.0828480511977203	0.0006122508	0	1
1345.5339447788936	38850.285	23.765654	1.081701901964431	0.00061172404	0	1
1345.5353336262929	38863.01	23.775543	1.0796849590417241	0.0006117782	0	1
1345.5367224736924	38768.9	23.74451	1.0746998533089565	0.00061246287	0	1
1345.5381113206263	38984.867	23.800577	1.0783134486267145	0.0006105081	0	1
1345.5395001680258	38888.387	23.778809	1.073287862454462	0.000611463	0	1
1345.5408890149592	38947.285	23.79845	1.0725504912243515	0.0006110426	0	1
1345.5422778623586	38887.56	23.781136	1.0685516499139356	0.00061153586	0	1
1345.5436667092922	39024.67	23.812765	1.0699628679766426	0.0006101977	0	1
1345.5450555566913	38986.21	23.803438	1.0665609936772482	0.00061056047	0	1
1345.5464444036252	38910.266	23.783764	1.0621459812226797	0.0006112465	0	1
1345.5478332510252	39063.934	23.825956	1.0640044088920233	0.0006099221	0	1
1345.5492220979586	38968.395	23.803747	1.0590817710474139	0.0006108475	0	1
1345.5506109453572	39030.36	23.817682	1.0584495169162342	0.00061023474	0	1
1345.5519997922916	38983.25	23.803764	1.0548688713087382	0.0006106152	0	1
1345.553388639691	39124.633	23.84705	1.056393216858078	0.000609515	0	1
1345.5547774866245	39073.69	23.82863	1.0527310819816464	0.00060983823	0	1
1345.556166334024	39083.715	23.83594	1.0507258668538695	0.00060986885	0	1
1345.557555180958	39138.16	23.848122	1.049923760475392	0.0006093317	0	1
1345.5589440278916	39092.44	23.841675	1.0464473439329218	0.0006098794	0	1
1345.560332875291	39172.855	23.861753	1.0463591373014773	0.00060914	0	1
1345.5617217222248	39153.066	23.857182	1.0436052872768953	0.0006093311	0	1
1345.5631105696243	39107.715	23.848007	1.0401887091510602	0.00060980313	0	1
1345.5644994165582	39130.56	23.851156	1.0386027474060653	0.00060952763	0	1
1345.5658882639577	39228.227	23.875662	1.039012072424944	0.0006086347	0	1
1345.567277110891	39272.04	23.885397	1.0380036953083696	0.00060820364	0	1
1345.5686659582902	39168.75	23.852352	1.0331276185460314	0.00060896383	0	1
1345.570054805225	39289.242	23.887789	1.0341707572577825	0.0006079982	0	1
1345.5714436526237	39307.465	23.897484	1.0325325518199142	0.000607963	0	1
1345.572832499557	39281.02	23.895554	1.0297400470083642	0.00060832314	0	1
1345.5742213464914	39213.832	23.873718	1.0259091235694888	0.0006088086	0	1
1345.575610193891	39349.344	23.90878	1.027385939626236	0.000607603	0	1
1345.576999040824	39308.87	23.90199	1.0242885127688226	0.0006080559	0	1
1345.5783878882235	39359.188	23.911863	1.0235767556972684	0.0006075294	0	1
1345.5797767351573	39341.957	23.907686	1.021127539903309	0.0006076893	0	1
1345.5811655820912	39360.062	23.912035	1.0196167232868392	0.0006075202	0	1
1345.5825544294908	39428.727	23.929398	1.019432988320538	0.00060690264	0	1
1345.583943276424	39399.594	23.92143	1.0167408547385577	0.00060714915	0	1
1345.5853321238233	39444.707	23.9333	1.0159864441281936	0.00060675567	0	1
1345.586720970758	39432.914	23.93469	1.0137875588280592	0.0006069724	0	1
1345.588109817691	39391.293	23.923832	1.0108476171286995	0.0006073381	0	1
1345.58949866509	39460.566	23.945988	1.0107757333807559	0.0006068334	0	1
1345.5908875120244	39518.414	23.957724	1.0104292317772534	0.00060624204	0	1
1345.592276359425	39535.35	23.960697	1.009057611602237	0.0006060575	0	1
1345.5936652063579	39559.477	23.969	1.007892261566884	0.0006058978	0	1
1345.5950540532908	39531.496	23.96169	1.005424545462433	0.00060614175	0	1
1345.5964429006913	39485.707	23.94649	1.0025324457884977	0.0006064597	0	1
1345.5978317476252	39560.418	23.969751	1.0027241717811397	0.0006059024	0	1
1345.5992205945581	39555.11	23.968914	1.000910591453962	0.00060596253	0	1
1345.6006094419577	39634.79	23.988743	1.0012706619856993	0.0006052446	0	1
1345.6019982888915	39627.066	23.991226	0.9994462482334743	0.0006054252	0	1
1345.6033871358254	39657.703	23.99609	0.9986151689712073	0.00060508016	0	1
1345.604775983225	39657.83	23.994417	0.9970415950070672	0.0006050361	0	1
1345.606164830158	39609.465	23.982328	0.9942781683301637	0.0006054696	0	1
1345.6075536770918	39652.12	23.998907	0.9938272892555583	0.0006052364	0	1
1345.6089425244922	39707.8	24.008446	0.9937268735353443	0.00060462794	0	1
1345.6103313714252	39663.176	24.002872	0.9911438360516772	0.0006051677	0	1
1345.6117202183582	39702.855	24.01299	0.9906959382833853	0.0006048177	0	1
1345.6131090657586	39692.656	24.000652	0.9890308251349397	0.0006046623	0	1
1345.6144979126925	39758.406	24.023052	0.9892849050373179	0.00060422573	0	1
1345.6158867596255	39712.977	24.00915	0.9868007474816529	0.0006045669	0	1
1345.617275607025	39696.58	24.010895	0.9850691426774936	0.00060486054	0	1
1345.618664453959	39702.75	24.00924	0.9839272178475889	0.00060472486	0	1
1345.6200533008928	39784.363	24.033651	0.984681539925223	0.0006040979	0	1
1345.6214421482923	39822.395	24.031229	0.9843830678589841	0.0006034602	0	1
1345.6228309952253	39773.89	24.026424	0.9819756562411582	0.00060407526	0	1
1345.6242198421592	39687.414	23.997732	0.9786784199137821	0.0006046686	0	1
1345.625608689094	39847.76	24.046894	0.9814683883457626	0.00060346915	0	1
1345.6269975364933	39760.184	24.018005	0.9781936666475398	0.00060407177	0	1
1345.6283863834265	39868.984	24.050772	0.9797802306902201	0.00060324516	0	1
1345.6297752303603	39823.07	24.043533	0.9775935601117294	0.0006037589	0	1
1345.6311640777603	39855.24	24.048532	0.9773548029423027	0.000603397	0	1
1345.6325529246938	39828.152	24.04095	0.9756937163696516	0.00060361705	0	1
1345.6339417716267	39891.387	24.058533	0.9762753866552404	0.0006031009	0	1
1345.6353306185613	39882.62	24.058762	0.9751247957378254	0.0006032392	0	1
1345.6367194659606	39864.94	24.055918	0.9737881138737567	0.00060343544	0	1
1345.638108312894	39865.062	24.056719	0.972917995046287	0.00060345366	0	1
1345.639497159828	39917.6	24.066643	0.9733574812267988	0.000602908	0	1
1345.6408860067618	39919.824	24.066011	0.9726004680420485	0.00060285866	0	1
1345.6422748541613	39962.99	24.080212	0.9728717280083286	0.00060256285	0	1
1345.643663701095	39931.598	24.06189	0.9713595422411221	0.0006025777	0	1
1345.6450525480282	39899.06	24.064651	0.969852440447578	0.00060313835	0	1
1345.646441394962	39929.6	24.066778	0.9699106751361712	0.00060273026	0	1
1345.647830242362	39974.027	24.083214	0.9703368789819524	0.0006024715	0	1
1345.6492190892955	39913.633	24.067324	0.9682509700050067	0.00060298503	0	1
1345.6506079362284	40016.38	24.094334	0.9701541760044335	0.0006021118	0	1
1345.651996783163	39957.82	24.075768	0.9681782865275393	0.00060252956	0	1
1345.6533856300966	39938.65	24.070614	0.9671900748509172	0.00060268975	0	1
1345.6547744774957	39954.2	24.07169	0.9670751058172745	0.0006024821	0	1
1345.6561633244296	40048.746	24.10203	0.9689193379046332	0.00060181733	0	1
1345.657552171364	40008.87	24.08573	0.9675112344939378	0.0006020097	0	1
1345.6589410182978	39952.543	24.074251	0.9657547772373885	0.0006025712	0	1
1345.660329865231	39994.113	24.088774	0.9663974444579272	0.00060230796	0	1
1345.6617187126303	39942.496	24.082253	0.9648209826408555	0.0006029231	0	1
1345.6631075595642	39946.45	24.079117	0.9646197770135747	0.0006027849	0	1
1345.664496406498	39999.836	24.08745	0.9656444771763966	0.0006021887	0	1
1345.665885253432	40046.125	24.09751	0.9665298505285679	0.0006017439	0	1
1345.6672741003654	40004.45	24.08685	0.9653247922426071	0.00060210424	0	1
1345.668662947299	40031.617	24.095255	0.9658137365116712	0.00060190563	0	1
1345.6700517946992	40026.336	24.09367	0.9655524190155942	0.00060194544	0	1
1345.6714406416322	40032.1	24.092443	0.9655903039873829	0.0006018281	0	1
1345.6728294885656	40044.195	24.09688	0.9658135164213985	0.00060175714	0	1
1345.6742183355	40013.395	24.091482	0.9650349127417925	0.00060208543	0	1
1345.6756071824334	40005.535	24.087399	0.96484234286022	0.0006021016	0	1
1345.6769960293664	40013.395	24.0893	0.965061577209839	0.0006020309	0	1
1345.6783848767664	40024.03	24.091204	0.965380513844193	0.0006019185	0	1
1345.6797737237002	40021.926	24.089174	0.9654248107600563	0.0006018994	0	1
1345.6811625706337	39963.4	24.077396	0.9641405575659273	0.0006024862	0	1
1345.6825514175675	40016.043	24.08968	0.9655710207418592	0.00060200057	0	1
1345.6839402645014	40057.754	24.102436	0.9667706977181981	0.0006016921	0	1
1345.685329111435	40018.176	24.093912	0.966041120296187	0.0006020742	0	1
1345.6867179583687	39950.754	24.075727	0.9646713043789276	0.00060263515	0	1
1345.6881068053021	40039.14	24.090214	0.9670964100515009	0.00060166663	0	1
1345.6894956527017	39955.688	24.074888	0.9654034177536037	0.0006025397	0	1
1345.690884499636	40004.746	24.084845	0.9669443217705728	0.0006020497	0	1
1345.69227334657	40071.043	24.102242	0.9689514011367054	0.00060148776	0	1
1345.693662193503	39980.547	24.08331	0.9671671882235909	0.00060237566	0	1
1345.6950510404367	39947.36	24.075989	0.966816311679164	0.0006026929	0	1
1345.6964398873715	39938.754	24.059504	0.967092092940411	0.00060240994	0	1
1345.6978287343045	39968.305	24.073696	0.9683242115515168	0.00060231966	0	1
1345.699217581238	39956.277	24.070679	0.9685813106862292	0.0006024255	0	1
1345.7006064281723	39892.3	24.05989	0.9676100244457027	0.0006031212	0	1
1345.7019952751061	40049.676	24.093502	0.9720566759025335	0.00060159044	0	1
1345.703384122039	39947.14	24.068102	0.970196652599238	0.00060249877	0	1
1345.7047729694386	39981.363	24.0814	0.971704330053831	0.00060231565	0	1
1345.7061618163725	39964.22	24.07759	0.9719955759616657	0.0006024787	0	1
1345.7075506633064	39925.867	24.06485	0.9718016337429548	0.0006027383	0	1
1345.7089395102403	39878.7	24.050446	0.9714229704472624	0.00060309004	0	1
1345.7103283571735	39925.383	24.068073	0.9733618626841654	0.00060282636	0	1
1345.7117172041071	39878.42	24.053108	0.9730489936686545	0.000603161	0	1
1345.713106051042	39877.348	24.047098	0.9738859216832083	0.00060302654	0	1
1345.7144948979749	39922.45	24.05833	0.975882577707921	0.0006026266	0	1
1345.7158837449083	39934.59	24.068735	0.977105766050572	0.00060270395	0	1
1345.7172725918426	39852.508	24.043705	0.9760526999846378	0.0006033172	0	1
1345.7186614387765	39826.676	24.038628	0.9764053299222683	0.0006035811	0	1
1345.7200502857095	39858.066	24.037247	0.9781915098122672	0.00060307106	0	1
1345.7214391326434	39772.523	24.019615	0.9771507961248835	0.00060392485	0	1
1345.7228279795772	39855.73	24.04359	0.9802582565165487	0.0006032656	0	1
1345.724216826511	39787.633	24.029087	0.9796887391835309	0.0006039336	0	1
1345.725605673445	39794.543	24.027954	0.980994325998534	0.00060380023	0	1
1345.7269945203789	39800.61	24.022423	0.9823092191133532	0.0006035692	0	1
1345.7283833673127	39758.395	24.02386	0.9824609749143961	0.0006042463	0	1
1345.7297722142466	39854.05	24.03855	0.9860637454006992	0.00060316455	0	1
1345.7311610611805	39729.242	24.00869	0.9842140089033266	0.00060430774	0	1
1345.7325499081135	39700.703	24.002817	0.9847863654536463	0.00060459424	0	1
1345.7339387550473	39752.453	24.013859	0.9873798736123562	0.0006040849	0	1
1345.7353276019821	39789.887	24.02369	0.989649369173817	0.0006037637	0	1
1345.736716448915	39706.67	24.002602	0.9889449494613786	0.00060449797	0	1
1345.738105295848	39738.61	24.015432	0.9911349743109059	0.000604335	0	1
1345.7394941427829	39641.344	23.990715	0.9901281122240165	0.0006051943	0	1
1345.7408829897167	39680.605	23.997803	0.9925569501222508	0.0006047741	0	1
1345.7422718366497	39705.645	24.001135	0.9946598719403134	0.00060447666	0	1
1345.7436606835836	39647.254	23.98521	0.9946987887390638	0.00060496526	0	1
1345.7450495305175	39672.062	23.988356	0.9968507859814808	0.0006046662	0	1
1345.7464383774513	39589.996	23.971926	0.9963417801073765	0.0006055046	0	1
1345.7478272243852	39585.664	23.970572	0.9978121056475177	0.0006055367	0	1
1345.7492160713182	39587.094	23.970083	0.999453698315361	0.00060550246	0	1
1345.750604918252	39651.605	23.985645	1.002716511034064	0.0006049098	0	1
1345.7519937651869	39544.64	23.960535	1.0016668075784794	0.0006059111	0	1
1345.7533826121198	39523.85	23.956646	1.0028198469376535	0.0006061314	0	1
1345.7547714590528	39554.46	23.957968	1.0053023850760725	0.0006056957	0	1
1345.756160305522	39571.688	23.971611	1.0074715266556717	0.00060577685	0	1
1345.7575491524562	39585.332	23.96492	1.0095751860911244	0.00060539896	0	1
1345.7589379993897	39502.49	23.947609	1.0092389448359254	0.0006062304	0	1
1345.7603268463226	39461.09	23.93927	1.0099796143645394	0.0006066551	0	1
1345.7617156932572	39568.344	23.965456	1.0145512805948749	0.0006056725	0	1
1345.7631045401909	39436.273	23.926714	1.0130083213046042	0.0006067184	0	1
1345.7644933871243	39422.78	23.928596	1.0145270361214118	0.00060697383	0	1
1345.7658822340582	39353.285	23.911272	1.0146227122802702	0.0006076055	0	1
1345.767271080992	39506.137	23.943336	1.0204839499826572	0.00060606626	0	1
1345.768659927926	39416.773	23.925873	1.0200988548196925	0.00060699723	0	1
1345.7700487748596	39389.18	23.918455	1.021334666066181	0.00060723413	0	1
1345.771437621327	39405.473	23.917532	1.0237284275036287	0.0006069596	0	1
1345.772826468261	39372.613	23.913574	1.0248645316929474	0.0006073657	0	1
1345.7742153151953	39339.5	23.902737	1.0260103585602425	0.0006076014	0	1
1345.7756041621287	39299.746	23.891182	1.0269984750042902	0.00060792203	0	1
1345.7769930090617	39345.074	23.904936	1.0302290493666606	0.0006075713	0	1
1345.7783818559963	39219.895	23.869837	1.029026705742977	0.0006086155	0	1
1345.77977070293	39224.168	23.86999	1.0312228795485374	0.0006085531	0	1
1345.7811595498633	39351.9	23.901342	1.0366802989455102	0.0006073746	0	1
1345.7825483963315	39301.586	23.89284	1.0374600374686327	0.00060793577	0	1
1345.7839372432654	39193.707	23.861464	1.036720253968983	0.00060880854	0	1
1345.7853260901993	39213.62	23.863663	1.039388314165829	0.00060855545	0	1
1345.786714937133	39179.895	23.863249	1.0406490450272772	0.0006090687	0	1
1345.7881037840662	39150.027	23.853218	1.0420234464134206	0.00060927717	0	1
1345.789492631	39190.03	23.86559	1.045272231093165	0.00060897093	0	1
1345.7908814774687	39112.46	23.842205	1.045396525208195	0.0006095808	0	1
1345.7922703244026	39158.035	23.85663	1.0488233994697251	0.00060923974	0	1
1345.793659171336	39180.586	23.852837	1.0516498390671276	0.00060879224	0	1
1345.7950480182697	39159.934	23.850561	1.0533285531407803	0.0006090552	0	1
1345.7964368652042	39092.484	23.83703	1.0537546521919818	0.00060975994	0	1
1345.7978257121372	39086.35	23.83502	1.055839879006316	0.0006098042	0	1
1345.799214558605	39101.07	23.831347	1.0584987694727923	0.00060948066	0	1
1345.8006034055393	39035.145	23.821442	1.0589808317242542	0.0006102563	0	1
1345.8019922524732	39046.94	23.823503	1.0615768778496704	0.0006101247	0	1
1345.8033810994064	38948.496	23.803364	1.0611757945834421	0.00061114976	0	1
1345.80476994634	39057.863	23.82165	1.0664471563037414	0.0006099066	0	1
1345.8061587928082	38950.324	23.792725	1.0658060173518407	0.0006108479	0	1
1345.807547639742	38931.688	23.790392	1.0675928857603973	0.00061108044	0	1
1345.808936486676	38960.1	23.79528	1.070675712964115	0.00061076024	0	1
1345.8103253336094	38888.773	23.78259	1.0710193719674443	0.00061155413	0	1
1345.811714180543	38959.95	23.793621	1.0752913579490286	0.00061072	0	1
1345.813103027012	38897.527	23.78349	1.075879528488778	0.00061143964	0	1
1345.814491873945	38878.203	23.781134	1.0776570940765664	0.00061168295	0	1
1345.8158807208783	38935.42	23.794916	1.0815600330702873	0.000611138	0	1
1345.8172695678127	38823.727	23.764599	1.0807682512958192	0.0006121154	0	1
1345.818658414281	38892.055	23.781178	1.0849852369699378	0.00061146624	0	1
1345.820047261214	38877.426	23.774498	1.0868902364268893	0.0006115245	0	1
1345.8214361081477	38800.895	23.755848	1.0870575197728585	0.00061225	0	1
1345.8228249550825	38829.88	23.75684	1.0901756268569929	0.0006118185	0	1
1345.8242138015507	38738.996	23.742876	1.0899213874468665	0.00061289343	0	1
1345.8256026484837	38776.75	23.747284	1.0932790482513626	0.00061241037	0	1
1345.8269914954176	38800.816	23.761599	1.0962494820860413	0.0006123994	0	1
1345.8283803423515	38766.94	23.748566	1.0975764885670738	0.0006125984	0	1
1345.8297691888197	38805.367	23.751692	1.100944085877048	0.00061207236	0	1
1345.8311580357536	38719.11	23.735424	1.1007639769380646	0.0006130157	0	1
1345.8325468826865	38642.055	23.71496	1.1008275927315012	0.0006137086	0	1
1345.8339357296204	38689.12	23.72655	1.104416167379634	0.00061326154	0	1
1345.8353245760886	38601.992	23.705767	1.1041616058582033	0.00061410735	0	1
1345.8367134230218	38504.613	23.673738	1.1035922555007691	0.0006148286	0	1
1345.8381022699555	38462.51	23.663857	1.1045874012446055	0.0006152447	0	1
1345.8394911164246	38373.367	23.64173	1.104211375974396	0.00061609736	0	1
1345.8408799633576	38248.836	23.60922	1.1027914271729276	0.0006172533	0	1
1345.842268810291	38138.598	23.56843	1.1017559552710667	0.0006179679	0	1
1345.8436576567597	37945.457	23.525618	1.0982933863996875	0.0006199851	0	1
1345.8450465036935	37892.676	23.507261	1.0988636475800004	0.00062036427	0	1
1345.8464353506265	37609.02	23.423662	1.092703279047899	0.00062282034	0	1
1345.8478241970947	37534.574	23.408802	1.0925840973211147	0.0006236597	0	1
1345.8492130440286	37333.49	23.348644	1.088745162168885	0.0006254075	0	1
1345.8506018909625	37248.363	23.329927	1.0882532817968722	0.0006263343	0	1
1345.8519907378964	36966.66	23.253056	1.0819785859747602	0.0006290278	0	1
1345.853379584364	36823.59	23.204817	1.079718322241432	0.0006301617	0	1
1345.8547684312975	36627.953	23.150534	1.0758775191597032	0.0006320455	0	1
1345.8561572777667	36391.023	23.088709	1.0707792207648787	0.00063446164	0	1
1345.8575461247005	36203.92	23.033112	1.067102458598541	0.0006362049	0	1
1345.8589349716335	35950.203	22.961924	1.061416295689116	0.0006387147	0	1
1345.8603238181017	35789.395	22.912012	1.0584282739719302	0.00064019	0	1
1345.8617126650365	35455.88	22.824343	1.0502834238156715	0.0006437393	0	1
1345.8631015119695	35351.36	22.785437	1.0488750710946584	0.00064454204	0	1
1345.8644903584368	35028.406	22.704174	1.0409391675746607	0.00064816466	0	1
1345.8658792053716	34794.27	22.633688	1.0355896180465862	0.0006505005	0	1
1345.8672680523055	34516.25	22.554674	1.0288829209580814	0.0006534509	0	1
1345.8686568987728	34337.594	22.491743	1.0250893645551535	0.000655018	0	1
1345.8700457457066	34050.25	22.419497	1.0180018330795382	0.0006584239	0	1
1345.8714345921749	33785.66	22.335707	1.011541396311985	0.0006611002	0	1
1345.8728234391087	33518.168	22.265308	1.0049417248160686	0.00066427584	0	1
1345.8742122860426	33271.258	22.18176	0.9989075329538083	0.00066669437	0	1
1345.87560113251	32967.434	22.100876	0.9911115500857103	0.0006703851	0	1
1345.8769899794438	32756.559	22.037233	0.9860583635364297	0.0006727579	0	1
1345.878378825913	32472.707	21.954308	0.9787577068151007	0.0006760849	0	1
1345.879767672846	32175.94	21.857044	0.9710139036229907	0.0006792978	0	1
1345.8811565197789	31848.227	21.771217	0.9622810186598293	0.00068359275	0	1
1345.882545366248	31567.324	21.682844	0.95490817512991	0.00068687624	0	1
1345.8839342131819	31301.398	21.600851	0.9479365474544368	0.0006900922	0	1
1345.8853230596492	31075.955	21.535418	0.9421412140948979	0.00069299294	0	1
1345.886711906583	30765.467	21.444855	0.9337166884705747	0.000697043	0	1
1345.888100753517	30490.785	21.354626	0.926326790138816	0.00070036325	0	1
1345.8894895999852	30171.646	21.264862	0.9175343940993613	0.0007047962	0	1
1345.890878446919	29963.35	21.188887	0.9120632773530745	0.00070716016	0	1
1345.8922672933872	29618.318	21.091963	0.9023803630063926	0.0007121256	0	1
1345.8936561403211	29301.656	20.993034	0.893509625159816	0.0007164453	0	1
1345.8950449867893	29081.824	20.922512	0.8875433465159135	0.00071943604	0	1
1345.896433833723	28822.14	20.848423	0.8803145939422959	0.0007233475	0	1
1345.8978226801905	28521.092	20.744081	0.8717747548144952	0.0007273242	0	1
1345.8992115271244	28292.111	20.67541	0.865391379291425	0.00073078356	0	1
1345.9006003740587	27989.148	20.579536	0.8566993029613902	0.0007352684	0	1
1345.9019892205265	27815.275	20.52739	0.8519143731626131	0.0007379898	0	1
1345.9033780674595	27508.268	20.421366	0.8430083719337067	0.00074237195	0	1
1345.9047669139284	27346.648	20.377718	0.8385151667659165	0.00074516324	0	1
1345.906155760862	27049.082	20.281076	0.8298116184076099	0.00074978796	0	1
1345.9075446073298	26876.883	20.220627	0.824912614957576	0.0007523427	0	1
1345.9089334542637	26680.932	20.161469	0.8192452243437331	0.00075565086	0	1
1345.9103223007319	26441.291	20.08736	0.8121966587577519	0.00075969665	0	1
1345.9117111476658	26279.645	20.028526	0.807505156064389	0.0007621308	0	1
1345.9130999941337	26095.94	19.97081	0.8020983538670534	0.0007652842	0	1
1345.914488841067	26000.13	19.94071	0.7993567268844474	0.0007669465	0	1
1345.9158776875352	25875.977	19.900827	0.7957080504326995	0.0007690851	0	1
1345.9172665344695	25821.623	19.880178	0.7941707605194289	0.0007699043	0	1
1345.9186553809373	25709.178	19.849073	0.7906427206207887	0.00077206176	0	1
1345.9200442278702	25591.232	19.808313	0.786946173948384	0.0007740273	0	1
1345.9214330743391	25555.764	19.796782	0.7857862602967334	0.00077465037	0	1
1345.9228219212737	25606.096	19.808167	0.7872645130734202	0.0007735723	0	1
1345.924210767741	25545.13	19.78738	0.78532096226692	0.0007746048	0	1
1345.9255996146744	25571.137	19.795933	0.7860512143814755	0.0007741515	0	1
1345.926988461143	25621.35	19.817211	0.7875253912847102	0.00077346474	0	1
1345.9283773076113	25680.037	19.830591	0.7892597703582552	0.00077221816	0	1
1345.9297661545445	25782.186	19.864319	0.7923294709405092	0.0007704668	0	1
1345.9311550010125	25808.32	19.87303	0.793062810059301	0.00077002414	0	1
1345.9325438479464	26053.4	19.950214	0.8005233892535265	0.0007657432	0	1
1345.9339326944146	26113.836	19.972904	0.8021043354850619	0.00076483993	0	1
1345.9353215413485	26285.852	20.03451	0.807076108832411	0.00076217845	0	1
1345.9367103878162	26367.992	20.0595	0.8092514569073966	0.0007607519	0	1
1345.9380992347499	26661.354	20.144985	0.8178702886175706	0.0007555875	0	1
1345.9394880812188	26798.963	20.193735	0.8216709733494408	0.00075352675	0	1
1345.940876927686	27082.375	20.279459	0.8299012750075089	0.0007488065	0	1
1345.9422657746195	27249.377	20.338224	0.8345225932104431	0.0007463739	0	1
1345.9436546210882	27469.803	20.406414	0.8407388641881697	0.0007428671	0	1
1345.945043468022	27703.297	20.488863	0.8473121660034004	0.0007395821	0	1
1345.9464323144896	27982.637	20.570633	0.8552429305962685	0.0007351213	0	1
1345.9478211614232	28215.016	20.65449	0.8616931282643785	0.0007320389	0	1
1345.9492100078915	28509.82	20.736713	0.8700035710547576	0.0007273533	0	1
1345.9505988543597	28683.36	20.801672	0.8745682024444399	0.0007252174	0	1
1345.9519877012935	29075.562	20.913683	0.885751622861591	0.0007192873	0	1
1345.9533765477613	29242.256	20.96975	0.8900165396091553	0.00071710435	0	1
1345.9547653942293	29576.344	21.075289	0.8993286795971355	0.0007125725	0	1
1345.9561542411639	29868.672	21.161222	0.9073193625855437	0.00070847553	0	1
1345.957543087632	30150.256	21.250488	0.9149330504870093	0.0007048195	0	1
1345.958931934565	30409.41	21.326674	0.9218160886961806	0.0007013182	0	1
1345.9603207810333	30713.078	21.42213	0.9299973831472053	0.00069749216	0	1
1345.9617096275024	30956.457	21.495943	0.9363022103422738	0.0006943929	0	1
1345.9630984744354	31337.887	21.603357	0.9467284987583214	0.0006893687	0	1
1345.9644873209027	31480.781	21.650005	0.949897911874767	0.00068772136	0	1
1345.9658761673718	31810.81	21.749306	0.958664870701695	0.000683708	0	1
1345.9672650143057	32103.723	21.837852	0.9662584461302859	0.00068022805	0	1
1345.968653860773	32409.006	21.928635	0.9741702448422414	0.0006766216	0	1
1345.9700427077069	32704.07	22.01758	0.9817204731332903	0.0006732367	0	1
1345.971431554175	32941.08	22.07886	0.9874761713991117	0.00067025307	0	1
1345.9728204006433	33193.562	22.15965	0.9936457662287446	0.0006675888	0	1
1345.9742092475772	33547.477	22.261034	1.002796623315014	0.0006635681	0	1
1345.9755980940445	33801.24	22.336966	1.0088986282588155	0.00066083274	0	1
1345.9769869405127	34057.336	22.40547	1.01501953345711	0.000657875	0	1
1345.9783757869818	34248.473	22.457308	1.0191565332653094	0.00065571704	0	1
1345.9797646339148	34558.848	22.550468	1.026791611116634	0.0006525237	0	1
1345.981153480382	34749.473	22.616533	1.0308188209847733	0.00065084535	0	1
1345.9825423268512	34969.785	22.669687	1.0356812357218284	0.000648265	0	1
1345.983931173785	35258.34	22.755257	1.0425148812282585	0.0006453865	0	1
1345.9853200202524	35531.293	22.827347	1.0488350513746816	0.0006424575	0	1
1345.9867088667206	35700.93	22.882147	1.05205945968213	0.0006409398	0	1
1345.9880977136554	35916.586	22.940628	1.0565972451916408	0.0006387196	0	1
1345.9894865601234	36111.062	23.00079	1.0604684103879385	0.0006369458	0	1
1345.990875406591	36378.82	23.077059	1.0664458112856143	0.00063435425	0	1
1345.9922642535248	36641.11	23.144619	1.0722139913758797	0.00063165714	0	1
1345.993653099993	36701.035	23.168028	1.072023003343663	0.0006312636	0	1
1345.9950419464612	36982.332	23.240719	1.0782602070461005	0.0006284276	0	1
1345.9964307929295	37153.082	23.289757	1.0812309893327787	0.0006268594	0	1
1345.9978196398624	37303.38	23.33111	1.0835708809266207	0.00062544225	0	1
1345.9992084863306	37505.016	23.383356	1.0873653457665802	0.0006234728	0	1
1346.0005973327993	37673.438	23.423235	1.0901597480396439	0.000621744	0	1
1346.001986179267	37818.883	23.473911	1.0922559659819067	0.00062069285	0	1
1346.0033750262	37993.594	23.521	1.0951644305785528	0.00061907806	0	1
1346.0047638726692	38085.918	23.548695	1.095668830891054	0.0006183045	0	1
1346.0061527191372	38270.938	23.595978	1.098810785842617	0.0006165508	0	1
1346.0075415656047	38370.58	23.625326	1.099472595751857	0.00061571464	0	1
1346.0089304125386	38337.703	23.61971	1.0963217797228177	0.00061609613	0	1
1346.0103192590068	38626.88	23.692064	1.1023548076654988	0.00061335694	0	1
1346.011708105475	38583.96	23.681572	1.0988860986355944	0.00061376725	0	1
1346.0130969519432	38665.99	23.711868	1.0989644481175593	0.00061324873	0	1
1346.0144857988762	38823.773	23.74191	1.101165206179504	0.0006115302	0	1
1346.0158746453444	38742.008	23.729137	1.0965764883264653	0.00061249116	0	1
1346.017263491813	38802.945	23.740822	1.0960130937431998	0.0006118304	0	1
1346.0186523382808	38749.72	23.736956	1.0922188602576224	0.000612571	0	1
1346.0200411847482	38799.984	23.748552	1.0913369663695494	0.0006120763	0	1
1346.021430031683	38787.74	23.73241	1.0886904514117737	0.00061185344	0	1
1346.0228188781516	38877.613	23.767447	1.0889023852572275	0.00061134016	0	1
1346.024207724619	38861.555	23.757292	1.08614044178133	0.0006113315	0	1
1346.0255965710867	38826.227	23.752129	1.0828413480109849	0.0006117548	0	1
1346.0269854175554	38863.918	23.76018	1.081577738568168	0.0006113686	0	1
1346.0283742644892	38896.1	23.767223	1.080156624737969	0.0006110438	0	1
1346.029763110957	38819.266	23.749437	1.075711383206765	0.0006117951	0	1
1346.031151957425	38886.047	23.761942	1.07524796959973	0.000611066	0	1
1346.032540803893	38969.46	23.792444	1.0752377877702761	0.00061054074	0	1
1346.0339296503612	38984.043	23.797585	1.0733255825565895	0.0006104442	0	1
1346.035318497295	38941.434	23.782608	1.0698441600463076	0.0006107276	0	1
1346.0367073437628	38975.92	23.790361	1.0684858060850504	0.00061038614	0	1
1346.038096190231	38959.945	23.786617	1.0657481001532927	0.00061054033	0	1
1346.0394850366997	39017.79	23.80286	1.0650331771675738	0.0006100515	0	1
1346.040873883167	38986.344	23.799793	1.0618860508939358	0.0006104649	0	1
1346.0422627296348	39040.023	23.802725	1.061063490333444	0.00060970057	0	1
1346.0436515761035	38962.375	23.789688	1.0566809308548695	0.0006105811	0	1
1346.0450404230373	39024.39	23.80757	1.0560956716765462	0.00061006896	0	1
1346.046429269505	39085.484	23.823864	1.0554876029494655	0.0006095323	0	1
1346.047818115973	39071.273	23.819763	1.0528531771516114	0.000609649	0	1
1346.049206962441	39108.797	23.823639	1.0516220619812857	0.0006091632	0	1
1346.0505958089093	39095.414	23.826296	1.0490318942219867	0.0006094397	0	1
1346.0519846553775	39119.26	23.8336	1.047451917431851	0.0006092548	0	1
1346.0533735018457	39191.305	23.85234	1.0471712443978076	0.0006086131	0	1
1346.054762348314	39132.65	23.839996	1.0434068739909013	0.0006092099	0	1
1346.0561511952478	39182.133	23.849922	1.0425418378939357	0.0006086938	0	1
1346.057540041716	39193.027	23.84765	1.040660793488559	0.0006084667	0	1
1346.0589288881833	39106.15	23.827908	1.0362056803192374	0.0006093136	0	1
1346.0603177346516	39250.938	23.858051	1.0378948554916567	0.0006078339	0	1
1346.0617065811207	39229.242	23.860678	1.035193972421076	0.00060823705	0	1
1346.063095427588	39359.15	23.890598	1.0365082130369414	0.0006069897	0	1
1346.0644842740555	39245.94	23.869183	1.0314278225405815	0.0006081949	0	1
1346.0658731205244	39279.336	23.87931	1.0302259984520667	0.0006079357	0	1
1346.0672619669917	39287.58	23.875732	1.0283800750981191	0.0006077171	0	1
1346.0686508134595	39324.19	23.88922	1.0272927277381445	0.0006074942	0	1
1346.0700396599282	39344.01	23.891758	1.025782520755395	0.0006072527	0	1
1346.071428506862	39322.555	23.88803	1.023215422179231	0.00060748926	0	1
1346.0728173533296	39334.863	23.885777	1.0215470715061634	0.0006072419	0	1
1346.0742061997976	39320.51	23.88831	1.0192065327202489	0.00060752797	0	1
1346.0755950462658	39415.105	23.906443	1.019706450744144	0.00060652994	0	1
1346.076983892734	39435.62	23.920977	1.0183051771969647	0.00060658297	0	1
1346.0783727392022	39449.875	23.925655	1.0167619014051115	0.00060648244	0	1
1346.07976158567	39355.54	23.897354	1.0124530829543064	0.000607217	0	1
1346.081150432138	39439.42	23.907076	1.0127365366833485	0.0006061721	0	1
1346.0825392786069	39573.703	23.951195	1.0143421579399128	0.00060523005	0	1
1346.0839281250742	39430.24	23.924877	1.0088357412391007	0.0006067647	0	1
1346.085316971542	39460.945	23.925812	1.0078221910994811	0.00060631626	0	1
1346.0867058180106	39562.426	23.946432	1.0086338155021064	0.0006052822	0	1
1346.0880946644797	39472.145	23.933254	1.0045799681432066	0.00060633273	0	1
1346.089483510947	39494.8	23.930893	1.0034277092559856	0.00060592516	0	1
1346.0908723574144	39621.066	23.96561	1.0049259743648171	0.0006048704	0	1
1346.0922612038835	39589.67	23.952494	1.0024463169655962	0.00060501875	0	1
1346.0936500503517	39506.74	23.932535	0.9986917257272039	0.0006057836	0	1
1346.095038896819	39527.395	23.943537	0.9975839180345554	0.00060574536	0	1
1346.0964277432872	39612.473	23.958326	0.9981234796153027	0.00060481776	0	1
1346.0978165897554	39574.168	23.960104	0.9955783554616812	0.0006054481	0	1
1346.0992054362237	39663.1	23.976542	0.9962586194967981	0.00060450495	0	1
1346.1005942826919	39631.695	23.969978	0.993940605790897	0.0006048184	0	1
1346.1019831291592	39660.723	23.978363	0.9931652753136327	0.00060458714	0	1
1346.1033719756274	39711.84	23.990362	0.9929673009229245	0.00060411106	0	1
1346.1047608220965	39686.375	23.99072	0.9908809406332509	0.00060450775	0	1
1346.1061496685638	39631.586	23.971567	0.9880929924348533	0.00060486014	0	1
1346.1075385150311	39670.68	23.982496	0.9876741799874306	0.0006045396	0	1
1346.1089273615003	39776.25	24.015484	0.988933522983115	0.0006037644	0	1
1346.1103162079685	39692.31	23.99167	0.9855087334683067	0.0006044413	0	1
1346.1117050544358	39727.812	24.002695	0.9850798069443459	0.00060417864	0	1
1346.113093900904	39761.594	24.009104	0.9846346579222541	0.0006038265	0	1
1346.1144827473722	39802.977	24.018675	0.9844043214775909	0.00060343917	0	1
1346.1158715938404	39743.406	23.992907	0.9817069287944302	0.0006036953	0	1
1346.1172604403087	39796.863	24.018095	0.9818309784418747	0.0006035173	0	1
1346.118649286776	39727.38	23.99497	0.9789518846230907	0.00060399075	0	1
1346.1200381332442	39839.984	24.027054	0.9805882558270601	0.00060308893	0	1
1346.1214269792476	39770.0	24.015602	0.977759119184219	0.0006038623	0	1
1346.1228158257159	39829.66	24.02489	0.9781476467127458	0.000603191	0	1
1346.1242046721832	39798.332	24.022017	0.9763310376819647	0.00060359354	0	1
1346.1255935186514	39840.22	24.034008	0.9763405732589175	0.00060325995	0	1
1346.12698236512	39747.17	24.003065	0.973103744523485	0.00060389366	0	1
1346.1283712115878	39952.766	24.064505	0.9771775149464141	0.00060232385	0	1
1346.1297600580551	39873.58	24.031572	0.9742848557274746	0.00060269417	0	1
1346.1311489045243	39874.95	24.039104	0.9734221363597589	0.00060286233	0	1
1346.1325377509922	39874.277	24.039291	0.9725405040804419	0.0006028772	0	1
1346.1339265974598	39892.312	24.042059	0.9721458634301834	0.000602674	0	1
1346.135315443928	39890.15	24.04928	0.9712898562722468	0.0006028877	0	1
1346.1367042899305	39898.49	24.045118	0.970720799483875	0.0006026574	0	1
1346.1380931363988	39942.64	24.055338	0.9710534818188293	0.0006022471	0	1
1346.139481982867	39894.93	24.04737	0.9691844243607353	0.00060276757	0	1
1346.1408708293343	39942.402	24.063583	0.9696593329670803	0.0006024571	0	1
1346.1422596758025	39872.895	24.042028	0.9673264017726985	0.0006029667	0	1
1346.1436485222712	39954.75	24.06645	0.9686971818108454	0.00060234265	0	1
1346.145037368739	39917.785	24.055687	0.9672183355239908	0.0006026308	0	1
1346.1464262152062	39964.164	24.065453	0.9677907472363565	0.00060217583	0	1
1346.1478150612097	39991.656	24.07178	0.9679368145084966	0.00060192007	0	1
1346.1492039076777	39977.97	24.068748	0.9671181075179589	0.00060205034	0	1
1346.1505927541452	39961.617	24.063175	0.9662674626978899	0.0006021572	0	1
1346.1519816006135	39947.418	24.061434	0.965501396437187	0.00060232764	0	1
1346.1533704470821	40047.508	24.078243	0.9675450669267012	0.000601242	0	1
1346.1547592935503	39912.535	24.049324	0.9639102605532999	0.00060255063	0	1
1346.156148140018	39966.16	24.06669	0.9648793085648557	0.0006021767	0	1
1346.1575369860204	39947.78	24.061785	0.9641420939474601	0.00060233095	0	1
1346.1589258324884	40005.28	24.076576	0.9652683898462353	0.00060183497	0	1
1346.1603146789566	40086.973	24.087193	0.9670262808205574	0.0006008733	0	1
1346.1617035254249	39930.96	24.055576	0.9630504993279242	0.0006024292	0	1
1346.1630923718926	39963.83	24.059664	0.9636794412349238	0.000602036	0	1
1346.1644812178952	40014.13	24.082779	0.9647610083466925	0.0006018569	0	1
1346.1658700643638	40120.81	24.102465	0.9672504081625889	0.00060074724	0	1
1346.1672589108312	40019.934	24.078733	0.964735988827923	0.0006016685	0	1
1346.168647757299	40009.94	24.074123	0.9644615709704163	0.00060170353	0	1
1346.1700366037676	39914.516	24.05284	0.9621766469645432	0.00060260884	0	1
1346.1714254502358	39939.547	24.059347	0.962795425496077	0.0006023941	0	1
1346.172814296238	40048.133	24.08751	0.9654774512877294	0.00060146395	0	1
1346.174203142706	40002.273	24.069555	0.9644688502810765	0.0006017047	0	1
1346.1755919891739	40004.24	24.07497	0.9646458267690848	0.00060181046	0	1
1346.176980835642	39984.44	24.067942	0.9643305929336323	0.0006019327	0	1
1346.1783696816447	40004.035	24.073992	0.9649979720103263	0.0006017891	0	1
1346.1797585281124	39973.715	24.071102	0.9644938106654529	0.00060217327	0	1
1346.1811473745806	39992.875	24.068748	0.9652160217121505	0.0006018259	0	1
1346.1825362210493	40050.8	24.088945	0.9669069162046925	0.00060145976	0	1
1346.183925067051	40017.008	24.082895	0.9664162440170971	0.0006018165	0	1
1346.1853139135187	39930.98	24.05731	0.9646955634995141	0.0006024723	0	1
1346.1867027599874	39922.62	24.0545	0.9648828180745141	0.0006025281	0	1
1346.1880916064565	39992.875	24.076416	0.9670030789623647	0.0006020176	0	1
1346.1894804529238	39986.72	24.074087	0.967308832691231	0.0006020521	0	1
1346.1908692989257	39928.098	24.049637	0.9663769602458988	0.0006023236	0	1
1346.1922581453946	39987.867	24.078442	0.9683427763657881	0.0006021437	0	1
1346.1936469918628	39936.55	24.056753	0.9676508353771557	0.0006023743	0	1
1346.1950358378645	39981.004	24.070978	0.9693114272639441	0.00060206035	0	1
1346.1964246843327	39968.652	24.068367	0.9696273880528858	0.0006021811	0	1
1346.1978135308009	39890.316	24.040823	0.9683731544909723	0.00060267316	0	1
1346.199202377269	39975.887	24.067764	0.9711299721217732	0.000602057	0	1
1346.2005912232717	39875.188	24.04398	0.9693933163407873	0.00060298096	0	1
1346.201980069739	39908.945	24.04688	0.9709559726696809	0.00060254365	0	1
1346.2033689162072	39967.273	24.062931	0.9731650214037396	0.0006020659	0	1
1346.2047577622106	39891.38	24.046206	0.9721068110540383	0.000602792	0	1
1346.206146608678	39839.81	24.026876	0.9716854076414959	0.00060308713	0	1
1346.2075354551455	39877.355	24.041103	0.9734686445741303	0.00060287607	0	1
1346.2089243016144	39805.418	24.022814	0.9726096755060669	0.0006035061	0	1
1346.210313147617	39880.055	24.039425	0.9753633577033322	0.0006027932	0	1
1346.2117019940843	39825.73	24.029043	0.9749944913307974	0.0006033547	0	1
1346.2130908405525	39868.375	24.038734	0.9770302346233822	0.00060295244	0	1
1346.214479686555	39825.875	24.029045	0.977010191753014	0.0006033526	0	1
1346.2158685330232	39801.7	24.019287	0.9774686228176661	0.0006034739	0	1
1346.2172573794915	39814.004	24.027422	0.9788531773878595	0.00060349173	0	1
1346.218646225494	39787.47	24.016838	0.9793128191814227	0.00060362817	0	1
1346.2200350719622	39836.074	24.032467	0.9816528328875098	0.000603284	0	1
1346.2214239184304	39787.777	24.009796	0.9816350482755185	0.0006034465	0	1
1346.222812764433	39794.086	24.022385	0.9829931825643847	0.0006036672	0	1
1346.2242016109003	39748.453	24.010136	0.9830968230695378	0.0006040521	0	1
1346.2255904573685	39730.168	23.999596	0.9839044452273761	0.0006040648	0	1
1346.2269793033715	39773.47	24.016447	0.9862674498060064	0.00060383085	0	1
1346.2283681498393	39693.957	23.996347	0.9856130824617129	0.000604534	0	1
1346.229756995841	39732.215	24.005943	0.9879106429855764	0.0006041934	0	1
1346.23114584231	39689.258	23.992002	0.9882175235888411	0.0006044961	0	1
1346.2325346887783	39739.195	24.004143	0.9908662772276287	0.00060404197	0	1
1346.23392353478	39723.844	23.992794	0.9919167691707491	0.00060398976	0	1
1346.2353123812481	39666.895	23.987263	0.991954143775928	0.0006047174	0	1
1346.2367012277164	39638.074	23.970348	0.9927197448996261	0.0006047304	0	1
1346.238090073719	39576.715	23.961403	0.9927173443151133	0.0006054419	0	1
1346.2394789201871	39715.39	23.997292	0.9977402715150733	0.00060423155	0	1
1346.2408677661888	39666.918	23.983337	0.9980699053968997	0.0006046181	0	1
1346.242256612657	39606.934	23.965633	0.9981552003776721	0.0006050868	0	1
1346.2436454591257	39609.727	23.956638	0.999847019327575	0.00060481706	0	1
1346.2450343051278	39629.746	23.97006	1.0020011040821153	0.00060485024	0	1
1346.246423151595	39520.05	23.944057	1.0008978873329724	0.00060587114	0	1
1346.2478119975985	39484.188	23.937794	1.001684257026955	0.00060626277	0	1
1346.2492008440668	39540.047	23.94875	1.0048240137669076	0.00060568337	0	1
1346.250589690534	39494.188	23.93515	1.0054045132152047	0.00060604233	0	1
1346.2519785365366	39551.227	23.949749	1.0086299922976045	0.00060553744	0	1
1346.2533673830053	39523.05	23.945063	1.009708294475011	0.00060585054	0	1
1346.2547562290079	39541.758	23.94144	1.0120082496013443	0.00060547236	0	1
1346.2561450754756	39427.574	23.911884	1.0109266332020466	0.00060647615	0	1
1346.2575339214782	39481.914	23.931692	1.0141868206362903	0.00060614315	0	1
1346.2589227679462	39440.72	23.91219	1.0150168484871778	0.0006062818	0	1
1346.2603116139485	39330.504	23.886362	1.0140862325699027	0.00060732407	0	1
1346.2617004604167	39392.137	23.902515	1.0176066388982545	0.0006067839	0	1
1346.2630893068845	39328.742	23.889547	1.017919250196244	0.0006074323	0	1
1346.264478152887	39399.86	23.906143	1.0217354582988345	0.00060675706	0	1
1346.2658669993557	39330.246	23.890116	1.0219235542047007	0.0006074235	0	1
1346.2672558453576	39351.953	23.894672	1.0245029106474375	0.0006072042	0	1
1346.268644691825	39307.684	23.882076	1.0253839099178366	0.0006075676	0	1
1346.270033537828	39362.254	23.895863	1.028863837709612	0.0006070756	0	1
1346.2714223842963	39263.453	23.871012	1.0283521483093694	0.0006079703	0	1
1346.2728112302984	39255.477	23.874245	1.0302327116094783	0.00060817617	0	1
1346.2742000767666	39176.574	23.840527	1.0302705811193262	0.0006085404	0	1
1346.275588922769	39314.133	23.88355	1.0360128215983202	0.00060750544	0	1
1346.276977769237	39203.613	23.849493	1.0352415090613225	0.00060834934	0	1
1346.2783666152395	39123.395	23.833601	1.0352770426437898	0.0006091905	0	1
1346.2797554617073	39248.125	23.869904	1.0407550236918954	0.0006081795	0	1
1346.2811443077098	39180.23	23.841755	1.0411443720775269	0.00060851494	0	1
1346.2825331541785	39154.83	23.84371	1.04267323191419	0.00060895964	0	1
1346.2839220001804	39129.125	23.831251	1.044206222799193	0.00060904125	0	1
1346.285310846648	39183.848	23.83757	1.047901597895714	0.00060835195	0	1
1346.286699692651	39081.508	23.810423	1.0474077814212142	0.0006092504	0	1
1346.28808853912	39125.992	23.824614	1.0508589388684997	0.00060892035	0	1
1346.2894773851217	39076.56	23.818592	1.0518000401223766	0.0006095366	0	1
1346.2908662315895	39046.13	23.806864	1.053260121257735	0.0006097112	0	1
1346.2922550775925	39078.023	23.815987	1.056412963944878	0.0006094471	0	1
1346.2936439240607	39035.65	23.807173	1.0575682908656092	0.0006098829	0	1
1346.2950327700623	38986.0	23.787354	1.0585313467953188	0.00061015115	0	1
1346.296421616065	39114.18	23.823872	1.0643363232948897	0.0006090853	0	1
1346.297810462533	39016.613	23.801975	1.0640105150805639	0.0006100472	0	1
1346.2991993085357	38961.777	23.786295	1.0648484901805553	0.0006105033	0	1
1346.3005881550039	38909.84	23.77075	1.0657668183608635	0.00061091874	0	1
1346.3019770010055	38913.137	23.763557	1.0682019676876373	0.0006106821	0	1
1346.3033658474737	38976.96	23.789608	1.0723088365183717	0.0006103505	0	1
1346.3047546934772	38870.535	23.765848	1.0717347320728177	0.00061141036	0	1
1346.3061435399445	38870.363	23.757912	1.0740884769342758	0.0006112089	0	1
1346.3075323859466	38877.723	23.76631	1.07665470740057	0.0006113092	0	1
1346.3089212319496	38883.016	23.75964	1.0791676734025877	0.0006110545	0	1
1346.3103100784178	38911.062	23.76921	1.082316618424016	0.00061086	0	1
1346.3116989244195	38782.836	23.725388	1.0811096092976835	0.0006117497	0	1
1346.3130877708877	38830.91	23.746555	1.0848226398577658	0.0006115374	0	1
1346.3144766168903	38868.047	23.759851	1.0882251249474904	0.0006112952	0	1
1346.3158654628928	38712.594	23.706993	1.0862385756336959	0.0006123845	0	1
1346.317254309361	38790.71	23.73292	1.0907940151564384	0.0006118197	0	1
1346.3186431553636	38741.85	23.720745	1.0917783051058265	0.000612277	0	1
1346.3200320018318	38756.023	23.72209	1.0945335737736706	0.00061208784	0	1
1346.3214208478344	38711.76	23.714535	1.0956327317833305	0.0006125925	0	1
1346.322809693837	38725.547	23.716145	1.098368031443579	0.000612416	0	1
1346.3241985403042	38679.082	23.701542	1.0993867689468655	0.00061277417	0	1
1346.3255873863068	38664.906	23.70068	1.101313021462356	0.0006129765	0	1
1346.3269762323098	38641.434	23.68689	1.1029647485859237	0.000612992	0	1
1346.3283650787776	38624.586	23.68584	1.1047948316755565	0.0006132322	0	1
1346.3297539247792	38543.188	23.667618	1.1047634722454418	0.0006140545	0	1
1346.3311427712483	38372.18	23.621225	1.1021385612890633	0.00061558204	0	1
1346.3325316172509	38370.84	23.61946	1.1043657546906023	0.00061555754	0	1
1346.3339204632525	38189.688	23.562864	1.1013951484736506	0.0006169955	0	1
1346.3353093097207	38118.8	23.543911	1.1015771642747316	0.0006176456	0	1
1346.3366981557233	37939.855	23.486675	1.0986083660505603	0.00061905023	0	1
1346.3380870017259	37791.03	23.457176	1.096478410465992	0.0006207075	0	1
1346.339475848194	37666.062	23.42216	1.0950096275158008	0.0006218372	0	1
1346.3408646941957	37502.53	23.38074	1.0923872314328176	0.00062344427	0	1
1346.3422535401983	37329.87	23.333542	1.0894629714760926	0.00062506355	0	1
1346.343642386667	37147.715	23.271637	1.0862239052115636	0.00062646216	0	1
1346.345031232669	36977.324	23.232292	1.0832906905162831	0.0006282848	0	1
1346.3464200786707	36749.375	23.162397	1.0786299159224755	0.00063028006	0	1
1346.3478089251398	36584.383	23.119463	1.0757753798981078	0.000631949	0	1
1346.3491977711424	36332.293	23.045105	1.070316259723573	0.00063428713	0	1
1346.350586617144	36108.168	22.988121	1.0656338239738254	0.000636646	0	1
1346.3519754631466	35915.223	22.931969	1.061827114960595	0.00063850277	0	1
1346.3533643096152	35687.64	22.868975	1.0569512814485755	0.00064080936	0	1
1346.3547531556178	35437.016	22.79089	1.0513444816874715	0.00064313796	0	1
1346.35614200162	35261.074	22.73781	1.0479071260039072	0.0006448417	0	1
1346.3575308480881	34977.137	22.656517	1.0412119959090447	0.0006477522	0	1
1346.3589196940907	34696.35	22.57674	1.0345569004171389	0.00065069494	0	1
1346.360308540093	34448.844	22.506424	1.0288418260664058	0.00065332884	0	1
1346.3616973860953	34147.04	22.423788	1.0214517298475836	0.00065668323	0	1
1346.363086232563	33947.836	22.35583	1.0170794863402508	0.00065853476	0	1
1346.3644750785656	33674.273	22.27729	1.0104293034810536	0.00066155224	0	1
1346.3658639245687	33354.094	22.189781	1.0023245502659823	0.0006652791	0	1
1346.3672527710362	33083.957	22.108816	0.9956680146445464	0.00066826394	0	1
1346.368641617038	32793.01	22.021698	0.9883309529620192	0.0006715363	0	1
1346.370030463041	32522.346	21.940523	0.9815508056110693	0.0006746292	0	1
1346.3714193090436	32225.084	21.85254	0.973913535435246	0.00067812204	0	1
1346.3728081555114	31979.678	21.776484	0.9677901445792043	0.00068094756	0	1
1346.374197001514	31653.445	21.686914	0.9591664356553751	0.000685136	0	1
1346.3755858475165	31354.094	21.594038	0.9513010581741782	0.0006887151	0	1
1346.3769746935188	31059.723	21.502455	0.9435321014299395	0.00069229386	0	1
1346.3783635395212	30782.705	21.418772	0.936236743202944	0.00069580536	0	1
1346.379752385989	30470.463	21.32672	0.927816171287073	0.0006999145	0	1
1346.3811412319915	30160.59	21.225119	0.9194130889301506	0.00070373685	0	1
1346.3825300779945	29894.078	21.150465	0.9122791605176285	0.00070751354	0	1
1346.383918923997	29543.309	21.040094	0.9025204020912777	0.000712178	0	1
1346.3853077704646	29270.436	20.95035	0.895088064351169	0.0007157512	0	1
1346.386696616467	28987.81	20.866026	0.8873069150141428	0.0007198207	0	1
1346.3880854624704	28709.775	20.779324	0.8796160034408164	0.00072377175	0	1
1346.389474308472	28375.377	20.676523	0.8701470899259632	0.00072867837	0	1
1346.3908631544741	28143.514	20.597252	0.8637731821869516	0.000731865	0	1
1346.3922520009428	27853.844	20.515484	0.8555775890368449	0.0007365405	0	1
1346.3936408469453	27652.336	20.447456	0.8500437944534508	0.0007394477	0	1
1346.395029692947	27359.55	20.352259	0.8416583758836778	0.00074388133	0	1
1346.3964185389495	27066.602	20.260283	0.8332207688495723	0.0007485344	0	1
1346.397807384952	26839.057	20.179535	0.8267515157405079	0.00075187196	0	1
1346.3991962309547	26589.496	20.100945	0.8195605748277089	0.0007559731	0	1
1346.4005850774229	26439.6	20.048136	0.8154000043371527	0.0007582617	0	1
1346.4019739234247	26134.195	19.947672	0.806401687360515	0.0007632786	0	1
1346.403362769427	25943.023	19.898417	0.8008862146672191	0.00076700456	0	1
1346.4047516154305	25787.354	19.843212	0.7964276348252057	0.0007694939	0	1
1346.4061404614322	25599.623	19.780773	0.7909403472894077	0.00077269785	0	1
1346.4075293074343	25448.363	19.726887	0.7865418720999795	0.00077517313	0	1
1346.4089181534373	25354.27	19.69966	0.7838736690246955	0.000776976	0	1
1346.4103069999055	25213.852	19.656307	0.7795490850658414	0.0007795837	0	1
1346.4116958459072	25084.666	19.613445	0.7755716016295127	0.00078188983	0	1
1346.4130846919097	25020.207	19.599684	0.7735952165977849	0.00078335416	0	1
1346.4144735379123	25011.469	19.58566	0.7733416020602103	0.0007830672	0	1
1346.4158623839148	24950.055	19.566547	0.771459234022176	0.0007842286	0	1
1346.4172512299174	25007.287	19.57543	0.7732454300698391	0.000782789	0	1
1346.41864007592	25043.06	19.60231	0.774368159366721	0.0007827442	0	1
1346.4200289223882	25009.725	19.583675	0.7733539277647302	0.0007830424	0	1
1346.4214177683907	25072.377	19.604797	0.7753078782897714	0.00078192813	0	1
1346.4228066143933	25175.447	19.637087	0.7785117757053042	0.00078000943	0	1
1346.424195460395	25283.293	19.662224	0.7818634851148805	0.0007776765	0	1
1346.4255843063975	25435.553	19.722923	0.7865888331634373	0.0007754077	0	1
1346.4269731524007	25602.318	19.777506	0.7915371625798543	0.0007724889	0	1
1346.4283619984026	25748.527	19.828554	0.795812739109506	0.00077008497	0	1
1346.4297508444042	25859.11	19.865269	0.7989500772467046	0.0007682116	0	1
1346.4311396904077	26067.754	19.934317	0.8050789238750169	0.0007647117	0	1
1346.4325285364102	26386.248	20.02507	0.8145589129293482	0.00075892074	0	1
1346.433917382412	26536.113	20.087078	0.8187918590322488	0.00075697136	0	1
1346.43530622888	26762.828	20.16408	0.8253553504029489	0.00075343606	0	1
1346.4366950748827	27031.1	20.24497	0.8331572091271953	0.00074895105	0	1
1346.4380839208852	27281.4	20.328203	0.8403608281201617	0.00074513047	0	1
1346.4394727668878	27490.982	20.384615	0.8462662679431648	0.00074150186	0	1
1346.4408616128894	27792.902	20.491604	0.8549685765902008	0.0007372963	0	1
1346.442250458892	28123.076	20.59208	0.8644911189437756	0.0007322129	0	1
1346.4436393048954	28378.352	20.673443	0.8716626838559385	0.00072849344	0	1
1346.445028150897	28577.49	20.736849	0.8770638461636556	0.00072563573	0	1
1346.4464169968987	28901.36	20.837885	0.8862446718698014	0.0007210002	0	1
1346.4478058429022	29109.14	20.907955	0.8918166154950842	0.0007182608	0	1
1346.4491946889048	29535.504	21.031532	0.9040326140220059	0.0007120763	0	1
1346.4505835349064	29723.545	21.094126	0.908901367754384	0.00070967735	0	1
1346.451972380909	30148.482	21.223003	0.9209607659185097	0.0007039493	0	1
1346.453361226912	30412.0	21.307297	0.9280330419637136	0.00070062134	0	1
1346.4547500729145	30697.436	21.38952	0.9357219007652856	0.0006967853	0	1
1346.4561389189166	30945.314	21.469034	0.9422138709653495	0.0006937733	0	1
1346.4575277649192	31240.701	21.555857	0.950099566498849	0.00068999274	0	1
1346.4589166109217	31464.72	21.618057	0.9557626426078063	0.00068705704	0	1
1346.4603054569243	32003.799	21.775215	0.9709342273447077	0.0006803947	0	1
1346.4616943029266	32077.68	21.808239	0.9719363896950788	0.0006798571	0	1
1346.4630831489285	32471.285	21.92156	0.9825750377020487	0.000675106	0	1
1346.464471994931	32668.287	21.987322	0.9872086122037743	0.0006730479	0	1
1346.465860840934	33031.562	22.091955	0.996811914403576	0.00066881353	0	1
1346.4672496869362	33307.0	22.17151	1.0037061911498577	0.0006656712	0	1
1346.4686385329378	33635.355	22.267216	1.0121381452956195	0.00066201814	0	1
1346.4700273789408	33849.125	22.324625	1.0170676905880434	0.0006595333	0	1
1346.4714162249434	34109.82	22.396502	1.0233559002979853	0.0006565998	0	1
1346.4728050709455	34356.88	22.479456	1.029182285842696	0.0006542927	0	1
1346.474193916948	34579.52	22.539246	1.03422642481983	0.0006518091	0	1
1346.4755827629506	34857.445	22.622164	1.0408719939193218	0.00064899086	0	1
1346.4769716089531	35117.547	22.69807	1.0469316399649071	0.00064634555	0	1
1346.4783604549555	35420.27	22.779268	1.05420718809444	0.0006431139	0	1
1346.4797493009573	35611.824	22.839504	1.0581229752625982	0.0006413461	0	1
1346.48113814696	35797.402	22.895512	1.0618163041996587	0.00063958584	0	1
1346.482526992963	36049.35	22.96261	1.0674307715988793	0.0006369771	0	1
1346.4839158389655	36308.97	23.036936	1.0732213013574983	0.00063446956	0	1
1346.4853046849676	36461.35	23.0808	1.0757968337547301	0.00063302094	0	1
1346.4866935305042	36716.945	23.144737	1.0813729185561234	0.00063035573	0	1
1346.4880823765075	36905.99	23.207285	1.0849428291262406	0.00062882167	0	1
1346.489471222509	37148.42	23.271208	1.0900373388694478	0.00062643865	0	1
1346.4908600685112	37281.914	23.304186	1.0918938714080428	0.0006250802	0	1
1346.4922489145142	37504.145	23.371265	1.096309684136913	0.0006231649	0	1
1346.4936377605168	37648.11	23.416042	1.0983980813206942	0.00062197127	0	1
1346.4950266065186	37775.867	23.446024	1.0999800380227736	0.0006206614	0	1
1346.496415452521	37970.324	23.501831	1.1034684140952453	0.0006189526	0	1
1346.4978042985235	38035.13	23.523787	1.1031574972451412	0.00061847526	0	1
1346.499193144526	38167.04	23.565464	1.1047658192626493	0.00061742973	0	1
1346.5005819905286	38330.633	23.60222	1.1072592085303092	0.00061575347	0	1
1346.501970836065	38472.523	23.641392	1.1090937949003075	0.00061450066	0	1
1346.5033596820674	38470.68	23.646212	1.106763454907774	0.00061465544	0	1
1346.5047485280706	38621.13	23.68704	1.1087934218649558	0.0006133182	0	1
1346.5061373740723	38669.78	23.694263	1.1078776840498827	0.0006127333	0	1
1346.5075262200744	38689.38	23.704515	1.106115038650942	0.0006126879	0	1
1346.5089150660774	38741.023	23.71473	1.1052547916469957	0.0006121348	0	1
1346.51030391208	38786.94	23.72333	1.1042166395583346	0.0006116319	0	1
1346.5116927580818	38740.562	23.71853	1.10054318947889	0.0006122402	0	1
1346.5130816036185	38763.754	23.722359	1.0988406338629912	0.0006119727	0	1
1346.514470449621	38789.92	23.73237	1.0972134465311558	0.00061181793	0	1
1346.5158592956236	38728.273	23.72038	1.0930993203599733	0.00061248225	0	1
1346.5172481416262	38865.402	23.752718	1.0945867472185	0.00061115326	0	1
1346.5186369876287	38843.52	23.74627	1.0915853435181868	0.00061133155	0	1
1346.5200258336313	38858.0	23.752748	1.0896036857529277	0.0006112705	0	1
1346.5214146791682	38831.465	23.744349	1.0864709037050397	0.0006114719	0	1
1346.5228035251707	38888.74	23.760698	1.0856801809318628	0.00061099173	0	1
1346.5241923711724	38919.023	23.765621	1.0841304930882485	0.0006106428	0	1
1346.525581217175	38840.934	23.745682	1.0795609654156684	0.00061135716	0	1
1346.5269700631784	38915.137	23.765461	1.0792351643194376	0.00061069964	0	1
1346.52835890918	38981.63	23.78754	1.0786845620584402	0.0006102244	0	1
1346.529747754716	38968.76	23.786451	1.0759376880208962	0.00061039795	0	1
1346.5311366007195	39057.895	23.807844	1.0760031367455034	0.00060955266	0	1
1346.532525446722	38961.11	23.774136	1.0709578068776955	0.00061020174	0	1
1346.5339142927237	39053.293	23.803934	1.0711093534012792	0.0006095244	0	1
1346.5353031387262	39039.19	23.798792	1.0683470789355043	0.00060961285	0	1
1346.5366919842631	39075.684	23.813673	1.0669747259971993	0.0006094244	0	1
1346.5380808302657	38961.8	23.783077	1.0615072869053979	0.00061042036	0	1
1346.5394696762683	39065.1	23.807283	1.061968072124741	0.0006094259	0	1
1346.54085852227	38988.285	23.785673	1.057537868767004	0.0006100723	0	1
1346.5422473682725	39190.754	23.842133	1.0606859695662176	0.00060836115	0	1
1346.5436362138103	39140.203	23.830338	1.0569873873157392	0.0006088455	0	1
1346.545025059812	39063.203	23.805008	1.0525931838693103	0.00060939725	0	1
1346.5464139058136	39202.484	23.845612	1.0540333555537553	0.00060826784	0	1
1346.547802751817	39218.457	23.855043	1.052161718330669	0.0006082606	0	1
1346.5491915973544	39182.586	23.837585	1.048913066309958	0.0006083719	0	1
1346.5505804433565	39187.824	23.847214	1.0467799887070917	0.0006085363	0	1
1346.551969289358	39184.16	23.839642	1.044422903290639	0.0006084	0	1
1346.5533581353613	39210.816	23.847029	1.0428871240888633	0.00060817477	0	1
1346.554746980898	39334.613	23.889296	1.04394778112028	0.0006073352	0	1
1346.5561358269001	39198.914	23.848072	1.0381315097531993	0.00060838606	0	1
1346.5575246729027	39288.477	23.871859	1.0382930361039813	0.00060760457	0	1
1346.5589135189052	39369.316	23.897724	1.0382377210331382	0.00060701394	0	1
1346.5603023644421	39342.582	23.88066	1.0353597059385562	0.0006069927	0	1
1346.5616912104445	39365.02	23.897196	1.0337937095744232	0.0006070668	0	1
1346.5630800564463	39290.848	23.86757	1.0297116295668252	0.0006074588	0	1
1346.5644689019832	39361.8	23.896048	1.0294518068001615	0.0006070873	0	1
1346.5658577479862	39350.83	23.886463	1.0270653007989539	0.00060701295	0	1
1346.5672465939883	39364.99	23.899351	1.0253542655390195	0.000607122	0	1
1346.56863543999	39496.992	23.92947	1.0267314062309476	0.0006058555	0	1
1346.5700242855278	39405.785	23.907755	1.0223122339854087	0.0006067067	0	1
1346.57141313153	39510.73	23.926714	1.0230084323597528	0.0006055751	0	1
1346.572801977532	39460.12	23.920938	1.0196956984253196	0.0006062054	0	1
1346.5741908230689	39444.297	23.911871	1.0173070895828076	0.0006062187	0	1
1346.5755796690714	39414.87	23.905554	1.0145997910651747	0.000606511	0	1
1346.576968515074	39522.188	23.935543	1.0154160725525667	0.00060562295	0	1
1346.5783573606107	39503.62	23.934633	1.0130244386732854	0.00060588453	0	1
1346.5797462066125	39561.11	23.94842	1.0126047215670269	0.0006053526	0	1
1346.581135052615	39523.746	23.938986	1.0097800313231067	0.00060568616	0	1
1346.5825238981524	39596.387	23.961002	1.0097883320710521	0.00060513103	0	1
1346.583912744155	39523.984	23.944595	1.0061222289770833	0.0006058244	0	1
1346.585301590157	39655.875	23.977	1.0076882239837854	0.00060462666	0	1
1346.586690435694	39562.77	23.951767	1.0035414645848943	0.00060541177	0	1
1346.588079281697	39558.293	23.944628	1.0016821482822376	0.00060529984	0	1
1346.5894681276986	39633.645	23.96955	1.0018669257519874	0.00060477783	0	1
1346.590856973235	39608.008	23.962704	0.9995228599864509	0.00060499646	0	1
1346.592245819238	39673.89	23.9783	0.9995130500564905	0.00060438487	0	1
1346.5936346652406	39694.83	23.9874	0.9983940067809634	0.00060429535	0	1
1346.5950235107769	39620.79	23.976654	0.9949153050804364	0.0006051534	0	1
1346.5964123567792	39760.594	24.009754	0.9968310602110354	0.00060385803	0	1
1346.5978012027817	39752.59	24.000587	0.9950634170258561	0.000603749	0	1
1346.5991900483186	39669.23	23.9823	0.9914408835885593	0.0006045567	0	1
1346.6005788943212	39823.254	24.029984	0.9937765587926216	0.0006034159	0	1
1346.6019677398576	39735.62	23.99974	0.9901075361299285	0.00060398557	0	1
1346.6033565858602	39754.07	24.005348	0.9891128974018334	0.0006038463	0	1
1346.6047454318632	39695.113	23.984648	0.9862225040806161	0.00060422166	0	1
1346.6061342773992	39782.633	24.002485	0.986999254056474	0.0006033408	0	1
1346.6075231234013	39795.535	24.011518	0.9859504173924764	0.0006033722	0	1
1346.6089119689386	39755.0	24.003527	0.9836079427324149	0.0006037864	0	1
1346.6103008149412	39843.93	24.024172	0.9844966271003855	0.00060295686	0	1
1346.611689660943	39824.406	24.025097	0.9827330497930908	0.0006032757	0	1
1346.6130785064797	39862.254	24.029684	0.9824145881500912	0.000602818	0	1
1346.6144673524832	39858.465	24.03285	0.9810990561080359	0.00060295477	0	1
1346.61585619802	39848.785	24.032446	0.9796692470081853	0.00060309103	0	1
1346.6172450440217	39814.766	24.022013	0.9776727952663962	0.0006033443	0	1
1346.6186338895586	39889.01	24.042223	0.978364340480272	0.000602728	0	1
1346.6200227355612	39793.21	24.010544	0.974916451684619	0.00060338294	0	1
1346.6214115815637	39924.22	24.051691	0.9770552698497142	0.00060243363	0	1
1346.6228004271006	39915.168	24.052261	0.9757942950166414	0.0006025845	0	1
1346.6241892731023	39899.832	24.046793	0.9744115192933527	0.00060267904	0	1
1346.6255781186392	39856.523	24.034119	0.972378400638892	0.00060301594	0	1
1346.6269669646426	39877.82	24.037851	0.9719534439936566	0.0006027875	0	1
1346.6283558101786	40048.05	24.089685	0.9752007207033788	0.00060151954	0	1
1346.6297446561805	39916.7	24.049526	0.971105027416582	0.00060249283	0	1
1346.631133501718	39915.06	24.047161	0.9702148001994885	0.00060245837	0	1
1346.6325223477206	39945.73	24.05482	0.9701413096121785	0.0006021875	0	1
1346.6339111932566	40043.527	24.080389	0.9717430147140824	0.00060135534	0	1
1346.6353000392592	39954.977	24.057957	0.9688236375704246	0.00060212665	0	1
1346.6366888852617	40056.605	24.088125	0.9705789367036793	0.00060135213	0	1
1346.6380777307986	39966.016	24.065	0.9676775768786019	0.0006021366	0	1
1346.6394665768012	40027.426	24.072668	0.9685051440890976	0.00060140435	0	1
1346.6408554223372	39992.395	24.061308	0.9670312687766828	0.0006016471	0	1
1346.6422442683397	39840.17	24.030178	0.962790910927255	0.00060316455	0	1
1346.6436331138775	40075.582	24.088036	0.9679177025074039	0.00060106517	0	1
1346.6450219598792	39960.137	24.06523	0.9645694929351729	0.0006022309	0	1
1346.6464108054154	40011.64	24.07502	0.9653168561150267	0.0006017004	0	1
1346.6477996514186	40024.82	24.08106	0.9651716479868351	0.0006016532	0	1
1346.649188496956	40026.453	24.07936	0.9647807136780289	0.0006015861	0	1
1346.6505773424924	39974.867	24.065289	0.9631404502886719	0.00060201046	0	1
1346.6533550340318	40092.555	24.08886	0.965279073912474	0.00060083123	0	1
1346.6547438800342	40002.816	24.071386	0.9628203868776061	0.0006017423	0	1
1346.6561327255704	40023.79	24.068548	0.9630599871344263	0.00060135603	0	1
1346.657521571573	39998.625	24.075127	0.9622225678496666	0.0006018989	0	1
1346.6589104171098	40022.45	24.072369	0.9625967875252807	0.00060147163	0	1
1346.6602992631124	40021.523	24.073376	0.9624087932131206	0.00060151075	0	1
1346.6616881086493	40012.19	24.073757	0.9620518788025187	0.0006016606	0	1
1346.663076954651	39953.004	24.057348	0.9605296202288542	0.00060214114	0	1
1346.6644658001878	40033.035	24.07412	0.9623875675993631	0.0006013563	0	1
1346.6658546461908	40127.832	24.105976	0.9646501729034558	0.0006007296	0	1
1346.6672434917277	40038.46	24.080156	0.9624854837323493	0.00060142565	0	1
1346.6686323372642	40002.773	24.074606	0.9616611836301595	0.00060182344	0	1
1346.6700211832667	40008.504	24.068022	0.9618657710070564	0.0006015726	0	1
1346.6714100288034	40040.566	24.077372	0.9627367370769897	0.0006013244	0	1
1346.675576565879	39965.043	24.06036	0.9614197397991368	0.00060203514	0	1
1346.6769654118816	39983.418	24.06694	0.962094486965753	0.00060192303	0	1
1346.678354257419	40026.543	24.070824	0.9633983062121988	0.0006013715	0	1
1346.6797431034208	39977.402	24.070215	0.9625144517562175	0.0006020955	0	1
1346.681131948957	39954.027	24.05531	0.9622834590811763	0.0006020747	0	1
1346.6825207944944	40048.94	24.07672	0.9649351309926448	0.0006011824	0	1
1346.6839096404979	39933.258	24.05348	0.9625454700624844	0.0006023421	0	1
1346.6852984860338	40055.973	24.08759	0.9659515276790349	0.00060134823	0	1
1346.686687332036	39934.94	24.045586	0.9634800715768022	0.00060211896	0	1
1346.6880761775733	39991.27	24.063257	0.9653360648342579	0.0006017128	0	1
1346.6894650231102	39889.49	24.044199	0.9634237512288034	0.0006027703	0	1
1346.6908538691118	39996.87	24.063509	0.9665639299319383	0.0006016348	0	1
1346.6922427146487	39990.574	24.061497	0.9670071280268157	0.0006016792	0	1
1346.6936315601856	39847.273	24.032547	0.9641993464269558	0.00060311647	0	1
1346.6950204061882	40043.81	24.079493	0.9696164822345084	0.00060132873	0	1
1346.696409251725	39871.473	24.041805	0.9661031124510642	0.00060298265	0	1
1346.697798097727	39903.613	24.041298	0.967605958899188	0.0006024842	0	1
1346.6991869432636	39991.28	24.067219	0.9705053546029894	0.0006018116	0	1
1346.7005757888014	39896.875	24.04174	0.9689872890040302	0.0006025971	0	1
1346.701964634803	39804.86	24.020065	0.9675864628669083	0.0006034456	0	1
1346.7033534803395	39858.0	24.030636	0.9697147583903525	0.0006029062	0	1
1346.7047423258769	39895.15	24.050125	0.9715031192811825	0.00060283334	0	1
1346.7061311718794	39837.996	24.024992	0.9710264809676504	0.0006030673	0	1
1346.7075200174154	39773.883	24.011417	0.9704090324527708	0.0006036981	0	1
1346.7089088629523	39790.234	24.0148	0.9717851884487437	0.000603535	0	1
1346.7102977089548	39908.64	24.044178	0.9757032501728263	0.0006024805	0	1
1346.7116865544917	39786.754	24.012653	0.9737485951918581	0.0006035339	0	1
1346.7130754000286	39740.54	24.009253	0.97368731938896	0.0006041502	0	1
1346.7144642455655	39877.734	24.037497	0.9781675746662479	0.0006027799	0	1
1346.715853091568	39755.023	23.996897	0.9762755104481519	0.0006036192	0	1
1346.717241937105	39725.293	23.995564	0.9767073840070647	0.0006040374	0	1
1346.7186307826419	39743.33	23.99547	0.9783438945775664	0.00060376094	0	1
1346.7200196286435	39807.375	24.021238	0.9811460023121806	0.0006034369	0	1
1346.722797319718	39672.945	23.979809	0.980365870947062	0.0006044373	0	1
1346.7241861657199	39642.04	23.973951	0.9809126284829589	0.0006047608	0	1
1346.7255750112558	39762.223	24.01178	0.9852307109035611	0.0006038842	0	1
1346.7269638567936	39688.09	23.988293	0.9847650942854564	0.00060442043	0	1
1346.7283527023305	39671.316	23.97961	0.9857488953591687	0.00060445716	0	1
1346.7297415483322	39705.836	23.994337	0.9880369945985475	0.0006043025	0	1
1346.731130393869	39606.26	23.968018	0.9870148410166559	0.0006051573	0	1
1346.732519239406	39711.684	23.99089	0.9911422549206806	0.0006041268	0	1
1346.7339080849429	39552.273	23.942757	0.9886623681151806	0.00060534466	0	1
1346.7352969309454	39608.15	23.962156	0.9916000576892763	0.00060498045	0	1
1346.7366857764814	39633.37	23.968729	0.9938015044070702	0.0006047613	0	1
1346.7380746220183	39550.773	23.945923	0.9933247884730932	0.0006054476	0	1
1346.7394634675559	39564.63	23.950161	0.9952951874840174	0.00060534274	0	1
1346.7408523135578	39586.266	23.951235	0.9974899930708531	0.000605039	0	1
1346.7422411590937	39576.695	23.94499	0.9989258797963445	0.00060502754	0	1
1346.7436300046315	39474.926	23.930857	0.9980667136787887	0.0006062293	0	1
1346.7450188501684	39520.246	23.939411	1.000929941184998	0.00060575054	0	1
1346.7464076957044	39376.027	23.895403	0.9990437983961659	0.00060685154	0	1
1346.747796541707	39570.93	23.95312	1.0057703694402478	0.00060532114	0	1
1346.7491853872443	39386.902	23.892893	1.0028725157343992	0.0006066203	0	1
1346.7505742327812	39579.355	23.954489	1.009614434333101	0.00060522684	0	1
1346.7519630783177	39454.95	23.917469	1.008283598497243	0.00060619693	0	1
1346.7533519238546	39397.395	23.89606	1.0086860258259003	0.00060653914	0	1
1346.754740769857	39396.895	23.901686	1.0105704645064228	0.0006066896	0	1
1346.7561296153938	39282.215	23.862532	1.00955976877345	0.000607464	0	1
1346.7575184609304	39457.375	23.916172	1.0160084285112618	0.0006061268	0	1
1346.7589073064669	39386.49	23.89953	1.016134122416212	0.00060679513	0	1
1346.7602961520038	39310.52	23.873848	1.016166532523388	0.00060731446	0	1
1346.7616849980068	39385.08	23.896315	1.0200978219615715	0.00060673524	0	1
1346.7630738435432	39365.793	23.895811	1.0216301173154114	0.0006070197	0	1
1346.7644626890792	39295.84	23.875359	1.0218640858880004	0.00060757983	0	1
1346.7658515346166	39302.84	23.879257	1.0241166880129027	0.0006075708	0	1
1346.7672403801535	39209.08	23.84774	1.023770527492813	0.0006082199	0	1
1346.76862922569	39384.707	23.89601	1.0304713468914735	0.0006067332	0	1
1346.7700180716924	39173.36	23.84063	1.0270539683736624	0.00060859293	0	1
1346.7714069172293	39113.574	23.822214	1.0276345656339267	0.00060905237	0	1
1346.772795762766	39284.184	23.87396	1.0342834832380492	0.0006077245	0	1
1346.7741846083027	39161.17	23.845182	1.0332135844267243	0.0006088986	0	1
1346.7755734538391	39199.125	23.856411	1.0364122380617307	0.0006085955	0	1
1346.776962299376	39161.617	23.832926	1.0376326279110508	0.0006085787	0	1
1346.7783511449134	39163.938	23.847116	1.0399226635899588	0.000608905	0	1
1346.779739990916	39192.715	23.85817	1.042932791066662	0.0006087399	0	1
1346.7811288364521	39131.04	23.835222	1.043549264228648	0.00060911296	0	1
1346.7825176819888	39152.67	23.843864	1.0463997673909826	0.0006089971	0	1
1346.7839065275266	39123.133	23.830067	1.0478962520931596	0.00060910423	0	1
1346.7852953730626	39073.42	23.817705	1.0488612665201162	0.0006095628	0	1
1346.786684218599	39037.13	23.805243	1.0501942460095621	0.0006098103	0	1
1346.7880730641364	39063.375	23.820702	1.0532213118979274	0.0006097963	0	1
1346.7894619096733	39056.156	23.807497	1.055358826773036	0.00060957094	0	1
1346.7908507552092	39053.37	23.812778	1.057626495412863	0.00060974964	0	1
1346.7922396007461	38984.805	23.79414	1.0581186983287332	0.00061034394	0	1
1346.7936284467487	39073.125	23.822458	1.062879912529186	0.0006096891	0	1
1346.7950172922856	39036.754	23.807444	1.0642613114099404	0.0006098725	0	1
1346.7964061378225	38885.555	23.760607	1.0625074195571416	0.0006110394	0	1
1346.7977949833587	39010.9	23.795341	1.0683188414585942	0.0006099665	0	1
1346.7991838288954	38889.26	23.766075	1.0673721451678644	0.00061112177	0	1
1346.8005726744332	38979.67	23.791143	1.072246856504525	0.00061034743	0	1
1346.8019615199692	38835.887	23.757984	1.0706867738336447	0.0006117534	0	1
1346.8033503655056	38883.758	23.75898	1.0744065362017863	0.00061102584	0	1
1346.804739211043	38832.527	23.749178	1.0753916013808313	0.0006115795	0	1
1346.8061280565798	38919.61	23.77725	1.0802034722101346	0.0006109324	0	1
1346.8075169021158	38761.688	23.730059	1.0782216269304628	0.00061220396	0	1
1346.8089057476527	38840.504	23.758322	1.0828309201731998	0.00061168935	0	1
1346.8102945931896	38854.145	23.755291	1.0856205580630007	0.00061139656	0	1
1346.8116834387265	38799.32	23.74812	1.086494498220253	0.0006120757	0	1
1346.8130722842634	38749.426	23.737423	1.0874989900378933	0.0006125877	0	1
1346.8144611298003	38783.582	23.74309	1.0908595428108572	0.00061219436	0	1
1346.8158499753372	38786.848	23.736471	1.0933508671457308	0.0006119722	0	1
1346.817238820874	38698.688	23.716393	1.0932562238193158	0.00061284745	0	1
1346.818627666411	38755.555	23.735367	1.0972523231850693	0.0006124378	0	1
1346.820016511947	38730.41	23.729279	1.0989231623989926	0.00061267824	0	1
1346.8214053579495	38625.188	23.699335	1.0983077143153757	0.000613572	0	1
1346.8227942034873	38599.586	23.687428	1.0999412180895467	0.0006136705	0	1
1346.8241830490233	38437.453	23.644955	1.0976647025105284	0.00061515404	0	1
1346.8255718945593	38417.01	23.636543	1.0994145471920198	0.0006152624	0	1
1346.826960740097	38255.332	23.596048	1.0971017023551068	0.0006168042	0	1
1346.828349585634	38132.957	23.560925	1.0958883077768522	0.0006178625	0	1
1346.8297384307043	38012.883	23.520239	1.094714990929665	0.0006187439	0	1
1346.8311272762412	37875.86	23.49227	1.093025838886042	0.0006202439	0	1
1346.832516121778	37667.8	23.426624	1.0892530136674476	0.000621927	0	1
1346.833904967315	37619.094	23.425636	1.0900589288261646	0.000622706	0	1
1346.835293812852	37434.684	23.369781	1.086904032251856	0.0006242815	0	1
1346.8366826583879	37107.395	23.280018	1.0795550627452353	0.0006273687	0	1
1346.8380715039248	37110.457	23.27074	1.081781465419559	0.00062706694	0	1
1346.8394603494626	36829.266	23.190228	1.075688334217085	0.0006296685	0	1
1346.8422380405345	36510.29	23.107086	1.0704873159108756	0.0006328924	0	1
1346.8436268860723	36254.457	23.040861	1.0650002472175657	0.00063553185	0	1
1346.8450157316092	36081.094	22.988138	1.0618912386302537	0.00063712423	0	1
1346.8464045771452	35821.105	22.903633	1.056187550765512	0.0006393893	0	1
1346.8477934226821	35520.785	22.826237	1.0492420722869111	0.00064261636	0	1
1346.8491822682197	35442.297	22.810854	1.0488059238987624	0.0006436054	0	1
1346.8505711137564	35076.816	22.696285	1.0398299468969385	0.0006470452	0	1
1346.8519599592928	34910.902	22.643227	1.036717774572679	0.00064860046	0	1
1346.8533488048297	34612.74	22.570757	1.0296292858617857	0.00065209396	0	1
1346.8547376503666	34385.113	22.502167	1.0245866321160442	0.0006544159	0	1
1346.8561264959035	34099.316	22.418804	1.0177585053935054	0.0006574561	0	1
1346.8575153409745	33863.348	22.345852	1.012364834250075	0.00065988314	0	1
1346.8589041865107	33525.94	22.240263	1.0038832349987141	0.0006633747	0	1
1346.8602930320476	33285.105	22.177034	0.9982375329050078	0.00066627504	0	1
1346.861681877585	33070.234	22.109081	0.9933204284832223	0.00066854927	0	1
1346.8630707231214	32791.965	22.040619	0.9864470851500486	0.00067213475	0	1
1346.8644595686574	32513.662	21.952562	0.9795178470020398	0.00067517965	0	1
1346.865848414195	32165.223	21.844727	0.9704177295004484	0.00067914114	0	1
1346.8672372597316	31976.107	21.794205	0.966070391079257	0.0006815778	0	1
1346.868626105268	31668.877	21.703707	0.958102385680088	0.0006853324	0	1
1346.870014950805	31357.904	21.608498	0.9499640776177191	0.00068909256	0	1
1346.8714037958762	31140.531	21.536156	0.944608020519063	0.0006915796	0	1
1346.872792641413	30871.52	21.450949	0.9376341163340373	0.0006948459	0	1
1346.8741814869497	30470.463	21.344404	0.9265915120581804	0.0007004949	0	1
1346.875570332486	30206.207	21.251944	0.91965130183578	0.0007035621	0	1
1346.8769591780228	29998.893	21.192656	0.9143944514055523	0.0007064479	0	1
1346.8783480235602	29665.398	21.091192	0.9052391447409173	0.00071096944	0	1
1346.879736869097	29495.205	21.033424	0.9010160889951644	0.00071311335	0	1
1346.8811257141679	29130.58	20.925741	0.8908021263186532	0.0007183428	0	1
1346.8825145597045	28812.85	20.825945	0.881966548135102	0.0007228006	0	1
1346.883903405242	28546.352	20.74647	0.8746472000271738	0.0007267643	0	1
1346.885292250778	28384.93	20.687704	0.8705003467963736	0.000728827	0	1
1346.8866810963145	28099.469	20.60713	0.8625023940441517	0.0007333637	0	1
1346.8880699418519	27829.43	20.521927	0.8549282327867371	0.0007374182	0	1
1346.8894587869231	27572.365	20.444252	0.8477044130783147	0.0007414762	0	1
1346.8908476324593	27364.926	20.37708	0.8419601268007351	0.0007446423	0	1
1346.892236477996	27100.316	20.281658	0.8344110622182929	0.00074839196	0	1
1346.893625323533	26964.783	20.239937	0.8307924448772512	0.0007506063	0	1
1346.8950141690698	26709.07	20.160082	0.8234280006052367	0.00075480284	0	1
1346.896403014141	26533.74	20.110447	0.8184983395839375	0.0007579198	0	1
1346.8977918596775	26333.541	20.029625	0.8127596995776819	0.00076061266	0	1
1346.8991807052141	26150.803	19.971294	0.8075185088847971	0.0007636972	0	1
1346.9005695507517	26051.287	19.9526	0.8048076559200897	0.0007658969	0	1
1346.9019583962886	25930.816	19.906246	0.80141110717992	0.00076766755	0	1
1346.903347241359	25753.582	19.855757	0.7960244758704565	0.0007709901	0	1
1346.9047360868958	25765.047	19.837591	0.7964698356014742	0.00076994195	0	1
1346.9061249324327	25590.176	19.802008	0.7911544726607437	0.0007738129	0	1
1346.9075137779696	25654.514	19.812664	0.7932342053272055	0.00077228766	0	1
1346.9089026235065	25624.727	19.801155	0.7924037480795967	0.00077273627	0	1
1346.9102914685768	25597.277	19.788254	0.791645404746089	0.0007730609	0	1
1346.9116803141137	25521.816	19.775043	0.7894018628673525	0.000774829	0	1
1346.9130691596515	25626.883	19.809208	0.7927422425783582	0.00077298546	0	1
1346.9144580051884	25712.66	19.831509	0.7954866299300954	0.0007712741	0	1
1346.9158468502587	25787.979	19.856968	0.7979080326178369	0.0007700087	0	1
1346.9172356957956	25822.545	19.872171	0.7990689353631769	0.00076956674	0	1
1346.918624541333	25965.357	19.915087	0.8035801214736731	0.0007669868	0	1
1346.9200133868694	26112.91	19.957897	0.8080018568658516	0.0007642923	0	1
1346.9214022319397	26238.107	19.999092	0.811693772787609	0.0007622155	0	1
1346.9227910774775	26417.637	20.06161	0.8170276487121829	0.0007594021	0	1
1346.9241799230144	26625.783	20.13629	0.8232064550936796	0.0007562703	0	1
1346.9255687680848	26783.045	20.190765	0.8277715029679257	0.0007538637	0	1
1346.9269576136217	26997.518	20.249842	0.8340635143347161	0.0007500631	0	1
1346.9283464591585	27144.602	20.30905	0.8382319846663117	0.0007481801	0	1
1346.9297353046954	27427.953	20.398773	0.8465651751357656	0.000743722	0	1
1346.9311241497667	27703.154	20.477077	0.8546008727767	0.0007391605	0	1
1346.9325129953027	27898.037	20.54149	0.860113638455448	0.00073630596	0	1
1346.9339018408396	28122.852	20.60783	0.8665042306596329	0.0007327788	0	1
1346.9352906859112	28431.031	20.701605	0.8754155915920371	0.0007281341	0	1
1346.9366795314477	28707.564	20.793842	0.883302892376673	0.0007243332	0	1
1346.9394572225215	29257.72	20.962074	0.8988382072835412	0.000716463	0	1
1346.9408460675927	29491.672	21.039616	0.9052672406930191	0.0007134087	0	1
1346.9422349131287	29808.023	21.131453	0.9141739522646352	0.00070891826	0	1
1346.9436237586656	30097.61	21.21856	0.9222060239963891	0.0007049915	0	1
1346.9450126037373	30300.352	21.290558	0.927526052415717	0.0007026505	0	1
1346.9464014492742	30647.156	21.401688	0.937202654771315	0.0006983254	0	1
1346.9477902948106	30973.635	21.490606	0.946200000691464	0.0006938355	0	1
1346.9491791398818	31221.691	21.57106	0.9527465771306352	0.0006908998	0	1
1346.9505679854185	31508.955	21.65203	0.9604353205356125	0.0006871707	0	1
1346.9519568309552	31795.277	21.7413	0.9680394313533304	0.00068379025	0	1
1346.9533456760264	32071.988	21.818422	0.9752949828518239	0.0006802953	0	1
1346.9547345215628	32325.348	21.890099	0.9817853983100645	0.0006771806	0	1
1346.956123366634	32641.223	21.990395	0.9901177541462781	0.00067370007	0	1
1346.9575122121714	32879.574	22.054838	0.9960421489456103	0.0006707763	0	1
1346.9589010577076	33102.004	22.11932	1.0014313661386123	0.00066821696	0	1
1346.9602899027782	33416.74	22.220827	1.0095570048874971	0.000664961	0	1
1346.9616787483155	33722.742	22.304758	1.017359195161276	0.0006614159	0	1
1346.9630675938524	33928.91	22.36438	1.0220943690167887	0.0006591541	0	1
1346.9644564389232	34317.062	22.475582	1.032252903078777	0.000654939	0	1
1346.96584528446	34426.125	22.517805	1.033962051449033	0.0006540906	0	1
1346.967234129531	34694.227	22.591652	1.0403989771304059	0.0006511646	0	1
1346.9686229750678	34954.035	22.663145	1.0465315887362476	0.0006483699	0	1
1346.9700118206047	35280.305	22.750996	1.054595738272216	0.00064486393	0	1
1346.9714006656754	35456.164	22.80594	1.0581097618519477	0.00064321514	0	1
1346.9727895112123	35630.426	22.860046	1.0615297829195147	0.0006415878	0	1
1346.974178356284	35955.754	22.952522	1.0693970187543238	0.0006383546	0	1
1346.9755672018202	36102.016	22.995834	1.0718867687690259	0.0006369682	0	1
1346.9769560473565	36373.98	23.064363	1.0780600898673707	0.00063408964	0	1
1346.9783448924281	36533.75	23.11702	1.0808592898731744	0.0006327579	0	1
1346.979733737966	36723.5	23.166603	1.0845014362517564	0.0006308386	0	1
1346.9811225830363	36825.184	23.191442	1.085502537002847	0.00062977127	0	1
1346.9825114285727	37166.03	23.292685	1.09350550086794	0.00062671973	0	1
1346.98390027411	37268.727	23.313568	1.09445401309097	0.00062555313	0	1
1346.9852891191813	37465.266	23.374681	1.0981194727266559	0.0006239027	0	1
1346.9866779647173	37671.016	23.42668	1.1020108397748032	0.00062187546	0	1
1346.9880668097885	37818.945	23.470596	1.1041700889580592	0.0006206042	0	1
1346.9894556553254	37938.117	23.50188	1.1054547090179951	0.00061947934	0	1
1346.9908445003966	38077.86	23.533936	1.107304925068197	0.0006180478	0	1
1346.9922333459335	38257.11	23.589504	1.1102674762772822	0.00061660446	0	1
1346.9936221910039	38298.59	23.601591	1.1092018067965488	0.00061625225	0	1
1346.9950110365407	38392.844	23.628956	1.1096404297866742	0.00061545207	0	1
1346.996399881613	38450.07	23.635391	1.1089846865868616	0.00061470346	0	1
1346.9977887271489	38504.01	23.65678	1.1082132932732849	0.0006143978	0	1
1346.9991775722197	38707.55	23.714008	1.1117186815842497	0.0006126455	0	1
1347.000566417757	38779.133	23.738136	1.111404996274869	0.00061213685	0	1
1347.001955263294	38768.16	23.72763	1.108710134518914	0.0006120391	0	1
1347.0033441083642	38787.215	23.735113	1.1068629812976294	0.0006119314	0	1
1347.004732953901	38778.547	23.73583	1.1042144738250517	0.0006120866	0	1
1347.0061217989723	38767.383	23.727158	1.1014874505061358	0.0006120392	0	1
1347.0075106445092	38893.637	23.754807	1.1026411406256313	0.0006107633	0	1
1347.0088994895805	38785.855	23.736267	1.0971694044654556	0.00061198254	0	1
1347.0102883351165	38810.58	23.742697	1.0954363906548217	0.0006117584	0	1
1347.0116771801877	38828.613	23.746834	1.0935068888724724	0.0006115808	0	1
1347.0130660257255	38891.816	23.765581	1.092840148542889	0.0006110689	0	1
1347.0144548707967	38875.246	23.759274	1.0899255876643994	0.00061116717	0	1
1347.015843715867	38857.28	23.74384	1.0869716784818448	0.0006110525	0	1
1347.017232561404	38793.484	23.73527	1.082733382859186	0.0006118365	0	1
1347.0186214064756	38879.168	23.764248	1.0826768267497238	0.00061123347	0	1
1347.020010252012	38884.008	23.759996	1.080357501561308	0.000611048	0	1
1347.0213990970824	38957.863	23.77935	1.0799516909509936	0.0006103864	0	1
1347.0227879426202	39045.168	23.802094	1.0799059820903942	0.00060960406	0	1
1347.0241767876914	38956.945	23.783638	1.0750168052535707	0.0006105109	0	1
1347.0255656332274	38971.46	23.778702	1.072966372971298	0.0006101568	0	1
1347.0269544782986	39055.438	23.809889	1.0728231740321044	0.00060964335	0	1
1347.0283433238355	39074.44	23.817799	1.0708999432133575	0.0006095493	0	1
1347.0297321689068	39030.996	23.801363	1.0672692709687432	0.0006098067	0	1
1347.031121013978	38968.95	23.782688	1.0631393017905038	0.0006102984	0	1
1347.032509859514	38830.92	23.74795	1.056959997556838	0.00061157317	0	1
1347.0338987045852	39086.12	23.813587	1.0614879045172698	0.0006092594	0	1
1347.0352875501226	39070.082	23.809467	1.0586400124929476	0.00060940406	0	1
1347.0366763951934	39148.832	23.839418	1.0583653792706893	0.0006089433	0	1
1347.0380652407293	39196.617	23.845043	1.0572567697066024	0.0006083444	0	1
1347.0394540858015	39056.51	23.814564	1.05109662235507	0.0006097463	0	1
1347.0408429308727	39182.36	23.843401	1.052105501320396	0.00060852384	0	1
1347.0422317764087	39198.617	23.852777	1.0501752732356198	0.0006085107	0	1
1347.04362062148	39200.08	23.849049	1.047860213528852	0.0006083929	0	1
1347.0450094670173	39264.85	23.867403	1.047246897542888	0.0006078567	0	1
1347.0463983120885	39058.266	23.804695	1.0394227931363798	0.0006094663	0	1
1347.0477871571593	39357.63	23.89619	1.045067904657957	0.00060715526	0	1
1347.0491760026962	39210.242	23.853739	1.0388516742554161	0.0006083548	0	1
1347.0505648477674	39286.668	23.87214	1.0385897521282075	0.0006076397	0	1
1347.051953693304	39350.56	23.890055	1.0380045780588607	0.0006071084	0	1
1347.053342538375	39370.39	23.894123	1.036269232089976	0.0006069059	0	1
1347.0547313834459	39240.453	23.855272	1.0306195948226005	0.0006079255	0	1
1347.0561202289828	39368.242	23.887138	1.0317487001780683	0.0006067616	0	1
1347.0575090740545	39315.66	23.877518	1.0281690201857567	0.00060732843	0	1
1347.060286764662	39332.84	23.883299	1.0242704294616065	0.00060721015	0	1
1347.061675609733	39409.934	23.91173	1.0241295332766596	0.00060674374	0	1
1347.0630644548041	39405.11	23.900322	1.0218763542825386	0.0006065285	0	1
1347.064453300341	39448.246	23.91633	1.020885765255109	0.0006062711	0	1
1347.0658421454123	39392.645	23.89913	1.017361911663859	0.0006066902	0	1
1347.0686198360197	39449.84	23.907322	1.0147289434516575	0.00060601823	0	1
1347.0700086810916	39554.48	23.947817	1.0154014037854728	0.0006054388	0	1
1347.071397526162	39524.8	23.93773	1.0126298986583009	0.00060563826	0	1
1347.0727863716984	39561.508	23.947226	1.0115899346035846	0.0006053163	0	1
1347.07417521677	39516.656	23.936367	1.0084887875344613	0.00060572854	0	1
1347.0769529073775	39480.24	23.919693	1.003745035417286	0.000605865	0	1
1347.0783417524485	39533.203	23.934042	1.0031927068599067	0.0006054162	0	1
1347.0797305975207	39590.617	23.945072	1.0027909960834205	0.0006048168	0	1
1347.0811194430576	39596.105	23.95635	1.0010967965616127	0.0006050178	0	1
1347.0825082881279	39613.68	23.965378	0.9997331267900216	0.0006049773	0	1
1347.0838971331991	39635.2	23.96706	0.9984936043889966	0.0006046913	0	1
1347.085285978736	39627.01	23.964832	0.996531766117502	0.00060476	0	1
1347.0866748238072	39661.77	23.97107	0.9956757208339553	0.0006043873	0	1
1347.0880636688785	39683.105	23.980947	0.9945075791629758	0.00060431124	0	1
1347.0894525139488	39713.906	23.986801	0.9936019992051093	0.00060399	0	1
1347.0908413594857	39671.223	23.979855	0.9908862592955059	0.00060446473	0	1
1347.0922302045578	39724.04	23.99098	0.9905835931853578	0.0006039411	0	1
1347.0936190496282	39601.984	23.953808	0.9859750796972241	0.0006048638	0	1
1347.0950078946985	39796.0	24.004692	0.9892379368543631	0.0006031936	0	1
1347.0963967402363	39762.09	24.001371	0.9868337191255697	0.0006036245	0	1
1347.0977855853075	39766.15	24.002514	0.9854260527892725	0.0006035916	0	1
1347.0991744303778	39698.46	23.976002	0.9822722338990483	0.0006039529	0	1
1347.100563275449	39831.125	24.021126	0.9841030219830537	0.00060307427	0	1
1347.101952120986	39779.395	24.003937	0.9814048778931922	0.0006034264	0	1
1347.1033409660572	39790.88	24.003942	0.9802978034508402	0.0006032524	0	1
1347.1047298111284	39720.92	23.986925	0.9772299032324031	0.00060388644	0	1
1347.1061186561988	39806.133	24.003712	0.9779826876779151	0.0006030154	0	1
1347.1075075017357	39762.2	24.002277	0.975605137243776	0.00060364563	0	1
1347.1088963468078	39882.32	24.031252	0.9772812200897634	0.000602554	0	1
1347.1102851918788	39891.902	24.036295	0.9762755625193088	0.00060253567	0	1
1347.1116740369494	39828.164	24.020132	0.9735083931715062	0.0006030941	0	1
1347.1130628820206	39918.324	24.043798	0.9745335247797521	0.00060232484	0	1
1347.114451727558	39874.86	24.024302	0.972326593250908	0.0006024924	0	1
1347.1158405726287	39828.91	24.026184	0.9700932930692318	0.0006032348	0	1
1347.117229417699	39892.562	24.041994	0.9705608468730559	0.00060266856	0	1
1347.118618262771	39861.715	24.03357	0.9687603364004066	0.0006029236	0	1
1347.120007107842	39939.18	24.04908	0.9696230672124772	0.00060214254	0	1
1347.1213959533784	39880.46	24.023314	0.9672113521123867	0.00060238305	0	1
1347.1227847984496	39912.76	24.037502	0.9670401446286702	0.00060225104	0	1
1347.1241736435209	39942.168	24.052849	0.9668298518451098	0.0006021919	0	1
1347.125562488592	39962.887	24.055838	0.9664407663523734	0.00060195447	0	1
1347.126951333663	39887.07	24.033783	0.9637510548860382	0.0006025457	0	1
1347.1283401791993	39852.996	24.022524	0.9621050529823524	0.00060277834	0	1
1347.1297290242705	40029.99	24.073086	0.965600485684653	0.0006013763	0	1
1347.1311178693422	39862.598	24.032732	0.9607897991093289	0.0006028893	0	1
1347.132506714413	39922.01	24.038275	0.9614967870994116	0.00060213084	0	1
1347.1338955594833	39918.688	24.038132	0.9607249492673794	0.0006021774	0	1
1347.1352844045555	40028.22	24.07452	0.9627007485739196	0.0006014387	0	1
1347.1366732496265	39988.836	24.064058	0.9611273514669129	0.0006017694	0	1
1347.1380620951627	39888.63	24.032495	0.9581440538275703	0.00060248986	0	1
1347.139450940234	39999.617	24.067673	0.9602343048342776	0.0006016976	0	1
1347.1408397853052	39886.574	24.037691	0.9570129647525085	0.00060265115	0	1
1347.1422286303764	40029.047	24.081274	0.9599224685585698	0.000601595	0	1
1347.1436174754474	40008.824	24.065815	0.9589792507680837	0.0006015127	0	1
1347.1450063205184	40034.273	24.072853	0.9591645500456975	0.0006013061	0	1
1347.1463951655896	39980.195	24.060528	0.9574786564379774	0.00060181116	0	1
1347.1477840111265	40023.25	24.071741	0.9581530388545472	0.0006014439	0	1
1347.1491728561978	39971.934	24.056265	0.9566022137055954	0.0006018289	0	1
1347.1505617012685	40024.07	24.071075	0.9575612473726299	0.000601415	0	1
1347.1519505463398	39926.445	24.05483	0.9549885693451299	0.0006024786	0	1
1347.1533393914115	39974.93	24.054276	0.9559110467571885	0.00060173403	0	1
1347.1547282364818	40061.93	24.078932	0.9578049309976002	0.00060104276	0	1
1347.1561170815526	39963.176	24.058464	0.9552919710684576	0.0006020158	0	1
1347.1575059266243	40043.426	24.074398	0.9570922655314126	0.00060120726	0	1
1347.1588947716955	40003.527	24.06771	0.9560549386969962	0.00060163974	0	1
1347.160283616766	39956.406	24.05928	0.9548793653365775	0.0006021382	0	1
1347.161672461837	39856.05	24.02226	0.9524829609830179	0.00060272554	0	1
1347.163061307374	40017.875	24.067856	0.9563521498552537	0.00060142763	0	1
1347.1644501524452	40052.8	24.078259	0.9572744730326598	0.0006011629	0	1
1347.1658389975164	39906.76	24.02789	0.9538714526212994	0.0006021007	0	1
1347.1672278425872	40009.164	24.070522	0.9564067239460459	0.00060162524	0	1
1347.1686166876584	40032.793	24.071598	0.9571278034951877	0.000601297	0	1
1347.17000553273	39964.25	24.05993	0.955679248231741	0.00060203637	0	1
1347.1713943778004	39998.35	24.063229	0.9567193674174901	0.0006016055	0	1
1347.1727832228712	40049.887	24.071356	0.9582453591969652	0.0006010343	0	1
1347.174172067943	39814.527	24.014067	0.9529058604195833	0.00060314836	0	1
1347.1755609130141	39934.44	24.049242	0.9560686752141326	0.0006022181	0	1
1347.176949758085	39937.52	24.044422	0.956503380345408	0.000602051	0	1
1347.178338603156	40021.176	24.066362	0.9589198272843139	0.0006013407	0	1
1347.1797274482278	39926.793	24.044838	0.957070647228073	0.0006022231	0	1
1347.181116293299	39861.49	24.027412	0.9559676918519887	0.0006027726	0	1
1347.1825051383694	39995.125	24.064182	0.9596874303278098	0.00060167786	0	1
1347.1838939834406	39890.01	24.038383	0.9576792549253109	0.0006026166	0	1
1347.197782434152	39915.168	24.053288	0.9654523624037495	0.0006026102	0	1
1347.1991712792233	39869.758	24.039207	0.9652543762274203	0.0006029434	0	1
1347.2005601242945	39851.207	24.033518	0.9657384045244367	0.0006030813	0	1
1347.2019489693648	39811.215	24.024513	0.9657345248951409	0.00060346094	0	1
1347.203337814436	39872.86	24.037794	0.9682296808715224	0.00060286105	0	1
1347.2047266595077	39832.03	24.029692	0.9682699121189702	0.0006032756	0	1
1347.2061155045785	39801.92	24.022646	0.9686016265617343	0.00060355494	0	1
1347.2075043496488	39804.63	24.021528	0.969763867316114	0.0006034858	0	1
1347.208893194721	39757.043	24.013695	0.9697320797336564	0.00060401106	0	1
1347.2102820397927	39800.2	24.017014	0.9719459160427014	0.0006034395	0	1
1347.2116708848632	39807.582	24.020054	0.9733199134717696	0.000603404	0	1
1347.2130597299338	39806.25	24.021603	0.9745131736651569	0.0006034631	0	1
1347.2144485750055	39688.586	23.990637	0.9728867305302314	0.00060447195	0	1
1347.2158374200767	39751.715	24.006262	0.9757221861061677	0.00060390506	0	1
1347.2172262646818	39709.766	23.993952	0.9760108020348783	0.000604233	0	1
1347.218615109753	39659.37	23.984556	0.9761202448937296	0.0006047639	0	1
1347.220003954824	39704.844	23.995195	0.978620402895816	0.00060433923	0	1
1347.221392799895	39669.297	23.982052	0.9791551336607232	0.0006045495	0	1
1347.2227816449663	39658.598	23.982706	0.9803324979669366	0.00060472905	0	1
1347.224170490037	39640.277	23.979849	0.9813511899794861	0.00060493645	0	1
1347.2255593351083	39610.75	23.971334	0.9821212204911345	0.0006051724	0	1
1347.22694818018	39633.203	23.973127	0.9842101866313786	0.00060487486	0	1
1347.2283370252505	39600.246	23.972334	0.9849529051834167	0.0006053582	0	1
1347.229725870321	39625.676	23.96935	0.9871775122722625	0.0006048944	0	1
1347.2311147149271	39576.812	23.960249	0.9875800630142106	0.0006054113	0	1
1347.2325035599983	39577.516	23.953003	0.9892469897517442	0.0006052175	0	1
1347.2338924050691	39579.13	23.962431	0.990966022994691	0.000605431	0	1
1347.2352812501404	39513.812	23.947945	0.9910355686663733	0.00060606515	0	1
1347.2366700952114	39528.58	23.948706	0.9931401847695205	0.000605858	0	1
1347.2380589402824	39515.426	23.941471	0.9945719125423532	0.00060587656	0	1
1347.2394477853536	39447.88	23.927656	0.9946591299402444	0.0006065638	0	1
1347.2408366304244	39499.33	23.935514	0.9977739650447858	0.0006059727	0	1
1347.24222547503	39447.01	23.922495	0.998295183564337	0.0006064463	0	1
1347.2436143201016	39470.285	23.92921	1.0007553394746156	0.00060625887	0	1
1347.2450031651729	39448.41	23.919895	1.0020978451121823	0.0006063589	0	1
1347.2463920102432	39447.82	23.92016	1.0040066667449654	0.0006063747	0	1
1347.2477808553144	39384.855	23.910069	1.0043511830389442	0.00060708786	0	1
1347.2491697003866	39417.918	23.918463	1.0071690332405574	0.00060679164	0	1
1347.250558545457	39365.47	23.902323	1.0078266473731103	0.0006071901	0	1
1347.251947390062	39370.355	23.904322	1.0099750516261767	0.0006071655	0	1
1347.2533362351337	39312.758	23.887465	1.0105427284532167	0.0006076263	0	1
1347.254725080205	39331.785	23.88787	1.0131026051659382	0.00060734263	0	1
1347.2561139252753	39288.543	23.88156	1.014081413006894	0.0006078505	0	1
1347.2575027703465	39310.14	23.883635	1.0167564131752178	0.0006075693	0	1
1347.258891614952	39287.363	23.880667	1.0183069282394395	0.000607846	0	1
1347.2602804600233	39302.855	23.882437	1.0208719041741947	0.0006076514	0	1
1347.2616693050945	39196.605	23.855429	1.0202921357948531	0.0006086096	0	1
1347.263058150165	39169.89	23.850636	1.0217972722025859	0.00060890225	0	1
1347.264446995236	39257.93	23.867481	1.0263209476298243	0.00060796586	0	1
1347.2658358398426	39193.938	23.853134	1.0268925229355008	0.00060859247	0	1
1347.267224684913	39134.242	23.83942	1.0275901827493152	0.00060917035	0	1
1347.2686135299837	39220.348	23.859814	1.0321379643001884	0.00060835294	0	1
1347.2700023750554	39134.42	23.831244	1.0321781191676282	0.0006089586	0	1
1347.2713912201266	39128.94	23.83597	1.034353750745297	0.0006091647	0	1
1347.2727800647313	39142.61	23.837116	1.0370546206291047	0.0006089813	0	1
1347.2741689098025	39158.703	23.842724	1.0398395849726383	0.0006088742	0	1
1347.2755577548746	39034.246	23.812422	1.0389032079127036	0.0006100392	0	1
1347.2769465999459	39019.91	23.805822	1.0409061746002846	0.0006100942	0	1
1347.2783354445505	39029.145	23.807575	1.0435539006475711	0.0006099948	0	1
1347.2797242896218	39055.594	23.80849	1.0466798374108244	0.00060960517	0	1
1347.281113134693	39049.605	23.812164	1.0489528486421618	0.0006097927	0	1
1347.2825019797642	39065.758	23.812387	1.051835751822705	0.00060954626	0	1
1347.2838908243698	38998.05	23.798052	1.0524713932835246	0.00061023695	0	1
1347.2852796694401	38948.81	23.785387	1.053611194566378	0.0006106833	0	1
1347.2866685145113	38927.605	23.78324	1.0555175671466877	0.00061096076	0	1
1347.2880573595833	38940.742	23.784435	1.0583664311757424	0.0006107854	0	1
1347.2894462041882	38938.65	23.781855	1.0608132575425329	0.0006107519	0	1
1347.2908350492585	38913.543	23.776554	1.062641926234579	0.0006110098	0	1
1347.2922238943306	38910.21	23.775114	1.0650731381541219	0.0006110251	0	1
1347.2936127394019	38927.562	23.772081	1.0680805014858878	0.0006106748	0	1
1347.2950015840065	38884.234	23.76448	1.0694296022674028	0.0006111598	0	1
1347.2963904290777	38835.227	23.753181	1.0706240486148635	0.0006116401	0	1
1347.297779274149	38882.656	23.764067	1.0744838450607395	0.000611174	0	1
1347.2991681187546	38819.96	23.750372	1.0753054879557367	0.00061180827	0	1
1347.3005569638262	38828.395	23.74604	1.078099079378474	0.0006115638	0	1
1347.301945808897	38771.64	23.735033	1.0790839613856207	0.0006121751	0	1
1347.3033346535017	38787.062	23.737589	1.0820785400309807	0.0006119976	0	1
1347.3047234985736	38764.58	23.735714	1.0840179679984328	0.0006123042	0	1
1347.3061123436446	38775.906	23.734318	1.0869041808099438	0.0006120893	0	1
1347.3075011882497	38712.152	23.717499	1.0876834753524989	0.0006126629	0	1
1347.308890033321	38727.844	23.721163	1.0906920120143093	0.00061250926	0	1
1347.3102788783926	38653.22	23.700111	1.0911524675618236	0.00061314716	0	1
1347.3116677229982	38761.312	23.72526	1.0967644865684716	0.0006120861	0	1
1347.3130565680688	38646.492	23.702808	1.0960806100484495	0.00061332365	0	1
1347.3144454131398	38595.145	23.6855	1.0971754682235129	0.00061369117	0	1
1347.3158342577453	38539.348	23.665287	1.0981325872360057	0.0006140552	0	1
1347.3172231028166	38354.902	23.61305	1.0954030970072168	0.0006156462	0	1
1347.3186119478878	38363.47	23.615229	1.0981683707559755	0.0006155655	0	1
1347.321389637564	37979.902	23.505938	1.0921579261275107	0.00061890465	0	1
1347.3227784826358	37937.543	23.495756	1.093409056306221	0.0006193273	0	1
1347.3241673272405	37819.96	23.470716	1.0924720911525594	0.0006205907	0	1
1347.3255561723113	37654.88	23.426552	1.09013412771702	0.00062213856	0	1
1347.326945017383	37487.047	23.378273	1.0876835668041338	0.000623636	0	1
1347.3283338619885	37352.945	23.337791	1.086179880923439	0.0006247912	0	1
1347.329722707059	37152.336	23.283075	1.0827075254662561	0.0006266921	0	1
1347.3311115516644	36963.043	23.228863	1.0795259721137023	0.0006284348	0	1
1347.3325003967357	36856.93	23.191189	1.0787399381229263	0.00062922196	0	1
1347.333889241807	36571.03	23.116615	1.072651320370721	0.00063210184	0	1
1347.3352780864125	36349.223	23.053818	1.0683940178838924	0.0006342314	0	1
1347.3366669314833	36169.316	23.00447	1.065325766644307	0.0006360217	0	1
1347.3380557760886	35929.812	22.938013	1.0604578430740916	0.00063841173	0	1
1347.3394446211605	35717.055	22.8785	1.0563324079174519	0.00064054836	0	1
1347.3408334662317	35487.715	22.809647	1.051669679554042	0.0006427477	0	1
1347.3422223108364	35263.38	22.748293	1.0471071068620135	0.0006450968	0	1
1347.3436111559076	34999.035	22.67442	1.0413058371897568	0.0006478584	0	1
1347.3450000005141	34723.258	22.588406	1.035110219300546	0.00065052666	0	1
1347.3463888455844	34450.973	22.509401	1.0289636849802566	0.00065337494	0	1
1347.347777690189	34271.97	22.457916	1.0255533209359637	0.00065528526	0	1
1347.3491665352612	33939.184	22.368153	1.017487541401173	0.0006590657	0	1
1347.3505553803325	33720.273	22.295654	1.0127794502549712	0.0006611943	0	1
1347.3519442249371	33416.477	22.207733	1.0054669181991436	0.0006645743	0	1
1347.3533330700084	33088.92	22.11506	0.9973785580893606	0.0006683524	0	1
1347.354721914614	32834.88	22.043728	0.9914475547555439	0.000671351	0	1
1347.356110759676	32558.207	21.959833	0.9847773654880367	0.0006744792	0	1
1347.3574996042555	32219.05	21.862814	0.9761568461734389	0.0006785679	0	1
1347.3588884492915	31976.94	21.783855	0.9704178681903589	0.0006812364	0	1
1347.360277293862	31634.34	21.68231	0.9615705275035946	0.00068540423	0	1
1347.364443828505	30905.672	21.45582	0.9437823959634483	0.00069423567	0	1
1347.3658326735417	30481.445	21.322908	0.9321991894859064	0.00069953734	0	1
1347.3672215181118	30226.928	21.232643	0.9257436291766118	0.0007024413	0	1
1347.368610363148	29897.17	21.13184	0.9169257760355858	0.0007068174	0	1
1347.3699992077184	29683.277	21.067255	0.9116054110989287	0.0007097348	0	1
1347.3713880527553	29381.969	20.965986	0.9035458566798674	0.00071356643	0	1
1347.3727768973263	29083.344	20.872868	0.8955111188907463	0.00071769144	0	1
1347.374165742362	28686.098	20.758162	0.884378758350322	0.0007236314	0	1
1347.3755545869326	28535.451	20.703316	0.8807940547665981	0.0007255296	0	1
1347.3769434319684	28157.92	20.568499	0.8701525502992495	0.0007304694	0	1
1347.3783322765394	27872.082	20.48383	0.8622865623659719	0.0007349228	0	1
1347.3797211215756	27677.748	20.418158	0.8572002967745032	0.0007377102	0	1
1347.381109966146	27420.76	20.338245	0.8501238009301215	0.0007417098	0	1
1347.3824988107172	27170.746	20.256784	0.8432123711127096	0.0007455365	0	1
1347.3908318795375	25643.389	19.754215	0.7998537500705574	0.0007703434	0	1
1347.3963872587515	25138.2	19.582598	0.7852400380201923	0.0007789976	0	1
1347.397776103322	25138.324	19.602251	0.7855304319798708	0.00077977555	0	1
1347.3991649483578	25092.363	19.583855	0.7843804042234438	0.0007804707	0	1
1347.4005537929288	25009.777	19.568235	0.7820842311264742	0.0007824234	0	1
1347.4019426379655	24999.355	19.564169	0.7820438574849735	0.0007825869	0	1
1347.4033314825351	24973.09	19.544123	0.7815076400800254	0.0007826073	0	1
1347.4047203275713	25053.104	19.587664	0.7842981497547978	0.00078184577	0	1
1347.4061091721424	25029.693	19.569368	0.7838517888454503	0.0007818461	0	1
1347.4074980167134	25130.135	19.610575	0.7872851640667472	0.0007803609	0	1
1347.4088868617496	25109.111	19.606966	0.7869143688479426	0.00078087056	0	1
1347.4102757063197	25331.477	19.671432	0.7941738449279779	0.0007765608	0	1
1347.4116645513564	25321.338	19.673353	0.7941466767686911	0.0007769476	0	1
1347.413053395927	25591.8	19.752687	0.8026210137760977	0.00077183655	0	1
1347.414442240497	25723.271	19.8014	0.8066979923056494	0.00076978543	0	1
1347.4158310855332	25876.826	19.85503	0.8114287395440682	0.00076729	0	1
1347.4172199301042	26088.4	19.924631	0.8179390922398667	0.00076373527	0	1
1347.4186087746752	26213.158	19.958817	0.8216872911887355	0.0007614045	0	1
1347.4199976197106	26503.527	20.064339	0.8305852653734159	0.00075704406	0	1
1347.421386464281	26633.285	20.10297	0.8344076507310464	0.0007548063	0	1
1347.4227753093178	26916.867	20.18521	0.8430062190107681	0.0007499093	0	1
1347.4241641538888	27154.24	20.273699	0.8501126106979056	0.0007466126	0	1
1347.425552998459	27390.482	20.345396	0.8571383159118203	0.0007427907	0	1
1347.4269418434951	27745.303	20.458809	0.8678268872527009	0.0007373792	0	1
1347.4283306880661	27978.17	20.530043	0.8746522607900972	0.0007337879	0	1
1347.4297195326362	28268.729	20.63024	0.8832325575849762	0.00072979013	0	1
1347.4311083776724	28626.04	20.731508	0.8938466884770147	0.00072421855	0	1
1347.432497222243	28817.62	20.786495	0.8992351763623694	0.000721312	0	1
1347.433886066814	29212.166	20.917316	0.9109046758084542	0.0007160481	0	1
1347.4352749118507	29520.592	21.00568	0.9198328642836568	0.00071156025	0	1
1347.4366637564208	29652.473	21.047642	0.9232096386969373	0.0007098107	0	1
1347.4380526009913	30036.125	21.173803	0.9343721675423707	0.0007049446	0	1
1347.439441446027	30357.871	21.263004	0.9435503199072747	0.00070041156	0	1
1347.4408302905981	30605.29	21.344206	0.9503626661138985	0.0006974025	0	1
1347.4422191351687	30883.92	21.42113	0.9580892667193686	0.0006936014	0	1
1347.4436079802047	31166.062	21.51064	0.9658682912902695	0.0006901943	0	1
1347.444996824776	31467.156	21.590733	0.9741768835646394	0.0006861355	0	1
1347.446385669346	31624.426	21.644972	0.9779788591618509	0.0006844384	0	1
1347.4477745139166	32136.785	21.79569	0.9927001757473757	0.0006782163	0	1
1347.4491633589523	32161.053	21.812948	0.9922871165944974	0.00067824114	0	1
1347.4505522035233	32730.898	21.947784	1.0086471216677082	0.0006705525	0	1
1347.4519410480943	33026.79	22.039024	1.0164942980633962	0.0006673075	0	1
1347.454718737701	33349.723	22.137669	1.0237535753553857	0.00066380366	0	1
1347.4588852718784	34287.01	22.396456	1.048114515197421	0.00065320526	0	1
1347.4616629610196	34672.504	22.50696	1.0567460571098182	0.0006491299	0	1
1347.4811067864052	37834.51	23.427198	1.1253448430918738	0.0006192018	0	1
1347.4824956314405	37946.145	23.454172	1.1264696073069203	0.000618091	0	1
1347.4922175439015	38534.145	23.611248	1.1277472699695565	0.00061273575	0	1
1347.5005506117905	38879.438	23.71276	1.1231837870845693	0.00060990494	0	1
1347.5019394563606	38696.418	23.652695	1.1154997691506499	0.0006112373	0	1
1347.5061059900727	38747.312	23.672588	1.1095025005534396	0.0006109479	0	1
1347.5074948351094	38894.785	23.70975	1.1112498781348061	0.00060958683	0	1
1347.5116613688201	38982.19	23.740602	1.1061624957752294	0.0006090115	0	1
1347.5144390579621	38851.17	23.711483	1.0974621818364168	0.00061031576	0	1
1347.5158279025327	38886.49	23.726809	1.0959456484013772	0.0006101556	0	1
1347.5186055916733	38851.67	23.72503	1.0899349553307616	0.0006106566	0	1
1347.51999443671	39018.176	23.764536	1.0920978685798528	0.0006090632	0	1
1347.5213832812806	39045.64	23.774126	1.0903508985980945	0.0006088804	0	1
1347.5227721258507	39070.477	23.788301	1.0885314412618163	0.0006088562	0	1
1347.5241609704217	39027.227	23.775932	1.0848213522612529	0.000609214	0	1
1347.5255498149927	39044.598	23.779608	1.0828038937913704	0.00060903706	0	1
1347.5269386595633	39011.754	23.779518	1.079401542651357	0.00060954754	0	1
1347.528327504133	39057.566	23.790977	1.0781821586999698	0.00060912594	0	1
1347.529716348704	39140.617	23.810638	1.0779907981104488	0.0006083358	0	1
1347.531105193275	39096.68	23.803	1.0743085199083149	0.0006088241	0	1
1347.5324940378455	39144.92	23.814987	1.0731686679779995	0.00060838	0	1
1347.5338828824156	39121.957	23.807104	1.070085545444786	0.0006085356	0	1
1347.5352717269861	39196.562	23.829487	1.069679196821998	0.0006079484	0	1
1347.5366605715571	39146.793	23.816643	1.0658889879208127	0.0006083932	0	1
1347.5380494161273	39309.094	23.856344	1.0678798358378963	0.00060689123	0	1
1347.5394382611635	39265.27	23.847584	1.0642747064536418	0.0006073455	0	1
1347.5408271057345	39187.93	23.835312	1.0597836824059894	0.00060823094	0	1
1347.5422159503055	39224.86	23.838911	1.0583999793394452	0.0006077501	0	1
1347.543604794876	39193.52	23.827078	1.055191684674321	0.00060793414	0	1
1347.5449936394457	39333.023	23.860502	1.0565869993145218	0.0006066277	0	1
1347.5463824840167	39242.95	23.844896	1.0518347619462585	0.00060762244	0	1
1347.5477713285877	39404.426	23.880444	1.053830976982319	0.00060603453	0	1
1347.5491601731578	39430.957	23.886024	1.0522281921291052	0.0006057683	0	1
1347.5505490177284	39370.863	23.871292	1.048334010352733	0.00060631876	0	1
1347.5519378622994	39381.633	23.871881	1.0463483977127872	0.0006061679	0	1
1347.5533267068704	39429.74	23.882257	1.0453707613012089	0.0006056915	0	1
1347.55471555144	39365.137	23.866636	1.0414258280642055	0.00060628867	0	1
1347.5602709297227	39352.703	23.84677	1.032546993216149	0.0006059754	0	1
1347.5686039971465	39480.434	23.891338	1.023292894174438	0.0006051438	0	1
1347.5699928417175	39558.29	23.924053	1.0233189372283555	0.00060477975	0	1
1347.571381685822	39691.902	23.957764	1.0248113847421765	0.00060359325	0	1
1347.5727705303925	39538.535	23.915606	1.018902685459307	0.0006048683	0	1
1347.5741593749626	39635.023	23.94921	1.0194709020129955	0.0006042436	0	1
1347.5755482195339	39689.33	23.959124	1.0189733897609212	0.00060366665	0	1
1347.576937064105	39650.207	23.95133	1.016103478348864	0.0006040657	0	1
1347.5783259086752	39791.152	23.99243	1.017891915609856	0.0006029589	0	1
1347.5797147532458	39596.22	23.941235	1.0110972339439033	0.00060463435	0	1
1347.5811035978159	39707.688	23.96501	1.0121368695844972	0.0006035358	0	1
1347.5824924423869	39773.723	23.987059	1.0120713122053762	0.0006030881	0	1
1347.5838812869574	39722.492	23.968409	1.009027209636909	0.0006033964	0	1
1347.5852701315275	39661.01	23.955854	1.0057677311171145	0.0006040152	0	1
1347.5866589760985	39777.844	23.981073	1.007056896713524	0.00060287514	0	1
1347.588047820669	39676.656	23.943817	1.002855163047746	0.0006034737	0	1
1347.5894366652396	39711.973	23.950504	1.0021360394937175	0.0006031054	0	1
1347.590825509344	39688.84	23.95467	0.9999713432793016	0.0006035619	0	1
1347.592214353915	39787.797	23.976734	1.0009099295483206	0.0006026153	0	1
1347.593603198486	39600.277	23.922165	0.9947285905343396	0.00060409086	0	1
1347.5963808876268	39663.527	23.93141	0.9933974789779972	0.0006033606	0	1
1347.5977697321973	39870.51	23.987303	0.9971204019494915	0.0006016302	0	1
1347.5991585767683	39843.89	23.959116	0.994998749947941	0.0006013247	0	1
1347.6005474213387	39830.77	23.95236	0.9933009927962392	0.0006013532	0	1
1347.601936265909	39960.434	23.991053	0.9952497546967304	0.0006003702	0	1
1347.6033251100143	39974.52	23.995743	0.9943186301291401	0.00060027593	0	1
1347.6047139545853	39753.05	23.94385	0.9875382918097801	0.0006023148	0	1
1347.606102799156	39718.246	23.939674	0.9854064899080689	0.0006027375	0	1
1347.6074916437256	39792.09	23.964064	0.9859722582646258	0.0006022318	0	1
1347.6130470215426	39835.66	23.976631	0.9825413741503687	0.00060188863	0	1
1347.6158247106841	39834.086	23.973125	0.9805091197370922	0.00060182443	0	1
1347.6172135552542	39845.566	24.006765	0.9797977401571266	0.0006024953	0	1
1347.6186023998248	39935.402	24.027939	0.981012601989781	0.0006016701	0	1
1347.6199912443958	40013.855	24.050869	0.9820411812474845	0.00060106354	0	1
1347.6213800885012	39908.98	24.019936	0.9785726557458005	0.0006018679	0	1
1347.6227689330713	39927.76	24.02502	0.9781882835120105	0.0006017122	0	1
1347.624157777641	40017.516	24.04429	0.9796076578352167	0.00060084416	0	1
1347.6255466222121	40008.914	24.054197	0.978618999742056	0.00060122093	0	1
1347.6269354667834	39934.926	24.032705	0.9760338202241337	0.00060179667	0	1
1347.6283243108878	40063.457	24.063614	0.9784817643132978	0.00060063746	0	1
1347.6297131554584	39939.727	24.02895	0.9747695402942226	0.0006016303	0	1
1347.6311020000294	39899.8	24.015574	0.9731567586896721	0.0006018971	0	1
1347.6324908446004	40030.78	24.056864	0.975762691839703	0.0006009591	0	1
1347.63387968917	39918.723	24.02762	0.9724449017724451	0.00060191355	0	1
1347.6352685332745	40126.188	24.085985	0.9769960327600741	0.000600256	0	1
1347.6366573778457	39850.06	24.009586	0.969773953313398	0.0006024981	0	1
1347.638046222417	40002.824	24.047256	0.9729913264602127	0.000601139	0	1
1347.639435066987	39893.285	24.016764	0.9699146505904075	0.0006020252	0	1
1347.6408239115567	39945.65	24.032043	0.9707752043715814	0.00060161855	0	1
1347.642212755662	40088.52	24.07177	0.9739033602522834	0.0006004654	0	1
1347.643601600233	40044.145	24.061954	0.9724819901591518	0.0006008857	0	1
1347.6449904448036	39855.684	24.021742	0.9676333676637422	0.0006027181	0	1
1347.6463792893737	39973.04	24.042269	0.9702101249191483	0.00060146215	0	1
1347.647768133479	39981.832	24.05039	0.9702037934744032	0.000601533	0	1
1347.6491569780503	40048.41	24.064627	0.9716522317358612	0.00060088845	0	1
1347.6505458226206	39950.035	24.045036	0.9690987767977739	0.00060187775	0	1
1347.6519346671912	40041.44	24.067896	0.9712020186928821	0.00060107466	0	1
1347.6533235112956	39964.82	24.045242	0.9692650353272572	0.0006016602	0	1
1347.6547123558666	40068.45	24.073982	0.9717527158026358	0.0006008214	0	1
1347.6561012004377	40006.137	24.062399	0.9702159076823897	0.0006014677	0	1
1347.6574900445426	39951.348	24.042015	0.9689146124762089	0.00060178235	0	1
1347.6588788891127	39947.582	24.04414	0.9688860390928978	0.00060189224	0	1
1347.6602677336832	39994.996	24.058008	0.9701342070475871	0.0006015255	0	1
1347.6616565782542	39952.926	24.049501	0.9692471424848934	0.0006019459	0	1
1347.6630454223591	39958.977	24.046501	0.9695626817158449	0.0006017797	0	1
1347.6644342669292	40011.54	24.062098	0.9710423808090538	0.00060137897	0	1
1347.6658231115002	39935.62	24.045198	0.9694391324183183	0.000602099	0	1
1347.6672119556051	40009.914	24.055939	0.9715175703964924	0.00060124946	0	1
1347.6686008001752	39954.87	24.044912	0.9704908629765837	0.0006018018	0	1
1347.6699896447458	40041.684	24.061275	0.9730324027437539	0.0006009057	0	1
1347.6727673334221	39840.25	23.996244	0.9690000486484327	0.0006023116	0	1
1347.6769338666677	39963.527	24.023844	0.9732991860808027	0.0006011442	0	1
1347.6783227112387	39850.586	23.986788	0.9711027057656448	0.0006019181	0	1
1347.6797115558088	40026.504	24.040318	0.9760152988539025	0.00060061	0	1
1347.6811003999137	39818.246	23.981646	0.9715603564224602	0.0006022778	0	1
1347.6824892444847	39904.312	23.997934	0.9742857790898085	0.000601387	0	1
1347.68387808859	39786.39	23.964197	0.9721321123379691	0.00060232147	0	1
1347.68665577773	39859.668	23.995443	0.9753794111299272	0.00060199806	0	1
1347.6880446218356	39915.473	24.00415	0.9775429453878471	0.0006013746	0	1
1347.6894334664066	39727.453	23.953552	0.9737830793157322	0.0006029471	0	1
1347.6908223109767	39873.85	23.996416	0.9782209183673969	0.0006018083	0	1
1347.6922111550816	39778.88	23.967764	0.9767887817221549	0.00060252484	0	1
1347.6935999996526	39901.277	24.004755	0.9807610703133922	0.00060160365	0	1
1347.6949888442236	39712.156	23.952038	0.9770765890371758	0.0006031412	0	1
1347.6963776883276	39830.258	23.996748	0.9809511913595175	0.0006024753	0	1
1347.6991553770035	39816.625	23.983395	0.9827173365948483	0.00060234626	0	1
1347.7005442215745	39958.82	24.025835	0.9873474548917541	0.0006012649	0	1
1347.7019330661446	39826.965	23.991837	0.9852088493317005	0.00060240185	0	1
1347.7033219102486	39736.457	23.967463	0.9841353084914188	0.00060316053	0	1
1347.7047107548196	39801.816	23.991196	0.9869543611090128	0.00060276635	0	1
1347.7074884434955	39760.188	23.981108	0.988418645441604	0.0006031437	0	1
1347.7088772880657	39762.824	23.983397	0.9897814365070676	0.0006031613	0	1
1347.7102661321712	39754.164	23.97749	0.9908951901560746	0.0006031441	0	1
1347.7116549767425	39812.73	24.00087	0.9937465843140438	0.0006028441	0	1
1347.7130438208465	39644.36	23.945906	0.9909335530574096	0.000604018	0	1
1347.7144326654166	39651.426	23.946245	0.9925039384093497	0.0006039189	0	1
1347.715821509522	39648.14	23.94652	0.9938747760771337	0.00060397584	0	1
1347.717210354093	39659.137	23.949524	0.9956352312588709	0.00060388417	0	1
1347.718599198664	39609.203	23.943121	0.9958956909605408	0.00060448376	0	1
1347.7199880427688	39572.87	23.931643	0.9965256811718886	0.0006047487	0	1
1347.721376887339	39716.605	23.963041	1.0017377363390823	0.0006033507	0	1
1347.7227657314438	39562.723	23.919529	0.9994479020059709	0.0006045976	0	1
1347.7241545760148	39620.195	23.931343	1.002536381248305	0.0006040188	0	1
1347.7255434201197	39619.03	23.922834	1.004173385453946	0.00060382177	0	1
1347.7269322646898	39539.824	23.89352	1.0038585575860435	0.00060429	0	1
1347.7283211087952	39531.85	23.89047	1.0053778635236081	0.0006043347	0	1
1347.7297099533657	39497.887	23.867792	1.0062633345929715	0.0006042802	0	1
1347.7602645283305	39034.71	23.72323	1.039230710709404	0.00060774706	0	1
1347.7616533729015	39108.61	23.773458	1.0433330079204939	0.000607883	0	1
1347.7769306599175	38886.98	23.712955	1.0636392100320657	0.00060979166	0	1
1347.7783195044885	39025.016	23.747166	1.0698728437329785	0.0006085114	0	1
1347.7797083485939	38972.684	23.73624	1.0709217685422925	0.0006090481	0	1
1347.7810971931644	38955.19	23.7291	1.0729341287413232	0.0006091383	0	1
1347.7824860372684	38958.848	23.728357	1.0755378771559607	0.0006090621	0	1
1347.7838748813738	38876.754	23.710024	1.075776559630261	0.00060987665	0	1
1347.7852637259448	38885.457	23.714031	1.0785347198048125	0.0006098432	0	1
1347.7866525700497	39045.6	23.765667	1.0855045379867998	0.00060866436	0	1
1347.7880414146198	38999.74	23.748177	1.0867663609098281	0.0006089317	0	1
1347.7894302587251	38947.887	23.733496	1.0878668408729832	0.0006093654	0	1
1347.7908191028305	38956.395	23.731121	1.090645887659825	0.0006091714	0	1
1347.792207947401	38868.258	23.715275	1.0907258964746227	0.00061014504	0	1
1347.7935967915055	38882.504	23.715937	1.0936736487673493	0.0006099385	0	1
1347.7949856356104	38828.402	23.711912	1.0946988097744437	0.00061068474	0	1
1347.7963744801814	38813.477	23.699734	1.0968255393826571	0.0006106058	0	1
1347.8130406108376	38387.547	23.592178	1.1148158933410126	0.00061457895	0	1
1347.815818299513	37940.16	23.466284	1.1066662861864007	0.0006185078	0	1
1347.817207143618	37947.055	23.47539	1.109270888099824	0.0006186353	0	1
1347.818595988188	37758.418	23.430159	1.1061346172847328	0.00062052807	0	1
1347.8199848322936	37612.75	23.385027	1.1042215195639333	0.0006217314	0	1
1347.8213736763983	37468.406	23.353846	1.102313639275594	0.0006232943	0	1
1347.8227625205031	37338.21	23.31332	1.1007884610380538	0.00062438234	0	1
1347.8241513650742	37042.016	23.226576	1.0943256640921726	0.00062703324	0	1
1347.8255402091795	36858.168	23.188084	1.0911342354755276	0.00062911655	0	1
1347.826929053284	36684.227	23.128853	1.0881951107492696	0.00063048495	0	1
1347.8283178978536	36535.094	23.090746	1.0859522938928525	0.0006320155	0	1
1347.829706741959	36295.97	23.031113	1.0809903912547374	0.0006345364	0	1
1347.8324844301692	35814.68	22.875244	1.070824693329524	0.0006387114	0	1
1347.8338732747397	35667.125	22.833813	1.068453603122058	0.0006401921	0	1
1347.8352621188442	35394.64	22.760572	1.062291627733152	0.0006430514	0	1
1347.8366509629495	35135.918	22.680744	1.0564874345814401	0.00064551446	0	1
1347.8380398070544	34878.805	22.601702	1.0506768498716847	0.0006480068	0	1
1347.8394286511589	34419.64	22.477127	1.0387137201566823	0.000653032	0	1
1347.8408174957299	34417.867	22.48194	1.0405011336098546	0.0006532055	0	1
1347.8422063398352	34010.055	22.340876	1.0299633618642643	0.00065689033	0	1
1347.8435951839401	33860.586	22.303505	1.0271910184427002	0.00065868633	0	1
1347.844984028044	33723.625	22.259708	1.0247535554187372	0.00066006277	0	1
1347.8463728726151	33444.594	22.175192	1.0179474841066602	0.00066304265	0	1
1347.8477617167205	33153.098	22.09026	1.0107025164535626	0.0006663106	0	1
1347.8491505608254	32579.81	21.94581	0.9947931621778391	0.0006736015	0	1
1347.8505394049298	32461.615	21.892021	0.9927143147253124	0.00067439716	0	1
1347.8519282490352	32140.889	21.809942	0.9843886249136702	0.0006785731	0	1
1347.8533170936062	32017.322	21.76545	0.9820477366978121	0.0006798023	0	1
1347.854705937711	31773.004	21.70825	0.975952787684063	0.0006832294	0	1
1347.8560947818157	31511.855	21.624874	0.9692844122391928	0.0006862457	0	1
1347.8574836259204	31143.998	21.520803	0.9592721680747339	0.0006910097	0	1
1347.8588724700257	30876.318	21.44199	0.9522839447952189	0.0006944478	0	1
1347.860261314131	30615.32	21.35898	0.9454448837227587	0.0006976566	0	1
1347.8616501587007	30320.299	21.271946	0.9374974066746049	0.00070157443	0	1
1347.8630390028056	30054.906	21.201029	0.9304084632770631	0.0007054099	0	1
1347.864427846911	29680.82	21.078325	0.9198946653330888	0.0007101665	0	1
1347.8658166910163	29489.637	21.022005	0.9149925687314816	0.0007128608	0	1
1347.8672055351208	29151.508	20.911684	0.9054759184954155	0.00071734487	0	1
1347.8685943792257	28968.248	20.858372	0.900715064851806	0.00072004256	0	1
1347.8699832237967	28642.162	20.748255	0.891459621286958	0.00072439556	0	1
1347.8713720679016	28480.205	20.695522	0.8872598688307834	0.0007266634	0	1
1347.872760912006	28132.658	20.588415	0.8772256407107909	0.0007318333	0	1
1347.874149756111	27866.096	20.505459	0.8696615724076365	0.0007358569	0	1
1347.8755386002163	27510.223	20.38788	0.8592558157999253	0.000741102	0	1
1347.8769274443216	27278.004	20.325697	0.8526594750310005	0.0007451314	0	1
1347.878316288426	26995.484	20.22627	0.8444405911084546	0.00074924645	0	1
1347.879705132531	26931.54	20.203375	0.8430129007507632	0.00075017527	0	1
1347.8810939771015	26768.043	20.145252	0.8384259791946452	0.00075258594	0	1
1347.8824828212068	26648.166	20.113533	0.835161262705673	0.0007547811	0	1
1347.8838716653113	26423.254	20.033596	0.8285599822979127	0.0007581805	0	1
1347.8852605094162	26216.715	19.970675	0.8224891501183509	0.00076175353	0	1
1347.8866493535215	26123.512	19.950033	0.8199308408389074	0.00076368114	0	1
1347.8880381976269	25943.393	19.891655	0.8146022364387914	0.00076673296	0	1
1347.8894270417313	25838.568	19.866758	0.8113807938776921	0.00076888	0	1
1347.8908158858353	25724.406	19.815424	0.8078655426957712	0.00077029667	0	1
1347.8922047299409	25682.328	19.806503	0.8066136515170794	0.00077121134	0	1
1347.8935935740465	25569.252	19.763725	0.8031314921622947	0.0007729489	0	1
1347.8949824186166	25584.877	19.780073	0.8036915911017545	0.00077311584	0	1
1347.8963712627215	25624.71	19.77919	0.8050123232583288	0.00077187957	0	1
1347.897760106826	25582.977	19.773127	0.8037705539255756	0.0007729017	0	1
1347.8991489509312	25640.264	19.796535	0.8056399135218266	0.00077208783	0	1
1347.9005377950361	25715.555	19.811089	0.8080753432903781	0.0007703932	0	1
1347.9019266391406	25706.637	19.80829	0.8078648154661205	0.0007705516	0	1
1347.903315483246	25809.754	19.842857	0.8111754070587046	0.0007688123	0	1
1347.9047043273515	25981.3	19.894367	0.8166374341060051	0.0007657187	0	1
1347.9060931714562	26092.773	19.94311	0.8199542922116655	0.0007643154	0	1
1347.9074820155602	26074.479	19.928041	0.819153141213539	0.0007642738	0	1
1347.9088708596655	26361.004	20.027264	0.8278861080094299	0.0007597307	0	1
1347.9102597037709	26559.732	20.077646	0.8338169018936898	0.00075594307	0	1
1347.9116485478758	26768.998	20.148796	0.8400336845071826	0.00075269147	0	1
1347.9130373919802	26910.219	20.203196	0.8440704849236748	0.00075076293	0	1
1347.9144262360855	27212.95	20.288399	0.853126437392639	0.00074554206	0	1
1347.9158150801911	27364.656	20.337275	0.8574002144237838	0.00074319495	0	1
1347.9172039242958	27676.791	20.430157	0.8666519759525595	0.0007381693	0	1
1347.9185927684007	27942.584	20.512243	0.8744010860961852	0.0007340854	0	1
1347.9199816125051	28217.758	20.60163	0.8823920694361036	0.0007300945	0	1
1347.9213704566105	28425.498	20.664984	0.888223229008544	0.00072698755	0	1
1347.9227593007158	28716.484	20.752556	0.8966034070129839	0.00072267046	0	1
1347.9241481448198	28932.676	20.816038	0.9025952806809672	0.0007194647	0	1
1347.9283146771354	29476.06	20.983458	0.9169870702525076	0.0007118813	0	1
1347.9297035212403	29991.9	21.144342	0.9320857778708951	0.00070500176	0	1
1347.9310923653447	30447.691	21.276836	0.9452475266289239	0.0006987997	0	1
1347.93248120945	30530.182	21.306316	0.9467628632229367	0.00069787714	0	1
1347.933870053555	31052.846	21.45483	0.9618679397838615	0.00069091347	0	1
1347.9352588976594	31261.568	21.520493	0.9671833552018293	0.00068840093	0	1
1347.9366477417643	31414.492	21.58672	0.9707203136500532	0.00068715797	0	1
1347.9380365858697	31625.305	21.645079	0.9759938089006467	0.0006844228	0	1
1347.939425429975	31931.203	21.741634	0.9841434013558122	0.00068088993	0	1
1347.9408142740797	32266.014	21.843048	0.9931204125134446	0.00067696767	0	1
1347.9422031181844	32600.713	21.948988	1.00202872795212	0.0006732671	0	1
1347.9435919622892	32791.234	22.007025	1.0064462145082274	0.00067112525	0	1
1347.9449808063946	33078.13	22.09798	1.013764282541476	0.0006680541	0	1
1347.946369650499	33378.336	22.182203	1.021428016117967	0.00066456886	0	1
1347.947758494604	33657.74	22.261982	1.0283930075299752	0.0006614224	0	1
1347.9491473387093	33949.516	22.353846	1.035674355335233	0.0006584437	0	1
1347.9505361828137	34263.36	22.436136	1.0435654194575732	0.00065481424	0	1
1347.951925026453	34344.176	22.477772	1.0443062418150877	0.0006544857	0	1
1347.9533138705576	34619.54	22.55206	1.0509119600836039	0.00065142574	0	1
1347.9547027146632	34892.277	22.626207	1.05737781503328	0.0006484589	0	1
1347.9560915587685	35246.066	22.722727	1.066235692468644	0.0006446883	0	1
1347.957480402873	35476.203	22.793224	1.0712912337404452	0.00064249337	0	1
1347.9588692469779	35642.76	22.845072	1.0743755498876517	0.0006409456	0	1
1347.9602580910823	35892.15	22.909166	1.079904605208929	0.0006382779	0	1
1347.9616469351877	36085.402	22.969538	1.0836918452405562	0.00063653267	0	1
1347.9630357792926	36295.69	23.02103	1.087940441536035	0.00063426344	0	1
1347.964424623397	36413.812	23.050917	1.0893810247434226	0.0006330267	0	1
1347.965813467037	36707.3	23.124865	1.096018451792205	0.00062998	0	1
1347.9672023111425	36823.01	23.168	1.0972989821085	0.0006291718	0	1
1347.968591155247	37057.36	23.235489	1.1020701357818965	0.00062701415	0	1
1347.969979999351	37083.875	23.244097	1.100621912011653	0.00062679796	0	1
1347.9713688434563	37468.0	23.352983	1.1097403487017474	0.0006232781	0	1
1347.9727576875616	37555.723	23.366072	1.1100299500130357	0.00062217074	0	1
1347.9741465316665	37721.766	23.425198	1.112598675045546	0.0006209995	0	1
1347.975535375771	37870.863	23.457603	1.1146288613559325	0.0006194103	0	1
1347.9769242194102	38037.24	23.513254	1.117129622505951	0.0006181641	0	1
1347.9783130635155	38182.258	23.550243	1.1189663493155486	0.00061678496	0	1
1347.979701907621	38301.05	23.590153	1.120001535395128	0.000615914	0	1
1347.9810907517258	38475.75	23.645538	1.1226375724817141	0.0006145569	0	1
1347.9824795958302	38470.176	23.634214	1.1199886035209852	0.0006143516	0	1
1347.9838684399356	38584.867	23.662718	1.1208207543378612	0.0006132642	0	1
1347.9852572835753	38668.36	23.69173	1.1207216325962557	0.00061269035	0	1
1347.9866461276793	38688.16	23.691484	1.1187587283946017	0.00061237044	0	1
1347.9880349717841	38796.062	23.718063	1.119325048781907	0.0006113523	0	1
1347.9894238158895	38811.89	23.728558	1.1172177088692172	0.0006113734	0	1
1347.9908126599948	38779.15	23.720642	1.1137053655202895	0.0006116855	0	1
1347.9922015040997	38769.906	23.721123	1.110863719710825	0.0006118437	0	1
1347.9935903477385	38848.7	23.732689	1.1105339088542172	0.00061090046	0	1
1347.9949791918439	38892.016	23.744225	1.1091687384368065	0.0006105167	0	1
1347.9963680359488	38875.08	23.744875	1.106095568677827	0.0006107994	0	1
1347.9977568800532	38735.11	23.707819	1.0995140758579032	0.0006120499	0	1
1347.999145724158	38892.043	23.744555	1.1013714345442729	0.00061052473	0	1
1348.0005345677978	38919.75	23.758224	1.0995486431285033	0.0006104413	0	1
1348.0019234119031	38809.445	23.73095	1.0938263475077357	0.0006114736	0	1
1348.0033122560071	38881.64	23.74418	1.093262670870829	0.00061067846	0	1
1348.004701100112	38929.473	23.755009	1.0920017913385376	0.0006102063	0	1
1348.0060899437517	39007.62	23.770384	1.091843966748283	0.0006093779	0	1
1348.007478787857	38767.656	23.686657	1.0828017407277815	0.00061099016	0	1
1348.0921982684786	39727.246	23.972374	0.981319534987076	0.000603424	0	1
1348.0949759562232	39902.145	24.000925	0.9832244613675082	0.0006014946	0	1
1348.1144197704325	39943.95	23.990723	0.9713410233771068	0.0006006097	0	1
1348.1158086145379	40009.68	24.01849	0.9723090277334819	0.00060031697	0	1
1348.117197458177	39876.516	24.006948	0.9684454044403167	0.00060203223	0	1
1348.118586302281	39984.387	24.029327	0.9704916932289749	0.0006009678	0	1
1348.1199751459208	39953.742	24.02603	0.9692123765433304	0.00060134614	0	1
1348.121363990026	39893.867	24.011267	0.9672627536121047	0.0006018786	0	1
1348.1227528336651	40019.06	24.05855	0.9698371965554805	0.0006011773	0	1
1348.1241416777698	39930.152	24.026222	0.9672604831674612	0.00060170627	0	1
1348.1255305214095	39921.387	24.032057	0.9666639808681258	0.0006019845	0	1
1348.1269193655148	40038.55	24.053673	0.9691727467012591	0.00060076284	0	1
1348.1283082091531	39945.777	24.035267	0.9665997894224518	0.0006016973	0	1
1348.129697053258	39962.25	24.027615	0.9667280511043184	0.0006012578	0	1
1348.1310858968977	39962.8	24.028742	0.9665092608453519	0.00060127774	0	1
1348.1324747405374	40034.297	24.049835	0.9680634405773535	0.0006007308	0	1
1348.1338635846419	39984.965	24.039724	0.9666958594234658	0.0006012191	0	1
1348.135252428281	40005.312	24.03941	0.967070670361762	0.00060090545	0	1
1348.1366412723864	39952.04	24.028778	0.9657043871559834	0.0006014406	0	1
1348.1380301160257	39990.78	24.037592	0.9666008881928332	0.0006010783	0	1
1348.1394189601301	39899.777	24.002462	0.9644385946359995	0.00060156884	0	1
1348.1408078037693	39835.28	23.985182	0.9629168928249094	0.000602109	0	1
1348.142196647409	39938.195	24.019897	0.9654419457844411	0.0006014267	0	1
1348.1435854915144	39932.332	24.007534	0.9654150020350155	0.0006012054	0	1
1348.1449743351527	40007.55	24.028624	0.9673873889769945	0.0006006022	0	1
1348.1463631792572	40083.043	24.038784	0.9694837816999285	0.00059972453	0	1
1348.147752022897	40063.414	24.034044	0.9692800209393964	0.0005999	0	1
1348.151918554281	39930.586	24.00015	0.9668776400410681	0.0006010468	0	1
1348.1546962420248	39989.156	24.011719	0.96911043983877	0.00060045574	0	1
1348.1616404611536	40029.996	24.025543	0.9731129100701041	0.0006001885	0	1
1348.1630293047924	40054.51	24.027758	0.974314040965375	0.00059987645	0	1
1348.1644181484307	40053.15	24.033533	0.9748867776605522	0.00060004106	0	1
1348.165806992536	39898.957	23.98836	0.9717381021964326	0.00060122774	0	1
1348.1671958361758	39921.28	23.98817	0.9730599029764342	0.00060088676	0	1
1348.168584679815	40072.88	24.039274	0.9776130892610054	0.00059988885	0	1
1348.1699735239195	39995.566	24.012644	0.9765849081484248	0.0006003826	0	1
1348.1713623675587	39946.195	23.997303	0.976237771988612	0.00060074066	0	1
1348.1727512111984	39761.16	23.9541	0.9727743466375055	0.0006024497	0	1
1348.175528898942	39698.543	23.934404	0.97336320954014	0.00060290383	0	1
1348.178306586687	39656.61	23.920969	0.9744628978302193	0.00060320256	0	1
1348.18247311807	39867.836	23.976608	0.9828796592269021	0.0006014023	0	1
1348.1838619617097	39844.535	23.967884	0.9835489339416574	0.000601535	0	1
1348.185250805349	39919.07	23.987593	0.9867087065112025	0.0006009056	0	1
1348.1866396489877	39911.95	23.982075	0.9878558911688109	0.00060087454	0	1
1348.188028493093	39763.727	23.944477	0.9855090793209734	0.00060216885	0	1
1348.1894173367327	39921.516	23.982927	0.9908376396558514	0.0006007519	0	1
1348.190806180371	39799.074	23.955704	0.9892162933392615	0.0006019161	0	1
1348.192195024476	39812.035	23.970158	0.9910119296989741	0.0006020832	0	1
1348.1935838681156	39770.48	23.953928	0.9914876318756556	0.00060230424	0	1
1348.1949727117553	39798.082	23.955645	0.9937249583802745	0.0006019296	0	1
1348.1963615553946	39842.66	23.980425	0.9964595569200367	0.0006018781	0	1
1348.1977503994985	39358.473	23.853806	0.9859571380000247	0.0006060653	0	1
1348.1991392431382	39711.1	23.940786	0.996417483342759	0.0006028739	0	1
1348.200528086778	39634.79	23.926907	0.9962118285448263	0.00060368446	0	1
1348.2019169304176	39720.695	23.946104	1.0000898181275841	0.00060286216	0	1
1348.2046946181613	39630.16	23.931597	1.0013828720039877	0.00060387334	0	1
1348.206083461801	39736.86	23.944284	1.005940577920469	0.0006025711	0	1
1348.2074723054398	39693.383	23.943983	1.0067064465916793	0.00060322357	0	1
1348.2088611495446	39685.113	23.94456	1.0084143553010543	0.00060336373	0	1
1348.2102499931839	39476.527	23.881767	1.005072103893783	0.0006049612	0	1
1348.2116388368236	39663.184	23.934631	1.0117993229438522	0.000603447	0	1
1348.2130276804633	39625.11	23.925344	1.012851356483622	0.0006037925	0	1
1348.214416524102	39621.51	23.921513	1.0148182936323458	0.00060375064	0	1
1348.215805368207	39654.35	23.91367	1.0177556117655933	0.00060305285	0	1
1348.2171942118457	39627.805	23.904732	1.0193357634435856	0.0006032313	0	1
1348.2324714928093	39276.543	23.797815	1.0356306643807707	0.00060590403	0	1
1348.257470679248	39086.543	23.71795	1.079941506075477	0.0006068061	0	1
1348.3158021125632	37108.492	23.189484	1.1517203298224463	0.0006249104	0	1
1348.3255240175722	35753.176	22.794954	1.128560155610157	0.00063756446	0	1
1348.326912861212	35508.605	22.737217	1.1234088239726856	0.0006403298	0	1
1348.3394124534989	33102.227	22.022038	1.0673191447542898	0.0006652736	0	1
1348.3435789844175	32342.248	21.8142	1.0486593843064225	0.00067448	0	1
1348.363022794436	28251.158	20.526552	0.9348773899780071	0.0007265738	0	1
1348.374133542619	26229.447	19.884775	0.8740161542799255	0.0007581088	0	1
1348.378300073071	25793.133	19.736639	0.8608910026371721	0.0007651897	0	1
1348.3796889167102	25743.639	19.7097	0.8596076143702751	0.0007656144	0	1
1348.3824666039886	25132.504	19.549006	0.8391070378064992	0.0007778376	0	1
1348.385244290801	25070.404	19.51631	0.8369398182763947	0.0007784601	0	1
1348.3866331344402	25000.977	19.516016	0.834575269998585	0.00078061013	0	1
1348.38802197808	24979.955	19.505644	0.8338267795327458	0.0007808518	0	1
1348.389410821254	24987.068	19.517979	0.8340174541958895	0.0007811232	0	1
1348.3907996648932	25001.174	19.515478	0.8344414793562506	0.0007805825	0	1
1348.3921885085315	25127.049	19.565088	0.8385956779974002	0.0007786465	0	1
1348.3935773521712	25108.701	19.562662	0.8379363619168271	0.00077911885	0	1
1348.3949661953452	25182.139	19.598248	0.8403400344166218	0.0007782598	0	1
1348.396355038984	25282.762	19.62613	0.8436505813056637	0.0007762652	0	1
1348.3977438826232	25346.596	19.642094	0.8457332260572001	0.0007749401	0	1
1348.399132726263	25469.03	19.68782	0.8497708055981292	0.00077301025	0	1
1348.400521569437	25752.63	19.782274	0.8591849792538875	0.00076816516	0	1
1348.401910413076	25762.44	19.796457	0.8590461160457347	0.00076842326	0	1
1348.403299256715	26008.895	19.867054	0.8667416222273024	0.00076385617	0	1
1348.4046880998885	26231.611	19.953342	0.873584532666875	0.0007606602	0	1
1348.4060769435282	26487.2	20.019186	0.8814593115039449	0.00075580605	0	1
1348.407465787168	26615.336	20.062265	0.8850313006824492	0.0007537859	0	1
1348.408854630341	26886.395	20.14432	0.8932931656980899	0.0007492384	0	1
1348.4102434739802	27187.37	20.242828	0.9024805739339298	0.00074456737	0	1
1348.411632317619	27510.674	20.337019	0.9123380134761436	0.000739241	0	1
1348.4130211612587	27708.494	20.418653	0.9179650236874176	0.0007369095	0	1
1348.4144100044323	27916.002	20.466448	0.92384706859126	0.00073314394	0	1
1348.4157988480713	28153.982	20.564213	0.930669623110922	0.0007304193	0	1
1348.4171876917112	28441.912	20.643316	0.9390716364909157	0.0007258062	0	1
1348.4185765348843	28736.656	20.745766	0.9476238997858826	0.0007219269	0	1
1348.4199653785236	29051.986	20.85512	0.9567782208248824	0.00071785523	0	1
1348.4213542221623	29386.248	20.949852	0.9664766040513605	0.00071291346	0	1
1348.4227430653364	29674.371	21.034113	0.9745784691398669	0.00070883095	0	1
1348.424131908976	29973.898	21.123835	0.982976629661705	0.000704741	0	1
1348.4255207521496	30367.572	21.226574	0.9943781340465198	0.00069898815	0	1
1348.4269095957886	30617.834	21.313908	1.001001262735348	0.00069612724	0	1
1348.4282984394276	30926.967	21.41945	1.0094703946210073	0.0006925817	0	1
1348.4296872826017	31112.13	21.465418	1.0138176295330181	0.00068993727	0	1
1348.4324649698797	31839.766	21.643002	1.0339082678400249	0.0006797475	0	1
1348.4352426566934	32410.254	21.811863	1.0485553199749358	0.00067299267	0	1
1348.4366315003326	32504.021	21.85178	1.0495744388576382	0.0006722793	0	1
1348.4824633334433	38770.223	23.625443	1.1503740143355874	0.0006093708	0	1
1348.4838521766164	38752.2	23.61191	1.1470200749712354	0.00060930505	0	1
1348.4852410202561	38778.766	23.62408	1.1443711700383745	0.00060920144	0	1
1348.4880187070694	38833.55	23.657137	1.1390956283217635	0.00060919323	0	1
1348.489407550243	38609.42	23.606287	1.1290502547776087	0.0006114126	0	1
1348.4907963938817	38930.55	23.685953	1.134962450421573	0.0006084156	0	1
1348.4921852370558	38955.875	23.705038	1.1322411505552636	0.00060851	0	1
1348.4935740806955	38730.914	23.641317	1.122284005721309	0.0006103992	0	1
1348.494962923869	38918.07	23.696365	1.124292690174104	0.0006088782	0	1
1348.4963517675078	38856.42	23.685102	1.1190677453938713	0.0006095544	0	1
1348.4977406106818	38954.047	23.726189	1.118431645683928	0.0006090815	0	1
1348.499129453856	39001.47	23.734676	1.1163473340443781	0.00060855853	0	1
1348.5005182974946	38793.1	23.681498	1.106950133032296	0.0006104564	0	1
1348.5019071406678	39042.418	23.755877	1.110630479770006	0.00060846325	0	1
1348.5032959843074	39019.832	23.74349	1.106577232722941	0.000608498	0	1
1348.5046848274815	38970.03	23.73359	1.10175635086972	0.0006090216	0	1
1348.5060736711207	38878.312	23.704432	1.095769422257585	0.00060970837	0	1
1348.5074625142934	39077.992	23.766268	1.0980070179522592	0.00060817524	0	1
1348.5088513574674	38989.65	23.73826	1.0921507017200032	0.00060883496	0	1
1348.510240201107	38905.992	23.709803	1.08645156157886	0.0006094126	0	1
1348.5116290442804	39041.008	23.748125	1.0868750894697217	0.0006082867	0	1
1348.5130178879194	39081.07	23.757193	1.0846529786373853	0.00060789514	0	1
1348.5144067310935	39192.906	23.785225	1.0844250614274207	0.00060687575	0	1
1348.5157955747331	39027.63	23.733091	1.0765545257977203	0.00060811	0	1
1348.5171844179058	39050.7	23.736355	1.0739082150522554	0.0006078343	0	1
1348.5185732610794	39008.44	23.72344	1.0694859081773764	0.00060816173	0	1
1348.519962104719	39097.723	23.75018	1.0686858493109406	0.00060745684	0	1
1348.521350947893	39123.016	23.758537	1.066147740392972	0.00060727773	0	1
1348.5227397910662	39136.23	23.769459	1.0632985636731027	0.0006073518	0	1
1348.5241286347054	39132.258	23.762344	1.0600036141323557	0.00060723163	0	1
1348.5255174778795	39069.367	23.748781	1.0551407618947723	0.00060786196	0	1
1348.5269063215187	39196.42	23.773563	1.055425889153833	0.0006065238	0	1
1348.5282951646918	39237.58	23.794178	1.0534085786043723	0.000606413	0	1
1348.5296840078654	39136.316	23.762691	1.0476006855296682	0.0006071775	0	1
1348.531072851505	39366.34	23.827797	1.0506686865761745	0.00060528354	0	1
1348.5532943446105	39600.61	23.883684	1.0115500606101158	0.0006031141	0	1
1348.5560720314243	39772.4	23.942657	1.0105158194091433	0.0006019918	0	1
1348.5574608745978	39424.93	23.844656	0.9990214714172934	0.00060481165	0	1
1348.558849717771	39680.965	23.919981	1.0030233221038838	0.00060280744	0	1
1348.5602385614102	39489.484	23.862272	0.995721393268725	0.00060426904	0	1
1348.564405090931	39517.84	23.8843	0.9892882062379558	0.00060439284	0	1
1348.5657939345706	39592.49	23.89165	0.988840465617469	0.00060343894	0	1
1348.5671827777446	39713.906	23.919426	0.9896378230622983	0.00060229347	0	1
1348.5685716209182	39473.547	23.86827	0.9814366710728631	0.00060466497	0	1
1348.5699604640909	39758.99	23.945759	0.9863160507043195	0.00060227286	0	1
1348.5713493077305	39819.52	23.954811	0.9856066448986408	0.0006015846	0	1
1348.5727381509046	39783.67	23.949188	0.9825201801903687	0.0006019854	0	1
1348.5741269940781	39471.727	23.875834	0.9727662423596919	0.00060488447	0	1
1348.5755158372513	39947.92	24.00308	0.9824359187263134	0.0006008593	0	1
1348.576904680891	39564.22	23.90179	0.9709619699601297	0.0006041264	0	1
1348.578293524065	39734.13	23.944113	0.9730940389199383	0.0006026082	0	1
1348.5796823672385	39648.74	23.925545	0.9690646878492643	0.0006034377	0	1
1348.5810712104117	39762.023	23.961763	0.9698976011298202	0.0006026294	0	1
1348.582460054051	39746.668	23.95116	0.9676559815150955	0.00060259545	0	1
1348.583848897225	39886.297	23.985683	0.9691889129402756	0.0006013515	0	1
1348.597737329892	39745.023	23.921957	0.9499209128192084	0.0006018856	0	1
1348.6019038594136	39852.566	23.948381	0.9478288470803308	0.0006009244	0	1
1348.606070389399	39840.984	23.940886	0.9437473848289359	0.000600911	0	1
1348.607459232573	39836.57	23.944376	0.9424525334406652	0.00060106517	0	1
1348.6102369189202	40011.984	23.989645	0.9444774222666182	0.0005995615	0	1
1348.61162576256	40158.71	24.040304	0.9468780468162625	0.0005986324	0	1
1348.6144034489066	40066.766	24.03148	0.9425964370359534	0.0005997859	0	1
1348.6157922920797	39918.4	23.98943	0.9380566034384038	0.00060096174	0	1
1348.6171811352538	40074.86	24.032543	0.9408497685881329	0.0005996913	0	1
1348.6185699784278	39828.652	23.966537	0.934192999259736	0.00060174114	0	1
1348.6199588216014	39932.324	23.998695	0.9357475273360156	0.0006009842	0	1
1348.6213476647747	40035.164	24.025398	0.9373551931260466	0.0006001074	0	1
1348.6227365084137	39973.992	24.003437	0.9351613057205225	0.00060047634	0	1
1348.6241253515877	40108.31	24.047215	0.9376365051912136	0.00059955695	0	1
1348.6255141947618	39944.17	24.003862	0.9331360228450617	0.0006009353	0	1
1348.6269030379353	39902.453	23.98554	0.9314997068462184	0.0006011044	0	1
1348.6282918811085	40023.348	24.01719	0.9336591325712547	0.00060007954	0	1
1348.6296807242825	40017.812	24.023867	0.9329641794162804	0.0006003293	0	1
1348.6310695674565	40028.91	24.021503	0.9326961956704295	0.0006001039	0	1
1348.6324584106292	39983.406	24.010727	0.9311490188278058	0.0006005173	0	1
1348.6338472538027	40045.67	24.031237	0.9321506493832573	0.0006000957	0	1
1348.6352360974424	40031.73	24.025007	0.9327035822575701	0.0006001491	0	1
1348.6366249406165	40001.637	24.019144	0.9328808672538751	0.00060045405	0	1
1348.7366216472537	39316.93	23.833656	0.9836666848547999	0.0006061932	0	1
1348.7380104904269	39305.207	23.823711	0.9855094826630284	0.000606121	0	1
1348.7407881763088	39265.83	23.80469	0.988864649382547	0.00060624443	0	1
1348.7602319793423	39086.816	23.704039	1.017063564027036	0.0006064459	0	1
1348.8046749562418	37719.453	23.341259	1.0613196962975926	0.0006188122	0	1
1348.813008014352	36862.613	23.135227	1.051356017837043	0.0006276068	0	1
1348.8143968575262	36433.535	23.026052	1.0413891504948791	0.0006320016	0	1
1348.8324518159893	33371.438	22.120691	0.9789011758681863	0.000662863	0	1
1348.833840659162	33244.2	22.073765	0.9769000431803637	0.00066398847	0	1
1348.836618345044	32770.54	21.930225	0.966300242200329	0.0006692055	0	1
1348.838007188218	32281.4	21.795885	0.9534636626422779	0.000675184	0	1
1348.840784874099	31712.26	21.620243	0.9396718711722497	0.00068176293	0	1
1348.8421737168073	31457.307	21.55195	0.9335636408100698	0.0006851175	0	1
1348.843562559981	31227.854	21.47356	0.9281552632550472	0.00068764127	0	1
1348.8449514026884	31028.578	21.41281	0.9235893789493996	0.0006900996	0	1
1348.846340245862	30818.518	21.33443	0.918648818551845	0.0006922601	0	1
1348.8477290885703	30353.475	21.207424	0.9060429621669442	0.0006986819	0	1
1348.8643952038594	27337.654	20.271511	0.8170649661214764	0.0007415234	0	1
1348.8657840470337	27083.943	20.188328	0.8095683440942751	0.0007453984	0	1
1348.867172889742	26857.848	20.114143	0.8028956612651375	0.00074891123	0	1
1348.8685617329152	26826.752	20.099228	0.8020515593481157	0.0007492233	0	1
1348.8699505756222	26520.904	20.00376	0.7929920181333748	0.00075426383	0	1
1348.8713394187962	26303.209	19.926846	0.7865666377547368	0.0007575823	0	1
1348.8727282615046	25951.91	19.812122	0.7761442046083372	0.00076341676	0	1
1348.8755059473858	25999.734	19.826548	0.7777403355352239	0.00076256733	0	1
1348.8991162766806	26981.852	20.04705	0.8085847520615004	0.0007429828	0	1
1348.9199489196285	30883.357	21.363054	0.9269896097262805	0.00069173356	0	1
1348.9227266055095	31368.69	21.514627	0.9392626283560244	0.00068586314	0	1
1348.9241154482181	31833.44	21.668674	0.9519536157662597	0.00068068906	0	1
1348.9268931340994	32133.379	21.752861	0.9583316193678978	0.0006769553	0	1
1348.9282819768077	32670.406	21.919256	0.9729715470461241	0.0006709208	0	1
1348.9296708199818	32959.914	22.003328	0.9801667184440885	0.0006675784	0	1
1348.9310596626892	33167.066	22.076498	0.9848534218258054	0.000665615	0	1
1348.9324485053962	33204.49	22.093637	0.9844522605550327	0.000665381	0	1
1348.9338373485703	33686.527	22.246996	0.9971727862515655	0.00066041225	0	1
1348.9352261912786	33890.066	22.30192	1.001581242268547	0.0006580666	0	1
1348.9366150339865	34024.742	22.338482	1.003903084330928	0.00065653643	0	1
1348.9380038766944	34546.07	22.494553	1.0175662509265129	0.0006511465	0	1
1348.9393927198685	34641.74	22.509157	1.0186266931942858	0.00064976985	0	1
1348.9407815625768	34919.66	22.596964	1.0249939165000994	0.00064711296	0	1
1348.9421704052843	35251.668	22.691908	1.0328844909218224	0.0006437116	0	1
1348.9435592479922	35433.75	22.751537	1.036323273571093	0.0006420866	0	1
1348.9449480911653	35557.734	22.786926	1.0380155347831548	0.000640843	0	1
1348.9463369338737	35858.418	22.85823	1.0448127678649546	0.0006374579	0	1
1348.9477257765823	35974.52	22.888983	1.046179517366074	0.0006362554	0	1
1348.9491146197552	36293.004	22.98758	1.0533789562539064	0.0006333887	0	1
1348.9505034624626	36452.42	23.024624	1.055906908515446	0.00063163496	0	1
1348.951892305171	36763.906	23.10497	1.0627859088938933	0.0006284689	0	1
1348.9532811478794	36856.043	23.134117	1.0632746956082688	0.0006276886	0	1
1348.954669991053	37061.004	23.190004	1.066976118349003	0.0006257252	0	1
1348.9574476764687	37439.023	23.296883	1.07332033768472	0.000622262	0	1
1348.963003047766	38083.453	23.479404	1.0823052448165207	0.00061652507	0	1
1348.9643918904744	38067.926	23.473972	1.0794456426748045	0.00061663386	0	1
1348.9685584190634	38454.3	23.577839	1.0829773190785743	0.0006131392	0	1
1348.9699472617717	38755.95	23.6593	1.0889260868733082	0.00061046885	0	1
1348.9713361044792	38453.387	23.571348	1.0779101591085998	0.000612985	0	1
1348.972724947187	38688.945	23.638487	1.0819947629945852	0.0006109881	0	1
1348.9741137898955	38658.863	23.62748	1.0785927345994313	0.00061117887	0	1
1348.975502633069	38813.49	23.674759	1.0803479818854087	0.00060996215	0	1
1348.9768914757774	38748.074	23.659708	1.0759539754614806	0.0006106034	0	1
1348.9782803184848	38831.867	23.686316	1.0756948633884953	0.00060997106	0	1
1348.9796691611928	38770.035	23.673292	1.071394275248078	0.00061060797	0	1
1348.9852245324898	38858.277	23.694721	1.0634184581546593	0.0006097728	0	1
1348.9866133751984	38802.395	23.672249	1.0592843597735448	0.0006100719	0	1
1348.9880022179068	38959.71	23.719833	1.060951993737971	0.0006088298	0	1
1348.9893910606143	38817.12	23.675737	1.0544644768999323	0.00060993026	0	1
1348.9907799033222	38920.3	23.701225	1.0546687540412722	0.0006089682	0	1
1349.013001387581	39058.5	23.72818	1.0174789832940603	0.00060750364	0	1
1349.0185567588787	39338.6	23.803156	1.0151091041652704	0.00060508394	0	1
1349.0296675005416	39383.227	23.798126	0.997443152296894	0.0006042706	0	1
1349.0366117140816	39151.81	23.741222	0.980773658971469	0.0006063889	0	1
1349.0393893994978	39384.95	23.799934	0.9823309065502391	0.0006042901	0	1
1349.0407782422053	39485.367	23.835697	0.9827668769602715	0.000603659	0	1
1349.0421670849132	39535.273	23.855812	0.9819646220593471	0.00060340576	0	1
1349.0532778265774	39534.75	23.859724	0.9666103312071408	0.0006035127	0	1
1349.0546666692853	39460.38	23.842592	0.9630339024456771	0.000604216	0	1
1349.0560555119937	39754.76	23.921694	0.9684535852690263	0.00060173153	0	1
1349.0574443547014	39598.67	23.87668	0.9628996856892738	0.0006029667	0	1
1349.058833197409	39614.086	23.87371	0.9615778232545497	0.0006026571	0	1
1349.060222040117	39606.906	23.873592	0.9597385761924218	0.0006027634	0	1
1349.0616108828253	39613.863	23.872543	0.9582735768016775	0.000602631	0	1
1349.0629997255337	39732.258	23.90238	0.9595446864881038	0.00060158625	0	1
1349.0643885682407	39624.13	23.873976	0.9553500395714037	0.00060251105	0	1
1349.0657774109482	39561.875	23.858425	0.9523421373956107	0.00060306606	0	1
1349.0671662536565	39852.707	23.936663	0.9578298796135181	0.00060062826	0	1
1349.0685550963651	39675.574	23.89265	0.9520708661986483	0.0006022005	0	1
1349.087998893811	39601.105	23.872723	0.9378052655363321	0.0006028297	0	1
1349.0963319495927	39926.76	23.967382	0.9402258505978542	0.0006002837	0	1
1349.097720792301	39647.812	23.879873	0.9327869193714085	0.0006022999	0	1
1349.103276162667	39991.38	23.955816	0.9373759934192828	0.0005990245	0	1
1349.1046650053745	39677.05	23.877338	0.9291457113534656	0.0006017922	0	1
1349.1074426907908	40041.66	23.970617	0.9359478039984105	0.0005986419	0	1
1349.1088315330335	39990.31	23.969942	0.9338829017853543	0.0005993938	0	1
1349.1102203757405	39975.41	23.95864	0.9326723089527184	0.0005993344	0	1
1349.1116092184484	39792.98	23.918552	0.927558863322467	0.00060107466	0	1
1349.1143869038651	39882.84	23.951565	0.9279400269409647	0.0006005481	0	1
1349.1171645888148	40063.03	24.005	0.9316933296566481	0.0005991808	0	1
1349.1185534315225	40018.06	23.977453	0.9304282873029723	0.00059916585	0	1
1349.1241088018892	39940.637	23.966463	0.9282860087172832	0.0006000521	0	1
1349.126886487305	39897.918	23.944752	0.9276198405026506	0.0006001504	0	1
1349.132441857672	39858.984	23.953915	0.9273680651851042	0.0006009665	0	1
1349.136608385329	39981.86	23.986563	0.9307190882198313	0.0005999362	0	1
1349.1379972280374	39792.797	23.92919	0.9274956434539403	0.00060134474	0	1
1349.1393860707453	40170.82	24.033264	0.9374985297694357	0.0005982767	0	1
1349.1407749134528	40048.703	23.99656	0.9358398564384729	0.0005991844	0	1
1349.1421637556957	40029.016	23.998875	0.9365735340294076	0.000599537	0	1
1349.1435525984034	40080.03	24.01298	0.938965467809403	0.00059912575	0	1
1349.1477191260615	40045.332	23.994823	0.9417627843331591	0.0005991915	0	1
1349.2018839856187	39534.984	23.853716	0.9787232702184476	0.00060335716	0	1
1349.2032728283266	39633.316	23.877007	0.9824842082259562	0.00060244784	0	1
1349.2046616705688	39647.21	23.882494	0.9849799969265566	0.00060237513	0	1
1349.2060505132763	39486.773	23.841206	0.9831710371758406	0.000603777	0	1
1349.207439355519	39505.83	23.852888	0.9858574132933406	0.0006037815	0	1
1349.208828198227	39397.2	23.81917	0.9854089145734325	0.00060459046	0	1
1349.211605883177	39400.14	23.82185	0.990038817257292	0.00060461333	0	1
1349.2129947258854	39362.223	23.814587	0.9914226581311261	0.00060501124	0	1
1349.2143835681277	39611.49	23.894442	1.000095416330356	0.00060322	0	1
1349.2157724108347	39373.855	23.828302	0.9964873084347248	0.0006051808	0	1
1349.2171612530774	39414.71	23.840508	0.9999574806320011	0.00060486316	0	1
1349.2199389380285	39465.543	23.861517	1.0062562074825017	0.0006046165	0	1
1349.2213277807364	39301.79	23.810642	1.004593887885515	0.00060584117	0	1
1349.2227166234438	39382.465	23.8311	1.0091867899113531	0.00060511957	0	1
1349.2241054656865	39385.57	23.831327	1.0118541456228936	0.0006050776	0	1
1349.2296608355869	39112.85	23.746237	1.0156265214243168	0.0006071211	0	1
1349.2310496782952	39039.426	23.735395	1.0164457059567755	0.00060798525	0	1
1349.2324385205366	39406.457	23.829311	1.028768137102851	0.00060470577	0	1
1349.2338273632445	39074.594	23.732311	1.0228621172673356	0.0006073591	0	1
1349.2352162054872	39339.477	23.794773	1.0325875434676728	0.0006048574	0	1
1349.2379938904373	39261.65	23.762758	1.0361623070458534	0.000605241	0	1
1349.2393827331452	39306.87	23.776447	1.0401908821991888	0.0006048929	0	1
1349.2421604180959	39098.156	23.711922	1.0403541689644882	0.0006064716	0	1
1349.2435492603377	39285.242	23.748096	1.0481209788860653	0.00060450425	0	1
1349.3032694851386	37069.848	23.150673	1.1171686821465674	0.00062451494	0	1
1349.3046583273808	36963.285	23.12591	1.1167819116464013	0.0006256454	0	1
1349.3074360118653	36382.992	22.962433	1.1047357622583511	0.00063113094	0	1
1349.310213696816	36084.41	22.888615	1.1010039770114315	0.00063430757	0	1
1349.311602539058	35913.066	22.833015	1.098387262780608	0.00063578575	0	1
1349.3129913817656	35452.062	22.708113	1.0868352546387658	0.0006405301	0	1
1349.314380224008	35316.477	22.682299	1.0851851925144462	0.00064225827	0	1
1349.3157690662506	34961.426	22.56648	1.0767244008483707	0.00064546795	0	1
1349.3185467512017	34348.418	22.392252	1.0625571890986323	0.0006519151	0	1
1349.3199355934435	34393.176	22.427677	1.0662480850447318	0.0006520967	0	1
1349.3213244356848	34008.926	22.335314	1.0565798577456278	0.0006567486	0	1
1349.3227132783932	33852.74	22.290277	1.0539239323864287	0.00065844826	0	1
1349.324102120636	33597.668	22.220535	1.0481245098252576	0.00066137133	0	1
1349.3254909628781	33161.74	22.09334	1.0365998822321278	0.00066622987	0	1
1349.326879805586	32960.22	22.040197	1.032322855183543	0.0006686909	0	1
1349.3282686478287	32662.104	21.947613	1.0249490746057823	0.00067195954	0	1
1349.3296574900714	32456.18	21.885103	1.0203964481176258	0.000674297	0	1
1349.3310463323128	32089.639	21.781372	1.0107183023550628	0.0006787665	0	1
1349.3324351750202	31836.78	21.702198	1.0045422365878678	0.0006816707	0	1
1349.333824017263	31587.2	21.624651	0.9983978255338939	0.0006846017	0	1
1349.3352128595059	31249.184	21.531483	0.9893818426915002	0.00068902544	0	1
1349.336601701748	30926.717	21.429619	0.9807782370748584	0.00069291604	0	1
1349.337990544455	30606.635	21.331282	0.9721717416977612	0.0006969496	0	1
1349.3393793866976	30277.828	21.22628	0.9632097966499504	0.0007010503	0	1
1349.3407682289403	30062.627	21.154076	0.957789128488432	0.0007036669	0	1
1349.3421570711826	29721.2	21.065424	0.9482740247128996	0.0007087676	0	1
1349.3435459134244	29511.838	20.995539	0.9429003357880341	0.0007114277	0	1
1349.3449347561327	29172.164	20.890036	0.9332916237748837	0.0007160948	0	1
1349.3463235983754	28929.64	20.809227	0.9267185480706376	0.0007193047	0	1
1349.3477124406177	28517.258	20.683628	0.9146297514154617	0.00072530215	0	1
1349.34910128286	28298.37	20.614943	0.9086740285607328	0.0007284852	0	1
1349.35187896781	27825.045	20.45382	0.8954248190275572	0.0007350867	0	1
1349.3532678100528	27365.904	20.319248	0.8815359159377208	0.00074250234	0	1
1349.354656652295	27230.148	20.281847	0.8779962840983261	0.0007448306	0	1
1349.3560454945368	26994.97	20.196142	0.8711908465034792	0.00074814464	0	1
1349.357434336779	26725.115	20.110146	0.8632029822696088	0.00075248117	0	1
1349.3588231794874	26504.64	20.039904	0.8567480485034872	0.0007560904	0	1
1349.3602120217292	26260.818	19.964708	0.8494779543799943	0.000760247	0	1
1349.3616008639715	26092.746	19.902395	0.8445997407647077	0.00076275587	0	1
1349.3629897062142	25880.914	19.834269	0.8382480927946924	0.0007663666	0	1
1349.3643785484564	25779.25	19.791641	0.8354095456412589	0.00076773536	0	1
1349.365767391164	25457.143	19.698805	0.8253711292951538	0.0007738027	0	1
1349.3671562334061	25387.957	19.671223	0.823156686744839	0.00077482493	0	1
1349.3685450756489	25242.496	19.61798	0.8184689177454595	0.00077718066	0	1
1349.3699339178916	25172.754	19.594305	0.8162360309377499	0.00077839335	0	1
1349.3713227601334	25168.363	19.596737	0.8161221113655269	0.0007786258	0	1
1349.3727116023756	24974.271	19.529085	0.8098566230122108	0.0007819682	0	1
1349.3741004446179	24943.766	19.5211	0.8088955882262863	0.00078260433	0	1
1349.376878129568	24906.674	19.512817	0.8077490653163011	0.0007834373	0	1
1349.3782669718103	24963.621	19.537447	0.809624150262416	0.00078263675	0	1
1349.379655814053	25094.094	19.569408	0.8138840363272405	0.0007798412	0	1
1349.3810446562957	25124.66	19.57637	0.8149038180292466	0.00077916955	0	1
1349.3824334985384	25179.08	19.598293	0.816697372805393	0.0007783562	0	1
1349.3838223407797	25329.916	19.64129	0.821618468444818	0.0007754187	0	1
1349.3852111830217	25463.973	19.691368	0.8259956235706357	0.00077330304	0	1
1349.3866000257303	25612.855	19.753685	0.830480063642874	0.00077124103	0	1
1349.387988867973	25751.137	19.784029	0.8345674415725327	0.0007682779	0	1
1349.3893777102148	26023.928	19.8735	0.8429581165417539	0.0007636626	0	1
1349.3907665524562	26126.191	19.899693	0.845769052509509	0.000761676	0	1
1349.3921553946989	26345.873	19.973774	0.8523252518135191	0.00075813674	0	1
1349.3935442369416	26633.844	20.070383	0.861030162472014	0.0007535669	0	1
1349.3949330791838	26818.656	20.141348	0.8663395127311919	0.00075102004	0	1
1349.3963219214256	27162.562	20.240223	0.8767250920555467	0.0007451514	0	1
1349.3977107636686	27345.95	20.299938	0.8818657242646558	0.000742338	0	1
1349.4004884481528	27801.357	20.443218	0.8948191430044814	0.0007353317	0	1
1349.4018772908603	28170.777	20.568172	0.9057566830912355	0.0007301244	0	1
1349.403266133103	28462.97	20.660858	0.9141393043983548	0.0007258855	0	1
1349.4046549753457	28719.105	20.747263	0.9212950259512542	0.0007224202	0	1
1349.406043817588	28984.598	20.821959	0.9286824069487719	0.0007183801	0	1
1349.4074326598297	29291.635	20.918533	0.9373297296678205	0.000714147	0	1
1349.4088215020727	29603.525	21.009932	0.9460585862865601	0.00070971047	0	1
1349.4102103443147	29899.916	21.106441	0.9542180651588155	0.00070590305	0	1
1349.4115991865574	30230.805	21.205078	0.9634029510348235	0.0007014394	0	1
1349.4129880287996	30515.7	21.287176	0.9710464672119627	0.00069758116	0	1
1349.4143768710414	30757.299	21.372646	0.977240427165315	0.0006948805	0	1
1349.4157657132841	31003.78	21.453487	0.9835192123595412	0.0006919636	0	1
1349.4171545555268	31357.084	21.556345	0.9931105825553554	0.0006874474	0	1
1349.418543397769	31734.623	21.660416	1.0033861236563382	0.0006825484	0	1
1349.4213210822531	32256.684	21.823483	1.0163391332383387	0.0006765569	0	1
1349.4227099244958	32567.865	21.918663	1.024283786948883	0.000673015	0	1
1349.424098766738	32828.348	21.989292	1.0305582908774835	0.00066982635	0	1
1349.42548760898	33054.645	22.05574	1.0356890448554432	0.0006672509	0	1
1349.4268764512221	33412.41	22.166985	1.0448627379761513	0.00066343567	0	1
1349.4282652934648	33669.117	22.23551	1.0507981076857715	0.0006604126	0	1
1349.4296541357066	33988.3	22.331957	1.0586077574843513	0.00065704837	0	1
1349.431042977949	34187.258	22.388952	1.0626011760874827	0.0006548917	0	1
1349.4324318201916	34468.82	22.465683	1.06909324149246	0.00065176823	0	1
1349.4338206624343	34781.863	22.5563	1.0764857326124138	0.0006485075	0	1
1349.4352095046765	35019.965	22.626621	1.0814861100067648	0.0006461063	0	1
1349.436598346918	35174.3	22.671762	1.0838382209306145	0.00064455473	0	1
1349.4379871891606	35442.586	22.752163	1.0896386376931582	0.00064194424	0	1
1349.4393760314033	35691.742	22.8189	1.094782173140106	0.00063933275	0	1
1349.440764873645	35884.73	22.876623	1.0981400381136417	0.000637503	0	1
1349.4421537158873	36172.96	22.956425	1.1043475701235255	0.0006346294	0	1
1349.44354255813	36349.6	23.005278	1.1070853397354439	0.0006328894	0	1
1349.4449314003728	36616.42	23.084536	1.1125090262485091	0.00063044217	0	1
1349.446320242615	36810.688	23.129147	1.115667203106637	0.00062832696	0	1
1349.4477090848568	36935.793	23.171217	1.1166796435345558	0.0006273377	0	1
1349.449097927099	37222.434	23.255915	1.1225201423232511	0.00062478223	0	1
1349.4504867693418	37380.812	23.296873	1.124435460115547	0.00062323076	0	1
1349.4518756115845	37459.496	23.319695	1.1239132575276913	0.00062253093	0	1
1349.4532644538258	37671.566	23.386627	1.12734981841287	0.00062080316	0	1
1349.4546532960676	37889.26	23.444767	1.1309016880638616	0.0006187708	0	1
1349.4560421378446	38001.18	23.472849	1.1312522375841474	0.00061768736	0	1
1349.4574309800876	38093.75	23.503397	1.1309936821747473	0.0006169883	0	1
1349.4588198223296	38197.652	23.521801	1.1310402541006164	0.0006157918	0	1
1349.4602086645718	38376.734	23.572828	1.1332758843202655	0.00061424787	0	1
1349.4615975068145	38424.39	23.579952	1.1315991318180068	0.0006136715	0	1
1349.4629863490563	38528.04	23.617756	1.1315472549332248	0.00061300176	0	1
1349.4643751912986	38597.63	23.637754	1.1304704585594292	0.0006124147	0	1
1349.4657640335404	38675.23	23.65505	1.1296069950522203	0.00061163306	0	1
1349.469930560268	38717.7	23.66896	1.1213841785461263	0.0006113215	0	1
1349.4713194020446	38779.098	23.691198	1.1199924994858874	0.000610927	0	1
1349.4727082442864	38777.65	23.683323	1.1167775338468295	0.00061074673	0	1
1349.4740970865291	38833.15	23.701637	1.115196176959763	0.0006103455	0	1
1349.4754859287718	38793.996	23.693766	1.110894380821872	0.00061075855	0	1
1349.476874771014	38837.207	23.70375	1.1089510243224796	0.00061033614	0	1
1349.4782636132559	38811.676	23.701855	1.105044736289627	0.00061068876	0	1
1349.4796524554981	38783.098	23.69219	1.1010586053747613	0.0006108896	0	1
1349.4810412977408	38917.633	23.717049	1.1016913640473336	0.0006094165	0	1
1349.4824301395174	38819.64	23.700264	1.0957569650471377	0.0006105225	0	1
1349.4838189817592	38910.77	23.716137	1.095160293019843	0.00060950057	0	1
1349.4879855084869	38811.273	23.69193	1.0829081424917109	0.0006104394	0	1
1349.4893743507282	38982.625	23.74006	1.0845610728821502	0.00060899084	0	1
1349.490763192971	38999.33	23.745728	1.081893362017537	0.0006088753	0	1
1349.49354087699	38957.633	23.733025	1.074514318716928	0.0006092009	0	1
1349.494929719232	38977.94	23.741108	1.0719813658392783	0.00060909084	0	1
1349.4963185614747	39029.16	23.74949	1.0703071619071822	0.0006085063	0	1
1349.4977074037174	39132.953	23.780935	1.0700769227522136	0.0006076959	0	1
1349.4990962459588	39078.977	23.772009	1.0655461799949204	0.00060830684	0	1
1349.5004850877353	39096.395	23.77329	1.0629810604832421	0.0006080686	0	1
1349.501873929978	39074.168	23.76374	1.0593560673556952	0.0006081701	0	1
1349.5032627722208	39047.21	23.75916	1.0556250253324284	0.0006084726	0	1
1349.5046516144635	39115.68	23.778828	1.0544897753631934	0.0006079104	0	1
1349.5060404567048	39131.3	23.782913	1.0519433543959382	0.0006077721	0	1
1349.508818140724	39080.53	23.767075	1.044713720772822	0.0006081564	0	1
1349.5129846674508	39264.55	23.822489	1.0409616335790286	0.0006067175	0	1
1349.5143735092279	39244.14	23.815088	1.037578759934619	0.00060684443	0	1
1349.5157623514697	39293.05	23.822563	1.0360512312970507	0.0006062793	0	1
1349.517151193712	39271.816	23.81911	1.032697414491946	0.0006065192	0	1
1349.518540035954	39317.9	23.833258	1.0311378125581117	0.0006061681	0	1
1349.5199288777312	39337.625	23.840355	1.0289087711565754	0.0006060446	0	1
1349.521317719974	39322.22	23.837147	1.0257874133139813	0.0006062004	0	1
1349.5227065622157	39331.477	23.831495	1.0233373260307563	0.0006059141	0	1
1349.524095404458	39336.023	23.8364	1.0207916719550068	0.0006059687	0	1
1349.525484246234	39427.168	23.863567	1.0205392765372312	0.00060525694	0	1
1349.5268730884768	39274.99	23.820915	1.0140059967814403	0.00060651614	0	1
1349.529650772961	39405.7	23.850124	1.0122146177421234	0.0006052455	0	1
1349.5310396147383	39513.715	23.881926	1.0124697917941796	0.0006043959	0	1
1349.5324284569801	39458.87	23.86619	1.0085610474946844	0.00060483714	0	1
1349.5338172992228	39393.05	23.850489	1.00441961225479	0.00060544914	0	1
1349.535206141465	39391.16	23.853848	1.001943913180493	0.00060556346	0	1
1349.5365949832412	39461.44	23.86693	1.0013316435908708	0.0006048165	0	1
1349.537983825484	39522.242	23.882946	1.000503139517916	0.0006042913	0	1
1349.5407615095032	39509.32	23.885939	0.9955331845117924	0.0006045647	0	1
1349.5421503517446	39484.094	23.871548	0.992627348540786	0.00060458644	0	1
1349.5435391939873	39539.598	23.887636	0.991782955540553	0.00060414465	0	1
1349.54492803623	39628.902	23.919983	0.9918121927591488	0.0006035994	0	1
1349.5463168780066	39561.58	23.901543	0.9879544008097171	0.0006041605	0	1
1349.5477057202484	39614.72	23.908373	0.9871402500306791	0.00060352247	0	1
1349.549094562491	39680.6	23.927954	0.9866720493077438	0.0006030139	0	1
1349.550483404268	39703.32	23.93544	0.9851609886189621	0.0006028574	0	1
1349.5532610887517	39632.41	23.918747	0.9793631548048068	0.00060351484	0	1
1349.5546499305287	39709.94	23.938211	0.9793095805499318	0.00060282665	0	1
1349.5560387727714	39642.797	23.910442	0.9757235552293736	0.0006031472	0	1
1349.5574276150137	39679.35	23.924599	0.9747275903326647	0.0006029483	0	1
1349.5588164567894	39757.49	23.946167	0.9747841149195172	0.0006023058	0	1
1349.560205299032	39716.76	23.944687	0.9719612164577734	0.0006028862	0	1
1349.5615941412748	39724.754	23.935272	0.9703689183866411	0.00060252787	0	1
1349.5629829830518	39829.69	23.970003	0.971192282544854	0.00060181244	0	1
1349.5643718252936	39786.875	23.952671	0.9684163621153243	0.00060202443	0	1
1349.5657606675359	39798.832	23.96161	0.9670278832136885	0.0006020682	0	1
1349.567149509313	39733.05	23.943604	0.9637902773812548	0.00060261175	0	1
1349.5685383515552	39841.08	23.965664	0.9648046604580872	0.00060153153	0	1
1349.569927193797	39660.598	23.919006	0.9589396510152494	0.0006030924	0	1
1349.5727048778162	39975.805	24.001848	0.9635623264333358	0.0006004094	0	1
1349.575482561835	39869.02	23.975708	0.9580163194022657	0.00060136185	0	1
1349.5768714040773	39845.566	23.969751	0.9560755025095077	0.00060156634	0	1
1349.5782602458537	39892.664	23.980518	0.9558652708478529	0.000601126	0	1
1349.5796490880966	39875.45	23.981285	0.954151691014002	0.00060140475	0	1
1349.5810379303384	39914.12	23.984484	0.9538134516260601	0.0006009022	0	1
1349.582426772115	39876.016	23.981373	0.9516792836647645	0.0006013984	0	1
1349.5838156143577	39841.77	23.978588	0.9496963282703967	0.00060184544	0	1
1349.5852044561339	39958.227	24.0019	0.9513060960070474	0.0006006748	0	1
1349.586593298376	39920.14	23.985853	0.9492914255106903	0.0006008459	0	1
1349.587982140618	39972.13	24.014591	0.9494574892819967	0.0006007834	0	1
1349.589370982395	39920.383	23.989927	0.9471987285768315	0.00060094433	0	1
1349.5907598246379	39875.977	23.980743	0.9451557936480511	0.0006013832	0	1
1349.5921486664151	40039.566	24.023758	0.9480981108013594	0.00060000044	0	1
1349.593537508657	39919.902	23.994925	0.9443340594970034	0.00060107675	0	1
1349.5949263504326	39997.168	24.017776	0.9452877399069894	0.00060048694	0	1
1349.5963151926753	39998.473	24.017023	0.9444839374925543	0.0006004485	0	1
1349.597704034918	40015.63	24.016832	0.9440935889209778	0.0006001863	0	1
1349.5990928766946	39958.156	24.013914	0.9419828229843276	0.0006009765	0	1
1349.6004817189364	40032.973	24.02735	0.9430299530733064	0.00060018897	0	1
1349.6018705607137	40059.832	24.037472	0.942985233072304	0.00060003926	0	1
1349.6032594029566	39947.73	24.005407	0.9397104655221936	0.0006009204	0	1
1349.6046482447323	40085.957	24.040276	0.9423831168714198	0.0005997181	0	1
1349.606037086974	40023.996	24.02086	0.9403491562212831	0.0006001615	0	1
1349.6074259287511	39961.64	24.000622	0.9383668029936896	0.0006005915	0	1
1349.6088147709938	39864.957	23.97874	0.9356395190804638	0.0006014992	0	1
1349.6102036127704	40039.13	24.025171	0.9392688338096826	0.0006000423	0	1
1349.6115924550122	40017.78	24.025467	0.9383690788946523	0.00060036976	0	1
1349.612981297255	40043.8	24.03121	0.9386197107937123	0.0006001231	0	1
1349.6143701390315	39996.58	24.011284	0.9371934297877492	0.00060033344	0	1
1349.6157589812738	39943.184	23.995335	0.9356826931243812	0.00060073665	0	1
1349.61714782305	39998.105	24.012615	0.9367094395374002	0.0006003438	0	1
1349.6185366652926	40127.64	24.050882	0.9395816784486869	0.0005993595	0	1
1349.6199255070696	39919.88	24.000631	0.93455653973641	0.00060122006	0	1
1349.621314349312	40061.35	24.03091	0.9377075808335363	0.0005998527	0	1
1349.622703191088	39954.758	24.0099	0.9351311594867622	0.00060092716	0	1
1349.6240920333303	40025.375	24.021053	0.9367420140805549	0.0006001456	0	1
1349.6254808751073	40029.68	24.028015	0.9368404391576723	0.000600255	0	1
1349.62686971735	40111.902	24.047016	0.9388219025909109	0.0005994983	0	1
1349.6282585591266	39958.85	24.01295	0.9352966806250178	0.00060094194	0	1
1349.6296474013684	39987.42	24.014889	0.936081632539035	0.0006005611	0	1
1349.631036243145	40016.426	24.023304	0.9369163830553651	0.00060033606	0	1
1349.632425084922	40071.742	24.025928	0.9384070253298485	0.00059957284	0	1
1349.6338139271638	39987.707	24.013947	0.9366735497534424	0.0006005332	0	1
1349.6352027689404	40024.145	24.022104	0.9378011285323437	0.0006001903	0	1
1349.6365916111831	39998.727	24.014587	0.9375187646992671	0.0006003838	0	1
1349.6379804529602	40062.14	24.030392	0.9393581344268673	0.00059982797	0	1
1349.6393692952024	40052.574	24.029884	0.9395260375081016	0.0005999585	0	1
1349.640758136978	40062.36	24.029955	0.9402064789808442	0.00059981376	0	1
1349.6421469792208	39998.32	24.01615	0.9391541929866614	0.00060042896	0	1
1349.6435358209978	39888.17	23.982029	0.9370946884697351	0.0006012316	0	1
1349.6449246632396	40018.484	24.017185	0.9406852052897268	0.0006001523	0	1
1349.6463135050162	39958.977	23.99984	0.9398727699515059	0.00060061197	0	1
1349.6477023467924	39889.977	23.977112	0.9388928540074837	0.0006010811	0	1
1349.649091189035	39964.293	24.00461	0.9412871547765463	0.00060065143	0	1
1349.6504800308123	39956.492	23.992992	0.9418060315230106	0.000600478	0	1
1349.6518688730544	39776.246	23.945604	0.9383139356612813	0.00060200767	0	1
1349.653257714831	39945.066	24.00146	0.9430572579329568	0.0006008617	0	1
1349.6546465570736	39997.508	24.015415	0.9451143829480274	0.0006004228	0	1
1349.6574242406264	39965.18	24.005594	0.9461022750999286	0.0006006627	0	1
1349.6588130828682	39909.906	23.99276	0.9457257048909229	0.00060117303	0	1
1349.6602019246452	39939.65	24.001707	0.9474011741390541	0.0006009494	0	1
1349.661590766888	39859.797	23.972885	0.9465136550639474	0.0006014302	0	1
1349.6629796086645	39832.24	23.971483	0.946902924788905	0.0006018111	0	1
1349.6643684504409	39968.785	24.00792	0.9512689378460883	0.00060066674	0	1
1349.66714613446	39812.836	23.960457	0.9497964358873889	0.00060182746	0	1
1349.6685349767022	39778.87	23.950708	0.9501780583653736	0.0006020962	0	1
1349.6699238184783	39886.33	23.98626	0.953977145964234	0.00060136546	0	1
1349.6713126602554	39856.18	23.979279	0.9545244812843359	0.0006016452	0	1
1349.672701502498	39781.336	23.955446	0.9540348690567015	0.00060217804	0	1
1349.6740903442737	39769.055	23.951593	0.9550794262978053	0.0006022671	0	1
1349.6754791860503	39806.656	23.963617	0.9573593348197121	0.0006020003	0	1
1349.676868028293	39832.29	23.970455	0.9593899730347579	0.0006017845	0	1
1349.67825687007	39602.676	23.906012	0.9553172864720528	0.0006036464	0	1
1349.6796457123128	39824.094	23.958519	0.9621288071187745	0.00060160866	0	1
1349.6810345540894	39793.42	23.954657	0.9629086157413042	0.0006019753	0	1
1349.6824233958655	39636.53	23.912048	0.9606625618629896	0.00060328306	0	1
1349.6838122381077	39730.973	23.938736	0.9646818647009581	0.00060252077	0	1
1349.697700657271	39665.74	23.931143	0.9807207014321631	0.00060332025	0	1
1349.6990894990477	39606.8	23.916077	0.9812210062020618	0.0006038376	0	1
1349.700478340824	39614.5	23.92023	0.9834019586533294	0.00060382514	0	1
1349.701867183067	39570.1	23.908216	0.9843197540679575	0.000604199	0	1
1349.703256024843	39568.46	23.906345	0.986330466719662	0.0006041768	0	1
1349.7046448666197	39541.113	23.901213	0.9877301736024948	0.00060446485	0	1
1349.7060337088624	39494.6	23.88684	0.9886782021663815	0.0006048128	0	1
1349.7074225506394	39476.36	23.879795	0.990361006757622	0.0006049138	0	1
1349.7088113924165	39565.746	23.902977	0.9947881885217726	0.0006041331	0	1
1349.7102002341921	39448.66	23.875563	0.9940321781987159	0.00060523127	0	1
1349.7115890764342	39463.6	23.877281	0.996636865370764	0.00060504564	0	1
1349.7129779182114	39421.617	23.866852	0.9978313798034759	0.0006054255	0	1
1349.7143667599885	39420.11	23.863785	1.0000765194452892	0.00060537085	0	1
1349.7157556017646	39432.914	23.868208	1.0027135806538896	0.00060528645	0	1
1349.7171444440069	39397.652	23.853682	1.0041547773864392	0.00060545944	0	1
1349.718533285784	39447.176	23.869164	1.0077850802903217	0.0006050918	0	1
1349.71992212756	39303.85	23.833723	1.0065096567848726	0.00060639664	0	1
1349.7213109693366	39304.387	23.837807	1.0089358198873806	0.0006064923	0	1
1349.7226998115784	39318.953	23.83536	1.0117488517847741	0.0006062054	0	1
1349.7240886533557	39313.527	23.833956	1.0140732661448713	0.0006062533	0	1
1349.725477495133	39329.94	23.841711	1.0169864588043922	0.00060619746	0	1
1349.7268663369086	39258.082	23.820807	1.0176377443888027	0.0006067746	0	1
1349.7282551791504	39260.867	23.82136	1.020243144680636	0.00060674566	0	1
1349.7296440209275	39314.96	23.831253	1.0242086121830705	0.0006061625	0	1
1349.7310328627045	39251.88	23.818258	1.0251433666779546	0.00060680555	0	1
1349.732421704481	39216.21	23.808592	1.0268094552853868	0.00060711097	0	1
1349.733810546723	39200.043	23.802698	1.029003910617373	0.000607211	0	1
1349.7351993885	39187.543	23.80459	1.0313133261889458	0.000607453	0	1
1349.7365882302765	39180.4	23.798317	1.033782305371444	0.00060740364	0	1
1349.7379770720536	39170.203	23.795254	1.0361888922316724	0.00060748355	0	1
1349.7393659138302	39195.312	23.802816	1.039549044973608	0.00060728734	0	1
1349.740754756072	39154.86	23.786165	1.0411871790220422	0.0006074895	0	1
1349.742143597849	39146.395	23.788727	1.0436897315647904	0.0006076863	0	1
1349.743532439626	39092.676	23.772581	1.0449978684444114	0.0006081083	0	1
1349.7449212814026	39103.8	23.776094	1.0480520795098573	0.0006080252	0	1
1349.7463101231783	39077.49	23.76854	1.050116760283497	0.00060824124	0	1
1349.747698965421	39084.348	23.771067	1.0530856388758343	0.00060819916	0	1
1349.749087807198	39040.188	23.757433	1.0546905423917432	0.00060853787	0	1
1349.7504766489747	39040.992	23.757149	1.0575196299639986	0.0006085181	0	1
1349.7518654907508	39048.312	23.758017	1.0605375073454684	0.0006084262	0	1
1349.7532543325274	39019.055	23.747416	1.0625712133366547	0.00060861075	0	1
1349.7546431743044	38983.402	23.744907	1.064436067495684	0.000609103	0	1
1349.7560320165462	38984.223	23.744955	1.0673033810605412	0.0006090914	0	1
1349.7574208583228	39001.62	23.746084	1.0706341160880182	0.00060884864	0	1
1349.7588097000998	38918.61	23.729467	1.0712109794629565	0.00060972036	0	1
1349.760198541877	38953.43	23.731323	1.0750339302815755	0.000609223	0	1
1349.7615873836535	38888.8	23.718735	1.0761155104747235	0.0006099117	0	1
1349.7629762254292	38917.08	23.725025	1.0797697333125185	0.0006096302	0	1
1349.7643650672062	38824.027	23.700699	1.08005634883871	0.0006104647	0	1
1349.765753909449	38918.95	23.727098	1.0855748497909063	0.0006096541	0	1
1349.767142751226	38831.805	23.702808	1.0860169750632749	0.0006103968	0	1
1349.768531593002	38873.8	23.71558	1.0900679068569434	0.0006100659	0	1
1349.7699204347787	38842.79	23.704449	1.0920718287517357	0.0006102664	0	1
1349.7713092765557	38830.266	23.703552	1.0945906797983407	0.00061044015	0	1
1349.772698118332	38791.65	23.69084	1.0963674709475486	0.00061072013	0	1
1349.7740869601084	38853.68	23.70522	1.1009868069287017	0.0006101152	0	1
1349.775475801885	38759.04	23.679457	1.1011592693809524	0.0006109402	0	1
1349.776864643662	38714.01	23.669018	1.1027249779245243	0.0006113812	0	1
1349.7782534859048	38758.887	23.681368	1.1068443108577497	0.00061099196	0	1
1349.7796423276804	38741.32	23.671858	1.1091742288307294	0.0006110235	0	1
1349.7810311694566	38672.406	23.65571	1.1100183313081566	0.0006116948	0	1
1349.7824200112336	38558.44	23.626368	1.1095454890077519	0.00061274174	0	1
1349.783808853011	38501.504	23.610605	1.110689570279137	0.00061323855	0	1
1349.7851976947873	38380.402	23.5766	1.1099569738714934	0.00061428745	0	1
1349.7865865365638	38234.098	23.533035	1.1084623328445518	0.00061549863	0	1
1349.787975378341	38125.473	23.505957	1.1080267554782968	0.00061654206	0	1
1349.789364220117	38024.293	23.475965	1.1077763979178887	0.0006173939	0	1
1349.790753061894	37831.535	23.422287	1.1048199290007823	0.0006191207	0	1
1349.7921419036707	37682.734	23.384878	1.1031047004935726	0.00062057277	0	1
1349.7935307454468	37511.984	23.332808	1.100705070406966	0.0006220094	0	1
1349.7949195872238	37398.47	23.300009	1.0999444597434376	0.0006230204	0	1
1349.7963084294668	37149.03	23.238693	1.0951394882417935	0.00062555313	0	1
1349.7976972712431	36974.992	23.183943	1.0925055380685786	0.0006270168	0	1
1349.7990861130188	36816.008	23.136156	1.0902699973554235	0.00062842655	0	1
1349.8004749547958	36622.457	23.08244	1.086962249133481	0.000630281	0	1
1349.801863796573	36371.63	23.01432	1.0818990986458736	0.00063275476	0	1
1349.8032526383495	36197.45	22.962797	1.0790610523109907	0.00063437613	0	1
1349.8046414801256	35972.285	22.894804	1.0746492713707043	0.00063645677	0	1
1349.8060303219027	35757.05	22.839895	1.0704769671747723	0.0006387522	0	1
1349.8074191636797	35511.023	22.768377	1.0653237318186222	0.0006411637	0	1
1349.8088080054556	35285.645	22.700909	1.0607296978827334	0.00064334687	0	1
1349.810196847232	35029.066	22.632805	1.0551364036566564	0.000646115	0	1
1349.811585689009	34815.54	22.567326	1.0507787461263127	0.0006481969	0	1
1349.812974530786	34513.91	22.485653	1.0436978947623174	0.00065149536	0	1
1349.8143633725626	34242.152	22.407982	1.0374524517703638	0.0006543976	0	1
1349.8157522143383	34002.016	22.335985	1.032100462749042	0.0006569018	0	1
1349.8171410561154	33780.848	22.269455	1.0272622490209455	0.00065923313	0	1
1349.8185298978924	33446.28	22.170605	1.0189082192314682	0.00066287204	0	1
1349.8199187396694	33264.81	22.116436	1.0151525951584013	0.00066485984	0	1
1349.821307581446	32960.95	22.029795	1.0075981938002583	0.00066836044	0	1
1349.8226964232222	32666.533	21.93964	1.0002626646205328	0.0006716244	0	1
1349.8240852649992	32392.084	21.864304	0.993470320849194	0.0006749891	0	1
1349.8254741067758	32117.36	21.780865	0.9866024188558835	0.0006781649	0	1
1349.826862948552	31851.287	21.69705	0.979933726917746	0.00068119855	0	1
1349.8282517903285	31617.152	21.626297	0.9741830827453892	0.0006840052	0	1
1349.8296406321056	31219.432	21.509232	0.9633217968158588	0.00068896933	0	1
1349.8310294738826	31006.479	21.441103	0.9580927874939716	0.000691504	0	1
1349.832418315659	30684.22	21.348595	0.9494210332474179	0.0006957516	0	1
1349.8338071574353	30474.46	21.27997	0.9441653040499723	0.00069828867	0	1
1349.835195999212	30120.562	21.178413	0.9343782249414788	0.0007031214	0	1
1349.836584840989	29845.016	21.089214	0.9269540182524076	0.00070662436	0	1
1349.837973682765	29536.383	20.995926	0.9184368992376908	0.0007108496	0	1
1349.839362524076	29368.309	20.937586	0.9142295192221487	0.0007129313	0	1
1349.840751365853	29083.04	20.85204	0.906314264945699	0.0007169828	0	1
1349.8421402076292	28759.434	20.74447	0.8971401743547847	0.00072131015	0	1
1349.8435290494058	28467.162	20.656202	0.8888799716604221	0.0007256151	0	1
1349.8449178911821	28251.951	20.585564	0.8829664336678867	0.0007286422	0	1
1349.8463067329594	27955.203	20.494516	0.8744457069482487	0.0007331199	0	1
1349.8476955747365	27720.64	20.42379	0.8678114782052907	0.0007367719	0	1
1349.8490844165135	27485.408	20.347677	0.8610999562232259	0.0007403084	0	1
1349.8504732582896	27300.094	20.284418	0.8558978419916662	0.0007430164	0	1
1349.8518621000653	27050.309	20.20438	0.8486203922864979	0.00074691867	0	1
1349.8532509418424	26797.61	20.131823	0.8411968540539788	0.00075125444	0	1
1349.8546397836194	26648.484	20.08025	0.8369725855353233	0.00075352314	0	1
1349.856028625396	26473.346	20.020887	0.8318812962850638	0.0007562658	0	1
1349.8574174667067	26344.275	19.97676	0.8281884668985822	0.0007582961	0	1
1349.858806308484	26126.312	19.909443	0.8216520217216683	0.0007620457	0	1
1349.860195150261	25981.104	19.85874	0.8173549937758199	0.0007643532	0	1
1349.8615839920367	25849.357	19.818949	0.8131679113993551	0.0007667095	0	1
1349.8629728338128	25786.484	19.797646	0.8111477578694212	0.0007677528	0	1
1349.8643616755899	25648.998	19.75407	0.8067808785363862	0.00077016925	0	1
1349.865750517367	25633.705	19.744167	0.8062578064711994	0.0007702424	0	1
1349.8671393591435	25558.95	19.723284	0.8038645981056093	0.00077167817	0	1
1349.8685282009192	25581.873	19.728832	0.8045436415024673	0.0007712036	0	1
1349.8699170422306	25550.32	19.714193	0.8035094288806989	0.000771583	0	1
1349.8713058840076	25532.371	19.714577	0.802903106694377	0.00077214045	0	1
1349.8726947257846	25681.895	19.757189	0.8075629981612047	0.00076930417	0	1
1349.8740835675612	25672.559	19.75559	0.807227357021101	0.0007695217	0	1
1349.8754724093374	25796.541	19.7936	0.8110834880399982	0.00076729665	0	1
1349.8768612511144	25864.861	19.822119	0.8131892048065076	0.00076637254	0	1
1349.878250092891	26001.69	19.865374	0.8174484701048917	0.0007640032	0	1
1349.8796389342015	26120.242	19.907162	0.8208203199274544	0.00076213543	0	1
1349.881027775978	26338.54	19.970642	0.8272778133293982	0.00075822894	0	1
1349.882416617755	26510.94	20.02725	0.8322435400648138	0.00075543346	0	1
1349.8838054595321	26681.373	20.086895	0.8370975198039117	0.0007528434	0	1
1349.8851943013087	26849.969	20.141651	0.8418433924017549	0.0007501555	0	1
1349.8865831426192	27059.55	20.205437	0.8478225598422164	0.0007467026	0	1
1349.8879719843958	27297.338	20.284346	0.8546315439947345	0.0007430888	0	1
1349.8893608261728	27603.574	20.379637	0.8635265939731048	0.000738297	0	1
1349.890749667949	27769.129	20.435514	0.8679648541220081	0.00073590764	0	1
1349.8921385097256	27993.914	20.509413	0.8742001788210885	0.0007326383	0	1
1349.8935273515026	28307.428	20.607548	0.8831473017966646	0.0007279908	0	1
1349.8949161928135	28600.932	20.69617	0.8914083283586156	0.0007236188	0	1
1349.8963050345897	28823.242	20.768944	0.8973908048434381	0.00072056236	0	1
1349.8976938763662	29145.373	20.868267	0.906419858515609	0.00071600615	0	1
1349.8990827181433	29414.076	20.952612	0.9137238898366249	0.00071233284	0	1
1349.9004715599203	29672.295	21.02916	0.9206405176310909	0.0007087136	0	1
1349.9018604012317	29932.014	21.113096	0.9275418629146084	0.0007053684	0	1
1349.9032492430078	30178.734	21.186638	0.9339786760096119	0.00070203864	0	1
1349.9046380847835	30464.395	21.273209	0.9415574552569845	0.00069829746	0	1
1349.9060269265608	30822.176	21.376905	0.9512970825333862	0.00069355604	0	1
1349.9074157678724	31078.043	21.461037	0.9578239113301181	0.00069055305	0	1
1349.9088046096485	31336.258	21.541475	0.9643598435812919	0.00068742974	0	1
1349.9101934514251	31604.021	21.617624	0.971125688837518	0.000684015	0	1
1349.9115822932022	31933.934	21.717037	0.9797337290464927	0.00068006146	0	1
1349.9129711345136	32177.367	21.793446	0.9856221367035968	0.00067729113	0	1
1349.9143599762892	32433.457	21.869698	0.9918352927725774	0.00067429437	0	1
1349.9157488180654	32750.842	21.962307	0.9998562270101452	0.0006705875	0	1
1349.9171376598426	33018.793	22.0442	1.0063007263278088	0.00066762586	0	1
1349.9185265011542	33300.973	22.126694	1.013113463253071	0.00066444586	0	1
1349.9199153429304	33600.703	22.211203	1.0203931240126516	0.00066103385	0	1
1349.921304184706	33802.023	22.27561	1.0246218453468903	0.0006590023	0	1
1349.922693026483	34121.664	22.365923	1.0323738362598158	0.0006554757	0	1
1349.9240818677945	34331.22	22.427576	1.0367316615098787	0.00065327063	0	1
1349.9254707095715	34647.69	22.516054	1.0442551890585154	0.0006498573	0	1
1349.9268595513481	34935.82	22.597393	1.0508571816793872	0.0006468259	0	1
1349.9282483931242	35039.89	22.629765	1.0518686032253306	0.0006458286	0	1
1349.9296372344359	35367.973	22.72704	1.0595485949343035	0.00064258813	0	1
1349.9310260762122	35548.49	22.776737	1.0627476634330475	0.0006407231	0	1
1349.9324149179888	35815.883	22.85285	1.068488174351586	0.0006380647	0	1
1349.9338037592993	36043.81	22.915592	1.072993000786818	0.00063577056	0	1
1349.9351926010763	36292.332	22.986616	1.0780545863223703	0.0006333739	0	1
1349.9365814428534	36499.344	23.04401	1.0818286885107966	0.0006313541	0	1
1349.93797028463	36658.0	23.097681	1.0841217635566285	0.0006300857	0	1
1349.9393591259404	36906.48	23.161652	1.0890215631256315	0.00062757684	0	1
1349.940747967717	37039.48	23.200354	1.0904666266700973	0.0006263682	0	1
1349.942136809494	37282.527	23.268381	1.0951055404302728	0.0006241095	0	1
1349.943525650805	37395.492	23.296364	1.0958797984122193	0.0006229725	0	1
1349.9449144925811	37579.79	23.349777	1.0987056119884617	0.0006213387	0	1
1349.9463033343582	37711.152	23.389175	1.0999447004484266	0.00062021904	0	1
1349.947692175669	37880.883	23.437204	1.1022657060379164	0.00061870797	0	1
1349.9490810174452	38095.68	23.48992	1.1058560659865437	0.00061660324	0	1
1349.9504698592218	38219.25	23.52166	1.1067604662059431	0.00061544013	0	1
1349.9518587005332	38260.656	23.535233	1.105260943821249	0.00061512884	0	1
1349.9532475423102	38396.54	23.57552	1.1064662202038256	0.0006140012	0	1
1349.9546363840873	38508.555	23.606638	1.1069553778124166	0.00061302324	0	1
1349.9560252253982	38629.52	23.640602	1.107675552716647	0.00061198283	0	1
1349.9574140671739	38649.582	23.646954	1.1054838222756616	0.00061182946	0	1
1349.9588029084853	38767.266	23.675243	1.106067033013852	0.0006107019	0	1
1349.9601917502623	38800.797	23.686314	1.1042321239793251	0.0006104595	0	1
1349.9615805920384	38754.234	23.673117	1.1001135570070055	0.0006108524	0	1
1349.9629694333494	38837.71	23.694847	1.0996796127363995	0.00061009894	0	1
1349.9643582751264	38790.06	23.68558	1.09552715539981	0.00061060954	0	1
1349.9657471169035	38854.06	23.699871	1.0945248677444253	0.0006099716	0	1
1349.9671359582135	38809.19	23.691412	1.0904534541058404	0.0006104588	0	1
1349.96852479999	38829.57	23.690863	1.0882171779211622	0.00061012426	0	1
1349.9699136413014	38899.867	23.71049	1.0873744313310438	0.00060952624	0	1
1349.9713024830785	38950.043	23.722513	1.085962642997144	0.00060904975	0	1
1349.9726913248546	38882.453	23.705765	1.0812718016955882	0.0006096777	0	1
1349.9740801661646	38868.336	23.705349	1.0780779356590697	0.00060988846	0	1
1349.9754690079417	38902.56	23.716026	1.0762284334476926	0.0006096264	0	1
1349.976857849253	38941.258	23.721226	1.074503500072125	0.00060915406	0	1
1349.9782466910303	38964.09	23.728603	1.0723432230255536	0.0006089865	0	1
1349.9796355328067	38969.52	23.728685	1.0697097895527299	0.0006089037	0	1
1349.9810243741176	38970.09	23.732618	1.0669512303513395	0.00060899573	0	1
1349.9824132158947	39037.22	23.750587	1.0660197187436977	0.0006084088	0	1
1349.9838020572051	38994.285	23.739296	1.0620913517929902	0.0006087891	0	1
1349.9851908989817	39046.395	23.74881	1.0607623052964406	0.0006082203	0	1
1349.9865797407579	39088.51	23.76148	1.0591672804014538	0.0006078891	0	1
1349.9879685820692	39065.97	23.760155	1.055831717821225	0.00060820597	0	1
1349.9893574238465	39071.605	23.75789	1.0532726377405135	0.0006080603	0	1
1349.9907462651572	39052.29	23.754221	1.050056291681386	0.00060826703	0	1
1349.9921351069338	39102.09	23.765654	1.0487115251642825	0.0006077847	0	1
1349.9935239482443	39113.555	23.77577	1.046350361158767	0.0006078652	0	1
1349.9949127900213	39149.562	23.781895	1.0446592259776457	0.0006074626	0	1
1349.9963016313322	39121.242	23.778511	1.0412684468843298	0.00060781586	0	1
1349.9976904731084	39177.895	23.782541	1.0401555362269677	0.0006070398	0	1
1349.9990793148854	39196.17	23.79334	1.038037560611303	0.00060703227	0	1
1350.0004681561968	39156.496	23.785646	1.034405647335234	0.00060745084	0	1
1350.0018569979734	39253.805	23.803436	1.0344087876067838	0.0006063982	0	1
1350.0032458392834	39222.234	23.80277	1.0310321498147548	0.0006068693	0	1
1350.0046346810605	39226.15	23.797943	1.0286114019107018	0.0006066857	0	1
1350.0060235223718	39256.164	23.807392	1.026894850523169	0.00060646253	0	1
1350.0074123641489	39216.508	23.799046	1.02337885911562	0.00060686294	0	1
1350.0088012054598	39333.156	23.826046	1.0239599762524734	0.00060574966	0	1
1350.0101900472355	39290.17	23.81851	1.0204043856139309	0.00060622056	0	1
1350.0115788885469	39322.723	23.827112	1.0188353407882125	0.0006059375	0	1
1350.012967730324	39318.04	23.823208	1.0163245447306186	0.0006059104	0	1
1350.0143565716346	39405.457	23.848888	1.0162146814089255	0.00060521794	0	1
1350.015745413411	39390.098	23.84516	1.0134757133780588	0.00060535927	0	1
1350.0171342547224	39342.34	23.830902	1.0099330762286438	0.0006057317	0	1
1350.0185230964994	39499.168	23.867226	1.0116709849383143	0.0006042463	0	1
1350.0199119378094	39403.996	23.8483	1.0069612593968345	0.00060522545	0	1
1350.021300779586	39381.9	23.846972	1.0041616255573629	0.00060553127	0	1
1350.0226896208974	39435.152	23.858139	1.0033095214332768	0.00060499675	0	1
1350.0240784626744	39476.984	23.86508	1.0021899075930465	0.0006045315	0	1
1350.025467303985	39513.367	23.876793	1.000956465251324	0.0006042713	0	1
1350.0268561457615	39488.11	23.871796	0.9981901266751516	0.00060453126	0	1
1350.0282449870729	39505.223	23.879082	0.996524874303239	0.0006044538	0	1
1350.0296338283838	39567.6	23.887663	0.9960272170029539	0.00060371775	0	1
1350.0310226701608	39450.24	23.865072	0.9910492361109132	0.00060494116	0	1
1350.0324115114713	39536.223	23.886791	0.9911895123886142	0.00060417486	0	1
1350.033800353248	39558.938	23.888313	0.9897802261467135	0.0006038664	0	1
1350.0351891945593	39557.984	23.889915	0.9878089637304879	0.0006039215	0	1
1350.0365780363354	39598.473	23.902664	0.9869022222792876	0.0006036259	0	1
1350.0379668776463	39557.367	23.885065	0.9839938581597408	0.00060380826	0	1
1350.039355719423	39557.496	23.888205	0.9821453219209015	0.0006038857	0	1
1350.0407445607343	39624.74	23.906435	0.9819924348770126	0.00060332095	0	1
1350.0421334020457	39642.99	23.913427	0.9806542472440338	0.0006032196	0	1
1350.0435222438218	39664.39	23.919958	0.979425289298586	0.0006030588	0	1
1350.0449110851328	39602.133	23.900724	0.9761655711807377	0.0006035211	0	1
1350.046299926909	39686.95	23.92313	0.9765636888451317	0.0006027959	0	1
1350.0476887682203	39691.0	23.928152	0.9750044115807408	0.0006028609	0	1
1350.0490776099969	39742.88	23.938505	0.9746517173568354	0.00060233445	0	1
1350.0504664513076	39744.89	23.940535	0.9731081182659755	0.00060235505	0	1
1350.0518552926192	39802.44	23.953087	0.9729564339143382	0.00060179946	0	1
1350.0532441343962	39759.977	23.942394	0.9703939596437196	0.00060217327	0	1
1350.0546329757067	39742.973	23.94035	0.9684899925073783	0.00060237944	0	1
1350.0560218174824	39713.203	23.930693	0.9663116651337142	0.0006025878	0	1
1350.0574106587937	39792.953	23.951561	0.9668315794079051	0.0006019046	0	1
1350.0587995001051	39762.836	23.945152	0.9647156782219536	0.0006021993	0	1
1350.0601883418822	39808.938	23.955242	0.9644839686057582	0.0006017554	0	1
1350.061577183193	39779.707	23.953197	0.962462229352897	0.00060214614	0	1
1350.062966024503	39837.61	23.96314	0.9625835744985619	0.0006015205	0	1
1350.0643548662802	39811.77	23.959824	0.9607164380191878	0.00060182763	0	1
1350.0657437075915	39839.01	23.96312	0.9601663469469351	0.0006014988	0	1
1350.0671325493681	39829.402	23.963127	0.9587638145944595	0.00060164416	0	1
1350.0685213906786	39869.035	23.9738	0.9585821616575488	0.0006013138	0	1
1350.06991023199	39859.83	23.973549	0.9572618943548755	0.0006014464	0	1
1350.071299073767	39884.08	23.977377	0.9567813601228543	0.00060117664	0	1
1350.072687915077	39834.336	23.964048	0.9545632153736071	0.00060159276	0	1
1350.074076756388	40003.652	24.0072	0.9576458760747438	0.00060012523	0	1
1350.075465598165	39848.664	23.971592	0.9529666425544863	0.00060156576	0	1
1350.0768544394764	39883.203	23.981024	0.9528773461287443	0.0006012813	0	1
1350.0782432807873	39950.85	23.996181	0.9536139318273092	0.0006006425	0	1
1350.0796321225635	39916.195	23.988342	0.9519450470814169	0.0006009677	0	1
1350.0810209638748	39952.324	23.991276	0.9520016035921286	0.00060049765	0	1
1350.0824098051858	39951.51	23.995253	0.9512146088628237	0.0006006094	0	1
1350.0837986469628	39919.35	23.988356	0.9497193376942246	0.00060092047	0	1
1350.0851874882733	40007.367	24.008705	0.951119741743812	0.0006001071	0	1
1350.0865763295842	39935.74	23.990541	0.9487621256815465	0.0006007286	0	1
1350.0879651713612	39952.65	23.998848	0.9485465113977858	0.0006006823	0	1
1350.0893540126722	39926.0	23.986233	0.9473345790790144	0.00060076726	0	1
1350.0907428539826	39983.34	23.998251	0.9481528046011356	0.00060020626	0	1
1350.0921316957592	40021.42	24.012444	0.9485509334767379	0.0005999898	0	1
1350.0935205370706	40029.848	24.015074	0.9482835109816152	0.0005999292	0	1
1350.094909378382	39997.973	24.004436	0.9470995878044002	0.00060014136	0	1
1350.0962982196925	39973.363	24.000408	0.9461262486154148	0.00060041004	0	1
1350.097687061469	40007.39	24.009201	0.9465786856746627	0.0006001191	0	1
1350.0990759027798	39941.74	23.994055	0.9447109364378748	0.00060072634	0	1
1350.1004647440914	40054.63	24.023806	0.9471038504181474	0.000599776	0	1
1350.1018535858675	40024.168	24.019176	0.946144691261472	0.0006001168	0	1
1350.1032424271784	40007.44	24.010714	0.94554857557641	0.0006001562	0	1
1350.1046312684898	39975.93	24.001865	0.9446413395081665	0.00060040795	0	1
1350.1060201098012	40075.285	24.02286	0.9468644331750177	0.0005994433	0	1
1350.1074089515782	40024.613	24.016047	0.9455807987779244	0.0006000319	0	1
1350.1087977928883	40068.08	24.025623	0.9465593457260655	0.00059962005	0	1
1350.110186634199	40017.547	24.014584	0.945355499866828	0.00060010137	0	1
1350.1115754755106	40017.7	24.011868	0.9453871326063578	0.00060003117	0	1
1350.1129643172876	40063.89	24.024149	0.9465446159332602	0.00059964595	0	1
1350.114353158598	40082.203	24.02876	0.94708173372387	0.00059948704	0	1
1350.115741999908	39973.887	24.003778	0.9446646460794793	0.00060048647	0	1
1350.1171308412195	40055.254	24.01978	0.9467682164174762	0.00059966615	0	1
1350.1185196829965	39980.285	24.001297	0.9452146281581071	0.0006003283	0	1
1350.1199085243074	39996.48	24.00826	0.9458540729230286	0.00060025934	0	1
1350.121297365618	39980.78	24.000048	0.9457772797788877	0.0006002896	0	1
1350.1226862069295	40031.215	24.02005	0.9473032040243324	0.000600033	0	1
1350.1240750482411	40020.055	24.014002	0.947409891274219	0.0006000492	0	1
1350.1254638900168	40085.836	24.02725	0.9493953795288932	0.000599395	0	1
1350.1268527313273	40007.52	24.009018	0.9479683019585022	0.00060011266	0	1
1350.1282415726387	40069.27	24.026176	0.9499353018227742	0.00059961603	0	1
1350.12963041395	39967.652	24.001364	0.9480293346334142	0.0006005197	0	1
1350.131019255727	40018.785	24.011007	0.9498024107605615	0.0005999934	0	1
1350.132408097038	39997.637	24.001572	0.9498981246502691	0.00060007477	0	1
1350.1337969383485	40014.93	24.01275	0.950944419360003	0.0006000948	0	1
1350.1351857796594	39977.902	24.004393	0.9507371004414161	0.00060044153	0	1
1350.1365746209708	39952.06	24.000048	0.9508322108515246	0.00060072116	0	1
1350.1379634622817	39938.793	23.993834	0.9512634250246763	0.0006007651	0	1
1350.1393523040579	39987.64	24.00295	0.9532121465774144	0.0006002592	0	1
1350.1407411453692	39982.125	23.99829	0.9539031734705397	0.00060022547	0	1
1350.1421299866802	39978.08	24.00664	0.9546663141965701	0.0006004951	0	1
1350.1435188279906	39921.992	23.987656	0.9542226185458244	0.0006008632	0	1
1350.1449076693016	39928.684	23.987082	0.9553153879677215	0.0006007481	0	1
1350.1462965110786	39989.746	24.006096	0.9577476237500422	0.00060030626	0	1
1350.14768535239	39906.035	23.979734	0.9567488638941591	0.000600905	0	1
1350.149074193701	39906.23	23.981771	0.9577964099571754	0.00060095306	0	1
1350.1504630350114	39933.96	23.985401	0.9595422395429802	0.00060062663	0	1
1350.1518518763223	39910.215	23.978329	0.9600878337294639	0.0006008068	0	1
1350.1532407176337	39867.586	23.960985	0.9602137176449907	0.0006010142	0	1
1350.1546295589442	39910.215	23.98423	0.9624293566132363	0.0006009547	0	1
1350.1560184007208	39904.445	23.982906	0.9635151568847753	0.00060100836	0	1
1350.1574072420321	39836.54	23.956846	0.9631343621764218	0.0006013787	0	1
1350.1587960833435	39837.92	23.964766	0.9644625361995698	0.0006015566	0	1
1350.160184924655	39842.613	23.96235	0.9659067279645364	0.0006014252	0	1
1350.161573765965	39845.84	23.96758	0.9673512469746556	0.0006015077	0	1
1350.1629626072759	39917.05	23.98367	0.970499860467037	0.0006008377	0	1
1350.1643514485872	39776.64	23.948513	0.9685050387294892	0.0006020748	0	1
1350.1657402898986	39874.83	23.964237	0.9723689054170641	0.0006009866	0	1
1350.1671291316748	39799.742	23.953234	0.9720431373973633	0.00060184393	0	1
1350.1685179729848	39767.594	23.947994	0.9727966574541214	0.0006021987	0	1
1350.1699068142962	39845.043	23.963978	0.9762674577854804	0.0006014293	0	1
1350.1712956556078	39805.547	23.953194	0.9769087255922625	0.00060175516	0	1
1350.1726844969185	39767.74	23.941898	0.9776223602911804	0.00060204323	0	1
1350.1740733382294	39766.336	23.940287	0.9792632258860487	0.00060202397	0	1
1350.1754621795408	39712.57	23.930143	0.9796458965288827	0.0006025836	0	1
1350.1768510208522	39745.18	23.940868	0.9821917883628228	0.00060235907	0	1
1350.1782398621622	39752.12	23.939432	0.984138265692091	0.00060221774	0	1
1350.1796287034726	39790.465	23.945478	0.9869101089059001	0.0006017894	0	1
1350.181017544784	39656.81	23.91087	0.9854182596066411	0.00060294487	0	1
1350.1824063865613	39652.15	23.913597	0.9871706729562715	0.0006030845	0	1
1350.183795227873	39647.676	23.917233	0.988959363938485	0.00060324423	0	1
1350.1851840691834	39668.445	23.919598	0.9914102432870835	0.000602988	0	1
1350.1865729104943	39661.883	23.916534	0.9932101969077067	0.0006030106	0	1
1350.1879617518048	39616.895	23.902012	0.9940764786433232	0.00060332875	0	1
1350.1893505931162	39609.73	23.900642	0.9959200485331515	0.0006034033	0	1
1350.190739434427	39616.426	23.899733	0.9981425633389547	0.00060327834	0	1
1350.1921282757376	39569.902	23.892181	0.9990522849676561	0.0006037968	0	1
1350.193517117049	39600.85	23.893759	1.0019470044802914	0.0006033648	0	1
1350.1949059583606	39551.445	23.886484	1.0028370632939818	0.0006039345	0	1
1350.1962947996713	39559.758	23.887962	1.0052174191284864	0.000603845	0	1
1350.1976836409813	39537.594	23.880249	1.0068512523741235	0.0006039884	0	1
1350.1990724822926	39456.367	23.85654	1.0070124109489773	0.000604631	0	1
1350.200461323604	39543.973	23.880228	1.0114928304308484	0.00060389045	0	1
1350.201850164915	39473.55	23.862339	1.011968383902657	0.0006045146	0	1
1350.2032390062254	39424.902	23.851088	1.013022191175607	0.0006049752	0	1
1350.2046278475364	39465.273	23.857464	1.0163893793423322	0.0006045179	0	1
1350.2060166888477	39498.258	23.869844	1.0195967339928242	0.0006043265	0	1
1350.2074055301591	39368.875	23.836212	1.0186325528254223	0.0006054583	0	1
1350.20879437147	39433.906	23.85284	1.0227198463406437	0.0006048815	0	1
1350.2101832127805	39408.402	23.847578	1.024486080913403	0.0006051394	0	1
1350.211572054092	39358.203	23.832804	1.025629677680553	0.00060553587	0	1
1350.2129608954033	39347.668	23.83083	1.0278265849640749	0.0006056478	0	1
1350.2143497367133	39366.285	23.837103	1.030808467326261	0.00060552073	0	1
1350.2157385780242	39321.902	23.824057	1.0321614368254137	0.0006058724	0	1
1350.2171274193356	39264.83	23.804012	1.033196557709206	0.0006062426	0	1
1350.218516260647	39393.777	23.834513	1.0391564732677288	0.00060503243	0	1
1350.2199051019577	39290.7	23.811874	1.0390102058484243	0.00060604356	0	1
1350.2212939432684	39242.598	23.798206	1.040331761025786	0.0006064381	0	1
1350.2226827845798	39243.492	23.79508	1.0429684338572722	0.0006063446	0	1
1350.2240716258907	39222.797	23.791683	1.0450486801356944	0.00060657796	0	1
1350.2254604672012	39234.477	23.796328	1.0480089437504618	0.00060651574	0	1
1350.226849308512	39205.68	23.787664	1.049904199109747	0.00060674024	0	1
1350.2282381498235	39229.48	23.786541	1.0532242984798061	0.0006063435	0	1
1350.2296269911349	39164.242	23.781105	1.0541669763866874	0.00060721475	0	1
1350.2310158324453	39117.28	23.764822	1.0556090680355692	0.00060752744	0	1
1350.2324046737563	39084.652	23.752054	1.0574468293137365	0.00060770795	0	1
1350.2337935150672	39104.926	23.76452	1.0607286843657964	0.00060771167	0	1
1350.2351823563786	39057.51	23.751135	1.062185480086984	0.0006081067	0	1
1350.23657119769	39128.793	23.76497	1.066884027012551	0.00060735253	0	1
1350.2379600390004	38994.027	23.731033	1.0659712892701574	0.00060858123	0	1
1350.2393488803114	39115.348	23.762884	1.0720662098372886	0.00060750794	0	1
1350.2407377211562	38998.2	23.732885	1.0716399514257822	0.0006085636	0	1
1350.2421265624675	39007.613	23.735855	1.0746901677676464	0.0006084929	0	1
1350.2435154037785	38970.8	23.724678	1.0764727115608184	0.0006087809	0	1
1350.2449042450892	38994.953	23.735884	1.07994533365738	0.0006086912	0	1
1350.2462930864008	38957.066	23.724194	1.0817048997582581	0.00060898304	0	1
1350.2476819277122	38903.086	23.702982	1.0830161190276915	0.0006092828	0	1
1350.2490707690226	38904.04	23.69927	1.0858570055831207	0.0006091725	0	1
1350.2504596103327	38916.207	23.703686	1.0890151223714384	0.0006090955	0	1
1350.251848451644	38853.184	23.691912	1.0900677223350004	0.0006097804	0	1
1350.2532372929554	38938.855	23.70964	1.095295084914046	0.0006088941	0	1
1350.2546261338011	38911.21	23.698515	1.097339540783957	0.0006090408	0	1
1350.256014975112	38778.52	23.670942	1.0964092378324282	0.0006104138	0	1
1350.257403816422	38787.285	23.667263	1.0994677367003387	0.00061018096	0	1
1350.2587926577335	38769.035	23.662374	1.1017570098576837	0.00061034213	0	1
1350.2601814990448	38807.305	23.672983	1.105650125915941	0.0006100136	0	1
1350.2615703403558	38763.27	23.659138	1.107193035942165	0.0006103494	0	1
1350.2629591816662	38754.938	23.659174	1.1097460123296319	0.00061048154	0	1
1350.2643480229776	38764.254	23.661634	1.1127973901938244	0.0006103983	0	1
1350.2657368638233	38742.06	23.663422	1.1149351128054477	0.0006107941	0	1
1350.2671257051334	38673.965	23.639322	1.1157362596786304	0.0006112464	0	1
1350.2685145464443	38782.992	23.667583	1.1216398606949531	0.00061025674	0	1
1350.2699033877557	38672.37	23.636518	1.1211794336994452	0.0006111991	0	1
1350.271292229067	38717.176	23.643251	1.1252077730666017	0.0006106657	0	1
1350.272681070378	38697.215	23.646898	1.127341846959072	0.00061107497	0	1
1350.2740699116885	38547.51	23.60625	1.1256694360392183	0.00061239366	0	1
1350.2754587525342	38474.676	23.587267	1.126210165996972	0.00061305956	0	1
1350.276847593845	38313.906	23.546122	1.1241436349319536	0.0006145581	0	1
1350.2782364351565	38318.8	23.546232	1.1269087147315684	0.0006144825	0	1
1350.279625276467	38186.88	23.504816	1.1256220981747533	0.00061552075	0	1
1350.2810141177779	38101.973	23.483038	1.125686085080678	0.0006163208	0	1
1350.2824029590893	37903.812	23.432806	1.1223634210707438	0.00061821763	0	1
1350.2837917999345	37776.484	23.392797	1.1210937050266947	0.0006192423	0	1
1350.285180641245	37597.32	23.343807	1.1182415970468065	0.0006208902	0	1
1350.286569482556	37482.848	23.310358	1.1172694629898405	0.000621894	0	1
1350.2879583238673	37324.707	23.262344	1.1149520804263144	0.0006232425	0	1
1350.2893471651787	37064.27	23.198292	1.1095251439322456	0.00062589365	0	1
1350.2907360060235	36913.617	23.156437	1.1073306087266463	0.0006273142	0	1
1350.2921248473344	36651.914	23.078428	1.1017500401383595	0.00062966504	0	1
1350.2935136886454	36555.137	23.05035	1.1010749701917417	0.00063056394	0	1
1350.2949025299567	36294.23	22.976587	1.0954034769067338	0.0006330645	0	1
1350.2962913712672	36097.22	22.918337	1.0916010105971623	0.0006349059	0	1
1350.2976802121125	35859.176	22.855783	1.0864992210009814	0.00063737616	0	1
1350.2990690534239	35634.383	22.780766	1.0817382742016257	0.0006392917	0	1
1350.3004578947352	35312.12	22.699478	1.0739527163910483	0.000642824	0	1
1350.3018467360466	35175.777	22.656921	1.0717603303119756	0.0006441058	0	1
1350.303235576891	34915.508	22.579542	1.065734035714479	0.00064669095	0	1
1350.3046244182017	34644.867	22.50181	1.0593254813546902	0.0006494991	0	1
1350.3060132595133	34354.344	22.417223	1.052241532446992	0.00065252953	0	1
1350.3074021008247	34194.848	22.37025	1.0491090122486275	0.00065419945	0	1
1350.3087909416695	33840.812	22.27785	1.039942841463436	0.00065831305	0	1
1350.3101797829795	33558.87	22.18301	1.032920858068468	0.0006610178	0	1
1350.3115686242909	33299.55	22.110743	1.026528627776041	0.0006639952	0	1
1350.3129574656023	33037.996	22.032143	1.020002058707456	0.00066687283	0	1
1350.3143463064475	32724.695	21.936066	1.0118100936468135	0.00067032146	0	1
1350.315735147758	32459.846	21.856571	1.0050484441721956	0.0006733418	0	1
1350.3171239890696	32169.871	21.774302	0.9974424403029721	0.0006768539	0	1
1350.3185128303812	31897.861	21.702642	0.9903270209042816	0.0006803792	0	1
1350.3199016712256	31608.99	21.613876	0.98262210616547	0.0006837889	0	1
1350.321290512536	31288.086	21.506176	0.9738538883118341	0.0006873599	0	1
1350.3226793538474	31013.879	21.430864	0.9664727294443587	0.0006910088	0	1
1350.3240681951588	30703.352	21.329163	0.9578943057942076	0.00069468515	0	1
1350.3254570360045	30454.81	21.252958	0.9511857829191768	0.0006978522	0	1
1350.3268458773155	30093.848	21.149061	0.9409010345308938	0.00070277025	0	1
1350.3282347186262	29811.846	21.062075	0.9330196775526	0.0007065002	0	1
1350.3296235594712	29483.459	20.957031	0.9236231621354158	0.0007108064	0	1
1350.3310124007826	29222.074	20.876352	0.916263550548217	0.0007144035	0	1
1350.3324012420935	28871.838	20.769995	0.9060562435579904	0.000719386	0	1
1350.3337900829383	28664.42	20.696127	0.9002713679771099	0.0007220145	0	1
1350.3351789242497	28340.752	20.601627	0.8907775093079847	0.0007269259	0	1
1350.3365677655606	28044.936	20.509686	0.882099965076447	0.0007313151	0	1
1350.3379566064054	27818.24	20.441479	0.8755405172299556	0.0007348229	0	1
1350.3393454477164	27568.023	20.354233	0.8681866146166421	0.0007383276	0	1
1350.3407342890278	27302.943	20.266026	0.8603106362883729	0.00074226526	0	1
1350.3421231298735	27028.96	20.181265	0.8521007386989835	0.00074665336	0	1
1350.3435119711844	26728.201	20.080887	0.8429938235058739	0.0007512996	0	1
1350.3449008124949	26531.387	20.019506	0.8371145649806347	0.00075455935	0	1
1350.3462896533401	26352.254	19.961308	0.8317448949798668	0.0007574801	0	1
1350.3476784946515	26087.01	19.879206	0.8236091934094902	0.0007620347	0	1
1350.349067335963	25898.648	19.810772	0.8178535014177829	0.0007649346	0	1
1350.3504561768077	25765.775	19.755314	0.8138046146247097	0.0007667269	0	1
1350.3518450181186	25592.273	19.711933	0.8084278470024092	0.00077022985	0	1
1350.35323385943	25355.111	19.641777	0.8009959426994393	0.00077466737	0	1
1350.3546227002757	25349.402	19.630716	0.8008327733946811	0.0007744055	0	1
1350.3560115415858	25218.908	19.58649	0.7964535161252397	0.00077665894	0	1
1350.3574003828967	25079.922	19.544672	0.7918089696100105	0.0007792956	0	1
1350.3587892237424	25065.049	19.533976	0.7910845862235845	0.00077933125	0	1
1350.3601780650538	24971.209	19.513845	0.7878691796012758	0.0007814538	0	1
1350.3615669058986	24949.72	19.505075	0.7869378795002043	0.0007817753	0	1
1350.3629557472086	24944.807	19.496231	0.7865297769350152	0.00078157475	0	1
1350.3657334293662	25083.98	19.531845	0.7904094894407502	0.00077865814	0	1
1350.3671222706766	25141.242	19.556173	0.7919592266962677	0.0007778523	0	1
1350.3685111119876	25221.459	19.589857	0.7942308299908726	0.0007767139	0	1
1350.3698999528333	25300.885	19.612528	0.7964760728631024	0.0007751716	0	1
1350.3712887941447	25440.846	19.661482	0.8006249187888463	0.0007728313	0	1
1350.3726776349895	25609.502	19.72244	0.8054009931028872	0.000770122	0	1
1350.3740664763004	25773.09	19.767675	0.8099699840264473	0.00076698896	0	1
1350.3754553171452	25935.822	19.823687	0.8144641252548496	0.00076433615	0	1
1350.3768441584568	26090.738	19.881104	0.8186646937953743	0.0007619985	0	1
1350.3782329997684	26396.957	19.96776	0.8275604708729595	0.00075644173	0	1
1350.3796218406133	26543.402	20.01975	0.8313946954607891	0.000754227	0	1
1350.3810106819242	26758.773	20.094622	0.8373373150784006	0.0007509545	0	1
1350.382399522769	27094.594	20.19672	0.8469923125101442	0.0007454151	0	1
1350.3837883640804	27243.03	20.250048	0.8507344333940627	0.00074331113	0	1
1350.3851772049256	27625.002	20.360376	0.861712009608009	0.00073702715	0	1
1350.386566046236	27853.68	20.443462	0.86784721166766	0.00073395914	0	1
1350.3879548875475	28075.432	20.519754	0.8737111803786747	0.0007308794	0	1
1350.389343728379	28365.39	20.609837	0.8816396401041325	0.00072658394	0	1
1350.390732569631	28621.352	20.696768	0.8884515552939828	0.0007231234	0	1
1350.392121410387	28971.566	20.80015	0.8981264988579312	0.00071795046	0	1
1350.3935102516095	29251.873	20.88816	0.9055700418923259	0.0007140794	0	1
1350.3948990923664	29497.025	20.968756	0.9118651376761872	0.00071087695	0	1
1350.3962879335886	29858.773	21.073547	0.9217005559388476	0.00070577406	0	1
1350.3976767743447	30101.76	21.145458	0.9278056877092458	0.0007024658	0	1
1350.3990656155665	30436.03	21.254972	0.9366610427838682	0.0006983491	0	1
1350.4004544563231	30718.94	21.336845	0.94387039677799	0.00069458276	0	1
1350.4018432975463	31033.252	21.43388	0.9519799280973835	0.00069067464	0	1
1350.403232138303	31289.22	21.509438	0.958236255153319	0.0006874392	0	1
1350.4046209795247	31657.838	21.618942	0.9678760930511768	0.00068289385	0	1
1350.4060098202817	31873.385	21.688688	0.9727718580494791	0.0006804639	0	1
1350.407398661504	32197.115	21.778854	0.9809074865544839	0.00067642255	0	1
1350.40878750226	32526.139	21.879549	0.9891363995581373	0.0006726759	0	1
1350.410176343482	32719.766	21.940872	0.9931871730915652	0.00067056937	0	1
1350.4115651842385	33040.934	22.037079	1.0010493223170263	0.00066696294	0	1
1350.4129540254612	33295.316	22.114296	1.0068248288918282	0.0006641864	0	1
1350.414342866217	33621.035	22.204973	1.0146941824706248	0.0006604488	0	1
1350.4157317074387	33871.76	22.280342	1.020237468098855	0.00065778516	0	1
1350.4171205481957	34122.684	22.357698	1.0257286735923357	0.0006552151	0	1
1350.418509389418	34442.926	22.44768	1.0332418630713127	0.0006517356	0	1
1350.4198982301746	34671.797	22.509287	1.037954050601193	0.0006492103	0	1
1350.4212870713964	34920.473	22.59008	1.043204052087873	0.00064690073	0	1
1350.4226759121525	35144.426	22.647215	1.0476613161174655	0.0006444042	0	1
1350.424064753375	35443.324	22.733484	1.0542959019421874	0.00064140384	0	1
1350.4254535941318	35669.03	22.794289	1.058697024184419	0.00063904986	0	1
1350.4268424353536	35883.156	22.864086	1.0627042009581398	0.00063718157	0	1
1350.4282312761102	36058.184	22.916363	1.0655073566106943	0.0006355385	0	1
1350.4296201173333	36341.484	22.989197	1.071460004488852	0.0006325883	0	1
1350.43100895809	36551.215	23.047533	1.0751920697174604	0.0006305545	0	1
1350.432397798846	36821.523	23.121597	1.080656207378584	0.000627937	0	1
1350.4337866400679	36899.39	23.14998	1.080432342993015	0.0006273811	0	1
1350.4351754808247	37149.0	23.215427	1.0851992999086304	0.0006249274	0	1
1350.4365643220472	37345.312	23.272833	1.0883642652626082	0.0006231795	0	1
1350.4379531628033	37457.29	23.311247	1.0890366979104886	0.00062234205	0	1
1350.4393420040249	37641.45	23.35836	1.0917748695799598	0.0006205489	0	1
1350.4407308447817	37873.285	23.419828	1.0958555321537489	0.0006183733	0	1
1350.4421196855383	37920.26	23.43451	1.0945575398479854	0.0006179944	0	1
1350.443508526761	38058.66	23.474077	1.0958761553269176	0.00061678677	0	1
1350.444897367517	38228.78	23.516026	1.0980782929174344	0.0006151393	0	1
1350.4462862087385	38291.53	23.540318	1.09717273956644	0.0006147656	0	1
1350.4476750494955	38488.86	23.584799	1.1000987653119414	0.0006127695	0	1
1350.449063890252	38490.652	23.592302	1.097416785482708	0.00061293587	0	1
1350.450452731474	38595.332	23.617048	1.09765665631391	0.0006119146	0	1
1350.45184157223	38659.105	23.637617	1.0967181846756935	0.00061143725	0	1
1350.4532304134523	38761.754	23.6649	1.096861313368348	0.0006105219	0	1
1350.454619254209	38660.32	23.638954	1.0912432147643134	0.0006114526	0	1
1350.456008094966	38761.867	23.663551	1.0913471439683222	0.0006104853	0	1
1350.4573969361882	38792.492	23.673426	1.0894458703091017	0.0006102579	0	1
1350.4587857769452	38772.89	23.671984	1.0861352573019971	0.00061052927	0	1
1350.4601746181675	38771.68	23.669703	1.0833442561032542	0.00061048946	0	1
1350.4615634589236	38811.84	23.676302	1.0817103646394597	0.0006100278	0	1
1350.4629522996797	38724.504	23.661825	1.0765271191312962	0.0006110298	0	1
1350.464341140902	38827.926	23.68095	1.0766597354738647	0.0006098948	0	1
1350.4657299816588	38855.812	23.689388	1.0746910611213412	0.00060967426	0	1
1350.4671188224156	38804.355	23.683361	1.0705370285080364	0.0006103274	0	1
1350.4685076636374	38904.15	23.705994	1.0705606720262906	0.0006093436	0	1
1350.4698965043933	38909.812	23.7035	1.0679959185318757	0.00060919084	0	1
1350.4712853451501	38902.227	23.704027	1.0650776721897837	0.00060932315	0	1
1350.4726741863724	38940.25	23.714293	1.0634168947352336	0.0006089918	0	1
1350.4740630271285	38934.77	23.714216	1.0605774922251652	0.00060907553	0	1
1350.4754518678847	38981.965	23.725355	1.059182561660072	0.0006086239	0	1
1350.476840709107	38951.055	23.71716	1.0556775270129088	0.0006088965	0	1
1350.478229549864	39010.426	23.733562	1.0546314053741745	0.00060839026	0	1
1350.4796183906199	39015.727	23.737038	1.05213384369262	0.00060839666	0	1
1350.4810072318414	39064.37	23.75115	1.0508169439107058	0.0006080003	0	1
1350.482396072599	39072.07	23.752897	1.0484110109947211	0.00060792523	0	1
1350.4837849133564	39015.766	23.739645	1.0443077595373274	0.0006084629	0	1
1350.4851737545782	39005.844	23.732685	1.0414678988998403	0.0006084392	0	1
1350.4865625953344	39105.156	23.760283	1.0415569232637567	0.00060759974	0	1
1350.487951436091	39065.055	23.75273	1.0379476163327772	0.0006080301	0	1
1350.489340276848	39150.008	23.77427	1.0376775339429587	0.0006072609	0	1
1350.4907291180702	39130.41	23.76942	1.0346521664524957	0.0006074411	0	1
1350.4921179588264	39130.2	23.773306	1.0321613366222637	0.0006075437	0	1
1350.4935067995825	39135.12	23.766653	1.0298268389046272	0.0006072973	0	1
1350.4948956408048	39192.62	23.784998	1.028893817109224	0.0006068744	0	1
1350.4962844815616	39135.242	23.772713	1.0249673073151508	0.00060745026	0	1
1350.4976733223175	39212.52	23.79454	1.02458918965266	0.0006068098	0	1
1350.4990621630736	39318.914	23.817532	1.0249906419554906	0.0006057525	0	1
1350.500451004296	39212.67	23.791164	1.0198598924274513	0.0006067213	0	1
1350.501839845053	39228.727	23.788586	1.017946261727586	0.0006064073	0	1
1350.503228685809	39282.117	23.807629	1.0170222866550922	0.0006060679	0	1
1350.5046175270309	39313.43	23.81721	1.0155471585585614	0.0006058288	0	1
1350.5060063677874	39241.24	23.797323	1.0114346878553644	0.00060643663	0	1
1350.507395208544	39357.496	23.823034	1.012186906866537	0.0006052985	0	1
1350.5087840493002	39351.906	23.824644	1.0098341207880226	0.0006054254	0	1
1350.5101728905229	39336.12	23.826027	1.0072480740544878	0.0006057035	0	1
1350.5115617312802	39422.312	23.845444	1.0072969820207756	0.0006048718	0	1
1350.512950572037	39398.316	23.843678	1.004555031386271	0.00060519535	0	1
1350.5143394127936	39361.637	23.833384	1.0015213037941875	0.0006054978	0	1
1350.5157282535497	39445.61	23.857334	1.0015837110389656	0.00060481596	0	1
1350.5171170947715	39456.188	23.853756	0.999806672368527	0.0006045631	0	1
1350.518505935528	39490.465	23.861769	0.9986573290196625	0.0006042413	0	1
1350.5198947762851	39463.273	23.858213	0.9959829647904258	0.0006045675	0	1
1350.521283617041	39502.027	23.87396	0.9950025059618828	0.00060437305	0	1
1350.5226724582626	39523.832	23.875753	0.9936225848130377	0.000604085	0	1
1350.5240612990196	39575.4	23.879124	0.9930180932980758	0.000603383	0	1
1350.5254501397762	39539.3	23.879663	0.9902442734467817	0.00060394756	0	1
1350.5268389805324	39497.266	23.86167	0.9873567502540813	0.0006041347	0	1
1350.5282278212885	39555.277	23.880041	0.9870010872420322	0.00060371315	0	1
1350.5296166625108	39538.48	23.87625	0.9848087483163793	0.00060387375	0	1
1350.5310055032676	39640.45	23.902159	0.9856029519388291	0.000602974	0	1
1350.5323943440235	39614.4	23.899055	0.9832432032492382	0.00060329214	0	1
1350.5337831847796	39611.883	23.902197	0.9815014812423979	0.0006034098	0	1
1350.5351720255367	39633.92	23.906605	0.9804002279240186	0.00060318544	0	1
1350.5365608667596	39665.312	23.916117	0.979561198328456	0.0006029479	0	1
1350.5379497075169	39661.445	23.911509	0.9778836564745367	0.0006028905	0	1
1350.539338548273	39613.61	23.903131	0.9751575736078011	0.00060340704	0	1
1350.5407273890291	39716.715	23.925425	0.9761787740508193	0.0006024019	0	1
1350.542116229786	39696.066	23.921211	0.9741890569071888	0.0006026091	0	1
1350.5435050705428	39654.04	23.908932	0.9717110764448901	0.0006029381	0	1
1350.5448939117646	39717.715	23.925135	0.9718568138706539	0.00060237944	0	1
1350.5462827525205	39814.367	23.952875	0.9728536975053941	0.00060161384	0	1
1350.5476715932773	39702.41	23.924448	0.9687576176094043	0.00060259434	0	1
1350.549060434034	39741.88	23.935026	0.9684090417770586	0.0006022621	0	1
1350.55044927479	39763.81	23.946507	0.9676659823741476	0.0006022186	0	1
1350.5518381155462	39807.844	23.948753	0.9674938467694659	0.0006016089	0	1
1350.5532269563028	39719.527	23.9247	0.9641577295509401	0.000602341	0	1
1350.5546157975255	39826.207	23.95536	0.9655573626570929	0.0006014974	0	1
1350.556004638282	39805.355	23.948423	0.9639142004508586	0.0006016382	0	1
1350.5573934790382	39829.562	23.95177	0.9633976646117566	0.0006013566	0	1
1350.5587823197943	39840.67	23.961298	0.9625990577776052	0.00060142804	0	1
1350.560171160551	39873.953	23.962042	0.9623708044708423	0.00060094474	0	1
1350.5615600013077	39876.75	23.970207	0.9614418078962939	0.0006011074	0	1
1350.5629488420636	39857.324	23.963823	0.9600134449833119	0.00060124014	0	1
1350.5643376828207	39781.625	23.944931	0.9572851892851814	0.0006019093	0	1
1350.5657265235782	39933.195	23.97906	0.9600258225826691	0.00060047937	0	1
1350.5671153648004	39870.28	23.966015	0.9576615745037926	0.00060109975	0	1
1350.5685042055566	39901.723	23.971653	0.9576007310607791	0.0006007674	0	1
1350.5698930463127	39940.977	23.97798	0.9577624036540989	0.00060033536	0	1
1350.5712818870693	39908.184	23.969639	0.9562328084524295	0.00060061965	0	1
1350.572670727826	40000.85	23.998425	0.9577627437270263	0.0005999478	0	1
1350.574059568582	39914.137	23.971922	0.9549985052593074	0.0006005873	0	1
1350.5754484093382	39948.746	23.990911	0.9551925393914537	0.0006005423	0	1
1350.5768372500952	39927.61	23.977507	0.9540901746927672	0.0006005245	0	1
1350.5782260908518	40016.39	24.004393	0.9556501967875182	0.000599864	0	1
1350.5796149316084	39936.535	23.979115	0.953219619524435	0.00060043053	0	1
1350.5810037723645	39921.914	23.979189	0.9523841581726455	0.0006006523	0	1
1350.5823926131206	39974.844	23.99906	0.9531966532530953	0.00060035405	0	1
1350.5837814538772	39979.438	23.995758	0.9528928862590046	0.0006002025	0	1
1350.5851702951	39981.508	23.993467	0.9525658832710442	0.0006001141	0	1
1350.586559135856	40027.242	24.010157	0.9533157749019024	0.00059984537	0	1
1350.587947976612	40015.785	24.006744	0.9527403143797029	0.00059993187	0	1
1350.5893368173688	40031.645	24.006018	0.9528522764400754	0.00059967604	0	1
1350.5907256581263	40020.67	24.010424	0.9523626142278997	0.00059995055	0	1
1350.592114498883	40076.152	24.02238	0.9534912031291746	0.00059941836	0	1
1350.593503339639	39970.695	23.998863	0.9508280504907245	0.00060041144	0	1
1350.5948921803956	40049.555	24.015186	0.9525866586796041	0.0005996368	0	1
1350.5962810211527	40036.605	24.006222	0.9521984894727203	0.00059960684	0	1
1350.5976698619086	40008.25	24.002764	0.9514810625567433	0.0005999454	0	1
1350.5990587026645	40071.47	24.01854	0.9529785464894632	0.0005993925	0	1
1350.6004475434215	40015.484	24.003986	0.9516781991909049	0.00059986743	0	1
1350.6018363841781	39991.48	23.992006	0.9511753909558266	0.0005999279	0	1
1350.603225224935	40009.473	24.00537	0.9517084424016427	0.00059999217	0	1
1350.6046140656908	40032.754	24.008987	0.9524044293421757	0.0005997336	0	1
1350.606002906447	40051.586	24.01712	0.9530317243045265	0.0005996547	0	1
1350.607391747204	40034.08	24.01012	0.9528312785223848	0.00059974205	0	1
1350.6087805879606	40023.44	24.003735	0.9528311387133073	0.0005997419	0	1
1350.6101694287167	40025.04	24.007418	0.9531590924936616	0.00059981	0	1
1350.6115582694729	40024.9	24.005484	0.9534825120592173	0.00059976376	0	1
1350.6129471102295	40012.707	24.008114	0.9535555524138443	0.00060001225	0	1
1350.614335950986	40030.36	23.998093	0.9543766275031754	0.0005994973	0	1
1350.6157247917422	40068.312	24.015535	0.9557190117480661	0.0005993648	0	1
1350.6171136324992	39997.395	23.999617	0.954500855035547	0.0006000295	0	1
1350.6185024732565	40026.94	24.000458	0.9557163192107837	0.0005996076	0	1
1350.6198913140133	40074.9	24.016207	0.9574089420479133	0.000599283	0	1
1350.6212801547695	39958.836	23.994062	0.95521855286064	0.00060046953	0	1
1350.6226689955256	40099.74	24.02521	0.9592255558696327	0.00059913634	0	1
1350.6240578362822	40008.7	24.002415	0.9576859341999373	0.0005999299	0	1
1350.6254466770388	39941.42	23.991467	0.9567664798392016	0.00060066633	0	1
1350.6268355177958	40058.21	24.020195	0.960293277762376	0.0005996323	0	1
1350.628224358086	39983.855	23.99846	0.9592747204241037	0.00060020376	0	1
1350.629613198842	40041.75	24.01277	0.961464770857413	0.00059969333	0	1
1350.631002039599	39957.97	23.9925	0.9602883197692053	0.00060044345	0	1
1350.6323908803556	39982.68	23.995718	0.9617537668327091	0.0006001528	0	1
1350.6337797211118	40017.273	24.00474	0.9634939594236914	0.00059985946	0	1
1350.6351685618679	39925.113	23.972143	0.962216539652444	0.0006004277	0	1
1350.6365574026245	39990.426	23.993423	0.9647691514564289	0.0005999792	0	1
1350.6379462433815	40012.99	23.998253	0.9663279641600218	0.00059976155	0	1
1350.6393350841374	39967.887	23.995415	0.9662873286809858	0.0006003674	0	1
1350.6407239248933	39945.473	23.982937	0.9668285179273441	0.0006003919	0	1
1350.6421127656504	39937.438	23.984644	0.9677518564000133	0.0006005554	0	1
1350.643501606407	39936.273	23.983477	0.9688762506011097	0.0006005437	0	1
1350.6448904471645	39950.176	23.988268	0.9704012172136068	0.00060045463	0	1
1350.6462792874554	39953.582	23.982668	0.971706285653717	0.0006002633	0	1
1350.6476681282115	39897.363	23.969719	0.9715939452207559	0.00060078455	0	1
1350.6490569689684	39895.23	23.965252	0.972831065987222	0.0006007047	0	1
1350.6504458097252	39872.7	23.966024	0.9736039740951352	0.0006010635	0	1
1350.6518346504813	39886.535	23.973293	0.975298433616322	0.00060103723	0	1
1350.6532234912374	39919.125	23.97695	0.977486720940844	0.00060063816	0	1
1350.654612331994	39823.016	23.9405	0.9765547934674569	0.00060117245	0	1
1350.6560011727506	39779.723	23.942387	0.9769462608659565	0.00060187414	0	1
1350.6573900135068	39807.83	23.947254	0.9791236522181296	0.00060157146	0	1
1350.6587788537972	39815.574	23.945341	0.9808344295113433	0.0006014064	0	1
1350.6601676945538	39852.96	23.961256	0.983309739040934	0.00060124154	0	1
1350.6615565353109	39811.496	23.946224	0.9838717226629917	0.0006014902	0	1
1350.662945376067	39739.004	23.925625	0.9836944670448001	0.0006020691	0	1
1350.664334216823	39798.777	23.94467	0.9868226772666798	0.00060164335	0	1
1350.6657230575797	39736.055	23.931498	0.9869450373784523	0.00060226157	0	1
1350.6671118983363	39820.367	23.950714	0.9907517097693762	0.00060146896	0	1
1350.6685007386277	39780.094	23.935663	0.991491629391533	0.0006016995	0	1
1350.6698895793836	39756.914	23.936863	0.9926856488788393	0.0006020805	0	1
1350.6712784201404	39683.188	23.91444	0.9926437413406253	0.00060263404	0	1
1350.672667260898	39669.094	23.90273	0.9941197108333988	0.00060255296	0	1
1350.6740561016545	39767.6	23.935528	0.9984737556531291	0.00060188514	0	1
1350.6754449424106	39755.953	23.931953	1.0000732916877186	0.0006019716	0	1
1350.6768337827011	39658.633	23.907755	0.9995197071330999	0.0006028386	0	1
1350.6782226234577	39629.12	23.898207	1.000720147535443	0.0006030466	0	1
1350.6796114642145	39667.11	23.909632	1.0036541185224768	0.0006027571	0	1
1350.6810003049704	39665.566	23.89498	1.0056179317538143	0.00060241116	0	1
1350.6823891457266	39640.906	23.889555	1.0070222122550194	0.00060264906	0	1
1350.683777986018	39606.504	23.887177	1.0082034534783018	0.00060311245	0	1
1350.6851668267745	39561.24	23.877234	1.009131090173951	0.0006035512	0	1
1350.6865556675307	39582.742	23.88138	1.0117873205644228	0.0006033281	0	1
1350.6879445082868	39526.605	23.86725	1.0124833482588005	0.0006038275	0	1
1350.6893333490434	39535.312	23.86784	1.014863635315444	0.0006037094	0	1
1350.6907221893343	39508.31	23.86644	1.016351613580713	0.0006040866	0	1
1350.6921110300914	39572.98	23.869709	1.0202250163676327	0.000603182	0	1
1350.6934998708475	39457.477	23.838163	1.0194749554123048	0.0006041482	0	1
1350.6948887116034	39521.715	23.862719	1.0233900881474678	0.00060378754	0	1
1350.6962775523602	39430.586	23.848215	1.0233040518835694	0.00060481514	0	1
1350.6976663926512	39499.93	23.862919	1.0274044035175431	0.0006041256	0	1
1350.6990552334082	39391.848	23.83837	1.0269100915170648	0.00060515996	0	1
1350.7004440741648	39416.023	23.835915	1.0298806715618825	0.0006047265	0	1
1350.7018329149214	39394.082	23.83557	1.031667855794333	0.00060505455	0	1
1350.7032217552128	39386.83	23.82894	1.033858828686389	0.0006049977	0	1
1350.7046105959687	39405.8	23.836182	1.036759277859692	0.00060489017	0	1
1350.7059994367246	39340.902	23.821028	1.037470041016104	0.0006055028	0	1
1350.7073882774816	39460.84	23.845734	1.043081306154122	0.00060428854	0	1
1350.7087771177726	39330.516	23.816912	1.0420881858629583	0.0006055581	0	1
1350.7101659585294	39315.84	23.810623	1.044171674574543	0.00060562417	0	1
1350.7115547992853	39402.57	23.828629	1.048972630559019	0.0006047481	0	1
1350.7129436400414	39290.656	23.80518	1.0484956044255616	0.0006058738	0	1
1350.7143324803328	39331.605	23.819185	1.0521117102904118	0.0006055991	0	1
1350.7157213210894	39286.812	23.800764	1.053449322441267	0.0006058207	0	1
1350.7171101618455	39272.695	23.803534	1.0556203291629975	0.000606109	0	1
1350.718499002136	39207.742	23.773052	1.0564336947306407	0.00060633564	0	1
1350.7198878428926	39290.996	23.801817	1.0612548248632627	0.00060578296	0	1
1350.7212766836494	39174.082	23.776215	1.0606797317462826	0.0006069374	0	1
1350.7226655244053	39209.05	23.779758	1.0642233279929076	0.00060648646	0	1
1350.7240543646958	39188.21	23.780125	1.0662640642583534	0.00060681836	0	1
1350.7254432054533	39105.062	23.751637	1.0666127276585389	0.0006073801	0	1
1350.7268320462108	39114.332	23.764473	1.069486611879062	0.00060756435	0	1
1350.7282208865013	39132.4	23.75929	1.07261146119735	0.0006071514	0	1
1350.7296097272574	39078.676	23.750715	1.0737739688677792	0.0006077666	0	1
1350.730998568014	39156.973	23.768326	1.0785726292855893	0.00060700113	0	1
1350.732387408305	39074.22	23.743624	1.0789409751612768	0.00060765445	0	1
1350.733776249062	39037.848	23.736202	1.0805872433825505	0.00060803053	0	1
1350.735165089818	38970.805	23.71849	1.0813818419415455	0.00060862204	0	1
1350.7365539301084	39022.062	23.720913	1.0854615223967332	0.00060788466	0	1
1350.7379427708652	39005.125	23.721401	1.0876491642368964	0.00060816115	0	1
1350.7393316116218	39094.02	23.750177	1.0927883575582777	0.00060751435	0	1
1350.7407204519122	38923.156	23.700863	1.0906739666805592	0.0006089142	0	1
1350.7421092926684	38932.207	23.697224	1.0935836228683202	0.0006086792	0	1
1350.743498133425	39022.46	23.723442	1.0987798607645916	0.0006079433	0	1
1350.7448869737163	38917.74	23.700499	1.09848293200672	0.0006089896	0	1
1350.7462758144723	38922.758	23.697628	1.1012736907608787	0.00060883735	0	1
1350.7476646552282	38969.473	23.712786	1.1052436220134927	0.0006084964	0	1
1350.7490534955195	38847.375	23.680832	1.1044155547129855	0.0006095864	0	1
1350.7504423362761	38970.7	23.71593	1.1105587399396721	0.000608558	0	1
1350.7518311770323	38798.508	23.668804	1.108259944189117	0.00061004417	0	1
1350.7532200173232	38892.453	23.694012	1.1135703138278312	0.0006092187	0	1
1350.7546088580807	38883.906	23.692635	1.1159325006346035	0.00060931727	0	1
1350.7559976983719	38818.49	23.676794	1.1166473942946016	0.000609936	0	1
1350.7573865391287	38864.492	23.680826	1.120554884559064	0.0006093178	0	1
1350.7587753798848	38809.977	23.669853	1.1215512912917498	0.00060989097	0	1
1350.7601642201753	38905.168	23.69244	1.1268233959914826	0.00060897926	0	1
1350.7615530609319	38671.586	23.635185	1.122575423055192	0.00061117706	0	1
1350.7629419016885	38818.266	23.668905	1.1293715778443376	0.0006097363	0	1
1350.764330741979	38726.59	23.653524	1.1292480916835412	0.00061078253	0	1
1350.765719582735	38731.96	23.64944	1.13189020108106	0.00061059237	0	1
1350.7671084230262	38673.938	23.633953	1.1326575480232917	0.00061110803	0	1
1350.768497263783	38553.902	23.60494	1.1315775952403568	0.00061225815	0	1
1350.7698861045392	38425.64	23.556906	1.1302196706871646	0.00061305176	0	1
1350.7712749448294	38395.05	23.55698	1.1317027213273139	0.0006135421	0	1
1350.7726637855862	38231.516	23.50929	1.1292322168136517	0.0006149191	0	1
1350.7740526258772	38167.434	23.499313	1.1296612663498926	0.00061569014	0	1
1350.7754414666342	38041.09	23.4613	1.1282109581743842	0.0006167357	0	1
1350.7768303069245	37839.945	23.400503	1.1244965902683621	0.00061840744	0	1
1350.7782191476804	37771.598	23.386833	1.1246855736231745	0.0006191645	0	1
1350.7796079884379	37593.65	23.333305	1.121568677540873	0.0006206715	0	1
1350.7809968287297	37341.855	23.271019	1.1161950015569855	0.0006231886	0	1
1350.7823856694858	37244.395	23.239578	1.115384740913857	0.0006239752	0	1
1350.7837745097763	37015.41	23.178612	1.1105865962742665	0.0006261882	0	1
1350.785163350533	36864.242	23.125835	1.1080705249703713	0.00062732433	0	1
1350.7865521908243	36659.348	23.072332	1.1038876527124546	0.00062937103	0	1
1350.7879410315802	36386.51	22.999681	1.0976000413202511	0.0006320936	0	1
1350.7893298718705	36327.406	22.976885	1.097707949493897	0.0006324945	0	1
1350.7907187126275	35951.492	22.866705	1.0881854902981953	0.00063604326	0	1
1350.7921075529184	35763.406	22.82141	1.0842839580412582	0.0006381218	0	1
1350.7934963936746	35515.203	22.749483	1.0785017578665603	0.0006405562	0	1
1350.794885233965	35363.594	22.700531	1.0755962961624552	0.0006419181	0	1
1350.7962740747216	35057.234	22.616182	1.0679245460815507	0.0006451217	0	1
1350.7976629150128	34846.348	22.546438	1.0630986505385485	0.0006470244	0	1
1350.7990517557696	34563.848	22.472595	1.0560266111283376	0.0006501763	0	1
1350.8004405965257	34341.695	22.408442	1.0507364734261389	0.0006525141	0	1
1350.801829436816	34106.27	22.33395	1.0449804005557888	0.00065483415	0	1
1350.8032182775728	33808.727	22.244053	1.0372581991709424	0.0006579382	0	1
1350.8046071178637	33598.383	22.190489	1.0321495124500013	0.000660463	0	1
1350.8059959586208	33247.117	22.084429	1.0226480520747059	0.0006642509	0	1
1350.8073847989117	33065.188	22.035772	1.018292872533814	0.00066643424	0	1
1350.8087736396683	32692.664	21.918749	1.0080053953093626	0.0006704485	0	1
1350.8101624799597	32445.693	21.850874	1.0015243847405872	0.0006734599	0	1
1350.8115513202501	32231.285	21.795834	0.9959898007029898	0.0006762322	0	1
1350.812940161006	31881.086	21.672955	0.9861973774140886	0.00067980605	0	1
1350.8143290012972	31602.146	21.597712	0.9785460217944582	0.00068342546	0	1
1350.8157178420538	31326.912	21.516632	0.9709491266712063	0.0006868418	0	1
1350.8171066823452	30991.488	21.404015	0.9614254742425802	0.0006906417	0	1
1350.818495523101	30723.254	21.324375	0.9539258703805014	0.0006940793	0	1
1350.8198843633913	30509.898	21.260372	0.9480738236036356	0.0006968352	0	1
1350.8212732041484	30244.88	21.185696	0.9405607358656519	0.0007004721	0	1
1350.8226620444393	29921.709	21.08007	0.9311815936660374	0.0007045076	0	1
1350.8240508851954	29633.31	20.99329	0.9228274231127412	0.00070843555	0	1
1350.825439725486	29346.574	20.909266	0.9144695365737372	0.00071249425	0	1
1350.8268285662425	29096.375	20.830631	0.9071963419285737	0.00071591843	0	1
1350.8282174065337	28828.746	20.746231	0.8993271049614103	0.00071963697	0	1
1350.829606246824	28558.053	20.652931	0.8913102411792898	0.00072319113	0	1
1350.83099508758	28228.814	20.554825	0.881414276453512	0.0007281505	0	1
1350.8323839278712	28015.49	20.49016	0.8750875063116014	0.0007313868	0	1
1350.8337727686285	27788.97	20.419546	0.8683006818598559	0.0007348076	0	1
1350.8351616089199	27566.588	20.33885	0.8615959853735637	0.00073780806	0	1
1350.836550449676	27300.115	20.259266	0.8534667409437715	0.00074209453	0	1
1350.837939289967	27111.035	20.200214	0.847711638434938	0.00074509194	0	1
1350.8393281302579	26849.547	20.110909	0.8396481885178914	0.0007490223	0	1
1350.840716971015	26693.926	20.066486	0.8348522009237992	0.0007517248	0	1
1350.8421058113054	26491.582	19.992935	0.8285527991223819	0.00075469015	0	1
1350.8434946520613	26323.572	19.944742	0.8232858655697355	0.00075767614	0	1
1350.8448834923524	26116.69	19.87739	0.8167627096875886	0.00076109916	0	1
1350.8462723326434	26072.385	19.863426	0.8152839588124539	0.0007618569	0	1
1350.8476611733995	25846.928	19.7846	0.8081014497522189	0.0007654526	0	1
1350.84905001369	25809.479	19.77144	0.8067583991096827	0.00076605345	0	1
1350.850438853981	25712.22	19.736664	0.8033105940909724	0.00076759857	0	1
1350.851827694738	25642.975	19.717482	0.8007409937118736	0.0007689233	0	1
1350.8532165350282	25570.076	19.700672	0.79806000555873	0.0007704581	0	1
1350.854605375784	25524.531	19.679726	0.7962350230796127	0.0007710122	0	1
1350.8559942160755	25577.559	19.701769	0.7974852831158421	0.0007702756	0	1
1350.8573830563664	25595.707	19.699602	0.7976473352440607	0.0007696448	0	1
1350.8587718971232	25641.727	19.725243	0.7986773400278081	0.0007692634	0	1
1350.8601607374144	25710.113	19.737366	0.8004026349410177	0.0007676888	0	1
1350.8615495777053	25759.557	19.766466	0.801536743243085	0.00076734496	0	1
1350.8629384184624	25864.584	19.793951	0.8043983890825671	0.0007652917	0	1
1350.8643272587533	25939.857	19.825605	0.8063322557246735	0.0007642912	0	1
1350.8657160990438	26184.467	19.898106	0.8132912333499573	0.0007599202	0	1
1350.8671049398	26232.852	19.923546	0.8141110754018692	0.0007594884	0	1
1350.8684937800908	26430.414	19.979527	0.8195170687880264	0.0007559294	0	1
1350.8698826203818	26665.26	20.050041	0.8260303082858214	0.0007519162	0	1
1350.871271461138	26836.174	20.10806	0.83051471002372	0.0007492894	0	1
1350.8726603014284	27013.281	20.159166	0.8351438410129974	0.0007462687	0	1
1350.8740491417195	27287.389	20.255304	0.8427213094961797	0.00074229547	0	1
1350.8754379824763	27492.81	20.317406	0.8481257643862735	0.00073900796	0	1
1350.8768268227668	27690.541	20.390232	0.8532434446295899	0.0007363609	0	1
1350.8782156630573	27931.54	20.45507	0.8596433383922477	0.0007323288	0	1
1350.8796045038139	28286.582	20.5721	0.8694959758356027	0.00072727416	0	1
1350.8809933441048	28449.729	20.623762	0.8733953863788776	0.0007249195	0	1
1350.8823821843962	28842.564	20.73844	0.8842896679670129	0.00071902206	0	1
1350.883771025152	29044.26	20.800129	0.8892654302290715	0.00071615283	0	1
1350.8851598654423	29292.771	20.894724	0.8956219967579355	0.0007133065	0	1
1350.8865487057337	29584.275	20.976587	0.9032364570076681	0.00070904515	0	1
1350.8879375460256	29863.697	21.06249	0.9104239046427693	0.00070528744	0	1
1350.8893263867822	30150.297	21.152864	0.9177720597392258	0.00070158066	0	1
1350.8907152270726	30394.18	21.239237	0.9237633402776078	0.0006987929	0	1
1350.8921040673636	30755.818	21.339827	0.9332732805143653	0.00069384684	0	1
1350.8934929081206	30976.863	21.406885	0.9384577472276519	0.00069106044	0	1
1350.8948817484109	31309.715	21.505507	0.9469715583289724	0.00068686367	0	1
1350.896270588701	31482.549	21.561012	0.9505902512228516	0.000684856	0	1
1350.8976594289925	31800.957	21.654024	0.9585499138782179	0.00068092364	0	1
1350.899048269749	32105.982	21.749584	0.9660449238487094	0.0006774309	0	1
1350.90043711004	32371.232	21.83151	0.9722847628380666	0.00067441084	0	1
1350.9018259503305	32686.195	21.921434	0.9799589912590466	0.0006706634	0	1
1350.903214790621	32961.293	22.004625	0.9863789267072288	0.0006675899	0	1
1350.9046036313778	33272.395	22.094875	0.9938176029373221	0.0006640603	0	1
1350.905992471669	33430.844	22.138924	0.9966449121733585	0.0006622305	0	1
1350.9073813119594	33762.227	22.240213	1.0045751566180736	0.0006587306	0	1
1350.9087701522499	34084.86	22.339453	1.0121833585964095	0.0006554069	0	1
1350.9101589930065	34246.46	22.379635	1.0149582061078068	0.0006534875	0	1
1350.9115478332974	34549.273	22.471643	1.0218683549029675	0.00065042306	0	1
1350.9129366735879	34770.695	22.535833	1.0263184223711885	0.00064812717	0	1
1350.9143255138792	35117.926	22.632286	1.0344269499977088	0.0006444653	0	1
1350.9157143541709	35263.035	22.674746	1.0365320657913266	0.0006430174	0	1
1350.9171031949277	35516.656	22.746328	1.0417833804503125	0.00064044114	0	1
1350.9184920352182	35742.676	22.818562	1.0461773102412577	0.00063841225	0	1
1350.9198808755084	36078.652	22.905878	1.053737331950085	0.0006348873	0	1
1350.9212697157996	36125.39	22.918667	1.052809371271635	0.0006344199	0	1
1350.9226585560905	36422.902	23.00473	1.0591526080204219	0.0006316007	0	1
1350.9240473968475	36493.93	23.031416	1.0588719801900641	0.00063110265	0	1
1350.9254362371378	36871.207	23.131071	1.067434942595753	0.0006273478	0	1
1350.926825077428	36985.93	23.16551	1.0683525744971856	0.00062633306	0	1
1350.9282139177194	37187.52	23.218578	1.0717473171884917	0.0006243648	0	1
1350.9296027580103	37278.258	23.240751	1.0719176744005618	0.00062343985	0	1
1350.9309915987665	37551.9	23.319036	1.0773137818432381	0.00062098156	0	1
1350.932380439057	37752.656	23.382696	1.0805790788406366	0.0006193656	0	1
1350.9337692793479	37813.535	23.395975	1.0798157048076453	0.0006187196	0	1
1350.935158119639	38044.93	23.460602	1.0838955169202298	0.00061665516	0	1
1350.9365469599293	38073.215	23.462454	1.0821657424411386	0.00061624567	0	1
1350.9379358002197	38270.06	23.520933	1.0852071381824382	0.00061460404	0	1
1350.9393246409768	38380.04	23.561457	1.0857610437761218	0.00061389874	0	1
1350.9407134812677	38514.297	23.580479	1.0869824997162183	0.0006122526	0	1
1350.9421023215596	38592.406	23.603859	1.0866030930040054	0.00061161927	0	1
1350.9434911618505	38751.156	23.649036	1.088465047242278	0.0006102795	0	1
1350.944880002141	38649.633	23.626944	1.083024842010974	0.00061131094	0	1
1350.9462688424321	38736.707	23.651121	1.0828827567957742	0.00061056094	0	1
1350.9476576827233	38789.652	23.661287	1.0817670418171599	0.0006099897	0	1
1350.9490465230137	38729.723	23.65159	1.0775065013204819	0.0006106832	0	1
1350.9504353637697	38814.766	23.659079	1.0772810396888803	0.0006095381	0	1
1350.9518242040608	38895.51	23.687265	1.076925925230736	0.0006089974	0	1
1350.9532130443517	38780.8	23.65547	1.0711737494399023	0.0006099789	0	1
1350.9546018846422	38880.094	23.68709	1.0713360042690732	0.0006092344	0	1
1350.9559907249327	38825.68	23.670965	1.0672667103855806	0.0006096729	0	1
1350.9573795652236	38873.12	23.685343	1.0660053707240016	0.0006092987	0	1
1350.958768405515	38898.67	23.691769	1.0641473300373037	0.0006090637	0	1
1350.960157245806	38934.67	23.700937	1.0625802992196465	0.000608736	0	1
1350.9615460860964	38948.89	23.703905	1.0604255028625982	0.00060858997	0	1
1350.9629349268525	38814.023	23.66566	1.0542299243725861	0.00060971937	0	1
1350.9643237671435	38945.887	23.698364	1.0552912895519202	0.0006084947	0	1
1350.9657126074346	38955.953	23.701397	1.0530550762555724	0.0006084153	0	1
1350.9671014477249	39047.48	23.729511	1.0530281503310066	0.00060770917	0	1
1350.9684902880163	38923.492	23.688871	1.0472030891247555	0.00060860085	0	1
1350.969879128308	39003.895	23.723602	1.0468948928081634	0.00060823676	0	1
1350.971267968599	38888.926	23.675175	1.0413641614526217	0.0006087896	0	1
1350.9726568088895	38884.727	23.68088	1.0388185236776941	0.0006090021	0	1
1350.97404564918	39014.527	23.717237	1.0398562645319291	0.00060790783	0	1
1350.975434489471	39081.43	23.72855	1.0392267357355776	0.00060715666	0	1
1350.976823329762	39055.152	23.728956	1.0361343577183866	0.0006075756	0	1
1350.9782121700523	39030.207	23.721434	1.0330984648748245	0.00060777116	0	1
1350.9796010103428	39067.617	23.733685	1.0317309127209608	0.00060750276	0	1
1350.980989850634	39097.19	23.737722	1.0301715548417398	0.0006071465	0	1
1350.982378690925	39079.07	23.734497	1.0273745015025677	0.0006073455	0	1
1350.9837675316817	39193.367	23.769453	1.028073265308266	0.0006064662	0	1
1350.9851563719722	39222.74	23.77051	1.0265567495530163	0.000606039	0	1
1350.9865452122626	39175.016	23.759054	1.0230448947581388	0.0006064849	0	1
1350.9879340525536	39200.38	23.771542	1.0214647861646398	0.000606411	0	1
1350.989322892845	39304.688	23.798697	1.0219633798830574	0.00060549256	0	1
1350.9907117331352	39169.434	23.762735	1.0162444083205664	0.0006066653	0	1
1350.9921005734254	39218.61	23.775	1.0153451368784792	0.0006062173	0	1
1350.9948782540087	39313.094	23.799198	1.0135337080563749	0.00060537586	0	1
1350.9962670942996	39183.41	23.770647	1.00808184900546	0.0006066508	0	1
1350.99765593459	39284.36	23.789408	1.0085738928526946	0.00060556945	0	1
1350.999044774881	39382.84	23.81669	1.00905894786769	0.0006047479	0	1
1351.0004336151724	39432.57	23.837553	1.0082955030889211	0.0006045143	0	1
1351.0018224554633	39304.402	23.792933	1.0029954030386101	0.0006053503	0	1
1351.0032112957538	39414.34	23.829868	1.0038168709627302	0.00060459896	0	1
1351.0046001360442	39214.14	23.77504	0.9967808659707978	0.0006062874	0	1
1351.0059889763352	39383.797	23.82197	0.9991552277537719	0.0006048673	0	1
1351.0073778166263	39442.95	23.841175	0.9987524082480523	0.0006044471	0	1
1351.0087666569166	39341.375	23.810253	0.9943203359877134	0.00060522166	0	1
1351.010155497207	39455.45	23.842285	0.9953449599326324	0.0006042837	0	1
1351.0115443374982	39443.496	23.84188	0.9932247133579457	0.0006044566	0	1
1351.0129331777894	39516.312	23.85674	0.9932651580678196	0.0006037188	0	1
1351.0143220176142	39495.27	23.854696	0.9909732309488234	0.0006039887	0	1
1351.0157108579047	39468.25	23.847422	0.9885629288617387	0.0006042179	0	1
1351.0170996981956	39439.156	23.83579	0.9861328149414608	0.0006043687	0	1
1351.0184885384865	39580.69	23.866692	0.9879942777473579	0.00060298824	0	1
1351.019877378777	39562.133	23.870377	0.985884615147623	0.00060336426	0	1
1351.0212662190675	39648.637	23.88888	0.9864465966978088	0.00060251454	0	1
1351.0226550593593	39484.04	23.85157	0.9807694946858141	0.0006040813	0	1
1351.0240438996511	39589.78	23.87917	0.981814996932972	0.00060316495	0	1
1351.025432739942	39608.3	23.874481	0.9807494494858885	0.0006027646	0	1
1351.0268215802325	39555.98	23.872604	0.9779624888889348	0.00060351443	0	1
1351.028210420523	39617.95	23.880981	0.978032402395094	0.0006027819	0	1
1351.029599260814	39610.66	23.885284	0.9764223530597085	0.00060300145	0	1
1351.0309881011053	39551.156	23.854137	0.9735595223579957	0.0006031211	0	1
1351.0323769413956	39591.29	23.874681	0.9731820888029306	0.00060302863	0	1
1351.0337657816858	39694.332	23.896307	0.9743784819513112	0.000602008	0	1
1351.0351546215115	39558.625	23.856726	0.9697624046031627	0.0006030727	0	1
1351.0365434618025	39693.094	23.90995	0.971773015536616	0.00060237054	0	1
1351.037932302093	39760.242	23.922108	0.9721765270533587	0.000601659	0	1
1351.0393211423834	39686.633	23.903307	0.9691715625488987	0.0006023012	0	1
1351.0407099826743	39747.26	23.923086	0.969478346185283	0.00060188014	0	1
1351.0420988229655	39753.11	23.918003	0.9684803021044838	0.0006016637	0	1
1351.0434876632567	39667.316	23.897545	0.9653008423245554	0.00060244923	0	1
1351.0448765035471	39798.535	23.929358	0.9674035583863125	0.00060126226	0	1
1351.0462653438376	39828.316	23.940329	0.9670854734587755	0.00060108816	0	1
1351.0476541836629	39730.99	23.911324	0.9637165213822242	0.0006018306	0	1
1351.0490430239547	39809.977	23.938148	0.9646586939473691	0.0006013103	0	1
1351.0504318642456	39815.258	23.934574	0.9638467915787402	0.0006011408	0	1
1351.051820704536	39772.438	23.928202	0.9619054136178246	0.00060162775	0	1
1351.0532095448273	39732.81	23.915613	0.9601100143968986	0.000601911	0	1
1351.0545983851184	39896.438	23.96146	0.9632250204874763	0.0006005915	0	1
1351.055987225409	39848.883	23.948729	0.9612404091677733	0.0006009887	0	1
1351.0573760652337	39820.81	23.93508	0.9597946231322584	0.00060106965	0	1
1351.0587649055246	39979.277	23.975492	0.962910890283409	0.000599698	0	1
1351.0601537458156	39730.637	23.91061	0.9562244320065106	0.00060181797	0	1
1351.061542586107	39854.56	23.944647	0.9585079015735761	0.0006008007	0	1
1351.0629314263972	39935.242	23.965706	0.9599020801135484	0.0006001142	0	1
1351.0643202666874	40008.227	23.980478	0.9611097168132091	0.0005993887	0	1
1351.0657091065132	39726.76	23.90928	0.9538059555069325	0.0006018432	0	1
1351.067097946804	40019.258	23.987514	0.9602829804678211	0.00059939927	0	1
1351.0684867870946	39840.03	23.937973	0.9554398463383119	0.00060085225	0	1
1351.069875627385	40037.484	23.9896	0.959630578929664	0.0005991785	0	1
1351.071264467676	39915.96	23.959522	0.9562957814279969	0.00060024916	0	1
1351.0726533079674	39818.543	23.926943	0.9535931320499088	0.0006008995	0	1
1351.074042147792	39975.42	23.966934	0.9569802389966616	0.00059954176	0	1
1351.0754309880822	39968.02	23.979755	0.9564857616444195	0.00059997354	0	1
1351.076819828374	40040.96	23.994322	0.957948719047236	0.0005992444	0	1
1351.0782086686659	39990.63	23.978712	0.9564974924952043	0.0005996083	0	1
1351.0795975089563	39878.98	23.952587	0.9536333257569095	0.0006006319	0	1
1351.0809863487812	39977.246	23.978315	0.9557890162215961	0.0005997991	0	1
1351.082375189072	40165.402	24.031134	0.9601631364050898	0.0005983043	0	1
1351.0837640293632	40016.008	23.985415	0.9564679399642467	0.0005993955	0	1
1351.0851528696544	39810.883	23.931759	0.9515118576822932	0.0006011361	0	1
1351.0865417094792	39953.316	23.972668	0.9548627927362134	0.00060001697	0	1
1351.0879305497697	40043.49	23.995342	0.9570172608312824	0.0005992321	0	1
1351.0893193900606	40057.87	23.995892	0.9573956559509663	0.00059903064	0	1
1351.0907082303515	39966.805	23.96784	0.9552888641099596	0.0005996937	0	1
1351.0920970701764	40117.113	24.01752	0.9590043987600848	0.0005986852	0	1
1351.0934859104668	39946.28	23.969027	0.9550429968400058	0.00060003146	0	1
1351.0948747507578	40097.855	24.01757	0.9588775322553148	0.00059897394	0	1
1351.0962635910491	39926.14	23.958893	0.9549811015072119	0.00060008036	0	1
1351.097652430874	40008.438	23.988752	0.9571599214798777	0.00059959234	0	1
1351.0990412711642	40042.176	23.9933	0.9582476830304072	0.0005992007	0	1
1351.1004301114554	40010.047	23.987083	0.9577941668805825	0.0005995265	0	1
1351.1018189517463	39846.918	23.94419	0.9542723301258451	0.0006009044	0	1
1351.1032077915725	40098.66	24.01269	0.9606871795654297	0.0005988402	0	1
1351.1045966318636	40043.184	24.007185	0.9597438550484519	0.0005995324	0	1
1351.1059854721539	40080.73	24.00518	0.9610993593594435	0.00059892074	0	1
1351.1073743124452	39993.637	23.991068	0.9595002377671313	0.00059987215	0	1
1351.1087631522705	39956.766	23.97906	0.9591391188689613	0.0006001251	0	1
1351.110151992561	39910.293	23.959826	0.9585978070591366	0.000600342	0	1
1351.1115408328515	40077.0	24.009268	0.9631792396375142	0.0005990785	0	1
1351.1129296726767	40029.098	24.002321	0.9626560174062426	0.00059962185	0	1
1351.1143185129679	40009.22	23.99078	0.9628400338997904	0.0005996313	0	1
1351.1157073532581	40007.984	23.990152	0.9635066758756908	0.00059963414	0	1
1351.117096193083	40032.562	23.991451	0.9648295831634471	0.0005992984	0	1
1351.1184850333743	39892.363	23.955778	0.9622293976693737	0.0006005104	0	1
1351.1198738736653	40023.645	23.99053	0.9661785879563857	0.00059940893	0	1
1351.1212627139562	39995.43	23.988997	0.966329799138864	0.00059979345	0	1
1351.122651553781	39904.625	23.959848	0.9650000226612625	0.00060042785	0	1
1351.1240403940715	39968.715	23.98031	0.9674490985343035	0.00059997704	0	1
1351.1254292343624	39937.207	23.964108	0.9676184798029479	0.0006000447	0	1
1351.1268180741881	39878.113	23.954216	0.9671507418138642	0.0006006858	0	1
1351.1282069144786	39973.67	23.974697	0.9704679359589613	0.0005997622	0	1
1351.1295957547688	39749.215	23.915606	0.9660761750743734	0.0006016623	0	1
1351.1309845945948	40020.867	23.99774	0.9737455884678493	0.0005996307	0	1
1351.1323734348866	39857.566	23.951794	0.9708374043041637	0.00060093467	0	1
1351.1337622747114	39916.066	23.969715	0.9733922753752265	0.00060050294	0	1
1351.135151115002	39841.58	23.949892	0.9727361599014733	0.0006011281	0	1
1351.1365399552928	39988.562	23.989868	0.977536564799358	0.00059991825	0	1
1351.1379287951186	39856.617	23.958328	0.9755218778960938	0.00060111296	0	1
1351.1393176354095	39845.734	23.953175	0.9765125868923494	0.00060114777	0	1
1351.1407064757	39889.734	23.964922	0.9788812683287573	0.0006007792	0	1
1351.1420953155248	40000.406	23.985903	0.9829368414636738	0.00059964147	0	1
1351.1434841558157	39810.08	23.940987	0.9795968671125266	0.0006013801	0	1
1351.1448729961069	39901.324	23.972605	0.9832274828144552	0.00060079724	0	1
1351.1462618359315	39829.14	23.94607	0.982862701603425	0.0006012198	0	1
1351.147650676222	39783.598	23.928907	0.9831820002575906	0.0006014767	0	1
1351.1490395160477	39830.207	23.945566	0.9858093923764251	0.00060119113	0	1
1351.1504283563386	39792.504	23.936707	0.9863807774919858	0.0006015381	0	1
1351.151817196629	39802.68	23.933376	0.9881681508806249	0.0006013006	0	1
1351.1532060364539	39815.773	23.938135	0.9900588407293202	0.0006012224	0	1
1351.1545948767448	39829.168	23.945967	0.9919877946056712	0.00060121686	0	1
1351.15598371657	39770.312	23.918573	0.9921449110913163	0.0006014178	0	1
1351.1573725568614	39771.145	23.928028	0.9938178660568543	0.00060164294	0	1
1351.1587613971524	39644.8	23.889915	0.9923479152032035	0.00060259894	0	1
1351.1601502369779	39796.395	23.939913	0.9978418628864884	0.0006015598	0	1
1351.161539077269	39726.414	23.92388	0.9978233690757182	0.00060221594	0	1
1351.1629279170943	39756.816	23.931263	1.000352556676264	0.00060194114	0	1
1351.1643167573848	39655.44	23.892332	0.9995905253799177	0.0006024982	0	1
1351.1657055972096	39684.16	23.910892	1.002131870861752	0.0006025299	0	1
1351.1670944375005	39611.64	23.889025	1.0021416977629785	0.0006030809	0	1
1351.1684832773262	39780.5	23.925663	1.0082991956761558	0.000601442	0	1
1351.1698721176165	39653.523	23.891613	1.0069673088456712	0.0006025092	0	1
1351.1712609579067	39604.043	23.887129	1.007630632929047	0.0006031488	0	1
1351.1726497977324	39609.484	23.881351	1.009714828772302	0.00060292	0	1
1351.1740386380234	39596.383	23.879093	1.0113512304345662	0.0006030625	0	1
1351.1754274778482	39638.246	23.886106	1.014417869303134	0.0006026025	0	1
1351.1768163181387	39605.594	23.881493	1.0156024889110027	0.0006029828	0	1
1351.178205157964	39453.5	23.833342	1.01374654544767	0.0006040869	0	1
1351.1795939982553	39569.64	23.869408	1.0187892481881768	0.00060322526	0	1
1351.1809828380806	39499.086	23.850996	1.0190584184610332	0.00060383667	0	1
1351.182371678371	39557.42	23.861715	1.0226750825828244	0.00060321717	0	1
1351.1837605181959	39507.113	23.85208	1.0235057423104355	0.0006037414	0	1
1351.1851493584877	39498.758	23.849659	1.0254419998236808	0.0006038078	0	1
1351.1865381983137	39497.555	23.847767	1.0275848411125046	0.0006037783	0	1
1351.187927038604	39466.33	23.843779	1.0289657222223332	0.00060415495	0	1
1351.1893158784287	39460.934	23.846554	1.0310384941534432	0.0006043079	0	1
1351.1907047187199	39399.426	23.817444	1.0316612837018417	0.00060451246	0	1
1351.1920935585454	39481.46	23.84457	1.0360632903825941	0.0006039435	0	1
1351.1934823988358	39348.906	23.801636	1.0348500373548377	0.00060488685	0	1
1351.1948712386607	39425.28	23.830711	1.0391466004060668	0.00060445257	0	1
1351.1962600789516	39385.016	23.814503	1.0403886911043525	0.00060465897	0	1
1351.1976489187768	39389.37	23.816109	1.0428245960079827	0.0006046329	0	1
1351.1990377590682	39330.86	23.807228	1.0436095279181528	0.0006053066	0	1
1351.200426598893	39347.53	23.807852	1.0464029380223088	0.00060506596	0	1
1351.2018154391833	39293.098	23.79665	1.0473185342397964	0.0006056191	0	1
1351.2032042790088	39257.4	23.78457	1.048742840810165	0.0006058621	0	1
1351.2045931192997	39198.926	23.760403	1.0495685037423348	0.0006061493	0	1
1351.2059819591245	39313.383	23.796968	1.0550387901475902	0.0006053147	0	1
1351.207370799415	39238.953	23.777111	1.055456609474415	0.0006059568	0	1
1351.2087596392403	39312.496	23.79877	1.0598668826077102	0.0006053742	0	1
1351.210148479066	39125.17	23.75573	1.057248284028286	0.00060717255	0	1
1351.211537319357	39248.73	23.782587	1.063037734092094	0.00060594536	0	1
1351.2129261591822	39170.098	23.761137	1.0633636593660165	0.00060661417	0	1
1351.2143149994736	39211.902	23.770292	1.0669662543688219	0.00060620095	0	1
1351.2157038392988	39118.832	23.748772	1.066904311419399	0.00060709304	0	1
1351.21709267959	39157.914	23.762735	1.0704511499097205	0.00060684374	0	1
1351.2184815194146	39120.39	23.743515	1.0719111256309266	0.0006069345	0	1
1351.2198703592394	39034.734	23.730463	1.0720446426020835	0.000607932	0	1
1351.2212591995306	39157.43	23.7461	1.0779142217612139	0.0006064264	0	1
1351.222648039356	39002.902	23.713572	1.0761620675390287	0.000607995	0	1
1351.2240368796465	39060.82	23.734076	1.0802630496205632	0.0006076185	0	1
1351.2254257194713	39002.953	23.71232	1.0811651261175792	0.0006079622	0	1
1351.2268145597623	38977.46	23.71269	1.0829617069537447	0.0006083693	0	1
1351.2282033995875	38947.99	23.697004	1.0846457425890872	0.0006084269	0	1
1351.2295922394123	38974.766	23.708364	1.0878968240886233	0.0006083004	0	1
1351.2309810797028	38981.0	23.70504	1.0905764972684098	0.0006081178	0	1
1351.2323699195283	38958.01	23.695242	1.0924365422735731	0.0006082251	0	1
1351.2337587593538	38853.266	23.667395	1.0919795383953568	0.0006091481	0	1
1351.2351475996443	38825.414	23.668383	1.0936865185334461	0.0006096106	0	1
1351.2365364394689	38874.098	23.682972	1.0975621808872777	0.00060922245	0	1
1351.2379252797605	38840.902	23.67091	1.099107850223643	0.0006094325	0	1
1351.2393141195867	38692.77	23.610363	1.097366352453836	0.0006102009	0	1
1351.2407029594124	38903.47	23.69262	1.1058167103555194	0.00060901046	0	1
1351.2420917997026	38776.348	23.649694	1.1046810579862125	0.0006099	0	1
1351.2434806395272	38787.168	23.6577	1.1074414306414695	0.00060993625	0	1
1351.244869479353	38937.168	23.70115	1.11416611387266	0.0006087025	0	1
1351.2462583196439	38753.582	23.640408	1.1113540098303878	0.0006100187	0	1
1351.2476471594687	38807.02	23.658226	1.1153094062886082	0.0006096378	0	1
1351.2490359992935	38792.094	23.661928	1.1172903903080016	0.0006099678	0	1
1351.2504248395844	38750.887	23.651943	1.118497912165885	0.0006103588	0	1
1351.2518136794101	38751.17	23.651495	1.1208865269844004	0.0006103427	0	1
1351.2532025192347	38754.152	23.651293	1.1233383219308584	0.00061029056	0	1
1351.254591359525	38710.508	23.634687	1.124420199528626	0.00061054964	0	1
1351.2559801993507	38561.484	23.58796	1.1223988961379119	0.0006116974	0	1
1351.257369039176	38640.492	23.616407	1.1270201937824031	0.0006111829	0	1
1351.2587578794669	38543.07	23.58756	1.12646196242866	0.0006119793	0	1
1351.2601467192917	38657.387	23.619719	1.1320581578852715	0.00061100145	0	1
1351.2615355591165	38556.05	23.591347	1.1313488597015002	0.0006118714	0	1
1351.2629243994077	38436.83	23.562294	1.130065165717428	0.0006130135	0	1
1351.2657020790584	38200.816	23.491432	1.127459579881027	0.00061494583	0	1
1351.2670909193498	38034.887	23.450386	1.124683356245896	0.0006165494	0	1
1351.268479759175	37917.32	23.420605	1.1232960541801758	0.00061767566	0	1
1351.2698685990003	37701.375	23.35916	1.1189497359166682	0.00061958376	0	1
1351.2712574388252	37549.48	23.315224	1.1164573615035245	0.00062092004	0	1
1351.2726462791156	37543.723	23.31077	1.1182736315416029	0.0006208966	0	1
1351.274035118941	37283.664	23.244083	1.1124725372236626	0.0006234388	0	1
1351.2754239587666	37116.777	23.186937	1.1093997273587601	0.0006247023	0	1
1351.276812798592	36917.637	23.129797	1.1053137948595093	0.0006265243	0	1
1351.2782016388824	36795.277	23.1084	1.1034793695795977	0.00062802626	0	1
1351.2795904787072	36532.906	23.03037	1.0973951721215192	0.0006304007	0	1
1351.2809793185324	36355.258	22.983656	1.0938019711014393	0.0006321962	0	1
1351.2823681583582	36120.227	22.915667	1.0884294288282634	0.00063442753	0	1
1351.2837569986484	35877.637	22.84552	1.0827729299415458	0.0006367621	0	1
1351.2865346782987	35471.69	22.72333	1.0736880991839102	0.00064060465	0	1
1351.287923518124	35099.184	22.61893	1.0639265981790265	0.00064442895	0	1
1351.2893123584145	34959.71	22.577032	1.0611707492681992	0.0006458014	0	1
1351.2907011982393	34726.27	22.512478	1.0555103227289755	0.0006482838	0	1
1351.2920900380655	34464.688	22.431389	1.0489372416412222	0.00065085135	0	1
1351.2934788778914	34115.938	22.326815	1.0396494640098786	0.00065443944	0	1
1351.2948677181826	33881.133	22.267818	1.033773607929359	0.0006572336	0	1
1351.2962565580074	33661.176	22.205414	1.028295423573163	0.00065967435	0	1
1351.2976453978322	33164.984	22.054848	1.014314225962514	0.000665004	0	1
1351.2990342376575	33085.594	22.030624	1.0130212103140355	0.0006658676	0	1
1351.3004230774827	32768.44	21.938211	1.004395745542119	0.00066949206	0	1
1351.3018119177732	32567.729	21.877623	0.9992828091247439	0.00067175773	0	1
1351.303200757598	32218.873	21.784523	0.9895673744028394	0.0006761417	0	1
1351.3045895974233	31917.863	21.688759	0.9812619029981895	0.00067951786	0	1
1351.305978437249	31638.146	21.609491	0.9735541747766501	0.00068302016	0	1
1351.3073672770738	31318.43	21.504972	0.9645588431787561	0.0006866555	0	1
1351.308756117364	31083.086	21.441383	0.9581071355945546	0.0006898087	0	1
1351.3101449571896	30728.541	21.327124	0.9479260834996586	0.00069404935	0	1
1351.3115337970148	30473.816	21.247643	0.9407694774993406	0.00069724256	0	1
1351.3129226368405	30199.7	21.166695	0.9329619838735632	0.0007008909	0	1
1351.317089156781	29265.98	20.871069	0.9057843361978295	0.0007131512	0	1
1351.3184779966064	28924.137	20.769535	0.8956749284942449	0.0007180693	0	1
1351.3198668364316	28711.955	20.70212	0.8895321477403253	0.00072102784	0	1
1351.3212556762574	28427.684	20.608168	0.8811091888395842	0.00072493305	0	1
1351.3226445160826	28220.58	20.543283	0.8750321329370813	0.000727954	0	1
1351.3254221957327	27545.602	20.326527	0.8546553061241419	0.0007379228	0	1
1351.3268110360232	27379.262	20.275753	0.8497109676835349	0.0007405515	0	1
1351.328199875849	27102.023	20.185984	0.8412831626373338	0.00074481464	0	1
1351.3295887156742	26856.68	20.10672	0.8338040356737648	0.0007486674	0	1
1351.3309775554994	26451.133	19.974155	0.8213104072191354	0.0007551342	0	1
1351.3323663953242	26369.947	19.956583	0.81884907216657	0.00075679267	0	1
1351.333755235149	26196.557	19.890196	0.8134868412721956	0.00075926754	0	1
1351.3351440749743	25967.9	19.822906	0.8063712980504366	0.0007633619	0	1
1351.3379217546249	25561.885	19.692987	0.7936253227988482	0.00077040435	0	1
1351.339310594915	25469.328	19.665184	0.7906289448459489	0.0007721124	0	1
1351.3406994347406	25280.709	19.590565	0.7846163387665345	0.0007749215	0	1
1351.3420882745659	25330.49	19.6128	0.7859681043399938	0.0007742764	0	1
1351.3434771143907	25087.494	19.53119	0.7780285309614177	0.000778523	0	1
1351.3448659542155	25048.074	19.518875	0.7764072947909548	0.0007792565	0	1
1351.3462547940417	25067.291	19.515501	0.7766043336040904	0.00077852455	0	1
1351.3476436338678	24999.016	19.50113	0.7740919836378937	0.0007800759	0	1
1351.3490324736931	25025.803	19.505745	0.7745243008956456	0.0007794253	0	1
1351.350421313518	24980.158	19.498392	0.7727156345601476	0.0007805552	0	1
1351.3518101533427	25019.014	19.506664	0.7735213353622635	0.0007796736	0	1
1351.353198993168	25125.223	19.547281	0.7764075375197462	0.00077799434	0	1
1351.3545878329935	25215.354	19.569927	0.778794203030422	0.00077611156	0	1
1351.355976672818	25242.94	19.580883	0.7792476713826124	0.0007756974	0	1
1351.357365512643	25492.553	19.665176	0.7865511421658183	0.00077140867	0	1
1351.3587543524686	25515.066	19.66368	0.7866381211941487	0.0007706693	0	1
1351.3601431927596	25708.467	19.731312	0.7919557405233548	0.00076750247	0	1
1351.3615320325844	25897.086	19.77911	0.7970839246915764	0.00076375814	0	1
1351.3629208724092	26134.031	19.866371	0.8036558715172735	0.0007601725	0	1
1351.3643097122344	26231.574	19.891287	0.8058996389425948	0.0007582956	0	1
1351.3656985520597	26457.742	19.964264	0.812053784951729	0.0007545717	0	1
1351.3670873918845	26796.625	20.089336	0.8216185479230109	0.0007496965	0	1
1351.3684762317093	26996.672	20.133553	0.8268779343848438	0.0007457791	0	1
1351.3698650715348	27295.39	20.242292	0.8351118653235743	0.0007416011	0	1
1351.3712539113603	27449.164	20.286798	0.8388648028868916	0.00073906797	0	1
1351.3726427511856	27707.947	20.385288	0.84578168816237	0.0007357199	0	1
1351.3740315910113	28114.95	20.51037	0.8571682989953426	0.0007295183	0	1
1351.3754204308366	28358.125	20.589378	0.8635057084540135	0.00072604866	0	1
1351.3768092706619	28653.754	20.674112	0.8713896594154706	0.000721515	0	1
1351.3781981104876	28877.914	20.752493	0.877050072116032	0.0007186285	0	1
1351.3795869503122	29230.22	20.850275	0.8865497832357173	0.00071331224	0	1
1351.3809757901367	29500.37	20.953531	0.8935029210418458	0.0007102803	0	1
1351.3823646299625	29760.81	21.030668	0.9001109919230375	0.0007066564	0	1
1351.3837534697877	29995.773	21.110352	0.9058988677923336	0.00070377754	0	1
1351.3851423096125	30387.666	21.225426	0.9163706473311907	0.0006984882	0	1
1351.3865311494374	30614.57	21.29268	0.9218118228528804	0.0006955081	0	1
1351.387919988797	31008.512	21.406647	0.9322270434862695	0.00069034746	0	1
1351.3893088286227	31286.238	21.494144	0.9390905430913149	0.00068701594	0	1
1351.390697668448	31599.234	21.585037	0.9469585846334986	0.00068308733	0	1
1351.3920865082728	31921.84	21.684843	0.9550583442364461	0.0006793106	0	1
1351.3934753480976	32187.861	21.761839	0.9614113118970995	0.0006760884	0	1
1351.3962530277483	32564.486	21.881538	0.9693384432619994	0.0006719448	0	1
1351.397641867573	32976.258	21.997961	0.9798783593024143	0.0006670848	0	1
1351.3990307073977	33259.51	22.075327	0.9865407530909244	0.00066372973	0	1
1351.400419547224	33559.133	22.174967	0.9936360524253427	0.00066077296	0	1
1351.40180838705	33857.176	22.255085	1.0006315415771547	0.0006573225	0	1
1351.403197226875	34093.043	22.329245	1.0057401585091246	0.00065495016	0	1
1351.4045860666997	34343.215	22.39031	1.0112244769752283	0.0006519573	0	1
1351.405974906525	34594.855	22.482973	1.0167053387769474	0.00064989354	0	1
1351.4073637463503	34880.184	22.562666	1.023128026469363	0.000646862	0	1
1351.4087525857103	35097.21	22.62653	1.0275014986152315	0.0006446817	0	1
1351.4101414255351	35429.293	22.72288	1.0351953459473051	0.00064135855	0	1
1351.4115302653597	35589.766	22.773653	1.0378308487974133	0.0006398933	0	1
1351.4129191051852	35800.72	22.829306	1.0419018258635984	0.0006376773	0	1
1351.4143079450105	36059.266	22.891474	1.0473162658825494	0.00063482916	0	1
1351.4156967848353	36206.51	22.94158	1.0494607851456166	0.0006336313	0	1
1351.41708562466	36486.023	23.02467	1.0554012233635335	0.0006310545	0	1
1351.4184744644854	36701.2	23.083141	1.0594394683906514	0.00062894786	0	1
1351.419863304311	36967.285	23.160257	1.0649075734832436	0.00062650687	0	1
1351.42125214367	37077.516	23.19385	1.0658532496315423	0.0006255503	0	1
1351.4226409834946	37320.656	23.257063	1.07058901188329	0.00062316866	0	1
1351.4240298233203	37448.637	23.289757	1.0719903343498496	0.000621912	0	1
1351.4254186631456	37630.89	23.33805	1.0749187951334842	0.0006201833	0	1
1351.4268075029718	37744.242	23.371983	1.0758542917539857	0.0006192198	0	1
1351.428196342797	37879.656	23.411955	1.0773975312988635	0.00061806146	0	1
1351.4295851826218	38008.727	23.440979	1.078739070164093	0.00061672623	0	1
1351.4309740219817	38237.566	23.504068	1.0828860152889555	0.00061468524	0	1
1351.4323628618072	38292.582	23.517572	1.0820894413007034	0.0006141548	0	1
1351.433751701632	38388.438	23.551023	1.0824351119429068	0.0006134926	0	1
1351.4351405414568	38402.418	23.55197	1.0804636944644528	0.0006132939	0	1
1351.436529381282	38652.93	23.620901	1.0851299858553032	0.0006111025	0	1
1351.4379182211073	38703.273	23.640959	1.084158238071302	0.00061082584	0	1
1351.4393070604665	38716.605	23.637863	1.0821465640966024	0.00061053556	0	1
1351.4406959002913	38695.992	23.638168	1.0791881294503445	0.0006108686	0	1
1351.4420847401168	38679.977	23.634005	1.076362546586131	0.0006110139	0	1
1351.4434735799423	38710.594	23.639248	1.074836894430994	0.0006106661	0	1
1351.4448624197676	38846.363	23.680632	1.0762217173401811	0.00060959713	0	1
1351.4462512591267	38709.098	23.638523	1.0700527982603485	0.000610671	0	1
1351.4476400989515	38842.273	23.68154	1.0713626130058762	0.0006096847	0	1
1351.4490289387768	38847.81	23.679676	1.0691495242618898	0.00060954987	0	1
1351.4504177786025	38757.773	23.65947	1.0643168771505378	0.0006104445	0	1
1351.451806618427	38848.938	23.683561	1.0644704228640973	0.0006096322	0	1
1351.453195457786	38882.527	23.684263	1.0630458424926434	0.00060912356	0	1
1351.4545842976122	38887.34	23.683367	1.06084121234971	0.0006090251	0	1
1351.4559731374384	38860.824	23.678658	1.0577929668024137	0.0006093195	0	1
1351.4573619772632	38845.117	23.672625	1.0550518243365745	0.0006094106	0	1
1351.4587508166223	38868.105	23.684374	1.053372255619857	0.0006093524	0	1
1351.4601396564476	38960.652	23.707682	1.0535826482679058	0.0006085032	0	1
1351.4615284962733	38955.742	23.699553	1.0511647321569446	0.0006083712	0	1
1351.4629173360986	38902.72	23.685915	1.0474648574055159	0.00060884986	0	1
1351.4643061754578	39025.133	23.724583	1.0484981856016902	0.0006079309	0	1
1351.4656950152826	38973.773	23.707657	1.0448727025938986	0.0006082977	0	1
1351.4670838551078	38937.473	23.699686	1.0416706728515708	0.0006086601	0	1
1351.468472694933	39048.17	23.721544	1.0424122800643592	0.0006074944	0	1
1351.4698615342922	39152.324	23.761799	1.0429863561924149	0.0006069065	0	1
1351.471250374117	39081.316	23.742403	1.038901716770637	0.0006075129	0	1
1351.4726392139426	39129.082	23.751888	1.0379962577011013	0.0006070137	0	1
1351.4740280533024	39067.625	23.73762	1.0342115941599457	0.00060760335	0	1
1351.4754168931272	39241.93	23.784218	1.0366847443978393	0.0006060919	0	1
1351.4768057329518	39103.37	23.743256	1.0308995670244265	0.00060719205	0	1
1351.4781945727773	38940.305	23.706013	1.0245137559711552	0.0006087783	0	1
1351.479583412137	39212.348	23.775291	1.0295782958382915	0.00060632156	0	1
1351.480972251963	39231.176	23.779448	1.0280041596288636	0.0006061365	0	1
1351.4823610917886	39067.438	23.732084	1.0216803397549246	0.0006074646	0	1
1351.4837499311475	39272.242	23.798311	1.0250005155457018	0.000605983	0	1
1351.4851387709732	39121.367	23.750204	1.019069094523131	0.00060709036	0	1
1351.4865276107985	39271.727	23.791965	1.020992327460884	0.00060582935	0	1
1351.4879164501576	39250.74	23.783188	1.0184832385756268	0.0006059297	0	1
1351.4893052899824	39282.684	23.794327	1.0173695806804839	0.0006057205	0	1
1351.4906941298077	39242.742	23.787193	1.0144173558182803	0.00060615526	0	1
1351.4920829691678	39357.383	23.812943	1.0154889329069956	0.00060504384	0	1
1351.4934718089924	39306.348	23.802244	1.0122897424252073	0.0006055573	0	1
1351.494860648817	39327.848	23.81206	1.0109922463526613	0.0006054758	0	1
1351.496249488177	39462.223	23.847525	1.0126224935887465	0.00060431275	0	1
1351.4976383280023	39331.32	23.811653	1.0074519425323962	0.000605412	0	1
1351.4990271678275	39335.062	23.806002	1.0057700677065293	0.0006052107	0	1
1351.5004160071867	39271.48	23.794184	1.0024043986924414	0.00060588965	0	1
1351.5018048470115	39460.305	23.84608	1.0054818970486779	0.00060430553	0	1
1351.503193686837	39414.93	23.834734	1.0026211216292633	0.00060471334	0	1
1351.5045825261968	39400.94	23.822592	1.0005874697148525	0.00060461985	0	1
1351.5059713660216	39451.78	23.842855	1.0002250193313316	0.00060435437	0	1
1351.5073602058462	39411.91	23.837627	0.9975890035037331	0.00060483307	0	1
1351.5087490452065	39469.984	23.841858	0.9974584096885162	0.00060405035	0	1
1351.5101378850327	39523.086	23.866829	0.9972249192298926	0.0006038706	0	1
1351.5115267243918	39576.164	23.87467	0.9970256864460723	0.00060325884	0	1
1351.5129155642167	39484.164	23.850094	0.9931777961870445	0.000604042	0	1
1351.514304404042	39501.773	23.856798	0.992129346401826	0.00060394243	0	1
1351.515693243402	39577.758	23.880922	0.9925717414412987	0.0006033925	0	1
1351.5170820832273	39530.848	23.865955	0.9899593854546773	0.0006037299	0	1
1351.5184709225864	39535.973	23.864635	0.9886802550571268	0.0006036183	0	1
1351.5198597624112	39606.51	23.887636	0.9890630977882394	0.000603124	0	1
1351.5212486022365	39614.5	23.884533	0.9879102124328055	0.00060292403	0	1
1351.5226374415965	39733.766	23.924114	0.9896101085920265	0.0006021104	0	1
1351.5240262814211	39524.68	23.863155	0.9831382097289806	0.0006037533	0	1
1351.52541512078	39746.15	23.926085	0.9873788090010605	0.0006019724	0	1
1351.5268039606058	39598.24	23.884718	0.9824441410317662	0.0006031763	0	1
1351.5281927999654	39712.855	23.914831	0.9840271493948223	0.0006021937	0	1
1351.5295816397902	39765.375	23.933138	0.9841494499269459	0.0006018587	0	1
1351.530970479615	39613.883	23.892292	0.9792696193806463	0.0006031293	0	1
1351.5323593189746	39726.84	23.915693	0.9809307819334726	0.0006020034	0	1
1351.5337481588	39736.098	23.925205	0.980072333489263	0.00060210255	0	1
1351.5351369981604	39774.473	23.93195	0.979961409184403	0.0006016912	0	1
1351.5365258379861	39714.812	23.909143	0.9774664009199883	0.0006020208	0	1
1351.5379146773453	39785.723	23.931639	0.9782156187958156	0.00060151325	0	1
1351.5393035171705	39826.445	23.947052	0.9782508577711725	0.0006012852	0	1
1351.5406923565301	39882.87	23.956844	0.9787154118153578	0.00060068	0	1
1351.542081196355	39775.84	23.931273	0.9751716682075946	0.0006016535	0	1
1351.543470035714	39845.414	23.94673	0.9760046689282523	0.00060099084	0	1
1351.5448588755394	39858.484	23.946579	0.9754832438275043	0.00060079	0	1
1351.5462477148994	39767.957	23.932941	0.9724745976856028	0.0006018147	0	1
1351.5476365547242	39804.887	23.934788	0.9725851118607081	0.0006013028	0	1
1351.5490253940832	39860.246	23.950453	0.9731909077812658	0.0006008606	0	1
1351.5504142339087	39848.867	23.953697	0.9721981787430687	0.00060111366	0	1
1351.5518030732683	39918.527	23.975414	0.9732133615321096	0.0006006087	0	1
1351.553191913094	39841.023	23.954311	0.9706726511254483	0.0006012474	0	1
1351.554580752453	40003.527	23.997778	0.9740256849895129	0.00059989153	0	1
1351.5559695922775	39875.11	23.959919	0.9702954434334766	0.0006008741	0	1
1351.5573584316376	39810.83	23.93947	0.968192004821899	0.00060133066	0	1
1351.5587472714628	39876.82	23.958944	0.9692573698868227	0.00060082384	0	1
1351.560136110822	39950.996	23.980104	0.9705676399419576	0.000600238	0	1
1351.5615249506468	39932.285	23.980358	0.9696527947076168	0.0006005256	0	1
1351.5629137900073	39898.41	23.962387	0.9684024899333563	0.000600585	0	1
1351.5643026298333	40058.645	24.011496	0.971910516746004	0.0005994086	0	1
1351.5656914691922	39909.113	23.964855	0.9679031464212405	0.0006004858	0	1
1351.567080309017	39906.363	23.9728	0.9675212473464058	0.0006007262	0	1
1351.568469148377	40002.992	23.99471	0.969548232945527	0.0005998229	0	1
1351.5698579877367	40025.785	24.0031	0.9698331172291552	0.0005996909	0	1
1351.571246827562	39999.11	23.991787	0.9689517062759894	0.000599808	0	1
1351.572635666921	39994.254	23.997578	0.9686313765098284	0.00060002564	0	1
1351.574024506746	40008.094	23.998661	0.9687961088617754	0.00059984514	0	1
1351.5754133461055	40032.14	24.005003	0.969240176375516	0.0005996433	0	1
1351.5768021859312	39941.355	23.986542	0.9669364618626731	0.00060054404	0	1
1351.5781910252904	39991.383	23.994726	0.9680740464609886	0.0005999974	0	1
1351.5795798646493	40046.016	24.007113	0.9693552242616498	0.00059948815	0	1
1351.5809687044748	40069.035	24.016785	0.9699033871637456	0.0005993851	0	1
1351.5823575438344	40115.0	24.02475	0.9710553914058022	0.00059889694	0	1
1351.5837463836592	40030.19	24.00548	0.9690417555364711	0.00059968437	0	1
1351.5851352230184	39981.35	23.99899	0.9679469354490525	0.00060025457	0	1
1351.586524062378	40057.832	24.004122	0.9699183398755798	0.0005992367	0	1
1351.5879129022037	39998.242	23.994505	0.9686272072769379	0.00059988897	0	1
1351.5893017415642	40050.027	24.010815	0.9700652588580018	0.0005995206	0	1
1351.5906905813895	39983.734	23.99089	0.9686752070035276	0.00060001627	0	1
1351.5920794207486	40043.57	24.011488	0.9703727813331139	0.000599634	0	1
1351.5948570999337	40110.92	24.026354	0.972597477742622	0.0005989978	0	1
1351.5962459392927	40096.918	24.026295	0.9726018823813269	0.00059920555	0	1
1351.5976347786518	40059.902	24.013622	0.9720794106719862	0.00059944286	0	1
1351.5990236184775	40035.242	24.006792	0.9718878246213011	0.00059964147	0	1
1351.6004124578371	39968.492	23.992067	0.9707205785533602	0.00060027454	0	1
1351.6018012971963	40064.81	24.006504	0.9735145097374298	0.00059919176	0	1
1351.603190137021	40050.316	24.01307	0.973663857388043	0.0005995725	0	1
1351.6045789763807	39958.438	23.982403	0.9719770733844838	0.0006001837	0	1
1351.6059678157405	40057.56	24.016277	0.9749370241635049	0.0005995442	0	1
1351.607356655566	39993.05	23.994133	0.9739613886445272	0.00059995754	0	1
1351.6087454949252	40089.508	24.022106	0.9769524039643418	0.0005992118	0	1
1351.610134334284	39982.906	23.996105	0.9749957078590772	0.0006001591	0	1
1351.6115231741096	40042.504	24.005867	0.9771369700707926	0.0005995096	0	1
1351.6129120134692	39967.676	23.988365	0.9760283164544689	0.00060019415	0	1
1351.6143008528284	39965.773	23.982203	0.9767297181217011	0.00060006854	0	1
1351.6156896926539	39904.99	23.965582	0.9760212862512568	0.00060056604	0	1
1351.6170785320141	40085.457	24.02115	0.9812607588154567	0.0005992485	0	1
1351.6184673713742	39953.98	23.981218	0.9788664485737181	0.000600221	0	1
1351.619856211199	39871.918	23.958113	0.9777368214729886	0.00060087687	0	1
1351.621245050558	39919.84	23.972431	0.9797955010397144	0.00060051423	0	1
1351.6226338899178	40106.344	24.015528	0.985332582419743	0.00059879624	0	1
1351.6240227292774	39876.02	23.970396	0.9806298444353457	0.0006011231	0	1
1351.6254115691029	39989.016	23.994295	0.9843690892470678	0.00060002215	0	1
1351.6268004084618	39967.76	23.982735	0.9848627641508287	0.000600052	0	1
1351.628189247821	39971.41	23.985489	0.9859987469887148	0.0006000661	0	1
1351.629578087181	39979.215	23.986145	0.9872665146971397	0.0005999654	0	1
1351.6309669270063	39831.953	23.947756	0.984742909081565	0.0006012197	0	1
1351.6323557663654	39931.24	23.978941	0.9883157295670247	0.0006005058	0	1
1351.6337446057246	40000.383	23.988644	0.9912014613182434	0.0005997103	0	1
1351.6351334450842	39871.266	23.957869	0.9891753271120894	0.00060088054	0	1
1351.6365222849097	39948.71	23.97576	0.9923130268743884	0.00060016353	0	1
1351.6379111242686	39739.453	23.909136	0.988364871546563	0.0006016473	0	1
1351.6392999636278	39893.543	23.968489	0.9934550267132947	0.0006008112	0	1
1351.6406888029876	39803.773	23.935946	0.9925256600755549	0.00060134864	0	1
1351.642077642813	39914.766	23.967283	0.9966065337450418	0.00060046156	0	1
1351.6434664821736	39888.61	23.962914	0.9973044960744516	0.0006007458	0	1
1351.6448553215332	39885.156	23.956964	0.998595697088162	0.00060064864	0	1
1351.6462441608924	39755.85	23.928894	0.9967576767237829	0.00060189614	0	1
1351.647633000252	39834.63	23.95066	1.0001609854961397	0.00060125225	0	1
1351.6490218400777	39895.664	23.960045	1.003160344705028	0.00060056767	0	1
1351.6504106794368	39804.13	23.943886	1.0023265558935015	0.00060154276	0	1
1351.6545771975152	39788.535	23.933123	1.0065178469584142	0.000601508	0	1
1351.65596603734	39787.375	23.940151	1.0080655986206917	0.0006017022	0	1
1351.6573548766992	39730.656	23.932053	1.0082274473545665	0.0006023573	0	1
1351.6587437160588	39674.645	23.901966	1.0084263977575318	0.0006024494	0	1
1351.6601325554188	39777.137	23.9403	1.0126969311787501	0.0006018608	0	1
1351.6615213947784	39607.77	23.88915	1.0100487954444184	0.00060314307	0	1
1351.6629102341376	39681.598	23.905064	1.0136039478838756	0.00060242193	0	1
1351.6642990739624	39575.035	23.881973	1.0125975811263486	0.0006034606	0	1
1351.665687913322	39660.684	23.907528	1.0165142112111354	0.00060280174	0	1
1351.6670767526819	39576.676	23.889553	1.0161122379285419	0.00060362706	0	1
1351.6684655920408	39628.637	23.899414	1.0192210358967138	0.00060308445	0	1
1351.6698544314008	39686.383	23.916552	1.0225115061222139	0.00060263876	0	1
1351.6712432707614	39590.566	23.896395	1.0218501200120063	0.0006035881	0	1
1351.672632110121	39566.57	23.885448	1.023064079252314	0.00060367753	0	1
1351.6740209499462	39560.426	23.886826	1.0247578786477411	0.00060380605	0	1
1351.6767986286645	39628.203	23.892458	1.030282644207941	0.0006029155	0	1
1351.6781874680241	39510.258	23.872004	1.0291229028510926	0.0006041976	0	1
1351.6795763073842	39482.8	23.859566	1.0303309927505409	0.00060430274	0	1
1351.6809651467433	39560.57	23.883776	1.0343049776821378	0.0006037268	0	1
1351.6823539861023	39420.863	23.838215	1.0326115038797354	0.0006047106	0	1
1351.683742825462	39427.33	23.846304	1.034747777272527	0.00060481665	0	1
1351.6851316648217	39513.668	23.863037	1.0390131807347915	0.00060391857	0	1
1351.6865205046465	39535.465	23.872332	1.041594626805831	0.00060382066	0	1
1351.6879093440057	39394.76	23.836266	1.039896581438639	0.0006050618	0	1
1351.6892981833653	39347.977	23.82723	1.0406900359206006	0.0006055516	0	1
1351.6906870227253	39439.16	23.841986	1.0451515277779162	0.0006045257	0	1
1351.692075862085	39356.375	23.821346	1.0450112787777162	0.0006052729	0	1
1351.693464701444	39313.09	23.809816	1.0459288567399627	0.000605646	0	1
1351.6948535408033	39269.883	23.804436	1.046856294330851	0.0006061754	0	1
1351.6976312195234	39195.65	23.778328	1.0490605231722192	0.00060665736	0	1
1351.699020058883	39191.082	23.785631	1.0510422293102588	0.0006069144	0	1
1351.7004088982421	39242.613	23.78484	1.0545433517493816	0.0006060972	0	1
1351.7017977376022	39350.176	23.824194	1.059568333480213	0.0006054406	0	1
1351.7031865769618	39192.684	23.779053	1.0574621728142977	0.00060672173	0	1
1351.704575416321	39246.47	23.798288	1.0610591879429616	0.00060638034	0	1
1351.70596425568	39260.285	23.789787	1.0635869060570975	0.0006059504	0	1
1351.7073530950397	39167.74	23.776688	1.0632357947657332	0.00060704775	0	1
1351.7087419343993	39246.28	23.795757	1.0675345774905771	0.00060631876	0	1
1351.7101307737594	39150.96	23.779058	1.0671088373096278	0.0006073685	0	1
1351.7115196131185	39160.98	23.77231	1.069554528174173	0.0006070407	0	1
1351.7129084524774	39201.35	23.779669	1.07283628401561	0.0006066033	0	1
1351.7142972918373	39172.016	23.769413	1.0742145896646467	0.0006067958	0	1
1351.715686131197	39132.3	23.77228	1.0753073688269308	0.00060748484	0	1
1351.717074970556	39033.516	23.74297	1.0747639518116694	0.00060827134	0	1
1351.7184638099152	39141.434	23.76894	1.0799213180506382	0.00060725777	0	1
1351.7198526492748	39027.5	23.73292	1.0789662710645374	0.0006081076	0	1
1351.7212414886349	39064.336	23.74407	1.082167427944797	0.00060781965	0	1
1351.7226303279938	39007.48	23.728868	1.0827713795426797	0.00060831587	0	1
1351.7240191673536	38993.9	23.724874	1.0845712168542874	0.0006084253	0	1
1351.7254080067141	39042.324	23.73676	1.0880955650451998	0.00060797506	0	1
1351.7267968460737	39014.348	23.729092	1.0894888869143826	0.00060821447	0	1
1351.7281856854336	38967.33	23.72172	1.0903426358926445	0.00060875923	0	1
1351.7295745247925	38961.9	23.723438	1.0923528140904408	0.00060888816	0	1
1351.7309633641516	38992.996	23.726282	1.0953833617985733	0.0006084755	0	1
1351.7323522035117	38877.566	23.69593	1.0942795716305767	0.0006095014	0	1
1351.7337410428713	38954.285	23.716408	1.0985904281881722	0.0006088267	0	1
1351.7351298822305	38832.688	23.682358	1.0972741701633921	0.0006098563	0	1
1351.7365187215896	39017.816	23.724737	1.1046365837829433	0.0006080488	0	1
1351.7379075609492	38827.65	23.681454	1.1013818778384934	0.00060991215	0	1
1351.7392964003088	38878.082	23.70135	1.1049175246594491	0.0006096327	0	1
1351.740685239668	38810.844	23.67395	1.1050973734351413	0.0006099829	0	1
1351.7420740785615	38880.895	23.69053	1.109175060416939	0.00060931034	0	1
1351.7434629179213	38723.215	23.64641	1.1067183523596977	0.00061065203	0	1
1351.7448517572811	38910.19	23.699223	1.1141211395067854	0.00060907495	0	1
1351.7462405966407	38767.133	23.660124	1.1120839164819738	0.000610314	0	1
1351.747629436	38824.41	23.67859	1.1157530955703097	0.0006098893	0	1
1351.749018275359	38784.203	23.67107	1.1166061114843084	0.00061032764	0	1
1351.7504071147187	38733.312	23.65408	1.1171305268513039	0.00061069085	0	1
1351.7517959540792	38718.7	23.654161	1.1186807652028115	0.00061092345	0	1
1351.753184793439	38609.684	23.631458	1.1174793130870484	0.0006120604	0	1
1351.7545736323323	38625.926	23.619287	1.119879820387117	0.00061148795	0	1
1351.7559624716923	38514.902	23.591934	1.1185663369864225	0.0006125404	0	1
1351.757351311052	38283.55	23.527615	1.1136938112256591	0.00061456196	0	1
1351.758740150411	38457.25	23.571882	1.1206078710235667	0.00061293726	0	1
1351.7601289897702	38146.81	23.486567	1.113414065818619	0.0006156889	0	1
1351.76290666849	37980.844	23.441944	1.1121355333345513	0.0006172044	0	1
1351.7642955073838	37738.848	23.372183	1.1067857211206775	0.0006193136	0	1
1351.765684346743	37637.14	23.349747	1.1055099715268273	0.0006203911	0	1
1351.7670731861022	37414.34	23.287031	1.1006375730579385	0.0006224092	0	1
1351.7684620254618	37222.74	23.229637	1.0966387816925651	0.00062407117	0	1
1351.7698508648214	37113.418	23.207788	1.095024542942384	0.0006253207	0	1
1351.7712397041805	36862.984	23.133411	1.0892043252768182	0.0006275512	0	1
1351.772628543074	36697.26	23.087694	1.0858419057976776	0.0006291394	0	1
1351.7740173824338	36519.504	23.041964	1.082080972399297	0.0006309495	0	1
1351.7754062217937	36270.42	22.969824	1.0761606301273996	0.00063329353	0	1
1351.7767950611528	35985.0	22.889627	1.0691115660644421	0.000636088	0	1
1351.7781839005124	35809.004	22.833103	1.065265829452347	0.0006376358	0	1
1351.7795727394073	35674.8	22.789387	1.062621354880682	0.00063880906	0	1
1351.780961578767	35331.164	22.695515	1.0536901942166421	0.0006423653	0	1
1351.782350418127	35194.645	22.66179	1.050887341931471	0.00064389885	0	1
1351.783739257486	34856.996	22.568296	1.0420306597728433	0.0006474539	0	1
1351.7851280963794	34698.258	22.513033	1.0384733399392514	0.00064882316	0	1
1351.7865169357392	34377.47	22.427568	1.0300177550638325	0.0006523915	0	1
1351.7879057750988	34113.484	22.34674	1.0232124930891546	0.0006550706	0	1
1351.789294614458	33856.594	22.275957	1.0165706801339531	0.00065795035	0	1
1351.792072292711	33244.8	22.09549	1.000191976234166	0.0006646299	0	1
1351.7948499714307	32715.016	21.94557	0.9860809422542292	0.0006708103	0	1
1351.7962388103242	32417.672	21.849941	0.977974319233603	0.0006740133	0	1
1351.7976276496834	32205.816	21.790224	0.9723996745080737	0.0006765928	0	1
1351.799016489043	31882.281	21.691055	0.9634058366940761	0.00068034825	0	1
1351.8004053284028	31635.414	21.620358	0.9566811062931877	0.0006834226	0	1
1351.801794167296	31389.053	21.544052	0.9499263697571358	0.0006863556	0	1
1351.8031830066552	31128.572	21.461603	0.9426992195594676	0.0006894503	0	1
1351.8045718460157	30757.055	21.35782	0.932062296116912	0.00069440395	0	1
1351.8059606849106	30595.107	21.29396	0.9277316203708837	0.0006959923	0	1
1351.8073495242697	30211.414	21.189909	0.9166329050659962	0.00070138753	0	1
1351.808738363629	30008.66	21.121367	0.9109798017407186	0.0007038424	0	1
1351.8101272029885	29717.467	21.02758	0.9026000099570582	0.0007075832	0	1
1351.8115160418824	29408.186	20.934923	0.89362797553433	0.000711874	0	1
1351.8129048812425	29116.014	20.838415	0.8851337904570314	0.0007157029	0	1
1351.8142937206017	28829.988	20.747013	0.8767855560894989	0.00071963307	0	1
1351.815682559495	28688.799	20.701672	0.8728036989557829	0.0007215942	0	1
1351.8170713988548	28301.646	20.581657	0.8613001696106652	0.00072722475	0	1
1351.8184602382144	28019.115	20.492905	0.8529413073318419	0.00073139014	0	1
1351.8198490771078	27903.96	20.451626	0.849641523377741	0.00073292915	0	1
1351.821237916467	27549.812	20.340464	0.8390288202764722	0.00073831587	0	1
1351.824015594721	27143.305	20.213564	0.8268890241113742	0.000744698	0	1
1351.82540443408	26953.385	20.149942	0.8211749800652866	0.00074758485	0	1
1351.8267932729732	26695.092	20.064146	0.8133451366795	0.0007516043	0	1
1351.8281821123333	26574.764	20.02109	0.8096868691973568	0.0007533873	0	1
1351.8295709516929	26391.104	19.967335	0.8040677617092074	0.0007565934	0	1
1351.830959790587	26186.613	19.905926	0.7977835071844113	0.00076015654	0	1
1351.8323486299469	26065.89	19.862576	0.7940212753847011	0.00076201407	0	1
1351.8337374688408	25931.092	19.819391	0.7898006586487607	0.00076430995	0	1
1351.8351263082009	25808.354	19.782986	0.785754382795464	0.0007665342	0	1
1351.8365151475605	25745.674	19.757725	0.7835390882633478	0.00076741923	0	1
1351.837903986454	25610.508	19.715551	0.7791203562724682	0.00076982274	0	1
1351.8392928258131	25591.242	19.705458	0.7782296129438481	0.00077000784	0	1
1351.840681664707	25562.57	19.700958	0.7770536344013403	0.0007706955	0	1
1351.8420705040667	25663.705	19.734327	0.779822908108567	0.00076895865	0	1
1351.8434593434258	25607.04	19.71514	0.7777969224282789	0.0007699109	0	1
1351.8448481823193	25605.06	19.713964	0.7774329676985746	0.00076992455	0	1
1351.8462370216791	25677.309	19.739456	0.7793221190020241	0.00076875096	0	1
1351.8476258605733	25715.791	19.750319	0.7801853879679044	0.00076802296	0	1
1351.849014699933	25889.436	19.810596	0.7851470345602541	0.0007652	0	1
1351.8504035388264	25927.193	19.826288	0.7859853912036951	0.00076469086	0	1
1351.8517923781856	26074.084	19.868877	0.7899396287508604	0.00076201634	0	1
1351.8531812175452	26259.74	19.918034	0.7950338314856698	0.00075850077	0	1
1351.8545700564396	26444.13	19.996492	0.8000542337044131	0.00075617887	0	1
1351.8559588957985	26589.154	20.039848	0.803848756172331	0.0007536851	0	1
1351.8573477346918	26811.52	20.09862	0.8099455584695157	0.00074962626	0	1
1351.8587365740523	26964.875	20.164377	0.8139213381100376	0.0007478016	0	1
1351.8601254129471	27256.309	20.246162	0.8220266248822876	0.0007428065	0	1
1351.8615142523063	27455.764	20.319466	0.8273181700387521	0.00074008014	0	1
1351.8629030911998	27749.303	20.41088	0.8354045406218736	0.00073554565	0	1
1351.8642919305594	27985.465	20.475035	0.841722063563353	0.00073163107	0	1
1351.8656807694538	28136.326	20.534796	0.8454363055614904	0.00072983216	0	1
1351.8670696088134	28465.861	20.640564	0.8544786646703819	0.0007250989	0	1
1351.8684584477069	28714.303	20.718428	0.8610429626212026	0.00072153687	0	1
1351.869847287066	29012.896	20.8175	0.8690679716315829	0.0007175257	0	1
1351.87123612596	29271.35	20.890173	0.8758468441508923	0.000713673	0	1
1351.8726249653196	29535.49	20.972775	0.8827530623156329	0.00071008725	0	1
1351.874013804213	29770.93	21.048817	0.8887592658083532	0.0007070259	0	1
1351.8754026435722	30113.682	21.151352	0.8979239923387982	0.00070238346	0	1
1351.8767914824664	30357.2	21.216814	0.9040842366863526	0.0006989055	0	1
1351.8781803213606	30690.994	21.330664	0.9128876822297542	0.0006950138	0	1
1351.8795691607202	31006.682	21.4216	0.9211043199873121	0.00069087045	0	1
1351.8809579996137	31231.266	21.49927	0.9265704034336918	0.0006883893	0	1
1351.8823468389728	31529.498	21.58901	0.9341779490379238	0.0006847242	0	1
1351.8837356778668	31800.043	21.659258	0.9409198206704029	0.0006811078	0	1
1351.8851245172268	32042.432	21.729399	0.9467855279407734	0.0006781445	0	1
1351.8865133561208	32322.559	21.825356	0.9537229448587019	0.000675236	0	1
1351.8879021950147	32689.64	21.935604	0.963177584742619	0.0006710262	0	1
1351.8892910343748	32899.395	21.992647	0.9679511966607252	0.0006684818	0	1
1351.8906798732687	33212.25	22.083607	0.9757151613139019	0.0006649235	0	1
1351.8920687126279	33492.586	22.166368	0.9824778143532561	0.00066182914	0	1
1351.8934575515214	33719.02	22.230373	0.9876173252203234	0.0006592829	0	1
1351.894846390881	34036.26	22.32665	0.9953731866901976	0.0006559666	0	1
1351.8962352297754	34236.836	22.384926	0.9996751977136531	0.00065382576	0	1
1351.8976240686693	34520.664	22.464537	1.006367962541956	0.00065075624	0	1
1351.8990129080285	34609.816	22.501772	1.0073508081081446	0.00065015577	0	1
1351.900401746922	35010.375	22.61126	1.017357688779627	0.00064584456	0	1
1351.901790585816	35206.035	22.670488	1.0213661084566672	0.00064393756	0	1
1351.9031794251755	35584.098	22.767794	1.0306232024783635	0.0006398306	0	1
1351.904568264069	35750.195	22.824957	1.0336999595973162	0.00063845684	0	1
1351.9059571034281	35949.62	22.881992	1.0377082740998265	0.00063650165	0	1
1351.9073459423223	36150.49	22.937738	1.0417248965988095	0.00063450704	0	1
1351.9087347812165	36373.695	23.002314	1.0463513022600708	0.0006323887	0	1
1351.9101236205756	36602.836	23.06877	1.0511135308985622	0.0006302454	0	1
1351.911512459469	36831.22	23.129833	1.0558193857333276	0.00062799535	0	1
1351.9129012983635	36977.7	23.16924	1.058147488898921	0.00062657334	0	1
1351.914290137724	37158.285	23.222408	1.061424639235197	0.0006249591	0	1
1351.9156789766184	37367.23	23.279562	1.0654823822666257	0.00062299403	0	1
1351.9170678155117	37482.41	23.316008	1.0668409728942079	0.000622052	0	1
1351.918456654405	37692.215	23.364584	1.0708678551593758	0.00061987824	0	1
1351.919845493765	37796.688	23.400648	1.0718783936878267	0.00061911903	0	1
1351.921234332659	37942.47	23.439001	1.0740405949064291	0.0006177511	0	1
1351.9226231715525	38139.59	23.49794	1.0776321045204529	0.00061610364	0	1
1351.9240120109116	38239.082	23.523645	1.0784442128543565	0.00061517284	0	1
1351.9254008498056	38372.117	23.56087	1.080185437355756	0.00061401015	0	1
1351.9267896887	38476.367	23.585445	1.0810998967567844	0.0006129852	0	1
1351.9281785280589	38531.316	23.604141	1.0806174434485531	0.0006125963	0	1
1351.9295673669521	38652.91	23.64048	1.0819921522836888	0.0006116093	0	1
1351.9309562058465	38733.355	23.656057	1.0822024616033246	0.00061074126	0	1
1351.9323450447405	38844.207	23.689922	1.083246874975534	0.0006098701	0	1
1351.9337338841	38758.684	23.668293	1.0788213808009057	0.0006106578	0	1
1351.9351227229936	38753.363	23.668402	1.0766290943712293	0.00061074446	0	1
1351.936511561887	38838.55	23.687025	1.0769478735274922	0.0006098844	0	1
1351.9379004007812	38740.895	23.664219	1.0721959495204834	0.00061083306	0	1
1351.939289240141	38861.984	23.69468	1.0735046101222234	0.00060971355	0	1
1351.940678079035	38957.074	23.71404	1.07408151308238	0.00060872233	0	1
1351.9420669179294	38785.54	23.660524	1.06731910754045	0.0006100347	0	1
1351.9434557568234	38916.207	23.70575	1.068875401396291	0.0006091485	0	1
1351.9448445957173	38834.85	23.688025	1.0646133967970206	0.0006099682	0	1
1351.9462334350774	38936.21	23.70728	1.0653630604959494	0.00060887483	0	1
1351.9476222739706	38835.78	23.677599	1.0605967058308274	0.00060968514	0	1
1351.949011112864	38950.305	23.71009	1.061707617534098	0.0006087267	0	1
1351.9503999517583	38844.785	23.682373	1.0568269305991762	0.00060966675	0	1
1351.9517887906522	39059.83	23.746437	1.0606695617545119	0.0006079504	0	1
1351.9531776300114	39000.18	23.729536	1.0570525213525936	0.00060844683	0	1
1351.9545664689049	38905.98	23.700209	1.0525171421577095	0.0006091662	0	1
1351.9559553077988	38992.777	23.7322	1.0528860527892	0.00060863065	0	1
1351.9573441466932	39056.656	23.74891	1.0526393534016707	0.00060806307	0	1
1351.9587329855865	39045.008	23.744934	1.0503648760357098	0.00060814264	0	1
1351.9601218249454	39028.363	23.744286	1.0479683721909232	0.00060838537	0	1
1351.9615106638398	39059.41	23.75063	1.0468632067775328	0.00060806423	0	1
1351.9628995027338	39099.027	23.76468	1.045996218417805	0.0006078075	0	1
1351.9642883416277	39125.824	23.76903	1.044795461833111	0.00060750236	0	1
1351.9656771805212	39090.19	23.758554	1.0419410008433985	0.00060778816	0	1
1351.9670660194156	39181.02	23.775618	1.0424680969002178	0.0006068147	0	1
1351.9684548583102	39191.88	23.783844	1.0408765120131307	0.0006068564	0	1
1351.9698436972044	39106.27	23.756668	1.0367407913136635	0.00060749	0	1
1351.9712325365635	39158.06	23.775269	1.0362640325661456	0.00060716155	0	1
1351.972621375457	39245.043	23.80042	1.0367273827260832	0.0006064567	0	1
1351.974010214351	39200.27	23.78963	1.0337238136195726	0.0006068742	0	1
1351.975399053245	39136.918	23.776527	1.0302565293623172	0.00060752174	0	1
1351.9767878921384	39287.086	23.81259	1.0324123053597212	0.0006061175	0	1
1351.978176731032	39242.387	23.800243	1.0294644382952725	0.00060649327	0	1
1351.979565569926	39257.473	23.798647	1.028103582878531	0.0006062195	0	1
1351.9809544088203	39260.0	23.804094	1.026430725278627	0.0006063193	0	1
1351.9823432477142	39310.32	23.818949	1.026023118690883	0.000605921	0	1
1351.9837320866077	39253.938	23.80417	1.0228491671225157	0.00060641486	0	1
1351.9851209255012	39336.32	23.821695	1.0233087323691228	0.00060559035	0	1
1351.9865097648608	39310.36	23.817701	1.0209665108223671	0.00060588866	0	1
1351.9878986037552	39331.727	23.821795	1.0198731582431793	0.0006056636	0	1
1351.9892874426484	39377.367	23.836538	1.0194262272455819	0.000605336	0	1
1351.9906762815417	39410.11	23.84926	1.01866228058425	0.0006051559	0	1
1351.992065120436	39395.234	23.840006	1.0166872606961213	0.0006051495	0	1
1351.993453959331	39412.33	23.84464	1.0155579444049232	0.0006050046	0	1
1351.994842798225	39425.688	23.849297	1.0143522528661935	0.0006049177	0	1
1351.9962316371184	39438.15	23.856953	1.0131437863792156	0.00060492073	0	1
1351.9976204760123	39465.812	23.861225	1.012345971261112	0.00060460495	0	1
1351.9990093149065	39519.957	23.875784	1.0122462319874534	0.000604145	0	1
1352.0003981538007	39502.688	23.8725	1.0103381351215874	0.00060432596	0	1
1352.0017869926942	39457.805	23.858	1.0077485223113039	0.0006046459	0	1
1352.0031758315877	39497.594	23.865294	1.0073443035566605	0.0006042215	0	1
1352.0045646704816	39558.87	23.888891	1.0075074571783589	0.000603882	0	1
1352.0059535093756	39504.73	23.87339	1.0047540004045394	0.00060431723	0	1
1352.007342348269	39544.324	23.88615	1.0044084873861743	0.00060403487	0	1
1352.0087311871625	39589.027	23.88833	1.0042135311694158	0.00060340785	0	1
1352.0101200260567	39547.926	23.885248	1.001865786377365	0.00060395704	0	1
1352.0115088649509	39664.742	23.92288	1.0035507444476803	0.00060312706	0	1
1352.0128977038448	39585.04	23.894947	1.0002656254002797	0.0006036358	0	1
1352.0142865427383	39621.555	23.910355	0.9999536201463505	0.00060346833	0	1
1352.0170642205258	39624.88	23.900383	0.9976420881522445	0.00060316606	0	1
1352.0184530589545	39676.5	23.919197	0.997779986301294	0.0006028555	0	1
1352.0198418978478	39623.38	23.903996	0.9953090722947994	0.0006032801	0	1
1352.0226195756368	39659.37	23.913553	0.994017311358116	0.00060297357	0	1
1352.0240084145307	39777.066	23.948885	0.9959164120203771	0.0006020777	0	1
1352.0253972534242	39686.824	23.926796	0.9926107698859449	0.00060289016	0	1
1352.0267860923177	39754.152	23.943375	0.9932845816415345	0.00060228613	0	1
1352.0281749312117	39762.293	23.943216	0.9925037842302413	0.00060215883	0	1
1352.029563770106	39798.926	23.951942	0.9924593681181745	0.00060182385	0	1
1352.030952609	39754.824	23.948023	0.9904282607326984	0.0006023929	0	1
1352.0323414478935	39877.793	23.973166	0.9925967241825439	0.0006011658	0	1
1352.0337302863213	39740.28	23.942684	0.988283510221024	0.000602479	0	1
1352.0351191252153	39890.28	23.973751	0.9911593718528431	0.0006009923	0	1
1352.0365079641092	39837.36	23.961113	0.9890179977896034	0.00060147344	0	1
1352.0378968030027	39843.223	23.97172	0.9883639934450166	0.00060165115	0	1
1352.0392856418962	39846.953	23.961906	0.9876839513047093	0.0006013485	0	1
1352.0406744807904	39874.61	23.977823	0.9876235128713401	0.0006013306	0	1
1352.0420633196845	39811.61	23.952446	0.9853455429765053	0.00060164474	0	1
1352.0434521581124	39974.746	23.999075	0.9887033509958516	0.0006003559	0	1
1352.0448409970056	39841.434	23.960876	0.9847294446160748	0.000601406	0	1
1352.0462298358998	39858.79	23.974352	0.9845221203122855	0.00060148217	0	1
1352.0476186747946	39846.46	23.962826	0.983609022675877	0.000601379	0	1
1352.0490075136895	39948.062	23.996054	0.9855480514178936	0.0006006813	0	1
1352.0503963525828	39928.836	23.988543	0.9845056441818794	0.0006007824	0	1
1352.0517851910104	39971.88	24.000082	0.9850531380834634	0.0006004242	0	1
1352.0531740299048	39974.777	24.004118	0.9846112688256868	0.0006004816	0	1
1352.0545628687987	39976.543	24.003231	0.9841828978959919	0.00060043286	0	1
1352.0559517076922	39855.426	23.968187	0.9807721864545701	0.00060137827	0	1
1352.0573405465857	39913.305	23.973907	0.9817673111697652	0.0006006495	0	1
1352.058729385014	39898.867	23.97647	0.9810247751358895	0.0006009311	0	1
1352.0601182239084	39788.016	23.937346	0.977954465225369	0.000601622	0	1
1352.0615070628023	39973.906	23.999014	0.98217741141264	0.00060036697	0	1
1352.0628959016958	39886.812	23.975822	0.979747789105873	0.0006010965	0	1
1352.0642847401236	40017.195	24.01232	0.9826599447628039	0.00060005	0	1
1352.0656735790176	39919.61	23.97902	0.9800157361981828	0.0006006827	0	1
1352.0670624179115	39998.395	24.008965	0.9817295345036334	0.0006002482	0	1
1352.068451256805	39986.906	24.003675	0.9812552899893381	0.0006002884	0	1
1352.0698400952328	39972.887	23.998089	0.9807470589987723	0.00060035917	0	1
1352.071228934127	40014.4	24.01003	0.9816292195163273	0.0006000348	0	1
1352.0726177730212	40062.117	24.028437	0.9826913970619985	0.0005997795	0	1
1352.074006611449	39913.97	23.988478	0.9790052164426418	0.0006010046	0	1
1352.075395450343	40088.24	24.033186	0.9832272379324148	0.0005995072	0	1
1352.0767842892378	39954.312	24.002867	0.9798902363508554	0.00060075783	0	1
1352.0781731281318	40023.0	24.019289	0.9815783783508244	0.00060013717	0	1
1352.0795619665605	40016.41	24.018986	0.9814482309733464	0.0006002284	0	1
1352.0809508054538	39949.34	23.989641	0.979862502065177	0.00060050155	0	1
1352.082339644347	40114.375	24.036617	0.9840117448248159	0.00059920206	0	1
1352.0837284827758	40047.19	24.026196	0.9824648941412845	0.00059994706	0	1
1352.0851173216697	40030.383	24.018799	0.9821953228184082	0.00060001423	0	1
1352.0865061605632	39989.344	24.011229	0.981358708214073	0.00060044066	0	1
1352.087894998991	40055.555	24.030054	0.9831818519872734	0.00059991813	0	1
1352.089283837885	40008.46	24.009958	0.9822515694370451	0.00060012203	0	1
1352.0906726767794	40097.355	24.036177	0.984687780353695	0.0005994454	0	1
1352.092061515207	40052.926	24.023466	0.9838776760330747	0.00059979304	0	1
1352.0934503541002	39976.367	23.996986	0.9823048783152173	0.0006002793	0	1
1352.0948391929946	40007.707	24.016882	0.9834103628314681	0.0006003064	0	1
1352.096228031423	40093.27	24.041319	0.9858904437981869	0.0005996348	0	1
1352.0976168703169	40003.99	24.015629	0.9840713832042057	0.0006003309	0	1
1352.0990057087447	40055.4	24.022491	0.9857534774115749	0.0005997317	0	1
1352.1003945476382	40032.77	24.017365	0.9856408205858409	0.00059994264	0	1
1352.101783386533	39913.734	23.982826	0.9831929967763465	0.0006008665	0	1
1352.1031722249622	40029.234	24.01321	0.9865228988968705	0.0005998918	0	1
1352.1045610638557	39993.45	24.006031	0.9861652321750838	0.0006002491	0	1
1352.1059499022836	40007.363	24.010021	0.9870594021008602	0.0006001401	0	1
1352.1073387411775	39967.723	24.00535	0.9866584192549386	0.0006006184	0	1
1352.1087275796058	39975.33	24.003984	0.9874497034989559	0.00060047	0	1
1352.1101164185002	40058.47	24.022972	0.9901472124895623	0.0005996977	0	1
1352.1115052573934	39961.707	24.005955	0.9883985936538372	0.00060072396	0	1
1352.112894095821	39957.543	23.998083	0.9889773130736006	0.00060058956	0	1
1352.1142829347154	40027.266	24.024714	0.9914118458875569	0.0006002087	0	1
1352.1156717731437	39948.504	23.997358	0.9901942601465649	0.0006007073	0	1
1352.1170606120372	39958.438	23.996735	0.9911995162145159	0.00060054235	0	1
1352.118449450465	39941.312	23.995047	0.9915589100302666	0.0006007576	0	1
1352.119838289359	39979.594	24.007504	0.9933195648732123	0.0006004939	0	1
1352.1212271277877	39920.64	23.985327	0.9926891244927283	0.0006008252	0	1
1352.122615966681	39874.285	23.970726	0.9923947377435385	0.0006011575	0	1
1352.1240048051086	40000.36	24.0096	0.9964299910953017	0.0006002346	0	1
1352.125393644003	39889.55	23.98375	0.9945663270583902	0.00060125394	0	1
1352.1267824824313	39973.02	23.998184	0.9975933851283524	0.0006003596	0	1
1352.1281713213252	39874.3	23.980646	0.9960750825087425	0.00060140603	0	1
1352.129560159754	39914.97	23.985113	0.9980727946378958	0.0006009052	0	1
1352.130948998648	39823.016	23.965704	0.9967769979656246	0.00060180534	0	1
1352.1323378370764	39871.742	23.977352	0.9990251294284591	0.00060136203	0	1
1352.1337266759706	39865.445	23.971693	0.9999192739357818	0.00060131506	0	1
1352.1351155143984	39857.938	23.968893	1.0008060615477548	0.0006013581	0	1
1352.136504353292	39801.047	23.943598	1.0004742872678725	0.0006015821	0	1
1352.1378931917202	39847.547	23.966387	1.0027641064532105	0.000601452	0	1
1352.1392820306141	39827.47	23.966097	1.0034019658286704	0.00060174795	0	1
1352.140670869042	39816.227	23.95402	1.004284045698582	0.00060161453	0	1
1352.1420597074698	39858.637	23.963608	1.0065426179495054	0.00060121494	0	1
1352.1434485463637	39759.902	23.946247	1.0052572363513568	0.0006022713	0	1
1352.1448373847925	39677.797	23.916039	1.0044177559634764	0.0006027562	0	1
1352.1462262236864	39702.285	23.927176	1.0062778857421215	0.00060266495	0	1
1352.1476150621143	39812.1	23.95302	1.010344380091794	0.0006016517	0	1
1352.149003900542	39703.54	23.932522	1.0088721926340694	0.00060278055	0	1
1352.150392739436	39667.45	23.917984	1.0092664715402695	0.0006029625	0	1
1352.1517815778648	39761.223	23.9387	1.0129956431264147	0.00060206145	0	1
1352.153170416758	39669.32	23.913923	1.011997984991258	0.0006028317	0	1
1352.1545592551856	39677.92	23.915005	1.0135896841946173	0.0006027283	0	1
1352.1559480936148	39642.883	23.915197	1.0140852706245003	0.0006032658	0	1
1352.1573369325097	39609.117	23.896236	1.0146303323883448	0.0006033014	0	1
1352.1587257709382	39575.383	23.888338	1.0151927939687098	0.0006036161	0	1
1352.1601146093658	39613.25	23.897451	1.0176108527402736	0.00060326915	0	1
1352.1615034482593	39617.344	23.899405	1.0191812585816684	0.0006032561	0	1
1352.1628922866878	39625.24	23.907478	1.0208679804070717	0.0006033397	0	1
1352.1642811251163	39546.8	23.89372	1.0203456199837857	0.0006041885	0	1
1352.1656699640098	39588.316	23.899885	1.0229341944650032	0.0006037106	0	1
1352.1670588024376	39512.98	23.878729	1.0225191686263997	0.0006043262	0	1
1352.168447640866	39532.242	23.883032	1.024566697449354	0.0006041406	0	1
1352.1698364797599	39523.492	23.880886	1.025905024205485	0.00060422	0	1
1352.1712253181877	39562.586	23.887108	1.0285024567174192	0.00060378027	0	1
1352.1726141566155	39390.516	23.842722	1.0256306533291801	0.00060529093	0	1
1352.1740029955097	39553.58	23.890846	1.031489543475408	0.0006040123	0	1
1352.1753918339382	39447.7	23.863443	1.030342282103007	0.0006049388	0	1
1352.1767806723665	39437.63	23.851902	1.0317171743646716	0.0006048006	0	1
1352.1781695107943	39366.79	23.829865	1.031513008082786	0.0006053291	0	1
1352.1795583496878	39461.23	23.864336	1.0356543466797863	0.00060475396	0	1
1352.180947188116	39453.48	23.863287	1.0371306547137216	0.00060484617	0	1
1352.1823360265453	39390.71	23.83797	1.0371705139718717	0.0006051673	0	1
1352.1837248649738	39300.305	23.822172	1.03648854747585	0.00060615747	0	1
1352.1976132501864	39181.062	23.802387	1.0508761661699086	0.00060749723	0	1
1352.1990020890803	39286.89	23.822634	1.0555054322282362	0.00060637615	0	1
1352.2003909275086	39242.086	23.814342	1.056111575558224	0.0006068572	0	1
1352.2017797659364	39181.543	23.795927	1.0562956609507173	0.00060732494	0	1
1352.2031686043642	39164.223	23.796608	1.0576472295156798	0.0006076109	0	1
1352.2045574427927	39141.098	23.788296	1.0588454879738736	0.0006077575	0	1
1352.2059462812213	39120.473	23.786467	1.0601141388237405	0.0006080312	0	1
1352.2073351196495	39100.723	23.77607	1.0614088836797113	0.0006080724	0	1
1352.208723958543	39078.594	23.773195	1.062640822583144	0.00060834317	0	1
1352.2101127969713	39062.312	23.76654	1.0640331586303817	0.00060842634	0	1
1352.2115016354005	39042.6	23.766758	1.0653330200147124	0.0006087391	0	1
1352.2128904738292	39061.6	23.762978	1.0676912180867653	0.0006083462	0	1
1352.2142793122568	39090.66	23.771889	1.0703281460013971	0.000608122	0	1
1352.2156681506845	39060.38	23.761414	1.071341216264782	0.00060832524	0	1
1352.2170569891132	38999.707	23.751684	1.0715168422268677	0.0006090221	0	1
1352.2184458275415	38982.004	23.746973	1.07286915753299	0.00060917786	0	1
1352.2198346659693	38955.93	23.73992	1.073988259391751	0.0006094045	0	1
1352.2212235043971	38941.863	23.733852	1.0754351752608986	0.00060946884	0	1
1352.2226123428254	38964.652	23.73955	1.0778983892231258	0.0006092586	0	1
1352.2240011812542	38885.785	23.7183	1.0775442803367827	0.00060994783	0	1
1352.225390020148	38913.53	23.729374	1.080138961686318	0.0006097975	0	1
1352.226778858576	38885.99	23.720846	1.0811952590095473	0.0006100101	0	1
1352.2281676970038	38904.344	23.725973	1.083522980203942	0.00060985406	0	1
1352.229556535432	38875.28	23.715115	1.0845246451418602	0.00061003066	0	1
1352.2309453738603	38858.363	23.711716	1.0858574422079001	0.00061020884	0	1
1352.2323342122882	38840.395	23.706541	1.0871531174921858	0.0006103579	0	1
1352.233723050716	38778.516	23.695005	1.0872092965031117	0.00061103434	0	1
1352.2351118891445	38791.156	23.691908	1.0893451002311834	0.0006107554	0	1
1352.2365007275735	38792.527	23.692646	1.0911570901776222	0.00061075285	0	1
1352.2378895660027	38799.7	23.695135	1.0931240290297122	0.00061070407	0	1
1352.2392784044305	38796.402	23.69204	1.094786973671913	0.0006106762	0	1
1352.2406672428583	38740.008	23.680847	1.0949390263155983	0.00061127625	0	1
1352.2420560812866	38748.227	23.676523	1.0969046592744285	0.00061103504	0	1
1352.2434449197153	38727.68	23.676283	1.0980443412666796	0.00061135297	0	1
1352.2448337576773	38648.86	23.655863	1.097515691717367	0.0006120714	0	1
1352.2462225961049	38629.402	23.649214	1.0986561405792135	0.00061220763	0	1
1352.2476114345336	38532.477	23.626019	1.097575304137596	0.0006131456	0	1
1352.249000272962	38459.203	23.601429	1.0971472904424344	0.0006136744	0	1
1352.2503891113897	38385.1	23.583994	1.0966752026364492	0.0006144049	0	1
1352.2517779498176	38293.418	23.560926	1.0956790240324268	0.00061527354	0	1
1352.2531667882458	38176.72	23.520737	1.0939430030642736	0.0006161016	0	1
1352.2545556266746	37967.008	23.466951	1.0895122833368867	0.000618088	0	1
1352.2559444651029	37770.273	23.4145	1.085420755363969	0.0006199187	0	1
1352.2573333035307	37724.156	23.397537	1.0856307181107883	0.0006202269	0	1
1352.2587221419585	37557.273	23.354374	1.082339215280086	0.0006218336	0	1
1352.2601109799211	37329.84	23.286587	1.077269002804633	0.0006238062	0	1
1352.2614998183494	37179.445	23.243298	1.0743885940935118	0.00062516524	0	1
1352.2628886567772	37041.883	23.207613	1.0718488067188372	0.0006265236	0	1
1352.264277495206	36801.94	23.144176	1.0663126116044583	0.00062888465	0	1
1352.265666333635	36625.168	23.089079	1.0625709427686592	0.0006304156	0	1
1352.2670551720635	36379.723	23.025684	1.0568008377479587	0.00063292636	0	1
1352.2684440104917	36189.617	22.970308	1.052601487871161	0.00063472096	0	1
1352.269832848454	35965.918	22.903812	1.047388855647887	0.0006368199	0	1
1352.2712216868817	35768.168	22.849577	1.0428952855225717	0.00063882436	0	1
1352.27261052531	35465.82	22.76213	1.0353124688702315	0.0006418047	0	1
1352.2739993637388	35281.55	22.70501	1.031137470961214	0.0006435377	0	1
1352.2753882021664	35046.098	22.64042	1.0254297284970004	0.0006460183	0	1
1352.2767770401283	34782.16	22.568691	1.0188489836891856	0.00064885826	0	1
1352.278165878557	34533.523	22.488825	1.0126764572381353	0.00065121724	0	1
1352.2795547169853	34239.203	22.413063	1.0051234129458817	0.00065460237	0	1
1352.2809435554132	33968.047	22.331432	0.9982089004485646	0.0006574247	0	1
1352.282332393841	33694.914	22.248426	0.9911956346790997	0.00066029036	0	1
1352.2837212318036	33464.9	22.184658	0.9854114324439175	0.0006629232	0	1
1352.2851100702323	33174.547	22.09569	0.9778109245482502	0.00066604343	0	1
1352.2864989086606	32871.336	22.012701	0.9697898572274289	0.0006696625	0	1
1352.2878877470885	32622.148	21.934776	0.9633224811591493	0.00067238905	0	1
1352.2892765850506	32327.361	21.846003	0.9554689211475577	0.00067577435	0	1
1352.2906654234798	32070.355	21.767912	0.9486924380285732	0.00067875494	0	1
1352.2920542619088	31696.938	21.662725	0.9384310803561579	0.00068343274	0	1
1352.2934430998707	31428.984	21.576942	0.9312510450668273	0.0006865301	0	1
1352.2948319382986	31123.621	21.491552	0.922923500864665	0.00069052225	0	1
1352.296220776727	30841.139	21.405157	0.9152354757773294	0.0006940456	0	1
1352.29760961469	30539.684	21.308878	0.9069459734204713	0.0006977439	0	1
1352.2989984531182	30239.262	21.212515	0.8986487812070245	0.00070148916	0	1
1352.300387291546	29932.547	21.126978	0.8901265956320368	0.0007058196	0	1
1352.3017761295082	29624.62	21.02834	0.8815307434926545	0.0007098265	0	1
1352.3031649679365	29333.121	20.935293	0.8733870191496749	0.00071370834	0	1
1352.3045538063652	29053.504	20.8483	0.8655613321646064	0.000717583	0	1
1352.3059426443272	28787.566	20.764765	0.8581084419074977	0.0007213102	0	1
1352.3073314827548	28482.738	20.67105	0.8494616849583867	0.0007257395	0	1
1352.3087203211835	28183.186	20.575191	0.8409377308383066	0.000730052	0	1
1352.3101091591461	27913.545	20.489412	0.8332729005093505	0.0007340312	0	1
1352.311497997574	27688.447	20.421562	0.8269059390408142	0.0007375481	0	1
1352.3128868360018	27408.637	20.333538	0.8188736035968626	0.00074186607	0	1
1352.3142756739644	27156.748	20.250378	0.8116443285820422	0.0007456849	0	1
1352.3156645123931	26898.703	20.162874	0.8042007589365474	0.0007495854	0	1
1352.3170533503558	26675.09	20.096327	0.7977571602203042	0.0007533743	0	1
1352.318442188784	26395.857	20.005337	0.7896211676481483	0.0007578968	0	1
1352.3198310267471	26202.57	19.943615	0.7840279860003198	0.000761132	0	1
1352.3212198651754	26029.73	19.880514	0.7790197185270343	0.0007637618	0	1
1352.322608703604	25828.123	19.816317	0.7731240126589858	0.000767238	0	1
1352.3239975415659	25649.219	19.760519	0.7678818527927116	0.0007704141	0	1
1352.3253863799937	25496.285	19.712725	0.763391848226203	0.00077316066	0	1
1352.3267752179565	25374.213	19.667126	0.7598011260188422	0.0007750832	0	1
1352.328164056385	25214.291	19.616163	0.7549233095398635	0.000777978	0	1
1352.3295528943477	25144.402	19.594759	0.7527419472108006	0.0007792891	0	1
1352.3309417327755	25117.535	19.584227	0.7518488716702841	0.0007797034	0	1
1352.3323305707377	25047.352	19.559103	0.7496595602013708	0.00078088505	0	1
1352.333719409166	24995.691	19.543737	0.7480251008192839	0.00078188424	0	1
1352.335108247129	24987.465	19.543856	0.7476906745661501	0.0007821464	0	1
1352.3364970855566	24997.139	19.547623	0.7478918907743567	0.00078199443	0	1
1352.3378859235186	25040.732	19.561169	0.7491077933473325	0.000781174	0	1
1352.3392747619473	25110.314	19.577826	0.7511007715936485	0.00077967264	0	1
1352.34066359991	25185.037	19.602299	0.7532470282078917	0.00077833113	0	1
1352.342052437872	25268.734	19.632696	0.7556611641841251	0.00077695603	0	1
1352.3434412763	25400.154	19.67726	0.7595017079206133	0.00077469053	0	1
1352.3448301142635	25538.04	19.725256	0.7633816908386217	0.00077238725	0	1
1352.3462189526927	25695.018	19.779917	0.7678064792406404	0.0007697958	0	1
1352.3476077906553	25872.506	19.833946	0.7728175011021865	0.0007666032	0	1
1352.348996629083	26096.781	19.907282	0.7791983370379666	0.0007628252	0	1
1352.3503854670453	26251.365	19.960257	0.7834705583540992	0.0007603512	0	1
1352.351774305008	26505.992	20.04248	0.7907000211945444	0.00075614906	0	1
1352.3531631434364	26739.754	20.115515	0.7972770497259917	0.00075227	0	1
1352.3545519813983	26992.832	20.196182	0.8043996072084111	0.0007482054	0	1
1352.3559408198262	27191.818	20.270075	0.8098799687948072	0.0007454476	0	1
1352.357329657789	27498.496	20.3671	0.8185362764772528	0.00074066233	0	1
1352.3587184957519	27744.031	20.440014	0.8253398536882908	0.0007367355	0	1
1352.3601073341802	27983.955	20.521082	0.8319445921553896	0.000733316	0	1
1352.3614961721423	28297.223	20.617596	0.8406962055746539	0.00072860846	0	1
1352.3628850101045	28541.074	20.691265	0.8473514734267501	0.0007249645	0	1
1352.3642738485328	28923.97	20.808548	0.8580988949760572	0.00071942224	0	1
1352.3656626864959	29110.041	20.873518	0.8629719685346235	0.0007170556	0	1
1352.367051524458	29454.605	20.980154	0.8725090547255111	0.0007122877	0	1
1352.3684403628856	29754.46	21.074362	0.8806842639405849	0.0007082757	0	1
1352.3698292008485	30037.598	21.159529	0.8883282219761797	0.0007044348	0	1
1352.371218038812	30330.193	21.250994	0.8962153917285547	0.00070065475	0	1
1352.3726068767746	30616.385	21.332714	0.9038764490272029	0.00069677446	0	1
1352.3739957152025	30901.709	21.422117	0.9114749690001558	0.00069323403	0	1
1352.375384553165	31244.578	21.530178	0.9207321187717276	0.0006890853	0	1
1352.3767733911282	31531.31	21.615469	0.9282960092207235	0.00068552396	0	1
1352.3781622290908	31779.096	21.688938	0.934676759606583	0.0006824907	0	1
1352.3795510675186	32112.537	21.787535	0.9435387809526227	0.00067847443	0	1
1352.3809399054808	32413.871	21.878742	0.9514176623809708	0.00067498087	0	1
1352.3823287434434	32653.55	21.952456	0.9574497987016082	0.0006722839	0	1
1352.3837175814062	32973.668	22.042683	0.965802750601565	0.0006684935	0	1
1352.3851064193682	33299.29	22.1422	0.9742764016931434	0.00066494517	0	1
1352.386495257796	33521.477	22.205713	0.9796863353353514	0.00066243246	0	1
1352.3878840957589	33788.35	22.282097	0.9863667586225772	0.0006594609	0	1
1352.3892729337217	34083.457	22.369076	0.9938333881771284	0.000656303	0	1
1352.3906617716839	34361.7	22.448277	1.0007700319605684	0.00065329357	0	1
1352.392050609646	34617.16	22.52213	1.0070063153986495	0.0006506059	0	1
1352.3934394480743	34807.824	22.580936	1.011323973737955	0.0006487316	0	1
1352.394828286037	35118.086	22.664778	1.0190809776937566	0.0006453876	0	1
1352.396217124	35322.86	22.72579	1.0237410083655638	0.00064337347	0	1
1352.3976059619622	35601.91	22.808443	1.0305192092232143	0.0006406522	0	1
1352.3989947999248	35838.277	22.873375	1.0360263767446842	0.0006382387	0	1
1352.4003836378884	36067.746	22.932518	1.0413006393442805	0.0006358179	0	1
1352.401772475851	36237.234	22.987297	1.0448125292326635	0.0006343557	0	1
1352.4031613138131	36459.64	23.047981	1.049820041101106	0.0006321505	0	1
1352.4045501517753	36690.87	23.117407	1.0550494201792142	0.0006300588	0	1
1352.4059389902036	36853.87	23.16619	1.0582872370612415	0.0006285958	0	1
1352.4073278281667	37135.52	23.239359	1.064900872342775	0.00062579865	0	1
1352.4087166661293	37261.684	23.27952	1.0670263846625008	0.0006247576	0	1
1352.4101055040915	37399.004	23.32472	1.0694480857181894	0.0006236722	0	1
1352.4114943420536	37657.58	23.388262	1.0753088875887935	0.00062107714	0	1
1352.4128831800163	37764.223	23.417116	1.0768047827650757	0.0006200873	0	1
1352.414272017979	37972.51	23.473026	1.08117485643025	0.0006181584	0	1
1352.415660855941	38026.688	23.488707	1.081135466250591	0.00061769004	0	1
1352.4170496939032	38159.727	23.52924	1.0833203721940288	0.00061659876	0	1
1352.4184385318663	38320.855	23.572317	1.0862808716792536	0.00061513024	0	1
1352.419827369829	38377.52	23.589132	1.0862619640377364	0.00061466015	0	1
1352.4212162077915	38584.574	23.6428	1.0904802020175164	0.0006127526	0	1
1352.4226050457537	38578.59	23.64279	1.0886610942045503	0.00061284745	0	1
1352.4239938837159	38655.605	23.66614	1.089173850261806	0.00061223045	0	1
1352.4253827216794	38726.39	23.686735	1.0894979648063852	0.00061164325	0	1
1352.426771559643	38746.637	23.692234	1.0883901532094702	0.00061146554	0	1
1352.428160397605	38748.617	23.691294	1.0867626926977103	0.00061141007	0	1
1352.429549235567	38781.707	23.697315	1.0860011698609011	0.00061104365	0	1
1352.43093807353	38812.85	23.707882	1.0851778823721556	0.00061082555	0	1
1352.4323269110268	38840.79	23.718254	1.0842584096941612	0.00061065325	0	1
1352.433715748989	38804.996	23.704912	1.0815568312893147	0.0006108727	0	1
1352.4351045869512	38811.24	23.70883	1.0800252981098348	0.0006108754	0	1
1352.4364934249138	38875.402	23.72677	1.0801002007025073	0.0006103286	0	1
1352.4378822628769	38915.957	23.735826	1.0795127773703932	0.0006099253	0	1
1352.4392711008395	38864.934	23.722898	1.0763842465714926	0.0006103934	0	1
1352.4406599388017	38838.465	23.718529	1.07393848522731	0.00061069685	0	1
1352.4420487767638	38909.47	23.7322	1.0741858368545079	0.0006099338	0	1
1352.4434376147265	38890.035	23.7292	1.0719345145466666	0.00061016146	0	1
1352.4448264522237	38939.098	23.746	1.0715707077392507	0.0006098241	0	1
1352.4462152901856	38963.43	23.745869	1.0705244594396623	0.0006094399	0	1
1352.4476041281478	38991.156	23.751762	1.0695710401641512	0.00060915767	0	1
1352.4489929661108	39011.24	23.762266	1.0684081716870317	0.00060911337	0	1
1352.4503818040735	39017.49	23.765764	1.06686816675902	0.00060910545	0	1
1352.4517706415704	39039.84	23.771835	1.0657705032689777	0.0006089122	0	1
1352.4531594795335	39034.066	23.771158	1.063908113795897	0.0006089849	0	1
1352.4545483174961	39047.992	23.773296	1.062586559504298	0.0006088225	0	1
1352.4559371554587	39066.098	23.774647	1.0613820858043124	0.0006085749	0	1
1352.4573259934218	39081.867	23.78441	1.0601178716980437	0.0006085792	0	1
1352.4587148309183	39070.023	23.781918	1.0581101069911814	0.00060869986	0	1
1352.4601036688803	39115.855	23.792728	1.0576689689432581	0.000608263	0	1
1352.4614925068431	39107.816	23.792572	1.0557760955142357	0.0006083841	0	1
1352.4628813448057	39127.062	23.795494	1.0546263127883437	0.00060815946	0	1
1352.4642701823022	39177.46	23.810236	1.0543206352046666	0.0006077534	0	1
1352.4656590202644	39217.508	23.819399	1.0537403651807145	0.00060736644	0	1
1352.467047858227	39238.85	23.827747	1.052663203816491	0.00060724886	0	1
1352.4684366957244	39211.426	23.822775	1.0502865948301159	0.00060754677	0	1
1352.469825533687	39268.285	23.83297	1.0501753997778074	0.0006069267	0	1
1352.4712143716492	39218.914	23.818308	1.0472323367891254	0.00060731685	0	1
1352.4726032091457	39343.816	23.846212	1.048952113027994	0.0006060981	0	1
1352.4739920471084	39253.332	23.83242	1.044932962766219	0.00060714385	0	1
1352.4753808850712	39327.51	23.847939	1.0453110946718482	0.00060639327	0	1
1352.4767697225675	39312.56	23.8464	1.0433286532675028	0.00060658477	0	1
1352.4781585605297	39277.18	23.842012	1.0408174496229758	0.00060701946	0	1
1352.4795473984932	39387.22	23.86468	1.0421684083733898	0.0006058991	0	1
1352.480936235991	39374.88	23.86317	1.0402894119301946	0.00060605066	0	1
1352.4823250739537	39376.164	23.865948	1.0387831805544578	0.0006061014	0	1
1352.4837139114502	39352.758	23.860826	1.0366391087297167	0.00060633174	0	1
1352.4851027494124	39432.043	23.87577	1.0372110162179067	0.0006054916	0	1
1352.4864915869096	39461.844	23.891836	1.0364904582893204	0.00060544146	0	1
1352.4878804248724	39514.86	23.902258	1.036390179256605	0.0006048929	0	1
1352.4892692628346	39420.145	23.877682	1.0324307765212393	0.00060572283	0	1
1352.4906581003308	39486.047	23.895266	1.0326933627030903	0.0006051572	0	1
1352.4920469382937	39564.85	23.916855	1.0333026212665943	0.0006044975	0	1
1352.4934357757907	39553.66	23.914454	1.0315738771834404	0.00060460786	0	1
1352.4948246137528	39511.98	23.90222	1.0290670469775987	0.000604936	0	1
1352.4962134512493	39532.895	23.905796	1.0282066018266904	0.00060470647	0	1
1352.497602289212	39615.906	23.926123	1.0289732716843027	0.00060395245	0	1
1352.4989911267094	39530.58	23.90993	1.0253835519304684	0.00060484646	0	1
1352.500379964672	39626.4	23.931116	1.0265085123211362	0.0006039185	0	1
1352.5017688021685	39569.54	23.921907	1.0236934798269834	0.0006045536	0	1
1352.5031576401307	39650.434	23.942371	1.024458163405809	0.0006038363	0	1
1352.5045464776276	39681.17	23.946522	1.0239401927772567	0.00060347316	0	1
1352.5059353151248	39672.316	23.943026	1.0224170241598693	0.00060351973	0	1
1352.5073241530877	39663.777	23.942083	1.020920006951145	0.0006036259	0	1
1352.5087129905846	39635.207	23.937912	1.0189262284129184	0.00060395576	0	1
1352.5101018285477	39709.49	23.958315	1.0195929456755464	0.0006033398	0	1
1352.5114906660447	39684.645	23.954138	1.0177310276038736	0.0006036123	0	1
1352.5128795040073	39750.23	23.965878	1.018205269804098	0.00060291163	0	1
1352.5142683415038	39728.586	23.964478	1.0164622535840993	0.0006032049	0	1
1352.5156571790003	39747.105	23.967833	1.015765624846894	0.00060300826	0	1
1352.5170460169631	39796.445	23.980589	1.0158735302890456	0.0006025812	0	1
1352.5184348544603	39751.863	23.968483	1.013602834549816	0.00060295244	0	1
1352.5198236919568	39811.957	23.987282	1.0140200040934464	0.0006025145	0	1
1352.5212125299188	39722.637	23.963978	1.0106603753495713	0.00060328265	0	1
1352.522601367416	39815.59	23.9848	1.011940547020796	0.0006023972	0	1
1352.523990204913	39827.344	23.987806	1.0111825227340088	0.0006022949	0	1
1352.525379042875	39841.844	23.996174	1.010513439426314	0.0006022857	0	1
1352.5267678803716	39831.008	23.988655	1.009221722534745	0.0006022608	0	1
1352.5281567178686	39875.203	24.005821	1.009343738894427	0.0006020238	0	1
1352.529545555366	39832.5	23.99324	1.0072864380246616	0.00060235336	0	1
1352.5309343933286	39887.906	24.006529	1.0077303255656835	0.0006018498	0	1
1352.532323230825	39896.098	24.00455	1.0070004870717149	0.00060167664	0	1
1352.533712068322	39911.254	24.012558	1.0064666678648326	0.0006016488	0	1
1352.53510090582	39933.953	24.022903	1.0061430979466692	0.0006015659	0	1
1352.536489743783	39942.73	24.029099	1.0054890803507437	0.0006015888	0	1
1352.5378785812793	39942.066	24.02106	1.004618347997843	0.00060139754	0	1
1352.5392674187756	39966.277	24.032534	1.0043940187427587	0.0006013203	0	1
1352.540656256273	40000.664	24.035662	1.0044455698761614	0.0006008816	0	1
1352.5420450942356	39975.254	24.030281	1.0030168544435363	0.0006011289	0	1
1352.5434339317326	39904.605	24.01626	1.0004764826265746	0.00060184184	0	1
1352.544822769229	39945.125	24.02348	1.000745487137944	0.00060141203	0	1
1352.5462116067256	40011.89	24.040354	1.001691777285557	0.00060083024	0	1
1352.5476004442228	40000.625	24.037523	1.0007053826487575	0.0006009287	0	1
1352.54898928172	40035.914	24.049452	1.0009051555347621	0.00060069695	0	1
1352.5503781192165	39991.473	24.035662	0.9991337782450225	0.00060101965	0	1
1352.5517669571784	39994.246	24.036154	0.9985647301223424	0.0006009903	0	1
1352.5531557946756	39967.844	24.026073	0.9972896995286633	0.0006011351	0	1
1352.5545446321726	40004.38	24.042183	0.9976071232878723	0.0006009888	0	1
1352.555933469669	39967.633	24.033169	0.9961193158011584	0.0006013158	0	1
1352.5573223071656	40011.477	24.039509	0.9966622517098589	0.00060081534	0	1
1352.5587111446625	40021.19	24.041616	0.9963766693899969	0.00060072215	0	1
1352.56009998216	40056.375	24.057505	0.9967469867731483	0.0006005912	0	1
1352.5614888196578	40021.39	24.044014	0.9953937098032772	0.0006007791	0	1
1352.5628776571548	40029.812	24.04881	0.9951428188792801	0.00060077244	0	1
1352.5642664946513	40072.95	24.059526	0.9957768939482032	0.0006003932	0	1
1352.5656553321483	40044.52	24.050291	0.994655011020989	0.00060058886	0	1
1352.5670441696457	40040.535	24.048431	0.994163246675807	0.0006006021	0	1
1352.568433007142	40055.715	24.055187	0.9941698225574112	0.0006005432	0	1
1352.5698218446382	40092.305	24.05839	0.9947299840891779	0.000600075	0	1
1352.5712106821356	40040.91	24.044128	0.9931299563523818	0.00060048903	0	1
1352.5725995196326	40089.62	24.058836	0.9940355610159213	0.0006001263	0	1
1352.5739883571296	40067.3	24.060226	0.9932024303523954	0.0006004953	0	1
1352.575377194626	40073.242	24.059162	0.9930926966623012	0.0006003797	0	1
1352.5767660321226	40154.414	24.079311	0.9948808746169279	0.00059966784	0	1
1352.5781548696198	40123.58	24.071297	0.9938937250105602	0.00059992896	0	1
1352.579543707117	40035.227	24.049377	0.9915165462946086	0.0006007054	0	1
1352.5809325446135	40080.312	24.063915	0.9924670331805739	0.0006003924	0	1
1352.582321381644	40082.46	24.067364	0.9923768384624851	0.00060044625	0	1
1352.5837102191413	40101.59	24.066275	0.9927297095851819	0.0006001327	0	1
1352.5850990566382	40079.69	24.06233	0.9920896511205247	0.00060036214	0	1
1352.5864878941356	40037.37	24.05651	0.990966919075603	0.00060085143	0	1
1352.5878767316326	40072.72	24.057316	0.9917892368558637	0.0006003415	0	1
1352.5892655691296	40102.895	24.068546	0.9925061356357769	0.0006001698	0	1
1352.5906544061613	40061.324	24.056946	0.991470021966325	0.000600503	0	1
1352.5920432436583	40055.46	24.0552	0.9913402158722554	0.00060054736	0	1
1352.5934320811548	40048.547	24.054836	0.9912069579206759	0.00060064194	0	1
1352.5948209186513	40108.527	24.062841	0.992751959028414	0.0005999433	0	1
1352.5962097561483	40070.87	24.060041	0.9919028280254479	0.00060043717	0	1
1352.59759859318	40010.973	24.047731	0.9905253497400588	0.00060102844	0	1
1352.5989874306763	40099.15	24.073526	0.9928361612307063	0.0006003501	0	1
1352.6003762681726	40076.4	24.062445	0.9924230930269113	0.00060041435	0	1
1352.60176510567	40073.234	24.060863	0.9925172726570528	0.0006004223	0	1
1352.6031539427013	40003.836	24.044134	0.9909929181633571	0.00060104573	0	1
1352.6045427801982	40066.16	24.060053	0.9927538471407519	0.00060050806	0	1
1352.6059316176948	39940.2	24.029606	0.9898821839751982	0.0006016396	0	1
1352.6073204547256	40017.555	24.05139	0.9920493588334747	0.000601021	0	1
1352.6087092922228	40056.156	24.057072	0.9932895659465489	0.0006005836	0	1
1352.61009812972	39987.76	24.040556	0.9918982737405302	0.0006011978	0	1
1352.6114869667508	40043.277	24.05294	0.9936023817187796	0.0006006736	0	1
1352.6128758042473	40037.445	24.053097	0.9938064899746817	0.00060076505	0	1
1352.614264641745	39902.05	24.021631	0.9908150561449043	0.00060201494	0	1
1352.615653478777	39985.434	24.03855	0.9932772878444358	0.00060118263	0	1
1352.6170423162744	39935.918	24.03006	0.9924600645196201	0.00060171547	0	1
1352.6184311537706	39904.69	24.024853	0.9921179541510224	0.00060205586	0	1
1352.6198199908013	39957.47	24.034088	0.9938859812520594	0.0006014918	0	1
1352.6212088282987	39940.26	24.025215	0.9939349349578543	0.00060152874	0	1
1352.62259766533	39892.062	24.00838	0.9932330159076558	0.0006018335	0	1
1352.6239865028265	39929.31	24.026867	0.9946794687194997	0.0006017351	0	1
1352.6253753398573	39895.68	24.01666	0.994381374014549	0.0006019865	0	1
1352.6267641773543	39921.566	24.021172	0.9955874595562415	0.0006017091	0	1
1352.628153014386	39896.348	24.019491	0.9955398232892532	0.00060204737	0	1
1352.6295418518823	39898.582	24.019718	0.9961975546360395	0.00060201937	0	1
1352.630930688913	39853.645	24.008451	0.9956973681730581	0.0006024155	0	1
1352.6323195264104	39927.902	24.02427	0.9981960459651389	0.00060169125	0	1
1352.6337083634417	39854.387	24.006918	0.9970206987645978	0.00060236576	0	1
1352.6350972009386	39831.21	24.000237	0.997123236168075	0.0006025485	0	1
1352.6364860379695	39897.32	24.012247	0.9994817176779349	0.00060185115	0	1
1352.637874875466	39839.41	24.003532	0.9987534000706123	0.0006025072	0	1
1352.6392637124975	39786.24	23.989126	0.9981616093498366	0.00060295034	0	1
1352.6406525499947	39828.17	24.000673	0.9999752675919609	0.00060260546	0	1
1352.642041387026	39754.613	23.97815	0.9989080987337338	0.0006031539	0	1
1352.6434302240577	39784.68	23.987988	1.0004631872501324	0.00060294534	0	1
1352.6448190615547	39765.316	23.98193	1.0007946721397225	0.0006030866	0	1
1352.646207898586	39745.402	23.981844	1.0011305154404104	0.0006033866	0	1
1352.6475967360834	39758.79	23.981913	1.002323904644247	0.0006031852	0	1
1352.648985573114	39712.36	23.969751	1.0020273093137573	0.00060358417	0	1
1352.6503744101447	39684.027	23.962168	1.0022042452891473	0.000603824	0	1
1352.6517632471764	39711.23	23.957064	1.0038020584225014	0.00060328183	0	1
1352.6531520846734	39640.168	23.95187	1.002933138642484	0.0006042323	0	1
1352.6545409217042	39707.64	23.968842	1.005587249638474	0.000603633	0	1
1352.655929758735	39610.418	23.94399	1.0040876079536767	0.0006044872	0	1
1352.657318596232	39688.066	23.964077	1.0070379990919314	0.00060381065	0	1
1352.6587074332638	39598.227	23.933628	1.0057557363713086	0.0006044116	0	1
1352.660096270295	39616.594	23.943686	1.0072373147215066	0.0006043853	0	1
1352.661485107326	39585.215	23.933386	1.0074708712905276	0.00060460414	0	1
1352.6628739448224	39644.645	23.949022	1.0100332209352545	0.00060409226	0	1
1352.6642627818537	39519.598	23.915981	1.0079105641834922	0.00060516765	0	1
1352.6656516188852	39548.844	23.921028	1.0097369128586504	0.00060484774	0	1
1352.6670404559159	39538.074	23.92014	1.0105583876273712	0.00060499	0	1
1352.6684292929476	39535.44	23.923569	1.011603525007203	0.000605117	0	1
1352.6698181304453	39503.75	23.914936	1.011920009572699	0.00060538395	0	1
1352.6712069674768	39406.664	23.893496	1.0105796544190582	0.00060633133	0	1
1352.6725958045076	39528.26	23.922646	1.0148507453833264	0.00060520356	0	1
1352.6739846415385	39514.44	23.916027	1.0156698359887688	0.00060524774	0	1
1352.6753734785698	39488.594	23.90888	1.0161935490541618	0.00060546293	0	1
1352.676762315601	39433.664	23.89405	1.0159811354132344	0.0006059303	0	1
1352.6781511526328	39395.49	23.88243	1.0162119848709383	0.0006062224	0	1
1352.6795399896637	39404.223	23.886263	1.017666189992961	0.00060618535	0	1
1352.6809288266943	39404.668	23.8901	1.018920570629815	0.0006062759	0	1
1352.6823176641915	39394.61	23.884405	1.0199167530806872	0.0006062861	0	1
1352.6837065012228	39329.008	23.860777	1.0194859665740141	0.00060669665	0	1
1352.6850953382536	39284.195	23.855	1.0196036814857685	0.00060724164	0	1
1352.6864841752845	39335.098	23.86657	1.022218753150297	0.00060674996	0	1
1352.6878730123158	39327.836	23.866262	1.0233363798902815	0.0006068542	0	1
1352.6892618493475	39316.637	23.866718	1.0243633190270196	0.0006070387	0	1
1352.6906506863788	39218.14	23.83932	1.0231242079874634	0.0006078646	0	1
1352.6920395234097	39225.445	23.838133	1.0246539482027073	0.00060772116	0	1
1352.6934283599749	39247.645	23.843584	1.0265853002337433	0.0006075163	0	1
1352.6962060340384	39301.027	23.848797	1.0307287823931552	0.00060682377	0	1
1352.6975948710697	39181.594	23.830673	1.0289713629607131	0.0006082109	0	1
1352.6989837081005	39188.34	23.830309	1.0305410829182773	0.00060809695	0	1
1352.700372545132	39157.914	23.820578	1.0311424771908986	0.00060832093	0	1
1352.7017613821636	39188.457	23.832088	1.0333590911685027	0.00060814054	0	1
1352.7031502191949	39185.023	23.827518	1.0346901725348272	0.00060807716	0	1
1352.7045390562257	39091.984	23.805244	1.0336607789274792	0.00060895464	0	1
1352.705927892791	39109.875	23.810148	1.0355705807072624	0.00060880143	0	1
1352.7073167298222	39033.793	23.784777	1.0349984140944775	0.0006093381	0	1
1352.708705566854	39083.734	23.806969	1.037774955007435	0.0006091273	0	1
1352.7100944038848	39075.293	23.799414	1.0390105940824155	0.0006090655	0	1
1352.7114832409154	39103.543	23.805016	1.0412300369622431	0.0006087688	0	1
1352.7128720774813	39018.72	23.780468	1.0404435543307688	0.0006094631	0	1
1352.7142609145126	38979.25	23.776346	1.040868530275095	0.00060997444	0	1
1352.7156497515434	38976.348	23.774488	1.0422747227934333	0.0006099722	0	1
1352.7170385885743	39007.484	23.782179	1.044598273031103	0.00060968247	0	1
1352.71842742514	38990.707	23.777317	1.0456449384951942	0.0006098201	0	1
1352.7198162621717	38920.81	23.759552	1.045268996589662	0.00061045884	0	1
1352.721205099203	38929.49	23.761951	1.0470059613424334	0.0006103844	0	1
1352.7225939362343	38941.285	23.758038	1.048832133384629	0.00061009894	0	1
1352.7239827728004	38920.51	23.756498	1.04978492466179	0.00061038503	0	1
1352.7253716098317	38949.91	23.765358	1.0520951480594773	0.0006101518	0	1
1352.7267604463975	38867.215	23.738201	1.0513789227885306	0.0006107513	0	1
1352.7281492834281	38883.195	23.751848	1.0533323924884348	0.0006108512	0	1
1352.729538120459	38842.438	23.732601	1.0537505504575118	0.0006109967	0	1
1352.730926957025	38827.71	23.730497	1.0548750197277434	0.00061117427	0	1
1352.7323157940564	38841.273	23.73694	1.0567699009173654	0.0006111267	0	1
1352.733704630622	38832.332	23.736914	1.0580541917299213	0.00061126676	0	1
1352.7350934676529	38782.664	23.72187	1.0582276128252026	0.0006116617	0	1
1352.7364823046837	38820.48	23.736197	1.0607883751029215	0.0006114349	0	1
1352.7378711412493	38800.406	23.727493	1.0617682417512462	0.00061152695	0	1
1352.739259978281	38653.055	23.68978	1.0592584734639527	0.0006128825	0	1
1352.7406488148463	38601.51	23.674791	1.059365914354449	0.0006133125	0	1
1352.742037651877	38603.797	23.669346	1.060947724546575	0.00061313517	0	1
1352.7434264884428	38512.97	23.644106	1.059965676758305	0.0006139258	0	1
1352.744815325474	38301.406	23.584587	1.055647104640764	0.00061576295	0	1
1352.7462041620392	38144.223	23.548986	1.0528106651425253	0.00061736704	0	1
1352.7475929986044	38119.164	23.543306	1.0536112647213836	0.0006176239	0	1
1352.7489818356357	37996.273	23.507172	1.051699024790093	0.0006186704	0	1
1352.7503706722023	37860.582	23.465647	1.0494189853729603	0.000619791	0	1
1352.7517595092345	37673.652	23.411034	1.0457023651383737	0.0006214166	0	1
1352.7531483457997	37448.664	23.354027	1.0409091648148918	0.00062362774	0	1
1352.7545371823649	37335.86	23.31943	1.039216501083212	0.0006245853	0	1
1352.7559260193962	37121.46	23.26878	1.0346784340601065	0.00062682823	0	1
1352.757314855962	36989.895	23.226557	1.032430433628831	0.00062791625	0	1
1352.758703692527	36759.504	23.164124	1.027404499649831	0.00063015334	0	1
1352.7600925295578	36537.85	23.097406	1.022599396025924	0.0006321501	0	1
1352.761481366124	36360.484	23.049372	1.0190120300060888	0.0006339127	0	1
1352.7628702026896	36191.93	22.999075	1.0156516501905983	0.0006354752	0	1
1352.7642590397209	35862.004	22.905792	1.0077367130166202	0.00063872035	0	1
1352.765647876286	35651.89	22.849905	1.0031607237298998	0.00064091705	0	1
1352.7670367128512	35446.434	22.784157	0.9986923127526757	0.00064277713	0	1
1352.7684255494169	35188.51	22.716846	0.9927202641366848	0.00064557564	0	1
1352.7698143864486	34898.902	22.63703	0.9858254920979224	0.0006486459	0	1
1352.7712032230138	34741.125	22.58559	0.98262938358157	0.00065011106	0	1
1352.7725920595788	34490.11	22.514393	0.9767719508105098	0.00065277825	0	1
1352.7739808961446	34217.754	22.441532	0.9702816932983565	0.0006558447	0	1
1352.7753697327103	33972.33	22.361357	0.9645266156449884	0.00065822265	0	1
1352.7767585692768	33654.066	22.275877	0.9566734109867822	0.0006619074	0	1
1352.7781474058427	33415.21	22.206247	0.9510473589061106	0.00066455506	0	1
1352.7795362428733	33131.95	22.116436	0.9441284474403059	0.000667526	0	1
1352.7809250794394	32886.492	22.04559	0.938257483398769	0.00067035394	0	1
1352.782313916005	32547.246	21.950071	0.9296793842852098	0.0006744064	0	1
1352.7837027525702	32305.416	21.87668	0.9238526130597791	0.00067718304	0	1
1352.7850915891354	32050.25	21.803589	0.9176159667768162	0.0006802939	0	1
1352.786480425701	31747.78	21.711895	0.9099944034650037	0.00068388705	0	1
1352.787869262267	31436.428	21.617002	0.9020858802644592	0.00068764185	0	1
1352.7892580988319	31172.062	21.539814	0.8954944902566758	0.0006909974	0	1
1352.790646935397	30908.402	21.464144	0.888893719172223	0.00069444365	0	1
1352.7920357719631	30605.742	21.366182	0.8811405250536671	0.00069811026	0	1
1352.7934246085288	30317.111	21.281569	0.8737596797384599	0.0007019656	0	1
1352.7948134450944	30090.547	21.213247	0.8681384487174315	0.00070498046	0	1
1352.7962022816596	29747.975	21.1055	0.859139556414062	0.0007094768	0	1
1352.7975911182248	29509.225	21.03232	0.8531080838121066	0.00071273715	0	1
1352.7989799547904	29255.469	20.94616	0.8466144569987333	0.00071597414	0	1
1352.8003687908908	28959.514	20.863012	0.8388697432514778	0.00072042	0	1
1352.801757627456	28656.006	20.770489	0.8308750767608847	0.00072482147	0	1
1352.8031464640217	28421.055	20.691896	0.8248388575931566	0.00072804815	0	1
1352.8045353005882	28104.625	20.600014	0.8164084320306342	0.00073297595	0	1
1352.8059241371539	27948.053	20.545202	0.8125943616432277	0.0007351211	0	1
1352.80731297372	27642.438	20.450525	0.8044199506805407	0.0007398235	0	1
1352.8087018098192	27446.715	20.38279	0.7994157151277437	0.0007426313	0	1
1352.8100906463842	27222.277	20.305962	0.7935495257196001	0.00074593176	0	1
1352.8114794829503	26943.9	20.226187	0.7860834702928865	0.0007506778	0	1
1352.812868319516	26741.758	20.160042	0.7808147494233288	0.00075387873	0	1
1352.814257156081	26618.45	20.119448	0.777824824508683	0.000755846	0	1
1352.8156459921806	26372.959	20.04197	0.7712406895561132	0.0007599439	0	1
1352.8170348287463	26245.229	19.998104	0.7680763486714993	0.00076197105	0	1
1352.8184236653121	26097.172	19.947372	0.7642954505800694	0.00076434994	0	1
1352.8198125014123	25955.145	19.906279	0.7606691744592805	0.00076694926	0	1
1352.8212013379775	25829.885	19.869453	0.7574184933045166	0.0007692428	0	1
1352.8225901745427	25783.488	19.84828	0.7564780198654406	0.00076980586	0	1
1352.8239790106427	25687.002	19.818758	0.7540660663434368	0.00077154813	0	1
1352.8253678472083	25620.668	19.79665	0.7525370727288688	0.00077268283	0	1
1352.8267566833078	25586.0	19.786844	0.7519369974901932	0.0007733465	0	1
1352.828145519873	25602.965	19.794256	0.7528545156753291	0.0007731236	0	1
1352.8295343564387	25613.037	19.791756	0.7535702671604001	0.00077272195	0	1
1352.8309231925396	25586.16	19.786388	0.7531991143835453	0.0007733239	0	1
1352.832312029106	25681.35	19.81975	0.7564229127914911	0.0007717566	0	1
1352.8337008652056	25756.82	19.840801	0.7590691854215522	0.0007703125	0	1
1352.8350897017708	25795.139	19.866322	0.7606228997003165	0.00077015755	0	1
1352.8364785378708	25969.557	19.913115	0.7661937696377015	0.00076678686	0	1
1352.8378673744369	26129.414	19.963465	0.7712241291662298	0.0007640227	0	1
1352.8392562105362	26212.521	19.994705	0.7739738910894335	0.00076279213	0	1
1352.8406450471011	26364.424	20.046381	0.7787391968558266	0.00076035724	0	1
1352.8420338832016	26577.14	20.11037	0.7852860117443391	0.0007566792	0	1
1352.8434227193015	26820.39	20.179895	0.7927205849734521	0.0007524087	0	1
1352.8448115558667	26943.455	20.230452	0.7965871291653689	0.00075084844	0	1
1352.8462003919662	27184.95	20.303743	0.8039387815176174	0.00074687443	0	1
1352.847589228532	27448.42	20.38806	0.8119246278405141	0.0007427772	0	1
1352.848978064632	27660.412	20.456963	0.818371224555191	0.0007395755	0	1
1352.8503669007323	27931.637	20.543629	0.8265532240729531	0.00073549675	0	1
1352.8517557368318	28146.623	20.613085	0.833053402783298	0.0007323466	0	1
1352.853144573397	28432.525	20.701494	0.8416343200118713	0.000728092	0	1
1352.854533409497	28671.426	20.779417	0.8488052870761296	0.00072474306	0	1
1352.855922245597	28908.535	20.856243	0.8559038300565324	0.00072145625	0	1
1352.857311082163	29216.785	20.94393	0.8650888404281386	0.0007168458	0	1
1352.858699918263	29474.795	21.030996	0.8727658895701247	0.00071352476	0	1
1352.8600887543632	29827.38	21.144556	0.8832223816366497	0.00070889754	0	1
1352.8614775904634	30014.543	21.203878	0.8887588456989977	0.00070645346	0	1
1352.8628664265634	30345.174	21.301016	0.8985212808242947	0.00070195727	0	1
1352.8642552631286	30619.395	21.383335	0.9065904863220516	0.00069835916	0	1
1352.8656440992281	30935.057	21.482656	0.9158631502509809	0.00069444376	0	1
1352.867032935328	31248.225	21.577192	0.9250376923672627	0.0006905094	0	1
1352.8684217714285	31447.24	21.635172	0.9308085084319035	0.0006879832	0	1
1352.8698106075278	31730.25	21.725525	0.9390405644199425	0.0006846944	0	1
1352.8711994436271	32040.367	21.81023	0.9480489133737986	0.000680711	0	1
1352.8725882797276	32300.076	21.89312	0.9555393524780047	0.000677804	0	1
1352.8739771158275	32646.385	21.99505	0.9655645035299417	0.00067373615	0	1
1352.8753659519277	32828.41	22.05584	0.970703592203484	0.0006718522	0	1
1352.876754788027	33159.836	22.145155	0.9802327376921378	0.00066783064	0	1
1352.8781436241266	33350.125	22.20548	0.9855617244145141	0.000665829	0	1
1352.8795324602268	33719.73	22.299528	0.9961609581285291	0.0006613199	0	1
1352.880921296327	33907.734	22.369535	1.001365952806199	0.00065971777	0	1
1352.8823101324265	34249.48	22.461847	1.011081754785698	0.0006558303	0	1
1352.883698968526	34469.52	22.529663	1.0171743705282918	0.00065361115	0	1
1352.8850878046267	34784.324	22.619072	1.0260330468656154	0.00065026624	0	1
1352.8864766407273	34975.793	22.683918	1.0312232729151543	0.0006485605	0	1
1352.8878654768268	35230.797	22.753078	1.0382567742238396	0.00064582925	0	1
1352.8892543129264	35430.207	22.816074	1.0436215508091577	0.00064397237	0	1
1352.890643148561	35686.15	22.8895	1.050620811976728	0.00064141134	0	1
1352.8920319846611	35964.895	22.972464	1.0582592694361714	0.0006387469	0	1
1352.893420820761	36087.3	23.009422	1.0612671432614007	0.0006376044	0	1
1352.8948096568606	36376.47	23.081953	1.069148462724942	0.0006345298	0	1
1352.8961984929601	36604.82	23.156721	1.0752095611665808	0.00063261396	0	1
1352.8975873285945	36788.27	23.216658	1.0799206192008515	0.0006310886	0	1
1352.898976164695	36949.203	23.258543	1.0839407337420282	0.0006294735	0	1
1352.9003650007942	37162.03	23.325642	1.0894525569404139	0.00062767405	0	1
1352.9017538364278	37287.086	23.359184	1.0923611655759038	0.0006264685	0	1
1352.9031426725282	37499.1	23.420427	1.0977872882178565	0.0006245597	0	1
1352.9045315086282	37679.234	23.478579	1.1022487466846478	0.0006231172	0	1
1352.9059203442628	37813.258	23.51372	1.1053316879351553	0.000621838	0	1
1352.907309180362	37954.402	23.563555	1.1085940037837112	0.0006208385	0	1
1352.9086980164616	38130.52	23.613688	1.112848102759336	0.00061928574	0	1
1352.9100868520964	38291.6	23.662107	1.116633232362714	0.0006179451	0	1
1352.911475688197	38387.32	23.68602	1.118484096738841	0.00061702717	0	1
1352.9128645238316	38487.52	23.722637	1.1204389228655083	0.0006163722	0	1
1352.914253359931	38550.754	23.748676	1.1212920404975675	0.00061603665	0	1
1352.9156421955654	38649.773	23.775082	1.1231606238324114	0.00061514153	0	1
1352.9170310316654	38643.344	23.785965	1.1219415411313995	0.0006155255	0	1
1352.9184198673001	38772.535	23.826063	1.1246360751437712	0.00061450875	0	1
1352.9198087033997	38751.13	23.826859	1.1229391671955111	0.00061486877	0	1
1352.9211975390333	38843.598	23.854048	1.124520213078408	0.000614105	0	1
1352.9225863751335	38826.46	23.855686	1.1229064478026025	0.00061441824	0	1
1352.9239752107678	38844.137	23.864923	1.122280226595435	0.00061437645	0	1
1352.9253640468673	38855.258	23.881996	1.1214448819600547	0.00061464	0	1
1352.9267528825012	38856.746	23.885048	1.1203126013970777	0.000614695	0	1
1352.9281417181355	38875.527	23.894146	1.1196601192975344	0.0006146321	0	1
1352.929530554236	38916.523	23.905678	1.119627791121875	0.0006142809	0	1
1352.9309193898703	38928.41	23.915842	1.118738887024747	0.00061435445	0	1
1352.9323082255041	38878.45	23.915218	1.1160567362550353	0.0006151279	0	1
1352.9336970616037	39018.004	23.948801	1.1187856535410663	0.0006137885	0	1
1352.935085897238	38934.46	23.94015	1.1151186336163077	0.00061488326	0	1
1352.9364747328725	38933.31	23.945055	1.1137885995927488	0.0006150275	0	1
1352.9378635685061	38971.98	23.961418	1.113581047001798	0.00061483704	0	1
1352.9392524046066	39003.65	23.972889	1.113155829692071	0.000614632	0	1
1352.9406412402418	39006.156	23.977617	1.1118824521298556	0.00061471364	0	1
1352.9420300758761	38997.773	23.978046	1.1102844651150707	0.0006148568	0	1
1352.94341891151	39046.355	24.008223	1.110292900971754	0.00061486464	0	1
1352.9448077471438	39043.055	24.00488	1.1088108507102339	0.000614831	0	1
1352.9461965827782	39043.75	24.014112	1.1074291897403872	0.0006150565	0	1
1352.9475854184125	39153.53	24.042938	1.109124829195462	0.0006140682	0	1
1352.9489742540472	39146.89	24.047543	1.1075063615141663	0.00061428995	0	1
1352.9503630901468	39100.58	24.04262	1.1047554657129917	0.00061489164	0	1
1352.9517519257804	39123.8	24.05439	1.1039584736660422	0.00061482756	0	1
1352.953140761415	39188.227	24.079212	1.1043096345612113	0.00061445014	0	1
1352.9545295970493	39126.15	24.065008	1.1010850733262014	0.000615062	0	1
1352.9559184326831	39183.1	24.089493	1.1012000604837715	0.0006147929	0	1
1352.957307268317	39138.594	24.07915	1.0984531233075674	0.00061522773	0	1
1352.9586961039513	39300.4	24.117435	1.101475673374114	0.000613669	0	1
1352.9600849391204	39206.836	24.102144	1.0973425546933842	0.0006147434	0	1
1352.9614737747547	39184.25	24.104645	1.095184954920411	0.00061516155	0	1
1352.9628626103886	39241.098	24.12563	1.0952377450757875	0.00061480515	0	1
1352.9642514460224	39305.215	24.146189	1.0954806678110776	0.00061432534	0	1
1352.9656402816577	39257.332	24.13761	1.0925937655597595	0.0006148561	0	1
1352.9670291172927	39275.445	24.151804	1.0915375904754605	0.0006149339	0	1
1352.9684179529263	39287.4	24.153284	1.0903021867074953	0.0006147845	0	1
1352.9698067880945	39338.63	24.166904	1.090147839430556	0.0006143301	0	1
1352.9711956237293	39318.047	24.168087	1.0879961535408333	0.0006146818	0	1
1352.9725844593636	39431.504	24.199944	1.089539166799205	0.00061372103	0	1
1352.973973294998	39343.906	24.185188	1.0855304086949182	0.0006147124	0	1
1352.975362130166	39438.758	24.21381	1.0865454058963229	0.00061395974	0	1
1352.9767509658	39391.03	24.209185	1.0836259256901648	0.0006145862	0	1
1352.9781398014345	39383.12	24.209	1.0817999153553635	0.000614705	0	1
1352.9795286366034	39438.85	24.22872	1.0817163230498743	0.00061433634	0	1
1352.9809174722373	39426.367	24.230476	1.0797566142331372	0.0006145754	0	1
1352.9823063078709	39427.273	24.244364	1.078161109326717	0.00061491353	0	1
1352.9836951430398	39429.676	24.249958	1.0766037570804001	0.00061501795	0	1
1352.985083978674	39510.99	24.270075	1.0771952943463967	0.0006142614	0	1
1352.9864728138432	39584.625	24.29434	1.0775660398968705	0.00061373174	0	1
1352.9878616494768	39537.27	24.289236	1.0746470207777028	0.00061433774	0	1
1352.9892504846448	39534.953	24.295097	1.07294983195621	0.00061452197	0	1
1352.9906393202796	39476.19	24.292616	1.069719755283144	0.00061537384	0	1
1352.9920281554491	39611.35	24.32597	1.0717463812207588	0.00061411614	0	1
1352.9934169910834	39608.887	24.32751	1.0700410371601001	0.00061419327	0	1
1352.9948058262516	39584.168	24.330952	1.0677358699142072	0.0006146637	0	1
1352.996194661886	39619.84	24.34743	1.0670598045383597	0.0006145262	0	1
1352.9975834970548	39665.1	24.35937	1.0666396040362698	0.000614126	0	1
1352.9989723322228	39652.074	24.363338	1.0646518831113383	0.00061442784	0	1
1353.0003611678567	39660.43	24.364092	1.0632400853654784	0.00061431737	0	1
1353.0017500030258	39679.54	24.369028	1.0621173897741512	0.00061414595	0	1
1353.0031388381944	39665.79	24.377056	1.0601171781130658	0.00061456126	0	1
1353.0045276738288	39643.43	24.376522	1.0578909418171956	0.0006148944	0	1
1353.005916508997	39710.15	24.38591	1.058042857639112	0.0006140977	0	1
1353.0073053441652	39698.21	24.3921	1.0561000244953715	0.00061443826	0	1
1353.008694179334	39799.844	24.418665	1.0571784029116214	0.0006135367	0	1
1353.0100830149686	39748.406	24.404701	1.054192671079913	0.00061397935	0	1
1353.0114718501368	39747.453	24.41447	1.052552158466127	0.0006142399	0	1
1353.0128606853048	39798.8	24.424946	1.0522990374253283	0.0006137106	0	1
1353.0142495204736	39823.52	24.437948	1.0513435158585758	0.0006136562	0	1
1353.0156383556423	39800.453	24.426424	1.0491314497370354	0.00061372225	0	1
1353.0170271908114	39795.633	24.424883	1.0474068121064144	0.0006137579	0	1
1353.0184160259794	39829.28	24.438019	1.0466991330557593	0.00061356917	0	1
1353.0198048611483	39807.6	24.433504	1.044542882478318	0.0006137899	0	1
1353.0211936963178	39849.695	24.437315	1.044065413837144	0.0006132372	0	1
1353.0225825314865	39884.19	24.454378	1.0433923188801197	0.0006131346	0	1
1353.0239713666547	39880.19	24.44887	1.0417176818906686	0.000613058	0	1
1353.0253602018229	39862.086	24.444773	1.0396824688353978	0.00061323366	0	1
1353.0267490369915	39907.93	24.457363	1.0393213666216556	0.0006128447	0	1
1353.0281378721606	39885.008	24.459637	1.037176037274744	0.0006132539	0	1
1353.0295267073293	39885.652	24.461512	1.0356521799532272	0.000613291	0	1
1353.0309155424975	39864.727	24.457056	1.033577049589278	0.0006135012	0	1
1353.0323043776657	39912.99	24.466476	1.0333029845101842	0.00061299535	0	1
1353.0336932128344	39881.867	24.45707	1.0309816506915088	0.00061323785	0	1
1353.035082048003	40016.938	24.492838	1.0329636593549798	0.00061206176	0	1
1353.0364708827055	39948.41	24.486874	1.0296920513990573	0.0006129624	0	1
1353.0378597178737	39902.59	24.476171	1.0270215604702764	0.0006133981	0	1
1353.0392485530426	40019.344	24.497755	1.0285422723466437	0.00061214785	0	1
1353.0406373882115	39949.844	24.482399	1.0252839821557385	0.0006128284	0	1
1353.0420262229145	39977.35	24.488958	1.0245267871523012	0.0006125708	0	1
1353.0434150580827	40012.6	24.501911	1.0239758448290892	0.00061235484	0	1
1353.044803893251	39995.242	24.495192	1.0220882510107343	0.0006124526	0	1
1353.0461927279548	40019.863	24.50931	1.0212837738411629	0.00061242864	0	1
1353.0475815631244	40007.434	24.50548	1.0195441026832899	0.0006125232	0	1
1353.0489703982923	40061.016	24.512022	1.0194961749171028	0.00061186723	0	1
1353.0503592329947	40022.09	24.51703	1.0171046963279171	0.0006125875	0	1
1353.0517480681638	40006.86	24.510683	1.015328643143416	0.000612662	0	1
1353.0531369028668	40046.203	24.527798	1.0149483330985358	0.0006124875	0	1
1353.054525738035	40022.25	24.519156	1.0129749963743442	0.00061263813	0	1
1353.0559145727375	39951.797	24.505299	1.0098440821993382	0.0006133716	0	1
1353.0573034079061	40043.73	24.525368	1.0108206169578229	0.0006124646	0	1
1353.0586922426096	40046.527	24.52958	1.009560414784888	0.000612527	0	1
1353.0600810777782	40028.2	24.526327	1.007780610934636	0.0006127262	0	1
1353.0614699124808	40028.902	24.53236	1.006493139088805	0.0006128662	0	1
1353.062858747649	40102.523	24.542849	1.0070494991490766	0.0006120026	0	1
1353.064247582352	40125.68	24.553688	1.0063533761731116	0.00061191956	0	1
1353.065636417055	40004.836	24.529179	1.0020520648929323	0.0006131553	0	1
1353.0670252522232	40059.668	24.542356	1.002171417249627	0.000612645	0	1
1353.0684140869257	40067.633	24.54228	1.0011297410877342	0.00061252137	0	1
1353.069802921629	40075.246	24.552044	1.0000923618340007	0.0006126486	0	1
1353.0711917563322	40058.906	24.550571	0.9984711948345182	0.00061286177	0	1
1353.0725805915008	40040.566	24.547987	0.9968150681289827	0.0006130779	0	1
1353.0739694262043	40067.03	24.556814	0.996288106335322	0.00061289326	0	1
1353.0753582609073	40078.113	24.560043	0.9953916615166248	0.0006128044	0	1
1353.0767470956102	40093.758	24.560585	0.9946220201793426	0.00061257876	0	1
1353.0781359303137	40033.95	24.555204	0.9919962374970194	0.00061335956	0	1
1353.0795247654817	40079.656	24.575274	0.9919999387129909	0.0006131608	0	1
1353.080913600184	40007.094	24.557867	0.9890917640336797	0.0006138378	0	1
1353.0823024348874	40035.805	24.569162	0.9887033374160589	0.00061367976	0	1
1353.0836912695904	40064.535	24.578808	0.9883287025630907	0.0006134804	0	1
1353.0850801042936	39994.453	24.566216	0.98553261440931	0.0006142406	0	1
1353.086468938996	40099.707	24.600254	0.9870712984439507	0.00061347714	0	1
1353.0878577736985	39986.78	24.570797	0.9832547970060878	0.000614473	0	1
1353.089246608402	40046.23	24.599613	0.983693626254669	0.00061428035	0	1
1353.090635443105	40045.926	24.607508	0.982678588641063	0.00061448215	0	1
1353.0920242778075	40008.01	24.599222	0.9807571491667149	0.0006148574	0	1
1353.0934131120443	40006.094	24.60058	0.97973473130133	0.0006149208	0	1
1353.0948019467473	40059.484	24.621315	0.9800812910030448	0.0006146189	0	1
1353.0961907814503	39999.824	24.619026	0.9776779587641957	0.0006154784	0	1
1353.0975796161538	40016.582	24.62941	0.9771593701420432	0.0006154801	0	1
1353.0989684508563	39922.74	24.615347	0.973964974594486	0.0006165746	0	1
1353.1003572855593	39997.152	24.637989	0.9748775513829601	0.0006159936	0	1
1353.1017461197976	39987.844	24.635725	0.9737714137725555	0.00061608036	0	1
1353.1031349545005	40006.137	24.654774	0.973353491254962	0.0006162748	0	1
1353.104523789203	39953.113	24.643875	0.9712175121432955	0.0006168199	0	1
1353.10591262344	40008.01	24.668484	0.9717213917388251	0.0006165886	0	1
1353.107301458143	39967.06	24.66154	0.9699134167574178	0.0006170466	0	1
1353.1086902928464	39947.965	24.659302	0.9686537058702234	0.00061728555	0	1
1353.1100791270837	39901.676	24.65216	0.9667524876461054	0.0006178227	0	1
1353.1114679617863	39994.8	24.679815	0.9682448593170421	0.0006170756	0	1
1353.1128567960232	39871.332	24.661188	0.9645109823040388	0.0006185193	0	1
1353.1142456307261	39901.348	24.664446	0.9645085567420796	0.0006181357	0	1
1353.1156344649637	39901.918	24.679646	0.9638107065432214	0.00061850774	0	1
1353.117023299666	39878.523	24.678173	0.9625513544979363	0.0006188337	0	1
1353.118412133903	39883.113	24.688412	0.9619848060629662	0.00061901915	0	1
1353.1198009686063	39845.832	24.68852	0.9604259371964424	0.00061960105	0	1
1353.1211898028437	39926.598	24.705914	0.9617288507149705	0.00061878335	0	1
1353.1225786375462	39851.867	24.702084	0.9593033452402655	0.00061984756	0	1
1353.123967471783	39805.42	24.694357	0.9575778286243258	0.0006203767	0	1
1353.1253563060204	39909.582	24.719719	0.959491780060208	0.0006193931	0	1
1353.1267451407234	39770.65	24.688	0.9555791798888433	0.00062075927	0	1
1353.1281339749617	39767.164	24.700254	0.9549404557441847	0.00062112184	0	1
1353.1295228091994	39763.418	24.704115	0.9543129493186319	0.00062127743	0	1
1353.130911643436	39778.223	24.71254	0.9541479632676301	0.000621258	0	1
1353.1323004781393	39855.383	24.734734	0.9555035439483706	0.0006206121	0	1
1353.1336893123766	39748.04	24.71705	0.9524366655956966	0.00062184327	0	1
1353.1350781466135	39687.77	24.705236	0.9505344729778771	0.0006224899	0	1
1353.1364669808504	39821.074	24.747547	0.9532680429304673	0.0006214686	0	1
1353.1378558150877	39838.98	24.756207	0.9532723527332738	0.00062140665	0	1
1353.1392446493255	39624.094	24.70412	0.9477088353802724	0.0006234621	0	1
1353.1406334840285	39678.645	24.7165	0.9486176360892973	0.0006229169	0	1
1353.1420223182654	39725.258	24.732965	0.9493534176652627	0.0006226005	0	1
1353.1434111525023	39669.695	24.73003	0.9476652549056233	0.0006233985	0	1
1353.1447999867396	39677.547	24.735607	0.9475102187604442	0.00062341575	0	1
1353.1461888209772	39670.168	24.734299	0.9470093001106531	0.0006234987	0	1
1353.1475776552138	39620.625	24.72537	0.9455201403717314	0.000624053	0	1
1353.148966488985	39612.95	24.73151	0.9450484179766871	0.0006243289	0	1
1353.1503553232228	39657.81	24.743162	0.9458476681273661	0.0006239165	0	1
1353.1517441574601	39591.242	24.735104	0.9440074416651186	0.000624762	0	1
1353.1531329916975	39611.926	24.741941	0.9442658224374411	0.0006246084	0	1
1353.1545218259353	39523.86	24.718216	0.9419501514865867	0.0006253999	0	1
1353.1559106601726	39571.266	24.723623	0.9428813135037021	0.0006247873	0	1
1353.1572994939445	39569.176	24.72731	0.942650869485502	0.00062491343	0	1
1353.158688328182	39502.72	24.72368	0.9409053030537345	0.00062587287	0	1
1353.160077162419	39482.832	24.720184	0.9402873223826607	0.0006260996	0	1
1353.1614659966556	39528.13	24.732283	0.9412396242187301	0.0006256882	0	1
1353.1628548304275	39452.836	24.716394	0.9393385529527972	0.00062647957	0	1
1353.1642436646648	39463.938	24.721521	0.9395126613866173	0.00062643323	0	1
1353.1656324989026	39418.367	24.713867	0.9383556846708525	0.0006269632	0	1
1353.1670213326736	39465.742	24.723896	0.939429320903853	0.0006264647	0	1
1353.1684101669102	39405.12	24.710337	0.9379503053223497	0.0006270844	0	1
1353.1697990006824	39364.785	24.699722	0.9369722487973661	0.00062745734	0	1
1353.1711878349197	39389.613	24.712431	0.9375632978515019	0.00062738446	0	1
1353.172576668691	39363.523	24.703037	0.9369604219686973	0.00062756165	0	1
1353.1739655029278	39418.02	24.721653	0.9382937976811099	0.0006271663	0	1
1353.1753543366995	39306.727	24.69881	0.9356987568986257	0.0006283609	0	1
1353.176743170937	39312.215	24.692823	0.9359015857447301	0.0006281209	0	1
1353.178132004709	39240.72	24.683174	0.9342895360386567	0.0006290194	0	1
1353.1795208384801	39346.523	24.704126	0.936926014533298	0.0006278605	0	1
1353.1809096727175	39241.91	24.684107	0.934552017989533	0.0006290241	0	1
